Type,Date,Part of a policing operation,Policing operation,Latitude,Longitude,Gender,Age range,Self-defined ethnicity,Officer-defined ethnicity,Legislation,Object of search,Outcome,Outcome linked to object of search,Removal of more than just outer clothing
Person search,2022-02-01T02:34:00+00:00,False,,50.863425,0.557150,Male,over 34,White - English/Welsh/Scottish/Northern Irish/British,White,Police and Criminal Evidence Act 1984 (section 1),Article for use in theft,A no further action disposal,,False
Person search,2022-02-01T12:30:00+00:00,False,,50.805073,-0.538218,Male,25-34,White - English/Welsh/Scottish/Northern Irish/British,White,Misuse of Drugs Act 1971 (section 23),Controlled drugs,A no further action disposal,,False
Person search,2022-02-01T13:00:00+00:00,False,,50.818614,-0.376167,Male,,White - English/Welsh/Scottish/Northern Irish/British,White,Misuse of Drugs Act 1971 (section 23),Controlled drugs,Caution (simple or conditional),True,False
Person search,2022-02-01T13:00:00+00:00,False,,50.817108,-0.608268,Male,10-17,White - English/Welsh/Scottish/Northern Irish/British,White,Misuse of Drugs Act 1971 (section 23),Controlled drugs,Caution (simple or conditional),True,False
Person search,2022-02-01T14:45:00+00:00,False,,50.818614,-0.376167,Male,25-34,White - English/Welsh/Scottish/Northern Irish/British,White,Police and Criminal Evidence Act 1984 (section 1),Offensive weapons,A no further action disposal,,False
Person search,2022-02-01T15:30:00+00:00,True,,50.818614,-0.376167,Male,over 34,Other ethnic group - Any other ethnic group,White,Police and Criminal Evidence Act 1984 (section 1),Offensive weapons,A no further action disposal,,False
Person search,2022-02-01T15:50:00+00:00,True,,50.818614,-0.376167,Male,10-17,White - English/Welsh/Scottish/Northern Irish/British,White,Police and Criminal Evidence Act 1984 (section 1),Offensive weapons,A no further action disposal,False,False
Person search,2022-02-01T15:59:00+00:00,False,,50.818614,-0.376167,Male,25-34,White - English/Welsh/Scottish/Northern Irish/British,White,Police and Criminal Evidence Act 1984 (section 1),Offensive weapons,A no further action disposal,,False
Person search,2022-02-01T16:00:00+00:00,False,,50.824281,-0.134468,Male,25-34,White - Any other White background,White,Misuse of Drugs Act 1971 (section 23),Controlled drugs,Arrest,True,True
Person search,2022-02-01T16:03:00+00:00,False,,50.996766,-0.103845,Male,10-17,,White,Misuse of Drugs Act 1971 (section 23),Controlled drugs,A no further action disposal,,False
Person search,2022-02-01T16:55:00+00:00,False,,51.117368,-0.181084,Male,10-17,White - English/Welsh/Scottish/Northern Irish/British,White,Police and Criminal Evidence Act 1984 (section 1),Offensive weapons,Arrest,True,False
Person search,2022-02-01T17:00:00+00:00,False,,50.817860,-0.491525,Male,10-17,White - English/Welsh/Scottish/Northern Irish/British,White,Misuse of Drugs Act 1971 (section 23),Controlled drugs,A no further action disposal,,False
Person search,2022-02-01T17:03:00+00:00,False,,50.817860,-0.491525,Male,10-17,White - English/Welsh/Scottish/Northern Irish/British,White,Misuse of Drugs Act 1971 (section 23),Controlled drugs,A no further action disposal,,False
Person search,2022-02-01T18:00:00+00:00,False,,50.813097,-0.369417,Male,over 34,White - English/Welsh/Scottish/Northern Irish/British,White,Misuse of Drugs Act 1971 (section 23),Controlled drugs,Community resolution,False,False
Person search,2022-02-01T20:53:00+00:00,False,,50.831007,-0.132737,Male,10-17,White - English/Welsh/Scottish/Northern Irish/British,White,Misuse of Drugs Act 1971 (section 23),Controlled drugs,A no further action disposal,,False
Person search,2022-02-01T21:04:00+00:00,False,,50.832413,-0.133476,Female,10-17,White - Any other White background,White,Misuse of Drugs Act 1971 (section 23),Controlled drugs,A no further action disposal,,False
Person search,2022-02-01T21:10:00+00:00,False,,51.117368,-0.181084,Male,18-24,,Other,Misuse of Drugs Act 1971 (section 23),,Arrest,True,False
Person search,2022-02-02T00:10:00+00:00,False,,51.127246,-0.033522,Male,10-17,White - Any other White background,White,Police and Criminal Evidence Act 1984 (section 1),Article for use in theft,A no further action disposal,,False
Person search,2022-02-02T00:16:00+00:00,False,,51.127246,-0.033522,Male,10-17,Other ethnic group - Any other ethnic group,White,Police and Criminal Evidence Act 1984 (section 1),Article for use in theft,A no further action disposal,,False
Person search,2022-02-02T09:00:00+00:00,False,,50.830563,-0.373396,Male,25-34,White - English/Welsh/Scottish/Northern Irish/British,White,Misuse of Drugs Act 1971 (section 23),Controlled drugs,Arrest,,False
Person search,2022-02-02T11:25:00+00:00,False,,50.789205,-0.671791,Male,10-17,White - English/Welsh/Scottish/Northern Irish/British,White,Misuse of Drugs Act 1971 (section 23),Controlled drugs,A no further action disposal,,False
Person search,2022-02-02T11:25:00+00:00,False,,50.789205,-0.671791,Male,10-17,White - English/Welsh/Scottish/Northern Irish/British,White,Misuse of Drugs Act 1971 (section 23),Controlled drugs,Community resolution,True,False
Person search,2022-02-02T14:00:00+00:00,False,,50.840416,-0.150329,Female,over 34,White - English/Welsh/Scottish/Northern Irish/British,White,Police and Criminal Evidence Act 1984 (section 1),Article for use in theft,Summons / charged by post,,False
Person search,2022-02-02T14:53:00+00:00,False,,50.818614,-0.376167,Female,over 34,White - English/Welsh/Scottish/Northern Irish/British,White,Misuse of Drugs Act 1971 (section 23),,A no further action disposal,,False
Person search,2022-02-02T17:30:00+00:00,False,,50.818614,-0.376167,Male,10-17,White - English/Welsh/Scottish/Northern Irish/British,White,Police and Criminal Evidence Act 1984 (section 1),Offensive weapons,A no further action disposal,,False
Person search,2022-02-02T17:40:00+00:00,False,,50.814498,-0.491647,Male,25-34,White - English/Welsh/Scottish/Northern Irish/British,White,Misuse of Drugs Act 1971 (section 23),Controlled drugs,Arrest,,False
Person search,2022-02-02T18:00:00+00:00,False,,50.835364,-0.209311,Male,10-17,White - English/Welsh/Scottish/Northern Irish/British,White,Misuse of Drugs Act 1971 (section 23),Controlled drugs,Community resolution,True,False
Person search,2022-02-02T18:45:00+00:00,False,,50.835364,-0.209311,Male,over 34,White - English/Welsh/Scottish/Northern Irish/British,White,Police and Criminal Evidence Act 1984 (section 1),Offensive weapons,Summons / charged by post,False,False
Person search,2022-02-02T19:05:00+00:00,False,,51.072098,-0.326845,Male,10-17,White - English/Welsh/Scottish/Northern Irish/British,White,Misuse of Drugs Act 1971 (section 23),Controlled drugs,A no further action disposal,False,False
Person search,2022-02-02T19:34:00+00:00,False,,50.955718,-0.112037,Male,,White - English/Welsh/Scottish/Northern Irish/British,White,Police and Criminal Evidence Act 1984 (section 1),Article for use in theft,A no further action disposal,,False
Person search,2022-02-02T20:15:00+00:00,False,,50.830482,-0.778694,Female,over 34,White - English/Welsh/Scottish/Northern Irish/British,White,Misuse of Drugs Act 1971 (section 23),Controlled drugs,A no further action disposal,,False
Person search,2022-02-02T20:15:00+00:00,False,,50.830855,-0.780005,Female,25-34,White - English/Welsh/Scottish/Northern Irish/British,White,Misuse of Drugs Act 1971 (section 23),Controlled drugs,A no further action disposal,,False
Person search,2022-02-03T00:50:00+00:00,False,,50.865253,0.258083,Male,18-24,White - English/Welsh/Scottish/Northern Irish/British,White,Misuse of Drugs Act 1971 (section 23),,A no further action disposal,,False
Person search,2022-02-03T03:15:00+00:00,False,,50.820517,-0.128570,Male,10-17,White - English/Welsh/Scottish/Northern Irish/British,White,Police and Criminal Evidence Act 1984 (section 1),Article for use in theft,A no further action disposal,,False
Person search,2022-02-03T11:45:00+00:00,False,,50.824281,-0.134468,Male,25-34,White - Any other White background,White,Misuse of Drugs Act 1971 (section 23),Controlled drugs,A no further action disposal,,False
Person search,2022-02-03T12:01:00+00:00,False,,50.825054,-0.135573,Female,over 34,Mixed/Multiple ethnic groups - Any other Mixed/Multiple ethnic background,White,Misuse of Drugs Act 1971 (section 23),Controlled drugs,A no further action disposal,,False
Person search,2022-02-03T13:15:00+00:00,False,,50.956177,-0.134417,Male,25-34,White - English/Welsh/Scottish/Northern Irish/British,White,Misuse of Drugs Act 1971 (section 23),Controlled drugs,Community resolution,True,False
Person search,2022-02-03T13:30:00+00:00,False,,50.964185,-0.116223,Male,10-17,White - English/Welsh/Scottish/Northern Irish/British,White,Police and Criminal Evidence Act 1984 (section 1),Offensive weapons,A no further action disposal,,False
Person search,2022-02-03T14:00:00+00:00,False,,50.821095,-0.128731,Male,10-17,White - English/Welsh/Scottish/Northern Irish/British,White,Misuse of Drugs Act 1971 (section 23),Controlled drugs,Arrest,False,False
Person search,2022-02-03T14:00:00+00:00,False,,50.789205,-0.671791,Male,over 34,White - English/Welsh/Scottish/Northern Irish/British,White,Misuse of Drugs Act 1971 (section 23),,A no further action disposal,,False
Person search,2022-02-03T14:05:00+00:00,False,,50.817988,-0.376430,Male,,White - English/Welsh/Scottish/Northern Irish/British,White,Police and Criminal Evidence Act 1984 (section 1),Articles for use in criminal damage,Community resolution,False,False
Person search,2022-02-03T14:05:00+00:00,False,,50.817988,-0.376430,Male,,White - English/Welsh/Scottish/Northern Irish/British,White,Police and Criminal Evidence Act 1984 (section 1),Articles for use in criminal damage,Community resolution,False,False
Person search,2022-02-03T14:30:00+00:00,False,,50.789205,-0.671791,Male,10-17,White - English/Welsh/Scottish/Northern Irish/British,White,Misuse of Drugs Act 1971 (section 23),,A no further action disposal,,False
Person search,2022-02-03T14:35:00+00:00,False,,50.789205,-0.671791,Female,over 34,White - English/Welsh/Scottish/Northern Irish/British,White,Misuse of Drugs Act 1971 (section 23),,A no further action disposal,,False
Person search,2022-02-03T14:40:00+00:00,False,,50.789205,-0.671791,Male,over 34,Black/African/Caribbean/Black British - Caribbean,Black,Misuse of Drugs Act 1971 (section 23),,Arrest,False,False
Person search,2022-02-03T15:00:00+00:00,False,,50.818324,-0.375354,Male,,White - English/Welsh/Scottish/Northern Irish/British,White,Police and Criminal Evidence Act 1984 (section 1),Offensive weapons,A no further action disposal,,False
Person search,2022-02-03T15:02:00+00:00,False,,50.952912,-0.129379,Male,18-24,White - Any other White background,White,Police and Criminal Evidence Act 1984 (section 1),Article for use in theft,A no further action disposal,True,False
Person search,2022-02-03T17:00:00+00:00,False,,50.769999,0.280667,Male,10-17,,Asian,Firearms Act 1968 (section 47),Firearms,A no further action disposal,,False
Person search,2022-02-03T17:00:00+00:00,False,,50.829228,-0.413599,Male,10-17,,Asian,Firearms Act 1968 (section 47),Firearms,A no further action disposal,,False
Person search,2022-02-03T17:35:00+00:00,False,,50.884132,0.010675,Female,10-17,White - English/Welsh/Scottish/Northern Irish/British,White,Firearms Act 1968 (section 47),Firearms,A no further action disposal,,False
Person search,2022-02-03T17:35:00+00:00,False,,50.769041,0.281372,Male,10-17,White - English/Welsh/Scottish/Northern Irish/British,White,Firearms Act 1968 (section 47),Firearms,Arrest,,False
Person search,2022-02-03T19:00:00+00:00,False,,50.821625,-0.372812,Male,25-34,White - Any other White background,White,Misuse of Drugs Act 1971 (section 23),,A no further action disposal,,False
Person search,2022-02-03T19:00:00+00:00,False,,50.819016,-0.368913,Female,25-34,,White,Misuse of Drugs Act 1971 (section 23),,A no further action disposal,,False
Person search,2022-02-03T19:04:00+00:00,False,,50.817975,-0.365855,Male,25-34,White - Any other White background,White,Misuse of Drugs Act 1971 (section 23),,A no further action disposal,,False
Person search,2022-02-03T20:02:00+00:00,False,,50.865869,0.589092,Male,25-34,White - English/Welsh/Scottish/Northern Irish/British,White,Police and Criminal Evidence Act 1984 (section 1),Offensive weapons,Arrest,False,True
Vehicle search,2022-02-03T20:02:00+00:00,False,,50.858683,0.564635,,,,,Police and Criminal Evidence Act 1984 (section 1),Offensive weapons,Arrest,False,
Person search,2022-02-03T21:00:00+00:00,False,,51.161159,-0.169780,Male,25-34,White - English/Welsh/Scottish/Northern Irish/British,White,Firearms Act 1968 (section 47),Firearms,Summons / charged by post,False,False
Person search,2022-02-03T21:00:00+00:00,False,,51.161159,-0.169780,Male,10-17,White - English/Welsh/Scottish/Northern Irish/British,White,Firearms Act 1968 (section 47),Firearms,Summons / charged by post,False,False
Person search,2022-02-03T21:13:00+00:00,False,,51.161159,-0.169780,Male,10-17,White - Gypsy or Irish Traveller,White,Firearms Act 1968 (section 47),Firearms,Summons / charged by post,False,False
Person search,2022-02-03T21:13:00+00:00,False,,51.161159,-0.169780,Male,25-34,White - Gypsy or Irish Traveller,White,Firearms Act 1968 (section 47),Firearms,Summons / charged by post,,False
Person search,2022-02-03T21:13:00+00:00,False,,51.161159,-0.169780,Male,25-34,White - Gypsy or Irish Traveller,White,Firearms Act 1968 (section 47),Firearms,Summons / charged by post,False,False
Person search,2022-02-03T21:13:00+00:00,False,,51.161159,-0.169780,Male,over 34,White - English/Welsh/Scottish/Northern Irish/British,White,Firearms Act 1968 (section 47),Firearms,Summons / charged by post,,False
Person search,2022-02-03T21:22:00+00:00,False,,50.838020,-0.773726,Male,18-24,White - English/Welsh/Scottish/Northern Irish/British,White,Misuse of Drugs Act 1971 (section 23),Controlled drugs,Community resolution,True,False
Person search,2022-02-04T04:30:00+00:00,False,,50.766998,0.278238,Male,25-34,,White,Police and Criminal Evidence Act 1984 (section 1),Stolen goods,A no further action disposal,True,False
Person search,2022-02-04T05:15:00+00:00,False,,50.828505,-0.138219,Female,18-24,White - English/Welsh/Scottish/Northern Irish/British,White,Police and Criminal Evidence Act 1984 (section 1),Stolen goods,A no further action disposal,,False
Person search,2022-02-04T11:00:00+00:00,False,,50.965612,-0.149178,Male,,White - Any other White background,White,Misuse of Drugs Act 1971 (section 23),Controlled drugs,A no further action disposal,,False
Person search,2022-02-04T12:15:00+00:00,False,,50.835760,-0.139762,Male,over 34,Black/African/Caribbean/Black British - Any other Black/African/Caribbean background,Black,Misuse of Drugs Act 1971 (section 23),,A no further action disposal,,True
Person search,2022-02-04T13:20:00+00:00,False,,50.847140,-0.757705,Male,over 34,Mixed/Multiple ethnic groups - White and Black Caribbean,White,Misuse of Drugs Act 1971 (section 23),Controlled drugs,Arrest,,False
Person search,2022-02-04T14:45:00+00:00,False,,50.831005,-0.104165,Male,25-34,White - English/Welsh/Scottish/Northern Irish/British,White,Police and Criminal Evidence Act 1984 (section 1),Offensive weapons,A no further action disposal,,False
Person search,2022-02-04T15:17:00+00:00,False,,51.015833,-0.451750,Male,10-17,White - English/Welsh/Scottish/Northern Irish/British,White,Misuse of Drugs Act 1971 (section 23),Controlled drugs,Community resolution,True,False
Person search,2022-02-04T17:00:00+00:00,False,,50.829228,-0.413599,Male,over 34,White - English/Welsh/Scottish/Northern Irish/British,White,Misuse of Drugs Act 1971 (section 23),,Arrest,,False
Person search,2022-02-04T20:30:00+00:00,False,,50.786573,-0.671255,Male,18-24,White - English/Welsh/Scottish/Northern Irish/British,White,Misuse of Drugs Act 1971 (section 23),Controlled drugs,Community resolution,True,False
Person search,2022-02-04T20:43:00+00:00,False,,50.784091,-0.672006,Male,18-24,White - English/Welsh/Scottish/Northern Irish/British,White,Misuse of Drugs Act 1971 (section 23),Controlled drugs,A no further action disposal,,False
Person search,2022-02-04T20:45:00+00:00,False,,50.786573,-0.671255,Male,18-24,White - English/Welsh/Scottish/Northern Irish/British,White,Misuse of Drugs Act 1971 (section 23),Controlled drugs,A no further action disposal,,False
Person search,2022-02-04T20:50:00+00:00,False,,50.831467,-0.150882,Male,25-34,,Black,Misuse of Drugs Act 1971 (section 23),Controlled drugs,Arrest,True,False
Person search,2022-02-04T20:52:00+00:00,False,,50.784091,-0.672006,Male,10-17,Mixed/Multiple ethnic groups - White and Black Caribbean,Black,Misuse of Drugs Act 1971 (section 23),Controlled drugs,Arrest,False,False
Person search,2022-02-04T21:50:00+00:00,False,,50.823491,-0.135167,Female,,,Black,Police and Criminal Evidence Act 1984 (section 1),Offensive weapons,A no further action disposal,,False
Person search,2022-02-04T22:18:00+00:00,False,,50.823086,-0.137909,Male,over 34,Other ethnic group - Any other ethnic group,Black,Police and Criminal Evidence Act 1984 (section 1),Offensive weapons,,True,False
Person search,2022-02-04T23:04:00+00:00,False,,50.818614,-0.376167,Male,10-17,White - English/Welsh/Scottish/Northern Irish/British,White,Police and Criminal Evidence Act 1984 (section 1),Offensive weapons,A no further action disposal,,False
Person search,2022-02-05T00:09:00+00:00,False,,50.829228,-0.413599,Male,10-17,White - English/Welsh/Scottish/Northern Irish/British,White,Misuse of Drugs Act 1971 (section 23),Controlled drugs,A no further action disposal,,False
Person search,2022-02-05T00:26:00+00:00,False,,51.114695,-0.187290,Male,10-17,Black/African/Caribbean/Black British - Any other Black/African/Caribbean background,Black,Police and Criminal Evidence Act 1984 (section 1),Stolen goods,A no further action disposal,False,False
Person search,2022-02-05T01:16:00+00:00,False,,51.217660,-0.162257,Male,10-17,Mixed/Multiple ethnic groups - White and Black Caribbean,Black,Police and Criminal Evidence Act 1984 (section 1),Stolen goods,Arrest,,False
Person search,2022-02-05T01:44:00+00:00,False,,50.788458,0.297925,Male,25-34,White - English/Welsh/Scottish/Northern Irish/British,White,Police and Criminal Evidence Act 1984 (section 1),Offensive weapons,A no further action disposal,,False
Person search,2022-02-05T03:41:00+00:00,False,,50.846167,-0.116350,Male,18-24,,White,Misuse of Drugs Act 1971 (section 23),Controlled drugs,A no further action disposal,,False
Person search,2022-02-05T03:45:00+00:00,False,,50.846167,-0.116350,Male,18-24,,Black,Misuse of Drugs Act 1971 (section 23),Controlled drugs,A no further action disposal,,False
Person search,2022-02-05T05:20:00+00:00,False,,50.875152,0.011468,Male,18-24,Mixed/Multiple ethnic groups - White and Black African,Black,Misuse of Drugs Act 1971 (section 23),Controlled drugs,Summons / charged by post,True,False
Person search,2022-02-05T05:20:00+00:00,False,,50.884523,-0.004791,Male,18-24,Black/African/Caribbean/Black British - Any other Black/African/Caribbean background,Black,Misuse of Drugs Act 1971 (section 23),Controlled drugs,A no further action disposal,True,False
Person search,2022-02-05T11:40:00+00:00,False,,50.956177,-0.134417,Male,18-24,White - English/Welsh/Scottish/Northern Irish/British,White,Misuse of Drugs Act 1971 (section 23),,A no further action disposal,,False
Person search,2022-02-05T11:48:00+00:00,False,,51.038964,-0.452491,Male,18-24,White - English/Welsh/Scottish/Northern Irish/British,White,Misuse of Drugs Act 1971 (section 23),,A no further action disposal,,False
Person search,2022-02-05T12:20:00+00:00,False,,50.829120,-0.130597,Male,18-24,Black/African/Caribbean/Black British - African,Black,Misuse of Drugs Act 1971 (section 23),,A no further action disposal,,False
Person search,2022-02-05T15:00:00+00:00,False,,50.827413,-0.323665,Male,25-34,White - English/Welsh/Scottish/Northern Irish/British,White,Police and Criminal Evidence Act 1984 (section 1),Stolen goods,A no further action disposal,,False
Person search,2022-02-05T15:50:00+00:00,False,,50.818614,-0.376167,Male,10-17,White - English/Welsh/Scottish/Northern Irish/British,White,Misuse of Drugs Act 1971 (section 23),Controlled drugs,Community resolution,True,False
Person search,2022-02-05T15:50:00+00:00,False,,50.818614,-0.376167,Male,10-17,White - English/Welsh/Scottish/Northern Irish/British,White,Misuse of Drugs Act 1971 (section 23),Controlled drugs,Community resolution,True,False
Person search,2022-02-05T15:50:00+00:00,False,,50.821961,-0.355763,Male,10-17,White - English/Welsh/Scottish/Northern Irish/British,White,Misuse of Drugs Act 1971 (section 23),Controlled drugs,Community resolution,True,False
Person search,2022-02-05T16:20:00+00:00,False,,50.858683,0.564635,Male,10-17,White - English/Welsh/Scottish/Northern Irish/British,White,Police and Criminal Evidence Act 1984 (section 1),Offensive weapons,Arrest,,False
Person search,2022-02-05T16:28:00+00:00,False,,50.860934,0.583276,Male,10-17,White - English/Welsh/Scottish/Northern Irish/British,White,Police and Criminal Evidence Act 1984 (section 1),Offensive weapons,Arrest,,False
Person search,2022-02-05T16:34:00+00:00,False,,50.818614,-0.376167,Male,10-17,White - English/Welsh/Scottish/Northern Irish/British,White,Misuse of Drugs Act 1971 (section 23),Controlled drugs,Community resolution,True,False
Person search,2022-02-05T17:00:00+00:00,False,,50.818614,-0.376167,Male,18-24,,Other,Police and Criminal Evidence Act 1984 (section 1),Offensive weapons,A no further action disposal,,False
Person search,2022-02-05T17:15:00+00:00,False,,50.818614,-0.376167,Male,10-17,White - English/Welsh/Scottish/Northern Irish/British,White,Police and Criminal Evidence Act 1984 (section 1),Articles for use in criminal damage,A no further action disposal,,False
Person search,2022-02-05T17:15:00+00:00,False,,50.818614,-0.376167,Male,,White - English/Welsh/Scottish/Northern Irish/British,White,Police and Criminal Evidence Act 1984 (section 1),Articles for use in criminal damage,A no further action disposal,,False
Person search,2022-02-05T20:30:00+00:00,False,,50.882188,0.572239,Male,over 34,White - English/Welsh/Scottish/Northern Irish/British,White,Misuse of Drugs Act 1971 (section 23),Controlled drugs,A no further action disposal,,False
Person search,2022-02-05T22:30:00+00:00,False,,50.882262,0.012187,Male,18-24,Other ethnic group - Any other ethnic group,Other,Misuse of Drugs Act 1971 (section 23),Controlled drugs,Community resolution,True,False
Person search,2022-02-06T00:40:00+00:00,False,,50.992339,0.094224,Male,over 34,White - English/Welsh/Scottish/Northern Irish/British,White,Police and Criminal Evidence Act 1984 (section 1),Article for use in theft,Summons / charged by post,,False
Person search,2022-02-06T00:45:00+00:00,False,,50.992339,0.094224,Male,25-34,White - English/Welsh/Scottish/Northern Irish/British,White,Police and Criminal Evidence Act 1984 (section 1),Article for use in theft,Summons / charged by post,,False
Person search,2022-02-06T01:00:00+00:00,False,,50.823233,-0.151164,Male,over 34,White - Any other White background,White,Firearms Act 1968 (section 47),Firearms,A no further action disposal,,False
Person search,2022-02-06T14:50:00+00:00,False,,50.818324,-0.375354,Male,25-34,White - English/Welsh/Scottish/Northern Irish/British,White,Misuse of Drugs Act 1971 (section 23),Controlled drugs,A no further action disposal,True,False
Person search,2022-02-06T14:50:00+00:00,False,,50.818614,-0.376167,Male,10-17,White - English/Welsh/Scottish/Northern Irish/British,White,Misuse of Drugs Act 1971 (section 23),Controlled drugs,Community resolution,True,False
Person search,2022-02-06T14:50:00+00:00,False,,50.818614,-0.376167,Female,25-34,White - English/Welsh/Scottish/Northern Irish/British,White,Misuse of Drugs Act 1971 (section 23),Controlled drugs,Community resolution,True,False
Person search,2022-02-06T15:00:00+00:00,False,,50.818614,-0.376167,Male,10-17,White - English/Welsh/Scottish/Northern Irish/British,White,Misuse of Drugs Act 1971 (section 23),Controlled drugs,Summons / charged by post,True,False
Person search,2022-02-06T15:07:00+00:00,False,,50.818614,-0.376167,Male,10-17,White - English/Welsh/Scottish/Northern Irish/British,White,Misuse of Drugs Act 1971 (section 23),,Caution (simple or conditional),True,False
Person search,2022-02-06T15:07:00+00:00,False,,50.818614,-0.376167,Male,10-17,White - English/Welsh/Scottish/Northern Irish/British,White,Misuse of Drugs Act 1971 (section 23),,Caution (simple or conditional),True,False
Person search,2022-02-06T15:07:00+00:00,False,,50.818614,-0.376167,Male,10-17,White - English/Welsh/Scottish/Northern Irish/British,White,Misuse of Drugs Act 1971 (section 23),,Caution (simple or conditional),True,False
Person search,2022-02-06T15:29:00+00:00,False,,50.818614,-0.376167,Female,over 34,Mixed/Multiple ethnic groups - Any other Mixed/Multiple ethnic background,White,Misuse of Drugs Act 1971 (section 23),Controlled drugs,A no further action disposal,True,False
Person search,2022-02-06T15:30:00+00:00,False,,50.829228,-0.413599,Male,10-17,White - English/Welsh/Scottish/Northern Irish/British,White,Misuse of Drugs Act 1971 (section 23),Controlled drugs,Arrest,True,False
Person search,2022-02-06T16:48:00+00:00,False,,50.818614,-0.376167,Male,10-17,Black/African/Caribbean/Black British - Any other Black/African/Caribbean background,Black,Police and Criminal Evidence Act 1984 (section 1),Offensive weapons,A no further action disposal,,False
Person search,2022-02-06T17:00:00+00:00,False,,50.818614,-0.376167,Male,10-17,White - English/Welsh/Scottish/Northern Irish/British,White,Misuse of Drugs Act 1971 (section 23),Controlled drugs,A no further action disposal,True,False
Person search,2022-02-06T17:57:00+00:00,False,,51.124796,-0.204301,Female,25-34,White - English/Welsh/Scottish/Northern Irish/British,White,Police and Criminal Evidence Act 1984 (section 1),Offensive weapons,A no further action disposal,True,False
Person search,2022-02-06T21:30:00+00:00,False,,50.837261,-0.203415,Male,over 34,Mixed/Multiple ethnic groups - Any other Mixed/Multiple ethnic background,Black,Misuse of Drugs Act 1971 (section 23),Controlled drugs,A no further action disposal,,False
Person search,2022-02-07T09:30:00+00:00,False,,50.810354,-0.538365,Male,10-17,,White,Police and Criminal Evidence Act 1984 (section 1),Offensive weapons,A no further action disposal,False,False
Person search,2022-02-07T09:30:00+00:00,False,,50.812415,-0.537108,Male,10-17,White - English/Welsh/Scottish/Northern Irish/British,White,Police and Criminal Evidence Act 1984 (section 1),Offensive weapons,A no further action disposal,,False
Person search,2022-02-07T09:30:00+00:00,False,,50.809816,-0.540653,Male,10-17,White - English/Welsh/Scottish/Northern Irish/British,White,Police and Criminal Evidence Act 1984 (section 1),Offensive weapons,Arrest,,False
Person search,2022-02-07T09:30:00+00:00,False,,50.812415,-0.537108,Male,10-17,White - English/Welsh/Scottish/Northern Irish/British,White,Police and Criminal Evidence Act 1984 (section 1),Offensive weapons,A no further action disposal,,False
Person search,2022-02-07T12:29:00+00:00,False,,51.117021,-0.185356,Male,over 34,White - English/Welsh/Scottish/Northern Irish/British,White,Misuse of Drugs Act 1971 (section 23),,A no further action disposal,,False
Person search,2022-02-07T12:30:00+00:00,False,,51.117368,-0.181084,Male,18-24,White - English/Welsh/Scottish/Northern Irish/British,White,Misuse of Drugs Act 1971 (section 23),,A no further action disposal,,True
Person search,2022-02-07T14:45:00+00:00,False,,50.823491,-0.135167,Male,10-17,,Black,Police and Criminal Evidence Act 1984 (section 1),Offensive weapons,Arrest,True,False
Person search,2022-02-07T16:20:00+00:00,False,,51.161159,-0.169780,Male,25-34,Other ethnic group - Arab,Other,Police and Criminal Evidence Act 1984 (section 1),Article for use in theft,Arrest,True,False
Person search,2022-02-07T16:45:00+00:00,False,,50.778960,0.288310,Male,over 34,Other ethnic group - Any other ethnic group,White,Police and Criminal Evidence Act 1984 (section 1),Article for use in theft,A no further action disposal,,False
Person search,2022-02-07T17:00:00+00:00,False,,50.788458,0.297925,Male,over 34,White - English/Welsh/Scottish/Northern Irish/British,White,Misuse of Drugs Act 1971 (section 23),,Arrest,True,False
Person search,2022-02-07T17:01:00+00:00,False,,50.778960,0.288310,Female,25-34,White - English/Welsh/Scottish/Northern Irish/British,White,Police and Criminal Evidence Act 1984 (section 1),Article for use in theft,A no further action disposal,,False
Person search,2022-02-07T19:30:00+00:00,False,,51.018955,-0.196644,Male,over 34,White - Any other White background,White,Misuse of Drugs Act 1971 (section 23),,A no further action disposal,,False
Person search,2022-02-07T19:30:00+00:00,False,,51.104523,-0.168204,Male,25-34,White - English/Welsh/Scottish/Northern Irish/British,White,Police and Criminal Evidence Act 1984 (section 1),Article for use in theft,A no further action disposal,,False
Person search,2022-02-07T21:20:00+00:00,False,,50.825054,-0.135573,Male,18-24,Other ethnic group - Arab,White,Misuse of Drugs Act 1971 (section 23),Controlled drugs,A no further action disposal,,False
Person search,2022-02-07T21:30:00+00:00,False,,50.828490,-0.141230,Male,over 34,Black/African/Caribbean/Black British - African,Asian,Misuse of Drugs Act 1971 (section 23),,A no further action disposal,,False
Vehicle search,2022-02-08T00:30:00+00:00,False,,50.966906,0.096184,,,,,Police and Criminal Evidence Act 1984 (section 1),Stolen goods,Arrest,True,
Person search,2022-02-08T00:43:00+00:00,False,,50.815123,-0.348522,Male,25-34,White - English/Welsh/Scottish/Northern Irish/British,White,Police and Criminal Evidence Act 1984 (section 1),Article for use in theft,A no further action disposal,,False
Person search,2022-02-08T00:56:00+00:00,False,,50.874848,-0.299719,Female,18-24,White - English/Welsh/Scottish/Northern Irish/British,White,Misuse of Drugs Act 1971 (section 23),,A no further action disposal,,False
Person search,2022-02-08T02:15:00+00:00,False,,50.768789,0.288253,Male,18-24,White - English/Welsh/Scottish/Northern Irish/British,White,Police and Criminal Evidence Act 1984 (section 1),Offensive weapons,A no further action disposal,,False
Person search,2022-02-08T03:15:00+00:00,False,,50.820581,-0.139315,Male,18-24,Asian/Asian British - Any other Asian background,White,Police and Criminal Evidence Act 1984 (section 1),Stolen goods,A no further action disposal,,False
Person search,2022-02-08T03:30:00+00:00,False,,50.861383,0.258650,Male,18-24,White - Any other White background,White,Police and Criminal Evidence Act 1984 (section 1),Article for use in theft,A no further action disposal,,False
Person search,2022-02-08T04:11:00+00:00,False,,50.822274,-0.136649,Male,18-24,White - English/Welsh/Scottish/Northern Irish/British,White,Police and Criminal Evidence Act 1984 (section 1),Offensive weapons,Arrest,,False
Person search,2022-02-08T12:00:00+00:00,False,,50.824034,-0.154029,Male,over 34,,White,Misuse of Drugs Act 1971 (section 23),Controlled drugs,A no further action disposal,True,True
Person search,2022-02-08T12:05:00+00:00,False,,51.115625,-0.198012,Male,over 34,White - English/Welsh/Scottish/Northern Irish/British,White,Misuse of Drugs Act 1971 (section 23),Controlled drugs,Summons / charged by post,True,False
Person search,2022-02-08T12:10:00+00:00,False,,51.116598,-0.197575,Male,over 34,Mixed/Multiple ethnic groups - Any other Mixed/Multiple ethnic background,Asian,Misuse of Drugs Act 1971 (section 23),Controlled drugs,Caution (simple or conditional),True,False
Person search,2022-02-08T14:44:00+00:00,False,,50.993852,-0.198145,Female,,White - Any other White background,White,Misuse of Drugs Act 1971 (section 23),Controlled drugs,A no further action disposal,,False
Person search,2022-02-08T17:00:00+00:00,False,,50.829228,-0.413599,Male,18-24,White - English/Welsh/Scottish/Northern Irish/British,White,Police and Criminal Evidence Act 1984 (section 1),Article for use in theft,A no further action disposal,,False
Person search,2022-02-08T18:41:00+00:00,False,,50.849983,-0.965301,Male,over 34,White - English/Welsh/Scottish/Northern Irish/British,White,Misuse of Drugs Act 1971 (section 23),Controlled drugs,A no further action disposal,False,False
Person search,2022-02-08T19:45:00+00:00,False,,50.800585,-0.680053,Male,25-34,White - English/Welsh/Scottish/Northern Irish/British,White,Police and Criminal Evidence Act 1984 (section 1),Article for use in theft,A no further action disposal,,False
Person search,2022-02-08T23:30:00+00:00,False,,50.867455,-0.123081,Male,18-24,Mixed/Multiple ethnic groups - Any other Mixed/Multiple ethnic background,White,Misuse of Drugs Act 1971 (section 23),Controlled drugs,A no further action disposal,,False
Person search,2022-02-08T23:30:00+00:00,False,,50.867455,-0.123081,Male,18-24,,White,Misuse of Drugs Act 1971 (section 23),Controlled drugs,A no further action disposal,,False
Person search,2022-02-08T23:57:00+00:00,False,,50.842880,-0.155445,Male,18-24,Black/African/Caribbean/Black British - Any other Black/African/Caribbean background,Black,Misuse of Drugs Act 1971 (section 23),Controlled drugs,A no further action disposal,,False
Person search,2022-02-09T04:24:00+00:00,False,,51.158444,-0.164110,Male,18-24,White - Any other White background,White,Police and Criminal Evidence Act 1984 (section 1),Article for use in theft,A no further action disposal,,False
Person search,2022-02-09T04:28:00+00:00,False,,51.161119,-0.177591,Male,25-34,White - Any other White background,White,Police and Criminal Evidence Act 1984 (section 1),Stolen goods,A no further action disposal,,False
Person search,2022-02-09T04:33:00+00:00,False,,51.158444,-0.164110,Male,25-34,White - Any other White background,White,Police and Criminal Evidence Act 1984 (section 1),Stolen goods,A no further action disposal,,False
Person search,2022-02-09T04:40:00+00:00,False,,51.058112,-0.345614,Female,over 34,White - English/Welsh/Scottish/Northern Irish/British,White,Police and Criminal Evidence Act 1984 (section 1),Offensive weapons,Arrest,,False
Person search,2022-02-09T11:05:00+00:00,False,,51.156721,-0.159760,Female,over 34,White - English/Welsh/Scottish/Northern Irish/British,White,Police and Criminal Evidence Act 1984 (section 1),Offensive weapons,A no further action disposal,,False
Person search,2022-02-09T11:20:00+00:00,False,,50.782404,-0.674735,Male,over 34,White - English/Welsh/Scottish/Northern Irish/British,White,Misuse of Drugs Act 1971 (section 23),Controlled drugs,A no further action disposal,,False
Person search,2022-02-09T11:25:00+00:00,False,,50.782404,-0.674735,Male,25-34,White - English/Welsh/Scottish/Northern Irish/British,White,Misuse of Drugs Act 1971 (section 23),Controlled drugs,A no further action disposal,,False
Person search,2022-02-09T12:55:00+00:00,False,,50.829228,-0.413599,Male,25-34,,Black,Misuse of Drugs Act 1971 (section 23),,Summons / charged by post,,False
Person search,2022-02-09T13:00:00+00:00,False,,51.112560,-0.195217,Male,25-34,White - English/Welsh/Scottish/Northern Irish/British,White,Misuse of Drugs Act 1971 (section 23),Controlled drugs,A no further action disposal,False,False
Person search,2022-02-09T19:10:00+00:00,False,,50.830855,-0.780005,Female,over 34,,White,Police and Criminal Evidence Act 1984 (section 1),Stolen goods,Arrest,True,False
Person search,2022-02-09T20:21:00+00:00,False,,50.845558,0.503055,Female,over 34,White - Any other White background,White,Police and Criminal Evidence Act 1984 (section 1),Stolen goods,A no further action disposal,,False
Person search,2022-02-09T21:49:00+00:00,False,,50.940769,0.061970,Female,25-34,White - English/Welsh/Scottish/Northern Irish/British,White,Misuse of Drugs Act 1971 (section 23),Controlled drugs,Community resolution,True,False
Person search,2022-02-09T21:50:00+00:00,False,,50.940769,0.061970,Female,25-34,White - English/Welsh/Scottish/Northern Irish/British,White,Misuse of Drugs Act 1971 (section 23),Controlled drugs,A no further action disposal,,False
Person search,2022-02-10T02:05:00+00:00,False,,51.161159,-0.169780,Female,18-24,White - English/Welsh/Scottish/Northern Irish/British,White,Police and Criminal Evidence Act 1984 (section 1),Offensive weapons,A no further action disposal,,False
Person search,2022-02-10T04:00:00+00:00,False,,51.069339,-0.322548,Female,18-24,White - English/Welsh/Scottish/Northern Irish/British,White,Police and Criminal Evidence Act 1984 (section 1),Offensive weapons,A no further action disposal,,False
Person search,2022-02-10T09:03:00+00:00,False,,50.812378,-0.537720,Female,18-24,White - English/Welsh/Scottish/Northern Irish/British,White,Misuse of Drugs Act 1971 (section 23),Controlled drugs,A no further action disposal,,False
Person search,2022-02-10T09:05:00+00:00,False,,50.808959,-0.539757,Male,18-24,White - English/Welsh/Scottish/Northern Irish/British,White,Misuse of Drugs Act 1971 (section 23),Controlled drugs,Community resolution,True,False
Person search,2022-02-10T09:15:00+00:00,False,,50.812378,-0.537720,Female,25-34,White - English/Welsh/Scottish/Northern Irish/British,White,Misuse of Drugs Act 1971 (section 23),Controlled drugs,Arrest,,False
Person search,2022-02-10T09:29:00+00:00,False,,50.809215,-0.540799,Female,25-34,White - English/Welsh/Scottish/Northern Irish/British,White,Misuse of Drugs Act 1971 (section 23),Controlled drugs,A no further action disposal,,False
Person search,2022-02-10T10:35:00+00:00,False,,50.867455,-0.123081,Male,18-24,White - Any other White background,White,Misuse of Drugs Act 1971 (section 23),Controlled drugs,Arrest,True,False
Person search,2022-02-10T10:56:00+00:00,False,,50.861162,0.581882,Male,over 34,White - English/Welsh/Scottish/Northern Irish/British,White,Misuse of Drugs Act 1971 (section 23),Controlled drugs,Arrest,True,False
Person search,2022-02-10T11:34:00+00:00,False,,50.821510,-0.136694,Male,over 34,White - English/Welsh/Scottish/Northern Irish/British,White,Misuse of Drugs Act 1971 (section 23),,A no further action disposal,,True
Person search,2022-02-10T11:50:00+00:00,False,,50.833800,-0.366864,Male,10-17,White - English/Welsh/Scottish/Northern Irish/British,White,Criminal Justice Act 1988 (section 139B),Offensive weapons,Arrest,,False
Person search,2022-02-10T11:50:00+00:00,False,,50.828011,-0.417361,Male,10-17,White - English/Welsh/Scottish/Northern Irish/British,White,Criminal Justice Act 1988 (section 139B),Offensive weapons,Arrest,,False
Person search,2022-02-10T12:10:00+00:00,False,,50.822034,0.250772,Male,25-34,White - English/Welsh/Scottish/Northern Irish/British,White,Police and Criminal Evidence Act 1984 (section 1),Article for use in theft,Arrest,True,False
Person search,2022-02-10T12:10:00+00:00,False,,50.800831,-0.667601,Male,18-24,White - English/Welsh/Scottish/Northern Irish/British,White,Police and Criminal Evidence Act 1984 (section 1),Offensive weapons,Arrest,,False
Person search,2022-02-10T14:00:00+00:00,False,,50.829134,-0.138236,Male,over 34,White - English/Welsh/Scottish/Northern Irish/British,White,Misuse of Drugs Act 1971 (section 23),,Arrest,True,False
Person search,2022-02-10T14:30:00+00:00,False,,50.829730,-0.141720,Male,18-24,,Black,Police and Criminal Evidence Act 1984 (section 1),Offensive weapons,A no further action disposal,,False
Person search,2022-02-10T14:30:00+00:00,False,,50.823491,-0.135167,Male,10-17,White - English/Welsh/Scottish/Northern Irish/British,White,Misuse of Drugs Act 1971 (section 23),,A no further action disposal,,False
Person search,2022-02-10T14:40:00+00:00,False,,50.823491,-0.135167,Male,18-24,,White,Police and Criminal Evidence Act 1984 (section 1),Offensive weapons,A no further action disposal,,False
Person search,2022-02-10T15:30:00+00:00,False,,50.802187,0.267361,Male,10-17,White - English/Welsh/Scottish/Northern Irish/British,White,Police and Criminal Evidence Act 1984 (section 1),Offensive weapons,A no further action disposal,,False
Person search,2022-02-10T22:54:00+00:00,False,,50.816892,0.237563,Male,over 34,White - English/Welsh/Scottish/Northern Irish/British,White,Police and Criminal Evidence Act 1984 (section 1),Article for use in theft,A no further action disposal,,False
Person search,2022-02-11T00:20:00+00:00,False,,51.161159,-0.169780,Male,25-34,White - Any other White background,White,Police and Criminal Evidence Act 1984 (section 1),Offensive weapons,Arrest,,False
Person search,2022-02-11T00:50:00+00:00,False,,50.837469,-0.122907,Male,18-24,White - Any other White background,White,Misuse of Drugs Act 1971 (section 23),,Arrest,True,False
Person search,2022-02-11T01:28:00+00:00,False,,50.826703,-0.134073,Male,25-34,White - Any other White background,White,Misuse of Drugs Act 1971 (section 23),,Arrest,True,False
Person search,2022-02-11T02:18:00+00:00,False,,50.769929,0.292975,Female,25-34,White - English/Welsh/Scottish/Northern Irish/British,White,Misuse of Drugs Act 1971 (section 23),,Arrest,,False
Person search,2022-02-11T05:15:00+00:00,False,,50.819646,-0.130351,Male,18-24,White - English/Welsh/Scottish/Northern Irish/British,White,Police and Criminal Evidence Act 1984 (section 1),Offensive weapons,A no further action disposal,,False
Person search,2022-02-11T09:55:00+00:00,False,,50.812378,-0.537720,Male,18-24,White - Irish,White,Misuse of Drugs Act 1971 (section 23),Controlled drugs,Arrest,,False
Person search,2022-02-11T09:58:00+00:00,False,,50.812885,-0.547385,Female,,White - English/Welsh/Scottish/Northern Irish/British,White,Misuse of Drugs Act 1971 (section 23),Controlled drugs,A no further action disposal,,False
Person search,2022-02-11T09:58:00+00:00,False,,50.812885,-0.547385,Female,,White - English/Welsh/Scottish/Northern Irish/British,White,Misuse of Drugs Act 1971 (section 23),Controlled drugs,A no further action disposal,,False
Person search,2022-02-11T18:00:00+00:00,False,,50.860238,0.589078,Male,10-17,White - English/Welsh/Scottish/Northern Irish/British,White,Police and Criminal Evidence Act 1984 (section 1),Offensive weapons,A no further action disposal,True,False
Person search,2022-02-11T18:03:00+00:00,False,,51.060781,-0.332219,Male,10-17,White - English/Welsh/Scottish/Northern Irish/British,White,Police and Criminal Evidence Act 1984 (section 1),Offensive weapons,A no further action disposal,,False
Person search,2022-02-11T20:00:00+00:00,False,,50.840901,0.464907,Male,25-34,White - English/Welsh/Scottish/Northern Irish/British,White,Misuse of Drugs Act 1971 (section 23),Controlled drugs,A no further action disposal,True,False
Person search,2022-02-11T20:45:00+00:00,False,,50.936414,0.537339,Male,10-17,White - English/Welsh/Scottish/Northern Irish/British,White,Misuse of Drugs Act 1971 (section 23),Controlled drugs,Community resolution,True,False
Person search,2022-02-11T20:50:00+00:00,False,,50.858683,0.564635,Male,10-17,White - English/Welsh/Scottish/Northern Irish/British,White,Misuse of Drugs Act 1971 (section 23),Controlled drugs,Community resolution,True,False
Person search,2022-02-11T21:10:00+00:00,False,,50.820274,-0.138660,Male,over 34,White - English/Welsh/Scottish/Northern Irish/British,White,Police and Criminal Evidence Act 1984 (section 1),Offensive weapons,Arrest,,False
Person search,2022-02-11T21:12:00+00:00,False,,50.999160,-0.113410,Male,18-24,White - Any other White background,White,Misuse of Drugs Act 1971 (section 23),Controlled drugs,Community resolution,True,False
Person search,2022-02-11T22:35:00+00:00,False,,50.840905,-0.243685,Male,18-24,White - English/Welsh/Scottish/Northern Irish/British,White,Police and Criminal Evidence Act 1984 (section 1),Article for use in theft,A no further action disposal,False,False
Person search,2022-02-11T22:35:00+00:00,False,,50.824281,-0.134468,Male,25-34,Mixed/Multiple ethnic groups - White and Black Caribbean,White,Police and Criminal Evidence Act 1984 (section 1),Article for use in theft,A no further action disposal,,False
Person search,2022-02-12T04:56:00+00:00,False,,51.121062,-0.175138,Male,18-24,,White,Police and Criminal Evidence Act 1984 (section 1),Article for use in theft,Arrest,True,False
Person search,2022-02-12T05:07:00+00:00,False,,51.128412,-0.199130,Male,25-34,Other ethnic group - Any other ethnic group,White,Police and Criminal Evidence Act 1984 (section 1),Article for use in theft,Arrest,True,False
Person search,2022-02-12T09:20:00+00:00,False,,50.821434,0.246470,Male,over 34,White - English/Welsh/Scottish/Northern Irish/British,White,Misuse of Drugs Act 1971 (section 23),Controlled drugs,A no further action disposal,False,False
Person search,2022-02-12T14:45:00+00:00,False,,50.860716,0.475501,Male,25-34,White - English/Welsh/Scottish/Northern Irish/British,White,Police and Criminal Evidence Act 1984 (section 1),Offensive weapons,Arrest,True,False
Person search,2022-02-12T19:30:00+00:00,False,,50.829140,-0.412395,Male,25-34,,White,Misuse of Drugs Act 1971 (section 23),Controlled drugs,A no further action disposal,,False
Person search,2022-02-12T20:31:00+00:00,True,,50.830855,-0.780005,Male,25-34,White - English/Welsh/Scottish/Northern Irish/British,White,Misuse of Drugs Act 1971 (section 23),Controlled drugs,A no further action disposal,,False
Person search,2022-02-12T21:13:00+00:00,True,,50.833870,-0.779302,Female,25-34,White - English/Welsh/Scottish/Northern Irish/British,White,Misuse of Drugs Act 1971 (section 23),,A no further action disposal,,False
Person search,2022-02-12T21:35:00+00:00,True,,50.833870,-0.779302,Female,18-24,White - English/Welsh/Scottish/Northern Irish/British,White,Misuse of Drugs Act 1971 (section 23),Controlled drugs,A no further action disposal,,False
Person search,2022-02-12T22:10:00+00:00,False,,50.941840,0.438910,Male,25-34,White - English/Welsh/Scottish/Northern Irish/British,White,Misuse of Drugs Act 1971 (section 23),Controlled drugs,Community resolution,True,False
Person search,2022-02-12T23:00:00+00:00,True,,50.833870,-0.779302,Female,18-24,White - English/Welsh/Scottish/Northern Irish/British,White,Misuse of Drugs Act 1971 (section 23),Controlled drugs,A no further action disposal,,False
Person search,2022-02-12T23:28:00+00:00,False,,51.127048,-0.201041,Male,over 34,Asian/Asian British - Pakistani,Other,Misuse of Drugs Act 1971 (section 23),Controlled drugs,A no further action disposal,,False
Person search,2022-02-13T01:18:00+00:00,False,,51.062561,-0.326518,Male,25-34,White - English/Welsh/Scottish/Northern Irish/British,White,Misuse of Drugs Act 1971 (section 23),Controlled drugs,A no further action disposal,,False
Person search,2022-02-13T01:18:00+00:00,False,,51.062561,-0.326518,Male,25-34,White - English/Welsh/Scottish/Northern Irish/British,White,Misuse of Drugs Act 1971 (section 23),Controlled drugs,A no further action disposal,,False
Person search,2022-02-13T01:50:00+00:00,False,,50.820800,-0.144034,Female,18-24,White - English/Welsh/Scottish/Northern Irish/British,White,Misuse of Drugs Act 1971 (section 23),Controlled drugs,A no further action disposal,,False
Person search,2022-02-13T02:00:00+00:00,False,,50.819771,-0.140994,Male,18-24,White - English/Welsh/Scottish/Northern Irish/British,White,Misuse of Drugs Act 1971 (section 23),Controlled drugs,A no further action disposal,,False
Person search,2022-02-13T02:00:00+00:00,False,,50.820127,-0.135088,Male,18-24,White - English/Welsh/Scottish/Northern Irish/British,White,Misuse of Drugs Act 1971 (section 23),Controlled drugs,A no further action disposal,,False
Person search,2022-02-13T02:09:00+00:00,False,,50.819771,-0.140994,Male,18-24,,White,Misuse of Drugs Act 1971 (section 23),Controlled drugs,A no further action disposal,True,False
Person search,2022-02-13T02:10:00+00:00,False,,50.819771,-0.140994,Male,18-24,White - English/Welsh/Scottish/Northern Irish/British,White,Misuse of Drugs Act 1971 (section 23),Controlled drugs,A no further action disposal,,False
Person search,2022-02-13T02:20:00+00:00,False,,50.819771,-0.140994,Male,18-24,White - English/Welsh/Scottish/Northern Irish/British,White,Misuse of Drugs Act 1971 (section 23),Controlled drugs,A no further action disposal,,False
Person search,2022-02-13T02:30:00+00:00,False,,50.819442,-0.138934,Male,18-24,White - English/Welsh/Scottish/Northern Irish/British,White,Misuse of Drugs Act 1971 (section 23),Controlled drugs,A no further action disposal,,False
Person search,2022-02-13T03:11:00+00:00,False,,50.970097,0.126610,Male,18-24,White - English/Welsh/Scottish/Northern Irish/British,White,Police and Criminal Evidence Act 1984 (section 1),Article for use in theft,A no further action disposal,,False
Person search,2022-02-13T10:15:00+00:00,False,,51.155075,0.260808,Male,18-24,White - English/Welsh/Scottish/Northern Irish/British,White,Misuse of Drugs Act 1971 (section 23),Controlled drugs,A no further action disposal,,False
Person search,2022-02-13T10:15:00+00:00,False,,51.156348,0.260112,Male,,White - English/Welsh/Scottish/Northern Irish/British,White,Misuse of Drugs Act 1971 (section 23),Controlled drugs,A no further action disposal,,False
Person search,2022-02-13T10:15:00+00:00,False,,50.956177,-0.134417,Male,18-24,White - English/Welsh/Scottish/Northern Irish/British,White,Misuse of Drugs Act 1971 (section 23),Controlled drugs,Community resolution,True,False
Person search,2022-02-13T12:30:00+00:00,False,,51.160248,-0.136608,Male,over 34,Black/African/Caribbean/Black British - Caribbean,Black,Misuse of Drugs Act 1971 (section 23),Controlled drugs,Arrest,False,False
Person search,2022-02-13T12:50:00+00:00,False,,50.765528,0.287144,Male,25-34,White - English/Welsh/Scottish/Northern Irish/British,White,Misuse of Drugs Act 1971 (section 23),Controlled drugs,Community resolution,True,False
Person search,2022-02-13T19:10:00+00:00,False,,50.832505,-0.134751,Male,25-34,White - Any other White background,White,Misuse of Drugs Act 1971 (section 23),Controlled drugs,A no further action disposal,,False
Person search,2022-02-13T19:10:00+00:00,False,,50.832505,-0.134751,Male,18-24,White - Any other White background,White,Misuse of Drugs Act 1971 (section 23),Controlled drugs,A no further action disposal,,False
Person search,2022-02-13T20:35:00+00:00,False,,51.102006,-0.181502,Male,over 34,White - English/Welsh/Scottish/Northern Irish/British,White,Misuse of Drugs Act 1971 (section 23),,A no further action disposal,,False
Person search,2022-02-13T23:50:00+00:00,False,,50.831455,-0.191397,Male,10-17,Asian/Asian British - Pakistani,Asian,Misuse of Drugs Act 1971 (section 23),Controlled drugs,A no further action disposal,,False
Person search,2022-02-13T23:55:00+00:00,False,,50.831455,-0.191397,Male,10-17,Other ethnic group - Arab,Other,Misuse of Drugs Act 1971 (section 23),Controlled drugs,Community resolution,True,False
Person search,2022-02-14T00:14:00+00:00,False,,50.831455,-0.191397,Male,18-24,Mixed/Multiple ethnic groups - White and Black African,Asian,Misuse of Drugs Act 1971 (section 23),Controlled drugs,Community resolution,True,False
Person search,2022-02-14T02:25:00+00:00,False,,50.962864,-0.133067,Male,18-24,White - English/Welsh/Scottish/Northern Irish/British,White,Misuse of Drugs Act 1971 (section 23),Controlled drugs,Arrest,False,False
Person search,2022-02-14T11:30:00+00:00,False,,50.956177,-0.134417,Male,over 34,White - English/Welsh/Scottish/Northern Irish/British,White,Police and Criminal Evidence Act 1984 (section 1),Article for use in theft,A no further action disposal,,False
Person search,2022-02-14T13:32:00+00:00,False,,50.787597,0.044185,Male,10-17,White - English/Welsh/Scottish/Northern Irish/British,White,Misuse of Drugs Act 1971 (section 23),Controlled drugs,A no further action disposal,False,False
Person search,2022-02-14T15:20:00+00:00,False,,50.993146,-0.099161,Male,10-17,White - English/Welsh/Scottish/Northern Irish/British,White,Misuse of Drugs Act 1971 (section 23),Controlled drugs,Community resolution,True,False
Person search,2022-02-14T19:02:00+00:00,False,,50.830051,-0.181497,Male,over 34,,Black,Misuse of Drugs Act 1971 (section 23),Controlled drugs,Arrest,,False
Person search,2022-02-14T20:13:00+00:00,False,,50.847661,0.470633,Male,10-17,White - English/Welsh/Scottish/Northern Irish/British,White,Police and Criminal Evidence Act 1984 (section 1),Articles for use in criminal damage,Arrest,,False
Person search,2022-02-14T20:55:00+00:00,False,,50.834520,-0.183226,Male,18-24,White - English/Welsh/Scottish/Northern Irish/British,White,Misuse of Drugs Act 1971 (section 23),Controlled drugs,A no further action disposal,True,False
Person search,2022-02-14T23:40:00+00:00,False,,51.023207,-0.352389,Male,18-24,White - English/Welsh/Scottish/Northern Irish/British,White,Police and Criminal Evidence Act 1984 (section 1),Article for use in theft,A no further action disposal,,False
Person search,2022-02-15T09:35:00+00:00,False,,50.823156,-0.141214,Male,over 34,White - English/Welsh/Scottish/Northern Irish/British,White,Misuse of Drugs Act 1971 (section 23),,A no further action disposal,False,False
Person search,2022-02-15T09:35:00+00:00,False,,50.825990,-0.142408,Male,over 34,White - English/Welsh/Scottish/Northern Irish/British,White,Misuse of Drugs Act 1971 (section 23),,A no further action disposal,,False
Person search,2022-02-15T09:53:00+00:00,False,,50.806343,0.312245,Male,25-34,White - English/Welsh/Scottish/Northern Irish/British,White,Misuse of Drugs Act 1971 (section 23),Controlled drugs,A no further action disposal,True,False
Person search,2022-02-15T11:40:00+00:00,False,,50.823156,-0.141214,Male,over 34,Black/African/Caribbean/Black British - African,Black,Misuse of Drugs Act 1971 (section 23),,A no further action disposal,True,True
Person search,2022-02-15T12:45:00+00:00,False,,50.776721,0.114932,Male,over 34,White - English/Welsh/Scottish/Northern Irish/British,White,Police and Criminal Evidence Act 1984 (section 1),Stolen goods,A no further action disposal,True,False
Person search,2022-02-15T18:30:00+00:00,False,,50.812150,-0.368584,Male,25-34,,Asian,Police and Criminal Evidence Act 1984 (section 1),Offensive weapons,A no further action disposal,,False
Person search,2022-02-15T19:30:00+00:00,False,,50.820962,-0.143460,Male,25-34,Black/African/Caribbean/Black British - African,Black,Misuse of Drugs Act 1971 (section 23),Controlled drugs,Arrest,True,True
Person search,2022-02-15T19:47:00+00:00,False,,50.867455,-0.123081,Male,18-24,,Black,Misuse of Drugs Act 1971 (section 23),Controlled drugs,Arrest,True,True
Person search,2022-02-15T20:03:00+00:00,False,,50.871803,0.125814,Male,18-24,White - English/Welsh/Scottish/Northern Irish/British,White,Poaching Prevention Act 1862 (section 2),Game or poaching equipment,A no further action disposal,True,False
Person search,2022-02-15T20:03:00+00:00,False,,50.891073,0.135834,Male,25-34,White - English/Welsh/Scottish/Northern Irish/British,White,Poaching Prevention Act 1862 (section 2),Game or poaching equipment,A no further action disposal,False,False
Person search,2022-02-15T20:50:00+00:00,False,,50.858683,0.564635,Male,over 34,,White,Police and Criminal Evidence Act 1984 (section 1),Offensive weapons,A no further action disposal,,False
Person search,2022-02-15T22:15:00+00:00,False,,50.871803,0.125814,Male,18-24,White - Gypsy or Irish Traveller,White,Poaching Prevention Act 1862 (section 2),Game or poaching equipment,A no further action disposal,True,False
Person search,2022-02-16T03:45:00+00:00,False,,51.161159,-0.169780,Male,over 34,White - English/Welsh/Scottish/Northern Irish/British,White,Police and Criminal Evidence Act 1984 (section 1),Stolen goods,Community resolution,True,False
Person search,2022-02-16T13:45:00+00:00,False,,50.867455,-0.123081,Male,25-34,White - English/Welsh/Scottish/Northern Irish/British,White,Police and Criminal Evidence Act 1984 (section 1),Article for use in theft,Arrest,True,False
Person search,2022-02-16T15:00:00+00:00,False,,51.113449,-0.185253,Female,10-17,,White,Police and Criminal Evidence Act 1984 (section 1),Stolen goods,A no further action disposal,,False
Person search,2022-02-16T15:00:00+00:00,False,,51.113503,-0.185279,Female,10-17,,White,Police and Criminal Evidence Act 1984 (section 1),Stolen goods,A no further action disposal,,False
Person search,2022-02-16T15:00:00+00:00,False,,51.069339,-0.322548,Female,10-17,,White,Police and Criminal Evidence Act 1984 (section 1),Stolen goods,A no further action disposal,,False
Person search,2022-02-16T15:06:00+00:00,False,,51.120793,-0.186166,Male,over 34,Black/African/Caribbean/Black British - African,Black,Misuse of Drugs Act 1971 (section 23),Controlled drugs,A no further action disposal,,False
Person search,2022-02-16T15:45:00+00:00,False,,51.117368,-0.181084,Female,25-34,,Other,Police and Criminal Evidence Act 1984 (section 1),Offensive weapons,Arrest,,False
Person search,2022-02-16T16:15:00+00:00,False,,50.849735,-0.104528,Male,10-17,White - English/Welsh/Scottish/Northern Irish/British,White,Police and Criminal Evidence Act 1984 (section 1),Offensive weapons,Arrest,True,False
Person search,2022-02-16T16:20:00+00:00,False,,50.845186,0.427870,Male,25-34,White - English/Welsh/Scottish/Northern Irish/British,White,Police and Criminal Evidence Act 1984 (section 1),Article for use in theft,Arrest,True,False
Person search,2022-02-16T19:48:00+00:00,False,,50.803180,-0.663887,Male,10-17,White - English/Welsh/Scottish/Northern Irish/British,White,Misuse of Drugs Act 1971 (section 23),Controlled drugs,Community resolution,True,False
Person search,2022-02-16T21:45:00+00:00,False,,51.134382,-0.188549,Female,18-24,White - English/Welsh/Scottish/Northern Irish/British,White,Misuse of Drugs Act 1971 (section 23),Controlled drugs,A no further action disposal,False,False
Person search,2022-02-17T07:11:00+00:00,False,,50.824281,-0.134468,Male,over 34,White - English/Welsh/Scottish/Northern Irish/British,White,Police and Criminal Evidence Act 1984 (section 1),Offensive weapons,A no further action disposal,False,False
Person search,2022-02-17T11:25:00+00:00,False,,51.117368,-0.181084,Male,25-34,,White,Misuse of Drugs Act 1971 (section 23),,A no further action disposal,,False
Person search,2022-02-17T11:25:00+00:00,False,,51.123089,-0.189277,Male,25-34,,White,Misuse of Drugs Act 1971 (section 23),,A no further action disposal,,False
Person search,2022-02-17T12:43:00+00:00,False,,50.852165,0.476256,Female,18-24,White - English/Welsh/Scottish/Northern Irish/British,White,Misuse of Drugs Act 1971 (section 23),Controlled drugs,A no further action disposal,,False
Person search,2022-02-17T12:55:00+00:00,False,,50.884132,0.010675,Male,18-24,White - English/Welsh/Scottish/Northern Irish/British,White,Police and Criminal Evidence Act 1984 (section 1),Offensive weapons,Arrest,True,False
Person search,2022-02-17T12:58:00+00:00,False,,50.818605,-0.411432,Male,25-34,White - English/Welsh/Scottish/Northern Irish/British,White,Misuse of Drugs Act 1971 (section 23),Controlled drugs,Khat or Cannabis warning,True,False
Person search,2022-02-17T13:00:00+00:00,False,,50.823491,-0.135167,Male,18-24,White - English/Welsh/Scottish/Northern Irish/British,White,Police and Criminal Evidence Act 1984 (section 1),Offensive weapons,Arrest,True,False
Person search,2022-02-17T13:05:00+00:00,False,,50.837238,-0.339674,Male,25-34,White - Any other White background,White,Police and Criminal Evidence Act 1984 (section 1),Article for use in theft,A no further action disposal,,False
Person search,2022-02-17T17:00:00+00:00,False,,50.830661,-0.135293,Male,over 34,White - English/Welsh/Scottish/Northern Irish/British,White,Misuse of Drugs Act 1971 (section 23),Controlled drugs,A no further action disposal,,False
Person search,2022-02-17T19:09:00+00:00,True,,50.845237,-0.116643,Male,18-24,White - Any other White background,White,Misuse of Drugs Act 1971 (section 23),Controlled drugs,Community resolution,True,False
Person search,2022-02-17T20:00:00+00:00,True,,50.843041,-0.248775,Male,10-17,White - English/Welsh/Scottish/Northern Irish/British,White,Misuse of Drugs Act 1971 (section 23),Controlled drugs,A no further action disposal,,False
Person search,2022-02-17T20:10:00+00:00,False,,50.823491,-0.135167,Male,18-24,White - English/Welsh/Scottish/Northern Irish/British,White,Misuse of Drugs Act 1971 (section 23),Controlled drugs,A no further action disposal,,False
Person search,2022-02-17T20:11:00+00:00,False,,50.845552,-0.245882,Male,18-24,White - English/Welsh/Scottish/Northern Irish/British,White,Misuse of Drugs Act 1971 (section 23),Controlled drugs,A no further action disposal,,False
Person search,2022-02-17T20:41:00+00:00,False,,50.834413,-0.272090,Male,10-17,White - English/Welsh/Scottish/Northern Irish/British,White,Police and Criminal Evidence Act 1984 (section 1),Offensive weapons,A no further action disposal,,False
Person search,2022-02-17T20:44:00+00:00,False,,50.867455,-0.123081,Male,10-17,White - English/Welsh/Scottish/Northern Irish/British,White,Police and Criminal Evidence Act 1984 (section 1),Offensive weapons,A no further action disposal,,False
Person search,2022-02-17T20:45:00+00:00,False,,50.867455,-0.123081,Male,10-17,White - English/Welsh/Scottish/Northern Irish/British,White,Police and Criminal Evidence Act 1984 (section 1),Offensive weapons,A no further action disposal,,False
Person search,2022-02-17T20:45:00+00:00,False,,50.834413,-0.272090,Male,10-17,White - English/Welsh/Scottish/Northern Irish/British,White,Police and Criminal Evidence Act 1984 (section 1),Offensive weapons,A no further action disposal,,False
Person search,2022-02-17T22:45:00+00:00,False,,51.063816,-0.333166,Male,10-17,Mixed/Multiple ethnic groups - White and Black Caribbean,Asian,Firearms Act 1968 (section 47),Firearms,A no further action disposal,,False
Person search,2022-02-17T22:50:00+00:00,False,,51.063816,-0.333166,Female,10-17,White - English/Welsh/Scottish/Northern Irish/British,White,Police and Criminal Evidence Act 1984 (section 1),Offensive weapons,A no further action disposal,,False
Person search,2022-02-17T22:52:00+00:00,False,,51.063816,-0.333166,Male,10-17,Mixed/Multiple ethnic groups - White and Black Caribbean,Black,Firearms Act 1968 (section 47),Firearms,A no further action disposal,,False
Person search,2022-02-17T22:53:00+00:00,False,,51.062559,-0.332012,Female,10-17,Mixed/Multiple ethnic groups - Any other Mixed/Multiple ethnic background,Black,Firearms Act 1968 (section 47),Firearms,A no further action disposal,,False
Person search,2022-02-17T22:54:00+00:00,False,,51.063816,-0.333166,Male,18-24,Asian/Asian British - Any other Asian background,Asian,Firearms Act 1968 (section 47),Firearms,A no further action disposal,,False
Person search,2022-02-17T23:01:00+00:00,False,,51.063816,-0.333166,Male,10-17,Mixed/Multiple ethnic groups - White and Asian,Asian,Police and Criminal Evidence Act 1984 (section 1),Offensive weapons,A no further action disposal,,False
Person search,2022-02-17T23:50:00+00:00,False,,50.823491,-0.135167,Male,10-17,White - English/Welsh/Scottish/Northern Irish/British,White,Police and Criminal Evidence Act 1984 (section 1),Stolen goods,Community resolution,True,False
Person search,2022-02-17T23:50:00+00:00,False,,50.821584,-0.150392,Male,,,White,Police and Criminal Evidence Act 1984 (section 1),Stolen goods,A no further action disposal,,False
Person search,2022-02-18T00:15:00+00:00,False,,51.048871,0.188487,Male,25-34,White - English/Welsh/Scottish/Northern Irish/British,White,Misuse of Drugs Act 1971 (section 23),Controlled drugs,A no further action disposal,True,False
Person search,2022-02-18T00:17:00+00:00,False,,50.789205,-0.671791,Female,over 34,White - English/Welsh/Scottish/Northern Irish/British,White,Misuse of Drugs Act 1971 (section 23),Controlled drugs,Arrest,True,False
Person search,2022-02-18T00:45:00+00:00,False,,51.048871,0.188487,Female,over 34,White - English/Welsh/Scottish/Northern Irish/British,White,Misuse of Drugs Act 1971 (section 23),Controlled drugs,A no further action disposal,False,False
Person search,2022-02-18T03:00:00+00:00,False,,50.830582,0.241243,Male,18-24,White - English/Welsh/Scottish/Northern Irish/British,White,Police and Criminal Evidence Act 1984 (section 1),Offensive weapons,Penalty Notice for Disorder,,False
Person search,2022-02-18T03:00:00+00:00,False,,51.140062,-0.119937,Male,10-17,White - English/Welsh/Scottish/Northern Irish/British,White,Police and Criminal Evidence Act 1984 (section 1),Article for use in theft,A no further action disposal,,False
Person search,2022-02-18T11:30:00+00:00,False,,50.821434,0.246470,Male,over 34,White - English/Welsh/Scottish/Northern Irish/British,Asian,Misuse of Drugs Act 1971 (section 23),Controlled drugs,A no further action disposal,,False
Person search,2022-02-18T11:40:00+00:00,False,,50.821434,0.246470,Male,over 34,White - English/Welsh/Scottish/Northern Irish/British,White,Misuse of Drugs Act 1971 (section 23),Controlled drugs,A no further action disposal,,False
Person search,2022-02-18T15:18:00+00:00,False,,51.107127,-0.168515,Male,10-17,White - English/Welsh/Scottish/Northern Irish/British,Black,Police and Criminal Evidence Act 1984 (section 1),Article for use in theft,A no further action disposal,,False
Person search,2022-02-18T15:20:00+00:00,False,,51.107127,-0.168515,Male,10-17,White - English/Welsh/Scottish/Northern Irish/British,White,Police and Criminal Evidence Act 1984 (section 1),Article for use in theft,Community resolution,True,False
Person search,2022-02-18T15:25:00+00:00,False,,51.107127,-0.168515,Male,10-17,Asian/Asian British - Any other Asian background,White,Police and Criminal Evidence Act 1984 (section 1),Article for use in theft,A no further action disposal,,False
Person search,2022-02-18T16:20:00+00:00,False,,50.774043,0.290921,Male,over 34,White - English/Welsh/Scottish/Northern Irish/British,White,Firearms Act 1968 (section 47),Firearms,A no further action disposal,,False
Person search,2022-02-18T17:30:00+00:00,False,,51.069339,-0.322548,Female,18-24,,Asian,Police and Criminal Evidence Act 1984 (section 1),Article for use in theft,A no further action disposal,False,False
Person search,2022-02-18T20:15:00+00:00,False,,51.098128,-0.171599,Male,18-24,White - English/Welsh/Scottish/Northern Irish/British,White,Misuse of Drugs Act 1971 (section 23),Controlled drugs,Community resolution,True,False
Person search,2022-02-18T20:15:00+00:00,False,,51.117368,-0.181084,Male,18-24,White - English/Welsh/Scottish/Northern Irish/British,White,Misuse of Drugs Act 1971 (section 23),Controlled drugs,A no further action disposal,,False
Person search,2022-02-18T21:30:00+00:00,False,,50.788458,0.297925,Female,over 34,,White,Police and Criminal Evidence Act 1984 (section 1),Offensive weapons,Arrest,True,False
Person search,2022-02-18T21:30:00+00:00,False,,50.770055,0.288840,Female,18-24,,White,Police and Criminal Evidence Act 1984 (section 1),Offensive weapons,Arrest,True,False
Person search,2022-02-18T23:30:00+00:00,False,,50.788458,0.297925,Male,18-24,White - English/Welsh/Scottish/Northern Irish/British,White,Police and Criminal Evidence Act 1984 (section 1),Offensive weapons,Arrest,,True
Person search,2022-02-18T23:45:00+00:00,False,,50.834962,-0.794369,Female,18-24,White - English/Welsh/Scottish/Northern Irish/British,White,Misuse of Drugs Act 1971 (section 23),Controlled drugs,A no further action disposal,True,False
Person search,2022-02-18T23:45:00+00:00,False,,51.333597,-0.283263,Male,25-34,White - English/Welsh/Scottish/Northern Irish/British,White,Misuse of Drugs Act 1971 (section 23),,Khat or Cannabis warning,True,False
Person search,2022-02-19T00:02:00+00:00,False,,50.818148,-0.395122,Male,over 34,White - English/Welsh/Scottish/Northern Irish/British,White,Police and Criminal Evidence Act 1984 (section 1),Article for use in theft,A no further action disposal,,False
Person search,2022-02-19T01:35:00+00:00,False,,50.818472,-0.114980,Male,25-34,Asian/Asian British - Any other Asian background,Other,Misuse of Drugs Act 1971 (section 23),Controlled drugs,Community resolution,True,False
Person search,2022-02-19T05:10:00+00:00,False,,50.823491,-0.135167,Male,18-24,,Other,Misuse of Drugs Act 1971 (section 23),Controlled drugs,A no further action disposal,,False
Person search,2022-02-19T10:30:00+00:00,False,,50.830855,-0.780005,Male,10-17,White - English/Welsh/Scottish/Northern Irish/British,White,Misuse of Drugs Act 1971 (section 23),Controlled drugs,A no further action disposal,False,False
Person search,2022-02-19T10:45:00+00:00,False,,50.815601,-0.531558,Female,25-34,White - English/Welsh/Scottish/Northern Irish/British,White,Misuse of Drugs Act 1971 (section 23),Controlled drugs,Community resolution,True,False
Person search,2022-02-19T14:38:00+00:00,False,,50.841934,-0.768822,Male,18-24,White - English/Welsh/Scottish/Northern Irish/British,White,Police and Criminal Evidence Act 1984 (section 1),Offensive weapons,A no further action disposal,,False
Person search,2022-02-19T16:45:00+00:00,False,,50.767301,0.288932,Male,10-17,White - Any other White background,White,Misuse of Drugs Act 1971 (section 23),Controlled drugs,Community resolution,True,False
Person search,2022-02-19T16:45:00+00:00,False,,50.788458,0.297925,Male,10-17,White - Any other White background,White,Misuse of Drugs Act 1971 (section 23),Controlled drugs,A no further action disposal,True,False
Person search,2022-02-19T20:13:00+00:00,False,,51.069398,-0.364138,Male,10-17,,White,Police and Criminal Evidence Act 1984 (section 1),Offensive weapons,A no further action disposal,,False
Person search,2022-02-19T20:18:00+00:00,False,,51.069398,-0.364138,Male,,White - English/Welsh/Scottish/Northern Irish/British,White,Police and Criminal Evidence Act 1984 (section 1),Offensive weapons,A no further action disposal,,False
Person search,2022-02-19T20:30:00+00:00,False,,50.829140,-0.412395,Male,10-17,,White,Police and Criminal Evidence Act 1984 (section 1),Offensive weapons,Arrest,,False
Person search,2022-02-19T20:30:00+00:00,False,,50.829140,-0.412395,Male,10-17,White - English/Welsh/Scottish/Northern Irish/British,White,Police and Criminal Evidence Act 1984 (section 1),Offensive weapons,Arrest,False,False
Person search,2022-02-19T20:33:00+00:00,False,,51.070465,-0.357520,Male,10-17,,White,Police and Criminal Evidence Act 1984 (section 1),Offensive weapons,Arrest,,False
Person search,2022-02-19T21:40:00+00:00,False,,50.855547,0.582012,Male,over 34,White - English/Welsh/Scottish/Northern Irish/British,White,Police and Criminal Evidence Act 1984 (section 1),Article for use in theft,A no further action disposal,,False
Person search,2022-02-19T21:55:00+00:00,False,,50.855547,0.582012,Male,25-34,,White,Police and Criminal Evidence Act 1984 (section 1),Article for use in theft,Arrest,True,False
Person search,2022-02-19T21:55:00+00:00,False,,50.818057,-0.382675,Female,over 34,White - English/Welsh/Scottish/Northern Irish/British,White,Misuse of Drugs Act 1971 (section 23),Controlled drugs,A no further action disposal,,False
Person search,2022-02-19T22:36:00+00:00,False,,50.837033,-0.780852,Male,10-17,White - English/Welsh/Scottish/Northern Irish/British,White,Misuse of Drugs Act 1971 (section 23),,A no further action disposal,,False
Person search,2022-02-19T23:20:00+00:00,False,,50.833092,-0.181634,Male,18-24,White - English/Welsh/Scottish/Northern Irish/British,White,Misuse of Drugs Act 1971 (section 23),Controlled drugs,A no further action disposal,,False
Person search,2022-02-19T23:20:00+00:00,False,,50.833809,-0.179121,Male,18-24,White - English/Welsh/Scottish/Northern Irish/British,White,Misuse of Drugs Act 1971 (section 23),Controlled drugs,A no further action disposal,,False
Person search,2022-02-20T00:25:00+00:00,False,,50.827788,-0.109322,Male,25-34,,Other,Misuse of Drugs Act 1971 (section 23),Controlled drugs,Community resolution,,False
Person search,2022-02-20T00:35:00+00:00,False,,50.853088,-0.728821,Male,25-34,White - English/Welsh/Scottish/Northern Irish/British,White,Misuse of Drugs Act 1971 (section 23),,Arrest,,False
Vehicle search,2022-02-20T00:45:00+00:00,False,,50.829319,-0.204515,,,,,Misuse of Drugs Act 1971 (section 23),Controlled drugs,A no further action disposal,,
Person search,2022-02-20T02:05:00+00:00,False,,50.924751,-0.146061,Male,18-24,White - English/Welsh/Scottish/Northern Irish/British,White,Misuse of Drugs Act 1971 (section 23),Controlled drugs,A no further action disposal,,False
Person search,2022-02-20T02:10:00+00:00,False,,50.924354,-0.146547,Female,10-17,White - English/Welsh/Scottish/Northern Irish/British,White,Misuse of Drugs Act 1971 (section 23),Controlled drugs,A no further action disposal,,False
Person search,2022-02-20T07:30:00+00:00,False,,50.823491,-0.135167,Male,over 34,White - English/Welsh/Scottish/Northern Irish/British,White,Police and Criminal Evidence Act 1984 (section 1),Offensive weapons,A no further action disposal,,False
Person search,2022-02-20T11:13:00+00:00,False,,51.097558,-0.207356,Male,over 34,White - English/Welsh/Scottish/Northern Irish/British,White,Misuse of Drugs Act 1971 (section 23),Controlled drugs,A no further action disposal,,False
Vehicle search,2022-02-20T13:30:00+00:00,False,,50.956177,-0.134417,,,,,Misuse of Drugs Act 1971 (section 23),Controlled drugs,Summons / charged by post,True,
Person search,2022-02-20T14:15:00+00:00,False,,50.814911,-0.479128,Male,over 34,White - English/Welsh/Scottish/Northern Irish/British,White,Police and Criminal Evidence Act 1984 (section 1),Stolen goods,Arrest,True,False
Person search,2022-02-20T15:39:00+00:00,False,,50.847125,0.470449,Male,over 34,White - English/Welsh/Scottish/Northern Irish/British,White,Misuse of Drugs Act 1971 (section 23),Controlled drugs,A no further action disposal,,False
Person search,2022-02-20T16:30:00+00:00,False,,50.859028,0.270643,Male,10-17,White - English/Welsh/Scottish/Northern Irish/British,White,Misuse of Drugs Act 1971 (section 23),Controlled drugs,A no further action disposal,,False
Person search,2022-02-20T16:45:00+00:00,False,,50.861383,0.258650,Male,10-17,White - English/Welsh/Scottish/Northern Irish/British,White,Police and Criminal Evidence Act 1984 (section 1),Articles for use in criminal damage,A no further action disposal,,False
Person search,2022-02-20T16:53:00+00:00,False,,50.861710,0.257131,Male,10-17,White - English/Welsh/Scottish/Northern Irish/British,White,Police and Criminal Evidence Act 1984 (section 1),Article for use in theft,A no further action disposal,,False
Person search,2022-02-20T16:55:00+00:00,False,,50.861710,0.257131,Male,10-17,White - English/Welsh/Scottish/Northern Irish/British,Black,Police and Criminal Evidence Act 1984 (section 1),Stolen goods,A no further action disposal,,False
Person search,2022-02-20T17:01:00+00:00,False,,50.861710,0.257131,Male,10-17,White - English/Welsh/Scottish/Northern Irish/British,White,Police and Criminal Evidence Act 1984 (section 1),Articles for use in criminal damage,A no further action disposal,,False
Person search,2022-02-20T20:20:00+00:00,False,,50.828290,-0.189177,Male,18-24,Black/African/Caribbean/Black British - African,Black,Misuse of Drugs Act 1971 (section 23),,Arrest,True,False
Person search,2022-02-20T22:00:00+00:00,False,,50.858683,0.564635,Male,10-17,White - Any other White background,White,Firearms Act 1968 (section 47),Firearms,A no further action disposal,True,False
Person search,2022-02-21T14:16:00+00:00,False,,50.836454,-0.771054,Male,over 34,White - Any other White background,White,Police and Criminal Evidence Act 1984 (section 1),Article for use in theft,A no further action disposal,,False
Person search,2022-02-21T14:45:00+00:00,False,,50.821434,0.246470,Male,over 34,White - English/Welsh/Scottish/Northern Irish/British,White,Police and Criminal Evidence Act 1984 (section 1),Stolen goods,A no further action disposal,True,False
Person search,2022-02-21T18:45:00+00:00,False,,51.110618,-0.188850,Male,25-34,Black/African/Caribbean/Black British - Any other Black/African/Caribbean background,Black,Police and Criminal Evidence Act 1984 (section 1),Offensive weapons,A no further action disposal,,False
Person search,2022-02-21T20:24:00+00:00,False,,51.060723,-0.319991,Female,,White - English/Welsh/Scottish/Northern Irish/British,White,Misuse of Drugs Act 1971 (section 23),Controlled drugs,A no further action disposal,False,False
Person search,2022-02-21T20:44:00+00:00,False,,50.829498,-0.272982,Male,10-17,White - English/Welsh/Scottish/Northern Irish/British,White,Police and Criminal Evidence Act 1984 (section 1),Articles for use in criminal damage,A no further action disposal,True,False
Person search,2022-02-21T20:44:00+00:00,False,,50.829228,-0.413599,Male,10-17,White - English/Welsh/Scottish/Northern Irish/British,White,Police and Criminal Evidence Act 1984 (section 1),Articles for use in criminal damage,A no further action disposal,True,False
Person search,2022-02-21T21:20:00+00:00,False,,50.789881,-0.637565,Male,10-17,White - English/Welsh/Scottish/Northern Irish/British,White,Police and Criminal Evidence Act 1984 (section 1),Offensive weapons,A no further action disposal,,False
Person search,2022-02-21T21:20:00+00:00,False,,50.828011,-0.417361,Male,10-17,White - English/Welsh/Scottish/Northern Irish/British,White,Police and Criminal Evidence Act 1984 (section 1),Articles for use in criminal damage,Arrest,True,False
Person search,2022-02-21T21:35:00+00:00,False,,50.829228,-0.413599,Male,10-17,,White,Police and Criminal Evidence Act 1984 (section 1),Article for use in theft,A no further action disposal,,False
Person search,2022-02-22T01:00:00+00:00,False,,51.161943,-0.168190,Male,18-24,White - English/Welsh/Scottish/Northern Irish/British,White,Misuse of Drugs Act 1971 (section 23),Controlled drugs,A no further action disposal,,False
Person search,2022-02-22T12:00:00+00:00,False,,50.820502,-0.124836,Male,25-34,White - English/Welsh/Scottish/Northern Irish/British,White,Misuse of Drugs Act 1971 (section 23),,Arrest,True,True
Person search,2022-02-22T13:10:00+00:00,False,,50.824281,-0.134468,Male,over 34,White - English/Welsh/Scottish/Northern Irish/British,White,Misuse of Drugs Act 1971 (section 23),,A no further action disposal,,False
Person search,2022-02-22T13:30:00+00:00,False,,50.825672,-0.141626,Male,25-34,,White,Misuse of Drugs Act 1971 (section 23),Controlled drugs,A no further action disposal,,False
Person search,2022-02-22T14:45:00+00:00,False,,50.824109,-0.125998,Male,18-24,,Black,Misuse of Drugs Act 1971 (section 23),Controlled drugs,Arrest,True,True
Person search,2022-02-22T15:00:00+00:00,False,,50.820163,-0.412274,Male,over 34,White - English/Welsh/Scottish/Northern Irish/British,White,Police and Criminal Evidence Act 1984 (section 1),Stolen goods,A no further action disposal,,False
Person search,2022-02-22T15:08:00+00:00,False,,50.823059,-0.105012,Male,25-34,White - English/Welsh/Scottish/Northern Irish/British,White,Misuse of Drugs Act 1971 (section 23),Controlled drugs,A no further action disposal,,False
Person search,2022-02-22T15:15:00+00:00,False,,50.820163,-0.412274,Male,over 34,White - English/Welsh/Scottish/Northern Irish/British,White,Police and Criminal Evidence Act 1984 (section 1),Article for use in theft,Summons / charged by post,True,False
Person search,2022-02-22T15:30:00+00:00,False,,50.820163,-0.412274,Female,over 34,White - English/Welsh/Scottish/Northern Irish/British,White,Police and Criminal Evidence Act 1984 (section 1),Stolen goods,Summons / charged by post,True,False
Person search,2022-02-22T16:52:00+00:00,False,,51.161159,-0.169780,Male,10-17,,Black,Police and Criminal Evidence Act 1984 (section 1),Offensive weapons,A no further action disposal,,False
Person search,2022-02-22T17:30:00+00:00,False,,50.786557,-0.680150,Male,10-17,,White,Misuse of Drugs Act 1971 (section 23),Controlled drugs,Arrest,True,False
Person search,2022-02-22T17:35:00+00:00,False,,50.786557,-0.680150,Male,over 34,White - English/Welsh/Scottish/Northern Irish/British,White,Misuse of Drugs Act 1971 (section 23),Controlled drugs,A no further action disposal,,False
Person search,2022-02-22T18:30:00+00:00,False,,50.828011,-0.417361,Female,over 34,White - English/Welsh/Scottish/Northern Irish/British,White,Police and Criminal Evidence Act 1984 (section 1),Stolen goods,Arrest,True,False
Person search,2022-02-22T18:37:00+00:00,False,,50.823491,-0.135167,Male,25-34,White - English/Welsh/Scottish/Northern Irish/British,White,Misuse of Drugs Act 1971 (section 23),,Arrest,False,False
Person search,2022-02-22T19:55:00+00:00,False,,50.819994,-0.141965,Female,25-34,Black/African/Caribbean/Black British - African,Black,Misuse of Drugs Act 1971 (section 23),Controlled drugs,A no further action disposal,,False
Person search,2022-02-22T19:59:00+00:00,False,,50.820666,-0.141285,Female,18-24,Mixed/Multiple ethnic groups - White and Black African,Black,Misuse of Drugs Act 1971 (section 23),Controlled drugs,A no further action disposal,,False
Person search,2022-02-22T21:00:00+00:00,False,,50.850876,0.546575,Male,18-24,White - English/Welsh/Scottish/Northern Irish/British,White,Misuse of Drugs Act 1971 (section 23),Controlled drugs,Community resolution,True,False
Person search,2022-02-23T04:00:00+00:00,False,,50.821497,-0.138654,Male,18-24,White - English/Welsh/Scottish/Northern Irish/British,White,Police and Criminal Evidence Act 1984 (section 1),Stolen goods,Arrest,,False
Person search,2022-02-23T15:20:00+00:00,False,,50.829233,-0.415914,Male,25-34,White - English/Welsh/Scottish/Northern Irish/British,White,Misuse of Drugs Act 1971 (section 23),Controlled drugs,Arrest,True,False
Person search,2022-02-23T21:20:00+00:00,True,,50.846398,-0.775140,Female,18-24,White - English/Welsh/Scottish/Northern Irish/British,White,Misuse of Drugs Act 1971 (section 23),Controlled drugs,A no further action disposal,,False
Person search,2022-02-23T22:40:00+00:00,False,,50.842810,-0.111741,Male,18-24,White - English/Welsh/Scottish/Northern Irish/British,White,Misuse of Drugs Act 1971 (section 23),Controlled drugs,Arrest,True,False
Person search,2022-02-23T23:42:00+00:00,False,,50.867455,-0.123081,Male,25-34,White - English/Welsh/Scottish/Northern Irish/British,White,Misuse of Drugs Act 1971 (section 23),Controlled drugs,Arrest,,True
Person search,2022-02-23T23:45:00+00:00,False,,50.956177,-0.134417,Male,25-34,,White,Misuse of Drugs Act 1971 (section 23),,Arrest,True,False
Person search,2022-02-23T23:55:00+00:00,False,,50.956177,-0.134417,Male,25-34,White - English/Welsh/Scottish/Northern Irish/British,White,Misuse of Drugs Act 1971 (section 23),Controlled drugs,Arrest,,False
Person search,2022-02-24T02:19:00+00:00,False,,51.106648,-0.201947,Male,25-34,White - English/Welsh/Scottish/Northern Irish/British,White,Police and Criminal Evidence Act 1984 (section 1),Offensive weapons,A no further action disposal,,False
Person search,2022-02-24T08:15:00+00:00,False,,51.116659,-0.166224,Male,25-34,White - Any other White background,White,Police and Criminal Evidence Act 1984 (section 1),Article for use in theft,A no further action disposal,,False
Person search,2022-02-24T11:08:00+00:00,False,,50.788458,0.297925,Male,25-34,,White,Misuse of Drugs Act 1971 (section 23),Controlled drugs,Arrest,True,False
Person search,2022-02-24T11:43:00+00:00,False,,50.788458,0.297925,Female,25-34,White - Any other White background,White,Misuse of Drugs Act 1971 (section 23),Controlled drugs,A no further action disposal,,False
Person search,2022-02-24T15:15:00+00:00,False,,50.812142,-0.369962,Male,25-34,White - English/Welsh/Scottish/Northern Irish/British,White,Police and Criminal Evidence Act 1984 (section 1),Stolen goods,Arrest,,False
Person search,2022-02-24T15:40:00+00:00,False,,51.080160,-0.317717,Male,10-17,White - English/Welsh/Scottish/Northern Irish/British,White,Police and Criminal Evidence Act 1984 (section 1),Article for use in theft,A no further action disposal,,False
Person search,2022-02-24T15:40:00+00:00,False,,51.080160,-0.317717,Male,10-17,White - English/Welsh/Scottish/Northern Irish/British,White,Police and Criminal Evidence Act 1984 (section 1),Article for use in theft,A no further action disposal,,False
Person search,2022-02-24T15:45:00+00:00,False,,51.080160,-0.317717,Male,10-17,White - English/Welsh/Scottish/Northern Irish/British,White,Police and Criminal Evidence Act 1984 (section 1),Article for use in theft,A no further action disposal,,False
Person search,2022-02-24T21:27:00+00:00,False,,50.768271,0.292681,Male,,,White,Misuse of Drugs Act 1971 (section 23),Controlled drugs,Community resolution,True,False
Person search,2022-02-24T22:00:00+00:00,False,,50.901200,0.516222,Male,over 34,White - English/Welsh/Scottish/Northern Irish/British,White,Misuse of Drugs Act 1971 (section 23),,A no further action disposal,,False
Person search,2022-02-24T22:10:00+00:00,False,,50.941837,0.481716,Male,25-34,White - English/Welsh/Scottish/Northern Irish/British,White,Misuse of Drugs Act 1971 (section 23),Controlled drugs,A no further action disposal,,False
Person search,2022-02-24T22:10:00+00:00,False,,50.776251,0.299412,Male,25-34,White - Any other White background,White,Misuse of Drugs Act 1971 (section 23),,Arrest,,True
Person search,2022-02-24T22:15:00+00:00,False,,50.956354,0.482105,Male,10-17,White - English/Welsh/Scottish/Northern Irish/British,White,Misuse of Drugs Act 1971 (section 23),Controlled drugs,A no further action disposal,,False
Person search,2022-02-24T23:25:00+00:00,False,,50.830482,-0.778694,Male,over 34,White - English/Welsh/Scottish/Northern Irish/British,White,Police and Criminal Evidence Act 1984 (section 1),Stolen goods,A no further action disposal,,False
Person search,2022-02-25T00:05:00+00:00,False,,50.832857,-0.120834,Male,18-24,Black/African/Caribbean/Black British - African,Black,Misuse of Drugs Act 1971 (section 23),,A no further action disposal,,False
Person search,2022-02-25T02:30:00+00:00,False,,50.823491,-0.135167,Male,18-24,White - English/Welsh/Scottish/Northern Irish/British,White,Misuse of Drugs Act 1971 (section 23),Controlled drugs,A no further action disposal,,False
Person search,2022-02-25T02:36:00+00:00,False,,50.824549,-0.120926,Male,18-24,,Other,Misuse of Drugs Act 1971 (section 23),,A no further action disposal,,False
Person search,2022-02-25T14:00:00+00:00,False,,50.766339,0.289821,Female,,,White,Misuse of Drugs Act 1971 (section 23),Controlled drugs,A no further action disposal,,False
Person search,2022-02-25T14:00:00+00:00,False,,50.766339,0.289821,Male,over 34,White - English/Welsh/Scottish/Northern Irish/British,White,Misuse of Drugs Act 1971 (section 23),Controlled drugs,A no further action disposal,,False
Person search,2022-02-25T14:00:00+00:00,False,,50.766339,0.289821,Male,over 34,White - English/Welsh/Scottish/Northern Irish/British,White,Misuse of Drugs Act 1971 (section 23),Controlled drugs,A no further action disposal,,False
Person search,2022-02-25T14:55:00+00:00,False,,50.774673,0.102840,Male,18-24,White - English/Welsh/Scottish/Northern Irish/British,White,Misuse of Drugs Act 1971 (section 23),Controlled drugs,A no further action disposal,False,False
Person search,2022-02-25T15:20:00+00:00,False,,50.789205,-0.671791,Male,18-24,White - English/Welsh/Scottish/Northern Irish/British,White,Misuse of Drugs Act 1971 (section 23),Controlled drugs,Community resolution,True,False
Person search,2022-02-25T15:57:00+00:00,False,,50.773856,0.296784,Male,25-34,Other ethnic group - Arab,Other,Misuse of Drugs Act 1971 (section 23),Controlled drugs,A no further action disposal,,False
Person search,2022-02-25T17:54:00+00:00,False,,50.821151,-0.135615,Male,over 34,White - English/Welsh/Scottish/Northern Irish/British,White,Police and Criminal Evidence Act 1984 (section 1),Article for use in theft,A no further action disposal,True,False
Person search,2022-02-25T18:40:00+00:00,False,,50.854622,0.578707,Male,10-17,White - Any other White background,White,Misuse of Drugs Act 1971 (section 23),Controlled drugs,A no further action disposal,True,False
Person search,2022-02-25T19:37:00+00:00,False,,50.854601,0.580454,Female,10-17,Black/African/Caribbean/Black British - African,Black,Police and Criminal Evidence Act 1984 (section 1),Offensive weapons,A no further action disposal,,False
Person search,2022-02-25T19:40:00+00:00,False,,50.855049,0.581359,Female,10-17,White - English/Welsh/Scottish/Northern Irish/British,White,Police and Criminal Evidence Act 1984 (section 1),Offensive weapons,A no further action disposal,,False
Person search,2022-02-25T19:40:00+00:00,False,,50.858683,0.564635,Male,,White - Any other White background,Black,Police and Criminal Evidence Act 1984 (section 1),Offensive weapons,Summons / charged by post,False,False
Person search,2022-02-25T19:40:00+00:00,False,,50.855049,0.581359,Female,10-17,White - English/Welsh/Scottish/Northern Irish/British,White,Police and Criminal Evidence Act 1984 (section 1),Offensive weapons,A no further action disposal,,False
Person search,2022-02-25T19:44:00+00:00,False,,50.859096,0.583402,Male,10-17,White - English/Welsh/Scottish/Northern Irish/British,White,Police and Criminal Evidence Act 1984 (section 1),Offensive weapons,A no further action disposal,,False
Person search,2022-02-25T19:44:00+00:00,False,,50.859096,0.583402,Male,10-17,Black/African/Caribbean/Black British - Any other Black/African/Caribbean background,Black,Police and Criminal Evidence Act 1984 (section 1),Offensive weapons,A no further action disposal,,False
Person search,2022-02-25T19:45:00+00:00,False,,50.821077,-0.129825,Male,25-34,White - English/Welsh/Scottish/Northern Irish/British,White,Misuse of Drugs Act 1971 (section 23),Controlled drugs,A no further action disposal,True,False
Person search,2022-02-25T20:00:00+00:00,False,,50.820486,-0.131127,Female,25-34,White - English/Welsh/Scottish/Northern Irish/British,White,Misuse of Drugs Act 1971 (section 23),Controlled drugs,A no further action disposal,,False
Person search,2022-02-25T20:50:00+00:00,False,,50.845186,0.426549,Male,18-24,White - English/Welsh/Scottish/Northern Irish/British,White,Misuse of Drugs Act 1971 (section 23),Controlled drugs,Community resolution,True,False
Person search,2022-02-25T20:52:00+00:00,False,,50.845075,0.437496,Male,18-24,White - English/Welsh/Scottish/Northern Irish/British,White,Misuse of Drugs Act 1971 (section 23),Controlled drugs,A no further action disposal,,False
Person search,2022-02-25T21:00:00+00:00,False,,50.812199,-0.525646,Male,10-17,White - English/Welsh/Scottish/Northern Irish/British,White,Misuse of Drugs Act 1971 (section 23),Controlled drugs,A no further action disposal,,False
Person search,2022-02-26T04:50:00+00:00,False,,50.837822,0.470170,Male,25-34,Black/African/Caribbean/Black British - Any other Black/African/Caribbean background,White,Police and Criminal Evidence Act 1984 (section 1),Offensive weapons,A no further action disposal,,False
Person search,2022-02-26T19:20:00+00:00,False,,50.854382,0.560193,Male,over 34,White - English/Welsh/Scottish/Northern Irish/British,White,Police and Criminal Evidence Act 1984 (section 1),Offensive weapons,A no further action disposal,,False
Person search,2022-02-26T20:27:00+00:00,False,,50.855733,0.578882,Male,over 34,White - English/Welsh/Scottish/Northern Irish/British,White,Police and Criminal Evidence Act 1984 (section 1),Offensive weapons,A no further action disposal,,False
Person search,2022-02-27T00:27:00+00:00,False,,51.117368,-0.181084,Male,10-17,White - English/Welsh/Scottish/Northern Irish/British,Black,Police and Criminal Evidence Act 1984 (section 1),Offensive weapons,A no further action disposal,,False
Person search,2022-02-27T00:40:00+00:00,False,,51.116086,-0.189993,Male,10-17,Black/African/Caribbean/Black British - Any other Black/African/Caribbean background,Black,Police and Criminal Evidence Act 1984 (section 1),Offensive weapons,A no further action disposal,,False
Person search,2022-02-27T08:08:00+00:00,False,,50.858683,0.564635,Female,25-34,White - English/Welsh/Scottish/Northern Irish/British,White,Police and Criminal Evidence Act 1984 (section 1),Detailed object of search unavailable,Arrest,False,False
Person search,2022-02-27T14:00:00+00:00,True,,50.867455,-0.123081,Male,25-34,White - English/Welsh/Scottish/Northern Irish/British,White,Police and Criminal Evidence Act 1984 (section 1),Offensive weapons,A no further action disposal,,False
Person search,2022-02-27T14:49:00+00:00,False,,50.830855,-0.780005,Male,10-17,White - English/Welsh/Scottish/Northern Irish/British,White,Police and Criminal Evidence Act 1984 (section 1),Article for use in theft,A no further action disposal,False,False
Person search,2022-02-27T15:10:00+00:00,False,,50.782024,-0.688888,Male,10-17,White - English/Welsh/Scottish/Northern Irish/British,White,Police and Criminal Evidence Act 1984 (section 1),Article for use in theft,A no further action disposal,,False
Person search,2022-02-27T15:11:00+00:00,False,,50.782482,-0.686379,Male,10-17,White - English/Welsh/Scottish/Northern Irish/British,White,Police and Criminal Evidence Act 1984 (section 1),Article for use in theft,A no further action disposal,,False
Person search,2022-02-27T16:00:00+00:00,False,,50.824558,-0.141145,Male,18-24,Black/African/Caribbean/Black British - Any other Black/African/Caribbean background,Black,Police and Criminal Evidence Act 1984 (section 1),Offensive weapons,Arrest,,False
Person search,2022-02-27T16:05:00+00:00,False,,50.824705,-0.141352,Female,18-24,White - English/Welsh/Scottish/Northern Irish/British,White,Misuse of Drugs Act 1971 (section 23),,Arrest,True,False
Person search,2022-02-27T16:10:00+00:00,False,,50.847674,-0.112752,Male,18-24,Black/African/Caribbean/Black British - Any other Black/African/Caribbean background,Black,Police and Criminal Evidence Act 1984 (section 1),Offensive weapons,Arrest,False,False
Person search,2022-02-27T18:00:00+00:00,False,,50.833775,-0.272100,Male,10-17,White - English/Welsh/Scottish/Northern Irish/British,White,Police and Criminal Evidence Act 1984 (section 1),Stolen goods,A no further action disposal,,False
Person search,2022-02-27T18:00:00+00:00,False,,50.833775,-0.272100,Male,10-17,White - English/Welsh/Scottish/Northern Irish/British,White,Police and Criminal Evidence Act 1984 (section 1),Stolen goods,A no further action disposal,,False
Person search,2022-02-27T18:00:00+00:00,False,,50.833775,-0.272100,Male,10-17,White - English/Welsh/Scottish/Northern Irish/British,White,Police and Criminal Evidence Act 1984 (section 1),Stolen goods,A no further action disposal,,False
Person search,2022-02-27T18:05:00+00:00,False,,50.833730,-0.272754,Male,10-17,White - English/Welsh/Scottish/Northern Irish/British,White,Police and Criminal Evidence Act 1984 (section 1),Article for use in theft,A no further action disposal,,False
Person search,2022-02-27T18:20:00+00:00,False,,50.834413,-0.272090,Female,10-17,White - English/Welsh/Scottish/Northern Irish/British,White,Police and Criminal Evidence Act 1984 (section 1),Article for use in theft,A no further action disposal,,False
Person search,2022-02-28T00:07:00+00:00,False,,51.105270,-0.207114,Female,,White - English/Welsh/Scottish/Northern Irish/British,White,Misuse of Drugs Act 1971 (section 23),Controlled drugs,Arrest,,False
Person search,2022-02-28T02:05:00+00:00,False,,50.833798,-0.484038,Male,25-34,White - English/Welsh/Scottish/Northern Irish/British,White,Misuse of Drugs Act 1971 (section 23),,A no further action disposal,,False
Person search,2022-02-28T02:45:00+00:00,False,,50.858683,0.564635,Male,25-34,White - English/Welsh/Scottish/Northern Irish/British,White,Police and Criminal Evidence Act 1984 (section 1),Offensive weapons,A no further action disposal,,False
Person search,2022-02-28T12:35:00+00:00,False,,51.116600,-0.182600,Male,25-34,,White,Police and Criminal Evidence Act 1984 (section 1),Offensive weapons,Arrest,True,False
Person search,2022-02-28T12:35:00+00:00,False,,50.829233,-0.415914,Male,over 34,White - Any other White background,White,Police and Criminal Evidence Act 1984 (section 1),Offensive weapons,Arrest,True,False
Person search,2022-02-28T16:30:00+00:00,False,,50.882640,0.008549,Male,,White - English/Welsh/Scottish/Northern Irish/British,White,Firearms Act 1968 (section 47),Firearms,Arrest,True,False
Person search,2022-02-28T17:20:00+00:00,False,,50.821434,0.246470,Male,over 34,White - English/Welsh/Scottish/Northern Irish/British,White,Misuse of Drugs Act 1971 (section 23),Controlled drugs,A no further action disposal,,False
Person search,2022-02-28T17:25:00+00:00,False,,50.918742,-0.452171,Male,25-34,White - English/Welsh/Scottish/Northern Irish/British,White,Police and Criminal Evidence Act 1984 (section 1),Offensive weapons,Arrest,True,False
Person search,2022-02-28T17:30:00+00:00,False,,50.766339,0.289821,Male,over 34,White - English/Welsh/Scottish/Northern Irish/British,White,Misuse of Drugs Act 1971 (section 23),Controlled drugs,A no further action disposal,,False
Person search,2022-02-28T17:37:00+00:00,False,,50.766565,0.289293,Male,over 34,White - English/Welsh/Scottish/Northern Irish/British,White,Misuse of Drugs Act 1971 (section 23),Controlled drugs,A no further action disposal,,False
Person search,2022-02-28T18:10:00+00:00,False,,50.785065,-0.673014,Male,10-17,White - English/Welsh/Scottish/Northern Irish/British,White,Police and Criminal Evidence Act 1984 (section 1),Article for use in theft,A no further action disposal,,False
Person search,2022-02-28T19:30:00+00:00,False,,51.100959,-0.203939,Male,18-24,White - English/Welsh/Scottish/Northern Irish/British,White,Misuse of Drugs Act 1971 (section 23),Controlled drugs,Community resolution,True,False
Person search,2022-02-28T19:30:00+00:00,False,,51.100959,-0.203939,Male,18-24,White - English/Welsh/Scottish/Northern Irish/British,White,Misuse of Drugs Act 1971 (section 23),Controlled drugs,Community resolution,True,False
Person search,2022-02-28T19:34:00+00:00,False,,51.100959,-0.203939,Male,18-24,White - English/Welsh/Scottish/Northern Irish/British,White,Misuse of Drugs Act 1971 (section 23),Controlled drugs,Community resolution,True,False
Person search,2022-02-28T19:43:00+00:00,False,,50.824734,-0.156174,Male,over 34,White - English/Welsh/Scottish/Northern Irish/British,White,Misuse of Drugs Act 1971 (section 23),,A no further action disposal,,False
Person search,2022-02-28T20:38:00+00:00,False,,50.875032,0.010596,Male,over 34,White - English/Welsh/Scottish/Northern Irish/British,White,Police and Criminal Evidence Act 1984 (section 1),Article for use in theft,Arrest,False,False
Person search,2022-02-28T23:38:00+00:00,False,,50.832640,-0.188383,Male,over 34,White - English/Welsh/Scottish/Northern Irish/British,White,Police and Criminal Evidence Act 1984 (section 1),Offensive weapons,A no further action disposal,,False
Person search,2022-02-28T23:50:00+00:00,False,,51.103409,-0.205972,Male,over 34,,Asian,Misuse of Drugs Act 1971 (section 23),Controlled drugs,A no further action disposal,,False
Person search,2022-02-28T23:53:00+00:00,False,,51.105270,-0.207114,Male,25-34,White - English/Welsh/Scottish/Northern Irish/British,White,Misuse of Drugs Act 1971 (section 23),Controlled drugs,Summons / charged by post,,False
