Crime ID,Month,Reported by,Falls within,Longitude,Latitude,Location,LSOA code,LSOA name,Outcome type
35b76581ee7ff231437d2789f264add82e1550298323f4de24feed003554e8fe,2023-01,Norfolk Constabulary,Norfolk Constabulary,,,No location,,,Unable to prosecute suspect
d49a387e794ef6734815c76563ac996f3fd2e9b7bffb7ccbfdaab3af24f9c0c6,2023-01,Norfolk Constabulary,Norfolk Constabulary,,,No location,,,Unable to prosecute suspect
15bfd7f37e21bab141269ee8b9d2eda043c362a0d3762f2c1103daad4b9dfbd2,2023-01,Norfolk Constabulary,Norfolk Constabulary,,,No location,,,Local resolution
9527527e81941ef6dfc647090b4c22a3b7eea06e300192909e9553588e87950b,2023-01,Norfolk Constabulary,Norfolk Constabulary,1.735935,52.625932,On or near Chaucer Road,E01026641,Great Yarmouth 004D,Suspect charged
4c85cc7f5846f6cfd41d2e7c4f8b4bd135946ab6c90909502f3b9c6355ee0687,2023-01,Norfolk Constabulary,Norfolk Constabulary,,,No location,,,Unable to prosecute suspect
2d929e1a1ce08714b9556f1bea3bdeebb1b1e06b384634c4578b67dd1419d861,2023-01,Norfolk Constabulary,Norfolk Constabulary,,,No location,,,Suspect charged
41b9a56b8fb7d58f5cee9a17001624fde9bfc375146d497352918f42ff9d1fa1,2023-01,Norfolk Constabulary,Norfolk Constabulary,,,No location,,,Unable to prosecute suspect
14eb4dfeeceae80a4de531cecbe75b68140a7f37d6ac08e80eefd6b019e33d3f,2023-01,Norfolk Constabulary,Norfolk Constabulary,,,No location,,,Unable to prosecute suspect
9a2748d0afd8976c3c5d1063abd1b7028197ad6071e835b4ec3e07cf36c3ff83,2023-01,Norfolk Constabulary,Norfolk Constabulary,,,No location,,,Investigation complete; no suspect identified
45a0787886a4094c4356054f861ea3bde57ce38a3e7a55fc353e85177fcd3b15,2023-01,Norfolk Constabulary,Norfolk Constabulary,,,No location,,,Suspect charged
55984a861f0443e9279b11b7c35971b51041624de1034f5875a73e56132afd7c,2023-01,Norfolk Constabulary,Norfolk Constabulary,,,No location,,,Unable to prosecute suspect
50cf249004ab8569cde7f486389411ec2e0983596f96296a067fdf8c2c18a4c0,2023-01,Norfolk Constabulary,Norfolk Constabulary,,,No location,,,Investigation complete; no suspect identified
992e37ecfa93775330410dc20b7c8621400f7f5d5ff3e16652ca34270f5057e5,2023-01,Norfolk Constabulary,Norfolk Constabulary,1.301133,52.924228,On or near ,E01026778,North Norfolk 003E,Unable to prosecute suspect
40d2e4783dc0f09f142f7a5d37733c51e012512d572b137c1d9585eb6b087d84,2023-01,Norfolk Constabulary,Norfolk Constabulary,0.399013,52.754417,On or near ,E01026698,King's Lynn and West Norfolk 011A,Suspect charged
2b5e31c5ea47588549a4b7942532b66a2a857d25eb435983f8aa9ae3b2a1d7f2,2023-01,Norfolk Constabulary,Norfolk Constabulary,,,No location,,,Suspect charged
6e5ec705e86fae5534685660c8ad4386d7be46814f2535a33539666b27262315,2023-01,Norfolk Constabulary,Norfolk Constabulary,,,No location,,,Unable to prosecute suspect
94303a209f64ee28512c3c7e2f58ed8d9b184e8f40067b5cb537c0bcab7e2850,2023-01,Norfolk Constabulary,Norfolk Constabulary,,,No location,,,Unable to prosecute suspect
051a6272277ac2f71f5f42d00730a3c2d71343c0363e280d136237e0bb23f935,2023-01,Norfolk Constabulary,Norfolk Constabulary,,,No location,,,Unable to prosecute suspect
c64e6abf9e610ab8e2bc33f8a0623876fa1a4c2b61430a05cd10ee91aa7b0336,2023-01,Norfolk Constabulary,Norfolk Constabulary,,,No location,,,Action to be taken by another organisation
f214102ed9e1d44fe7a00f7196b7f18408e8636c0f23becf0c1569159c7debe6,2023-01,Norfolk Constabulary,Norfolk Constabulary,1.516519,52.768790,On or near A149,E01026776,North Norfolk 013C,Unable to prosecute suspect
283b02f1e7a6595cf205c3a353d177862eb9a2ed1f8762f0200aff7842732d2b,2023-01,Norfolk Constabulary,Norfolk Constabulary,,,No location,,,Suspect charged as part of another case
fa82ec1643a487bc32720e015d7d3254416896d9a944c13859380f2d4cc1ea7f,2023-01,Norfolk Constabulary,Norfolk Constabulary,,,No location,,,Unable to prosecute suspect
e7333576a0a326cdc593b5e969af9cf370de7f390645c08ec0146690e6d8235e,2023-01,Norfolk Constabulary,Norfolk Constabulary,,,No location,,,Unable to prosecute suspect
70a894bd9cdcd5fad2cde1a54db52a147c490a5b0dfcefdaa635cf8fbd39545e,2023-01,Norfolk Constabulary,Norfolk Constabulary,1.295213,52.627089,On or near Orford Street,E01026822,Norwich 007A,Investigation complete; no suspect identified
6345d38850e4455cc185e8f84774270823dd9d80f532e6e4f1d5460361c0a324,2023-01,Norfolk Constabulary,Norfolk Constabulary,,,No location,,,Offender given a caution
a471f5e2c3001830109a67030a396b2867b4a4e9ef61013585f3af1af7c85463,2023-01,Norfolk Constabulary,Norfolk Constabulary,,,No location,,,Investigation complete; no suspect identified
1a24355092926363cae60cd3b29163412da23142a99cc287fb79c6aea3f4c39f,2023-01,Norfolk Constabulary,Norfolk Constabulary,1.284685,52.690301,On or near Waterloo Road,E01026549,Broadland 005A,Unable to prosecute suspect
df7c1bd77e65ca79feaff55401176b9a5142634e77f18dd949aa42b608079739,2023-01,Norfolk Constabulary,Norfolk Constabulary,1.125302,52.377859,On or near Prince William Way,E01033539,South Norfolk 015G,Investigation complete; no suspect identified
d6bf773dbeed8241055236540c32db9c0f0db734bdcc211375fac793daac825a,2023-01,Norfolk Constabulary,Norfolk Constabulary,-1.201348,52.921772,On or near Maple Avenue,E01028082,Broxtowe 012C,Action to be taken by another organisation
4610eb725c71435de86c3aad7a096e8a0ff7b0d626c37dd2006df0ad9da5b4d3,2023-01,Norfolk Constabulary,Norfolk Constabulary,0.296036,52.758470,On or near Saxon Close,E01026712,King's Lynn and West Norfolk 008C,Investigation complete; no suspect identified
0603dc4c6137032812e37568e514331e2c66eb97060e661484bb3e8a7aa91d3e,2023-01,Norfolk Constabulary,Norfolk Constabulary,0.541474,52.521855,On or near Herbert Drive,E01026651,King's Lynn and West Norfolk 019D,Unable to prosecute suspect
d86c8ad5c91700d2316d290050977dff0b663d9f11e595b1c602cef5204d7997,2023-01,Norfolk Constabulary,Norfolk Constabulary,1.208929,52.554984,On or near School Close,E01026913,South Norfolk 009A,Unable to prosecute suspect
4dd83abb8e329ac9f228c49a5c3851cabdf48e03c3abfea129309bb1e1a84f84,2023-01,Norfolk Constabulary,Norfolk Constabulary,1.479566,52.529658,On or near Leman Grove,E01026911,South Norfolk 008C,Unable to prosecute suspect
d12d2adf1c9df3869a0f26cbf2442ec077fd6a4af876fb23ef0ebb3aa47a5319,2023-01,Norfolk Constabulary,Norfolk Constabulary,0.418953,52.719510,On or near Freebridge Haven,E01026724,King's Lynn and West Norfolk 014E,Unable to prosecute suspect
c2ce812a69b6f63d3e7b3f05656d8a937d8971977f03a91ea5485119f4d29782,2023-01,Norfolk Constabulary,Norfolk Constabulary,1.713743,52.604935,On or near Ladbrooke Road,E01026635,Great Yarmouth 007D,Unable to prosecute suspect
4207e484675098aa0cb028024a7a5e45eb9dcb91f470a694a6782e7dce54d294,2023-01,Norfolk Constabulary,Norfolk Constabulary,1.713743,52.604935,On or near Ladbrooke Road,E01026635,Great Yarmouth 007D,Unable to prosecute suspect
c24afad9f482f3a07660d6e96b9eaed6ff9b9433e9c8b18f7bacd98026759493,2023-01,Norfolk Constabulary,Norfolk Constabulary,0.396073,52.754575,On or near White Lion Court,E01026699,King's Lynn and West Norfolk 011B,Suspect charged
7039e52bf8b71216659aa5d104d6f53e2ea886b9b789e762934ee46b3d5312b8,2023-01,Norfolk Constabulary,Norfolk Constabulary,0.928941,52.669101,On or near Fen Road,E01026454,Breckland 004D,Offender given a caution
d735c904ede54d010950fe036e165549656790e2f340a0115d605726f79d9cf9,2023-01,Norfolk Constabulary,Norfolk Constabulary,0.774712,52.648498,On or near Briar Close,E01026446,Breckland 004A,Unable to prosecute suspect
5608389459f25915924731ca8f61f6fb1b2f2fb3a4ab4311c36c37e337621c1b,2023-01,Norfolk Constabulary,Norfolk Constabulary,1.298450,52.630425,On or near Queen Street,E01033438,Norwich 014A,Unable to prosecute suspect
f716f71362b157358cb02b2886a0c01408737ec3293839bcdce4a9375cc8b3fe,2023-01,Norfolk Constabulary,Norfolk Constabulary,1.212964,52.647643,On or near Richmond Road,E01026925,South Norfolk 001F,Unable to prosecute suspect
a2071d095c7bf64de05f749072bd0cb2024404dbf4e7bce36e9eae982eea025c,2023-01,Norfolk Constabulary,Norfolk Constabulary,1.714031,52.603451,On or near ,E01026634,Great Yarmouth 007C,Suspect charged
a10abc4cbad2e0c0e84fb8ce7d9f7aa2a40aae51b3ef563180df1e8881674d5c,2023-01,Norfolk Constabulary,Norfolk Constabulary,1.321939,52.659106,On or near Stonehouse Road,E01026553,Broadland 012A,Unable to prosecute suspect
9bcdba70e667adef7207ec62a36c687212db184fc01357f485dad714f3238a16,2023-01,Norfolk Constabulary,Norfolk Constabulary,1.292090,52.628795,On or near St Peters Street,E01026822,Norwich 007A,Investigation complete; no suspect identified
b3b9c309932c76269b28537ef535f843195660625f0988c5f2e2226ebc1534cb,2023-01,Norfolk Constabulary,Norfolk Constabulary,0.410205,52.761986,On or near Bays Close,E01026687,King's Lynn and West Norfolk 007A,Unable to prosecute suspect
41217494144feba0cbf3297fcfebe1780195f4b466f2fdb3bcda00e2569c59b6,2023-01,Norfolk Constabulary,Norfolk Constabulary,1.265497,52.653751,On or near Woods Close,E01026531,Broadland 011B,Unable to prosecute suspect
32f9eee80aaf2bd11fb0e8437fa76140906f6710ac7d4a40fd1cc9d114f0ca18,2023-01,Norfolk Constabulary,Norfolk Constabulary,1.726106,52.607676,On or near ,E01026597,Great Yarmouth 005C,Suspect charged
4ae5c623284b92d31f168c1726722fcf3e624993c70237321e0755e477bcd38e,2023-01,Norfolk Constabulary,Norfolk Constabulary,1.191296,52.467550,On or near Frost's Lane,E01026886,South Norfolk 014C,Action to be taken by another organisation
78925ce9b36e9be3891297dc0743ded4eca6602a418738cd5098e200f0f53793,2023-01,Norfolk Constabulary,Norfolk Constabulary,1.714603,52.574101,On or near ,E01026604,Great Yarmouth 009D,Investigation complete; no suspect identified
2274b1a04b5e9ef4037cb090bcf70e7d445019a42669703c76d870de771c3d78,2023-01,Norfolk Constabulary,Norfolk Constabulary,1.464028,52.673022,On or near Hulver Road,E01026504,Broadland 014A,Unable to prosecute suspect
de4c7c89f70fe4cb568949acd19245dcdf68c744664324bc207a9602525473eb,2023-01,Norfolk Constabulary,Norfolk Constabulary,1.044456,52.532397,On or near Elm Drive,E01026448,Breckland 013C,Unable to prosecute suspect
efc3f5c53d1ce14119d6315c42d057fe02a263aff524f33e7b5282bf14049f35,2023-01,Norfolk Constabulary,Norfolk Constabulary,1.259944,52.625044,On or near Bunnett Square,E01026859,Norwich 010B,Unable to prosecute suspect
d51affe891abf4693197f3193c57bc4c95856e348cad0c1b36f33e87193ebf56,2023-01,Norfolk Constabulary,Norfolk Constabulary,1.727462,52.580694,On or near ,E01026632,Great Yarmouth 009E,Investigation complete; no suspect identified
825948291a67d1c33167c45988d7ee4f6db8364ade866f92ae2eed4cf08fddff,2023-01,Norfolk Constabulary,Norfolk Constabulary,1.304279,52.653232,On or near Parkland Crescent,E01026556,Broadland 012D,Investigation complete; no suspect identified
b8ee9d970603e6bcf1566e1cdb1d2e7365295b6c02ebcd8ad4e66a1226d197bb,2023-01,Norfolk Constabulary,Norfolk Constabulary,1.265195,52.663580,On or near Reepham Road,E01026532,Broadland 011C,Unable to prosecute suspect
0f0ecc52d35416da2c8be5b4463917dd5b5eb109bc46736162cf1f33527de27a,2023-01,Norfolk Constabulary,Norfolk Constabulary,1.309800,52.636080,On or near Pockthorpe Gate,E01026848,Norwich 015A,Unable to prosecute suspect
e5380efaf388ca8d026c1c6aff63642b1c4e1aceec418086753148fd90e8d256,2023-01,Norfolk Constabulary,Norfolk Constabulary,1.334864,52.574768,On or near Stoke Road,E01026926,South Norfolk 006C,Unable to prosecute suspect
d8b2ea4ed7886b8148c71462b20299fae3f29821ab7cca4b315a53050c57e1b0,2023-01,Norfolk Constabulary,Norfolk Constabulary,1.261345,52.800773,On or near Waterway Loke,E01026503,Broadland 001E,Unable to prosecute suspect
4adf54f057349e6e5acf7523abe32a2fe13966ef76d8411bcbed5e12a68562b7,2023-01,Norfolk Constabulary,Norfolk Constabulary,0.417152,52.734599,On or near A10,E01026724,King's Lynn and West Norfolk 014E,Suspect charged
974c0570151a981ee4f658b5383011241abd57f83b070fea54979d112803e76d,2023-01,Norfolk Constabulary,Norfolk Constabulary,1.279350,52.627224,On or near Grosvenor Road,E01026835,Norwich 009A,Investigation complete; no suspect identified
2bb03c61efce86aab4f3d76d52a0c62659798d70150e3c458a34de8ff1be6132,2023-01,Norfolk Constabulary,Norfolk Constabulary,1.321958,52.625244,On or near Roseville Close,E01026849,Norwich 015B,Suspect charged
439b1879f9a62197eaecb43241cd6feb17b74578fbc8c39a52e88eb611c237c4,2023-01,Norfolk Constabulary,Norfolk Constabulary,1.625532,52.536156,On or near Priory Close,E01026613,Great Yarmouth 012A,Unable to prosecute suspect
fe3f76b181ae89ae8e71ff24056d58fa2366e2251f3526962b1a6c5cda5481e3,2023-01,Norfolk Constabulary,Norfolk Constabulary,1.261345,52.800773,On or near Waterway Loke,E01026503,Broadland 001E,Further investigation is not in the public interest
2f387079d7652db5582bc55000eed9b38734615842ee4e147321e8b8bd16826d,2023-01,Norfolk Constabulary,Norfolk Constabulary,1.310495,52.628254,On or near Ella Road,E01033439,Norwich 014B,Investigation complete; no suspect identified
c4c24a355db2786741be4e6d60b7863a32ca59147c5f4361224b5370f4886d4b,2023-01,Norfolk Constabulary,Norfolk Constabulary,0.741279,52.418187,On or near Abbey Barns Court,E01026465,Breckland 015A,Investigation complete; no suspect identified
b728a11e9f6b0d34896f867d8eea67b3a9c0f2efa80730fafb85b72ef90a2d42,2023-01,Norfolk Constabulary,Norfolk Constabulary,1.284495,52.625471,On or near Globe Place,E01033437,Norwich 011H,Unable to prosecute suspect
93bc0d298aa006da032c6faf5290a3d27fe6e59fa8c7479c249467346b3ce6f2,2023-01,Norfolk Constabulary,Norfolk Constabulary,0.386505,52.557363,On or near Power's Place,E01026679,King's Lynn and West Norfolk 018A,Unable to prosecute suspect
ddba3f2539ba5a9ee7cdfb928cbfae8f781e2aa5569012ad25f658e641ca8171,2023-01,Norfolk Constabulary,Norfolk Constabulary,0.383625,52.603549,On or near St Edmund's Road,E01033039,King's Lynn and West Norfolk 017H,Unable to prosecute suspect
de142002250b6a57dd0634c6057730fb2d56a659870e1f04488c4a807b5cf753,2023-01,Norfolk Constabulary,Norfolk Constabulary,0.927326,52.664195,On or near Strasbourg Way,E01026433,Breckland 005E,Unable to prosecute suspect
de142002250b6a57dd0634c6057730fb2d56a659870e1f04488c4a807b5cf753,2023-01,Norfolk Constabulary,Norfolk Constabulary,0.927326,52.664195,On or near Strasbourg Way,E01026433,Breckland 005E,Unable to prosecute suspect
52f6127a37ddae1e63f52d578946af6bf0fe99e8edfc31b3277f96a8d9371bfe,2023-01,Norfolk Constabulary,Norfolk Constabulary,1.524482,52.769516,On or near Yarmouth Road,E01026774,North Norfolk 013A,Investigation complete; no suspect identified
f853981f662c12ab4b4ac90f2aed90cc03d148d2e15d54f3d27360c9f8fc2625,2023-01,Norfolk Constabulary,Norfolk Constabulary,1.093707,52.902524,On or near Coronation Road,E01026743,North Norfolk 004C,Investigation complete; no suspect identified
8504569532ed8abb658001910eec54f5e8b3b69adc06a45b091eccd8f3847c98,2023-01,Norfolk Constabulary,Norfolk Constabulary,0.385451,52.756012,On or near Bird Close,E01026705,King's Lynn and West Norfolk 011E,Unable to prosecute suspect
8504569532ed8abb658001910eec54f5e8b3b69adc06a45b091eccd8f3847c98,2023-01,Norfolk Constabulary,Norfolk Constabulary,0.385451,52.756012,On or near Bird Close,E01026705,King's Lynn and West Norfolk 011E,Unable to prosecute suspect
8504569532ed8abb658001910eec54f5e8b3b69adc06a45b091eccd8f3847c98,2023-01,Norfolk Constabulary,Norfolk Constabulary,0.385451,52.756012,On or near Bird Close,E01026705,King's Lynn and West Norfolk 011E,Unable to prosecute suspect
3876abdbfa74c19fb052f9e2cf495d233ebbcf2e0cf4ee9ba48111b1b14d0d4c,2023-01,Norfolk Constabulary,Norfolk Constabulary,0.941158,52.681622,On or near ,E01026426,Breckland 005B,Unable to prosecute suspect
314109096f3b41dfc3faf04d4b6eb0cb89486a08a7290ae584673893ff750d77,2023-01,Norfolk Constabulary,Norfolk Constabulary,0.732793,52.412250,On or near St John's Way,E01026474,Breckland 017A,Unable to prosecute suspect
b7977be7cd404748340e69a4836e774bf6c6ed94c7717e0d469c2c01a0f55b72,2023-01,Norfolk Constabulary,Norfolk Constabulary,1.186127,52.664934,On or near Woodpecker Way,E01033538,South Norfolk 001G,Investigation complete; no suspect identified
460f3e48910032e44e678c60953f95fecebfca4c0979bf1def833f79200d8144,2023-01,Norfolk Constabulary,Norfolk Constabulary,1.730663,52.608450,On or near The Crans,E01026597,Great Yarmouth 005C,Local resolution
bddeaf39bc7fb132f01bcf3debf8e331f7f2b91faf119b638b679a2b4b11a9d2,2023-01,Norfolk Constabulary,Norfolk Constabulary,0.969171,52.681220,On or near Ash Close,E01026430,Breckland 003C,Unable to prosecute suspect
ff45113a24da6ca3134fd98269f2bec5d809ef1d0fec974101143113f30381ab,2023-01,Norfolk Constabulary,Norfolk Constabulary,1.237882,52.638285,On or near Peto Court,E01026793,Norwich 005C,Unable to prosecute suspect
56a539476c98599f61cbeeb2d2f17545118c4d927f19de62ab19c38a83fd5239,2023-01,Norfolk Constabulary,Norfolk Constabulary,1.275789,52.594801,On or near ,E01026937,South Norfolk 006G,Investigation complete; no suspect identified
d0ccaf85a18fdb2843b9ae7119fa7d8fba15fbe2997a68cbb15f979adaad9950,2023-01,Norfolk Constabulary,Norfolk Constabulary,1.226116,52.648742,On or near Hill Crest,E01026916,South Norfolk 001A,Unable to prosecute suspect
29948d00153ae3ec0d547aba3988c0f9564784c94efb12f1cfdd930af1db399a,2023-01,Norfolk Constabulary,Norfolk Constabulary,0.747125,52.414274,On or near King Street,E01026468,Breckland 016A,Unable to prosecute suspect
4f57b28c34af2fa83987b004be2090c02f7e907ada9c8aeab3eccf43452a0850,2023-01,Norfolk Constabulary,Norfolk Constabulary,1.718818,52.613554,On or near ,E01026597,Great Yarmouth 005C,Unable to prosecute suspect
7672eda334857a23b6137473d0cc236a9becb072b6903b23fffa92ab1ca88fa2,2023-01,Norfolk Constabulary,Norfolk Constabulary,1.238513,52.703389,On or near St Helena Way,E01026537,Broadland 004E,Unable to prosecute suspect
a8a246bf86b7b3e9836244fe73bbcdb49becd225e5b951aac2d41f74cf05aa11,2023-01,Norfolk Constabulary,Norfolk Constabulary,0.659608,52.775735,On or near Walcup's Lane,E01026718,King's Lynn and West Norfolk 004D,Investigation complete; no suspect identified
56dc4702ba0bf9d9d3b3b6a29ff757234cf3f04f0c1b1d0fb86d96f53f55bc7e,2023-01,Norfolk Constabulary,Norfolk Constabulary,1.186127,52.664934,On or near Woodpecker Way,E01033538,South Norfolk 001G,Unable to prosecute suspect
a65f1e5c1f1fd37799a61c2dfc9b5ed1f0ea6f98e5d33150d2318490c98599bf,2023-01,Norfolk Constabulary,Norfolk Constabulary,1.292367,52.626970,On or near William Booth Street,E01026822,Norwich 007A,Investigation complete; no suspect identified
1dcaf47e66bca05659851472b790597462341eb89ff83652e8f94684eba1efd9,2023-01,Norfolk Constabulary,Norfolk Constabulary,1.243343,52.793767,On or near Jannys Close,E01026502,Broadland 001D,Unable to prosecute suspect
d5893648a928da3b9b6228e08a538104f688951c6301b88880b908837767d0f3,2023-01,Norfolk Constabulary,Norfolk Constabulary,0.941109,52.683529,On or near ,E01026429,Breckland 003B,Investigation complete; no suspect identified
a8d9cd64e056b15d56cc08a94df53e3f96269ee4aa9b7db190fe4ee500fb986f,2023-01,Norfolk Constabulary,Norfolk Constabulary,1.292367,52.626970,On or near William Booth Street,E01026822,Norwich 007A,Investigation complete; no suspect identified
3165b783e467b01d8827fe2697530686fa974487513406e8d3ffefd703b653a7,2023-01,Norfolk Constabulary,Norfolk Constabulary,1.721563,52.576086,On or near Paston Road,E01026630,Great Yarmouth 010D,Unable to prosecute suspect
0016e19a16e577ff56f8ccc6be1f69db4304c73e4a85bab9848bfbc8c17c436b,2023-01,Norfolk Constabulary,Norfolk Constabulary,1.063043,52.718174,On or near Port Row,E01026436,Breckland 001A,Investigation complete; no suspect identified
6b8bdf56fdc387c11d377785965111f7860d5307c050d1f59afb1526a7ca0d94,2023-01,Norfolk Constabulary,Norfolk Constabulary,1.332954,52.626806,On or near A1242,E01026577,Broadland 016D,Unable to prosecute suspect
9c08bc400fab33f99042b568e8a10d5e1723bb47546ee8bc3c8e242d0e93e67f,2023-01,Norfolk Constabulary,Norfolk Constabulary,0.435417,52.754790,On or near Glaven,E01026663,King's Lynn and West Norfolk 010B,Unable to prosecute suspect
4d03b44543e640e0d717eb2b3fe48ae80eaf93cf2c000b51b1b148111551a596,2023-01,Norfolk Constabulary,Norfolk Constabulary,,,No location,,,Investigation complete; no suspect identified
3e6621f34767f480655892ea98c80e438e1fce3b0b69c2b618476c16d995529f,2023-01,Norfolk Constabulary,Norfolk Constabulary,0.400563,52.747839,On or near South Everard Street,E01026700,King's Lynn and West Norfolk 011C,Investigation complete; no suspect identified
5764084732ddd41e7080fa0129bf85878022f513e7a379d236c01717e2798fff,2023-01,Norfolk Constabulary,Norfolk Constabulary,1.192676,52.648245,On or near Minotaur Way,E01033538,South Norfolk 001G,Investigation complete; no suspect identified
d0fcdea3407ca2e971d9542bf62b18e20871e3c0b730a16955b186407372fcef,2023-01,Norfolk Constabulary,Norfolk Constabulary,0.794442,52.721116,On or near Dunham Road,E01026443,Breckland 002B,Investigation complete; no suspect identified
9543b20c696d6a455670db3c6ced248b1b9b92698a0033874a592bbad1e27a99,2023-01,Norfolk Constabulary,Norfolk Constabulary,0.743940,52.405625,On or near Tudor Close,E01026477,Breckland 017D,Unable to prosecute suspect
0e10a114db06c66c671345f5fa3c79e6f6d488d707e41ab4821167f6e7cb11e2,2023-01,Norfolk Constabulary,Norfolk Constabulary,,,No location,,,Unable to prosecute suspect
b4369c9a8039350e572f984b0adbdcc6d89d7ad2ff4488fa9f485cb025bd7daf,2023-01,Norfolk Constabulary,Norfolk Constabulary,0.746713,52.408600,On or near Amulet Close,E01026475,Breckland 017B,Unable to prosecute suspect
d103447d6c6979632c6e687c1a6ec0366ac0d2d55d24340608e1195ff2fdc09d,2023-01,Norfolk Constabulary,Norfolk Constabulary,1.282935,52.653377,On or near Harry Watson Court,E01026797,Norwich 001A,Suspect charged
2581f8080b54f421ebfe91bc426d6bdeb4fda1d3b907ef1628019aba37154bb8,2023-01,Norfolk Constabulary,Norfolk Constabulary,0.402171,52.765754,On or near Walpole Road,E01026687,King's Lynn and West Norfolk 007A,Unable to prosecute suspect
ad5f9cbf9a63a0f60069743ea900dcb93057c6bd7d717c943680b6d60f3a5588,2023-01,Norfolk Constabulary,Norfolk Constabulary,0.367905,52.607821,On or near Otter Close,E01026686,King's Lynn and West Norfolk 017C,Unable to prosecute suspect
2b98a37937180221dd1c594cea72c8e161f88bd84d210c07259fe3566bc451f1,2023-01,Norfolk Constabulary,Norfolk Constabulary,1.289736,52.729489,On or near Pollard Road,E01026533,Broadland 004A,Unable to prosecute suspect
51b887f5610f0ae95a3fd6a2be15556804e107b414f05ac629f58933714ea5eb,2023-01,Norfolk Constabulary,Norfolk Constabulary,0.367905,52.607821,On or near Otter Close,E01026686,King's Lynn and West Norfolk 017C,Unable to prosecute suspect
14ef81e06b7a91907f1b504f73970f93559451f99ba40e2b0addbc5e3f12aed9,2023-01,Norfolk Constabulary,Norfolk Constabulary,1.301095,52.629245,On or near ,E01033438,Norwich 014A,Unable to prosecute suspect
baf66eb9584e39cdcdb1baffa1c6b69f97929dbcb897ab243346abe79580ebe1,2023-01,Norfolk Constabulary,Norfolk Constabulary,0.728801,52.581484,On or near The Street,E01026444,Breckland 012B,Unable to prosecute suspect
db9b128f532c2a22a32e9dc3b00fdea58c6c974bbc2ece546da625584f30de88,2023-01,Norfolk Constabulary,Norfolk Constabulary,0.826787,52.570587,On or near Gregor Shanks Way,E01026488,Breckland 009C,Unable to prosecute suspect
afbdd4737482f03e04cc14bbe91f6d40c93899b93c570cde51f1657ae6e84a19,2023-01,Norfolk Constabulary,Norfolk Constabulary,0.746713,52.408600,On or near Amulet Close,E01026475,Breckland 017B,Unable to prosecute suspect
295216034ab3560bc1e124f97073f23521cb6b33703f37efd37a55df5eb60d8f,2023-01,Norfolk Constabulary,Norfolk Constabulary,1.307885,52.623246,On or near ,E01033441,Norwich 014D,Unable to prosecute suspect
cab8854e27f453f0b42edd2ac7075b3c4a5b9880bdbf27a811156869d53726b4,2023-01,Norfolk Constabulary,Norfolk Constabulary,1.302627,52.628969,On or near Prince Of Wales Road,E01033438,Norwich 014A,Unable to prosecute suspect
e286949f6ef3ba90cf682ac470ddf6699f331b778d90e57861ef6a740e5a9630,2023-01,Norfolk Constabulary,Norfolk Constabulary,1.729083,52.603418,On or near Orford Close,E01026625,Great Yarmouth 006D,Investigation complete; no suspect identified
f5c57c0100a1576de78d80bf8cbc60012d5a2e01b0fd6e7038fe8f83bb127379,2023-01,Norfolk Constabulary,Norfolk Constabulary,1.283264,52.630353,On or near Paragon Place,E01026824,Norwich 007C,Unable to prosecute suspect
da9eaf965a832c934323c7cad6e34381661f89c5d2e8cbabed55e95f21da1a07,2023-01,Norfolk Constabulary,Norfolk Constabulary,0.876011,52.495282,On or near The Street,E01026491,Breckland 010E,Unable to prosecute suspect
edf230e5b272bac816ac69bad187b4805e8f04f5ef5d6e690de421edb5589bc1,2023-01,Norfolk Constabulary,Norfolk Constabulary,1.388261,52.821542,On or near Church Street,E01026753,North Norfolk 010A,Investigation complete; no suspect identified
4806b84400501c78ef89f4c20d997d2769ca82c25ec4fa4df0e3e78ad53e03d8,2023-01,Norfolk Constabulary,Norfolk Constabulary,0.289406,52.739158,On or near Bullock Road,E01026713,King's Lynn and West Norfolk 008D,Unable to prosecute suspect
b2fdb52004d8c2b921acdb95a01cc1b34c387c73eb72ab014ff2d5231cfdd9df,2023-01,Norfolk Constabulary,Norfolk Constabulary,0.289406,52.739158,On or near Bullock Road,E01026713,King's Lynn and West Norfolk 008D,Unable to prosecute suspect
f8232e6005680ba3959ca2bc2aa6dd2c3a562847a75022dc3ecdeaf25f58c42a,2023-01,Norfolk Constabulary,Norfolk Constabulary,0.940751,52.679303,On or near ,E01026426,Breckland 005B,Offender given a caution
49cec159be1208fea741d9be2af5f600c07b180667f5b4db0e1d6dd13d6cfc8c,2023-01,Norfolk Constabulary,Norfolk Constabulary,0.940751,52.679303,On or near ,E01026426,Breckland 005B,Suspect charged
331f8e524133fd652b4189037016857bc1a67ee682140e35ea18223ecc07543b,2023-01,Norfolk Constabulary,Norfolk Constabulary,0.397950,52.755292,On or near ,E01026698,King's Lynn and West Norfolk 011A,Unable to prosecute suspect
a21867e3559b16cbbd8709fe6ef986ca883dad48090105421a64c8c979a3a888,2023-01,Norfolk Constabulary,Norfolk Constabulary,1.726111,52.573658,On or near Keppel Road,E01026631,Great Yarmouth 010E,Unable to prosecute suspect
33e52c933307aa0f101cb67ef79428ecfb0668e1477667bfd4ddb6bab2bd50a6,2023-01,Norfolk Constabulary,Norfolk Constabulary,0.420417,52.770248,On or near Whisson Close,E01026670,King's Lynn and West Norfolk 006B,Unable to prosecute suspect
880949126ea215b6d2491fb3fba64edc54d18b1d468a684c16f18ab01fb7a45f,2023-01,Norfolk Constabulary,Norfolk Constabulary,1.732941,52.594598,On or near Barkis Road,E01026622,Great Yarmouth 006A,Unable to prosecute suspect
c8433bb6b272e71535ced5a97fcc167232455ffda3d0cfbac19e2eeeadaf4232,2023-01,Norfolk Constabulary,Norfolk Constabulary,1.378936,52.824389,On or near Lavender Way,E01026761,North Norfolk 010I,Unable to prosecute suspect
a5cca6943300e652423dc49e2d3dd624ca28b592a64b510c23b180a4820b2599,2023-01,Norfolk Constabulary,Norfolk Constabulary,1.721563,52.576086,On or near Paston Road,E01026630,Great Yarmouth 010D,Unable to prosecute suspect
47bd2c2d1747b2acd88bb585b3eb985e0c219521f50985b22d38caccc8870584,2023-01,Norfolk Constabulary,Norfolk Constabulary,1.446276,52.465777,On or near Station Road,E01026893,South Norfolk 012B,Unable to prosecute suspect
a2c6dbd8683a1879afec596fec9400bfc26dbb3824cb6f47d593eb927ccc535c,2023-01,Norfolk Constabulary,Norfolk Constabulary,1.446276,52.465777,On or near Station Road,E01026893,South Norfolk 012B,Unable to prosecute suspect
8042092ab08a5206f8a571efa12f588e5b8b6e6606b0b11f753d8c15fce107f4,2023-01,Norfolk Constabulary,Norfolk Constabulary,1.382705,52.828941,On or near Stanford Tuck Road,E01026761,North Norfolk 010I,Unable to prosecute suspect
33b8aca4c2e6e8e4e71a350696722cbe50faec8381e4efcbbd50ba189df0fe4b,2023-01,Norfolk Constabulary,Norfolk Constabulary,1.273582,52.654679,On or near Gowing Court,E01026832,Norwich 002E,Unable to prosecute suspect
515c9dacd57280993cf9f5e67f810b5d31a45f67e94221a8be4f4c75e053133b,2023-01,Norfolk Constabulary,Norfolk Constabulary,0.737092,52.412573,On or near Prior Stephen Way,E01026474,Breckland 017A,Unable to prosecute suspect
82ed9387c97e815258dd261eff23398e27cf992b8988243f8c047faa0401749c,2023-01,Norfolk Constabulary,Norfolk Constabulary,1.042841,52.854550,On or near Burston Close,E01026730,North Norfolk 008B,Unable to prosecute suspect
2e402619e89e8eadc6bd6bed0a7b03738732fbcf4c8962983d07c0bc78690f5a,2023-01,Norfolk Constabulary,Norfolk Constabulary,1.310368,52.636559,On or near Heathgate,E01026848,Norwich 015A,Unable to prosecute suspect
48110e4b6c419f116d95b2c3156efb869894a1e0e28f42a38b9c666d6c3e6a6c,2023-01,Norfolk Constabulary,Norfolk Constabulary,1.279052,52.622456,On or near Gloucester Street,E01026856,Norwich 011E,Unable to prosecute suspect
9c7817de0aab51c358ecebcd8cc5e2220b440d8938a6be89c7e26745d626d873,2023-01,Norfolk Constabulary,Norfolk Constabulary,1.323223,52.624390,On or near The Sidings,E01026849,Norwich 015B,Unable to prosecute suspect
520922af9f7e8227e2cc175e1ca78c6f2e571e1155ef4509221b713bbf2f207c,2023-01,Norfolk Constabulary,Norfolk Constabulary,1.293223,52.644466,On or near Sun Lane,E01026843,Norwich 003C,Investigation complete; no suspect identified
c166e04473ad2e1ce5e55dd992633ea3a404df3328d6edac6ded51ef222c9f12,2023-01,Norfolk Constabulary,Norfolk Constabulary,1.319237,52.637318,On or near Knox Close,E01026806,Norwich 004D,Action to be taken by another organisation
c337bce2e7fe48d80e99c5689dee27b3412a13782beadae7981e67abb24a67c8,2023-01,Norfolk Constabulary,Norfolk Constabulary,1.316662,52.728622,On or near ,E01026515,Broadland 003B,Investigation complete; no suspect identified
2c0e8e23ebd2ba686487cdffaf1b72c3875677b4564247b9c9b569d8fdf4ea74,2023-01,Norfolk Constabulary,Norfolk Constabulary,1.731731,52.593737,On or near Copperfield Avenue,E01026622,Great Yarmouth 006A,Unable to prosecute suspect
d13dc2ba1119b4c78adcdfb637c4a013f4683b99ee181ac71b4582a965e854ce,2023-01,Norfolk Constabulary,Norfolk Constabulary,1.311088,52.625926,On or near Stracey Road,E01033439,Norwich 014B,Unable to prosecute suspect
2f2da1ec6846fe9b80adf51fae47527ddd45777089e497eaaf2be332644607f7,2023-01,Norfolk Constabulary,Norfolk Constabulary,1.276677,52.644655,On or near ,E01026828,Norwich 002A,Unable to prosecute suspect
97a812a64d38c0c148067a043b0ba9e66e3c4b5804c692bc03f3547fec25dad0,2023-01,Norfolk Constabulary,Norfolk Constabulary,0.414299,52.708698,On or near Fuller Close,E01026723,King's Lynn and West Norfolk 014D,Unable to prosecute suspect
23dba0fe3ca932905f521ed76b6f0ffd6f821f49bee85802c7dc23c8379f0366,2023-01,Norfolk Constabulary,Norfolk Constabulary,0.412891,52.767128,On or near Ada Coxon Close,E01026690,King's Lynn and West Norfolk 007D,Unable to prosecute suspect
aa2fe5a917063bdc8c70b09684b37960f2af35ea80e14b65269c3a1f713ea6d5,2023-01,Norfolk Constabulary,Norfolk Constabulary,0.111135,52.388357,On or near York Road,E01018056,East Cambridgeshire 002E,Unable to prosecute suspect
3f3c6eb658b94ceb3260767a9daa7c6cf786c8f14eb9e2e9fad2c09da8c19e39,2023-01,Norfolk Constabulary,Norfolk Constabulary,1.276677,52.644655,On or near ,E01026828,Norwich 002A,Unable to prosecute suspect
0a9407e21368d1118cb08d80833fad0d0b67f77eedd3ea22ab4cbe669fecc657,2023-01,Norfolk Constabulary,Norfolk Constabulary,1.729492,52.606490,On or near Alexandra Road,E01026623,Great Yarmouth 006B,Investigation complete; no suspect identified
0317688dae8a5876b5b54bf9f6131b1082cd0269b0f46120896a3f9ac0986f20,2023-01,Norfolk Constabulary,Norfolk Constabulary,1.252076,52.787331,On or near Wade Close,E01026499,Broadland 001A,Unable to prosecute suspect
fad8914e7cdb2997bf523a17375ee761ee9fcd2dbfe1346af34fabdd73856b33,2023-01,Norfolk Constabulary,Norfolk Constabulary,1.279052,52.622456,On or near Gloucester Street,E01026856,Norwich 011E,Unable to prosecute suspect
8d5130d527f97cdb3723689fd3925d98101c7be8a6084b42bb0dff5494701aa1,2023-01,Norfolk Constabulary,Norfolk Constabulary,1.245878,52.635269,On or near Cadge Close,E01026868,Norwich 006F,Investigation complete; no suspect identified
37e08c9213637d3c9e452e6bd1210f3f271c5196f974782b6eac25a19467360a,2023-01,Norfolk Constabulary,Norfolk Constabulary,1.296996,52.638416,On or near Garden Place,E01026826,Norwich 007E,Unable to prosecute suspect
82a1c4f43a81c93fef517e9bbc6c0923c77cac0af7e5a79ec9fb146c238c5f3f,2023-01,Norfolk Constabulary,Norfolk Constabulary,1.069210,52.674407,On or near Yew Tree Court,E01026481,Breckland 006C,Unable to prosecute suspect
532e00489c710f499fc6bdf39fce851fec2b6b436605c007ac0d816cd4ffa3c5,2023-01,Norfolk Constabulary,Norfolk Constabulary,1.189119,52.653207,On or near Ernest Gage Avenue,E01033538,South Norfolk 001G,Unable to prosecute suspect
28236f93e51136d9543573148a6a0ebd2fdd7b19e320bdbdae22edd6ab4e1f3b,2023-01,Norfolk Constabulary,Norfolk Constabulary,1.731666,52.625437,On or near Perebrown Avenue,E01026641,Great Yarmouth 004D,Investigation complete; no suspect identified
53300b8f38ae8fdc3907923839a289225b9799d5fcbfca3294b15303251499a3,2023-01,Norfolk Constabulary,Norfolk Constabulary,1.314635,52.631799,On or near Camp Grove,E01026850,Norwich 015C,Unable to prosecute suspect
c283e53a14f6ad0053b2f874192803287acc5e81353188231998788ee9804a67,2023-01,Norfolk Constabulary,Norfolk Constabulary,1.338914,52.644499,On or near Fugill Road,E01026809,Norwich 004G,Unable to prosecute suspect
8ecd6a3d3acbff57c82abdbc3851e6464524d7c16c3cc94cd6019fef85fc4848,2023-01,Norfolk Constabulary,Norfolk Constabulary,1.287320,52.645997,On or near Sawmill Court,E01026829,Norwich 002B,Unable to prosecute suspect
64d99378a169b693c0384270f79658ef0a86d6a9f429334ba78c9fab56948ef0,2023-01,Norfolk Constabulary,Norfolk Constabulary,0.418768,52.758961,On or near Swan Lane,E01026693,King's Lynn and West Norfolk 009D,Unable to prosecute suspect
9c36e09de2241ab184dbaa6c0bbe243ee1441551abfadea3b8954467a206eee6,2023-01,Norfolk Constabulary,Norfolk Constabulary,1.110939,52.760605,On or near Stewards Close,E01026547,Broadland 002E,Unable to prosecute suspect
b3e5fd14e20816ec67d16336a57569d917561dc110f470e2441adc65c7bcc581,2023-01,Norfolk Constabulary,Norfolk Constabulary,1.338914,52.644499,On or near Fugill Road,E01026809,Norwich 004G,Unable to prosecute suspect
ec3fcc97b1212c3da40e2575b81dae45b41a5d360f4fee5125dd5657caa29c41,2023-01,Norfolk Constabulary,Norfolk Constabulary,0.927326,52.664195,On or near Strasbourg Way,E01026433,Breckland 005E,Unable to prosecute suspect
ec3fcc97b1212c3da40e2575b81dae45b41a5d360f4fee5125dd5657caa29c41,2023-01,Norfolk Constabulary,Norfolk Constabulary,0.927326,52.664195,On or near Strasbourg Way,E01026433,Breckland 005E,Unable to prosecute suspect
02f2f5f27907e1a532ac8de64ffa32b277ac4f49e6e6988c9ba59d36fbedc919,2023-01,Norfolk Constabulary,Norfolk Constabulary,1.255389,52.797520,On or near Abbot's Close,E01026499,Broadland 001A,Unable to prosecute suspect
763733d215ca2d78879a4cbbd18ed8a45f8b293441d1383a4cbe0ed53879e20e,2023-01,Norfolk Constabulary,Norfolk Constabulary,0.405702,52.756394,On or near Dodmans Close,E01026698,King's Lynn and West Norfolk 011A,Investigation complete; no suspect identified
b68023a4b66ab4aaeb123ad5e951db399d54d187611f073d8d1e12908417d593,2023-01,Norfolk Constabulary,Norfolk Constabulary,0.748030,52.416537,On or near Claxton Close,E01026465,Breckland 015A,Investigation complete; no suspect identified
3cb8ff54aa24e0977476b69a6c8ed2211ef6bd489b8269c57650fe695a95a36b,2023-01,Norfolk Constabulary,Norfolk Constabulary,0.694497,52.652491,On or near Orford Road,E01026459,Breckland 007E,Unable to prosecute suspect
35756e46549ea6a215760185738c2d8c22b43e65f289989a8aeccd21ba021388,2023-01,Norfolk Constabulary,Norfolk Constabulary,1.311964,52.919757,On or near Links Avenue,E01026779,North Norfolk 003F,Offender given a caution
d2899dd139ec35f14d73b78633b65439ca5c34efd53199b12c303941e191e5fe,2023-01,Norfolk Constabulary,Norfolk Constabulary,1.294552,52.636380,On or near ,E01026826,Norwich 007E,Unable to prosecute suspect
829dc1b68e106961f5f2f34f717930cb8c1e25f0def0466f5b1138be5b9d44cd,2023-01,Norfolk Constabulary,Norfolk Constabulary,0.946429,52.676392,On or near ,E01026426,Breckland 005B,Unable to prosecute suspect
8db0ab7331b527c6b6c586b8703fae38b0ed526e7a0bf457d2aa34c3895dc804,2023-01,Norfolk Constabulary,Norfolk Constabulary,0.945325,52.676041,On or near ,E01026426,Breckland 005B,Investigation complete; no suspect identified
732d0b59a9b0d839604c3803668874f48cb9c478ab7b84c5cbed27a0bd8399ba,2023-01,Norfolk Constabulary,Norfolk Constabulary,1.491824,52.844962,On or near Ridlington Road,E01026752,North Norfolk 007D,Unable to prosecute suspect
1de81b3483ff7fc2b34be8d13671a4a0b760a73ec78214dcfd68aee2957489b4,2023-01,Norfolk Constabulary,Norfolk Constabulary,1.243522,52.639983,On or near Jex Avenue,E01026869,Norwich 006G,Unable to prosecute suspect
4c923998161e1484343a5cc8c55a3e07fd48b9021e7f43c310c3c67b8367c49f,2023-01,Norfolk Constabulary,Norfolk Constabulary,0.946429,52.676392,On or near ,E01026426,Breckland 005B,Unable to prosecute suspect
0c83974776149ceb280db8e433df294f26af9479c8de3d4522934543ad96e873,2023-01,Norfolk Constabulary,Norfolk Constabulary,1.729492,52.606490,On or near Alexandra Road,E01026623,Great Yarmouth 006B,Local resolution
f5063a6c86e1861fa1eec99296a9c1cc007dca926e94db323d4b55f58ebe79e6,2023-01,Norfolk Constabulary,Norfolk Constabulary,1.727850,52.607172,On or near Theatre Plain,E01026597,Great Yarmouth 005C,Investigation complete; no suspect identified
5bec3b6b1d68232f2614dc4b902c40c35a0a79f09c95715615c679838b3e90f6,2023-01,Norfolk Constabulary,Norfolk Constabulary,0.494484,52.938827,On or near Cypress Place,E01026682,King's Lynn and West Norfolk 001C,Unable to prosecute suspect
cb7f26e46a58b87a1ceb096fe9551bbcd44e67333eb1099be48e800dbf7aabf4,2023-01,Norfolk Constabulary,Norfolk Constabulary,1.368939,52.542099,On or near Norwich Road,E01026875,South Norfolk 006A,Unable to prosecute suspect
cb7f26e46a58b87a1ceb096fe9551bbcd44e67333eb1099be48e800dbf7aabf4,2023-01,Norfolk Constabulary,Norfolk Constabulary,1.368939,52.542099,On or near Norwich Road,E01026875,South Norfolk 006A,Unable to prosecute suspect
b39e6fcee401e73363d9bb57a73d4402a005ef288f6b3abafa210c5440f0338b,2023-01,Norfolk Constabulary,Norfolk Constabulary,0.729302,52.401675,On or near Ash Close,E01026478,Breckland 017E,Investigation complete; no suspect identified
9481725721f62fe130f05d1ef1dd8871e019e4b47ae3c05041ec3ffbae0d2910,2023-01,Norfolk Constabulary,Norfolk Constabulary,1.256049,52.885690,On or near Metton Road,E01026732,North Norfolk 006B,Unable to prosecute suspect
d5c5860ba44b710ace61e71879709228f758088ef69c973461d7dbe71165cb14,2023-01,Norfolk Constabulary,Norfolk Constabulary,0.975836,52.522552,On or near Long Street,E01026420,Breckland 010B,Unable to prosecute suspect
c03bd51ebfcb32bb4f3198c96a06cca0235d3ef5f64f9efad9de7b0184a3348d,2023-01,Norfolk Constabulary,Norfolk Constabulary,1.256049,52.885690,On or near Metton Road,E01026732,North Norfolk 006B,Unable to prosecute suspect
f44fede8220cceda2aa602c1d52fba0325a1e12f8afa6b0018e32f6cd11d1778,2023-01,Norfolk Constabulary,Norfolk Constabulary,1.358025,52.779278,On or near Crossroad,E01026789,North Norfolk 012D,Unable to prosecute suspect
3055c5d98153bcd116bb09d2ab2a83656b4bf05327a7e215e972b46002b343ac,2023-01,Norfolk Constabulary,Norfolk Constabulary,1.715059,52.573727,On or near Windsor Way,E01026604,Great Yarmouth 009D,Unable to prosecute suspect
a54e9a229a79fef4a06d0c28e106835a2f711d769cda1c982d423e612d97d935,2023-01,Norfolk Constabulary,Norfolk Constabulary,1.307885,52.623246,On or near ,E01033441,Norwich 014D,Unable to prosecute suspect
a54e9a229a79fef4a06d0c28e106835a2f711d769cda1c982d423e612d97d935,2023-01,Norfolk Constabulary,Norfolk Constabulary,1.307885,52.623246,On or near ,E01033441,Norwich 014D,Unable to prosecute suspect
16ebb0a95677a249e83c75b4359010b13ed4e4aa1a9a5f5a9db3b0eecd2f3a16,2023-01,Norfolk Constabulary,Norfolk Constabulary,1.292367,52.626970,On or near William Booth Street,E01026822,Norwich 007A,Unable to prosecute suspect
587dc2716d51d52aa4a37cfff94d343c1dd012c5998ee24c90eda08056b1dc23,2023-01,Norfolk Constabulary,Norfolk Constabulary,0.732758,52.403123,On or near Oak Close,E01026478,Breckland 017E,Unable to prosecute suspect
c58f0ef90ee192e5e3cca50d78e037362ae1163f26d42c3537a8a4d317ec4a72,2023-01,Norfolk Constabulary,Norfolk Constabulary,1.099840,52.562444,On or near Crane Meadow Way,E01026885,South Norfolk 007B,Unable to prosecute suspect
a5491ea7931c2b61d9334ffb9651534da4568bb0ffc2798b9fd184514d04e6c0,2023-01,Norfolk Constabulary,Norfolk Constabulary,1.336318,52.645948,On or near Woodforde Road,E01026809,Norwich 004G,Unable to prosecute suspect
6d1704e9e2485e130cf9d8b2af070a845f6e6be245c52f93c0f7787031714a8b,2023-01,Norfolk Constabulary,Norfolk Constabulary,0.406670,52.758901,On or near Harewood Drive,E01026689,King's Lynn and West Norfolk 007C,Unable to prosecute suspect
dbf9726d411bf63f793fe1c2f05b86eb20eed206e65f856cce02f397574bba9c,2023-01,Norfolk Constabulary,Norfolk Constabulary,1.000899,52.508267,On or near Keeling Way,E01026422,Breckland 011A,Unable to prosecute suspect
7ca2d35a86b7df36f0e0b79e38e6c3ecda4bff0ff00e7e005f765ccd4cdbe37c,2023-01,Norfolk Constabulary,Norfolk Constabulary,1.099840,52.562444,On or near Crane Meadow Way,E01026885,South Norfolk 007B,Unable to prosecute suspect
8b9502da9f7a9eb571b5ea31fbbcc96ae00ce0a771750dc2e77ba5dd691a6999,2023-01,Norfolk Constabulary,Norfolk Constabulary,1.215090,52.443881,On or near ,E01026886,South Norfolk 014C,Unable to prosecute suspect
00ef1cfc0a970fca55dc7d2caab7ed8a8312e6c0e36ef8821b31b87ea093bb1b,2023-01,Norfolk Constabulary,Norfolk Constabulary,1.188919,52.608011,On or near Harness Maker Way,E01026908,South Norfolk 003D,Investigation complete; no suspect identified
4a95b9f741feaa568c244c877e68b509f1a39c1b12699bf98329f54f72e05708,2023-01,Norfolk Constabulary,Norfolk Constabulary,1.269940,52.651254,On or near Bowers Avenue,E01026833,Norwich 002F,Unable to prosecute suspect
6c04cea69cccca9b4262cd1bc81003f9734ed9dd04e628dd2322f16d05f60419,2023-01,Norfolk Constabulary,Norfolk Constabulary,1.405788,52.818612,On or near Hollybush Road,E01026754,North Norfolk 010B,Unable to prosecute suspect
612e8d207d1dc46d68f982bf2835283e8366145f72f4a99873252095381ba10f,2023-01,Norfolk Constabulary,Norfolk Constabulary,1.295828,52.627009,On or near ,E01026822,Norwich 007A,Suspect charged
24393eda10f91dd59e20f7e4f0300eb20792ba8154fe57d1667cea78730903b4,2023-01,Norfolk Constabulary,Norfolk Constabulary,0.387140,52.675485,On or near Wensum Close,E01026722,King's Lynn and West Norfolk 015C,Investigation complete; no suspect identified
20f6322075a192cacd47d3566bc5e533f94453e1357f9d51dccf5b315765ac82,2023-01,Norfolk Constabulary,Norfolk Constabulary,1.562697,52.529440,On or near Norman Close,E01026944,South Norfolk 010D,Unable to prosecute suspect
cae124438d3f2071370447f1c6a7b114295644975291d821b4d032c4709764dc,2023-01,Norfolk Constabulary,Norfolk Constabulary,1.351063,52.653320,On or near Bourges Court,E01026558,Broadland 013B,Unable to prosecute suspect
cae124438d3f2071370447f1c6a7b114295644975291d821b4d032c4709764dc,2023-01,Norfolk Constabulary,Norfolk Constabulary,1.351063,52.653320,On or near Bourges Court,E01026558,Broadland 013B,Unable to prosecute suspect
cddb092e83fc347d5f863b199cec8f163708be0ea6a7e4fd67302f6e240e0129,2023-01,Norfolk Constabulary,Norfolk Constabulary,1.358025,52.779278,On or near Crossroad,E01026789,North Norfolk 012D,Unable to prosecute suspect
1d19175f8b2b15bbd6e665686294b91cadd6248af5c91f52a4ac0da7991f78a3,2023-01,Norfolk Constabulary,Norfolk Constabulary,1.729561,52.619980,On or near Harley Road,E01026639,Great Yarmouth 004B,Investigation complete; no suspect identified
d7fe02aaec4b7b6c787fb572c1c24a8050a05342d8f0f7d59bcadd6f4992adad,2023-01,Norfolk Constabulary,Norfolk Constabulary,1.710239,52.569102,On or near Cambridge Avenue,E01026619,Great Yarmouth 011C,Unable to prosecute suspect
0028ad6609f1557aeb7172afca510ac97fbc000012d03a8f0d0dadba4425edd4,2023-01,Norfolk Constabulary,Norfolk Constabulary,0.762988,52.419372,On or near Heartsease Road,E01026470,Breckland 016C,Offender given a caution
ef7d8e376b388c617aab01caf37d6c32a284ad3b92b72998e76cc171b0dd78fc,2023-01,Norfolk Constabulary,Norfolk Constabulary,1.332954,52.626806,On or near A1242,E01026577,Broadland 016D,Formal action is not in the public interest
a246465c0a46e1c8270ca608cc2ff3de27de4805935e862fdf8ad04993ccbf2b,2023-01,Norfolk Constabulary,Norfolk Constabulary,1.351063,52.653320,On or near Bourges Court,E01026558,Broadland 013B,Unable to prosecute suspect
a246465c0a46e1c8270ca608cc2ff3de27de4805935e862fdf8ad04993ccbf2b,2023-01,Norfolk Constabulary,Norfolk Constabulary,1.351063,52.653320,On or near Bourges Court,E01026558,Broadland 013B,Unable to prosecute suspect
d79712ed610c78133d46729352e40c7538eee0f8cec49e389d9108e20b4d9752,2023-01,Norfolk Constabulary,Norfolk Constabulary,-0.029469,51.710314,On or near Morland Way,E01023302,Broxbourne 008A,Investigation complete; no suspect identified
14fa15e304898d6161245cc1ac0fda8bed2670524efa3fcef466488701a7e1ae,2023-01,Norfolk Constabulary,Norfolk Constabulary,1.290198,52.650450,On or near Old Grove Court,E01026800,Norwich 001D,Investigation complete; no suspect identified
dc3002c5268a3076832ba2cf2e29d2e122891bf8b1e12a5489e58c5f0183df8d,2023-01,Norfolk Constabulary,Norfolk Constabulary,1.091687,52.902352,On or near Neil Avenue,E01026743,North Norfolk 004C,Investigation complete; no suspect identified
cec8b10f5230e360d2293e821b54802ca7ccfeabda60a956de1d1759c0ab42a7,2023-01,Norfolk Constabulary,Norfolk Constabulary,0.430232,52.748710,On or near Swallowfield Road,E01026662,King's Lynn and West Norfolk 010A,Unable to prosecute suspect
fd1f0da49ad6f2de398062b778afd8aac1a3dc962cc475916f0d4ece72173d11,2023-01,Norfolk Constabulary,Norfolk Constabulary,0.407706,52.748657,On or near Exton's Gardens,E01026667,King's Lynn and West Norfolk 009B,Local resolution
803299403590b0251e059078fef2755ad2e676c0ffd1bc2f182f847333f54ee2,2023-01,Norfolk Constabulary,Norfolk Constabulary,1.189396,52.614762,On or near Burnthouse Lane,E01026883,South Norfolk 002C,Investigation complete; no suspect identified
2316debc41a89426a7a712f829cd492c1559ea36747456788a7e0d0f128a8e09,2023-01,Norfolk Constabulary,Norfolk Constabulary,1.307885,52.623246,On or near ,E01033441,Norwich 014D,Investigation complete; no suspect identified
42f43ca390579c1da052e7bdf21cd7925aa43564c1ee85e9175be6c41e1b119e,2023-01,Norfolk Constabulary,Norfolk Constabulary,1.042841,52.854550,On or near Burston Close,E01026730,North Norfolk 008B,Unable to prosecute suspect
a6038056d8255d1091f3b3a08d9bb4529f02beb566073ef2d5860c63c4d74ab1,2023-01,Norfolk Constabulary,Norfolk Constabulary,1.305262,52.628445,On or near Recorder Road,E01033438,Norwich 014A,Investigation complete; no suspect identified
fb802c3016ee449d07d5976e5a367ef8339988f6acdabc7b46d6097df388397b,2023-01,Norfolk Constabulary,Norfolk Constabulary,0.946630,52.678932,On or near ,E01026426,Breckland 005B,Suspect charged
fb802c3016ee449d07d5976e5a367ef8339988f6acdabc7b46d6097df388397b,2023-01,Norfolk Constabulary,Norfolk Constabulary,0.946630,52.678932,On or near ,E01026426,Breckland 005B,Suspect charged
11dbb8126dfb0fcb6c56782c67c3bde4da9917f8aef367a2d0e3138b495e9970,2023-01,Norfolk Constabulary,Norfolk Constabulary,0.397985,52.754258,On or near ,E01026698,King's Lynn and West Norfolk 011A,Unable to prosecute suspect
4007f26e88ac4769ef6c165a1652abdf0d87e93aecb74dc2c04b6e025fc3f674,2023-01,Norfolk Constabulary,Norfolk Constabulary,1.728396,52.623138,On or near Barnard Crescent,E01026640,Great Yarmouth 004C,Investigation complete; no suspect identified
c2bd479684e533435e310348a16a8a5496dc5c0801aae2765b1b25304efebf46,2023-01,Norfolk Constabulary,Norfolk Constabulary,1.291559,52.651248,On or near ,E01026800,Norwich 001D,Unable to prosecute suspect
168a1ecc8fbf05134ec528a8836a6d4752547d121e58f4aa0dddcc628a478e39,2023-01,Norfolk Constabulary,Norfolk Constabulary,0.940751,52.679303,On or near ,E01026426,Breckland 005B,Unable to prosecute suspect
6493f5f1e50707e61d5895f66bd8d695115cdb5f0897f8ca885226d3102c9538,2023-01,Norfolk Constabulary,Norfolk Constabulary,1.309520,52.639614,On or near Lavengro Road,E01026844,Norwich 003D,Unable to prosecute suspect
d6d5ca369bf655639f4e1b52cea06565c1fd03d25166f5e2d16e3e0cc2acb69b,2023-01,Norfolk Constabulary,Norfolk Constabulary,1.297589,52.631555,On or near Waggon And Horses Lane,E01033438,Norwich 014A,Investigation complete; no suspect identified
ee123ddb06bef043a93ed033d163e9ea5a70bcbaea1f821c094ab83a581b4c50,2023-01,Norfolk Constabulary,Norfolk Constabulary,0.227541,52.563780,On or near Halfpenny Toll Road,E01026716,King's Lynn and West Norfolk 016E,Investigation complete; no suspect identified
ac9a000684017e01ba498e9fbf491429ffecab72c57f0d111a2ce3bab3f9ca3b,2023-01,Norfolk Constabulary,Norfolk Constabulary,0.951774,52.664820,On or near Bertie Ward Way,E01026427,Breckland 005C,Investigation complete; no suspect identified
53dd390c50ae4fe51a2a919894df3e9302708775b4136304a51e7fb6e14b687b,2023-01,Norfolk Constabulary,Norfolk Constabulary,0.400850,52.749560,On or near Providence Street,E01026700,King's Lynn and West Norfolk 011C,Investigation complete; no suspect identified
10d93051393eee1f782e91f5f9ecfcf080f2273fb341512da60739c295a29840,2023-01,Norfolk Constabulary,Norfolk Constabulary,0.396450,52.740118,On or near Saddlebow Road,E01026704,King's Lynn and West Norfolk 011D,Unable to prosecute suspect
9ffead92d6fbfe3998c202f5d848079faf7d6bf1431859b47be42a842ab3f6a5,2023-01,Norfolk Constabulary,Norfolk Constabulary,1.730663,52.608450,On or near The Crans,E01026597,Great Yarmouth 005C,Unable to prosecute suspect
96623ed6da77685aa56fb579cc81cc91a69efef34f6a09da0b307f96e11fb4e0,2023-01,Norfolk Constabulary,Norfolk Constabulary,1.516406,52.581473,On or near Peregrine Close,E01026511,Broadland 017D,Unable to prosecute suspect
7c982dcb89c23bf3d4b4c0f7e49d2a39525372eb641f38ec9ed3b237fd0b8a5d,2023-01,Norfolk Constabulary,Norfolk Constabulary,1.293674,52.629218,On or near ,E01026823,Norwich 007B,Unable to prosecute suspect
40fc416dad9daeeea61daa2a05c8f5568b7844df84e38eb35ad096753551d6c3,2023-01,Norfolk Constabulary,Norfolk Constabulary,1.730663,52.608450,On or near The Crans,E01026597,Great Yarmouth 005C,Unable to prosecute suspect
0d5034402a8baba8e7931fc3502f9bba530925c24d8bcd5b88705f14f3bddc1c,2023-01,Norfolk Constabulary,Norfolk Constabulary,1.486386,52.618428,On or near Norwich Road,E01026512,Broadland 014E,Unable to prosecute suspect
2ef387dd8178c3de3598978a711a448df2cded7d65030c861ac3db64167b8cfa,2023-01,Norfolk Constabulary,Norfolk Constabulary,0.951041,52.670414,On or near ,E01026427,Breckland 005C,Investigation complete; no suspect identified
4366f55233261f1c6901de36e5f71ec88c34c55a014907ad79467b654bffd186,2023-01,Norfolk Constabulary,Norfolk Constabulary,1.714490,52.684344,On or near The Esplanade,E01026628,Great Yarmouth 001E,Unable to prosecute suspect
7cecd0f3839ed4a6a9fff6d2096ff335059f80ee623aaef2764b6b22321a4ae3,2023-01,Norfolk Constabulary,Norfolk Constabulary,1.295166,52.628421,On or near Castle Meadow,E01026822,Norwich 007A,Investigation complete; no suspect identified
d55f624fcd8cac9edd13abab3ff59e59099e609ce816b3258f9badd6607bbdf4,2023-01,Norfolk Constabulary,Norfolk Constabulary,1.303167,52.499010,On or near ,E01026903,South Norfolk 012D,Unable to prosecute suspect
50daa560c8c5ce3bb67bcc15d7bba708b8b3210cb3d3221b0daa53be2de614bf,2023-01,Norfolk Constabulary,Norfolk Constabulary,0.734810,52.420369,On or near Guildford Way,E01026467,Breckland 015C,Unable to prosecute suspect
0bcedf3e47d7a5713baae9bdb69b3ef74cd66ef9ab4bb64d96101a8d70b8af1a,2023-01,Norfolk Constabulary,Norfolk Constabulary,1.329405,52.685895,On or near Rosa Close,E01026551,Broadland 005C,Formal action is not in the public interest
536167e17bfb5f3f759d57d2dbd6a28d7b3218c90fe3c7dec2e16c21f23e77cb,2023-01,Norfolk Constabulary,Norfolk Constabulary,1.244518,52.629874,On or near PRISCILLA CLOSE,E01026861,Norwich 010D,Suspect charged
486425bebae69a1ce40760b8997f111bc392099019681985c281f1f3fcd167b0,2023-01,Norfolk Constabulary,Norfolk Constabulary,,,No location,,,Investigation complete; no suspect identified
e238e7282243a03d86169f6bbaee5066327f6d9d0f1db5191ac1ea5331e1873c,2023-01,Norfolk Constabulary,Norfolk Constabulary,0.726898,52.406091,On or near Stapleford Way,E01026478,Breckland 017E,Investigation complete; no suspect identified
d3ea05e6ad2c28be6b61eea9f7f1fac9ff57cf6b3850a1b04d4d24b3b2b6cdfb,2023-01,Norfolk Constabulary,Norfolk Constabulary,1.236619,52.621790,On or near CHANCELLORS DRIVE,E01026860,Norwich 010C,Suspect charged
d3ea05e6ad2c28be6b61eea9f7f1fac9ff57cf6b3850a1b04d4d24b3b2b6cdfb,2023-01,Norfolk Constabulary,Norfolk Constabulary,1.236619,52.621790,On or near CHANCELLORS DRIVE,E01026860,Norwich 010C,Suspect charged
d3ea05e6ad2c28be6b61eea9f7f1fac9ff57cf6b3850a1b04d4d24b3b2b6cdfb,2023-01,Norfolk Constabulary,Norfolk Constabulary,1.236619,52.621790,On or near CHANCELLORS DRIVE,E01026860,Norwich 010C,Suspect charged
1e355eb80e0d8fc845a9a200bbdc165ca408471bba1df0f7372ff1dfc37167cd,2023-01,Norfolk Constabulary,Norfolk Constabulary,0.951725,52.679677,On or near Bath Avenue,E01026430,Breckland 003C,Investigation complete; no suspect identified
60e7e7240e7215f36e2fd36db5ed8fdccf211f66f66b2b6cb6b926c2171be0e0,2023-01,Norfolk Constabulary,Norfolk Constabulary,0.449024,52.774372,On or near Stody Drive,E01026710,King's Lynn and West Norfolk 005E,Investigation complete; no suspect identified
e34999153e9b5dee3e0b61c8c972640fa71fb8fe979768699b16f81d34d1c771,2023-01,Norfolk Constabulary,Norfolk Constabulary,1.121298,52.500932,On or near Rectory Lane,E01026878,South Norfolk 011B,Unable to prosecute suspect
29d07a4ef04a00966d25d38a696473e2492bec5bb40b2401bd6998be1bb94edd,2023-01,Norfolk Constabulary,Norfolk Constabulary,0.205395,52.643464,On or near Terrington Close,E01026660,King's Lynn and West Norfolk 016B,Unable to prosecute suspect
c563ab7be4ff77154bcbba0521769adbad8a4b604904495f8021613ee6106314,2023-01,Norfolk Constabulary,Norfolk Constabulary,1.714490,52.684344,On or near The Esplanade,E01026628,Great Yarmouth 001E,Unable to prosecute suspect
4492a1f74b1fa7166edbc1027968a0fa3162250e0218909491171838576ed3e0,2023-01,Norfolk Constabulary,Norfolk Constabulary,1.225811,52.638974,On or near Humbleyard,E01026791,Norwich 005A,Investigation complete; no suspect identified
556883101593ea819bbee6506ce7ac329ff66ab08dd9d15cdc2bbe3ab46cb71e,2023-01,Norfolk Constabulary,Norfolk Constabulary,0.442896,52.749933,On or near Montgomery Way,E01026664,King's Lynn and West Norfolk 010C,Unable to prosecute suspect
57427704f33331af433e91c9fff1931ad947fef19e55d0d6094bf29b971acdcd,2023-01,Norfolk Constabulary,Norfolk Constabulary,1.296604,52.605690,On or near Manthorpe Close,E01026818,Norwich 013C,Action to be taken by another organisation
a287f3a1261752a2018b837ce09ffe126571006e7331d6a7a361c902d7dd484d,2023-01,Norfolk Constabulary,Norfolk Constabulary,0.417941,52.755804,On or near King John Avenue,E01026668,King's Lynn and West Norfolk 009C,Unable to prosecute suspect
d18994add7f41d3aa927e6a9249852d45146278687c85e632bef248081782480,2023-01,Norfolk Constabulary,Norfolk Constabulary,0.554389,52.493665,On or near Lodge Road,E01026649,King's Lynn and West Norfolk 019B,Unable to prosecute suspect
863fbe605d4653f8d49159f3fca1ef5a835508efe8cd84c75cceb011bef1fe16,2023-01,Norfolk Constabulary,Norfolk Constabulary,0.419677,52.752909,On or near Bagge Road,E01026666,King's Lynn and West Norfolk 009A,Action to be taken by another organisation
31c8e01e7bac315faac41b5580fd3ef162ec50616667a7ff44daa1d0af014a86,2023-01,Norfolk Constabulary,Norfolk Constabulary,1.700896,52.575943,On or near Star Farm Close,E01026585,Great Yarmouth 013A,Unable to prosecute suspect
f210929ba1f1fe22b475c41ea9524f070830ed483d6cdf740a3915172913b122,2023-01,Norfolk Constabulary,Norfolk Constabulary,1.724031,52.598036,On or near Anchor Court,E01026633,Great Yarmouth 007B,Investigation complete; no suspect identified
2d72a4aa2f7dc72fa05138e3560e79dbe7c335d2895696fe6a8a8b955223eee3,2023-01,Norfolk Constabulary,Norfolk Constabulary,1.295473,52.639385,On or near Stacy Road,E01026846,Norwich 003F,Unable to prosecute suspect
1fd8f08d2cc6fb4e902e6c03c09ee9c5b2a5438a66a2358a4650cec03b9d3559,2023-01,Norfolk Constabulary,Norfolk Constabulary,1.297009,52.624440,On or near Brooke Place,E01026822,Norwich 007A,Investigation complete; no suspect identified
90940f319802718d9b999a8b85b46ddfd113372d9b34974d126dc190f7da96f9,2023-01,Norfolk Constabulary,Norfolk Constabulary,1.244495,52.637753,On or near Clarkson Road,E01026867,Norwich 006E,Unable to prosecute suspect
766a97dcd59902252572c2cfbade5008b7fb7ff3b9ab0af88d2ac75790130d5b,2023-01,Norfolk Constabulary,Norfolk Constabulary,1.298746,52.626316,On or near ,E01033440,Norwich 014C,Investigation complete; no suspect identified
337a06a47e74c18355c3db21d92f0ab6c184209f93154367a9a7d7067b9cb910,2023-01,Norfolk Constabulary,Norfolk Constabulary,0.494905,52.910440,On or near Canon Pott Close,E01026676,King's Lynn and West Norfolk 003A,Unable to prosecute suspect
d2d6217c3145dfa2753df811f9adc565b9224639637a803b9d8436b64ba16901,2023-01,Norfolk Constabulary,Norfolk Constabulary,1.302595,52.398522,On or near Bullfinch Drive,E01026902,South Norfolk 013D,Unable to prosecute suspect
2415e6f72a3629f97009489088cdf1f5203085f24b3afe51a24a26196101e390,2023-01,Norfolk Constabulary,Norfolk Constabulary,1.107555,52.378147,On or near Manor Gardens,E01026889,South Norfolk 015B,Investigation complete; no suspect identified
178a0a393412d62ea0ec0d799fa49cc6e6f4aa30328b1fd2085671b7c99000be,2023-01,Norfolk Constabulary,Norfolk Constabulary,1.303506,52.638091,On or near Morley Street,E01026848,Norwich 015A,Investigation complete; no suspect identified
c8d38818415145a8f4c4559b79526f0410d1ae8e9262d1eb9728c800e8a16043,2023-01,Norfolk Constabulary,Norfolk Constabulary,1.341887,52.759723,On or near Filby Road,E01026514,Broadland 003A,Unable to prosecute suspect
f778f3df8ec0ea4382886b5b6e4bd2514da9461f8abd63d78c633d91c74bcbd4,2023-01,Norfolk Constabulary,Norfolk Constabulary,1.350737,52.632635,On or near Gargle Hill,E01026573,Broadland 015E,Unable to prosecute suspect
b6c30f17efb016bc84151c267dd10471df5f9fb7a4c84ef51b63d3436d13313f,2023-01,Norfolk Constabulary,Norfolk Constabulary,1.318241,52.656961,On or near Cuthbert Close,E01026555,Broadland 012C,Unable to prosecute suspect
b947ccc2b01c9daacf43407fde5f051801af2372cad0cc73f02d845d96c80fba,2023-01,Norfolk Constabulary,Norfolk Constabulary,1.730282,52.606744,On or near Wellington Place,E01026623,Great Yarmouth 006B,Unable to prosecute suspect
14fed070e101e383f51623afb09856fd6685f9a16942231fc59503e4154c6e85,2023-01,Norfolk Constabulary,Norfolk Constabulary,1.285093,52.622613,On or near Edward Jordell Plain,E01033434,Norwich 011G,Investigation complete; no suspect identified
c6634eb838b9c82201c10e97d69a037ee9fd2272ab3477b829b715143f4ea6b9,2023-01,Norfolk Constabulary,Norfolk Constabulary,1.300956,52.644071,On or near Maurice Raes Close,E01026842,Norwich 003B,Unable to prosecute suspect
bbaa9304b206f584385c43db72d191c6b228088f9ce2c50148dfaa095b8c65ab,2023-01,Norfolk Constabulary,Norfolk Constabulary,1.301890,52.625671,On or near St Ann Lane,E01033440,Norwich 014C,Suspect charged
f4ac081c24d7b58a72af30ab536c1e00705d513a4aa81590c051ffeb5576ccbb,2023-01,Norfolk Constabulary,Norfolk Constabulary,1.301890,52.625671,On or near St Ann Lane,E01033440,Norwich 014C,Unable to prosecute suspect
9f8c231415f6bacf8ada58db50e2be5901f48fdcc813487b91414d62e38726f5,2023-01,Norfolk Constabulary,Norfolk Constabulary,0.404298,52.765612,On or near St Edmundsbury Road,E01026687,King's Lynn and West Norfolk 007A,Unable to prosecute suspect
664472083e56846c28c45a597a6d1b784a3754f26b6178e15037d52266ba283e,2023-01,Norfolk Constabulary,Norfolk Constabulary,0.404298,52.765612,On or near St Edmundsbury Road,E01026687,King's Lynn and West Norfolk 007A,Unable to prosecute suspect
2deb0537900e96b4c5b81b85ab0dd5e946d22c39f652c43a3c48b4e6700d625a,2023-01,Norfolk Constabulary,Norfolk Constabulary,1.729384,52.605055,On or near ,E01026624,Great Yarmouth 006C,Unable to prosecute suspect
8861b7f966f8eeba6564d5fcba1e9af51f1bd8d3358ea4ff9ebf4d4cefe80d15,2023-01,Norfolk Constabulary,Norfolk Constabulary,1.269093,52.629018,On or near ,E01026837,Norwich 009C,Unable to prosecute suspect
f919a826fad31fa7e7eb65b1d9cc08097377365627c9e04b99ff368b0551b0f5,2023-01,Norfolk Constabulary,Norfolk Constabulary,1.274734,52.638243,On or near Armes Street,E01026825,Norwich 007D,Unable to prosecute suspect
b71d215d89a074f68e68df43c79b26bcc8a09259375e91a693c1e0ddbb180826,2023-01,Norfolk Constabulary,Norfolk Constabulary,1.728198,52.602223,On or near Clarendon Close,E01026625,Great Yarmouth 006D,Unable to prosecute suspect
8ccb20a2b1ecc4816f5d075f236afe72b37da04b2657fee424494dd43e7e5d6c,2023-01,Norfolk Constabulary,Norfolk Constabulary,1.728198,52.602223,On or near Clarendon Close,E01026625,Great Yarmouth 006D,Unable to prosecute suspect
d3c1243c9f0bb8cf80e0cfa5f4bef0a3b2ba01d9d5e4bc31c6c692673051e1f0,2023-01,Norfolk Constabulary,Norfolk Constabulary,1.274734,52.638243,On or near Armes Street,E01026825,Norwich 007D,Unable to prosecute suspect
30ad0c5adedfb5e1fcc7263962458975bd2665f3b9453aa73e435e2db8d56a11,2023-01,Norfolk Constabulary,Norfolk Constabulary,1.301805,52.661809,On or near ,E01026543,Broadland 009D,Investigation complete; no suspect identified
9827cfebfc7d9aa8a5a6543c6a098e0c0501eaa67ee210d0687405599145f33b,2023-01,Norfolk Constabulary,Norfolk Constabulary,1.192550,52.394344,On or near Poppy Grove,E01026887,South Norfolk 014D,Unable to prosecute suspect
8a623eb5d94ba098e4adac04e820eb8ccf97f300fdbea7d56e30f9b2b0853634,2023-01,Norfolk Constabulary,Norfolk Constabulary,1.730139,52.642395,On or near Fairway,E01026594,Great Yarmouth 003F,Unable to prosecute suspect
c37a2ba899b53aeca6d67ddf30514f707378feff3e28f3a0e2eff809d1a7094e,2023-01,Norfolk Constabulary,Norfolk Constabulary,0.529328,52.485958,On or near Edmund Moundeford Road,E01026648,King's Lynn and West Norfolk 019A,Unable to prosecute suspect
a3f9127412d2b6521ae3d548a82762f8eb7a5c5bd2c7cb3e91f4b9ce074d0e43,2023-01,Norfolk Constabulary,Norfolk Constabulary,0.848785,52.830142,On or near Norwich Street,E01026747,North Norfolk 011C,Investigation complete; no suspect identified
e0b88950f0ea0b274135fb8cf6f4f09e929ff7ba5a70a870c2c88842933af425,2023-01,Norfolk Constabulary,Norfolk Constabulary,1.723931,52.539600,On or near Bishops Walk,E01026588,Great Yarmouth 013D,Investigation complete; no suspect identified
28fc8fe120879d60fdc7b9b5d262b4a7c4a413b3c9cc42c5beb55f0b6303c324,2023-01,Norfolk Constabulary,Norfolk Constabulary,0.847531,52.830046,On or near Market Place,E01026747,North Norfolk 011C,Investigation complete; no suspect identified
afa8c8f410fbdc89cd4cef123599a8b447a5b0a5f2a27282a2d58d2a4e2476ec,2023-01,Norfolk Constabulary,Norfolk Constabulary,1.728645,52.601750,On or near Middlegate,E01026625,Great Yarmouth 006D,Unable to prosecute suspect
1a18ecbd0c2ad1546673953594ac48b1f3841d3bb9b58cfb8d5bee2f212dfd98,2023-01,Norfolk Constabulary,Norfolk Constabulary,0.747903,52.413786,On or near ,E01026468,Breckland 016A,Unable to prosecute suspect
cb6353d6b331c63edfb810b03e6230db9278ca1839ad1c5348be04c77ad05bb3,2023-01,Norfolk Constabulary,Norfolk Constabulary,1.727850,52.607172,On or near Theatre Plain,E01026597,Great Yarmouth 005C,Unable to prosecute suspect
1c93a2da1e2fc3429f1bf4a2eacaec4b20d3ab0df1a364cb2e4fab191fb92d58,2023-01,Norfolk Constabulary,Norfolk Constabulary,0.987634,52.928209,On or near The Cornfield,E01026765,North Norfolk 002D,Unable to prosecute suspect
ca090b007927be6e866cbd966607c6cf41a0cfb7eee9aa010355914d63f21b3a,2023-01,Norfolk Constabulary,Norfolk Constabulary,0.749112,52.416674,On or near Crown House Close,E01026469,Breckland 016B,Investigation complete; no suspect identified
59b8e669367285e5c4a24559079f9a2bcbc80b4305b0a00cff348d2e664b93ca,2023-01,Norfolk Constabulary,Norfolk Constabulary,0.732758,52.403123,On or near Oak Close,E01026478,Breckland 017E,Investigation complete; no suspect identified
f638c9dbccc7ab0b8a73d4b667005938039b0c0ba19cd29264f259ec85a20a2a,2023-01,Norfolk Constabulary,Norfolk Constabulary,1.718535,52.607087,On or near Love Lane,E01026635,Great Yarmouth 007D,Unable to prosecute suspect
65715c7c7c057b142ddd8e14d31307052ce971691bfceb95af6b81b4001c26db,2023-01,Norfolk Constabulary,Norfolk Constabulary,1.297009,52.624440,On or near Brooke Place,E01026822,Norwich 007A,Investigation complete; no suspect identified
e26a241f80141dca32138df31c38af2167d4310a856fd4f6b03cde499d0ca07a,2023-01,Norfolk Constabulary,Norfolk Constabulary,1.339954,52.647474,On or near Lishman Road,E01026809,Norwich 004G,Unable to prosecute suspect
6faca238d9eb5fd0cf1374cd5eaa235fbb180e5df90f50f9dd9b184655263f71,2023-01,Norfolk Constabulary,Norfolk Constabulary,1.244742,52.696159,On or near Bracken Close,E01026537,Broadland 004E,Unable to prosecute suspect
d58465c160ba48945ed5ae738c426033e3ebcc45dfe4cb607c90b947dc951f72,2023-01,Norfolk Constabulary,Norfolk Constabulary,1.234982,52.647861,On or near ,E01026918,South Norfolk 001C,Investigation complete; no suspect identified
1cb93d4f4d5227ca145cc90416a5fe95da806385c822c8570fb7fbe1eccbca1b,2023-01,Norfolk Constabulary,Norfolk Constabulary,1.044537,52.951044,On or near Town Yard,E01026741,North Norfolk 004A,Suspect charged
fad62318d54c9ecd35034263a072ac0e8b8e527b0ab692e1906c2be0a2352151,2023-01,Norfolk Constabulary,Norfolk Constabulary,0.637968,52.896864,On or near Fakenham Road,E01026656,King's Lynn and West Norfolk 002C,Unable to prosecute suspect
85a2201faec21f31eff754db43b633778a380cda3f8f4497a04d10c1c2a56d4d,2023-01,Norfolk Constabulary,Norfolk Constabulary,1.285600,52.608083,On or near Scarlet Road,E01026820,Norwich 013E,Investigation complete; no suspect identified
1657d7fac466b63cb4e8118802f48775e5f97c3edfd7214a2f2bacc8868e97ac,2023-01,Norfolk Constabulary,Norfolk Constabulary,0.497568,52.876594,On or near Mallard Close,E01026701,King's Lynn and West Norfolk 003D,Unable to prosecute suspect
7f0e63114ce63fd31576b48235211d09b1f7db4e68ab6426f0bf501758bbb3d0,2023-01,Norfolk Constabulary,Norfolk Constabulary,0.489378,52.942953,On or near Lincoln Square South,E01026682,King's Lynn and West Norfolk 001C,Unable to prosecute suspect
7f0e63114ce63fd31576b48235211d09b1f7db4e68ab6426f0bf501758bbb3d0,2023-01,Norfolk Constabulary,Norfolk Constabulary,0.489378,52.942953,On or near Lincoln Square South,E01026682,King's Lynn and West Norfolk 001C,Unable to prosecute suspect
b8b6324ddbc315663b1a6c17cfa59d6149806178c6b5d1b5b8fb9f110e9ed0b9,2023-01,Norfolk Constabulary,Norfolk Constabulary,0.402734,52.754431,On or near Blackfriars Road,E01026698,King's Lynn and West Norfolk 011A,Unable to prosecute suspect
3e440858e61ef08adf13f9bea09d955079c10ff02878fbc0d70dbdcbe83de9f5,2023-01,Norfolk Constabulary,Norfolk Constabulary,0.497568,52.876594,On or near Mallard Close,E01026701,King's Lynn and West Norfolk 003D,Unable to prosecute suspect
d9c34990988d8e46bbc52444e6ca3108a6084d8fcc05af7fd102c0165a6f00d8,2023-01,Norfolk Constabulary,Norfolk Constabulary,1.223049,52.675779,On or near ,E01026521,Broadland 007D,Unable to prosecute suspect
b17a2e4adaafe1bc66f91bb6984047fbadee3d68fe2d2cad0596b26f9fc9b100,2023-01,Norfolk Constabulary,Norfolk Constabulary,1.209929,52.645576,On or near ,E01026925,South Norfolk 001F,Unable to prosecute suspect
02b87305b72deffb17d4dec4e3ba969224e5db03891aae7b36eb3901b4ad5c7c,2023-01,Norfolk Constabulary,Norfolk Constabulary,1.728531,52.597976,On or near Selby Place,E01026626,Great Yarmouth 006E,Unable to prosecute suspect
02b87305b72deffb17d4dec4e3ba969224e5db03891aae7b36eb3901b4ad5c7c,2023-01,Norfolk Constabulary,Norfolk Constabulary,1.728531,52.597976,On or near Selby Place,E01026626,Great Yarmouth 006E,Unable to prosecute suspect
c352bd418606491471d4fb6b0202f19c80fc5f4f0183ead4bf1d8149f8964be3,2023-01,Norfolk Constabulary,Norfolk Constabulary,1.728531,52.597976,On or near Selby Place,E01026626,Great Yarmouth 006E,Suspect charged
c352bd418606491471d4fb6b0202f19c80fc5f4f0183ead4bf1d8149f8964be3,2023-01,Norfolk Constabulary,Norfolk Constabulary,1.728531,52.597976,On or near Selby Place,E01026626,Great Yarmouth 006E,Suspect charged
69bd0fa0a32fdb55b879178a2d2e0cae77292e8b5014db47fb35a24e8442d1bf,2023-01,Norfolk Constabulary,Norfolk Constabulary,1.723784,52.571977,On or near A47,E01026621,Great Yarmouth 011E,Investigation complete; no suspect identified
5bd312fb44dac863e3ca528f844bfa05b311193a0aea965f1cca0a2efb4d2a6c,2023-01,Norfolk Constabulary,Norfolk Constabulary,1.236050,52.637903,On or near Gilbard Road,E01026793,Norwich 005C,Unable to prosecute suspect
eed9a178800ace11f738ef10dc8d8227126f16214b308995be71220fdc16a347,2023-01,Norfolk Constabulary,Norfolk Constabulary,1.728242,52.601699,On or near Burleigh Close,E01026625,Great Yarmouth 006D,Unable to prosecute suspect
bfc22e91060fa793b387b97d55b2229031ccb588466a73d16681f7b3befc799e,2023-01,Norfolk Constabulary,Norfolk Constabulary,0.497568,52.876594,On or near Mallard Close,E01026701,King's Lynn and West Norfolk 003D,Unable to prosecute suspect
207c55d3888327007ca955b968a0340258472301b83cb8bf90c5c80b956751d8,2023-01,Norfolk Constabulary,Norfolk Constabulary,0.393963,52.752864,On or near Queen Street,E01026698,King's Lynn and West Norfolk 011A,Unable to prosecute suspect
d2a293aff11056449c4af4c90b4f0a48587c072df807da4d62acbbee4c30f687,2023-01,Norfolk Constabulary,Norfolk Constabulary,1.112553,52.569620,On or near Brewery Lane,E01026870,South Norfolk 005A,Investigation complete; no suspect identified
6d6ba737eae6327fe979d30066804786a7d3a2c4e52523e63d4d07a5fdd8e026,2023-01,Norfolk Constabulary,Norfolk Constabulary,1.726106,52.607676,On or near ,E01026597,Great Yarmouth 005C,Unable to prosecute suspect
52b56ab58ef809444e6cae12334c906eb6d8e7f9d19e42c3298802597edda1dd,2023-01,Norfolk Constabulary,Norfolk Constabulary,1.242425,52.635741,On or near Motum Road,E01026867,Norwich 006E,Unable to prosecute suspect
52b56ab58ef809444e6cae12334c906eb6d8e7f9d19e42c3298802597edda1dd,2023-01,Norfolk Constabulary,Norfolk Constabulary,1.242425,52.635741,On or near Motum Road,E01026867,Norwich 006E,Unable to prosecute suspect
0036f5f1d96b3612392de35fea2cbb35812b2f93c1a7ed531c54253d5d3ce6a6,2023-01,Norfolk Constabulary,Norfolk Constabulary,1.708395,52.584325,On or near Lapwing Close,E01026581,Great Yarmouth 008A,Unable to prosecute suspect
c0753fb3acec993fc6dd369bc306d0bafaded68c6e727cee7ab1dd3c8cc41e77,2023-01,Norfolk Constabulary,Norfolk Constabulary,0.911616,52.851413,On or near The Croft,E01026788,North Norfolk 008C,Unable to prosecute suspect
6108b5b57591778e28ce0ab70b866f43797b6d0a3926f2cb432d490dc3d78bc6,2023-01,Norfolk Constabulary,Norfolk Constabulary,1.292367,52.626970,On or near William Booth Street,E01026822,Norwich 007A,Investigation complete; no suspect identified
8b50780d28699f7565c12b8929d56be45d1ef9a777f7a321c97a5459e1a9bb31,2023-01,Norfolk Constabulary,Norfolk Constabulary,1.313559,52.609552,On or near Henge Place,E01026937,South Norfolk 006G,Unable to prosecute suspect
f30aa772c926c889bcaed361abedfa90b69c448c629f04b38b221e235e4e5c28,2023-01,Norfolk Constabulary,Norfolk Constabulary,1.242425,52.635741,On or near Motum Road,E01026867,Norwich 006E,Unable to prosecute suspect
f30aa772c926c889bcaed361abedfa90b69c448c629f04b38b221e235e4e5c28,2023-01,Norfolk Constabulary,Norfolk Constabulary,1.242425,52.635741,On or near Motum Road,E01026867,Norwich 006E,Unable to prosecute suspect
bec05b1a8060dddc9d5286f6eb9ba6929a6884e44670c9eff59273854c94953a,2023-01,Norfolk Constabulary,Norfolk Constabulary,0.993574,52.580846,On or near Lincoln Close,E01026909,South Norfolk 004A,Unable to prosecute suspect
9307f8a733526856562dc8ef5e9a9b49b4f927d5828ecb72937ef36086b38663,2023-01,Norfolk Constabulary,Norfolk Constabulary,1.288361,52.636417,On or near Key And Castle Yard,E01026823,Norwich 007B,Unable to prosecute suspect
a530164d6534f9d0351c7976522995386a96f8490280b3567f4af4802bb27951,2023-01,Norfolk Constabulary,Norfolk Constabulary,1.656464,52.568249,On or near HEATHER GARDENS,E01026616,Great Yarmouth 012D,Further action is not in the public interest
58d9401a439ca5eaa749f0f57ec3794da8fafc22aa7f83265d65a9645e29ed7f,2023-01,Norfolk Constabulary,Norfolk Constabulary,,,No location,,,Unable to prosecute suspect
5d5bf02955848077c0d2e87941b9619add09ef30945aeb9da48876b7b875e0aa,2023-01,Norfolk Constabulary,Norfolk Constabulary,1.307885,52.623246,On or near ,E01033441,Norwich 014D,Investigation complete; no suspect identified
b6984486ca7183794382bebc54d7f79579d0541188672a6f62ba3641459d6066,2023-01,Norfolk Constabulary,Norfolk Constabulary,1.554308,52.638146,On or near Mardling Run,E01026497,Broadland 018A,Investigation complete; no suspect identified
c55021e1a242c8876790afe6ee90880aa678d5be318c11ad97555b7f009f51c9,2023-01,Norfolk Constabulary,Norfolk Constabulary,1.247272,52.635330,On or near Cadge Road,E01026868,Norwich 006F,Unable to prosecute suspect
5dd6dc7e9590524673d57607e4a40c2d1a47e2c6f9a083779c01cee2049d9a11,2023-01,Norfolk Constabulary,Norfolk Constabulary,1.283918,52.631378,On or near Valentine Street,E01026824,Norwich 007C,Unable to prosecute suspect
784c941b8ca7618237569acbc7c148b87c68563080d72d51be2fe3307d1e319a,2023-01,Norfolk Constabulary,Norfolk Constabulary,1.307267,52.669293,On or near ,E01026542,Broadland 009C,Investigation complete; no suspect identified
a5823213bc5ca001e7bd73b75466ee44e45e5df82b32cdec1b9618d45405eec2,2023-01,Norfolk Constabulary,Norfolk Constabulary,1.301892,52.930128,On or near Mount Street,E01026735,North Norfolk 003B,Unable to prosecute suspect
3dc8dbaf796d4b4cbfdb223e0cd754b94f668bbfd38dd8fc1e6ad98ba3d4d273,2023-01,Norfolk Constabulary,Norfolk Constabulary,0.723880,52.652538,On or near ,E01026455,Breckland 007A,Suspect charged
ea9c7e75eb9c8aea552029c1ea636094a374a479856275df9b753bf3c375876c,2023-01,Norfolk Constabulary,Norfolk Constabulary,0.398925,52.755516,On or near Paradise Lane,E01026698,King's Lynn and West Norfolk 011A,Unable to prosecute suspect
02d013b63b0e49a1c58ed16638eae46b4ee31a4d086257b0a20f885c4b2d7d15,2023-01,Norfolk Constabulary,Norfolk Constabulary,1.208928,52.685587,On or near The Seates,E01026565,Broadland 006D,Unable to prosecute suspect
bed3fa9cf5208d55e2e591ebee078de1fe47f8748f637a8bb40d23a3c6d57d4f,2023-01,Norfolk Constabulary,Norfolk Constabulary,,,No location,,,Unable to prosecute suspect
2fc4644b00acaa3317da73a5905fdfc601a99cf3c2f451806497963648b798c3,2023-01,Norfolk Constabulary,Norfolk Constabulary,0.376654,52.602736,On or near ,E01033038,King's Lynn and West Norfolk 017G,Investigation complete; no suspect identified
dfadae2b3327f300e17fe02373921e89569b89acf61a15e5180e61877568a384,2023-01,Norfolk Constabulary,Norfolk Constabulary,1.515795,52.771755,On or near ,E01026776,North Norfolk 013C,Unable to prosecute suspect
cf20818799091872335582a569b8c94e66ce8cc63d25150224c6e7d7a8cf4dda,2023-01,Norfolk Constabulary,Norfolk Constabulary,1.299967,52.628791,On or near Greyfriars Road,E01033440,Norwich 014C,Unable to prosecute suspect
cf20818799091872335582a569b8c94e66ce8cc63d25150224c6e7d7a8cf4dda,2023-01,Norfolk Constabulary,Norfolk Constabulary,1.299967,52.628791,On or near Greyfriars Road,E01033440,Norwich 014C,Unable to prosecute suspect
cf20818799091872335582a569b8c94e66ce8cc63d25150224c6e7d7a8cf4dda,2023-01,Norfolk Constabulary,Norfolk Constabulary,1.299967,52.628791,On or near Greyfriars Road,E01033440,Norwich 014C,Unable to prosecute suspect
7b6bdd504cb477e9d6e11ed1fea103fd1e5cee97beb1e72f55b68d3bca6e3b3f,2023-01,Norfolk Constabulary,Norfolk Constabulary,1.298823,52.629884,On or near Upper King Street,E01033438,Norwich 014A,Investigation complete; no suspect identified
fc7966a02b80fd6fb3eecfd1bc31e6ee8abcb20b8b01bbd8430d89ce342c3fd6,2023-01,Norfolk Constabulary,Norfolk Constabulary,1.297039,52.633082,On or near Fye Bridge Street,E01026823,Norwich 007B,Unable to prosecute suspect
4d15d7f6dd04bc8e91d07cb5b3daed4a0842b6e9cf48df3635943793ea4e36d1,2023-01,Norfolk Constabulary,Norfolk Constabulary,1.348677,52.878957,On or near Orchard Loke,E01026766,North Norfolk 005B,Unable to prosecute suspect
7c6e9da1db6f1250a41f5ccc0092d83d77221bbfd0398ae3eec48e75fa55a6e2,2023-01,Norfolk Constabulary,Norfolk Constabulary,0.201578,52.659000,On or near Biggs Road,E01026685,King's Lynn and West Norfolk 013B,Investigation complete; no suspect identified
abf4508a288efcb287a93f08aa213c0794c815eaa79384e227b24bf72b5f5a56,2023-01,Norfolk Constabulary,Norfolk Constabulary,1.543202,52.639756,On or near Aldis Road,E01026498,Broadland 018B,Unable to prosecute suspect
7d712badad5292f00200e9ec032157b49bad64e56f994503007e06155db9ee20,2023-01,Norfolk Constabulary,Norfolk Constabulary,0.733530,52.418222,On or near Exeter Way,E01026467,Breckland 015C,Unable to prosecute suspect
0487035add62d708d35c23d89372f990391c0a675111996102e74c8928be5f03,2023-01,Norfolk Constabulary,Norfolk Constabulary,0.935018,52.682071,On or near Riverside Close,E01026452,Breckland 004B,Unable to prosecute suspect
36b0587b2128482349cbc8de1fffcd5694acbf81da533844b3447f6ae9cf69f0,2023-01,Norfolk Constabulary,Norfolk Constabulary,1.706220,52.573258,On or near Bunnewell Avenue,E01026586,Great Yarmouth 013B,Unable to prosecute suspect
14068cdd566fe388d0a307d5d81c3e5b39bda88ed3c837e6778f62ba9a1eaf7b,2023-01,Norfolk Constabulary,Norfolk Constabulary,1.310474,52.632284,On or near William Kett Close,E01033438,Norwich 014A,Unable to prosecute suspect
33f43c38e535c44a16b8d712e89283b184186446fb2374a7225329e8566aeb74,2023-01,Norfolk Constabulary,Norfolk Constabulary,0.457340,52.772492,On or near Sandy Lane,E01026673,King's Lynn and West Norfolk 006E,Investigation complete; no suspect identified
cda6cbd5b9e44350c40c31df4f898f4360123733b4e1476f4ecadb1e69be0b62,2023-01,Norfolk Constabulary,Norfolk Constabulary,1.310474,52.632284,On or near William Kett Close,E01033438,Norwich 014A,Unable to prosecute suspect
c31a2f6e9b277b1461b0852abbef26d8aaac1dece25bff04c946e62290642220,2023-01,Norfolk Constabulary,Norfolk Constabulary,1.543202,52.639756,On or near Aldis Road,E01026498,Broadland 018B,Unable to prosecute suspect
183f76607df9ba4e8ca9770d81b7d3df45dd7183dc1001ade87743b2615e1fbb,2023-01,Norfolk Constabulary,Norfolk Constabulary,1.713611,52.558697,On or near Carrel Road,E01026612,Great Yarmouth 010C,Unable to prosecute suspect
65b09e33bb528c09c33be33a3ddad602f1e4f9e09e4ee9c2fd153f4a8555ffbe,2023-01,Norfolk Constabulary,Norfolk Constabulary,1.271707,52.644820,On or near Postle Mews,E01026828,Norwich 002A,Unable to prosecute suspect
9d330f6b14f71fe4153d20bdd6864bc35c61525a7db465f9a8815882924572d2,2023-01,Norfolk Constabulary,Norfolk Constabulary,1.303123,52.623010,On or near King Street,E01033441,Norwich 014D,Unable to prosecute suspect
1475ab0af07a9d395a64f6e358c47e946dbb180e30e6dfda2ef8822faa2c22fe,2023-01,Norfolk Constabulary,Norfolk Constabulary,1.303123,52.623010,On or near King Street,E01033441,Norwich 014D,Unable to prosecute suspect
f8fb766c8a9c38f18012dd46f04c405e13105b7f9189808603433bd9ae4142fb,2023-01,Norfolk Constabulary,Norfolk Constabulary,1.273500,52.639734,On or near Church Close,E01026866,Norwich 006D,Unable to prosecute suspect
7ee5266f136e83f2c9612de34011be1c00e946b565f8e4c2732c90bd83c1ac85,2023-01,Norfolk Constabulary,Norfolk Constabulary,1.283216,52.642136,On or near Boot Binders Road,E01026829,Norwich 002B,Suspect charged
cb9458466a63ce8c99cda282d581acd9fee8bff96ce32575d038575beae6e69f,2023-01,Norfolk Constabulary,Norfolk Constabulary,0.243497,52.656343,On or near Rustons Road,E01026684,King's Lynn and West Norfolk 013A,Investigation complete; no suspect identified
93a8d87cb8feddeebd1f71b3cc45a5d202c13dc02e7e179b48c8bc3319b9b824,2023-01,Norfolk Constabulary,Norfolk Constabulary,1.727830,52.647064,On or near Cooper Close,E01026594,Great Yarmouth 003F,Unable to prosecute suspect
1431ef7f0b97b69b8bd13cafe811eccebc4a7c75ce761c3b0f66784360d64566,2023-01,Norfolk Constabulary,Norfolk Constabulary,1.727830,52.647064,On or near Cooper Close,E01026594,Great Yarmouth 003F,Unable to prosecute suspect
7460e39536de3f25b4d27e0192d3764b26522248571a6950b17894c22fb76426,2023-01,Norfolk Constabulary,Norfolk Constabulary,1.281471,52.633451,On or near Exeter Street,E01026824,Norwich 007C,Investigation complete; no suspect identified
d856cd3b23b2d0f900ca7ac90ebc323de19dee1df26f0bdaeb508025f3a3cfdd,2023-01,Norfolk Constabulary,Norfolk Constabulary,1.513470,52.579842,On or near Langley Road,E01026511,Broadland 017D,Investigation complete; no suspect identified
b2ddb0b569d40ee4e8a3d23139b9374db777f0a8997bb1a5c1dd67cc3c906c74,2023-01,Norfolk Constabulary,Norfolk Constabulary,1.735178,52.602128,On or near Sultan Place,E01026626,Great Yarmouth 006E,Unable to prosecute suspect
d0d4d1214d65d4f9e9f1122dae1ccf00c4319299509e49ed51e79acddc6b290d,2023-01,Norfolk Constabulary,Norfolk Constabulary,,,No location,,,Investigation complete; no suspect identified
921779958fe5a14efda9cb1077ffc288ac685565ab16af3e1bd4ea25f15dd0fb,2023-01,Norfolk Constabulary,Norfolk Constabulary,1.313010,52.639228,On or near Beech Drive,E01026806,Norwich 004D,Suspect charged
40f49ff05a21c463a200feb578240f6429bd89640ce0ac4fb767cc28767d9ad3,2023-01,Norfolk Constabulary,Norfolk Constabulary,0.902084,52.851035,On or near Bell View,E01026788,North Norfolk 008C,Unable to prosecute suspect
3a3041533a4036a0a8f144b223e55822f06ff96134b5ecfb1089dc1ba7cd5f35,2023-01,Norfolk Constabulary,Norfolk Constabulary,-0.089601,51.477971,On or near Picton Street,E01003918,Southwark 020D,Unable to prosecute suspect
7cc342f13375ef15a9d3b7e891d46827e3ea7eb3276c31dec57a013d62ded490,2023-01,Norfolk Constabulary,Norfolk Constabulary,1.022137,52.813577,On or near Foulsham Road,E01026729,North Norfolk 008A,Unable to prosecute suspect
da49cbd2648aaa6cfff5dd898b26a03da5fbef41192fec0d51f57be4854e3032,2023-01,Norfolk Constabulary,Norfolk Constabulary,1.022137,52.813577,On or near Foulsham Road,E01026729,North Norfolk 008A,Unable to prosecute suspect
fc0460ba50ef2c6162bccc1edd5fa4e43d59b3a17c781fca0d5e1d5473aabfc9,2023-01,Norfolk Constabulary,Norfolk Constabulary,1.305308,52.632572,On or near Bishopgate,E01033438,Norwich 014A,Unable to prosecute suspect
b049b7650027e3413aae3a9e7bf769449000940cc50bb33138988649eb4a8b71,2023-01,Norfolk Constabulary,Norfolk Constabulary,1.734563,52.625957,On or near Sturdee Avenue,E01026641,Great Yarmouth 004D,Unable to prosecute suspect
62ec5a5d11336d9aaa10aae7b4970df9ce29fd7a76a74fd765fe79767f31ff81,2023-01,Norfolk Constabulary,Norfolk Constabulary,0.512055,52.573073,On or near The Hollow,E01026728,King's Lynn and West Norfolk 018C,Investigation complete; no suspect identified
bdf60ccd37c8e18f03106f23c87d7929d714514922311d89dac52fad1d620d17,2023-01,Norfolk Constabulary,Norfolk Constabulary,1.271966,52.649480,On or near Bignold Road,E01026833,Norwich 002F,Unable to prosecute suspect
d50e33933379d455cd8b26f1edc66dbd80f5972787bb82e90c049441cc9d39f4,2023-01,Norfolk Constabulary,Norfolk Constabulary,1.249694,52.658017,On or near Wensum Meadows Road,E01026529,Broadland 010D,Action to be taken by another organisation
9cae73e03c31f9125142ba2a4d2dc39c9f1ea621964af05075cbab748d649ccb,2023-01,Norfolk Constabulary,Norfolk Constabulary,1.249694,52.658017,On or near Wensum Meadows Road,E01026529,Broadland 010D,Action to be taken by another organisation
27e5d5143c3bf2edc9b6bddd32681e7ab301a0b425211ff88fd08b53033390ac,2023-01,Norfolk Constabulary,Norfolk Constabulary,0.403872,52.747386,On or near Guanock Terrace,E01026667,King's Lynn and West Norfolk 009B,Unable to prosecute suspect
e6dd1b1b19293049ed2802d6effa2f79a34165d2079fb1905c4ca4637c65e7af,2023-01,Norfolk Constabulary,Norfolk Constabulary,1.727009,52.541455,On or near Potters Drive,E01026588,Great Yarmouth 013D,Unable to prosecute suspect
ff8744f9df06cd8b30e302b2dd496f6b6e044b2257b52fcbc06448ca6a2309c6,2023-01,Norfolk Constabulary,Norfolk Constabulary,1.727009,52.541455,On or near Potters Drive,E01026588,Great Yarmouth 013D,Unable to prosecute suspect
ae82113113ee3090ffcdbf5b9d87e8db3183feca8a3efc03c90f87dd6d6cb1cf,2023-01,Norfolk Constabulary,Norfolk Constabulary,1.727009,52.541455,On or near Potters Drive,E01026588,Great Yarmouth 013D,Unable to prosecute suspect
806b6a28e7f602a352761900e35a423f32b406356ce22ac4ced9ec3b2f9ee864,2023-01,Norfolk Constabulary,Norfolk Constabulary,0.207061,52.685054,On or near ,E01026720,King's Lynn and West Norfolk 013D,Unable to prosecute suspect
658884f472cb70abf8bd1d944348a1340e15cbb9e1ee8b3474f9a7b9d224a6d3,2023-01,Norfolk Constabulary,Norfolk Constabulary,1.292500,52.632884,On or near Duke Street,E01026823,Norwich 007B,Unable to prosecute suspect
24712f53169b9c1ea1950dbc5434094a8ca826dd39325e69ef01d613685a3d85,2023-01,Norfolk Constabulary,Norfolk Constabulary,0.845294,52.536384,On or near Church Lane,E01026491,Breckland 010E,Unable to prosecute suspect
0ae824d6bea77944b5aee7d837369f50204232a80d0c9f5d94c5ed42951c12b1,2023-01,Norfolk Constabulary,Norfolk Constabulary,1.394168,52.826086,On or near The Lea,E01026756,North Norfolk 010D,Unable to prosecute suspect
69e68ce30fc9a9e078695db40f373fc684ddcac22731dd0bcd7189c57dcb9cc8,2023-01,Norfolk Constabulary,Norfolk Constabulary,0.401817,52.754207,On or near Portland Street,E01026698,King's Lynn and West Norfolk 011A,Unable to prosecute suspect
25c0b0dc3a54c846ae0a3ec303c650d3197f62f01f93e3c2ce18f2438f420b03,2023-01,Norfolk Constabulary,Norfolk Constabulary,0.733809,52.416318,On or near ,E01026467,Breckland 015C,Local resolution
aa467f3100c977fc9f065dfbd772f07090450e8b239a7e3a8f2b5060c927b3b5,2023-01,Norfolk Constabulary,Norfolk Constabulary,0.401090,52.760390,On or near Burkitt Street,E01026689,King's Lynn and West Norfolk 007C,Local resolution
d5009f04946e2ffb2555f12cc10fea17e3f05cb8298ec82dad1304889af251fc,2023-01,Norfolk Constabulary,Norfolk Constabulary,0.754457,52.427619,On or near Mother Julian Close,E01026466,Breckland 015B,Unable to prosecute suspect
eec713854ee7bbfa03ce4b370f0676eb1b51741ebd47af25e4a8e9b130706363,2023-01,Norfolk Constabulary,Norfolk Constabulary,1.297589,52.631555,On or near Waggon And Horses Lane,E01033438,Norwich 014A,Investigation complete; no suspect identified
48c82a5503262146a74c2c9563735316f19e6fcee0cd974f5364c97d08983a90,2023-01,Norfolk Constabulary,Norfolk Constabulary,0.317386,52.771164,On or near Rhoon Road,E01026711,King's Lynn and West Norfolk 008B,Unable to prosecute suspect
912585181b1fc3a356b063706284f3fbbceb6e1ccd5c72dcade2c3c6bc935f85,2023-01,Norfolk Constabulary,Norfolk Constabulary,1.238920,52.491805,On or near Field Acre Way,E01026938,South Norfolk 011D,Unable to prosecute suspect
912585181b1fc3a356b063706284f3fbbceb6e1ccd5c72dcade2c3c6bc935f85,2023-01,Norfolk Constabulary,Norfolk Constabulary,1.238920,52.491805,On or near Field Acre Way,E01026938,South Norfolk 011D,Unable to prosecute suspect
912585181b1fc3a356b063706284f3fbbceb6e1ccd5c72dcade2c3c6bc935f85,2023-01,Norfolk Constabulary,Norfolk Constabulary,1.238920,52.491805,On or near Field Acre Way,E01026938,South Norfolk 011D,Unable to prosecute suspect
1e6648cfac5db7e77c2c040633d4c2d6ab1211b81d8ac9eb4e3610cd9e80a38b,2023-01,Norfolk Constabulary,Norfolk Constabulary,1.282711,52.658284,On or near Jupiter Road,E01026530,Broadland 011A,Suspect charged
1e6648cfac5db7e77c2c040633d4c2d6ab1211b81d8ac9eb4e3610cd9e80a38b,2023-01,Norfolk Constabulary,Norfolk Constabulary,1.282711,52.658284,On or near Jupiter Road,E01026530,Broadland 011A,Suspect charged
63d8d2a835d0142139416d9491a8bebacfcff610942db62334c691caabe732ce,2023-01,Norfolk Constabulary,Norfolk Constabulary,1.321714,52.635675,On or near Regency Court,E01026806,Norwich 004D,Investigation complete; no suspect identified
3b915fa3a560bb275b945d29d65d87e7a167340a8454303426ff0149f7d85b54,2023-01,Norfolk Constabulary,Norfolk Constabulary,1.192632,52.867404,On or near Wickmere Road,E01026732,North Norfolk 006B,Unable to prosecute suspect
16b5520dfdd3330efae44062fbd7617193bb2cc985eb243cb64669e499a9b9d0,2023-01,Norfolk Constabulary,Norfolk Constabulary,1.057363,52.544904,On or near ,E01026948,South Norfolk 004D,Action to be taken by another organisation
aadc9dff38c81749bae3dfd590f38fc31197b361df83bc4dee504728abc76d94,2023-01,Norfolk Constabulary,Norfolk Constabulary,1.242425,52.635741,On or near Motum Road,E01026867,Norwich 006E,Unable to prosecute suspect
6058465a38cc9d21fd29383fae4314963ad85b4909b5a7db769d02dc346afd99,2023-01,Norfolk Constabulary,Norfolk Constabulary,1.056461,52.538823,On or near ,E01026948,South Norfolk 004D,Investigation complete; no suspect identified
0fffaf3fd088c56919f3f75628eba0cd57c3562f7464ab6d15ce486b5c636f2c,2023-01,Norfolk Constabulary,Norfolk Constabulary,1.282711,52.658284,On or near Jupiter Road,E01026530,Broadland 011A,Suspect charged
b0857307018bcde9a02d41de620e74e47c1d770a6bc30d037abcbbd2dab97d10,2023-01,Norfolk Constabulary,Norfolk Constabulary,1.280354,52.605485,On or near Peterkin Road,E01026820,Norwich 013E,Unable to prosecute suspect
664cd90c6a92dcadb9b86efa7dd957363531f9219cd620dc4e7131d39086e62d,2023-01,Norfolk Constabulary,Norfolk Constabulary,0.859607,52.568935,On or near Pembrooke Road,E01033040,Breckland 010F,Unable to prosecute suspect
1ddc6dfa5380a704ea092dd7d6c0ae43e28102756919fe856d795c36aa45ef13,2023-01,Norfolk Constabulary,Norfolk Constabulary,1.475787,52.799123,On or near The Furze,E01026786,North Norfolk 013D,Unable to prosecute suspect
66ecaa1bf424f25969d7c72ce65b7170b056f2d0b76d715e0d80da5f780e6cae,2023-01,Norfolk Constabulary,Norfolk Constabulary,1.362520,52.639010,On or near Parliament Court,E01026576,Broadland 016C,Unable to prosecute suspect
960a9d1fa7c255da55a21146fca786f3def6ed7a2e8b9cb611052ed5d6efc0a9,2023-01,Norfolk Constabulary,Norfolk Constabulary,1.295828,52.627009,On or near ,E01026822,Norwich 007A,Unable to prosecute suspect
55710e51f48eb571129ddbd22d51fed989e716e3724940459476a02c5fd7f67d,2023-01,Norfolk Constabulary,Norfolk Constabulary,0.210303,52.640252,On or near Harpers Court,E01026661,King's Lynn and West Norfolk 016C,Investigation complete; no suspect identified
92ac4961bc03dd3a0789064557f9c20682ab89fba7b140d5325b1268e9ac9ee1,2023-01,Norfolk Constabulary,Norfolk Constabulary,0.932347,52.439382,On or near Market Street,E01026439,Breckland 014A,Investigation complete; no suspect identified
946e895445197795cff82c76fdc4fb82a7578ff4896269644963433990ac8dec,2023-01,Norfolk Constabulary,Norfolk Constabulary,1.319359,52.651812,On or near Cromwell Road,E01026559,Broadland 013C,Unable to prosecute suspect
a2a25ce05e93df0a9279e9c52bc13ce18265cd72b8ea021241a4b56727882896,2023-01,Norfolk Constabulary,Norfolk Constabulary,0.402102,52.753734,On or near Waterloo Street,E01026698,King's Lynn and West Norfolk 011A,Unable to prosecute suspect
a2a25ce05e93df0a9279e9c52bc13ce18265cd72b8ea021241a4b56727882896,2023-01,Norfolk Constabulary,Norfolk Constabulary,0.402102,52.753734,On or near Waterloo Street,E01026698,King's Lynn and West Norfolk 011A,Unable to prosecute suspect
2d659cf5c2c767985df9d62ee7a59eb6541c46cb9e6af2de34014eb77f557c73,2023-01,Norfolk Constabulary,Norfolk Constabulary,-3.228120,50.978624,On or near Cornhill,E01029316,Taunton Deane 012E,Unable to prosecute suspect
2dd0cc9a0c01b6de15c84fe18f1f4f0f580b1e0dca436bff147d0bd0b2ea7b13,2023-01,Norfolk Constabulary,Norfolk Constabulary,1.335242,52.576835,On or near Davy Grove,E01026926,South Norfolk 006C,Unable to prosecute suspect
fd7144c46cd119ccad6b1d5adc28acdecd4208943f5332bbe8eb44777d154fd8,2023-01,Norfolk Constabulary,Norfolk Constabulary,0.733425,52.409861,On or near St Martin's Way,E01026476,Breckland 017C,Unable to prosecute suspect
603498c0ddb8f51fbd0be1462e1ca800ee3dd16cb67a01bcd7e1ad0fe1fe3166,2023-01,Norfolk Constabulary,Norfolk Constabulary,1.234774,52.488123,On or near The Street,E01026938,South Norfolk 011D,Unable to prosecute suspect
19921326bbcffdd5511fd531f27ad8056eb12659a11a3d0ce0d6b0b8a3ead3be,2023-01,Norfolk Constabulary,Norfolk Constabulary,1.116298,52.769628,On or near Wood Dalling Road,E01026547,Broadland 002E,Investigation complete; no suspect identified
1b04f51f66d09ebe8be2320a581461bf3d2e10f250483e641276c40a167ab1f8,2023-01,Norfolk Constabulary,Norfolk Constabulary,1.284110,52.628225,On or near Convent Road,E01033437,Norwich 011H,Investigation complete; no suspect identified
8060e7230416b622f5863718f9b910c0b4adf20e4d132d394b0faef40616559f,2023-01,Norfolk Constabulary,Norfolk Constabulary,1.480845,52.544515,On or near Proctor Close,E01026880,South Norfolk 008B,Action to be taken by another organisation
82c569b93b1b575745158f0652fc8ad2b8b3187c309fff5d361926fc8cb55332,2023-01,Norfolk Constabulary,Norfolk Constabulary,1.299375,52.626415,On or near Stepping Lane,E01033440,Norwich 014C,Investigation complete; no suspect identified
ae0db5d176a96e0e45510ee25f12bfca07db5e1dee014824d67567d7cbed9c6b,2023-01,Norfolk Constabulary,Norfolk Constabulary,0.929515,52.666838,On or near Lisbon Road,E01026433,Breckland 005E,Unable to prosecute suspect
89708f4891e43e40acbb37ae6e8411df98e69822057bb041517618a3b8bb93f8,2023-01,Norfolk Constabulary,Norfolk Constabulary,,,No location,,,Investigation complete; no suspect identified
8779435d5a333f8f7735a68629b9e3f9e278c66dfcd07ddc62d604098f981663,2023-01,Norfolk Constabulary,Norfolk Constabulary,0.685999,52.645805,On or near Orchard Place,E01026455,Breckland 007A,Unable to prosecute suspect
f9138e1f44527f3673dc31bb83615c3e5d23e5cb4865d6845ebe1088367fc2cb,2023-01,Norfolk Constabulary,Norfolk Constabulary,0.184786,52.644295,On or near Tram Station Lane,E01026660,King's Lynn and West Norfolk 016B,Unable to prosecute suspect
896c95ca66d55d5f015f876b6194c266050b16475fca9a776d8e4406305fc242,2023-01,Norfolk Constabulary,Norfolk Constabulary,0.941175,52.685164,On or near Tudor Court,E01026428,Breckland 003A,Unable to prosecute suspect
909dfe3891f143f246f2bee697285cf928435d4b053e69ce927e0069e29882ce,2023-01,Norfolk Constabulary,Norfolk Constabulary,1.208803,52.940837,On or near A149,E01026770,North Norfolk 001A,Unable to prosecute suspect
ac03b1b033064e578f781b15878e108a6f1693fbb88b22b28d555408d51b9077,2023-01,Norfolk Constabulary,Norfolk Constabulary,1.728902,52.540118,On or near Julian Way,E01026588,Great Yarmouth 013D,Unable to prosecute suspect
c4a956e5062544f4a2c1e2f7f855351062930736726819acbbbc0f589f0beb4e,2023-01,Norfolk Constabulary,Norfolk Constabulary,0.397091,52.738307,On or near Keene Road,E01026706,King's Lynn and West Norfolk 011F,Offender given a caution
e54467b22161c8a227ddeb38b8ff8a85d7939b18471e8aac55bfb601bdbf8b7f,2023-01,Norfolk Constabulary,Norfolk Constabulary,0.400537,52.760572,On or near Cresswell Street,E01026689,King's Lynn and West Norfolk 007C,Investigation complete; no suspect identified
ae2ccb6f56aa5e8e88a03927215908dd53f6ffcb942b9bf9d7e0d09c53f7f3c0,2023-01,Norfolk Constabulary,Norfolk Constabulary,1.021099,52.513751,On or near Attleborough,E01026423,Breckland 011B,Unable to prosecute suspect
683c1f43bfa6fcb6083ac11f971eb0ba657ff27e2d2c8ff689a0f77c0f584047,2023-01,Norfolk Constabulary,Norfolk Constabulary,0.401817,52.754207,On or near Portland Street,E01026698,King's Lynn and West Norfolk 011A,Unable to prosecute suspect
1b47a0aea88fac333882f237076e7f3ec4260ec2f8b67db5b982aee1790e67e3,2023-01,Norfolk Constabulary,Norfolk Constabulary,1.030889,52.523842,On or near Kenan Drive,E01026448,Breckland 013C,Suspect charged
9cde325e68b34dfb62e74ec0a128faaa1d7dfaf0b3291af471c9c4b1f7a8d119,2023-01,Norfolk Constabulary,Norfolk Constabulary,1.030889,52.523842,On or near Kenan Drive,E01026448,Breckland 013C,Suspect charged
0bef09c50c96e9c2140fc4bdfe847a2121fac5bea82154a5ae4c9ec2f81318b3,2023-01,Norfolk Constabulary,Norfolk Constabulary,1.713503,52.652497,On or near Caister By-Pass,E01026593,Great Yarmouth 003E,Unable to prosecute suspect
a92e852f857a96181fefc0e2e09bc9134aaa23e12f0d7bf578d7e773ca82c419,2023-01,Norfolk Constabulary,Norfolk Constabulary,0.733809,52.416318,On or near ,E01026467,Breckland 015C,Local resolution
fa73e375f629fe7e0793a745ff0693cc7a353f296af403ec94ab6bc8e1e1074e,2023-01,Norfolk Constabulary,Norfolk Constabulary,0.399679,52.746320,On or near Ethel Terrace,E01026700,King's Lynn and West Norfolk 011C,Unable to prosecute suspect
05f793697c4d2112baf9fbfa09b2617a50e811ffb6cda2879a247d2383fcb44b,2023-01,Norfolk Constabulary,Norfolk Constabulary,1.199599,52.660424,On or near West End,E01033540,South Norfolk 001H,Unable to prosecute suspect
61a914f9e1f2fc1deb191bfd5b7f9c1ce08ef1bc7a5a8f03418204af04ff88ac,2023-01,Norfolk Constabulary,Norfolk Constabulary,1.398428,52.821503,On or near Harmer Close,E01026754,North Norfolk 010B,Action to be taken by another organisation
dedd92d36a655a344813d5dd27b20e35321749eb6951033e1e3c59d8bfc2b12b,2023-01,Norfolk Constabulary,Norfolk Constabulary,1.727577,52.613683,On or near Frederick Road,E01026596,Great Yarmouth 005B,Investigation complete; no suspect identified
1e4dfa035cae13dc7216ad0f89f50312607df6a2ed2daa85626f8d117fdf9eab,2023-01,Norfolk Constabulary,Norfolk Constabulary,1.199599,52.660424,On or near West End,E01033540,South Norfolk 001H,Unable to prosecute suspect
131e9ebed523ff40f98f15f7b704f9692c08e6636808cca0426f24249cea5f9c,2023-01,Norfolk Constabulary,Norfolk Constabulary,1.398428,52.821503,On or near Harmer Close,E01026754,North Norfolk 010B,Action to be taken by another organisation
b32972b3627a662f3e1ac45b129d9bfce9d09be01da5677572694ca9766649dc,2023-01,Norfolk Constabulary,Norfolk Constabulary,1.199599,52.660424,On or near West End,E01033540,South Norfolk 001H,Unable to prosecute suspect
c7cd1470a9ff70b7deabad1a67997181fc3670398f8c7eacf2fd12f34655af06,2023-01,Norfolk Constabulary,Norfolk Constabulary,1.735486,52.600544,On or near Brandon Terrace,E01026626,Great Yarmouth 006E,Unable to prosecute suspect
845873bc3dba794879cbd10e5e4451256a603ac9b0637288d88f69a06ca3a4af,2023-01,Norfolk Constabulary,Norfolk Constabulary,0.497108,52.936838,On or near Downs Road,E01026681,King's Lynn and West Norfolk 001B,Unable to prosecute suspect
a8be9429ba094644b4100fb4254421eb77ef21c44c0d4fdbe5206572b2624343,2023-01,Norfolk Constabulary,Norfolk Constabulary,1.285607,52.626510,On or near Walpole Street,E01033437,Norwich 011H,Investigation complete; no suspect identified
560067f928e12b6006350df4bb133ff6caf96585199c8277f420195e9538b569,2023-01,Norfolk Constabulary,Norfolk Constabulary,1.297009,52.624440,On or near Brooke Place,E01026822,Norwich 007A,Suspect charged
5d9d59d2b287668dbafbfdf14a9d9aa9ecc1c5f3d82ebdb6d42a0ee2e74eb752,2023-01,Norfolk Constabulary,Norfolk Constabulary,1.117236,52.570710,On or near Kimberley Street,E01026945,South Norfolk 007D,Unable to prosecute suspect
c9fa86345ec57b76788e3c9091c63cfd74f74007730a28137b8dbdec075c4211,2023-01,Norfolk Constabulary,Norfolk Constabulary,1.292367,52.626970,On or near William Booth Street,E01026822,Norwich 007A,Investigation complete; no suspect identified
1c4f7fd0c70b9b0cdf35c4878401d835290ead52768abe432c892ae238bcbd09,2023-01,Norfolk Constabulary,Norfolk Constabulary,0.729611,52.420246,On or near Elgin Way,E01026467,Breckland 015C,Investigation complete; no suspect identified
ea667cf313a27042add99a06d01a7e38f4b19ddcad38eca97fd8824f0bfbaf4c,2023-01,Norfolk Constabulary,Norfolk Constabulary,0.416835,52.739839,On or near Scania Way,E01026704,King's Lynn and West Norfolk 011D,Unable to prosecute suspect
7ef66bc6bbff19c9e9ab5d4f4c5511d9594fdf6e66b444a911050ad730aac038,2023-01,Norfolk Constabulary,Norfolk Constabulary,1.362520,52.639010,On or near Parliament Court,E01026576,Broadland 016C,Unable to prosecute suspect
ed0b1523e80dde91934158a05369b69b28beab9016b724eed900f311c0e64b1d,2023-01,Norfolk Constabulary,Norfolk Constabulary,0.730220,52.418209,On or near Durham Way,E01026467,Breckland 015C,Unable to prosecute suspect
abb204b0755b451387e8928280ba3c44c02637c64bc578e976279ae325de104b,2023-01,Norfolk Constabulary,Norfolk Constabulary,1.341887,52.759723,On or near Filby Road,E01026514,Broadland 003A,Local resolution
a8dcc88a10050e04bfcd9da7ad891d55acd4aadc7a9e7cae55208a27c089e287,2023-01,Norfolk Constabulary,Norfolk Constabulary,1.341887,52.759723,On or near Filby Road,E01026514,Broadland 003A,Local resolution
e6042dc31a24d7fafa03ca7e5aa123e8633654c506d5268bc8b3c8a1080b91b2,2023-01,Norfolk Constabulary,Norfolk Constabulary,1.341887,52.759723,On or near Filby Road,E01026514,Broadland 003A,Local resolution
0a50f023815a0dbc5f1a127ac10fa98ba4fbb069a5952bbd26fba434754b51d9,2023-01,Norfolk Constabulary,Norfolk Constabulary,0.262896,52.644312,On or near Rustons Road,E01026684,King's Lynn and West Norfolk 013A,Unable to prosecute suspect
f7204f5bb5f447b303bfe0ee6d8aa26a70242593dfaeaa4077a8551bc1e1d24a,2023-01,Norfolk Constabulary,Norfolk Constabulary,1.289766,52.625801,On or near ,E01026822,Norwich 007A,Suspect charged as part of another case
cd0009d702e8d1fd4b887ee81f6befe8d1350e8a766a7329486120570195f11f,2023-01,Norfolk Constabulary,Norfolk Constabulary,1.736477,52.604030,On or near Standard Road,E01026626,Great Yarmouth 006E,Investigation complete; no suspect identified
076899566f23746dbf1db8f3be28caa218a62c222424e58188961e6ef441201a,2023-01,Norfolk Constabulary,Norfolk Constabulary,1.281247,52.626308,On or near Oxford Street,E01033437,Norwich 011H,Unable to prosecute suspect
bf9efcba94da0d02ae8737436972e8ef27c542cb1dc73d9922edf9bbc4eb02f9,2023-01,Norfolk Constabulary,Norfolk Constabulary,1.293693,52.632626,On or near ,E01026823,Norwich 007B,Unable to prosecute suspect
9e126ae8ab4e4b47cdb53f07f0884e530151aa54e87c4f8ca7c4f1d0cadd62a6,2023-01,Norfolk Constabulary,Norfolk Constabulary,0.929515,52.666838,On or near Lisbon Road,E01026433,Breckland 005E,Unable to prosecute suspect
408e2b581c07810961845d2025e08f3acbc6ed25651e73e54a7d4a1a11f5eb78,2023-01,Norfolk Constabulary,Norfolk Constabulary,1.296072,52.627110,On or near Farmers Avenue,E01026822,Norwich 007A,Unable to prosecute suspect
0b467a7b56e760520403fcc092735fc477ec965815347f2eae668eb9fb527ff5,2023-01,Norfolk Constabulary,Norfolk Constabulary,1.319237,52.637318,On or near Knox Close,E01026806,Norwich 004D,Unable to prosecute suspect
1c1190544ee48d7cdadb9d9a810fe3316e9c79b7728e9c4e4827e7b0732125d4,2023-01,Norfolk Constabulary,Norfolk Constabulary,0.373875,52.599681,On or near Trafalgar Road,E01026707,King's Lynn and West Norfolk 017D,Investigation complete; no suspect identified
52e73dfd0e673b60d5392b5b3ef7d4b44771a0eda77d69505fa9b06e5f2389ea,2023-01,Norfolk Constabulary,Norfolk Constabulary,1.723429,52.650090,On or near Church Close,E01026590,Great Yarmouth 003B,Unable to prosecute suspect
e7b1fea3c20474fa6807d52edc531393563742f0abe8e03ca7121994264bdf7e,2023-01,Norfolk Constabulary,Norfolk Constabulary,1.706510,52.567420,On or near Greenacres,E01026619,Great Yarmouth 011C,Unable to prosecute suspect
ccf262026297540ff2ccea33388ccdd2c79e3e64d27a2eedd70f7f96eecfb380,2023-01,Norfolk Constabulary,Norfolk Constabulary,0.691995,52.638007,On or near Carter Close,E01026458,Breckland 007D,Unable to prosecute suspect
5509f25e5ef82907aaf158996fc65a6f0dc6474d631a435f81977c5a17a53637,2023-01,Norfolk Constabulary,Norfolk Constabulary,1.459332,52.471898,On or near Sunley Close,E01026893,South Norfolk 012B,Unable to prosecute suspect
4bb0fc81faa6dec80a9285c5fab533ccd6588faa2678f6291b65f3055ed265f9,2023-01,Norfolk Constabulary,Norfolk Constabulary,1.266606,52.802265,On or near Anglian Way,E01026503,Broadland 001E,Suspect charged
d8600fd977999c00e6e8ec5706f273c7719cfea0daa70c405df5600fc284d43a,2023-01,Norfolk Constabulary,Norfolk Constabulary,1.266606,52.802265,On or near Anglian Way,E01026503,Broadland 001E,Suspect charged
42f2d021526e49104de193dd8088754253f572c09050c1eab1f274de1dde32d7,2023-01,Norfolk Constabulary,Norfolk Constabulary,1.387073,52.820209,On or near Bank Loke,E01026760,North Norfolk 010H,Suspect charged
f53f972e6e84419fdadc6db2127673eb9275306df0741b3beac7960e4c6fcaf0,2023-01,Norfolk Constabulary,Norfolk Constabulary,1.387073,52.820209,On or near Bank Loke,E01026760,North Norfolk 010H,Suspect charged
543dbda5af899bb0048ca823551327f589335f184dd9ccc3525e670227cc6183,2023-01,Norfolk Constabulary,Norfolk Constabulary,1.727850,52.607172,On or near Theatre Plain,E01026597,Great Yarmouth 005C,Unable to prosecute suspect
25b4ab0c9943ef6c9d559df4d2121be87870769c639a3b9c7b9bff893277e4e9,2023-01,Norfolk Constabulary,Norfolk Constabulary,1.430343,52.625138,On or near The Close,E01026508,Broadland 017A,Unable to prosecute suspect
8b5d7a0271e4b120897c0c74e8cccb3e1351de52f2a5b11920355ede8d70e1ab,2023-01,Norfolk Constabulary,Norfolk Constabulary,0.687035,52.653308,On or near ,E01026459,Breckland 007E,Investigation complete; no suspect identified
f85d39b6d1420ce31654a1c2ba8350d9c2b1d8d51d3e9a87062432647499eafb,2023-01,Norfolk Constabulary,Norfolk Constabulary,1.657934,52.579339,On or near Breydon Waters,E01026614,Great Yarmouth 012B,Unable to prosecute suspect
eca8cd773a1ea3b39fadf1160bd069ff7a001cacde790eb0bd3b4848b1ba20b2,2023-01,Norfolk Constabulary,Norfolk Constabulary,1.310368,52.636559,On or near Heathgate,E01026848,Norwich 015A,Unable to prosecute suspect
141100a699851b163a3d26f13f5dc0f8a88ad5faa59f7156efa70bf1c5d7a8ff,2023-01,Norfolk Constabulary,Norfolk Constabulary,1.163233,52.651680,On or near Parker's Close,E01026895,South Norfolk 002D,Unable to prosecute suspect
84adeb41280994831988e93cde97f73bf13c1e18e37431b0f1cc5631a1d44138,2023-01,Norfolk Constabulary,Norfolk Constabulary,0.416121,52.763358,On or near Newton Court,E01026690,King's Lynn and West Norfolk 007D,Investigation complete; no suspect identified
f2512162bea9d1bd382a145a59fdcbf0af4174d2412140bad724e44d041b04ed,2023-01,Norfolk Constabulary,Norfolk Constabulary,1.278806,52.646818,On or near Half Mile Close,E01026829,Norwich 002B,Unable to prosecute suspect
a0e4679318f766c2d0d00c3718e2eb5d77a06c509b7105d7b675483195dc21ff,2023-01,Norfolk Constabulary,Norfolk Constabulary,1.278806,52.646818,On or near Half Mile Close,E01026829,Norwich 002B,Unable to prosecute suspect
329e27508319723ccd4490066cb0b052cf7af98116e90d95cae5f0e0c2aedc71,2023-01,Norfolk Constabulary,Norfolk Constabulary,1.728198,52.602223,On or near Clarendon Close,E01026625,Great Yarmouth 006D,Local resolution
329e27508319723ccd4490066cb0b052cf7af98116e90d95cae5f0e0c2aedc71,2023-01,Norfolk Constabulary,Norfolk Constabulary,1.728198,52.602223,On or near Clarendon Close,E01026625,Great Yarmouth 006D,Local resolution
04fbce6f8f8083e1a363efaf4f0c51a72be02f3b919ba7f52f26ad94c6ae0a68,2023-01,Norfolk Constabulary,Norfolk Constabulary,1.191153,52.604597,On or near Back Lane,E01026908,South Norfolk 003D,Investigation complete; no suspect identified
2b94c89b24416d251f68a28378ec35b56de2d4ba789ba052bad451be2e70423f,2023-01,Norfolk Constabulary,Norfolk Constabulary,1.714242,52.644649,On or near Chapel Lane,E01026593,Great Yarmouth 003E,Action to be taken by another organisation
de1704981cbd2436a6c5bc461445c48c12cc359260f4194d6b713e7edfcd6238,2023-01,Norfolk Constabulary,Norfolk Constabulary,0.429028,52.750424,On or near ,E01026662,King's Lynn and West Norfolk 010A,Unable to prosecute suspect
1b1529e1da14862d609b114ca475b8db4c2b8b03a1f455b9b1b5f014408a8e03,2023-01,Norfolk Constabulary,Norfolk Constabulary,0.953666,52.540176,On or near Watton Road,E01026419,Breckland 010A,Unable to prosecute suspect
020231ea929731447b1ec1881e4fbbccce9803757aefcd52469a87e017e377a0,2023-01,Norfolk Constabulary,Norfolk Constabulary,0.265341,52.759015,On or near Craske Lane,E01026711,King's Lynn and West Norfolk 008B,Investigation complete; no suspect identified
3c801281e904253de895865fd592a49a9eeeaf9c7e8398ab3d7daf0fc7759898,2023-01,Norfolk Constabulary,Norfolk Constabulary,1.207813,52.943355,On or near The Boulevard,E01026770,North Norfolk 001A,Suspect charged
be51f899646a2ffa63877a3431b7dc35d9ff31ac256427a0815292fbe7783930,2023-01,Norfolk Constabulary,Norfolk Constabulary,1.638248,52.710447,On or near Somerton Road,E01026638,Great Yarmouth 002E,Unable to prosecute suspect
cdf20c977294d7b055435832b12c8c8f7bc4f3c28f3643f66ffcaab7a3ae74d0,2023-01,Norfolk Constabulary,Norfolk Constabulary,1.238059,52.635672,On or near George Dance Place,E01026796,Norwich 005F,Unable to prosecute suspect
0717e59f45f1a473eb2c095ee952f46bdba1377027e0fb7515c32d241f6018b1,2023-01,Norfolk Constabulary,Norfolk Constabulary,1.515648,52.770892,On or near ,E01026776,North Norfolk 013C,Unable to prosecute suspect
cc0663988cf9cb8cdd8755711e382adb9c76b9434dabc2695bfde05feaa4a2ef,2023-01,Norfolk Constabulary,Norfolk Constabulary,0.416383,52.757652,On or near ,E01026666,King's Lynn and West Norfolk 009A,Unable to prosecute suspect
4c66f9d0ac3b06c540ff47e53127d761d1c82a2ad8ff87c897ad6ab4ab8187f9,2023-01,Norfolk Constabulary,Norfolk Constabulary,0.752702,52.418110,On or near Windmill Close,E01026469,Breckland 016B,Unable to prosecute suspect
edf1c4e7a10dd4040eb5020c2dca13149fe24532fa2603e84c045d5c266e75c1,2023-01,Norfolk Constabulary,Norfolk Constabulary,1.341887,52.759723,On or near Filby Road,E01026514,Broadland 003A,Local resolution
7e9d96611487e6fa01676d3d81b049d6e80a327c129453834026af929ee389ee,2023-01,Norfolk Constabulary,Norfolk Constabulary,1.341887,52.759723,On or near Filby Road,E01026514,Broadland 003A,Local resolution
a75db2e787afaa48400465d46c2b01b245eadc44d6c3ac6b6e08f0713caf3288,2023-01,Norfolk Constabulary,Norfolk Constabulary,1.341887,52.759723,On or near Filby Road,E01026514,Broadland 003A,Local resolution
018a887cafd3d48ce615f3807f0b832b78f2509eda284257d16ed5cc06ed4948,2023-01,Norfolk Constabulary,Norfolk Constabulary,1.283410,52.614349,On or near Harford Manor Close,E01026852,Norwich 011A,Investigation complete; no suspect identified
ea66a4beb0ce5c34c0077e75d43525a833ed30d1bba27f946210d6b433577410,2023-01,Norfolk Constabulary,Norfolk Constabulary,1.295166,52.628421,On or near Castle Meadow,E01026822,Norwich 007A,Local resolution
122ad4dc9ac47f407b269a013821b723886102f1f1e5240b9ba6442e111f560e,2023-01,Norfolk Constabulary,Norfolk Constabulary,0.174337,52.644928,On or near Low Road,E01018067,Fenland 004B,Suspect charged
759d15ced35247a158f4483f17cd79471a21a4ebf4a994976bc978b9e72747f2,2023-01,Norfolk Constabulary,Norfolk Constabulary,1.239164,52.641829,On or near Randle Green,E01026869,Norwich 006G,Unable to prosecute suspect
21e4cc80f4a8dab7e94e2fe1b1affe489728e81d55d8f5d0fe40d86f45c60d76,2023-01,Norfolk Constabulary,Norfolk Constabulary,1.129096,52.570829,On or near Willow Herb Walk,E01026945,South Norfolk 007D,Investigation complete; no suspect identified
c208bc85759cd57d6f4584dc5f89ddaa5b7497c2abe6eb283b1082ca88d4a941,2023-01,Norfolk Constabulary,Norfolk Constabulary,1.292367,52.626970,On or near William Booth Street,E01026822,Norwich 007A,Unable to prosecute suspect
d8b759643b488a0ee9908f6e8db1d2f3b196eefd4038c8019174f0c63a1e3821,2023-01,Norfolk Constabulary,Norfolk Constabulary,0.996398,52.507751,On or near Meadowsweet Loke,E01026422,Breckland 011A,Unable to prosecute suspect
eaad503a1f9b5a3297909263a1191e2a7ecba367500d00f2b9389e7a3475c2a0,2023-01,Norfolk Constabulary,Norfolk Constabulary,1.255406,52.667006,On or near Bernham Road,E01026528,Broadland 010C,Unable to prosecute suspect
bb2b581ae12fd0d7c2cf816a9d767bee85abe3917533c0546ee39f53a9b76fc0,2023-01,Norfolk Constabulary,Norfolk Constabulary,0.472349,52.679411,On or near Church Lane,E01026643,King's Lynn and West Norfolk 014B,Unable to prosecute suspect
9a50aa1b9b6fd9e2c9f43f31c3a0f5871d84901b5bf0fe0fe48f1a8361c8470d,2023-01,Norfolk Constabulary,Norfolk Constabulary,1.022137,52.813577,On or near Foulsham Road,E01026729,North Norfolk 008A,Unable to prosecute suspect
068cf5b678e9f8a29aeb0604db4e6d3657d11c63969abf04c382fe9d69390fcb,2023-01,Norfolk Constabulary,Norfolk Constabulary,1.255406,52.667006,On or near Bernham Road,E01026528,Broadland 010C,Unable to prosecute suspect
715fbf6a8511ce8351b8e1af9e7d4cf79e7d4902c4368e76a84ec82a2295832a,2023-01,Norfolk Constabulary,Norfolk Constabulary,1.385413,52.561208,On or near Church Meadow Lane,E01026929,South Norfolk 008E,Unable to prosecute suspect
2a587a4ef20b9827047ce9930c83c42c1cf1a97b174eaf0cf5e50fba6aafe894,2023-01,Norfolk Constabulary,Norfolk Constabulary,1.255406,52.667006,On or near Bernham Road,E01026528,Broadland 010C,Unable to prosecute suspect
af34ab7e29135ed9cb33a81fec0a3fc76e5720fbf726bbf5a301f0ec33fff1bd,2023-01,Norfolk Constabulary,Norfolk Constabulary,1.135769,52.576003,On or near Penfold Drive,E01026945,South Norfolk 007D,Suspect charged
5f2b5b66f4224bb33c769101bbfbf622442226f435b7360c95b33d6c6ab5c3d3,2023-01,Norfolk Constabulary,Norfolk Constabulary,1.715707,52.608057,On or near Mission Road,E01026635,Great Yarmouth 007D,Action to be taken by another organisation
5d2cf090121a45b2131a3ed9ab200447657f5d5e73a2037019f731e9cd99834c,2023-01,Norfolk Constabulary,Norfolk Constabulary,1.734306,52.603343,On or near St John's Terrace,E01026624,Great Yarmouth 006C,Action to be taken by another organisation
ea757fbb87531f07890d1053e08e94cbbb0d001069542a1fef1c8941f9062c50,2023-01,Norfolk Constabulary,Norfolk Constabulary,1.730663,52.609314,On or near The Eagles,E01026597,Great Yarmouth 005C,Action to be taken by another organisation
ea757fbb87531f07890d1053e08e94cbbb0d001069542a1fef1c8941f9062c50,2023-01,Norfolk Constabulary,Norfolk Constabulary,1.730663,52.609314,On or near The Eagles,E01026597,Great Yarmouth 005C,Action to be taken by another organisation
f9493c7d5cb268e0f3fc30185c19369ec3567e17ce75aed76073d07d61de137d,2023-01,Norfolk Constabulary,Norfolk Constabulary,1.304504,52.624600,On or near ,E01033441,Norwich 014D,Suspect charged
f263005e2543ff8db0060ab163f7cd146b678ed56b2849b6d7d8e4d7abe71d53,2023-01,Norfolk Constabulary,Norfolk Constabulary,1.313599,52.634121,On or near Whitwell Road,E01026850,Norwich 015C,Unable to prosecute suspect
796aab21882217a7b53adcba5014d8087694a1730ad32f7a9e779d69a4c9af0b,2023-01,Norfolk Constabulary,Norfolk Constabulary,1.300413,52.620576,On or near Kensington Place,E01026816,Norwich 013A,Unable to prosecute suspect
f9bf71c5fcbc4f2191b43fdaf40a1c33c808211484dc035d25e05ffcdeda3cd7,2023-01,Norfolk Constabulary,Norfolk Constabulary,1.278806,52.646818,On or near Half Mile Close,E01026829,Norwich 002B,Unable to prosecute suspect
cf5d709a75edaebbc870773766b1bcef796237069cab5957f3dbb4cdc451d7fd,2023-01,Norfolk Constabulary,Norfolk Constabulary,0.690183,52.648695,On or near Mangate Street,E01026455,Breckland 007A,Unable to prosecute suspect
0768f7e1eebe7e3d965f71806cc0c0baa8a3706208d551a73a9d49f50b65d5dd,2023-01,Norfolk Constabulary,Norfolk Constabulary,1.191931,52.646341,On or near Apollo Crescent,E01026883,South Norfolk 002C,Formal action is not in the public interest
7da5bb4c64d3e45e792ee5ad34a8dcb2a782edb5d79dc0fb6d4b245c6edbc82e,2023-01,Norfolk Constabulary,Norfolk Constabulary,0.740799,52.405464,On or near Staniforth Road,E01026477,Breckland 017D,Local resolution
12aa01f1cbc1fde1f95fc4600fc79bd704e3225843c2b6f58eee5c573ee9dc9b,2023-01,Norfolk Constabulary,Norfolk Constabulary,1.729797,52.608001,On or near ,E01026597,Great Yarmouth 005C,Unable to prosecute suspect
e47e0c3210a12d581d3980a94d64372b998b7d0cb3872b85d393f1ae8a910e68,2023-01,Norfolk Constabulary,Norfolk Constabulary,0.408158,52.768411,On or near Greenland Avenue,E01026688,King's Lynn and West Norfolk 007B,Unable to prosecute suspect
e47e0c3210a12d581d3980a94d64372b998b7d0cb3872b85d393f1ae8a910e68,2023-01,Norfolk Constabulary,Norfolk Constabulary,0.408158,52.768411,On or near Greenland Avenue,E01026688,King's Lynn and West Norfolk 007B,Unable to prosecute suspect
57db48063b4d0903e43b35682e80b38354fb8a69de39ff9cd2d5026839360200,2023-01,Norfolk Constabulary,Norfolk Constabulary,1.688280,52.673848,On or near Wapping,E01026629,Great Yarmouth 001F,Unable to prosecute suspect
2ea817cb5514769a2f32aa49b9651254aee3bac3d80b7e66409aded613690376,2023-01,Norfolk Constabulary,Norfolk Constabulary,1.310309,52.620705,On or near Geoffrey Watling Way,E01033439,Norwich 014B,Investigation complete; no suspect identified
db851c7a7f1a913a8fe132b310347afbf751a294aa492e463276c2194ae322d2,2023-01,Norfolk Constabulary,Norfolk Constabulary,1.276539,52.636871,On or near Waddington Street,E01026825,Norwich 007D,Investigation complete; no suspect identified
fde721ee5e04bfeb5389d0f5275184626b16c59e99ef6d6648186f6ab3e3d81f,2023-01,Norfolk Constabulary,Norfolk Constabulary,1.729492,52.606490,On or near Alexandra Road,E01026623,Great Yarmouth 006B,Unable to prosecute suspect
cc40159d305fce9bdf6177bfe4fc7e81091f298814cc580bb29ad43b3f3b392b,2023-01,Norfolk Constabulary,Norfolk Constabulary,1.297009,52.624440,On or near Brooke Place,E01026822,Norwich 007A,Investigation complete; no suspect identified
4254861a64ffc1a81bd132a4859d99014b2f1ab66853826f3be5e83d9d7e67bb,2023-01,Norfolk Constabulary,Norfolk Constabulary,1.383448,52.814826,On or near Rayna Loke,E01026760,North Norfolk 010H,Unable to prosecute suspect
ecfe6af7c33c166c62a9045654329e3b51915ac43daf16c24f49bb7f56609740,2023-01,Norfolk Constabulary,Norfolk Constabulary,1.287362,52.931844,On or near Shipden Avenue,E01026736,North Norfolk 003C,Unable to prosecute suspect
8eba7ff95715c665b4e608b6d04dd3499d20e9d6dbd82ed4f843602d36fb1706,2023-01,Norfolk Constabulary,Norfolk Constabulary,1.212964,52.647643,On or near Richmond Road,E01026925,South Norfolk 001F,Unable to prosecute suspect
7860237f2242641001126fc4e255954ce2cb35c9382def0074569a4179719a95,2023-01,Norfolk Constabulary,Norfolk Constabulary,1.277806,52.624964,On or near ,E01026839,Norwich 009E,Investigation complete; no suspect identified
d9b1e338ee1eb0c60b732b4e12d44024e36123d4799507e147e522787bff7843,2023-01,Norfolk Constabulary,Norfolk Constabulary,1.714309,52.572185,On or near Magdalen Square,E01026620,Great Yarmouth 011D,Investigation complete; no suspect identified
e0a9fb18bbcb2b4f2e0f50883c6288dbb84b88736080cf309233e6ea0079ee80,2023-01,Norfolk Constabulary,Norfolk Constabulary,1.725591,52.612919,On or near Rampart Road,E01026596,Great Yarmouth 005B,Further investigation is not in the public interest
e0a9fb18bbcb2b4f2e0f50883c6288dbb84b88736080cf309233e6ea0079ee80,2023-01,Norfolk Constabulary,Norfolk Constabulary,1.725591,52.612919,On or near Rampart Road,E01026596,Great Yarmouth 005B,Further investigation is not in the public interest
9dac8d6f7007beac943e1101116fa729b11c1532f8c813a999a231c941ee41c0,2023-01,Norfolk Constabulary,Norfolk Constabulary,1.298363,52.613358,On or near Longmead,E01026819,Norwich 013D,Further action is not in the public interest
f24d595401da0dbfba82ecbe55ef6931b625d1002b29230f29061291700dd78b,2023-01,Norfolk Constabulary,Norfolk Constabulary,1.310474,52.632284,On or near William Kett Close,E01033438,Norwich 014A,Unable to prosecute suspect
f5e404f7c632013e72e2c75b04301c3b030ac6a630e55dda466cb5cf9014785d,2023-01,Norfolk Constabulary,Norfolk Constabulary,,,No location,,,Investigation complete; no suspect identified
1af4f37d784cb1adb0600c1b9758b49ebc14b75fdab764f59c98c028ccc55bc8,2023-01,Norfolk Constabulary,Norfolk Constabulary,1.310474,52.632284,On or near William Kett Close,E01033438,Norwich 014A,Unable to prosecute suspect
1e3f7e1ce9a20167dd0da53f13d95c4e56de031919dce1ff22fb0154ae290180,2023-01,Norfolk Constabulary,Norfolk Constabulary,1.176915,52.663544,On or near Foxhouse Road,E01033538,South Norfolk 001G,Unable to prosecute suspect
220ce81b0837d0f1a048285b82c79ab39eea5367c1a22dc9b1378ac642e55e44,2023-01,Norfolk Constabulary,Norfolk Constabulary,1.274734,52.638243,On or near Armes Street,E01026825,Norwich 007D,Unable to prosecute suspect
8c9b61df2e95f28ca93c2d007c4d9d6aca1ac67c22872c0f357f57a120ed3997,2023-01,Norfolk Constabulary,Norfolk Constabulary,1.295828,52.627009,On or near ,E01026822,Norwich 007A,Unable to prosecute suspect
608a232ade82f565fedbe237cef16c70004479f8b7290a16e052fdd3a80f54ff,2023-01,Norfolk Constabulary,Norfolk Constabulary,1.736982,52.625899,On or near Byron Road,E01026641,Great Yarmouth 004D,Unable to prosecute suspect
e4d90a84a6e04f2d9542339cc73e35c45e1d6b536dddd5ffd719b4a4ab987b30,2023-01,Norfolk Constabulary,Norfolk Constabulary,0.786335,52.608074,On or near Old Allotment Close,E01026495,Breckland 008D,Unable to prosecute suspect
fb5667bb1c0b88dad95faec57d8fb3042ea67408e6811473774fd77fe505010b,2023-01,Norfolk Constabulary,Norfolk Constabulary,1.108839,52.373410,On or near ,E01026891,South Norfolk 015D,Unable to prosecute suspect
d057f0974daa92fec27fc148409a907110ba3f1043573b892307d3add384d2d6,2023-01,Norfolk Constabulary,Norfolk Constabulary,,,No location,,,Investigation complete; no suspect identified
b56dcccb67a686bef1007d2f7c4b0bbc2a75893feef92456bba2b496874a93fa,2023-01,Norfolk Constabulary,Norfolk Constabulary,1.209658,52.639665,On or near Dersley Court,E01026794,Norwich 005D,Unable to prosecute suspect
461c308daf798a8d723d51fad90606e90ca2d3ed46420a54d0d4964b3af7266a,2023-01,Norfolk Constabulary,Norfolk Constabulary,0.292085,52.583399,On or near Coronation Avenue,E01026717,King's Lynn and West Norfolk 016F,Unable to prosecute suspect
f71e985ed3ebbba7ce93b57b4c7be4586eed1726f11185ab08efe7106799809c,2023-01,Norfolk Constabulary,Norfolk Constabulary,0.743983,52.406316,On or near Queensway,E01026475,Breckland 017B,Unable to prosecute suspect
0842c60b2c2665cb4ab75314631b991d55f8124d18054f0ecf27b5484ddfee9e,2023-01,Norfolk Constabulary,Norfolk Constabulary,1.717825,52.608638,On or near College Court,E01026635,Great Yarmouth 007D,Suspect charged
ce3f8241db878acb71be8c3224d6a87ded97d059b6fa2b5e7c571c6a5b7d205f,2023-01,Norfolk Constabulary,Norfolk Constabulary,1.717825,52.608638,On or near College Court,E01026635,Great Yarmouth 007D,Suspect charged
9da144c388a5fdf6d33448c3a7734141d8705b67f418572fc5b1aaee9abe80d7,2023-01,Norfolk Constabulary,Norfolk Constabulary,1.728531,52.597976,On or near Selby Place,E01026626,Great Yarmouth 006E,Unable to prosecute suspect
a3015d5b8b064bb9def0cb0c7d595722b5be240baad01e359738cbeea151cc28,2023-01,Norfolk Constabulary,Norfolk Constabulary,1.717825,52.608638,On or near College Court,E01026635,Great Yarmouth 007D,Suspect charged
419119779058cc72f17897d1920642104392c2cbf69bb2feb94d41de92e153b6,2023-01,Norfolk Constabulary,Norfolk Constabulary,0.396124,52.746877,On or near Hardings Way,E01026706,King's Lynn and West Norfolk 011F,Unable to prosecute suspect
673b12ce983fe77278c2b91697414305eda09e356a569ded874d626af2f2ee19,2023-01,Norfolk Constabulary,Norfolk Constabulary,1.711071,52.597796,On or near ,E01026635,Great Yarmouth 007D,Unable to prosecute suspect
7b64065dbc2f1fcf5f50fbc43001efc1c969b3225548535f79741925624cf32a,2023-01,Norfolk Constabulary,Norfolk Constabulary,1.204919,52.942669,On or near Montague Road,E01026770,North Norfolk 001A,Unable to prosecute suspect
a258ac2af7eb4173a5e3083b6cf9840a1cd5ae80a6f86dac26b7c6b75f2749eb,2023-01,Norfolk Constabulary,Norfolk Constabulary,1.271752,52.623054,On or near Glebe Road,E01026838,Norwich 009D,Unable to prosecute suspect
8046f95ba1b2d2b04394a01ac2440c59d99fa2788b8d3ddf1fafad88520421ee,2023-01,Norfolk Constabulary,Norfolk Constabulary,0.401090,52.760390,On or near Burkitt Street,E01026689,King's Lynn and West Norfolk 007C,Unable to prosecute suspect
69ed09365026023fb24611f24d21454a1e2215d2d80adf9eb9854f59d8c8b03f,2023-01,Norfolk Constabulary,Norfolk Constabulary,1.259358,52.635645,On or near Wheatley Road,E01026865,Norwich 006C,Unable to prosecute suspect
f00ec700932ad43039cb361f1c59efe35cbc2b89313c481ead4b22e5a2f5adab,2023-01,Norfolk Constabulary,Norfolk Constabulary,0.429897,52.765045,On or near Eastern Yard,E01026693,King's Lynn and West Norfolk 009D,Unable to prosecute suspect
9a18c39fdc97f59edf9451bb3bce013aa1a7bcac83e642f575987fef0e2b1c90,2023-01,Norfolk Constabulary,Norfolk Constabulary,1.118160,52.562943,On or near St Thomas Drive,E01026884,South Norfolk 007A,Unable to prosecute suspect
56e2e759f42f066c156012c493ba346bbc4dc90e79ac80ea73e20032e7e4d6ef,2023-01,Norfolk Constabulary,Norfolk Constabulary,1.719803,52.572570,On or near Peterhouse Avenue,E01026621,Great Yarmouth 011E,Unable to prosecute suspect
b5e5ff31fefb3765d0d7ec7b4cf9b6f4387f5554554bf4f0028f624aa49e75e5,2023-01,Norfolk Constabulary,Norfolk Constabulary,0.937744,52.675735,On or near Sardis Way,E01026425,Breckland 005A,Unable to prosecute suspect
acf44a7bc253ad3883970bfd611a594ddfa760c8845ab3bc80cc887b2289130e,2023-01,Norfolk Constabulary,Norfolk Constabulary,1.288765,52.631954,On or near Westwick Street,E01026822,Norwich 007A,Unable to prosecute suspect
7b63e4ac4b82da8f94f4348ac3583f2e3b31bd69f810e5425b4499fe734d6967,2023-01,Norfolk Constabulary,Norfolk Constabulary,1.279808,52.636501,On or near Clifton Street,E01026827,Norwich 007F,Unable to prosecute suspect
7b63e4ac4b82da8f94f4348ac3583f2e3b31bd69f810e5425b4499fe734d6967,2023-01,Norfolk Constabulary,Norfolk Constabulary,1.279808,52.636501,On or near Clifton Street,E01026827,Norwich 007F,Unable to prosecute suspect
31e6031d878ff3cb1c13021d76f912d27a2ca4c40d4679b301b02cbe11018d4d,2023-01,Norfolk Constabulary,Norfolk Constabulary,1.279808,52.636501,On or near Clifton Street,E01026827,Norwich 007F,Unable to prosecute suspect
31e6031d878ff3cb1c13021d76f912d27a2ca4c40d4679b301b02cbe11018d4d,2023-01,Norfolk Constabulary,Norfolk Constabulary,1.279808,52.636501,On or near Clifton Street,E01026827,Norwich 007F,Unable to prosecute suspect
df6d7dd1761e91e30b5b8389b28677e30f3181a065aaec98dd81df61a91fcc4d,2023-01,Norfolk Constabulary,Norfolk Constabulary,1.711071,52.597796,On or near ,E01026635,Great Yarmouth 007D,Unable to prosecute suspect
0808c1b358f28773877edabf3446ea77b7db1acda17e79f1133b8de92541f8fc,2023-01,Norfolk Constabulary,Norfolk Constabulary,1.234982,52.647861,On or near ,E01026918,South Norfolk 001C,Investigation complete; no suspect identified
28044db016b176274f4336097b9a6810c8565b73c4839a91c7543aaeede087e8,2023-01,Norfolk Constabulary,Norfolk Constabulary,0.977396,52.580661,On or near Watton Road,E01026909,South Norfolk 004A,Unable to prosecute suspect
778b6427dcc4df9f4538f003c38dad27b419200afe9976590ded6440df664c5c,2023-01,Norfolk Constabulary,Norfolk Constabulary,1.247756,52.637070,On or near Darrell Place,E01026867,Norwich 006E,Investigation complete; no suspect identified
20b041a86efa6d73896dcebf0ec149d90ef450445aea4d8ac1d47877ce67aa5d,2023-01,Norfolk Constabulary,Norfolk Constabulary,1.725790,52.606571,On or near Howard Street South,E01026623,Great Yarmouth 006B,Investigation complete; no suspect identified
4a0e0fb7833329ff89b4e0571ce5801117dc1c69b8be5b60e92e651262c1a66d,2023-01,Norfolk Constabulary,Norfolk Constabulary,0.737092,52.412573,On or near Prior Stephen Way,E01026474,Breckland 017A,Investigation complete; no suspect identified
b78b3a004af5f15c176286ffa6ef656da5bc569fde590da7f18b066af120ee80,2023-01,Norfolk Constabulary,Norfolk Constabulary,1.295157,52.629690,On or near ,E01026822,Norwich 007A,Investigation complete; no suspect identified
31468ad45ab8bfdae4e62e5e0a79c3cd6570773c2cc1d4b7dece8c2b3f2d6890,2023-01,Norfolk Constabulary,Norfolk Constabulary,1.239378,52.697286,On or near Thistledown Road,E01026537,Broadland 004E,Investigation complete; no suspect identified
0e32cbf35ca8688396c9c10158638ecefb625981132c22bc9161891c1f408a69,2023-01,Norfolk Constabulary,Norfolk Constabulary,1.315189,52.665087,On or near Pioneer Road,E01026541,Broadland 009B,Investigation complete; no suspect identified
07c83f94934b4a3eeef2d6dd6321be39d9f3cea04c7ee340822a718326dad5c6,2023-01,Norfolk Constabulary,Norfolk Constabulary,-1.201348,52.921772,On or near Maple Avenue,E01028082,Broxtowe 012C,Action to be taken by another organisation
bfc9c53ff2ec286a0d3bccd77c3814d09eb0ee2b1e07c4b48248eecb43d4d0ce,2023-01,Norfolk Constabulary,Norfolk Constabulary,1.112005,52.568555,On or near Friarscroft Lane,E01026870,South Norfolk 005A,Suspect charged
ccb14a3a9ec37fcb30b4c20a8ec5f50021f4aca0ea1a749a9e3f39f33ccc6d95,2023-01,Norfolk Constabulary,Norfolk Constabulary,1.340855,52.759411,On or near Barnby Road,E01026514,Broadland 003A,Unable to prosecute suspect
05113f0c069abde1bbe0e61952bc95446ce4cf74e3102c43dd48b9653164d1e5,2023-01,Norfolk Constabulary,Norfolk Constabulary,1.240358,52.638181,On or near Larkman Lane,E01026793,Norwich 005C,Unable to prosecute suspect
d578789b24166f5601d5fc18844d7eda4d61ea598ebe450b2244f5fb93513198,2023-01,Norfolk Constabulary,Norfolk Constabulary,1.293523,52.652975,On or near Ardney Rise,E01026801,Norwich 001E,Investigation complete; no suspect identified
598a06a4588588e4718bec1ca1d57042ad8fc2991072d04676b9902b0493a4dc,2023-01,Norfolk Constabulary,Norfolk Constabulary,1.305923,52.625639,On or near ,E01033439,Norwich 014B,Investigation complete; no suspect identified
0a505b8eb1d63dfa45703bd4eba8917568802f554a3f5c84a1457bd077b2d98f,2023-01,Norfolk Constabulary,Norfolk Constabulary,1.308934,52.665118,On or near Brayfield Way,E01026542,Broadland 009C,Investigation complete; no suspect identified
e84a5a0956c3ef7792f18d9118d6d838e592f1e698565f678490fbedc768411f,2023-01,Norfolk Constabulary,Norfolk Constabulary,1.281247,52.626308,On or near Oxford Street,E01033437,Norwich 011H,Suspect charged
4eb1ca0fabd5007d041f2c59eac85d4a979c5b044b54c0d6f4016b1c3a3ff017,2023-01,Norfolk Constabulary,Norfolk Constabulary,1.188173,52.646910,On or near ,E01026883,South Norfolk 002C,Investigation complete; no suspect identified
750ddb3b5841ddb0df15e3df97a91dfcdba7381a63bdb9fa061ca6cf46764a86,2023-01,Norfolk Constabulary,Norfolk Constabulary,0.941158,52.681622,On or near ,E01026426,Breckland 005B,Unable to prosecute suspect
8a8376210af747b63b18b95448a370d56452c9db983e91574a93a63adc53e2c0,2023-01,Norfolk Constabulary,Norfolk Constabulary,1.310662,52.658441,On or near Mounteney Close,E01026555,Broadland 012C,Local resolution
83d931f7eaa82b9bd32a772f355b6b91be88d39250b5d9abf5778364767820f0,2023-01,Norfolk Constabulary,Norfolk Constabulary,0.407706,52.748657,On or near Exton's Gardens,E01026667,King's Lynn and West Norfolk 009B,Local resolution
6af058821a45559142c4d97a8ee4d626c6e9c74b21fee4bb8e4a690acf9e47d5,2023-01,Norfolk Constabulary,Norfolk Constabulary,1.292367,52.626970,On or near William Booth Street,E01026822,Norwich 007A,Unable to prosecute suspect
6874691c70c658cf94c66793bce0b1795969bd6bee04db7b424e205836042d68,2023-01,Norfolk Constabulary,Norfolk Constabulary,1.311787,52.904194,On or near Norwich Road,E01026762,North Norfolk 005A,Unable to prosecute suspect
f61b2e36dd564b0b90b1fbbbfc7cf79fd53f2a165396459d4e1a643203f5c15b,2023-01,Norfolk Constabulary,Norfolk Constabulary,1.300203,52.621904,On or near Lily Terrace,E01026822,Norwich 007A,Investigation complete; no suspect identified
b1328df5f65937ebcbafe3bd053a81f44251d3fb6d5fdb99aa695821d50fc25b,2023-01,Norfolk Constabulary,Norfolk Constabulary,0.418897,52.757816,On or near Helena Anderson Court,E01026693,King's Lynn and West Norfolk 009D,Local resolution
55ac0f419a85aef57f3d197a7290371bb494d687b43acc1d2b10a4dbb63c9e14,2023-01,Norfolk Constabulary,Norfolk Constabulary,0.497568,52.876594,On or near Mallard Close,E01026701,King's Lynn and West Norfolk 003D,Unable to prosecute suspect
f0fcce5f9e0581b7f46330ce9b9f9a1644707c3ef00e1f019d324fca0b8be9b5,2023-01,Norfolk Constabulary,Norfolk Constabulary,1.344433,52.655397,On or near Partridge Close,E01026558,Broadland 013B,Further investigation is not in the public interest
2b0685b6641cc0179f7d8eea5e31ad9d83f6af6e0242e25970af93e2c1acabad,2023-01,Norfolk Constabulary,Norfolk Constabulary,1.325152,52.627016,On or near Oak Lodge,E01026849,Norwich 015B,Investigation complete; no suspect identified
ed6ec378a5cf325b54a106b18afe6c83a81c2bdb13040f8a2db8a44bd54e24af,2023-01,Norfolk Constabulary,Norfolk Constabulary,1.303644,52.636981,On or near Brewers Court,E01026848,Norwich 015A,Investigation complete; no suspect identified
1fbc5773fcd1e4abace29793c43d60b569c656d60249b4c08c6afb3bae9907c9,2023-01,Norfolk Constabulary,Norfolk Constabulary,1.285231,52.624452,On or near Union Street,E01033434,Norwich 011G,Unable to prosecute suspect
9f1f4c11fa70379ba60977b0b9dd2feec118e9bcea715ca68ffc0ebb7cca2582,2023-01,Norfolk Constabulary,Norfolk Constabulary,1.289388,52.635327,On or near Oak Street,E01026823,Norwich 007B,Unable to prosecute suspect
26c28bf31a8c09b594ac9f3e269b22b7004c3ce7e7f2c28d27e679a5746d0815,2023-01,Norfolk Constabulary,Norfolk Constabulary,1.248664,52.639743,On or near Lusher Rise,E01026864,Norwich 006B,Unable to prosecute suspect
8f3bdf1570c6db32a9629a18b966cc0d5fca8207a8ab471bb8119598a564659a,2023-01,Norfolk Constabulary,Norfolk Constabulary,1.733210,52.618228,On or near Beaconsfield Road,E01026595,Great Yarmouth 005A,Unable to prosecute suspect
f90dce4dd60ae4debfb60fc3670fbdeac08ef8bfe740e53d5528b7df9707577c,2023-01,Norfolk Constabulary,Norfolk Constabulary,1.182700,52.393126,On or near Ipswich Road,E01026887,South Norfolk 014D,Unable to prosecute suspect
b9a5f277f1d9ad22798801e937f001dea4e23c51880977a901e09162d9d2ff46,2023-01,Norfolk Constabulary,Norfolk Constabulary,0.932256,52.663380,On or near Diana Close,E01026434,Breckland 005F,Unable to prosecute suspect
240950f944f64d955eb30b3fa0a478e8d32c0934914a6a572eb99bef9e219ae0,2023-01,Norfolk Constabulary,Norfolk Constabulary,1.265698,52.634823,On or near Merton Road,E01026863,Norwich 006A,Investigation complete; no suspect identified
6233403cae537ef2fa407939a54d63f837f891a10ae7572ba88a033b301cfbb2,2023-01,Norfolk Constabulary,Norfolk Constabulary,0.962643,52.468484,On or near Heath Road,E01026435,Breckland 013B,Investigation complete; no suspect identified
96627c1e105fdf4f379d709ba0693ce52e42412065edab6d212816cd9fab0869,2023-01,Norfolk Constabulary,Norfolk Constabulary,1.729373,52.609435,On or near Coniston Square,E01026597,Great Yarmouth 005C,Investigation complete; no suspect identified
bb515fc30263c4308b996bedc236056a447bb9287b204d58c94ae8d6b7b7ec99,2023-01,Norfolk Constabulary,Norfolk Constabulary,1.297039,52.633082,On or near Fye Bridge Street,E01026823,Norwich 007B,Investigation complete; no suspect identified
81670459b4405dda82c33f4109adbd302c8460e095a8dc395bc646701c652238,2023-01,Norfolk Constabulary,Norfolk Constabulary,1.290129,52.626691,On or near ,E01026822,Norwich 007A,Investigation complete; no suspect identified
bd3e5582a4e07de29cb81428c5dc105f5640919505948ec13f63305ef9b9ae10,2023-01,Norfolk Constabulary,Norfolk Constabulary,0.732793,52.412250,On or near St John's Way,E01026474,Breckland 017A,Unable to prosecute suspect
7dd39ab09e69ac3e1362b83670499933b7567dd244e1de503e58427dc5726e45,2023-01,Norfolk Constabulary,Norfolk Constabulary,1.222686,52.597492,On or near Cantley Lane South,E01026908,South Norfolk 003D,Unable to prosecute suspect
226413b6cdd26e70c5255cd92466bdda36316f3f597f407787c736808a5a375c,2023-01,Norfolk Constabulary,Norfolk Constabulary,1.375038,52.820462,On or near Howlett Close,E01026761,North Norfolk 010I,Investigation complete; no suspect identified
703f1215d31b4a3fe840b8a64a91762c51a269fb6d33e1ff5c425a58bcb23063,2023-01,Norfolk Constabulary,Norfolk Constabulary,1.293693,52.632626,On or near ,E01026823,Norwich 007B,Investigation complete; no suspect identified
64945c5ab84038cb4f0ab6cee0580fe2edcab629ef2f9ba4337114bde9195325,2023-01,Norfolk Constabulary,Norfolk Constabulary,1.282651,52.624153,On or near ,E01033434,Norwich 011G,Unable to prosecute suspect
eac3d90c9bc68b80692f574d354f8a9ce8dfffccee26b94fd4a80175315f2d18,2023-01,Norfolk Constabulary,Norfolk Constabulary,0.944087,52.680290,On or near Norwich Street,E01026426,Breckland 005B,Investigation complete; no suspect identified
60fc7bcaa260a18541915ab1b784e76ca582f6d5ec0febaf819267ddcd146340,2023-01,Norfolk Constabulary,Norfolk Constabulary,1.277315,52.621956,On or near Bury Street,E01026857,Norwich 011F,Investigation complete; no suspect identified
f419966035a51ca5be859bc675bd0b2be390589eed1b11b9dae1e9d7b31aaf80,2023-01,Norfolk Constabulary,Norfolk Constabulary,1.259944,52.625044,On or near Bunnett Square,E01026859,Norwich 010B,Investigation complete; no suspect identified
ae4f5f2b434632b2d0adc25c3ac890159cee3fc3553145eae2ffbf5a271d0178,2023-01,Norfolk Constabulary,Norfolk Constabulary,1.309253,52.667196,On or near Desmond Drive,E01026541,Broadland 009B,Unable to prosecute suspect
6e055c9c3da1a1dc65aacdc6492f0a510fea2e1e6fd40d3c2bcfc53c01ca0342,2023-01,Norfolk Constabulary,Norfolk Constabulary,0.393107,52.526334,On or near Hall Close,E01026652,King's Lynn and West Norfolk 019E,Suspect charged
96684a4f2b4a024c9f8cae007494079d3a3a08192d003e7c8a9a3292dcab9aa0,2023-01,Norfolk Constabulary,Norfolk Constabulary,1.301653,52.629460,On or near ,E01033438,Norwich 014A,Unable to prosecute suspect
c0c7920be2682991f66af0a4edeb5f7334de824abd9684c2cd49e59584ed3fa7,2023-01,Norfolk Constabulary,Norfolk Constabulary,0.400189,52.760984,On or near Sir Lewis Street,E01026689,King's Lynn and West Norfolk 007C,Unable to prosecute suspect
02294b7c3c9d472cdb7b22fc27c697d9365b46e4df6b2c61014ba29b9c5fcbaf,2023-01,Norfolk Constabulary,Norfolk Constabulary,1.722099,52.572129,On or near Elm Avenue,E01026621,Great Yarmouth 011E,Suspect charged
a8972ff5b2aced5c3af9778d348882a6aa89dba84aca7f12c94bdb7d518acdf4,2023-01,Norfolk Constabulary,Norfolk Constabulary,1.715248,52.605436,On or near Austin Road,E01026635,Great Yarmouth 007D,Unable to prosecute suspect
03d6068dd4607fded5c19dbd0cf67a3c5dcc9199e91da48dec901a08f2fe1173,2023-01,Norfolk Constabulary,Norfolk Constabulary,0.494484,52.938827,On or near Cypress Place,E01026682,King's Lynn and West Norfolk 001C,Unable to prosecute suspect
5eb43738dd5e5f2c41231e088b6a5a341030bf03295581407a3df46509ff8252,2023-01,Norfolk Constabulary,Norfolk Constabulary,1.080486,52.584434,On or near Crownthorpe Road,E01026948,South Norfolk 004D,Unable to prosecute suspect
85075aa737c7304792418c8cd5fb4192a11199ac1119ba943a21c4876f826db5,2023-01,Norfolk Constabulary,Norfolk Constabulary,1.290231,52.395180,On or near Needham Road,E01026935,South Norfolk 014F,Unable to prosecute suspect
03f925855c3cee312f4473cc02722a4897e5e92676cb3eb18da631e5fb26c804,2023-01,Norfolk Constabulary,Norfolk Constabulary,0.439897,52.749572,On or near Bayfield Close,E01026664,King's Lynn and West Norfolk 010C,Unable to prosecute suspect
5b5953824612289fe2d90d47f5d442115e7344e922651b9ff3252a8ce3c32efd,2023-01,Norfolk Constabulary,Norfolk Constabulary,0.396916,52.738355,On or near St Michael's Road,E01026706,King's Lynn and West Norfolk 011F,Unable to prosecute suspect
c3e2c9747f68c33d3b672867f7fe2bf4fdd20843f744463d033a0cd9f796c0a7,2023-01,Norfolk Constabulary,Norfolk Constabulary,0.396916,52.738355,On or near St Michael's Road,E01026706,King's Lynn and West Norfolk 011F,Unable to prosecute suspect
a682812fabb5d3001eb5c2cd1cd21d7559e1d7192b8a532acd4753a6346e4106,2023-01,Norfolk Constabulary,Norfolk Constabulary,0.392602,52.739377,On or near Hillen Road,E01026704,King's Lynn and West Norfolk 011D,Unable to prosecute suspect
25a2e755baa7151156eb285efea9bb7e312e2b9c1ea4aafc6a5e2dcbb41edee6,2023-01,Norfolk Constabulary,Norfolk Constabulary,0.490965,52.907106,On or near Cherry Tree Close,E01026677,King's Lynn and West Norfolk 003B,Investigation complete; no suspect identified
4650d515943a5fa446c4ac5cd81bd3f64dd6c0ad0a78eb055c2fa031120df2c1,2023-01,Norfolk Constabulary,Norfolk Constabulary,1.281247,52.626308,On or near Oxford Street,E01033437,Norwich 011H,Suspect charged
7ac2624d3eb5123df683254bc8e78fe00233318772d361298f51b56cae09d1b9,2023-01,Norfolk Constabulary,Norfolk Constabulary,1.281247,52.626308,On or near Oxford Street,E01033437,Norwich 011H,Unable to prosecute suspect
51bd6c5fde20a800cabc99de4e3869f7e539555fbe7d27984f883b4122d0f5d6,2023-01,Norfolk Constabulary,Norfolk Constabulary,1.311088,52.625926,On or near Stracey Road,E01033439,Norwich 014B,Unable to prosecute suspect
107b451ff875953bed9cf3a30b946a5635b6fbb3802375284890313389d89359,2023-01,Norfolk Constabulary,Norfolk Constabulary,1.285021,52.634459,On or near Ely Street,E01026824,Norwich 007C,Unable to prosecute suspect
89bf0316bb0dde28924ee3a605fb3a7e2cdcab58677040ffd541765a10fc528e,2023-01,Norfolk Constabulary,Norfolk Constabulary,0.755521,52.416381,On or near Chalk Close,E01026468,Breckland 016A,Unable to prosecute suspect
d467a7c016440cdd049545b31dfb931f3da65e92dacc0c78053dbeffa64473ab,2023-01,Norfolk Constabulary,Norfolk Constabulary,1.237248,52.648105,On or near Glenda Road,E01026918,South Norfolk 001C,Unable to prosecute suspect
96b93c658599d3c3301d557f42debbdbe927b2031291d7c73e9e1f6e5db1d729,2023-01,Norfolk Constabulary,Norfolk Constabulary,1.277050,52.624733,On or near Rose Valley,E01026835,Norwich 009A,Unable to prosecute suspect
f8b902f1c674592d4ba4a755956600834848af7dd8abeefbaae9562fc8eba786,2023-01,Norfolk Constabulary,Norfolk Constabulary,1.087848,52.906499,On or near Weston Square,E01026743,North Norfolk 004C,Unable to prosecute suspect
ac20cdbc1d197d4c4fba04d0f8c91203619502d610b847a2b1e40756addb0a68,2023-01,Norfolk Constabulary,Norfolk Constabulary,1.280201,52.602054,On or near Kirklees,E01026821,Norwich 013F,Suspect charged
580667001767d45e909f148b3a75b6dec9b628cd485160fe1b28eea6e0be3083,2023-01,Norfolk Constabulary,Norfolk Constabulary,1.296975,52.637535,On or near Magdalen Close,E01026826,Norwich 007E,Unable to prosecute suspect
42c09688878e02a611a2ca3ffdb58523f0caa3708c9097ccc793b325809dd796,2023-01,Norfolk Constabulary,Norfolk Constabulary,1.280201,52.602054,On or near Kirklees,E01026821,Norwich 013F,Suspect charged
a5d8f5dc38dde2f31cdd3d1043d40a3c63f24a259675c66298fa057f0f13753b,2023-01,Norfolk Constabulary,Norfolk Constabulary,1.732666,52.599176,On or near Albert Road,E01026626,Great Yarmouth 006E,Unable to prosecute suspect
d1ffd5eaeb9423470e9401d367b1a58cd69508bab5851dcb17cad27affef071d,2023-01,Norfolk Constabulary,Norfolk Constabulary,0.498402,52.843532,On or near Hipkin Road,E01026655,King's Lynn and West Norfolk 004C,Unable to prosecute suspect
7e81ad1c0d7e81d639289fd81b1e617e63b2b40caff0d673eae022bbaf93135d,2023-01,Norfolk Constabulary,Norfolk Constabulary,0.853388,52.568392,On or near Beverley Close,E01033040,Breckland 010F,Unable to prosecute suspect
b40a34fe244ad31c4ea9babe8671c30b7a208353ff735d56403b8fb3a13c4c44,2023-01,Norfolk Constabulary,Norfolk Constabulary,1.396220,52.818895,On or near St Nicholas Road,E01026753,North Norfolk 010A,Local resolution
216085cd26b506957c8dd14afefb14f6c4379aea9ed629aa049e4ffe3540ff93,2023-01,Norfolk Constabulary,Norfolk Constabulary,1.624372,52.689034,On or near Bittern Road,E01026636,Great Yarmouth 002C,Unable to prosecute suspect
36d69fe7f2e0d7f2db0369bc819bc6f371c6d2fd29e47575eee1f0fff6d19a92,2023-01,Norfolk Constabulary,Norfolk Constabulary,1.728531,52.597976,On or near Selby Place,E01026626,Great Yarmouth 006E,Unable to prosecute suspect
37d901b56c7dec08fbb7a0c7b5853d5aacb9928a91d2114c17115df06f41f1b5,2023-01,Norfolk Constabulary,Norfolk Constabulary,1.730994,52.603834,On or near St Peters' Plain,E01026624,Great Yarmouth 006C,Unable to prosecute suspect
fc877ea21822c069f26641dfe841d23f099b8dbad02debb06bfb3e95e3fbef7f,2023-01,Norfolk Constabulary,Norfolk Constabulary,1.730994,52.603834,On or near St Peters' Plain,E01026624,Great Yarmouth 006C,Unable to prosecute suspect
638b36babbf682f30e96ae4559d593caccab67793ec6b9c46c91acc6fc240b51,2023-01,Norfolk Constabulary,Norfolk Constabulary,1.733210,52.618228,On or near Beaconsfield Road,E01026595,Great Yarmouth 005A,Unable to prosecute suspect
31e0c394d3889216ea4e6f414a8babe6cddc3416bfa4e4334b78f42e5dfdc952,2023-01,Norfolk Constabulary,Norfolk Constabulary,1.087848,52.906499,On or near Weston Square,E01026743,North Norfolk 004C,Unable to prosecute suspect
139ae7e9635ebc9de558241774f5af0abd9df2321255326f0464804b364d2120,2023-01,Norfolk Constabulary,Norfolk Constabulary,1.730994,52.603834,On or near St Peters' Plain,E01026624,Great Yarmouth 006C,Unable to prosecute suspect
872336309fdd743cc3c3e2a3c7ab006023138585b177313cfe8f88d9ee466e1c,2023-01,Norfolk Constabulary,Norfolk Constabulary,0.432070,52.753761,On or near Copperfield,E01026663,King's Lynn and West Norfolk 010B,Unable to prosecute suspect
5f902dc08351ea3f55d38256909e7504b30f730468a1ff138f18fc3a6e48e3d5,2023-01,Norfolk Constabulary,Norfolk Constabulary,1.653197,52.571732,On or near River Way,E01026614,Great Yarmouth 012B,Unable to prosecute suspect
f0b1e2a3d9b87a4ab1e9d43487c44f3063a18e2517eb45f288e8f8f050835c95,2023-01,Norfolk Constabulary,Norfolk Constabulary,1.300776,52.618138,On or near Carlyle Road,E01026816,Norwich 013A,Unable to prosecute suspect
5b41225631d3ef1d0de053aafbc6152f3a27cc15db7e324e170473bb6ccf7de4,2023-01,Norfolk Constabulary,Norfolk Constabulary,0.402171,52.765754,On or near Walpole Road,E01026687,King's Lynn and West Norfolk 007A,Unable to prosecute suspect
ab37080f555eb9e90d50ae08f67ac19a9b24e983c64ed174d516493fde4b789f,2023-01,Norfolk Constabulary,Norfolk Constabulary,0.419677,52.752909,On or near Bagge Road,E01026666,King's Lynn and West Norfolk 009A,Unable to prosecute suspect
b2609cd10390c10f94fedc809c0a470561a0014188587f785d58d66ad3671ce1,2023-01,Norfolk Constabulary,Norfolk Constabulary,1.235745,52.638577,On or near Wilkins Court,E01026793,Norwich 005C,Unable to prosecute suspect
5acd533396d8bde871f1b62ef9e372f36443b205d79a3ac5b251b3a0fe70a995,2023-01,Norfolk Constabulary,Norfolk Constabulary,1.110205,52.573351,On or near ,E01026870,South Norfolk 005A,Unable to prosecute suspect
fe9af6f77c19b05d5e713e9eb37f787fd4764c5a4c50a77ebc1c98fe9235bb22,2023-01,Norfolk Constabulary,Norfolk Constabulary,1.662514,52.570167,On or near Bure Close,E01026615,Great Yarmouth 012C,Unable to prosecute suspect
fe9af6f77c19b05d5e713e9eb37f787fd4764c5a4c50a77ebc1c98fe9235bb22,2023-01,Norfolk Constabulary,Norfolk Constabulary,1.662514,52.570167,On or near Bure Close,E01026615,Great Yarmouth 012C,Unable to prosecute suspect
dab33e84609038218d471f9f664e7afe1422c9ca5a3d946d3a750377b9da91dc,2023-01,Norfolk Constabulary,Norfolk Constabulary,1.732728,52.593652,On or near Micawber Avenue,E01026622,Great Yarmouth 006A,Unable to prosecute suspect
fcfbe06deca99a96b55101160a62a6f290990a5884b9ad9b583345629e5cd0dd,2023-01,Norfolk Constabulary,Norfolk Constabulary,1.282646,52.647152,On or near Aylsham Road,E01026800,Norwich 001D,Unable to prosecute suspect
cc1233e00fe3e39dda2cfd3b373515781ca3566e5a071cfb347ff362119884ea,2023-01,Norfolk Constabulary,Norfolk Constabulary,1.296072,52.627110,On or near Farmers Avenue,E01026822,Norwich 007A,Investigation complete; no suspect identified
885749941503a3464bff1774f20297aa2a0923b7da3651587737b0fed1ed21b0,2023-01,Norfolk Constabulary,Norfolk Constabulary,0.874325,52.433281,On or near Bridgham Lane,E01026440,Breckland 014B,Investigation complete; no suspect identified
adb9e26231892556e8801d2cea01aee8bcd675b09065785d61e3fd6c45f9f780,2023-01,Norfolk Constabulary,Norfolk Constabulary,0.831078,52.570295,On or near Regal Court,E01026488,Breckland 009C,Unable to prosecute suspect
c95c5140efb79eaab74595a87bd6255904ae8d341a90b93022a31826a41268c2,2023-01,Norfolk Constabulary,Norfolk Constabulary,1.398411,52.816539,On or near St Benets Avenue,E01026755,North Norfolk 010C,Unable to prosecute suspect
3e7f2fa7f79bbbd38fb0d1f5f34243df9da81d4a2326d81ebafe859c4c71dae5,2023-01,Norfolk Constabulary,Norfolk Constabulary,1.216328,52.629627,On or near Tizzick Close,E01033435,Norwich 005G,Unable to prosecute suspect
3e7f2fa7f79bbbd38fb0d1f5f34243df9da81d4a2326d81ebafe859c4c71dae5,2023-01,Norfolk Constabulary,Norfolk Constabulary,1.216328,52.629627,On or near Tizzick Close,E01033435,Norwich 005G,Unable to prosecute suspect
7f7c0301f885cc4ef2f3f137542234b8bcdc08e89aa966198f7c0645fc9b0037,2023-01,Norfolk Constabulary,Norfolk Constabulary,1.231525,52.480784,On or near Baxter Close,E01026939,South Norfolk 011E,Local resolution
7321ebe4b2f3b52dc522c435e3a02382b7252e429a7830b99b605633b3c7fed3,2023-01,Norfolk Constabulary,Norfolk Constabulary,1.120459,52.565382,On or near Exige Way,E01026884,South Norfolk 007A,Unable to prosecute suspect
3913ead86234ac38ffafd13c107458c0f5344cf6c8158e5c76066c86be9721bc,2023-01,Norfolk Constabulary,Norfolk Constabulary,1.001840,52.639973,On or near Back Lane,E01026484,Breckland 006D,Unable to prosecute suspect
c5c0633d92a7cba3d4b97a9507ee5361a4a362945cf5908bc39bafb005404075,2023-01,Norfolk Constabulary,Norfolk Constabulary,1.254932,52.622223,On or near Percival Close,E01026858,Norwich 010A,Unable to prosecute suspect
e9191fda3164237ceda6e41b47e49c54c24929bbb562549725a5c977631e4425,2023-01,Norfolk Constabulary,Norfolk Constabulary,1.249676,52.615118,On or near Osborne Road,E01026810,Norwich 012A,Unable to prosecute suspect
569d03c48f4850c0014b9b44fbd2584b5cd2cdf3a6bf588012de728ef11a8405,2023-01,Norfolk Constabulary,Norfolk Constabulary,1.206345,52.682860,On or near Holly Close,E01026564,Broadland 006C,Investigation complete; no suspect identified
d66466ee50b12669cb4a21e93271a3a79c951feeac4da051dfe71a75d9b43125,2023-01,Norfolk Constabulary,Norfolk Constabulary,1.102914,52.903984,On or near Partridge Way,E01026743,North Norfolk 004C,Unable to prosecute suspect
5d5aea89f29920156ce36baded2b1ed785d17cc3b8f28e1e6a035a8c5ab9ce6c,2023-01,Norfolk Constabulary,Norfolk Constabulary,1.654989,52.720258,On or near Horsey Road,E01026606,Great Yarmouth 001B,Unable to prosecute suspect
c80b66ce7b4125f37744b17acf8083d6da40a40dc149192254d6133ab889a138,2023-01,Norfolk Constabulary,Norfolk Constabulary,1.139432,52.459703,On or near Pristow Green Lane,E01026877,South Norfolk 011A,Investigation complete; no suspect identified
a3793ba94060eaa65ae8b94a75cc003bd4d789863597ada20d843478721585a8,2023-01,Norfolk Constabulary,Norfolk Constabulary,1.293694,52.623785,On or near Winalls Yard,E01026822,Norwich 007A,Unable to prosecute suspect
2285de980e5f893327383cd492f05961a5defe571d72e2882599349801033cfe,2023-01,Norfolk Constabulary,Norfolk Constabulary,1.293766,52.633011,On or near Colegate,E01026823,Norwich 007B,Unable to prosecute suspect
296039dcfb82fee0971bd566d30e5e3fd37cab6cd6392174f0afbac9afc43aa8,2023-01,Norfolk Constabulary,Norfolk Constabulary,0.850899,52.950256,On or near Market Lane,E01026764,North Norfolk 002C,Unable to prosecute suspect
d490d03f3e94dd9f6be8bc769127509c8f29c14e15be2d57b8294cbd45eba54f,2023-01,Norfolk Constabulary,Norfolk Constabulary,1.305263,52.625909,On or near ,E01033439,Norwich 014B,Investigation complete; no suspect identified
2ae3c83a2cd1026caf64f144bed886883360800cd5eb4443c699837041b4cbb1,2023-01,Norfolk Constabulary,Norfolk Constabulary,1.293694,52.623785,On or near Winalls Yard,E01026822,Norwich 007A,Unable to prosecute suspect
2ae3c83a2cd1026caf64f144bed886883360800cd5eb4443c699837041b4cbb1,2023-01,Norfolk Constabulary,Norfolk Constabulary,1.293694,52.623785,On or near Winalls Yard,E01026822,Norwich 007A,Unable to prosecute suspect
2ae3c83a2cd1026caf64f144bed886883360800cd5eb4443c699837041b4cbb1,2023-01,Norfolk Constabulary,Norfolk Constabulary,1.293694,52.623785,On or near Winalls Yard,E01026822,Norwich 007A,Unable to prosecute suspect
440755f49b2c36265e6c06de24edc3ecd6a1c6847807f5eead9980132be82a09,2023-01,Norfolk Constabulary,Norfolk Constabulary,1.139880,52.403931,On or near Higdon Close,E01026874,South Norfolk 014B,Unable to prosecute suspect
e467e7dbe5b8aae7df7cd063ccdc06a71c7e0f7e0bc58c2dfc9ff508b6e9fa46,2023-01,Norfolk Constabulary,Norfolk Constabulary,1.243963,52.704409,On or near Mill Gardens,E01026536,Broadland 004D,Unable to prosecute suspect
147fa753edea1544f5219bb1ce08b2b2b30a10eca1b282c04be6f5a7f4d86c55,2023-01,Norfolk Constabulary,Norfolk Constabulary,0.733809,52.416318,On or near ,E01026467,Breckland 015C,Unable to prosecute suspect
539a29a3217828fccd70548f9f9a6a4eccc176c44aaf7cbc781222e8ec9ec17d,2023-01,Norfolk Constabulary,Norfolk Constabulary,1.297009,52.624440,On or near Brooke Place,E01026822,Norwich 007A,Investigation complete; no suspect identified
153558227a0503a3df299c6eeb30e4ca678abd766354493f8dbf62172eab9be1,2023-01,Norfolk Constabulary,Norfolk Constabulary,1.298746,52.626316,On or near ,E01033440,Norwich 014C,Investigation complete; no suspect identified
56bb2088f17a4233d5990e25ab29f092f6faeb8ea43fcb9343163f88af4c7473,2023-01,Norfolk Constabulary,Norfolk Constabulary,0.403513,52.747870,On or near Garden Row,E01026700,King's Lynn and West Norfolk 011C,Investigation complete; no suspect identified
a32e833b1d08265d321eecd15d0722c074ecad51c71d91dd75d956138ac208b2,2023-01,Norfolk Constabulary,Norfolk Constabulary,1.724928,52.616771,On or near The Lea,E01026596,Great Yarmouth 005B,Unable to prosecute suspect
7d8e7834884be7b3d4baae3a0e8525fc2146cecbe96a85f14394f94f470e5226,2023-01,Norfolk Constabulary,Norfolk Constabulary,1.275965,52.638487,On or near Edward Gambling Court,E01026825,Norwich 007D,Investigation complete; no suspect identified
c6cb4e712be964ef5d1de7158dadff18056cc745af07273d0ec97da1757c6356,2023-01,Norfolk Constabulary,Norfolk Constabulary,1.361082,52.727738,On or near Church Street,E01026516,Broadland 003C,Unable to prosecute suspect
1f4990f101d51f1c78f105967364f27fc7b76b414e378e15efa275bd68b9b4b7,2023-01,Norfolk Constabulary,Norfolk Constabulary,0.955962,52.672962,On or near ,E01026427,Breckland 005C,Investigation complete; no suspect identified
02211c9743d35b95a532af00b4ea42b00d237434bb03414b8c018919d1dad0b0,2023-01,Norfolk Constabulary,Norfolk Constabulary,1.728503,52.607811,On or near ,E01026597,Great Yarmouth 005C,Suspect charged
02211c9743d35b95a532af00b4ea42b00d237434bb03414b8c018919d1dad0b0,2023-01,Norfolk Constabulary,Norfolk Constabulary,1.728503,52.607811,On or near ,E01026597,Great Yarmouth 005C,Suspect charged
02211c9743d35b95a532af00b4ea42b00d237434bb03414b8c018919d1dad0b0,2023-01,Norfolk Constabulary,Norfolk Constabulary,1.728503,52.607811,On or near ,E01026597,Great Yarmouth 005C,Suspect charged
02211c9743d35b95a532af00b4ea42b00d237434bb03414b8c018919d1dad0b0,2023-01,Norfolk Constabulary,Norfolk Constabulary,1.728503,52.607811,On or near ,E01026597,Great Yarmouth 005C,Suspect charged
e0f280166d5baad407efe7e2b116af74e2384c066f605f857ae2f7ba29ab0671,2023-01,Norfolk Constabulary,Norfolk Constabulary,1.685628,52.680658,On or near Beck Avenue,E01026629,Great Yarmouth 001F,Unable to prosecute suspect
f6dfd75b08782b11ad7821264fefd01d9b4410fdf2b36d04db38ca0ed0ec74dd,2023-01,Norfolk Constabulary,Norfolk Constabulary,1.297467,52.931459,On or near ,E01026734,North Norfolk 003A,Investigation complete; no suspect identified
8f066e4de7a45ee4d2df9f7662dfcf092ca9f9b1aff2df2bbf44a1c0c6d226af,2023-01,Norfolk Constabulary,Norfolk Constabulary,1.731796,52.606660,On or near Saxon Passage,E01026623,Great Yarmouth 006B,Unable to prosecute suspect
2eeab48047365aafbd4bee4babe8b2b333918c8c8ce86db78e6958e4e0e9dc03,2023-01,Norfolk Constabulary,Norfolk Constabulary,1.283001,52.620521,On or near Eagle Walk,E01026855,Norwich 011D,Investigation complete; no suspect identified
850a1b1ca6bd93930df6ab687c3aba88d0aa9c46a764a4bad214a9f81285f654,2023-01,Norfolk Constabulary,Norfolk Constabulary,0.410362,52.757316,On or near Gaywood Road,E01026668,King's Lynn and West Norfolk 009C,Suspect charged
3f8c4cdc0389f41763438f5e1625e0d0b38de3c7c023f85219c5a524fef01ccd,2023-01,Norfolk Constabulary,Norfolk Constabulary,0.446857,52.772475,On or near Hinchingbrook Close,E01026673,King's Lynn and West Norfolk 006E,Unable to prosecute suspect
d180472d66907cbf61ed66480fadf3647b918af308f89e2d077d169a00b057f7,2023-01,Norfolk Constabulary,Norfolk Constabulary,1.512534,52.772704,On or near St Johns Court,E01026776,North Norfolk 013C,Unable to prosecute suspect
3620f791b9997dd5142128b8e044483c0c1eefd409f5cf1d95ff2a379e61e127,2023-01,Norfolk Constabulary,Norfolk Constabulary,1.350737,52.632635,On or near Gargle Hill,E01026573,Broadland 015E,Investigation complete; no suspect identified
cdb7cb2ee9cdb4f5fe1b0e88d2fbf097eecba3c0e30d78a8dbaecd3115035faf,2023-01,Norfolk Constabulary,Norfolk Constabulary,0.737869,52.404462,On or near Pine Close,E01026477,Breckland 017D,Unable to prosecute suspect
bb967695beaf1cc8b328d24fccbe79ddf5488721fab60eb04a60f7ee0006ac51,2023-01,Norfolk Constabulary,Norfolk Constabulary,1.300874,52.404416,On or near Everson's Lane,E01026901,South Norfolk 013C,Unable to prosecute suspect
b5a2d9717da7b32e72b61ae5ded94e8c996540e34310ebd84031e419e89bb87a,2023-01,Norfolk Constabulary,Norfolk Constabulary,1.291422,52.653159,On or near Hillmead,E01026798,Norwich 001B,Unable to prosecute suspect
00bb36e8f7a154fde11069c552f7e046994fff411e53ab970cde799e86074597,2023-01,Norfolk Constabulary,Norfolk Constabulary,1.125775,52.580989,On or near Hawthorn Close,E01026933,South Norfolk 007C,Unable to prosecute suspect
0aab3554d379e05761d56fd2cd807118027a745b5000314292dbe3126c87f3a1,2023-01,Norfolk Constabulary,Norfolk Constabulary,1.150985,52.889642,On or near The Street,E01026733,North Norfolk 006C,Unable to prosecute suspect
a925187fa0140ae544bd936d87e9d2ec4cb28d8fd5af60323b4c2f074fc661c4,2023-01,Norfolk Constabulary,Norfolk Constabulary,1.732666,52.599176,On or near Albert Road,E01026626,Great Yarmouth 006E,Unable to prosecute suspect
d3f0fd024dc92a2c3bf61fe072c8ff9760afb078bbc3f386e0d164ce019287ce,2023-01,Norfolk Constabulary,Norfolk Constabulary,0.690183,52.648695,On or near Mangate Street,E01026455,Breckland 007A,Unable to prosecute suspect
8e7cb449d40edea06e3aea28b9f201ab1c016752dbf9fc9ca022f6bd72a00824,2023-01,Norfolk Constabulary,Norfolk Constabulary,1.342003,52.763362,On or near Ormesby Road,E01026768,North Norfolk 012C,Unable to prosecute suspect
e2bcb3ad78ef7ef74c8de344adb0835810dc6ee367c6c21f9c6bb540e0b5fc56,2023-01,Norfolk Constabulary,Norfolk Constabulary,1.516406,52.581473,On or near Peregrine Close,E01026511,Broadland 017D,Unable to prosecute suspect
5874956d6022d1808774ae93c81c45057238029f19d79371d5a7d973c5ad2e88,2023-01,Norfolk Constabulary,Norfolk Constabulary,1.289681,52.648495,On or near Rackham Road,E01026800,Norwich 001D,Unable to prosecute suspect
f45928d23cbd3b4f4ba9fc9f5742710a09b4d94790180dfda74e1a47914c9231,2023-01,Norfolk Constabulary,Norfolk Constabulary,1.298664,52.612261,On or near Birkbeck Close,E01026819,Norwich 013D,Unable to prosecute suspect
7302cb749859bb0a08273f15ab6b4d208bacae05be30e1417c61139865e2561d,2023-01,Norfolk Constabulary,Norfolk Constabulary,1.269402,52.622058,On or near Henley Road,E01026838,Norwich 009D,Investigation complete; no suspect identified
4296a529eaebfbe686701535d64694c54068ec4547e8a96631a54389012ffb35,2023-01,Norfolk Constabulary,Norfolk Constabulary,,,No location,,,Investigation complete; no suspect identified
d4ede29b0c3dd24a62975c249a4ae3a24c9d22ca191694064c486748bb5881ed,2023-01,Norfolk Constabulary,Norfolk Constabulary,1.299967,52.628791,On or near Greyfriars Road,E01033440,Norwich 014C,Unable to prosecute suspect
85e424d410cec55a5cc5c9e703f127cfcba11f6da0163fe50016e412b88a9f59,2023-01,Norfolk Constabulary,Norfolk Constabulary,1.223395,52.648339,On or near Highlow Road,E01026917,South Norfolk 001B,Unable to prosecute suspect
1fcc33322667736dc991db2a4f354aef3b3010adf949ef73bd36d7da0014f54b,2023-01,Norfolk Constabulary,Norfolk Constabulary,0.418897,52.757816,On or near Helena Anderson Court,E01026693,King's Lynn and West Norfolk 009D,Suspect charged
b0db8b0a82ecfc29ff35cf7cffc8e87ed902a8bd8da324e2c25c0e004afe777d,2023-01,Norfolk Constabulary,Norfolk Constabulary,1.262462,52.633926,On or near ,E01026863,Norwich 006A,Unable to prosecute suspect
ecc23ea4553bbcf5b218e4e1ac799ccbf4e6ede1aa4425015f2b42311cb4f2d6,2023-01,Norfolk Constabulary,Norfolk Constabulary,1.262462,52.633926,On or near ,E01026863,Norwich 006A,Unable to prosecute suspect
90d9b4f1f22386a73a8d0d7f13a6642991cb2db5451265a51641023ef5acf7b4,2023-01,Norfolk Constabulary,Norfolk Constabulary,1.280265,52.651301,On or near Aylsham Crescent,E01026797,Norwich 001A,Investigation complete; no suspect identified
c380ed5c623bf432843473d447ffb19ac329d235a6640793704d566b0d4fd7e2,2023-01,Norfolk Constabulary,Norfolk Constabulary,1.287315,52.602255,On or near ,E01026821,Norwich 013F,Investigation complete; no suspect identified
d907f416df7cd6619f804b4ec59bb63d7a7fb619cdaad8df3bf726551c69cd47,2023-01,Norfolk Constabulary,Norfolk Constabulary,1.655454,52.578633,On or near Beccles Road,E01026614,Great Yarmouth 012B,Suspect charged as part of another case
d907f416df7cd6619f804b4ec59bb63d7a7fb619cdaad8df3bf726551c69cd47,2023-01,Norfolk Constabulary,Norfolk Constabulary,1.655454,52.578633,On or near Beccles Road,E01026614,Great Yarmouth 012B,Suspect charged as part of another case
50ce92de4bee8659d329ac759950aa0a45f0ed8f86202108275c8c6ae4091c22,2023-01,Norfolk Constabulary,Norfolk Constabulary,1.309520,52.639614,On or near Lavengro Road,E01026844,Norwich 003D,Further investigation is not in the public interest
50ce92de4bee8659d329ac759950aa0a45f0ed8f86202108275c8c6ae4091c22,2023-01,Norfolk Constabulary,Norfolk Constabulary,1.309520,52.639614,On or near Lavengro Road,E01026844,Norwich 003D,Further investigation is not in the public interest
b4eb81e1285161779977a02f2a50027fb2576beb605c0e065cfa2e37ec370d0d,2023-01,Norfolk Constabulary,Norfolk Constabulary,0.801194,52.585619,On or near The Oval,E01026437,Breckland 008A,Unable to prosecute suspect
fa82ec1643a487bc32720e015d7d3254416896d9a944c13859380f2d4cc1ea7f,2023-01,Norfolk Constabulary,Norfolk Constabulary,,,No location,,,Unable to prosecute suspect
2a4d2697dcf4cad667c4b58f66d4bb26aa07faebb3e8be8513babc43a468ca51,2023-01,Norfolk Constabulary,Norfolk Constabulary,0.399606,52.755771,On or near Norfolk Street,E01026698,King's Lynn and West Norfolk 011A,Unable to prosecute suspect
2a4d2697dcf4cad667c4b58f66d4bb26aa07faebb3e8be8513babc43a468ca51,2023-01,Norfolk Constabulary,Norfolk Constabulary,0.399606,52.755771,On or near Norfolk Street,E01026698,King's Lynn and West Norfolk 011A,Unable to prosecute suspect
2a4d2697dcf4cad667c4b58f66d4bb26aa07faebb3e8be8513babc43a468ca51,2023-01,Norfolk Constabulary,Norfolk Constabulary,0.399606,52.755771,On or near Norfolk Street,E01026698,King's Lynn and West Norfolk 011A,Unable to prosecute suspect
d464850175137d4ecc7633bb395124040ed34d3db89b10d42ba2170f903cad32,2023-01,Norfolk Constabulary,Norfolk Constabulary,1.262086,52.653018,On or near ,E01026531,Broadland 011B,Unable to prosecute suspect
9d6c6dfb371e8f2e5b858d9e96f6be523a4d01191ab6fd801459db6a6cbe95eb,2023-01,Norfolk Constabulary,Norfolk Constabulary,1.278806,52.646818,On or near Half Mile Close,E01026829,Norwich 002B,Unable to prosecute suspect
3de576fc07cb28428491ee78279f69b9e2ac7c162d0d4d0ad9348ce7e6a8d611,2023-01,Norfolk Constabulary,Norfolk Constabulary,1.638248,52.710447,On or near Somerton Road,E01026638,Great Yarmouth 002E,Action to be taken by another organisation
3de576fc07cb28428491ee78279f69b9e2ac7c162d0d4d0ad9348ce7e6a8d611,2023-01,Norfolk Constabulary,Norfolk Constabulary,1.638248,52.710447,On or near Somerton Road,E01026638,Great Yarmouth 002E,Action to be taken by another organisation
3de576fc07cb28428491ee78279f69b9e2ac7c162d0d4d0ad9348ce7e6a8d611,2023-01,Norfolk Constabulary,Norfolk Constabulary,1.638248,52.710447,On or near Somerton Road,E01026638,Great Yarmouth 002E,Action to be taken by another organisation
3de576fc07cb28428491ee78279f69b9e2ac7c162d0d4d0ad9348ce7e6a8d611,2023-01,Norfolk Constabulary,Norfolk Constabulary,1.638248,52.710447,On or near Somerton Road,E01026638,Great Yarmouth 002E,Action to be taken by another organisation
f793557a2a4b8d075574767f49d3b76767e6334397eb4bae8f45c7ec2b665edf,2023-01,Norfolk Constabulary,Norfolk Constabulary,1.300140,52.651891,On or near Marlow Court,E01026801,Norwich 001E,Unable to prosecute suspect
843b9943e00246354c354c47ab6b77ce3d25f864d497ed44d187583c50e12619,2023-01,Norfolk Constabulary,Norfolk Constabulary,1.278806,52.646818,On or near Half Mile Close,E01026829,Norwich 002B,Unable to prosecute suspect
316d340b1b28ebd5f2d7e211f6e9737c88fd8b71486ecb428e676a8a2eebb504,2023-01,Norfolk Constabulary,Norfolk Constabulary,0.295898,52.747107,On or near Station Road,E01026713,King's Lynn and West Norfolk 008D,Unable to prosecute suspect
230df6368a4de0a084d4d1cfb1258e474f17ddef754d5371ea6934a99f411174,2023-01,Norfolk Constabulary,Norfolk Constabulary,1.343324,52.655203,On or near Nightjar Way,E01026558,Broadland 013B,Unable to prosecute suspect
cb9a26247c135d55a944f7efa1c1de0896f6f83fd54262d90c9cc0778be04803,2023-01,Norfolk Constabulary,Norfolk Constabulary,0.687357,52.647941,On or near Market Place,E01026455,Breckland 007A,Unable to prosecute suspect
460ca79a67f7de19c2630b14233ed9e7f3d7ccf54797b08d59e6cb089c353768,2023-01,Norfolk Constabulary,Norfolk Constabulary,1.120459,52.565382,On or near Exige Way,E01026884,South Norfolk 007A,Unable to prosecute suspect
2fc5aa1c055c249051f9d5c9f3b2a56f1ff5a52704fc2c781ce403d72f2da681,2023-01,Norfolk Constabulary,Norfolk Constabulary,1.294772,52.669173,On or near Lodge Farm Drive,E01026544,Broadland 009E,Unable to prosecute suspect
c1d3f8613162fd8127395b5c032e12c8217247034774965fbc94ae7843ee7a84,2023-01,Norfolk Constabulary,Norfolk Constabulary,1.225277,52.638755,On or near Nortridge Road,E01033436,Norwich 005H,Action to be taken by another organisation
78c30777c1beb4493d92f03cc94d1eb3a7feb6776e9e45108b6a541a17335131,2023-01,Norfolk Constabulary,Norfolk Constabulary,1.716785,52.609094,On or near Breydon Road,E01026635,Great Yarmouth 007D,Suspect charged as part of another case
78c30777c1beb4493d92f03cc94d1eb3a7feb6776e9e45108b6a541a17335131,2023-01,Norfolk Constabulary,Norfolk Constabulary,1.716785,52.609094,On or near Breydon Road,E01026635,Great Yarmouth 007D,Suspect charged as part of another case
6e352f460062c10e7172b49ab758b43420e5406a88f5dcbbd74927a03b0f8f4d,2023-01,Norfolk Constabulary,Norfolk Constabulary,1.731433,52.624086,On or near Beresford Road,E01026641,Great Yarmouth 004D,Action to be taken by another organisation
c8876d03543b5600622a2468dd33044d258a2bbb3966e2131556c7bdccd694f3,2023-01,Norfolk Constabulary,Norfolk Constabulary,1.541564,52.769681,On or near Ingham Road,E01026774,North Norfolk 013A,Unable to prosecute suspect
fef20c00d53673e388f9df59db6d9d8c120b87d5a113723cceaee0225f5940ee,2023-01,Norfolk Constabulary,Norfolk Constabulary,0.822662,52.568635,On or near South Road,E01026488,Breckland 009C,Further investigation is not in the public interest
37b06ad3cbc5b279ef9ed5f583321b0fd6e74339d6c0ffe5d87703f4406eeae9,2023-01,Norfolk Constabulary,Norfolk Constabulary,0.951725,52.679677,On or near Bath Avenue,E01026430,Breckland 003C,Unable to prosecute suspect
1099ae21d53c22c2ec87d24f24e205ecb1ca981c76857e49f730bcf3ac5fc47a,2023-01,Norfolk Constabulary,Norfolk Constabulary,1.025113,52.520681,On or near Kishorn Way,E01026449,Breckland 011D,Further investigation is not in the public interest
98c6fe4a45b8bb69d38add36fa2e3216d16f7eb1c1ee7ae6b022af287c32ec7f,2023-01,Norfolk Constabulary,Norfolk Constabulary,1.319237,52.637318,On or near Knox Close,E01026806,Norwich 004D,Unable to prosecute suspect
ab507fdfbafa982662c882119415265d4f089f5227b177af69bf008585f443b4,2023-01,Norfolk Constabulary,Norfolk Constabulary,1.284528,52.651156,On or near Palmer Close,E01026800,Norwich 001D,Unable to prosecute suspect
90a52559731f40579fddaf2a38bec8fa6481e6a86556cdc5cf3e81625497b18f,2023-01,Norfolk Constabulary,Norfolk Constabulary,0.740799,52.405464,On or near Staniforth Road,E01026477,Breckland 017D,Local resolution
178171bb93c136e8d7125429328f9ed96b6e127789b3e180bbc1b195718b8e42,2023-01,Norfolk Constabulary,Norfolk Constabulary,1.152426,52.502220,On or near Boileau Avenue,E01026897,South Norfolk 011C,Investigation complete; no suspect identified
b469ae4f353611c0284aebf688ca674378b2c05c42e60324840872434439d897,2023-01,Norfolk Constabulary,Norfolk Constabulary,0.740799,52.405464,On or near Staniforth Road,E01026477,Breckland 017D,Local resolution
70f97b296fe1c76e5a8a5778987e9d21ff700df9ce7c2cea7c9d11241e042725,2023-01,Norfolk Constabulary,Norfolk Constabulary,0.737869,52.404462,On or near Pine Close,E01026477,Breckland 017D,Investigation complete; no suspect identified
b2b0cd54f37a7c2726a6ceb88e329222a3d609ee2efe51905f4a58c923e59985,2023-01,Norfolk Constabulary,Norfolk Constabulary,0.931521,52.686860,On or near Girling Road,E01026428,Breckland 003A,Unable to prosecute suspect
d082ce52367d2f41345488fed83b29b8e34c7ecb46f30b384ee5d31baa3f1f58,2023-01,Norfolk Constabulary,Norfolk Constabulary,1.305220,52.661390,On or near Burma Road,E01026543,Broadland 009D,Further investigation is not in the public interest
33e6cb34599a43f0238d01be55fa1a7d1b7f6647890b5d321c5f7f3a8ef8db97,2023-01,Norfolk Constabulary,Norfolk Constabulary,1.294552,52.636380,On or near ,E01026826,Norwich 007E,Unable to prosecute suspect
1f21e75fc5a0db244dd07447bb0fdbe4e5043a183073a310951bd72cab6b9ba5,2023-01,Norfolk Constabulary,Norfolk Constabulary,1.381281,52.629815,On or near Maple Way,E01026509,Broadland 017B,Unable to prosecute suspect
1f21e75fc5a0db244dd07447bb0fdbe4e5043a183073a310951bd72cab6b9ba5,2023-01,Norfolk Constabulary,Norfolk Constabulary,1.381281,52.629815,On or near Maple Way,E01026509,Broadland 017B,Unable to prosecute suspect
8527b22ebed6177fa79a36898b8fe48c0c5b5a901b5c1bb86ceb34fe5074fdc1,2023-01,Norfolk Constabulary,Norfolk Constabulary,1.122514,52.573530,On or near Vimy Ridge,E01026945,South Norfolk 007D,Unable to prosecute suspect
1203ca2eb97c32aee809f3a52421b3b216f84e904e7a1de2f4ccb8e53144c152,2023-01,Norfolk Constabulary,Norfolk Constabulary,,,No location,,,Unable to prosecute suspect
9f50b10176ce9b38f020b4db6e4ae7838b98cade61520932bcc7d536dfb952c2,2023-01,Norfolk Constabulary,Norfolk Constabulary,1.717980,52.561672,On or near ,E01026617,Great Yarmouth 011A,Unable to prosecute suspect
483b0f051547bafe77285f56b7f97148fe3108275babe491ae71b20e71221b2b,2023-01,Norfolk Constabulary,Norfolk Constabulary,0.598451,52.588239,On or near Walnut Place,E01026444,Breckland 012B,Suspect charged
b7d2d55d7d3ac26dec8f9616f950ddff229d62056f0d7320a2b509ac1361bf8f,2023-01,Norfolk Constabulary,Norfolk Constabulary,1.724366,52.609116,On or near Herries Close,E01026597,Great Yarmouth 005C,Unable to prosecute suspect
1795074f6078e252404872fbf5a115653d3e9e226ec915c30ae0c77c2378e217,2023-01,Norfolk Constabulary,Norfolk Constabulary,0.688514,52.655235,On or near Castleacre Road,E01026459,Breckland 007E,Suspect charged
f0a0a7877808cb0c39138f525364e9c5d768b9743a98fada10ae3f1a1481b8ee,2023-01,Norfolk Constabulary,Norfolk Constabulary,0.598451,52.588239,On or near Walnut Place,E01026444,Breckland 012B,Unable to prosecute suspect
c3ce3430b405b96bea7b9a194c0f2bc2c2ace02781847d9f7356e91024503c5c,2023-01,Norfolk Constabulary,Norfolk Constabulary,1.282711,52.658284,On or near Jupiter Road,E01026530,Broadland 011A,Suspect charged
c3ce3430b405b96bea7b9a194c0f2bc2c2ace02781847d9f7356e91024503c5c,2023-01,Norfolk Constabulary,Norfolk Constabulary,1.282711,52.658284,On or near Jupiter Road,E01026530,Broadland 011A,Suspect charged
70502bf681d26c42ea947706cb5b471a851b797bbead9d4e7c1eae730c6c75e2,2023-01,Norfolk Constabulary,Norfolk Constabulary,1.734493,52.598426,On or near King's Road,E01026626,Great Yarmouth 006E,Unable to prosecute suspect
0c303f3462c14e2108750e932ed3847266072d323302f7aa99ef614cffd03f79,2023-01,Norfolk Constabulary,Norfolk Constabulary,1.235417,52.602495,On or near Cantley Lane,E01026881,South Norfolk 002A,Unable to prosecute suspect
81b4f42dd7636ac961a69a866d38243bfb24e7e7d37cc92f13c81ace14296f39,2023-01,Norfolk Constabulary,Norfolk Constabulary,1.291049,52.627726,On or near ,E01026822,Norwich 007A,Investigation complete; no suspect identified
e5e6dd9f3b23a4bcb6371fdcafaea5aa08a7741006c8d5c4d868add3381f3272,2023-01,Norfolk Constabulary,Norfolk Constabulary,1.292894,52.629069,On or near Guildhall Hill,E01026822,Norwich 007A,Investigation complete; no suspect identified
aa8e15ce95b5f4007128b30d1dbff6d18efda63f4b88a8d904f33b37e58b5a56,2023-01,Norfolk Constabulary,Norfolk Constabulary,1.394291,52.824805,On or near Melbourne Road,E01026753,North Norfolk 010A,Unable to prosecute suspect
afa066b3c7284149cb8ad74c3c6bff33118961f6d4e244effba1c76fcd129b85,2023-01,Norfolk Constabulary,Norfolk Constabulary,1.711686,52.678333,On or near BEACH ROAD,E01026627,Great Yarmouth 001D,Unable to prosecute suspect
61948877b64f2f7e1e3f732e8520df91bf761e2110814c704d795e6afc18dc11,2023-01,Norfolk Constabulary,Norfolk Constabulary,1.714309,52.572185,On or near Magdalen Square,E01026620,Great Yarmouth 011D,Action to be taken by another organisation
c55c2d2b84e01abb9e8f2b543917fba7138d5f72a2271d4aae8b3e4a6fcf3fbf,2023-01,Norfolk Constabulary,Norfolk Constabulary,1.287315,52.602255,On or near ,E01026821,Norwich 013F,Investigation complete; no suspect identified
0d4ceffd4b7de394dbc89bf3823cc7594600230d6f6ffe62da32f3b323cd2d2d,2023-01,Norfolk Constabulary,Norfolk Constabulary,1.359053,52.736223,On or near Addison Close,E01026516,Broadland 003C,Unable to prosecute suspect
8733dcb09a3b815847dd2052fb5a5ee62353a736ec35e0faf0bb182b916c0dc5,2023-01,Norfolk Constabulary,Norfolk Constabulary,1.378884,52.660264,On or near Green Lane East,E01026578,Broadland 008C,Unable to prosecute suspect
c554b50147772691883af84ef49ddb0307a482a1ab275e0101ae93d62bbe602a,2023-01,Norfolk Constabulary,Norfolk Constabulary,1.317599,52.637562,On or near Prison,E01026806,Norwich 004D,Unable to prosecute suspect
2bb062c66d04d69b94012d34b8115ee2798b07292d193d8f8ab88b3c9ac9f1b3,2023-01,Norfolk Constabulary,Norfolk Constabulary,1.157428,52.915469,On or near School Loke,E01026733,North Norfolk 006C,Unable to prosecute suspect
617fcb35b417fba0e3f6f1cd63bce6aa56307f3c246756c6b38f86f7d6117219,2023-01,Norfolk Constabulary,Norfolk Constabulary,1.157428,52.915469,On or near School Loke,E01026733,North Norfolk 006C,Unable to prosecute suspect
09b6d5fe0a60a2fffcdaadc055b7bc3a68a1653d5d160149cf835770e7825624,2023-01,Norfolk Constabulary,Norfolk Constabulary,1.294868,52.630561,On or near ST ANDREWS STREET,E01026823,Norwich 007B,Unable to prosecute suspect
88f435bc4e57fb16f91121aeb2c2a9f265926658fa2382566b061070cf4c66ae,2023-01,Norfolk Constabulary,Norfolk Constabulary,1.301095,52.629245,On or near ,E01033438,Norwich 014A,Unable to prosecute suspect
77358d9a3bbc400dde964d04363eecc584a0e76496af8ab4e1a1ea4d74f6a477,2023-01,Norfolk Constabulary,Norfolk Constabulary,1.706510,52.567420,On or near Greenacres,E01026619,Great Yarmouth 011C,Unable to prosecute suspect
4ff358d47c97d20e644b6c772359eb761dbf34a01c22e2a577332f11242ecff3,2023-01,Norfolk Constabulary,Norfolk Constabulary,1.724903,52.606221,On or near Hall Plain,E01026623,Great Yarmouth 006B,Investigation complete; no suspect identified
fddb7dadbfa1d1ea908c99ce79186621fca03348d9db92536aeebbc3e909636d,2023-01,Norfolk Constabulary,Norfolk Constabulary,1.186525,52.605765,On or near Coachmaker Way,E01026908,South Norfolk 003D,Local resolution
fddb7dadbfa1d1ea908c99ce79186621fca03348d9db92536aeebbc3e909636d,2023-01,Norfolk Constabulary,Norfolk Constabulary,1.186525,52.605765,On or near Coachmaker Way,E01026908,South Norfolk 003D,Local resolution
fddb7dadbfa1d1ea908c99ce79186621fca03348d9db92536aeebbc3e909636d,2023-01,Norfolk Constabulary,Norfolk Constabulary,1.186525,52.605765,On or near Coachmaker Way,E01026908,South Norfolk 003D,Local resolution
95a13523450e7572b93ada1f4b7dd003c11daf08915cf9a295efe30ddb97382e,2023-01,Norfolk Constabulary,Norfolk Constabulary,1.717169,52.576332,On or near Lady Margaret's Avenue,E01026604,Great Yarmouth 009D,Unable to prosecute suspect
a8fedabd7afd4b91fcf2e737c085ffa7a58019ed2ceaa1ad1d7d614e33b372af,2023-01,Norfolk Constabulary,Norfolk Constabulary,1.231697,52.428481,On or near Harleston Road,E01026872,South Norfolk 013A,Investigation complete; no suspect identified
d221681936238c9b2da36b7fe2bcb09675e04e9557804282684e9bde027ea043,2023-01,Norfolk Constabulary,Norfolk Constabulary,1.717169,52.576332,On or near Lady Margaret's Avenue,E01026604,Great Yarmouth 009D,Unable to prosecute suspect
d3a10b75f18a9a9a1b7b2858c007b3afafffa864cb602e255422216d9d6dd8ca,2023-01,Norfolk Constabulary,Norfolk Constabulary,1.189119,52.653207,On or near Ernest Gage Avenue,E01033538,South Norfolk 001G,Unable to prosecute suspect
f0d469de4c1e570792ffde72185fd422aee253225a58ddb888c70e1786167f3e,2023-01,Norfolk Constabulary,Norfolk Constabulary,1.197766,52.939948,On or near Woodhouse Close,E01026772,North Norfolk 001C,Unable to prosecute suspect
dcd44c1535a3f7e5f7b72bb85c8e565093e47113e0fca71fd517c616892fd148,2023-01,Norfolk Constabulary,Norfolk Constabulary,1.730994,52.603834,On or near St Peters' Plain,E01026624,Great Yarmouth 006C,Investigation complete; no suspect identified
973e5ca28730ddc19d4479203dd977bd13f08711c451bf029689135fa4bac3bf,2023-01,Norfolk Constabulary,Norfolk Constabulary,1.729384,52.605055,On or near ,E01026624,Great Yarmouth 006C,Unable to prosecute suspect
c2ca4c080d96111cc06bf8832515244b57393bb26825f1d18dfeabdfc25ddd6e,2023-01,Norfolk Constabulary,Norfolk Constabulary,0.399518,52.754164,On or near Kings Lynn Bus Station,E01026698,King's Lynn and West Norfolk 011A,Unable to prosecute suspect
174fa7c28b4e9ccc96036367a9cb3181a43d7f32ec6151f95ab40b33ec96df0a,2023-01,Norfolk Constabulary,Norfolk Constabulary,1.186525,52.605765,On or near Coachmaker Way,E01026908,South Norfolk 003D,Local resolution
174fa7c28b4e9ccc96036367a9cb3181a43d7f32ec6151f95ab40b33ec96df0a,2023-01,Norfolk Constabulary,Norfolk Constabulary,1.186525,52.605765,On or near Coachmaker Way,E01026908,South Norfolk 003D,Local resolution
174fa7c28b4e9ccc96036367a9cb3181a43d7f32ec6151f95ab40b33ec96df0a,2023-01,Norfolk Constabulary,Norfolk Constabulary,1.186525,52.605765,On or near Coachmaker Way,E01026908,South Norfolk 003D,Local resolution
453197f1905362b1704f6b1d0a828f48bd3ccc672c7692cbb3e36adac611c5ee,2023-01,Norfolk Constabulary,Norfolk Constabulary,1.197766,52.939948,On or near Woodhouse Close,E01026772,North Norfolk 001C,Unable to prosecute suspect
d26a2aeb8377c398b0dca853e18cc0c2215921817bd80ece63ac97b598b25f0c,2023-01,Norfolk Constabulary,Norfolk Constabulary,1.197766,52.939948,On or near Woodhouse Close,E01026772,North Norfolk 001C,Unable to prosecute suspect
69c24eb014b4e7d1d717975f838a4dd12e10ac795236ce9855c69fc9da9a2d3f,2023-01,Norfolk Constabulary,Norfolk Constabulary,1.298411,52.932311,On or near ,E01026734,North Norfolk 003A,Investigation complete; no suspect identified
6103cbfb21d3dcebad622acea0d46c75b52cb3c3ea909cfcf9fbc3fed8e99089,2023-01,Norfolk Constabulary,Norfolk Constabulary,1.186525,52.605765,On or near Coachmaker Way,E01026908,South Norfolk 003D,Local resolution
6103cbfb21d3dcebad622acea0d46c75b52cb3c3ea909cfcf9fbc3fed8e99089,2023-01,Norfolk Constabulary,Norfolk Constabulary,1.186525,52.605765,On or near Coachmaker Way,E01026908,South Norfolk 003D,Local resolution
6103cbfb21d3dcebad622acea0d46c75b52cb3c3ea909cfcf9fbc3fed8e99089,2023-01,Norfolk Constabulary,Norfolk Constabulary,1.186525,52.605765,On or near Coachmaker Way,E01026908,South Norfolk 003D,Local resolution
12b71051d842e2f06dc2d7e8087da30aa45a8636701042a53da486887dbc2811,2023-01,Norfolk Constabulary,Norfolk Constabulary,0.912714,52.711767,On or near Dodson Drive,E01026452,Breckland 004B,Unable to prosecute suspect
33c8bc43c3c3e788f4a9ea377c8306c7cc69777ec13ae71b4ed4c68e473f12c3,2023-01,Norfolk Constabulary,Norfolk Constabulary,1.409912,52.647485,On or near Hospital Road,E01026545,Broadland 008A,Action to be taken by another organisation
aa0c2f7a4310b06936d2520d5f20a501eea8417c97c3e506d9417fb7f010d377,2023-01,Norfolk Constabulary,Norfolk Constabulary,1.409912,52.647485,On or near Hospital Road,E01026545,Broadland 008A,Action to be taken by another organisation
b50061c46c79e59047ca3cf19fc634937d6d5e5bbd0fd71ef506675fd307d0de,2023-01,Norfolk Constabulary,Norfolk Constabulary,1.478948,52.542169,On or near Mallard Close,E01026879,South Norfolk 008A,Unable to prosecute suspect
e06ffe8239ddeabe43c877a286bec0d9bf8dd6287073dc5e29b3ff80ebc150b4,2023-01,Norfolk Constabulary,Norfolk Constabulary,,,No location,,,Local resolution
6a4f7e96c153e99bf9a8cac4cdf5c755ee21fbc7e6f78c73c73bcc4964634533,2023-01,Norfolk Constabulary,Norfolk Constabulary,1.286728,52.624114,On or near Wessex Street,E01033434,Norwich 011G,Investigation complete; no suspect identified
fa661a00e6f1aef869feb3d21e1cc878bd31f4df2da492ef67bd0890cdb1497f,2023-01,Norfolk Constabulary,Norfolk Constabulary,1.315461,52.659890,On or near Edwards Road,E01026555,Broadland 012C,Action to be taken by another organisation
8f3daea8f8cccd657a37ec5f623b194af7be151f363f68b47b982e6a02477151,2023-01,Norfolk Constabulary,Norfolk Constabulary,1.188343,52.649459,On or near Prince Close,E01033538,South Norfolk 001G,Unable to prosecute suspect
4941b398cd6a55b827b5163be924ae8894132ac8483f9df0ae84eb9dd2e983c6,2023-01,Norfolk Constabulary,Norfolk Constabulary,1.222525,52.637121,On or near Donchurch Close,E01033436,Norwich 005H,Investigation complete; no suspect identified
462d33f50e2174ac961f22105110dfd01dc4081d71d752591746da9e43d0353e,2023-01,Norfolk Constabulary,Norfolk Constabulary,1.292383,52.401973,On or near Terence Airey Court,E01026900,South Norfolk 013B,Unable to prosecute suspect
be7797eb120a2b8237c062ec8a8be704a672f42b6b2329b0ecfa629f8772ee4f,2023-01,Norfolk Constabulary,Norfolk Constabulary,0.857053,52.830798,On or near Orchard Close,E01026749,North Norfolk 011E,Unable to prosecute suspect
b6a352d1a3e7f571884f20ed36e0d2863bc1bcea04cc701c55f0bea956ed8a5c,2023-01,Norfolk Constabulary,Norfolk Constabulary,0.941158,52.681622,On or near ,E01026426,Breckland 005B,Suspect charged
85a9c2d865c6306ae64533222c2bb512693f3b0ef5602320e9580024324cdc93,2023-01,Norfolk Constabulary,Norfolk Constabulary,0.889374,52.541080,On or near Coronation Terrace,E01026464,Breckland 010D,Unable to prosecute suspect
0cdfa9426137ecdbcbd19c692e6e47f829b0ef1d7dfb88631db6322f0205e607,2023-01,Norfolk Constabulary,Norfolk Constabulary,1.282711,52.658284,On or near Jupiter Road,E01026530,Broadland 011A,Suspect charged
0cdfa9426137ecdbcbd19c692e6e47f829b0ef1d7dfb88631db6322f0205e607,2023-01,Norfolk Constabulary,Norfolk Constabulary,1.282711,52.658284,On or near Jupiter Road,E01026530,Broadland 011A,Suspect charged
906eb5333d9849c8efd7baa696bc2f20aed53690ad2ef12d57196b4f12e7a12f,2023-01,Norfolk Constabulary,Norfolk Constabulary,0.416383,52.757652,On or near ,E01026666,King's Lynn and West Norfolk 009A,Suspect charged
0a8ab072469cede573fdc89ce9b4a3e0db4fad247ae28d9211bf972e7cf5a50e,2023-01,Norfolk Constabulary,Norfolk Constabulary,1.319237,52.637318,On or near Knox Close,E01026806,Norwich 004D,Unable to prosecute suspect
7bb1ca3d6fade6f65d17fed3f832269606568feaefa10a90bb5a9887c0be363a,2023-01,Norfolk Constabulary,Norfolk Constabulary,1.237619,52.632725,On or near Rydal Close,E01026796,Norwich 005F,Unable to prosecute suspect
c015a901b0b6e4e9d3a915936992c4934135aa68083db84414ea41fbde367815,2023-01,Norfolk Constabulary,Norfolk Constabulary,1.706305,52.590174,On or near James Watt Close,E01026581,Great Yarmouth 008A,Investigation complete; no suspect identified
b82ec88a8a6dd09f8e840317200ec7d6426001b3204156a320a7df07631b900d,2023-01,Norfolk Constabulary,Norfolk Constabulary,1.538537,52.712821,On or near Grange Close,E01026783,North Norfolk 014C,Unable to prosecute suspect
db30b18c7bd9d2886c5473e2d310d8c0207038f51cc0a3ebc2dff0e231ad658e,2023-01,Norfolk Constabulary,Norfolk Constabulary,1.137243,52.578083,On or near ,E01026945,South Norfolk 007D,Further investigation is not in the public interest
833fe98ac1938ac888e491a0a0fcfc770e8bc3765a13d45f5bcb42390a46fe35,2023-01,Norfolk Constabulary,Norfolk Constabulary,1.311032,52.667236,On or near Longe Road,E01026541,Broadland 009B,Investigation complete; no suspect identified
5e5d0ecc7d6b3e5b59f8190b40e07e1539f537fbaab33000182ce9afc87d2862,2023-01,Norfolk Constabulary,Norfolk Constabulary,1.219794,52.648437,On or near Farmland Road,E01026917,South Norfolk 001B,Action to be taken by another organisation
df46208491a422f24f89ac49ac529f57af0b83a32a296ebcd43f0d0612947731,2023-01,Norfolk Constabulary,Norfolk Constabulary,1.219794,52.648437,On or near Farmland Road,E01026917,South Norfolk 001B,Action to be taken by another organisation
63e23c9755797eb5a00149c567e7fb6d3dae384051ab9970851e113ff2cc15a3,2023-01,Norfolk Constabulary,Norfolk Constabulary,1.219794,52.648437,On or near Farmland Road,E01026917,South Norfolk 001B,Action to be taken by another organisation
1cfdc17430c319a11763e3f986d1383750ebf4c48e999db14e93cfb177cfd0d5,2023-01,Norfolk Constabulary,Norfolk Constabulary,1.219794,52.648437,On or near Farmland Road,E01026917,South Norfolk 001B,Action to be taken by another organisation
54760b397a58f5dd66542ec2a2b5330d457a8f715f5250f0a8edf9f0b7d6a303,2023-01,Norfolk Constabulary,Norfolk Constabulary,1.725343,52.577658,On or near Roslyn Road,E01026630,Great Yarmouth 010D,Unable to prosecute suspect
c2a7d0364e09c4056e71f119550aa728e7e4139bbae7a54af70b65d02cdc8538,2023-01,Norfolk Constabulary,Norfolk Constabulary,1.310923,52.490782,On or near Alburgh Road,E01026904,South Norfolk 012E,Unable to prosecute suspect
0e4eaed2ead397159ace1223ef1525fa515c9c77671da39dff63a22998c34876,2023-01,Norfolk Constabulary,Norfolk Constabulary,0.752958,52.427636,On or near Celia Phillips Close,E01026466,Breckland 015B,Investigation complete; no suspect identified
a12b5531598e62bdbe152b3c54b13721c109af777fad960b27efae7544ed33a3,2023-01,Norfolk Constabulary,Norfolk Constabulary,0.505474,52.848742,On or near Saxon Way,E01026654,King's Lynn and West Norfolk 004B,Unable to prosecute suspect
156b6e29b10740bbef821b591bd495cf7ce9750e3c29d5f57a5626c59261fdaa,2023-01,Norfolk Constabulary,Norfolk Constabulary,0.430306,52.753770,On or near Freiston,E01026663,King's Lynn and West Norfolk 010B,Unable to prosecute suspect
4ac004b7b1e6cdac668fe126573837ea0cf71fd40e4f9e5f2efd057f401467cf,2023-01,Norfolk Constabulary,Norfolk Constabulary,1.319237,52.637318,On or near Knox Close,E01026806,Norwich 004D,Unable to prosecute suspect
5ceff2bf78076ef8c8cc2885cbd9704dd081ace93b105c36d6e7cb00279f5152,2023-01,Norfolk Constabulary,Norfolk Constabulary,1.721251,52.608801,On or near Fishers' Quay,E01026597,Great Yarmouth 005C,Unable to prosecute suspect
7392e11dbf717e84136a18aff5aba5a504b7d73648e974a79556d43e2fcdc0ab,2023-01,Norfolk Constabulary,Norfolk Constabulary,0.456189,52.774961,On or near Ennerdale Drive,E01026710,King's Lynn and West Norfolk 005E,Unable to prosecute suspect
62ccdbbab353d69e595fee144ebc4ca5d02b4fcdc62cd7cf4b7b06631d8250f3,2023-01,Norfolk Constabulary,Norfolk Constabulary,0.745363,52.413380,On or near Bridge Street,E01026474,Breckland 017A,Offender given a caution
1db2cb7aee95e67e34671280db68504ef9f04e97a598b314f122f9964619034f,2023-01,Norfolk Constabulary,Norfolk Constabulary,,,No location,,,Investigation complete; no suspect identified
9eb68356b1c4067e14be5739112c8f53b4b567730fd286a6376b1a03cc3ef33f,2023-01,Norfolk Constabulary,Norfolk Constabulary,1.288625,52.647022,On or near Philadelphia Lane,E01026830,Norwich 002C,Unable to prosecute suspect
1b732f763a727fb084d8e7f8dbe9857967c0b8fdfe63665e7cac49716f2194d9,2023-01,Norfolk Constabulary,Norfolk Constabulary,1.114542,52.579766,On or near Aldwick Road,E01026921,South Norfolk 005C,Unable to prosecute suspect
ebefea28f06525a2463062b22e561f1cd0597ad4d8d948069aab42277a8397af,2023-01,Norfolk Constabulary,Norfolk Constabulary,1.231697,52.428481,On or near Harleston Road,E01026872,South Norfolk 013A,Investigation complete; no suspect identified
5ea07ec1f9beed83ef7969c0646ed0635fa3275d2a2481975d3f55128aecc5a5,2023-01,Norfolk Constabulary,Norfolk Constabulary,1.727568,52.604716,On or near Yarmouth Way,E01026624,Great Yarmouth 006C,Unable to prosecute suspect
0d0b1f173cf2765b5350d9410d3d482d0156a4f8ced6d9e1fb7eb726739c5401,2023-01,Norfolk Constabulary,Norfolk Constabulary,1.729805,52.649592,On or near ,E01026592,Great Yarmouth 003D,Further action is not in the public interest
dd44c329a26752faf9d3f64ac0d005604a412f2fdcaacb34b76e6ce9ce28cd97,2023-01,Norfolk Constabulary,Norfolk Constabulary,1.717980,52.561672,On or near ,E01026617,Great Yarmouth 011A,Unable to prosecute suspect
148ec33de890c1b8efd0580cbf1322f1ad3ef533e1efadbef882c622c5a7a00a,2023-01,Norfolk Constabulary,Norfolk Constabulary,1.277089,52.629013,On or near West Parade,E01026837,Norwich 009C,Unable to prosecute suspect
166cafa0c1f79a0fa035b3c82296b51bc0919852feebd3730fb5a7c206601409,2023-01,Norfolk Constabulary,Norfolk Constabulary,1.278728,52.640839,On or near Horsford Street,E01026825,Norwich 007D,Unable to prosecute suspect
842465b4ef0fa8344c4ecb48756f3590580e1107d3ee5d17c6fcaf13b47d7898,2023-01,Norfolk Constabulary,Norfolk Constabulary,1.217391,52.938419,On or near Pine Grove,E01026771,North Norfolk 001B,Formal action is not in the public interest
d3dcaa49bdab10128f16bd4164430258fd99fd6f282d911dff11fd9f00445411,2023-01,Norfolk Constabulary,Norfolk Constabulary,1.109541,52.375864,On or near Chapel Street,E01026891,South Norfolk 015D,Investigation complete; no suspect identified
df43721c4631027dea69f1233fd922cc592a602eae0353f1b5d11cc88ab1d08b,2023-01,Norfolk Constabulary,Norfolk Constabulary,1.046276,52.457707,On or near Andrew's Furlong,E01026435,Breckland 013B,Unable to prosecute suspect
e77bce58a3b0ca8942bd5fac0c1a6cd52ef48bbf6856b1889dc94b721c093933,2023-01,Norfolk Constabulary,Norfolk Constabulary,1.246686,52.936228,On or near BALFOUR ROAD,E01026781,North Norfolk 005C,Unable to prosecute suspect
75cb56f53bcc186d4fa37c876c6dbeb1841b4aacb32206c1d122e9f1708f1125,2023-01,Norfolk Constabulary,Norfolk Constabulary,0.735349,52.419331,On or near Lincoln Way,E01026467,Breckland 015C,Unable to prosecute suspect
9f5f17171395e51832cdad780ee2971500b5465dbf8df341a1331fad15f58779,2023-01,Norfolk Constabulary,Norfolk Constabulary,1.277089,52.629013,On or near West Parade,E01026837,Norwich 009C,Unable to prosecute suspect
2b01bd995197f60f774c22bb63c287527e3f14d5e7fb4bff76c056de7a913954,2023-01,Norfolk Constabulary,Norfolk Constabulary,1.712228,52.565568,On or near Bodleian Court,E01026617,Great Yarmouth 011A,Unable to prosecute suspect
01ee64726081134fd2e91f22b7e8e109c6cb86b51948a6914bcb9c01273761e2,2023-01,Norfolk Constabulary,Norfolk Constabulary,0.394059,52.756495,On or near Tuesday Market Place,E01026698,King's Lynn and West Norfolk 011A,Suspect charged
59ee5f69d5cc95a485541b9d7b6ffc1c16a85f3cea953198064de3990e9f9ec6,2023-01,Norfolk Constabulary,Norfolk Constabulary,1.292367,52.626970,On or near William Booth Street,E01026822,Norwich 007A,Unable to prosecute suspect
862bc866cd8119fe6d0a449887ada8f100f0a1f6ae60f18c1efe9df3e94021bf,2023-01,Norfolk Constabulary,Norfolk Constabulary,1.104472,52.904564,On or near Robin Close,E01026742,North Norfolk 004B,Unable to prosecute suspect
b90ccc2fe5d2f6e31c3893eaef222fe610f2cd8d150c306d001ed07a4f02d8af,2023-01,Norfolk Constabulary,Norfolk Constabulary,1.231570,52.634887,On or near Rogers Close,E01026796,Norwich 005F,Unable to prosecute suspect
7041b9d798ed9483eb8449e77ae9ddc57df98a262b1b216254bcb141ef925220,2023-01,Norfolk Constabulary,Norfolk Constabulary,1.712357,52.566040,On or near St Antony's Avenue,E01026617,Great Yarmouth 011A,Suspect charged
4a091486210a0587e583a6de6b56c9ed05d1406b5bf2246613948e6b4ce6c561,2023-01,Norfolk Constabulary,Norfolk Constabulary,1.104472,52.904564,On or near Robin Close,E01026742,North Norfolk 004B,Unable to prosecute suspect
b472bcc554975d4ed2bfc0b549aa106bda76a80a09c6b19d0fbe588a666ae6c6,2023-01,Norfolk Constabulary,Norfolk Constabulary,0.488450,52.941039,On or near Cliff Terrace,E01026683,King's Lynn and West Norfolk 001D,Suspect charged
b472bcc554975d4ed2bfc0b549aa106bda76a80a09c6b19d0fbe588a666ae6c6,2023-01,Norfolk Constabulary,Norfolk Constabulary,0.488450,52.941039,On or near Cliff Terrace,E01026683,King's Lynn and West Norfolk 001D,Suspect charged
8c29b16510fa552e12f66ec88acb4625c98dcf0f52617aed59db794451eaeee0,2023-01,Norfolk Constabulary,Norfolk Constabulary,1.216328,52.629627,On or near Tizzick Close,E01033435,Norwich 005G,Unable to prosecute suspect
f4e44a467a6036110d4464011dc08700f6ebd145b245f0119655a61174df91ee,2023-01,Norfolk Constabulary,Norfolk Constabulary,0.410362,52.757316,On or near Gaywood Road,E01026668,King's Lynn and West Norfolk 009C,Unable to prosecute suspect
363304a0b67a6662d618448c5c609d2f26daa3d0f99d02b1f91a05d4abe9d04c,2023-01,Norfolk Constabulary,Norfolk Constabulary,1.236108,52.706306,On or near Park View,E01026535,Broadland 004C,Unable to prosecute suspect
cfc4265647e147a16611c23de0dbf5584434e54a53e55fe2b73f4942e212e702,2023-01,Norfolk Constabulary,Norfolk Constabulary,0.408674,52.740958,On or near HARDWICK ROAD,E01026706,King's Lynn and West Norfolk 011F,Unable to prosecute suspect
cfc4265647e147a16611c23de0dbf5584434e54a53e55fe2b73f4942e212e702,2023-01,Norfolk Constabulary,Norfolk Constabulary,0.408674,52.740958,On or near HARDWICK ROAD,E01026706,King's Lynn and West Norfolk 011F,Unable to prosecute suspect
cfc4265647e147a16611c23de0dbf5584434e54a53e55fe2b73f4942e212e702,2023-01,Norfolk Constabulary,Norfolk Constabulary,0.408674,52.740958,On or near HARDWICK ROAD,E01026706,King's Lynn and West Norfolk 011F,Unable to prosecute suspect
7603eb5df296eed5f709f7ef8643413189a8418f157d6c84dae59ccda3f65662,2023-01,Norfolk Constabulary,Norfolk Constabulary,1.220816,52.618488,On or near ,E01026883,South Norfolk 002C,Investigation complete; no suspect identified
391aed14d9a3094839b3b7a65053f633149b77048ccb8c25ef8be89169e1cccd,2023-01,Norfolk Constabulary,Norfolk Constabulary,1.722568,52.566700,On or near Lowestoft Road,E01026618,Great Yarmouth 011B,Investigation complete; no suspect identified
9d3eb590d034541dcc7aafd87af55a68cdacfa83ee847947beaf76500065acdc,2023-01,Norfolk Constabulary,Norfolk Constabulary,1.250030,52.621692,On or near Ruskin Road,E01026860,Norwich 010C,Investigation complete; no suspect identified
d7a01a6037af378cf55355b18ecf58a0ec099fe8957dc0db7def5e6ed8c6765c,2023-01,Norfolk Constabulary,Norfolk Constabulary,0.516582,52.824067,On or near The Royal Estate,E01026718,King's Lynn and West Norfolk 004D,Suspect charged
0a926aee70cc4794000e30cc12da635794566002e751c4f9c9b2c1ccdb6f1177,2023-01,Norfolk Constabulary,Norfolk Constabulary,1.021760,52.520587,On or near Plumstead Drive,E01026449,Breckland 011D,Unable to prosecute suspect
da059fa3ecd369bc1b8958ef7a78a572fc8a904f08e66930ddf33ba4a01f51de,2023-01,Norfolk Constabulary,Norfolk Constabulary,1.279662,52.652926,On or near ,E01026797,Norwich 001A,Unable to prosecute suspect
8a4f812c4a67365ab910d516beaa246bbb8784e06b76b1a8e7f956db25f54456,2023-01,Norfolk Constabulary,Norfolk Constabulary,1.723968,52.585113,On or near ,E01026601,Great Yarmouth 009A,Investigation complete; no suspect identified
87478916a871e7233a791d3034560f5000297d683e4c93a854ac4f04ed6637ac,2023-01,Norfolk Constabulary,Norfolk Constabulary,1.716583,52.599044,On or near Thamesfield Way,E01026634,Great Yarmouth 007C,Suspect charged
753f6f71689b630ab622121e65ec704f2c3f6f83b4ec7158f99e45e547d614b0,2023-01,Norfolk Constabulary,Norfolk Constabulary,1.716583,52.599044,On or near Thamesfield Way,E01026634,Great Yarmouth 007C,Suspect charged
4bf52f32e7d15eb17fd08c36be65bf32fb7830cabb5b09c83785b60448b70bc9,2023-01,Norfolk Constabulary,Norfolk Constabulary,1.716583,52.599044,On or near Thamesfield Way,E01026634,Great Yarmouth 007C,Suspect charged
d217000c8cc17fd6133245e8f015abb2a4eea77866f53390a2b1520306f57415,2023-01,Norfolk Constabulary,Norfolk Constabulary,1.717980,52.561672,On or near ,E01026617,Great Yarmouth 011A,Suspect charged
28f5845368b16e75a8b9eb3c6412b50c9acd0c77b06510d9791d2678c0e12bbd,2023-01,Norfolk Constabulary,Norfolk Constabulary,1.655666,52.663382,On or near Pound Lane,E01026608,Great Yarmouth 002A,Unable to prosecute suspect
05ea9921034cc706d27e5f5799834d00e2868fafe51e87b10d3379132a3ae807,2023-01,Norfolk Constabulary,Norfolk Constabulary,1.291559,52.651248,On or near ,E01026800,Norwich 001D,Unable to prosecute suspect
eb1c8fd52f9c3c38d6a0c1f3a99d63052503a76d442d2662cd7f98b225836ddd,2023-01,Norfolk Constabulary,Norfolk Constabulary,0.409821,52.750196,On or near Bransby Close,E01026667,King's Lynn and West Norfolk 009B,Unable to prosecute suspect
5d84c3265455fc021896c5b77fefd2d7ab223d9da47449f4eb42afe9c0dc2272,2023-01,Norfolk Constabulary,Norfolk Constabulary,0.721279,52.944502,On or near Church Walk,E01026646,King's Lynn and West Norfolk 002B,Unable to prosecute suspect
97ff6fdb133a8f905ef683b7393b5183c1c415e4001ceccb32cd7ff57ec1101f,2023-01,Norfolk Constabulary,Norfolk Constabulary,1.016485,52.519121,On or near ,E01026449,Breckland 011D,Unable to prosecute suspect
edb76aa89774862276fda848ea238ea3b52a422f07b9db08da93a0598e58809d,2023-01,Norfolk Constabulary,Norfolk Constabulary,,,No location,,,Suspect charged as part of another case
edb76aa89774862276fda848ea238ea3b52a422f07b9db08da93a0598e58809d,2023-01,Norfolk Constabulary,Norfolk Constabulary,,,No location,,,Suspect charged as part of another case
46c7dfa80cd1eeb22ec9a36bc1b3bf99772987679b8c9196d7acffc7ad1ee67d,2023-01,Norfolk Constabulary,Norfolk Constabulary,1.550819,52.633034,On or near Damgate Lane,E01026498,Broadland 018B,Investigation complete; no suspect identified
d3cf1b35a992e5782b7985e8935d3c1bc8e7cb04a16885e34f5b82ad757bf767,2023-01,Norfolk Constabulary,Norfolk Constabulary,1.212964,52.647643,On or near Richmond Road,E01026925,South Norfolk 001F,Unable to prosecute suspect
b96f0363660c876b6032947e6abe27abcb9f4a285ea585ca647d8227d02ef46f,2023-01,Norfolk Constabulary,Norfolk Constabulary,1.294642,52.641504,On or near Albany Road,E01026846,Norwich 003F,Unable to prosecute suspect
deee6c51732a4a471bd1e36e1becc58f1ab4628cf9a28c04752f881582a2552c,2023-01,Norfolk Constabulary,Norfolk Constabulary,0.411209,52.747695,On or near Holcombe Avenue,E01026667,King's Lynn and West Norfolk 009B,Unable to prosecute suspect
b243c5b5fff7765d878ef4e0c2876402203a6d4fd04249b7fc4729b4ca9f50b4,2023-01,Norfolk Constabulary,Norfolk Constabulary,1.310474,52.632284,On or near William Kett Close,E01033438,Norwich 014A,Unable to prosecute suspect
678da4774af2f7b3ffbb198a6b6e63110b16c252c23b129043195c84a7feddd5,2023-01,Norfolk Constabulary,Norfolk Constabulary,1.122410,52.916350,On or near Warren Road,E01026741,North Norfolk 004A,Unable to prosecute suspect
0ddb01c84e505212d51f794ca0a15407affddb1548ba4e6b3878c46971f48b7b,2023-01,Norfolk Constabulary,Norfolk Constabulary,1.738174,52.612324,On or near ,E01026598,Great Yarmouth 005D,Unable to prosecute suspect
980d913202b29c87522b62e3951df1c64fc32eeba47a302f9b9c668f45e809dd,2023-01,Norfolk Constabulary,Norfolk Constabulary,1.291559,52.651248,On or near ,E01026800,Norwich 001D,Unable to prosecute suspect
122abf58691b945075733bc279d7e51eedcdef27825b3157b9a473132d59843d,2023-01,Norfolk Constabulary,Norfolk Constabulary,1.683020,52.676224,On or near Spruce Avenue,E01026629,Great Yarmouth 001F,Unable to prosecute suspect
136eb9d0cf346c250c69a21867ebc4d4ff141a0c1c5474fca3308dd533087412,2023-01,Norfolk Constabulary,Norfolk Constabulary,1.302213,52.644863,On or near ,E01026842,Norwich 003B,Unable to prosecute suspect
72236ea765dcb052314aae5edb5323eba10fcccccb0b7db58acaa43ac4fbc425,2023-01,Norfolk Constabulary,Norfolk Constabulary,0.376654,52.602736,On or near ,E01033038,King's Lynn and West Norfolk 017G,Suspect charged
72236ea765dcb052314aae5edb5323eba10fcccccb0b7db58acaa43ac4fbc425,2023-01,Norfolk Constabulary,Norfolk Constabulary,0.376654,52.602736,On or near ,E01033038,King's Lynn and West Norfolk 017G,Suspect charged
ccd3fcca8d7e003038adf34fe7a37815571940310fe3ca01366eb08a44f879f2,2023-01,Norfolk Constabulary,Norfolk Constabulary,0.375029,52.601915,On or near Priory Road,E01033038,King's Lynn and West Norfolk 017G,Investigation complete; no suspect identified
bb84cefae98d2685849b29fe85c11de82bdb00bc5a669a83010195c018c11e8d,2023-01,Norfolk Constabulary,Norfolk Constabulary,1.279662,52.652926,On or near ,E01026797,Norwich 001A,Unable to prosecute suspect
bb84cefae98d2685849b29fe85c11de82bdb00bc5a669a83010195c018c11e8d,2023-01,Norfolk Constabulary,Norfolk Constabulary,1.279662,52.652926,On or near ,E01026797,Norwich 001A,Unable to prosecute suspect
46ecea76db0d0a059687280754f4b4a9622b460de3c5739ca150d38cf64a865a,2023-01,Norfolk Constabulary,Norfolk Constabulary,0.961816,52.792159,On or near Holt Road,E01026483,Breckland 001E,Unable to prosecute suspect
768eb96c4f19516e095fbf46498b8e56c3dfeda40cb58657f61d6fc8cbb13fa3,2023-01,Norfolk Constabulary,Norfolk Constabulary,1.284978,52.643940,On or near Press Lane,E01026830,Norwich 002C,Unable to prosecute suspect
030158203a0f4325f93bff19f88e9af2eb3c013c467875b1a3d63f3c60b51401,2023-01,Norfolk Constabulary,Norfolk Constabulary,1.381281,52.629815,On or near Maple Way,E01026509,Broadland 017B,Unable to prosecute suspect
2e15523ffd1efea3c049962ee74fb918400694ef827b9da92e701227913d9494,2023-01,Norfolk Constabulary,Norfolk Constabulary,1.236108,52.706306,On or near Park View,E01026535,Broadland 004C,Unable to prosecute suspect
4de61d565e5dc1953f95cd6b55f6dee26cb4d1848d3a7ed05c9bb68d4dcd2766,2023-01,Norfolk Constabulary,Norfolk Constabulary,1.310309,52.620705,On or near Geoffrey Watling Way,E01033439,Norwich 014B,Local resolution
029b35782c6e79d133021a118f4ccbd13ba1136fa44bb5ee95c0a5acafaacf22,2023-01,Norfolk Constabulary,Norfolk Constabulary,0.657016,52.514433,On or near Malsters Close,E01026424,Breckland 012A,Unable to prosecute suspect
dacae797aedc239e53bdda6f1bdbda2a90c0d2d9409669f3edc4b24279ae1ac0,2023-01,Norfolk Constabulary,Norfolk Constabulary,1.521002,52.472838,On or near Heath Road,E01026898,South Norfolk 010A,Investigation complete; no suspect identified
7a935be160b4b413db939ff9b904823e143d38955767a386997b417a668b4d2a,2023-01,Norfolk Constabulary,Norfolk Constabulary,0.732799,52.407583,On or near Nessa Close,E01026477,Breckland 017D,Unable to prosecute suspect
8cad834b4da1d43164cb71dd7c0eeb3a92d98d9a530f4a92fc53d4790a2c172e,2023-01,Norfolk Constabulary,Norfolk Constabulary,0.961816,52.792159,On or near Holt Road,E01026483,Breckland 001E,Unable to prosecute suspect
c6be49b8148badb4b07e1f1accff4d76c99e0b14f04fea6dca34d05dad72846f,2023-01,Norfolk Constabulary,Norfolk Constabulary,1.736937,52.627105,On or near Milton Road,E01026641,Great Yarmouth 004D,Unable to prosecute suspect
d452469474c5e21077b61eb0c0e9ff01b1215cee4cfe62f040a2815605972f39,2023-01,Norfolk Constabulary,Norfolk Constabulary,0.845764,52.829819,On or near Hall Staithe,E01026747,North Norfolk 011C,Investigation complete; no suspect identified
bf18cbb9a70f20b94454a2ec2adc013345236db49afee9d6fdb2ea8d057b1287,2023-01,Norfolk Constabulary,Norfolk Constabulary,1.114733,52.379064,On or near Grigg Close,E01026888,South Norfolk 015A,Unable to prosecute suspect
bf18cbb9a70f20b94454a2ec2adc013345236db49afee9d6fdb2ea8d057b1287,2023-01,Norfolk Constabulary,Norfolk Constabulary,1.114733,52.379064,On or near Grigg Close,E01026888,South Norfolk 015A,Unable to prosecute suspect
bf18cbb9a70f20b94454a2ec2adc013345236db49afee9d6fdb2ea8d057b1287,2023-01,Norfolk Constabulary,Norfolk Constabulary,1.114733,52.379064,On or near Grigg Close,E01026888,South Norfolk 015A,Unable to prosecute suspect
bf18cbb9a70f20b94454a2ec2adc013345236db49afee9d6fdb2ea8d057b1287,2023-01,Norfolk Constabulary,Norfolk Constabulary,1.114733,52.379064,On or near Grigg Close,E01026888,South Norfolk 015A,Unable to prosecute suspect
d874cb5e855a07581ddb3a10bacbf1cd6cf38657dcbb896d8b02117d8a80aa05,2023-01,Norfolk Constabulary,Norfolk Constabulary,1.294278,52.398395,On or near Wilderness Close,E01026900,South Norfolk 013B,Unable to prosecute suspect
30e36a026173bd56749fb32b89e4f6d59643bb2b320c4432bad2e81bd903f7e8,2023-01,Norfolk Constabulary,Norfolk Constabulary,1.275425,52.720595,On or near Cromer Road,E01026533,Broadland 004A,Investigation complete; no suspect identified
3a38bb93234c59743ca6f158d42c6742f194096b921466e6d55a6def4262724e,2023-01,Norfolk Constabulary,Norfolk Constabulary,1.292367,52.626970,On or near William Booth Street,E01026822,Norwich 007A,Investigation complete; no suspect identified
ee5560c7cfeaa734a933fa60f71de94fe8a9f809ae2bcb41430d9960b3bf995b,2023-01,Norfolk Constabulary,Norfolk Constabulary,1.713815,52.578740,On or near Crab Lane,E01026603,Great Yarmouth 009C,Investigation complete; no suspect identified
80f02d142e775a01e9e9cb52a9a6e05f1664f65fb40a402f61ddd53bfa49b8c7,2023-01,Norfolk Constabulary,Norfolk Constabulary,1.296072,52.627110,On or near Farmers Avenue,E01026822,Norwich 007A,Unable to prosecute suspect
8ab624d2844320c5423fa712f37264cd2919860b9aa5928be450c147b25e15c6,2023-01,Norfolk Constabulary,Norfolk Constabulary,1.724380,52.609799,On or near The Conge,E01026597,Great Yarmouth 005C,Unable to prosecute suspect
475b7abe9d32534da6ed3a3d1c5f6ccb52160a10a373268dfdc24d04fd49f832,2023-01,Norfolk Constabulary,Norfolk Constabulary,0.541474,52.521855,On or near Herbert Drive,E01026651,King's Lynn and West Norfolk 019D,Unable to prosecute suspect
224e6f3fff0001d8b95d134613d570e134753183be3a6dc707738b7eb911d10d,2023-01,Norfolk Constabulary,Norfolk Constabulary,1.264825,52.793744,On or near The Mayflowers,E01026503,Broadland 001E,Unable to prosecute suspect
dc206b91b54b255f0adcd652427d99d44f80059bb94785b9a638e5dac9a8f474,2023-01,Norfolk Constabulary,Norfolk Constabulary,1.121533,52.580715,On or near Sheffield Road,E01026921,South Norfolk 005C,Unable to prosecute suspect
96d1d4061e784b2e755a16187d4f5f3be789616a186cda32e8603bf3f4bc18ab,2023-01,Norfolk Constabulary,Norfolk Constabulary,1.713702,52.570945,On or near Nuffield Crescent,E01026620,Great Yarmouth 011D,Local resolution
6ab157a7c2111084822e5e30506bf3257db0ac4a8cb81334141f8463d31cf960,2023-01,Norfolk Constabulary,Norfolk Constabulary,1.259944,52.625044,On or near Bunnett Square,E01026859,Norwich 010B,Investigation complete; no suspect identified
c2f7ba24ad66d20c3dffa8a50dd328c7f9bde0545dc90b5fe990e4d754f1eb40,2023-01,Norfolk Constabulary,Norfolk Constabulary,1.282651,52.624153,On or near ,E01033434,Norwich 011G,Unable to prosecute suspect
e94e684f4a7113239945fb5f003e38ee64faf1dd9d6ad327014fb9e4a9394054,2023-01,Norfolk Constabulary,Norfolk Constabulary,1.721548,52.655798,On or near Mountbatten Way,E01026589,Great Yarmouth 003A,Investigation complete; no suspect identified
da08d9510fe8f160f6c733dc878e08633d4fbd87ffe7194f6d060403c9696854,2023-01,Norfolk Constabulary,Norfolk Constabulary,1.213196,52.648797,On or near Stone Breck,E01026925,South Norfolk 001F,Unable to prosecute suspect
e9ef9771b3963e7e80fcfbf27e63b6886e1b7cf7cf2a6fc156b12115b48df6a6,2023-01,Norfolk Constabulary,Norfolk Constabulary,1.277392,52.648674,On or near Knights Road,E01026834,Norwich 002G,Unable to prosecute suspect
20df7c734754ea60c1f4f3a96802576d68fa633292cbe2ad5e4f9166f06296cd,2023-01,Norfolk Constabulary,Norfolk Constabulary,1.249694,52.658017,On or near Wensum Meadows Road,E01026529,Broadland 010D,Unable to prosecute suspect
23a12a59e2543cd51b09f31d6248df763758d7de24363e8bdf43b649d62ccf19,2023-01,Norfolk Constabulary,Norfolk Constabulary,1.315189,52.665087,On or near Pioneer Road,E01026541,Broadland 009B,Investigation complete; no suspect identified
dbe96d146f8e9d046caa977d5db1f9bdc2fe8626c36dd1b16c76de1fbf3bc5d6,2023-01,Norfolk Constabulary,Norfolk Constabulary,1.249694,52.658017,On or near Wensum Meadows Road,E01026529,Broadland 010D,Unable to prosecute suspect
a0b20aa6e48ec50d423c9182300a5d2deb39a1e098cd1baa13e90ab5c179b9d3,2023-01,Norfolk Constabulary,Norfolk Constabulary,,,No location,,,Investigation complete; no suspect identified
a1000c0dd802a4290e9e210703415f2f6c27997929a3fcf42fa9d4f8069446ea,2023-01,Norfolk Constabulary,Norfolk Constabulary,1.729373,52.609435,On or near Coniston Square,E01026597,Great Yarmouth 005C,Unable to prosecute suspect
61b691988b97e041d24d8e7b4afe9d4523b384b4596ba6699b9bbf5edcada037,2023-01,Norfolk Constabulary,Norfolk Constabulary,1.249694,52.658017,On or near Wensum Meadows Road,E01026529,Broadland 010D,Unable to prosecute suspect
73eb7cdffb78e56d55f9c666f11bcc85236362ea39ca7ecbed74b02639c8bba8,2023-01,Norfolk Constabulary,Norfolk Constabulary,1.379527,52.545502,On or near St Peter's Road,E01026876,South Norfolk 006B,Unable to prosecute suspect
3d12a8af4be489d141cd95f9fa12dd40145e89d12c6ad0c90bb8b8305c7c7e04,2023-01,Norfolk Constabulary,Norfolk Constabulary,1.313559,52.609552,On or near Henge Place,E01026937,South Norfolk 006G,Unable to prosecute suspect
a015b8ec231d17ab71e7f8473016b178672af05cd056886b08a497370c1f6745,2023-01,Norfolk Constabulary,Norfolk Constabulary,1.280944,52.607654,On or near Papplewick Close,E01026820,Norwich 013E,Unable to prosecute suspect
4dfc5c537a1fe80e9c26f269f68c2c2fc2b80f69380e23c6c786b2989966790e,2023-01,Norfolk Constabulary,Norfolk Constabulary,0.727261,52.423880,On or near ,E01026467,Breckland 015C,Investigation complete; no suspect identified
1f375b8b6f43655bf9f3deb9af1e90b83fda7383e2e146c89ce26287326571c5,2023-01,Norfolk Constabulary,Norfolk Constabulary,1.736248,52.607581,On or near Brittania Road,E01026623,Great Yarmouth 006B,Unable to prosecute suspect
a07dfa6f75f88e6fbbce7fbf388e84333a98cd912d630c3d66d87bd679484aad,2023-01,Norfolk Constabulary,Norfolk Constabulary,1.712613,52.574307,On or near St Anne's Crescent,E01026620,Great Yarmouth 011D,Unable to prosecute suspect
512414a7f6ef9a75045ab6126f9126b0cb9715ed7ed0c499d7eb2bc6075ebffa,2023-01,Norfolk Constabulary,Norfolk Constabulary,1.141820,52.404338,On or near Rectory Road,E01026874,South Norfolk 014B,Unable to prosecute suspect
d212c4ca19aeb04d96dd5a27ae464085921cb0f0b8c506b030982d440392eccb,2023-01,Norfolk Constabulary,Norfolk Constabulary,1.427518,52.631723,On or near Broadlands Service Station,E01026509,Broadland 017B,Unable to prosecute suspect
d212c4ca19aeb04d96dd5a27ae464085921cb0f0b8c506b030982d440392eccb,2023-01,Norfolk Constabulary,Norfolk Constabulary,1.427518,52.631723,On or near Broadlands Service Station,E01026509,Broadland 017B,Unable to prosecute suspect
94050eabd0c745cb398260162274a2bea9b1830cf234c6f8a0523e515cf385d2,2023-01,Norfolk Constabulary,Norfolk Constabulary,1.246905,52.619799,On or near ,E01026860,Norwich 010C,Suspect charged
b3eb9f42c4ea0e84dc29f5d91d71760891588a77c4257d1907a2848ee8f13c27,2023-01,Norfolk Constabulary,Norfolk Constabulary,1.345517,52.568504,On or near Windmill Close,E01026927,South Norfolk 006D,Investigation complete; no suspect identified
38faa6fe9faa1a6c5fe657f40c0980832ef81c86bb15416cb18c4671be9884c0,2023-01,Norfolk Constabulary,Norfolk Constabulary,1.727359,52.605739,On or near ,E01026625,Great Yarmouth 006D,Unable to prosecute suspect
fedfc67f4a9d8e2e241e6b686fc222f3ecf8c14502df39a5efb820a7d43474e2,2023-01,Norfolk Constabulary,Norfolk Constabulary,1.294939,52.633860,On or near Balderston Court,E01026826,Norwich 007E,Unable to prosecute suspect
c93f4b1061eb87e37124f58191482bc852630140fe1c78b6dbb2790d6bca008d,2023-01,Norfolk Constabulary,Norfolk Constabulary,1.733844,52.602944,On or near Napoleon Place,E01026624,Great Yarmouth 006C,Unable to prosecute suspect
c020d88c5dbbffc957e8611410866dd5e5ae6d7960d6d27d7cfe1f34962e53ee,2023-01,Norfolk Constabulary,Norfolk Constabulary,1.729384,52.605055,On or near ,E01026624,Great Yarmouth 006C,Offender given a caution
55d1e59b301dee80a11adff4e3db0918c0102faad9750b47b2a4500316f5f0ca,2023-01,Norfolk Constabulary,Norfolk Constabulary,1.294939,52.633860,On or near Balderston Court,E01026826,Norwich 007E,Unable to prosecute suspect
5ef44ef351ca9ae249917c6983f106a3d0d3c705af30cd22600f4bfc19a0e3d4,2023-01,Norfolk Constabulary,Norfolk Constabulary,1.484524,52.748438,On or near Hall Road,E01026769,North Norfolk 014B,Unable to prosecute suspect
5fc94c270359952cd097c1ad4466f80d380b32149df825248e95b0995325ab1b,2023-01,Norfolk Constabulary,Norfolk Constabulary,1.335277,52.660044,On or near Supermarket,E01026561,Broadland 013E,Suspect charged
5fc94c270359952cd097c1ad4466f80d380b32149df825248e95b0995325ab1b,2023-01,Norfolk Constabulary,Norfolk Constabulary,1.335277,52.660044,On or near Supermarket,E01026561,Broadland 013E,Suspect charged
f35b01282d3bfe493140e0f5caae9af62b7a9e125a75ee957187ff5f2733443f,2023-01,Norfolk Constabulary,Norfolk Constabulary,1.462951,52.756751,On or near Norwich Road,E01026767,North Norfolk 012B,Unable to prosecute suspect
907e19d11999d44293db4b35c0aaa8a9971e36fff93458e670a8e4ac7cd62ac4,2023-01,Norfolk Constabulary,Norfolk Constabulary,0.685741,52.648841,On or near Lynn Street,E01026455,Breckland 007A,Unable to prosecute suspect
8f226509b410a61633d1dace510906b60f57b92c9788a62a0c280876463501c6,2023-01,Norfolk Constabulary,Norfolk Constabulary,1.313381,52.667395,On or near Mountbatten Drive,E01026541,Broadland 009B,Further investigation is not in the public interest
87a915842146092261027e72e9fcb99f767b3ed532377af318ad068ffe251345,2023-01,Norfolk Constabulary,Norfolk Constabulary,1.220600,52.642687,On or near ,E01026792,Norwich 005B,Unable to prosecute suspect
6f0c05d89d5f91d37ad1c97b82cc659d054e6378871bb3792df397080b9f7717,2023-01,Norfolk Constabulary,Norfolk Constabulary,0.393104,52.742604,On or near St Valery Lane,E01026704,King's Lynn and West Norfolk 011D,Unable to prosecute suspect
c7a48d76b2a0d553a20f770bdfc549afdee68a9df05af17d21f65e10dc2d792c,2023-01,Norfolk Constabulary,Norfolk Constabulary,0.439025,52.750660,On or near Wallace Close,E01026664,King's Lynn and West Norfolk 010C,Investigation complete; no suspect identified
a4fc68e81610910d63b8d50c65b9ad6c185bd6f93093ca9ebc09c7621407817d,2023-01,Norfolk Constabulary,Norfolk Constabulary,0.786186,52.600847,On or near Watton Road,E01026496,Breckland 008E,Unable to prosecute suspect
a4fc68e81610910d63b8d50c65b9ad6c185bd6f93093ca9ebc09c7621407817d,2023-01,Norfolk Constabulary,Norfolk Constabulary,0.786186,52.600847,On or near Watton Road,E01026496,Breckland 008E,Unable to prosecute suspect
a4fc68e81610910d63b8d50c65b9ad6c185bd6f93093ca9ebc09c7621407817d,2023-01,Norfolk Constabulary,Norfolk Constabulary,0.786186,52.600847,On or near Watton Road,E01026496,Breckland 008E,Unable to prosecute suspect
a4fc68e81610910d63b8d50c65b9ad6c185bd6f93093ca9ebc09c7621407817d,2023-01,Norfolk Constabulary,Norfolk Constabulary,0.786186,52.600847,On or near Watton Road,E01026496,Breckland 008E,Unable to prosecute suspect
a4fc68e81610910d63b8d50c65b9ad6c185bd6f93093ca9ebc09c7621407817d,2023-01,Norfolk Constabulary,Norfolk Constabulary,0.786186,52.600847,On or near Watton Road,E01026496,Breckland 008E,Unable to prosecute suspect
a4fc68e81610910d63b8d50c65b9ad6c185bd6f93093ca9ebc09c7621407817d,2023-01,Norfolk Constabulary,Norfolk Constabulary,0.786186,52.600847,On or near Watton Road,E01026496,Breckland 008E,Unable to prosecute suspect
3134f2b53eb730f56c36ff337f5a763c8987abbf9d584090e646aaef9f9aee2d,2023-01,Norfolk Constabulary,Norfolk Constabulary,0.927826,52.676313,On or near Primrose Close,E01026454,Breckland 004D,Investigation complete; no suspect identified
5c1547dd1b9dc45f23de07066fe6d0044b5bc9c646f9946ec9deafc394982fb8,2023-01,Norfolk Constabulary,Norfolk Constabulary,0.747125,52.414274,On or near King Street,E01026468,Breckland 016A,Unable to prosecute suspect
5c1547dd1b9dc45f23de07066fe6d0044b5bc9c646f9946ec9deafc394982fb8,2023-01,Norfolk Constabulary,Norfolk Constabulary,0.747125,52.414274,On or near King Street,E01026468,Breckland 016A,Unable to prosecute suspect
3244ca73bf0ccf0a06491fcf512ddb97f55ada982bffed436876011b9b90b628,2023-01,Norfolk Constabulary,Norfolk Constabulary,1.249190,52.578438,On or near Hillside Close,E01026914,South Norfolk 009B,Investigation complete; no suspect identified
d3cc332458343c8e92ac3ac052b2b882348c040037ff5cf03beb66c29d3fe84a,2023-01,Norfolk Constabulary,Norfolk Constabulary,1.726238,52.605414,On or near ,E01026623,Great Yarmouth 006B,Local resolution
da2e51cc582f9bdeb6ffd848a83178263d6c877c5982ef4cb668ee4d538d8bbe,2023-01,Norfolk Constabulary,Norfolk Constabulary,0.725221,52.945392,On or near The Market Place,E01026646,King's Lynn and West Norfolk 002B,Unable to prosecute suspect
594f7fcdc60bdf3fdce2a82940d682e26165e14f7c224c90acf2aa2be5e4c3b7,2023-01,Norfolk Constabulary,Norfolk Constabulary,0.399518,52.754164,On or near Kings Lynn Bus Station,E01026698,King's Lynn and West Norfolk 011A,Unable to prosecute suspect
0dd62a9fba9f87cf172a3e96e00918c457efc5959ba5bf2233aff45bbbe9beb8,2023-01,Norfolk Constabulary,Norfolk Constabulary,0.844149,52.840532,On or near ,E01026746,North Norfolk 011B,Unable to prosecute suspect
a21258599fd129dadb4039060041dd1f4ae61d6c4cbe48ff7d2e2a081df7f325,2023-01,Norfolk Constabulary,Norfolk Constabulary,0.939980,52.681921,On or near Quebec Street,E01026426,Breckland 005B,Suspect charged
283b02f1e7a6595cf205c3a353d177862eb9a2ed1f8762f0200aff7842732d2b,2023-01,Norfolk Constabulary,Norfolk Constabulary,,,No location,,,Suspect charged as part of another case
a6c24f77ad873813d2fbacd32ed11da106bd32ccec2c369ce18193e22161f374,2023-01,Norfolk Constabulary,Norfolk Constabulary,0.228281,52.735944,On or near Market Lane,E01026719,King's Lynn and West Norfolk 013C,Unable to prosecute suspect
e5e4dfbbd3a3e1c420f25c6d939a195807325551959fe94511e660916d2b5516,2023-01,Norfolk Constabulary,Norfolk Constabulary,0.767737,52.423793,On or near Benbow Road,E01026473,Breckland 016F,Investigation complete; no suspect identified
253aa2595dbf9dbeb6b3326ec58faec38183d85eea7e9c7731dc6e0a5f934bda,2023-01,Norfolk Constabulary,Norfolk Constabulary,1.338582,52.643834,On or near Redfern Road,E01026809,Norwich 004G,Investigation complete; no suspect identified
622c909ad1d9d95a3591944d72db6be490d8ee77268c6fcec5406bbb2c87a9e0,2023-01,Norfolk Constabulary,Norfolk Constabulary,,,No location,,,Suspect charged as part of another case
622c909ad1d9d95a3591944d72db6be490d8ee77268c6fcec5406bbb2c87a9e0,2023-01,Norfolk Constabulary,Norfolk Constabulary,,,No location,,,Suspect charged as part of another case
0e4b08c1ec1fa00cc19beb1d2c4b6f58b87c573f3b5cd3439690aaabccc36b5e,2023-01,Norfolk Constabulary,Norfolk Constabulary,1.729083,52.603418,On or near Orford Close,E01026625,Great Yarmouth 006D,Investigation complete; no suspect identified
9ae2f9132302bf11f003ec4a107b55a47652f0e66e0b42a70555cf4e3b475fed,2023-01,Norfolk Constabulary,Norfolk Constabulary,0.409821,52.750196,On or near Bransby Close,E01026667,King's Lynn and West Norfolk 009B,Unable to prosecute suspect
fd9e191b52420a8e5d91cd9dbb55298221b5fcd32eb57b15f8a9ba5f8d4924cc,2023-01,Norfolk Constabulary,Norfolk Constabulary,1.738232,52.625823,On or near Shakespeare Road,E01026641,Great Yarmouth 004D,Unable to prosecute suspect
76a5bfc308b3003be28e4b71f692077a712e0417a9b3a55cd7de01b6c7fb0679,2023-01,Norfolk Constabulary,Norfolk Constabulary,1.286056,52.632101,On or near ,E01026822,Norwich 007A,Unable to prosecute suspect
c174787ee1be5114924b370dafc9d709ea7523c828f46e37598c3536ae75bb89,2023-01,Norfolk Constabulary,Norfolk Constabulary,0.829869,52.737613,On or near Burghwood Drive,E01026462,Breckland 002D,Unable to prosecute suspect
279155f427af1010d5a60ce9b7e5e0b5c142f361a7a25599838215369262556f,2023-01,Norfolk Constabulary,Norfolk Constabulary,1.732245,52.608814,On or near Stanley Terrace,E01026598,Great Yarmouth 005D,Offender given a caution
66596c613a3e2fd65921b6ab7997805ebb03c9f086bdb2d707eac8e5f78c386e,2023-01,Norfolk Constabulary,Norfolk Constabulary,1.293694,52.623785,On or near Winalls Yard,E01026822,Norwich 007A,Investigation complete; no suspect identified
e29454a5a26bfdba33d3eb158f893b23694089e299ef17a779b103cf28e722d7,2023-01,Norfolk Constabulary,Norfolk Constabulary,0.228281,52.735944,On or near Market Lane,E01026719,King's Lynn and West Norfolk 013C,Unable to prosecute suspect
9a5b9544cc579c20b497431f9b82afeb026b78cac733040d6fdb1591e1d1ac09,2023-01,Norfolk Constabulary,Norfolk Constabulary,1.223281,52.626695,On or near Old Watton Road,E01026883,South Norfolk 002C,Unable to prosecute suspect
a73d5faad272456f03320b7f1a2bd9769f25cf80ac56c522a86d16c773beaa7f,2023-01,Norfolk Constabulary,Norfolk Constabulary,1.730288,52.651439,On or near Edinburgh Close,E01026592,Great Yarmouth 003D,Unable to prosecute suspect
0229c606865b9bba15da5d89da2b07e6f0bc1a2cc515653ac90dcefbd1df3c8e,2023-01,Norfolk Constabulary,Norfolk Constabulary,1.730288,52.651439,On or near Edinburgh Close,E01026592,Great Yarmouth 003D,Unable to prosecute suspect
278535d951cd8bd2fcdcaa29b97329e14b8b908a0d3319333aec5cc34f09885f,2023-01,Norfolk Constabulary,Norfolk Constabulary,1.730288,52.651439,On or near Edinburgh Close,E01026592,Great Yarmouth 003D,Unable to prosecute suspect
0403f23308d7e1a9005d02353b270a7dbceb3b3fca58689d9296926595f38b76,2023-01,Norfolk Constabulary,Norfolk Constabulary,1.296088,52.619654,On or near Trafalgar Street,E01026853,Norwich 011B,Unable to prosecute suspect
b25e606f6d9b891714d1c452c89eb9c032a6785e40c9ade88a90468ee299ec6c,2023-01,Norfolk Constabulary,Norfolk Constabulary,1.281159,52.695579,On or near Manor Close,E01026549,Broadland 005A,Investigation complete; no suspect identified
06022e2d1904be71117c9e813a39075cf37edbd43d552ef38b3ffd3f47351cc2,2023-01,Norfolk Constabulary,Norfolk Constabulary,1.251722,52.608434,On or near Senna Drive,E01026810,Norwich 012A,Unable to prosecute suspect
603d026a62bde1d28ba778325145ef5a11e788c714ffd8fb2aa92d31317a474f,2023-01,Norfolk Constabulary,Norfolk Constabulary,,,No location,,,Unable to prosecute suspect
96f92f0075bf3de8903b0cc881b37b84d79613f841e4d720109e8a97fc042296,2023-01,Norfolk Constabulary,Norfolk Constabulary,1.282798,52.601235,On or near Neatmarket,E01026821,Norwich 013F,Investigation complete; no suspect identified
adf710a55c29a5464a7d0fa71da4a05e71c453b38ede4255e92b38a8279b9cf5,2023-01,Norfolk Constabulary,Norfolk Constabulary,1.272123,52.629015,On or near Caernarvon Road,E01026836,Norwich 009B,Unable to prosecute suspect
0b9de4521b04564651e447016b18c5b8c11fdc720f701401fed2b51cd364e88d,2023-01,Norfolk Constabulary,Norfolk Constabulary,1.724366,52.609116,On or near Herries Close,E01026597,Great Yarmouth 005C,Unable to prosecute suspect
4a3921ec831983187a6391a1c23ec55a9808b9e2e82df8d5020553f16c5ac560,2023-01,Norfolk Constabulary,Norfolk Constabulary,,,No location,,,Suspect charged
eb0fd0538aca747c0685ba6faee93a2059ef57fa348401341d5d81373a0e9186,2023-01,Norfolk Constabulary,Norfolk Constabulary,1.293132,52.626148,On or near ,E01026822,Norwich 007A,Unable to prosecute suspect
cd58cf4481987ca221275bdf548d59f04a481bb43157c8faf40bbe9b66690e19,2023-01,Norfolk Constabulary,Norfolk Constabulary,1.259111,52.661338,On or near Kinsale Avenue,E01026532,Broadland 011C,Unable to prosecute suspect
19e8006e14a05f9d3ca5cc8b751f7a768d4480525bd1f6067ba42391b5794950,2023-01,Norfolk Constabulary,Norfolk Constabulary,1.715016,52.656911,On or near Beeleigh Way,E01026589,Great Yarmouth 003A,Action to be taken by another organisation
afbb42e7496d9964e897a4db06b4df02e99087d652f177f9ed81d37b3f34ffb7,2023-01,Norfolk Constabulary,Norfolk Constabulary,1.715358,52.606908,On or near Lucas Road,E01026634,Great Yarmouth 007C,Unable to prosecute suspect
72b69a8640da78ceaf2c609c7b17ba524e418f75b33bcb88b8d3805ea780736b,2023-01,Norfolk Constabulary,Norfolk Constabulary,1.482084,52.535597,On or near ,E01026912,South Norfolk 008D,Unable to prosecute suspect
0177c43f2d58c1cbf579f336d20942621a5c258fa06a7e70cf651345520fb2ba,2023-01,Norfolk Constabulary,Norfolk Constabulary,0.929158,52.663933,On or near Hill Fields,E01026433,Breckland 005E,Unable to prosecute suspect
1170827ec75269af36523c5f57196e3732931eced5c94ecb639e07380a6f5a68,2023-01,Norfolk Constabulary,Norfolk Constabulary,1.732788,52.606161,On or near Crown Road,E01026623,Great Yarmouth 006B,Investigation complete; no suspect identified
a09b848028d7c5898ab7c1ee447974d6bc87ef427af554c79d7d664d223c18c0,2023-01,Norfolk Constabulary,Norfolk Constabulary,1.113310,52.372842,On or near A1066,E01033541,South Norfolk 015H,Unable to prosecute suspect
a09b848028d7c5898ab7c1ee447974d6bc87ef427af554c79d7d664d223c18c0,2023-01,Norfolk Constabulary,Norfolk Constabulary,1.113310,52.372842,On or near A1066,E01033541,South Norfolk 015H,Unable to prosecute suspect
f588d933309155344050bf61ddeaebb66b9c2a9e3add03f0000f96b7fcbd26f4,2023-01,Norfolk Constabulary,Norfolk Constabulary,0.565214,52.743699,On or near Litcham Road,E01026665,King's Lynn and West Norfolk 012A,Unable to prosecute suspect
ce239b0f97f4d10c7d6075255a3f309269536e7a04ced24241e7c52c5ce584d4,2023-01,Norfolk Constabulary,Norfolk Constabulary,1.290632,52.668227,On or near Mallory Road,E01026797,Norwich 001A,Suspect charged
a997363cbf33f6e2b8cbfa59d5e9bda6bf711c74a8d960676f9a2a62a6abee4f,2023-01,Norfolk Constabulary,Norfolk Constabulary,0.228281,52.735944,On or near Market Lane,E01026719,King's Lynn and West Norfolk 013C,Unable to prosecute suspect
a997363cbf33f6e2b8cbfa59d5e9bda6bf711c74a8d960676f9a2a62a6abee4f,2023-01,Norfolk Constabulary,Norfolk Constabulary,0.228281,52.735944,On or near Market Lane,E01026719,King's Lynn and West Norfolk 013C,Unable to prosecute suspect
190bd841b0e35254474107a1bae95ebea7a19e4ebdf74721b1a9f93b3e1680af,2023-01,Norfolk Constabulary,Norfolk Constabulary,1.721569,52.604014,On or near Bunn's Lane,E01026635,Great Yarmouth 007D,Unable to prosecute suspect
77c562de9adde5f42afefe09a0a20fd968808adafa2b1189edd45f44b2658631,2023-01,Norfolk Constabulary,Norfolk Constabulary,,,No location,,,Unable to prosecute suspect
77c562de9adde5f42afefe09a0a20fd968808adafa2b1189edd45f44b2658631,2023-01,Norfolk Constabulary,Norfolk Constabulary,,,No location,,,Unable to prosecute suspect
77c562de9adde5f42afefe09a0a20fd968808adafa2b1189edd45f44b2658631,2023-01,Norfolk Constabulary,Norfolk Constabulary,,,No location,,,Unable to prosecute suspect
77c562de9adde5f42afefe09a0a20fd968808adafa2b1189edd45f44b2658631,2023-01,Norfolk Constabulary,Norfolk Constabulary,,,No location,,,Unable to prosecute suspect
0ce162eeaf413a62d60faaf115dcb00197cdc80be49319a6fd1b92a147acfda9,2023-01,Norfolk Constabulary,Norfolk Constabulary,1.707921,52.569966,On or near The Willows,E01026586,Great Yarmouth 013B,Further action is not in the public interest
a79811c053bbd0a6a28ea2a8c4df1046c87a9e859afde3c62a3e0569aa601f75,2023-01,Norfolk Constabulary,Norfolk Constabulary,1.249694,52.658017,On or near Wensum Meadows Road,E01026529,Broadland 010D,Suspect charged
c5ee7f3b6850a7047ed3d124aa9b65c27eacf8ebefece7f685fe2dbc2854c768,2023-01,Norfolk Constabulary,Norfolk Constabulary,1.204919,52.942669,On or near Montague Road,E01026770,North Norfolk 001A,Unable to prosecute suspect
bb9520ff28d57c271ef7f3ad13573ac91df65891cb16be798152bd4a64a3f432,2023-01,Norfolk Constabulary,Norfolk Constabulary,1.302213,52.644863,On or near ,E01026842,Norwich 003B,Suspect charged
fdc181c93542317c8b2706010a911dfbf8c46fee8dfb6b51bb429457d155065f,2023-01,Norfolk Constabulary,Norfolk Constabulary,1.479561,52.530909,On or near Leman Close,E01026911,South Norfolk 008C,Investigation complete; no suspect identified
73fcdd5ed5206d68b921e25248d8b529c9476a24e4a2c2baf02ae058e64afeef,2023-01,Norfolk Constabulary,Norfolk Constabulary,0.408685,52.735777,On or near ,E01026704,King's Lynn and West Norfolk 011D,Investigation complete; no suspect identified
0f23292869da7be200cb49f4060846188bea161db8c0b8dd85da21443b2a4325,2023-01,Norfolk Constabulary,Norfolk Constabulary,0.292085,52.583399,On or near Coronation Avenue,E01026717,King's Lynn and West Norfolk 016F,Investigation complete; no suspect identified
f3fc0c43ab495f15b92b1cee623fe00495ef7f3ca62f370b6bbf280b83da7441,2023-01,Norfolk Constabulary,Norfolk Constabulary,1.301653,52.629460,On or near ,E01033438,Norwich 014A,Unable to prosecute suspect
df6cf741e8cdcbc266ff328ed31de469f9a7bb6332e8bcc7263b87575a6f34e0,2023-01,Norfolk Constabulary,Norfolk Constabulary,1.716468,52.607971,On or near St Luke's Terrace,E01026635,Great Yarmouth 007D,Investigation complete; no suspect identified
17f3d30b3663fe6ada4422168f7bdbeaeac002c4375e26731759cea10bb1bb98,2023-01,Norfolk Constabulary,Norfolk Constabulary,1.433330,52.875279,On or near High Street,E01026750,North Norfolk 007B,Unable to prosecute suspect
10d8df8d13c2ee87528c2d8ddc7a2743839178a6bbde3f36c78b717a4fa6e4c0,2023-01,Norfolk Constabulary,Norfolk Constabulary,1.120404,52.574584,On or near Folly Gardens,E01026946,South Norfolk 007E,Unable to prosecute suspect
bfb50a3e7329565ed9faf2584217c4bf56a32dd2ec722ae64b1eba00188476c4,2023-01,Norfolk Constabulary,Norfolk Constabulary,0.421087,52.690118,On or near Ivy Close,E01026723,King's Lynn and West Norfolk 014D,Suspect charged
bfb50a3e7329565ed9faf2584217c4bf56a32dd2ec722ae64b1eba00188476c4,2023-01,Norfolk Constabulary,Norfolk Constabulary,0.421087,52.690118,On or near Ivy Close,E01026723,King's Lynn and West Norfolk 014D,Suspect charged
f404067210501e8f3fc7bd63504d86baeb8309935aa55d83f81003bfbf9a51a2,2023-01,Norfolk Constabulary,Norfolk Constabulary,1.251722,52.608434,On or near Senna Drive,E01026810,Norwich 012A,Unable to prosecute suspect
0635f1b9dbc89c2295b477f4c1ba7e15adfc4cd0c4db2a1e773eda87b0226ba7,2023-01,Norfolk Constabulary,Norfolk Constabulary,1.729373,52.609435,On or near Coniston Square,E01026597,Great Yarmouth 005C,Unable to prosecute suspect
417256541b1947dd062928bedf2691d97387865549e6dfcf3040d3971cae99ab,2023-01,Norfolk Constabulary,Norfolk Constabulary,0.691290,52.637592,On or near Cygnet Walk,E01026458,Breckland 007D,Unable to prosecute suspect
5ec5e0c25c4f40286c3cd6e2989e19815cd819160975f00e6abbd94fcbb804bf,2023-01,Norfolk Constabulary,Norfolk Constabulary,0.692528,52.637545,On or near Sandringham Way,E01026458,Breckland 007D,Unable to prosecute suspect
ef8405da15e46efd0526242653d66a8ea20a19f66d972cb7eda8f519b4091836,2023-01,Norfolk Constabulary,Norfolk Constabulary,1.729373,52.609435,On or near Coniston Square,E01026597,Great Yarmouth 005C,Unable to prosecute suspect
4b3e8c53cd8ed8a2a6945f678dcb03d74c876028df8e23cf98ef13e392bb2ba9,2023-01,Norfolk Constabulary,Norfolk Constabulary,1.306502,52.637045,On or near Mousehold Street,E01026848,Norwich 015A,Unable to prosecute suspect
7ec387366cc31ec04b2dd37d5c0de44a1ef0d983507b33d3084d601799b9aa61,2023-01,Norfolk Constabulary,Norfolk Constabulary,1.272301,52.665830,On or near Lodore Avenue,E01026532,Broadland 011C,Suspect charged
36d016049812d1a83ede94e96e4abc6085f6cfbffac895c4fafd9416740e78fe,2023-01,Norfolk Constabulary,Norfolk Constabulary,1.272301,52.665830,On or near Lodore Avenue,E01026532,Broadland 011C,Suspect charged
36d016049812d1a83ede94e96e4abc6085f6cfbffac895c4fafd9416740e78fe,2023-01,Norfolk Constabulary,Norfolk Constabulary,1.272301,52.665830,On or near Lodore Avenue,E01026532,Broadland 011C,Suspect charged
b9951b782eb0908b22fbae3451a04f5c83ce6de3e015a7f066d3b07b7be11a45,2023-01,Norfolk Constabulary,Norfolk Constabulary,1.717933,52.606611,On or near Mill Road,E01026635,Great Yarmouth 007D,Suspect charged
0efa9cc26ea30e5bd888dd7231b616c6026677d36bfb7a2ead35081df5c586c4,2023-01,Norfolk Constabulary,Norfolk Constabulary,1.730650,52.573740,On or near Limmer Road,E01026631,Great Yarmouth 010E,Unable to prosecute suspect
0efa9cc26ea30e5bd888dd7231b616c6026677d36bfb7a2ead35081df5c586c4,2023-01,Norfolk Constabulary,Norfolk Constabulary,1.730650,52.573740,On or near Limmer Road,E01026631,Great Yarmouth 010E,Unable to prosecute suspect
50dab27c45262a50cf20cda9bbd01f0f3460445cb148c823936a2ac832cd23be,2023-01,Norfolk Constabulary,Norfolk Constabulary,,,No location,,,Suspect charged
55c48e1e864b53e8953e3e800d9e3ace247daec59b655114d796875b76846719,2023-01,Norfolk Constabulary,Norfolk Constabulary,1.271966,52.649480,On or near Bignold Road,E01026833,Norwich 002F,Investigation complete; no suspect identified
7c0f13475cb0ad17ef33cf44f7c24e12e9ba14ef3731ab88eb74b806bd51268c,2023-01,Norfolk Constabulary,Norfolk Constabulary,1.204919,52.942669,On or near Montague Road,E01026770,North Norfolk 001A,Unable to prosecute suspect
7c0f13475cb0ad17ef33cf44f7c24e12e9ba14ef3731ab88eb74b806bd51268c,2023-01,Norfolk Constabulary,Norfolk Constabulary,1.204919,52.942669,On or near Montague Road,E01026770,North Norfolk 001A,Unable to prosecute suspect
584caf0f1d834bcbd6887fb39acb1785ae939b25d247d1d1d5e56c1222c8bdc3,2023-01,Norfolk Constabulary,Norfolk Constabulary,1.294189,52.612485,On or near Gamewell Close,E01026819,Norwich 013D,Unable to prosecute suspect
19779547fd98ef0bbeb21ae2e022ebf47dd7f12dcdd3992b90da3cbf60fe51f3,2023-01,Norfolk Constabulary,Norfolk Constabulary,1.273582,52.654679,On or near Gowing Court,E01026832,Norwich 002E,Unable to prosecute suspect
73393d54da747b388134425c4200638611725543bfab04352bb79e781eb21c66,2023-01,Norfolk Constabulary,Norfolk Constabulary,1.273582,52.654679,On or near Gowing Court,E01026832,Norwich 002E,Unable to prosecute suspect
6f4f23f026bef8c13c1293db1b1016b046c315f8172afe1c6f108310922ed813,2023-01,Norfolk Constabulary,Norfolk Constabulary,0.404329,52.762680,On or near Anderson Close,E01026687,King's Lynn and West Norfolk 007A,Unable to prosecute suspect
957b3927ff657145d088d21e4b497587692dc2cee0dd802ba5aa23c51540ab3f,2023-01,Norfolk Constabulary,Norfolk Constabulary,,,No location,,,Unable to prosecute suspect
f02aa7f56e5ee6b8805908162b6709ae82f95ebda2b1ee186bc97cb68dc9fda0,2023-01,Norfolk Constabulary,Norfolk Constabulary,0.745363,52.413380,On or near Bridge Street,E01026474,Breckland 017A,Suspect charged
b2fcbfd404f2d017a4b8e71d206832da81b1b3a96e566b95e5046391eb92db9b,2023-01,Norfolk Constabulary,Norfolk Constabulary,1.735247,52.601730,On or near ,E01026626,Great Yarmouth 006E,Unable to prosecute suspect
c0865732b09998ab9e1bd7938713d8721bb74d3f6dcf7d83682025d2eee95079,2023-01,Norfolk Constabulary,Norfolk Constabulary,1.302036,52.629372,On or near ,E01033438,Norwich 014A,Unable to prosecute suspect
5c3480a3971664383ced2616ac4807e5924ae47e94e7cdd2480b2ef432e48422,2023-01,Norfolk Constabulary,Norfolk Constabulary,0.404329,52.762680,On or near Anderson Close,E01026687,King's Lynn and West Norfolk 007A,Unable to prosecute suspect
64b8a52df748322ca5a82adeaeafce38a1230d7847d6817ee6499234f45ff0e0,2023-01,Norfolk Constabulary,Norfolk Constabulary,0.745363,52.413380,On or near Bridge Street,E01026474,Breckland 017A,Suspect charged
afc7570f22e3f08014938e0fa7360b11043047210466ab1e4327096c352fad7c,2023-01,Norfolk Constabulary,Norfolk Constabulary,0.397803,52.750197,On or near Florence Road,E01026699,King's Lynn and West Norfolk 011B,Suspect charged
ac2dc34ce27dfe05ab3524d6016de7bcea8deb8afcc04ec570f71105ccbd9e64,2023-01,Norfolk Constabulary,Norfolk Constabulary,0.404329,52.762680,On or near Anderson Close,E01026687,King's Lynn and West Norfolk 007A,Suspect charged
f8ab221f357448201782e4819d685e5d1385ed155dd57fb077492f80b587b10d,2023-01,Norfolk Constabulary,Norfolk Constabulary,0.695938,52.813877,On or near School Road,E01026695,King's Lynn and West Norfolk 002D,Investigation complete; no suspect identified
7c8cd20826f33d275dec9bbbb15dd4832f8b426e2e61f98f7d2f4f4798d7979c,2023-01,Norfolk Constabulary,Norfolk Constabulary,1.334091,52.477233,On or near The Street,E01026894,South Norfolk 012C,Unable to prosecute suspect
5279848733c66c161a923cd52929c2329962977a6c79552aab847f62dc99339a,2023-01,Norfolk Constabulary,Norfolk Constabulary,1.727746,52.610116,On or near Priory Plain,E01026597,Great Yarmouth 005C,Unable to prosecute suspect
b620d6144fff5545376b1b26b25232b88ce7c6a3f032169c8679e5da58c85e49,2023-01,Norfolk Constabulary,Norfolk Constabulary,0.963024,52.693361,On or near ,E01026430,Breckland 003C,Local resolution
f7b7167b369dd98aa847d9cade2fcd2d122ee19a13937678f3715e7015add8c1,2023-01,Norfolk Constabulary,Norfolk Constabulary,1.385557,52.821709,On or near Market Street,E01026760,North Norfolk 010H,Unable to prosecute suspect
67de85558ab9b3a8c9058212f69d081bdc1abed832c78aa1ba473659089b7d6a,2023-01,Norfolk Constabulary,Norfolk Constabulary,1.238365,52.525538,On or near ,E01026920,South Norfolk 009E,Investigation complete; no suspect identified
a68757cf601ce9b30a613773cf8e31e43ec3b9aa571c1b073971100035e7cc7c,2023-01,Norfolk Constabulary,Norfolk Constabulary,1.015057,52.515713,On or near ,E01026423,Breckland 011B,Investigation complete; no suspect identified
f920fb7e27c97c37864ac7492d9bebb264cd0efd05a0aee5f3658fd2d18a5802,2023-01,Norfolk Constabulary,Norfolk Constabulary,1.283908,52.637953,On or near Kingsway,E01026827,Norwich 007F,Investigation complete; no suspect identified
9b7ca7aae5308af940081b78fd813f05e70c9a8216abb51b09ddd0ee6e64a5de,2023-01,Norfolk Constabulary,Norfolk Constabulary,0.726898,52.406091,On or near Stapleford Way,E01026478,Breckland 017E,Unable to prosecute suspect
6e44a16c4112a9f5df3c9ea9042cc6cda3522b4dbf35dacc2bcf71447bb7bfd2,2023-01,Norfolk Constabulary,Norfolk Constabulary,1.719361,52.603580,On or near Station Road,E01026634,Great Yarmouth 007C,Investigation complete; no suspect identified
8b6dd6065c14c241759728f231e78e31969097d1233fffd54c6893776a29bdd6,2023-01,Norfolk Constabulary,Norfolk Constabulary,1.261187,52.649886,On or near ,E01026828,Norwich 002A,Unable to prosecute suspect
67996625e56d2aa3e28ac3aabbca2798198fdebbf2bb322f38c3799f1645dfc1,2023-01,Norfolk Constabulary,Norfolk Constabulary,1.301095,52.629245,On or near ,E01033438,Norwich 014A,Suspect charged
05242ba4f50b5910513a158411bbe9535c3c7c312b8a5cfd7bc9befb9abfa332,2023-01,Norfolk Constabulary,Norfolk Constabulary,0.225703,52.600626,On or near ,E01026716,King's Lynn and West Norfolk 016E,Suspect charged
fd26044ec87d399ec52d24e6fd70fa44e4108042ecb3548de9840de9e8ecada9,2023-01,Norfolk Constabulary,Norfolk Constabulary,1.248382,52.575897,On or near Bobbins Way,E01026914,South Norfolk 009B,Unable to prosecute suspect
276d70e73f88ba1e79f83836aafa8ee58716381883f2757ae6a7349aa7af66d6,2023-01,Norfolk Constabulary,Norfolk Constabulary,1.248382,52.575897,On or near Bobbins Way,E01026914,South Norfolk 009B,Unable to prosecute suspect
78f30d06a926aa53aabd17eb73543114d3291423dc5e317d49adae02c94f35f4,2023-01,Norfolk Constabulary,Norfolk Constabulary,1.385431,52.820274,On or near King's Arms Street,E01026760,North Norfolk 010H,Unable to prosecute suspect
f027529a0d1268237260a4e6bf8556e81927ee81db6293430bc3e584fa5836e1,2023-01,Norfolk Constabulary,Norfolk Constabulary,1.385431,52.820274,On or near King's Arms Street,E01026760,North Norfolk 010H,Unable to prosecute suspect
6660714a0e8267408d0903295c68898d75fff1b523450911b69b68d27f81ed91,2023-01,Norfolk Constabulary,Norfolk Constabulary,1.729492,52.606490,On or near Alexandra Road,E01026623,Great Yarmouth 006B,Unable to prosecute suspect
c1472689f30f962369677efc5ca8914c4572154d7fd47241852c95fcfde2bb4b,2023-01,Norfolk Constabulary,Norfolk Constabulary,1.334112,52.647261,On or near Barnes Close,E01026805,Norwich 004C,Unable to prosecute suspect
488560b68380caef7a9d8751100736790227ebd4ddf622455987330f80228e97,2023-01,Norfolk Constabulary,Norfolk Constabulary,1.194772,52.647577,On or near Britannia Way,E01033538,South Norfolk 001G,Unable to prosecute suspect
80c902bb05bb88f50d3a584d94f145ff1aa5e11f7665f64c5c4261fdcdb1579b,2023-01,Norfolk Constabulary,Norfolk Constabulary,1.722076,52.612768,On or near Bridge Road,E01026597,Great Yarmouth 005C,Unable to prosecute suspect
d8ed60239952355b3937e363d8e677825d547466967426eac0773d732cf5a684,2023-01,Norfolk Constabulary,Norfolk Constabulary,1.721829,52.588454,On or near Suffolk Close,E01026600,Great Yarmouth 007A,Unable to prosecute suspect
b97266d56b26a2abb23dc02b42ed027d68e6b371c44dd32d712fb7571fa35885,2023-01,Norfolk Constabulary,Norfolk Constabulary,0.407066,52.766069,On or near Coulton Close,E01026687,King's Lynn and West Norfolk 007A,Unable to prosecute suspect
cfe56e4f65f9f5c46a2b9451958f26ec56d56cbd6ef37671894b340abace2c4f,2023-01,Norfolk Constabulary,Norfolk Constabulary,1.482084,52.535597,On or near ,E01026912,South Norfolk 008D,Unable to prosecute suspect
f1a1355fedae51e232bb46827de335f3b5c87317554473e1a146b745c854d5c8,2023-01,Norfolk Constabulary,Norfolk Constabulary,1.348290,52.626535,On or near Roxley Close,E01026577,Broadland 016D,Unable to prosecute suspect
c5d13a8c78119b3f9d8c691a7b28586cba0a4ecc86f7d4e8eb7197b108f2f49f,2023-01,Norfolk Constabulary,Norfolk Constabulary,1.297917,52.632185,On or near Wensum Street,E01033438,Norwich 014A,Suspect charged
135892965352adfdeb2c571110ef190197a72cee0df2c2ba844fb43aebb2e075,2023-01,Norfolk Constabulary,Norfolk Constabulary,1.409353,52.701815,On or near The Avenue,E01026580,Broadland 008E,Unable to prosecute suspect
0fd3e7ff77cd5257bb980c3df55dc63c0bec77903930bdc06da90f37e4d6c58c,2023-01,Norfolk Constabulary,Norfolk Constabulary,1.290137,52.630549,On or near St Lawrence Lane,E01026823,Norwich 007B,Unable to prosecute suspect
a54e90f5cf4c4453a681dedd535cc0bc34d89585252d5efebefc73c56e3eb7ed,2023-01,Norfolk Constabulary,Norfolk Constabulary,1.302213,52.644863,On or near ,E01026842,Norwich 003B,Suspect charged
d1343552d2049232dcb08a598ca9d99e3f15253cd57265d6bb24668df88b37ba,2023-01,Norfolk Constabulary,Norfolk Constabulary,1.272920,52.624443,On or near Lincoln Street,E01026839,Norwich 009E,Investigation complete; no suspect identified
55f02610ea6b2ffa0c3584e752872ff24ef30b59cd205ed61c67c0eca8324c65,2023-01,Norfolk Constabulary,Norfolk Constabulary,0.845531,52.773100,On or near East View Crescent,E01026442,Breckland 002A,Unable to prosecute suspect
337bfd8665f565ca8be07149f930218a43d3a0acdc28559852c60cfef2b4a45c,2023-01,Norfolk Constabulary,Norfolk Constabulary,1.189119,52.653207,On or near Ernest Gage Avenue,E01033538,South Norfolk 001G,Unable to prosecute suspect
c0a8e1b741c4ea45a5cb8b1437048281d4154937690be408040c7c14aa64987e,2023-01,Norfolk Constabulary,Norfolk Constabulary,1.236108,52.706306,On or near Park View,E01026535,Broadland 004C,Investigation complete; no suspect identified
73b66b83f113f60308321b21e87040fa2fd2bd995031688ae8c756948891c787,2023-01,Norfolk Constabulary,Norfolk Constabulary,1.724458,52.593669,On or near Waveney Road,E01026633,Great Yarmouth 007B,Local resolution
08766daa4a1647b219a67fcab1b6f15fab48d2ad51131d7fa3c8ef3a74237172,2023-01,Norfolk Constabulary,Norfolk Constabulary,1.725222,52.611014,On or near Fuller's Hill,E01026597,Great Yarmouth 005C,Unable to prosecute suspect
672a166e529ef211f5a56871a1a12bd663d2519d25b6ac9887c2403e7ae88915,2023-01,Norfolk Constabulary,Norfolk Constabulary,1.222170,52.678510,On or near Bellomonte Crescent,E01026521,Broadland 007D,Local resolution
72a2d6ec6160e44f5eb3816a7bbb834d8a912f03e458454b652f168bc636dd5b,2023-01,Norfolk Constabulary,Norfolk Constabulary,1.324886,52.634227,On or near Cubitt Road,E01026808,Norwich 004F,Unable to prosecute suspect
406dda58727faad60319b3097b62c364c7aaf751650f6ef75057d9c3ed8a91bd,2023-01,Norfolk Constabulary,Norfolk Constabulary,1.297917,52.632185,On or near Wensum Street,E01033438,Norwich 014A,Suspect charged
9f1a15499db5582a29545f72c14754ef48584f5a1ddddcda92347ed5ee6d79c9,2023-01,Norfolk Constabulary,Norfolk Constabulary,1.216780,52.571922,On or near Rectory Road,E01026914,South Norfolk 009B,Unable to prosecute suspect
7ff9e3a1c36c3c4722934342f021b0376860d9656496962b0a110b4f4982cf93,2023-01,Norfolk Constabulary,Norfolk Constabulary,1.363327,52.627187,On or near Griffin Lane,E01026575,Broadland 016B,Unable to prosecute suspect
7ff9e3a1c36c3c4722934342f021b0376860d9656496962b0a110b4f4982cf93,2023-01,Norfolk Constabulary,Norfolk Constabulary,1.363327,52.627187,On or near Griffin Lane,E01026575,Broadland 016B,Unable to prosecute suspect
2d02d9f2e80afe3fa5529d01dad965931840a4bffc631789d1ec28410ffa30cf,2023-01,Norfolk Constabulary,Norfolk Constabulary,1.218230,52.633182,On or near Bishy Barnebee Way,E01033435,Norwich 005G,Investigation complete; no suspect identified
3a2f271a7075d2b24def6928d38dac80e943331bdd10b1373b7dc1fe0fbd8e81,2023-01,Norfolk Constabulary,Norfolk Constabulary,0.401467,52.761578,On or near Saltpans Close,E01026689,King's Lynn and West Norfolk 007C,Unable to prosecute suspect
b641d81d4dd1a6e419a7830b4993b35b053fc724900124f7904ef4be8a5ff67b,2023-01,Norfolk Constabulary,Norfolk Constabulary,1.188343,52.649459,On or near Prince Close,E01033538,South Norfolk 001G,Investigation complete; no suspect identified
b245c47105205a32c200360d1b513c8c1a926671c88042dd116e76d53c1f94e0,2023-01,Norfolk Constabulary,Norfolk Constabulary,0.745363,52.413380,On or near Bridge Street,E01026474,Breckland 017A,Suspect charged
30bf3ba51d470519faf026a4f7df96b9e79d10e46589a8fa9d667877f5a52eb5,2023-01,Norfolk Constabulary,Norfolk Constabulary,0.686291,52.638991,On or near Mill Farm Nurseries,E01026458,Breckland 007D,Unable to prosecute suspect
3db1517642a48f4686ae2f72432e1c02904a764850e5688a9142350569cce2d5,2023-01,Norfolk Constabulary,Norfolk Constabulary,0.981837,52.582366,On or near Bell Meadow,E01026910,South Norfolk 004B,Unable to prosecute suspect
2e7ad7de6a36177c3fecdb50db7f120eecc322643b0c5df901a89db788a7eea0,2023-01,Norfolk Constabulary,Norfolk Constabulary,1.445571,52.630659,On or near St Andrew's Way,E01026505,Broadland 014B,Unable to prosecute suspect
d833ba6f02766b5771ee65e20c1a0c9c43807a71df81e3621e5a13398c1bae08,2023-01,Norfolk Constabulary,Norfolk Constabulary,1.313595,52.657325,On or near ,E01026555,Broadland 012C,Unable to prosecute suspect
d833ba6f02766b5771ee65e20c1a0c9c43807a71df81e3621e5a13398c1bae08,2023-01,Norfolk Constabulary,Norfolk Constabulary,1.313595,52.657325,On or near ,E01026555,Broadland 012C,Unable to prosecute suspect
d833ba6f02766b5771ee65e20c1a0c9c43807a71df81e3621e5a13398c1bae08,2023-01,Norfolk Constabulary,Norfolk Constabulary,1.313595,52.657325,On or near ,E01026555,Broadland 012C,Unable to prosecute suspect
d1efef2663538d1493a4ec6ec74a8a762add5ef3e59c18decb96222a5e81b07c,2023-01,Norfolk Constabulary,Norfolk Constabulary,1.417408,52.848424,On or near Hall Lane,E01026738,North Norfolk 007A,Unable to prosecute suspect
a8a9a47e07e13f69d538548cce157be5e319c72c97fcd009085faec3c89e2b15,2023-01,Norfolk Constabulary,Norfolk Constabulary,1.229844,52.487988,On or near Manor Road,E01026940,South Norfolk 011F,Unable to prosecute suspect
cee8766094067a2a989bbfa1bab6f26d7e3974fc4a5a084b50a12b7a4a3f67d2,2023-01,Norfolk Constabulary,Norfolk Constabulary,1.300901,52.405962,On or near Millers Green,E01026901,South Norfolk 013C,Unable to prosecute suspect
3e26ec6423f1595186ff4693d4cab6d3e03b644d174b3a33d162fb56dc3d957b,2023-01,Norfolk Constabulary,Norfolk Constabulary,1.366442,52.634456,On or near Newark Close,E01026574,Broadland 016A,Suspect charged
278b2f958f93cde0913703fc858e56fdc5028da897a7c93994adc081562bc119,2023-01,Norfolk Constabulary,Norfolk Constabulary,1.106647,52.759252,On or near Lawns Loke,E01026547,Broadland 002E,Unable to prosecute suspect
ed305ed349b5b1bae18f1fc3593c6dd337e47255a39cbf38acc86ef931acdcdf,2023-01,Norfolk Constabulary,Norfolk Constabulary,1.237882,52.638285,On or near Peto Court,E01026793,Norwich 005C,Unable to prosecute suspect
08e182065c1c908047267e5e1f7727515818c1ed953b56dd69c44333f909e34a,2023-01,Norfolk Constabulary,Norfolk Constabulary,0.174274,52.679699,On or near Wisbech Road,E01026720,King's Lynn and West Norfolk 013D,Unable to prosecute suspect
d10521680883e287d5ba4a6b321cc7495209748b685a34c46c2fa01461920461,2023-01,Norfolk Constabulary,Norfolk Constabulary,1.293674,52.629218,On or near ,E01026823,Norwich 007B,Unable to prosecute suspect
e4fa0858f7a7e40d404692dc9f8f94b5dc6e90b71238d5c2b21783aa424ccac7,2023-01,Norfolk Constabulary,Norfolk Constabulary,1.300901,52.405962,On or near Millers Green,E01026901,South Norfolk 013C,Unable to prosecute suspect
1762b039fb7b96a3b828e13af5a3a611b1c1e3e0b515f854364f78363079dc50,2023-01,Norfolk Constabulary,Norfolk Constabulary,1.257126,52.662489,On or near Nursery Close,E01026529,Broadland 010D,Local resolution
1762b039fb7b96a3b828e13af5a3a611b1c1e3e0b515f854364f78363079dc50,2023-01,Norfolk Constabulary,Norfolk Constabulary,1.257126,52.662489,On or near Nursery Close,E01026529,Broadland 010D,Local resolution
1762b039fb7b96a3b828e13af5a3a611b1c1e3e0b515f854364f78363079dc50,2023-01,Norfolk Constabulary,Norfolk Constabulary,1.257126,52.662489,On or near Nursery Close,E01026529,Broadland 010D,Local resolution
1762b039fb7b96a3b828e13af5a3a611b1c1e3e0b515f854364f78363079dc50,2023-01,Norfolk Constabulary,Norfolk Constabulary,1.257126,52.662489,On or near Nursery Close,E01026529,Broadland 010D,Local resolution
f639c59611bd4f15944ff4758b323751bbfcd0082b4f13c06811e2ccc211f74d,2023-01,Norfolk Constabulary,Norfolk Constabulary,0.401467,52.761578,On or near Saltpans Close,E01026689,King's Lynn and West Norfolk 007C,Unable to prosecute suspect
d0134aae5b3988a8806c52bdadce1d650a06bb4648ab2647d770eb29a75f8371,2023-01,Norfolk Constabulary,Norfolk Constabulary,1.737593,52.607867,On or near ,E01026626,Great Yarmouth 006E,Investigation complete; no suspect identified
9fe3d764ee51fda46a57f96c05fe4e1678475d331bce861e1600b568cd337267,2023-01,Norfolk Constabulary,Norfolk Constabulary,1.301653,52.629460,On or near ,E01033438,Norwich 014A,Investigation complete; no suspect identified
cadb20f34c5ca302f42c4927877a35110913513f7c32dc25f0811ada44d326df,2023-01,Norfolk Constabulary,Norfolk Constabulary,0.941590,52.680775,On or near Nelson Place,E01026426,Breckland 005B,Further action is not in the public interest
02fa7abe5799dad7abdd4b0bffbd4370d15b87afc6d4906152de82a9df3cc127,2023-01,Norfolk Constabulary,Norfolk Constabulary,1.726002,52.540183,On or near HOPTON GARDENS,E01026588,Great Yarmouth 013D,Suspect charged
00149768ae2c309e998904ccdae38b6daa2b03954d31fe478b0d218a3bd778cf,2023-01,Norfolk Constabulary,Norfolk Constabulary,1.731985,52.618600,On or near Churchill Road,E01026599,Great Yarmouth 004A,Unable to prosecute suspect
2d391a6516bcea36bac8f523df9eacee8ba8cb6316d55f2330d08c2df63ad006,2023-01,Norfolk Constabulary,Norfolk Constabulary,1.234270,52.555266,On or near Castelins Way,E01026915,South Norfolk 009C,Unable to prosecute suspect
b86cccb7be26c6077b5df1647653b1a7fb1363bdad3371a610b409dc8481891b,2023-01,Norfolk Constabulary,Norfolk Constabulary,0.729286,52.946369,On or near North Street,E01026646,King's Lynn and West Norfolk 002B,Local resolution
a1d78c74e39e28050625d5b8fec67ca4dda3520066a9213e486dd3e001ad25ca,2023-01,Norfolk Constabulary,Norfolk Constabulary,1.252054,52.795579,On or near Red Lion Street,E01026499,Broadland 001A,Unable to prosecute suspect
a1d78c74e39e28050625d5b8fec67ca4dda3520066a9213e486dd3e001ad25ca,2023-01,Norfolk Constabulary,Norfolk Constabulary,1.252054,52.795579,On or near Red Lion Street,E01026499,Broadland 001A,Unable to prosecute suspect
51af449fd141876af41d1a1b9023c6e7cc5029db071342ad22a6acda7e943fbc,2023-01,Norfolk Constabulary,Norfolk Constabulary,1.469578,52.856209,On or near Paston Road,E01026752,North Norfolk 007D,Unable to prosecute suspect
54b93563926dd369e65fdf30fc595d110bc80870fe4a6a6380df8dc31d3fdced,2023-01,Norfolk Constabulary,Norfolk Constabulary,1.137243,52.578083,On or near ,E01026945,South Norfolk 007D,Investigation complete; no suspect identified
8e5906cd6d1643982ec6d23b152d40b912189f6f0aa01f4f24d3da509070e640,2023-01,Norfolk Constabulary,Norfolk Constabulary,1.725489,52.615026,On or near Ormond Road,E01026596,Great Yarmouth 005B,Unable to prosecute suspect
678b95fffe679a66f188dc0d9fd31e49098811722dd4bf5860e7f01b7a4945c1,2023-01,Norfolk Constabulary,Norfolk Constabulary,1.396164,52.825795,On or near Preston Road,E01026756,North Norfolk 010D,Suspect charged
97a3be541e13fc4c625de6ddf46152a0c3ac864de92631e63279f56ea24859ca,2023-01,Norfolk Constabulary,Norfolk Constabulary,1.243274,52.623253,On or near ,E01026860,Norwich 010C,Investigation complete; no suspect identified
2b80172b6526b165af846e1e02eafa6c551211d127dc968654baaa45fd6b28a0,2023-01,Norfolk Constabulary,Norfolk Constabulary,0.395542,52.756240,On or near Market Lane,E01026698,King's Lynn and West Norfolk 011A,Suspect charged
fd0193f8d26f4cf315648c2c2c104a2412fc5eb693e72b2b96ec9914049468b3,2023-01,Norfolk Constabulary,Norfolk Constabulary,1.323176,52.660402,On or near Blenheim Road,E01026554,Broadland 012B,Suspect charged
d388d44cd3e2e15c8b38bc8d038081b0a0d1525230b45199f6457ef6d002df20,2023-01,Norfolk Constabulary,Norfolk Constabulary,1.728608,52.581675,On or near Grosvenor Mews,E01026632,Great Yarmouth 009E,Unable to prosecute suspect
7cbd46069cb8af8ff2078ae46bfe6de32f731b23408d9b98f7b15924e755cc8d,2023-01,Norfolk Constabulary,Norfolk Constabulary,1.320370,52.684242,On or near Giles Road,E01026552,Broadland 005D,Unable to prosecute suspect
3ec1a3d511710ca2f6ba18dc46df65137fcb071124a8c6eec0ae1c71284fcdef,2023-01,Norfolk Constabulary,Norfolk Constabulary,0.466636,52.351293,On or near Wellington Close,E01032526,Forest Heath 003I,Further action is not in the public interest
4b701a2fedceb82c1b9f7925833a118359238ebd47922a27127a79347da9c7a7,2023-01,Norfolk Constabulary,Norfolk Constabulary,1.716159,52.569285,On or near Somerville Avenue,E01026621,Great Yarmouth 011E,Unable to prosecute suspect
04d2172b5e95c79eff973911208ea7948d2c52a3a588605009d20c1f685e411e,2023-01,Norfolk Constabulary,Norfolk Constabulary,0.577467,52.545895,On or near West End,E01026651,King's Lynn and West Norfolk 019D,Further action is not in the public interest
12c339fcc6c9c5fbc888392b5fc646214c155fc21ae2b7c07291eb101b4a7c6f,2023-01,Norfolk Constabulary,Norfolk Constabulary,0.577467,52.545895,On or near West End,E01026651,King's Lynn and West Norfolk 019D,Further action is not in the public interest
96368a4c1da2122d78589c162524eaca166aae2adf710da7ce69b86aeedafbc1,2023-01,Norfolk Constabulary,Norfolk Constabulary,0.577467,52.545895,On or near West End,E01026651,King's Lynn and West Norfolk 019D,Further action is not in the public interest
d07797ad4b68e3960f98be0136ddff43115c89cd7139f1adea5906992f208de6,2023-01,Norfolk Constabulary,Norfolk Constabulary,1.503758,52.541203,On or near ,E01026912,South Norfolk 008D,Investigation complete; no suspect identified
82447296ef7046488f8494ac00f966adefd7feabdf6b6d0c98bc85245c9fe735,2023-01,Norfolk Constabulary,Norfolk Constabulary,1.024073,52.951800,On or near Cley Road,E01026739,North Norfolk 002A,Unable to prosecute suspect
82447296ef7046488f8494ac00f966adefd7feabdf6b6d0c98bc85245c9fe735,2023-01,Norfolk Constabulary,Norfolk Constabulary,1.024073,52.951800,On or near Cley Road,E01026739,North Norfolk 002A,Unable to prosecute suspect
f27b4ca80c1dd118d444e3188df10e159e8a243bb7770f2c0e17e1104f303ee6,2023-01,Norfolk Constabulary,Norfolk Constabulary,1.232329,52.610305,On or near Rowan Way,E01026882,South Norfolk 002B,Unable to prosecute suspect
0b8d8425a5657c5ea43aed7103dba6538f83084ff654b1590c7945dfecb1e428,2023-01,Norfolk Constabulary,Norfolk Constabulary,1.372004,52.673861,On or near Fitzmaurice Court,E01026578,Broadland 008C,Investigation complete; no suspect identified
4b6cf840743c96c2577c4906ef04cd4159bcd7e3fb3b3ccf84b6c5b4eedfc0fd,2023-01,Norfolk Constabulary,Norfolk Constabulary,1.376767,52.821699,On or near Queensway,E01026761,North Norfolk 010I,Action to be taken by another organisation
b363c2858f1366b31f0a0d9bcf3ce5061b5675d5e9c64d0fd9d7637625f25eec,2023-01,Norfolk Constabulary,Norfolk Constabulary,1.125302,52.377859,On or near Prince William Way,E01033539,South Norfolk 015G,Suspect charged
d56ac79072ee9b523838473bf4d60d62fe124aff25476b751ce2cd5b0686abe3,2023-01,Norfolk Constabulary,Norfolk Constabulary,1.382559,52.810832,On or near Bailey Road,E01026760,North Norfolk 010H,Unable to prosecute suspect
82bdd37d284722948f6828e3038e966ad25582cd3d1bd5e06b19e9b2b32641c0,2023-01,Norfolk Constabulary,Norfolk Constabulary,0.829869,52.737613,On or near Burghwood Drive,E01026462,Breckland 002D,Unable to prosecute suspect
bc7d51c460803fddc8bb81a16873857ffb2668c3303bf697b92e0762845def8f,2023-01,Norfolk Constabulary,Norfolk Constabulary,1.295213,52.627089,On or near Orford Street,E01026822,Norwich 007A,Suspect charged as part of another case
12fd8dd3eb924c8f65c72d1ed1606f1e5f7b2245a4c436b014832d96e83b7d04,2023-01,Norfolk Constabulary,Norfolk Constabulary,1.305817,52.641084,On or near Gertrude Road,E01026844,Norwich 003D,Unable to prosecute suspect
e2b1d190a42aac4c22e78cecb7d8dc6858b061c322dac3e68aaf8a7f1dffca02,2023-01,Norfolk Constabulary,Norfolk Constabulary,0.410896,52.742298,On or near HANSA ROAD,E01026704,King's Lynn and West Norfolk 011D,Unable to prosecute suspect
e2b1d190a42aac4c22e78cecb7d8dc6858b061c322dac3e68aaf8a7f1dffca02,2023-01,Norfolk Constabulary,Norfolk Constabulary,0.410896,52.742298,On or near HANSA ROAD,E01026704,King's Lynn and West Norfolk 011D,Unable to prosecute suspect
f5b432c2e0b60f47c0f4945ed55e4393e676f0dd5d67834dff70c295d43aa719,2023-01,Norfolk Constabulary,Norfolk Constabulary,1.657880,52.567882,On or near Crofter's Walk,E01026616,Great Yarmouth 012D,Unable to prosecute suspect
efecdc5f79cc8dd6f91f5fde7fd1317d53c5655eb26164f31af61a9dcb8d76f4,2023-01,Norfolk Constabulary,Norfolk Constabulary,1.322708,52.625583,On or near Frogs Hall Lane,E01026849,Norwich 015B,Unable to prosecute suspect
a157486e7bb80944e83b28a1b8b603b12479b60c7aa5c73e3119ef1ee8977ff8,2023-01,Norfolk Constabulary,Norfolk Constabulary,1.196839,52.685617,On or near Camp Road,E01026567,Broadland 006F,Unable to prosecute suspect
06bd1d39f9929c16cbbd47450f060d71b857a1f22381f301f210bb0367b61b1c,2023-01,Norfolk Constabulary,Norfolk Constabulary,1.654335,52.568558,On or near Station Road North,E01026616,Great Yarmouth 012D,Unable to prosecute suspect
308f478126fb9ea3cce0af179f65260a68ce2df5023d1ca573b993668c8ecb5b,2023-01,Norfolk Constabulary,Norfolk Constabulary,1.716159,52.569285,On or near Somerville Avenue,E01026621,Great Yarmouth 011E,Unable to prosecute suspect
7b79328b03d2bf9cec1dfc7b39abf49ec5585f20bca100cd8a1f2d41cb8e3cd2,2023-01,Norfolk Constabulary,Norfolk Constabulary,1.691143,52.694437,On or near Fallowfield,E01026607,Great Yarmouth 001C,Investigation complete; no suspect identified
4a209d6281c03a2b703b02517415011ccd0522ea4b712aaeb3c4c5fb2e7f4194,2023-01,Norfolk Constabulary,Norfolk Constabulary,1.217974,52.643990,On or near Dereham Road,E01026792,Norwich 005B,Unable to prosecute suspect
9d521442cae52af2d91615e4ccf2071dab8b17b06081340bfd5c49a3ccff67e2,2023-01,Norfolk Constabulary,Norfolk Constabulary,1.716159,52.569285,On or near Somerville Avenue,E01026621,Great Yarmouth 011E,Unable to prosecute suspect
d1fab95037247e558a0893292787f0a0e9277c4a6d28fdd9da59a7b0979fac48,2023-01,Norfolk Constabulary,Norfolk Constabulary,1.204919,52.942669,On or near Montague Road,E01026770,North Norfolk 001A,Unable to prosecute suspect
3b2cb01e56e39bd5444dc6c9f5c00b94603dc84420b67851092a1d590e77de16,2023-01,Norfolk Constabulary,Norfolk Constabulary,1.204919,52.942669,On or near Montague Road,E01026770,North Norfolk 001A,Unable to prosecute suspect
a047beda294988b63f548bd06b93f4815d16cbc90fa42d8ccbd20c8383e46171,2023-01,Norfolk Constabulary,Norfolk Constabulary,1.376767,52.821699,On or near Queensway,E01026761,North Norfolk 010I,Unable to prosecute suspect
4e42a564470433c79ab751743328216b411cb2eddb96f5a77fcc2dde6285ea45,2023-01,Norfolk Constabulary,Norfolk Constabulary,1.376767,52.821699,On or near Queensway,E01026761,North Norfolk 010I,Unable to prosecute suspect
d47cbc4f9ce3309a4c38c6467ab70ec76eb26d8222f61a07cf0905b3e187e206,2023-01,Norfolk Constabulary,Norfolk Constabulary,1.376767,52.821699,On or near Queensway,E01026761,North Norfolk 010I,Action to be taken by another organisation
2558ab2bd4f9ad345e4bc3890b3c1f208301786a416b41b9543b718be1d92cf5,2023-01,Norfolk Constabulary,Norfolk Constabulary,1.311088,52.625926,On or near Stracey Road,E01033439,Norwich 014B,Investigation complete; no suspect identified
3b807d25a6fa4c23f1e1b3df1902469238d82324588bbf1f5122f6779ebb0681,2023-01,Norfolk Constabulary,Norfolk Constabulary,1.632949,52.702821,On or near Jubilee Walk,E01026637,Great Yarmouth 002D,Unable to prosecute suspect
3b807d25a6fa4c23f1e1b3df1902469238d82324588bbf1f5122f6779ebb0681,2023-01,Norfolk Constabulary,Norfolk Constabulary,1.632949,52.702821,On or near Jubilee Walk,E01026637,Great Yarmouth 002D,Unable to prosecute suspect
3b807d25a6fa4c23f1e1b3df1902469238d82324588bbf1f5122f6779ebb0681,2023-01,Norfolk Constabulary,Norfolk Constabulary,1.632949,52.702821,On or near Jubilee Walk,E01026637,Great Yarmouth 002D,Unable to prosecute suspect
2219049625133a3a4d18642ca7075522971089d8f7883251d7e461474cc38ed4,2023-01,Norfolk Constabulary,Norfolk Constabulary,1.125684,52.369125,On or near Clement Gardens,E01033539,South Norfolk 015G,Unable to prosecute suspect
74ef883a1ad02a374d9991f7230f2f77defd908c7589c8f7d93d9b19dbfec5d0,2023-01,Norfolk Constabulary,Norfolk Constabulary,0.775811,52.656746,On or near Treasure Grove,E01026446,Breckland 004A,Suspect charged
a9290f7b22840fe4854ba1bb84bf8d2cb4353866fe2fe0cd778c49667d80ff95,2023-01,Norfolk Constabulary,Norfolk Constabulary,1.729384,52.605055,On or near ,E01026624,Great Yarmouth 006C,Suspect charged
5d8b8054faad94273786355ddea7ae5772f7a88b12510259a19a521264bee2b8,2023-01,Norfolk Constabulary,Norfolk Constabulary,1.261481,52.636162,On or near Winchcomb Road,E01026863,Norwich 006A,Investigation complete; no suspect identified
81b3071fd0d7d47ee2142fef5453555136a3c4d43da5ac9b06c298ed88d69297,2023-01,Norfolk Constabulary,Norfolk Constabulary,1.185890,52.616133,On or near Limes Close,E01026883,South Norfolk 002C,Unable to prosecute suspect
5de6bddf22aa713a783cd028b417ce5a6563b6585b80fdcbb4703e666b9ce4d8,2023-01,Norfolk Constabulary,Norfolk Constabulary,0.396073,52.754575,On or near White Lion Court,E01026699,King's Lynn and West Norfolk 011B,Suspect charged
422a4f349580d98a61f2ca738b05b73502aeb70c2618d274c3995ba1e1e150ac,2023-01,Norfolk Constabulary,Norfolk Constabulary,1.201361,52.934212,On or near Emery Close,E01026772,North Norfolk 001C,Unable to prosecute suspect
0259b0e9d1501bc56fc618ba2dfd3e3d4eee3bec79713ddfc52642c0644f4c56,2023-01,Norfolk Constabulary,Norfolk Constabulary,1.566227,52.595487,On or near Mill Road,E01026539,Broadland 018D,Unable to prosecute suspect
b2b0cd54f37a7c2726a6ceb88e329222a3d609ee2efe51905f4a58c923e59985,2023-01,Norfolk Constabulary,Norfolk Constabulary,0.931521,52.686860,On or near Girling Road,E01026428,Breckland 003A,Unable to prosecute suspect
2cbf576025b99fcf4efa38c72e77d079bd39544aa88b4b398faeb8fbe9113e5a,2023-01,Norfolk Constabulary,Norfolk Constabulary,1.109777,52.375049,On or near ,E01026891,South Norfolk 015D,Unable to prosecute suspect
5915e161504f25ee535c6ac3a41a2261e8a8a14708f95fb94b4e56eda80df77c,2023-01,Norfolk Constabulary,Norfolk Constabulary,0.931521,52.686860,On or near Girling Road,E01026428,Breckland 003A,Unable to prosecute suspect
5915e161504f25ee535c6ac3a41a2261e8a8a14708f95fb94b4e56eda80df77c,2023-01,Norfolk Constabulary,Norfolk Constabulary,0.931521,52.686860,On or near Girling Road,E01026428,Breckland 003A,Unable to prosecute suspect
5d62fd44aaa0fa8e44875adcf2f4536e46f538ed54e2167ed2d217b984190d5d,2023-01,Norfolk Constabulary,Norfolk Constabulary,0.437310,52.747027,On or near Isabella Close,E01026662,King's Lynn and West Norfolk 010A,Unable to prosecute suspect
ab728e73b77824f80141c97d5ced2eeb2eeea3ca16f46af1b8a7af486335d3c5,2023-01,Norfolk Constabulary,Norfolk Constabulary,1.310914,52.918869,On or near Lynewood Close,E01026779,North Norfolk 003F,Unable to prosecute suspect
d932cd9f3a10a1013902e2f2e5221a4d0d5bac04a778b62e85f7c133940b84fd,2023-01,Norfolk Constabulary,Norfolk Constabulary,1.727129,52.637216,On or near ,E01026593,Great Yarmouth 003E,Local resolution
7e77634bdd0f115428ebc87f79dc8c90072213bb01987df4e06a41d2fc3b8119,2023-01,Norfolk Constabulary,Norfolk Constabulary,1.224737,52.803969,On or near Silvergate Lane,E01026502,Broadland 001D,Suspect charged
86dad06ae9baaa44409b8d03ecfacad54a7a40956daf270cced42a47ac8d42f2,2023-01,Norfolk Constabulary,Norfolk Constabulary,1.280265,52.627603,On or near Neville Street,E01026835,Norwich 009A,Investigation complete; no suspect identified
4972f3737aeaa8a3ee82ebff1e3c024e34c70120508c5745fc7b445c2f619cc3,2023-01,Norfolk Constabulary,Norfolk Constabulary,1.378958,52.824488,On or near Heather Close,E01026761,North Norfolk 010I,Investigation complete; no suspect identified
3557a66789141e04ff9457aa5d610cab63e7ccbc5df6e52d313869738bed2bde,2023-01,Norfolk Constabulary,Norfolk Constabulary,1.288693,52.622917,On or near St Stephens Road,E01033434,Norwich 011G,Unable to prosecute suspect
75f6b5e78cb7ede06d7a4ddade6b5204ffd12acdee09f522cbbe217e2fabdfc0,2023-01,Norfolk Constabulary,Norfolk Constabulary,1.141820,52.404338,On or near Rectory Road,E01026874,South Norfolk 014B,Unable to prosecute suspect
13d9a1b92280be18db57eb2a3d10d669f1f37793201466a9f99b6a1bb8c44fa4,2023-01,Norfolk Constabulary,Norfolk Constabulary,1.141820,52.404338,On or near Rectory Road,E01026874,South Norfolk 014B,Unable to prosecute suspect
135fbed08e6658c2dae1c623bced7cf4b26498fceeda0fc9360d0e85a6597be8,2023-01,Norfolk Constabulary,Norfolk Constabulary,1.266378,52.608444,On or near Bradeham Way,E01026812,Norwich 012C,Action to be taken by another organisation
d3fea5a19074aba64dd58abe967b041063e45953d3f30d34affeca2a77f8648d,2023-01,Norfolk Constabulary,Norfolk Constabulary,1.322509,52.661356,On or near Church View Close,E01026554,Broadland 012B,Action to be taken by another organisation
9282a00c387198942eea00c87fd458966b18108734c83dc71be0b3a4a634c61e,2023-01,Norfolk Constabulary,Norfolk Constabulary,1.277089,52.629013,On or near West Parade,E01026837,Norwich 009C,Action to be taken by another organisation
9c2c12dbc80b1d0f89f5d1a24693cbba8b8ea951c4f56a8f716f4c22202a0ac7,2023-01,Norfolk Constabulary,Norfolk Constabulary,1.258931,52.609827,On or near Cranleigh Rise,E01026813,Norwich 012D,Action to be taken by another organisation
33bd3b77d9cd9615e2835d0d58311955fe19c82c09ad50b380feb65f224e1b7e,2023-01,Norfolk Constabulary,Norfolk Constabulary,0.746609,52.420971,On or near ,E01026466,Breckland 015B,Action to be taken by another organisation
33bb8518ff6d9e93a33bc08de72440fb7409ed18fd259365aa3c1c8300cb2cc9,2023-01,Norfolk Constabulary,Norfolk Constabulary,1.283918,52.631378,On or near Valentine Street,E01026824,Norwich 007C,Unable to prosecute suspect
caded0f9a0fb30a5cb87761b87e760ebb03d3d7bf663500baa1323c544a54035,2023-01,Norfolk Constabulary,Norfolk Constabulary,1.263417,52.668702,On or near Saracen Road,E01026527,Broadland 010B,Action to be taken by another organisation
2dc48ffa753c4b7bc800162803ec3286c20a891910f1f14cad2817146f5e92de,2023-01,Norfolk Constabulary,Norfolk Constabulary,1.046276,52.457707,On or near Andrew's Furlong,E01026435,Breckland 013B,Unable to prosecute suspect
b5321c6331e0b1fa89d005ffa34453cbfa95ce72076b8ea4b34a16c104f35ab4,2023-01,Norfolk Constabulary,Norfolk Constabulary,0.486955,52.938337,On or near Le Strange Terrace,E01026683,King's Lynn and West Norfolk 001D,Unable to prosecute suspect
ce5794c9cc911a8eec39b03dbfb8537678b178205c6b4f0b90c844a149f5011d,2023-01,Norfolk Constabulary,Norfolk Constabulary,1.258931,52.609827,On or near Cranleigh Rise,E01026813,Norwich 012D,Action to be taken by another organisation
926109c11bab988e48b3c8c6a059e70f504c439627631c122af8e0db4eb0d2b7,2023-01,Norfolk Constabulary,Norfolk Constabulary,1.275150,52.654087,On or near Cossgrove Close,E01026832,Norwich 002E,Action to be taken by another organisation
bdefbfe118c07e6fac188a12381da8188d8479fb5c0b929e85c91ab9bf6e820d,2023-01,Norfolk Constabulary,Norfolk Constabulary,1.114997,52.374677,On or near Skelton Road,E01026888,South Norfolk 015A,Further investigation is not in the public interest
b01cb684a78fb3c585fcd1d7aca97cf72ffc4e01ea66d7c1e0072e329b1a7f85,2023-01,Norfolk Constabulary,Norfolk Constabulary,1.469578,52.856209,On or near Paston Road,E01026752,North Norfolk 007D,Unable to prosecute suspect
c56a0d4af4cf6f29c7eed59bf57df2ee4d01b569603250b7f89568eebdd75550,2023-01,Norfolk Constabulary,Norfolk Constabulary,0.820825,52.564614,On or near Malthouse Close,E01026490,Breckland 009E,Unable to prosecute suspect
8e9f1f704206974e6c55b100fcf97903ea260dee57c5722fd18a8f303aa62b82,2023-01,Norfolk Constabulary,Norfolk Constabulary,1.107725,52.908444,On or near Orchard Close,E01026742,North Norfolk 004B,Unable to prosecute suspect
b9d2fcf2ea401f64807df996ddee78ab17cb27228a357723ea303c5aecb2ea4d,2023-01,Norfolk Constabulary,Norfolk Constabulary,1.282711,52.658284,On or near Jupiter Road,E01026530,Broadland 011A,Suspect charged
69c94625f8afbaff5b45dad63f2bb19576f45d83f976e38ceb04e7e49c771203,2023-01,Norfolk Constabulary,Norfolk Constabulary,0.733425,52.409861,On or near St Martin's Way,E01026476,Breckland 017C,Unable to prosecute suspect
d47f077b93f492bbd6490d391f4fccbd4eeb8ea41ab2e064e629b53175b3bac5,2023-01,Norfolk Constabulary,Norfolk Constabulary,0.402102,52.753734,On or near Waterloo Street,E01026698,King's Lynn and West Norfolk 011A,Unable to prosecute suspect
d47f077b93f492bbd6490d391f4fccbd4eeb8ea41ab2e064e629b53175b3bac5,2023-01,Norfolk Constabulary,Norfolk Constabulary,0.402102,52.753734,On or near Waterloo Street,E01026698,King's Lynn and West Norfolk 011A,Unable to prosecute suspect
d47f077b93f492bbd6490d391f4fccbd4eeb8ea41ab2e064e629b53175b3bac5,2023-01,Norfolk Constabulary,Norfolk Constabulary,0.402102,52.753734,On or near Waterloo Street,E01026698,King's Lynn and West Norfolk 011A,Unable to prosecute suspect
c2c796c1094f604b5bfddd17ad03df64e51363d5b534bac718c2703a3d0f50ef,2023-01,Norfolk Constabulary,Norfolk Constabulary,1.722668,52.539838,On or near The Laurels,E01026588,Great Yarmouth 013D,Unable to prosecute suspect
212d98ac199ba638dd003dff4dc98c5302dd398446ee0fc604d4928dbe74eb9a,2023-01,Norfolk Constabulary,Norfolk Constabulary,1.296030,52.627613,On or near ,E01026822,Norwich 007A,Local resolution
4da70f8aa72ae1aff2cc66c481b534f1353d84db1bc986a2ba55faf13f673485,2023-01,Norfolk Constabulary,Norfolk Constabulary,1.282711,52.658284,On or near Jupiter Road,E01026530,Broadland 011A,Suspect charged
4da70f8aa72ae1aff2cc66c481b534f1353d84db1bc986a2ba55faf13f673485,2023-01,Norfolk Constabulary,Norfolk Constabulary,1.282711,52.658284,On or near Jupiter Road,E01026530,Broadland 011A,Suspect charged
769ad9a79f082fd671ad8d33067622627846a285ce016002308fcdff29ad0da2,2023-01,Norfolk Constabulary,Norfolk Constabulary,1.292739,52.648050,On or near Rectory Court,E01026843,Norwich 003C,Unable to prosecute suspect
2c170ab60fbeaab9af4e9127ae39de0d913351128acedc6c3f4a3031e4df0999,2023-01,Norfolk Constabulary,Norfolk Constabulary,1.292367,52.626970,On or near William Booth Street,E01026822,Norwich 007A,Investigation complete; no suspect identified
d5489b27cc6df84721d981b258483303902658ed2b1cbbb03213681a67aa3ca6,2023-01,Norfolk Constabulary,Norfolk Constabulary,1.296619,52.610609,On or near Mansfield Lane,E01026819,Norwich 013D,Unable to prosecute suspect
16265088ff49d8954c1114b006366d9d279d32b1cfc9278667c5f2ee5b13bfa0,2023-01,Norfolk Constabulary,Norfolk Constabulary,,,No location,,,Investigation complete; no suspect identified
2fb2bbc01b0b1d67d8304afaf4e8c7865d8027436e7822f71de342412b090b4f,2023-01,Norfolk Constabulary,Norfolk Constabulary,0.577467,52.545895,On or near West End,E01026651,King's Lynn and West Norfolk 019D,Local resolution
2c3160b56b417dd63368059ee243be07ce80375ce93b3eeeb9f6603ec0f2cf6c,2023-01,Norfolk Constabulary,Norfolk Constabulary,1.235042,52.635863,On or near Freshfield Close,E01026796,Norwich 005F,Investigation complete; no suspect identified
17d6d23076d0b95a4e3af2850d73ba77555cb59e4f861cb249b4b5511f4af8cc,2023-01,Norfolk Constabulary,Norfolk Constabulary,0.439477,52.767780,On or near EARSHAM DRIVE,E01026673,King's Lynn and West Norfolk 006E,Suspect charged
fd5f9b1b0f62f15069cbd402a3eb9b58f0150a42092e920a85299cacf7710fb8,2023-01,Norfolk Constabulary,Norfolk Constabulary,0.745029,52.416751,On or near Abbey Green,E01026465,Breckland 015A,Unable to prosecute suspect
68c4b7b9b1bfaf4d2bfd786cc929c35edf56ea2b9b2116c3ac49be97e1e01ed3,2023-01,Norfolk Constabulary,Norfolk Constabulary,1.712357,52.566040,On or near St Antony's Avenue,E01026617,Great Yarmouth 011A,Unable to prosecute suspect
5d897470377eba55ece763ce53df19e66438226e701b27d269ab08b01899179d,2023-01,Norfolk Constabulary,Norfolk Constabulary,0.538779,52.522155,On or near Hythe Views Close,E01026651,King's Lynn and West Norfolk 019D,Unable to prosecute suspect
c4915450531e2abbd0145296123d845838185b7187eddfe787934556c9a0fbaa,2023-01,Norfolk Constabulary,Norfolk Constabulary,1.299696,52.667777,On or near Lindley Close,E01026544,Broadland 009E,Unable to prosecute suspect
9e2ad7a04840b749bae28c8dd36c5a7562aa0e95bf4b45e2b74149ccccd9ab23,2023-01,Norfolk Constabulary,Norfolk Constabulary,1.295157,52.629690,On or near ,E01026822,Norwich 007A,Suspect charged
ad7cfcd1c76e62c4d11e6755fdf25fd05ea96182449dd5d2d93c87f0bc4ed905,2023-01,Norfolk Constabulary,Norfolk Constabulary,0.921570,52.500631,On or near Westgate,E01026491,Breckland 010E,Unable to prosecute suspect
d3c5c45b56037eb2ed846fae1544368ae3d88a3f9e991967961d480bf1b17999,2023-01,Norfolk Constabulary,Norfolk Constabulary,1.312183,52.627901,On or near Hill House Road,E01026850,Norwich 015C,Unable to prosecute suspect
d3c5c45b56037eb2ed846fae1544368ae3d88a3f9e991967961d480bf1b17999,2023-01,Norfolk Constabulary,Norfolk Constabulary,1.312183,52.627901,On or near Hill House Road,E01026850,Norwich 015C,Unable to prosecute suspect
d08352c0cfbe552fa0e65b6b7b0b3e0355bdf3af5dfac35025cf3611ec4d4296,2023-01,Norfolk Constabulary,Norfolk Constabulary,1.734252,52.616936,On or near Great Northern Close,E01026595,Great Yarmouth 005A,Investigation complete; no suspect identified
562afe35e8a4a9bff1857cb5649897c966cd722ad4a62c2dfa60344bb6be8773,2023-01,Norfolk Constabulary,Norfolk Constabulary,1.291049,52.627726,On or near ,E01026822,Norwich 007A,Unable to prosecute suspect
562afe35e8a4a9bff1857cb5649897c966cd722ad4a62c2dfa60344bb6be8773,2023-01,Norfolk Constabulary,Norfolk Constabulary,1.291049,52.627726,On or near ,E01026822,Norwich 007A,Unable to prosecute suspect
1fc2638b8911527be4cab4cf2cce353d53ea6b6ccdf1086460598e0297e0860a,2023-01,Norfolk Constabulary,Norfolk Constabulary,0.405658,52.747529,On or near Goodwins Road,E01026667,King's Lynn and West Norfolk 009B,Investigation complete; no suspect identified
a6727cbf59124e1f389034d645f5fc49b7da18d2e3447b8c9fc06e7dc07ccebe,2023-01,Norfolk Constabulary,Norfolk Constabulary,1.311630,52.629778,On or near Guelph Road,E01026850,Norwich 015C,Unable to prosecute suspect
5ba9dc00b003321b1062e6969d3bad838e9b72e3d3038f9b298bc1733285827d,2023-01,Norfolk Constabulary,Norfolk Constabulary,1.295166,52.628421,On or near Castle Meadow,E01026822,Norwich 007A,Investigation complete; no suspect identified
3497384b73ef9dadc9486a5d0f2631d7982008e33056a30eec8a3305e7b101d4,2023-01,Norfolk Constabulary,Norfolk Constabulary,0.472349,52.679411,On or near Church Lane,E01026643,King's Lynn and West Norfolk 014B,Unable to prosecute suspect
05855c8697a672bf8ebd2e16f6ba04ef5507b613d9ce2f3d443402136c56d4c1,2023-01,Norfolk Constabulary,Norfolk Constabulary,0.472349,52.679411,On or near Church Lane,E01026643,King's Lynn and West Norfolk 014B,Unable to prosecute suspect
fe29233f308e9d5bdd6457f6de88e5f5fd692f5efa22ed6f1dd20e9ed1c6c41c,2023-01,Norfolk Constabulary,Norfolk Constabulary,0.940092,52.681162,On or near ,E01026426,Breckland 005B,Investigation complete; no suspect identified
175fd6fbe1ead9ef4a34c34a6afc7cf45e34e5c87776abc154da9755da31cd20,2023-01,Norfolk Constabulary,Norfolk Constabulary,0.419677,52.752909,On or near Bagge Road,E01026666,King's Lynn and West Norfolk 009A,Local resolution
f1ec9fee4ca6909b88bc73e3c9125e6315fd2dcebf66ba40129819d7379c504a,2023-01,Norfolk Constabulary,Norfolk Constabulary,0.398286,52.755475,On or near George Yard,E01026698,King's Lynn and West Norfolk 011A,Offender given a caution
02d0a0b24578051afad12e1e6158b68b4fea60eb79fd31c2492ed152e3424352,2023-01,Norfolk Constabulary,Norfolk Constabulary,1.326681,52.635670,On or near Supple Close,E01026808,Norwich 004F,Unable to prosecute suspect
02d0a0b24578051afad12e1e6158b68b4fea60eb79fd31c2492ed152e3424352,2023-01,Norfolk Constabulary,Norfolk Constabulary,1.326681,52.635670,On or near Supple Close,E01026808,Norwich 004F,Unable to prosecute suspect
02d0a0b24578051afad12e1e6158b68b4fea60eb79fd31c2492ed152e3424352,2023-01,Norfolk Constabulary,Norfolk Constabulary,1.326681,52.635670,On or near Supple Close,E01026808,Norwich 004F,Unable to prosecute suspect
0f137c6c2ffcd80c1a146a26743157cc154b9d7c6d1ad791ed00f39afbe0989e,2023-01,Norfolk Constabulary,Norfolk Constabulary,1.206388,52.645878,On or near Highfields,E01026925,South Norfolk 001F,Investigation complete; no suspect identified
9a301e572677837bc35b83eeac52a6477b78a86f514403ee78b0e3eae716d8f8,2023-01,Norfolk Constabulary,Norfolk Constabulary,1.383448,52.814826,On or near Rayna Loke,E01026760,North Norfolk 010H,Unable to prosecute suspect
37bde54ee44124ad94fb1e9f52d3433ea2b54d22fd12118c7a7d3d10c44f612b,2023-01,Norfolk Constabulary,Norfolk Constabulary,1.697724,52.672483,On or near Bracecamp Close,E01026628,Great Yarmouth 001E,Offender given a caution
484231e3a98aa7f8191c46692b432707dce01d589b2f6fbb59be0c9d5eb8997a,2023-01,Norfolk Constabulary,Norfolk Constabulary,0.829869,52.737613,On or near Burghwood Drive,E01026462,Breckland 002D,Suspect charged
82cfd3b711e9538e78c998ea8a1b42d3d403ae73eb0a97ec9afd661fd2ebb02f,2023-01,Norfolk Constabulary,Norfolk Constabulary,1.721303,52.650831,On or near Ellison Close,E01026590,Great Yarmouth 003B,Unable to prosecute suspect
b707ba7449fb105986977d0bc802bb91d6ad69bdc3835fbc7e2bbe58972f1b04,2023-01,Norfolk Constabulary,Norfolk Constabulary,1.721303,52.650831,On or near Ellison Close,E01026590,Great Yarmouth 003B,Unable to prosecute suspect
dbb15da0eafaf793df42d30cdbeb88b558c94aa1acc8cd16d465168dcfc29348,2023-01,Norfolk Constabulary,Norfolk Constabulary,1.213043,52.687005,On or near Acres Way,E01026519,Broadland 007B,Investigation complete; no suspect identified
62720a3170e36c9ced218159d310366f4ac98d7e0f439b024f5fecf1a28298a6,2023-01,Norfolk Constabulary,Norfolk Constabulary,1.313067,52.648787,On or near Moorland Close,E01026802,Norwich 001F,Local resolution
9c888b561133a39329f5f21b7a4ff12ac1620664d77ffca7796c04fab84134bd,2023-01,Norfolk Constabulary,Norfolk Constabulary,1.131129,52.577394,On or near Turner Close,E01026933,South Norfolk 007C,Offender given a caution
081a390986d3c1d6728e17a56879345199084291e18d091a969186b826a656ce,2023-01,Norfolk Constabulary,Norfolk Constabulary,1.191731,52.645825,On or near Babylon Drive,E01026883,South Norfolk 002C,Unable to prosecute suspect
646dbb0086c4eeb1e0d937138cbab1e76acf68c78fcc9e49029d770cc4e7029c,2023-01,Norfolk Constabulary,Norfolk Constabulary,1.014524,52.753555,On or near Old Fakenham Road,E01026436,Breckland 001A,Unable to prosecute suspect
efa4c809f604581e7ae18da5c66a3992ea0173908a889a1d23b080719b5b2191,2023-01,Norfolk Constabulary,Norfolk Constabulary,1.191731,52.645825,On or near Babylon Drive,E01026883,South Norfolk 002C,Unable to prosecute suspect
f99a608d239ae3947cd9dd392096b3661c11e30891fcf46ddffeabd3df895937,2023-01,Norfolk Constabulary,Norfolk Constabulary,1.247751,52.605485,On or near The Loke,E01026882,South Norfolk 002B,Investigation complete; no suspect identified
64e68b3b5af6b805dec6383f187e674a6feaa157b93b78dd1fd82c573de3610b,2023-01,Norfolk Constabulary,Norfolk Constabulary,1.297591,52.401216,On or near Malthouse Court,E01026900,South Norfolk 013B,Investigation complete; no suspect identified
d612815246d998fc4d285fc928b1432077c000ed347152cf19efa193b311dcb5,2023-01,Norfolk Constabulary,Norfolk Constabulary,1.309289,52.623252,On or near Koblenz Avenue,E01033441,Norwich 014D,Suspect charged
83ab45ec1e86aacc5143800c33ab1368a0db820bbf037aba4a9a349718983367,2023-01,Norfolk Constabulary,Norfolk Constabulary,1.239437,52.695486,On or near Coltsfoot Road,E01026536,Broadland 004D,Unable to prosecute suspect
2adfaa94f1828bfd4e6b3694d4d2b20a1e5cb7dbba30ce5e84a7ef21609e13ea,2023-01,Norfolk Constabulary,Norfolk Constabulary,1.288901,52.650513,On or near Riddlings Court,E01026800,Norwich 001D,Unable to prosecute suspect
1450fb46feb1ad5da1d21aea121214a5efb0a09b279cd826a2dd9969be9ae3d1,2023-01,Norfolk Constabulary,Norfolk Constabulary,1.239437,52.695486,On or near Coltsfoot Road,E01026536,Broadland 004D,Unable to prosecute suspect
f9c3419d67957061ad8997e8b106c691e2600f42b34c5ea6c26bc5b66744d5f0,2023-01,Norfolk Constabulary,Norfolk Constabulary,1.491824,52.844962,On or near Ridlington Road,E01026752,North Norfolk 007D,Unable to prosecute suspect
7862db9ce6a7af86a42f385456885cda74ff03cf82e5c883766f8039f7772f51,2023-01,Norfolk Constabulary,Norfolk Constabulary,1.410385,52.713144,On or near Newey's Way,E01026744,North Norfolk 014A,Investigation complete; no suspect identified
27343c819eae0f30796d62f292cb140eaff3758c4798c5b8ab404787dd3a294d,2023-01,Norfolk Constabulary,Norfolk Constabulary,1.237882,52.638285,On or near Peto Court,E01026793,Norwich 005C,Unable to prosecute suspect
27343c819eae0f30796d62f292cb140eaff3758c4798c5b8ab404787dd3a294d,2023-01,Norfolk Constabulary,Norfolk Constabulary,1.237882,52.638285,On or near Peto Court,E01026793,Norwich 005C,Unable to prosecute suspect
4facc224628f708463bf79c705b12f203e7fa1c3abce4efe9135639f1df45c38,2023-01,Norfolk Constabulary,Norfolk Constabulary,1.410385,52.713144,On or near Newey's Way,E01026744,North Norfolk 014A,Investigation complete; no suspect identified
32a14a6a5617409dba39bdeeccd14879167cc9601349a990b005edc7f862f2eb,2023-01,Norfolk Constabulary,Norfolk Constabulary,1.295841,52.632692,On or near Friars Quay,E01026823,Norwich 007B,Unable to prosecute suspect
13bf3542345d4ee90fd3c07b969b7d03c18234b3f9cfbd684299ffce6374c79c,2023-01,Norfolk Constabulary,Norfolk Constabulary,1.726002,52.540183,On or near HOPTON GARDENS,E01026588,Great Yarmouth 013D,Unable to prosecute suspect
59392d296b64846c330ef4b75ca9054373d4e9d003307cccb1d532e7f651276f,2023-01,Norfolk Constabulary,Norfolk Constabulary,1.277392,52.648674,On or near Knights Road,E01026834,Norwich 002G,Investigation complete; no suspect identified
c3ad031269468186fc54c951c5108f764b5172c83af61091e54cc6b8686247c5,2023-01,Norfolk Constabulary,Norfolk Constabulary,0.805769,52.570565,On or near Peddars Court,E01026489,Breckland 009D,Investigation complete; no suspect identified
a3511bf3b592957c5b2b9731d99a4981e8a059172cce2b8780ac900d80c69008,2023-01,Norfolk Constabulary,Norfolk Constabulary,1.337845,52.903968,On or near Church Street,E01026762,North Norfolk 005A,Unable to prosecute suspect
bd55b2a45b7bdb3a3a47bb630c04486cdfa6af9de2992c42ffc83e1586e32a5d,2023-01,Norfolk Constabulary,Norfolk Constabulary,0.848785,52.830142,On or near Norwich Street,E01026747,North Norfolk 011C,Investigation complete; no suspect identified
b1cc4e690fc78014e1f08b1d27884b36a832cbb31b21e47d065b5ebe47d7aed9,2023-01,Norfolk Constabulary,Norfolk Constabulary,1.728198,52.602223,On or near Clarendon Close,E01026625,Great Yarmouth 006D,Local resolution
b1cc4e690fc78014e1f08b1d27884b36a832cbb31b21e47d065b5ebe47d7aed9,2023-01,Norfolk Constabulary,Norfolk Constabulary,1.728198,52.602223,On or near Clarendon Close,E01026625,Great Yarmouth 006D,Local resolution
dc362544890df2e1c5073b5cee9df0e1471b163fd9bf1147a498fa02323fd46e,2023-01,Norfolk Constabulary,Norfolk Constabulary,1.728079,52.603953,On or near Townshend Close,E01026625,Great Yarmouth 006D,Investigation complete; no suspect identified
2161628092758a716447843834813197da3380afd0ada1fd88b57eed0a175409,2023-01,Norfolk Constabulary,Norfolk Constabulary,1.296975,52.637535,On or near Magdalen Close,E01026826,Norwich 007E,Unable to prosecute suspect
aa87d24e4d5681b47e6880bfcc0ced4754538c69d153acc88592d9471e89a4ea,2023-01,Norfolk Constabulary,Norfolk Constabulary,0.394469,52.754796,On or near Purfleet,E01026698,King's Lynn and West Norfolk 011A,Suspect charged
e9e0e6b12a40b137132f9c7dec13e83fa0b7511e3b9000311cae89fd1635b077,2023-01,Norfolk Constabulary,Norfolk Constabulary,1.730059,52.607075,On or near ,E01026623,Great Yarmouth 006B,Unable to prosecute suspect
91fe520d344e58e06fc019ae4ade82e1c67faa19499a6589cafe2026e632e7f9,2023-01,Norfolk Constabulary,Norfolk Constabulary,1.352141,52.635141,On or near Laundry Lane,E01026575,Broadland 016B,Unable to prosecute suspect
6b00da2b1170ebab2405cb2eead035a201b53c60099fe6a5423da122b6561824,2023-01,Norfolk Constabulary,Norfolk Constabulary,1.324302,52.814134,On or near Aylsham Road,E01026789,North Norfolk 012D,Unable to prosecute suspect
701479b5f2e832e3b970fb0137fafef42debe07cf7e2579b4435c961977f824d,2023-01,Norfolk Constabulary,Norfolk Constabulary,0.740799,52.405464,On or near Staniforth Road,E01026477,Breckland 017D,Local resolution
6d133bd675e7bd17cc380bd4e779d23fe3f6dbebb0ffac0412143b2abede6fe5,2023-01,Norfolk Constabulary,Norfolk Constabulary,1.301341,52.621324,On or near Foulgers Opening,E01026822,Norwich 007A,Unable to prosecute suspect
dcbd245d354904424d6ceedcc4dfbaf71df9880a8c28dbd273eacdd19d37d18f,2023-01,Norfolk Constabulary,Norfolk Constabulary,0.723880,52.652538,On or near ,E01026455,Breckland 007A,Suspect charged
69f1bd1bd06bccf74672cfcc7ec1157ee0f302c019e5d6c1937774f9ca5e7ec1,2023-01,Norfolk Constabulary,Norfolk Constabulary,1.337845,52.903968,On or near Church Street,E01026762,North Norfolk 005A,Action to be taken by another organisation
bd94da97e81320ed1b22182d72fdc4984a0414ee752f8723cfda81ea4413146b,2023-01,Norfolk Constabulary,Norfolk Constabulary,1.233899,52.636191,On or near Rolleston Close,E01026793,Norwich 005C,Unable to prosecute suspect
bd94da97e81320ed1b22182d72fdc4984a0414ee752f8723cfda81ea4413146b,2023-01,Norfolk Constabulary,Norfolk Constabulary,1.233899,52.636191,On or near Rolleston Close,E01026793,Norwich 005C,Unable to prosecute suspect
955781bffc2f5cce67c0c91314f1b09e4754d9d6f8ee763ce64919e4095e3ded,2023-01,Norfolk Constabulary,Norfolk Constabulary,0.941158,52.681622,On or near ,E01026426,Breckland 005B,Local resolution
955781bffc2f5cce67c0c91314f1b09e4754d9d6f8ee763ce64919e4095e3ded,2023-01,Norfolk Constabulary,Norfolk Constabulary,0.941158,52.681622,On or near ,E01026426,Breckland 005B,Local resolution
cce7448ae4cde0ef1d45f252b53f6d7b3664afcaa26be1a46dd3820355a58ca1,2023-01,Norfolk Constabulary,Norfolk Constabulary,1.726106,52.607676,On or near ,E01026597,Great Yarmouth 005C,Investigation complete; no suspect identified
fd153f495c78a7fb91a3fdb6f915792a864fe4f8d320da5c0400daae75f19de7,2023-01,Norfolk Constabulary,Norfolk Constabulary,1.288765,52.631954,On or near Westwick Street,E01026822,Norwich 007A,Suspect charged
fd153f495c78a7fb91a3fdb6f915792a864fe4f8d320da5c0400daae75f19de7,2023-01,Norfolk Constabulary,Norfolk Constabulary,1.288765,52.631954,On or near Westwick Street,E01026822,Norwich 007A,Suspect charged
87a1dff56bb10db1193907e2c4554e691a9f992aae12c91ebbe7c8b178f9f65c,2023-01,Norfolk Constabulary,Norfolk Constabulary,1.305220,52.661390,On or near Burma Road,E01026543,Broadland 009D,Further investigation is not in the public interest
87a1dff56bb10db1193907e2c4554e691a9f992aae12c91ebbe7c8b178f9f65c,2023-01,Norfolk Constabulary,Norfolk Constabulary,1.305220,52.661390,On or near Burma Road,E01026543,Broadland 009D,Further investigation is not in the public interest
843a0838b6618e009f501e0a59f1a7a178b8edf9128862892ee8729acc5a0409,2023-01,Norfolk Constabulary,Norfolk Constabulary,1.488261,52.478072,On or near FLORENCE WAY,E01026898,South Norfolk 010A,Suspect charged
ae2696df3b7d98d0ecf7cc4e6e34b2e6b8496f61edc5d09688fb507792395a5e,2023-01,Norfolk Constabulary,Norfolk Constabulary,1.289999,52.635598,On or near Talbot Square,E01026823,Norwich 007B,Unable to prosecute suspect
3f34adc14a75403ba775e29a8af31ce691013cbddc8c34f8ce288288a3301b25,2023-01,Norfolk Constabulary,Norfolk Constabulary,,,No location,,,Suspect charged
0e9eae75b9443850218bac1a4b0d0090b36e6d31d81d0b21adc1be4e9f3d7752,2023-01,Norfolk Constabulary,Norfolk Constabulary,1.108868,52.376539,On or near Market Place,E01026891,South Norfolk 015D,Suspect charged
0e9eae75b9443850218bac1a4b0d0090b36e6d31d81d0b21adc1be4e9f3d7752,2023-01,Norfolk Constabulary,Norfolk Constabulary,1.108868,52.376539,On or near Market Place,E01026891,South Norfolk 015D,Suspect charged
0e9eae75b9443850218bac1a4b0d0090b36e6d31d81d0b21adc1be4e9f3d7752,2023-01,Norfolk Constabulary,Norfolk Constabulary,1.108868,52.376539,On or near Market Place,E01026891,South Norfolk 015D,Suspect charged
0e9eae75b9443850218bac1a4b0d0090b36e6d31d81d0b21adc1be4e9f3d7752,2023-01,Norfolk Constabulary,Norfolk Constabulary,1.108868,52.376539,On or near Market Place,E01026891,South Norfolk 015D,Suspect charged
0e9eae75b9443850218bac1a4b0d0090b36e6d31d81d0b21adc1be4e9f3d7752,2023-01,Norfolk Constabulary,Norfolk Constabulary,1.108868,52.376539,On or near Market Place,E01026891,South Norfolk 015D,Suspect charged
a00b3d3719739709d925fab9ea14ddd97b84b983e3ec7950d7b57d3c30c7ee1a,2023-01,Norfolk Constabulary,Norfolk Constabulary,0.938569,52.674132,On or near Gilpin's Ride,E01026425,Breckland 005A,Suspect charged
239c111c0c5c152d63c7671b362091a87bbc59ae741347f450669d26cc9c02ac,2023-01,Norfolk Constabulary,Norfolk Constabulary,0.743983,52.406316,On or near Queensway,E01026475,Breckland 017B,Unable to prosecute suspect
8ced87c9557d19d19da3de46fe7376d1320ffb15c29a1e252df7ab270ca17a5b,2023-01,Norfolk Constabulary,Norfolk Constabulary,1.125684,52.369125,On or near Clement Gardens,E01033539,South Norfolk 015G,Unable to prosecute suspect
016ea9c479a524400b39980d5ecb260e5f758af15ccf68a0521b89a93fcac36a,2023-01,Norfolk Constabulary,Norfolk Constabulary,1.119777,52.560769,On or near Silfield Road,E01026884,South Norfolk 007A,Unable to prosecute suspect
abecdeb3b6b6084d5b30dba3b843877b893d3536f18e096106431830bff673f2,2023-01,Norfolk Constabulary,Norfolk Constabulary,1.125684,52.369125,On or near Clement Gardens,E01033539,South Norfolk 015G,Unable to prosecute suspect
2ee3f7ec8e0a7eeba0c777a18d6ad8d5666187702d5f8c2471f6b1c3c94ec845,2023-01,Norfolk Constabulary,Norfolk Constabulary,1.268738,52.620295,On or near ,E01026838,Norwich 009D,Investigation complete; no suspect identified
34b761f8986e986f7ab2e95503d6b6f5d4f35571fa76e8d8354d9154762e14db,2023-01,Norfolk Constabulary,Norfolk Constabulary,0.909857,52.469876,On or near Watton Road,E01026440,Breckland 014B,Unable to prosecute suspect
34b761f8986e986f7ab2e95503d6b6f5d4f35571fa76e8d8354d9154762e14db,2023-01,Norfolk Constabulary,Norfolk Constabulary,0.909857,52.469876,On or near Watton Road,E01026440,Breckland 014B,Unable to prosecute suspect
31b27553af6e399b946a3f29ebcdb1ef854e08cd2e0810de8ee5c707476fa479,2023-01,Norfolk Constabulary,Norfolk Constabulary,1.319237,52.637318,On or near Knox Close,E01026806,Norwich 004D,Action to be taken by another organisation
fdf338ba8f27401cf6bde1ce51a2fc18fd10d7139e05b8bb0e572f20833d4e5c,2023-01,Norfolk Constabulary,Norfolk Constabulary,1.239661,52.369776,On or near Church Road,E01026935,South Norfolk 014F,Unable to prosecute suspect
464516e73924c0a08542a05f29712e28f74ca632e0f59987c91f1a2532c8c890,2023-01,Norfolk Constabulary,Norfolk Constabulary,1.294939,52.633860,On or near Balderston Court,E01026826,Norwich 007E,Unable to prosecute suspect
11fa39e16e213dee361a368a6f6d60c8ec12249df6a0899d78be4f6a200cbbb0,2023-01,Norfolk Constabulary,Norfolk Constabulary,1.352356,52.639694,On or near HANSELL ROAD,E01026570,Broadland 015B,Suspect charged
e1e4bcca6fe79eda6aa1a8087d1815d80a5ea9f55b2d7b9e4748974b6e411946,2023-01,Norfolk Constabulary,Norfolk Constabulary,1.276956,52.652733,On or near Chambers Road,E01026832,Norwich 002E,Investigation complete; no suspect identified
50b97668fa635b1027f7c1f2a7ad9fd305ef8fde3b95562b3d8221c76f4dc60d,2023-01,Norfolk Constabulary,Norfolk Constabulary,0.551180,52.798412,On or near Wheatfields,E01026718,King's Lynn and West Norfolk 004D,Unable to prosecute suspect
6f3506af26e29ceb21e1b5e727bb97c94308fe572095fbd14b062f8cd0a64265,2023-01,Norfolk Constabulary,Norfolk Constabulary,1.216327,52.630617,On or near Bladewater Road,E01033435,Norwich 005G,Unable to prosecute suspect
560ebc34d7a82253b3391ae813da7c1b487eb37983163a4622bbecd56773b77b,2023-01,Norfolk Constabulary,Norfolk Constabulary,1.301095,52.629245,On or near ,E01033438,Norwich 014A,Suspect charged
c69f4625cf22df1987adc4ed789b147e68d8116c81f231d397eeb4144e6be4b2,2023-01,Norfolk Constabulary,Norfolk Constabulary,1.290986,52.628268,On or near ,E01026822,Norwich 007A,Suspect charged
03d51696ebb90078e15828f588aa0584a6b0e02aa50c0fd4f57f449c9df98aea,2023-01,Norfolk Constabulary,Norfolk Constabulary,1.284264,52.633041,On or near Lothian Street,E01026824,Norwich 007C,Investigation complete; no suspect identified
5f06e48ec7ed76ec935aa7d818b1d8f714666bd42c5051169bf2aef40f18ebeb,2023-01,Norfolk Constabulary,Norfolk Constabulary,1.726002,52.540183,On or near HOPTON GARDENS,E01026588,Great Yarmouth 013D,Unable to prosecute suspect
e5a5b6d087d4f740ed0f21ee05c43753e4b63bac7c146bdcd71b5b49c2baa594,2023-01,Norfolk Constabulary,Norfolk Constabulary,1.292313,52.625272,On or near St Stephens Street,E01026822,Norwich 007A,Unable to prosecute suspect
63ddb63fee935ec5236d893ae75483b1af9878a591a5d30ab51bd6bef62377d3,2023-01,Norfolk Constabulary,Norfolk Constabulary,1.730947,52.598763,On or near Pier Place,E01026625,Great Yarmouth 006D,Unable to prosecute suspect
da4eba19334e9e81bde017eb25a82de41866cf4c07d7130ceaa07a9bb9f878d0,2023-01,Norfolk Constabulary,Norfolk Constabulary,1.389716,52.824045,On or near ,E01026756,North Norfolk 010D,Unable to prosecute suspect
05f51bbfaa0dcfcc9a022b57e7c191d6da9310f41c14ab567b8563b17369bb15,2023-01,Norfolk Constabulary,Norfolk Constabulary,1.730947,52.598763,On or near Pier Place,E01026625,Great Yarmouth 006D,Unable to prosecute suspect
95438f167f34ed3091a73915116b00038ce509fcf326092a058762de6bc6dea9,2023-01,Norfolk Constabulary,Norfolk Constabulary,0.925973,52.678248,On or near Willow Road,E01026452,Breckland 004B,Unable to prosecute suspect
5d75aa10858fdb3ad1fca3150a0ec5dc750414bb4d8fc4a4d4025465fc374a3e,2023-01,Norfolk Constabulary,Norfolk Constabulary,1.283001,52.620521,On or near Eagle Walk,E01026855,Norwich 011D,Unable to prosecute suspect
0c6a6d650c4296697d985ae2461d21e9655928c8ac12d0120ddcb95a2fdf2ec7,2023-01,Norfolk Constabulary,Norfolk Constabulary,,,No location,,,Unable to prosecute suspect
b4d017ccbcf4e1b6e65e0418e866f63701d9547b334f2801e367666da3456ed2,2023-01,Norfolk Constabulary,Norfolk Constabulary,0.861793,52.830405,On or near Thorn Road,E01026749,North Norfolk 011E,Unable to prosecute suspect
d58e5447c0bb578816f906593f9c50bdcb97e14656b0aae1af1b2814b40348e0,2023-01,Norfolk Constabulary,Norfolk Constabulary,0.963567,52.856907,On or near North View,E01026729,North Norfolk 008A,Unable to prosecute suspect
31a3b2cd82786830f3bc5065487e9253c80283c71d96ce835d15863354a9477b,2023-01,Norfolk Constabulary,Norfolk Constabulary,1.730650,52.573740,On or near Limmer Road,E01026631,Great Yarmouth 010E,Investigation complete; no suspect identified
95fd8213753643a476c520dbb9639ef368446945d346cfe51f98b6cbaacf2d39,2023-01,Norfolk Constabulary,Norfolk Constabulary,1.730574,52.574228,On or near Pier Walk,E01026631,Great Yarmouth 010E,Unable to prosecute suspect
e4711cadcf993ad215176d020284db40e2ce40603e41940214535ab55f13b911,2023-01,Norfolk Constabulary,Norfolk Constabulary,1.729365,52.574770,On or near Back Pier Plain,E01026630,Great Yarmouth 010D,Unable to prosecute suspect
db6d93f92c9a079f0498502ea78ccf2d4a2e114c8aab5f9cc35b7b7cd738a58e,2023-01,Norfolk Constabulary,Norfolk Constabulary,1.729365,52.574770,On or near Back Pier Plain,E01026630,Great Yarmouth 010D,Unable to prosecute suspect
a1dd65d161bc408b2f031ecb1d00106e1b907918ae3e7c996eb9194db7afde98,2023-01,Norfolk Constabulary,Norfolk Constabulary,1.730574,52.574228,On or near Pier Walk,E01026631,Great Yarmouth 010E,Unable to prosecute suspect
a1dd65d161bc408b2f031ecb1d00106e1b907918ae3e7c996eb9194db7afde98,2023-01,Norfolk Constabulary,Norfolk Constabulary,1.730574,52.574228,On or near Pier Walk,E01026631,Great Yarmouth 010E,Unable to prosecute suspect
a1dd65d161bc408b2f031ecb1d00106e1b907918ae3e7c996eb9194db7afde98,2023-01,Norfolk Constabulary,Norfolk Constabulary,1.730574,52.574228,On or near Pier Walk,E01026631,Great Yarmouth 010E,Unable to prosecute suspect
db1edce49602a1401f2b7a86ee3d804ef34c1c1766a5fe78282e1806f759e020,2023-01,Norfolk Constabulary,Norfolk Constabulary,1.289551,52.669004,On or near Hurricane Way,E01026797,Norwich 001A,Investigation complete; no suspect identified
c7a5260f9620d1db4023c2c8214846a7eb72a50df0d5a6b3943280aba9103798,2023-01,Norfolk Constabulary,Norfolk Constabulary,1.394029,52.842386,On or near Trunch Road,E01026738,North Norfolk 007A,Suspect charged
9bbdfca2113f389b16b29f97642b0e0a86a0c7d9dc87c8cd541b7aeb41ede045,2023-01,Norfolk Constabulary,Norfolk Constabulary,0.411307,52.767448,On or near Woolstencroft Avenue,E01026690,King's Lynn and West Norfolk 007D,Unable to prosecute suspect
13538ec69a86414663fd5c2aa49ae034e49e9349aca5258a91eb6afa874d22f1,2023-01,Norfolk Constabulary,Norfolk Constabulary,0.399309,52.758718,On or near Lansdowne Street,E01026689,King's Lynn and West Norfolk 007C,Suspect charged
f83f85232823f1d66ac0c0de8ff330fb98be17362de452fa8039f2f1ea7d1cc8,2023-01,Norfolk Constabulary,Norfolk Constabulary,0.399309,52.758718,On or near Lansdowne Street,E01026689,King's Lynn and West Norfolk 007C,Suspect charged
c80ca0f75f4adce80d84b7ad7df98d5cb810e214b434afcdb37ebfbb4e4a217a,2023-01,Norfolk Constabulary,Norfolk Constabulary,0.399309,52.758718,On or near Lansdowne Street,E01026689,King's Lynn and West Norfolk 007C,Suspect charged
aa46edb830f5ec37c153652f41d3bc8cd4d6c259ff4b99d167970c60bf027a6c,2023-01,Norfolk Constabulary,Norfolk Constabulary,1.181643,52.662455,On or near Bahram Road,E01033538,South Norfolk 001G,Unable to prosecute suspect
9110c5bf345984981385b98f39c6228d92e9755e7cdceaa8d2395f0864d6128e,2023-01,Norfolk Constabulary,Norfolk Constabulary,1.064575,52.365690,On or near Wigwam Hill,E01030054,Mid Suffolk 002B,Unable to prosecute suspect
6fd2649634ab78145c25c454a7197875a45b1f0eaf90350342dc188041dbe5ea,2023-01,Norfolk Constabulary,Norfolk Constabulary,1.238522,52.649941,On or near Gunton Lane,E01026918,South Norfolk 001C,Unable to prosecute suspect
c9a2b62c3baf0f0e73ddf45f4cceb7c3b5b75c476645d2bf23cd6ed8155bdbc4,2023-01,Norfolk Constabulary,Norfolk Constabulary,1.304279,52.653232,On or near Parkland Crescent,E01026556,Broadland 012D,Suspect charged
c9a2b62c3baf0f0e73ddf45f4cceb7c3b5b75c476645d2bf23cd6ed8155bdbc4,2023-01,Norfolk Constabulary,Norfolk Constabulary,1.304279,52.653232,On or near Parkland Crescent,E01026556,Broadland 012D,Suspect charged
1519c533a5d40abf977d403fb5b5b976c88663dc64e2a2f7bc58cd2665c720b8,2023-01,Norfolk Constabulary,Norfolk Constabulary,1.222720,52.638960,On or near Stylman Road,E01026792,Norwich 005B,Unable to prosecute suspect
aa64734e651276839f4fda72b1a363f7a95b09fe04b0d358fc5c2f66313a5800,2023-01,Norfolk Constabulary,Norfolk Constabulary,1.286923,52.629865,On or near Cow Hill,E01026822,Norwich 007A,Investigation complete; no suspect identified
d4636345bc95978993c52c5c48d527c62f1ae50e7f9ff6fc27f54ab19578aba2,2023-01,Norfolk Constabulary,Norfolk Constabulary,1.211455,52.678486,On or near Manor Chase,E01026568,Broadland 006G,Suspect charged as part of another case
4478caba457311d25b79089579f1f98f4a2266e074d6d3a42c8e63c22c5b84b7,2023-01,Norfolk Constabulary,Norfolk Constabulary,1.110956,52.762098,On or near Back Street,E01026547,Broadland 002E,Unable to prosecute suspect
af3f71c866c95927dd4a5b070559c15e8cb1c8f475586375850fa31a67675672,2023-01,Norfolk Constabulary,Norfolk Constabulary,1.110956,52.762098,On or near Back Street,E01026547,Broadland 002E,Unable to prosecute suspect
da9b65b3e2bd410d3c197b6bd287864d3bbbec4ae5a0ee9f7dbe907fe21f25b9,2023-01,Norfolk Constabulary,Norfolk Constabulary,1.292037,52.604082,On or near Coleburn Road,E01026821,Norwich 013F,Unable to prosecute suspect
021297ad422fb970ff666289e3c88a057b7619837dc6e32ffd74db59bbcf146d,2023-01,Norfolk Constabulary,Norfolk Constabulary,0.756067,52.937703,On or near Blacksmith's Lane,E01026646,King's Lynn and West Norfolk 002B,Investigation complete; no suspect identified
056dbcf08d211aab250d1b32e2413852e72f69837c25af3871b80f47e6db17ad,2023-01,Norfolk Constabulary,Norfolk Constabulary,1.211120,52.679358,On or near Bell Close,E01026568,Broadland 006G,Suspect charged as part of another case
c1ac6929af832f2383021386fd9247c8a7cb70fba79e44bbccd9cb00eae878ef,2023-01,Norfolk Constabulary,Norfolk Constabulary,1.211120,52.679358,On or near Bell Close,E01026568,Broadland 006G,Suspect charged
f8ca659d6e9b23e69c90d2dd48d6e9700656706bdf44656f91277606bef8fa40,2023-01,Norfolk Constabulary,Norfolk Constabulary,1.289650,52.631938,On or near Robert Gybson Way,E01026823,Norwich 007B,Investigation complete; no suspect identified
5b9e680eea6123b17a2b7375daf9c494cbf877a24577a70a8b0926130237668a,2023-01,Norfolk Constabulary,Norfolk Constabulary,1.232327,52.491104,On or near Trumpeter Rise,E01026938,South Norfolk 011D,Suspect charged
3561cdf22850654ad31809c60217b06cd42446523a506017143d98a3bc113519,2023-01,Norfolk Constabulary,Norfolk Constabulary,1.310532,52.634612,On or near Spitalfields,E01026850,Norwich 015C,Unable to prosecute suspect
b6e9f592f09912014bddcee2a7ac74daef8a5661860845f136484faa9d9ba489,2023-01,Norfolk Constabulary,Norfolk Constabulary,0.180717,52.712210,On or near Mill Road,E01026720,King's Lynn and West Norfolk 013D,Investigation complete; no suspect identified
5d639cbcfa3e9902162ea473d1bc2875e4e6e09ba0ff4e7e1379b8f3bc964eef,2023-01,Norfolk Constabulary,Norfolk Constabulary,1.723470,52.607265,On or near B1141,E01026597,Great Yarmouth 005C,Suspect charged
3029ede3269aef6976a6139acf163627618b143bf486bdb0e0396dd13b1fe50d,2023-01,Norfolk Constabulary,Norfolk Constabulary,1.716583,52.599044,On or near Thamesfield Way,E01026634,Great Yarmouth 007C,Suspect charged
bc4172f35255d5d9c19a752f4d58e7fe2a10c374ef72c5e23001ea9afd0d9f3b,2023-01,Norfolk Constabulary,Norfolk Constabulary,1.730059,52.607075,On or near ,E01026623,Great Yarmouth 006B,Suspect charged
2b0b3dc784665d96c1530fe758e294fe0fdb8949b4d76aa3f2b7d8a1cbb2c198,2023-01,Norfolk Constabulary,Norfolk Constabulary,0.399013,52.754417,On or near ,E01026698,King's Lynn and West Norfolk 011A,Suspect charged
53bda20408004009a97680bc5d3689f3735151673816ec421c231961fc281583,2023-01,Norfolk Constabulary,Norfolk Constabulary,0.438042,52.753225,On or near Mulberry Road,E01026663,King's Lynn and West Norfolk 010B,Further action is not in the public interest
53bda20408004009a97680bc5d3689f3735151673816ec421c231961fc281583,2023-01,Norfolk Constabulary,Norfolk Constabulary,0.438042,52.753225,On or near Mulberry Road,E01026663,King's Lynn and West Norfolk 010B,Further action is not in the public interest
53bda20408004009a97680bc5d3689f3735151673816ec421c231961fc281583,2023-01,Norfolk Constabulary,Norfolk Constabulary,0.438042,52.753225,On or near Mulberry Road,E01026663,King's Lynn and West Norfolk 010B,Further action is not in the public interest
53bda20408004009a97680bc5d3689f3735151673816ec421c231961fc281583,2023-01,Norfolk Constabulary,Norfolk Constabulary,0.438042,52.753225,On or near Mulberry Road,E01026663,King's Lynn and West Norfolk 010B,Further action is not in the public interest
ada20ec32a890aa8486ef19f2027eebbb2068448e7a95b0ca230cca16481f126,2023-01,Norfolk Constabulary,Norfolk Constabulary,0.399566,52.754765,On or near ,E01026698,King's Lynn and West Norfolk 011A,Suspect charged
ada20ec32a890aa8486ef19f2027eebbb2068448e7a95b0ca230cca16481f126,2023-01,Norfolk Constabulary,Norfolk Constabulary,0.399566,52.754765,On or near ,E01026698,King's Lynn and West Norfolk 011A,Suspect charged
76c6e2a82a389f2e8c8fada13379399f22189efe13bfd5da5f915fcd5cec92b4,2023-01,Norfolk Constabulary,Norfolk Constabulary,0.382712,52.721297,On or near High Road,E01026726,King's Lynn and West Norfolk 015D,Suspect charged
1bfada699e7738c277a6c75fbff79069d8ef84cf7ecf61c08bfa11c0a80cb2f8,2023-01,Norfolk Constabulary,Norfolk Constabulary,1.731598,52.599471,On or near Louise Close,E01026625,Great Yarmouth 006D,Unable to prosecute suspect
1bfada699e7738c277a6c75fbff79069d8ef84cf7ecf61c08bfa11c0a80cb2f8,2023-01,Norfolk Constabulary,Norfolk Constabulary,1.731598,52.599471,On or near Louise Close,E01026625,Great Yarmouth 006D,Unable to prosecute suspect
c1fc8a2c877c17884dca0ba8bab3d07cc7233559a439eff35eea38b1dd3dd1ad,2023-01,Norfolk Constabulary,Norfolk Constabulary,0.397335,52.754925,On or near ,E01026698,King's Lynn and West Norfolk 011A,Suspect charged
33397a39e61ce90d396cdf037f79028f46a2bd6f67a6f5277df9a61b198d040a,2023-01,Norfolk Constabulary,Norfolk Constabulary,1.239164,52.641829,On or near Randle Green,E01026869,Norwich 006G,Offender given a caution
2bbe3cada2bdf4b543d020569e9767901d0485a6c1f0f5181e342734dcc05494,2023-01,Norfolk Constabulary,Norfolk Constabulary,1.222188,52.638965,On or near Harris Mews,E01033436,Norwich 005H,Unable to prosecute suspect
555cb64d0fe0199ee35a90cad028c4a3d575be7ce3148f80d2ce4a566062f787,2023-01,Norfolk Constabulary,Norfolk Constabulary,0.325098,51.478439,On or near Derby Road,E01015956,Thurrock 016B,Investigation complete; no suspect identified
21f91bc0cc44f2b4b2d92b55569c168ed885b17a1f108652544abd917a17131d,2023-01,Norfolk Constabulary,Norfolk Constabulary,1.324727,52.628035,On or near Stanley Avenue,E01026849,Norwich 015B,Unable to prosecute suspect
450fe2106da35c2a76865ec77c63e67314e4098565ced323ae314d9933294580,2023-01,Norfolk Constabulary,Norfolk Constabulary,1.397131,52.826577,On or near Birch Close,E01026757,North Norfolk 010E,Unable to prosecute suspect
85b6203ee535bc7e3894cf3644656be09ceb04d56526b8895a9f90f1a7f3f735,2023-01,Norfolk Constabulary,Norfolk Constabulary,1.295046,52.626239,On or near Lion And Castle Yard,E01026822,Norwich 007A,Suspect charged
0325ba8809502e7c15ff0e9878a3cf03d89f1c487538488a33f709a11f8114e4,2023-01,Norfolk Constabulary,Norfolk Constabulary,0.292085,52.583399,On or near Coronation Avenue,E01026717,King's Lynn and West Norfolk 016F,Unable to prosecute suspect
a8de312dad0f2b75b85e8ffb2c7ac3f0d855a6292180e3152c6d9ba2257e45d9,2023-01,Norfolk Constabulary,Norfolk Constabulary,1.113252,52.385794,On or near Burston Road,E01026888,South Norfolk 015A,Action to be taken by another organisation
a466a87bb1976889df7d602dfae96d18ed732d0ffb8fe7b75a3b99b5d7727add,2023-01,Norfolk Constabulary,Norfolk Constabulary,1.292500,52.632884,On or near Duke Street,E01026823,Norwich 007B,Investigation complete; no suspect identified
596820eeb33741f32c9ada6bc94f548de5245f3bace78063c23e82890d091432,2023-01,Norfolk Constabulary,Norfolk Constabulary,1.262192,52.625063,On or near Sixteen Acre Road,E01026859,Norwich 010B,Unable to prosecute suspect
0c37310e6f88b066bc30baf2c87c938b0cec02ff1731aa6c7d6c253951a5d74e,2023-01,Norfolk Constabulary,Norfolk Constabulary,1.237593,52.701562,On or near Pond Road,E01026537,Broadland 004E,Unable to prosecute suspect
ec81c5393f77f6b2add645d55fdccbda596beb5373c271c4acba68d239da35b1,2023-01,Norfolk Constabulary,Norfolk Constabulary,1.298220,52.400974,On or near Supermarket,E01026900,South Norfolk 013B,Unable to prosecute suspect
5c8a5b955a76b27051cd532f72fd86b8ab6720e79518277ebf29b0a2e7322064,2023-01,Norfolk Constabulary,Norfolk Constabulary,1.116788,52.721700,On or near Station Road,E01026524,Broadland 002C,Unable to prosecute suspect
8312e2dc6e55d26e289a25ba7dfbd466107157f06ef441869629d97f29eb3a37,2023-01,Norfolk Constabulary,Norfolk Constabulary,0.937262,52.671188,On or near Howlett Close,E01026425,Breckland 005A,Suspect charged
eed5ee7a4c7e56715629aae50ec470b2a7e32acd14f5498c3fa857009984e221,2023-01,Norfolk Constabulary,Norfolk Constabulary,1.259021,52.538236,On or near LIME KILN CLOSE,E01026919,South Norfolk 009D,Unable to prosecute suspect
32d2013717d572f77ebe7d91a3e584ed9313077c3405906224abeaaf64701652,2023-01,Norfolk Constabulary,Norfolk Constabulary,1.251365,52.621754,On or near ,E01026860,Norwich 010C,Further investigation is not in the public interest
b8527dab39f091dee275ccb3fbc5768404b5cc8ba5a3b2a8da35e0e4dae659fe,2023-01,Norfolk Constabulary,Norfolk Constabulary,,,No location,,,Suspect charged
3d4391465c1e48ed3af20aaa3dc4804d2fd5db00c6c886ed3d18926047253e05,2023-01,Norfolk Constabulary,Norfolk Constabulary,0.492139,52.909410,On or near The Drift,E01026677,King's Lynn and West Norfolk 003B,Unable to prosecute suspect
1d7fe7665c2ed8b9817b73c33163368fb8aa2418ae5af02ff3c52bb3365d105e,2023-01,Norfolk Constabulary,Norfolk Constabulary,,,No location,,,Local resolution
746bb7d58be78394b987e2e03094637f588a8b9239e89c83c74a7ccf44782730,2023-01,Norfolk Constabulary,Norfolk Constabulary,1.299375,52.626415,On or near Stepping Lane,E01033440,Norwich 014C,Investigation complete; no suspect identified
a11b5734797ce0f1636e96d0befd8ab46677709c8bb77c46b81eaf61a79e4d31,2023-01,Norfolk Constabulary,Norfolk Constabulary,0.402171,52.765754,On or near Walpole Road,E01026687,King's Lynn and West Norfolk 007A,Unable to prosecute suspect
40d3af1ae64d8a29cbcd8c262e047531704420b53cfc3160468a2acee2c8d435,2023-01,Norfolk Constabulary,Norfolk Constabulary,1.555317,52.531371,On or near The Street,E01026944,South Norfolk 010D,Unable to prosecute suspect
0592f8f2cdb0eb33ff060fd606513ac7c3359d9cbf9f40658438a19d188e8b4f,2023-01,Norfolk Constabulary,Norfolk Constabulary,1.300203,52.621904,On or near Lily Terrace,E01026822,Norwich 007A,Unable to prosecute suspect
ebef220f9b08f13ae6063f4d5cb9806194e5291060ad0c625bdfa77d6a70a7d9,2023-01,Norfolk Constabulary,Norfolk Constabulary,1.319237,52.637318,On or near Knox Close,E01026806,Norwich 004D,Unable to prosecute suspect
6a48be721058300962e6a5f6d45f018c5ee6e619370ae68f2c5bd0cdbe76db28,2023-01,Norfolk Constabulary,Norfolk Constabulary,0.398286,52.755475,On or near George Yard,E01026698,King's Lynn and West Norfolk 011A,Unable to prosecute suspect
88dd2082fa4791a81225c109467b67c988b064c30ba2ca75e1774c3838ea0b0b,2023-01,Norfolk Constabulary,Norfolk Constabulary,1.291732,52.629542,On or near Lower Goat Lane,E01026822,Norwich 007A,Unable to prosecute suspect
db4e3a6fcd8b6a02dd5630e02f42f29007f597795ff2f076084bffe0eb83079d,2023-01,Norfolk Constabulary,Norfolk Constabulary,1.188343,52.649459,On or near Prince Close,E01033538,South Norfolk 001G,Suspect charged
186b222633dcbc957e2ebe002a1b2592313662e48bb17d521337885c600a3641,2023-01,Norfolk Constabulary,Norfolk Constabulary,,,No location,,,Suspect charged
96a9cbac9fc315a1a919f8f722f194e43663f7b069c92b7259b3a3037f30b229,2023-01,Norfolk Constabulary,Norfolk Constabulary,1.726557,52.604118,On or near Gaol Row Number 106,E01026625,Great Yarmouth 006D,Unable to prosecute suspect
96a9cbac9fc315a1a919f8f722f194e43663f7b069c92b7259b3a3037f30b229,2023-01,Norfolk Constabulary,Norfolk Constabulary,1.726557,52.604118,On or near Gaol Row Number 106,E01026625,Great Yarmouth 006D,Unable to prosecute suspect
7ec34cfd78a9ae7ec2324742a3e1a739e7296c42cedb38eb34a97c91b2afca59,2023-01,Norfolk Constabulary,Norfolk Constabulary,1.301653,52.629460,On or near ,E01033438,Norwich 014A,Suspect charged
d2c68c28ca43962063253c1e200656346927ec200da4c130e6a2a3379785f933,2023-01,Norfolk Constabulary,Norfolk Constabulary,0.402078,52.755173,On or near Kirby Street,E01026698,King's Lynn and West Norfolk 011A,Unable to prosecute suspect
337848d6c63d26e071a2e3158a5484ca98fcd90c272a07be9a69f225e2d42816,2023-01,Norfolk Constabulary,Norfolk Constabulary,1.717980,52.561672,On or near ,E01026617,Great Yarmouth 011A,Suspect charged
798ad17dc7a7371bba18d690b532ba7013b17fd5be594a4bd6df0ec7d90aa59f,2023-01,Norfolk Constabulary,Norfolk Constabulary,1.717980,52.561672,On or near ,E01026617,Great Yarmouth 011A,Suspect charged
7637e1fb25fcdffb5ae610c5811aeb6cf2f029bad9da13028ffe6e29ac34375e,2023-01,Norfolk Constabulary,Norfolk Constabulary,1.717980,52.561672,On or near ,E01026617,Great Yarmouth 011A,Suspect charged
f75be9387e8a80112c2d7ea4544733281f1e7693b45ff3f076d4578dd0320a5f,2023-01,Norfolk Constabulary,Norfolk Constabulary,1.717980,52.561672,On or near ,E01026617,Great Yarmouth 011A,Suspect charged
9a064654c0804e0a3fd3ba74e31a17ffb7adcb917b96f6e3b4f76ebbe91e1290,2023-01,Norfolk Constabulary,Norfolk Constabulary,1.735247,52.601730,On or near ,E01026626,Great Yarmouth 006E,Suspect charged
8110e8578de76d16ce1cd400199bd12bd3733018aa3b80681df8c1e5657e42e7,2023-01,Norfolk Constabulary,Norfolk Constabulary,1.735247,52.601730,On or near ,E01026626,Great Yarmouth 006E,Suspect charged
93f8c060202b63fd9e60c30b73d1cb6c6803f7708f22ad91ec25ccc928da58a1,2023-01,Norfolk Constabulary,Norfolk Constabulary,1.297009,52.624440,On or near Brooke Place,E01026822,Norwich 007A,Investigation complete; no suspect identified
c98a73dac0f5dfaaaa42bc18d7e3370a683c1adaadded3332eacc082e6fd50ae,2023-01,Norfolk Constabulary,Norfolk Constabulary,0.397335,52.754925,On or near ,E01026698,King's Lynn and West Norfolk 011A,Unable to prosecute suspect
fd9e545bf67cd15bfbbc3ac2d31605cc8bb3c88608497327bc2567f524bab4f3,2023-01,Norfolk Constabulary,Norfolk Constabulary,1.302663,52.644167,On or near Bellingham Court,E01026842,Norwich 003B,Formal action is not in the public interest
f19a31ea07b78fa91908df49e824f7a26053b8ea766394a9dd5636c4311d1ae2,2023-01,Norfolk Constabulary,Norfolk Constabulary,0.401090,52.760390,On or near Burkitt Street,E01026689,King's Lynn and West Norfolk 007C,Unable to prosecute suspect
7b172571d908e63e7c11e1e757e16093ebda5d8ecbb0f9de87d75533cabc70fd,2023-01,Norfolk Constabulary,Norfolk Constabulary,0.822662,52.568635,On or near South Road,E01026488,Breckland 009C,Investigation complete; no suspect identified
bd591b03b3af99b13429e1e779cca6bd571d5e00f9ab6eaedc4705259fed165f,2023-01,Norfolk Constabulary,Norfolk Constabulary,1.117236,52.570710,On or near Kimberley Street,E01026945,South Norfolk 007D,Unable to prosecute suspect
71b6c41f5ead410b4f1bb12d0bf4b0bf71bd169cfe41180d43b7b1e0d6ac4e4f,2023-01,Norfolk Constabulary,Norfolk Constabulary,0.822662,52.568635,On or near South Road,E01026488,Breckland 009C,Investigation complete; no suspect identified
41a5161e7ea850a15d4cb0ac680018d6251e3c01106c551122a5553086916b24,2023-01,Norfolk Constabulary,Norfolk Constabulary,1.730515,52.601331,On or near Trinity Place,E01026625,Great Yarmouth 006D,Investigation complete; no suspect identified
f7e74add98d57b9b8f667ce3e0354ab28f84465f058bc20e82f3f29f152b1828,2023-01,Norfolk Constabulary,Norfolk Constabulary,1.198536,52.937076,On or near The Turning,E01026772,North Norfolk 001C,Unable to prosecute suspect
2c35e4f3348238b37667fdc29d0199950a3954af15fe5eef96d47b67ea14ef43,2023-01,Norfolk Constabulary,Norfolk Constabulary,1.280879,52.610331,On or near ,E01026820,Norwich 013E,Unable to prosecute suspect
97011353c77ef272653bd4ebf6fbbc7678db7e63919f662b2f10e81bace17dba,2023-01,Norfolk Constabulary,Norfolk Constabulary,0.249000,52.614338,On or near Langhorn's Lane,E01026659,King's Lynn and West Norfolk 016A,Investigation complete; no suspect identified
c6d7179f5ae5174e5e640a7ee27ec1e1c668f158623e153ffaa343f0986fb656,2023-01,Norfolk Constabulary,Norfolk Constabulary,0.829251,52.532282,On or near Tottington Road,E01026491,Breckland 010E,Unable to prosecute suspect
4e11d21dd91f5dbaff68e2cea289d40bae9873ebc5512212f739a201743c35c0,2023-01,Norfolk Constabulary,Norfolk Constabulary,1.293694,52.623785,On or near Winalls Yard,E01026822,Norwich 007A,Unable to prosecute suspect
00fd6c93634d76fd8e580500d899a084f79bb3722bc1f812cd8704372bd3a6ed,2023-01,Norfolk Constabulary,Norfolk Constabulary,0.401090,52.760390,On or near Burkitt Street,E01026689,King's Lynn and West Norfolk 007C,Unable to prosecute suspect
93320fc9e90aa4039b1306e97b0dee4ec92d6d4bcbc567224768a92f5cdd3cdd,2023-01,Norfolk Constabulary,Norfolk Constabulary,1.727832,52.586799,On or near Ferry Hill,E01026600,Great Yarmouth 007A,Investigation complete; no suspect identified
93320fc9e90aa4039b1306e97b0dee4ec92d6d4bcbc567224768a92f5cdd3cdd,2023-01,Norfolk Constabulary,Norfolk Constabulary,1.727832,52.586799,On or near Ferry Hill,E01026600,Great Yarmouth 007A,Investigation complete; no suspect identified
93320fc9e90aa4039b1306e97b0dee4ec92d6d4bcbc567224768a92f5cdd3cdd,2023-01,Norfolk Constabulary,Norfolk Constabulary,1.727832,52.586799,On or near Ferry Hill,E01026600,Great Yarmouth 007A,Investigation complete; no suspect identified
1bcb8645f51a1ec81386c0e26ccd3e816b8e3e37af27c3d4dd9d041106b37a55,2023-01,Norfolk Constabulary,Norfolk Constabulary,1.298450,52.630425,On or near Queen Street,E01033438,Norwich 014A,Unable to prosecute suspect
1bcb8645f51a1ec81386c0e26ccd3e816b8e3e37af27c3d4dd9d041106b37a55,2023-01,Norfolk Constabulary,Norfolk Constabulary,1.298450,52.630425,On or near Queen Street,E01033438,Norwich 014A,Unable to prosecute suspect
1bcb8645f51a1ec81386c0e26ccd3e816b8e3e37af27c3d4dd9d041106b37a55,2023-01,Norfolk Constabulary,Norfolk Constabulary,1.298450,52.630425,On or near Queen Street,E01033438,Norwich 014A,Unable to prosecute suspect
1bcb8645f51a1ec81386c0e26ccd3e816b8e3e37af27c3d4dd9d041106b37a55,2023-01,Norfolk Constabulary,Norfolk Constabulary,1.298450,52.630425,On or near Queen Street,E01033438,Norwich 014A,Unable to prosecute suspect
35f416deb04a893b964393fbed4e1549eda5644a2f8462c05e06bae2db9ee3ba,2023-01,Norfolk Constabulary,Norfolk Constabulary,0.402232,52.748552,On or near London Road,E01026699,King's Lynn and West Norfolk 011B,Unable to prosecute suspect
8b9f82d58844fd68141b8906a8cc804758b6af5527a7478bf5b10c0fe5056ea6,2023-01,Norfolk Constabulary,Norfolk Constabulary,1.297027,52.635870,On or near ,E01026823,Norwich 007B,Unable to prosecute suspect
24496924773ad39a7f88106d9d01a943e8ab676191622dcdabce2f808b788245,2023-01,Norfolk Constabulary,Norfolk Constabulary,0.725351,52.413195,On or near Burlington Close,E01026474,Breckland 017A,Investigation complete; no suspect identified
bff376c5b1f8090ec3f2980551b5b131df25745610090bfcb2347df3d77c9536,2023-01,Norfolk Constabulary,Norfolk Constabulary,1.394292,52.825390,On or near Cooper Road,E01026756,North Norfolk 010D,Unable to prosecute suspect
93ec19f49f9509a0f9d24edb67cf7c54c1e66cfefc01b3cf301a539267d355e2,2023-01,Norfolk Constabulary,Norfolk Constabulary,1.299195,52.633058,On or near Joseph Lancaster Way,E01033438,Norwich 014A,Suspect charged
4d91e5d39e5d3762d27ad229cda701bf88e817b154dfd5d55995dcdd623126dd,2023-01,Norfolk Constabulary,Norfolk Constabulary,1.270773,52.670324,On or near ,E01026797,Norwich 001A,Investigation complete; no suspect identified
6181ab70977408dd829f897b1a6c4f700f342d920f35cdafae4d1ddbd6bc9a43,2023-01,Norfolk Constabulary,Norfolk Constabulary,1.292707,52.624259,On or near ,E01026822,Norwich 007A,Unable to prosecute suspect
f5933d5c84ad5ad4e84044123b2eedb3906720e0b95b13ceae5bb9984e1345da,2023-01,Norfolk Constabulary,Norfolk Constabulary,1.232949,52.636549,On or near Runcton Close,E01026793,Norwich 005C,Unable to prosecute suspect
f855ff4fba9b72de0d6f9bec787c30ab930730b4d7671f285733a987bc5fee23,2023-01,Norfolk Constabulary,Norfolk Constabulary,0.821648,52.570997,On or near Clarence Court,E01026488,Breckland 009C,Unable to prosecute suspect
11329a1a1173af4360ad0385154500ed8894699ba1f98daaae9c12a0e2bbfb5c,2023-01,Norfolk Constabulary,Norfolk Constabulary,1.282789,52.703088,On or near Barley Close,E01026549,Broadland 005A,Unable to prosecute suspect
af54198b70300e55f61be44dffb17b7d415dce0113deb1231178d8eaacec530f,2023-01,Norfolk Constabulary,Norfolk Constabulary,1.721653,52.610227,On or near Bowling Green Walk,E01026597,Great Yarmouth 005C,Unable to prosecute suspect
99511d844019a8a4cc953b8561f2cb8ef9cc3a08130eec7b50325f553a9f71af,2023-01,Norfolk Constabulary,Norfolk Constabulary,1.292313,52.625272,On or near St Stephens Street,E01026822,Norwich 007A,Investigation complete; no suspect identified
f541b65a4b162fb0beffbe4c05743352d6b7e183e0078495cdac600d26394375,2023-01,Norfolk Constabulary,Norfolk Constabulary,1.726460,52.584899,On or near Garnham Road,E01026601,Great Yarmouth 009A,Unable to prosecute suspect
d4b5aeaeae34de9b33cd8636b836008347741c4ed94190b8d2c5fbdefdc0f5de,2023-01,Norfolk Constabulary,Norfolk Constabulary,1.721653,52.610227,On or near Bowling Green Walk,E01026597,Great Yarmouth 005C,Unable to prosecute suspect
f08261d9ece9a7d701d9e786a24d165d8604e29b9457155cb1f99ecef3b05a87,2023-01,Norfolk Constabulary,Norfolk Constabulary,1.726460,52.584899,On or near Garnham Road,E01026601,Great Yarmouth 009A,Unable to prosecute suspect
ace79d26e9454cc824d887e68f9061d2142267e3f0165da0d7fc31d02da155c3,2023-01,Norfolk Constabulary,Norfolk Constabulary,1.730379,52.618308,On or near ,E01026595,Great Yarmouth 005A,Unable to prosecute suspect
a286d241c6b49a104095cbe6dab7bae36035dbaaef132274c69163725f969842,2023-01,Norfolk Constabulary,Norfolk Constabulary,1.545537,52.703644,On or near Marsh Wall,E01026783,North Norfolk 014C,Unable to prosecute suspect
9099eb1f3223beb5a44855e90e4d1ae01e80ee5c6fdb5a57951a9e164cdb1b0f,2023-01,Norfolk Constabulary,Norfolk Constabulary,0.725221,52.945392,On or near The Market Place,E01026646,King's Lynn and West Norfolk 002B,Investigation complete; no suspect identified
92d11b93a7b923fcb078416d37dd70bf028b101754caee9f4c5f279872ff7e02,2023-01,Norfolk Constabulary,Norfolk Constabulary,1.232949,52.636549,On or near Runcton Close,E01026793,Norwich 005C,Unable to prosecute suspect
2d5a06b2b703f6dd57a0fc856ff0b56b57df3c11903709dfdc0a2e6cbc2d5733,2023-01,Norfolk Constabulary,Norfolk Constabulary,1.347932,52.562230,On or near Howe Lane,E01026928,South Norfolk 006E,Investigation complete; no suspect identified
e35b3ff441411dc2e88a798426f61045a95ed8a10142bcb767b28019eb32a7c9,2023-01,Norfolk Constabulary,Norfolk Constabulary,1.301862,52.629017,On or near ,E01033438,Norwich 014A,Unable to prosecute suspect
14f12d7e5db3e4bf2b1547596592edc5e2f137c891800fba7cde4b04714e0161,2023-01,Norfolk Constabulary,Norfolk Constabulary,1.301862,52.629017,On or near ,E01033438,Norwich 014A,Unable to prosecute suspect
8d51f15da9bde2205b0d61f4cb901f8b82a599c09449efa7aef229e58325cdb5,2023-01,Norfolk Constabulary,Norfolk Constabulary,1.207813,52.943355,On or near The Boulevard,E01026770,North Norfolk 001A,Suspect charged
2a6ff27dc2b46f9bc9dcbcce9142174ff751b9a7e87bc29ba6b0feb7dbac03b8,2023-01,Norfolk Constabulary,Norfolk Constabulary,1.738094,52.620736,On or near North Drive,E01026639,Great Yarmouth 004B,Investigation complete; no suspect identified
60777842926c4ebfa38f85c94589cfe4bed4547bb4b548ad561eb424a40e2591,2023-01,Norfolk Constabulary,Norfolk Constabulary,1.319237,52.637318,On or near Knox Close,E01026806,Norwich 004D,Action to be taken by another organisation
6d4dd46c4f80e81dab23925e517177f5e04e0ea713a672011eddadcda45da8ca,2023-01,Norfolk Constabulary,Norfolk Constabulary,1.735782,52.613560,On or near Sandown Road,E01026595,Great Yarmouth 005A,Unable to prosecute suspect
4d9513c268bbb7f802db55eddffa3ff20cb448904643b5e072466fb7075e629e,2023-01,Norfolk Constabulary,Norfolk Constabulary,1.394292,52.825390,On or near Cooper Road,E01026756,North Norfolk 010D,Unable to prosecute suspect
d7e083d12f53f80c8b706c7b70c139b37de1a47571eb9c8fe6e54f52feb96c77,2023-01,Norfolk Constabulary,Norfolk Constabulary,0.271494,52.673865,On or near Dades Lane,E01026684,King's Lynn and West Norfolk 013A,Action to be taken by another organisation
6fdfd74360b1e6918770fc6ae06b8fcf0088276d69ad6317d701a9fd52c414d8,2023-01,Norfolk Constabulary,Norfolk Constabulary,1.394292,52.825390,On or near Cooper Road,E01026756,North Norfolk 010D,Unable to prosecute suspect
bdba86f41066c3ff6ed21d2c56c1941cf0d9024b4807f910547762c39f1885da,2023-01,Norfolk Constabulary,Norfolk Constabulary,1.292053,52.645821,On or near Wild Road,E01026843,Norwich 003C,Investigation complete; no suspect identified
d4251955078f3e63cc9bc548f3d0e1a81d1a916b589cf68d35cc07dfde3b3e57,2023-01,Norfolk Constabulary,Norfolk Constabulary,1.296072,52.627110,On or near Farmers Avenue,E01026822,Norwich 007A,Investigation complete; no suspect identified
1239f706fa0e2fc23830e1f7420d61aebc97ff3f1753223808d5dd4a73d84739,2023-01,Norfolk Constabulary,Norfolk Constabulary,1.296072,52.627110,On or near Farmers Avenue,E01026822,Norwich 007A,Unable to prosecute suspect
4987eb62c7d07780f22237663e8f34aef886e4ef6d32b8b636b5b8ee039701c0,2023-01,Norfolk Constabulary,Norfolk Constabulary,1.324810,52.636363,On or near ,E01026807,Norwich 004E,Investigation complete; no suspect identified
e00f660aedb1b0ebf7f3f567d9404d0a350c42298826e9737b5ca17516ea9991,2023-01,Norfolk Constabulary,Norfolk Constabulary,1.715059,52.573727,On or near Windsor Way,E01026604,Great Yarmouth 009D,Investigation complete; no suspect identified
6d4193cd1b3075ff3b8183ce20def1de509bc1481843748aa17a9c118baa4b67,2023-01,Norfolk Constabulary,Norfolk Constabulary,1.233832,52.557940,On or near Lakes Avenue,E01026915,South Norfolk 009C,Investigation complete; no suspect identified
2df7f3f33057fa7d777a30960cc36f9f3792fbfe4bf123d56925f0218672d6ba,2023-01,Norfolk Constabulary,Norfolk Constabulary,1.480318,52.535437,On or near Swan Court,E01026911,South Norfolk 008C,Unable to prosecute suspect
a9cf046b05b28da0685a697556ddfc368eff0936db2609ea6ac7d93765449e9e,2023-01,Norfolk Constabulary,Norfolk Constabulary,1.638248,52.710447,On or near Somerton Road,E01026638,Great Yarmouth 002E,Unable to prosecute suspect
cc218b1cb83aa17fa35ce920aaaa9e87d83530c91d397d30e14dbad5673c8580,2023-01,Norfolk Constabulary,Norfolk Constabulary,1.638248,52.710447,On or near Somerton Road,E01026638,Great Yarmouth 002E,Unable to prosecute suspect
cc218b1cb83aa17fa35ce920aaaa9e87d83530c91d397d30e14dbad5673c8580,2023-01,Norfolk Constabulary,Norfolk Constabulary,1.638248,52.710447,On or near Somerton Road,E01026638,Great Yarmouth 002E,Unable to prosecute suspect
cc218b1cb83aa17fa35ce920aaaa9e87d83530c91d397d30e14dbad5673c8580,2023-01,Norfolk Constabulary,Norfolk Constabulary,1.638248,52.710447,On or near Somerton Road,E01026638,Great Yarmouth 002E,Unable to prosecute suspect
2d426f681e611b51ceb3200d78cc1169edb3a9bd06105e9411cbdebefc87d09b,2023-01,Norfolk Constabulary,Norfolk Constabulary,1.281609,52.634698,On or near Haslips Close,E01026824,Norwich 007C,Unable to prosecute suspect
1e75d0d330876663de4a57da016cb8fa47a995012d4bde28f7f587343d479aff,2023-01,Norfolk Constabulary,Norfolk Constabulary,1.260516,52.538500,On or near The Crescent,E01026919,South Norfolk 009D,Unable to prosecute suspect
70dbc79e60ee9b205e3466a08cb447b71d108016c298e54658d0434e2a1634e1,2023-01,Norfolk Constabulary,Norfolk Constabulary,1.108942,52.574274,On or near Cock Street,E01026870,South Norfolk 005A,Unable to prosecute suspect
32ce52adbe65f6d16b1a24373ff2c9972e05858753596086a09e01308748dd92,2023-01,Norfolk Constabulary,Norfolk Constabulary,1.167775,52.533457,On or near Old Hall Close,E01026897,South Norfolk 011C,Unable to prosecute suspect
03e764a20077df44ce694b087ab633ab8c93af52d4f6e3c42954c6a4cc6532e7,2023-01,Norfolk Constabulary,Norfolk Constabulary,1.291422,52.653159,On or near Hillmead,E01026798,Norwich 001B,Unable to prosecute suspect
e11c328020a8dc3afcbc0e8ba511dca029d91543ed03fd75e88f24688ee6c754,2023-01,Norfolk Constabulary,Norfolk Constabulary,1.167775,52.533457,On or near Old Hall Close,E01026897,South Norfolk 011C,Unable to prosecute suspect
4436cd2af17c697d949ca312601f40fd52e134c59b75149c05b666268ad1bdee,2023-01,Norfolk Constabulary,Norfolk Constabulary,1.216327,52.630617,On or near Bladewater Road,E01033435,Norwich 005G,Unable to prosecute suspect
4436cd2af17c697d949ca312601f40fd52e134c59b75149c05b666268ad1bdee,2023-01,Norfolk Constabulary,Norfolk Constabulary,1.216327,52.630617,On or near Bladewater Road,E01033435,Norwich 005G,Unable to prosecute suspect
5d7eecbbd83f331fff11e2da9480d8bba5927b7c5d54befc5610a90f8c10cd4c,2023-01,Norfolk Constabulary,Norfolk Constabulary,1.288545,52.633750,On or near New Mills Yard,E01026823,Norwich 007B,Local resolution
bcf4546292e7be4b4a71e206bbde7ace51535443a3fd943e5f266be4eaa4bab3,2023-01,Norfolk Constabulary,Norfolk Constabulary,1.117236,52.570710,On or near Kimberley Street,E01026945,South Norfolk 007D,Unable to prosecute suspect
29d4e19235d66d0209a31f542bc73e6a4d5ff480cb1a0cc439daa72161fa3f84,2023-01,Norfolk Constabulary,Norfolk Constabulary,1.638248,52.710447,On or near Somerton Road,E01026638,Great Yarmouth 002E,Unable to prosecute suspect
ed6a0507bc32b57f3bdffd626d7027c48d730c22b7a485dfdf1f6afdb811c1a5,2023-01,Norfolk Constabulary,Norfolk Constabulary,1.287859,52.628157,On or near Chapel Field North,E01026822,Norwich 007A,Unable to prosecute suspect
a6f52cdca28902c5e3bba1f0f9e3f2226da1830e0fa6bf1c1dc302b93fe7325f,2023-01,Norfolk Constabulary,Norfolk Constabulary,,,No location,,,Investigation complete; no suspect identified
75ba280ee0b525e4ebe36736822a3ba2e96f27da416d701c090b2d322286d706,2023-01,Norfolk Constabulary,Norfolk Constabulary,0.747684,52.428703,On or near Roman Way,E01026466,Breckland 015B,Unable to prosecute suspect
78c0087dd171174daffe5669939b8ac43238134a204616a102772a9e051bfa7e,2023-01,Norfolk Constabulary,Norfolk Constabulary,1.276662,52.640690,On or near Heigham Watering,E01026825,Norwich 007D,Unable to prosecute suspect
041d237d4ad84ec9ccd5cae55dbe9472eb069fd4c26e82df4c5220d72c3f1d52,2023-01,Norfolk Constabulary,Norfolk Constabulary,1.708273,52.575532,On or near Gablehurst Court,E01026586,Great Yarmouth 013B,Unable to prosecute suspect
20a9709564b9cbbdac4035b0c1898cdc3d2d7afd22d7934901d0eb028eb06258,2023-01,Norfolk Constabulary,Norfolk Constabulary,1.728484,52.646063,On or near Green Lane,E01026594,Great Yarmouth 003F,Action to be taken by another organisation
6b4e6f0f0d1a26529f8e5229a976c87307109ca06140926408b2c6226f71e7f0,2023-01,Norfolk Constabulary,Norfolk Constabulary,0.402078,52.755173,On or near Kirby Street,E01026698,King's Lynn and West Norfolk 011A,Unable to prosecute suspect
b4ca29075a132ea684ff6a5af2cda32a4211c739f4edd635aa8ea0ffd32d26f0,2023-01,Norfolk Constabulary,Norfolk Constabulary,0.402078,52.755173,On or near Kirby Street,E01026698,King's Lynn and West Norfolk 011A,Unable to prosecute suspect
858aff01e686e4f10a11f25d7d0ac237df826a88dfdd84c7853acd2a291f5790,2023-01,Norfolk Constabulary,Norfolk Constabulary,1.702193,52.575048,On or near Sam Browns Court,E01026585,Great Yarmouth 013A,Unable to prosecute suspect
41b15d0ce692d0dadab1199b0fd18b09e22527f8ac933d93b9431e13c4b1f933,2023-01,Norfolk Constabulary,Norfolk Constabulary,1.702193,52.575048,On or near Sam Browns Court,E01026585,Great Yarmouth 013A,Unable to prosecute suspect
18981d1055ae1204934da8dbc45399a90c37bfa841dfa9a5ff1220bd51a3afac,2023-01,Norfolk Constabulary,Norfolk Constabulary,1.251447,52.662502,On or near Hamond Road,E01026529,Broadland 010D,Unable to prosecute suspect
98b7fd72dfc20d02491ac6980e6a9b75eec32209cb24cc3375b3e324f2bdc0a7,2023-01,Norfolk Constabulary,Norfolk Constabulary,1.702193,52.575048,On or near Sam Browns Court,E01026585,Great Yarmouth 013A,Unable to prosecute suspect
df6a53555e7271ff658f6d77b9bcd99f5814a1d9b53e92c6b7125556237195a5,2023-01,Norfolk Constabulary,Norfolk Constabulary,1.409912,52.647485,On or near Hospital Road,E01026545,Broadland 008A,Action to be taken by another organisation
3e3f86a0ce606871ab69b52bda4fc110efd6339cfd50b3de7fe477b1bdf6b3cc,2023-01,Norfolk Constabulary,Norfolk Constabulary,1.305262,52.628445,On or near Recorder Road,E01033438,Norwich 014A,Investigation complete; no suspect identified
6d582ce5eb7bb3ad83394c3ac65e5fdddd4eb8516ad523486f6e1741e58c9779,2023-01,Norfolk Constabulary,Norfolk Constabulary,1.203747,52.935677,On or near Lusher Close,E01026772,North Norfolk 001C,Unable to prosecute suspect
06383994b79ae85603c210cce443a5570b437a90aa3ae6ec161d3bc3ba27e32d,2023-01,Norfolk Constabulary,Norfolk Constabulary,1.301862,52.629017,On or near ,E01033438,Norwich 014A,Investigation complete; no suspect identified
2b1096f33be7e0b6e703595da59ccba21aa690c09be692df24753c507242df75,2023-01,Norfolk Constabulary,Norfolk Constabulary,1.251447,52.662502,On or near Hamond Road,E01026529,Broadland 010D,Unable to prosecute suspect
90203209ad5aa7348ef57c0a4e30b3a334bf71dedc6fea47443988b6166bc2c4,2023-01,Norfolk Constabulary,Norfolk Constabulary,1.724380,52.609799,On or near The Conge,E01026597,Great Yarmouth 005C,Unable to prosecute suspect
3ffaff96c90fd69e5e0b7afde87db076b32448fbd407a054abccafeecf917a67,2023-01,Norfolk Constabulary,Norfolk Constabulary,1.017420,52.518143,On or near Church Street,E01026449,Breckland 011D,Investigation complete; no suspect identified
a06a034d5362d3045374ae05bcdce68f3efbd4830e5e3e0cb4f435e836ae06f3,2023-01,Norfolk Constabulary,Norfolk Constabulary,1.276662,52.640690,On or near Heigham Watering,E01026825,Norwich 007D,Unable to prosecute suspect
e3a9b821e3959c8eb34face1ccbddf877e53e2273cbf527f21a36aa322dc17a4,2023-01,Norfolk Constabulary,Norfolk Constabulary,0.931383,52.679049,On or near Kemp Drive,E01026454,Breckland 004D,Investigation complete; no suspect identified
8e588a71205783913766c975b89610f362cb67fd283a6012b5107752d1a1f2bc,2023-01,Norfolk Constabulary,Norfolk Constabulary,1.733633,52.600117,On or near Dagmar Mews,E01026626,Great Yarmouth 006E,Unable to prosecute suspect
07dcc55f4979b6c7f6d1dd83cb029c270eb2b0b90f3ef3e513c21dbcb5c15f7c,2023-01,Norfolk Constabulary,Norfolk Constabulary,1.733633,52.600117,On or near Dagmar Mews,E01026626,Great Yarmouth 006E,Unable to prosecute suspect
3f065b54ca4460e2e4b79ada39c66703bca97bfce1d2ee5e0998a8e599e565c0,2023-01,Norfolk Constabulary,Norfolk Constabulary,1.549723,52.533509,On or near New Road,E01026944,South Norfolk 010D,Investigation complete; no suspect identified
849a9caf76a25d6891067f5c2beb6bea2ded8bbe54dc29069a0ac2611f0d2ff8,2023-01,Norfolk Constabulary,Norfolk Constabulary,0.554389,52.493665,On or near Lodge Road,E01026649,King's Lynn and West Norfolk 019B,Unable to prosecute suspect
8db9089c4dfe04f677df8fac59eac8f21966f8bd2a42a1bec8211f5318e434fd,2023-01,Norfolk Constabulary,Norfolk Constabulary,0.407706,52.748657,On or near Exton's Gardens,E01026667,King's Lynn and West Norfolk 009B,Unable to prosecute suspect
ac2949b653f1956d4432448a301d5957c87257d8ccfe60e1a3c35b4f6e4dae52,2023-01,Norfolk Constabulary,Norfolk Constabulary,0.951041,52.670414,On or near ,E01026427,Breckland 005C,Investigation complete; no suspect identified
46cd7e49010c2b9984729cdacc21afa4e1613eeb77a69fca38bc9bbc3b58e3cb,2023-01,Norfolk Constabulary,Norfolk Constabulary,1.549723,52.533509,On or near New Road,E01026944,South Norfolk 010D,Investigation complete; no suspect identified
f00c8664e7b7edb3e2b8d412302a3473b0fbcb036fcb59ce839824ffdabc972e,2023-01,Norfolk Constabulary,Norfolk Constabulary,1.279893,52.645744,On or near Shorncliffe Avenue,E01026829,Norwich 002B,Unable to prosecute suspect
c974d2c95f76ce786c834540631f6647a9f0869f3f0ff70b43f5802bceed90fe,2023-01,Norfolk Constabulary,Norfolk Constabulary,1.305149,52.626749,On or near A147,E01033439,Norwich 014B,Unable to prosecute suspect
66cf29e85c59c7b2436f5556e8613718f25745331374afaa6bcb244449542dd9,2023-01,Norfolk Constabulary,Norfolk Constabulary,1.113379,52.763014,On or near Malthouse Yard,E01026548,Broadland 002F,Unable to prosecute suspect
471eb322e33742e93ff9ea4b98cfc3f77c04cab23ad9b7c062a3483491a7481d,2023-01,Norfolk Constabulary,Norfolk Constabulary,1.303123,52.623010,On or near King Street,E01033441,Norwich 014D,Unable to prosecute suspect
f989ba80b979418a2cdfe09a88622391b92c83094f1db56ee7ab25fdb636f869,2023-01,Norfolk Constabulary,Norfolk Constabulary,1.261481,52.636162,On or near Winchcomb Road,E01026863,Norwich 006A,Unable to prosecute suspect
5563429afa86a8baf533cf78d4880aa0a57e6a90402175075de3a7b9b11e1096,2023-01,Norfolk Constabulary,Norfolk Constabulary,1.128417,52.941049,On or near Weynor Gardens,E01026741,North Norfolk 004A,Unable to prosecute suspect
6f91ea6352e6b0107f3d2541b68f56ced84b01d0da5fec122db7a0ee25a4da2f,2023-01,Norfolk Constabulary,Norfolk Constabulary,1.247934,52.632290,On or near Fellowes Close,E01026865,Norwich 006C,Unable to prosecute suspect
d5fd530d0eac19399f915a6339c167c8a78f1e2155ce463111521fa969ce5eca,2023-01,Norfolk Constabulary,Norfolk Constabulary,1.305308,52.632572,On or near Bishopgate,E01033438,Norwich 014A,Unable to prosecute suspect
e99b4d412baa23d553ec7bbe4011808b14b9844977575ea0ba87bf775a2f933e,2023-01,Norfolk Constabulary,Norfolk Constabulary,1.319951,52.691206,On or near Ivy Road,E01026552,Broadland 005D,Unable to prosecute suspect
8890fff5ef344bfb2e920ca2f169637de40422f923554c1c5f5a22f8519024c6,2023-01,Norfolk Constabulary,Norfolk Constabulary,1.245590,52.641150,On or near Hellesdon Close,E01026869,Norwich 006G,Unable to prosecute suspect
e07f2869ca87cb5fd0f3b1d3e662c9c28c57bb5617af57965a19af114bfcc71e,2023-01,Norfolk Constabulary,Norfolk Constabulary,0.498355,52.908884,On or near Ingleby Close,E01026676,King's Lynn and West Norfolk 003A,Action to be taken by another organisation
173a3580523aea4ff298629814c59829a74467e8a10648234813ba6698bfa964,2023-01,Norfolk Constabulary,Norfolk Constabulary,0.396546,52.758612,On or near ,E01026698,King's Lynn and West Norfolk 011A,Unable to prosecute suspect
6730cf5090cc6c04efd6bbed163d61fe1798718ef19b22390866e6de03de211f,2023-01,Norfolk Constabulary,Norfolk Constabulary,1.323014,52.658653,On or near Coughtrey Close,E01026553,Broadland 012A,Unable to prosecute suspect
35e197b2e1e6bb0753ad0f0715b6cb8a691295f37313580cffa1d5cb923deb41,2023-01,Norfolk Constabulary,Norfolk Constabulary,0.909910,52.453723,On or near ,E01026440,Breckland 014B,Unable to prosecute suspect
2466ac6727f19c4a5acb8cd2a27279717e9836603badf7043aa47197a80549b9,2023-01,Norfolk Constabulary,Norfolk Constabulary,1.207435,52.647865,On or near Johnson Close,E01026925,South Norfolk 001F,Unable to prosecute suspect
8cba0fee2ef276863cd883b9dd814e7aca788ddc7c63dd71358a00c0748d6a01,2023-01,Norfolk Constabulary,Norfolk Constabulary,0.507818,52.840447,On or near Iveagh Close,E01026654,King's Lynn and West Norfolk 004B,Suspect charged
684b699ee3f54408e096ea5f18a6edacd56725f23e6e7bccad476825b2d84f86,2023-01,Norfolk Constabulary,Norfolk Constabulary,1.208107,52.647756,On or near East Hills Road,E01026925,South Norfolk 001F,Unable to prosecute suspect
27a6f3c31424b87b52503205ed2abfee79e56b29a6e1191203ddf3bd321296c0,2023-01,Norfolk Constabulary,Norfolk Constabulary,1.336581,52.661428,On or near Dungar Road,E01026561,Broadland 013E,Unable to prosecute suspect
f11fe866377252dec680a11976f4c5a9f9ee165eaef0219fd8fe13aa49539a7c,2023-01,Norfolk Constabulary,Norfolk Constabulary,1.292682,52.620945,On or near Langham Place,E01026853,Norwich 011B,Offender given a caution
efd19ac5a64a8728449ca67440a034442bcd0d0e444478df120ca2e19745895e,2023-01,Norfolk Constabulary,Norfolk Constabulary,1.218937,52.630537,On or near The Runnel,E01033435,Norwich 005G,Unable to prosecute suspect
efd19ac5a64a8728449ca67440a034442bcd0d0e444478df120ca2e19745895e,2023-01,Norfolk Constabulary,Norfolk Constabulary,1.218937,52.630537,On or near The Runnel,E01033435,Norwich 005G,Unable to prosecute suspect
c2bbbbff08438557eff387f0b20b8032ef43a43d4f7d6d1bd49ca1d41f8feb88,2023-01,Norfolk Constabulary,Norfolk Constabulary,1.715184,52.575549,On or near Magdalen Way,E01026604,Great Yarmouth 009D,Formal action is not in the public interest
d80e41cc23ababefea597982eb8d1bc67562b903a97133f179b736b327273f17,2023-01,Norfolk Constabulary,Norfolk Constabulary,1.146247,52.584413,On or near The Drive,E01026933,South Norfolk 007C,Investigation complete; no suspect identified
c45893f3bcb8da5e729cb2f4169cae340a945bbe000b6720f408bb79bbd8c489,2023-01,Norfolk Constabulary,Norfolk Constabulary,1.336581,52.661428,On or near Dungar Road,E01026561,Broadland 013E,Unable to prosecute suspect
12bcc9fdbd4c06a6e02249d2561e706a8fb151d48ae1717c9ea0bc3b80cac766,2023-01,Norfolk Constabulary,Norfolk Constabulary,1.341887,52.759723,On or near Filby Road,E01026514,Broadland 003A,Unable to prosecute suspect
9d41b032588cf65f9d8a9ec2baf015a705c7c7575b9142b775470de7e5177bd2,2023-01,Norfolk Constabulary,Norfolk Constabulary,1.727009,52.541455,On or near Potters Drive,E01026588,Great Yarmouth 013D,Unable to prosecute suspect
d002de310f9692015d101b93c3cf5c1d0627308388cf2570c40fa781d2f5fecf,2023-01,Norfolk Constabulary,Norfolk Constabulary,1.234982,52.647861,On or near ,E01026918,South Norfolk 001C,Investigation complete; no suspect identified
caa152a89425877fe07a8dbf9a9e1a51c1eaa356a067262f43f89eea78cbd256,2023-01,Norfolk Constabulary,Norfolk Constabulary,0.747684,52.428703,On or near Roman Way,E01026466,Breckland 015B,Unable to prosecute suspect
f95208e410bba3c1ec056a93df8b8595243d5796b492126934b9e5218fd3743d,2023-01,Norfolk Constabulary,Norfolk Constabulary,1.398174,52.828139,On or near Pickford Close,E01026757,North Norfolk 010E,Unable to prosecute suspect
d487bda1933af8b1676828d110b4de09b37e8e0a075b6c1f1ea3ce1bd940f7f1,2023-01,Norfolk Constabulary,Norfolk Constabulary,1.398174,52.828139,On or near Pickford Close,E01026757,North Norfolk 010E,Unable to prosecute suspect
a8fe6d943b7345620ee0097a403cc875fb567c8bd8019fd6f98e3d8d80c8a165,2023-01,Norfolk Constabulary,Norfolk Constabulary,1.398174,52.828139,On or near Pickford Close,E01026757,North Norfolk 010E,Unable to prosecute suspect
0db64791235ee3f4d625ba71cc847986599ec4135c47f1627ed676b6df329be7,2023-01,Norfolk Constabulary,Norfolk Constabulary,0.942370,52.682482,On or near St Nicholas Street,E01026429,Breckland 003B,Unable to prosecute suspect
f4eeae71d391d5c4e0eb08b8eb97162f8d659e970a8d513a80d2ae0f44acf7c0,2023-01,Norfolk Constabulary,Norfolk Constabulary,0.461641,52.777510,On or near Gooseberry Lane,E01026710,King's Lynn and West Norfolk 005E,Offender given a caution
e6af646335a635ec68d36c0a9c9a52de1f29d134eb0c8fa7477cb4cbe90a89db,2023-01,Norfolk Constabulary,Norfolk Constabulary,1.089899,52.907938,On or near Hales Court,E01026743,North Norfolk 004C,Action to be taken by another organisation
a249217dd5b93169e0dbfd56c5e3009a9734270393e79b08ab2d97e0b166c6db,2023-01,Norfolk Constabulary,Norfolk Constabulary,1.249694,52.658017,On or near Wensum Meadows Road,E01026529,Broadland 010D,Unable to prosecute suspect
569de3cbb8d37cab80ed860f493b8c469738ab6cf583a1eba141e30107c2a675,2023-01,Norfolk Constabulary,Norfolk Constabulary,0.863767,52.554185,On or near Church Road,E01033041,Breckland 010G,Unable to prosecute suspect
d8c2c2305d510030d3d2868b8fa59944b5e6ae80e0c4f1709037a2776f3b1cdb,2023-01,Norfolk Constabulary,Norfolk Constabulary,0.993518,52.505495,On or near Waller Drive,E01026422,Breckland 011A,Unable to prosecute suspect
0d77e1ce296b7bf8469f6917e8a11bee3513a7dfc540dcbeb67903e3e8c77b39,2023-01,Norfolk Constabulary,Norfolk Constabulary,1.727577,52.613683,On or near Frederick Road,E01026596,Great Yarmouth 005B,Unable to prosecute suspect
28010d4c2608af6e6fadf4bb2cb21941a4a0109f2af11a6e65337bf082570dc3,2023-01,Norfolk Constabulary,Norfolk Constabulary,1.253279,52.785958,On or near Crompton Road,E01026499,Broadland 001A,Unable to prosecute suspect
aa1581395438ce4becb7b4b5b2606e2bb5bf869f7095d2127d684da3ce9520f6,2023-01,Norfolk Constabulary,Norfolk Constabulary,1.276662,52.640690,On or near Heigham Watering,E01026825,Norwich 007D,Unable to prosecute suspect
ed8071ac9c965d06f743ec817e32e7c29a3392283eb2b89b673cb28956469e39,2023-01,Norfolk Constabulary,Norfolk Constabulary,0.819019,52.565682,On or near Jubilee Road,E01026489,Breckland 009D,Unable to prosecute suspect
70e9d47ea82cec7c4293e10a9807cd6df1d9f2f0017d94662940acff0f37273d,2023-01,Norfolk Constabulary,Norfolk Constabulary,0.324294,52.541238,On or near Sedge Drove,E01026679,King's Lynn and West Norfolk 018A,Unable to prosecute suspect
82245dde80963ab45a4f7373393b06ed54e97a7a7aff52240eaa5b931057f0ee,2023-01,Norfolk Constabulary,Norfolk Constabulary,0.392347,52.607231,On or near Coriander Road,E01033037,King's Lynn and West Norfolk 017F,Unable to prosecute suspect
24a8045388821138bb32fa35a210e7ac5b6e6b6638c98664a4c112aa50d9d245,2023-01,Norfolk Constabulary,Norfolk Constabulary,0.388934,52.602867,On or near Bexwell Road,E01033036,King's Lynn and West Norfolk 017E,Unable to prosecute suspect
303a69a70fb024f943f41ce9fe691f75338a26c8a8b6ec896961bf1bb8e88fad,2023-01,Norfolk Constabulary,Norfolk Constabulary,1.724638,52.594464,On or near ,E01026633,Great Yarmouth 007B,Unable to prosecute suspect
314ac2e06492d872ce95b74f6efe43aa52c6f88e5c73c863afa9ab98ac068beb,2023-01,Norfolk Constabulary,Norfolk Constabulary,0.562207,52.575109,On or near Ferry Road,E01026444,Breckland 012B,Investigation complete; no suspect identified
13833460c03ab32d85bbc9637c21e375a1d0021cc9d7df15d982f48d9fd46f07,2023-01,Norfolk Constabulary,Norfolk Constabulary,1.293674,52.629218,On or near ,E01026823,Norwich 007B,Investigation complete; no suspect identified
c045c371fe246433a6eddaa6dde837e9ad7244d14bb26cd4ffd899d1437de570,2023-01,Norfolk Constabulary,Norfolk Constabulary,1.120459,52.565382,On or near Exige Way,E01026884,South Norfolk 007A,Unable to prosecute suspect
f5b28ad15f0bf3cc06224575b6c0ac9a57dc48b06644f480a5fa61fb08d96255,2023-01,Norfolk Constabulary,Norfolk Constabulary,1.310669,52.901617,On or near Cromer Road,E01026762,North Norfolk 005A,Unable to prosecute suspect
fd27ced80140819b3dba57cc58354e32400990703e6b5d982e555f215cba1142,2023-01,Norfolk Constabulary,Norfolk Constabulary,1.188343,52.649459,On or near Prince Close,E01033538,South Norfolk 001G,Investigation complete; no suspect identified
4df7e5db4409afdd0b6a8d76db1d8cc5d7f792eb68d80757deea930672efe9c6,2023-01,Norfolk Constabulary,Norfolk Constabulary,0.417941,52.755804,On or near King John Avenue,E01026668,King's Lynn and West Norfolk 009C,Unable to prosecute suspect
47cedb631a69e125ca1c4a07687d1faa61bdcbfd792d454e04ef7848a3fed141,2023-01,Norfolk Constabulary,Norfolk Constabulary,0.928908,52.666170,On or near Limassol Road,E01026433,Breckland 005E,Unable to prosecute suspect
c329dfe09e25b1e139c8dd29d02747c922dff997ea8dcceb8f019f648331344b,2023-01,Norfolk Constabulary,Norfolk Constabulary,1.008880,52.507722,On or near Woodside Park,E01026422,Breckland 011A,Formal action is not in the public interest
4e45e46e6199dfcedff60e4431bb959ad8b7001b2a260e6904f54cf0512fe243,2023-01,Norfolk Constabulary,Norfolk Constabulary,1.237882,52.638285,On or near Peto Court,E01026793,Norwich 005C,Unable to prosecute suspect
5563cb360e1813083e8631b4f45856f8cfb4d9dab030a320eb6a03d913063495,2023-01,Norfolk Constabulary,Norfolk Constabulary,1.189119,52.653207,On or near Ernest Gage Avenue,E01033538,South Norfolk 001G,Investigation complete; no suspect identified
ace16e136564e4562d56818576687e50946f4722af0153b8c7c7134551310260,2023-01,Norfolk Constabulary,Norfolk Constabulary,1.304504,52.624600,On or near ,E01033441,Norwich 014D,Unable to prosecute suspect
f8c425c19e3ad67d607eb98bf24ba30bc1baaf6b9fcf54f9de4841f5a86e3fc1,2023-01,Norfolk Constabulary,Norfolk Constabulary,0.730510,52.412672,On or near Mackenzie Road,E01026474,Breckland 017A,Action to be taken by another organisation
f382e4ec4749fd232597d61cc1a524d080b1eca69b74de3033e057123940640b,2023-01,Norfolk Constabulary,Norfolk Constabulary,1.726826,52.609543,On or near ,E01026597,Great Yarmouth 005C,Unable to prosecute suspect
ab409ef22a5af7d11419ea9861a6227a9befff7d05b1f2596968450df28fe201,2023-01,Norfolk Constabulary,Norfolk Constabulary,1.721829,52.588454,On or near Suffolk Close,E01026600,Great Yarmouth 007A,Action to be taken by another organisation
a5325e2a28f7a2fdd5e2b6bd19f512bc7869bc7c0b1eb8c57425d784103412f2,2023-01,Norfolk Constabulary,Norfolk Constabulary,0.751529,52.428551,On or near Elizabeth Watling Close,E01026466,Breckland 015B,Formal action is not in the public interest
a6a36bfcc812b0c39f0cc29c74cf14478b1f24607f28d903f5331c1edae76a8e,2023-01,Norfolk Constabulary,Norfolk Constabulary,0.377589,52.605820,On or near Oak View Drive,E01026686,King's Lynn and West Norfolk 017C,Action to be taken by another organisation
95780fda142202ed345615ffe9575dfb4d6a336fc2275dba833910b73fd36991,2023-01,Norfolk Constabulary,Norfolk Constabulary,1.733409,52.604262,On or near St George's Road,E01026624,Great Yarmouth 006C,Investigation complete; no suspect identified
cd0c7d9fdb2af381c39d076a0583354c0e0eea62d33f872eebdda7711cb27c45,2023-01,Norfolk Constabulary,Norfolk Constabulary,1.135769,52.576003,On or near Penfold Drive,E01026945,South Norfolk 007D,Suspect charged
d81d9d6e15b0d551b115b6f91ff6761610bc4510d23f33acdd63a3e2e59c804a,2023-01,Norfolk Constabulary,Norfolk Constabulary,1.380094,52.815974,On or near Ketts Road,E01026759,North Norfolk 010G,Unable to prosecute suspect
9ff922ebdfeb89f8878a83295334a4609e787abcb3c4eaf1187a2a274d80a2d4,2023-01,Norfolk Constabulary,Norfolk Constabulary,1.296521,52.636226,On or near Magdalen Street,E01026826,Norwich 007E,Unable to prosecute suspect
ca12cc80252d457b45f490dc38d330ff8802e715b79e86d97042a7a0a280b196,2023-01,Norfolk Constabulary,Norfolk Constabulary,1.184371,52.597854,On or near The Old Orchard,E01026907,South Norfolk 003C,Formal action is not in the public interest
5923d37ca747e3f21f77432846221407e1fe197ef0cfd13c48bde140120e0a7d,2023-01,Norfolk Constabulary,Norfolk Constabulary,1.217974,52.643990,On or near Dereham Road,E01026792,Norwich 005B,Unable to prosecute suspect
83c3cdee7affdc38032d82967ff2b0a27f791be168b4a11a2bbe9caaa8707bab,2023-01,Norfolk Constabulary,Norfolk Constabulary,1.727850,52.607172,On or near Theatre Plain,E01026597,Great Yarmouth 005C,Investigation complete; no suspect identified
611524e09f471cb2b5a629991f6dfc89647c555a84787f5155cebf52b3f6ca91,2023-01,Norfolk Constabulary,Norfolk Constabulary,1.118160,52.562943,On or near St Thomas Drive,E01026884,South Norfolk 007A,Unable to prosecute suspect
9ae6831c3e42c848007e0621c5e3d8c7ee4d6098a88ffe63795ec100aeb56aad,2023-01,Norfolk Constabulary,Norfolk Constabulary,1.490283,52.536475,On or near Pyes Mill Road,E01026912,South Norfolk 008D,Investigation complete; no suspect identified
cb8df072a02a890c46818f5bb3bdde3aee0d4e2e3efb0bcc8df51f911c1d7f9a,2023-01,Norfolk Constabulary,Norfolk Constabulary,0.906814,52.633495,On or near DEREHAM ROAD,E01026451,Breckland 008C,Unable to prosecute suspect
d3982cfdbe28f235ffe3945e41b3da5f4491a93a38e1edbef8c527b476d6c4fb,2023-01,Norfolk Constabulary,Norfolk Constabulary,0.745363,52.413380,On or near Bridge Street,E01026474,Breckland 017A,Unable to prosecute suspect
6178213637616408a0fa0bd00b79197663be1932bfd5dc164ea1892deb92f70e,2023-01,Norfolk Constabulary,Norfolk Constabulary,0.745363,52.413380,On or near Bridge Street,E01026474,Breckland 017A,Unable to prosecute suspect
1201e424614c2a0c74487c3808b587c45215163dadd9ac264ac2aac8f3269402,2023-01,Norfolk Constabulary,Norfolk Constabulary,0.429682,52.769708,On or near ,E01026669,King's Lynn and West Norfolk 006A,Unable to prosecute suspect
51712fa04ef7b9657040fc4ecf6f9ca134844e55c1e5b7357ab0b60d50d71272,2023-01,Norfolk Constabulary,Norfolk Constabulary,1.290968,52.641606,On or near Eade Road,E01026831,Norwich 002D,Unable to prosecute suspect
d3ccef2f9e6e5ea316d57c625e658500683ebe693aa23fb352200f99ab2c5ec9,2023-01,Norfolk Constabulary,Norfolk Constabulary,1.285207,52.630641,On or near Wellington Lane,E01026822,Norwich 007A,Unable to prosecute suspect
977119d28cfb2b1a039cef98680992f6d2a02ba16929ccf57353f35452ff2964,2023-01,Norfolk Constabulary,Norfolk Constabulary,0.496728,52.909296,On or near Victoria Close,E01026676,King's Lynn and West Norfolk 003A,Unable to prosecute suspect
ae0c940efd68aab7a9940aac7451f6c507476360547e11705f7e6c8dbc692f1b,2023-01,Norfolk Constabulary,Norfolk Constabulary,1.262600,52.621409,On or near Caroline Court,E01026814,Norwich 012E,Investigation complete; no suspect identified
919a4d150ea5a1b3706d4905e7771d0784ae7b8fbfda397cb75ab1ac763a514a,2023-01,Norfolk Constabulary,Norfolk Constabulary,1.716153,52.605480,On or near Marsh Road,E01026634,Great Yarmouth 007C,Investigation complete; no suspect identified
d9ecc7bdbbc6836e2f7aa9884509d61ea86885909b5437e750d7412c6ebc0bfa,2023-01,Norfolk Constabulary,Norfolk Constabulary,1.021099,52.513751,On or near Attleborough,E01026423,Breckland 011B,Suspect charged
53141816a77fe40a2557ef4d6009126cc8e7ba8ec4d30d09a1d7f4dab9f218d0,2023-01,Norfolk Constabulary,Norfolk Constabulary,1.306393,52.623199,On or near ,E01033441,Norwich 014D,Investigation complete; no suspect identified
15fadac88f24ab652c2e9ec8916ba429f526b66b05135ad7c9a13364f1de19b0,2023-01,Norfolk Constabulary,Norfolk Constabulary,0.542757,52.657230,On or near Ash Road,E01026644,King's Lynn and West Norfolk 014C,Unable to prosecute suspect
8632ad9f4db98d6cc4d04ce421fa7ca34d125ba54396aace09cb7fd6eef7f2fa,2023-01,Norfolk Constabulary,Norfolk Constabulary,0.410960,52.753644,On or near Princes Way,E01026668,King's Lynn and West Norfolk 009C,Investigation complete; no suspect identified
9cfe83a35c61fd1fd0ad85dbd525d472b1132e46d4f5581477dc53ea420f0b05,2023-01,Norfolk Constabulary,Norfolk Constabulary,1.248572,52.633522,On or near Cadge Mews,E01026865,Norwich 006C,Unable to prosecute suspect
dae1a637144445a7c2a60fa66dfb210c9b4a64f92e3c954f8e8c7765ff68e02e,2023-01,Norfolk Constabulary,Norfolk Constabulary,1.731759,52.610565,On or near Jury Street,E01026597,Great Yarmouth 005C,Unable to prosecute suspect
1d96ad0d90998d03443d7452f118a46aa9b86114714dae291d8ad14a33d30562,2023-01,Norfolk Constabulary,Norfolk Constabulary,1.381281,52.629815,On or near Maple Way,E01026509,Broadland 017B,Unable to prosecute suspect
4f2180ca07542383ad3dc101e6cc01b60c48a492f80d352d7c15b6758bd5da41,2023-01,Norfolk Constabulary,Norfolk Constabulary,1.723968,52.585113,On or near ,E01026601,Great Yarmouth 009A,Unable to prosecute suspect
a79f7b40b78a7d3b542df06b9aadea8f048a31b2489c60db9f7eadb03ec1e8a3,2023-01,Norfolk Constabulary,Norfolk Constabulary,0.486533,52.931503,On or near Manor Road,E01026683,King's Lynn and West Norfolk 001D,Suspect charged
1d254a825b3d13d892e09cabb212a2b3012805b382c5c6ba80b7532e5ec1f629,2023-01,Norfolk Constabulary,Norfolk Constabulary,1.293693,52.632626,On or near ,E01026823,Norwich 007B,Unable to prosecute suspect
3efd21f7673a6121601e110de64aca7df622d8560828bd877d9c992ea45652a4,2023-01,Norfolk Constabulary,Norfolk Constabulary,1.301283,52.629186,On or near Nightclub,E01033438,Norwich 014A,Suspect charged
28b46a73d857a8023eb24f0f76f30b89d7c21a3e34238aed6d8bdfc7cce132b1,2023-01,Norfolk Constabulary,Norfolk Constabulary,0.429682,52.769708,On or near ,E01026669,King's Lynn and West Norfolk 006A,Unable to prosecute suspect
bbde8f9d97acfa13c4ced01a29c2d57e8846eab80743a60117695e2be3933bc9,2023-01,Norfolk Constabulary,Norfolk Constabulary,0.835092,52.415982,On or near Kilverstone Road,E01026440,Breckland 014B,Unable to prosecute suspect
7bd40cdff16326520ab66f6014e1ff555b8381bfee4ddfb67f0284bb5ff4e37d,2023-01,Norfolk Constabulary,Norfolk Constabulary,,,No location,,,Investigation complete; no suspect identified
fe0fe8c27a3a13e8fc9fb0ba7000662acd46c6bc290d51b88ad964fb1e367142,2023-01,Norfolk Constabulary,Norfolk Constabulary,0.745363,52.413380,On or near Bridge Street,E01026474,Breckland 017A,Investigation complete; no suspect identified
c1ccd46d8e38f2714dafcf40fa79ae95ce3a6fb94dfcc1ddad2b74286a50b030,2023-01,Norfolk Constabulary,Norfolk Constabulary,0.850563,52.571698,On or near Akrotiri Square,E01026487,Breckland 009B,Unable to prosecute suspect
f3d6ff4ed2eefc4813196b9dd62ba1e97ee4435d8c14c1a2092257ae2f1109c7,2023-01,Norfolk Constabulary,Norfolk Constabulary,1.298450,52.630425,On or near Queen Street,E01033438,Norwich 014A,Investigation complete; no suspect identified
cc6b3f29bf8a8afc3d2e33205a777fcca2e5b90c667d92bcf9cd9b4961c1df1b,2023-01,Norfolk Constabulary,Norfolk Constabulary,1.476727,52.852142,On or near Wodehouse Road,E01026752,North Norfolk 007D,Unable to prosecute suspect
e3aa62149701f05c2e188c804f3d19aa1e676440b1d692a229da986ee9495b43,2023-01,Norfolk Constabulary,Norfolk Constabulary,1.736248,52.607581,On or near Brittania Road,E01026623,Great Yarmouth 006B,Investigation complete; no suspect identified
570c477d0075a89cd7f996a46cd8dad4ecdcc4dcc8b022bc694c32bb153881cc,2023-01,Norfolk Constabulary,Norfolk Constabulary,1.109056,52.570881,On or near Church Street,E01026870,South Norfolk 005A,Unable to prosecute suspect
a87a137b8bd156130559a5b64fe8cf9a61266334f1f3364cc129decfff32efe5,2023-01,Norfolk Constabulary,Norfolk Constabulary,1.729453,52.604297,On or near King Street,E01026624,Great Yarmouth 006C,Unable to prosecute suspect
125b7e74328aaa405ade5d9f989ae169a987456611528084ec817dee59e9ce81,2023-01,Norfolk Constabulary,Norfolk Constabulary,0.398005,52.760345,On or near Dobby Drive,E01026688,King's Lynn and West Norfolk 007B,Unable to prosecute suspect
3af4759a5439bfe81b5309d46d0995a29ed0802cf4b679d25ddcc71018086d00,2023-01,Norfolk Constabulary,Norfolk Constabulary,1.297509,52.621062,On or near Holls Lane,E01026853,Norwich 011B,Unable to prosecute suspect
573965aadc0ca18b25b3a1178baaf65c9049d544a070bbaa1b04b61d73fae19d,2023-01,Norfolk Constabulary,Norfolk Constabulary,1.297509,52.621062,On or near Holls Lane,E01026853,Norwich 011B,Unable to prosecute suspect
026a6794c7784ee004f081fb67b6e0bd84d2ff547ed0406d388d20e0b50ea831,2023-01,Norfolk Constabulary,Norfolk Constabulary,0.400537,52.760572,On or near Cresswell Street,E01026689,King's Lynn and West Norfolk 007C,Unable to prosecute suspect
650d45d8c556ad07919290f8661a76b4c6dcf41ded83f2977c329a0775096e31,2023-01,Norfolk Constabulary,Norfolk Constabulary,1.294939,52.633860,On or near Balderston Court,E01026826,Norwich 007E,Unable to prosecute suspect
2982f8f954aaa134f37283e9020de30cd135403310ddc01bbcb343f49c25baa8,2023-01,Norfolk Constabulary,Norfolk Constabulary,0.745064,52.412119,On or near Star Lane,E01026474,Breckland 017A,Investigation complete; no suspect identified
9226be24e68ab95ced2d9bd2a13f3885a78875ca323350563240515689ea2998,2023-01,Norfolk Constabulary,Norfolk Constabulary,1.253129,52.665225,On or near Plantation Road,E01026528,Broadland 010C,Unable to prosecute suspect
3cdc6e1dbeaeb712ff120fa38258ede66ee291c0fd49f80eca7d8dc1d03f2135,2023-01,Norfolk Constabulary,Norfolk Constabulary,1.733633,52.600117,On or near Dagmar Mews,E01026626,Great Yarmouth 006E,Unable to prosecute suspect
b938e3633c1d2bbe908c239ce01a9045d8fa09ec6f7e9f626c4772446d863407,2023-01,Norfolk Constabulary,Norfolk Constabulary,1.729473,52.594456,On or near Barrack Road,E01026622,Great Yarmouth 006A,Unable to prosecute suspect
a0813fcf592dfe91776e0e359e85b722d86f5ff43fc3e62374e3538af06c2948,2023-01,Norfolk Constabulary,Norfolk Constabulary,1.298170,52.634174,On or near Thompsons Yard,E01026823,Norwich 007B,Unable to prosecute suspect
fb0ae62064b6a99e368a88ffafdc0c36ee90b54a532f3ea3d6a98ab695259327,2023-01,Norfolk Constabulary,Norfolk Constabulary,0.489378,52.942953,On or near Lincoln Square South,E01026682,King's Lynn and West Norfolk 001C,Unable to prosecute suspect
fb0ae62064b6a99e368a88ffafdc0c36ee90b54a532f3ea3d6a98ab695259327,2023-01,Norfolk Constabulary,Norfolk Constabulary,0.489378,52.942953,On or near Lincoln Square South,E01026682,King's Lynn and West Norfolk 001C,Unable to prosecute suspect
87e29f9620eec6dafd7732575bfd47e4105722f04129f2d4de26782201efe46b,2023-01,Norfolk Constabulary,Norfolk Constabulary,1.310669,52.901617,On or near Cromer Road,E01026762,North Norfolk 005A,Unable to prosecute suspect
2863e87061912affc890791b59261a6905da1e6835956fb8d506c67aaf2e0d38,2023-01,Norfolk Constabulary,Norfolk Constabulary,1.489621,52.619897,On or near New Road,E01026512,Broadland 014E,Unable to prosecute suspect
ce287137cbd76932eec7db7ada80b3463004e94d0a3b819184006b2e6475b940,2023-01,Norfolk Constabulary,Norfolk Constabulary,1.489621,52.619897,On or near New Road,E01026512,Broadland 014E,Unable to prosecute suspect
a915d32dc4b31d485b5adedf0e858041f9c3d8362e048b34f4547a2440c3944d,2023-01,Norfolk Constabulary,Norfolk Constabulary,0.426735,52.758573,On or near Gloucester Road,E01026714,King's Lynn and West Norfolk 010D,Unable to prosecute suspect
03e2dfe5f24be356d28d670c790822a9ef0ded027e6e2fb1a1370a99e16ebb4c,2023-01,Norfolk Constabulary,Norfolk Constabulary,0.885516,52.626543,On or near Park Estate,E01026451,Breckland 008C,Unable to prosecute suspect
45c602ceb28903dcad5415bcc0b9397a7bd9f00dc4c689f99ece21f16f838087,2023-01,Norfolk Constabulary,Norfolk Constabulary,1.187265,52.664705,On or near Falcon Crescent,E01033538,South Norfolk 001G,Investigation complete; no suspect identified
cfdac3849b9d75b09d5aa96d3b472a5d2dcef262c1deae729a8fc11976f772df,2023-01,Norfolk Constabulary,Norfolk Constabulary,1.295157,52.629690,On or near ,E01026822,Norwich 007A,Investigation complete; no suspect identified
7e808ad2e00862374a6b9296b2176219e1947cba6cdb7f63c74f527cc06d5973,2023-01,Norfolk Constabulary,Norfolk Constabulary,1.711071,52.597796,On or near ,E01026635,Great Yarmouth 007D,Unable to prosecute suspect
507408f4b3e3236ae4c0cf4d590299926ed75514b47c267cd9319e38a504c124,2023-01,Norfolk Constabulary,Norfolk Constabulary,1.189119,52.653207,On or near Ernest Gage Avenue,E01033538,South Norfolk 001G,Investigation complete; no suspect identified
c437d8254c1e07758022d5738a30e42bf19e2882416a478e31d01e390d008127,2023-01,Norfolk Constabulary,Norfolk Constabulary,1.302512,52.624700,On or near Abbey Lane,E01033441,Norwich 014D,Investigation complete; no suspect identified
654bc48994e0dc369c83898930e557f95e3a1cb621f06f6cdf3ec58685b91501,2023-01,Norfolk Constabulary,Norfolk Constabulary,1.489615,52.619070,On or near Centenary Close,E01026513,Broadland 014F,Unable to prosecute suspect
3ddd02e6b84d7865aed1fe4da6dc25bc96fe6a79f9213f835e943f4a45e02858,2023-01,Norfolk Constabulary,Norfolk Constabulary,0.751379,52.412214,On or near Guildhall Street,E01026468,Breckland 016A,Unable to prosecute suspect
641d7175b2167d2b2b5d6b90db42b6bfa1dc78de618706a9c16b5fa05e1e945b,2023-01,Norfolk Constabulary,Norfolk Constabulary,1.295717,52.616094,On or near Walton Road,E01026853,Norwich 011B,Investigation complete; no suspect identified
2432d2c2df4d3e632353e5ad1b87166d20d416c1edf51c19d6ba43873c5b0c6a,2023-01,Norfolk Constabulary,Norfolk Constabulary,1.379527,52.545502,On or near St Peter's Road,E01026876,South Norfolk 006B,Unable to prosecute suspect
0114a50cc06e1897fb899844de70527fdb90505da61684fab9dfdffbcf8aef45,2023-01,Norfolk Constabulary,Norfolk Constabulary,1.483381,52.621898,On or near Orchard Close,E01026512,Broadland 014E,Offender given a caution
fbe1a81c721691e2391f87a32c6e8b8421c7512b40e8b5f551a277110561b3c0,2023-01,Norfolk Constabulary,Norfolk Constabulary,1.396164,52.825795,On or near Preston Road,E01026756,North Norfolk 010D,Unable to prosecute suspect
61a684c7a499145c069ef3362bb533a72fc26f514cf95ab1dd1690995b72f8be,2023-01,Norfolk Constabulary,Norfolk Constabulary,1.396164,52.825795,On or near Preston Road,E01026756,North Norfolk 010D,Unable to prosecute suspect
329d35a707c41a7e9726456c72235179a51a53f9349e40647df7e130a96fa2a6,2023-01,Norfolk Constabulary,Norfolk Constabulary,1.716568,52.574291,On or near Worcester Way,E01026604,Great Yarmouth 009D,Unable to prosecute suspect
6a081afd963289e8a7d37da9a8c1b55725ac02d07a94e700956b74ed9dcd3a7c,2023-01,Norfolk Constabulary,Norfolk Constabulary,1.634026,52.705801,On or near Nursery Close,E01026637,Great Yarmouth 002D,Unable to prosecute suspect
2fe986ac279abbd9d23819ce63fbf7c92588bbf8a8ac7fae702e51a6ee9b886c,2023-01,Norfolk Constabulary,Norfolk Constabulary,0.988872,52.512825,On or near West Carr Road,E01026449,Breckland 011D,Formal action is not in the public interest
e05fa7b3c9eeb2b0d4fe9bea65a93dd8cd4b83e4584c223908edb3a781d06727,2023-01,Norfolk Constabulary,Norfolk Constabulary,1.298664,52.612261,On or near Birkbeck Close,E01026819,Norwich 013D,Unable to prosecute suspect
d3c0d36a79f02a927489261d13a7200cd5e6ef506e61ce70d345161d79030b32,2023-01,Norfolk Constabulary,Norfolk Constabulary,1.209512,52.938147,On or near Copland Drive,E01026773,North Norfolk 001D,Investigation complete; no suspect identified
0e0a063b7037ef2776c35e5a3543d0d9c0a33df6cb3a409c2fea60cba54fa558,2023-01,Norfolk Constabulary,Norfolk Constabulary,0.944087,52.680290,On or near Norwich Street,E01026426,Breckland 005B,Investigation complete; no suspect identified
3c98fcc79f6b5ffa968b2fef45b6dead458777a10540e70d769254f207714da7,2023-01,Norfolk Constabulary,Norfolk Constabulary,0.392019,52.666215,On or near Rowan Close,E01026722,King's Lynn and West Norfolk 015C,Investigation complete; no suspect identified
11a835701dfe2c7275a06f9d021bb0c399939628c168dc0802869ff12dbeded7,2023-01,Norfolk Constabulary,Norfolk Constabulary,1.728484,52.646063,On or near Green Lane,E01026594,Great Yarmouth 003F,Action to be taken by another organisation
edc33e87166cb4545b751f67012425e6adb5ba12695f1e5bc1f56fb4bcd9c0c3,2023-01,Norfolk Constabulary,Norfolk Constabulary,1.293674,52.629218,On or near ,E01026823,Norwich 007B,Unable to prosecute suspect
7f70ca5a4625b9fe0740d2652c96050755c279a2c67ae8de1847e0150fde42e5,2023-01,Norfolk Constabulary,Norfolk Constabulary,0.381842,52.742840,On or near ,E01026705,King's Lynn and West Norfolk 011E,Investigation complete; no suspect identified
66b40cd6b31dc8d6953c06341ce06da41f12dead4507555b62f990b931081152,2023-01,Norfolk Constabulary,Norfolk Constabulary,1.305263,52.625909,On or near ,E01033439,Norwich 014B,Unable to prosecute suspect
5bdc589a8a58ff13422f5a19efdf067b414a51a44f84a3420282253da3fb970d,2023-01,Norfolk Constabulary,Norfolk Constabulary,1.295213,52.627089,On or near Orford Street,E01026822,Norwich 007A,Unable to prosecute suspect
de33efb7cc6a855938a20a1a6eee6f2805b995c35286532aac774434965998cb,2023-01,Norfolk Constabulary,Norfolk Constabulary,1.289681,52.648495,On or near Rackham Road,E01026800,Norwich 001D,Unable to prosecute suspect
d30524f342cb0ec6eaaa2c25e24b1419c18d93ed867226b788287f7273bf72ab,2023-01,Norfolk Constabulary,Norfolk Constabulary,1.102914,52.903984,On or near Partridge Way,E01026743,North Norfolk 004C,Unable to prosecute suspect
e8274def981374b7971da84a1f1cf976bc74d2e6c977ccc333e58908d4eff758,2023-01,Norfolk Constabulary,Norfolk Constabulary,1.102914,52.903984,On or near Partridge Way,E01026743,North Norfolk 004C,Unable to prosecute suspect
575ee5875f111c6f0deb5c12041dcd63f062d2a191753aa09b7f8968a3443a15,2023-01,Norfolk Constabulary,Norfolk Constabulary,1.249694,52.658017,On or near Wensum Meadows Road,E01026529,Broadland 010D,Action to be taken by another organisation
8e90b835091855060dee3ed7eb1213bf1e65a7c9c7441f8c8f6ebec8138730cb,2023-01,Norfolk Constabulary,Norfolk Constabulary,1.383448,52.814826,On or near Rayna Loke,E01026760,North Norfolk 010H,Unable to prosecute suspect
d8c3df82d2decd879698ed1aaa731007b18882ea92d7a701828d602448a2e1da,2023-01,Norfolk Constabulary,Norfolk Constabulary,1.304965,52.645083,On or near Gilman Road,E01026842,Norwich 003B,Unable to prosecute suspect
c9592bf06c5ce6d19fbc361c714ffbe2cfed36a66dd8fcd6e76ad490daffc4b1,2023-01,Norfolk Constabulary,Norfolk Constabulary,0.527730,52.483258,On or near Wilton Road,E01026648,King's Lynn and West Norfolk 019A,Unable to prosecute suspect
d21bca092f404a2792d11fd0490a50fb4f3bf376922c16ec4850d66df2d9d25b,2023-01,Norfolk Constabulary,Norfolk Constabulary,1.293319,52.621943,On or near ,E01026853,Norwich 011B,Investigation complete; no suspect identified
cd4db4f120e7efee33041dd48880abb1c76cacc5c5cdd5a95dc37909645ac26e,2023-01,Norfolk Constabulary,Norfolk Constabulary,0.503247,52.905275,On or near ,E01026676,King's Lynn and West Norfolk 003A,Unable to prosecute suspect
4ec94bad27dcda44afd7043167cb9a36ab5adf77b7c61caf40c64f62765d61ac,2023-01,Norfolk Constabulary,Norfolk Constabulary,0.692186,52.632931,On or near Blackberry Way,E01026455,Breckland 007A,Investigation complete; no suspect identified
405790eb45d1e679c4e623a46efb525c99b546cb221b2869087e19129671fe0c,2023-01,Norfolk Constabulary,Norfolk Constabulary,0.446684,52.756605,On or near ,E01026714,King's Lynn and West Norfolk 010D,Suspect charged
cf90670079b9c4b3a0e39dcee5ed980351db8a3171d4efc395795887b3a64431,2023-01,Norfolk Constabulary,Norfolk Constabulary,0.846718,52.829643,On or near Quaker Lane,E01026747,North Norfolk 011C,Unable to prosecute suspect
bf3e27057e336c7035526736df65f60ed7de1cc84c4f11f8d3b079df8ffef40a,2023-01,Norfolk Constabulary,Norfolk Constabulary,0.946120,52.681471,On or near John Bates Close,E01026426,Breckland 005B,Investigation complete; no suspect identified
81f4c004fb36fca337b2d4dc9ea344d201d2462ff0af9f5a33cc7c2392dca6bd,2023-01,Norfolk Constabulary,Norfolk Constabulary,0.422998,52.752131,On or near Oak Circle,E01026666,King's Lynn and West Norfolk 009A,Unable to prosecute suspect
aa2e23de9cf4474d76b5d5ccba725d87742df79e95ededafe425bbf9c63b98be,2023-01,Norfolk Constabulary,Norfolk Constabulary,1.287323,52.638748,On or near St Martins Close,E01026831,Norwich 002D,Unable to prosecute suspect
e9ff2c845efa52315beaba329f1b4c0f8ad1859c6e2bca0470fb659860746a6e,2023-01,Norfolk Constabulary,Norfolk Constabulary,1.729638,52.624187,On or near Keyes Avenue,E01026641,Great Yarmouth 004D,Investigation complete; no suspect identified
b3bcd009857f67c2778ec533fc520bc0d595156be9dbb9335f6a56f5c82ce062,2023-01,Norfolk Constabulary,Norfolk Constabulary,1.731768,52.611707,On or near Audley Street,E01026598,Great Yarmouth 005D,Unable to prosecute suspect
b3bcd009857f67c2778ec533fc520bc0d595156be9dbb9335f6a56f5c82ce062,2023-01,Norfolk Constabulary,Norfolk Constabulary,1.731768,52.611707,On or near Audley Street,E01026598,Great Yarmouth 005D,Unable to prosecute suspect
b3bcd009857f67c2778ec533fc520bc0d595156be9dbb9335f6a56f5c82ce062,2023-01,Norfolk Constabulary,Norfolk Constabulary,1.731768,52.611707,On or near Audley Street,E01026598,Great Yarmouth 005D,Unable to prosecute suspect
5111cb83ca5d459927058113729a4ffa201d4e8e754835fa829dd4b921852a88,2023-01,Norfolk Constabulary,Norfolk Constabulary,1.733831,52.614943,On or near Midland Close,E01026595,Great Yarmouth 005A,Investigation complete; no suspect identified
bca5ddbb867b60964560d1e83b3af646cffcc2a573abacb30fba63bdf3205740,2023-01,Norfolk Constabulary,Norfolk Constabulary,1.252054,52.795579,On or near Red Lion Street,E01026499,Broadland 001A,Unable to prosecute suspect
60d432e06bbdea57abe5f1a0a75287c5c3456b4ca464f7920302d8f6c7d0eff9,2023-01,Norfolk Constabulary,Norfolk Constabulary,1.260003,52.606156,On or near Kingswood Close,E01026812,Norwich 012C,Unable to prosecute suspect
3248800c785d341990c265c147abe30447aafe42d0a84b3809a5b4ad1b7b404a,2023-01,Norfolk Constabulary,Norfolk Constabulary,1.196681,52.687295,On or near Cedar Court,E01026564,Broadland 006C,Unable to prosecute suspect
fcfb1bf7e3392af31587d7bc4dd02ad937011935ca18c9c26a31141a9ebe8686,2023-01,Norfolk Constabulary,Norfolk Constabulary,1.121298,52.500932,On or near Rectory Lane,E01026878,South Norfolk 011B,Unable to prosecute suspect
fcfb1bf7e3392af31587d7bc4dd02ad937011935ca18c9c26a31141a9ebe8686,2023-01,Norfolk Constabulary,Norfolk Constabulary,1.121298,52.500932,On or near Rectory Lane,E01026878,South Norfolk 011B,Unable to prosecute suspect
597f8628bfc2c2bfeec944b3eec04a9e3366b6b52da32cb7e4a8390f700254a8,2023-01,Norfolk Constabulary,Norfolk Constabulary,0.401852,52.747292,On or near Lynwood Terrace,E01026700,King's Lynn and West Norfolk 011C,Unable to prosecute suspect
b7f5fd918735d5c49c851f3d0b84b11a9e0d58c5878d960d00b833a462312770,2023-01,Norfolk Constabulary,Norfolk Constabulary,0.955962,52.672962,On or near ,E01026427,Breckland 005C,Unable to prosecute suspect
c78ee694cc6b3f51c8e5a5baacf435de8349f12333ba11dc90df8f204cad86bb,2023-01,Norfolk Constabulary,Norfolk Constabulary,1.717980,52.561672,On or near ,E01026617,Great Yarmouth 011A,Unable to prosecute suspect
30e1da91dd6ddf6185829265c1fd8b8d5537473869e4858674cf9db847ac2513,2023-01,Norfolk Constabulary,Norfolk Constabulary,1.726111,52.573658,On or near Keppel Road,E01026631,Great Yarmouth 010E,Unable to prosecute suspect
10457233cab8839734b8f64ab5b1ef1c0e09fb30360d210b72577603c8c2c36b,2023-01,Norfolk Constabulary,Norfolk Constabulary,0.401852,52.747292,On or near Lynwood Terrace,E01026700,King's Lynn and West Norfolk 011C,Unable to prosecute suspect
283141b84daaf66d0e6157194aaac2704dd2ae7f1ddddd5d7d9be503975c751e,2023-01,Norfolk Constabulary,Norfolk Constabulary,1.595115,52.742021,On or near ,E01026785,North Norfolk 014E,Investigation complete; no suspect identified
e8488f42f8b9fd019aeedc49ac3ffb70caca4ea143b5c4c9b3b843a4b53af5ce,2023-01,Norfolk Constabulary,Norfolk Constabulary,0.955962,52.672962,On or near ,E01026427,Breckland 005C,Unable to prosecute suspect
d9144917ecb59ce0f6d40645ad8348627f8a7dadee96a5b3c56ad3bbff4894fb,2023-01,Norfolk Constabulary,Norfolk Constabulary,1.303123,52.623010,On or near King Street,E01033441,Norwich 014D,Unable to prosecute suspect
e793e0127f92edc7673dfce4a02989e4d10ddb5450b138b43080d1814b418f60,2023-01,Norfolk Constabulary,Norfolk Constabulary,0.817714,52.707193,On or near Mill Drift,E01026443,Breckland 002B,Unable to prosecute suspect
370be48e3ad90a1d53093579a156163e76b416bca538ebb5945c526dce8addb4,2023-01,Norfolk Constabulary,Norfolk Constabulary,1.727359,52.605739,On or near ,E01026625,Great Yarmouth 006D,Offender given a caution
370be48e3ad90a1d53093579a156163e76b416bca538ebb5945c526dce8addb4,2023-01,Norfolk Constabulary,Norfolk Constabulary,1.727359,52.605739,On or near ,E01026625,Great Yarmouth 006D,Offender given a caution
272b2a1658b1ca75b1bf91be4cdc1ab5c240ffe59861a70117a798024cd2ce73,2023-01,Norfolk Constabulary,Norfolk Constabulary,0.388677,52.556348,On or near Manby Close,E01026679,King's Lynn and West Norfolk 018A,Unable to prosecute suspect
faf8203c8d348ec3c17a7dd57c0316f4a157b72fc1a3b40186b557d92919707a,2023-01,Norfolk Constabulary,Norfolk Constabulary,1.295722,52.642697,On or near Taylors Buildings,E01026846,Norwich 003F,Unable to prosecute suspect
03d342f34553f1b58fdc500055acdb4c7b765a1a463ece1b325e32086061f4a2,2023-01,Norfolk Constabulary,Norfolk Constabulary,1.280327,52.648367,On or near Glenmore Gardens,E01026834,Norwich 002G,Unable to prosecute suspect
66b30452ec042deae48ae3c38d466a5769c6280cf35765fcaff7aa6ee613a408,2023-01,Norfolk Constabulary,Norfolk Constabulary,0.739852,52.406089,On or near Fulmerston Road,E01026477,Breckland 017D,Unable to prosecute suspect
dd24a8bedddc98a4163890f690c2eeeed6f954dbb1e1a7a893e8be74d929ce5a,2023-01,Norfolk Constabulary,Norfolk Constabulary,1.247934,52.632290,On or near Fellowes Close,E01026865,Norwich 006C,Unable to prosecute suspect
5a91af7e84caf1799e3c5e6a02deddc6a1ce0bbb4e01e959814f821135ed82cd,2023-01,Norfolk Constabulary,Norfolk Constabulary,,,No location,,,Investigation complete; no suspect identified
cb2e6aa9e7386ef83862332c12a1d1f0deddc3d50032969636ff7c2a293dfccf,2023-01,Norfolk Constabulary,Norfolk Constabulary,1.489615,52.619070,On or near Centenary Close,E01026513,Broadland 014F,Unable to prosecute suspect
ccf5fe2beee7d7d1e8729e8ffa2ea1eaef2b74648ccdb19380998728af89599a,2023-01,Norfolk Constabulary,Norfolk Constabulary,1.403627,52.638159,On or near Hamilton Close,E01026545,Broadland 008A,Unable to prosecute suspect
aaaaf24f820f26ddd02bddd655aae15826fa3a3239c0edf4c5ee53f8ceb3e481,2023-01,Norfolk Constabulary,Norfolk Constabulary,1.123009,52.565342,On or near Esprit Close,E01026884,South Norfolk 007A,Unable to prosecute suspect
dabca94f07241d0b9a42075fb6b0faab825b7ced6b536b66a66ab7bcf7142bd5,2023-01,Norfolk Constabulary,Norfolk Constabulary,0.944270,52.688945,On or near Northgate,E01026431,Breckland 003D,Unable to prosecute suspect
1797ceb647bbb91eaf19da3dab473ba4c9074717d553a699854b89cf643d76e5,2023-01,Norfolk Constabulary,Norfolk Constabulary,1.123009,52.565342,On or near Esprit Close,E01026884,South Norfolk 007A,Unable to prosecute suspect
96bdbbc0e03d7ed4d33d19c0160d9ca66dec5ddcce39f51dd8b3a039c9576748,2023-01,Norfolk Constabulary,Norfolk Constabulary,0.863681,52.830215,On or near Wensum Way,E01026749,North Norfolk 011E,Unable to prosecute suspect
eae6265b66036488bf6077ace8653067b800174b86fb08ece86608df063b6fd3,2023-01,Norfolk Constabulary,Norfolk Constabulary,1.732934,52.619847,On or near Walpole Road,E01026639,Great Yarmouth 004B,Investigation complete; no suspect identified
ba7ed2c3ab0679e349d2f889f1650498f668754eba42005394a2dcc590623009,2023-01,Norfolk Constabulary,Norfolk Constabulary,1.276662,52.640690,On or near Heigham Watering,E01026825,Norwich 007D,Suspect charged
2cce0cfdc802a883a512e8845631e1897c4d9f048cac72d45e40a860c0b894f6,2023-01,Norfolk Constabulary,Norfolk Constabulary,0.428262,52.581763,On or near Hilgay Road,E01026727,King's Lynn and West Norfolk 018B,Investigation complete; no suspect identified
e3a658811218c0eaa4cd8a7c31b427fddcbdc61ab06ce637f13ab0c67397196f,2023-01,Norfolk Constabulary,Norfolk Constabulary,1.291432,52.625152,On or near ,E01026822,Norwich 007A,Investigation complete; no suspect identified
60f476118f5f8e225f730e94ea24c4458ba17ced3166e0c87ec2bb3d14f9602a,2023-01,Norfolk Constabulary,Norfolk Constabulary,1.238000,52.794138,On or near Cottage End,E01026502,Broadland 001D,Unable to prosecute suspect
46da262b9f0b9fdb507b30d06c7c85d2486c5d4f6b827a2c00b6a0eb8c0774a3,2023-01,Norfolk Constabulary,Norfolk Constabulary,1.730143,52.575932,On or near Bell's Marsh Road,E01026631,Great Yarmouth 010E,Unable to prosecute suspect
2ce77fa60ecd485b3fc2c392cad2b70c6797415cf709e27714d3313411a8e83f,2023-01,Norfolk Constabulary,Norfolk Constabulary,0.431776,52.749550,On or near Fernlea Road,E01026662,King's Lynn and West Norfolk 010A,Unable to prosecute suspect
31a4fe52289434a697ce84e2c9953daa6021d5e266651b26fd0824986b996513,2023-01,Norfolk Constabulary,Norfolk Constabulary,1.727850,52.607172,On or near Theatre Plain,E01026597,Great Yarmouth 005C,Investigation complete; no suspect identified
860afe5e2eb69bcb93e541384b8f8f99b22f551aec0665c64e1cec240038bab4,2023-01,Norfolk Constabulary,Norfolk Constabulary,1.323582,52.790124,On or near School Lane,E01026789,North Norfolk 012D,Local resolution
efdf6741b3054767d7bf230470c24af14a6766c2529dcf0d49e1890e5c84cb30,2023-01,Norfolk Constabulary,Norfolk Constabulary,1.285207,52.630641,On or near Wellington Lane,E01026822,Norwich 007A,Unable to prosecute suspect
46ebf9cbdcb1b16737bdbc0768abdce1ba29083005d6d3ce52375fde6e7b6105,2023-01,Norfolk Constabulary,Norfolk Constabulary,1.295157,52.629690,On or near ,E01026822,Norwich 007A,Investigation complete; no suspect identified
25bb765777cc5f39f6ee5b8753595615680e65d426f161ea4389ea38b7a02152,2023-01,Norfolk Constabulary,Norfolk Constabulary,1.728752,52.578504,On or near Bussey's Lane,E01026630,Great Yarmouth 010D,Investigation complete; no suspect identified
da8f0dff1f1579e0b65eb3cc73db4a5e79f3016e0873873f9458d5d8133491ff,2023-01,Norfolk Constabulary,Norfolk Constabulary,1.305263,52.625909,On or near ,E01033439,Norwich 014B,Unable to prosecute suspect
6294a413a658d25820d68cbd9eeecb4be111da92139228abfff8026aa0df74f2,2023-01,Norfolk Constabulary,Norfolk Constabulary,0.747696,52.406905,On or near St Michael's Close,E01026477,Breckland 017D,Unable to prosecute suspect
2150ee9fcedd18a220d57a5b28fd1f4af245fec2ca94a1850d7b6e8747d0a3ed,2023-01,Norfolk Constabulary,Norfolk Constabulary,,,No location,,,Unable to prosecute suspect
bc184b3b8d6b50c132c0fa5334dd3e85a2d87ae1c5c28162fcb7a0ae72e51ab9,2023-01,Norfolk Constabulary,Norfolk Constabulary,0.430522,52.753110,On or near Butterwick,E01026662,King's Lynn and West Norfolk 010A,Unable to prosecute suspect
d69228217570e41caa2c7dd0381296351415494522eafe0eb0a57d5ca4aad6df,2023-01,Norfolk Constabulary,Norfolk Constabulary,0.849328,52.869723,On or near Hillside,E01026782,North Norfolk 009B,Unable to prosecute suspect
f7d685188c4a712a2293e1945081dbccf508ba77ea743b26e13b018a1303bc75,2023-01,Norfolk Constabulary,Norfolk Constabulary,0.361773,52.701296,On or near Lynn Road,E01026726,King's Lynn and West Norfolk 015D,Investigation complete; no suspect identified
196833615cf070983f8d0992abdc132b0ead563cf7e45bed957e7113fd82492a,2023-01,Norfolk Constabulary,Norfolk Constabulary,0.846661,52.830355,On or near Old Post Office Street,E01026747,North Norfolk 011C,Unable to prosecute suspect
f4c832f4367026d61ff2bf56e99b2d6b92805ea4807b72a58024116deba200c0,2023-01,Norfolk Constabulary,Norfolk Constabulary,0.415027,52.766087,On or near Reid Way,E01026690,King's Lynn and West Norfolk 007D,Unable to prosecute suspect
4a99f2ecfdcc039656f466ed74166de25a0246bce7d5eee872d5c10eabd1b6ff,2023-01,Norfolk Constabulary,Norfolk Constabulary,1.731731,52.593737,On or near Copperfield Avenue,E01026622,Great Yarmouth 006A,Unable to prosecute suspect
471208ee3d8b88b106d3615814f718fc821e814717896ef142094254b7a37016,2023-01,Norfolk Constabulary,Norfolk Constabulary,0.942873,52.685338,On or near Emelson Close,E01026431,Breckland 003D,Investigation complete; no suspect identified
4593ea444aa516ac09c180985591067bb767fb277cda1a82251b46f317e34e68,2023-01,Norfolk Constabulary,Norfolk Constabulary,0.849328,52.869723,On or near Hillside,E01026782,North Norfolk 009B,Unable to prosecute suspect
b840392fa44656f8d7827898e55a1f9243a79610784e673de17c336df459902d,2023-01,Norfolk Constabulary,Norfolk Constabulary,1.727850,52.607172,On or near Theatre Plain,E01026597,Great Yarmouth 005C,Investigation complete; no suspect identified
d1b294d5659483932be865077b742ba9cbf631b2b6999218e035678ceda226ec,2023-01,Norfolk Constabulary,Norfolk Constabulary,1.292367,52.626970,On or near William Booth Street,E01026822,Norwich 007A,Investigation complete; no suspect identified
8e303c355e4361670f5d337740e800350597f1bf62e624f5d1ada5b29c448db8,2023-01,Norfolk Constabulary,Norfolk Constabulary,1.292090,52.628795,On or near St Peters Street,E01026822,Norwich 007A,Investigation complete; no suspect identified
4983f3651971994cf714673daa3507905fc57cf1d0b5772dca1a8cf24b6f01dc,2023-01,Norfolk Constabulary,Norfolk Constabulary,0.438932,52.606425,On or near Main Road,E01026727,King's Lynn and West Norfolk 018B,Investigation complete; no suspect identified
2fefa6118cde78168db296a4e23f5a564f8f844552dc4c2d776d18f38becbc6e,2023-01,Norfolk Constabulary,Norfolk Constabulary,,,No location,,,Offender given a caution
10267ffc061618821bb9d106d101a9e15c15564d7f7f6cd330b48309c6563dc5,2023-01,Norfolk Constabulary,Norfolk Constabulary,0.422381,52.750615,On or near Parkway,E01026666,King's Lynn and West Norfolk 009A,Unable to prosecute suspect
10267ffc061618821bb9d106d101a9e15c15564d7f7f6cd330b48309c6563dc5,2023-01,Norfolk Constabulary,Norfolk Constabulary,0.422381,52.750615,On or near Parkway,E01026666,King's Lynn and West Norfolk 009A,Unable to prosecute suspect
4fc9f513cbc436546830a0615a936e553c31170cf9498c45b88765cf4f800dec,2023-01,Norfolk Constabulary,Norfolk Constabulary,1.727359,52.605739,On or near ,E01026625,Great Yarmouth 006D,Unable to prosecute suspect
231f959332793dfacc6703a43634411664e59e54b2c79970b79e01b46e57af93,2023-01,Norfolk Constabulary,Norfolk Constabulary,1.286014,52.931935,On or near Howards Hill Close,E01026736,North Norfolk 003C,Unable to prosecute suspect
bf32cbba9180bd0f42799a2afc0135d81c6d6df14747985c2b1a7e19bd1e205e,2023-01,Norfolk Constabulary,Norfolk Constabulary,1.302385,52.921750,On or near Heartwell Road,E01026777,North Norfolk 003D,Unable to prosecute suspect
cb0d375a9d609c5330b68fa49554c9a106d4750237c0ebc5029623d1a29c17f7,2023-01,Norfolk Constabulary,Norfolk Constabulary,1.287464,52.648304,On or near Eglington Mews,E01026830,Norwich 002C,Unable to prosecute suspect
563d7b8b8cf8286f301ca44b46571798716a1c221c93c9e58a111fb45ac49e5b,2023-01,Norfolk Constabulary,Norfolk Constabulary,1.207435,52.647865,On or near Johnson Close,E01026925,South Norfolk 001F,Investigation complete; no suspect identified
969e106e173c9d543777c79622915c7ebdb99964acab46f6aa1ec53e07fda9d4,2023-01,Norfolk Constabulary,Norfolk Constabulary,0.399606,52.755771,On or near Norfolk Street,E01026698,King's Lynn and West Norfolk 011A,Unable to prosecute suspect
94fd471d88300db9a83a0fb12c543458f5cde292990766ec5d0177b46904194d,2023-01,Norfolk Constabulary,Norfolk Constabulary,1.244495,52.637753,On or near Clarkson Road,E01026867,Norwich 006E,Unable to prosecute suspect
2bd2f4f7c9d3756aa58d52f55f198f05465e9614f7b92bbcff108ff5817fd9dc,2023-01,Norfolk Constabulary,Norfolk Constabulary,1.287464,52.648304,On or near Eglington Mews,E01026830,Norwich 002C,Unable to prosecute suspect
8907b4a9ed7aff3f5fee78eb6aca0a770e4151c9f557aab8a307fcf29d6eaa35,2023-01,Norfolk Constabulary,Norfolk Constabulary,1.127347,52.579428,On or near Cedar Court,E01026933,South Norfolk 007C,Investigation complete; no suspect identified
f8d9c0c1ed80fdee3302acf3f534cb79b79b978a0b12f9a4e653186eca8f8536,2023-01,Norfolk Constabulary,Norfolk Constabulary,1.734671,52.600516,On or near Camperdown,E01026626,Great Yarmouth 006E,Unable to prosecute suspect
9d0210779d6f88050785db7f5127389aba8c3007e34401f8081ff7342d34e30f,2023-01,Norfolk Constabulary,Norfolk Constabulary,1.109768,52.381605,On or near Jennings Way,E01026889,South Norfolk 015B,Unable to prosecute suspect
ad8d882b82ba42368c1dbbf477aed3107e99dd25d8dc03c4a18bb83e41a286cc,2023-01,Norfolk Constabulary,Norfolk Constabulary,1.486929,52.674085,On or near Priory Road,E01026504,Broadland 014A,Investigation complete; no suspect identified
6d7a66df02907b26f3f28fef6a9a6184c2c9e6572bb262aacf9e1def2d3e99a0,2023-01,Norfolk Constabulary,Norfolk Constabulary,1.718818,52.613554,On or near ,E01026597,Great Yarmouth 005C,Unable to prosecute suspect
ce1e809f36cd6f8f8916fcc331543eab259ee1d2a562aa6a9ff89e4337014626,2023-01,Norfolk Constabulary,Norfolk Constabulary,0.744311,52.411588,On or near St Mary's Court,E01026474,Breckland 017A,Investigation complete; no suspect identified
9244bdf4625b41d58859dbbc9b7c0f4f62f91e0495357ae98c35ab3f87b15041,2023-01,Norfolk Constabulary,Norfolk Constabulary,1.207435,52.647865,On or near Johnson Close,E01026925,South Norfolk 001F,Unable to prosecute suspect
72b68be7c2b87da48fbc3cf2b73831856b1a85fb91a863789b0a362d88d9ed41,2023-01,Norfolk Constabulary,Norfolk Constabulary,0.397766,52.750603,On or near Stonegate Street,E01026699,King's Lynn and West Norfolk 011B,Unable to prosecute suspect
500696d4c814084af5fe42c2245a01c34de6da53300425ebfb0ee2730bf0a32b,2023-01,Norfolk Constabulary,Norfolk Constabulary,1.728302,52.608309,On or near Market Gates,E01026597,Great Yarmouth 005C,Unable to prosecute suspect
b63789f67141819d810105c822f075812a892d0d1b1c604fa236d0afbb6f2f07,2023-01,Norfolk Constabulary,Norfolk Constabulary,0.600503,52.588239,On or near The Street,E01026444,Breckland 012B,Unable to prosecute suspect
25ea3f4da3d2bee122f35906a84d7e77ed45216245063face5e4623330cee969,2023-01,Norfolk Constabulary,Norfolk Constabulary,0.434340,52.563313,On or near Straight Drove,E01026727,King's Lynn and West Norfolk 018B,Investigation complete; no suspect identified
4828b1976fe298be283ad77d13ce546fc914b02c32758a7f9307696d32e340c2,2023-01,Norfolk Constabulary,Norfolk Constabulary,1.733409,52.604262,On or near St George's Road,E01026624,Great Yarmouth 006C,Unable to prosecute suspect
1187117615ae0a11a586fd56ee8d945fa5f2e8b4672f7d6132dcbf84a58e3c5b,2023-01,Norfolk Constabulary,Norfolk Constabulary,1.704012,52.588375,On or near Whimbrel Drive,E01026581,Great Yarmouth 008A,Unable to prosecute suspect
171dfdd429b4e33fef9b34290544b26fa547bc2df818f6eeb20c6c8439a42ede,2023-01,Norfolk Constabulary,Norfolk Constabulary,1.277388,52.622934,On or near Durham Street,E01026856,Norwich 011E,Action to be taken by another organisation
055646519a6e4eef8af33d2495a2ae50f91ec3d92d0b9b44b034a8223d38d75c,2023-01,Norfolk Constabulary,Norfolk Constabulary,1.344136,52.569946,On or near Overtons Way,E01026928,South Norfolk 006E,Investigation complete; no suspect identified
3a60e2f7010112450758273a714f865419a1211a0ef24538842f7cfa191dcf1e,2023-01,Norfolk Constabulary,Norfolk Constabulary,1.249157,52.794138,On or near ,E01026500,Broadland 001B,Unable to prosecute suspect
a32eacef74befd2a67052fd2f0a352d4a8b7a1f79f3c4c2ebf277e303e875bc9,2023-01,Norfolk Constabulary,Norfolk Constabulary,1.167775,52.533457,On or near Old Hall Close,E01026897,South Norfolk 011C,Unable to prosecute suspect
2e5fa6a811354c804ce5e22da9600438b19cd43c00243f9e3274909c2079d886,2023-01,Norfolk Constabulary,Norfolk Constabulary,1.216327,52.630617,On or near Bladewater Road,E01033435,Norwich 005G,Unable to prosecute suspect
b2f755b5d8e40207fc4d8a06ac4bfaf45cf980db4990f960a2042fa532f5ad06,2023-01,Norfolk Constabulary,Norfolk Constabulary,1.733218,52.625262,On or near Beatty Road,E01026640,Great Yarmouth 004C,Unable to prosecute suspect
d076d1d7abc8014ea98644c96fccfa077f42af1ad794a960edeed4af8a109c73,2023-01,Norfolk Constabulary,Norfolk Constabulary,1.307062,52.648172,On or near Black Horse Opening,E01026802,Norwich 001F,Suspect charged
d4ffe0e7215cd00beecc295be0375b6d4b1ca4a893f8533558ea3f0404dbb4ad,2023-01,Norfolk Constabulary,Norfolk Constabulary,1.344136,52.569946,On or near Overtons Way,E01026928,South Norfolk 006E,Investigation complete; no suspect identified
355afce68791ed68b6fcdefcad9674a20b0251f44322366ea0263a452985e0f4,2023-01,Norfolk Constabulary,Norfolk Constabulary,1.733753,52.617491,On or near North Denes Road,E01026595,Great Yarmouth 005A,Unable to prosecute suspect
5f4cfb91b11d24d2354f3a90624065786c58088bb7cb9339d2c62f3c3f50c04d,2023-01,Norfolk Constabulary,Norfolk Constabulary,1.111079,52.570318,On or near ,E01026870,South Norfolk 005A,Unable to prosecute suspect
e767cd5b56254b1bb7a17acb3b059d442d44b496994f3358384c3f3f8ae34bb3,2023-01,Norfolk Constabulary,Norfolk Constabulary,1.289766,52.625801,On or near ,E01026822,Norwich 007A,Suspect charged
e767cd5b56254b1bb7a17acb3b059d442d44b496994f3358384c3f3f8ae34bb3,2023-01,Norfolk Constabulary,Norfolk Constabulary,1.289766,52.625801,On or near ,E01026822,Norwich 007A,Suspect charged
89a63ae822859ad866e70267788da3699c94c21a54851f23967de42ca3e19c74,2023-01,Norfolk Constabulary,Norfolk Constabulary,1.728878,52.612131,On or near Ferrier Close,E01026595,Great Yarmouth 005A,Investigation complete; no suspect identified
05e8d544a80dc5d84077e98b68de97ba2a310a94026021bdd569aa668dc93fcb,2023-01,Norfolk Constabulary,Norfolk Constabulary,0.993518,52.505495,On or near Waller Drive,E01026422,Breckland 011A,Investigation complete; no suspect identified
94cba358a35cedf7280b950001a3d88752bc2263bbf1da79a5f71144e73aabde,2023-01,Norfolk Constabulary,Norfolk Constabulary,1.728098,52.612858,On or near Town Wall Road,E01026595,Great Yarmouth 005A,Investigation complete; no suspect identified
1b4023812fabb07822e180b08a650ef6f6856a48005b00fac75db1bc742efce2,2023-01,Norfolk Constabulary,Norfolk Constabulary,1.732694,52.604536,On or near Nelson Road Central,E01026624,Great Yarmouth 006C,Unable to prosecute suspect
1b4023812fabb07822e180b08a650ef6f6856a48005b00fac75db1bc742efce2,2023-01,Norfolk Constabulary,Norfolk Constabulary,1.732694,52.604536,On or near Nelson Road Central,E01026624,Great Yarmouth 006C,Unable to prosecute suspect
b52c41a08cb43bfb329d3bb1a69a37f00cd752d125c6ff6a5bd7619e351b4e94,2023-01,Norfolk Constabulary,Norfolk Constabulary,,,No location,,,Unable to prosecute suspect
ae36bffcf152c7551ed4446bbd59656189cf5178301508cf11d98b1d06e9eca1,2023-01,Norfolk Constabulary,Norfolk Constabulary,0.759814,52.891333,On or near Burnham Road,E01026695,King's Lynn and West Norfolk 002D,Investigation complete; no suspect identified
d5c56d3c2a0e15a96b2cf9332bd10809a292e0b6e38ae5b472d620bbe5b5aed4,2023-01,Norfolk Constabulary,Norfolk Constabulary,1.223281,52.626695,On or near Old Watton Road,E01026883,South Norfolk 002C,Unable to prosecute suspect
6da5edf471dadab3dba8272de009ce8119f62d4c94a2a08b4b6455cfca7123a1,2023-01,Norfolk Constabulary,Norfolk Constabulary,1.731731,52.593737,On or near Copperfield Avenue,E01026622,Great Yarmouth 006A,Unable to prosecute suspect
380ba77b5c1834dae9f0cde7dadf792005074976b869abefecacd3fa5b1df04d,2023-01,Norfolk Constabulary,Norfolk Constabulary,1.282119,52.644666,On or near Berners Street,E01026830,Norwich 002C,Unable to prosecute suspect
56b7abe53baf46e2c65bfc44db99908123fe34a01ea7c2d0d6e765ea50d0edfd,2023-01,Norfolk Constabulary,Norfolk Constabulary,1.310368,52.636559,On or near Heathgate,E01026848,Norwich 015A,Suspect charged
6f78bb1db43765716f2fa09e476166b2a29fe91cf0f32969e910637dd3f4eeac,2023-01,Norfolk Constabulary,Norfolk Constabulary,1.310368,52.636559,On or near Heathgate,E01026848,Norwich 015A,Suspect charged
f4d69c6630d3f232fa74e916dd2ae4317648214e2f0a194fbaf0764b3c7ebbd8,2023-01,Norfolk Constabulary,Norfolk Constabulary,1.700508,52.583780,On or near Kingfisher Close,E01026583,Great Yarmouth 008C,Investigation complete; no suspect identified
9f0fe4eb1356b7d57540a2bd3a76ede0b1f0968c07db398eb03e198841b2fc61,2023-01,Norfolk Constabulary,Norfolk Constabulary,1.323170,52.632261,On or near Pilling Park Road,E01026808,Norwich 004F,Unable to prosecute suspect
66699547237f21ab2aec275c9bd4f9591ba4cca5798f40e63ed73749e8dc4dc8,2023-01,Norfolk Constabulary,Norfolk Constabulary,0.403513,52.747870,On or near Garden Row,E01026700,King's Lynn and West Norfolk 011C,Unable to prosecute suspect
d860e2c2a8cf8428b4d7283efb1b29219b6c69e32f2b30fb2e7f7f9e8d523be2,2023-01,Norfolk Constabulary,Norfolk Constabulary,1.065506,52.468550,On or near Southgate,E01026435,Breckland 013B,Investigation complete; no suspect identified
2831d8d94585675daddda5b489ccc2c1f856e62c5f39bb64d7fc3c1098226972,2023-01,Norfolk Constabulary,Norfolk Constabulary,1.729638,52.624187,On or near Keyes Avenue,E01026641,Great Yarmouth 004D,Investigation complete; no suspect identified
370d099baeda5798437dbe6e058149aaaac68868e52e4461bc40716d8cb62e03,2023-01,Norfolk Constabulary,Norfolk Constabulary,1.342957,52.635292,On or near Brenda James Close,E01026571,Broadland 015C,Unable to prosecute suspect
d314c38dd461cd4205f8728b771aa37a673a81f31466497ab761bae1984a11c2,2023-01,Norfolk Constabulary,Norfolk Constabulary,1.335642,52.632801,On or near Green Court,E01026572,Broadland 015D,Unable to prosecute suspect
39b9b4d1cc206ccd15e71bfab65d157d56ffea9af1a426124249d6bda81b3d3f,2023-01,Norfolk Constabulary,Norfolk Constabulary,1.718818,52.613554,On or near ,E01026597,Great Yarmouth 005C,Investigation complete; no suspect identified
d6a38a3c1a12a69048d3f866878c74567919f5148246c994ae03f77812138737,2023-01,Norfolk Constabulary,Norfolk Constabulary,0.747903,52.413786,On or near ,E01026468,Breckland 016A,Unable to prosecute suspect
ad2178f62487afaed5473f2478f3abe30a0bd9f105106f6a4345c03345629573,2023-01,Norfolk Constabulary,Norfolk Constabulary,0.495937,52.946214,On or near Queens Gardens,E01026681,King's Lynn and West Norfolk 001B,Unable to prosecute suspect
e43976ddd9a585ed01711fa4aebe20dd0490e31cff37c161be17a92a6628c353,2023-01,Norfolk Constabulary,Norfolk Constabulary,1.295157,52.629690,On or near ,E01026822,Norwich 007A,Investigation complete; no suspect identified
725fbd480369f8def0724148a9711fe85deaacea8b4d8ba6def9646fb6dd12f0,2023-01,Norfolk Constabulary,Norfolk Constabulary,1.290739,52.621826,On or near Regina Road,E01026853,Norwich 011B,Suspect charged
21f1ae13ad1e86de5523d9f64a45d50dbf8d69e5dcac5f7b41a59756ba2bb4c0,2023-01,Norfolk Constabulary,Norfolk Constabulary,0.819370,52.570917,On or near Vincent Place,E01026488,Breckland 009C,Unable to prosecute suspect
6a477dd8b332dc7c5624ae321ba3c51e41486f49cf139ffb3dcfa049b4d3cde0,2023-01,Norfolk Constabulary,Norfolk Constabulary,1.714031,52.603451,On or near ,E01026634,Great Yarmouth 007C,Unable to prosecute suspect
2fb3459e2707381b554db60870a5b30c601cfd461c92b1525dde6ee928704f6b,2023-01,Norfolk Constabulary,Norfolk Constabulary,1.283427,52.650467,On or near Palmer Road,E01026800,Norwich 001D,Unable to prosecute suspect
9fa00ba60df5206b93f45cecbe2a5a5e469c77f702b482ac25d5b332a9135e91,2023-01,Norfolk Constabulary,Norfolk Constabulary,0.948117,52.663679,On or near Neville Close,E01026427,Breckland 005C,Unable to prosecute suspect
eb13273405714458c516478edbe89c5b99b7a3e831d1c432379606ff5c57ce22,2023-01,Norfolk Constabulary,Norfolk Constabulary,0.387174,52.605258,On or near Wordsworth Close,E01033036,King's Lynn and West Norfolk 017E,Investigation complete; no suspect identified
da136696b62f46066fba53487048f61ebf03d2066cc2759867da576e2d801f47,2023-01,Norfolk Constabulary,Norfolk Constabulary,1.323170,52.632261,On or near Pilling Park Road,E01026808,Norwich 004F,Unable to prosecute suspect
fb1e2ebb87aedce1da4cd8c8ae6959437abe4bd609d2e9ef3d97b2f184394634,2023-01,Norfolk Constabulary,Norfolk Constabulary,1.300755,52.635317,On or near St James Court,E01026823,Norwich 007B,Investigation complete; no suspect identified
73373a1d26e6af30c2290a17fec52f4bc097b49c0df3c0bd6b311ad8020c6dab,2023-01,Norfolk Constabulary,Norfolk Constabulary,0.948117,52.663679,On or near Neville Close,E01026427,Breckland 005C,Unable to prosecute suspect
4c10a4849be9801d557c330a9a98923b76bab491856dc449140051dead024661,2023-01,Norfolk Constabulary,Norfolk Constabulary,1.280327,52.648367,On or near Glenmore Gardens,E01026834,Norwich 002G,Investigation complete; no suspect identified
8c277606b39a6869984b91236d7a9f9e055c537b10f18c82208bf5246dabd6f3,2023-01,Norfolk Constabulary,Norfolk Constabulary,1.323430,52.631795,On or near William Mear Gardens,E01026808,Norwich 004F,Unable to prosecute suspect
190018c587809a8fd67c43a196be26983276063187bcbd284ead255bcfcc8b4c,2023-01,Norfolk Constabulary,Norfolk Constabulary,1.710118,52.551242,On or near Sidegate Road,E01026588,Great Yarmouth 013D,Unable to prosecute suspect
19599d1d8623501cedae2a786541821c62965030b742f40157c242786faa3bb9,2023-01,Norfolk Constabulary,Norfolk Constabulary,1.203219,52.933964,On or near Cooper Road,E01026773,North Norfolk 001D,Investigation complete; no suspect identified
194837b78e63fdd2a6fd284326b338839f8a4a6c7392bc257c1c73208cc8cbc7,2023-01,Norfolk Constabulary,Norfolk Constabulary,1.241891,52.641710,On or near Gentry Place,E01026869,Norwich 006G,Unable to prosecute suspect
775187b7158e7b40cf15bc8a262df06aabfbf898f17ed06c6a1337e065fa1b69,2023-01,Norfolk Constabulary,Norfolk Constabulary,1.225209,52.431707,On or near Tattlepot Road,E01026872,South Norfolk 013A,Investigation complete; no suspect identified
138eb3f65c24c4a37edacd3c2896dea9159deff7405abdac30c226722d69bf25,2023-01,Norfolk Constabulary,Norfolk Constabulary,1.521856,52.712212,On or near Whitegates,E01026784,North Norfolk 014D,Unable to prosecute suspect
1cac31ff5aba3c6e0821851b2452fdef9b23bc5e14ee432f7159a4421198e8af,2023-01,Norfolk Constabulary,Norfolk Constabulary,1.104472,52.904564,On or near Robin Close,E01026742,North Norfolk 004B,Suspect charged
162ed6275f3895498c9249d901537ae164a7f8c64ca7b8971f10f1b005af8cf0,2023-01,Norfolk Constabulary,Norfolk Constabulary,0.422998,52.752131,On or near Oak Circle,E01026666,King's Lynn and West Norfolk 009A,Investigation complete; no suspect identified
957e9ae81af8faacb0bbe635e91d54288ade6361636cb520cb01be9caeb30a28,2023-01,Norfolk Constabulary,Norfolk Constabulary,1.104472,52.904564,On or near Robin Close,E01026742,North Norfolk 004B,Suspect charged
3dbdb77159e8c970f039132570e94e9a5572265fa76b01d63ce290ea28192ac4,2023-01,Norfolk Constabulary,Norfolk Constabulary,1.476616,52.536563,On or near Filbert Road,E01026911,South Norfolk 008C,Investigation complete; no suspect identified
2b489a5f0634a1a6013571ed8b1fcc9c97cd86fc91d8e7bce1581a7f6c03505c,2023-01,Norfolk Constabulary,Norfolk Constabulary,1.249269,52.632955,On or near Bixley Close,E01026865,Norwich 006C,Unable to prosecute suspect
6558423529aa1121eafd39696570f9b2bd9a36953665f00656e53716461e5693,2023-01,Norfolk Constabulary,Norfolk Constabulary,1.310495,52.628254,On or near Ella Road,E01033439,Norwich 014B,Unable to prosecute suspect
091a9c5f3dbc2577add7620e18ee27b0428835dc55ef14314a28a770e90ea1f7,2023-01,Norfolk Constabulary,Norfolk Constabulary,0.969112,52.681653,On or near Elm Street,E01026430,Breckland 003C,Unable to prosecute suspect
f1a7fa26292bf51309dd50f674fadbaa32db89b9e95f95e220e3f4fc10d99833,2023-01,Norfolk Constabulary,Norfolk Constabulary,1.295828,52.627009,On or near ,E01026822,Norwich 007A,Investigation complete; no suspect identified
a56aa73bee1068fba921df1541b9e779e1498f3c3a196475d7f64a8892582477,2023-01,Norfolk Constabulary,Norfolk Constabulary,1.249269,52.632955,On or near Bixley Close,E01026865,Norwich 006C,Unable to prosecute suspect
a56aa73bee1068fba921df1541b9e779e1498f3c3a196475d7f64a8892582477,2023-01,Norfolk Constabulary,Norfolk Constabulary,1.249269,52.632955,On or near Bixley Close,E01026865,Norwich 006C,Unable to prosecute suspect
a56aa73bee1068fba921df1541b9e779e1498f3c3a196475d7f64a8892582477,2023-01,Norfolk Constabulary,Norfolk Constabulary,1.249269,52.632955,On or near Bixley Close,E01026865,Norwich 006C,Unable to prosecute suspect
5f40c64a157ef960c2bb07532b7c4b6c8964d96b1cbd42104aae9dd9bc5b5305,2023-01,Norfolk Constabulary,Norfolk Constabulary,0.497568,52.876594,On or near Mallard Close,E01026701,King's Lynn and West Norfolk 003D,Unable to prosecute suspect
c3691c7a104363d6d098d800b29fa9a004079dd73e42dc746a3b7f3c774af4ed,2023-01,Norfolk Constabulary,Norfolk Constabulary,0.856313,52.954919,On or near Northfield Avenue,E01026763,North Norfolk 002B,Unable to prosecute suspect
66299ad1848694e6d6c8023a565f9cd780f095e9c2dc08fa381afd893e43fb78,2023-01,Norfolk Constabulary,Norfolk Constabulary,1.736641,52.621205,On or near Collingwood Road,E01026639,Great Yarmouth 004B,Unable to prosecute suspect
66299ad1848694e6d6c8023a565f9cd780f095e9c2dc08fa381afd893e43fb78,2023-01,Norfolk Constabulary,Norfolk Constabulary,1.736641,52.621205,On or near Collingwood Road,E01026639,Great Yarmouth 004B,Unable to prosecute suspect
53f8810e4341873e3cc10de7dc8306a48890bea08f0ee2f360ef7b307ece9860,2023-01,Norfolk Constabulary,Norfolk Constabulary,1.290379,52.632781,On or near Indigo Yard,E01026823,Norwich 007B,Formal action is not in the public interest
7803683d681e0919a6568c11cf80072195ef679c5b35b6e1b4ca29ac96643251,2023-01,Norfolk Constabulary,Norfolk Constabulary,1.715059,52.573727,On or near Windsor Way,E01026604,Great Yarmouth 009D,Unable to prosecute suspect
f1f5a2d582cc1ddb44117f40b21a778d843c1d36bd82fbfaf977edfff7a4a015,2023-01,Norfolk Constabulary,Norfolk Constabulary,1.282126,52.655998,On or near Mason Road,E01026797,Norwich 001A,Investigation complete; no suspect identified
4582cff30c9b3a41a12fd6c985736ab831572ed7f5e0fa51782df15095d286b9,2023-01,Norfolk Constabulary,Norfolk Constabulary,0.400629,52.747155,On or near Checker Street,E01026700,King's Lynn and West Norfolk 011C,Unable to prosecute suspect
d6946b284dbff65e6d2ebd40be091452de27f1fbea3ffbb32715104dce378419,2023-01,Norfolk Constabulary,Norfolk Constabulary,1.733409,52.604262,On or near St George's Road,E01026624,Great Yarmouth 006C,Unable to prosecute suspect
c678ba4121c05ee2454c0a2d983c7091bb8d47e825216bbae320f8fce60a45c6,2023-01,Norfolk Constabulary,Norfolk Constabulary,1.219645,52.664513,On or near St Edmunds Close,E01026924,South Norfolk 001E,Unable to prosecute suspect
a0cee4244e1891c7be36b756f0e803c66f30a637811b7cd290d82f7a7d05930f,2023-01,Norfolk Constabulary,Norfolk Constabulary,0.969112,52.681653,On or near Elm Street,E01026430,Breckland 003C,Unable to prosecute suspect
24bf8df8919d34177c1e2d9edc095ac38506cdb2a8931562a673b7f783174dd4,2023-01,Norfolk Constabulary,Norfolk Constabulary,1.692521,52.584857,On or near Royal Sovereign Crescent,E01026582,Great Yarmouth 008B,Investigation complete; no suspect identified
329c71afcf1e8624a368f6801b555c9a0f023799e79ddba372f9d69fec6c59d8,2023-01,Norfolk Constabulary,Norfolk Constabulary,0.498987,52.946195,On or near Yarrow Drive,E01026681,King's Lynn and West Norfolk 001B,Unable to prosecute suspect
bf80adae9890f2c72dcf7d7ebe578cf6a1df34bca0dd25769d43fbcbf9e30133,2023-01,Norfolk Constabulary,Norfolk Constabulary,1.255867,52.668226,On or near Sylvan Close,E01026528,Broadland 010C,Action to be taken by another organisation
c972f2b766e2cb4a3cbe8e1d033104267db4e580483d26d8d05e711877c8b367,2023-01,Norfolk Constabulary,Norfolk Constabulary,0.399309,52.758718,On or near Lansdowne Street,E01026689,King's Lynn and West Norfolk 007C,Unable to prosecute suspect
066caee1b43155cb7e593e094a1f9f0d64286ad2f45851d0e23319d4d744771b,2023-01,Norfolk Constabulary,Norfolk Constabulary,,,No location,,,Unable to prosecute suspect
87c9c8aebdc8e3248a45394557b7f2761e8689eb04e8a1314ca7ad9d2fda3b98,2023-01,Norfolk Constabulary,Norfolk Constabulary,1.225811,52.638974,On or near Humbleyard,E01026791,Norwich 005A,Investigation complete; no suspect identified
e613a2d33bde4671adb367c94f727b9b134214bd844fba4976801b9de0a6b71f,2023-01,Norfolk Constabulary,Norfolk Constabulary,1.306861,52.637493,On or near Hassett Close,E01026848,Norwich 015A,Unable to prosecute suspect
f6af57d27c2407934a6dd39dded7d3565cdaaf4b330373e211ab56a9ba32a8a4,2023-01,Norfolk Constabulary,Norfolk Constabulary,0.542757,52.657230,On or near Ash Road,E01026644,King's Lynn and West Norfolk 014C,Unable to prosecute suspect
5ecb1051ba4bd5ff3ad72bd1870c2d528173393b9892d81eeb90ba13ce593453,2023-01,Norfolk Constabulary,Norfolk Constabulary,1.269535,52.733925,On or near Cromer Road,E01026534,Broadland 004B,Unable to prosecute suspect
986116c16f0b011f61d60fae0cae2f6a426f429eaaf86dcb71b2b4f74713c8b1,2023-01,Norfolk Constabulary,Norfolk Constabulary,1.019157,52.561923,On or near Vicarage Road,E01026910,South Norfolk 004B,Unable to prosecute suspect
091072a78f2e1d3829dd121a9c7b44b178c95be4fbf65da259fc5a2c80bd88ac,2023-01,Norfolk Constabulary,Norfolk Constabulary,0.431921,52.753495,On or near Wheelwright Road,E01026663,King's Lynn and West Norfolk 010B,Investigation complete; no suspect identified
06c521a65fdad75d6f5025cc8d65e059066b4551816b1bf843677837d2b9cda7,2023-01,Norfolk Constabulary,Norfolk Constabulary,0.771273,52.791729,On or near The Drove,E01026780,North Norfolk 009A,Further investigation is not in the public interest
1450d02b0ca648049ba9bf693a90523b77ea138e8d8a84e48474ac3429c09fa3,2023-01,Norfolk Constabulary,Norfolk Constabulary,0.619538,52.463455,On or near Brandon Road,E01026493,Breckland 012D,Formal action is not in the public interest
1e423859ac966189c0e6ba2e420ca0bf6c454eee0ba71798fd83e0745106fbf1,2023-01,Norfolk Constabulary,Norfolk Constabulary,1.301399,52.611492,On or near Huxley Road,E01026819,Norwich 013D,Investigation complete; no suspect identified
2b1a39d5d749c5043bb874a741cef63da40e2c7b7089efee809233aca4008952,2023-01,Norfolk Constabulary,Norfolk Constabulary,1.192632,52.867404,On or near Wickmere Road,E01026732,North Norfolk 006B,Action to be taken by another organisation
d5919b5c14f07e6de531eb908af0a13cbc7a2efac55ef2b107387154577e885a,2023-01,Norfolk Constabulary,Norfolk Constabulary,1.310474,52.632284,On or near William Kett Close,E01033438,Norwich 014A,Unable to prosecute suspect
058ffbb5042bdc48ae95f54da27ed9da99ed0382bf5bc09613bf37ebb03bd298,2023-01,Norfolk Constabulary,Norfolk Constabulary,1.715184,52.575549,On or near Magdalen Way,E01026604,Great Yarmouth 009D,Unable to prosecute suspect
24a1e649ab22af68c83ee5acb029a2d8ddeda8ca0a9e784b4f2156a286432f45,2023-01,Norfolk Constabulary,Norfolk Constabulary,1.357435,52.582485,On or near The Street,E01026926,South Norfolk 006C,Unable to prosecute suspect
d0617ca93f2c2ec2ece64ce9d10d5639df78ded31346d564280e149fd7161062,2023-01,Norfolk Constabulary,Norfolk Constabulary,1.159694,52.645461,On or near ,E01026895,South Norfolk 002D,Investigation complete; no suspect identified
5f11f71731fb2dbee9feb773b5ff73119b2b0f72bbc5894a15420c2dd8a9d92c,2023-01,Norfolk Constabulary,Norfolk Constabulary,1.210937,52.941109,On or near ,E01026771,North Norfolk 001B,Unable to prosecute suspect
f79a4ddb5dbf8b7aeb7a60fc657f72a0f755e4af96e87b594b7f41c9e3077ea0,2023-01,Norfolk Constabulary,Norfolk Constabulary,1.344849,52.600811,On or near Trumpery Lane,E01026937,South Norfolk 006G,Investigation complete; no suspect identified
a047089801de44d7a48658d08fcca8042364a634084667e51bb7ef0e0bd10d23,2023-01,Norfolk Constabulary,Norfolk Constabulary,0.928123,52.675883,On or near Welden Road,E01026454,Breckland 004D,Unable to prosecute suspect
a93fc9a71f66cb1cc5eb5eb3cb37a228ec531a2f0e1a18f4e6cfa2b418c22f14,2023-01,Norfolk Constabulary,Norfolk Constabulary,0.397985,52.754258,On or near ,E01026698,King's Lynn and West Norfolk 011A,Offender given a caution
6668574707d053f948a5bf431d83754530beb300df13bd8cbedfd696ef1629f3,2023-01,Norfolk Constabulary,Norfolk Constabulary,1.309622,52.633522,On or near Bishop Bridge Road,E01033438,Norwich 014A,Unable to prosecute suspect
5739c08b06b90f8680c93c3f5a82e890d7354f32e082d146699537e50afb6aeb,2023-01,Norfolk Constabulary,Norfolk Constabulary,0.395780,52.754104,On or near Burtons Court,E01026699,King's Lynn and West Norfolk 011B,Offender given a caution
dac5b0cecccbf7fa3e4a9c6b5f35d027143b111a97334059f47615a7b33ed1cd,2023-01,Norfolk Constabulary,Norfolk Constabulary,0.503731,52.875466,On or near Grange Close,E01026702,King's Lynn and West Norfolk 003E,Unable to prosecute suspect
2ac0291136d931e4e596921d0dc4658bdd76926dbafac59d9b6c75fec154e873,2023-01,Norfolk Constabulary,Norfolk Constabulary,0.394964,52.753815,On or near High Street,E01026699,King's Lynn and West Norfolk 011B,Offender given a caution
35e6c86f2cccf38e2f2ca02599b57a15af06c8f0aa4ced4d31f882da5c89ff09,2023-01,Norfolk Constabulary,Norfolk Constabulary,1.296072,52.627110,On or near Farmers Avenue,E01026822,Norwich 007A,Investigation complete; no suspect identified
35e6c86f2cccf38e2f2ca02599b57a15af06c8f0aa4ced4d31f882da5c89ff09,2023-01,Norfolk Constabulary,Norfolk Constabulary,1.296072,52.627110,On or near Farmers Avenue,E01026822,Norwich 007A,Investigation complete; no suspect identified
8c139b33179cc6cc3986c8e43011d00149198d1bbaa4b8fd6e3e322fc4c279c0,2023-01,Norfolk Constabulary,Norfolk Constabulary,0.395780,52.754104,On or near Burtons Court,E01026699,King's Lynn and West Norfolk 011B,Offender given a caution
eead95d772faf12411506334e29059bf95dbdbc3edeae25437a4ac15af8d44f4,2023-01,Norfolk Constabulary,Norfolk Constabulary,1.306464,52.627333,On or near ,E01033439,Norwich 014B,Unable to prosecute suspect
eead95d772faf12411506334e29059bf95dbdbc3edeae25437a4ac15af8d44f4,2023-01,Norfolk Constabulary,Norfolk Constabulary,1.306464,52.627333,On or near ,E01033439,Norwich 014B,Unable to prosecute suspect
598b12b10542e70bbba22ec3499bbebe7982b65f467abd53e1da60826db43876,2023-01,Norfolk Constabulary,Norfolk Constabulary,0.397335,52.754925,On or near ,E01026698,King's Lynn and West Norfolk 011A,Unable to prosecute suspect
7bc29cd1d18ef8d9d6f0fd72001eb5e8b4ab437c6392849609ce054d87e2479e,2023-01,Norfolk Constabulary,Norfolk Constabulary,1.307885,52.623246,On or near ,E01033441,Norwich 014D,Investigation complete; no suspect identified
6333ae76e67940e45b5c10e7c8897a015164f5c37442aedb1a5749f73e503fcd,2023-01,Norfolk Constabulary,Norfolk Constabulary,0.940051,52.678142,On or near Courtenay Close,E01026426,Breckland 005B,Investigation complete; no suspect identified
0f3122c3c0806ce04ee150d3ac38f6589b481f054af039f4db401282ba5b3b6f,2023-01,Norfolk Constabulary,Norfolk Constabulary,,,No location,,,Investigation complete; no suspect identified
a416f1dad80cabf21bb04b36b11a38d4b3a5c5c5e12aeb2b7eafb1f52ea0574e,2023-01,Norfolk Constabulary,Norfolk Constabulary,1.688280,52.673848,On or near Wapping,E01026629,Great Yarmouth 001F,Unable to prosecute suspect
7ec4fe814bf2f5f25984209b88c0b12f217e0d50d3c93c97837caf5ea586d0e6,2023-01,Norfolk Constabulary,Norfolk Constabulary,1.714402,52.580970,On or near Hazel Way,E01026602,Great Yarmouth 009B,Unable to prosecute suspect
aff98387134a73f59b9b3beed64ee005acdab8bd2b2916f373e107d1ec198829,2023-01,Norfolk Constabulary,Norfolk Constabulary,1.728632,52.617572,On or near ,E01026599,Great Yarmouth 004A,Unable to prosecute suspect
4ee3a850853a7579f04e22a1a64eb6c1673893a7a8cb516008cb5bfb554605ad,2023-01,Norfolk Constabulary,Norfolk Constabulary,1.262462,52.633926,On or near ,E01026863,Norwich 006A,Unable to prosecute suspect
b54a7e64d1bc6c45da17e4d4f2700e45462fa8a8ad156d126b9e7ddc5f10707a,2023-01,Norfolk Constabulary,Norfolk Constabulary,1.296398,52.643424,On or near Clare Close,E01026843,Norwich 003C,Unable to prosecute suspect
965cff4983f34a426de394d62bda0c521e9a1495031f8934eb535011fae1c47f,2023-01,Norfolk Constabulary,Norfolk Constabulary,1.309289,52.623252,On or near Koblenz Avenue,E01033441,Norwich 014D,Unable to prosecute suspect
02b4594fa78d0cdeb909742aea4bb2967bd52a4130b5c99e583b85a1f229929a,2023-01,Norfolk Constabulary,Norfolk Constabulary,1.189119,52.653207,On or near Ernest Gage Avenue,E01033538,South Norfolk 001G,Investigation complete; no suspect identified
bf30591c5a1b47f060347a86d12a41e85f3c488a92a65a9b768da15ea6d9b9ff,2023-01,Norfolk Constabulary,Norfolk Constabulary,-0.299524,52.140068,On or near Tempsford Road,E01017436,Central Bedfordshire 001C,Unable to prosecute suspect
7dfcaacfe2a5a5c7805ace554a655fe493e5319e1a8b3cecc9bd66d37e0b0809,2023-01,Norfolk Constabulary,Norfolk Constabulary,0.847531,52.830046,On or near Market Place,E01026747,North Norfolk 011C,Investigation complete; no suspect identified
214baa9c764a6f5200f964c649bbb62a3508b78faed17f95627b26be159274bc,2023-01,Norfolk Constabulary,Norfolk Constabulary,1.120511,52.769455,On or near Overton Way,E01026548,Broadland 002F,Investigation complete; no suspect identified
88f1f3915ddc35239017554f84dcfb9dc46f7beabb85bea7335ca7b278710004,2023-01,Norfolk Constabulary,Norfolk Constabulary,1.289120,52.665031,On or near Heyford Road,E01026797,Norwich 001A,Investigation complete; no suspect identified
87b8b9e1c2e6b571af1cc8397c88e91657f1207abe37b83a1f19f349915f1686,2023-01,Norfolk Constabulary,Norfolk Constabulary,1.290158,52.638103,On or near St Martins At Oak Wall Lane,E01026826,Norwich 007E,Unable to prosecute suspect
b27ca1af56b7b944171fd0ae7d3756043c0a75a3f2c12835e7be689fc0fb9eba,2023-01,Norfolk Constabulary,Norfolk Constabulary,0.729611,52.420246,On or near Elgin Way,E01026467,Breckland 015C,Unable to prosecute suspect
ec2f3a1ee95ef54dd25db89473ddd5dc89c08775bdea2ce363f7042ee298a7f4,2023-01,Norfolk Constabulary,Norfolk Constabulary,1.317696,52.611693,On or near Dell Loke,E01026937,South Norfolk 006G,Further investigation is not in the public interest
63e65ee0bb026e05e15b6a7caf282d6912ce66f95717dadaf5077125711f281a,2023-01,Norfolk Constabulary,Norfolk Constabulary,1.729453,52.604297,On or near King Street,E01026624,Great Yarmouth 006C,Unable to prosecute suspect
f065fec6e48f1beba3398b54fc86955df2ba0cde87b3fec2d7581f39c141e749,2023-01,Norfolk Constabulary,Norfolk Constabulary,1.298450,52.630425,On or near Queen Street,E01033438,Norwich 014A,Unable to prosecute suspect
852bccab7d600d304403c6c13c64d697a4f00adabe954700a0ec17990d8ec922,2023-01,Norfolk Constabulary,Norfolk Constabulary,1.010705,52.522991,On or near Deopham Road,E01026449,Breckland 011D,Unable to prosecute suspect
67f31e1761fe4b6fc52432a6639ddefc8932f39d79223269dbf8395eb2a836d3,2023-01,Norfolk Constabulary,Norfolk Constabulary,1.295717,52.616094,On or near Walton Road,E01026853,Norwich 011B,Further investigation is not in the public interest
83b029faccb1ab6d6fccd239b6e0756a2accf880535502a9365d947b855c00be,2023-01,Norfolk Constabulary,Norfolk Constabulary,0.406767,52.760662,On or near Fermoy Avenue,E01026687,King's Lynn and West Norfolk 007A,Investigation complete; no suspect identified
5e1095fae760317ce40ca93b65afed1f972e4d2309ad895316789d04648c3c9f,2023-01,Norfolk Constabulary,Norfolk Constabulary,1.282711,52.658284,On or near Jupiter Road,E01026530,Broadland 011A,Suspect charged
5e1095fae760317ce40ca93b65afed1f972e4d2309ad895316789d04648c3c9f,2023-01,Norfolk Constabulary,Norfolk Constabulary,1.282711,52.658284,On or near Jupiter Road,E01026530,Broadland 011A,Suspect charged
b8c0cf99f1d82af6012060163d1c266bd12510869b846ea9ff6f2fad6f8ff97b,2023-01,Norfolk Constabulary,Norfolk Constabulary,1.282711,52.658284,On or near Jupiter Road,E01026530,Broadland 011A,Suspect charged
b8c0cf99f1d82af6012060163d1c266bd12510869b846ea9ff6f2fad6f8ff97b,2023-01,Norfolk Constabulary,Norfolk Constabulary,1.282711,52.658284,On or near Jupiter Road,E01026530,Broadland 011A,Suspect charged
53673ab7b58600ce62650eb0be630048f8fba0470a3d1f9beab729475e522aa6,2023-01,Norfolk Constabulary,Norfolk Constabulary,1.291049,52.627726,On or near ,E01026822,Norwich 007A,Investigation complete; no suspect identified
b2c482dad8a4ea48de87dd76ef4370c42ca9b52da20811a3e90ac482ad54c771,2023-01,Norfolk Constabulary,Norfolk Constabulary,1.287323,52.638748,On or near St Martins Close,E01026831,Norwich 002D,Unable to prosecute suspect
b2c482dad8a4ea48de87dd76ef4370c42ca9b52da20811a3e90ac482ad54c771,2023-01,Norfolk Constabulary,Norfolk Constabulary,1.287323,52.638748,On or near St Martins Close,E01026831,Norwich 002D,Unable to prosecute suspect
74a592181ec6d8ecc9666be9b3283a8da30f006e1ebee81874f4e55f0cfa1d3c,2023-01,Norfolk Constabulary,Norfolk Constabulary,1.341448,52.571668,On or near Minns Crescent,E01026926,South Norfolk 006C,Unable to prosecute suspect
b77fdeeffa5c5ed3424585bcc576b955240331930fc739ab5917dff24eb529c3,2023-01,Norfolk Constabulary,Norfolk Constabulary,1.316288,52.635080,On or near Vincent Road,E01026807,Norwich 004E,Unable to prosecute suspect
c3327ed7aed781a8fcae3af82a559ce16bc60704f83183bcf7b23a4cc1ec1d04,2023-01,Norfolk Constabulary,Norfolk Constabulary,1.288557,52.631546,On or near St Margarets Street,E01026822,Norwich 007A,Investigation complete; no suspect identified
235b65af85eea2fc2c045664a742373efca6042387ed875feb7bc43aedf3ff19,2023-01,Norfolk Constabulary,Norfolk Constabulary,1.712613,52.574307,On or near St Anne's Crescent,E01026620,Great Yarmouth 011D,Unable to prosecute suspect
254518a432bacb1e1980c089c6c5b40125eb2a31da44166f869b13b7f8c96fa8,2023-01,Norfolk Constabulary,Norfolk Constabulary,1.736248,52.607581,On or near Brittania Road,E01026623,Great Yarmouth 006B,Unable to prosecute suspect
74013768c37072e82ac092834b04b27ee2083f2a0dcbe503fa282115fc36ebd1,2023-01,Norfolk Constabulary,Norfolk Constabulary,1.297917,52.632185,On or near Wensum Street,E01033438,Norwich 014A,Investigation complete; no suspect identified
f3129303399f5f37300c9db57e5a9614b046e7f4f894085e192fcffe9130ed2e,2023-01,Norfolk Constabulary,Norfolk Constabulary,1.009860,52.510197,On or near Rye Lane,E01026422,Breckland 011A,Formal action is not in the public interest
55e3c4f5264d8591bb2cf4868bda07a5b5f04ec97e1c4372f4c2cb77b796ba40,2023-01,Norfolk Constabulary,Norfolk Constabulary,1.301004,52.628420,On or near Maidstone Road,E01033440,Norwich 014C,Unable to prosecute suspect
289bf0db02618669c8eaa486b74cfb158b1f37e5fa12767557477140e778ffa8,2023-01,Norfolk Constabulary,Norfolk Constabulary,1.295580,52.608974,On or near Duckett Close,E01026818,Norwich 013C,Unable to prosecute suspect
d1dbda135b57d74681d3c70d53fe50d4450ab8fd184cb813139deca76c9db6cc,2023-01,Norfolk Constabulary,Norfolk Constabulary,1.189930,52.686865,On or near Maple Drive,E01026566,Broadland 006E,Unable to prosecute suspect
fc1afcd6f21e2363563e11ef9ce3ce1e0bedd16639a2da2fb9cc329d163a9f20,2023-01,Norfolk Constabulary,Norfolk Constabulary,1.108839,52.373410,On or near ,E01026891,South Norfolk 015D,Unable to prosecute suspect
8b8e4670f4c6ca5a2418278dd87d6818de687b8ea46b7749f251dfd06d1ba0ae,2023-01,Norfolk Constabulary,Norfolk Constabulary,1.240683,52.639782,On or near Cameron Court,E01026867,Norwich 006E,Unable to prosecute suspect
d854df633ea0d87149dd473c5df5a3a45e969fc8dfa1f6acb00ead446d0261df,2023-01,Norfolk Constabulary,Norfolk Constabulary,1.241684,52.638918,On or near ,E01026867,Norwich 006E,Unable to prosecute suspect
8317bcd78bb74d95fa399d55dcd2cc1790decfe8f8dc6eefe1706af4e0124ed3,2023-01,Norfolk Constabulary,Norfolk Constabulary,1.727850,52.607172,On or near Theatre Plain,E01026597,Great Yarmouth 005C,Investigation complete; no suspect identified
b3eb9c41343c0b0c5ec3601160da469eaedd976ab7e4590bf22081becaa93031,2023-01,Norfolk Constabulary,Norfolk Constabulary,1.119350,52.558082,On or near Elder Way,E01026884,South Norfolk 007A,Unable to prosecute suspect
10889288f8f08c313b2b1b4822f6d2cc0c5e5229704a1280bb98a6ab576340f9,2023-01,Norfolk Constabulary,Norfolk Constabulary,1.381281,52.629815,On or near Maple Way,E01026509,Broadland 017B,Unable to prosecute suspect
2ca7628e0e6fba6341760ca0dd0e270d573d35307c25f8fdf88106dc9e34f252,2023-01,Norfolk Constabulary,Norfolk Constabulary,1.119350,52.558082,On or near Elder Way,E01026884,South Norfolk 007A,Unable to prosecute suspect
e27c1b7b9a8a633afba6e43209bbb1c3e05ddb5ded01266ecf1d85b3a3de4a59,2023-01,Norfolk Constabulary,Norfolk Constabulary,0.400456,52.743472,On or near Minnow Avenue,E01026706,King's Lynn and West Norfolk 011F,Investigation complete; no suspect identified
bf470bfec4d372a4956c09857b7b23f077b0e1fce5faa47e32147d7c503ec4e9,2023-01,Norfolk Constabulary,Norfolk Constabulary,0.885516,52.626543,On or near Park Estate,E01026451,Breckland 008C,Unable to prosecute suspect
7f8c3a13b6e410909ce3ca29a1641901997024dd446205f4edbf97cce840c437,2023-01,Norfolk Constabulary,Norfolk Constabulary,1.696490,52.566933,On or near Chaplin Road,E01026587,Great Yarmouth 013C,Local resolution
0f928c9a0bce0841f37c88a1b7162bfe96b8dbd47381cfa0ad34593bee8e8abe,2023-01,Norfolk Constabulary,Norfolk Constabulary,1.696490,52.566933,On or near Chaplin Road,E01026587,Great Yarmouth 013C,Local resolution
6055fdb2aff1081e8fa6e0fd72d400a07c4241d39d7411a1f6b8b0c60f165679,2023-01,Norfolk Constabulary,Norfolk Constabulary,1.306464,52.627333,On or near ,E01033439,Norwich 014B,Unable to prosecute suspect
01e40e98eac433faa0f574ffa5828a889bc28997ea49bd3a3dae5a439831a7e0,2023-01,Norfolk Constabulary,Norfolk Constabulary,1.292090,52.628795,On or near St Peters Street,E01026822,Norwich 007A,Unable to prosecute suspect
5d736d383e5413f2ae5cc23c2460264fa673ca687f0c36976d17212610dccee2,2023-01,Norfolk Constabulary,Norfolk Constabulary,1.282935,52.653377,On or near Harry Watson Court,E01026797,Norwich 001A,Unable to prosecute suspect
e22b47c0d38ef1f27c45d5276b95b00fc2a1076911d9af421a34be087e205d4d,2023-01,Norfolk Constabulary,Norfolk Constabulary,0.550909,52.743081,On or near Springvale,E01026665,King's Lynn and West Norfolk 012A,Unable to prosecute suspect
e22b47c0d38ef1f27c45d5276b95b00fc2a1076911d9af421a34be087e205d4d,2023-01,Norfolk Constabulary,Norfolk Constabulary,0.550909,52.743081,On or near Springvale,E01026665,King's Lynn and West Norfolk 012A,Unable to prosecute suspect
44bad49f2a16b95ecbc943d19280014de0048dcfba6585e7e314eb8020b73ee6,2023-01,Norfolk Constabulary,Norfolk Constabulary,0.393963,52.752864,On or near Queen Street,E01026698,King's Lynn and West Norfolk 011A,Suspect charged
151e61c1bc5bf8fd89f464ca6efea0578f8664ce5d91adb00ad07d69c1ef28d8,2023-01,Norfolk Constabulary,Norfolk Constabulary,1.012835,52.515553,On or near High Street,E01026449,Breckland 011D,Investigation complete; no suspect identified
11458b4bfa4d50a48cd5523cfd60ce72e6acf280fac518ad225065acb65ce9e7,2023-01,Norfolk Constabulary,Norfolk Constabulary,1.686815,52.677356,On or near Firs Avenue,E01026627,Great Yarmouth 001D,Unable to prosecute suspect
7654e15c24cd149e246086a6c1b972c39274d5068cab714463c4a1e261710d42,2023-01,Norfolk Constabulary,Norfolk Constabulary,1.686815,52.677356,On or near Firs Avenue,E01026627,Great Yarmouth 001D,Unable to prosecute suspect
feecef9ea32caf23f91f25092e20b0ef17bf43822bf63a5f48aac124848f433c,2023-01,Norfolk Constabulary,Norfolk Constabulary,1.243274,52.623253,On or near ,E01026860,Norwich 010C,Suspect charged
ae58050c6da75a94b6e023b9206cff0d9d86daa9daa04bbd9754a580d595abaf,2023-01,Norfolk Constabulary,Norfolk Constabulary,1.305262,52.628445,On or near Recorder Road,E01033438,Norwich 014A,Unable to prosecute suspect
63e457aed9509257115d414e91017a2e50dcc6e25dfd41d0e98ebede0617385e,2023-01,Norfolk Constabulary,Norfolk Constabulary,1.736248,52.607581,On or near Brittania Road,E01026623,Great Yarmouth 006B,Suspect charged
af6426f43ee9bfea9d3ba85b06f9bc5ee80bb618d532cbc624eef9cbf3752501,2023-01,Norfolk Constabulary,Norfolk Constabulary,1.310309,52.620705,On or near Geoffrey Watling Way,E01033439,Norwich 014B,Investigation complete; no suspect identified
6da88dd5341eaae38bcdc0ed6bb36cc5228701f4caa29f4c088ec9606de897ed,2023-01,Norfolk Constabulary,Norfolk Constabulary,1.323017,52.635503,On or near Plumstead Road,E01026807,Norwich 004E,Suspect charged
70054a15b5678a8e3284d739a1d51cca5fc1c53ceed07e163c6017eeb8b48b2b,2023-01,Norfolk Constabulary,Norfolk Constabulary,1.297009,52.624440,On or near Brooke Place,E01026822,Norwich 007A,Investigation complete; no suspect identified
3125bed71931a7d2aba4aa502de1366fd29ee218062d288d5adb2d1e003de357,2023-01,Norfolk Constabulary,Norfolk Constabulary,1.278238,52.629944,On or near The Steps,E01026837,Norwich 009C,Unable to prosecute suspect
39594df7314f2cb7711394cd1d18106d95903b9dc05907418dbbeacbd4d2997d,2023-01,Norfolk Constabulary,Norfolk Constabulary,1.688469,52.714677,On or near Spindrift Close,E01026606,Great Yarmouth 001B,Unable to prosecute suspect
0ef7e132dfad5509ac564ce27d83ee54074d018971ef6723adbec0d0395bfbe0,2023-01,Norfolk Constabulary,Norfolk Constabulary,1.290885,52.631841,On or near Coslany Street,E01026823,Norwich 007B,Investigation complete; no suspect identified
db2a2f432f58acc5b1e4a5b417d02926d14fc337debfc8dea779d7806b0e2b53,2023-01,Norfolk Constabulary,Norfolk Constabulary,1.730003,52.604333,On or near Dene Side,E01026624,Great Yarmouth 006C,Unable to prosecute suspect
2f64af9df1199ce2005b782e07c0cb513417985917596a97406ed2241423ee18,2023-01,Norfolk Constabulary,Norfolk Constabulary,1.271327,52.664283,On or near St Pauls Close,E01026532,Broadland 011C,Unable to prosecute suspect
490be1c5f7b4444333180c712a81b4a83f8d45278ffe77b76ef0e3d37bdc2008,2023-01,Norfolk Constabulary,Norfolk Constabulary,1.420259,52.719713,On or near Dilham Drive,E01026744,North Norfolk 014A,Unable to prosecute suspect
74f477fd290d3459a37753fddb131404eb876ff61195074cb8d4bd873577f88b,2023-01,Norfolk Constabulary,Norfolk Constabulary,1.288765,52.631954,On or near Westwick Street,E01026822,Norwich 007A,Suspect charged
74f477fd290d3459a37753fddb131404eb876ff61195074cb8d4bd873577f88b,2023-01,Norfolk Constabulary,Norfolk Constabulary,1.288765,52.631954,On or near Westwick Street,E01026822,Norwich 007A,Suspect charged
c100459e47bec61bdde58a00109c37a776327e9efffce4a6da659c713b6e45ee,2023-01,Norfolk Constabulary,Norfolk Constabulary,1.224752,52.673997,On or near Low Road,E01026521,Broadland 007D,Unable to prosecute suspect
98a8e1cbb3de850e833c91e92ddcf40a6116a8b9311c49ce0964c347b08a0299,2023-01,Norfolk Constabulary,Norfolk Constabulary,0.749363,52.417162,On or near Allison's Close,E01026469,Breckland 016B,Offender given a caution
e95a377d741241cce34bd274b1c3fcc51afbd1ee29a3314d3846a50cbdb25d00,2023-01,Norfolk Constabulary,Norfolk Constabulary,1.718818,52.613554,On or near ,E01026597,Great Yarmouth 005C,Investigation complete; no suspect identified
eed9746b7eb525606cd38ab78decba980f5d1784814061017121cacbcd9c16e3,2023-01,Norfolk Constabulary,Norfolk Constabulary,1.267808,52.654784,On or near City View Road,E01026531,Broadland 011B,Suspect charged
b7d182eeac2baa8e6374dab536dfb718e0398e47df6b6cb54a74d870045a8768,2023-01,Norfolk Constabulary,Norfolk Constabulary,1.207435,52.647865,On or near Johnson Close,E01026925,South Norfolk 001F,Formal action is not in the public interest
ef934146abc074251b98fed81914f70294c04bc01c9f0b9b86ce0e56d8e1b6f2,2023-01,Norfolk Constabulary,Norfolk Constabulary,1.292883,52.618700,On or near Sigismund Road,E01026853,Norwich 011B,Unable to prosecute suspect
ef934146abc074251b98fed81914f70294c04bc01c9f0b9b86ce0e56d8e1b6f2,2023-01,Norfolk Constabulary,Norfolk Constabulary,1.292883,52.618700,On or near Sigismund Road,E01026853,Norwich 011B,Unable to prosecute suspect
0e47b7b8efdb21ac1d5383a571c6238360677e4fb74278c2a1b978cded690972,2023-01,Norfolk Constabulary,Norfolk Constabulary,1.295166,52.628421,On or near Castle Meadow,E01026822,Norwich 007A,Local resolution
08d1a3a42fbfe2988dcb80978294c9cbffad244a610d11a287f89ba7433d4688,2023-01,Norfolk Constabulary,Norfolk Constabulary,0.478272,52.653094,On or near Woodward Close,E01026642,King's Lynn and West Norfolk 014A,Unable to prosecute suspect
03ceb349c610e42fecc77bac21a40929a42740c685d1f6dffc656280ae75afb9,2023-01,Norfolk Constabulary,Norfolk Constabulary,,,No location,,,Unable to prosecute suspect
bc1b5a01f8184eb40abb6c5b413dda61a4c462a0e0cd6b84600abfcad7f9afcc,2023-01,Norfolk Constabulary,Norfolk Constabulary,1.220816,52.618488,On or near ,E01026883,South Norfolk 002C,Investigation complete; no suspect identified
648f6050a51ff455b4ba14ce993856dab8c1bef71873fb4f30c30c409f13d5d5,2023-01,Norfolk Constabulary,Norfolk Constabulary,1.311088,52.625926,On or near Stracey Road,E01033439,Norwich 014B,Unable to prosecute suspect
da487ea3a2f084b9f5342a326ed7b4d3d2fa8a64da4052d99b832d7ba2eb15d5,2023-01,Norfolk Constabulary,Norfolk Constabulary,1.293319,52.621943,On or near ,E01026853,Norwich 011B,Unable to prosecute suspect
e863d3680f7a0a086edd5862431904dc6ac2b6f3b968c24835aac3624f9200b9,2023-01,Norfolk Constabulary,Norfolk Constabulary,1.313379,52.711122,On or near Frettenham Road,E01026515,Broadland 003B,Unable to prosecute suspect
7a15f29f28424f0dea1e8fb7f893a22e6062f2f91e8b8a550f144a3aa62f8faf,2023-01,Norfolk Constabulary,Norfolk Constabulary,0.732793,52.412250,On or near St John's Way,E01026474,Breckland 017A,Local resolution
d79e82363badfef78a58288686f497614bfb727f6bb81a5d0ae528d83abd81df,2023-01,Norfolk Constabulary,Norfolk Constabulary,0.754370,52.830106,On or near Elm Lane,E01026780,North Norfolk 009A,Unable to prosecute suspect
fd7e5f8297e917c872dfc808cd99f7b541eb4ba9a6e37600b8ea99c1ec704590,2023-01,Norfolk Constabulary,Norfolk Constabulary,0.654767,52.510202,On or near ,E01026424,Breckland 012A,Unable to prosecute suspect
a7ea251a2acf6ba7cb82ff0a5afe08738ec767c0618f318aa5431668f168aed5,2023-01,Norfolk Constabulary,Norfolk Constabulary,1.716718,52.586348,On or near Burgh Road,E01026600,Great Yarmouth 007A,Unable to prosecute suspect
4c7ee9a8a50c7cf7ad86915ea0db7462b9d90d418105c0a532b9f5b72ca352b5,2023-01,Norfolk Constabulary,Norfolk Constabulary,0.409398,52.740656,On or near Hardwick Road,E01026706,King's Lynn and West Norfolk 011F,Unable to prosecute suspect
4c7ee9a8a50c7cf7ad86915ea0db7462b9d90d418105c0a532b9f5b72ca352b5,2023-01,Norfolk Constabulary,Norfolk Constabulary,0.409398,52.740656,On or near Hardwick Road,E01026706,King's Lynn and West Norfolk 011F,Unable to prosecute suspect
ce74ab420d2cd2fd8a8b9f33ab7eb5060f4d80bbe59e81c4871fc25b23310864,2023-01,Norfolk Constabulary,Norfolk Constabulary,1.726826,52.609543,On or near ,E01026597,Great Yarmouth 005C,Unable to prosecute suspect
7f5d240d96b9e757cd0324d673044e9cf552e3b3eb8352d3602458b176c697c7,2023-01,Norfolk Constabulary,Norfolk Constabulary,1.491824,52.844962,On or near Ridlington Road,E01026752,North Norfolk 007D,Unable to prosecute suspect
bc57d82ab863594053035a28b28a621afd78262c05ee6b83ee366a8dd6fd2e94,2023-01,Norfolk Constabulary,Norfolk Constabulary,0.739852,52.406089,On or near Fulmerston Road,E01026477,Breckland 017D,Action to be taken by another organisation
8a8bc9f53ed9ba1f95c0c5e18631c0c23f3baa623efbca7719b7cea2ab498249,2023-01,Norfolk Constabulary,Norfolk Constabulary,1.732941,52.594598,On or near Barkis Road,E01026622,Great Yarmouth 006A,Suspect charged
429d3596bc02f126ae609685144eaa612895d7c55a278b50e5258a1bf75da8f1,2023-01,Norfolk Constabulary,Norfolk Constabulary,1.732941,52.594598,On or near Barkis Road,E01026622,Great Yarmouth 006A,Suspect charged
dee064acdc26583ea18eb58c34f15319e9cd5a58cb7526a86b10f8d3d00de974,2023-01,Norfolk Constabulary,Norfolk Constabulary,1.733779,52.593331,On or near Harbord Crescent,E01026622,Great Yarmouth 006A,Suspect charged
5ad91ecc07d08f5414ec6e0d9ad257f62f9c1fc356dd225f81fb563835eb0dec,2023-01,Norfolk Constabulary,Norfolk Constabulary,1.730583,52.598136,On or near Queen's Road,E01026626,Great Yarmouth 006E,Suspect charged
d0757f333266a41e3ba4e340b828a2a02633786955471413d963b0f5b53385ca,2023-01,Norfolk Constabulary,Norfolk Constabulary,1.249269,52.632955,On or near Bixley Close,E01026865,Norwich 006C,Suspect charged
3f66f97530abb81787411fe3fa888880c35689673df2c874c79c8c1a4938ccb9,2023-01,Norfolk Constabulary,Norfolk Constabulary,1.730583,52.598136,On or near Queen's Road,E01026626,Great Yarmouth 006E,Suspect charged
f8412c65b52ca7f2383ee0cc4e0fa05acc34add35dede9d005568b1c6b9bf24b,2023-01,Norfolk Constabulary,Norfolk Constabulary,1.195393,52.615346,On or near Braymeadow Lane,E01026883,South Norfolk 002C,Local resolution
bf78d765e4dd11b326eae806d409819964c8ee20504c7bdeead306b6d4c6ca44,2023-01,Norfolk Constabulary,Norfolk Constabulary,1.238000,52.794138,On or near Cottage End,E01026502,Broadland 001D,Investigation complete; no suspect identified
8cfbbdda212d70cce84729ad21af3ed70337b2f2854aa74fb7eb361afe7dcf27,2023-01,Norfolk Constabulary,Norfolk Constabulary,1.237882,52.638285,On or near Peto Court,E01026793,Norwich 005C,Unable to prosecute suspect
ef5d0a823fb190f1f3b25d18dd9805fd48bcbf3e39e6bc453525189130aa54c2,2023-01,Norfolk Constabulary,Norfolk Constabulary,1.293674,52.629218,On or near ,E01026823,Norwich 007B,Offender given a caution
01d27e26714780dca28f4d7bc15e1d491a61231335013aa637e165e1e99dc5e8,2023-01,Norfolk Constabulary,Norfolk Constabulary,1.242814,52.641001,On or near Marl Pit Lane,E01026869,Norwich 006G,Unable to prosecute suspect
486806151a1f5b8f8c1f003d64ff9aee60c7fa323b6198e5f409de86b838640d,2023-01,Norfolk Constabulary,Norfolk Constabulary,1.299375,52.626415,On or near Stepping Lane,E01033440,Norwich 014C,Local resolution
41e433d396327036a8e8fdfa68fb52cb31097efd1d48bec6370307006dcf3b13,2023-01,Norfolk Constabulary,Norfolk Constabulary,1.307267,52.669293,On or near ,E01026542,Broadland 009C,Suspect charged
dab38448bc660cc8ed5a1a27d62af2da63459e1e228ef96005e58de23ba02aa6,2023-01,Norfolk Constabulary,Norfolk Constabulary,0.410683,52.756327,On or near ,E01026668,King's Lynn and West Norfolk 009C,Unable to prosecute suspect
6bff1d891e64ee4ffb1fad63b112b786a3d71e7999854dafde9827c5174f44e3,2023-01,Norfolk Constabulary,Norfolk Constabulary,0.978335,52.703229,On or near Home Farm Close,E01026461,Breckland 001C,Unable to prosecute suspect
6bff1d891e64ee4ffb1fad63b112b786a3d71e7999854dafde9827c5174f44e3,2023-01,Norfolk Constabulary,Norfolk Constabulary,0.978335,52.703229,On or near Home Farm Close,E01026461,Breckland 001C,Unable to prosecute suspect
441f689ad3ff0449dcb0af5e370f8186b701cbe26378eb82956fe98e07c5711b,2023-01,Norfolk Constabulary,Norfolk Constabulary,1.138410,52.580115,On or near Tipperary Avenue,E01026933,South Norfolk 007C,Suspect charged
ac541bd78fb8649588650af7253819e3a439b0a123c2d1ecd0e2a523554689af,2023-01,Norfolk Constabulary,Norfolk Constabulary,1.282711,52.658284,On or near Jupiter Road,E01026530,Broadland 011A,Suspect charged
cf18b95b3a2aedec39638a95bbad1ff35932a4336c5e892d3104a9d23f3d19b4,2023-01,Norfolk Constabulary,Norfolk Constabulary,1.282711,52.658284,On or near Jupiter Road,E01026530,Broadland 011A,Suspect charged
0809bb627b7934c8f42a3d3cdaed5d418bdc8909c7e8d3a6575ace51092ecc73,2023-01,Norfolk Constabulary,Norfolk Constabulary,0.939980,52.681921,On or near Quebec Street,E01026426,Breckland 005B,Unable to prosecute suspect
78e613e44c845e8d27f6fbc14cdf2e1bd0234f2c9a93efdd41e651c3295eefb0,2023-01,Norfolk Constabulary,Norfolk Constabulary,0.939980,52.681921,On or near Quebec Street,E01026426,Breckland 005B,Unable to prosecute suspect
c4613bcd0c1f5d94af347870a2ee72195e01d967b39ca7b5faccdddb2b918854,2023-01,Norfolk Constabulary,Norfolk Constabulary,0.410348,52.737996,On or near ,E01026704,King's Lynn and West Norfolk 011D,Investigation complete; no suspect identified
d7f5c203c33e2adc9253096c7fc92063456ffd80e32a6047ab7703a0fdca6dc9,2023-01,Norfolk Constabulary,Norfolk Constabulary,0.429682,52.769708,On or near ,E01026669,King's Lynn and West Norfolk 006A,Suspect charged
d7f5c203c33e2adc9253096c7fc92063456ffd80e32a6047ab7703a0fdca6dc9,2023-01,Norfolk Constabulary,Norfolk Constabulary,0.429682,52.769708,On or near ,E01026669,King's Lynn and West Norfolk 006A,Suspect charged
1965c3d4c7424e2933aecad38e5052e9a2ef143d5de586b8a5afae3af36eea82,2023-01,Norfolk Constabulary,Norfolk Constabulary,1.197344,52.680379,On or near St Edmund's Rise,E01026566,Broadland 006E,Unable to prosecute suspect
d9e5f2436f53e02238430c1f82b4d420bed6dcf70bc794e420c75c0d9bde20b8,2023-01,Norfolk Constabulary,Norfolk Constabulary,1.217257,52.645907,On or near Beechcroft,E01026917,South Norfolk 001B,Unable to prosecute suspect
8505e3d126863b638d3fd7e1ec8864e185df24a928d6dfe16a307cacb77d56a4,2023-01,Norfolk Constabulary,Norfolk Constabulary,1.292894,52.629069,On or near Guildhall Hill,E01026822,Norwich 007A,Unable to prosecute suspect
782361b3e729283f28172cf84d67bb8144a30db8b7ee6648ca9151b8f48ed8c2,2023-01,Norfolk Constabulary,Norfolk Constabulary,1.295157,52.629690,On or near ,E01026822,Norwich 007A,Suspect charged
65182a85d1e77c12c49d3e80dee1ca292c24f17d625d63993d82d7b1f887fe87,2023-01,Norfolk Constabulary,Norfolk Constabulary,0.510142,52.950349,On or near ,E01026681,King's Lynn and West Norfolk 001B,Suspect charged
65182a85d1e77c12c49d3e80dee1ca292c24f17d625d63993d82d7b1f887fe87,2023-01,Norfolk Constabulary,Norfolk Constabulary,0.510142,52.950349,On or near ,E01026681,King's Lynn and West Norfolk 001B,Suspect charged
4038db93af4e7e895a2895426d2742416775f733df772c2ccd4f5f6c2572e814,2023-01,Norfolk Constabulary,Norfolk Constabulary,1.734248,52.606133,On or near Russell Road,E01026623,Great Yarmouth 006B,Investigation complete; no suspect identified
e8fdf1a39d6eac5b980a086c3b5e7d386db284a979f8b6d188adcf16a68350e3,2023-01,Norfolk Constabulary,Norfolk Constabulary,0.939980,52.681921,On or near Quebec Street,E01026426,Breckland 005B,Unable to prosecute suspect
e6c6b74107ccca2ba88801e360d3bc53aafc7331bdccbded79d837077ba30f02,2023-01,Norfolk Constabulary,Norfolk Constabulary,0.931714,52.672503,On or near Crane Close,E01026425,Breckland 005A,Unable to prosecute suspect
d50c5b89f7e5528dfa292fd9f0112c386eaec08bf4f4e67a677d496d2a3e1d6d,2023-01,Norfolk Constabulary,Norfolk Constabulary,1.291422,52.653159,On or near Hillmead,E01026798,Norwich 001B,Unable to prosecute suspect
43fa14004160851543fbf213d30a99df02ad650bceb4a3d52082e54430fa1d9f,2023-01,Norfolk Constabulary,Norfolk Constabulary,1.731985,52.618600,On or near Churchill Road,E01026599,Great Yarmouth 004A,Investigation complete; no suspect identified
8a63ddec3ed77b1e1ff3264e83526cc2b1fd8ae9e6ca822863241a060dabce2f,2023-01,Norfolk Constabulary,Norfolk Constabulary,0.948130,52.681871,On or near Malthouse Court,E01026429,Breckland 003B,Investigation complete; no suspect identified
bf5c16753d6549f41eacc56db87b6c5fcf81518926dc6946731011b9d4791262,2023-01,Norfolk Constabulary,Norfolk Constabulary,1.241586,52.696506,On or near Pimpernel Road,E01026537,Broadland 004E,Unable to prosecute suspect
612833d4a0dc20a14dac80b48ccc3459d6bcb36e99fc296017fe398be154ac8a,2023-01,Norfolk Constabulary,Norfolk Constabulary,1.290918,52.609711,On or near ,E01026818,Norwich 013C,Unable to prosecute suspect
cae805a642ff77b4664058b7dd0b904da1938dd0ba1c4053daff810404583f44,2023-01,Norfolk Constabulary,Norfolk Constabulary,1.209929,52.645576,On or near ,E01026925,South Norfolk 001F,Unable to prosecute suspect
882285d2e729d1f8165ee6d83e6083661372d11c317d52d10686825cc4788f43,2023-01,Norfolk Constabulary,Norfolk Constabulary,1.262086,52.653018,On or near ,E01026531,Broadland 011B,Unable to prosecute suspect
ee42f3657d72ea422db63127b82096836f9ac2eff0982cdf58e4298ea5f7fc72,2023-01,Norfolk Constabulary,Norfolk Constabulary,1.242477,52.638843,On or near ,E01026867,Norwich 006E,Investigation complete; no suspect identified
472f075278c9e0a58113b9a1df0a48167f135a5f0006d9ce304eed1e90a76977,2023-01,Norfolk Constabulary,Norfolk Constabulary,0.609603,52.563229,On or near White Hart Street,E01026444,Breckland 012B,Investigation complete; no suspect identified
e4611a5dfbfa5d7256e1236e322fa79ecc905b13b8dbb04175abad1ebb9d8e1f,2023-01,Norfolk Constabulary,Norfolk Constabulary,1.307267,52.669293,On or near ,E01026542,Broadland 009C,Suspect charged
3943e15c1678011ee56415d1caafaabd398904df00c11bd99c98e2c7f3e0d77c,2023-01,Norfolk Constabulary,Norfolk Constabulary,1.270664,52.652637,On or near Mitre Court,E01026833,Norwich 002F,Unable to prosecute suspect
37693044db3a0995d921e134efc5b95d3b7eca3e3083c1dfea33d3d6afa20d7e,2023-01,Norfolk Constabulary,Norfolk Constabulary,1.222525,52.637121,On or near Donchurch Close,E01033436,Norwich 005H,Unable to prosecute suspect
a833a9ddce80752973211ba9b5e8d492bee50d73d2dbe1993a6748febe7d67a5,2023-01,Norfolk Constabulary,Norfolk Constabulary,1.726935,52.587880,On or near Burnt Lane,E01026600,Great Yarmouth 007A,Investigation complete; no suspect identified
2bbc122f62657d84af6c1f36926c81f47f3a1fd69bcdd2342c35829df80516bd,2023-01,Norfolk Constabulary,Norfolk Constabulary,1.338914,52.644499,On or near Fugill Road,E01026809,Norwich 004G,Unable to prosecute suspect
503ff94fbabdcdabfe51390796552cc7a7b9aa1c2ecd00386606b0575b48c19b,2023-01,Norfolk Constabulary,Norfolk Constabulary,0.849585,52.837371,On or near St Peter's Road,E01026745,North Norfolk 011A,Unable to prosecute suspect
dafca78da27416ede5d00303538099b3a22c4a9286c2ceacf3b8ccdfeca2e050,2023-01,Norfolk Constabulary,Norfolk Constabulary,0.734810,52.420369,On or near Guildford Way,E01026467,Breckland 015C,Unable to prosecute suspect
a96974485fbe89e67a99863c0898962dd6e05cd3df53626c8cb1de174e6c9720,2023-01,Norfolk Constabulary,Norfolk Constabulary,1.732211,52.603553,On or near Oxborough Walk,E01026624,Great Yarmouth 006C,Unable to prosecute suspect
fa510a412fe9e5dad6dd5e99a453052377ff0e1de8ebb4b741b23bc786d19e0c,2023-01,Norfolk Constabulary,Norfolk Constabulary,1.291460,52.626708,On or near ,E01026822,Norwich 007A,Unable to prosecute suspect
14d402c966b7a05d98057bfb2d8219f8958cc791ee3ae439d336870d4c8d52ac,2023-01,Norfolk Constabulary,Norfolk Constabulary,1.366442,52.634456,On or near Newark Close,E01026574,Broadland 016A,Suspect charged
40be34a591b5fe426dc11ffae09e8c5d7830179bc994689dd6fc60065df1c7d5,2023-01,Norfolk Constabulary,Norfolk Constabulary,1.427518,52.631723,On or near Broadlands Service Station,E01026509,Broadland 017B,Investigation complete; no suspect identified
70723db811b9236428db29964784c2d292fd660f38756a91296c701faa47c9a5,2023-01,Norfolk Constabulary,Norfolk Constabulary,0.750882,52.427855,On or near Anna Sewell Close,E01026466,Breckland 015B,Unable to prosecute suspect
e6ec2660fc430942e9f35973531dfa8f50bf7dafc0633468d07428cf76e1c807,2023-01,Norfolk Constabulary,Norfolk Constabulary,0.760259,52.591806,On or near Blind Lane,E01026496,Breckland 008E,Unable to prosecute suspect
d6ce15c882b9ef6baa9500a25d6ca1de502af2252e3dca4c997d5ea2da322a2a,2023-01,Norfolk Constabulary,Norfolk Constabulary,0.945634,52.596843,On or near Gipsy Lane,E01026485,Breckland 006E,Unable to prosecute suspect
216e48663b3bb5e4344e9210e39187d97e14114282c07ac3d16be6b76c9fdf71,2023-01,Norfolk Constabulary,Norfolk Constabulary,1.730994,52.603834,On or near St Peters' Plain,E01026624,Great Yarmouth 006C,Unable to prosecute suspect
6c338a79be411a522f4c0c2be75234d2fad514f09efa1787ed0b3dec91734063,2023-01,Norfolk Constabulary,Norfolk Constabulary,1.728316,52.601175,On or near Sidney Close,E01026625,Great Yarmouth 006D,Suspect charged
3009f7a538c93a968c01242a4f606dac80947105d0993df9235ad7c0ddb40c94,2023-01,Norfolk Constabulary,Norfolk Constabulary,0.987150,52.577771,On or near Fleeters Hill,E01026909,South Norfolk 004A,Unable to prosecute suspect
ef8073d2bb6dc117efd3f4ad11758688e8369307bdef5b1a984c14c23558fd0d,2023-01,Norfolk Constabulary,Norfolk Constabulary,1.723379,52.593137,On or near Cromwell Court,E01026633,Great Yarmouth 007B,Offender given a caution
21d3c47bbf8540c82e108074c867fea7b1ef098eef087bc6f6ba6384a191420a,2023-01,Norfolk Constabulary,Norfolk Constabulary,1.342003,52.763362,On or near Ormesby Road,E01026768,North Norfolk 012C,Unable to prosecute suspect
73f632ae8397d421594b4269e01f95292eb8b617eb9aaabe68978647e28afa8c,2023-01,Norfolk Constabulary,Norfolk Constabulary,1.237882,52.638285,On or near Peto Court,E01026793,Norwich 005C,Unable to prosecute suspect
c9247b954c6ab2d788bfa06a3c06e6a583405bab0da59628b7201c644243de23,2023-01,Norfolk Constabulary,Norfolk Constabulary,1.260188,52.618184,On or near Sotherton Road,E01026814,Norwich 012E,Action to be taken by another organisation
d4be9ce49ca6c11cbe38254c42786743f76b1628f2f9f12d343a67eb1d8b473d,2023-01,Norfolk Constabulary,Norfolk Constabulary,1.325063,52.706846,On or near Ashley Drive,E01026515,Broadland 003B,Suspect charged
4121e78aad5acdebc2e349d78c9d92a24c8f581481622a641a7e1f0a9ee17cc2,2023-01,Norfolk Constabulary,Norfolk Constabulary,,,No location,,,Unable to prosecute suspect
dd40ceac453b810f30feef01f68ab0a0d9e80ca0a51d5ccd2be25dfa19274fd8,2023-01,Norfolk Constabulary,Norfolk Constabulary,1.237882,52.638285,On or near Peto Court,E01026793,Norwich 005C,Unable to prosecute suspect
3a8353561ebbc2d2f5c9e9c421e0f7fbb81610cbb7c4cf6e3237ff3148e2cbee,2023-01,Norfolk Constabulary,Norfolk Constabulary,1.730994,52.603834,On or near St Peters' Plain,E01026624,Great Yarmouth 006C,Unable to prosecute suspect
c39b61d06efc4e51ee65c8ef1d507b38f6bff6e59feab9dc29eb8e71057ed4fa,2023-01,Norfolk Constabulary,Norfolk Constabulary,0.501786,52.537619,On or near Park/Open Space,E01026650,King's Lynn and West Norfolk 019C,Investigation complete; no suspect identified
d8b66bc653d170d72321bb09fa1cee01b4305ce39bb4a612ccb27eef6f3966eb,2023-01,Norfolk Constabulary,Norfolk Constabulary,1.165483,52.772723,On or near Chapel Street,E01026523,Broadland 002B,Investigation complete; no suspect identified
87d4c41b469aa3be47ca198434588bdef931390ceab53cd94973381dc2377fa6,2023-01,Norfolk Constabulary,Norfolk Constabulary,1.241684,52.638918,On or near ,E01026867,Norwich 006E,Unable to prosecute suspect
82f19c5dbb45af86116bcfcedac532a4dc58e702f152d43d6415bc751cde60d9,2023-01,Norfolk Constabulary,Norfolk Constabulary,0.652861,52.513483,On or near West Hall Road,E01026424,Breckland 012A,Suspect charged
a7a3aeef926a5f5799d2400ec5e3aaa962a8d5c298f2a4367bbc6dd49426b818,2023-01,Norfolk Constabulary,Norfolk Constabulary,1.732666,52.599176,On or near Albert Road,E01026626,Great Yarmouth 006E,Unable to prosecute suspect
99b83fac117ef1aed72c09df6d1f88f9ac56972f290e3759c3bf547e3e66195d,2023-01,Norfolk Constabulary,Norfolk Constabulary,1.728503,52.607811,On or near ,E01026597,Great Yarmouth 005C,Offender given a caution
31334ca6434b5edd0023302d841daeec099691e88bbe2d501946bd6ad3ecea10,2023-01,Norfolk Constabulary,Norfolk Constabulary,1.727723,52.626352,On or near Caister Road,E01026640,Great Yarmouth 004C,Unable to prosecute suspect
0e59280c43e021d3fef102155da3ad0cce13f4923ac1c6a450cc9e747ce7797c,2023-01,Norfolk Constabulary,Norfolk Constabulary,0.544855,52.464547,On or near Boundary Close,E01026648,King's Lynn and West Norfolk 019A,Unable to prosecute suspect
d580ff10f8754ac6ca0d9f2fc20ccaefd9f021f379f05c4d1051d1ff744be5c9,2023-01,Norfolk Constabulary,Norfolk Constabulary,1.729453,52.604297,On or near King Street,E01026624,Great Yarmouth 006C,Unable to prosecute suspect
3c4ffefe799a07cd5e9fbc6a4c05ecb71379e8aa0d0e3c4334781f740b7dbb3e,2023-01,Norfolk Constabulary,Norfolk Constabulary,0.390492,52.607889,On or near Lancaster Crescent,E01033037,King's Lynn and West Norfolk 017F,Further action is not in the public interest
bbf37fb289dff1f98e8b71762f5e36a5d8d0533e84ccacf4056a3bacc5a59a45,2023-01,Norfolk Constabulary,Norfolk Constabulary,1.729453,52.604297,On or near King Street,E01026624,Great Yarmouth 006C,Offender given a caution
bbf37fb289dff1f98e8b71762f5e36a5d8d0533e84ccacf4056a3bacc5a59a45,2023-01,Norfolk Constabulary,Norfolk Constabulary,1.729453,52.604297,On or near King Street,E01026624,Great Yarmouth 006C,Offender given a caution
bbf37fb289dff1f98e8b71762f5e36a5d8d0533e84ccacf4056a3bacc5a59a45,2023-01,Norfolk Constabulary,Norfolk Constabulary,1.729453,52.604297,On or near King Street,E01026624,Great Yarmouth 006C,Offender given a caution
bbf37fb289dff1f98e8b71762f5e36a5d8d0533e84ccacf4056a3bacc5a59a45,2023-01,Norfolk Constabulary,Norfolk Constabulary,1.729453,52.604297,On or near King Street,E01026624,Great Yarmouth 006C,Offender given a caution
2da94089a6189fb4718f9d6b657dd574271bd5f2e15b511362dd297772f74d35,2023-01,Norfolk Constabulary,Norfolk Constabulary,0.428965,52.761630,On or near Barnwell Road,E01026693,King's Lynn and West Norfolk 009D,Local resolution
bc37ee0d7f8f5e6526c47ba8bfe52aca4f351edad1e91d19f0b3ffe9edd8b34b,2023-01,Norfolk Constabulary,Norfolk Constabulary,1.282414,52.603405,On or near Barnesdale Road,E01026821,Norwich 013F,Unable to prosecute suspect
7188d31bc56e34b3bc1c821dc63cfd40ba6ddb32f46fb99587755d50c84f5cc4,2023-01,Norfolk Constabulary,Norfolk Constabulary,1.135769,52.576003,On or near Penfold Drive,E01026945,South Norfolk 007D,Suspect charged
439ce3708a64ef8fc351aa2b0e705e2561e1a63277664d0b245bac98cc1cae63,2023-01,Norfolk Constabulary,Norfolk Constabulary,0.481089,52.491727,On or near SOUTHERY ROAD,E01026649,King's Lynn and West Norfolk 019B,Unable to prosecute suspect
7a03c4582a4a98a2116bbe936204aa265f01652f8df88de8d84545b39c1941c0,2023-01,Norfolk Constabulary,Norfolk Constabulary,0.955962,52.672962,On or near ,E01026427,Breckland 005C,Unable to prosecute suspect
cb5d02b61968c9612e0662f30210f90a8e1bbac26b73d9e8523e240baa4205c0,2023-01,Norfolk Constabulary,Norfolk Constabulary,0.407183,52.707180,On or near Wildbriar Close,E01026723,King's Lynn and West Norfolk 014D,Unable to prosecute suspect
02d4e6904e323dd284ccbe054cc2be1dc9b1b7e8b330ee51916017d7dcebd501,2023-01,Norfolk Constabulary,Norfolk Constabulary,0.407183,52.707180,On or near Wildbriar Close,E01026723,King's Lynn and West Norfolk 014D,Unable to prosecute suspect
4d6d7ffc3182b56dcb64a3c929d3e6558e0fb58922c8ab7f14ae4bfd5ad49cea,2023-01,Norfolk Constabulary,Norfolk Constabulary,1.707921,52.569966,On or near The Willows,E01026586,Great Yarmouth 013B,Further action is not in the public interest
74588944b0b96a1be12093b6fda64c6678cec81d2c33e4dc44a2e52cde554c41,2023-01,Norfolk Constabulary,Norfolk Constabulary,0.414848,52.739286,On or near St Hilary Park Road,E01026704,King's Lynn and West Norfolk 011D,Unable to prosecute suspect
f517286a44df6c65543cb63f96063f5974da3f358004c06136c1d443e66deabb,2023-01,Norfolk Constabulary,Norfolk Constabulary,0.414848,52.739286,On or near St Hilary Park Road,E01026704,King's Lynn and West Norfolk 011D,Unable to prosecute suspect
5a4dae137bb07a59f2258c3c436b096e200cea121a1029e3e77bb2c7990155dd,2023-01,Norfolk Constabulary,Norfolk Constabulary,1.732788,52.606161,On or near Crown Road,E01026623,Great Yarmouth 006B,Unable to prosecute suspect
f7b38a06175e8bbac55a1eebecf886d4fb36ab25e3a096540a31b5e165644820,2023-01,Norfolk Constabulary,Norfolk Constabulary,0.611827,52.471728,On or near Hall Close,E01026492,Breckland 012C,Unable to prosecute suspect
37fcffe3447c9b30d3dfd2d2417022ec4fd6285c5af93a46e603c1dae06c4bf7,2023-01,Norfolk Constabulary,Norfolk Constabulary,1.325063,52.706846,On or near Ashley Drive,E01026515,Broadland 003B,Suspect charged
37fcffe3447c9b30d3dfd2d2417022ec4fd6285c5af93a46e603c1dae06c4bf7,2023-01,Norfolk Constabulary,Norfolk Constabulary,1.325063,52.706846,On or near Ashley Drive,E01026515,Broadland 003B,Suspect charged
7adcb2b29aea6a5e391010d46359b7c5c1bde8e0345bc553d607964ed88cd221,2023-01,Norfolk Constabulary,Norfolk Constabulary,0.852611,52.954325,On or near Station Road,E01026764,North Norfolk 002C,Local resolution
efdbcb5f0e6d5a8ca88779fccd8b3d309101b9d6aa6af4a760c270e545c7492a,2023-01,Norfolk Constabulary,Norfolk Constabulary,1.325063,52.706846,On or near Ashley Drive,E01026515,Broadland 003B,Suspect charged
efabf125501bcc42102fa72fd2acf34dd78d40dc2fc46c2af1f8f9d6a744effc,2023-01,Norfolk Constabulary,Norfolk Constabulary,1.339846,52.643537,On or near Redfern Close,E01026809,Norwich 004G,Unable to prosecute suspect
e59c742a6e346db78325e43d736e62cb0d42761947625777bbc68adf1ffd898a,2023-01,Norfolk Constabulary,Norfolk Constabulary,1.291915,52.620570,On or near Rowington Road,E01026855,Norwich 011D,Unable to prosecute suspect
36495fadff866f850dd671fa3bac61e26af7604af4c6d9b95a991bbb028fccce,2023-01,Norfolk Constabulary,Norfolk Constabulary,0.489447,52.909161,On or near Hugh Ford Close,E01026677,King's Lynn and West Norfolk 003B,Investigation complete; no suspect identified
ccd5e3f9a1481af8158f8d4f9684f4ea7467f130bd9cd6342b7fe632a0ff0755,2023-01,Norfolk Constabulary,Norfolk Constabulary,1.394036,52.820586,On or near Pound Road,E01026753,North Norfolk 010A,Unable to prosecute suspect
9663be26f0a16042ad0d281a4c0797c010bddeb55435a818d54ee4e23f22cdc3,2023-01,Norfolk Constabulary,Norfolk Constabulary,1.017420,52.518143,On or near Church Street,E01026449,Breckland 011D,Unable to prosecute suspect
512b7c72c0e96754fcd05ce7ed3a7df4169dab05794c36fe59158a75b5b8adbf,2023-01,Norfolk Constabulary,Norfolk Constabulary,1.279808,52.636501,On or near Clifton Street,E01026827,Norwich 007F,Unable to prosecute suspect
ba14cf03b27e21e7cfc424c01317b2c6f5923b87e746070791bd7f35efe28fe5,2023-01,Norfolk Constabulary,Norfolk Constabulary,0.350852,52.559956,On or near CHURCH ROAD,E01026679,King's Lynn and West Norfolk 018A,Investigation complete; no suspect identified
975a28d9842b57834884c89a5b7a26d534ee02b38b61373922ecdc764cd827b5,2023-01,Norfolk Constabulary,Norfolk Constabulary,0.432070,52.753761,On or near Copperfield,E01026663,King's Lynn and West Norfolk 010B,Suspect charged
cb6e3ead18378a4bd88b5bb9b2750fe3096722f7d24b9e23b4330f0242eb4374,2023-01,Norfolk Constabulary,Norfolk Constabulary,0.394469,52.754796,On or near Purfleet,E01026698,King's Lynn and West Norfolk 011A,Suspect charged
cf2f2259642d5b71a29a0565f3fb2cf0371a4cea3e655320301d4706a152e4ee,2023-01,Norfolk Constabulary,Norfolk Constabulary,1.293132,52.626148,On or near ,E01026822,Norwich 007A,Suspect charged as part of another case
90d760ae72242b9ca47d63cf10a1724457027b457b52e0a1cfbf3c31a72f228c,2023-01,Norfolk Constabulary,Norfolk Constabulary,0.470173,52.550044,On or near Park/Open Space,E01026728,King's Lynn and West Norfolk 018C,Unable to prosecute suspect
bbd6c4f395575060fe427b727fe94535bd807bfca273a819c57991495544ffbe,2023-01,Norfolk Constabulary,Norfolk Constabulary,1.298710,52.610704,On or near Cavell Road,E01026819,Norwich 013D,Unable to prosecute suspect
bc01e1563a2c1f29ad8af64e46e12468fbcd3ecffc5f1213b7b05d8ea54f8109,2023-01,Norfolk Constabulary,Norfolk Constabulary,-0.063182,51.540315,On or near Middleton Road,E01001816,Hackney 020D,Suspect charged
b6aa695beeb9e932e5b82f5bd870766ec8b7a74ba50afe367771e91cecb8ff57,2023-01,Norfolk Constabulary,Norfolk Constabulary,1.700860,52.581827,On or near Martin Close,E01026583,Great Yarmouth 008C,Investigation complete; no suspect identified
e88169e46f08354484d53541aee256e2e7eeef107cf3be58e50320d81384b80d,2023-01,Norfolk Constabulary,Norfolk Constabulary,1.292387,52.931183,On or near Central Road,E01026736,North Norfolk 003C,Further action is not in the public interest
a806cf12425562168a065f15ce11ae6707ad95bc31fa13fe7b143ea52b5ffc8e,2023-01,Norfolk Constabulary,Norfolk Constabulary,1.292387,52.931183,On or near Central Road,E01026736,North Norfolk 003C,Further action is not in the public interest
a9f6f4ce6fa550785b80ce6e16fba2989cb1fd001cabd5e053c922afb358aa05,2023-01,Norfolk Constabulary,Norfolk Constabulary,1.301653,52.629460,On or near ,E01033438,Norwich 014A,Unable to prosecute suspect
47abeb018bc0e8df749a709dc9d8b8a8130a4ca36dfd6f869d5dd694989b39cb,2023-01,Norfolk Constabulary,Norfolk Constabulary,0.402774,52.742517,On or near Horsleys Field,E01026706,King's Lynn and West Norfolk 011F,Unable to prosecute suspect
4a23726f6d47dc6c3a9d4cfad068cffad64639bb281ee69012dafa671a9ae120,2023-01,Norfolk Constabulary,Norfolk Constabulary,1.309699,52.630048,On or near Bertram Way,E01033438,Norwich 014A,Unable to prosecute suspect
6c66323e3f261bdb62544160ccbfb603c24a17b5a662dc3d3c06c4721a29cac6,2023-01,Norfolk Constabulary,Norfolk Constabulary,1.725168,52.645502,On or near Charlock Close,E01026594,Great Yarmouth 003F,Unable to prosecute suspect
6c66323e3f261bdb62544160ccbfb603c24a17b5a662dc3d3c06c4721a29cac6,2023-01,Norfolk Constabulary,Norfolk Constabulary,1.725168,52.645502,On or near Charlock Close,E01026594,Great Yarmouth 003F,Unable to prosecute suspect
326da979105f34e48944fa6beefed91c5fee041fd6863677ae64fafcc697dccb,2023-01,Norfolk Constabulary,Norfolk Constabulary,1.640953,52.749292,On or near All Saints Lane,E01026786,North Norfolk 013D,Unable to prosecute suspect
8243b4382abd5b5d4794b15c545a9c6f9c344b05846632a8a94569e9ca0ebe29,2023-01,Norfolk Constabulary,Norfolk Constabulary,0.397819,52.756428,On or near Albert Avenue,E01026698,King's Lynn and West Norfolk 011A,Unable to prosecute suspect
6b4595a6946292574d05cd012b5593e8a4ba8426d397a2af8cea3a04ea7270a8,2023-01,Norfolk Constabulary,Norfolk Constabulary,1.729309,52.615977,On or near Mission Place,E01026595,Great Yarmouth 005A,Investigation complete; no suspect identified
d9f9d5adc368de64986d7cea9a27483be6e76a276106cc1caf1da8b9b5982dee,2023-01,Norfolk Constabulary,Norfolk Constabulary,1.319237,52.637318,On or near Knox Close,E01026806,Norwich 004D,Investigation complete; no suspect identified
a66f168f9e0b3db927c3500cfe2458a14daf1783626bd32375e3230a7f86ca82,2023-01,Norfolk Constabulary,Norfolk Constabulary,1.009474,52.781111,On or near Stringers Lane,E01026522,Broadland 002A,Unable to prosecute suspect
16c7d92f5234af7119d30ee3f462573fdca76999449efe97219dd2c3c23b8053,2023-01,Norfolk Constabulary,Norfolk Constabulary,1.267199,52.669622,On or near Dennis Road,E01026527,Broadland 010B,Offender given a caution
4ea0419ecce9ebe25f03a73b3e8afd5fabf54eed5e3c671e637ad25cc26887e2,2023-01,Norfolk Constabulary,Norfolk Constabulary,0.399013,52.754417,On or near ,E01026698,King's Lynn and West Norfolk 011A,Suspect charged
20c433ce6c06dd53a22a4b40cb1d4e8067b3819ffd807c6eaf76736aa457eafe,2023-01,Norfolk Constabulary,Norfolk Constabulary,1.419729,52.884153,On or near Anson Close,E01026751,North Norfolk 007C,Investigation complete; no suspect identified
85c369d4c7527e7bd450e91d3c9e32832c35671c8231c00405cd51ab4fa5aa4d,2023-01,Norfolk Constabulary,Norfolk Constabulary,1.270861,52.638242,On or near Armes Crescent,E01026866,Norwich 006D,Investigation complete; no suspect identified
015540126506490646460f5a3afd8320c194cb7054aaa155667d8c1c0122e508,2023-01,Norfolk Constabulary,Norfolk Constabulary,1.325063,52.706846,On or near Ashley Drive,E01026515,Broadland 003B,Suspect charged
3790169fb458f3765221f5ebad37a0c18cef719daccd8f46095d998b1832d8c6,2023-01,Norfolk Constabulary,Norfolk Constabulary,1.325063,52.706846,On or near Ashley Drive,E01026515,Broadland 003B,Suspect charged
62dada2f71abe71e933bbec4f84e32c3337ccef837a346c2a64fc027e6fe2d35,2023-01,Norfolk Constabulary,Norfolk Constabulary,0.948130,52.681871,On or near Malthouse Court,E01026429,Breckland 003B,Investigation complete; no suspect identified
f8ec104d6f3c077538c27ddd6e18341ad7014d8ca2c0f5e87dba7471701f6b98,2023-01,Norfolk Constabulary,Norfolk Constabulary,1.366442,52.634456,On or near Newark Close,E01026574,Broadland 016A,Unable to prosecute suspect
405ff0cd13e7e258ddb810c7b3dd7babb829255fb74c534df94be0189d8843ff,2023-01,Norfolk Constabulary,Norfolk Constabulary,0.946120,52.681471,On or near John Bates Close,E01026426,Breckland 005B,Investigation complete; no suspect identified
51b028ef6d2b8c9d2599765bbaab0849181c94be6ec4e8d691da8d4fae037ecf,2023-01,Norfolk Constabulary,Norfolk Constabulary,1.303445,52.612568,On or near Netherwood Green,E01026817,Norwich 013B,Investigation complete; no suspect identified
25aa93529be852942d412f0ed1aa16ffcfaf0cd01ef8c5136ada7f11e57aa470,2023-01,Norfolk Constabulary,Norfolk Constabulary,0.392050,52.608820,On or near Rosemary Way,E01033037,King's Lynn and West Norfolk 017F,Investigation complete; no suspect identified
4cedff55ca8914cf47081fcb4d630d36ab537dc29e1c24194e3be6c3ac6ebd58,2023-01,Norfolk Constabulary,Norfolk Constabulary,1.365488,52.629536,On or near Central Avenue,E01026575,Broadland 016B,Unable to prosecute suspect
0219a0fc62e12464cf523b439fe3b9ae30ec32cb635d2ddecc3adc5a5e4b997a,2023-01,Norfolk Constabulary,Norfolk Constabulary,1.189119,52.653207,On or near Ernest Gage Avenue,E01033538,South Norfolk 001G,Unable to prosecute suspect
3c4a8b917a67657d293ed69f1d133b002b2225249a0d3f166829eaeb21d1a835,2023-01,Norfolk Constabulary,Norfolk Constabulary,1.281852,52.603996,On or near Locksley Road,E01026821,Norwich 013F,Unable to prosecute suspect
42f25b2e16392b3ac563c3fd0433d0644380f618b04f4f2a401be9ab704105ec,2023-01,Norfolk Constabulary,Norfolk Constabulary,,,No location,,,Unable to prosecute suspect
37cbc099444407143ae50f358d9de55e92c31390f54d79b93ae1876085dbc7ab,2023-01,Norfolk Constabulary,Norfolk Constabulary,1.271066,52.651286,On or near Lefroy Road,E01026833,Norwich 002F,Suspect charged
f28159da5fd24cc6e637ed1564871eebdb0acd9f6803ba8492c0488a118103ce,2023-01,Norfolk Constabulary,Norfolk Constabulary,1.249694,52.658017,On or near Wensum Meadows Road,E01026529,Broadland 010D,Unable to prosecute suspect
1a7744980142b05efde0db5ecda7a07b00664d3efeb8d2d4f09443246e1b894b,2023-01,Norfolk Constabulary,Norfolk Constabulary,1.301341,52.621324,On or near Foulgers Opening,E01026822,Norwich 007A,Unable to prosecute suspect
3e2a340b1b19ba3924d1cdba3dd71319decfb84d923ec42331d34fd3de7cc6ad,2023-01,Norfolk Constabulary,Norfolk Constabulary,1.428022,52.628344,On or near GREENACRE CLOSE,E01026509,Broadland 017B,Unable to prosecute suspect
51af40aec6ac7a88728a288d08ad005d8ea3e7d3c50e5f49f6a70a000f60462e,2023-01,Norfolk Constabulary,Norfolk Constabulary,1.723379,52.593137,On or near Cromwell Court,E01026633,Great Yarmouth 007B,Unable to prosecute suspect
f55bc03baf5a391501653894f871c914a8a8a9157d600ece45ab0f6da4b8536f,2023-01,Norfolk Constabulary,Norfolk Constabulary,1.297689,52.620311,On or near Gordon Square,E01026853,Norwich 011B,Unable to prosecute suspect
18829c852598873819d7961b2d5c104c4735dfe0a644399894eb8f4109707060,2023-01,Norfolk Constabulary,Norfolk Constabulary,0.736532,52.409457,On or near London Road,E01026476,Breckland 017C,Unable to prosecute suspect
f0874dcbcf7d5963c67ac1e2b40f9ec14fd4db59272b9c54b7530fe6ad9fa2ae,2023-01,Norfolk Constabulary,Norfolk Constabulary,1.290473,52.638760,On or near Bakers Road,E01026831,Norwich 002D,Suspect charged
ab752cec114bc4e109366241cde3b4ce0ed81d97f67394f4197a067c9e486104,2023-01,Norfolk Constabulary,Norfolk Constabulary,0.400297,52.753788,On or near Old Market Street,E01026698,King's Lynn and West Norfolk 011A,Suspect charged
d3abf68a0ee4b2527179e0d9567b8828972f1b9522b2566e5f4ecdc7f4c5239c,2023-01,Norfolk Constabulary,Norfolk Constabulary,1.732666,52.599176,On or near Albert Road,E01026626,Great Yarmouth 006E,Investigation complete; no suspect identified
4c4b45809af51e9e0513450bed14780712d99247f59fae107d401ad602385a37,2023-01,Norfolk Constabulary,Norfolk Constabulary,1.284110,52.628225,On or near Convent Road,E01033437,Norwich 011H,Unable to prosecute suspect
429f5b1c600ea0dd536ef1975b14b7cb11ecc6cb8ae488f1d67fc9c1ad4ff0c3,2023-01,Norfolk Constabulary,Norfolk Constabulary,1.323220,52.630785,On or near Woodrow Place,E01026808,Norwich 004F,Investigation complete; no suspect identified
9d4521c4e0540c164c93bb51d13d86cc4c70f43dbe2b92eb33a313316c5a7265,2023-01,Norfolk Constabulary,Norfolk Constabulary,1.304504,52.624600,On or near ,E01033441,Norwich 014D,Unable to prosecute suspect
9d4521c4e0540c164c93bb51d13d86cc4c70f43dbe2b92eb33a313316c5a7265,2023-01,Norfolk Constabulary,Norfolk Constabulary,1.304504,52.624600,On or near ,E01033441,Norwich 014D,Unable to prosecute suspect
6b225e51831732f2d38ebb0e2b8c9f4d2ce5d08149ed3e18b152a6b50fb04ce7,2023-01,Norfolk Constabulary,Norfolk Constabulary,0.435249,52.752572,On or near HAWTHORNS,E01026663,King's Lynn and West Norfolk 010B,Suspect charged
4e209338ab5b298b637fbd4b5c8f95fc1d32e2024eb87c92edb0e5be3e9d54fb,2023-01,Norfolk Constabulary,Norfolk Constabulary,1.295166,52.628421,On or near Castle Meadow,E01026822,Norwich 007A,Unable to prosecute suspect
4e209338ab5b298b637fbd4b5c8f95fc1d32e2024eb87c92edb0e5be3e9d54fb,2023-01,Norfolk Constabulary,Norfolk Constabulary,1.295166,52.628421,On or near Castle Meadow,E01026822,Norwich 007A,Unable to prosecute suspect
14f9012888573d2ae7d2805511d5bffd31923e2f8f4f97e88f7dc1c5555dd0e7,2023-01,Norfolk Constabulary,Norfolk Constabulary,1.287859,52.628157,On or near Chapel Field North,E01026822,Norwich 007A,Investigation complete; no suspect identified
e54afcf693ac275238a47ad7dbc2fcb928bdd8249e649f225df2af264eb40dc5,2023-01,Norfolk Constabulary,Norfolk Constabulary,1.295473,52.639385,On or near Stacy Road,E01026846,Norwich 003F,Unable to prosecute suspect
69d5304242c0fe2455abb5d058dd8a1ab69ba4299b491c70857c637ffecc7520,2023-01,Norfolk Constabulary,Norfolk Constabulary,1.431471,52.880351,On or near Gunner Close,E01026751,North Norfolk 007C,Investigation complete; no suspect identified
7c650bde4572ce6970f7fe8274fac6991bad65422e9ff632015c712a834aef18,2023-01,Norfolk Constabulary,Norfolk Constabulary,1.301180,52.919023,On or near Brownshill,E01026777,North Norfolk 003D,Unable to prosecute suspect
336b4818a635975956a8daac46a20c46a7ff746e5116d2fbfa2b60888a18745c,2023-01,Norfolk Constabulary,Norfolk Constabulary,1.293523,52.652975,On or near Ardney Rise,E01026801,Norwich 001E,Local resolution
2c899424366e3d966eb5d935b6d7c9447c49caf60c50c9f4132c2551fa06c01f,2023-01,Norfolk Constabulary,Norfolk Constabulary,1.293523,52.652975,On or near Ardney Rise,E01026801,Norwich 001E,Local resolution
4c629429dc84ea080cf45eb13bd4c4321bea61bb8d8c4ace0e73932e51d292d2,2023-01,Norfolk Constabulary,Norfolk Constabulary,0.394469,52.754796,On or near Purfleet,E01026698,King's Lynn and West Norfolk 011A,Suspect charged
917c6327dd063ecb080909f4369499c7f40226bb5104e1329d44982dc433c5ef,2023-01,Norfolk Constabulary,Norfolk Constabulary,1.302627,52.628969,On or near Prince Of Wales Road,E01033438,Norwich 014A,Unable to prosecute suspect
98bed33c3ce0a2e79c55b30744c50e4214c85b59667b5cff028c4c4328afac43,2023-01,Norfolk Constabulary,Norfolk Constabulary,1.302627,52.628969,On or near Prince Of Wales Road,E01033438,Norwich 014A,Unable to prosecute suspect
01e8ab57e3bb433ab1d5545a783cb49fad3c7d8e83aaa793f90da419463dd40f,2023-01,Norfolk Constabulary,Norfolk Constabulary,1.417325,52.874203,On or near ,E01026751,North Norfolk 007C,Unable to prosecute suspect
d31fb72bf5a225f0e1a1658b2180698f78b5116f13d4d48ec475b4dfe876c1ea,2023-01,Norfolk Constabulary,Norfolk Constabulary,1.395533,52.826452,On or near Arnold Pitcher Close,E01026757,North Norfolk 010E,Unable to prosecute suspect
1f7cfe8a62eab88e374ef79e7c5f5a40790a09bda6f2fe2ed9cf0b9f1d7e98bd,2023-01,Norfolk Constabulary,Norfolk Constabulary,0.498987,52.946195,On or near Yarrow Drive,E01026681,King's Lynn and West Norfolk 001B,Unable to prosecute suspect
d73c2649dafc54dd49d4965820356a57d7ffaf8a040a469691206b72508b2acf,2023-01,Norfolk Constabulary,Norfolk Constabulary,1.293988,52.928944,On or near Meadow Close,E01026736,North Norfolk 003C,Suspect charged
bf7c17c311f4eaa1acbcb0311f47544d131aeb9eea9eddec1049c473671a4383,2023-01,Norfolk Constabulary,Norfolk Constabulary,1.108229,52.576505,On or near SAWMILL CLOSE,E01026871,South Norfolk 005B,Unable to prosecute suspect
494e34e2eb7c7661f9ba930e8f38960447a2be7cbd42aca961f4c4306673fc24,2023-01,Norfolk Constabulary,Norfolk Constabulary,0.765278,52.417412,On or near Coriander Drive,E01026471,Breckland 016D,Unable to prosecute suspect
d62af27c2b822b465dae72d2a67e32e9627c8e361520efb307d1d6782d44f257,2023-01,Norfolk Constabulary,Norfolk Constabulary,1.336594,52.640643,On or near Holmes Close,E01026803,Norwich 004A,Suspect charged
47d8f167f321998a180e2fd160416c6af6364991ca0dcaa5eebdac2c041bf772,2023-01,Norfolk Constabulary,Norfolk Constabulary,1.680843,52.657214,On or near Market Lane,E01026608,Great Yarmouth 002A,Unable to prosecute suspect
8f75d4f4da79aa2b422d0f2aa2007c4670a906dec07ec9199c9149485457e3aa,2023-01,Norfolk Constabulary,Norfolk Constabulary,1.279135,52.637590,On or near Goodman Square,E01026827,Norwich 007F,Unable to prosecute suspect
ffb3061b7a132d83e44efae2aaba9ae4aeef95a369af8602103522ce9d3226b1,2023-01,Norfolk Constabulary,Norfolk Constabulary,0.953610,52.366314,On or near Hopton Road,E01030096,St Edmundsbury 001B,Offender given a caution
e7c37b989dcf7f872502fafc4cc5cb1e0d2fba5f182fa6eba5c088cb708a62c0,2023-01,Norfolk Constabulary,Norfolk Constabulary,1.328404,52.630720,On or near ,E01026808,Norwich 004F,Unable to prosecute suspect
7343731c75d1409761c5b4b051deb8b1f06ddd6fdec695ada7a0cb656723a3d0,2023-01,Norfolk Constabulary,Norfolk Constabulary,1.336594,52.640643,On or near Holmes Close,E01026803,Norwich 004A,Suspect charged
62375a0872740f1dd7b9484fb15cb3e2b0286e68933ec954c97d89ef05620107,2023-01,Norfolk Constabulary,Norfolk Constabulary,1.479692,52.543740,On or near Proctor Road,E01026880,South Norfolk 008B,Unable to prosecute suspect
e4ad2a2863cfaaf8a95d6533ce3d8342332c776d72cd26b245f618e3129cd799,2023-01,Norfolk Constabulary,Norfolk Constabulary,0.394469,52.754796,On or near Purfleet,E01026698,King's Lynn and West Norfolk 011A,Suspect charged
7ec68917237c064d20c2029c74cb18d4bb13c377da1e4dc7def42c7895935a99,2023-01,Norfolk Constabulary,Norfolk Constabulary,0.398286,52.755475,On or near George Yard,E01026698,King's Lynn and West Norfolk 011A,Local resolution
2f657949a6ec138acb9e5922821797f41e4f92fac1231bb7a3bcc5fc28a6110e,2023-01,Norfolk Constabulary,Norfolk Constabulary,1.204919,52.942669,On or near Montague Road,E01026770,North Norfolk 001A,Unable to prosecute suspect
883fafe219452bd5abeb1e0939e9edc0bafb863f60b75b65e39bd072060dfd7d,2023-01,Norfolk Constabulary,Norfolk Constabulary,1.654335,52.568558,On or near Station Road North,E01026616,Great Yarmouth 012D,Unable to prosecute suspect
5b2e7129d373936f18eb42d2b8cb1b98611af44c9b0c52e6cdf3eac11747ca0c,2023-01,Norfolk Constabulary,Norfolk Constabulary,0.502651,52.850779,On or near Hunstanton Road,E01026653,King's Lynn and West Norfolk 004A,Local resolution
bffcfac0e749c75b56962d6050a89de3d096ebb090ca052ec58f766d20d82abe,2023-01,Norfolk Constabulary,Norfolk Constabulary,1.286014,52.931935,On or near Howards Hill Close,E01026736,North Norfolk 003C,Unable to prosecute suspect
f7a22053aef592b589f45954175161e04ce12ad07648d28c86d9d0f3a8be6851,2023-01,Norfolk Constabulary,Norfolk Constabulary,1.117127,52.501761,On or near The Barns,E01026877,South Norfolk 011A,Unable to prosecute suspect
4a6f439c1583c6ba5254c4571b7c5721a465ac983908f220edfe7cfa4521ff67,2023-01,Norfolk Constabulary,Norfolk Constabulary,1.238903,52.558062,On or near Woodyard Close,E01026915,South Norfolk 009C,Unable to prosecute suspect
adc23e16ae1e6c4296039c718210a50492b865e0cedb1ec0e132a494b8fcf548,2023-01,Norfolk Constabulary,Norfolk Constabulary,0.829251,52.532282,On or near Tottington Road,E01026491,Breckland 010E,Suspect charged
5327ccb027cb4e1f1e5a004defb0f511b99744c263ca3b5c5d3354dc48628c5b,2023-01,Norfolk Constabulary,Norfolk Constabulary,0.739044,52.419614,On or near St Albans Way,E01026465,Breckland 015A,Suspect charged
c616feea83d034e5f69cf55ce99118ce5c2308a23929513b1f0e965b51860247,2023-01,Norfolk Constabulary,Norfolk Constabulary,0.946429,52.676392,On or near ,E01026426,Breckland 005B,Suspect charged
c616feea83d034e5f69cf55ce99118ce5c2308a23929513b1f0e965b51860247,2023-01,Norfolk Constabulary,Norfolk Constabulary,0.946429,52.676392,On or near ,E01026426,Breckland 005B,Suspect charged
c854e59dd2a8eb8326a035690fbccf23921222a51c04d2ff3e2ee4e335216e7a,2023-01,Norfolk Constabulary,Norfolk Constabulary,1.142766,52.585288,On or near Arundell Avenue,E01026933,South Norfolk 007C,Unable to prosecute suspect
725d1c4b3413725797477d816f94f22fdd1afe06b043b49169ef686d19406ab7,2023-01,Norfolk Constabulary,Norfolk Constabulary,0.726898,52.406091,On or near Stapleford Way,E01026478,Breckland 017E,Suspect charged
bdaf4b6d8e21497193eeca8dfa96e0cb2a2ca71ea73aff87a3fd544099bfde60,2023-01,Norfolk Constabulary,Norfolk Constabulary,1.715248,52.605436,On or near Austin Road,E01026635,Great Yarmouth 007D,Investigation complete; no suspect identified
662216309bf32e12bb6991a50e4877ce3aa345367dc865a4bb4601e51272e502,2023-01,Norfolk Constabulary,Norfolk Constabulary,1.201383,52.646392,On or near Triumph Court,E01026925,South Norfolk 001F,Unable to prosecute suspect
742038cb56f267e27f561323a1bbbf98058560beb3b5e3a4be66bc11f006ab75,2023-01,Norfolk Constabulary,Norfolk Constabulary,0.829251,52.532282,On or near Tottington Road,E01026491,Breckland 010E,Suspect charged
822d6902e6c57842bf9007893ad7944d9bba43170be694ead3933aaf702d5f88,2023-01,Norfolk Constabulary,Norfolk Constabulary,0.834592,52.532100,On or near Hall Lane,E01026491,Breckland 010E,Suspect charged
8cf233594a8482c4f7b751e9bdd7b5444df12c51c8a1d04bb7088806667de06b,2023-01,Norfolk Constabulary,Norfolk Constabulary,1.196228,52.495162,On or near Station Road,E01026897,South Norfolk 011C,Suspect charged
8ba968e5e26a92422486763f4bc4ff491fe9bbe88595c2f0e2a9337241204a2a,2023-01,Norfolk Constabulary,Norfolk Constabulary,1.196228,52.495162,On or near Station Road,E01026897,South Norfolk 011C,Suspect charged
85f5597089a8c87d86311c9f6621e812ec27910c509eed38d38f9d9ac8826eb9,2023-01,Norfolk Constabulary,Norfolk Constabulary,,,No location,,,Unable to prosecute suspect
babb59eba3e4e8fd56326bc2d3cd4ab4bfacdc0f764f828db05d210911faa5c5,2023-01,Norfolk Constabulary,Norfolk Constabulary,1.296039,52.566907,On or near Norwich Road,E01026937,South Norfolk 006G,Suspect charged
ee14eec273b23cd70531128a2619245d5904bddeaa4dc29364c364cc5a656743,2023-01,Norfolk Constabulary,Norfolk Constabulary,1.700438,52.678847,On or near Lady Hamilton Lane,E01026627,Great Yarmouth 001D,Unable to prosecute suspect
5c031895ab6ec117934a59fe0fe97ef40c00fafb076e88410c4f692bcdc09070,2023-01,Norfolk Constabulary,Norfolk Constabulary,1.340642,52.644091,On or near Barclay Road,E01026809,Norwich 004G,Unable to prosecute suspect
38def897f29721122d0768692b7cac7da226b6f6564575ee714a59c434eaea53,2023-01,Norfolk Constabulary,Norfolk Constabulary,0.848785,52.830142,On or near Norwich Street,E01026747,North Norfolk 011C,Suspect charged
22b55bb5c39a01ba4a34074461887538dcd09805004234e12e7627fb6f8c4c30,2023-01,Norfolk Constabulary,Norfolk Constabulary,1.253905,52.621729,On or near North Park Avenue,E01026810,Norwich 012A,Suspect charged
1571df7aa1c3863b14b93c800756060aae8bda0df1f4344d07ac465c2098c82b,2023-01,Norfolk Constabulary,Norfolk Constabulary,1.269093,52.629018,On or near ,E01026837,Norwich 009C,Unable to prosecute suspect
9110c5bf345984981385b98f39c6228d92e9755e7cdceaa8d2395f0864d6128e,2023-01,Norfolk Constabulary,Norfolk Constabulary,1.064575,52.365690,On or near Wigwam Hill,E01030054,Mid Suffolk 002B,Unable to prosecute suspect
ff48b88b730312c5ce96cfa204ef8df8d295f689af9c17c1407c8d26e202b759,2023-01,Norfolk Constabulary,Norfolk Constabulary,1.211120,52.679358,On or near Bell Close,E01026568,Broadland 006G,Suspect charged as part of another case
12cc5bcdaa6b0a7c3b1fb68c17d61eba3be3f2caea7f4095d689142732d0ce8b,2023-01,Norfolk Constabulary,Norfolk Constabulary,1.211455,52.678486,On or near Manor Chase,E01026568,Broadland 006G,Suspect charged as part of another case
c80d0338a86aa0834c82275f51ee4161a9e1e8c915c1365ecde8452d3b53e019,2023-01,Norfolk Constabulary,Norfolk Constabulary,0.399408,52.751891,On or near Regent Place,E01026699,King's Lynn and West Norfolk 011B,Unable to prosecute suspect
e8d23a04ab48f1d125420e219de9de64d257505cbe03a956aaba116f4ab1516f,2023-01,Norfolk Constabulary,Norfolk Constabulary,0.963567,52.856907,On or near North View,E01026729,North Norfolk 008A,Unable to prosecute suspect
fd8d88fc74b09acab37a5ad9f07f8a40aa6c971dbcf49beefbbc8bfee3f822af,2023-01,Norfolk Constabulary,Norfolk Constabulary,1.302220,52.407275,On or near Beck View,E01026901,South Norfolk 013C,Unable to prosecute suspect
c722ca99a174df3ad87b2398b99d7f46d844ac86ef8cc6949acb9a89577630fa,2023-01,Norfolk Constabulary,Norfolk Constabulary,1.299869,52.639262,On or near Marlborough Road,E01026841,Norwich 003A,Unable to prosecute suspect
79b57ff745c6f6421d2c40eb611d9bca26713928ab27953d289e19b769e04aca,2023-01,Norfolk Constabulary,Norfolk Constabulary,0.861793,52.830405,On or near Thorn Road,E01026749,North Norfolk 011E,Unable to prosecute suspect
abca6285c84875c237235ed687fd8c8360f5ac7b782a1e29d0a52f440d68c823,2023-01,Norfolk Constabulary,Norfolk Constabulary,1.183745,52.458022,On or near Broadgate Lane,E01026886,South Norfolk 014C,Offender given a caution
e77f99ab9203d941c584192cc8097479d3a68059197bfef6f210eb4cf85f10e4,2023-01,Norfolk Constabulary,Norfolk Constabulary,1.301653,52.629460,On or near ,E01033438,Norwich 014A,Unable to prosecute suspect
afccca4a3957f4208b6dae998a395c6c2c8cb1be722a333253919c1dd9c2041d,2023-01,Norfolk Constabulary,Norfolk Constabulary,1.385793,52.821118,On or near ,E01026760,North Norfolk 010H,Unable to prosecute suspect
d46e301425a7a810f4f5995d912802123e24f2f7e689f60235722f18c700a058,2023-01,Norfolk Constabulary,Norfolk Constabulary,1.293132,52.626148,On or near ,E01026822,Norwich 007A,Investigation complete; no suspect identified
cd5b0aa94a37915ca9a5dbb4610b4062f8ff77a27fb9b7aa6175d869a1c0720e,2023-01,Norfolk Constabulary,Norfolk Constabulary,0.946630,52.678932,On or near ,E01026426,Breckland 005B,Unable to prosecute suspect
905b4476c0dfbefd3dc0b659bfa19a1b5fa6458fd0f59459ae2a8c7fedb021e7,2023-01,Norfolk Constabulary,Norfolk Constabulary,0.946630,52.678932,On or near ,E01026426,Breckland 005B,Unable to prosecute suspect
1302cdb93eef3b2121c75590b951b44a3e47791bc0416c8cd85f6b388f8df9d5,2023-01,Norfolk Constabulary,Norfolk Constabulary,1.724458,52.593669,On or near Waveney Road,E01026633,Great Yarmouth 007B,Unable to prosecute suspect
2c60b84de345fb12e4324f6eeff9e3dabacf59425dfdcf08277dd0727130f997,2023-01,Norfolk Constabulary,Norfolk Constabulary,1.321101,52.624665,On or near Salisbury Road,E01026849,Norwich 015B,Investigation complete; no suspect identified
9a94483f3681946a8acea36d19f5b580c50b435b215a8c9cba8bfd12e129516c,2023-01,Norfolk Constabulary,Norfolk Constabulary,0.855257,52.831938,On or near Westmead Road,E01026747,North Norfolk 011C,Unable to prosecute suspect
f6e5d318badab309f2cb4037a11f8cc24d6edcfa82590943ca6873f1df026419,2023-01,Norfolk Constabulary,Norfolk Constabulary,0.909857,52.469876,On or near Watton Road,E01026440,Breckland 014B,Unable to prosecute suspect
bd545fc05041e240c5f072a0e5cbd7172a2a1b8866346b00f99d832395eba026,2023-01,Norfolk Constabulary,Norfolk Constabulary,1.211455,52.678486,On or near Manor Chase,E01026568,Broadland 006G,Suspect charged as part of another case
c8045d42f4ff81ae21959b0b673e31a016131035165d927bdc103863bea7ff07,2023-01,Norfolk Constabulary,Norfolk Constabulary,1.211346,52.677203,On or near Norgate Way,E01026568,Broadland 006G,Suspect charged as part of another case
f584159e966f7aa660cff1ab7d465e4999f59ce6b5e1472fa79817c35b9d0489,2023-01,Norfolk Constabulary,Norfolk Constabulary,1.301653,52.629460,On or near ,E01033438,Norwich 014A,Unable to prosecute suspect
5311107af0614ebab89296d312d697a4e6639320c5a4685a6c221ca118ca4b8d,2023-01,Norfolk Constabulary,Norfolk Constabulary,1.729884,52.609023,On or near Swirle's Place,E01026597,Great Yarmouth 005C,Unable to prosecute suspect
5311107af0614ebab89296d312d697a4e6639320c5a4685a6c221ca118ca4b8d,2023-01,Norfolk Constabulary,Norfolk Constabulary,1.729884,52.609023,On or near Swirle's Place,E01026597,Great Yarmouth 005C,Unable to prosecute suspect
87b8ea956ecdf8973f3babdd44198f92561e90d86aaba8b7afce7dc72fd4a3c9,2023-01,Norfolk Constabulary,Norfolk Constabulary,1.236050,52.637903,On or near Gilbard Road,E01026793,Norwich 005C,Offender given a caution
7fed8fa8032492194650c2470d1fbdfb17227f9b941d8576a0676a830b8a1322,2023-01,Norfolk Constabulary,Norfolk Constabulary,1.725343,52.577658,On or near Roslyn Road,E01026630,Great Yarmouth 010D,Suspect charged
74c3dc6bb0fd9e531466fc8ffb7a7d62f35ce503b5cea533acdb695fe488ba58,2023-01,Norfolk Constabulary,Norfolk Constabulary,1.108148,52.372574,On or near ,E01026891,South Norfolk 015D,Unable to prosecute suspect
a2428a4d2b97e15190dcd48d004d0797e18c006517fb172d4bee43691071371c,2023-01,Norfolk Constabulary,Norfolk Constabulary,0.371987,52.593991,On or near Campion Place,E01026707,King's Lynn and West Norfolk 017D,Suspect charged
2a3b454d69a3f56d3f58ead56e8602102230536b23038d7b2446af4ee4a40584,2023-01,Norfolk Constabulary,Norfolk Constabulary,1.232329,52.610305,On or near Rowan Way,E01026882,South Norfolk 002B,Unable to prosecute suspect
820897bcd40e05f481e7ab9599a2d4ab7a573906f7e2278213cecb473bd7bed5,2023-01,Norfolk Constabulary,Norfolk Constabulary,1.292367,52.626970,On or near William Booth Street,E01026822,Norwich 007A,Local resolution
820897bcd40e05f481e7ab9599a2d4ab7a573906f7e2278213cecb473bd7bed5,2023-01,Norfolk Constabulary,Norfolk Constabulary,1.292367,52.626970,On or near William Booth Street,E01026822,Norwich 007A,Local resolution
24783f983a4e909b5f7dcddd676f38f5a228da88e93db80d93f4113e6022293d,2023-01,Norfolk Constabulary,Norfolk Constabulary,1.309289,52.623252,On or near Koblenz Avenue,E01033441,Norwich 014D,Investigation complete; no suspect identified
b6695841cee5d41615104c90bb57e9776ea54f2b527053937481d8d2df9019af,2023-01,Norfolk Constabulary,Norfolk Constabulary,1.272535,52.636514,On or near Brighty's Opening,E01026866,Norwich 006D,Investigation complete; no suspect identified
6cd1a5cf31041fdd120c468a362409d0c00a2fb42cac3e04909bb26eb4b861cb,2023-01,Norfolk Constabulary,Norfolk Constabulary,1.287859,52.628157,On or near Chapel Field North,E01026822,Norwich 007A,Investigation complete; no suspect identified
1d4a69d6ace9d3033d6ece68472c5442680ef66d32578638a33250850459b084,2023-01,Norfolk Constabulary,Norfolk Constabulary,1.380759,52.814597,On or near Norwich Road,E01026760,North Norfolk 010H,Action to be taken by another organisation
081b2be42049e1835dfb39612b20525346345dad26161d435333cd5d2066c226,2023-01,Norfolk Constabulary,Norfolk Constabulary,1.298450,52.630425,On or near Queen Street,E01033438,Norwich 014A,Investigation complete; no suspect identified
d540dc83f836c2321ef740a690f0c4d41edbeb42d52e259b4b3a610d70162603,2023-01,Norfolk Constabulary,Norfolk Constabulary,1.210789,52.943338,On or near ,E01026770,North Norfolk 001A,Unable to prosecute suspect
a3c7759d5e6fe145f08d5b34f15b2f19f88ee3a4de09a8df53e8c5d7a890aa8c,2023-01,Norfolk Constabulary,Norfolk Constabulary,1.268468,52.638272,On or near Waterworks Road,E01026866,Norwich 006D,Investigation complete; no suspect identified
5b4b33ec391c51096d896990821c205639b82d0b2f709bf21620b962fc058c60,2023-01,Norfolk Constabulary,Norfolk Constabulary,1.721251,52.608801,On or near Fishers' Quay,E01026597,Great Yarmouth 005C,Suspect charged
2b3889c59d7c7e2d7bc2cfa2f37bf6b5435101caea6241c169d30b226cbab9f4,2023-01,Norfolk Constabulary,Norfolk Constabulary,1.725149,52.609290,On or near ,E01026597,Great Yarmouth 005C,Action to be taken by another organisation
50493e5a7c561f5034f039327afc3da6325f8d12bcf620dcdfcf5a3b1698d08d,2023-01,Norfolk Constabulary,Norfolk Constabulary,1.292037,52.604082,On or near Coleburn Road,E01026821,Norwich 013F,Unable to prosecute suspect
f7ffdcafbbba084256b76e23838164777db62afeda33ea0bcac1e0715340d296,2023-01,Norfolk Constabulary,Norfolk Constabulary,1.289569,52.629674,On or near Fishers Lane,E01026822,Norwich 007A,Investigation complete; no suspect identified
5a23aacdb59095fb883e4de20dcdaf7d8385af43d5729112f5a881ad41e4bb6a,2023-01,Norfolk Constabulary,Norfolk Constabulary,0.404329,52.762680,On or near Anderson Close,E01026687,King's Lynn and West Norfolk 007A,Unable to prosecute suspect
21777d48e51be9bafaaa3dfe26561d297bd1126894ea92d87a51abc1e5dc0f9d,2023-01,Norfolk Constabulary,Norfolk Constabulary,1.269926,52.627295,On or near Recreation Road,E01026836,Norwich 009B,Unable to prosecute suspect
1742e4008e43e6f23b897e5fe0c54e227e1b8c71218eaf50e3daa2d4d14a059b,2023-01,Norfolk Constabulary,Norfolk Constabulary,1.729561,52.619980,On or near Harley Road,E01026639,Great Yarmouth 004B,Investigation complete; no suspect identified
98f7151be662eeb6f5c8e04cc9d0850f7860decd663b27b73378804b56ca21fe,2023-01,Norfolk Constabulary,Norfolk Constabulary,0.404329,52.762680,On or near Anderson Close,E01026687,King's Lynn and West Norfolk 007A,Suspect charged
8bada16d98936570adacdc59256b9576d2b1ad977e51584097e2f0372b3ff60d,2023-01,Norfolk Constabulary,Norfolk Constabulary,0.760365,52.423758,On or near Shelley Way,E01026473,Breckland 016F,Unable to prosecute suspect
833f646ea306fbd256f235401d8afeae9f50afb60f93faf2c19d54717df1480b,2023-01,Norfolk Constabulary,Norfolk Constabulary,1.714382,52.566948,On or near Spens Avenue,E01026617,Great Yarmouth 011A,Investigation complete; no suspect identified
dddc4a87bb69825b510e8f59e0f7154eddaf46d7f8d0045520e733b568190b2c,2023-01,Norfolk Constabulary,Norfolk Constabulary,0.940480,52.667349,On or near Kevin Walk,E01026432,Breckland 005D,Unable to prosecute suspect
dddc4a87bb69825b510e8f59e0f7154eddaf46d7f8d0045520e733b568190b2c,2023-01,Norfolk Constabulary,Norfolk Constabulary,0.940480,52.667349,On or near Kevin Walk,E01026432,Breckland 005D,Unable to prosecute suspect
2146ae00727dfe29736d30457a05ea5bd7512cfb68fde98a8036d26f1bbfeed8,2023-01,Norfolk Constabulary,Norfolk Constabulary,1.293223,52.644466,On or near Sun Lane,E01026843,Norwich 003C,Unable to prosecute suspect
d816dcc4cfa68d1ad56bbb87d74696fea550674bdae34262ba752192cf6765d8,2023-01,Norfolk Constabulary,Norfolk Constabulary,1.086745,52.908146,On or near Mill Court,E01026743,North Norfolk 004C,Unable to prosecute suspect
2d4cb11707d9a9dad4bf830152677701c3790678429390f02f6bd20bd5db1b61,2023-01,Norfolk Constabulary,Norfolk Constabulary,0.746713,52.408600,On or near Amulet Close,E01026475,Breckland 017B,Unable to prosecute suspect
918331c0818b52362ddb44924184a0aa137e2d9a197e4a7600b5ca764e36969c,2023-01,Norfolk Constabulary,Norfolk Constabulary,0.395023,52.737872,On or near Sydney Terrace,E01026704,King's Lynn and West Norfolk 011D,Unable to prosecute suspect
184bc22a8f6cef20ab7ff7c5a7d8b06ab41e09a9057ca54b44e7a34c2620e9c2,2023-01,Norfolk Constabulary,Norfolk Constabulary,1.728484,52.646063,On or near Green Lane,E01026594,Great Yarmouth 003F,Unable to prosecute suspect
4894dac91516c61195b2b4c42b22a5eb2458bde28e9545a53be048a804506adf,2023-01,Norfolk Constabulary,Norfolk Constabulary,1.214671,52.650357,On or near Poplar Close,E01026924,South Norfolk 001E,Unable to prosecute suspect
975a88e793dcafc63a1d508dbe967ffa5ea1c3d58b5e0e8db5bc26584675ef8f,2023-01,Norfolk Constabulary,Norfolk Constabulary,0.760365,52.423758,On or near Shelley Way,E01026473,Breckland 016F,Unable to prosecute suspect
3462a7185e6fd05881ffc9a18d61eab5ef80a853d4e109efc03a128cfb4c63fc,2023-01,Norfolk Constabulary,Norfolk Constabulary,1.725222,52.611014,On or near Fuller's Hill,E01026597,Great Yarmouth 005C,Suspect charged
2f99e6f9db604c68796a6a97a73bcbf2b7273c62d417a8dc87d726ffec29ae4c,2023-01,Norfolk Constabulary,Norfolk Constabulary,0.385117,52.750984,On or near Cedar Way,E01026705,King's Lynn and West Norfolk 011E,Unable to prosecute suspect
81cfc126568bab56291dff63cae72ab0915d91d28d8e98354c7c2946112f7deb,2023-01,Norfolk Constabulary,Norfolk Constabulary,0.458541,52.715657,On or near Lynn Road,E01026725,King's Lynn and West Norfolk 014F,Unable to prosecute suspect
00dd24f1e6496b14fb32081fc44ad0ff4ff067c347e9f7b3d9eac461c0521a29,2023-01,Norfolk Constabulary,Norfolk Constabulary,1.334774,52.645668,On or near Watling Road,E01026805,Norwich 004C,Unable to prosecute suspect
89fc969df83bf4dd364b8527aebbef845e5449a6d1f6780d5b8f21a7628c24f4,2023-01,Norfolk Constabulary,Norfolk Constabulary,1.465345,52.705892,On or near Mill Hill,E01026769,North Norfolk 014B,Unable to prosecute suspect
3d1ca8da574a9f4bd93baeecaab982ef2e620e23813d8cb943dca4ee4bb02b77,2023-01,Norfolk Constabulary,Norfolk Constabulary,0.690477,52.706914,On or near NORTH STREET,E01026694,King's Lynn and West Norfolk 012D,Unable to prosecute suspect
d2dc7cb45d160660d0dac3597b10b05a5384b9a8d48dbd359b26081917a14d9b,2023-01,Norfolk Constabulary,Norfolk Constabulary,1.298575,52.633066,On or near Quay Side,E01033438,Norwich 014A,Investigation complete; no suspect identified
b92c99d04b39e8c67109996ac3902978d3c9ac067a77a7a06f3ed14aeab8604a,2023-01,Norfolk Constabulary,Norfolk Constabulary,,,No location,,,Unable to prosecute suspect
a39efb454300cc9aaabf43f4c14ae7903d0a9afb2eca211370de611314318088,2023-01,Norfolk Constabulary,Norfolk Constabulary,1.290594,52.659064,On or near Bussey Road,E01026799,Norwich 001C,Suspect charged
54434ed9e9a4c571b14af73e54ea1f457c9b9132660835e21d5108feb103df92,2023-01,Norfolk Constabulary,Norfolk Constabulary,1.215508,52.647664,On or near Upper Stafford Avenue,E01026917,South Norfolk 001B,Unable to prosecute suspect
1f3a0ddf59363dd1f248adcbc20eeb681942aed559ce5fc77d657f7fd21605ff,2023-01,Norfolk Constabulary,Norfolk Constabulary,1.324810,52.636363,On or near ,E01026807,Norwich 004E,Suspect charged
68e71fadbe0fbae786ceec2696e2790e11e63ed89891ee75b9ec2a4d312147dd,2023-01,Norfolk Constabulary,Norfolk Constabulary,0.771592,52.423343,On or near ,E01026470,Breckland 016C,Suspect charged
68e71fadbe0fbae786ceec2696e2790e11e63ed89891ee75b9ec2a4d312147dd,2023-01,Norfolk Constabulary,Norfolk Constabulary,0.771592,52.423343,On or near ,E01026470,Breckland 016C,Suspect charged
f58eebf5352515b57e630b8a1fef8dd0172eda6ef0b16cabecf935762d6bd882,2023-01,Norfolk Constabulary,Norfolk Constabulary,1.207435,52.647865,On or near Johnson Close,E01026925,South Norfolk 001F,Unable to prosecute suspect
f58eebf5352515b57e630b8a1fef8dd0172eda6ef0b16cabecf935762d6bd882,2023-01,Norfolk Constabulary,Norfolk Constabulary,1.207435,52.647865,On or near Johnson Close,E01026925,South Norfolk 001F,Unable to prosecute suspect
fc5e311239b929f3677f54743246c95d5f21b2698458a737bb278dda80262abe,2023-01,Norfolk Constabulary,Norfolk Constabulary,1.203596,52.682296,On or near Baldric Road,E01026567,Broadland 006F,Investigation complete; no suspect identified
5e441f6ce40f0be0fb739679e370803e8035cafef8ec95da742e5e51dfdb8b10,2023-01,Norfolk Constabulary,Norfolk Constabulary,1.328404,52.630720,On or near ,E01026808,Norwich 004F,Investigation complete; no suspect identified
b3ac41aff8aad18950e20482869230ffd3c0105215eed43b65525b57cbafcc80,2023-01,Norfolk Constabulary,Norfolk Constabulary,1.233257,52.490126,On or near St Davids Close,E01026938,South Norfolk 011D,Unable to prosecute suspect
f699decdcc427a8d5472ece48ab4baa9ab682e322a26bfbc64617e80fe65fe57,2023-01,Norfolk Constabulary,Norfolk Constabulary,1.293674,52.629218,On or near ,E01026823,Norwich 007B,Suspect charged as part of another case
f699decdcc427a8d5472ece48ab4baa9ab682e322a26bfbc64617e80fe65fe57,2023-01,Norfolk Constabulary,Norfolk Constabulary,1.293674,52.629218,On or near ,E01026823,Norwich 007B,Suspect charged as part of another case
533bd9b6c59100054a886591e92e6ce6d977358b66083ea3c1674434764794d4,2023-01,Norfolk Constabulary,Norfolk Constabulary,1.730003,52.604333,On or near Dene Side,E01026624,Great Yarmouth 006C,Unable to prosecute suspect
06568d255b6c3ea9b231fe4b8516b3e905c7f10452ea56824000f87d15c50840,2023-01,Norfolk Constabulary,Norfolk Constabulary,1.019047,52.661415,On or near Moorfield Road,E01026480,Breckland 006B,Unable to prosecute suspect
a209c221d07aba83e1cdb371fc5a8354c0f970dc7ffdf7d4196717b6b3b92f84,2023-01,Norfolk Constabulary,Norfolk Constabulary,1.479561,52.530909,On or near Leman Close,E01026911,South Norfolk 008C,Further action is not in the public interest
753a46166f2a40025aa292d743e191f0f014a3f11e6f14a884ab4c478a34ec07,2023-01,Norfolk Constabulary,Norfolk Constabulary,0.444844,52.753499,On or near Bure Close,E01026664,King's Lynn and West Norfolk 010C,Unable to prosecute suspect
dc7b965442f857f9e98099b6330335b4dc7e14c7cfcf9fc30958a977f478b36f,2023-01,Norfolk Constabulary,Norfolk Constabulary,1.282984,52.621673,On or near Beaumont Place,E01026855,Norwich 011D,Unable to prosecute suspect
be79bf5ca5eba930a4ed8d67f63037691ca2935ba4d1e226266465a401070be2,2023-01,Norfolk Constabulary,Norfolk Constabulary,0.404436,52.755737,On or near Wyatt Street,E01026698,King's Lynn and West Norfolk 011A,Unable to prosecute suspect
4325c46843d711ebab1327aef7b9331e0c064d6d43169c2cccfeed821aabf0bf,2023-01,Norfolk Constabulary,Norfolk Constabulary,1.257822,52.670843,On or near Cottinghams Drive,E01026526,Broadland 010A,Unable to prosecute suspect
2dade3bae86567ca0cc256021509cae204ed2b6ccb78e696b143f56d7a01aad1,2023-01,Norfolk Constabulary,Norfolk Constabulary,1.726238,52.605414,On or near ,E01026623,Great Yarmouth 006B,Unable to prosecute suspect
3fcb222a672642b49d1a0c79ca82ee1fe9999e8b026c42d4063d1c1a6a0d3bb9,2023-01,Norfolk Constabulary,Norfolk Constabulary,1.307885,52.623246,On or near ,E01033441,Norwich 014D,Unable to prosecute suspect
3fcb222a672642b49d1a0c79ca82ee1fe9999e8b026c42d4063d1c1a6a0d3bb9,2023-01,Norfolk Constabulary,Norfolk Constabulary,1.307885,52.623246,On or near ,E01033441,Norwich 014D,Unable to prosecute suspect
af285fb82538b95c4c5f3388986433f1f39ffe04487c590510e4ed99e7eddbdc,2023-01,Norfolk Constabulary,Norfolk Constabulary,1.729273,52.610347,On or near ,E01026597,Great Yarmouth 005C,Suspect charged
4f5f5503479316192995cd009a73b2facbf158286ab5c58508ab2db00c599cb0,2023-01,Norfolk Constabulary,Norfolk Constabulary,1.356352,52.634922,On or near Eastern Avenue,E01026575,Broadland 016B,Further action is not in the public interest
77ad87d4bf6109338b48285f3d4e3870a19db6a68fdad7cea19c42f0be6e0cd9,2023-01,Norfolk Constabulary,Norfolk Constabulary,0.733425,52.409861,On or near St Martin's Way,E01026476,Breckland 017C,Unable to prosecute suspect
a576a5e484ccdfed20e257b209844ffc47cfcb263e659fcadd4ca7a6fc2f5313,2023-01,Norfolk Constabulary,Norfolk Constabulary,1.290739,52.621826,On or near Regina Road,E01026853,Norwich 011B,Unable to prosecute suspect
9dd105e5f2f1cf2dff6b0f5f12a35dcbb6286922d566cfed429a16270d48ad7e,2023-01,Norfolk Constabulary,Norfolk Constabulary,0.579121,52.960254,On or near Church Street,E01026645,King's Lynn and West Norfolk 002A,Suspect charged
124dfb158d31e9fe8fbc3b317f9e1c09971b2e65d7306c9482964c770f7b28f8,2023-01,Norfolk Constabulary,Norfolk Constabulary,1.243481,52.633239,On or near Douglas Haig Road,E01026796,Norwich 005F,Unable to prosecute suspect
4c80e2935175a355ede1870d0f6243b50e93ba510ff1b0a8ea5b0715bc5316f4,2023-01,Norfolk Constabulary,Norfolk Constabulary,1.712220,52.572278,On or near Robinson Close,E01026620,Great Yarmouth 011D,Unable to prosecute suspect
e2959d2345507ba075883aef343b63a16f0a0ebf932b313c8e0d7f431efb839c,2023-01,Norfolk Constabulary,Norfolk Constabulary,1.297293,52.565919,On or near Bancroft Close,E01026936,South Norfolk 006F,Local resolution
2f77cd647235d97aa35b11a02dcf9c608d8b0796a8c399752103b5654d55e587,2023-01,Norfolk Constabulary,Norfolk Constabulary,1.289681,52.648495,On or near Rackham Road,E01026800,Norwich 001D,Offender given a caution
2f77cd647235d97aa35b11a02dcf9c608d8b0796a8c399752103b5654d55e587,2023-01,Norfolk Constabulary,Norfolk Constabulary,1.289681,52.648495,On or near Rackham Road,E01026800,Norwich 001D,Offender given a caution
48f68f49e4d4c5a4db2a2bb2617cde6d6b7427e71240a6dd0cefaa4d2ddeebc5,2023-01,Norfolk Constabulary,Norfolk Constabulary,1.120920,52.559623,On or near Beechwood Court,E01026884,South Norfolk 007A,Investigation complete; no suspect identified
331a8501a16dc46b7b784700a2971568a8fb1822a285e35f6e00fddeb6b69ad9,2023-01,Norfolk Constabulary,Norfolk Constabulary,0.435039,52.745365,On or near Dukes Place,E01026662,King's Lynn and West Norfolk 010A,Unable to prosecute suspect
3f2911ddc7cc7f857b713ce986db1293dd815eb66e300cc8e060d67df5ef5ebb,2023-01,Norfolk Constabulary,Norfolk Constabulary,0.432160,52.606573,On or near Market Lane,E01026727,King's Lynn and West Norfolk 018B,Investigation complete; no suspect identified
d209cf9a173301e03c13688d1e4924a1a8084aaa6ad9466721700a50ad6fbc96,2023-01,Norfolk Constabulary,Norfolk Constabulary,1.351342,52.631853,On or near Ring Road,E01026573,Broadland 015E,Unable to prosecute suspect
4da69279ebc9eda4a07719f68696fbcb8c541b8a82a0841bf503677dcd175f67,2023-01,Norfolk Constabulary,Norfolk Constabulary,1.209658,52.639665,On or near Dersley Court,E01026794,Norwich 005D,Action to be taken by another organisation
6b4e35bc20e03fe0e245c0012586fceb9906ad0fc5b665567f77df05ae11a985,2023-01,Norfolk Constabulary,Norfolk Constabulary,1.139730,52.587437,On or near Swatman Grove,E01026933,South Norfolk 007C,Unable to prosecute suspect
ee02f0b5cd7a73405637c4f61b896ea63b29dfe911d9c67a0c29554818f8fda5,2023-01,Norfolk Constabulary,Norfolk Constabulary,1.299572,52.607244,On or near Webdell Court,E01026817,Norwich 013B,Unable to prosecute suspect
d3d8e4f25743359fb7cb0b0f78804011137afa3b010955b2e81819cf9e6f7131,2023-01,Norfolk Constabulary,Norfolk Constabulary,1.396164,52.825795,On or near Preston Road,E01026756,North Norfolk 010D,Investigation complete; no suspect identified
183b135097e3e19fa19bffb011fc7b387d61665678ec3d587e417b5fd4a1d97e,2023-01,Norfolk Constabulary,Norfolk Constabulary,1.271752,52.623054,On or near Glebe Road,E01026838,Norwich 009D,Unable to prosecute suspect
297081b6e4a77ee6a746e3b80f9e7a191555fa5c38e93bee5c7dd9a85478f7d7,2023-01,Norfolk Constabulary,Norfolk Constabulary,1.207435,52.647865,On or near Johnson Close,E01026925,South Norfolk 001F,Unable to prosecute suspect
297081b6e4a77ee6a746e3b80f9e7a191555fa5c38e93bee5c7dd9a85478f7d7,2023-01,Norfolk Constabulary,Norfolk Constabulary,1.207435,52.647865,On or near Johnson Close,E01026925,South Norfolk 001F,Unable to prosecute suspect
a3225e7c9dd552ab01c83d68a8a2901d7a0e61277ae5468578e93c7bcc4b8743,2023-01,Norfolk Constabulary,Norfolk Constabulary,1.290594,52.659064,On or near Bussey Road,E01026799,Norwich 001C,Suspect charged
246d2e3598e51398e01f7c94e882d84961c46b52811cd16722dce27d4f086cda,2023-01,Norfolk Constabulary,Norfolk Constabulary,1.290594,52.659064,On or near Bussey Road,E01026799,Norwich 001C,Unable to prosecute suspect
1d815484a515b7cc77741777a20ce90482c8b6c38bd7715fcf2f24a13dadcb0a,2023-01,Norfolk Constabulary,Norfolk Constabulary,1.717980,52.561672,On or near ,E01026617,Great Yarmouth 011A,Suspect charged
ccf59f44f687fa9184329acf43ece1c639da87bdc84f9699e4b29d90082ba592,2023-01,Norfolk Constabulary,Norfolk Constabulary,1.303506,52.638091,On or near Morley Street,E01026848,Norwich 015A,Suspect charged
ccf59f44f687fa9184329acf43ece1c639da87bdc84f9699e4b29d90082ba592,2023-01,Norfolk Constabulary,Norfolk Constabulary,1.303506,52.638091,On or near Morley Street,E01026848,Norwich 015A,Suspect charged
a0f496b5310c208c7baef6738d5abd90058ed15f88a7cf74f441601c27fe7e3d,2023-01,Norfolk Constabulary,Norfolk Constabulary,1.202813,52.933714,On or near Margaret English Close,E01026773,North Norfolk 001D,Further action is not in the public interest
06332ee4ff557979f532d8e4a0ad65d96f575ecfa7a89aaf0fd49e414829cafa,2023-01,Norfolk Constabulary,Norfolk Constabulary,1.483215,52.541477,On or near Hardley Road,E01026879,South Norfolk 008A,Investigation complete; no suspect identified
c42174b4796326fc32a3ce3fb830c7ca6a65b5e0ed6d803c3aa1bcbe678024cb,2023-01,Norfolk Constabulary,Norfolk Constabulary,1.269093,52.629018,On or near ,E01026837,Norwich 009C,Suspect charged
b9c6cf2117eb1940164ba3b48dfb91e8a5e4cbfa3c088a9f12f1197cb8405c9e,2023-01,Norfolk Constabulary,Norfolk Constabulary,1.731752,52.606662,On or near Saxon Road,E01026623,Great Yarmouth 006B,Unable to prosecute suspect
c83455dd71f11a76b6fa0de55de2babeae3e168995a746af9c9606ccfbdc32a6,2023-01,Norfolk Constabulary,Norfolk Constabulary,1.340564,52.762576,On or near Cromes Place,E01026768,North Norfolk 012C,Unable to prosecute suspect
1d4ca531356c39b9fa719d7ea70afdb65b2c433e689bc120553a784a173a3739,2023-01,Norfolk Constabulary,Norfolk Constabulary,0.849266,52.835904,On or near Caslon Close,E01026745,North Norfolk 011A,Unable to prosecute suspect
8557fb801751e47b1aacd75fa6885deb8baeadb43650183ff2749d9c146153ee,2023-01,Norfolk Constabulary,Norfolk Constabulary,1.723671,52.579357,On or near Recreation Close,E01026632,Great Yarmouth 009E,Unable to prosecute suspect
4f650fb9e3ffb1a79af67b9e191e2722f5ca3f33e4df0818518b1d3bdf8104d5,2023-01,Norfolk Constabulary,Norfolk Constabulary,1.490283,52.536475,On or near Pyes Mill Road,E01026912,South Norfolk 008D,Unable to prosecute suspect
4a912183fea7c0eeccbd25b4402a17d5fcc98ca120051e66976bfb4d73f8615d,2023-01,Norfolk Constabulary,Norfolk Constabulary,0.724321,52.411277,On or near New Hampshire Way,E01026474,Breckland 017A,Investigation complete; no suspect identified
d30db13c3a655af6ab1786e5e3891472463053f5308f08a6e44f150633624575,2023-01,Norfolk Constabulary,Norfolk Constabulary,1.243522,52.639983,On or near Jex Avenue,E01026869,Norwich 006G,Unable to prosecute suspect
67ddd5f2ed0de7a007193e7e679a2d0bcb05ac595cdc4e98113509b1354e5d1c,2023-01,Norfolk Constabulary,Norfolk Constabulary,1.301700,52.636684,On or near ,E01026826,Norwich 007E,Unable to prosecute suspect
67ddd5f2ed0de7a007193e7e679a2d0bcb05ac595cdc4e98113509b1354e5d1c,2023-01,Norfolk Constabulary,Norfolk Constabulary,1.301700,52.636684,On or near ,E01026826,Norwich 007E,Unable to prosecute suspect
6725793dccf7a0286b2ceaa8526e3255971e8cc67ee9f8f69daeaeb382302cc4,2023-01,Norfolk Constabulary,Norfolk Constabulary,1.303644,52.636981,On or near Brewers Court,E01026848,Norwich 015A,Unable to prosecute suspect
6725793dccf7a0286b2ceaa8526e3255971e8cc67ee9f8f69daeaeb382302cc4,2023-01,Norfolk Constabulary,Norfolk Constabulary,1.303644,52.636981,On or near Brewers Court,E01026848,Norwich 015A,Unable to prosecute suspect
9cb58fa691642fb30cdaf1fc06876e72cefe95a7d55d89799bf3408d7c90d806,2023-01,Norfolk Constabulary,Norfolk Constabulary,1.123082,52.623230,On or near Style Loke,E01026896,South Norfolk 002E,Unable to prosecute suspect
9cb58fa691642fb30cdaf1fc06876e72cefe95a7d55d89799bf3408d7c90d806,2023-01,Norfolk Constabulary,Norfolk Constabulary,1.123082,52.623230,On or near Style Loke,E01026896,South Norfolk 002E,Unable to prosecute suspect
370e31fc27286460c8b6c659593d7130687e9ab80b7afa59751ee1ef8148743b,2023-01,Norfolk Constabulary,Norfolk Constabulary,1.096652,52.799901,On or near Church Lane,E01026522,Broadland 002A,Unable to prosecute suspect
5bdfbd42e8ad2687455ec207e907064afe684cf48689a1902c19c8e7c7d477b5,2023-01,Norfolk Constabulary,Norfolk Constabulary,1.361082,52.727738,On or near Church Street,E01026516,Broadland 003C,Unable to prosecute suspect
bbf2057df27168cf5b8b64f5d3f6754fcf5dabfce10bbe4e0804e9919a46ee8e,2023-01,Norfolk Constabulary,Norfolk Constabulary,0.889694,52.627601,On or near Oak Meadow,E01026451,Breckland 008C,Unable to prosecute suspect
41bce8bd6ed8938e318a10138ad5382fc190b3b180cc4a87303be43eeed8980c,2023-01,Norfolk Constabulary,Norfolk Constabulary,0.941687,52.678479,On or near Banyard Place,E01026426,Breckland 005B,Suspect charged
45d6fb06fd5b18f97230766586879a1d334f9ec454e9f5ab47b344e87c54af2f,2023-01,Norfolk Constabulary,Norfolk Constabulary,0.941687,52.678479,On or near Banyard Place,E01026426,Breckland 005B,Suspect charged
95b2e63ec6b98382403e65375019c58ba06712626bd3285ab75f63483f99c10e,2023-01,Norfolk Constabulary,Norfolk Constabulary,0.941687,52.678479,On or near Banyard Place,E01026426,Breckland 005B,Suspect charged
b03da93ef76d454cfc1f5dc034236448a64d2d9c7bc94ef9de4bcdb04c4e4fde,2023-01,Norfolk Constabulary,Norfolk Constabulary,0.941687,52.678479,On or near Banyard Place,E01026426,Breckland 005B,Suspect charged
100ba1ca085373e9da1070de9837afe70d1c57290c5692632a8f9ea9a83c0664,2023-01,Norfolk Constabulary,Norfolk Constabulary,1.233899,52.636191,On or near Rolleston Close,E01026793,Norwich 005C,Unable to prosecute suspect
f76ad8a7ac434545bcc08b28d04091304096ac3aa59d224d9be3d03ddf02549e,2023-01,Norfolk Constabulary,Norfolk Constabulary,1.730003,52.604333,On or near Dene Side,E01026624,Great Yarmouth 006C,Investigation complete; no suspect identified
cc775e9325beaf47504efd01940f8b9bbdeec9b94204e6a0381305bb813c7bb7,2023-01,Norfolk Constabulary,Norfolk Constabulary,1.735101,52.626722,On or near Cunningham Avenue,E01026641,Great Yarmouth 004D,Unable to prosecute suspect
2f80c63e2e6175a2b9d3aa183db44c4d2abf0e8b3a5569aaf3f0534fc929ebcc,2023-01,Norfolk Constabulary,Norfolk Constabulary,1.388138,52.827778,On or near Gooch Close,E01026756,North Norfolk 010D,Unable to prosecute suspect
8749a5d1aae9a80cd289bd7930a1a4b9ed98914b49d1681e1f2295267a879a65,2023-01,Norfolk Constabulary,Norfolk Constabulary,1.251365,52.621754,On or near ,E01026860,Norwich 010C,Unable to prosecute suspect
5ee00827fe33636d64a56c5772739214cc2dc4f961a17183fc9e406f57c5178b,2023-01,Norfolk Constabulary,Norfolk Constabulary,1.661850,52.565564,On or near Silver Gardens,E01026613,Great Yarmouth 012A,Investigation complete; no suspect identified
52af9cf94e61cdb523a073d1c7480d341a76661b97052c2f6ca2c2e09092ed06,2023-01,Norfolk Constabulary,Norfolk Constabulary,1.236515,52.621783,On or near Chancellors Drive,E01026860,Norwich 010C,Investigation complete; no suspect identified
3323bc74ad2cb7b379195a5e831c695f0002a4ae0061fe1d1671224d32b367b3,2023-01,Norfolk Constabulary,Norfolk Constabulary,1.661850,52.565564,On or near Silver Gardens,E01026613,Great Yarmouth 012A,Investigation complete; no suspect identified
f00315a2870683ffe5320b118eed9de9f7cbac6acbe6de4b51fea56b21b26e66,2023-01,Norfolk Constabulary,Norfolk Constabulary,0.684902,52.634418,On or near Ranworth Close,E01026457,Breckland 007C,Investigation complete; no suspect identified
4052b9c58aa2dbc1e5172fcea9aa04416ca5c038796432e14f363e6cce56becb,2023-01,Norfolk Constabulary,Norfolk Constabulary,1.477968,52.527727,On or near Freeman Close,E01026912,South Norfolk 008D,Unable to prosecute suspect
762a5458c70cb50e5090c74d1aeff4ec426aacdb415cf62dce5177c4bb2d2576,2023-01,Norfolk Constabulary,Norfolk Constabulary,1.360073,52.629852,On or near ,E01026575,Broadland 016B,Unable to prosecute suspect
65547402f75100b4d9ecc9334f8a65b7cab60c413b23867155bb9c6e50817377,2023-01,Norfolk Constabulary,Norfolk Constabulary,1.252063,52.629964,On or near Beverley Close,E01026868,Norwich 006F,Unable to prosecute suspect
97e8309491ff740463400b52b7884beb231edfb08122235e27e6438ad13acad1,2023-01,Norfolk Constabulary,Norfolk Constabulary,1.252063,52.629964,On or near Beverley Close,E01026868,Norwich 006F,Suspect charged
97e8309491ff740463400b52b7884beb231edfb08122235e27e6438ad13acad1,2023-01,Norfolk Constabulary,Norfolk Constabulary,1.252063,52.629964,On or near Beverley Close,E01026868,Norwich 006F,Suspect charged
a6acf6ee57da3aa811b658aec6d7d8a586e12576f07afd559defecd84b77df03,2023-01,Norfolk Constabulary,Norfolk Constabulary,0.422720,52.772476,On or near Daseley's Close,E01026670,King's Lynn and West Norfolk 006B,Local resolution
153f6b92422ec0817608afddc24ee42bfa5bf8d75381bdd637ddce257cdcba08,2023-01,Norfolk Constabulary,Norfolk Constabulary,1.141820,52.404338,On or near Rectory Road,E01026874,South Norfolk 014B,Unable to prosecute suspect
e7cddc662bd9a02213a52c8de7b2b7e6e29e6a498695185f5b8a2edc1df2867c,2023-01,Norfolk Constabulary,Norfolk Constabulary,1.738174,52.612324,On or near ,E01026598,Great Yarmouth 005D,Unable to prosecute suspect
657aff947b3e4fe7cca2346717a3898a662e92ecb45c1d61555658d65363b1ea,2023-01,Norfolk Constabulary,Norfolk Constabulary,1.141820,52.404338,On or near Rectory Road,E01026874,South Norfolk 014B,Unable to prosecute suspect
d41496c7942726665ed33afbf0b3eb875c023de5b42bfd4de8ed6ad2311202b8,2023-01,Norfolk Constabulary,Norfolk Constabulary,1.302492,52.928825,On or near St Margaret's Lane,E01026778,North Norfolk 003E,Unable to prosecute suspect
6b90f3de81f437aa8d63ae65f44b60c944a6c54760f1394cdc22d703e790b7e7,2023-01,Norfolk Constabulary,Norfolk Constabulary,1.719511,52.604304,On or near ,E01026634,Great Yarmouth 007C,Local resolution
3d6d57c1ccb3e5318c0e1dfaf52e9f3549542b005ab552ebd2fd99b5d3c599b2,2023-01,Norfolk Constabulary,Norfolk Constabulary,1.244570,52.700813,On or near Sole Close,E01026536,Broadland 004D,Investigation complete; no suspect identified
66c7d187fb5b3b4f540ca1afc661d71e492b8422a310b4ab0110e58199862a6a,2023-01,Norfolk Constabulary,Norfolk Constabulary,1.301269,52.401833,On or near ,E01026902,South Norfolk 013D,Suspect charged
66c7d187fb5b3b4f540ca1afc661d71e492b8422a310b4ab0110e58199862a6a,2023-01,Norfolk Constabulary,Norfolk Constabulary,1.301269,52.401833,On or near ,E01026902,South Norfolk 013D,Suspect charged
66c7d187fb5b3b4f540ca1afc661d71e492b8422a310b4ab0110e58199862a6a,2023-01,Norfolk Constabulary,Norfolk Constabulary,1.301269,52.401833,On or near ,E01026902,South Norfolk 013D,Suspect charged
66c7d187fb5b3b4f540ca1afc661d71e492b8422a310b4ab0110e58199862a6a,2023-01,Norfolk Constabulary,Norfolk Constabulary,1.301269,52.401833,On or near ,E01026902,South Norfolk 013D,Suspect charged
a7391d5e7c444ba4c8b600cd26a67c8f2628ff584735a3b936d770c4318b3cf5,2023-01,Norfolk Constabulary,Norfolk Constabulary,1.440644,52.641694,On or near Holly Lane,E01026505,Broadland 014B,Unable to prosecute suspect
5db940f390d0a579a3420c9971d697158e7451aabe29aefee6beb2d3bd9f46e7,2023-01,Norfolk Constabulary,Norfolk Constabulary,1.281609,52.634698,On or near Haslips Close,E01026824,Norwich 007C,Unable to prosecute suspect
aeb36ac2525dabe37f70cae6eba57ae72e321f311d556126c7b008e66d627f95,2023-01,Norfolk Constabulary,Norfolk Constabulary,1.233899,52.636191,On or near Rolleston Close,E01026793,Norwich 005C,Suspect charged
de424e4db7cf7397499f0f4925ffe8849d35e41acf9dd097df8ef793a05fd533,2023-01,Norfolk Constabulary,Norfolk Constabulary,1.729492,52.606490,On or near Alexandra Road,E01026623,Great Yarmouth 006B,Suspect charged
77be933aa6921bb5532d7b8efa3931b95c6634b0794ac94da55e9f36630759dd,2023-01,Norfolk Constabulary,Norfolk Constabulary,0.739570,52.406985,On or near Anglian Close,E01026477,Breckland 017D,Investigation complete; no suspect identified
941ba994bc60e8f458feaeffe353dfc7787247d3069294fc74664a14db94b94d,2023-01,Norfolk Constabulary,Norfolk Constabulary,1.275789,52.594801,On or near ,E01026937,South Norfolk 006G,Unable to prosecute suspect
941ba994bc60e8f458feaeffe353dfc7787247d3069294fc74664a14db94b94d,2023-01,Norfolk Constabulary,Norfolk Constabulary,1.275789,52.594801,On or near ,E01026937,South Norfolk 006G,Unable to prosecute suspect
e277b8ade8e2a79b6f634fcfe0dfc1efe0e27037b37b507a15a10074523daa52,2023-01,Norfolk Constabulary,Norfolk Constabulary,1.233899,52.636191,On or near Rolleston Close,E01026793,Norwich 005C,Suspect charged
a275ff72c569f623c9ea17c63b7a21bed67c01cdb1a6dc02f6d2861e8782e177,2023-01,Norfolk Constabulary,Norfolk Constabulary,1.304167,52.640036,On or near ,E01026844,Norwich 003D,Suspect charged
9a06877fac18098ea1ffaeaa489133f8d2b7d7eb82c82cb1a263208776f79b9d,2023-01,Norfolk Constabulary,Norfolk Constabulary,0.388369,52.620988,On or near Southside,E01026727,King's Lynn and West Norfolk 018B,Investigation complete; no suspect identified
6acc56baf46432382415d4255ec26c7304360f924e41ebf0f5cb6b14e83bcd2f,2023-01,Norfolk Constabulary,Norfolk Constabulary,1.616708,52.684601,On or near Heath Road,E01026636,Great Yarmouth 002C,Unable to prosecute suspect
524f77693ab02b5978ad14c8537cf40ad04b7c3637f37a787f0937da97c1e543,2023-01,Norfolk Constabulary,Norfolk Constabulary,0.433951,52.746044,On or near Mellisham Walk,E01026662,King's Lynn and West Norfolk 010A,Unable to prosecute suspect
b2a8163678186f39670c392a9274088ddf74ff424d0858a7b71084da2176e277,2023-01,Norfolk Constabulary,Norfolk Constabulary,1.293132,52.626148,On or near ,E01026822,Norwich 007A,Offender given a caution
5eade758f23e00a72f7aab9ae06df1f98ee0c6c06cdcf5861f8b8025a5a99688,2023-01,Norfolk Constabulary,Norfolk Constabulary,1.151719,52.504909,On or near New Road,E01026897,South Norfolk 011C,Investigation complete; no suspect identified
ecfa4424786f8a74b0d9df09367a582ecefe608a25c7236f0c837b8953e680b9,2023-01,Norfolk Constabulary,Norfolk Constabulary,1.726003,52.540201,On or near Hopton Gardens,E01026588,Great Yarmouth 013D,Unable to prosecute suspect
4b97a9cb66f247eb71d173c8b58f0c7e308ce443c574c97695b2e720dabf21ec,2023-01,Norfolk Constabulary,Norfolk Constabulary,0.988872,52.512825,On or near West Carr Road,E01026449,Breckland 011D,Unable to prosecute suspect
1fe562d11cdc6767c8037d2933eef96529926d310d1a74b8088c5722a9e46ccb,2023-01,Norfolk Constabulary,Norfolk Constabulary,1.111251,52.376782,On or near ,E01026888,South Norfolk 015A,Unable to prosecute suspect
e48a905cc89b86d2affce614c991d7c81072d27373b12bfeb03d3c52ecb2808f,2023-01,Norfolk Constabulary,Norfolk Constabulary,1.725343,52.577658,On or near Roslyn Road,E01026630,Great Yarmouth 010D,Unable to prosecute suspect
e48a905cc89b86d2affce614c991d7c81072d27373b12bfeb03d3c52ecb2808f,2023-01,Norfolk Constabulary,Norfolk Constabulary,1.725343,52.577658,On or near Roslyn Road,E01026630,Great Yarmouth 010D,Unable to prosecute suspect
e48a905cc89b86d2affce614c991d7c81072d27373b12bfeb03d3c52ecb2808f,2023-01,Norfolk Constabulary,Norfolk Constabulary,1.725343,52.577658,On or near Roslyn Road,E01026630,Great Yarmouth 010D,Unable to prosecute suspect
e01559720047155b6d1ee58bbd930a63bf876149e3d98f386534ac37bcfbef2c,2023-01,Norfolk Constabulary,Norfolk Constabulary,0.692918,52.704718,On or near De Warrenne Place,E01026694,King's Lynn and West Norfolk 012D,Unable to prosecute suspect
0c4bfea9f32d823653afe99241fe959e325e4f4c557bbb4ed36c01414bbe11e8,2023-01,Norfolk Constabulary,Norfolk Constabulary,1.120404,52.574584,On or near Folly Gardens,E01026946,South Norfolk 007E,Action to be taken by another organisation
86245d97a95e7138ff8c984591c9b38c806b4d7ff3e9488592e35d1e8e0c4e88,2023-01,Norfolk Constabulary,Norfolk Constabulary,1.279488,52.639145,On or near Raynham Street,E01026827,Norwich 007F,Offender given a caution
fbf735388d5e4e3201b27f44f613d81aa6791a08539cacbb59619b97753fc198,2023-01,Norfolk Constabulary,Norfolk Constabulary,,,No location,,,Unable to prosecute suspect
ada6de29f41430e9bccb6ee7b91040b7448d52bfc1869ac17dfb5ae5b9d406bc,2023-01,Norfolk Constabulary,Norfolk Constabulary,1.104472,52.904564,On or near Robin Close,E01026742,North Norfolk 004B,Unable to prosecute suspect
922ae932ee221d3cf2b86bc79fdf3d7cb1ce09ceef8d5a468c7a779b0fea1589,2023-01,Norfolk Constabulary,Norfolk Constabulary,1.736374,52.614606,On or near ,E01026595,Great Yarmouth 005A,Investigation complete; no suspect identified
cd7f15c6cf4360d43e6c95778bd086e23b4ea6b661cb960fbc6a719cd09c45b4,2023-01,Norfolk Constabulary,Norfolk Constabulary,1.277851,52.487890,On or near The Street,E01026903,South Norfolk 012D,Investigation complete; no suspect identified
96279d2d60718fc0ce96dc9c175b4bc2f41f5bb95101c52e736cdb99e893707c,2023-01,Norfolk Constabulary,Norfolk Constabulary,1.279488,52.639145,On or near Raynham Street,E01026827,Norwich 007F,Offender given a caution
6d5a73696ccafdad54b520d74d5ee8c06c4aa38363f513cf656820cd01fecc6b,2023-01,Norfolk Constabulary,Norfolk Constabulary,0.403625,52.759844,On or near Woodwark Avenue,E01026689,King's Lynn and West Norfolk 007C,Suspect charged
b657af56f5c60c3793be4f3008063855c62428178028eb89887c7a8dbcc78faa,2023-01,Norfolk Constabulary,Norfolk Constabulary,,,No location,,,Unable to prosecute suspect
b1fd53437c523914d53c90affacc2f4790960ff0f60543ccfc87a27e9c1ee9d5,2023-01,Norfolk Constabulary,Norfolk Constabulary,1.241891,52.641710,On or near Gentry Place,E01026869,Norwich 006G,Unable to prosecute suspect
3026093d211a00171fbb957277c3990bfb93d3e7eceac435fd4c4ac1f284c36c,2023-01,Norfolk Constabulary,Norfolk Constabulary,0.399859,52.758491,On or near Hextable Road,E01026689,King's Lynn and West Norfolk 007C,Unable to prosecute suspect
b126d40754993ded1a86a1144199eb8892983534d0d5a927e3a97117230831c6,2023-01,Norfolk Constabulary,Norfolk Constabulary,1.736248,52.607581,On or near Brittania Road,E01026623,Great Yarmouth 006B,Investigation complete; no suspect identified
59041f106f447e895e560ad53827e25b3634e6bb5069f9f071fe0b46d4f659fb,2023-01,Norfolk Constabulary,Norfolk Constabulary,1.238000,52.794138,On or near Cottage End,E01026502,Broadland 001D,Unable to prosecute suspect
71e60b9c4a0bf688203afe5b0598806046b7c7ab3b7cec86a4f9cbe87ba67c4a,2023-01,Norfolk Constabulary,Norfolk Constabulary,1.491824,52.844962,On or near Ridlington Road,E01026752,North Norfolk 007D,Unable to prosecute suspect
568668f508b1d685c4c8a92d035f36ea5740666e980a3cd242f3d3e89c9dbebc,2023-01,Norfolk Constabulary,Norfolk Constabulary,1.636493,52.682960,On or near Rollesby Gardens,E01026636,Great Yarmouth 002C,Investigation complete; no suspect identified
06363f3eba9c0583ec4a207c28b4d99a52d33dde8960e70816d1a11570ca8fd8,2023-01,Norfolk Constabulary,Norfolk Constabulary,1.228547,52.639197,On or near Cotterall Court,E01026791,Norwich 005A,Unable to prosecute suspect
e3672b839775178d50a1f73e5bab47ba088f8dfc97e85a6e21fa0efc15092b64,2023-01,Norfolk Constabulary,Norfolk Constabulary,1.228547,52.639197,On or near Cotterall Court,E01026791,Norwich 005A,Suspect charged
562209880a318dc5b86c5d712366dfe5aa3554ee266ea767b8de5e3f402a564a,2023-01,Norfolk Constabulary,Norfolk Constabulary,1.614287,52.672865,On or near Mill Lane,E01026609,Great Yarmouth 002B,Unable to prosecute suspect
1b25e978afae8ce750979f07be8bd6a34505a266343d585f3e380918425d9a1c,2023-01,Norfolk Constabulary,Norfolk Constabulary,0.940087,52.663033,On or near ,E01026434,Breckland 005F,Unable to prosecute suspect
d5dcedc7e3da29e8470890bd9a30b1ea9ac3d4a25e4622e299f332d990eb35ad,2023-01,Norfolk Constabulary,Norfolk Constabulary,0.940087,52.663033,On or near ,E01026434,Breckland 005F,Unable to prosecute suspect
92c967b12c2afd72ec1def8e645fc6e089f70adede241393b423a46839ae33f4,2023-01,Norfolk Constabulary,Norfolk Constabulary,1.301890,52.625671,On or near St Ann Lane,E01033440,Norwich 014C,Unable to prosecute suspect
eadf9682889d912a69905a0f1041f7b5f0d1fb1f0533ee0ffa20a8b955c069bb,2023-01,Norfolk Constabulary,Norfolk Constabulary,1.014575,52.516849,On or near The Drift,E01026449,Breckland 011D,Unable to prosecute suspect
203d3db29e31ea8af9fe135ea3f5e008971499aa62ad1b906c0db60da2251cbe,2023-01,Norfolk Constabulary,Norfolk Constabulary,1.734121,52.622337,On or near Sandringham Avenue,E01026639,Great Yarmouth 004B,Unable to prosecute suspect
ed73130626a137f34fc376bc6951e2ba7358f022eab946fc81dfa5310dd8193c,2023-01,Norfolk Constabulary,Norfolk Constabulary,1.292367,52.626970,On or near William Booth Street,E01026822,Norwich 007A,Unable to prosecute suspect
6be4c8793ce3163f52ac4075169d5dc9db9b47ec25c07f3e73f2292c778ed815,2023-01,Norfolk Constabulary,Norfolk Constabulary,1.051205,52.394015,On or near Fersfield Road,E01026873,South Norfolk 014A,Unable to prosecute suspect
2a0038beee87fa9a72a83c8c9597ed7756caee85bcffb04055ccc584ad3fc11e,2023-01,Norfolk Constabulary,Norfolk Constabulary,1.295157,52.629690,On or near ,E01026822,Norwich 007A,Investigation complete; no suspect identified
9ccdb6d5dcbc18088995dd0b5aa6938ee38b1dc6bef31daf78cae2423fc3d1d1,2023-01,Norfolk Constabulary,Norfolk Constabulary,1.718649,52.606337,On or near GATACRE ROAD,E01026635,Great Yarmouth 007D,Suspect charged
662847e7c5e2b83ae990a248c30eac3059aafe0cebb247a477332e4d9e1dcdff,2023-01,Norfolk Constabulary,Norfolk Constabulary,1.724632,52.608766,On or near Howard Street North,E01026597,Great Yarmouth 005C,Local resolution
f1fbd0202a01cec7c90e80f00555717c52ff14f25faa02c16d9ed97add51f9de,2023-01,Norfolk Constabulary,Norfolk Constabulary,0.394469,52.754796,On or near Purfleet,E01026698,King's Lynn and West Norfolk 011A,Suspect charged
9bcf967118859e283a41038463b62e019e7aef59b66e0840f8bbf9496fd3f7e0,2023-01,Norfolk Constabulary,Norfolk Constabulary,0.397766,52.750603,On or near Stonegate Street,E01026699,King's Lynn and West Norfolk 011B,Investigation complete; no suspect identified
422e3da1ba420791333d8719b44cab9b6244da3f534071e9dafcf8103065bbe0,2023-01,Norfolk Constabulary,Norfolk Constabulary,0.402102,52.753734,On or near Waterloo Street,E01026698,King's Lynn and West Norfolk 011A,Unable to prosecute suspect
98f307d83098fb5280bd394079d5abc8afac9a6a8fd5632ba0b09653b314f38e,2023-01,Norfolk Constabulary,Norfolk Constabulary,0.398925,52.755516,On or near Paradise Lane,E01026698,King's Lynn and West Norfolk 011A,Suspect charged
e35883316a468bed6b709dfaf39a49fcc5a946ead61df78d4d715b55e5c0457d,2023-01,Norfolk Constabulary,Norfolk Constabulary,1.715707,52.608057,On or near Mission Road,E01026635,Great Yarmouth 007D,Investigation complete; no suspect identified
5cbecf1fb2e1ce21e65eac2f75a5e807dfa0a4ec4191787b2f8c6a212d2c4557,2023-01,Norfolk Constabulary,Norfolk Constabulary,1.725905,52.564796,On or near Viking Close,E01026618,Great Yarmouth 011B,Unable to prosecute suspect
e6497633892160fa2afb7188ebd31d328d661457d114573cee8836f868ab8e8c,2023-01,Norfolk Constabulary,Norfolk Constabulary,1.716583,52.599044,On or near Thamesfield Way,E01026634,Great Yarmouth 007C,Offender given a caution
bb2b75c62a53c46b49d768f7e91ff1edac6ef4a3d534657dcf75d50da49e158c,2023-01,Norfolk Constabulary,Norfolk Constabulary,1.725531,52.564034,On or near Hewett Close,E01026618,Great Yarmouth 011B,Unable to prosecute suspect
91e4b81994fcff4ab916e91430613f282b3e7ef65410417abea1f0651002bc07,2023-01,Norfolk Constabulary,Norfolk Constabulary,1.299967,52.628791,On or near Greyfriars Road,E01033440,Norwich 014C,Unable to prosecute suspect
6ee66a26a41794a320b7d096aee72c369d546e4274245cf48b2e964a6a1b1483,2023-01,Norfolk Constabulary,Norfolk Constabulary,1.707863,52.545331,On or near Hall Road,E01026588,Great Yarmouth 013D,Suspect charged
6ee66a26a41794a320b7d096aee72c369d546e4274245cf48b2e964a6a1b1483,2023-01,Norfolk Constabulary,Norfolk Constabulary,1.707863,52.545331,On or near Hall Road,E01026588,Great Yarmouth 013D,Suspect charged
df990da86b36522fe329316ea63813e2e1e52bf86a9fa4b6f2ad6d1a1794dc3f,2023-01,Norfolk Constabulary,Norfolk Constabulary,1.094568,52.460283,On or near Cherry Tree Road,E01026435,Breckland 013B,Investigation complete; no suspect identified
ae7801411f18f420abb4a074caff0f60ac33cddbc5aa1e449ac9cbac5776d4f6,2023-01,Norfolk Constabulary,Norfolk Constabulary,1.732866,52.602570,On or near St Peter's Road,E01026624,Great Yarmouth 006C,Unable to prosecute suspect
0d8af97b0df4571a80072dba3c2f1da6b612a589d6390544b4cbcd7323bce732,2023-01,Norfolk Constabulary,Norfolk Constabulary,1.301341,52.621324,On or near Foulgers Opening,E01026822,Norwich 007A,Unable to prosecute suspect
348daa3f597f8439b2a8f84be35dbe446da956eb1bf7cbcdf302a76f12501d8e,2023-01,Norfolk Constabulary,Norfolk Constabulary,1.257270,52.627438,On or near Hodgson Road,E01026862,Norwich 010E,Unable to prosecute suspect
58dfa8d4706efdb060fbe7790ddeb9fd3894b529981fc807472499b89a01ba03,2023-01,Norfolk Constabulary,Norfolk Constabulary,1.301341,52.621324,On or near Foulgers Opening,E01026822,Norwich 007A,Unable to prosecute suspect
5cc1ecd655ffa747bd15a862a283bd7327a8643be7fc9bf482808f86910ecef3,2023-01,Norfolk Constabulary,Norfolk Constabulary,1.257270,52.627438,On or near Hodgson Road,E01026862,Norwich 010E,Unable to prosecute suspect
89b4362cab9f86c136db40d2fcd38dc7cdcf2446e36b362cf180e602b154c4f9,2023-01,Norfolk Constabulary,Norfolk Constabulary,,,No location,,,Suspect charged
8b4e6dc8fabf53d38d6198b8d155cc60aaf0b90558455d69e02664c611efc838,2023-01,Norfolk Constabulary,Norfolk Constabulary,0.820912,52.477877,On or near Church Road,E01026491,Breckland 010E,Unable to prosecute suspect
01a046658b4a5cfbbf72cbb411e2112a5a24986f2146e96487d56619e53cd6f3,2023-01,Norfolk Constabulary,Norfolk Constabulary,1.299967,52.628791,On or near Greyfriars Road,E01033440,Norwich 014C,Unable to prosecute suspect
2dbd798f4091f571dbc58e0589c59894bf4b76e436c9361068f174fc8abc01a0,2023-01,Norfolk Constabulary,Norfolk Constabulary,1.426953,52.737067,On or near Church Road,E01026744,North Norfolk 014A,Unable to prosecute suspect
3ff9c1069b9df7ee55658fa2968571a5387e9e6b4052fd6ed8f6eb4ee4a66388,2023-01,Norfolk Constabulary,Norfolk Constabulary,1.288123,52.605467,On or near Gilchrist Close,E01026820,Norwich 013E,Unable to prosecute suspect
3ff9c1069b9df7ee55658fa2968571a5387e9e6b4052fd6ed8f6eb4ee4a66388,2023-01,Norfolk Constabulary,Norfolk Constabulary,1.288123,52.605467,On or near Gilchrist Close,E01026820,Norwich 013E,Unable to prosecute suspect
3ff9c1069b9df7ee55658fa2968571a5387e9e6b4052fd6ed8f6eb4ee4a66388,2023-01,Norfolk Constabulary,Norfolk Constabulary,1.288123,52.605467,On or near Gilchrist Close,E01026820,Norwich 013E,Unable to prosecute suspect
fe240e757dbf99e2d5dcc6c7cc5ddb151385a1643ef0dec9621307ab3f39158c,2023-01,Norfolk Constabulary,Norfolk Constabulary,0.396450,52.740118,On or near Saddlebow Road,E01026704,King's Lynn and West Norfolk 011D,Investigation complete; no suspect identified
b0d4110cce57fdd1be71e6cdf27d42ac4eea252e43b6a16ee05d7aea3080a5ba,2023-01,Norfolk Constabulary,Norfolk Constabulary,1.310368,52.636559,On or near Heathgate,E01026848,Norwich 015A,Investigation complete; no suspect identified
730886be008aa8a528f603972719ae02e2633ddb2e77ed62d3fcc68edce35baf,2023-01,Norfolk Constabulary,Norfolk Constabulary,1.734493,52.598426,On or near King's Road,E01026626,Great Yarmouth 006E,Suspect charged
442b05330a4ed020805f9033433ee7132792f08e26001d75c9bf3bbfce56868f,2023-01,Norfolk Constabulary,Norfolk Constabulary,1.033281,52.661069,On or near Gant Close,E01026479,Breckland 006A,Action to be taken by another organisation
7f554b8425ddd4db684ee3f00578a0ebda97cc6f9895ba510c750b1460251887,2023-01,Norfolk Constabulary,Norfolk Constabulary,1.191395,52.645879,On or near Orville Place,E01026883,South Norfolk 002C,Unable to prosecute suspect
41e5e184f82899fd406c312b5a7701bcd4a86a07148e99c02319b64daa33bd7d,2023-01,Norfolk Constabulary,Norfolk Constabulary,1.706220,52.573258,On or near Bunnewell Avenue,E01026586,Great Yarmouth 013B,Offender given a caution
b31786b4b77d92af55065b6edf3fd1fe1ddbe3a3593962962e4a5afaaf8d363b,2023-01,Norfolk Constabulary,Norfolk Constabulary,0.485749,52.934946,On or near Southend Road,E01026683,King's Lynn and West Norfolk 001D,Local resolution
9a98715d02852f571762e20d613fc4295b260db68c979dff4674f94648b69518,2023-01,Norfolk Constabulary,Norfolk Constabulary,1.732788,52.606161,On or near Crown Road,E01026623,Great Yarmouth 006B,Offender given a caution
4532d6077ece767ede23115be0213db34712a5e417a6c849a436001b6a85e455,2023-01,Norfolk Constabulary,Norfolk Constabulary,1.308073,52.612808,On or near ,E01033441,Norwich 014D,Unable to prosecute suspect
0d8e2cf0e56af7399c27332873d0024905d552b7908d9952fb95c62f7c015e33,2023-01,Norfolk Constabulary,Norfolk Constabulary,0.757751,52.414647,On or near Norfolk Road,E01026468,Breckland 016A,Unable to prosecute suspect
8d414184d07b021b79d329d31e878b20b71aafff8d38f4f72cacfb7c07e917bd,2023-01,Norfolk Constabulary,Norfolk Constabulary,0.751851,52.413651,On or near The Link,E01026468,Breckland 016A,Suspect charged
5cd0ba0abc809f11406404a1bb2967e94861e5916e0e9083bdca1c86c7a8abe6,2023-01,Norfolk Constabulary,Norfolk Constabulary,0.399354,52.750651,On or near Millfleet,E01026699,King's Lynn and West Norfolk 011B,Unable to prosecute suspect
262f14cb08900149de55b048723e03e672646f802ffa265b6fafb7864481397a,2023-01,Norfolk Constabulary,Norfolk Constabulary,1.726717,52.603573,On or near ,E01026625,Great Yarmouth 006D,Unable to prosecute suspect
efd79b25afd2efb285cd96e4cd21926030b98af56616a7b7c69b15e2b72ba8dc,2023-01,Norfolk Constabulary,Norfolk Constabulary,,,No location,,,Unable to prosecute suspect
4ea79e9081ace743075b2f0f769957db27a7354ebfa9fbe5ce3f1941cb376658,2023-01,Norfolk Constabulary,Norfolk Constabulary,0.751851,52.413651,On or near The Link,E01026468,Breckland 016A,Unable to prosecute suspect
93cf9a7481037d3608175f9640af3ba765381a6c30c4cf83eb818ca68559b377,2023-01,Norfolk Constabulary,Norfolk Constabulary,1.289029,52.661464,On or near Rosebay Close,E01026799,Norwich 001C,Investigation complete; no suspect identified
138f458a6528687ac632db0af8cdb7b7ebc4595a25326b70ee49fce1cb54e9f8,2023-01,Norfolk Constabulary,Norfolk Constabulary,0.940092,52.681162,On or near ,E01026426,Breckland 005B,Unable to prosecute suspect
d1766fbb3ee77c13ee7dff9fbf3bb8164dd08650df20f7d85158d37e0e47ab56,2023-01,Norfolk Constabulary,Norfolk Constabulary,0.757751,52.414647,On or near Norfolk Road,E01026468,Breckland 016A,Unable to prosecute suspect
312ad90ba287394847baff61ff3d747ecd6e0be465aa0c4725eb065b13f2096b,2023-01,Norfolk Constabulary,Norfolk Constabulary,0.760879,52.423270,On or near Mountbatten Close,E01026473,Breckland 016F,Investigation complete; no suspect identified
16293cc9e1ac64ef86538fc55cf0dfa641b1a63fc8bc5c27f8dd7b176c8c725a,2023-01,Norfolk Constabulary,Norfolk Constabulary,1.293223,52.644466,On or near Sun Lane,E01026843,Norwich 003C,Unable to prosecute suspect
54036018e1ac2107b994c564113be60c1a5a8029e12759ab654fbfed8059b8b9,2023-01,Norfolk Constabulary,Norfolk Constabulary,1.235022,52.746024,On or near The Turn,E01026534,Broadland 004B,Unable to prosecute suspect
990863ce29af92fd201141e2ebec652a6744877a32fab6fbb613713e35e3e41b,2023-01,Norfolk Constabulary,Norfolk Constabulary,1.033283,52.747726,On or near Reeves Close,E01026436,Breckland 001A,Unable to prosecute suspect
2c380fee36836a0d4f094c12c3f2934807d8b986b43d6cab663ab565d17df634,2023-01,Norfolk Constabulary,Norfolk Constabulary,0.743983,52.406316,On or near Queensway,E01026475,Breckland 017B,Unable to prosecute suspect
df7b831ad97ec6d44dae09009f594d017c262b6ee47e4506436d09331d6f6e85,2023-01,Norfolk Constabulary,Norfolk Constabulary,1.162543,52.914820,On or near Roseacre Estate,E01026733,North Norfolk 006C,Unable to prosecute suspect
2477984e6a6f2862a0f82abd5b5f2692e02abd31c653467727fc06552a2f9761,2023-01,Norfolk Constabulary,Norfolk Constabulary,1.162543,52.914820,On or near Roseacre Estate,E01026733,North Norfolk 006C,Unable to prosecute suspect
0b4e1840c6e0e41e92abe4660a9afc444af5019d7b6a88bf3ab7b95997e8c51c,2023-01,Norfolk Constabulary,Norfolk Constabulary,0.418087,52.738645,On or near ,E01026724,King's Lynn and West Norfolk 014E,Suspect charged
07248259297c68b328a8dd0975aab85327faac515e8aca97eaf3659207af9a3c,2023-01,Norfolk Constabulary,Norfolk Constabulary,1.284376,52.932115,On or near Clifton Park,E01026736,North Norfolk 003C,Unable to prosecute suspect
1509ae47a78704e23142c6018347910baa48a827a278b3c4c132b07b399c4fca,2023-01,Norfolk Constabulary,Norfolk Constabulary,1.729492,52.606490,On or near Alexandra Road,E01026623,Great Yarmouth 006B,Unable to prosecute suspect
1509ae47a78704e23142c6018347910baa48a827a278b3c4c132b07b399c4fca,2023-01,Norfolk Constabulary,Norfolk Constabulary,1.729492,52.606490,On or near Alexandra Road,E01026623,Great Yarmouth 006B,Unable to prosecute suspect
85f064219511578a18590b3d1977ff90233b8395e57e0cece52f5838b121c34c,2023-01,Norfolk Constabulary,Norfolk Constabulary,1.286334,52.641716,On or near Lime Kiln Mews,E01026830,Norwich 002C,Formal action is not in the public interest
7886fd8181e3f0b10e89fb5fd3e3cc353565ad1c9c1753999742b2f4400a79c0,2023-01,Norfolk Constabulary,Norfolk Constabulary,1.722559,52.608193,On or near ,E01026597,Great Yarmouth 005C,Investigation complete; no suspect identified
d3c6e670836efd2c0f22d92a5c56319aebed36709f6298290e19ef4dcbc34262,2023-01,Norfolk Constabulary,Norfolk Constabulary,1.270885,52.632620,On or near Winter Road,E01026840,Norwich 009F,Unable to prosecute suspect
d3c6e670836efd2c0f22d92a5c56319aebed36709f6298290e19ef4dcbc34262,2023-01,Norfolk Constabulary,Norfolk Constabulary,1.270885,52.632620,On or near Winter Road,E01026840,Norwich 009F,Unable to prosecute suspect
590a49a43e7722131dbd5bdf8cab176bce712dc68544c44457a55ae333aeafa8,2023-01,Norfolk Constabulary,Norfolk Constabulary,1.301653,52.629460,On or near ,E01033438,Norwich 014A,Investigation complete; no suspect identified
e5cdee9cd1963f12e20158ca46b21c4a817e39090abc6418982c27ca3b6c78ef,2023-01,Norfolk Constabulary,Norfolk Constabulary,1.191153,52.604597,On or near Back Lane,E01026908,South Norfolk 003D,Investigation complete; no suspect identified
1101366f4187b79e65ecd0788f1deb5e11cd501c91f0efb7626b359d0a522155,2023-01,Norfolk Constabulary,Norfolk Constabulary,1.326989,52.636426,On or near ,E01026804,Norwich 004B,Investigation complete; no suspect identified
a4ac31b1b98364904c76d9ad643590f8587264a137943762bfebbee6d27a4145,2023-01,Norfolk Constabulary,Norfolk Constabulary,1.235417,52.602495,On or near Cantley Lane,E01026881,South Norfolk 002A,Suspect charged
a4ac31b1b98364904c76d9ad643590f8587264a137943762bfebbee6d27a4145,2023-01,Norfolk Constabulary,Norfolk Constabulary,1.235417,52.602495,On or near Cantley Lane,E01026881,South Norfolk 002A,Suspect charged
dc3dde685caa78091532079e268dc355c5dee1938f8828a3ca300f7e861bdbd1,2023-01,Norfolk Constabulary,Norfolk Constabulary,0.925973,52.678248,On or near Willow Road,E01026452,Breckland 004B,Unable to prosecute suspect
d0b3cf97e5de40a1d7d1b9ec25bb0c2f23885d9aea7affc690a46444dc7ea8e2,2023-01,Norfolk Constabulary,Norfolk Constabulary,0.732793,52.412250,On or near St John's Way,E01026474,Breckland 017A,Local resolution
d0b3cf97e5de40a1d7d1b9ec25bb0c2f23885d9aea7affc690a46444dc7ea8e2,2023-01,Norfolk Constabulary,Norfolk Constabulary,0.732793,52.412250,On or near St John's Way,E01026474,Breckland 017A,Local resolution
5f72998a4f99942708e72fef65d4d5e69a08b8772e559eade9976ee400f0858a,2023-01,Norfolk Constabulary,Norfolk Constabulary,1.293132,52.626148,On or near ,E01026822,Norwich 007A,Unable to prosecute suspect
d625f5ceda8b6985698c45d55ed31a878c597bdb4680a4e08c76830c67c578a7,2023-01,Norfolk Constabulary,Norfolk Constabulary,1.293132,52.626148,On or near ,E01026822,Norwich 007A,Local resolution
26ca1136abe9ebcf7a4115911b511664fdb32ba8c3025e6cd395f0823bae81f4,2023-01,Norfolk Constabulary,Norfolk Constabulary,1.463727,52.706776,On or near Broadwater Way,E01026769,North Norfolk 014B,Unable to prosecute suspect
fa2cb89327b715656ee51d1bb7bab633cd574eb96697ecbafe0ce056a3194b26,2023-01,Norfolk Constabulary,Norfolk Constabulary,1.102876,52.592879,On or near Barnham Broom Road,E01026921,South Norfolk 005C,Investigation complete; no suspect identified
f25ef6b832fad17ab3e45d403572c67bdd2ae73d67f820f3f9a215b98cb2592e,2023-01,Norfolk Constabulary,Norfolk Constabulary,0.229016,52.611479,On or near Robb's Chase,E01026659,King's Lynn and West Norfolk 016A,Investigation complete; no suspect identified
5a4f45fdf4f34dc329c1375c41d928d14e87ca163481c8b27000963051684eb6,2023-01,Norfolk Constabulary,Norfolk Constabulary,0.925973,52.678248,On or near Willow Road,E01026452,Breckland 004B,Unable to prosecute suspect
a9e62a7b6ff409036c5675597c8ae3256c47bcfa53a10b80d7eae1c64cfbebc9,2023-01,Norfolk Constabulary,Norfolk Constabulary,1.292334,52.618868,On or near SIGISMUND ROAD,E01026853,Norwich 011B,Unable to prosecute suspect
c09c584c5ddd9de41deaea6952601cdc8929957925cf8331d406d2dd28a136af,2023-01,Norfolk Constabulary,Norfolk Constabulary,1.729492,52.606490,On or near Alexandra Road,E01026623,Great Yarmouth 006B,Unable to prosecute suspect
281a687aad05e14f7a59ca69d5e4e552066d84d4751a9a63145f029ed8a7d78d,2023-01,Norfolk Constabulary,Norfolk Constabulary,1.285021,52.634459,On or near Ely Street,E01026824,Norwich 007C,Unable to prosecute suspect
891e9e5704618eea97b50ad28eb9557c33b5c20846cef344fc76f9b5216dddc6,2023-01,Norfolk Constabulary,Norfolk Constabulary,1.251379,52.625729,On or near Morello Close,E01026858,Norwich 010A,Unable to prosecute suspect
4fc47d48704d7d4fa0cd8aba55b0a2ab7b667f59a3fe22e7769b2e582bf98a56,2023-01,Norfolk Constabulary,Norfolk Constabulary,1.198536,52.937076,On or near The Turning,E01026772,North Norfolk 001C,Unable to prosecute suspect
3b3ea9474d9513f583e4ca13c25f2ec4302231300565d28a47d3f32e06f06b15,2023-01,Norfolk Constabulary,Norfolk Constabulary,0.435513,52.753061,On or near Hickory Road,E01026663,King's Lynn and West Norfolk 010B,Investigation complete; no suspect identified
e18cdc96d6156445f1e692f605fdf4c2cd3a1fb8b3093b5ad808eaac0a3dacac,2023-01,Norfolk Constabulary,Norfolk Constabulary,1.729522,52.600598,On or near Friars' Lane,E01026625,Great Yarmouth 006D,Unable to prosecute suspect
5b69f354417afa9985f484b43b647cd7fb57108539af9e356ab2a9c1a8e52805,2023-01,Norfolk Constabulary,Norfolk Constabulary,1.307885,52.623246,On or near ,E01033441,Norwich 014D,Unable to prosecute suspect
ce564e5b32cc6c146b4483778b05733b54ea39e268de57acc01db750d41fb468,2023-01,Norfolk Constabulary,Norfolk Constabulary,1.209929,52.645576,On or near ,E01026925,South Norfolk 001F,Investigation complete; no suspect identified
e77834bc6df591600be38a67692fae96a3ad2fb6ed96bf49e6fa58de16749625,2023-01,Norfolk Constabulary,Norfolk Constabulary,1.291258,52.929056,On or near Summerhouse Close,E01026736,North Norfolk 003C,Suspect charged
3443c108bba2ea7be06e3ce06221e05b992b1a466b6e1f6e314fa0651124bbd9,2023-01,Norfolk Constabulary,Norfolk Constabulary,1.108839,52.373410,On or near ,E01026891,South Norfolk 015D,Suspect charged
3443c108bba2ea7be06e3ce06221e05b992b1a466b6e1f6e314fa0651124bbd9,2023-01,Norfolk Constabulary,Norfolk Constabulary,1.108839,52.373410,On or near ,E01026891,South Norfolk 015D,Suspect charged
3443c108bba2ea7be06e3ce06221e05b992b1a466b6e1f6e314fa0651124bbd9,2023-01,Norfolk Constabulary,Norfolk Constabulary,1.108839,52.373410,On or near ,E01026891,South Norfolk 015D,Suspect charged
3443c108bba2ea7be06e3ce06221e05b992b1a466b6e1f6e314fa0651124bbd9,2023-01,Norfolk Constabulary,Norfolk Constabulary,1.108839,52.373410,On or near ,E01026891,South Norfolk 015D,Suspect charged
9a9870b561fab5e9a06747bc53563737bbcfb3c00a92be2ccf9060283e6220c8,2023-01,Norfolk Constabulary,Norfolk Constabulary,1.633678,52.703221,On or near ,E01026637,Great Yarmouth 002D,Unable to prosecute suspect
7f0a7a60d8ada261e10dd4fa865a0161c31d29feee0fbe98ca1f8e48c179ed05,2023-01,Norfolk Constabulary,Norfolk Constabulary,0.400833,52.755171,On or near Stanley Street,E01026698,King's Lynn and West Norfolk 011A,Unable to prosecute suspect
18e256560cb477e607afabc87448c64b120c6cb98c4e4ef5e6ef23dce288a438,2023-01,Norfolk Constabulary,Norfolk Constabulary,1.116241,52.378575,On or near Willbye Avenue,E01026888,South Norfolk 015A,Investigation complete; no suspect identified
bfd9a05fd530906edb65c75dda24e7dcb0b1f0004310ca97521e3a1ca02e0eb8,2023-01,Norfolk Constabulary,Norfolk Constabulary,1.224141,52.434209,On or near Mill Close,E01026872,South Norfolk 013A,Unable to prosecute suspect
91e9991c40ccef742a00558f1d5f1db48c8f0e6a729af720ea4057d025973b20,2023-01,Norfolk Constabulary,Norfolk Constabulary,0.422255,52.760104,On or near Methuen Avenue,E01026693,King's Lynn and West Norfolk 009D,Unable to prosecute suspect
e1652738c080f37f05765b2b0363ba19f3a8d4b375aca9f0a78125fc37d92b6a,2023-01,Norfolk Constabulary,Norfolk Constabulary,1.729998,52.596463,On or near Ordnance Road,E01026622,Great Yarmouth 006A,Investigation complete; no suspect identified
dab257c8193b4a3d6cd613533b12a7be5bda585882f937683995360f9de296bc,2023-01,Norfolk Constabulary,Norfolk Constabulary,1.288176,52.639867,On or near St Marys Road,E01026831,Norwich 002D,Unable to prosecute suspect
2688ef84f720411e891b86d67e8d3e437a44a4f9c4913fd7c3d62fadf3650fc0,2023-01,Norfolk Constabulary,Norfolk Constabulary,0.422255,52.760104,On or near Methuen Avenue,E01026693,King's Lynn and West Norfolk 009D,Unable to prosecute suspect
b418da43283c5639dc1b7ffd3738f22b5558b640c0421e53a3132bd2c068ecb5,2023-01,Norfolk Constabulary,Norfolk Constabulary,0.823606,52.571373,On or near High Street,E01026488,Breckland 009C,Suspect charged
a1a20be43f7acf1d038eb18b63d8215cb43ceae75bce8743a8b2a9792c39b3ac,2023-01,Norfolk Constabulary,Norfolk Constabulary,1.336594,52.640643,On or near Holmes Close,E01026803,Norwich 004A,Unable to prosecute suspect
f77ba0cb78d6ad82896f2f082a89d1eb9f0faa3141602434ac16ebf6e7b89cab,2023-01,Norfolk Constabulary,Norfolk Constabulary,1.288332,52.778102,On or near Church Lane,E01026501,Broadland 001C,Investigation complete; no suspect identified
5816ca15c312bd243b5d3bda35cc1e02045de2fae372eb95a3152cfc616596aa,2023-01,Norfolk Constabulary,Norfolk Constabulary,1.614287,52.672865,On or near Mill Lane,E01026609,Great Yarmouth 002B,Unable to prosecute suspect
b71cf443a4c75bd16b73eefdd9d87c175afb75ed7e26ee88ac299ed0ccb87d5b,2023-01,Norfolk Constabulary,Norfolk Constabulary,0.398005,52.760345,On or near Dobby Drive,E01026688,King's Lynn and West Norfolk 007B,Unable to prosecute suspect
1fc1a480aae589ab5f1bcd5333c10d715bc43dbe68fce68f08ff6104d77ca538,2023-01,Norfolk Constabulary,Norfolk Constabulary,1.318898,52.683573,On or near Douglas Road,E01026552,Broadland 005D,Unable to prosecute suspect
b0ac3aa1550d78cc46b5809eaf141e46daf44e1fbb4a54e0c7979ba9130ff075,2023-01,Norfolk Constabulary,Norfolk Constabulary,1.302679,52.628095,On or near ,E01033439,Norwich 014B,Further investigation is not in the public interest
1e6d028e0989fe15c09be8fc813773ed5009edca4fe1f02b31a06507fe605583,2023-01,Norfolk Constabulary,Norfolk Constabulary,0.398925,52.755516,On or near Paradise Lane,E01026698,King's Lynn and West Norfolk 011A,Further investigation is not in the public interest
2a2c423c51a799af65957e2ce30b853588bc1e50e06b1c73134f9f86d72722de,2023-01,Norfolk Constabulary,Norfolk Constabulary,0.399606,52.755771,On or near Norfolk Street,E01026698,King's Lynn and West Norfolk 011A,Further investigation is not in the public interest
b3d09db72ac5a25e4e44585002559960b909a8e269d13e93efa2312182e91343,2023-01,Norfolk Constabulary,Norfolk Constabulary,1.693611,52.579031,On or near Alder Close,E01026584,Great Yarmouth 008D,Unable to prosecute suspect
beae339afd839f1fe27ed675eb104691a5e45bf27f226c802a7c00ae3be7ee06,2023-01,Norfolk Constabulary,Norfolk Constabulary,0.488805,52.939197,On or near St Edmund's Terrace,E01026683,King's Lynn and West Norfolk 001D,Unable to prosecute suspect
813e40d98aebb4ecf0ed13d7797cd9fbacafa4880e49a64d96f32a09757b91aa,2023-01,Norfolk Constabulary,Norfolk Constabulary,1.302627,52.628969,On or near Prince Of Wales Road,E01033438,Norwich 014A,Further investigation is not in the public interest
37811e3c528ab523287341b012eb7e43e94ab5e2fd7f34bb35d2a624c244217e,2023-01,Norfolk Constabulary,Norfolk Constabulary,1.535509,52.710177,On or near High Street,E01026783,North Norfolk 014C,Unable to prosecute suspect
7956058ba1db2ab2017168492c528acee9265f07405eb9514fb90a85e57e29fd,2023-01,Norfolk Constabulary,Norfolk Constabulary,0.382357,52.604951,On or near The Orchards,E01033039,King's Lynn and West Norfolk 017H,Unable to prosecute suspect
a9a37d4dda42e1f7c84eccc112a8325cb2eda1ae234ddbf652d10618d1ec97c4,2023-01,Norfolk Constabulary,Norfolk Constabulary,1.161706,52.650605,On or near Bawburgh Road,E01026895,South Norfolk 002D,Further investigation is not in the public interest
1da833e16dff3715891b1d9ee7a9d026bbb33a3bc007bcb6b08242660132a7b7,2023-01,Norfolk Constabulary,Norfolk Constabulary,1.161706,52.650605,On or near Bawburgh Road,E01026895,South Norfolk 002D,Further investigation is not in the public interest
e6dd1feadf0c5076e2f953df003d8c9e507cbc3c2a86f3cf2e3524c5ebf77190,2023-01,Norfolk Constabulary,Norfolk Constabulary,1.161706,52.650605,On or near Bawburgh Road,E01026895,South Norfolk 002D,Further investigation is not in the public interest
b8c4122011dd36ab1457a997d39f1257d9daaebce7cfcf99811be732a8d5c416,2023-01,Norfolk Constabulary,Norfolk Constabulary,1.161706,52.650605,On or near Bawburgh Road,E01026895,South Norfolk 002D,Further investigation is not in the public interest
5409a039245d7f2fee2246acf465f85cb0842f5e21bb7904ecc6f937da9f05ad,2023-01,Norfolk Constabulary,Norfolk Constabulary,1.161706,52.650605,On or near Bawburgh Road,E01026895,South Norfolk 002D,Further investigation is not in the public interest
842b4adc3314cf022c2c352babca8fdde110c7d8504db0382eb0df027579a8b2,2023-01,Norfolk Constabulary,Norfolk Constabulary,1.161706,52.650605,On or near Bawburgh Road,E01026895,South Norfolk 002D,Further investigation is not in the public interest
92d7c83e9a50156525d6ac2c977f4f279d7bb4c0db3c5bc5835bbcdb4cc15bc5,2023-01,Norfolk Constabulary,Norfolk Constabulary,1.161706,52.650605,On or near Bawburgh Road,E01026895,South Norfolk 002D,Further investigation is not in the public interest
ce9e2b7701d0b0c9330712b9fabe8ea6ac6fd4bd5a2e478e9fb1149cc657f8d1,2023-01,Norfolk Constabulary,Norfolk Constabulary,1.161706,52.650605,On or near Bawburgh Road,E01026895,South Norfolk 002D,Further investigation is not in the public interest
01f5a0b121313860be26d3db3019970322a73ce5c96608c46f50b48e2d356d85,2023-01,Norfolk Constabulary,Norfolk Constabulary,1.161706,52.650605,On or near Bawburgh Road,E01026895,South Norfolk 002D,Further investigation is not in the public interest
6d88d89e6c875f87aef659358513a5b7396a29cf7c41b8d188b5ffe236d7cdd5,2023-01,Norfolk Constabulary,Norfolk Constabulary,1.161706,52.650605,On or near Bawburgh Road,E01026895,South Norfolk 002D,Further investigation is not in the public interest
9e491f25381e3017c92085cd84cb1abd74b269e6fdb3ff14437fee79a8e9574d,2023-01,Norfolk Constabulary,Norfolk Constabulary,1.161706,52.650605,On or near Bawburgh Road,E01026895,South Norfolk 002D,Further investigation is not in the public interest
d6deea587040e09e74f3137dd90b8fcdbd8db6ac1a51db0318bcb65374fa7514,2023-01,Norfolk Constabulary,Norfolk Constabulary,1.161706,52.650605,On or near Bawburgh Road,E01026895,South Norfolk 002D,Further investigation is not in the public interest
7565c4a221c8e5544acfd7925804ae08ba81a435b205efe67588aaa00b44ed55,2023-01,Norfolk Constabulary,Norfolk Constabulary,1.161706,52.650605,On or near Bawburgh Road,E01026895,South Norfolk 002D,Further investigation is not in the public interest
e17fd776f16958b2e1bba7fb185fc7369f05f505e9e22a0e3a98f3c23dc6468d,2023-01,Norfolk Constabulary,Norfolk Constabulary,1.161706,52.650605,On or near Bawburgh Road,E01026895,South Norfolk 002D,Further investigation is not in the public interest
35963266ca11f39b51b76f2d5ffc873fb4987cb39d29282fb4806e806caeb433,2023-01,Norfolk Constabulary,Norfolk Constabulary,1.161706,52.650605,On or near Bawburgh Road,E01026895,South Norfolk 002D,Further investigation is not in the public interest
f40b9aebf40915eb864311fec52e527633c478c052e3f965210806ebf841ef72,2023-01,Norfolk Constabulary,Norfolk Constabulary,1.161706,52.650605,On or near Bawburgh Road,E01026895,South Norfolk 002D,Further investigation is not in the public interest
91b08f17931eebf3946e6d0d2e9fc06dfd5f92e0a71327ca00bc4301b3095f52,2023-01,Norfolk Constabulary,Norfolk Constabulary,1.335647,52.662372,On or near Conroy Close,E01026561,Broadland 013E,Suspect charged
91b08f17931eebf3946e6d0d2e9fc06dfd5f92e0a71327ca00bc4301b3095f52,2023-01,Norfolk Constabulary,Norfolk Constabulary,1.335647,52.662372,On or near Conroy Close,E01026561,Broadland 013E,Suspect charged
589fc12c3416175a54fb4d195c3441857069871e4fd8df8df550e50336ac0965,2023-01,Norfolk Constabulary,Norfolk Constabulary,1.198536,52.937076,On or near The Turning,E01026772,North Norfolk 001C,Unable to prosecute suspect
a216e87c4ffa556a3af9a734e6d5c95a16e4b3de09ea1ab0c0fd1e7b602ee0a3,2023-01,Norfolk Constabulary,Norfolk Constabulary,1.186976,52.602416,On or near Cartmel,E01026908,South Norfolk 003D,Investigation complete; no suspect identified
91b1f51b6eb94d862b717b0c9b659a2ce9a11ef8e1ff9717f859ff02a3fe11d6,2023-01,Norfolk Constabulary,Norfolk Constabulary,1.281609,52.634698,On or near Haslips Close,E01026824,Norwich 007C,Unable to prosecute suspect
f8fe23801a084716b6b6c21d00b3d15a68510ca63b4f9016ea345bdc2b149c78,2023-01,Norfolk Constabulary,Norfolk Constabulary,1.215508,52.647664,On or near Upper Stafford Avenue,E01026917,South Norfolk 001B,Unable to prosecute suspect
4d3cfaee59fdbe9464c30eff658b412d6a18958b919110288e64bb416a88ec5a,2023-01,Norfolk Constabulary,Norfolk Constabulary,0.544577,52.767648,On or near Church Close,E01026675,King's Lynn and West Norfolk 012C,Unable to prosecute suspect
7493566623e0128d69a812b4472c256ac05096bd86e2a30a7379271683f4a40a,2023-01,Norfolk Constabulary,Norfolk Constabulary,0.973985,52.467875,On or near Wilby Road,E01026435,Breckland 013B,Further investigation is not in the public interest
661d571e2f758ba46610cf43ade69df5987ec10f6a43e77f253e24e833bacb88,2023-01,Norfolk Constabulary,Norfolk Constabulary,1.121348,52.915020,On or near Bridge Road,E01026741,North Norfolk 004A,Unable to prosecute suspect
f87e1ec0ec56792f61c23a6cfc55eb7fe0fc25adf218f30ed06cb993df89f2e7,2023-01,Norfolk Constabulary,Norfolk Constabulary,1.725531,52.564034,On or near Hewett Close,E01026618,Great Yarmouth 011B,Suspect charged
1145ea5bdb7d21c453832173968db4cb3a422ba34f68b987fbe439ce8f1b4910,2023-01,Norfolk Constabulary,Norfolk Constabulary,0.828092,52.564036,On or near Byfords Way,E01026490,Breckland 009E,Unable to prosecute suspect
d42e423a7306b2e7141d59d94aa3df961665e1d7c2f81414d8575812081f3d1a,2023-01,Norfolk Constabulary,Norfolk Constabulary,1.057363,52.544904,On or near ,E01026948,South Norfolk 004D,Further action is not in the public interest
c41df2f903d4038bf8119ebfd4f26c2507d886c535cf0b12310635d13cc70568,2023-01,Norfolk Constabulary,Norfolk Constabulary,0.746609,52.420971,On or near ,E01026466,Breckland 015B,Investigation complete; no suspect identified
4e952ab0daedbb42878c6cadc33c08fb8a4caf3d7ac4a035dd854d6221557d3c,2023-01,Norfolk Constabulary,Norfolk Constabulary,1.215508,52.647664,On or near Upper Stafford Avenue,E01026917,South Norfolk 001B,Unable to prosecute suspect
c9a7d48f916b5c12648bf8d5a71e5a88887a86f4bd4bcd0c70217a74039c5b49,2023-01,Norfolk Constabulary,Norfolk Constabulary,1.733063,52.602105,On or near Old Wellington Passage,E01026624,Great Yarmouth 006C,Unable to prosecute suspect
31f9a9fc6a264c1002e14383b9343757fc843af1c5194995b41f7563ceb8a0e8,2023-01,Norfolk Constabulary,Norfolk Constabulary,1.301653,52.629460,On or near ,E01033438,Norwich 014A,Unable to prosecute suspect
13dcd6659ffb8f8b7def752406850af7707fbef777fad30a1e5b018333136479,2023-01,Norfolk Constabulary,Norfolk Constabulary,1.103029,52.723806,On or near Heath Close,E01026524,Broadland 002C,Unable to prosecute suspect
aaa878f000125dd559e8eb9f53654a522ef2710a8d6b8fb0f9db877be3653a6e,2023-01,Norfolk Constabulary,Norfolk Constabulary,0.774522,52.793137,On or near The Bowling Green,E01026780,North Norfolk 009A,Suspect charged
94303a209f64ee28512c3c7e2f58ed8d9b184e8f40067b5cb537c0bcab7e2850,2023-01,Norfolk Constabulary,Norfolk Constabulary,,,No location,,,Unable to prosecute suspect
48a1b069897cd24ca46d3621d628d5c42b7e939b5f4c513ce5254d35ae121408,2023-01,Norfolk Constabulary,Norfolk Constabulary,0.405860,52.759799,On or near Smith Avenue,E01026687,King's Lynn and West Norfolk 007A,Offender given a drugs possession warning
9dec04951d84f2ec2fae5e2f9cad3c9e856c58ab8854778693eff493f75cbe94,2023-01,Norfolk Constabulary,Norfolk Constabulary,1.057363,52.544904,On or near ,E01026948,South Norfolk 004D,Further action is not in the public interest
c3e6b85548e22222da9d90c21d082ae27657bcc90a8394d0fe8de9d4d8ea6a85,2023-01,Norfolk Constabulary,Norfolk Constabulary,0.739852,52.406089,On or near Fulmerston Road,E01026477,Breckland 017D,Unable to prosecute suspect
589445d8692e8d3d30783d4c1eba62efcf2c22b45e27d1b75d007140d19b5410,2023-01,Norfolk Constabulary,Norfolk Constabulary,1.229967,52.638402,On or near Goodhale Road,E01026791,Norwich 005A,Unable to prosecute suspect
a54d264c79876afec3d36d2a386ee0c0014c99449b15655875bf7217a8bafc7f,2023-01,Norfolk Constabulary,Norfolk Constabulary,1.729273,52.610347,On or near ,E01026597,Great Yarmouth 005C,Unable to prosecute suspect
a54d264c79876afec3d36d2a386ee0c0014c99449b15655875bf7217a8bafc7f,2023-01,Norfolk Constabulary,Norfolk Constabulary,1.729273,52.610347,On or near ,E01026597,Great Yarmouth 005C,Unable to prosecute suspect
af91538fd20797db9de33185237af1d7f52c5162596dc973bbbcaf8f3deb7b21,2023-01,Norfolk Constabulary,Norfolk Constabulary,1.278728,52.640839,On or near Horsford Street,E01026825,Norwich 007D,Investigation complete; no suspect identified
44cb66d938be2e3a6cae116e3111cd4aa101297a972e977f3e5c9090382618d0,2023-01,Norfolk Constabulary,Norfolk Constabulary,0.987233,52.715154,On or near ,E01026461,Breckland 001C,Unable to prosecute suspect
0e56aa69adc56dc7fc489cf16bd84d4a78239252a8d9d48d880564ce55e0209f,2023-01,Norfolk Constabulary,Norfolk Constabulary,1.057363,52.544904,On or near ,E01026948,South Norfolk 004D,Further action is not in the public interest
ce539fa4008d40cc63a140c64f31e5ed9570c8f5ccaf15cd64aca70a1f43a21a,2023-01,Norfolk Constabulary,Norfolk Constabulary,1.275992,52.639836,On or near St Bartholomews Close,E01026825,Norwich 007D,Offender given a caution
487994ccba6b4fdd9f093b3402271a7b48f93834298b2e7f2bd0b7855e22989e,2023-01,Norfolk Constabulary,Norfolk Constabulary,1.275992,52.639836,On or near St Bartholomews Close,E01026825,Norwich 007D,Offender given a caution
6b655f100835a5bd022d4b44ca545735d5d547b19c2f63081b6dff7d8b3d511e,2023-01,Norfolk Constabulary,Norfolk Constabulary,1.275992,52.639836,On or near St Bartholomews Close,E01026825,Norwich 007D,Offender given a caution
a7ceaf9d66a0c4bd2ed7344ba039fb19d20ca22e074465ba581ea66a3ab43c67,2023-01,Norfolk Constabulary,Norfolk Constabulary,1.279488,52.639145,On or near Raynham Street,E01026827,Norwich 007F,Offender given a caution
d523f865f66fa3da036643442c041b00a22628712d2441d2851373ca6b716855,2023-01,Norfolk Constabulary,Norfolk Constabulary,0.931521,52.686860,On or near Girling Road,E01026428,Breckland 003A,Unable to prosecute suspect
efb2a464be518e67d8d4273a51627d1af6567ede570a7c14b72a41371604a838,2023-01,Norfolk Constabulary,Norfolk Constabulary,0.407066,52.766069,On or near Coulton Close,E01026687,King's Lynn and West Norfolk 007A,Suspect charged
017ea4d0b095bb7273211481dbb2924fb254af5abaf08848f77628d75ba47891,2023-01,Norfolk Constabulary,Norfolk Constabulary,1.220816,52.618488,On or near ,E01026883,South Norfolk 002C,Suspect charged
8d2bb4fb89bd7cbcb903664cd0a6c6aebd3cbaccccff97136ac958eb8d38ef5a,2023-01,Norfolk Constabulary,Norfolk Constabulary,1.732478,52.609113,On or near Manby Road,E01026598,Great Yarmouth 005D,Suspect charged
5418d7963491a74971355b04d3217e13c017ad9d760299cd6f5e4a1de32869d4,2023-01,Norfolk Constabulary,Norfolk Constabulary,1.286289,52.629298,On or near Upper St Giles Street,E01026822,Norwich 007A,Suspect charged
41f87831ecfea76f463f5bc4028f37e8b3cb01bcac3ec700b4c4f3a0ee07d5bb,2023-01,Norfolk Constabulary,Norfolk Constabulary,1.293000,52.400184,On or near Cranes Meadow,E01026900,South Norfolk 013B,Unable to prosecute suspect
6911cf352b16365c6fe9364f4f717fcae9f82ef0676a83e47aa17a21148dde65,2023-01,Norfolk Constabulary,Norfolk Constabulary,0.609603,52.563229,On or near White Hart Street,E01026444,Breckland 012B,Investigation complete; no suspect identified
e673aa30ff8d3c18d0c9f823bc0f688882478798f16921a1513cf66d6880ba92,2023-01,Norfolk Constabulary,Norfolk Constabulary,1.323430,52.631795,On or near William Mear Gardens,E01026808,Norwich 004F,Unable to prosecute suspect
f4b23f757a715a48092969c5a8a0104e7ed4b00b19c6c6226c8f838047da77a5,2023-01,Norfolk Constabulary,Norfolk Constabulary,1.718631,52.605258,On or near ,E01026634,Great Yarmouth 007C,Investigation complete; no suspect identified
307305a652adabacaa02b20e79b94ecc2ee7cf981518f48a9fbdb212b88b4878,2023-01,Norfolk Constabulary,Norfolk Constabulary,0.418157,52.719041,On or near Coronation Avenue,E01026724,King's Lynn and West Norfolk 014E,Unable to prosecute suspect
1bfe2d9dc0fc397faa990b5b0eef78a16eefad8011d190749a2fe4decc25d57c,2023-01,Norfolk Constabulary,Norfolk Constabulary,0.830175,52.578266,On or near Southview Close,E01026486,Breckland 009A,Local resolution
43fff4a9a3650a615286543a44bb28e153cd98f76667493943d372133076ecf9,2023-01,Norfolk Constabulary,Norfolk Constabulary,1.258377,52.629413,On or near Earlham Road,E01026863,Norwich 006A,Investigation complete; no suspect identified
7e9822a02112a5ff3fe3f66ed79cec67f85145a29339b8e50761cab57d507dfd,2023-01,Norfolk Constabulary,Norfolk Constabulary,0.994458,52.403318,On or near Primrose Lane,E01026494,Breckland 014D,Unable to prosecute suspect
ac6e68df8732efc1473901df055ce8d092286c8d1e0b96b11cfb245f236b85ea,2023-01,Norfolk Constabulary,Norfolk Constabulary,0.410362,52.757316,On or near Gaywood Road,E01026668,King's Lynn and West Norfolk 009C,Unable to prosecute suspect
0eeb823233102dd546bdce5626abdd2ac87e9886e9927ce57ecb18b39c24c61a,2023-01,Norfolk Constabulary,Norfolk Constabulary,1.303418,52.634172,On or near ,E01033438,Norwich 014A,Offender given a caution
6a24d070c797ba1fe3aebee5526b5a892248a79d5dc9c35a2b58817fed863d11,2023-01,Norfolk Constabulary,Norfolk Constabulary,0.989613,52.582296,On or near The Fields,E01026910,South Norfolk 004B,Unable to prosecute suspect
35ccf3f2847febab50d4652404354e3da6156b6e1f5078afa513b162958cbdae,2023-01,Norfolk Constabulary,Norfolk Constabulary,1.725149,52.609290,On or near ,E01026597,Great Yarmouth 005C,Unable to prosecute suspect
0d562fcf6ec3985b28285b8ab00d345896f4624a37f7815332d9f00b6059e980,2023-01,Norfolk Constabulary,Norfolk Constabulary,0.748205,52.412963,On or near ,E01026468,Breckland 016A,Suspect charged
b195ce4d2cac42aaa1897896d011f3cf5972f32af18170a4108dc9000224712d,2023-01,Norfolk Constabulary,Norfolk Constabulary,0.565214,52.743699,On or near Litcham Road,E01026665,King's Lynn and West Norfolk 012A,Unable to prosecute suspect
fa31d1d69f8aba9567f10975e3c2a773166c11e6609411fd8b704ea0e820424c,2023-01,Norfolk Constabulary,Norfolk Constabulary,0.408665,52.751649,On or near ,E01026667,King's Lynn and West Norfolk 009B,Suspect charged
15d6909520005d00daafcd9356f6c383342481b87e21e149ed492c35570c3a9b,2023-01,Norfolk Constabulary,Norfolk Constabulary,1.302679,52.628095,On or near ,E01033439,Norwich 014B,Unable to prosecute suspect
d56aa4b105f2cda99ef63a0a46549ca542db44953dd6194cbaebbcb445569dfd,2023-01,Norfolk Constabulary,Norfolk Constabulary,1.302679,52.628095,On or near ,E01033439,Norwich 014B,Unable to prosecute suspect
c79cd1e572473ef58adaa3680902e4fafe4013cca34e0557969e916494bd64fe,2023-01,Norfolk Constabulary,Norfolk Constabulary,,,No location,,,Suspect charged
0f9643820018e93fec2c6df9ca083e3f782aa37e6f738c6f29463b9fde3b1fec,2023-01,Norfolk Constabulary,Norfolk Constabulary,1.515648,52.770892,On or near ,E01026776,North Norfolk 013C,Unable to prosecute suspect
d857d8cc2eaeccb3609fc59b2cddf01ba1a4096875abf26af493487cb00d6408,2023-01,Norfolk Constabulary,Norfolk Constabulary,1.309622,52.633522,On or near Bishop Bridge Road,E01033438,Norwich 014A,Unable to prosecute suspect
d857d8cc2eaeccb3609fc59b2cddf01ba1a4096875abf26af493487cb00d6408,2023-01,Norfolk Constabulary,Norfolk Constabulary,1.309622,52.633522,On or near Bishop Bridge Road,E01033438,Norwich 014A,Unable to prosecute suspect
d857d8cc2eaeccb3609fc59b2cddf01ba1a4096875abf26af493487cb00d6408,2023-01,Norfolk Constabulary,Norfolk Constabulary,1.309622,52.633522,On or near Bishop Bridge Road,E01033438,Norwich 014A,Unable to prosecute suspect
183b027ffd585caf4ef62b122b1c157a0022d49023737c7b17a17c41f9b632fe,2023-01,Norfolk Constabulary,Norfolk Constabulary,1.280879,52.610331,On or near ,E01026820,Norwich 013E,Unable to prosecute suspect
d4de256c760519f21c922531973f703fa6437beddc44413278a4ccb486d240a7,2023-01,Norfolk Constabulary,Norfolk Constabulary,1.252946,52.660770,On or near Devon Avenue,E01026529,Broadland 010D,Investigation complete; no suspect identified
f98d6622904440bfb3ebfa8e2ac6bb824a938a629271e876e18ef6c4575d1335,2023-01,Norfolk Constabulary,Norfolk Constabulary,0.934626,52.660345,On or near Heidi Close,E01026434,Breckland 005F,Unable to prosecute suspect
b0868c0bcb3619e6fcddf039422e1c44aa093fcc899edc2ee69435af18f08ce2,2023-01,Norfolk Constabulary,Norfolk Constabulary,1.292124,52.932422,On or near Macdonald Road,E01026734,North Norfolk 003A,Investigation complete; no suspect identified
180cc9008736981838f424f414393b7e36beed70a26e15d1613fd8e781e26cff,2023-01,Norfolk Constabulary,Norfolk Constabulary,0.356109,52.554816,On or near Church Road,E01026679,King's Lynn and West Norfolk 018A,Investigation complete; no suspect identified
8d49ffc0810c5ed49901bbead51dc42ae854c79ac000548ba5e870d911e6cec1,2023-01,Norfolk Constabulary,Norfolk Constabulary,1.300747,52.930924,On or near Hans Place,E01026735,North Norfolk 003B,Unable to prosecute suspect
45a17bc23075f4ad42b60c77a8efda9acf64a38bfa83b774d8ff1d5947bf52a3,2023-01,Norfolk Constabulary,Norfolk Constabulary,1.063880,52.717019,On or near Rectory Road,E01026436,Breckland 001A,Investigation complete; no suspect identified
a9b153ffc5de9dd1d30751746d51f775ad20a9e67de0b2bce1b99bac0fcb1f5f,2023-01,Norfolk Constabulary,Norfolk Constabulary,1.631864,52.709726,On or near Thurne Rise,E01026637,Great Yarmouth 002D,Unable to prosecute suspect
59b4e47433393726fbf9ce5ca3f37101d4215994c86c5c1a553829ba3cb01c3a,2023-01,Norfolk Constabulary,Norfolk Constabulary,1.733556,52.609106,On or near Nettle Hill West,E01026598,Great Yarmouth 005D,Unable to prosecute suspect
22104ad5f67b31b221888463c98337a010c0c3e3a966c054ac3749dd2f579258,2023-01,Norfolk Constabulary,Norfolk Constabulary,0.241081,52.701032,On or near Main Road,E01026721,King's Lynn and West Norfolk 013E,Investigation complete; no suspect identified
536c7886a688ec414dfad40ca6eceab45b21091d5886c508bb7a612e71efaf3e,2023-01,Norfolk Constabulary,Norfolk Constabulary,1.027350,52.746358,On or near Meadow Loke,E01026436,Breckland 001A,Unable to prosecute suspect
16a4703c2af201eee9872103447a55de5078cb8cb77837fae892e9576f1c75c2,2023-01,Norfolk Constabulary,Norfolk Constabulary,0.877683,52.530106,On or near Mere Road,E01026491,Breckland 010E,Unable to prosecute suspect
033c3f585c4128e020c1786528b37fa5ea2d77165601cd98931523b639641748,2023-01,Norfolk Constabulary,Norfolk Constabulary,0.430522,52.753110,On or near Butterwick,E01026662,King's Lynn and West Norfolk 010A,Local resolution
4f9b9829fd1e515991fcfa31761c0ac3d8a9d4324512dd1374e4b3cc6a80df7d,2023-01,Norfolk Constabulary,Norfolk Constabulary,1.302213,52.644863,On or near ,E01026842,Norwich 003B,Unable to prosecute suspect
d6afc74513bf9b2f7841cd2b91fd0557bc4586eba8231b2d3dbab651f0f7fad0,2023-01,Norfolk Constabulary,Norfolk Constabulary,1.728531,52.597976,On or near Selby Place,E01026626,Great Yarmouth 006E,Unable to prosecute suspect
9375bc7da1688aeed986e594448036210b8e1f6e8d83d4201a9a43fe4502b51d,2023-01,Norfolk Constabulary,Norfolk Constabulary,1.299833,52.622877,On or near ,E01026822,Norwich 007A,Unable to prosecute suspect
39d9fa0ad4c1e3efd9c5c0a2a87b3eb4ba1ab44bd69b2f4fd7747c961c6f2dc0,2023-01,Norfolk Constabulary,Norfolk Constabulary,1.281456,52.636411,On or near Russell Street,E01026827,Norwich 007F,Unable to prosecute suspect
8ded376081ad5ea6521396eccfd5e40114897dd71b4c8e9de2d7f96c60781ef9,2023-01,Norfolk Constabulary,Norfolk Constabulary,1.291521,52.644243,On or near Angel Road,E01026843,Norwich 003C,Unable to prosecute suspect
0de34895e4181f1a73c85b0a10d615aa0e2ac663c2ab9014ff41c34adae648db,2023-01,Norfolk Constabulary,Norfolk Constabulary,0.655257,52.804598,On or near Cross Street,E01026695,King's Lynn and West Norfolk 002D,Investigation complete; no suspect identified
809bc702ff89384ef5dba67fe04b6494a2b6ad01d85e0c99952d2740116899e7,2023-01,Norfolk Constabulary,Norfolk Constabulary,1.289766,52.625801,On or near ,E01026822,Norwich 007A,Formal action is not in the public interest
ea0d9bb6978d7a838491a353ba082557e86b83bbab4683423d5e24926815307d,2023-01,Norfolk Constabulary,Norfolk Constabulary,1.285600,52.608083,On or near Scarlet Road,E01026820,Norwich 013E,Unable to prosecute suspect
ce27900d0e4856da1df9fb50e43de92eca140a43f49fb41b1ddddac3ce711e92,2023-01,Norfolk Constabulary,Norfolk Constabulary,1.638378,52.703302,On or near Hemsby Road,E01026637,Great Yarmouth 002D,Investigation complete; no suspect identified
9427211c9e24a46687e77ee24c393aeae16b6631cd9ecbb0b67134e64dae7345,2023-01,Norfolk Constabulary,Norfolk Constabulary,0.501772,52.851517,On or near Woodside Avenue,E01026653,King's Lynn and West Norfolk 004A,Unable to prosecute suspect
395081f66130c11bbe1f388a72ea04e87a4cb5c45a0081fe93c4d2db60bc4953,2023-01,Norfolk Constabulary,Norfolk Constabulary,1.737593,52.607867,On or near ,E01026626,Great Yarmouth 006E,Unable to prosecute suspect
395081f66130c11bbe1f388a72ea04e87a4cb5c45a0081fe93c4d2db60bc4953,2023-01,Norfolk Constabulary,Norfolk Constabulary,1.737593,52.607867,On or near ,E01026626,Great Yarmouth 006E,Unable to prosecute suspect
d7e9aa5f59eb2c02dd55e930daf443c19d495d66f3b177fb591ec1dcc8281fde,2023-01,Norfolk Constabulary,Norfolk Constabulary,1.737593,52.607867,On or near ,E01026626,Great Yarmouth 006E,Unable to prosecute suspect
eaaa5d80c268d5a3484c19414ff0d7c958cbde65f54c3bb8a49ced8a83ad4f93,2023-01,Norfolk Constabulary,Norfolk Constabulary,1.302213,52.644863,On or near ,E01026842,Norwich 003B,Unable to prosecute suspect
040e89541c885b23eba4abf663be0b2e96e4f110a0b659822b77525e2f819cbd,2023-01,Norfolk Constabulary,Norfolk Constabulary,,,No location,,,Unable to prosecute suspect
a5d9a764d24319c816a5687e7c3834ad896cad31fe169711356632653fdb1180,2023-01,Norfolk Constabulary,Norfolk Constabulary,1.302679,52.628095,On or near ,E01033439,Norwich 014B,Unable to prosecute suspect
83692cf1e235272a1abdbe6eae9377c9ba1c5455e10afa461cb7c345f3711504,2023-01,Norfolk Constabulary,Norfolk Constabulary,1.334386,52.640768,On or near Paine Road,E01026803,Norwich 004A,Unable to prosecute suspect
83692cf1e235272a1abdbe6eae9377c9ba1c5455e10afa461cb7c345f3711504,2023-01,Norfolk Constabulary,Norfolk Constabulary,1.334386,52.640768,On or near Paine Road,E01026803,Norwich 004A,Unable to prosecute suspect
83692cf1e235272a1abdbe6eae9377c9ba1c5455e10afa461cb7c345f3711504,2023-01,Norfolk Constabulary,Norfolk Constabulary,1.334386,52.640768,On or near Paine Road,E01026803,Norwich 004A,Unable to prosecute suspect
83692cf1e235272a1abdbe6eae9377c9ba1c5455e10afa461cb7c345f3711504,2023-01,Norfolk Constabulary,Norfolk Constabulary,1.334386,52.640768,On or near Paine Road,E01026803,Norwich 004A,Unable to prosecute suspect
83692cf1e235272a1abdbe6eae9377c9ba1c5455e10afa461cb7c345f3711504,2023-01,Norfolk Constabulary,Norfolk Constabulary,1.334386,52.640768,On or near Paine Road,E01026803,Norwich 004A,Unable to prosecute suspect
04e419e51dbb69202ff3645c1eddb09062d5c0247bebc8a3abe9da5cf369aca2,2023-01,Norfolk Constabulary,Norfolk Constabulary,1.302679,52.628095,On or near ,E01033439,Norwich 014B,Unable to prosecute suspect
6863e03b84936db39d8ff72aa9010d19966d348329b04edc19998ba095055c02,2023-01,Norfolk Constabulary,Norfolk Constabulary,1.302679,52.628095,On or near ,E01033439,Norwich 014B,Unable to prosecute suspect
5f10f99e459cc7a48469221f281d9583064051a358f0527063a1c1c18e2dd4bb,2023-01,Norfolk Constabulary,Norfolk Constabulary,1.300413,52.620576,On or near Kensington Place,E01026816,Norwich 013A,Suspect charged
600640d57992fc3eb6399fb492ca86287d5823f9642f178a76b104b0df251300,2023-01,Norfolk Constabulary,Norfolk Constabulary,1.302679,52.628095,On or near ,E01033439,Norwich 014B,Suspect charged
504be362639876d8be245821c31cd179933ba0ed5114fdf3fac7251e15fac9ea,2023-01,Norfolk Constabulary,Norfolk Constabulary,1.717980,52.561672,On or near ,E01026617,Great Yarmouth 011A,Unable to prosecute suspect
4f7167cf18c66101926c2592a5b4180c22617be2e82743e97549250269a0ad94,2023-01,Norfolk Constabulary,Norfolk Constabulary,1.297039,52.633082,On or near Fye Bridge Street,E01026823,Norwich 007B,Unable to prosecute suspect
bef6694ae1b75145ef6c63444d49ca0fecf61b52285843ac8a33d77d6c412054,2023-01,Norfolk Constabulary,Norfolk Constabulary,0.189324,52.671509,On or near Burrett Gardens,E01026685,King's Lynn and West Norfolk 013B,Action to be taken by another organisation
adee4ca14427e6c8031ead7c16e54d1508d50ab88785a4984889a4b94845efd8,2023-01,Norfolk Constabulary,Norfolk Constabulary,1.291521,52.644243,On or near Angel Road,E01026843,Norwich 003C,Unable to prosecute suspect
d74380ece1fdccdeeb7d0e2a346a3e64f89f2aca61ef298932792f37b07d8c14,2023-01,Norfolk Constabulary,Norfolk Constabulary,1.702905,52.691381,On or near Newport Road,E01026607,Great Yarmouth 001C,Unable to prosecute suspect
6b24f624929006568140c90b1ef899657e74ea0a1bb1694af624a8e55fd33f5a,2023-01,Norfolk Constabulary,Norfolk Constabulary,0.398005,52.760345,On or near Dobby Drive,E01026688,King's Lynn and West Norfolk 007B,Unable to prosecute suspect
75f5e17c024670c8ad5e7262ef6f63cdd3ede1828eeaa5be567820f226612c00,2023-01,Norfolk Constabulary,Norfolk Constabulary,1.732694,52.604536,On or near Nelson Road Central,E01026624,Great Yarmouth 006C,Unable to prosecute suspect
475d9189ce68cbc29cdbea31edad4df29455a79a4f2787ed2a28956833bb20f6,2023-01,Norfolk Constabulary,Norfolk Constabulary,1.297039,52.633082,On or near Fye Bridge Street,E01026823,Norwich 007B,Unable to prosecute suspect
db6ac143ff55d52c8152a93aade4667af503ef7e426e4e526be44f004858669e,2023-01,Norfolk Constabulary,Norfolk Constabulary,0.555661,52.744022,On or near Hill's Crescent,E01026665,King's Lynn and West Norfolk 012A,Unable to prosecute suspect
0bc8482ca794b252c38f3ecf769207b3b688cce8a14ee5171e41d756ddd3712f,2023-01,Norfolk Constabulary,Norfolk Constabulary,0.189324,52.671509,On or near Burrett Gardens,E01026685,King's Lynn and West Norfolk 013B,Action to be taken by another organisation
eb105fcaf4662664b6d1a36ccb018a1603cc75c8754062c9ee1ce9b7db8db886,2023-01,Norfolk Constabulary,Norfolk Constabulary,1.235079,52.630357,On or near Bridge Farm Lane,E01026861,Norwich 010D,Unable to prosecute suspect
0fa496be1c30a732f208ffda6fa1548ee0a19b25927c63ece951fc1b7828475f,2023-01,Norfolk Constabulary,Norfolk Constabulary,1.249958,52.515794,On or near Prior Close,E01026942,South Norfolk 009G,Further investigation is not in the public interest
c6971c876a04d1c834b31cc2deb2704a79decfa1518419dd2514f90e498a903c,2023-01,Norfolk Constabulary,Norfolk Constabulary,1.706748,52.587723,On or near Cotman Drive,E01026581,Great Yarmouth 008A,Unable to prosecute suspect
f936df494e5d7bf933635e6d0a26ff6d768a0bdcd4c8e9e49438e3441890c9c2,2023-01,Norfolk Constabulary,Norfolk Constabulary,1.237393,52.628271,On or near The Courtyard,E01026860,Norwich 010C,Unable to prosecute suspect
f99eb9318976a214b672c20366a1727870ad09811460fd07946982d92fe1421c,2023-01,Norfolk Constabulary,Norfolk Constabulary,1.249958,52.515794,On or near Prior Close,E01026942,South Norfolk 009G,Unable to prosecute suspect
ee8c5527209b2a3cfbd1c621bb9467dbe03217b77e7c5f8866906644e2d6780f,2023-01,Norfolk Constabulary,Norfolk Constabulary,0.431921,52.753495,On or near Wheelwright Road,E01026663,King's Lynn and West Norfolk 010B,Investigation complete; no suspect identified
1e4ee1657045f36069e19513b74ca9376c891eb3db45cdff4843c32806d0d705,2023-01,Norfolk Constabulary,Norfolk Constabulary,1.721829,52.588454,On or near Suffolk Close,E01026600,Great Yarmouth 007A,Unable to prosecute suspect
76926ac3ad6c4231f2bb12e03d5ab2b31ee8def7e56a94d8e29eb147b0970daa,2023-01,Norfolk Constabulary,Norfolk Constabulary,1.081131,52.651444,On or near Common Road,E01026481,Breckland 006C,Investigation complete; no suspect identified
f0e9c7713d3dfa032664ccdf53f16b90c3819ee6e9ec4acba95d98844754a44d,2023-01,Norfolk Constabulary,Norfolk Constabulary,0.422107,52.752356,On or near Bailey Place,E01026666,King's Lynn and West Norfolk 009A,Suspect charged
6188a1f03e9b457b44dde3baaf2c63f2aff96a35380104ee6fa3cfd5be730154,2023-01,Norfolk Constabulary,Norfolk Constabulary,0.279245,52.701140,On or near Westfields,E01026696,King's Lynn and West Norfolk 015A,Unable to prosecute suspect
8b341ffb984587aa2be925c884fde7334664927a0bff20e515ee49c7d664fec6,2023-01,Norfolk Constabulary,Norfolk Constabulary,1.218108,52.628500,On or near Swallowtail Close,E01033435,Norwich 005G,Unable to prosecute suspect
9c1828d906638585d9c116f121fef21060bf23309b4b17761f049dd9eb5adf6f,2023-01,Norfolk Constabulary,Norfolk Constabulary,0.422107,52.752356,On or near Bailey Place,E01026666,King's Lynn and West Norfolk 009A,Suspect charged
709ff18a3b6bc435683984ab86acdf1f0f232a8c3c4b5c35de4a6b363ad79c5c,2023-01,Norfolk Constabulary,Norfolk Constabulary,1.143657,52.583303,On or near Skipping Block Row,E01026933,South Norfolk 007C,Formal action is not in the public interest
7c271a84b2317c819be1d75eaac5124e272b83effbb8981ded5ca198d8defbaa,2023-01,Norfolk Constabulary,Norfolk Constabulary,0.769898,52.416971,On or near Waterloo Close,E01026470,Breckland 016C,Unable to prosecute suspect
8668985a22e45ac3647262e085ea4a3a6cb0e40511b23886a92891b26f695b59,2023-01,Norfolk Constabulary,Norfolk Constabulary,0.286329,52.698477,On or near Aylmer Drive,E01026697,King's Lynn and West Norfolk 015B,Unable to prosecute suspect
fee6877d8a8d60d43838e7606ca22a48b0fe918d903d6c59840777bb571c3bc9,2023-01,Norfolk Constabulary,Norfolk Constabulary,1.309128,52.622087,On or near ,E01033441,Norwich 014D,Suspect charged
9a24a89b0db82a4bc596e3fdfeafd8a7b304a330bfa6097fb78559eae163a4a6,2023-01,Norfolk Constabulary,Norfolk Constabulary,1.733063,52.602105,On or near Old Wellington Passage,E01026624,Great Yarmouth 006C,Unable to prosecute suspect
3cedae9fba78a302203f39b1674321333089e5395404bbd70a0200547e19b6ac,2023-01,Norfolk Constabulary,Norfolk Constabulary,1.287559,52.623569,On or near Benjamin Gooch Way,E01033434,Norwich 011G,Unable to prosecute suspect
6d14f1c94b085486a588c5588d728aa1c0bf69ad074ecb9740c9fbf5d5b0fd46,2023-01,Norfolk Constabulary,Norfolk Constabulary,1.281759,52.648346,On or near A1402,E01026800,Norwich 001D,Investigation complete; no suspect identified
4a7f7443839c08f04aa896d5871ae3cfae8dfc063727b977ebe7a934459e0dee,2023-01,Norfolk Constabulary,Norfolk Constabulary,1.732245,52.608814,On or near Stanley Terrace,E01026598,Great Yarmouth 005D,Offender given a caution
12b612d7e34b696aeeae65ba8519cc2cb9af7447cbb2677f15d0703df05606ca,2023-01,Norfolk Constabulary,Norfolk Constabulary,1.285354,52.660783,On or near Spar Road,E01026797,Norwich 001A,Investigation complete; no suspect identified
6b81c1c60f7451611d21be5eb7f039bae5cda55eec934e430e76900f1b8aa8e9,2023-01,Norfolk Constabulary,Norfolk Constabulary,1.733063,52.602105,On or near Old Wellington Passage,E01026624,Great Yarmouth 006C,Offender given a caution
a760d07c62342049aaff1d24674d01582df721304b987779ca102bc96371d128,2023-01,Norfolk Constabulary,Norfolk Constabulary,1.732211,52.603553,On or near Oxborough Walk,E01026624,Great Yarmouth 006C,Unable to prosecute suspect
a760d07c62342049aaff1d24674d01582df721304b987779ca102bc96371d128,2023-01,Norfolk Constabulary,Norfolk Constabulary,1.732211,52.603553,On or near Oxborough Walk,E01026624,Great Yarmouth 006C,Unable to prosecute suspect
8109b08664d44f8d7e0b4dce91986a183631230953f1bde82400610eeb111b94,2023-01,Norfolk Constabulary,Norfolk Constabulary,1.438004,52.876870,On or near Marina Road,E01026750,North Norfolk 007B,Investigation complete; no suspect identified
f799b1b5d833c6572a904cdace2065ed89503ad9dcd62c48a14c7c8845796766,2023-01,Norfolk Constabulary,Norfolk Constabulary,1.723707,52.616666,On or near Yare Close,E01026596,Great Yarmouth 005B,Action to be taken by another organisation
5a42df5fee856f413019f07070e002220262376b0e22ea7e75801309f0da6073,2023-01,Norfolk Constabulary,Norfolk Constabulary,0.931521,52.686860,On or near Girling Road,E01026428,Breckland 003A,Unable to prosecute suspect
366555baa910c37418b7f6454144c29afa9e1f7e75e71f7766e2e7fd66fe9375,2023-01,Norfolk Constabulary,Norfolk Constabulary,1.310329,52.623124,On or near Canary Way,E01033441,Norwich 014D,Offender given a caution
1f5efa4232cd27ff6a34ca78325ca2497a53e17eb0903f3763645a681a873512,2023-01,Norfolk Constabulary,Norfolk Constabulary,0.137091,52.648663,On or near North Brink,E01018093,Fenland 003E,Suspect charged
2c09dbeb245c1fa31ae75f0c7396ac0493b61ca983776e5216da73fa8aa4c6a4,2023-01,Norfolk Constabulary,Norfolk Constabulary,1.158920,52.652568,On or near Marlingford Way,E01026895,South Norfolk 002D,Unable to prosecute suspect
d8d682c67d1db62c6efee4b9eb27d6971e7fa7c4212c7d1678a52a69b2f8791e,2023-01,Norfolk Constabulary,Norfolk Constabulary,0.137091,52.648663,On or near North Brink,E01018093,Fenland 003E,Suspect charged
d8d682c67d1db62c6efee4b9eb27d6971e7fa7c4212c7d1678a52a69b2f8791e,2023-01,Norfolk Constabulary,Norfolk Constabulary,0.137091,52.648663,On or near North Brink,E01018093,Fenland 003E,Suspect charged
0dd7261801574cb1a2e710921d13d541c1ce686f6265ec47fc72d014b05c0367,2023-01,Norfolk Constabulary,Norfolk Constabulary,1.283228,52.635390,On or near Derby Street,E01026824,Norwich 007C,Unable to prosecute suspect
0b97345c9ca9e227fbbae996b75edcbb01bc8038f561029bbf2300daa24a2c16,2023-01,Norfolk Constabulary,Norfolk Constabulary,1.290594,52.659064,On or near Bussey Road,E01026799,Norwich 001C,Suspect charged
d71530172c62f6cb8f5ca5f524b7c45e97af195a7c098a83b182b7902d7ed66d,2023-01,Norfolk Constabulary,Norfolk Constabulary,0.577467,52.545895,On or near West End,E01026651,King's Lynn and West Norfolk 019D,Investigation complete; no suspect identified
79acf38f9523241444d095ffb31522c3ed68b7c755643224465c596d88f85c09,2023-01,Norfolk Constabulary,Norfolk Constabulary,1.323925,52.633841,On or near Lion Wood Road,E01026808,Norwich 004F,Unable to prosecute suspect
af7f2f6092738e488a2e00fe229d42ddd0449af8a8c1f3d803175bcc3cfb74ff,2023-01,Norfolk Constabulary,Norfolk Constabulary,1.313599,52.634121,On or near Whitwell Road,E01026850,Norwich 015C,Unable to prosecute suspect
1b7b49ac8afc5c969c77136a7d7961dc8b9cdc647073499b724a0f2dd2e0b76c,2023-01,Norfolk Constabulary,Norfolk Constabulary,0.744311,52.411588,On or near St Mary's Court,E01026474,Breckland 017A,Investigation complete; no suspect identified
56b631d1fc6ee3d2e28154041b00fce4eda150da59fc19a494106a9d40b5c7bb,2023-01,Norfolk Constabulary,Norfolk Constabulary,1.300747,52.930924,On or near Hans Place,E01026735,North Norfolk 003B,Unable to prosecute suspect
b9a5a462088c71495071c6ce8b1cc7a459018b96a1989d01e683d4e87484de80,2023-01,Norfolk Constabulary,Norfolk Constabulary,0.850959,52.957494,On or near ,E01026763,North Norfolk 002B,Unable to prosecute suspect
e7d07772073ed65a0306c68c0dc810cb8e8bdb8b50040fa1a27d83385d687c38,2023-01,Norfolk Constabulary,Norfolk Constabulary,1.113711,52.569508,On or near Friars Croft,E01026870,South Norfolk 005A,Investigation complete; no suspect identified
f2b1236f04836c410429428b1e4cd7721cf3616eeb5dcb58e311da699aa6c365,2023-01,Norfolk Constabulary,Norfolk Constabulary,1.301862,52.629017,On or near ,E01033438,Norwich 014A,Unable to prosecute suspect
d39a04f5a3f81ea4c203c12d5d3b734800d81d0515fc57c8fdb562528ec8e2b8,2023-01,Norfolk Constabulary,Norfolk Constabulary,0.393756,52.738545,On or near BAKER CLOSE,E01026704,King's Lynn and West Norfolk 011D,Unable to prosecute suspect
ce2dd930f6cf3c29721b2dac62cb78fcca17ad95421bf81ac3cb2a1957133527,2023-01,Norfolk Constabulary,Norfolk Constabulary,1.292313,52.625272,On or near St Stephens Street,E01026822,Norwich 007A,Suspect charged
3ba4b1d368a6fa84987238c3086c700aac25eedcb7c5512c910f8b76197f1429,2023-01,Norfolk Constabulary,Norfolk Constabulary,1.315642,52.610914,On or near White Horse Lane,E01026937,South Norfolk 006G,Unable to prosecute suspect
df552cab2cf08abbc0af2af599709aa8aa64a5e28ea0f07f26d5208e0f523dbe,2023-01,Norfolk Constabulary,Norfolk Constabulary,0.726978,52.406316,On or near ,E01026478,Breckland 017E,Unable to prosecute suspect
b177811f15b9cdd1c09f13495906cedf205a88d1295c0afa4aed0266eac1f396,2023-01,Norfolk Constabulary,Norfolk Constabulary,0.755270,52.428383,On or near Harriet Martineau Close,E01026466,Breckland 015B,Unable to prosecute suspect
7dd0d7cd7a10031bc04d9fb6af0f0bd8f3084b8b10d911d0a4f11361841d7020,2023-01,Norfolk Constabulary,Norfolk Constabulary,1.079824,52.541104,On or near Chepore Lane,E01026885,South Norfolk 007B,Unable to prosecute suspect
a99e52eb026ad1f436dba0e16f2ce128333b5da9c588dc7b56d35e1839bf868c,2023-01,Norfolk Constabulary,Norfolk Constabulary,0.394469,52.754796,On or near Purfleet,E01026698,King's Lynn and West Norfolk 011A,Further action is not in the public interest
b9fef36fa212e337731186df51edeadcae9716ec1f01bde12cbcc7f7cd5cede0,2023-01,Norfolk Constabulary,Norfolk Constabulary,0.418087,52.738645,On or near ,E01026724,King's Lynn and West Norfolk 014E,Suspect charged
51f0ade4449945b986a9fb2e80cf83a8661a470f10869bbc438bf200a1967e37,2023-01,Norfolk Constabulary,Norfolk Constabulary,1.298986,52.620068,On or near Hobart Square,E01026816,Norwich 013A,Unable to prosecute suspect
08950c3b60cd78b118115c30030f4317fb579ad15aaa358a35eddf4ebd831e07,2023-01,Norfolk Constabulary,Norfolk Constabulary,1.242477,52.638843,On or near ,E01026867,Norwich 006E,Investigation complete; no suspect identified
1f6768338965878a1fddb38c7a69a288c7188c88b45ccfc2287e873a3b203089,2023-01,Norfolk Constabulary,Norfolk Constabulary,0.498592,52.946824,On or near Old Town Way,E01026681,King's Lynn and West Norfolk 001B,Unable to prosecute suspect
909983bc5aca1a54eb15cb12fbc983e6af3e2479944b8f209ad9e59049a4d3b0,2023-01,Norfolk Constabulary,Norfolk Constabulary,1.307283,52.650909,On or near Shipfield,E01026802,Norwich 001F,Investigation complete; no suspect identified
6a4670e7924cc4495fb7c5563439bf1d9ab4f2e5cf0dfeb76069125c1dce9f93,2023-01,Norfolk Constabulary,Norfolk Constabulary,0.687035,52.653308,On or near ,E01026459,Breckland 007E,Suspect charged
2e11a0cf38ed294b2879b75822b2ab6ea9fe982322385ea050506f1722f24c79,2023-01,Norfolk Constabulary,Norfolk Constabulary,1.733163,52.622889,On or near Barnard Avenue,E01026639,Great Yarmouth 004B,Unable to prosecute suspect
496a104841f2bf2f69f8af6ef51a3aef732833266996fa7999e500d4bb08347c,2023-01,Norfolk Constabulary,Norfolk Constabulary,0.380391,52.597024,On or near Ryston Close,E01026707,King's Lynn and West Norfolk 017D,Unable to prosecute suspect
3da29d9236ad2d13f99b51b6551ef3a1c2070a00bdeaa0ac1613f8c3c689b8dc,2023-01,Norfolk Constabulary,Norfolk Constabulary,1.729492,52.606490,On or near Alexandra Road,E01026623,Great Yarmouth 006B,Unable to prosecute suspect
32a475c663df6c1c92ee94eaaf053493760bca97c865ac176389309418d6682c,2023-01,Norfolk Constabulary,Norfolk Constabulary,1.734460,52.598040,On or near Seafield Close,E01026626,Great Yarmouth 006E,Investigation complete; no suspect identified
80bef9f26f4518dd27f3422bc11d59bdb8c78c931412ec2de9c4ba4b2f33fb9d,2023-01,Norfolk Constabulary,Norfolk Constabulary,1.230853,52.634376,On or near Savery Close,E01033436,Norwich 005H,Unable to prosecute suspect
e7da8eea23093a6aedd086dc22113244dc892cddf6fb8471de5c45257306518e,2023-01,Norfolk Constabulary,Norfolk Constabulary,1.241586,52.696506,On or near Pimpernel Road,E01026537,Broadland 004E,Unable to prosecute suspect
f44c04e8f0a5ae07ac5c88151e611f50f3a905661e1a786e80d4bf4f43bc7310,2023-01,Norfolk Constabulary,Norfolk Constabulary,1.241586,52.696506,On or near Pimpernel Road,E01026537,Broadland 004E,Unable to prosecute suspect
07f11a6999bc32846584d397df396a247817c00bea8fd136975687fdf95e79b6,2023-01,Norfolk Constabulary,Norfolk Constabulary,1.721563,52.576086,On or near Paston Road,E01026630,Great Yarmouth 010D,Investigation complete; no suspect identified
609ecfb9111506a418a8f0232ee128985782b452ed46a6f06dece8a2f78d93b3,2023-01,Norfolk Constabulary,Norfolk Constabulary,1.388554,52.828360,On or near Petre Close,E01026758,North Norfolk 010F,Unable to prosecute suspect
473076c92d9e349635eefe924d388119423ead676bddba95fefc3f08ce5477f4,2023-01,Norfolk Constabulary,Norfolk Constabulary,1.357625,52.634562,On or near Eastern Close,E01026575,Broadland 016B,Offender given a caution
01df98ffd82c961deefd313de9dbc467c5d4972107aa81d3866ede0ead04ab23,2023-01,Norfolk Constabulary,Norfolk Constabulary,1.732632,52.611266,On or near Tottenham Street,E01026598,Great Yarmouth 005D,Local resolution
0a2a162a436b5fc2079e1dd6567f59bd40d993b7142240fd9280988468b1da23,2023-01,Norfolk Constabulary,Norfolk Constabulary,1.357625,52.634562,On or near Eastern Close,E01026575,Broadland 016B,Offender given a caution
a9f8c04279f18a7e7e245d684eee7fc597c0db49783a6b3c5a1524a15dd31697,2023-01,Norfolk Constabulary,Norfolk Constabulary,1.729682,52.539743,On or near St Andrew Close,E01026588,Great Yarmouth 013D,Formal action is not in the public interest
ab6211763eec74956cbff8217fc44d94fdc6fb4f80c2b630d2f5c3161b12ca31,2023-01,Norfolk Constabulary,Norfolk Constabulary,1.729682,52.539743,On or near St Andrew Close,E01026588,Great Yarmouth 013D,Suspect charged
2af3c57e50259759e9d30af6e5605c0e2396fb2c28534950697609a101d439f4,2023-01,Norfolk Constabulary,Norfolk Constabulary,1.410385,52.713144,On or near Newey's Way,E01026744,North Norfolk 014A,Suspect charged as part of another case
8ae0b8bae81c294b1ce2569e46aa95a1f8eeda09fa805ae56abcf2e434a1cb7a,2023-01,Norfolk Constabulary,Norfolk Constabulary,0.865584,52.830475,On or near Meadow Court,E01026749,North Norfolk 011E,Unable to prosecute suspect
079e67fe4e869a10f381ab792a830b6cd0fd6aff791f928803813a14abda6747,2023-01,Norfolk Constabulary,Norfolk Constabulary,0.851182,52.829572,On or near Ratcliffe Road,E01026747,North Norfolk 011C,Suspect charged
079e67fe4e869a10f381ab792a830b6cd0fd6aff791f928803813a14abda6747,2023-01,Norfolk Constabulary,Norfolk Constabulary,0.851182,52.829572,On or near Ratcliffe Road,E01026747,North Norfolk 011C,Suspect charged
8afc6a8fad83212dc59d6be7734c8cc14d9d0866110cc0174df2fcdf9674ed6a,2023-01,Norfolk Constabulary,Norfolk Constabulary,0.951024,52.671035,On or near Napier Way,E01026427,Breckland 005C,Unable to prosecute suspect
199f3129f8b35a5955f119533b8445f4e47ea1a303dbd213af04448964cff4cc,2023-01,Norfolk Constabulary,Norfolk Constabulary,1.095075,52.903559,On or near Old Station Way,E01026743,North Norfolk 004C,Unable to prosecute suspect
55930c5fcb29c06e51420ddf34fe1b31f739bbf0c41a5cf7c278d27826ee4e6e,2023-01,Norfolk Constabulary,Norfolk Constabulary,1.293674,52.629218,On or near ,E01026823,Norwich 007B,Suspect charged as part of another case
55930c5fcb29c06e51420ddf34fe1b31f739bbf0c41a5cf7c278d27826ee4e6e,2023-01,Norfolk Constabulary,Norfolk Constabulary,1.293674,52.629218,On or near ,E01026823,Norwich 007B,Suspect charged as part of another case
a145044f00c39a33e6c64329154b313befbdbb90514866490ce4c4faeebfd510,2023-01,Norfolk Constabulary,Norfolk Constabulary,0.946630,52.678932,On or near ,E01026426,Breckland 005B,Unable to prosecute suspect
fe3b1339fe1b75a874d54815872a3246edf2e38e468ba61c8576854de9358331,2023-01,Norfolk Constabulary,Norfolk Constabulary,0.691138,52.645229,On or near Beech Close,E01026458,Breckland 007D,Unable to prosecute suspect
2c522fde49f46613440051daa2cb1a500106f1da35dce8d48855ece28362c0ba,2023-01,Norfolk Constabulary,Norfolk Constabulary,1.357625,52.634562,On or near Eastern Close,E01026575,Broadland 016B,Offender given a caution
75b43e85824511b680d7e9d393899728330777e1080428cccef35a5c2e98d961,2023-01,Norfolk Constabulary,Norfolk Constabulary,1.347889,52.635405,On or near Cyril Road,E01026570,Broadland 015B,Offender given a caution
8e06a8c69929a1e616f748fb6482e551d7acf2dbc07863c6cf7354e4282cb72c,2023-01,Norfolk Constabulary,Norfolk Constabulary,1.106647,52.759252,On or near Lawns Loke,E01026547,Broadland 002E,Further action is not in the public interest
2c8bb8ffc001fdb10017100c8b150f0d8d15b079a8eecba1eb5cee692d533acd,2023-01,Norfolk Constabulary,Norfolk Constabulary,1.716521,52.571412,On or near ,E01026621,Great Yarmouth 011E,Unable to prosecute suspect
cdfaa73592a7d6bf30838c0b029472100e1ff72a5873882e3a15f3d5177dc0a0,2023-01,Norfolk Constabulary,Norfolk Constabulary,0.304493,52.758926,On or near Benn's Lane,E01026712,King's Lynn and West Norfolk 008C,Unable to prosecute suspect
b4e9f1b3bf5c63ff7525902078192ec382078a3f1f85853db982ba18a92e47c9,2023-01,Norfolk Constabulary,Norfolk Constabulary,1.235931,52.629885,On or near George Fox Way,E01026861,Norwich 010D,Unable to prosecute suspect
e9f9aabd8562aeb6a4e7ad6fe13a55d45d706197eb222af2ca7b2acba2ec496a,2023-01,Norfolk Constabulary,Norfolk Constabulary,0.174274,52.679699,On or near Wisbech Road,E01026720,King's Lynn and West Norfolk 013D,Unable to prosecute suspect
ae8cab6ec3c848c7a35f53ed20aef6b4ee2cfe4454aedd36ae2395dc307cc1ae,2023-01,Norfolk Constabulary,Norfolk Constabulary,0.442599,52.752574,On or near Colney Road,E01026664,King's Lynn and West Norfolk 010C,Further action is not in the public interest
a5364af697e36250ff5216003415ae6d7b07effc12242790c9becec1b288091a,2023-01,Norfolk Constabulary,Norfolk Constabulary,1.564424,52.466301,On or near ,E01030225,Waveney 010C,Local resolution
27b882d2ed4c325ee1e03c24cb34e450c54ae974eed0e129165100f9b61f93a3,2023-01,Norfolk Constabulary,Norfolk Constabulary,1.733585,52.591403,On or near Battery Road,E01026622,Great Yarmouth 006A,Unable to prosecute suspect
9bef26d6c63d8750d79ad7717c699b36c574416de6641d10888c80a3d803ffe7,2023-01,Norfolk Constabulary,Norfolk Constabulary,0.753955,52.413431,On or near Lambert's,E01026468,Breckland 016A,Unable to prosecute suspect
7753853a3837060b8e2bf990e01f94d7e1a8a8cdec504a9fc3e0cec2ba7f0f28,2023-01,Norfolk Constabulary,Norfolk Constabulary,1.731759,52.610565,On or near Jury Street,E01026597,Great Yarmouth 005C,Unable to prosecute suspect
8da3464c2eb53ff4009a37ad29e59607a8e6f57b5eb86a498bf87f3b2fe0d573,2023-01,Norfolk Constabulary,Norfolk Constabulary,1.293674,52.629218,On or near ,E01026823,Norwich 007B,Suspect charged as part of another case
8da3464c2eb53ff4009a37ad29e59607a8e6f57b5eb86a498bf87f3b2fe0d573,2023-01,Norfolk Constabulary,Norfolk Constabulary,1.293674,52.629218,On or near ,E01026823,Norwich 007B,Suspect charged as part of another case
b6032c4f948aa04ec67c60bcd12af3419a2481eb03752c6f349020237c23b2b0,2023-01,Norfolk Constabulary,Norfolk Constabulary,1.284264,52.633041,On or near Lothian Street,E01026824,Norwich 007C,Unable to prosecute suspect
02a71cb389d2d1aa85177c5206e9bb3e2468c533f58a38531792871b7ea622e3,2023-01,Norfolk Constabulary,Norfolk Constabulary,1.284264,52.633041,On or near Lothian Street,E01026824,Norwich 007C,Unable to prosecute suspect
c44960142f05364253e468f77314bc4237be30f6e24becf24fb6e7fcf8f81ed2,2023-01,Norfolk Constabulary,Norfolk Constabulary,1.016496,52.518212,On or near Queen's Square,E01026449,Breckland 011D,Formal action is not in the public interest
67b8029b05538c0a7db16aea8ae689f3ed228b9b7907516d17fb5a9a63686f6d,2023-01,Norfolk Constabulary,Norfolk Constabulary,1.138410,52.580115,On or near Tipperary Avenue,E01026933,South Norfolk 007C,Unable to prosecute suspect
66e99874c82f5d9d2e1fc91998916a02764ffe2375be441005235256241550a5,2023-01,Norfolk Constabulary,Norfolk Constabulary,1.307885,52.623246,On or near ,E01033441,Norwich 014D,Suspect charged
66e99874c82f5d9d2e1fc91998916a02764ffe2375be441005235256241550a5,2023-01,Norfolk Constabulary,Norfolk Constabulary,1.307885,52.623246,On or near ,E01033441,Norwich 014D,Suspect charged
66e99874c82f5d9d2e1fc91998916a02764ffe2375be441005235256241550a5,2023-01,Norfolk Constabulary,Norfolk Constabulary,1.307885,52.623246,On or near ,E01033441,Norwich 014D,Suspect charged
185812b88b55842700009faf45d9b7f0d5a1586af043891b516a7b629383925e,2023-01,Norfolk Constabulary,Norfolk Constabulary,1.478948,52.542169,On or near Mallard Close,E01026879,South Norfolk 008A,Unable to prosecute suspect
7363a772139dbb5c610885d1d1a0dcf101600775e37671b819b75b3cc6127972,2023-01,Norfolk Constabulary,Norfolk Constabulary,1.274049,52.626309,On or near Avenue Road,E01026835,Norwich 009A,Investigation complete; no suspect identified
e7bbbfca5538df5f1679041e9918e8637bebac295706a098788c99dfc01cc19f,2023-01,Norfolk Constabulary,Norfolk Constabulary,0.929239,52.528409,On or near Rectory Road,E01026419,Breckland 010A,Unable to prosecute suspect
652c3c58e60bfe014e9ceab58a7c85818fa2538cfd43696c63ab9353208d5bbd,2023-01,Norfolk Constabulary,Norfolk Constabulary,1.275789,52.594801,On or near ,E01026937,South Norfolk 006G,Unable to prosecute suspect
7aff6af5ea8b4ed81ac1e3515d80fe6797fccbda9e2d03a9aa4376b8cf62446f,2023-01,Norfolk Constabulary,Norfolk Constabulary,0.892144,52.870647,On or near The Loke,E01026782,North Norfolk 009B,Unable to prosecute suspect
20ef2c25909bb4befc50e223e0322d8dfddceb08981d81c17abdea5f045d8b28,2023-01,Norfolk Constabulary,Norfolk Constabulary,1.298450,52.630425,On or near Queen Street,E01033438,Norwich 014A,Investigation complete; no suspect identified
93631345a0c8982089ccd5d87b324d656cd0a9a3758fd8aa967737e970c470a1,2023-01,Norfolk Constabulary,Norfolk Constabulary,1.297941,52.636627,On or near Cowgate,E01026823,Norwich 007B,Suspect charged
8bc4ae1ffee62a83fbc49db249bcaf82009be5d8a9aa16be153b5a4dc3a0d509,2023-01,Norfolk Constabulary,Norfolk Constabulary,0.852707,52.839022,On or near West Close,E01026745,North Norfolk 011A,Investigation complete; no suspect identified
d248a0f0f63edfcdfef21aa3bf5b39e9299438df5775f5a97919beb297ade63f,2023-01,Norfolk Constabulary,Norfolk Constabulary,1.697572,52.581354,On or near Jasmine Gardens,E01026584,Great Yarmouth 008D,Unable to prosecute suspect
0a91d0dccf6a046d2e5e8a2978f7d60dedc9989fccb37c0cd7a1defcc46ed4e0,2023-01,Norfolk Constabulary,Norfolk Constabulary,1.285028,52.645989,On or near Vicarage Road,E01026829,Norwich 002B,Unable to prosecute suspect
0ea03665fe2dcb70219703204c7364858e29d026a95e90ded4d0b2fd98deb17b,2023-01,Norfolk Constabulary,Norfolk Constabulary,1.207435,52.647865,On or near Johnson Close,E01026925,South Norfolk 001F,Local resolution
4235121c508bbf799060073ac9f89d6cbaaab2626d2f2bf06a686991f1f2cb9d,2023-01,Norfolk Constabulary,Norfolk Constabulary,1.293694,52.623785,On or near Winalls Yard,E01026822,Norwich 007A,Unable to prosecute suspect
c54771faf4a49b4cac4db4a5a535aa85c273817d9f64a64775c2ed21b915ce24,2023-01,Norfolk Constabulary,Norfolk Constabulary,1.295166,52.628421,On or near Castle Meadow,E01026822,Norwich 007A,Local resolution
ba175dce5797343b50845af95418de67c39bcfc706d43d88458829656b83b3d5,2023-01,Norfolk Constabulary,Norfolk Constabulary,1.727359,52.605739,On or near ,E01026625,Great Yarmouth 006D,Unable to prosecute suspect
2947dc71e3f9ab8d2a2bdd686b730c6563034de527d61ea2b267d812c7cd0332,2023-01,Norfolk Constabulary,Norfolk Constabulary,0.733425,52.409861,On or near St Martin's Way,E01026476,Breckland 017C,Unable to prosecute suspect
4ca50ddbf877a26041f2813ff3bcd269a2ba049ec1c5077486efaaa7459d74c8,2023-01,Norfolk Constabulary,Norfolk Constabulary,1.249075,52.630136,On or near Gipsy Close,E01026868,Norwich 006F,Unable to prosecute suspect
47a54ab2037cdefa04f09d717a0f2f94a45c3cddca125de949494dd84edd8903,2023-01,Norfolk Constabulary,Norfolk Constabulary,1.298823,52.629884,On or near Upper King Street,E01033438,Norwich 014A,Suspect charged
caadbf78f07cb9316dc5c466bbfe0497a419c2f5aa5562e3a248b1e4b21d9742,2023-01,Norfolk Constabulary,Norfolk Constabulary,1.733230,52.599554,On or near Nelson Road South,E01026626,Great Yarmouth 006E,Investigation complete; no suspect identified
1e96776a65e75c40cd0d7c4bf122e68329400967ac4abcccfba7207446dda0e3,2023-01,Norfolk Constabulary,Norfolk Constabulary,1.249694,52.658017,On or near Wensum Meadows Road,E01026529,Broadland 010D,Unable to prosecute suspect
52153fbb7c5e5ce52b0d6348080fead761fe9d0a5648076b7977714423b344c2,2023-01,Norfolk Constabulary,Norfolk Constabulary,0.844149,52.840532,On or near ,E01026746,North Norfolk 011B,Further action is not in the public interest
25a0c4eecfcfef7fe8722359537959e736134b7c744bf590e8b143db5ac1dec2,2023-01,Norfolk Constabulary,Norfolk Constabulary,1.726557,52.604118,On or near Gaol Row Number 106,E01026625,Great Yarmouth 006D,Unable to prosecute suspect
1a487169e83cd447b87960017a84f55879f384ef2b81b60a3be5b223e58e9ac3,2023-01,Norfolk Constabulary,Norfolk Constabulary,1.080486,52.584434,On or near Crownthorpe Road,E01026948,South Norfolk 004D,Unable to prosecute suspect
443a50c1dbd537f2f9b188ee3713129ab23402a558222e8a043e38a968348782,2023-01,Norfolk Constabulary,Norfolk Constabulary,1.225807,52.638929,On or near HUMBLEYARD,E01033436,Norwich 005H,Unable to prosecute suspect
d5b89bc7c33c28b02d68600b7659a1b7ab4de6075a7eebf7d746f52c9f978aa4,2023-01,Norfolk Constabulary,Norfolk Constabulary,0.828322,52.565082,On or near Dudley Close,E01026490,Breckland 009E,Unable to prosecute suspect
3bdb31e48788b9c9372ee23e0d420d03cea83f14d45824dd7820f252ea72450e,2023-01,Norfolk Constabulary,Norfolk Constabulary,0.274944,52.700683,On or near Sports/Recreation Area,E01026696,King's Lynn and West Norfolk 015A,Suspect charged
5a85d851209221510f023df1559da1e6c7b5e5d2de51e6d5ff75588140cfb39a,2023-01,Norfolk Constabulary,Norfolk Constabulary,1.205326,52.726901,On or near Blacksmith's Lane,E01026525,Broadland 002D,Unable to prosecute suspect
b9127b964a4873322b8003e771ab384766947ceb7e2746ff60d3ff58baa066f7,2023-01,Norfolk Constabulary,Norfolk Constabulary,1.303445,52.612568,On or near Netherwood Green,E01026817,Norwich 013B,Unable to prosecute suspect
ad0a342563d998584829a18b18248f9e2844da992aa8475b75676b85870047aa,2023-01,Norfolk Constabulary,Norfolk Constabulary,1.724903,52.606221,On or near Hall Plain,E01026623,Great Yarmouth 006B,Unable to prosecute suspect
cc6556d9063a89b9c3e8870458ea33b2866eef3f7c976a3ff0672c1eb639b438,2023-01,Norfolk Constabulary,Norfolk Constabulary,1.255271,52.658817,On or near Ferndale Close,E01026532,Broadland 011C,Suspect charged
f15adb368d3114976c467ee3b9a1733f938665b7e1e6e717dda58a5a451d6eb7,2023-01,Norfolk Constabulary,Norfolk Constabulary,1.658984,52.565887,On or near Rosedale Gardens,E01026616,Great Yarmouth 012D,Unable to prosecute suspect
c26b016e8d50571ec1a622957cf0c1caf1fd0c8fa84c39c5f52264d5263d40ac,2023-01,Norfolk Constabulary,Norfolk Constabulary,0.414848,52.739286,On or near St Hilary Park Road,E01026704,King's Lynn and West Norfolk 011D,Suspect charged
0c83da5dd1a7cac96e7e27b1d5d9008d27b26ee1fa2aa7d00f84dac2d393a514,2023-01,Norfolk Constabulary,Norfolk Constabulary,0.327401,52.607464,On or near LADY DROVE,E01026717,King's Lynn and West Norfolk 016F,Suspect charged
9d08e08d7a2be55757decfe3ed453a1a96190c818b82354fbaffbb9d28fba533,2023-01,Norfolk Constabulary,Norfolk Constabulary,1.126996,52.496501,On or near Greenways Lane,E01026878,South Norfolk 011B,Unable to prosecute suspect
3cb8313c8973e461eb636b784eded412d029cfe1bd2e2143abaf4ad36d9bc0ff,2023-01,Norfolk Constabulary,Norfolk Constabulary,1.349332,52.632243,On or near Elizabeth Avenue,E01026573,Broadland 015E,Unable to prosecute suspect
f84fc385247f7e175137e34f5f5696f62b29e7fb41e8445b4d88132a626d5fba,2023-01,Norfolk Constabulary,Norfolk Constabulary,0.994665,52.580396,On or near Lincoln Avenue,E01026909,South Norfolk 004A,Unable to prosecute suspect
8a6e829ee78c9c91e32f6f494fadd4e42173dfd0152a3549b605728b0168439c,2023-01,Norfolk Constabulary,Norfolk Constabulary,1.229197,52.491631,On or near Swan Lane,E01026938,South Norfolk 011D,Unable to prosecute suspect
c407517267bf719700aa32a88c73dae456136edafbc94c975a96f46cd9babee8,2023-01,Norfolk Constabulary,Norfolk Constabulary,1.328404,52.630720,On or near ,E01026808,Norwich 004F,Unable to prosecute suspect
2ff8d1c0cea18d1ccbbc07f025202f69787d5967bbd3d55b67e87484985adf9d,2023-01,Norfolk Constabulary,Norfolk Constabulary,1.189119,52.653207,On or near Ernest Gage Avenue,E01033538,South Norfolk 001G,Unable to prosecute suspect
1bb9a18c4d648eca83854078c5801b6533436e9ad6525e6af36c4b4d77462902,2023-01,Norfolk Constabulary,Norfolk Constabulary,1.131471,52.579085,On or near Oakwood Drive,E01026933,South Norfolk 007C,Unable to prosecute suspect
eaec67cc6abd018e778a14febf28702c68c59d62dcc1dd8e7a72e6b449f294ef,2023-01,Norfolk Constabulary,Norfolk Constabulary,0.184029,52.670330,On or near Musticott Place,E01018103,Fenland 003F,Action to be taken by another organisation
eb60796d74e543b1afa418199700583133374f1c7fcf5e0a19dbbb43d85dbc9a,2023-01,Norfolk Constabulary,Norfolk Constabulary,1.255271,52.658817,On or near Ferndale Close,E01026532,Broadland 011C,Suspect charged
45e7c8cff946fe9e8e579dd325f4519393a5f4c7e7d90ac0559cd02af47e087c,2023-01,Norfolk Constabulary,Norfolk Constabulary,1.291766,52.607947,On or near Whiting Road,E01026818,Norwich 013C,Suspect charged
98676f563543923a985ebaffcc882f54023edfee7053471dfb3d28f152f46112,2023-01,Norfolk Constabulary,Norfolk Constabulary,1.229197,52.491631,On or near Swan Lane,E01026938,South Norfolk 011D,Local resolution
98676f563543923a985ebaffcc882f54023edfee7053471dfb3d28f152f46112,2023-01,Norfolk Constabulary,Norfolk Constabulary,1.229197,52.491631,On or near Swan Lane,E01026938,South Norfolk 011D,Local resolution
9103402dccadb84667cbd663dab1bdfeaabb9abb75602fed57c52067b03a42bd,2023-01,Norfolk Constabulary,Norfolk Constabulary,0.861793,52.830405,On or near Thorn Road,E01026749,North Norfolk 011E,Unable to prosecute suspect
4a1241ef1dbbd90d8621c53225088495d958fe7550a27dc1058c91e6b6c20882,2023-01,Norfolk Constabulary,Norfolk Constabulary,1.094922,52.902034,On or near King's Road,E01026743,North Norfolk 004C,Unable to prosecute suspect
91b08f17931eebf3946e6d0d2e9fc06dfd5f92e0a71327ca00bc4301b3095f52,2023-01,Norfolk Constabulary,Norfolk Constabulary,1.335647,52.662372,On or near Conroy Close,E01026561,Broadland 013E,Suspect charged
5bd44eedd7f00e5e6e467d2e799a594577ee6567e731886c3274523e594d4b00,2023-01,Norfolk Constabulary,Norfolk Constabulary,1.270042,52.646485,On or near Pinder Close,E01026828,Norwich 002A,Unable to prosecute suspect
21c3e0d61738e94d6c3be12b472adfe2f36fdc571a765dea1f93672180bad8e4,2023-01,Norfolk Constabulary,Norfolk Constabulary,0.871232,52.834610,On or near Sheldrake Close,E01026748,North Norfolk 011D,Investigation complete; no suspect identified
1618d8311b184429ff5309b0a774a32ac7239d77f39b299daaa04f5791879709,2023-01,Norfolk Constabulary,Norfolk Constabulary,1.300221,52.613513,On or near Sunny Hill,E01026819,Norwich 013D,Suspect charged
4283a56f163c44fc51ca89c21f6921ce027eca33d353ce9ea2cad5d6e7833eb8,2023-01,Norfolk Constabulary,Norfolk Constabulary,1.293132,52.626148,On or near ,E01026822,Norwich 007A,Unable to prosecute suspect
204aa4478576ed0d210dacf1be6c065ef1a7dbceb72e7ce6ef3ff9842a86d5a8,2023-01,Norfolk Constabulary,Norfolk Constabulary,1.717264,52.566291,On or near Clare Avenue,E01026617,Great Yarmouth 011A,Investigation complete; no suspect identified
bd8095f7981ff4586250ec3d672170cd4c21081dfc175f6f3e9c2339d0cf4428,2023-01,Norfolk Constabulary,Norfolk Constabulary,1.682729,52.553511,On or near Browston Lane,E01026615,Great Yarmouth 012C,Unable to prosecute suspect
00f8739eed65a1d1ea1bbbdae49c9e6fe10485c5f68b52dff6c0ff3f08c3c8a6,2023-01,Norfolk Constabulary,Norfolk Constabulary,1.297009,52.624440,On or near Brooke Place,E01026822,Norwich 007A,Suspect charged
d81c2f197dcacf7f100756705ba8398920fea16a2e68c0272eaf9f6301b3900c,2023-01,Norfolk Constabulary,Norfolk Constabulary,1.292313,52.625272,On or near St Stephens Street,E01026822,Norwich 007A,Unable to prosecute suspect
2b15a85ed4b7a92a0a4eed5e6fee2648195b792ac274ad6938a0993d6aa5749c,2023-01,Norfolk Constabulary,Norfolk Constabulary,0.744200,52.409810,On or near St Margaret's Crescent,E01026477,Breckland 017D,Investigation complete; no suspect identified
0d2e8ac41d7d685bc2ceaabe37f1fefdc0cdd89a25cca53bb35d2033858cbd6e,2023-01,Norfolk Constabulary,Norfolk Constabulary,0.412367,52.770789,On or near Bergen Way,E01026690,King's Lynn and West Norfolk 007D,Investigation complete; no suspect identified
716c95717ff096811934dba771be3dbd9c4409882ee160236af2beedc6091c71,2023-01,Norfolk Constabulary,Norfolk Constabulary,1.724366,52.609116,On or near Herries Close,E01026597,Great Yarmouth 005C,Formal action is not in the public interest
89dbcf2be5ea67508087b047f693ed7e5e3cc6c0a74efac7f6b4517cf3ee1246,2023-01,Norfolk Constabulary,Norfolk Constabulary,0.234868,52.643424,On or near Hungate Road,E01026661,King's Lynn and West Norfolk 016C,Unable to prosecute suspect
d528eb3cdbe4f7b1405a2d8f3ffb5d6a388317a50727ec0a3c6a84152999bee6,2023-01,Norfolk Constabulary,Norfolk Constabulary,1.725149,52.609290,On or near ,E01026597,Great Yarmouth 005C,Local resolution
e18432dbbb1a1988c5d4728a2f1d2f3202b2c599a636cee69d3005509ca02b48,2023-01,Norfolk Constabulary,Norfolk Constabulary,1.705430,52.419966,On or near Ark Close,E01030252,Waveney 012C,Unable to prosecute suspect
ff2dc53294d06240a398efaab8f16427f8d6b9249803e47037d7e12b9362868d,2023-01,Norfolk Constabulary,Norfolk Constabulary,1.302036,52.629372,On or near ,E01033438,Norwich 014A,Suspect charged
ff2dc53294d06240a398efaab8f16427f8d6b9249803e47037d7e12b9362868d,2023-01,Norfolk Constabulary,Norfolk Constabulary,1.302036,52.629372,On or near ,E01033438,Norwich 014A,Suspect charged
ff2dc53294d06240a398efaab8f16427f8d6b9249803e47037d7e12b9362868d,2023-01,Norfolk Constabulary,Norfolk Constabulary,1.302036,52.629372,On or near ,E01033438,Norwich 014A,Suspect charged
21bb0d2804daa06a072c5280f9f71f70e5ee4a42c6908cd73c0aa7a7780e8ca5,2023-01,Norfolk Constabulary,Norfolk Constabulary,1.272616,52.644516,On or near Valpy Avenue,E01026828,Norwich 002A,Suspect charged
26cc5440590be51e00f08c157db7a2457ee1c66d985b4e6e065189c62b77afb7,2023-01,Norfolk Constabulary,Norfolk Constabulary,0.740799,52.405464,On or near Staniforth Road,E01026477,Breckland 017D,Investigation complete; no suspect identified
dadcb75970af9be798de5c475754e2f668ac67b2e62b162a8d3927b478e7ae99,2023-01,Norfolk Constabulary,Norfolk Constabulary,0.747907,52.962287,On or near Glebe Lane,E01026646,King's Lynn and West Norfolk 002B,Local resolution
ab9d1011a3143d125fdfff9f0bd57de2117d82f073608cabca7a84f36569bb4e,2023-01,Norfolk Constabulary,Norfolk Constabulary,1.476890,52.542972,On or near ,E01026879,South Norfolk 008A,Investigation complete; no suspect identified
35cd19b69d7ae489860962025547d437b2692d7d2fd46673cb84c2f67c5fbcdf,2023-01,Norfolk Constabulary,Norfolk Constabulary,0.953655,52.677794,On or near Wisteria Close,E01026426,Breckland 005B,Investigation complete; no suspect identified
788085c03418e322c7b7ec7846373b66fcf5c0513a413131e724fdbd7142114f,2023-01,Norfolk Constabulary,Norfolk Constabulary,1.216327,52.630617,On or near Bladewater Road,E01033435,Norwich 005G,Unable to prosecute suspect
d8f571ae996cdfd9ec2eba0c7f026a39480c6ee9cd09e7100a9699b9c13d8ee1,2023-01,Norfolk Constabulary,Norfolk Constabulary,1.718555,52.568283,On or near Queen's Crescent,E01026617,Great Yarmouth 011A,Further action is not in the public interest
d8f571ae996cdfd9ec2eba0c7f026a39480c6ee9cd09e7100a9699b9c13d8ee1,2023-01,Norfolk Constabulary,Norfolk Constabulary,1.718555,52.568283,On or near Queen's Crescent,E01026617,Great Yarmouth 011A,Further action is not in the public interest
7726c9203965b4a9a073298effcee9c4cd846ff1d4f5d65b8c07c2253aee5446,2023-01,Norfolk Constabulary,Norfolk Constabulary,0.446684,52.756605,On or near ,E01026714,King's Lynn and West Norfolk 010D,Local resolution
380cf6b6ad78fc71b3fc7c70d5398932b441f9c42b662e6f30fc44c0a9557be2,2023-01,Norfolk Constabulary,Norfolk Constabulary,1.283216,52.642136,On or near Boot Binders Road,E01026829,Norwich 002B,Suspect charged as part of another case
380cf6b6ad78fc71b3fc7c70d5398932b441f9c42b662e6f30fc44c0a9557be2,2023-01,Norfolk Constabulary,Norfolk Constabulary,1.283216,52.642136,On or near Boot Binders Road,E01026829,Norwich 002B,Suspect charged as part of another case
380cf6b6ad78fc71b3fc7c70d5398932b441f9c42b662e6f30fc44c0a9557be2,2023-01,Norfolk Constabulary,Norfolk Constabulary,1.283216,52.642136,On or near Boot Binders Road,E01026829,Norwich 002B,Suspect charged as part of another case
4310da962c269c40e57e2e001dc56cfe9c750af16ff4a41e38b425a39d87bbe0,2023-01,Norfolk Constabulary,Norfolk Constabulary,1.733703,52.604756,On or near Bath Hill,E01026624,Great Yarmouth 006C,Unable to prosecute suspect
53f5c4b776abcdf69fc070d985dffc541fd28b799525f2dbaa91fd0907027487,2023-01,Norfolk Constabulary,Norfolk Constabulary,1.310309,52.620705,On or near Geoffrey Watling Way,E01033439,Norwich 014B,Unable to prosecute suspect
08946f0178fc4ce9cf9b1ebf223333dc4948026636ccb0b7bb4c738cedb43219,2023-01,Norfolk Constabulary,Norfolk Constabulary,0.953655,52.677794,On or near Wisteria Close,E01026426,Breckland 005B,Investigation complete; no suspect identified
ea871bd7e1e98c5e601356db4dd80ae6569f23396bb02333357e79f055534545,2023-01,Norfolk Constabulary,Norfolk Constabulary,1.310474,52.632284,On or near William Kett Close,E01033438,Norwich 014A,Unable to prosecute suspect
e161231f32c5cb2b8a9a193a1f751f55d2166896ec2d5d86f7f769ec01558887,2023-01,Norfolk Constabulary,Norfolk Constabulary,1.119912,52.578680,On or near Abbot Close,E01026921,South Norfolk 005C,Unable to prosecute suspect
e4789ab834cb1626fff65088eb0b575307edd6d125b60b565c6e0b4d3040e3f2,2023-01,Norfolk Constabulary,Norfolk Constabulary,0.422878,52.766790,On or near Marsh Lane,E01026670,King's Lynn and West Norfolk 006B,Investigation complete; no suspect identified
46f1e50173a6ab126a1c37cca2aaec4f0df9e3b98b6eb3a3d7545d5a30eae0a3,2023-01,Norfolk Constabulary,Norfolk Constabulary,1.224255,52.641139,On or near Brennewater Mews,E01026792,Norwich 005B,Unable to prosecute suspect
69948fa4a6250f21ee300a4e635868f234e01ad965c980e460520ba5cbe3c476,2023-01,Norfolk Constabulary,Norfolk Constabulary,1.732666,52.599176,On or near Albert Road,E01026626,Great Yarmouth 006E,Unable to prosecute suspect
8c4505f069ebff7f7f9934c5a94ad3545765684c951bffeb53d0e5ddcb2d7a5f,2023-01,Norfolk Constabulary,Norfolk Constabulary,1.016496,52.518212,On or near Queen's Square,E01026449,Breckland 011D,Suspect charged
baebeba952f09673e575eb7c1d467ad4f0d176f2ccdaa3e54143eadfb20e2c45,2023-01,Norfolk Constabulary,Norfolk Constabulary,0.147988,52.645382,On or near ,E01033111,Fenland 003H,Suspect charged
aabae533b245119acd1a04c2cc3183d290e9435e998fa1be141498cee2e2606f,2023-01,Norfolk Constabulary,Norfolk Constabulary,0.854257,52.565629,On or near Anson Way,E01033040,Breckland 010F,Investigation complete; no suspect identified
e65caa9f028ac24fdbf5be1eca414e4b9759e7979458c0ef5f58173daa660c29,2023-01,Norfolk Constabulary,Norfolk Constabulary,1.513275,52.610419,On or near Southwood Road,E01026539,Broadland 018D,Unable to prosecute suspect
32e30f6413e5c171fabb84ff584ce7ccf9010c4f8ff382c097b70ecb75fc118d,2023-01,Norfolk Constabulary,Norfolk Constabulary,0.397335,52.754925,On or near ,E01026698,King's Lynn and West Norfolk 011A,Unable to prosecute suspect
a5ef8279a8259d2f91c61bf726a957b27f1e64bc1f65ed69220c4e25b86ef082,2023-01,Norfolk Constabulary,Norfolk Constabulary,1.283264,52.630353,On or near Paragon Place,E01026824,Norwich 007C,Unable to prosecute suspect
7c567b9266e81954df0f3e50750176508d39040e1ea397387ff271b12be2ea09,2023-01,Norfolk Constabulary,Norfolk Constabulary,1.727622,52.610561,On or near Priory Row,E01026597,Great Yarmouth 005C,Unable to prosecute suspect
ae81d0bd44c7cd61f1f6a6a5aea874d87ddc0d8d119c0916ceecc6de463dcbbb,2023-01,Norfolk Constabulary,Norfolk Constabulary,1.281456,52.636411,On or near Russell Street,E01026827,Norwich 007F,Unable to prosecute suspect
2e3478cbc31ec247d3785c72ccf3663939b86e81f93a2afe163e1bd3dadd1fb5,2023-01,Norfolk Constabulary,Norfolk Constabulary,1.731759,52.610565,On or near Jury Street,E01026597,Great Yarmouth 005C,Formal action is not in the public interest
7b4f8151e788929414747091fa626ab2ddcca039f530903e3115719df2439ea4,2023-01,Norfolk Constabulary,Norfolk Constabulary,1.235971,52.605205,On or near NEWMARKET ROAD,E01026881,South Norfolk 002A,Suspect charged
7b4f8151e788929414747091fa626ab2ddcca039f530903e3115719df2439ea4,2023-01,Norfolk Constabulary,Norfolk Constabulary,1.235971,52.605205,On or near NEWMARKET ROAD,E01026881,South Norfolk 002A,Suspect charged
ee9335b6bb8713443c418bccf2ae5cc12512971aec4d982dce43df22dba860f0,2023-01,Norfolk Constabulary,Norfolk Constabulary,0.940370,52.748898,On or near SPENCERS CLOSE,E01026483,Breckland 001E,Suspect charged
801158f8e844ac059ade2e2949fdca4a7cbef02a5fd840011fabeae61465b063,2023-01,Norfolk Constabulary,Norfolk Constabulary,1.729492,52.606490,On or near Alexandra Road,E01026623,Great Yarmouth 006B,Unable to prosecute suspect
e50fa894975cdd5df086b3127484488fd10e56d75553f4ffd584a683e45a03ac,2023-01,Norfolk Constabulary,Norfolk Constabulary,0.381842,52.742840,On or near ,E01026705,King's Lynn and West Norfolk 011E,Unable to prosecute suspect
f4857851477c6849d308d17a6b4e5c70429fe0fcb32b63c4a52613b98d888f3f,2023-01,Norfolk Constabulary,Norfolk Constabulary,1.015057,52.515713,On or near ,E01026423,Breckland 011B,Investigation complete; no suspect identified
4c22167c7c311f913ce30dd2368ef2032f0de131f6f0f5734182bbf7fd369268,2023-01,Norfolk Constabulary,Norfolk Constabulary,0.399331,52.753727,On or near Market Street,E01026699,King's Lynn and West Norfolk 011B,Unable to prosecute suspect
7c1c62943555417f731e58f6b639a2ea116edc302be4daba35ee2633a2798cee,2023-01,Norfolk Constabulary,Norfolk Constabulary,0.938285,52.691279,On or near Townshend Road,E01026431,Breckland 003D,Unable to prosecute suspect
29c848b325849bde692666c939b2c33ea26c2b67fe74036212374fadd5ee077c,2023-01,Norfolk Constabulary,Norfolk Constabulary,0.399013,52.754417,On or near ,E01026698,King's Lynn and West Norfolk 011A,Suspect charged
e862853ee735bb9c1c16a9180763ca698b747eb0d6c951eb1f9ab44d34c8c6a8,2023-01,Norfolk Constabulary,Norfolk Constabulary,0.938285,52.691279,On or near Townshend Road,E01026431,Breckland 003D,Unable to prosecute suspect
3e839154658cb0d32903679e4f3c67a62b095b2757eb97387a0475cb18b91464,2023-01,Norfolk Constabulary,Norfolk Constabulary,0.399013,52.754417,On or near ,E01026698,King's Lynn and West Norfolk 011A,Suspect charged
364f43903b117fcd0c17636514d2df8efb2dd86a6b4488fe82c1cefd7bcfbc9a,2023-01,Norfolk Constabulary,Norfolk Constabulary,1.730947,52.598763,On or near Pier Place,E01026625,Great Yarmouth 006D,Action to be taken by another organisation
285d583906e766e4ff483f1f93dc5ec0b364eb85237342c9623daa9a1c71246d,2023-01,Norfolk Constabulary,Norfolk Constabulary,1.306393,52.623199,On or near ,E01033441,Norwich 014D,Suspect charged
285d583906e766e4ff483f1f93dc5ec0b364eb85237342c9623daa9a1c71246d,2023-01,Norfolk Constabulary,Norfolk Constabulary,1.306393,52.623199,On or near ,E01033441,Norwich 014D,Suspect charged
93bd969eea5b822594901755f86964914d9803c3497daea20a6cb7a8bf89cc10,2023-01,Norfolk Constabulary,Norfolk Constabulary,0.420882,52.766875,On or near Calamint Road,E01026670,King's Lynn and West Norfolk 006B,Unable to prosecute suspect
e7a3fc2e863f9151043bfc62db776ab89895f6422be8a590d8beb35584576587,2023-01,Norfolk Constabulary,Norfolk Constabulary,1.730947,52.598763,On or near Pier Place,E01026625,Great Yarmouth 006D,Action to be taken by another organisation
65ed0b5ec58471ddeb8bd8844de4bd7f5084aa53ea766046282f023158a478e5,2023-01,Norfolk Constabulary,Norfolk Constabulary,1.231395,52.640729,On or near Holworthy Road,E01026791,Norwich 005A,Suspect charged
0d1ea2c85d3f4f7a2f65c1082c17046f7629cadc44139c88641db22c9e834f09,2023-01,Norfolk Constabulary,Norfolk Constabulary,1.722206,52.561377,On or near Kennedy Avenue,E01026611,Great Yarmouth 010B,Unable to prosecute suspect
27b931613e48d0748ac567bdbe949df581f8640853ad4927ad42dbb3df1db6c9,2023-01,Norfolk Constabulary,Norfolk Constabulary,,,No location,,,Investigation complete; no suspect identified
39f6353fce8bbe689423f305864187b03de9819db29c1d879d7febbc54542288,2023-01,Norfolk Constabulary,Norfolk Constabulary,0.403506,52.749614,On or near Birch Tree Close,E01026699,King's Lynn and West Norfolk 011B,Unable to prosecute suspect
50358164d3ddd46d81182c4fdf2e28a6be39d4bf742fff5e7bfb1ba24562f31b,2023-01,Norfolk Constabulary,Norfolk Constabulary,1.143051,52.404269,On or near Audley Close,E01026874,South Norfolk 014B,Formal action is not in the public interest
63d7a3e965521870c66817176a024c5681a6c8aa278f47e103775ae24f99c666,2023-01,Norfolk Constabulary,Norfolk Constabulary,1.294767,52.618593,On or near Mill Close,E01026853,Norwich 011B,Unable to prosecute suspect
b2c14a120da462ca90aa0ea3869e2dc92a6763c17ccb767bcc317820813619df,2023-01,Norfolk Constabulary,Norfolk Constabulary,1.634026,52.705801,On or near Nursery Close,E01026637,Great Yarmouth 002D,Unable to prosecute suspect
775fe5ce331d403a4c93314b5f84db3fa853e458271a1df28969eeed62d613fa,2023-01,Norfolk Constabulary,Norfolk Constabulary,0.292085,52.583399,On or near Coronation Avenue,E01026717,King's Lynn and West Norfolk 016F,Investigation complete; no suspect identified
869f64758b09fe72b82ca58541b066726bcb853bb074b8756e290202477c8ad8,2023-01,Norfolk Constabulary,Norfolk Constabulary,0.774522,52.793137,On or near The Bowling Green,E01026780,North Norfolk 009A,Unable to prosecute suspect
3a4d0950f6a776423c35dd3eab2ae28681e283e8370c13da8c4ac3230dd36f5a,2023-01,Norfolk Constabulary,Norfolk Constabulary,1.418281,52.717531,On or near Summer Drive,E01026744,North Norfolk 014A,Unable to prosecute suspect
f4b9738be4a5964a221e32146132f3d2d8234eae8807db7ed69b3f989e06d3e2,2023-01,Norfolk Constabulary,Norfolk Constabulary,0.850649,52.572352,On or near Tom Turley Close,E01026487,Breckland 009B,Offender given a caution
cdf38068ac99c171da89e904c892c4823a78ac0683fa3b6eea14e886f4914f7d,2023-01,Norfolk Constabulary,Norfolk Constabulary,1.104472,52.904564,On or near Robin Close,E01026742,North Norfolk 004B,Unable to prosecute suspect
77e42bb2f077db12d0786cdca2f825fbef39a0478fefc6b3e5d7ca1692946637,2023-01,Norfolk Constabulary,Norfolk Constabulary,1.307885,52.623246,On or near ,E01033441,Norwich 014D,Formal action is not in the public interest
fe64a5fa491de4a3e687d326c67d1e92085bb6759c85caf894fbaf455f46ade0,2023-01,Norfolk Constabulary,Norfolk Constabulary,1.394168,52.826086,On or near The Lea,E01026756,North Norfolk 010D,Offender given a caution
f63224bf00f4c84015deb09f6c62b46316776f824b7d23d9c24e7a38a8a9932a,2023-01,Norfolk Constabulary,Norfolk Constabulary,1.320976,52.634130,On or near Womersley Close,E01026807,Norwich 004E,Investigation complete; no suspect identified
11457aa615a250991a1791cff835e6731a6f80508bf5545848ef8e751914df38,2023-01,Norfolk Constabulary,Norfolk Constabulary,1.286071,52.652003,On or near Bullard Road,E01026800,Norwich 001D,Unable to prosecute suspect
980f11ddc5203b57e1add5b44aec5c62b187cd0c42da9955d391bacdd28d66da,2023-01,Norfolk Constabulary,Norfolk Constabulary,1.298450,52.630425,On or near Queen Street,E01033438,Norwich 014A,Unable to prosecute suspect
a14a2401713ebe0bb76b93e38be6d30ad640cfa7dbd0005d1fce2c1c520d6771,2023-01,Norfolk Constabulary,Norfolk Constabulary,1.712202,52.576254,On or near New College Close,E01026603,Great Yarmouth 009C,Unable to prosecute suspect
7eb8d3bccc9b6b7ed87ce2c019d462e4d40c3ca66f05f34c0bcb8c042b33de06,2023-01,Norfolk Constabulary,Norfolk Constabulary,1.277050,52.624733,On or near Rose Valley,E01026835,Norwich 009A,Unable to prosecute suspect
f6ca6aa7803948626a420fbbc7be0e319dae04fb014c07f860177c56e0d97f12,2023-01,Norfolk Constabulary,Norfolk Constabulary,,,No location,,,Investigation complete; no suspect identified
395776c0fac7580d8a2018d5a29c718844d848cdd4b5ce9a8a8520caed03b418,2023-01,Norfolk Constabulary,Norfolk Constabulary,1.207813,52.943355,On or near The Boulevard,E01026770,North Norfolk 001A,Unable to prosecute suspect
fc63c532de9a6003363d85d108cc928feee102724e3be19bf063859207208b37,2023-01,Norfolk Constabulary,Norfolk Constabulary,1.735935,52.625932,On or near Chaucer Road,E01026641,Great Yarmouth 004D,Suspect charged
aebd109dca19ff4ef31adf4392077601d7df5993697d78210a351280593cecac,2023-01,Norfolk Constabulary,Norfolk Constabulary,1.295157,52.629690,On or near ,E01026822,Norwich 007A,Unable to prosecute suspect
0b6ca1cd676fffbe3f6153868d2b6bd17fefbf554ce543541e39f0c37a91148b,2023-01,Norfolk Constabulary,Norfolk Constabulary,1.399600,52.825679,On or near Ashfield Road,E01026756,North Norfolk 010D,Investigation complete; no suspect identified
0dd16950c4165b7c5c1201fcce6a97ad6c4841f343a9143d7a79c4e957658e47,2023-01,Norfolk Constabulary,Norfolk Constabulary,1.282798,52.601235,On or near Neatmarket,E01026821,Norwich 013F,Investigation complete; no suspect identified
958546c26f239e88bbb705f3e427237c9d6bbad55c384d6c953980b3939e86e1,2023-01,Norfolk Constabulary,Norfolk Constabulary,1.192626,52.681949,On or near ,E01026566,Broadland 006E,Unable to prosecute suspect
0e75042a5175176835d5dac9b5669e020fa026f3be77f533d652b6242568544f,2023-01,Norfolk Constabulary,Norfolk Constabulary,1.722206,52.561377,On or near Kennedy Avenue,E01026611,Great Yarmouth 010B,Action to be taken by another organisation
b3368e56fb76c90456ca12c406f52775d8f70670e8ae77332defe04ae6f386be,2023-01,Norfolk Constabulary,Norfolk Constabulary,1.732828,52.603687,On or near York Road,E01026624,Great Yarmouth 006C,Investigation complete; no suspect identified
549715e467794f3b8b75a02dbe11285fc36247731271148d8e816ccdf6e125cf,2023-01,Norfolk Constabulary,Norfolk Constabulary,1.202600,52.716183,On or near Chapel Lane,E01026535,Broadland 004C,Unable to prosecute suspect
a597437ebbe15a5d7637b890af4088b726679570697fbf61058f865d4e632c36,2023-01,Norfolk Constabulary,Norfolk Constabulary,1.698771,52.575083,On or near Fellowes Drive,E01026585,Great Yarmouth 013A,Unable to prosecute suspect
2d014d2d327a4dea94a55e162d61bc832e2ebf5a42af05aba4585512d5d35da8,2023-01,Norfolk Constabulary,Norfolk Constabulary,0.758153,52.423432,On or near Woodlands Drive,E01026472,Breckland 016E,Offender given a caution
4adab4cc7bfcb9dc024804efbe3336442655832d3d2cb3c6135c0472939d5fea,2023-01,Norfolk Constabulary,Norfolk Constabulary,1.270773,52.670324,On or near ,E01026797,Norwich 001A,Unable to prosecute suspect
a0f2c13c9b724871686810e3d7d28ab6a6778684fd51fc7558f313e55cce0d4f,2023-01,Norfolk Constabulary,Norfolk Constabulary,1.212879,52.647501,On or near RICHMOND ROAD,E01026925,South Norfolk 001F,Unable to prosecute suspect
a70c42e2682c6bbd569f018b6f2054333da82defee545d47c6565070c4820189,2023-01,Norfolk Constabulary,Norfolk Constabulary,1.735935,52.625932,On or near Chaucer Road,E01026641,Great Yarmouth 004D,Suspect charged
0013fb5b2289adae63705d38c4ebf32ede8aaf14ee633458f92ed4ae52c75580,2023-01,Norfolk Constabulary,Norfolk Constabulary,1.276467,52.655876,On or near Spynke Road,E01026832,Norwich 002E,Suspect charged
478cd56aad0174a65411a3a30fa98ce91344f591f3e5bf1721e8dd56ab2018f4,2023-01,Norfolk Constabulary,Norfolk Constabulary,1.422574,52.883846,On or near Albion Road,E01026751,North Norfolk 007C,Unable to prosecute suspect
1f712d46d6cbc4fcc9a658736c1c14134b9c571f8c99e5720d48958c44d94482,2023-01,Norfolk Constabulary,Norfolk Constabulary,1.254711,52.636771,On or near Tollhouse Road,E01026863,Norwich 006A,Suspect charged
9ee03eced58b3a01311b8d3ad168e0dd7101664859080eb4170d45b0c0656a78,2023-01,Norfolk Constabulary,Norfolk Constabulary,1.340642,52.644091,On or near Barclay Road,E01026809,Norwich 004G,Investigation complete; no suspect identified
e2793d86f5a04668bc0dd2e365ca2a6b70ac699ae92c595619192f4fdb92962a,2023-01,Norfolk Constabulary,Norfolk Constabulary,1.716583,52.599044,On or near Thamesfield Way,E01026634,Great Yarmouth 007C,Suspect charged
cb634e1d0e4ef7efb1f5ec8bd63e84a44c54ba648570f2a820f8d17bd18643c7,2023-01,Norfolk Constabulary,Norfolk Constabulary,1.290918,52.609711,On or near ,E01026818,Norwich 013C,Offender given a caution
9e6b78ef69da5c4abac8dc5b5c681524f3a181a3204f3d99982fa4c11ee1c8eb,2023-01,Norfolk Constabulary,Norfolk Constabulary,1.496210,52.664871,On or near The Street,E01026505,Broadland 014B,Unable to prosecute suspect
c3ee73dea32cfd5c6953df344aebb7f1d978abbf8c138ff4638407db8fb8b8a8,2023-01,Norfolk Constabulary,Norfolk Constabulary,0.933550,52.687098,On or near Sandy Lane,E01026428,Breckland 003A,Investigation complete; no suspect identified
26f058af3b29e0d12bef76d8254016e68032babed2158243e33b96c1b6df3e1d,2023-01,Norfolk Constabulary,Norfolk Constabulary,1.348044,52.637829,On or near Spinney Road,E01026570,Broadland 015B,Unable to prosecute suspect
82bf4c8f719e14654e91fe68e92cfc95971961ba020ab0293f9ebc8445a49bb9,2023-01,Norfolk Constabulary,Norfolk Constabulary,1.192626,52.681949,On or near ,E01026566,Broadland 006E,Unable to prosecute suspect
8dbbca45dc8d147f01aa1de54ab34d0bfb02d0db75d41500cbca68000462c71b,2023-01,Norfolk Constabulary,Norfolk Constabulary,1.566227,52.595487,On or near Mill Road,E01026539,Broadland 018D,Further investigation is not in the public interest
353e22182de9a5e0b48e5acb4ff50fdd9d8b3303b9d4cc41b5c36e5d51b5fc66,2023-01,Norfolk Constabulary,Norfolk Constabulary,0.509433,52.767480,On or near Cliffe-En-Howe Road,E01026674,King's Lynn and West Norfolk 012B,Investigation complete; no suspect identified
4e2f69879156756200db27a5b404db2e1ef77e4cc4c2cd08898a68c5fbf7f994,2023-01,Norfolk Constabulary,Norfolk Constabulary,1.123293,52.571621,On or near Gunton Road,E01026945,South Norfolk 007D,Unable to prosecute suspect
88aa2c202d671ebada07ea85494680a2c79ad5878d82f4babfea4cf07d7e7980,2023-01,Norfolk Constabulary,Norfolk Constabulary,0.941354,52.788333,On or near ,E01026483,Breckland 001E,Unable to prosecute suspect
e563371d32ae3721276c394d7905fbd5bc213acad7d140ffb5fa4e37472be87f,2023-01,Norfolk Constabulary,Norfolk Constabulary,1.188343,52.649459,On or near Prince Close,E01033538,South Norfolk 001G,Investigation complete; no suspect identified
292b918cd3a553e754b49412f73894fc31e6eae2dfc71f842cd5f0e02c18ee86,2023-01,Norfolk Constabulary,Norfolk Constabulary,,,No location,,,Investigation complete; no suspect identified
0fac772b039d7f0069120f0f75820a1c48e764955c1e57eba6eb2e7f370e4779,2023-01,Norfolk Constabulary,Norfolk Constabulary,0.859732,52.954828,On or near Neilsen Close,E01026763,North Norfolk 002B,Investigation complete; no suspect identified
083e7c4609141847ab42900a427d956c9155159b5a0b9deb147a3da4c127dd49,2023-01,Norfolk Constabulary,Norfolk Constabulary,1.211579,52.944350,On or near Barchams Yard,E01026770,North Norfolk 001A,Suspect charged
b0db24f46cb5c6ae861a9917f124e377bfab55618459cd5af49b3e03ae658cf8,2023-01,Norfolk Constabulary,Norfolk Constabulary,0.403447,52.744247,On or near Beech Road,E01026706,King's Lynn and West Norfolk 011F,Unable to prosecute suspect
54c893093122b0f0db79fa22ba971923c957bde62c7dd0d037267fa179fadcb6,2023-01,Norfolk Constabulary,Norfolk Constabulary,1.682729,52.553511,On or near Browston Lane,E01026615,Great Yarmouth 012C,Unable to prosecute suspect
52a9076f187dc1e5e579f16ace11b9b2bdd305ceade2c08fa45964eca52c6703,2023-01,Norfolk Constabulary,Norfolk Constabulary,1.330171,52.645024,On or near Deloney Road,E01026805,Norwich 004C,Local resolution
21878eb43a103aef34c1ea1e873484bffcd3c6688ee6fadcc6508a9bb7b283cc,2023-01,Norfolk Constabulary,Norfolk Constabulary,1.291471,52.624516,On or near ,E01026822,Norwich 007A,Suspect charged
7e88a1c2bc4e51f257f74843aa3c34651a42347a4258be0f805e7b0631e8e78f,2023-01,Norfolk Constabulary,Norfolk Constabulary,1.285028,52.645989,On or near Vicarage Road,E01026829,Norwich 002B,Suspect charged
dec8aec43e549130efe65d1cd108045ee7d1b02e6390f6c0fb270145c8cce6c1,2023-01,Norfolk Constabulary,Norfolk Constabulary,0.398925,52.755516,On or near Paradise Lane,E01026698,King's Lynn and West Norfolk 011A,Investigation complete; no suspect identified
487cdfdb893e8fed82f151878fc8078465aaf558818e062701efc3fd646dad2f,2023-01,Norfolk Constabulary,Norfolk Constabulary,1.342945,52.649278,On or near Breck Road,E01026558,Broadland 013B,Unable to prosecute suspect
1cf98dc416be42fc3e74a741b751d15ee1aa055180b98e0bd417636cf8079e30,2023-01,Norfolk Constabulary,Norfolk Constabulary,0.732081,52.581777,On or near St Michael's Crescent,E01026444,Breckland 012B,Unable to prosecute suspect
08182d3ca8d503bf267bd493df84c63ccfea5300e59156fd7f45cbe130d0d005,2023-01,Norfolk Constabulary,Norfolk Constabulary,1.080486,52.584434,On or near Crownthorpe Road,E01026948,South Norfolk 004D,Unable to prosecute suspect
ba4370c48530defbc3068b7a713568427a608500075c1a1907b39c1b4538f539,2023-01,Norfolk Constabulary,Norfolk Constabulary,1.387998,52.821028,On or near ,E01026760,North Norfolk 010H,Offender given a caution
97fe22d083c8f5c3d183f53184c6ec3a688311a5f8fecc35d57133b4ea8c5fb7,2023-01,Norfolk Constabulary,Norfolk Constabulary,0.820765,52.566207,On or near Queensway,E01026490,Breckland 009E,Unable to prosecute suspect
092bc1868727f4239ec1ec612ac214a4fb7f0b29d0d39850cd07a012dc20bbb3,2023-01,Norfolk Constabulary,Norfolk Constabulary,1.105803,52.903620,On or near Magpie Close,E01026742,North Norfolk 004B,Unable to prosecute suspect
dc516a7226fb2b18bdf3d4253238868218dd3114d729aefa84a445a1988c9956,2023-01,Norfolk Constabulary,Norfolk Constabulary,1.452103,52.635892,On or near Farman Way,E01026505,Broadland 014B,Unable to prosecute suspect
42d1932bf2f044b1300d5a65b319fdfce817835c2981993ce3eb92001e3eeb25,2023-01,Norfolk Constabulary,Norfolk Constabulary,0.820765,52.566207,On or near Queensway,E01026490,Breckland 009E,Unable to prosecute suspect
1ba3f21e31dc511749c9dcbfe5a2f01201682e474e114a8c3902f2f68c0fd9a9,2023-01,Norfolk Constabulary,Norfolk Constabulary,0.734108,52.666915,On or near Priory Close,E01026445,Breckland 002C,Unable to prosecute suspect
7f9fea1b16d42bedeef6899091602e4b5e02bfe933c934884ffdacb4e8900489,2023-01,Norfolk Constabulary,Norfolk Constabulary,0.734108,52.666915,On or near Priory Close,E01026445,Breckland 002C,Unable to prosecute suspect
0e5c53b6eb8193868deaf7839af365ee89ef71a4222921380e976571f06fbf4d,2023-01,Norfolk Constabulary,Norfolk Constabulary,1.102914,52.903984,On or near Partridge Way,E01026743,North Norfolk 004C,Unable to prosecute suspect
a3fe46c2ad26922c020e8068583e8d8b9070e38bb45c81d058522ecb5bb78423,2023-01,Norfolk Constabulary,Norfolk Constabulary,1.260034,52.633396,On or near Godric Place,E01026863,Norwich 006A,Unable to prosecute suspect
a3fe46c2ad26922c020e8068583e8d8b9070e38bb45c81d058522ecb5bb78423,2023-01,Norfolk Constabulary,Norfolk Constabulary,1.260034,52.633396,On or near Godric Place,E01026863,Norwich 006A,Unable to prosecute suspect
92c024094675ac1c06ddc036950d45cbc0f3534b364135bda3d7c06f1d0848b6,2023-01,Norfolk Constabulary,Norfolk Constabulary,1.731676,52.602122,On or near Well Opening,E01026624,Great Yarmouth 006C,Unable to prosecute suspect
b2f212b9c6a16bc408bd85be9db49c0d462fbc776f16fbc577f0935c3e007869,2023-01,Norfolk Constabulary,Norfolk Constabulary,1.731676,52.602122,On or near Well Opening,E01026624,Great Yarmouth 006C,Unable to prosecute suspect
b2f212b9c6a16bc408bd85be9db49c0d462fbc776f16fbc577f0935c3e007869,2023-01,Norfolk Constabulary,Norfolk Constabulary,1.731676,52.602122,On or near Well Opening,E01026624,Great Yarmouth 006C,Unable to prosecute suspect
8bd8a20ac2fe0e3cf051f2b14331098bd4a79192b81cb17de5aad45847088e9c,2023-01,Norfolk Constabulary,Norfolk Constabulary,1.731676,52.602122,On or near Well Opening,E01026624,Great Yarmouth 006C,Unable to prosecute suspect
8bd8a20ac2fe0e3cf051f2b14331098bd4a79192b81cb17de5aad45847088e9c,2023-01,Norfolk Constabulary,Norfolk Constabulary,1.731676,52.602122,On or near Well Opening,E01026624,Great Yarmouth 006C,Unable to prosecute suspect
6d933ba704ae920f580b23d5d85fac50f5e5c94118b7cbebbd237896a56cbcc9,2023-01,Norfolk Constabulary,Norfolk Constabulary,0.390492,52.607889,On or near Lancaster Crescent,E01033037,King's Lynn and West Norfolk 017F,Unable to prosecute suspect
e12bd3e3ab50da9822bd3e29bb19f52f26559ec3b0ab0dcd4a6e43524a0b36c9,2023-01,Norfolk Constabulary,Norfolk Constabulary,1.735412,52.609209,On or near Paget Road,E01026598,Great Yarmouth 005D,Investigation complete; no suspect identified
bed433810acbf46cedcabf46813ad7a3b983b9e501b5bd417a259a2ccd4ebdf0,2023-01,Norfolk Constabulary,Norfolk Constabulary,1.292037,52.604082,On or near Coleburn Road,E01026821,Norwich 013F,Unable to prosecute suspect
c11c2c111279db08271fc04e95c404a1a99c7e238afe9da87d11fe3da12d3945,2023-01,Norfolk Constabulary,Norfolk Constabulary,1.094922,52.902034,On or near King's Road,E01026743,North Norfolk 004C,Unable to prosecute suspect
1c0c2f8cf84a10277c223315d6b1815dea9bb32985ca8b4959914a8db49e4a2f,2023-01,Norfolk Constabulary,Norfolk Constabulary,1.178007,52.596254,On or near Priory Road,E01026907,South Norfolk 003C,Unable to prosecute suspect
c8537620e3e1d22c2f069ff2d0a889b292993893361a8d7c2b58b336218582d5,2023-01,Norfolk Constabulary,Norfolk Constabulary,0.892144,52.870647,On or near The Loke,E01026782,North Norfolk 009B,Unable to prosecute suspect
c8537620e3e1d22c2f069ff2d0a889b292993893361a8d7c2b58b336218582d5,2023-01,Norfolk Constabulary,Norfolk Constabulary,0.892144,52.870647,On or near The Loke,E01026782,North Norfolk 009B,Unable to prosecute suspect
35029420ff8b8494d4385f409daf25a54237910ef2b4bb5041d372a650e88c25,2023-01,Norfolk Constabulary,Norfolk Constabulary,1.033281,52.661069,On or near Gant Close,E01026479,Breckland 006A,Unable to prosecute suspect
8cee25397999b2993dbed7f3fdaff9407f58f34f6d3e5a03f6ca7c13a68ac6c8,2023-01,Norfolk Constabulary,Norfolk Constabulary,0.838758,52.571056,On or near Forman Close,E01026486,Breckland 009A,Further investigation is not in the public interest
1a57a5442e680555617f128f723ae0432747a43c25b127704b5da448bea636c8,2023-01,Norfolk Constabulary,Norfolk Constabulary,1.323430,52.631795,On or near William Mear Gardens,E01026808,Norwich 004F,Unable to prosecute suspect
d6c64053f52c1cbec202be94c3cd0c89c43416d865a0077a6033e4ba24876b52,2023-01,Norfolk Constabulary,Norfolk Constabulary,0.397719,52.748940,On or near Carmelite Terrace,E01026700,King's Lynn and West Norfolk 011C,Offender given a caution
089635b012417b857513eb1efd2c8b14dc6b057e31053531222d62e7c589d575,2023-01,Norfolk Constabulary,Norfolk Constabulary,1.556620,52.712468,On or near Fritton Lane,E01026783,North Norfolk 014C,Unable to prosecute suspect
51e77b3ff1aae48380942174dea958f0f5953a2a3c2c987642544474d5a485b0,2023-01,Norfolk Constabulary,Norfolk Constabulary,1.722206,52.561377,On or near Kennedy Avenue,E01026611,Great Yarmouth 010B,Unable to prosecute suspect
a02206726e0b9819c5e24ba66eaae68680104c98f51954db06dd7fab37773439,2023-01,Norfolk Constabulary,Norfolk Constabulary,1.257681,52.623424,On or near De Hague Road,E01026859,Norwich 010B,Investigation complete; no suspect identified
4eb15baba99d2efafe597cd33defab0153f142dd489b0aa835564bcade14120a,2023-01,Norfolk Constabulary,Norfolk Constabulary,0.402102,52.753734,On or near Waterloo Street,E01026698,King's Lynn and West Norfolk 011A,Unable to prosecute suspect
185a514bcf29861a72c6b4e04445b540f2493b1d49ff90313568c3576e50fabb,2023-01,Norfolk Constabulary,Norfolk Constabulary,0.494905,52.910440,On or near Canon Pott Close,E01026676,King's Lynn and West Norfolk 003A,Offender given a caution
056977ecd95779e3d9ab55fc3e842e97e03361efcaa631e86a5a8a8bfe7e9522,2023-01,Norfolk Constabulary,Norfolk Constabulary,1.300956,52.644071,On or near Maurice Raes Close,E01026842,Norwich 003B,Unable to prosecute suspect
684fc5548b2b729c344672a2ba0e487801f1d5866019a8c5d2d4499d3c7b64fc,2023-01,Norfolk Constabulary,Norfolk Constabulary,1.006403,52.786261,On or near Bexfield Road,E01026522,Broadland 002A,Offender given a caution
684fc5548b2b729c344672a2ba0e487801f1d5866019a8c5d2d4499d3c7b64fc,2023-01,Norfolk Constabulary,Norfolk Constabulary,1.006403,52.786261,On or near Bexfield Road,E01026522,Broadland 002A,Offender given a caution
ed7858e2a1f9ef3f61b68e7aec6bc9b8cccb606e45f3fdf697342b7e0d279185,2023-01,Norfolk Constabulary,Norfolk Constabulary,0.400189,52.760984,On or near Sir Lewis Street,E01026689,King's Lynn and West Norfolk 007C,Suspect charged
4c1c9ceb225da477cca929039f642b1197e5e9e8862fbdff1c81cb0e316ed76e,2023-01,Norfolk Constabulary,Norfolk Constabulary,1.316549,52.632276,On or near Montcalm Road,E01026850,Norwich 015C,Unable to prosecute suspect
9a66771b39509228a2254efcdf05f8dfb2e5592bae98378881a8edd38cffa1bc,2023-01,Norfolk Constabulary,Norfolk Constabulary,1.724458,52.593669,On or near Waveney Road,E01026633,Great Yarmouth 007B,Unable to prosecute suspect
6cd0823b55b8e2408ed094918a15182ee8b3e326f546aacb8e23c4480de5f4a3,2023-01,Norfolk Constabulary,Norfolk Constabulary,1.117202,52.576269,On or near Sir Thomas Beevor Close,E01026946,South Norfolk 007E,Unable to prosecute suspect
0c7ea981a2692a14753adfe1e6bd5c5776312c9f5766983af8afe2c1fc0000a1,2023-01,Norfolk Constabulary,Norfolk Constabulary,1.727499,52.582879,On or near Conway Road,E01026632,Great Yarmouth 009E,Unable to prosecute suspect
94c3c7a70d004b283bc29793e86158d622d34f80a4eb8de13898e14765e41010,2023-01,Norfolk Constabulary,Norfolk Constabulary,0.343108,52.584343,On or near ,E01026679,King's Lynn and West Norfolk 018A,Investigation complete; no suspect identified
886b498540052e6a84b0d117d2f9a43122c5ebf603bf500528afbb1a78c1c974,2023-01,Norfolk Constabulary,Norfolk Constabulary,1.244495,52.637753,On or near Clarkson Road,E01026867,Norwich 006E,Unable to prosecute suspect
21c77c68edb76dc4be66aa9683601a317f1816b36cf97b2461b30e9011c76b4e,2023-01,Norfolk Constabulary,Norfolk Constabulary,1.732734,52.595288,On or near Dickens Avenue,E01026622,Great Yarmouth 006A,Investigation complete; no suspect identified
823d05884887491b9104d920ee9b2e6bdfe955391db39c1cafb1e1f3a15a1a86,2023-01,Norfolk Constabulary,Norfolk Constabulary,1.051941,52.590939,On or near Kimberley Park,E01026947,South Norfolk 004C,Unable to prosecute suspect
a0cce12f0e2bb489eda205c4551fcaf5b3198ced42008f0701b61510a4aff3cc,2023-01,Norfolk Constabulary,Norfolk Constabulary,0.737869,52.404462,On or near Pine Close,E01026477,Breckland 017D,Investigation complete; no suspect identified
5a13a4269495306e4c8bf7f2668cb5dcc458542edd32d4f6b7f849bb1c6870c3,2023-01,Norfolk Constabulary,Norfolk Constabulary,1.226391,52.935342,On or near Robyns Road,E01026731,North Norfolk 006A,Unable to prosecute suspect
febacf94154670acf4cf38beb566bd8fa6af47955bb903a242fe08559994f9c4,2023-01,Norfolk Constabulary,Norfolk Constabulary,0.746821,52.415783,On or near Thomas Paine Avenue,E01026468,Breckland 016A,Unable to prosecute suspect
eaf72a31044142e7921821c644959ccc0fb37a81bad258420b28746b6343edfe,2023-01,Norfolk Constabulary,Norfolk Constabulary,0.740294,52.418200,On or near Monksgate,E01026465,Breckland 015A,Unable to prosecute suspect
de703caa2ee3716692b130acb540f5afaf944bf96f979fd910ac2ffa33558423,2023-01,Norfolk Constabulary,Norfolk Constabulary,0.395780,52.754104,On or near Burtons Court,E01026699,King's Lynn and West Norfolk 011B,Local resolution
ef07af96b2db6940bb425778beb02dd3443eb33ecef31b6ec94fc6ee5bb70565,2023-01,Norfolk Constabulary,Norfolk Constabulary,1.300747,52.930924,On or near Hans Place,E01026735,North Norfolk 003B,Suspect charged
488c1b74564ecd03173861329486deb9d0d5b5d8c2954aff5eeaa09629cad3c5,2023-01,Norfolk Constabulary,Norfolk Constabulary,1.141820,52.404338,On or near Rectory Road,E01026874,South Norfolk 014B,Formal action is not in the public interest
97515f5661c840febcf003f962a2a45a16757bdc36117c24edf9329ac58e6d99,2023-01,Norfolk Constabulary,Norfolk Constabulary,1.410385,52.713144,On or near Newey's Way,E01026744,North Norfolk 014A,Unable to prosecute suspect
59e92cdc0c33b175c549851e24c2627b51d4b9ff4bcd12130a6edd4a0afbb4be,2023-01,Norfolk Constabulary,Norfolk Constabulary,1.309527,52.656539,On or near Lusher's Loke,E01026556,Broadland 012D,Unable to prosecute suspect
fbe74d29c1d02568a1a319b320602df863b13191588905f22b6a65e551b289fc,2023-01,Norfolk Constabulary,Norfolk Constabulary,1.329781,52.632894,On or near Boulton Road,E01026572,Broadland 015D,Unable to prosecute suspect
7f787d03086ca97fa18000f4912f6b5f8e9b3a2bd91be6116a018b7d5bfb8c2a,2023-01,Norfolk Constabulary,Norfolk Constabulary,1.329781,52.632894,On or near Boulton Road,E01026572,Broadland 015D,Suspect charged
2d915489f38ae79d524b22ee9586a4a6735a9283854337c000bd8f8d993ca013,2023-01,Norfolk Constabulary,Norfolk Constabulary,1.280806,52.612128,On or near Harry Perry Close,E01026811,Norwich 012B,Unable to prosecute suspect
e104f040ac309fce99155024524a93a91fa2eef60a60ce419687455803bcda5e,2023-01,Norfolk Constabulary,Norfolk Constabulary,1.291049,52.627726,On or near ,E01026822,Norwich 007A,Unable to prosecute suspect
49be77c2bcedec360a05e53a458a83d2d6831ad31d7d865992fe6f8ee8e4410e,2023-01,Norfolk Constabulary,Norfolk Constabulary,1.291049,52.627726,On or near ,E01026822,Norwich 007A,Unable to prosecute suspect
1e3f2286203ebc1146e27d035488944cf6785ad6d209fc4323c783f51cf518c0,2023-01,Norfolk Constabulary,Norfolk Constabulary,1.316849,52.648744,On or near Holly Bank,E01026559,Broadland 013C,Unable to prosecute suspect
ae939441fcedcae722b52be05ced616cd4021e0a4edbb7880956e44d8b4ee6cd,2023-01,Norfolk Constabulary,Norfolk Constabulary,1.233739,52.640242,On or near Joe Ellis Court,E01026791,Norwich 005A,Investigation complete; no suspect identified
faa1147260df397479596294e2b0f4f88ff1196bc7715cd70478fe17e4a4e40c,2023-01,Norfolk Constabulary,Norfolk Constabulary,1.158920,52.652568,On or near Marlingford Way,E01026895,South Norfolk 002D,Unable to prosecute suspect
2464b6339e0fc7029723c389be9618c00dbed93101290ae6b05dd3ee57520382,2023-01,Norfolk Constabulary,Norfolk Constabulary,1.259476,52.668423,On or near Meredith Road,E01026527,Broadland 010B,Unable to prosecute suspect
63acf42899b808df02bb662a0464f74d420433b2673f31066880216d57ca3452,2023-01,Norfolk Constabulary,Norfolk Constabulary,1.410385,52.713144,On or near Newey's Way,E01026744,North Norfolk 014A,Unable to prosecute suspect
5e45535abab2e283c66654e544b401cea27f5eb9b5f1c6dfa6c4578ed9f92c79,2023-01,Norfolk Constabulary,Norfolk Constabulary,1.307780,52.628708,On or near Chalk Hill Road,E01033439,Norwich 014B,Local resolution
dee67743c974dee9880f7a72b66a5a94b28abfed4fe11b95ac6eaa12e0a21d99,2023-01,Norfolk Constabulary,Norfolk Constabulary,1.730003,52.604333,On or near Dene Side,E01026624,Great Yarmouth 006C,Investigation complete; no suspect identified
49e3407884ad29510409ef6ebd8c5081fdfc3b09c4c74ecbfaf9442b549f9d29,2023-01,Norfolk Constabulary,Norfolk Constabulary,1.351063,52.653320,On or near Bourges Court,E01026558,Broadland 013B,Unable to prosecute suspect
fb984348c291435fe86cc47c640b63fead7bdf64be8cb3b79ecf3cd04a217f7c,2023-01,Norfolk Constabulary,Norfolk Constabulary,1.287638,52.647670,On or near SLEAFORD GREEN,E01026830,Norwich 002C,Offender given a caution
fb984348c291435fe86cc47c640b63fead7bdf64be8cb3b79ecf3cd04a217f7c,2023-01,Norfolk Constabulary,Norfolk Constabulary,1.287638,52.647670,On or near SLEAFORD GREEN,E01026830,Norwich 002C,Offender given a caution
10ea1bf6fb314370bb0a747c479c0f0956c5a0adf8de590f6ca6506e0d6611ed,2023-01,Norfolk Constabulary,Norfolk Constabulary,1.706220,52.573258,On or near Bunnewell Avenue,E01026586,Great Yarmouth 013B,Unable to prosecute suspect
0d09ac47570c53a5b39b48687ff3eb3dca729e169decd35645de7ad6b4936512,2023-01,Norfolk Constabulary,Norfolk Constabulary,1.238522,52.649941,On or near Gunton Lane,E01026918,South Norfolk 001C,Unable to prosecute suspect
18c71d01ee1760ffbcc58b84fd91e70c85eac40aea6d151dba06451107dfe381,2023-01,Norfolk Constabulary,Norfolk Constabulary,0.305413,52.763422,On or near Alan Jarvis Way,E01026711,King's Lynn and West Norfolk 008B,Unable to prosecute suspect
4b254f875140f411bbbf15d4bdf42f0e8ba6968c7575cf50d33a8314064162c5,2023-01,Norfolk Constabulary,Norfolk Constabulary,1.737593,52.607867,On or near ,E01026626,Great Yarmouth 006E,Suspect charged
f2d199f48953f13f850c3b6ad3c73f95503277cdba28d564185d9817ff7c928f,2023-01,Norfolk Constabulary,Norfolk Constabulary,1.509813,52.580454,On or near Stanley Close,E01026511,Broadland 017D,Unable to prosecute suspect
835f5590f7ea9d8e3b98689f94580d4084b52510ec26cc51171da2ac576b8255,2023-01,Norfolk Constabulary,Norfolk Constabulary,1.196875,52.645191,On or near Lion Close,E01026883,South Norfolk 002C,Unable to prosecute suspect
a2c60185838bc9fe40840100374523647659f25d8995143975abb03ffe411d50,2023-01,Norfolk Constabulary,Norfolk Constabulary,0.526899,52.487259,On or near Barkers Drive,E01026649,King's Lynn and West Norfolk 019B,Investigation complete; no suspect identified
c8f91f66e02a482370bdb805fe9ce5f68fd93d5debeca253ef89071b1d440b10,2023-01,Norfolk Constabulary,Norfolk Constabulary,0.531836,52.488835,On or near Addison Close,E01026648,King's Lynn and West Norfolk 019A,Investigation complete; no suspect identified
81af9d7ba677b604dfa29f5f050ba91888ea3c0bdf769b549a61cb443a5afa31,2023-01,Norfolk Constabulary,Norfolk Constabulary,0.935386,52.686675,On or near SANDY LANE EAST,E01026428,Breckland 003A,Unable to prosecute suspect
29b2377c831c0ff3bdde41c746e29991f9ffbf3df39a71e6180d483b0faf7353,2023-01,Norfolk Constabulary,Norfolk Constabulary,0.935386,52.686675,On or near SANDY LANE EAST,E01026428,Breckland 003A,Action to be taken by another organisation
e94f85263dc59cb431b9804df6505810b2d4781cfb7e3c34a6db0f74abbd3a26,2023-01,Norfolk Constabulary,Norfolk Constabulary,1.297366,52.635078,On or near St Saviours Lane,E01026823,Norwich 007B,Investigation complete; no suspect identified
6905fd01ec02950edd5672a2590c1dcd94e54795c78e43a9f759ca6d5a9a53d5,2023-01,Norfolk Constabulary,Norfolk Constabulary,1.378884,52.660264,On or near Green Lane East,E01026578,Broadland 008C,Unable to prosecute suspect
3a28bfac62fe7263917ca3835907ef558900c9c245299bad1ac642577eb0f0b9,2023-01,Norfolk Constabulary,Norfolk Constabulary,1.292707,52.624259,On or near ,E01026822,Norwich 007A,Investigation complete; no suspect identified
2e16f847fe1b0c299563dfa2c2e7576268a377bbc7d1d135b597266bd754a216,2023-01,Norfolk Constabulary,Norfolk Constabulary,1.735935,52.625932,On or near Chaucer Road,E01026641,Great Yarmouth 004D,Unable to prosecute suspect
4c77090f603b3908578fd9b373ae5f189a063125f185d7cb8e4b336bbce371fb,2023-01,Norfolk Constabulary,Norfolk Constabulary,1.232752,52.482441,On or near Ipswich Road,E01026939,South Norfolk 011E,Investigation complete; no suspect identified
308535ec68b58b8746883f1c6034bed2e7408a5bf5ea323fd6170c18a85350ea,2023-01,Norfolk Constabulary,Norfolk Constabulary,,,No location,,,Investigation complete; no suspect identified
3a4a88791ab8aa9d30390bc4b64c058169c2a84fec846b617661502618baadef,2023-01,Norfolk Constabulary,Norfolk Constabulary,1.302627,52.628969,On or near Prince Of Wales Road,E01033438,Norwich 014A,Offender given a caution
b3b4293a058ff4471cbe7463a3385514aab9a2b5178b8f805816dfe286c12921,2023-01,Norfolk Constabulary,Norfolk Constabulary,1.733633,52.600117,On or near Dagmar Mews,E01026626,Great Yarmouth 006E,Suspect charged
21505550fe8ea2a1275f70dc0601297e54a5ccb679b3f309d7ea98cacd48fa60,2023-01,Norfolk Constabulary,Norfolk Constabulary,1.725790,52.606571,On or near Howard Street South,E01026623,Great Yarmouth 006B,Unable to prosecute suspect
24f3f12a86f0a1c8eea3b99a5ef339012f3865506e8d2ffc31bb2485cab80e03,2023-01,Norfolk Constabulary,Norfolk Constabulary,1.201383,52.646392,On or near Triumph Court,E01026925,South Norfolk 001F,Unable to prosecute suspect
270633b471771aa783a007808fa5d0e3306324d1a604c7439453ffc3b4dc2c17,2023-01,Norfolk Constabulary,Norfolk Constabulary,1.732941,52.594598,On or near Barkis Road,E01026622,Great Yarmouth 006A,Suspect charged
6c3ec4c89816e5b4ca21ac2e1fbb5a9fbeb6b77467e0ffd0f50e1af3cb0fbaac,2023-01,Norfolk Constabulary,Norfolk Constabulary,0.945888,52.685722,On or near Danesfort Drive,E01026429,Breckland 003B,Unable to prosecute suspect
bc70aed112bb241380039df4f71e95f00c1fea95c767cc14e66c9c07b77c83cf,2023-01,Norfolk Constabulary,Norfolk Constabulary,0.745363,52.413380,On or near Bridge Street,E01026474,Breckland 017A,Unable to prosecute suspect
4f3e8f1da4d8aca644d4c81bc94403042f730aba0c46c98288cea9ff4f709f10,2023-01,Norfolk Constabulary,Norfolk Constabulary,1.634026,52.705801,On or near Nursery Close,E01026637,Great Yarmouth 002D,Unable to prosecute suspect
4f3e8f1da4d8aca644d4c81bc94403042f730aba0c46c98288cea9ff4f709f10,2023-01,Norfolk Constabulary,Norfolk Constabulary,1.634026,52.705801,On or near Nursery Close,E01026637,Great Yarmouth 002D,Unable to prosecute suspect
6ad6a9369641dee9978406861164242bc0a4dbe6f2a4cf3be4551240d26b0f74,2023-01,Norfolk Constabulary,Norfolk Constabulary,1.328404,52.630720,On or near ,E01026808,Norwich 004F,Further action is not in the public interest
6ad6a9369641dee9978406861164242bc0a4dbe6f2a4cf3be4551240d26b0f74,2023-01,Norfolk Constabulary,Norfolk Constabulary,1.328404,52.630720,On or near ,E01026808,Norwich 004F,Further action is not in the public interest
b519a7be8f49a9298a14a6227d5aea802ccd12df808edaf30fda82db1f223b11,2023-01,Norfolk Constabulary,Norfolk Constabulary,1.140837,52.580617,On or near Enfield Row,E01026933,South Norfolk 007C,Suspect charged
da70b8f93379f4deb304eb903113d6dec2a66cb7afc8374199fa7be2a6d93ee1,2023-01,Norfolk Constabulary,Norfolk Constabulary,1.249694,52.658017,On or near Wensum Meadows Road,E01026529,Broadland 010D,Suspect charged
d101eba4c3ff297fb67f5a3ecd534e7aecb93fc780182869ec4790cf1f8cb46f,2023-01,Norfolk Constabulary,Norfolk Constabulary,0.955107,52.680888,On or near Boundary Close,E01026430,Breckland 003C,Suspect charged
ec296cd7817231fe24e20be8841f77515390f6c06d77904a4026e0bfd431a2c6,2023-01,Norfolk Constabulary,Norfolk Constabulary,1.727661,52.583566,On or near Trafalgar Road East,E01026632,Great Yarmouth 009E,Suspect charged
3f309688ee79277ba01afd9821dc0ade2f9a99535a6b6523555364e0f57123c0,2023-01,Norfolk Constabulary,Norfolk Constabulary,1.617256,52.777756,On or near Church Road,E01026786,North Norfolk 013D,Unable to prosecute suspect
a7450027ac0ed43e2185681b90d221deca9d9244b97441045f1db96576d1df1c,2023-01,Norfolk Constabulary,Norfolk Constabulary,1.250176,52.624053,On or near Ivory Road,E01026858,Norwich 010A,Suspect charged
f3a1b467531c035b0608dc1b13e0024a5e00e712fe36d3a51d49c015208ecda6,2023-01,Norfolk Constabulary,Norfolk Constabulary,1.139642,52.580829,On or near Poppy Street,E01026933,South Norfolk 007C,Unable to prosecute suspect
f3a1b467531c035b0608dc1b13e0024a5e00e712fe36d3a51d49c015208ecda6,2023-01,Norfolk Constabulary,Norfolk Constabulary,1.139642,52.580829,On or near Poppy Street,E01026933,South Norfolk 007C,Unable to prosecute suspect
7336f2644103eefd1a07ac33ee800a86b7f815c66c30fef09af8f3324f41b54e,2023-01,Norfolk Constabulary,Norfolk Constabulary,,,No location,,,Suspect charged
0e91a3d85a951d24fb673182b21f03c4a9d80e22586c2bf69fcf84cf7c3c8d03,2023-01,Norfolk Constabulary,Norfolk Constabulary,1.256483,52.791509,On or near Station Road,E01026499,Broadland 001A,Investigation complete; no suspect identified
8bfa9906778543a67bee9fa7a711f3f7e52f6ec4ce9fd4e3157f878f355844c2,2023-01,Norfolk Constabulary,Norfolk Constabulary,0.829869,52.737613,On or near Burghwood Drive,E01026462,Breckland 002D,Unable to prosecute suspect
84557377e1d87704a4e61fdf7eb3f1726925d1b7be474ba7660236953864c3bf,2023-01,Norfolk Constabulary,Norfolk Constabulary,1.712051,52.578660,On or near Crab Lane,E01026603,Great Yarmouth 009C,Local resolution
ebe0defc9b709c5c9a58747f15341683f41cd2521e5602628bfc2a9ab73645ff,2023-01,Norfolk Constabulary,Norfolk Constabulary,0.689440,52.644782,On or near London Street,E01026457,Breckland 007C,Local resolution
ebe0defc9b709c5c9a58747f15341683f41cd2521e5602628bfc2a9ab73645ff,2023-01,Norfolk Constabulary,Norfolk Constabulary,0.689440,52.644782,On or near London Street,E01026457,Breckland 007C,Local resolution
cbc895d4cd3567cfacb48060d58999a1e64f439f1cb4664166f956f7c6bc5f75,2023-01,Norfolk Constabulary,Norfolk Constabulary,0.724033,52.415429,On or near BRANDON ROAD,E01026474,Breckland 017A,Suspect charged
55babc256ffc367f24f04793b8873bb2b5e6189c4e83e50dc33a54021d980cb1,2023-01,Norfolk Constabulary,Norfolk Constabulary,1.298411,52.932311,On or near ,E01026734,North Norfolk 003A,Local resolution
9a60505d89b7001193384b7fdc81befe7dcf7105c441372d9320b672b7548e55,2023-01,Norfolk Constabulary,Norfolk Constabulary,0.945888,52.685722,On or near Danesfort Drive,E01026429,Breckland 003B,Unable to prosecute suspect
c90314cd0fb6daab11bcd9e558c67a03c5ba7e7e802f1018d2060d433138a291,2023-01,Norfolk Constabulary,Norfolk Constabulary,1.237687,52.643453,On or near Oval Avenue,E01026918,South Norfolk 001C,Unable to prosecute suspect
fdbf7d1f2a0a79858a57f15d8053bc7c74f1704afbd71862f99564b96a378e47,2023-01,Norfolk Constabulary,Norfolk Constabulary,1.044322,52.477812,On or near March Field Way,E01026421,Breckland 013A,Investigation complete; no suspect identified
5cf104c53ab3d71028f807c669451bf2da2928a1d551911094c56fd8a25e1a3c,2023-01,Norfolk Constabulary,Norfolk Constabulary,,,No location,,,Investigation complete; no suspect identified
9afc7c8a27bed1ca9eb39be9756684de6d2914b9e182ebd7ebf224687247f0b6,2023-01,Norfolk Constabulary,Norfolk Constabulary,1.260639,52.624801,On or near ,E01026859,Norwich 010B,Investigation complete; no suspect identified
71dd1a0470ca232305721e736af9962057de08682e6a8c884854316f011c09df,2023-01,Norfolk Constabulary,Norfolk Constabulary,1.167565,52.598081,On or near Lindley Road,E01026905,South Norfolk 003A,Unable to prosecute suspect
950d4203af33a1a8f868dc0542b8a38486018480656dd81adc5323c7cfd527ce,2023-01,Norfolk Constabulary,Norfolk Constabulary,1.256483,52.791509,On or near Station Road,E01026499,Broadland 001A,Investigation complete; no suspect identified
3fbdbf0e7fc9a7e4a4a478db7d4149b2f4a72b57aee9e6fe526bdca5c09dda89,2023-01,Norfolk Constabulary,Norfolk Constabulary,1.729884,52.609023,On or near Swirle's Place,E01026597,Great Yarmouth 005C,Unable to prosecute suspect
db41a9bd57f419d0dc7c537661b965c1f7c6ece7272898d41a7b8e78118fb4ac,2023-01,Norfolk Constabulary,Norfolk Constabulary,1.729884,52.609023,On or near Swirle's Place,E01026597,Great Yarmouth 005C,Unable to prosecute suspect
daa103ac4b291e50f7224f732bf3611b0ba434c044d7bdd5b3a63ab7a6c7c010,2023-01,Norfolk Constabulary,Norfolk Constabulary,1.713267,52.580646,On or near Kalmia Green,E01026602,Great Yarmouth 009B,Suspect charged
0f8b7aaf5000d12f03f5cf45e6b8c9362b5bac6d258066d1470303f8c56ec8cf,2023-01,Norfolk Constabulary,Norfolk Constabulary,0.398925,52.755516,On or near Paradise Lane,E01026698,King's Lynn and West Norfolk 011A,Unable to prosecute suspect
53b7955877b88b1984f3c492975849e4fdc329fe6715aa32167ca63dac115e1e,2023-01,Norfolk Constabulary,Norfolk Constabulary,0.397950,52.755292,On or near ,E01026698,King's Lynn and West Norfolk 011A,Suspect charged
41b95d802bd1ac745afbac4e53b723539cc29c2040b6300569a9438884148325,2023-01,Norfolk Constabulary,Norfolk Constabulary,1.324821,52.640192,On or near Fallowfield Close,E01026806,Norwich 004D,Unable to prosecute suspect
9e3b5f0be4c45f040887d41b14764e7f68f86ec11bf546eb4bb08009a2708047,2023-01,Norfolk Constabulary,Norfolk Constabulary,1.126554,52.806085,On or near ,E01026523,Broadland 002B,Suspect charged
af3ec1d5c41c8c4158fbe5c65afc6391621613c25376cb493e03bb77535245af,2023-01,Norfolk Constabulary,Norfolk Constabulary,1.295157,52.629690,On or near ,E01026822,Norwich 007A,Suspect charged
d434b490728579dcf91b564badf62520987081feaebde690586c6cc63f86e7fd,2023-01,Norfolk Constabulary,Norfolk Constabulary,1.212639,52.642615,On or near Charles Watling Way,E01026794,Norwich 005D,Investigation complete; no suspect identified
4aee10debe44cec2ff7bd5e5068e9728ac2051b0d5fbecb16fdc821df479a0d4,2023-01,Norfolk Constabulary,Norfolk Constabulary,0.402102,52.753734,On or near Waterloo Street,E01026698,King's Lynn and West Norfolk 011A,Unable to prosecute suspect
974e714d2fdf07bb9d34beb4a391bce51311d6c6d1e585fa735511e51cb93c79,2023-01,Norfolk Constabulary,Norfolk Constabulary,1.708395,52.584325,On or near Lapwing Close,E01026581,Great Yarmouth 008A,Unable to prosecute suspect
fc2ba5c618c277256a819017812d0f54238f7787928e6c108a3bcb7df9485fba,2023-01,Norfolk Constabulary,Norfolk Constabulary,1.708395,52.584325,On or near Lapwing Close,E01026581,Great Yarmouth 008A,Unable to prosecute suspect
5ef7315e63592ddaf7ca7cf8794d467660053670fbb3d65c79083706e0edfca0,2023-01,Norfolk Constabulary,Norfolk Constabulary,0.941158,52.681622,On or near ,E01026426,Breckland 005B,Unable to prosecute suspect
44730747b5cbf9100342056c3520b66526e602eea6745f5beed5d080751f9221,2023-01,Norfolk Constabulary,Norfolk Constabulary,1.712220,52.572278,On or near Robinson Close,E01026620,Great Yarmouth 011D,Unable to prosecute suspect
fc127f7c0e60637b6dd5741c2f6e38d9d71ce6822378ae0bcb6ce9dda40fd205,2023-01,Norfolk Constabulary,Norfolk Constabulary,0.941590,52.680775,On or near Nelson Place,E01026426,Breckland 005B,Unable to prosecute suspect
3b6e994164977a3022b0222c18a03e188148c5b44d52ba83e9531c83c8c7f075,2023-01,Norfolk Constabulary,Norfolk Constabulary,0.939980,52.681921,On or near Quebec Street,E01026426,Breckland 005B,Unable to prosecute suspect
933a1f0920324f72bb6bed53f03d568abf46d08f078e8ca975efebaa2faaf4dd,2023-01,Norfolk Constabulary,Norfolk Constabulary,1.276677,52.644655,On or near ,E01026828,Norwich 002A,Unable to prosecute suspect
b8c70a5ca44882df8eb03b1a3a3dfb9829f59d08cba52e27eca5010336d52545,2023-01,Norfolk Constabulary,Norfolk Constabulary,1.137243,52.578083,On or near ,E01026945,South Norfolk 007D,Unable to prosecute suspect
796ec499d0bcfd0a8abbca62ccb59e4e8781dea97ba0de62c6991ee18e54c49f,2023-01,Norfolk Constabulary,Norfolk Constabulary,1.328737,52.631799,On or near Harvey Lane,E01026808,Norwich 004F,Unable to prosecute suspect
5546e9dbbde0763a2900280cc201c5c4c22936cb2eb3b9563cc5c109073d64e8,2023-01,Norfolk Constabulary,Norfolk Constabulary,1.328737,52.631799,On or near Harvey Lane,E01026808,Norwich 004F,Unable to prosecute suspect
e14cccb861dbd9f3106f02a81d470dc6fac9c81a2c4e17d2873622ee70d1f5ab,2023-01,Norfolk Constabulary,Norfolk Constabulary,1.271752,52.623054,On or near Glebe Road,E01026838,Norwich 009D,Unable to prosecute suspect
384fa1c94b06b3b4f336c6dc47b83a2da49daf6d6d66655adaa7e9835564cdc3,2023-01,Norfolk Constabulary,Norfolk Constabulary,1.305044,52.636528,On or near Anchor Close,E01026848,Norwich 015A,Unable to prosecute suspect
05a2c0a0a68c2ec151e6765537646fcda7925959595569db0133d91bd0a15f60,2023-01,Norfolk Constabulary,Norfolk Constabulary,1.729998,52.596463,On or near Ordnance Road,E01026622,Great Yarmouth 006A,Unable to prosecute suspect
8c21b8afcf4cccde0d5b51f2339b46f80992dca7aed0bd0f37e70984bbbe724f,2023-01,Norfolk Constabulary,Norfolk Constabulary,1.135769,52.576003,On or near Penfold Drive,E01026945,South Norfolk 007D,Suspect charged
6b46a712d0c87e036e05953c8de2f9356b15d83ad7fcca35897d6ee43f535722,2023-01,Norfolk Constabulary,Norfolk Constabulary,1.222985,52.555709,On or near Cuckoofield Lane,E01026913,South Norfolk 009A,Unable to prosecute suspect
13905c6e71715fa73aea7dc06a0ea26c473a6d9053d30c9ef180004527b69102,2023-01,Norfolk Constabulary,Norfolk Constabulary,1.293880,52.610722,On or near Latimer Road,E01026818,Norwich 013C,Unable to prosecute suspect
70becaa87be835dea5259c77f67788cdf2b18cddd04c12ceed994733e59eefa2,2023-01,Norfolk Constabulary,Norfolk Constabulary,0.977199,52.494090,On or near London Road,E01026435,Breckland 013B,Offender given a caution
f1873f4805d6a39b48b4c11f31d55a3eb3ae41df87f72d491ce247c333cc1705,2023-01,Norfolk Constabulary,Norfolk Constabulary,,,No location,,,Suspect charged
4cefbca11a323ba4d4e1adbfd924074c502da307a81d575eeff7798b0b017050,2023-01,Norfolk Constabulary,Norfolk Constabulary,1.238522,52.649941,On or near Gunton Lane,E01026918,South Norfolk 001C,Unable to prosecute suspect
9a60143aeb3fc9c52972cd44570036efd5dd1f9d6cf6f9478f64c8a45ca75332,2023-01,Norfolk Constabulary,Norfolk Constabulary,1.255496,52.791203,On or near Aylsham,E01026501,Broadland 001C,Investigation complete; no suspect identified
a91da3f44470f976629fc5f7600e278ff8f485bf085edce867bf28ca25af62b1,2023-01,Norfolk Constabulary,Norfolk Constabulary,1.381531,52.662545,On or near Lonsdale Road,E01026578,Broadland 008C,Unable to prosecute suspect
801f3447eed726c3cec6f1827a9fda1d5afa325b054d5f07b9e69ee064756358,2023-01,Norfolk Constabulary,Norfolk Constabulary,1.288765,52.631954,On or near Westwick Street,E01026822,Norwich 007A,Suspect charged
801f3447eed726c3cec6f1827a9fda1d5afa325b054d5f07b9e69ee064756358,2023-01,Norfolk Constabulary,Norfolk Constabulary,1.288765,52.631954,On or near Westwick Street,E01026822,Norwich 007A,Suspect charged
e11f34b690035cebb47eb7826c46134dcd46a19e34d667d23dca9698aae75219,2023-01,Norfolk Constabulary,Norfolk Constabulary,1.725917,52.610327,On or near ,E01026597,Great Yarmouth 005C,Investigation complete; no suspect identified
2396b265363d6bc9b164989e157d6c8e95395bf015e7fccb8f26bd3bf8d2d82f,2023-01,Norfolk Constabulary,Norfolk Constabulary,1.735574,52.602269,On or near Portland Place,E01026626,Great Yarmouth 006E,Unable to prosecute suspect
2396b265363d6bc9b164989e157d6c8e95395bf015e7fccb8f26bd3bf8d2d82f,2023-01,Norfolk Constabulary,Norfolk Constabulary,1.735574,52.602269,On or near Portland Place,E01026626,Great Yarmouth 006E,Unable to prosecute suspect
38e72c8432e0e9a680ba0527f363137591f0c7879f5a5904c4abf63f89fa1ed1,2023-01,Norfolk Constabulary,Norfolk Constabulary,1.332954,52.626806,On or near A1242,E01026577,Broadland 016D,Unable to prosecute suspect
38e72c8432e0e9a680ba0527f363137591f0c7879f5a5904c4abf63f89fa1ed1,2023-01,Norfolk Constabulary,Norfolk Constabulary,1.332954,52.626806,On or near A1242,E01026577,Broadland 016D,Unable to prosecute suspect
38e72c8432e0e9a680ba0527f363137591f0c7879f5a5904c4abf63f89fa1ed1,2023-01,Norfolk Constabulary,Norfolk Constabulary,1.332954,52.626806,On or near A1242,E01026577,Broadland 016D,Unable to prosecute suspect
52330b7569d5633130e1463e2489a54dbb92a6f606fd53224910817b972e5bec,2023-01,Norfolk Constabulary,Norfolk Constabulary,1.297917,52.632185,On or near Wensum Street,E01033438,Norwich 014A,Suspect charged
ab3608afd48bf66561d23e11d8be1e63f05cd66ac6dae322b5a3499c36c029cb,2023-01,Norfolk Constabulary,Norfolk Constabulary,1.212302,52.737954,On or near Green Lane,E01026525,Broadland 002D,Investigation complete; no suspect identified
86a74f6de5e097f359db61b5e2ee45b57dbd0a0e798bf5bb7f167af1fbaf1de7,2023-01,Norfolk Constabulary,Norfolk Constabulary,1.276270,52.623001,On or near ,E01026857,Norwich 011F,Suspect charged
db8c6ee9b12c2132ac59619ac2927c1975de0e878bd90b3eb257c5bf46edcfe7,2023-01,Norfolk Constabulary,Norfolk Constabulary,1.308565,52.630683,On or near Lollards Road,E01033438,Norwich 014A,Investigation complete; no suspect identified
b18fc6d8931f00a425897cf6cd3d175cf9fdc6946848ad41e0d3a22f4a354f28,2023-01,Norfolk Constabulary,Norfolk Constabulary,1.233257,52.490126,On or near St Davids Close,E01026938,South Norfolk 011D,Unable to prosecute suspect
22306876ffb036e64fd9062a21933cd395c8d8ac1f9fc05ee12d430be9c371a5,2023-01,Norfolk Constabulary,Norfolk Constabulary,0.372380,52.585405,On or near Brady Close,E01026679,King's Lynn and West Norfolk 018A,Investigation complete; no suspect identified
2687a9c34caae9d465002da31c15d5459da18413a1bcbee6d2c8ef28473b069f,2023-01,Norfolk Constabulary,Norfolk Constabulary,1.292037,52.604082,On or near Coleburn Road,E01026821,Norwich 013F,Unable to prosecute suspect
9ee31e074a1851c8ebe6efcee8eca5e77a8af94a363c45d83536447a5bad6977,2023-01,Norfolk Constabulary,Norfolk Constabulary,1.233257,52.490126,On or near St Davids Close,E01026938,South Norfolk 011D,Unable to prosecute suspect
054c3c1196727325630f20af6b807199304668ecf02a79f0d975c0cf7257bc29,2023-01,Norfolk Constabulary,Norfolk Constabulary,0.600503,52.588239,On or near The Street,E01026444,Breckland 012B,Suspect charged
f17cbfa07cc8c851fcdcbfb31120b5049433677f2ebdf4306679599d7052d98e,2023-01,Norfolk Constabulary,Norfolk Constabulary,1.307897,52.634757,On or near St James Meadow,E01026848,Norwich 015A,Suspect charged
721dac4d0c231b3680e0f12f39f323021828ba4a5cadd0545181a8611f984e11,2023-01,Norfolk Constabulary,Norfolk Constabulary,1.300300,52.635959,On or near ,E01026823,Norwich 007B,Unable to prosecute suspect
949c2de58a98679d78722b678ef0783593ca877154cd9cf078b07b56bbfccdc2,2023-01,Norfolk Constabulary,Norfolk Constabulary,1.349332,52.632243,On or near Elizabeth Avenue,E01026573,Broadland 015E,Further action is not in the public interest
18a0bc8c4becef6b5a056fc3ad573ac8ae0e2bd79e90ab19fc78dd11a786be1d,2023-01,Norfolk Constabulary,Norfolk Constabulary,1.349332,52.632243,On or near Elizabeth Avenue,E01026573,Broadland 015E,Further action is not in the public interest
4d3016785093c3446c379017a3b777dfa35a2e69196c120536976f6fda2e7f90,2023-01,Norfolk Constabulary,Norfolk Constabulary,0.399309,52.758718,On or near Lansdowne Street,E01026689,King's Lynn and West Norfolk 007C,Unable to prosecute suspect
200d6eb550e9392e3a3161454fd22aa89be3fee8af19377b10304e662aec74f6,2023-01,Norfolk Constabulary,Norfolk Constabulary,1.282651,52.624153,On or near ,E01033434,Norwich 011G,Unable to prosecute suspect
44590fe6e370a41f8c7df70faca54d2e7b2de2072b3d510675f92dea2c6234bd,2023-01,Norfolk Constabulary,Norfolk Constabulary,1.292037,52.604082,On or near Coleburn Road,E01026821,Norwich 013F,Unable to prosecute suspect
e4faae6299a9a79343aa89a976b46f7df009f5ea77b7b5e546b8503eee49dd89,2023-01,Norfolk Constabulary,Norfolk Constabulary,1.524036,52.775007,On or near Granville Close,E01026775,North Norfolk 013B,Unable to prosecute suspect
e4faae6299a9a79343aa89a976b46f7df009f5ea77b7b5e546b8503eee49dd89,2023-01,Norfolk Constabulary,Norfolk Constabulary,1.524036,52.775007,On or near Granville Close,E01026775,North Norfolk 013B,Unable to prosecute suspect
7ec8da6450777edd4f1b612eb3d402f22e229d37e6a023cd536a3e0af015c738,2023-01,Norfolk Constabulary,Norfolk Constabulary,1.266998,52.635210,On or near Bond Street,E01026863,Norwich 006A,Unable to prosecute suspect
a5a8e74eb1a65cb26e6f1f773bed0d2d8d69207bba9741485ba305753b1909fa,2023-01,Norfolk Constabulary,Norfolk Constabulary,0.404123,52.748981,On or near Hospital Walk,E01026699,King's Lynn and West Norfolk 011B,Unable to prosecute suspect
d8628cf15ad048a8b7043d0f3104bddb0de5285fd3b5ba39c027553c8dd28ede,2023-01,Norfolk Constabulary,Norfolk Constabulary,1.726928,52.578579,On or near Palmer Road,E01026630,Great Yarmouth 010D,Offender given a caution
82f9906da05bd3a5bf4d176c273400fafac16f8cb193e4c6573d7b648e08829e,2023-01,Norfolk Constabulary,Norfolk Constabulary,1.270861,52.638242,On or near Armes Crescent,E01026866,Norwich 006D,Unable to prosecute suspect
b2c5cde158be7ebb110e4126d333653830e1ea3cbe289456bf56655bc35ebed3,2023-01,Norfolk Constabulary,Norfolk Constabulary,1.255867,52.668226,On or near Sylvan Close,E01026528,Broadland 010C,Unable to prosecute suspect
0f7c93548fa9b2627bee83c6656034997b254cde4bd93d5d86d6876095500279,2023-01,Norfolk Constabulary,Norfolk Constabulary,1.735101,52.626722,On or near Cunningham Avenue,E01026641,Great Yarmouth 004D,Local resolution
0d0e0ec77606aefb0d1e3c76ff8f4957251fa3fbe7b88c5be25a93bf72c03899,2023-01,Norfolk Constabulary,Norfolk Constabulary,1.729273,52.610347,On or near ,E01026597,Great Yarmouth 005C,Unable to prosecute suspect
0d0e0ec77606aefb0d1e3c76ff8f4957251fa3fbe7b88c5be25a93bf72c03899,2023-01,Norfolk Constabulary,Norfolk Constabulary,1.729273,52.610347,On or near ,E01026597,Great Yarmouth 005C,Unable to prosecute suspect
2fb7d7112da8b9aacfb5920025b7082acf184e147805d86e00408c9c9830a6eb,2023-01,Norfolk Constabulary,Norfolk Constabulary,1.280354,52.605485,On or near Peterkin Road,E01026820,Norwich 013E,Unable to prosecute suspect
e7a5280e30503199c8b18bd52477e33c1e4cf9e30686d209f24f764fcf9a7241,2023-01,Norfolk Constabulary,Norfolk Constabulary,1.253135,52.617335,On or near Peckover Road,E01026814,Norwich 012E,Unable to prosecute suspect
040cd9c99efe03328bef7603f9c6a81114774d2915fc5f50ddd6b7bd55764be4,2023-01,Norfolk Constabulary,Norfolk Constabulary,1.310309,52.620705,On or near Geoffrey Watling Way,E01033439,Norwich 014B,Unable to prosecute suspect
ea1abdbdb84fbdbd93e006c83753e2ba99d7e7742d6da08bf96f4085e9fac176,2023-01,Norfolk Constabulary,Norfolk Constabulary,1.200123,52.619832,On or near School Lane,E01026883,South Norfolk 002C,Unable to prosecute suspect
0f9dbc42a504460c9ad07015b57b42a491687c3e05e86e142c3cd0a7a9805db9,2023-01,Norfolk Constabulary,Norfolk Constabulary,0.410459,52.751550,On or near Silfield Terrace,E01026667,King's Lynn and West Norfolk 009B,Unable to prosecute suspect
f7717899dffb7ef75f64e56f70adc0ddd95abd8524a3a0d1f2760a58f265d9d0,2023-01,Norfolk Constabulary,Norfolk Constabulary,1.731676,52.602122,On or near Well Opening,E01026624,Great Yarmouth 006C,Investigation complete; no suspect identified
2baaeb32e80b34d4b88823af843544c2025292060320e7a9b93475e8ffd82738,2023-01,Norfolk Constabulary,Norfolk Constabulary,,,No location,,,Unable to prosecute suspect
9f17bfdd6e5b168f03a868b3351113d6ca16f64342d5a1b9452fb6a708705264,2023-01,Norfolk Constabulary,Norfolk Constabulary,1.546744,52.788333,On or near Long Lane,E01026786,North Norfolk 013D,Investigation complete; no suspect identified
71918275053a94745b48f1b478b025d102a1b8f0cff95141fb52d4d4f1115e9b,2023-01,Norfolk Constabulary,Norfolk Constabulary,1.276270,52.623001,On or near ,E01026857,Norwich 011F,Suspect charged
2491fe86a5be76102f112f6a3cd8a4917d67aceaf5fa8cd3a4adf23e1922f6a9,2023-01,Norfolk Constabulary,Norfolk Constabulary,1.732694,52.604536,On or near Nelson Road Central,E01026624,Great Yarmouth 006C,Unable to prosecute suspect
2491fe86a5be76102f112f6a3cd8a4917d67aceaf5fa8cd3a4adf23e1922f6a9,2023-01,Norfolk Constabulary,Norfolk Constabulary,1.732694,52.604536,On or near Nelson Road Central,E01026624,Great Yarmouth 006C,Unable to prosecute suspect
75ea56add0c13c7d4b37c5067518281b14525e5ee49f6807f27724cbd88cfc02,2023-01,Norfolk Constabulary,Norfolk Constabulary,1.231239,52.789996,On or near Woodgate Way,E01026502,Broadland 001D,Investigation complete; no suspect identified
7ebd240f07e3aa5c3265bb062f6aea4f047e4049c62e61a342907c9a0266bb63,2023-01,Norfolk Constabulary,Norfolk Constabulary,1.710932,52.580090,On or near Hawthorn Road,E01026603,Great Yarmouth 009C,Unable to prosecute suspect
b693a201c56ac5a02102bc5f6507dff29a23a5cc56fa1b53d7134bd2e47bfa65,2023-01,Norfolk Constabulary,Norfolk Constabulary,1.305262,52.628445,On or near Recorder Road,E01033438,Norwich 014A,Suspect charged
665bb466fba670bf3176294f2dd42f2707a72fba11684a0fb38ca900c2efec59,2023-01,Norfolk Constabulary,Norfolk Constabulary,1.347540,52.560379,On or near Barri Close,E01026928,South Norfolk 006E,Unable to prosecute suspect
518179fb2e7905dfdc4c39410d314b2b97c88a6e2845af905970789679d724ef,2023-01,Norfolk Constabulary,Norfolk Constabulary,1.305262,52.628445,On or near Recorder Road,E01033438,Norwich 014A,Suspect charged
d7dc65f021176f1175605e33f30e951438b16bed44df908c359d498294b40e7c,2023-01,Norfolk Constabulary,Norfolk Constabulary,1.529411,52.762633,On or near Neville Road,E01026774,North Norfolk 013A,Unable to prosecute suspect
6d798d64a2e7101e8fbcdc73963fd6e83c6adcf67e916bc1116507ed78b30afb,2023-01,Norfolk Constabulary,Norfolk Constabulary,1.298823,52.629884,On or near Upper King Street,E01033438,Norwich 014A,Suspect charged
5d213eb92d6f24203ac74ef94685a031de6f18d7c8d70efbca479d549fb6c37c,2023-01,Norfolk Constabulary,Norfolk Constabulary,1.280806,52.612128,On or near Harry Perry Close,E01026811,Norwich 012B,Investigation complete; no suspect identified
f5655119fec5b65eba5d1729344baa21a4c063a16703599d34cf6c6bade9e965,2023-01,Norfolk Constabulary,Norfolk Constabulary,1.217257,52.645907,On or near Beechcroft,E01026917,South Norfolk 001B,Unable to prosecute suspect
931b5abcc6487dce4f5f24a11b2554b76983fec7dbe9999aef23636aa3d75846,2023-01,Norfolk Constabulary,Norfolk Constabulary,0.730846,52.940884,On or near Cambers Lane,E01026646,King's Lynn and West Norfolk 002B,Unable to prosecute suspect
e6eaeb2f8d7183996d3031ab60a6c3a8b397e8803dc7e16e2c7eb11502438a6c,2023-01,Norfolk Constabulary,Norfolk Constabulary,0.931521,52.686860,On or near Girling Road,E01026428,Breckland 003A,Unable to prosecute suspect
55b8891b7e38e71381e4e00c6af57c5748c06c1b8592a31c2fd6ab081ba33026,2023-01,Norfolk Constabulary,Norfolk Constabulary,1.712572,52.596517,On or near Gapton Hall Road,E01026633,Great Yarmouth 007B,Unable to prosecute suspect
6d40e6ca647dba0a7255c707d6a5f787a186b5fdd8f9c96f1e8fb5e236c46b0f,2023-01,Norfolk Constabulary,Norfolk Constabulary,0.730846,52.940884,On or near Cambers Lane,E01026646,King's Lynn and West Norfolk 002B,Unable to prosecute suspect
3ad41dc7bccb97cffec99dc4b588c57c03b63bd7ef5925ce72fa2580d3c0ac1e,2023-01,Norfolk Constabulary,Norfolk Constabulary,1.436151,52.633622,On or near Frogs Hole,E01026505,Broadland 014B,Investigation complete; no suspect identified
ae2db0a7293b18bbfbb288f83e26d165b869afff3b97378faf8d997b5b9c762a,2023-01,Norfolk Constabulary,Norfolk Constabulary,1.250974,52.611494,On or near Dacre Close,E01026810,Norwich 012A,Local resolution
b4730e98cd38243076bce3d6ef378c75ccbb9ee7c83cdda56de11aac3de1cf94,2023-01,Norfolk Constabulary,Norfolk Constabulary,0.478955,52.473689,On or near Whitedike Drove,E01026648,King's Lynn and West Norfolk 019A,Investigation complete; no suspect identified
6187892d04e28466c39df803f849763db2f130523cbef5215da052e7fe99b377,2023-01,Norfolk Constabulary,Norfolk Constabulary,0.948283,52.680410,On or near Ramillies Close,E01026429,Breckland 003B,Unable to prosecute suspect
f7e9476c1b4e6852179badab6f2e9522c77a6c394e04df3698f05ab4aaa7e823,2023-01,Norfolk Constabulary,Norfolk Constabulary,1.290105,52.654131,On or near Foster Road,E01026798,Norwich 001B,Unable to prosecute suspect
4a4f669f879eaa384330edf1c44e6708c4c9584ab8883d0a889cc311000e099d,2023-01,Norfolk Constabulary,Norfolk Constabulary,1.319237,52.637318,On or near Knox Close,E01026806,Norwich 004D,Unable to prosecute suspect
cc0e504f8e610f5bd8d6b43cf851682343e724d159b2e63511e0e847f64522d5,2023-01,Norfolk Constabulary,Norfolk Constabulary,1.348551,52.878295,On or near Long Lane,E01026766,North Norfolk 005B,Unable to prosecute suspect
eef03dd9d4a401af8498602adfe6f21050d3a6c370ac792e916e964eeeef4056,2023-01,Norfolk Constabulary,Norfolk Constabulary,1.257012,52.626159,On or near George Borrow Road,E01026858,Norwich 010A,Investigation complete; no suspect identified
802179ca3c87577cc9fb3ef818c7cb9f81b4e68eda740ff50ca2fc6dc96de9cd,2023-01,Norfolk Constabulary,Norfolk Constabulary,0.403860,52.748249,On or near Windsor Road,E01026700,King's Lynn and West Norfolk 011C,Formal action is not in the public interest
5b1a62b5abb0c82c5748d9a240cefd219de5d0181e2ad1249b44ed9ad947cabf,2023-01,Norfolk Constabulary,Norfolk Constabulary,1.318898,52.683573,On or near Douglas Road,E01026552,Broadland 005D,Unable to prosecute suspect
513f55b920c0b5abf98148598976ff4d189abcad13da28490f40a3ac1300c797,2023-01,Norfolk Constabulary,Norfolk Constabulary,1.295046,52.626239,On or near Lion And Castle Yard,E01026822,Norwich 007A,Suspect charged
513f55b920c0b5abf98148598976ff4d189abcad13da28490f40a3ac1300c797,2023-01,Norfolk Constabulary,Norfolk Constabulary,1.295046,52.626239,On or near Lion And Castle Yard,E01026822,Norwich 007A,Suspect charged
8a28b7cc49f8798487aab25af672740df6ee0fb15fdf092d4a09d48eb76eaf4d,2023-01,Norfolk Constabulary,Norfolk Constabulary,0.431584,52.752755,On or near Highfield,E01026663,King's Lynn and West Norfolk 010B,Unable to prosecute suspect
77822ff0f10465ceff2caec650c814be2f3fcbb3afff71a6b250604e0affd547,2023-01,Norfolk Constabulary,Norfolk Constabulary,0.394638,52.742205,On or near Wisbech Road,E01026706,King's Lynn and West Norfolk 011F,Suspect charged
7d37849b653898bf38a9044d17750974e6a3872961a7d9d6ac92bc7837d15b10,2023-01,Norfolk Constabulary,Norfolk Constabulary,1.282132,52.637534,On or near Blackhorse Street,E01026827,Norwich 007F,Unable to prosecute suspect
c503018c37444e05483c7e062f2ad22a1a8a42c5320dd044dc2ff29554753a7f,2023-01,Norfolk Constabulary,Norfolk Constabulary,0.274671,52.707684,On or near Old Church Road,E01026697,King's Lynn and West Norfolk 015B,Unable to prosecute suspect
4e8416b2856516eafb89e84cb9318f17a5a62e52e06a677907124df6b6bb1a1b,2023-01,Norfolk Constabulary,Norfolk Constabulary,1.206610,52.943594,On or near North Street,E01026770,North Norfolk 001A,Unable to prosecute suspect
d3c6492031ca5dc5bd60d752571d27e96a6e9615b80b45899f9230ffff214048,2023-01,Norfolk Constabulary,Norfolk Constabulary,1.726937,52.584084,On or near Avenue Road,E01026601,Great Yarmouth 009A,Investigation complete; no suspect identified
7961ce3b80fda919e76acc6b51b2a3ae8e6325dc69765c99e041f3ec838dc807,2023-01,Norfolk Constabulary,Norfolk Constabulary,0.951041,52.670414,On or near ,E01026427,Breckland 005C,Investigation complete; no suspect identified
47f76dfa1b76d4f773e5725b10d03ac226c2c3536b5e026e40ac78561720c7e5,2023-01,Norfolk Constabulary,Norfolk Constabulary,0.403101,52.756267,On or near Littleport Street,E01026698,King's Lynn and West Norfolk 011A,Investigation complete; no suspect identified
557a6afb56d88e1a4af285f304bdee951a65368f38e863823ccb7bc8f1c097ad,2023-01,Norfolk Constabulary,Norfolk Constabulary,1.282132,52.637534,On or near Blackhorse Street,E01026827,Norwich 007F,Unable to prosecute suspect
b276764ae5210c809410a818c4a1a658167b675d0e27673a071fa379736f49a7,2023-01,Norfolk Constabulary,Norfolk Constabulary,0.771038,52.421548,On or near Pennycress Drive,E01026470,Breckland 016C,Unable to prosecute suspect
992e1545aca89c34b6f2e304a28caa7b0a26b8904dd198e9ec68fdcc8bf63881,2023-01,Norfolk Constabulary,Norfolk Constabulary,1.285299,52.617660,On or near ,E01026852,Norwich 011A,Investigation complete; no suspect identified
27f988fe15f9b74125cccdf365eb0f200cbe78f9b9f88512fbc1921e433dee0a,2023-01,Norfolk Constabulary,Norfolk Constabulary,0.399942,52.757033,On or near ,E01026698,King's Lynn and West Norfolk 011A,Unable to prosecute suspect
60b772286a84d96f3cb7ca7ccd0536c69afd17cf01797ee04939075a58276c54,2023-01,Norfolk Constabulary,Norfolk Constabulary,0.726898,52.406091,On or near Stapleford Way,E01026478,Breckland 017E,Unable to prosecute suspect
d0707172c873dfb4f009a3e5e1795f67ecb74e888b2a07c7504510bfb6aedadf,2023-01,Norfolk Constabulary,Norfolk Constabulary,1.728336,52.572913,On or near Lower Cliff Road,E01026610,Great Yarmouth 010A,Unable to prosecute suspect
a115e8d76fad17f6debbe535ca505a873f3ca5d0dc059a1a7c53dc62a7328c97,2023-01,Norfolk Constabulary,Norfolk Constabulary,0.373846,52.586581,On or near Sluice Road,E01026679,King's Lynn and West Norfolk 018A,Unable to prosecute suspect
4956b674b9cd794ea2b8d06e25908d6258b9d9d7f57a31ae1956a16646d6ad34,2023-01,Norfolk Constabulary,Norfolk Constabulary,1.123493,52.625467,On or near Park Avenue,E01026896,South Norfolk 002E,Unable to prosecute suspect
3aedf168ea9ef3b315da9b01582fc038e0fe7a5e4bad08283159f9b74dbe6e80,2023-01,Norfolk Constabulary,Norfolk Constabulary,0.883911,52.605053,On or near Carbrooke Lane,E01026451,Breckland 008C,Investigation complete; no suspect identified
d43622d4806ce87fd882426240b30c2223d6f0b83ddb6a5e13b2e55d5c19f6eb,2023-01,Norfolk Constabulary,Norfolk Constabulary,1.561286,52.529689,On or near Church Road,E01026944,South Norfolk 010D,Investigation complete; no suspect identified
51151be85f2df1f56fcbd29d0174d9c78249c767966c4f5f528ae13b51c0772b,2023-01,Norfolk Constabulary,Norfolk Constabulary,1.292090,52.628795,On or near St Peters Street,E01026822,Norwich 007A,Investigation complete; no suspect identified
0b290494aff6744a5378aed67160c65d49d65152baeb3448e3bdd8605e90e0d1,2023-01,Norfolk Constabulary,Norfolk Constabulary,0.850959,52.957494,On or near ,E01026763,North Norfolk 002B,Offender given a caution
0b290494aff6744a5378aed67160c65d49d65152baeb3448e3bdd8605e90e0d1,2023-01,Norfolk Constabulary,Norfolk Constabulary,0.850959,52.957494,On or near ,E01026763,North Norfolk 002B,Offender given a caution
17ab9d3612829c86719fb73998781e099f23c07e62728ddb588ea901b4e0c371,2023-01,Norfolk Constabulary,Norfolk Constabulary,1.728576,52.614659,On or near Hammond Road,E01026595,Great Yarmouth 005A,Investigation complete; no suspect identified
6bba6bf63321659b6550a86c7c133c71ae146e1bf27d445a5d8aad27bd24c3b0,2023-01,Norfolk Constabulary,Norfolk Constabulary,0.752680,52.410206,On or near Ford Street,E01026468,Breckland 016A,Investigation complete; no suspect identified
ce59823efc8e12d7c25c52f855ba6ea97e5a9e0325dfd22f5b598021ecb785a5,2023-01,Norfolk Constabulary,Norfolk Constabulary,1.289766,52.625801,On or near ,E01026822,Norwich 007A,Suspect charged
9feeff80c62afb379074d475cd5139b66339bc61ad22103f1e7399b91ac818e9,2023-01,Norfolk Constabulary,Norfolk Constabulary,0.373846,52.586581,On or near Sluice Road,E01026679,King's Lynn and West Norfolk 018A,Unable to prosecute suspect
017e1695420a93d0cd2808fec838660442aeb57d1ef82f6260464b15e0967c3c,2023-01,Norfolk Constabulary,Norfolk Constabulary,1.290137,52.630549,On or near St Lawrence Lane,E01026823,Norwich 007B,Investigation complete; no suspect identified
c9d56d51143f86c1890cbb956a0140031b4613e4532921ba24ff0ca146cb5152,2023-01,Norfolk Constabulary,Norfolk Constabulary,0.433863,52.748455,On or near Leafield Road,E01026662,King's Lynn and West Norfolk 010A,Investigation complete; no suspect identified
8a01087e6e4098217d508151c64f210ee31cd6f6a4d712b88016e032229e8ae1,2023-01,Norfolk Constabulary,Norfolk Constabulary,1.734563,52.625957,On or near Sturdee Avenue,E01026641,Great Yarmouth 004D,Action to be taken by another organisation
a5d0c99380943ee5703ee3590a473e68fc2bf4cb6ea56217b1ab4695f55fa986,2023-01,Norfolk Constabulary,Norfolk Constabulary,1.234774,52.488123,On or near The Street,E01026938,South Norfolk 011D,Unable to prosecute suspect
0348566919e254b391ee91127edafc48e0b2432054cf4e78c2a2e4eb43cf7a33,2023-01,Norfolk Constabulary,Norfolk Constabulary,,,No location,,,Unable to prosecute suspect
39b66cb7093ff353ad486593883c95e262bfd4541941270e9587153cdbb2c515,2023-01,Norfolk Constabulary,Norfolk Constabulary,0.495250,52.850962,On or near Jubilee Drive,E01026653,King's Lynn and West Norfolk 004A,Investigation complete; no suspect identified
73f1ac5b914fb0bb12090542947e53f8510b9e34ba74cc34d01bea92ad82f925,2023-01,Norfolk Constabulary,Norfolk Constabulary,1.412118,52.675977,On or near Farman Close,E01026579,Broadland 008D,Unable to prosecute suspect
c0bf1858cd42b20a5e8a57492d65eab75d6080fd81994b17f40bd2a3494c448f,2023-01,Norfolk Constabulary,Norfolk Constabulary,1.412118,52.675977,On or near Farman Close,E01026579,Broadland 008D,Unable to prosecute suspect
cb94782b307c0e15081173da12bda49223a5467f98e5d28a5f118ea831d52d58,2023-01,Norfolk Constabulary,Norfolk Constabulary,1.185206,52.667917,On or near Peacock Grove,E01033538,South Norfolk 001G,Unable to prosecute suspect
609f06ea7a592e60c0859b56907cc81a9456f5c8707a043c468c60801d17a475,2023-01,Norfolk Constabulary,Norfolk Constabulary,1.089137,52.380600,On or near QUEENSWAY,E01026932,South Norfolk 015F,Unable to prosecute suspect
10014732298800a93aa5233f0f9d4624f0e0decc4efee2a8ab02392841e8074f,2023-01,Norfolk Constabulary,Norfolk Constabulary,1.093952,52.902626,On or near CORONATION ROAD,E01026743,North Norfolk 004C,Local resolution
87fa4ddbca3815799784b78a3c1308cd7b041133a61a7dd7faf5dd3a8b219a91,2023-01,Norfolk Constabulary,Norfolk Constabulary,1.297009,52.624440,On or near Brooke Place,E01026822,Norwich 007A,Investigation complete; no suspect identified
71ac36591f5bd051bd2489446441cf2b6a81188549a6c92078195779f8c86b73,2023-01,Norfolk Constabulary,Norfolk Constabulary,0.739271,52.406669,On or near Sweyn Close,E01026477,Breckland 017D,Investigation complete; no suspect identified
6b7f0ce5eb3358863fd644c7e2be363bfd0cb756b43e56e898e2157d401a2487,2023-01,Norfolk Constabulary,Norfolk Constabulary,1.378884,52.660264,On or near Green Lane East,E01026578,Broadland 008C,Suspect charged
919fed0d942baac40cda6d18e1dd3dced892c7678a89b3724a1942ea3a5da4f8,2023-01,Norfolk Constabulary,Norfolk Constabulary,0.732799,52.407583,On or near Nessa Close,E01026477,Breckland 017D,Unable to prosecute suspect
7563b9dc16ba9a2e8bebfad32a01e619d032f5107ed9d5c0bceb70d2bd390203,2023-01,Norfolk Constabulary,Norfolk Constabulary,1.291038,52.640174,On or near Buxton Road,E01026831,Norwich 002D,Investigation complete; no suspect identified
bebb125bb96da5ae008284d23eaa91d9fe4b07ade3bb204d96cc310a6462851f,2023-01,Norfolk Constabulary,Norfolk Constabulary,0.941354,52.788333,On or near ,E01026483,Breckland 001E,Unable to prosecute suspect
5cfb7e71d54d38deae7d977ea46c615b5c185779d8b90a053648abf7a81f8585,2023-01,Norfolk Constabulary,Norfolk Constabulary,1.298450,52.630425,On or near Queen Street,E01033438,Norwich 014A,Investigation complete; no suspect identified
18eb31190654c4345d7696595b263387cc92176138b921461cd1f03346904f3b,2023-01,Norfolk Constabulary,Norfolk Constabulary,1.727790,52.571527,On or near Upper Cliff Road,E01026610,Great Yarmouth 010A,Investigation complete; no suspect identified
18c844ba568609a7801698fe9be8e680cb8ce9245a90cf2aee23878057f6a1a4,2023-01,Norfolk Constabulary,Norfolk Constabulary,1.098099,52.494392,On or near Rode Lane,E01026877,South Norfolk 011A,Investigation complete; no suspect identified
39835298de809fa1cf46b321ce64baf2523ee9c7c990e35a618f7db8812b66eb,2023-01,Norfolk Constabulary,Norfolk Constabulary,1.012919,52.951787,On or near Langham Road,E01026739,North Norfolk 002A,Investigation complete; no suspect identified
50b7ebf512f0a16528ab9268263497bc48e45a04a9c3ecd1430a0aea611fb941,2023-01,Norfolk Constabulary,Norfolk Constabulary,1.108205,52.381116,On or near Sunnyside,E01026889,South Norfolk 015B,Investigation complete; no suspect identified
1ff82628c5c082d337eb875315f1ad33a6cecb9e90f0b1c8d2692dd64802fc02,2023-01,Norfolk Constabulary,Norfolk Constabulary,0.861092,52.552982,On or near Parking Area,E01033040,Breckland 010F,Unable to prosecute suspect
0e48626bc684ec83631a8f5d58dc2e74a89250713b6ac11114a0a549e922086e,2023-01,Norfolk Constabulary,Norfolk Constabulary,1.726143,52.606551,On or near ,E01026623,Great Yarmouth 006B,Investigation complete; no suspect identified
0527b77fbe4ddfb492f2e8d9f33772ed183cc866dbff5b6098707296e3e308e2,2023-01,Norfolk Constabulary,Norfolk Constabulary,0.858857,52.837463,On or near LEE WARNER AVENUE,E01026745,North Norfolk 011A,Investigation complete; no suspect identified
b0920d0989897d4f8b6c5e88a9530701cb3362d892a285f2e3de23bc4c2e6830,2023-01,Norfolk Constabulary,Norfolk Constabulary,1.722650,52.607344,On or near ,E01026597,Great Yarmouth 005C,Unable to prosecute suspect
f6b9394deae5dd3aaac63beee9fa4e1ecb18516b775411b39b9168a9b9056546,2023-01,Norfolk Constabulary,Norfolk Constabulary,0.418897,52.757816,On or near Helena Anderson Court,E01026693,King's Lynn and West Norfolk 009D,Investigation complete; no suspect identified
43eb9c45b4a0059b42275db859a6e2ff5e6d1427f6814eec17b3a4645c3cc3e9,2023-01,Norfolk Constabulary,Norfolk Constabulary,1.229844,52.487988,On or near Manor Road,E01026940,South Norfolk 011F,Investigation complete; no suspect identified
b08092eedbefaa7eb095544505969d88c639c5d6681e8485cccb85b6b7651971,2023-01,Norfolk Constabulary,Norfolk Constabulary,0.185406,52.695553,On or near School Road,E01026721,King's Lynn and West Norfolk 013E,Investigation complete; no suspect identified
d4750dae8d70dec01c79e1c24e89e9d80f30d4d2ff3d155988662b8bb3e72993,2023-01,Norfolk Constabulary,Norfolk Constabulary,1.180690,52.599446,On or near Queen's Road,E01026907,South Norfolk 003C,Unable to prosecute suspect
8ff94cdc9fa19007b531f7686ae09bcc8b3a884d7cb288e876c59d79449b04d7,2023-01,Norfolk Constabulary,Norfolk Constabulary,0.841801,52.571099,On or near Blenheim Way,E01026486,Breckland 009A,Unable to prosecute suspect
28130fedfbf77f57e8d9b4b17ca39b87474e409a5a9461d0d7c711e0676d009c,2023-01,Norfolk Constabulary,Norfolk Constabulary,1.248664,52.639743,On or near Lusher Rise,E01026864,Norwich 006B,Investigation complete; no suspect identified
2d0f1ed6d3d5db0651de0a4cf6c7ce48c49fcd4c7ac2056bd7cd6b030aba13ab,2023-01,Norfolk Constabulary,Norfolk Constabulary,1.108033,52.721058,On or near The Street,E01026524,Broadland 002C,Unable to prosecute suspect
957767846e60bbe7a379efe278e5b45b6b1b63c13eb198e5dc31c0f62e9244cc,2023-01,Norfolk Constabulary,Norfolk Constabulary,0.841801,52.571099,On or near Blenheim Way,E01026486,Breckland 009A,Unable to prosecute suspect
54520e5f0a7484cabf5cb44668e3e61a361ea4602875effd2983ae9101229214,2023-01,Norfolk Constabulary,Norfolk Constabulary,0.394964,52.753815,On or near High Street,E01026699,King's Lynn and West Norfolk 011B,Suspect charged
a2a215cb72ee64b6ba0c2d3aa867961da97e4e6a0ff7ee7c865d1663791c3a1a,2023-01,Norfolk Constabulary,Norfolk Constabulary,1.337098,52.649974,On or near Pinetrees Road,E01026560,Broadland 013D,Investigation complete; no suspect identified
860e62f3f234714ac2e5ca437ad9d0e034470a01ded959846e846958218188f6,2023-01,Norfolk Constabulary,Norfolk Constabulary,1.574021,52.718609,On or near GLEBE CLOSE,E01026783,North Norfolk 014C,Unable to prosecute suspect
e1b4bf398198f4fef089b8ce6b32f859fcb65ed4281b84fb11823d53bac7238a,2023-01,Norfolk Constabulary,Norfolk Constabulary,0.405994,52.760614,On or near Raby Avenue,E01026687,King's Lynn and West Norfolk 007A,Unable to prosecute suspect
ce3f65e78e13d238a06ecda85dcf8c61c03d042d890dd3ab6892b7d718be3d15,2023-01,Norfolk Constabulary,Norfolk Constabulary,1.728870,52.602831,On or near NOTTINGHAM WAY,E01026625,Great Yarmouth 006D,Unable to prosecute suspect
ce3f65e78e13d238a06ecda85dcf8c61c03d042d890dd3ab6892b7d718be3d15,2023-01,Norfolk Constabulary,Norfolk Constabulary,1.728870,52.602831,On or near NOTTINGHAM WAY,E01026625,Great Yarmouth 006D,Unable to prosecute suspect
b2860c8c9ee1c490c1ba6585934d970b1f62dcdf50002eab8e4d613826fe4b10,2023-01,Norfolk Constabulary,Norfolk Constabulary,1.291732,52.629542,On or near Lower Goat Lane,E01026822,Norwich 007A,Unable to prosecute suspect
4bba3a5b38b664f9a63f5ac786d480a1d05964525bb74302ffcdfaf013a90e23,2023-01,Norfolk Constabulary,Norfolk Constabulary,0.482528,52.933026,On or near ,E01026683,King's Lynn and West Norfolk 001D,Investigation complete; no suspect identified
111182939861f37dae3a76c101803e18939d2497cd41dacd30834e834417d1bc,2023-01,Norfolk Constabulary,Norfolk Constabulary,1.135769,52.576003,On or near Penfold Drive,E01026945,South Norfolk 007D,Offender given a caution
ce70c9e3858a875f44f717252e7b5c37da3153ae3234b057972af135317dc04d,2023-01,Norfolk Constabulary,Norfolk Constabulary,1.241684,52.638918,On or near ,E01026867,Norwich 006E,Investigation complete; no suspect identified
43c941c1b5c4eee4453b900e8d5bdb64e0b045ac62299826f3c053e5a1770216,2023-01,Norfolk Constabulary,Norfolk Constabulary,0.232294,52.610294,On or near Suttons Close,E01026659,King's Lynn and West Norfolk 016A,Unable to prosecute suspect
2ca485c3d553a8b7c1e171978e5a82f50f49e8c758889e3f54a362e8c0dc8dc6,2023-01,Norfolk Constabulary,Norfolk Constabulary,1.316849,52.648744,On or near Holly Bank,E01026559,Broadland 013C,Unable to prosecute suspect
f6afd066d5224190d39e1d31d0546e5e9f732b9ed816d21ab7ce61838d59e41b,2023-01,Norfolk Constabulary,Norfolk Constabulary,0.393104,52.742604,On or near St Valery Lane,E01026704,King's Lynn and West Norfolk 011D,Unable to prosecute suspect
ada7263e887b0aed892e38aa973bbd9aee2aeb4fecb256201efe87a9b52ebd64,2023-01,Norfolk Constabulary,Norfolk Constabulary,1.296623,52.626177,On or near Golden Ball Street,E01026822,Norwich 007A,Unable to prosecute suspect
b5b0512c22d2ea5fcf6eb45ff14575c6ad1fb5d1d3811a65b36aacf6f3ffe19c,2023-01,Norfolk Constabulary,Norfolk Constabulary,0.400474,52.760502,On or near CRESSWELL STREET,E01026689,King's Lynn and West Norfolk 007C,Suspect charged
faecc32294373889515a051fae8530aade6cb51d1b342644dce9ea99e79482dd,2023-01,Norfolk Constabulary,Norfolk Constabulary,0.402999,52.748752,On or near Pleasant Court,E01026699,King's Lynn and West Norfolk 011B,Unable to prosecute suspect
7e21a5a04fa3cf65590f7871965b6b1d3877045e9340e20672e94de82d3cfd62,2023-01,Norfolk Constabulary,Norfolk Constabulary,1.236496,52.705945,On or near Pinelands Road,E01026535,Broadland 004C,Unable to prosecute suspect
af89a0bbcae100249816e74521ef62d62cb3b4a52fb6db785a90975983d02faa,2023-01,Norfolk Constabulary,Norfolk Constabulary,1.301890,52.625671,On or near St Ann Lane,E01033440,Norwich 014C,Unable to prosecute suspect
452779d790c4d818bd618a29e0428906e49c97395edebb3a769e27451a2435f4,2023-01,Norfolk Constabulary,Norfolk Constabulary,1.271752,52.623054,On or near Glebe Road,E01026838,Norwich 009D,Unable to prosecute suspect
6440929ef88dc5772993696c2b2a1bb5b5c1c9462a778ecff1a15d3c12f4be16,2023-01,Norfolk Constabulary,Norfolk Constabulary,0.290738,52.758338,On or near Chapel Road,E01026712,King's Lynn and West Norfolk 008C,Unable to prosecute suspect
5b5f3917aa17c0cb56b47b55eb7bfbb83159bf99683ba98bc2832fd1dbc7a21e,2023-01,Norfolk Constabulary,Norfolk Constabulary,0.729611,52.420246,On or near Elgin Way,E01026467,Breckland 015C,Unable to prosecute suspect
ff3022c460de23e8364e4d620897609b3d79c519ccaa0da1f170fd574fb37fce,2023-01,Norfolk Constabulary,Norfolk Constabulary,1.293674,52.629218,On or near ,E01026823,Norwich 007B,Investigation complete; no suspect identified
2e7a4677a0f84f8bbdae1af114668d81f80a6e3d400fad9f44bbfa6fc86905d3,2023-01,Norfolk Constabulary,Norfolk Constabulary,0.404740,52.751576,On or near Sports/Recreation Area,E01026699,King's Lynn and West Norfolk 011B,Unable to prosecute suspect
288551b1772d57a0c2f25f8facb2d1cc387a23c34cf97b9dd432e771661f9185,2023-01,Norfolk Constabulary,Norfolk Constabulary,1.291810,52.637463,On or near The Lathes,E01026826,Norwich 007E,Unable to prosecute suspect
71c2249fa798739e029d291dc1baa594ad530c0691515b54ac36a8afee6178db,2023-01,Norfolk Constabulary,Norfolk Constabulary,0.290738,52.758338,On or near Chapel Road,E01026712,King's Lynn and West Norfolk 008C,Unable to prosecute suspect
692247b515e1194583f7a87af1c3d0672d591585fcf6cb0cc434f6cabaa87a68,2023-01,Norfolk Constabulary,Norfolk Constabulary,1.340541,52.667387,On or near ,E01026561,Broadland 013E,Unable to prosecute suspect
46186c3f3ee7fba50b55d5a87c2da960d4e4a6cdf0919dc7341090656691f6ad,2023-01,Norfolk Constabulary,Norfolk Constabulary,0.405994,52.760614,On or near Raby Avenue,E01026687,King's Lynn and West Norfolk 007A,Unable to prosecute suspect
9ba233040fd3a84b60f9b48e92907050de699c0dfb86f14b7235d8e2a5abc0a7,2023-01,Norfolk Constabulary,Norfolk Constabulary,1.296996,52.638416,On or near Garden Place,E01026826,Norwich 007E,Unable to prosecute suspect
63c984e88081e07365137a69b35689ff6cc63f9b3860340164944576f7f8e553,2023-01,Norfolk Constabulary,Norfolk Constabulary,1.252063,52.629964,On or near Beverley Close,E01026868,Norwich 006F,Unable to prosecute suspect
00f6b20e07c38f5b79b2dde6f0b5405fac144712688a8de4d8bd3679aa8d9e9c,2023-01,Norfolk Constabulary,Norfolk Constabulary,0.404123,52.748981,On or near Hospital Walk,E01026699,King's Lynn and West Norfolk 011B,Unable to prosecute suspect
8cca93e1733ed1398fb399cb4634063434cab39dfbced0d60219d71caf2b8fb2,2023-01,Norfolk Constabulary,Norfolk Constabulary,1.295242,52.636711,On or near Parking Area,E01026826,Norwich 007E,Suspect charged
daac6dcf8caf7eade55e1726ff81197a7c72e88b56c57bfe46980bcd8f91b081,2023-01,Norfolk Constabulary,Norfolk Constabulary,1.229108,52.637185,On or near Ladysmock Way,E01033436,Norwich 005H,Unable to prosecute suspect
1e1764094e356b351f74fd8839fba53f627d55838319385f045c56e1c73b0df8,2023-01,Norfolk Constabulary,Norfolk Constabulary,1.256494,52.537181,On or near Alan Avenue,E01026919,South Norfolk 009D,Unable to prosecute suspect
dd85868636c0afbf9f7a7e826fe72aec49b8250d342d3fbdbd0d476e66d99e65,2023-01,Norfolk Constabulary,Norfolk Constabulary,1.340541,52.667387,On or near ,E01026561,Broadland 013E,Unable to prosecute suspect
5c93e2453ff450ffee0fc93e9b9c142d26134ff1d4c08b5eef11985bd1e40593,2023-01,Norfolk Constabulary,Norfolk Constabulary,1.289731,52.638924,On or near Wingfield Road,E01026831,Norwich 002D,Investigation complete; no suspect identified
02e15b0ea31a7f56ece2c95f41d656d40bedb77390c3de9a72c1e77c57d3ed31,2023-01,Norfolk Constabulary,Norfolk Constabulary,,,No location,,,Unable to prosecute suspect
cfb37a66aacf3826ae9e1aa6e9ec7068a2bf040b1cfff9af4abb7bc4a8acd207,2023-01,Norfolk Constabulary,Norfolk Constabulary,0.956592,52.837360,On or near Stibbard Road,E01026729,North Norfolk 008A,Unable to prosecute suspect
9df83dfcf9a384cf351cfad7e4304d12592b5069a77731a987c812b244d69d36,2023-01,Norfolk Constabulary,Norfolk Constabulary,1.308888,52.624000,On or near Supermarket,E01033441,Norwich 014D,Unable to prosecute suspect
9df83dfcf9a384cf351cfad7e4304d12592b5069a77731a987c812b244d69d36,2023-01,Norfolk Constabulary,Norfolk Constabulary,1.308888,52.624000,On or near Supermarket,E01033441,Norwich 014D,Unable to prosecute suspect
5f863cfe418757ddca3c50adcabecd535dd2b1c47c3fe10d05a63c53e96155b0,2023-01,Norfolk Constabulary,Norfolk Constabulary,0.694497,52.652491,On or near Orford Road,E01026459,Breckland 007E,Unable to prosecute suspect
7b7fdf4abe4ca31fba6344da3032d1835f24537e17daff2be89eba7db54325f7,2023-01,Norfolk Constabulary,Norfolk Constabulary,1.293132,52.626148,On or near ,E01026822,Norwich 007A,Unable to prosecute suspect
7b7fdf4abe4ca31fba6344da3032d1835f24537e17daff2be89eba7db54325f7,2023-01,Norfolk Constabulary,Norfolk Constabulary,1.293132,52.626148,On or near ,E01026822,Norwich 007A,Unable to prosecute suspect
b0f3d396adf6a1a6005d51eed38a4b55976115787037fa89a6862c319259db35,2023-01,Norfolk Constabulary,Norfolk Constabulary,0.931521,52.686860,On or near Girling Road,E01026428,Breckland 003A,Unable to prosecute suspect
10bef961cc904999259f41066fba0b8f5c4f33eabbc630bedafb2145c9e15911,2023-01,Norfolk Constabulary,Norfolk Constabulary,1.279163,52.632823,On or near Wymer Street,E01026824,Norwich 007C,Investigation complete; no suspect identified
7b2366a45e857e11e15f37a6988b91b7e1fbae9696d76bd33e71c3aad44ca840,2023-01,Norfolk Constabulary,Norfolk Constabulary,1.693949,52.572956,On or near ,E01026585,Great Yarmouth 013A,Suspect charged
a81e8c706f8a2e44724f94329606def5d3cab0bb1c7c586a4e679aedbf62aa09,2023-01,Norfolk Constabulary,Norfolk Constabulary,1.729453,52.604297,On or near King Street,E01026624,Great Yarmouth 006C,Investigation complete; no suspect identified
f0231ed9d0215d141f40472cdc2f2fa3d7efa7d8016e3e967e0dee962a60853f,2023-01,Norfolk Constabulary,Norfolk Constabulary,1.718818,52.613554,On or near ,E01026597,Great Yarmouth 005C,Suspect charged
f2e63f7127a8d94dd750459e8235903fcdad0628093d270506cd5d52b9af3c88,2023-01,Norfolk Constabulary,Norfolk Constabulary,1.291471,52.624516,On or near ,E01026822,Norwich 007A,Unable to prosecute suspect
1d671f0609ccba2852ac20b1c123c9d80638f01e19a02e20d26c376807cc5a8c,2023-01,Norfolk Constabulary,Norfolk Constabulary,0.796747,52.611992,On or near ,E01026496,Breckland 008E,Suspect charged
54d93b67d0f7c19e02dc15d58c2f4e1a214bd38047e82750445aa2bc4033ae99,2023-01,Norfolk Constabulary,Norfolk Constabulary,0.948595,52.743424,On or near ,E01033042,Breckland 001F,Unable to prosecute suspect
c6a7bac3cf7a154515f6073e77c5c04d7a2dbfb50530fdfd0db1b13d05eff184,2023-01,Norfolk Constabulary,Norfolk Constabulary,0.931521,52.686860,On or near Girling Road,E01026428,Breckland 003A,Investigation complete; no suspect identified
2012f9dff298ca5c0c626c858be29096526aedec25a806dd5e0ab7d3d099a45f,2023-01,Norfolk Constabulary,Norfolk Constabulary,0.929239,52.528409,On or near Rectory Road,E01026419,Breckland 010A,Unable to prosecute suspect
ed9dc3fec28253d4261d62c813b6c2d4004114ea4dfc1c44215585da1f57573e,2023-01,Norfolk Constabulary,Norfolk Constabulary,1.460091,52.756822,On or near ,E01026767,North Norfolk 012B,Suspect charged
443a07708f5526578f531f75f2b2a884e4d40cee9d96a3b62ef47ff77cd61e46,2023-01,Norfolk Constabulary,Norfolk Constabulary,1.724138,52.563448,On or near Orde Avenue,E01026611,Great Yarmouth 010B,Investigation complete; no suspect identified
7e5e647ae150bb5a4422e231eb5ad586755032b2b2d77ec33a5c7740c4d22dd4,2023-01,Norfolk Constabulary,Norfolk Constabulary,1.262192,52.625063,On or near Sixteen Acre Road,E01026859,Norwich 010B,Investigation complete; no suspect identified
19453169a891c0992eee60ad33ddc3fa747f65f7522bc78ac3fe782916a144b9,2023-01,Norfolk Constabulary,Norfolk Constabulary,0.400474,52.760502,On or near CRESSWELL STREET,E01026689,King's Lynn and West Norfolk 007C,Unable to prosecute suspect
e5bdfb70fce4fb89586a978b04232aaf803c1462cf28137163a6c17d7b2618cb,2023-01,Norfolk Constabulary,Norfolk Constabulary,0.430306,52.753770,On or near Freiston,E01026663,King's Lynn and West Norfolk 010B,Unable to prosecute suspect
3798537dc7a4ebc1e5b1374e88a29aef44020743d2add4d558dfed233e895040,2023-01,Norfolk Constabulary,Norfolk Constabulary,0.406316,52.766713,On or near Nottingham Road,E01026688,King's Lynn and West Norfolk 007B,Local resolution
923d51a6e198c41bbaaae93e03c18c5a5631b330d520b10462024cfc43b2c999,2023-01,Norfolk Constabulary,Norfolk Constabulary,1.249694,52.658017,On or near Wensum Meadows Road,E01026529,Broadland 010D,Suspect charged
e04ca21404e9ac88098675f13f3e234683f67b7198c00818eba8588be5475530,2023-01,Norfolk Constabulary,Norfolk Constabulary,1.274390,52.417322,On or near Skinner's Lane,E01026872,South Norfolk 013A,Unable to prosecute suspect
412d93c5f4306cbcf11236cb8cf72f604dd4b6e5bb4fcf1931eb2c01ebb433ee,2023-01,Norfolk Constabulary,Norfolk Constabulary,1.084183,52.948681,On or near Bard Hill,E01026741,North Norfolk 004A,Unable to prosecute suspect
285dc4adec1bc25186b88fb9f1e7d3b5add0c8e1256eab99e23dd7de0a6ada1a,2023-01,Norfolk Constabulary,Norfolk Constabulary,1.120404,52.574584,On or near Folly Gardens,E01026946,South Norfolk 007E,Unable to prosecute suspect
6e8358f0c36dffca01e01d665d18b9b6e692153bec0af943fee15cb87024d261,2023-01,Norfolk Constabulary,Norfolk Constabulary,1.273582,52.654679,On or near Gowing Court,E01026832,Norwich 002E,Formal action is not in the public interest
15edcb6e319b4a67f842c92c0bbdf4ef2df1467f7b2b873f473270e3aa707d77,2023-01,Norfolk Constabulary,Norfolk Constabulary,1.087227,52.381450,On or near Crick's Walk,E01026932,South Norfolk 015F,Unable to prosecute suspect
72e478eea2f27593eb4babd4cfbe1ddebc0544dbb955502700fcf95d5c8a72cd,2023-01,Norfolk Constabulary,Norfolk Constabulary,1.375264,52.664532,On or near Tagg Way,E01026578,Broadland 008C,Investigation complete; no suspect identified
54e4f133455fe88728c8689bf06da045f892b98cfdd5283b2ea8af45d1d8926b,2023-01,Norfolk Constabulary,Norfolk Constabulary,1.725674,52.587821,On or near Highfield Road,E01026601,Great Yarmouth 009A,Unable to prosecute suspect
e4fa872606dcd77b06eef902b7a61bc60102c5bbe066ce4a49d2e64307cd3a01,2023-01,Norfolk Constabulary,Norfolk Constabulary,1.731666,52.625437,On or near Perebrown Avenue,E01026641,Great Yarmouth 004D,Unable to prosecute suspect
28d6ecf2f0e98ff46089436dcbaf3b887d7035bba2b355c8dc1a3235f3f39062,2023-01,Norfolk Constabulary,Norfolk Constabulary,1.289814,52.622302,On or near Kingsley Road,E01026855,Norwich 011D,Investigation complete; no suspect identified
58f8a7c2d8b83526f9c678763015f76831e2ec3913345a7700f5a95349cc6681,2023-01,Norfolk Constabulary,Norfolk Constabulary,1.720552,52.602643,On or near Jervis Close,E01026634,Great Yarmouth 007C,Unable to prosecute suspect
07bfe778d711d7f8a62ebfaf2e1a5f5e6e611137731c13cd7dbd1cf6f485c56c,2023-01,Norfolk Constabulary,Norfolk Constabulary,1.288765,52.631954,On or near Westwick Street,E01026822,Norwich 007A,Suspect charged
07bfe778d711d7f8a62ebfaf2e1a5f5e6e611137731c13cd7dbd1cf6f485c56c,2023-01,Norfolk Constabulary,Norfolk Constabulary,1.288765,52.631954,On or near Westwick Street,E01026822,Norwich 007A,Suspect charged
07bfe778d711d7f8a62ebfaf2e1a5f5e6e611137731c13cd7dbd1cf6f485c56c,2023-01,Norfolk Constabulary,Norfolk Constabulary,1.288765,52.631954,On or near Westwick Street,E01026822,Norwich 007A,Suspect charged
656dc8a18cc5b42b165581e9ae3bc15f64eb87c6c143f76c8ce71a8f3225d5c1,2023-01,Norfolk Constabulary,Norfolk Constabulary,0.395780,52.754104,On or near Burtons Court,E01026699,King's Lynn and West Norfolk 011B,Suspect charged
656dc8a18cc5b42b165581e9ae3bc15f64eb87c6c143f76c8ce71a8f3225d5c1,2023-01,Norfolk Constabulary,Norfolk Constabulary,0.395780,52.754104,On or near Burtons Court,E01026699,King's Lynn and West Norfolk 011B,Suspect charged
1ad3cf92ccb99d563877a8d84e80291791e856e02d89711825a1940053e216ff,2023-01,Norfolk Constabulary,Norfolk Constabulary,1.118513,52.371824,On or near Thomas Manning Road,E01033541,South Norfolk 015H,Unable to prosecute suspect
358d3cfb2b6c50f056d8e5223a94a0e61cfb836ec1e03f681315b9ce129fdfef,2023-01,Norfolk Constabulary,Norfolk Constabulary,1.730003,52.604333,On or near Dene Side,E01026624,Great Yarmouth 006C,Unable to prosecute suspect
6275e0c8e691365616db408f1578b5fe057a808c28fc2993e05cbd9497626974,2023-01,Norfolk Constabulary,Norfolk Constabulary,0.497982,52.842417,On or near Duck Decoy Close,E01026655,King's Lynn and West Norfolk 004C,Unable to prosecute suspect
a3035efb0ac8964ef86985854e7ac3b441014362583e4e59f73f68ea03cfdce4,2023-01,Norfolk Constabulary,Norfolk Constabulary,0.290738,52.758338,On or near Chapel Road,E01026712,King's Lynn and West Norfolk 008C,Unable to prosecute suspect
d3787da4a58a5a0a795347f99032dde49259c667f8364921b913493391ff3078,2023-01,Norfolk Constabulary,Norfolk Constabulary,1.253995,52.621745,On or near NORTH PARK AVENUE,E01026810,Norwich 012A,Suspect charged
705a8a93143040d7346982d569e051bbf4c5cecd3dcc32b4d369b6a56e5f2abc,2023-01,Norfolk Constabulary,Norfolk Constabulary,0.744311,52.411588,On or near St Mary's Court,E01026474,Breckland 017A,Investigation complete; no suspect identified
e9b1631b894fe696d97092e504bc216a74e4033c8681892a8930752a011e0b1d,2023-01,Norfolk Constabulary,Norfolk Constabulary,0.956592,52.837360,On or near Stibbard Road,E01026729,North Norfolk 008A,Unable to prosecute suspect
37d1374dc7bb3e698a08a9649c50680cc39d69cde9d2b6938bf0ba956bed0012,2023-01,Norfolk Constabulary,Norfolk Constabulary,1.096152,52.378150,On or near Boundary Way,E01026932,South Norfolk 015F,Unable to prosecute suspect
d057ef0df3fd3bcc69e214248bf5cab71846bb0f93a1b2ba19a7f82f8c9b0fb6,2023-01,Norfolk Constabulary,Norfolk Constabulary,1.201338,52.712296,On or near Taverham Road,E01026535,Broadland 004C,Local resolution
1fd6c72924f5d97ee65c5600452a6ecd5ea45bb1962be4ec206173492558c45c,2023-01,Norfolk Constabulary,Norfolk Constabulary,0.740165,52.414220,On or near Canon's Close,E01026474,Breckland 017A,Unable to prosecute suspect
8644ab2963361e34f2b89a0695f841088f974e6ec2c7b0de4930696f433a33da,2023-01,Norfolk Constabulary,Norfolk Constabulary,1.732211,52.603553,On or near Oxborough Walk,E01026624,Great Yarmouth 006C,Investigation complete; no suspect identified
22910f5bbf60d48405de67ade330cdf3471a651006d25cacb57658abfe612fc6,2023-01,Norfolk Constabulary,Norfolk Constabulary,1.209929,52.645576,On or near ,E01026925,South Norfolk 001F,Investigation complete; no suspect identified
d7020191c8348ade33104915cfa8a594c3f4a3a04258af3066fcd983b8c09176,2023-01,Norfolk Constabulary,Norfolk Constabulary,1.296723,52.618278,On or near Ninham Street,E01026853,Norwich 011B,Suspect charged
17c6e558733d7d029203d48e119c8995f42c34a4afa185a5618b8a73d524ece6,2023-01,Norfolk Constabulary,Norfolk Constabulary,1.276270,52.623001,On or near ,E01026857,Norwich 011F,Suspect charged
fbfb11957ae3c0951935f981b651e78d0b4a00b660c30f42afa1a57050070581,2023-01,Norfolk Constabulary,Norfolk Constabulary,,,No location,,,Unable to prosecute suspect
ea48c8e778e0fa26a0dac36f573b2ffaf82654a99a7e326c26a65df9a9774d31,2023-01,Norfolk Constabulary,Norfolk Constabulary,1.252845,52.616803,On or near Norgate Road,E01026814,Norwich 012E,Unable to prosecute suspect
a294fa98442a77f8cf5b49620fcdb5e35f825adcbb1dabb60c967486d57ab207,2023-01,Norfolk Constabulary,Norfolk Constabulary,0.740799,52.405464,On or near Staniforth Road,E01026477,Breckland 017D,Unable to prosecute suspect
992a65fcca463fb6f53e8042a181f6356023766ed27a2692c46a63f98023032f,2023-01,Norfolk Constabulary,Norfolk Constabulary,1.726366,52.652444,On or near Jordan Road,E01026592,Great Yarmouth 003D,Unable to prosecute suspect
6b5f079d57949440fd994e01df3d6512e31bab1f2038e63fc533a3bcd6a5111a,2023-01,Norfolk Constabulary,Norfolk Constabulary,1.198891,52.939863,On or near Hannah Close,E01026772,North Norfolk 001C,Investigation complete; no suspect identified
886b4adc0030c7eddda23361e4276053432aaa6027699402e38b4b96048d298f,2023-01,Norfolk Constabulary,Norfolk Constabulary,1.546915,52.636497,On or near ,E01026498,Broadland 018B,Investigation complete; no suspect identified
9f021dad32c8cac58bef2949b1e1f5658ac0a73b47645f42959527e02179bf20,2023-01,Norfolk Constabulary,Norfolk Constabulary,0.945325,52.676041,On or near ,E01026426,Breckland 005B,Unable to prosecute suspect
4deb3f94585100de62608853d8c678861bddb82ad8ea0e5b832740d9d7e3f40b,2023-01,Norfolk Constabulary,Norfolk Constabulary,0.403786,52.748251,On or near WINDSOR ROAD,E01026700,King's Lynn and West Norfolk 011C,Formal action is not in the public interest
55fcc20bfd1d64cf432db2b88f0b9c5a3de711b8b0bc667382914a3879ba2574,2023-01,Norfolk Constabulary,Norfolk Constabulary,1.728725,52.651839,On or near Baxter Court,E01026592,Great Yarmouth 003D,Unable to prosecute suspect
f8332f00025f294b8477f6debd48489db9923b39558605dc11fcadaaa3589d88,2023-01,Norfolk Constabulary,Norfolk Constabulary,0.403786,52.748251,On or near WINDSOR ROAD,E01026700,King's Lynn and West Norfolk 011C,Formal action is not in the public interest
c694cf546a9892948e42d5bd4e4502822114132e6d573630bde608f1aabfad99,2023-01,Norfolk Constabulary,Norfolk Constabulary,1.728725,52.651839,On or near Baxter Court,E01026592,Great Yarmouth 003D,Unable to prosecute suspect
6d564a94321c9825bb58a1404850ab194643d271af87032d6c070f9996d7bd36,2023-01,Norfolk Constabulary,Norfolk Constabulary,1.730003,52.604333,On or near Dene Side,E01026624,Great Yarmouth 006C,Unable to prosecute suspect
6d564a94321c9825bb58a1404850ab194643d271af87032d6c070f9996d7bd36,2023-01,Norfolk Constabulary,Norfolk Constabulary,1.730003,52.604333,On or near Dene Side,E01026624,Great Yarmouth 006C,Unable to prosecute suspect
db8a8c816c44e62965cb99cdc15fea4520d43976ee626cb3e593882183348cb6,2023-01,Norfolk Constabulary,Norfolk Constabulary,1.245962,52.639395,On or near Jex Lane,E01026867,Norwich 006E,Investigation complete; no suspect identified
1a5bb921e841ab518739d6637a58fb8c2a69c1655d86d5bd7f0616cd380b45a9,2023-01,Norfolk Constabulary,Norfolk Constabulary,1.109541,52.375864,On or near Chapel Street,E01026891,South Norfolk 015D,Unable to prosecute suspect
1a5bb921e841ab518739d6637a58fb8c2a69c1655d86d5bd7f0616cd380b45a9,2023-01,Norfolk Constabulary,Norfolk Constabulary,1.109541,52.375864,On or near Chapel Street,E01026891,South Norfolk 015D,Unable to prosecute suspect
284ae46ee2d313676f54e9b7d6f8fa452c9e0243b1fd7b2e09cc1a4d3d9a9858,2023-01,Norfolk Constabulary,Norfolk Constabulary,1.728725,52.651839,On or near Baxter Court,E01026592,Great Yarmouth 003D,Unable to prosecute suspect
16c2d94aaea2c18eedb251c2c12d7f7f3ce5a062a7b5ad5c9926a873dcfc3830,2023-01,Norfolk Constabulary,Norfolk Constabulary,1.487866,52.617521,On or near WILLOW CLOSE,E01026512,Broadland 014E,Investigation complete; no suspect identified
30b1c9a88829c5de7f6b04232ffba9aa51f629abbad981ebbee9174822fea3a8,2023-01,Norfolk Constabulary,Norfolk Constabulary,1.309871,52.630754,On or near The Nest,E01033438,Norwich 014A,Unable to prosecute suspect
8332d35bb2ab425565a2496c7c50fddc7aed613c702aec71930126bf561b439c,2023-01,Norfolk Constabulary,Norfolk Constabulary,1.543068,52.641568,On or near South Walsham Road,E01026498,Broadland 018B,Action to be taken by another organisation
b64d48c8bc3c1317ef7b9baa61b1e01b69e0eb0cb9c406e2c7eb630f42fd98f1,2023-01,Norfolk Constabulary,Norfolk Constabulary,1.543068,52.641568,On or near South Walsham Road,E01026498,Broadland 018B,Action to be taken by another organisation
b734cf9c5685c5a0dbac2762ef1c2728b7d4608a7ff5cdd825f1f8fa967dba5e,2023-01,Norfolk Constabulary,Norfolk Constabulary,1.288557,52.631546,On or near St Margarets Street,E01026822,Norwich 007A,Investigation complete; no suspect identified
6beed314fffbd183f2849882a7e6d361af50865540a0021d3e1987c198c7faa4,2023-01,Norfolk Constabulary,Norfolk Constabulary,1.555253,52.587651,On or near Chapelfield,E01026539,Broadland 018D,Formal action is not in the public interest
b43d65be9cd4b3aa22d0a5dad8d1b4f491962727069832efbd6fe4ddc218add3,2023-01,Norfolk Constabulary,Norfolk Constabulary,0.933690,52.671753,On or near Barnaby Close,E01026425,Breckland 005A,Unable to prosecute suspect
3fd55d61e34bb00d2c9569093bc0b8a7d29b7b9ad0d80c54840a0fe50e64cb4a,2023-01,Norfolk Constabulary,Norfolk Constabulary,0.380004,52.636460,On or near Bardolph Place,E01026727,King's Lynn and West Norfolk 018B,Local resolution
bbef205d2d16d587d9379237de51db11a9ecf518596eaa18635c8fd1ef2ff3a6,2023-01,Norfolk Constabulary,Norfolk Constabulary,0.745363,52.413380,On or near Bridge Street,E01026474,Breckland 017A,Investigation complete; no suspect identified
857e1eddb05645547d5dfd1dc7a6e602ee52a7cb5086d75aa409276633c20a7b,2023-01,Norfolk Constabulary,Norfolk Constabulary,1.015057,52.515713,On or near ,E01026423,Breckland 011B,Investigation complete; no suspect identified
2ab026e06bd25a99b1371f3a39a870549f343d15556197fbb1f24e066a4bd635,2023-01,Norfolk Constabulary,Norfolk Constabulary,1.335576,52.642992,On or near Warnett Road,E01026803,Norwich 004A,Investigation complete; no suspect identified
a45d18108103de3cb3688bf47fcae745ec7327baba7cc96a951c73844ac15df5,2023-01,Norfolk Constabulary,Norfolk Constabulary,1.296723,52.618278,On or near Ninham Street,E01026853,Norwich 011B,Suspect charged
3b43fc39410f167411a3bf05751e8d34fba9d785fe8a6282075452627e104d48,2023-01,Norfolk Constabulary,Norfolk Constabulary,1.579483,52.710439,On or near Parking Area,E01026783,North Norfolk 014C,Unable to prosecute suspect
1273e083a37f6b22ccc68dcca2648a16af5cd9a62ed20e2573aba705b5b19385,2023-01,Norfolk Constabulary,Norfolk Constabulary,0.399679,52.746320,On or near Ethel Terrace,E01026700,King's Lynn and West Norfolk 011C,Unable to prosecute suspect
8c42aaad5f1838c7e88a9459e1f772babd947bfc811fbd37cfcf29da0e7af5cd,2023-01,Norfolk Constabulary,Norfolk Constabulary,1.731985,52.618600,On or near Churchill Road,E01026599,Great Yarmouth 004A,Investigation complete; no suspect identified
5144b5eea30b099402222f1d1ff06da1ecc181ea41fa6fec7e458f096d229bc6,2023-01,Norfolk Constabulary,Norfolk Constabulary,1.245962,52.639395,On or near Jex Lane,E01026867,Norwich 006E,Action to be taken by another organisation
cbfda31056f2dd635239d8c07458c761932771a60a5cd12e50ff7240b68a7a85,2023-01,Norfolk Constabulary,Norfolk Constabulary,0.402171,52.765754,On or near Walpole Road,E01026687,King's Lynn and West Norfolk 007A,Unable to prosecute suspect
294ebdef94d081bd0f73c1fc431febbcb4cdf30431a340540b98e2323405c04a,2023-01,Norfolk Constabulary,Norfolk Constabulary,0.933690,52.671753,On or near Barnaby Close,E01026425,Breckland 005A,Unable to prosecute suspect
45dff57aa1ecddb548d2a1d1e75a823254d2e76f44dde50ef9f7fc880c5049db,2023-01,Norfolk Constabulary,Norfolk Constabulary,1.729219,52.613533,On or near MAYGROVE ROAD,E01026595,Great Yarmouth 005A,Unable to prosecute suspect
6e98f08e7df6762187c7132ba60ad388679b821d0f428bc696e6bf6683210a2f,2023-01,Norfolk Constabulary,Norfolk Constabulary,1.296723,52.618278,On or near Ninham Street,E01026853,Norwich 011B,Suspect charged
6de1cfe62f3fe3e00de513c7f2eebba1670f4e594d77f8214e5a7d865a83d4d0,2023-01,Norfolk Constabulary,Norfolk Constabulary,1.292438,52.603126,On or near Theobald Road,E01026821,Norwich 013F,Unable to prosecute suspect
2f6ae81c7f7e0a0d4a7617ac1e1825f483149f4cfa8d179109ec7e5cdbf2c2de,2023-01,Norfolk Constabulary,Norfolk Constabulary,1.414539,52.647271,On or near Morris Drive,E01026545,Broadland 008A,Unable to prosecute suspect
4d4736c3aa5cf1978dab658f9262a753a45e72ffa3c20fed7d7f1ab1e1247475,2023-01,Norfolk Constabulary,Norfolk Constabulary,0.188654,52.672906,On or near Burrett Road,E01026685,King's Lynn and West Norfolk 013B,Investigation complete; no suspect identified
e7a986bb0eb67fb1c292b9216dff74b7fa1d50280f84ba96c5551ff16d6a2b95,2023-01,Norfolk Constabulary,Norfolk Constabulary,,,No location,,,Investigation complete; no suspect identified
17706598b73bf05b4f02aae3c9f5928cd89e6788e837baa9649390832c7d25b6,2023-01,Norfolk Constabulary,Norfolk Constabulary,0.399566,52.754765,On or near ,E01026698,King's Lynn and West Norfolk 011A,Investigation complete; no suspect identified
5ebb86e05bf8734b6bf3942f6bdd34fff3f15c925238612c967cc07dd35a4910,2023-01,Norfolk Constabulary,Norfolk Constabulary,1.566030,52.807713,On or near Hedgehog Walk,E01026786,North Norfolk 013D,Unable to prosecute suspect
405ee6ab735de1bdead203ec5174d770d4e0b8dc3c002a90dc9c9256662e4584,2023-01,Norfolk Constabulary,Norfolk Constabulary,0.394921,52.608384,On or near Elderflower Way,E01033037,King's Lynn and West Norfolk 017F,Suspect charged
1b3560384d3743d1894e5dcd1791795ae81d6ad7382090f7882e14908b3fbdef,2023-01,Norfolk Constabulary,Norfolk Constabulary,1.238522,52.649941,On or near Gunton Lane,E01026918,South Norfolk 001C,Unable to prosecute suspect
695a3662259fb0f5c59bb70fc1453d74d8ed15e2d086ad72a1aa1bedcd4b92f9,2023-01,Norfolk Constabulary,Norfolk Constabulary,0.433951,52.746044,On or near Mellisham Walk,E01026662,King's Lynn and West Norfolk 010A,Unable to prosecute suspect
6edaa2e15238f9e62c689a49f568225f18a91a5691540e80faadc9049fbf8946,2023-01,Norfolk Constabulary,Norfolk Constabulary,1.176515,52.665372,On or near Lords Hill,E01033538,South Norfolk 001G,Unable to prosecute suspect
ba9b6064624c99a5fd93354b766988c4b2c8a90ff45ab7e5e3a92769486ccc32,2023-01,Norfolk Constabulary,Norfolk Constabulary,0.433951,52.746044,On or near Mellisham Walk,E01026662,King's Lynn and West Norfolk 010A,Unable to prosecute suspect
3d5c6e76c4e50d1530d5a8b8e2309af5ace8fad483d66d015422c71ab8302ee9,2023-01,Norfolk Constabulary,Norfolk Constabulary,1.290885,52.631841,On or near Coslany Street,E01026823,Norwich 007B,Unable to prosecute suspect
b3c023213e334a1ca637b24e042a75b4a0d8b38a2a16354f1b7605cea98d2071,2023-01,Norfolk Constabulary,Norfolk Constabulary,1.290885,52.631841,On or near Coslany Street,E01026823,Norwich 007B,Unable to prosecute suspect
f77bc8c8c6d41198adba1c4a953a1873d4b68a0071e916e2affdef5b39221385,2023-01,Norfolk Constabulary,Norfolk Constabulary,1.451306,52.635717,On or near Lynes Close,E01026505,Broadland 014B,Unable to prosecute suspect
d0de9cef03995e7bf2ce619ad49feb6e8b289d169cc49550091f7ec03dc18eae,2023-01,Norfolk Constabulary,Norfolk Constabulary,1.328404,52.630720,On or near ,E01026808,Norwich 004F,Unable to prosecute suspect
64338a2a8685294fa4624dde33709e3a7533c94846999c61a1bf43e59537c254,2023-01,Norfolk Constabulary,Norfolk Constabulary,1.256833,52.670673,On or near Arden Grove,E01026526,Broadland 010A,Unable to prosecute suspect
a987c0925f720bd48351bf50c458add0592be9377206df3bd57195efe7bff39b,2023-01,Norfolk Constabulary,Norfolk Constabulary,1.281161,52.632857,On or near ,E01026824,Norwich 007C,Suspect charged
84fff6b7f52dabc15ad0101c1c77636e44045cd08acf2f5b3a59ac59f780bb33,2023-01,Norfolk Constabulary,Norfolk Constabulary,0.797940,52.753299,On or near Blenheim Crescent,E01026442,Breckland 002A,Unable to prosecute suspect
06dff3f6ea1287413669c755387c161ad199f2f7dd0c97a422b2abe40a2c56d6,2023-01,Norfolk Constabulary,Norfolk Constabulary,1.296723,52.618278,On or near Ninham Street,E01026853,Norwich 011B,Suspect charged
fdde66cb3ccdc6bb7a5fccf7656403c48108fdfffdd2d004af797dbb371f8094,2023-01,Norfolk Constabulary,Norfolk Constabulary,1.019426,52.954131,On or near ,E01026739,North Norfolk 002A,Unable to prosecute suspect
29b7fa4972248c6d9a1db7a527817c47a667a7a36e3cb90ba78e839a197c02be,2023-01,Norfolk Constabulary,Norfolk Constabulary,0.756098,52.417851,On or near Orchard Way,E01026469,Breckland 016B,Offender given a caution
c4c23a30569f6c016519387e8ac1e8f94a53252a83d68ea26c9105f0839c8a7d,2023-01,Norfolk Constabulary,Norfolk Constabulary,0.910085,52.805427,On or near Mill Road,E01026787,North Norfolk 009C,Unable to prosecute suspect
5a03c557a323edc4f323ae23c557ddcfeb67c6c54d063053d25a4bd91dd1f1b4,2023-01,Norfolk Constabulary,Norfolk Constabulary,1.451306,52.635717,On or near Lynes Close,E01026505,Broadland 014B,Investigation complete; no suspect identified
8be20ba1ca5dae8afe16b680130ebbaddd454b6588d4b079316a30775c6d83df,2023-01,Norfolk Constabulary,Norfolk Constabulary,1.297591,52.401216,On or near Malthouse Court,E01026900,South Norfolk 013B,Investigation complete; no suspect identified
ff48b0d5143aa917c013c866e9b8e18c47753dcdf4d3a7a46f2a52e56ef29f9e,2023-01,Norfolk Constabulary,Norfolk Constabulary,1.084183,52.948681,On or near Bard Hill,E01026741,North Norfolk 004A,Unable to prosecute suspect
6089a9c4050a8920a7627a7d70e272139e0073a9521585f96d19ec4ddc8177b0,2023-01,Norfolk Constabulary,Norfolk Constabulary,1.236496,52.705945,On or near Pinelands Road,E01026535,Broadland 004C,Unable to prosecute suspect
bdac7d31ed9aa2f2cd99e546627a75cece8741b477711907a529a7451b4437e4,2023-01,Norfolk Constabulary,Norfolk Constabulary,1.698762,52.574975,On or near FELLOWES DRIVE,E01026585,Great Yarmouth 013A,Suspect charged
791a908790d2f98517d193d1d8784c09de20bf055b4023c953372d1fc24cf77b,2023-01,Norfolk Constabulary,Norfolk Constabulary,1.229108,52.637185,On or near Ladysmock Way,E01033436,Norwich 005H,Unable to prosecute suspect
2ed8ed1b740c5f5951a9d07b61b1c86858a476735f87baecaf2759e403581740,2023-01,Norfolk Constabulary,Norfolk Constabulary,1.698762,52.574975,On or near FELLOWES DRIVE,E01026585,Great Yarmouth 013A,Suspect charged
5eacf6c7ded996784caba3f347cb021ac3649a49e3eb7e71db86af40a0a965a8,2023-01,Norfolk Constabulary,Norfolk Constabulary,1.698762,52.574975,On or near FELLOWES DRIVE,E01026585,Great Yarmouth 013A,Suspect charged
5381bbd0cea78ff203cdc9ff97f70257110303a9cc99cbb17a3ac638b58cbaa1,2023-01,Norfolk Constabulary,Norfolk Constabulary,1.698762,52.574975,On or near FELLOWES DRIVE,E01026585,Great Yarmouth 013A,Suspect charged
6bec4b34a181fa8e6c4441180286e3ef2c0aa44dedb361cf2cf9339a27850310,2023-01,Norfolk Constabulary,Norfolk Constabulary,1.292367,52.626970,On or near William Booth Street,E01026822,Norwich 007A,Unable to prosecute suspect
3f5ae5714a64d39bb5de584614724b48e0435b016b5b3a4e7fc4bea12a5cfd90,2023-01,Norfolk Constabulary,Norfolk Constabulary,1.290885,52.631841,On or near Coslany Street,E01026823,Norwich 007B,Unable to prosecute suspect
2aae16cbd82614942109168d8aad3550288d235d89c9d8493e48027e09b5713c,2023-01,Norfolk Constabulary,Norfolk Constabulary,1.191731,52.645825,On or near Babylon Drive,E01026883,South Norfolk 002C,Unable to prosecute suspect
9e93f5b49d3a5277e04f1ab34f82ce8fd0078728fcd3dfeab9ff154d86b16ce5,2023-01,Norfolk Constabulary,Norfolk Constabulary,0.218851,52.601798,On or near Town Street,E01026715,King's Lynn and West Norfolk 016D,Suspect charged
73ab300583c79e451faa8476366ad646154cdce663c0f8f362a3ce54d0af3910,2023-01,Norfolk Constabulary,Norfolk Constabulary,1.721829,52.588454,On or near Suffolk Close,E01026600,Great Yarmouth 007A,Unable to prosecute suspect
1bf419bfc1ffa0656b1fcf13a161fcca2030c678959afc4962ac1f117ee7a362,2023-01,Norfolk Constabulary,Norfolk Constabulary,1.137243,52.578083,On or near ,E01026945,South Norfolk 007D,Investigation complete; no suspect identified
80b91fab13a3dbe93c837ce4a60c9c12b37ed05e85fc9be1c40e27dbf8b195b5,2023-01,Norfolk Constabulary,Norfolk Constabulary,1.137243,52.578083,On or near ,E01026945,South Norfolk 007D,Investigation complete; no suspect identified
b2980fcc63cf99f9845cee101661e6120962ce6d5ae9b8951bb6e22352ac213e,2023-01,Norfolk Constabulary,Norfolk Constabulary,1.729492,52.606490,On or near Alexandra Road,E01026623,Great Yarmouth 006B,Suspect charged
95109852bdda5e769aa970c2dde643c73012b31fa7148fe02e8d7c3dff1e7325,2023-01,Norfolk Constabulary,Norfolk Constabulary,1.220816,52.618488,On or near ,E01026883,South Norfolk 002C,Unable to prosecute suspect
c2101145f82e4de356aab01580e9758de5d24ba3acc4093c14ad3b6e9aba846a,2023-01,Norfolk Constabulary,Norfolk Constabulary,1.210789,52.943338,On or near ,E01026770,North Norfolk 001A,Unable to prosecute suspect
31d857caf1618e640ee120a353f7723dcde5f9fac00b11e9fd1eeed406e89b41,2023-01,Norfolk Constabulary,Norfolk Constabulary,1.294926,52.636045,On or near Upper Green Lane,E01026826,Norwich 007E,Suspect charged
98749267bcc14170eb1e79fba68feecf5202232526b2cd763eb4558d5297beea,2023-01,Norfolk Constabulary,Norfolk Constabulary,0.400189,52.760984,On or near Sir Lewis Street,E01026689,King's Lynn and West Norfolk 007C,Unable to prosecute suspect
476dfca1827a53b844041f8bdfa4026ed340a39fe925ceb85d710c9869917982,2023-01,Norfolk Constabulary,Norfolk Constabulary,0.925973,52.678248,On or near Willow Road,E01026452,Breckland 004B,Unable to prosecute suspect
1269fc81fc66b6c9860d30c5b509c7da3132beb0c838b31f8dac23ac958f62f4,2023-01,Norfolk Constabulary,Norfolk Constabulary,1.299298,52.643451,On or near Lawson Road,E01026845,Norwich 003E,Suspect charged
96654ba6144294f9300f88637766b0ad67d015168f99038a179063f216c57727,2023-01,Norfolk Constabulary,Norfolk Constabulary,1.204919,52.942669,On or near Montague Road,E01026770,North Norfolk 001A,Local resolution
63a8c7d4e6394fbe6b9649f52ce53703be47d44242748eb41069d55aabf1bc65,2023-01,Norfolk Constabulary,Norfolk Constabulary,1.190280,52.648031,On or near Achilles Drive,E01033538,South Norfolk 001G,Unable to prosecute suspect
1132e02ed6dc973de527d23c6e9fafc3bcbb67c0d3dbff72f280931c35aae2cf,2023-01,Norfolk Constabulary,Norfolk Constabulary,1.299572,52.607244,On or near Webdell Court,E01026817,Norwich 013B,Investigation complete; no suspect identified
398e52e7559727449954187e67a97707c9bd596a8c6035dc9c8a6119f2646938,2023-01,Norfolk Constabulary,Norfolk Constabulary,1.253134,52.784020,On or near Hungate Lane,E01026501,Broadland 001C,Formal action is not in the public interest
f457930711bdbab5b0bc449d3c4c42414bc98988723cb077ab9fcc2a19926944,2023-01,Norfolk Constabulary,Norfolk Constabulary,1.341603,52.658426,On or near Canada Goose Court,E01026561,Broadland 013E,Offender given a caution
3d3dba86870d3fcf74fdb2134b9bc8243227f2a1c125392d4fdc47549731941f,2023-01,Norfolk Constabulary,Norfolk Constabulary,1.238925,52.608389,On or near Cringleford Chase,E01026882,South Norfolk 002B,Investigation complete; no suspect identified
7eaef652e0b82cab3f5cb4552d30aea89e63cc7351aa94a095b634dd79b6db9d,2023-01,Norfolk Constabulary,Norfolk Constabulary,1.730003,52.604333,On or near Dene Side,E01026624,Great Yarmouth 006C,Unable to prosecute suspect
2ec44916ab8cece97851d99ce80c4ca3a794886d9a280ab99304a41a92e7c595,2023-01,Norfolk Constabulary,Norfolk Constabulary,1.292367,52.626970,On or near William Booth Street,E01026822,Norwich 007A,Further action is not in the public interest
2ec44916ab8cece97851d99ce80c4ca3a794886d9a280ab99304a41a92e7c595,2023-01,Norfolk Constabulary,Norfolk Constabulary,1.292367,52.626970,On or near William Booth Street,E01026822,Norwich 007A,Further action is not in the public interest
f645b767416e8c2e8791023a5db4b402562a12ee0e1ad8698d71212b6da9ad90,2023-01,Norfolk Constabulary,Norfolk Constabulary,0.285586,52.753906,On or near Sutton Road,E01026713,King's Lynn and West Norfolk 008D,Suspect charged
e2c73dee4171e2eff29d6c075687d8b9fd8a5b868c28243d8e3115fe390acf64,2023-01,Norfolk Constabulary,Norfolk Constabulary,1.730003,52.604333,On or near Dene Side,E01026624,Great Yarmouth 006C,Unable to prosecute suspect
0b9a5f283ff5cbd9d3643ccd7a982e07760f5aeaf86d1230d16c5a33397f7219,2023-01,Norfolk Constabulary,Norfolk Constabulary,1.730003,52.604333,On or near Dene Side,E01026624,Great Yarmouth 006C,Unable to prosecute suspect
17e466ddc764c4416136531fdd058d93e769b8643601a0b74c5e3939bc7b96e8,2023-01,Norfolk Constabulary,Norfolk Constabulary,1.232058,52.485832,On or near Manor Park Gardens,E01026938,South Norfolk 011D,Unable to prosecute suspect
9b746a8367615062361c1721d43706f088f7dd4d2747850361a10ac75d15bacc,2023-01,Norfolk Constabulary,Norfolk Constabulary,1.304218,52.755437,On or near St Andrews Close,E01026514,Broadland 003A,Investigation complete; no suspect identified
de5da9ada1686d97696ea7ba7c01fc49633fda02f9bb17f7c1327155090ff6f3,2023-01,Norfolk Constabulary,Norfolk Constabulary,1.284978,52.643940,On or near Press Lane,E01026830,Norwich 002C,Unable to prosecute suspect
f2e92da0c1377ee6f70c5daa4ef8b23ca86379af5aca4d088f581411da3e99fc,2023-01,Norfolk Constabulary,Norfolk Constabulary,1.191968,52.644613,On or near LONG LANE,E01026883,South Norfolk 002C,Unable to prosecute suspect
f7de823ac701832b06c00c7201cdc7617232013127432a0fa3e8837ea81534be,2023-01,Norfolk Constabulary,Norfolk Constabulary,1.234982,52.647861,On or near ,E01026918,South Norfolk 001C,Investigation complete; no suspect identified
47f90a81cbd357ecf61828914b46a95da352afa1fa6acb9ce398d26b87f3d85f,2023-01,Norfolk Constabulary,Norfolk Constabulary,1.552346,52.640562,On or near Phoenix Close,E01026497,Broadland 018A,Investigation complete; no suspect identified
aad5788b12b3ac563f8d50a4d3eb8035c820e486ac99cd71923996b474a92325,2023-01,Norfolk Constabulary,Norfolk Constabulary,1.262086,52.653018,On or near ,E01026531,Broadland 011B,Unable to prosecute suspect
3614e345a0ae011da2e6800586bc261990bc1042e67eea8004eae5ca50c84ce9,2023-01,Norfolk Constabulary,Norfolk Constabulary,1.291837,52.664183,On or near Defiant Road,E01026799,Norwich 001C,Investigation complete; no suspect identified
1206eb5ca2f2f3ed19f0c2d34c230f0eb225c8427f25af7b4ab43c0c9321d182,2023-01,Norfolk Constabulary,Norfolk Constabulary,1.285866,52.645534,On or near Bertie Road,E01026830,Norwich 002C,Unable to prosecute suspect
16fd429fb112964d74c78e774302ab19e1462bf407a755e8d15c3c7a61bec20f,2023-01,Norfolk Constabulary,Norfolk Constabulary,1.248660,52.633907,On or near Earlham Grove,E01026865,Norwich 006C,Investigation complete; no suspect identified
ad97e11fcaa0cb27099b1b55da15c70c40d8d57adeddb103790ac9c6a33066d3,2023-01,Norfolk Constabulary,Norfolk Constabulary,1.204919,52.942669,On or near Montague Road,E01026770,North Norfolk 001A,Investigation complete; no suspect identified
83ae5f7c54a26614c04b581c177cb3b172245ef239f418e3ccf21cf9e775c6b3,2023-01,Norfolk Constabulary,Norfolk Constabulary,1.005231,52.591756,On or near Nordelph Corner,E01026484,Breckland 006D,Investigation complete; no suspect identified
70647e3c07699eb1ef2981012aff78ea87922d05c2388682de4d88efeb271461,2023-01,Norfolk Constabulary,Norfolk Constabulary,1.323430,52.631795,On or near William Mear Gardens,E01026808,Norwich 004F,Unable to prosecute suspect
3158c470d241b91127ee195be6e52fa84b1daccd22e59cf58cf45ced668c1eee,2023-01,Norfolk Constabulary,Norfolk Constabulary,1.301653,52.629460,On or near ,E01033438,Norwich 014A,Unable to prosecute suspect
c2db6aba4ed56b7e4cd9b7df82944fe6fdfa218826a01823148b0a89fa55a367,2023-01,Norfolk Constabulary,Norfolk Constabulary,1.298823,52.629884,On or near Upper King Street,E01033438,Norwich 014A,Investigation complete; no suspect identified
15d45ac0767a0d54660d81cbd025f94642c306f3ad2077fd39c48f6c19db5411,2023-01,Norfolk Constabulary,Norfolk Constabulary,1.725343,52.577658,On or near Roslyn Road,E01026630,Great Yarmouth 010D,Unable to prosecute suspect
15d45ac0767a0d54660d81cbd025f94642c306f3ad2077fd39c48f6c19db5411,2023-01,Norfolk Constabulary,Norfolk Constabulary,1.725343,52.577658,On or near Roslyn Road,E01026630,Great Yarmouth 010D,Unable to prosecute suspect
2e139256c2727cdd2f62f35e24e8bae359685ae49021cead6b8e2c1164f9bde1,2023-01,Norfolk Constabulary,Norfolk Constabulary,0.938569,52.674132,On or near Gilpin's Ride,E01026425,Breckland 005A,Unable to prosecute suspect
67eda529527da5a989c42f968e7e116754feb7ac00112b06f3af2882b14a5ad1,2023-01,Norfolk Constabulary,Norfolk Constabulary,1.729492,52.606490,On or near Alexandra Road,E01026623,Great Yarmouth 006B,Investigation complete; no suspect identified
04cc88dfc5cad4a23ee4d5e9499efce10f7139bd1080e991c2821111e5299f53,2023-01,Norfolk Constabulary,Norfolk Constabulary,0.436995,52.750405,On or near Caxton Court,E01026664,King's Lynn and West Norfolk 010C,Unable to prosecute suspect
b4b9f438e27e7a3f98110c954cb1dc35ea4ac15f9a23561f7142a7245496fa17,2023-01,Norfolk Constabulary,Norfolk Constabulary,1.235879,52.631181,On or near Wilberforce Road,E01026796,Norwich 005F,Investigation complete; no suspect identified
719bf5de06fb9dbae744df54e03b627e1e6491b476307a64acccd96178e86ebf,2023-01,Norfolk Constabulary,Norfolk Constabulary,,,No location,,,Investigation complete; no suspect identified
79a4f926f556d66780e5d9041e35d7f5de279391b31db399084110af7b5b3397,2023-01,Norfolk Constabulary,Norfolk Constabulary,1.287671,52.647714,On or near Sleaford Green,E01026830,Norwich 002C,Unable to prosecute suspect
8400e4f766e7c772180faa1477c8f4e312df0b5b093f553b3dd365e640d411e5,2023-01,Norfolk Constabulary,Norfolk Constabulary,0.417845,52.770930,On or near Regis Place,E01026690,King's Lynn and West Norfolk 007D,Suspect charged
822fa5ae5c5a2ebcc284f536820f9aa9c6af82cc405bf52f8d8cd8dd199280c1,2023-01,Norfolk Constabulary,Norfolk Constabulary,1.313381,52.667395,On or near Mountbatten Drive,E01026541,Broadland 009B,Unable to prosecute suspect
d791af6a0f7febe2ca31cf9f5757035851cb1e5e16c41cb0590aef104e80d642,2023-01,Norfolk Constabulary,Norfolk Constabulary,0.565214,52.743699,On or near Litcham Road,E01026665,King's Lynn and West Norfolk 012A,Unable to prosecute suspect
c1dc858f2d2fe32c5ce740b4a9b55e258691eb84c359a4d8b32abd1767301c70,2023-01,Norfolk Constabulary,Norfolk Constabulary,0.358155,52.754148,On or near Rookery Road,E01026647,King's Lynn and West Norfolk 008A,Unable to prosecute suspect
ed045a3020eeb33cc9dd52137490b572ae14530cc60802e850e37d7900c9b745,2023-01,Norfolk Constabulary,Norfolk Constabulary,1.279662,52.652926,On or near ,E01026797,Norwich 001A,Unable to prosecute suspect
3d72433884d627aece626901a006df5b676a481f716cc07a8a9ea28f48d01298,2023-01,Norfolk Constabulary,Norfolk Constabulary,0.948130,52.681871,On or near Malthouse Court,E01026429,Breckland 003B,Investigation complete; no suspect identified
5795f5eaa542b79a0c521fa8eb3178d5b0ce3d9f26aceca3c8dfb83e433ecb40,2023-01,Norfolk Constabulary,Norfolk Constabulary,0.399942,52.757033,On or near ,E01026698,King's Lynn and West Norfolk 011A,Unable to prosecute suspect
734973d4bb4d0072229f5e7ee12f3c166a59494e394a4a4adcd69d9d879a7e8c,2023-01,Norfolk Constabulary,Norfolk Constabulary,0.503201,52.879173,On or near Hall Road,E01026702,King's Lynn and West Norfolk 003E,Unable to prosecute suspect
9dd105e5f2f1cf2dff6b0f5f12a35dcbb6286922d566cfed429a16270d48ad7e,2023-01,Norfolk Constabulary,Norfolk Constabulary,0.579121,52.960254,On or near Church Street,E01026645,King's Lynn and West Norfolk 002A,Suspect charged
9dd105e5f2f1cf2dff6b0f5f12a35dcbb6286922d566cfed429a16270d48ad7e,2023-01,Norfolk Constabulary,Norfolk Constabulary,0.579121,52.960254,On or near Church Street,E01026645,King's Lynn and West Norfolk 002A,Suspect charged
4c5744bf7c1425e86456afde65f13436bc014257f1b4ad879525d425da161754,2023-01,Norfolk Constabulary,Norfolk Constabulary,1.120459,52.565382,On or near Exige Way,E01026884,South Norfolk 007A,Unable to prosecute suspect
169a1607264ce5d19ce09bc4df9484ee6f1693bce31805317a4c96cf6debe327,2023-01,Norfolk Constabulary,Norfolk Constabulary,1.238925,52.608389,On or near Cringleford Chase,E01026882,South Norfolk 002B,Investigation complete; no suspect identified
b87c5aa2c8d81c361fee1cc69b5d7bf08912a78e7d74b22b1b38e5567710d028,2023-01,Norfolk Constabulary,Norfolk Constabulary,0.852707,52.839022,On or near West Close,E01026745,North Norfolk 011A,Investigation complete; no suspect identified
c6ffc900e9f2762e0bf9aea1da5f08aa561c4546115b7162ca254f940db5cc95,2023-01,Norfolk Constabulary,Norfolk Constabulary,1.288332,52.778102,On or near Church Lane,E01026501,Broadland 001C,Unable to prosecute suspect
541401887c51bbc35aa2bb99d1987867f32be90d6c2846cc0a1040ea2063f75e,2023-01,Norfolk Constabulary,Norfolk Constabulary,1.289681,52.648495,On or near Rackham Road,E01026800,Norwich 001D,Investigation complete; no suspect identified
cb2a3a3f51500e8db9a20ac5786727bde8a25401f6bcdba4adccbdddb87dc213,2023-01,Norfolk Constabulary,Norfolk Constabulary,1.731712,52.600808,On or near Malakoff Close,E01026626,Great Yarmouth 006E,Unable to prosecute suspect
ff4511e5a2b20a3d380227edeec39291935b925b9d8d30a878c8323cf9660e09,2023-01,Norfolk Constabulary,Norfolk Constabulary,0.397985,52.754258,On or near ,E01026698,King's Lynn and West Norfolk 011A,Unable to prosecute suspect
da31196b439106641f6b449feff5254f028a936542125fd66ee4f3e3bc04b544,2023-01,Norfolk Constabulary,Norfolk Constabulary,1.300027,52.402731,On or near The Thoroughfare,E01026902,South Norfolk 013D,Investigation complete; no suspect identified
0ebceb306073b1e47b778dba4fd8d4efab243ffc8b96fedc7e30e7660debd9bf,2023-01,Norfolk Constabulary,Norfolk Constabulary,1.035085,52.856025,On or near Melton Street,E01026729,North Norfolk 008A,Unable to prosecute suspect
75368f9776d306705ad9a093cc508156cdfe958854c7a97b29ff065698c61937,2023-01,Norfolk Constabulary,Norfolk Constabulary,0.389548,52.653730,On or near Ffolkes Place,E01026643,King's Lynn and West Norfolk 014B,Investigation complete; no suspect identified
4c1ef726121b9053c1aa56aaf4716f5c2895d86eb0d2aa377f60062478933ac1,2023-01,Norfolk Constabulary,Norfolk Constabulary,0.403872,52.747386,On or near Guanock Terrace,E01026667,King's Lynn and West Norfolk 009B,Unable to prosecute suspect
4c1ef726121b9053c1aa56aaf4716f5c2895d86eb0d2aa377f60062478933ac1,2023-01,Norfolk Constabulary,Norfolk Constabulary,0.403872,52.747386,On or near Guanock Terrace,E01026667,King's Lynn and West Norfolk 009B,Unable to prosecute suspect
a356c227b1f3295a9b83b6ab827d0cdac37013b9f492eb98228b39694243a01f,2023-01,Norfolk Constabulary,Norfolk Constabulary,1.493269,52.625429,On or near Larchwood Close,E01026513,Broadland 014F,Investigation complete; no suspect identified
a960a282cba2bc3dc20ac8e0ceef4ef239956f620b35299e4583d719a3110c94,2023-01,Norfolk Constabulary,Norfolk Constabulary,1.309128,52.622087,On or near ,E01033441,Norwich 014D,Suspect charged
ae14f0b132770e72d5d29a3cb1320667da0aa0196d3abfbd712f9e45d2561017,2023-01,Norfolk Constabulary,Norfolk Constabulary,0.856124,52.679629,On or near Station Road,E01026453,Breckland 004C,Unable to prosecute suspect
fa20c77bbac02497041caadc9a4906645bc2942a78da67f68b7fbb412e95e76b,2023-01,Norfolk Constabulary,Norfolk Constabulary,1.682729,52.553511,On or near Browston Lane,E01026615,Great Yarmouth 012C,Unable to prosecute suspect
5dd6d05a1d4acb16b8857437aa9fa729442cac93284ceae62e961ca4b8c84254,2023-01,Norfolk Constabulary,Norfolk Constabulary,1.185186,52.488966,On or near Aslacton Road,E01026897,South Norfolk 011C,Unable to prosecute suspect
bdf0a67b2064c68bd1d758d1ee8aaae75d361f0b0b6df91a5d656ff00e496c65,2023-01,Norfolk Constabulary,Norfolk Constabulary,1.306644,52.915939,On or near Stevens Road,E01026762,North Norfolk 005A,Investigation complete; no suspect identified
1f14457740f214abcc8875cf39c0cd6459322560afd272e0463dc3ae4ca86a9f,2023-01,Norfolk Constabulary,Norfolk Constabulary,0.561972,52.690204,On or near Low Road,E01026694,King's Lynn and West Norfolk 012D,Local resolution
17a9bbe9d9f6d511b84180acc7c70ace61b1291ed50ea13a829b47183f3006df,2023-01,Norfolk Constabulary,Norfolk Constabulary,1.185186,52.488966,On or near Aslacton Road,E01026897,South Norfolk 011C,Unable to prosecute suspect
38a43be3d7be78e4a95fc3197d3b6ebdafff1c86a63c477a6ed4de1d37f64064,2023-01,Norfolk Constabulary,Norfolk Constabulary,1.469218,52.700958,On or near Parkland Close,E01026769,North Norfolk 014B,Action to be taken by another organisation
717dd775ac1cdae3151f529e6bbd5560b43cb53eaf3e243e9fe0762405efabd2,2023-01,Norfolk Constabulary,Norfolk Constabulary,0.940751,52.679303,On or near ,E01026426,Breckland 005B,Investigation complete; no suspect identified
06314f3a322428e4d826ae058a6565d784e026ba176e9770ae42e15cdaf05067,2023-01,Norfolk Constabulary,Norfolk Constabulary,1.682729,52.553511,On or near Browston Lane,E01026615,Great Yarmouth 012C,Unable to prosecute suspect
f35d93bc2d3c677323578fa88e75152deffd5076f236f00a7358e8cf270ef392,2023-01,Norfolk Constabulary,Norfolk Constabulary,1.303406,52.629109,On or near ,E01033438,Norwich 014A,Unable to prosecute suspect
aa1e1724cf7f1f8b1d0709ba7f83dbbe1391257f15808d0f295a226c346ff2d5,2023-01,Norfolk Constabulary,Norfolk Constabulary,1.276662,52.640690,On or near Heigham Watering,E01026825,Norwich 007D,Suspect charged
74aa8d24cd8c12bd10a939682830e8b8b22a8d7fe153ab8a6933b112e1c38c6c,2023-01,Norfolk Constabulary,Norfolk Constabulary,1.008695,52.779504,On or near Station Road,E01026522,Broadland 002A,Offender given a caution
1c64807828559f6a6e9ef6b216d69397d688c487e92c321df6ee910a53242577,2023-01,Norfolk Constabulary,Norfolk Constabulary,1.700508,52.583780,On or near Kingfisher Close,E01026583,Great Yarmouth 008C,Unable to prosecute suspect
0571bfc57642d2b64553ab7770bc429183a4fbcc32b441bdd1f524ba1718e420,2023-01,Norfolk Constabulary,Norfolk Constabulary,0.431970,52.765533,On or near Buttercup Close,E01026714,King's Lynn and West Norfolk 010D,Unable to prosecute suspect
e0885188491ecad43c9a1409bcd5d8eda84d5494f6cc3660b1c0da4debb96e49,2023-01,Norfolk Constabulary,Norfolk Constabulary,0.431970,52.765533,On or near Buttercup Close,E01026714,King's Lynn and West Norfolk 010D,Unable to prosecute suspect
07a7f653df315b95f9dbbe86aa7c49ba7a4de1552302b9d6c0a2d23148d7aab7,2023-01,Norfolk Constabulary,Norfolk Constabulary,0.416383,52.757652,On or near ,E01026666,King's Lynn and West Norfolk 009A,Suspect charged
3ab5b8171d97a90d027f970d0b682cfeb383a8d815abcb05e8334da4067ffe52,2023-01,Norfolk Constabulary,Norfolk Constabulary,0.416383,52.757652,On or near ,E01026666,King's Lynn and West Norfolk 009A,Suspect charged
62021e8aa3aaf33f6a2b3bbe56cd9947237e457da31dcf461fa02825171f72ca,2023-01,Norfolk Constabulary,Norfolk Constabulary,1.728098,52.612858,On or near Town Wall Road,E01026595,Great Yarmouth 005A,Investigation complete; no suspect identified
a7456a57790e0356b9ef79bbf3bcd82f774dbee88b28edd54b3109df308be26d,2023-01,Norfolk Constabulary,Norfolk Constabulary,1.140837,52.580617,On or near Enfield Row,E01026933,South Norfolk 007C,Unable to prosecute suspect
42203336325da33a591219d5102df0dc960812cbecdd9a63f376cfc2476d804b,2023-01,Norfolk Constabulary,Norfolk Constabulary,0.416121,52.763358,On or near Newton Court,E01026690,King's Lynn and West Norfolk 007D,Unable to prosecute suspect
6f57a40877eecacb8045c752f7cb43cb232caa7d5ffb951182fdc09db4eb4f41,2023-01,Norfolk Constabulary,Norfolk Constabulary,1.251678,52.795310,On or near Market Place,E01026499,Broadland 001A,Suspect charged
b77f1e61844bd3aaa685ebff6552a7e1951e0b174502223fbdc4eeabf25d4ec0,2023-01,Norfolk Constabulary,Norfolk Constabulary,1.247769,52.629264,On or near ,E01026861,Norwich 010D,Unable to prosecute suspect
b77f1e61844bd3aaa685ebff6552a7e1951e0b174502223fbdc4eeabf25d4ec0,2023-01,Norfolk Constabulary,Norfolk Constabulary,1.247769,52.629264,On or near ,E01026861,Norwich 010D,Unable to prosecute suspect
a28875709915fd8fbd64d907492e7806866fb2836f49e907b1f17138367cefc1,2023-01,Norfolk Constabulary,Norfolk Constabulary,1.285474,52.650554,On or near Jewson Road,E01026800,Norwich 001D,Suspect charged
e4e9a27b31ae1eeab043cbd8ceb66ce88568292c623e080eb97e08612f0b18b5,2023-01,Norfolk Constabulary,Norfolk Constabulary,1.122567,52.368470,On or near Riverside Maltings,E01033541,South Norfolk 015H,Unable to prosecute suspect
06444b724160b5b8d03d3a3250a38a4a5bb34dcce4480f02e2126834a5c8b8a8,2023-01,Norfolk Constabulary,Norfolk Constabulary,1.715059,52.573727,On or near Windsor Way,E01026604,Great Yarmouth 009D,Unable to prosecute suspect
06444b724160b5b8d03d3a3250a38a4a5bb34dcce4480f02e2126834a5c8b8a8,2023-01,Norfolk Constabulary,Norfolk Constabulary,1.715059,52.573727,On or near Windsor Way,E01026604,Great Yarmouth 009D,Unable to prosecute suspect
06444b724160b5b8d03d3a3250a38a4a5bb34dcce4480f02e2126834a5c8b8a8,2023-01,Norfolk Constabulary,Norfolk Constabulary,1.715059,52.573727,On or near Windsor Way,E01026604,Great Yarmouth 009D,Unable to prosecute suspect
34acfa10722bea71b02a1263b9aa31f314ab988a0b96f9c771f7cb98445d71f9,2023-01,Norfolk Constabulary,Norfolk Constabulary,1.730994,52.603834,On or near St Peters' Plain,E01026624,Great Yarmouth 006C,Local resolution
bc3121123bad5af97b574b440e0bc04ed6ce0bb9c5cfbd4a20936dee8fde393f,2023-01,Norfolk Constabulary,Norfolk Constabulary,0.569333,52.695853,On or near Pentney Lane,E01026694,King's Lynn and West Norfolk 012D,Local resolution
1115a02553657b9c19b87262488f887c923a6d770a3cc09e5e89ddb331d61a92,2023-01,Norfolk Constabulary,Norfolk Constabulary,0.931521,52.686860,On or near Girling Road,E01026428,Breckland 003A,Investigation complete; no suspect identified
0ffc7b5961fa89bcfbd1a97aebce9a5505cda9304174b095c2128282de589ba0,2023-01,Norfolk Constabulary,Norfolk Constabulary,0.381842,52.742840,On or near ,E01026705,King's Lynn and West Norfolk 011E,Local resolution
dcfeefaa65be070b7ffc5baa2a91d25de9acee14eb190ceebc95fa50d75f1e7e,2023-01,Norfolk Constabulary,Norfolk Constabulary,1.129047,52.570336,On or near Crabapple Close,E01026945,South Norfolk 007D,Suspect charged
8e90ee693abbb77ecd7320f75fc50638cfa0c2a725a1003a16645c3df73676ba,2023-01,Norfolk Constabulary,Norfolk Constabulary,1.533395,52.818538,On or near Whimpwell Street,E01026740,North Norfolk 012A,Offender given a caution
c1d77a0633391e18807966b1f79f58f77ca83a34b3f2161df41b95e9417b1a16,2023-01,Norfolk Constabulary,Norfolk Constabulary,1.328404,52.630720,On or near ,E01026808,Norwich 004F,Further action is not in the public interest
dcdd3dccf55332a061daac6aa15dd9fcb584f06c9d0e44ad1c08bb0919d0b6fc,2023-01,Norfolk Constabulary,Norfolk Constabulary,1.328404,52.630720,On or near ,E01026808,Norwich 004F,Further action is not in the public interest
18e7dbfea8a24968e6e6fab28ddceaed7437492b1b2fc6fe7a9a49a15b77b355,2023-01,Norfolk Constabulary,Norfolk Constabulary,1.328404,52.630720,On or near ,E01026808,Norwich 004F,Further action is not in the public interest
27847e22c8606887f28c3ab4d3cc1298e77ba89058771475b329b828eb7d53f2,2023-01,Norfolk Constabulary,Norfolk Constabulary,1.261452,52.609155,On or near Atmere Close,E01026813,Norwich 012D,Investigation complete; no suspect identified
41e74b953e1520beea1eefc0a4466dbd59233e19ee7716903190e0209e716647,2023-01,Norfolk Constabulary,Norfolk Constabulary,1.731657,52.626552,On or near Seymour Avenue,E01026640,Great Yarmouth 004C,Unable to prosecute suspect
cc55cb1cdf4d8e4d0909b4e86a00dde14644d6038ae249481632f50af9c50e76,2023-01,Norfolk Constabulary,Norfolk Constabulary,1.714729,52.606631,On or near Granville Road,E01026634,Great Yarmouth 007C,Investigation complete; no suspect identified
764c234d22388dac309277b0250da6161aecd836d50fa220b52d2a10ced0fa90,2023-01,Norfolk Constabulary,Norfolk Constabulary,1.711071,52.597796,On or near ,E01026635,Great Yarmouth 007D,Local resolution
9e4c697937f81eff0e898fa863082422f9de24c88e18e5cd9b57325593860eec,2023-01,Norfolk Constabulary,Norfolk Constabulary,1.293694,52.623785,On or near Winalls Yard,E01026822,Norwich 007A,Unable to prosecute suspect
1f0cfb00a9d482f48022c4b303072fa23a8ccf6f2ebae1b7b45e4f038eb53646,2023-01,Norfolk Constabulary,Norfolk Constabulary,1.303177,52.629799,On or near Cathedral Street,E01033438,Norwich 014A,Further action is not in the public interest
085cb9f7ad6ddc97a3075ac0b1f6f9650758de636f511c255f48b4cd53a6b7de,2023-01,Norfolk Constabulary,Norfolk Constabulary,1.290739,52.621826,On or near Regina Road,E01026853,Norwich 011B,Unable to prosecute suspect
7282da52d70d341436f42df83b11ec7373749f445290702196d56911035d51db,2023-01,Norfolk Constabulary,Norfolk Constabulary,1.718818,52.613554,On or near ,E01026597,Great Yarmouth 005C,Local resolution
71b3ba06ac475c0f01b503ca13dd48f1309867af144aaf1070871e8e96359fe4,2023-01,Norfolk Constabulary,Norfolk Constabulary,1.242425,52.635741,On or near Motum Road,E01026867,Norwich 006E,Unable to prosecute suspect
d77994c25e4824cd7a508bdc794d8ba265a7b2c6fec4403f39eb3b38f8f9ce38,2023-01,Norfolk Constabulary,Norfolk Constabulary,1.241296,52.498872,On or near Brand's Lane,E01026939,South Norfolk 011E,Unable to prosecute suspect
ac4305fc013aaca5cccae65621f7df5747753a52445bf9e7fd52ded2889260e6,2023-01,Norfolk Constabulary,Norfolk Constabulary,0.762988,52.419372,On or near Heartsease Road,E01026470,Breckland 016C,Offender given a caution
6e4253270cb05ae4c1104156117dbae4dde5fd9be2908bac1e0a7e76720cda6e,2023-01,Norfolk Constabulary,Norfolk Constabulary,1.443790,52.470157,On or near Thwaite Road,E01026892,South Norfolk 012A,Unable to prosecute suspect
c839dc3f14ef458836a858de428d0c78a2d6f27724125da460160874ff3eeb55,2023-01,Norfolk Constabulary,Norfolk Constabulary,1.282798,52.601235,On or near Neatmarket,E01026821,Norwich 013F,Unable to prosecute suspect
85628166c1ed4f5f8d0be40b95add79051099851cf0853b7fc78d838c04bc2f8,2023-01,Norfolk Constabulary,Norfolk Constabulary,1.298872,52.628372,On or near Crown Road,E01033438,Norwich 014A,Investigation complete; no suspect identified
cccd21339920ae96036ca4cf6cc2dafb33f7c36de17f5ef581b6701b15da27b5,2023-01,Norfolk Constabulary,Norfolk Constabulary,0.415027,52.766087,On or near Reid Way,E01026690,King's Lynn and West Norfolk 007D,Unable to prosecute suspect
1e494ffd95e04e67eefd6d2a3fed3f4a5ba61945b6ada90a4057bf438f1f0343,2023-01,Norfolk Constabulary,Norfolk Constabulary,1.708395,52.584325,On or near Lapwing Close,E01026581,Great Yarmouth 008A,Unable to prosecute suspect
2d20eb7212195e79c0a7f72c89df99ba217dc14d45efcb3b47727016512b0557,2023-01,Norfolk Constabulary,Norfolk Constabulary,0.400543,52.758522,On or near George Street,E01026689,King's Lynn and West Norfolk 007C,Unable to prosecute suspect
865b62d8233174c080482d50ef8b1ff02ae7d4536b8f45c57dce43d83ce90e44,2023-01,Norfolk Constabulary,Norfolk Constabulary,1.239274,52.648715,On or near Olive Road,E01026918,South Norfolk 001C,Unable to prosecute suspect
0448c35691ef90a4dbde3b829893f863c0c771b6254e7b052270c358cfbc9d86,2023-01,Norfolk Constabulary,Norfolk Constabulary,0.405292,52.757563,On or near Archdale Street,E01026698,King's Lynn and West Norfolk 011A,Unable to prosecute suspect
ab8a78fe90b479444ddc863afbb272f59a5b6a54c84f252d7baba687a717370e,2023-01,Norfolk Constabulary,Norfolk Constabulary,1.239164,52.641829,On or near Randle Green,E01026869,Norwich 006G,Unable to prosecute suspect
dccc34b2fcb7aa5b39f847927cbe4204952db3d1152ecc775e2cf421dcdc2f70,2023-01,Norfolk Constabulary,Norfolk Constabulary,1.265497,52.653751,On or near Woods Close,E01026531,Broadland 011B,Unable to prosecute suspect
2aeceedda54c04b6c6c7f85e3feed09908efd342c7869ea73247a62b8617778f,2023-01,Norfolk Constabulary,Norfolk Constabulary,0.829869,52.737613,On or near Burghwood Drive,E01026462,Breckland 002D,Unable to prosecute suspect
18a0ac4324fae0db8969074513498647df4a91b03a063abbe5c96297e002823d,2023-01,Norfolk Constabulary,Norfolk Constabulary,1.319627,52.661590,On or near Elizabeth Close,E01026553,Broadland 012A,Unable to prosecute suspect
abaaf460401a22768450d1ac4d4abcc3255d8deba421f9a08f553c9ee2d66c74,2023-01,Norfolk Constabulary,Norfolk Constabulary,1.110956,52.762098,On or near Back Street,E01026547,Broadland 002E,Suspect charged
abaaf460401a22768450d1ac4d4abcc3255d8deba421f9a08f553c9ee2d66c74,2023-01,Norfolk Constabulary,Norfolk Constabulary,1.110956,52.762098,On or near Back Street,E01026547,Broadland 002E,Suspect charged
45b0f21977a50065570bad5cbd94cc5aefb2cfee57dde278270b724b99b6da55,2023-01,Norfolk Constabulary,Norfolk Constabulary,1.724268,52.574211,On or near Albemarle Road,E01026631,Great Yarmouth 010E,Investigation complete; no suspect identified
467ea1ce177d013a23baa44b83abee2cf340d3a90b1512be57b5c663bedae69a,2023-01,Norfolk Constabulary,Norfolk Constabulary,1.487566,52.530673,On or near Beccles Road,E01026912,South Norfolk 008D,Investigation complete; no suspect identified
3af17a6ef122f69a40355020d24a12f8aa96b62d3f1aa34d5d0a09018fb99c37,2023-01,Norfolk Constabulary,Norfolk Constabulary,0.407066,52.766069,On or near Coulton Close,E01026687,King's Lynn and West Norfolk 007A,Unable to prosecute suspect
1b3b9bf7a085b9306e179fd957a3923f18f6005bc5c2c442fa4df7ebb3cb87cc,2023-01,Norfolk Constabulary,Norfolk Constabulary,0.939987,52.680922,On or near Church Street,E01026426,Breckland 005B,Unable to prosecute suspect
ad7b71df1ffe1e7ca09ce55c21982a1be5cbdfe6702798c2bdb0b043935acabc,2023-01,Norfolk Constabulary,Norfolk Constabulary,1.286056,52.632101,On or near ,E01026822,Norwich 007A,Unable to prosecute suspect
aa8e163c48804dce7dc373c3fe33b84f3238768cbbc52a1ea14b0fd9627ab831,2023-01,Norfolk Constabulary,Norfolk Constabulary,0.404436,52.755737,On or near Wyatt Street,E01026698,King's Lynn and West Norfolk 011A,Unable to prosecute suspect
1734838bf02c5c16bd6ed73be962a21461b36a4c5ea8bb4d00b56c2106a315b0,2023-01,Norfolk Constabulary,Norfolk Constabulary,1.290918,52.609711,On or near ,E01026818,Norwich 013C,Suspect charged
e433ac40e2871db890870b8017b6fde06c83b28f80675382dff3d1cbb1b40b0c,2023-01,Norfolk Constabulary,Norfolk Constabulary,0.747903,52.413786,On or near ,E01026468,Breckland 016A,Suspect charged
b89b2c1b2623ca1463b06d11edad273995655a755cb9c2f449bd778f5834269e,2023-01,Norfolk Constabulary,Norfolk Constabulary,0.758153,52.423432,On or near Woodlands Drive,E01026472,Breckland 016E,Unable to prosecute suspect
78b16134a454032159e9681e56e8510c08e898c06226813c2d41bad6885e1b8e,2023-01,Norfolk Constabulary,Norfolk Constabulary,1.155815,52.651968,On or near Marlingford Road,E01026895,South Norfolk 002D,Unable to prosecute suspect
34fb5d54a295ec8efbf7e0ce495ab56908636b034c287140e7e8a1e5ef14f7ef,2023-01,Norfolk Constabulary,Norfolk Constabulary,1.519947,52.776342,On or near Allen Meale Way,E01026775,North Norfolk 013B,Unable to prosecute suspect
dd22b6159c1b488eaaac2d1b461a928c410c2803387730800cba38b97366a2ea,2023-01,Norfolk Constabulary,Norfolk Constabulary,0.435039,52.745365,On or near Dukes Place,E01026662,King's Lynn and West Norfolk 010A,Unable to prosecute suspect
862c74bc8421d03809aaa27d4062863106dde51a4de174093e5fce9717c7467a,2023-01,Norfolk Constabulary,Norfolk Constabulary,1.339127,52.642056,On or near BARCLAY GREEN,E01026803,Norwich 004A,Unable to prosecute suspect
8557c86e0dcd17ba80c040896f35bfc3a853fab791b3843d6907608cbf9b6f75,2023-01,Norfolk Constabulary,Norfolk Constabulary,1.724007,52.589402,On or near Hingley Close,E01026600,Great Yarmouth 007A,Unable to prosecute suspect
d9d5b1f64ec88e12f4dcfca8c9f61d00bd0073159ac8b9c2142897ffdf97d643,2023-01,Norfolk Constabulary,Norfolk Constabulary,0.211648,52.638195,On or near St Edmunds Drive,E01026661,King's Lynn and West Norfolk 016C,Unable to prosecute suspect
d9d5b1f64ec88e12f4dcfca8c9f61d00bd0073159ac8b9c2142897ffdf97d643,2023-01,Norfolk Constabulary,Norfolk Constabulary,0.211648,52.638195,On or near St Edmunds Drive,E01026661,King's Lynn and West Norfolk 016C,Unable to prosecute suspect
cce0dec2353ba1e17f34b2cbabd1be026c893dcdfd3afb86c51b0eadb5d0a1cd,2023-01,Norfolk Constabulary,Norfolk Constabulary,1.720189,52.565101,On or near Gresham Close,E01026618,Great Yarmouth 011B,Suspect charged
51530c27e4242c07b0a98ce280bfd9cdcc10b044cba9a2419e87a7e6c007d8cb,2023-01,Norfolk Constabulary,Norfolk Constabulary,1.515648,52.770892,On or near ,E01026776,North Norfolk 013C,Suspect charged
baf29449576a90c84ed09e6bcbca44859e46e1d151d77d601bef93c905cbc612,2023-01,Norfolk Constabulary,Norfolk Constabulary,1.336594,52.640643,On or near Holmes Close,E01026803,Norwich 004A,Unable to prosecute suspect
4197787b7863deaeaad73e4d65a854e00b6fdfc3cf798113e4726401f1a365f5,2023-01,Norfolk Constabulary,Norfolk Constabulary,1.219086,52.937789,On or near Brook Road,E01026771,North Norfolk 001B,Investigation complete; no suspect identified
ee7f4cb853e04810625fd28b3a1c4a11cb07489f45654d3a318cfe0c448a4f35,2023-01,Norfolk Constabulary,Norfolk Constabulary,1.148597,52.584863,On or near Norwich Common,E01026933,South Norfolk 007C,Unable to prosecute suspect
bbf5be0e804a363e4bd314b200cf81804bdf2defacce1769621ed114131061d0,2023-01,Norfolk Constabulary,Norfolk Constabulary,1.033498,52.519342,On or near Bunwell Road,E01026448,Breckland 013C,Unable to prosecute suspect
c395be2a961f5a61e50938df7fd3ec7cec0f1b519dbf706b103edeb215d6be95,2023-01,Norfolk Constabulary,Norfolk Constabulary,1.258561,52.628697,On or near Henderson Road,E01026862,Norwich 010E,Action to be taken by another organisation
e6c3c2717aa97c99d5f0b4f7f775f305ade2fc6fda233b31557a8d176b0f69f4,2023-01,Norfolk Constabulary,Norfolk Constabulary,1.207147,52.939380,On or near Suffolk Road,E01026772,North Norfolk 001C,Unable to prosecute suspect
c5c49cfac9c276e2ed734e60d0f20d4ff0c2bc46ac33ba744361f4478958b440,2023-01,Norfolk Constabulary,Norfolk Constabulary,1.394292,52.825390,On or near Cooper Road,E01026756,North Norfolk 010D,Unable to prosecute suspect
f9e6983a80b35cfce6c0374cc9d24ec306def9bef9b0e815c55bc9a6627d0c69,2023-01,Norfolk Constabulary,Norfolk Constabulary,1.291740,52.623948,On or near ,E01026822,Norwich 007A,Unable to prosecute suspect
8ed7380e576e81db00335390a6a783377bbbbcc5945ca02efd61c2ce4c7b4476,2023-01,Norfolk Constabulary,Norfolk Constabulary,1.486829,52.482117,On or near Yarmouth Road,E01026899,South Norfolk 010B,Action to be taken by another organisation
1d7f3bfe3abf0a2883067f3b2c46ccb7cac5d7b62fa0d207cd2805f5ab3261f8,2023-01,Norfolk Constabulary,Norfolk Constabulary,0.829869,52.737613,On or near Burghwood Drive,E01026462,Breckland 002D,Suspect charged
89d14a277e5623d1332883b201a0495343cad0bf48d908e6bc4ce453c46a1801,2023-01,Norfolk Constabulary,Norfolk Constabulary,0.829869,52.737613,On or near Burghwood Drive,E01026462,Breckland 002D,Suspect charged
1a0fc0db0d6119537abec3e9ee09dfd942c3e1aef8d71ea95f35348236915946,2023-01,Norfolk Constabulary,Norfolk Constabulary,0.856313,52.954919,On or near Northfield Avenue,E01026763,North Norfolk 002B,Unable to prosecute suspect
50fa02dc2227c5f500b664fec48263822057bdf4a148729b5ebf1019f345c9d1,2023-01,Norfolk Constabulary,Norfolk Constabulary,1.276662,52.640690,On or near Heigham Watering,E01026825,Norwich 007D,Unable to prosecute suspect
16d93561c7c44a88e7382a7815e6ec78460f217d17f672ebcf915f8d62b0b77d,2023-01,Norfolk Constabulary,Norfolk Constabulary,1.417850,52.623377,On or near Brundall Gardens,E01026509,Broadland 017B,Investigation complete; no suspect identified
26504ff04beedd057d56e9357f97291d0db1f45395bc3461047921adf83b1b47,2023-01,Norfolk Constabulary,Norfolk Constabulary,1.702953,52.583182,On or near Whinchat Way,E01026583,Great Yarmouth 008C,Suspect charged
d0bb0bbcdc490b57e5d86594d530acf9d9f661e671156cb26aeee1d4351c2770,2023-01,Norfolk Constabulary,Norfolk Constabulary,1.233402,52.582369,On or near Swardeston Lane,E01026914,South Norfolk 009B,Unable to prosecute suspect
470c26f1fe5c96f77db9abad4d64e44641f4ba5aa5c43dd21c5702f5a373584c,2023-01,Norfolk Constabulary,Norfolk Constabulary,0.739044,52.419614,On or near St Albans Way,E01026465,Breckland 015A,Unable to prosecute suspect
d9192c6fbfc69130a7e45252ba3c93979ec2bed6bd5da4944c29525c9c3294ad,2023-01,Norfolk Constabulary,Norfolk Constabulary,0.941175,52.685164,On or near Tudor Court,E01026428,Breckland 003A,Action to be taken by another organisation
7365ad1b4e254748bbc324c00e5a370cb6fca29d91b8302222195d3960bd904b,2023-01,Norfolk Constabulary,Norfolk Constabulary,1.349332,52.632243,On or near Elizabeth Avenue,E01026573,Broadland 015E,Investigation complete; no suspect identified
c501f3893e0d3d9e1a6f57ccd34a93efd0f88646bafa9f4ffdad3c56999bf8c0,2023-01,Norfolk Constabulary,Norfolk Constabulary,1.269359,52.665066,On or near Meadow Close,E01026532,Broadland 011C,Unable to prosecute suspect
0c7b8d5e424e484d38a2be42f4d15458047306c9a0e1cdda3ac2c21cd0886018,2023-01,Norfolk Constabulary,Norfolk Constabulary,1.702953,52.583182,On or near Whinchat Way,E01026583,Great Yarmouth 008C,Suspect charged
02d3dff9203734802f418a4859023dc9b974869a09ee45251eea2698be951f80,2023-01,Norfolk Constabulary,Norfolk Constabulary,1.702953,52.583182,On or near Whinchat Way,E01026583,Great Yarmouth 008C,Suspect charged
41501ba5e8b9edd00bc8f905144182a1f7996dfb7d43563df05c6bbb8faba40e,2023-01,Norfolk Constabulary,Norfolk Constabulary,1.702953,52.583182,On or near Whinchat Way,E01026583,Great Yarmouth 008C,Suspect charged
6d87b4d4a8846d2bc5c62402089aa61abef862523a576de18b976303cd11fd42,2023-01,Norfolk Constabulary,Norfolk Constabulary,1.702953,52.583182,On or near Whinchat Way,E01026583,Great Yarmouth 008C,Suspect charged
ea2e2063709e1a5a422ba832b13fddfe6af62f39d91f83b8567508241b522817,2023-01,Norfolk Constabulary,Norfolk Constabulary,1.729244,52.613649,On or near Maygrove Road,E01026595,Great Yarmouth 005A,Investigation complete; no suspect identified
5d23adde530ccedee067645842b57c3b06e7713efbab4e27fc1f2921a45366c9,2023-01,Norfolk Constabulary,Norfolk Constabulary,1.705566,52.560613,On or near Malory Road,E01026587,Great Yarmouth 013C,Investigation complete; no suspect identified
293e571b20bc3a449ef2260fe7b011780931d5cc92edbe61c631186fe5e7798e,2023-01,Norfolk Constabulary,Norfolk Constabulary,1.285028,52.645989,On or near Vicarage Road,E01026829,Norwich 002B,Unable to prosecute suspect
12366d0ddbc4b09a5fa403d8d1b137347812f3ee242e815432c51cf462ccc9eb,2023-01,Norfolk Constabulary,Norfolk Constabulary,0.739044,52.419614,On or near St Albans Way,E01026465,Breckland 015A,Unable to prosecute suspect
77afe08d11fcc158c85730d1632a7382160a525dfebba7418677f7baf370d59a,2023-01,Norfolk Constabulary,Norfolk Constabulary,1.103029,52.723806,On or near Heath Close,E01026524,Broadland 002C,Suspect charged
e9e142308974a439888e2000eceb441a7121343ed3d7bf9d91d34f078855ee3c,2023-01,Norfolk Constabulary,Norfolk Constabulary,1.249058,52.665382,On or near Margaret Close,E01026529,Broadland 010D,Unable to prosecute suspect
880fbc7ee588f33c354d69b78e1e139e30c5ba346cd7e65ebba28d99baffa788,2023-01,Norfolk Constabulary,Norfolk Constabulary,1.285028,52.645989,On or near Vicarage Road,E01026829,Norwich 002B,Unable to prosecute suspect
6ed9113e1a0b55b0952e6466531ecde51868d5c4e3ddffb003296fd199afb392,2023-01,Norfolk Constabulary,Norfolk Constabulary,1.326989,52.636426,On or near ,E01026804,Norwich 004B,Investigation complete; no suspect identified
9420e2f628d6d9ebd8d23c808cd6a12a8f7504980180432c9bf38ede9bfed481,2023-01,Norfolk Constabulary,Norfolk Constabulary,0.737943,52.417760,On or near Salisbury Way,E01026465,Breckland 015A,Suspect charged
2d599269f3fdcce8584043fd6ecc575fabf91396c41316775fd116a81267b352,2023-01,Norfolk Constabulary,Norfolk Constabulary,0.406670,52.758901,On or near Harewood Drive,E01026689,King's Lynn and West Norfolk 007C,Unable to prosecute suspect
f829aebd96b1671afac0fadf6747aaf400531c2a210502a18e3d6c67af6e699f,2023-01,Norfolk Constabulary,Norfolk Constabulary,0.864524,52.831058,On or near Norwich Road,E01026749,North Norfolk 011E,Investigation complete; no suspect identified
ccd0881c19e8c025b3bf9b19f469961dd30224149b45864a968024921328a7a3,2023-01,Norfolk Constabulary,Norfolk Constabulary,0.739044,52.419614,On or near St Albans Way,E01026465,Breckland 015A,Unable to prosecute suspect
ac617d0274e09836a6846b9911cc6282cd48fc012c90c17e693415da4382673a,2023-01,Norfolk Constabulary,Norfolk Constabulary,1.348551,52.878295,On or near Long Lane,E01026766,North Norfolk 005B,Unable to prosecute suspect
f5b8ef14e1a77a57ba0b965d21679d675dd93caabddcc227fa703e0d161127c6,2023-01,Norfolk Constabulary,Norfolk Constabulary,0.980509,52.703858,On or near Cullum Close,E01026461,Breckland 001C,Suspect charged
fc3ecc4e70ad85ca2d8b5a88f66c61c61a14aebb2ed3b190b4ce45e647a51396,2023-01,Norfolk Constabulary,Norfolk Constabulary,1.717264,52.566291,On or near Clare Avenue,E01026617,Great Yarmouth 011A,Suspect charged
355c0aed4b44f15debccbd66343c1be198c8eb358a1b1ed5d0f1b515e6626c17,2023-01,Norfolk Constabulary,Norfolk Constabulary,1.735146,52.609910,On or near Euston Road,E01026598,Great Yarmouth 005D,Unable to prosecute suspect
3c95613f18b3a9326b696ff10fdb5ca6483ad6671ad0f0928eba678335c26975,2023-01,Norfolk Constabulary,Norfolk Constabulary,0.395019,52.752924,On or near Granary Court,E01026699,King's Lynn and West Norfolk 011B,Unable to prosecute suspect
c4c7c6179db7b1d97a70e9c02c359607636d919add225e91652120888fe7dd8d,2023-01,Norfolk Constabulary,Norfolk Constabulary,1.022137,52.813577,On or near Foulsham Road,E01026729,North Norfolk 008A,Suspect charged
8a5df11cc585e71f78ae050171ce4c526f05972ac6c4cb1556a83139cfd48467,2023-01,Norfolk Constabulary,Norfolk Constabulary,1.302213,52.644863,On or near ,E01026842,Norwich 003B,Unable to prosecute suspect
902a97145fb1ae43b4dd9d04c9ac71c8e25e28941b6b1c8a1629532d153b362c,2023-01,Norfolk Constabulary,Norfolk Constabulary,1.244256,52.701973,On or near St Paul's Close,E01026536,Broadland 004D,Offender given a caution
a0b5455a7c28d41b344862a2286ff668122c223e7a83861f7330a154d7fcec33,2023-01,Norfolk Constabulary,Norfolk Constabulary,1.313559,52.609552,On or near Henge Place,E01026937,South Norfolk 006G,Unable to prosecute suspect
3516b7863c19bfa8309e1319227673c1a70771b32b5a1e800b27d3ef565ddcae,2023-01,Norfolk Constabulary,Norfolk Constabulary,0.755270,52.428383,On or near Harriet Martineau Close,E01026466,Breckland 015B,Unable to prosecute suspect
d9cda1832b9d30096482e91a270e4c2b95f3b9412d0b2d690856aa008462fa7d,2023-01,Norfolk Constabulary,Norfolk Constabulary,1.279893,52.645744,On or near Shorncliffe Avenue,E01026829,Norwich 002B,Suspect charged
d96316112cfa8d5a8f3463e1e3b421be2401660c8ef36bd718431b2d984b1732,2023-01,Norfolk Constabulary,Norfolk Constabulary,1.302213,52.644863,On or near ,E01026842,Norwich 003B,Suspect charged
f675724dc5088635866cc94e794b7f73546341637b9c4aa6bdb1a294a3d7bef0,2023-01,Norfolk Constabulary,Norfolk Constabulary,1.065625,52.674976,On or near Mill Lane,E01026481,Breckland 006C,Investigation complete; no suspect identified
1bfeffec6c524d727b630dd3d49958f1960e45dbd5f04a1e99ce07ed775694e6,2023-01,Norfolk Constabulary,Norfolk Constabulary,1.292367,52.626970,On or near William Booth Street,E01026822,Norwich 007A,Unable to prosecute suspect
51319c9dab3e5c4feccd6b15813bff03cd5250beac25b614fc54d7a9989755c5,2023-01,Norfolk Constabulary,Norfolk Constabulary,1.735486,52.600544,On or near Brandon Terrace,E01026626,Great Yarmouth 006E,Unable to prosecute suspect
bf94240d2e4c7bac4841411cb6ba48a2207c69b31882906d7f362a8516b611f3,2023-01,Norfolk Constabulary,Norfolk Constabulary,0.526091,52.766371,On or near Ashwicken Road,E01026674,King's Lynn and West Norfolk 012B,Unable to prosecute suspect
323ede842a530304fab59cd701af34c507dab430f6db379d142093c0a26ba79b,2023-01,Norfolk Constabulary,Norfolk Constabulary,1.332170,52.646614,On or near Finch Close,E01026805,Norwich 004C,Unable to prosecute suspect
962a18bdf8d4a9e5d1f4a19eb0324a07eb2935948ff2fc8b51957c4460aaa196,2023-01,Norfolk Constabulary,Norfolk Constabulary,1.251379,52.625729,On or near Morello Close,E01026858,Norwich 010A,Unable to prosecute suspect
5a49c6403be05976c086e45734fe038bc3f8b4be37fa7b1585a7156ecdda40d3,2023-01,Norfolk Constabulary,Norfolk Constabulary,0.752882,52.414392,On or near ,E01026468,Breckland 016A,Unable to prosecute suspect
5647ce8a5e3147c50df4a368a07f5f890018c3e40a7a5ac29dd44f303f0ab203,2023-01,Norfolk Constabulary,Norfolk Constabulary,1.279893,52.645744,On or near Shorncliffe Avenue,E01026829,Norwich 002B,Suspect charged
edf357eb2bbefcc923d9f6998982cd1e6a971ca3c15fd3a28b8c6b76a0aa91c5,2023-01,Norfolk Constabulary,Norfolk Constabulary,0.752882,52.414392,On or near ,E01026468,Breckland 016A,Unable to prosecute suspect
0e3df85525551c08596ed12e62771396c9fd036ff097726c76b28cd4872b684c,2023-01,Norfolk Constabulary,Norfolk Constabulary,1.715358,52.606908,On or near Lucas Road,E01026634,Great Yarmouth 007C,Suspect charged
45622137d78da39c3829c0c43c8cdbc1e9233274062c524753592464b50ee84c,2023-01,Norfolk Constabulary,Norfolk Constabulary,1.230311,52.486330,On or near Snape Hall Road,E01026940,South Norfolk 011F,Unable to prosecute suspect
bbfbf733ddcc7096894d00d921711eb833b7931e3dbda6a0d67a8c3a412d5ca6,2023-01,Norfolk Constabulary,Norfolk Constabulary,1.210762,52.900162,On or near Dairy Lane,E01026732,North Norfolk 006B,Unable to prosecute suspect
80a43542e2fc9d1c850d8009b4b8c42e540042c91738aebd18d2c9dc341a1832,2023-01,Norfolk Constabulary,Norfolk Constabulary,1.381281,52.629815,On or near Maple Way,E01026509,Broadland 017B,Local resolution
d674f600a77e06646188d298c20437b84baac7b87f73fdbfe04f62b7eb5c77ca,2023-01,Norfolk Constabulary,Norfolk Constabulary,1.220028,52.690421,On or near Brancaster Close,E01026519,Broadland 007B,Investigation complete; no suspect identified
22c46f0dfb860548449e669c1f0014a2b300f0ce3a280c94f62f2c951e2c2558,2023-01,Norfolk Constabulary,Norfolk Constabulary,0.361700,52.598189,On or near Saint Johns Way,E01026707,King's Lynn and West Norfolk 017D,Investigation complete; no suspect identified
aaecc7164f7f980b99cea017d261c3753eb202888fea053c170b39cafa6e19e9,2023-01,Norfolk Constabulary,Norfolk Constabulary,1.196681,52.687295,On or near Cedar Court,E01026564,Broadland 006C,Investigation complete; no suspect identified
3b46778e883c6d93c37935bb3a9289be572f2a48ae638c99a83b2161dbd20b21,2023-01,Norfolk Constabulary,Norfolk Constabulary,0.487510,52.936078,On or near Crescent Lane,E01026683,King's Lynn and West Norfolk 001D,Suspect charged
543b3127a9475d7a1ad789b9204b43230a76c4f0314907e93723fd42394928f3,2023-01,Norfolk Constabulary,Norfolk Constabulary,0.429682,52.769708,On or near ,E01026669,King's Lynn and West Norfolk 006A,Suspect charged
1c1226b8a59b217dcef8d20edad6398dd3ed7a5bee24c06f4c31fccf4f0b7396,2023-01,Norfolk Constabulary,Norfolk Constabulary,0.418768,52.758961,On or near Swan Lane,E01026693,King's Lynn and West Norfolk 009D,Unable to prosecute suspect
ebf6a9252643b77b5e02efaa4be812c57d48cee84e321bbbf12424de6b762568,2023-01,Norfolk Constabulary,Norfolk Constabulary,1.720934,52.606805,On or near Steam Mill Lane,E01026635,Great Yarmouth 007D,Investigation complete; no suspect identified
981b874c4e1038312d32b1cc4e4736feb637c49ed8075b3e6a5b3d0093ea54fc,2023-01,Norfolk Constabulary,Norfolk Constabulary,0.359332,52.673065,On or near Park Crescent,E01026726,King's Lynn and West Norfolk 015D,Unable to prosecute suspect
f9d8d5b9885d520944c39cc997ed1cb4bb43f1fdf7726fef78971d88e5259540,2023-01,Norfolk Constabulary,Norfolk Constabulary,-1.115355,52.911850,On or near Manor Close,E01028373,Rushcliffe 008B,Unable to prosecute suspect
1eb0e538e21741f7e9e50f17fb79e88388b8af42566bb851d90b059a95a2c9a7,2023-01,Norfolk Constabulary,Norfolk Constabulary,0.359332,52.673065,On or near Park Crescent,E01026726,King's Lynn and West Norfolk 015D,Unable to prosecute suspect
cff20ec320c781617c6ab58e01727fa2b7e2b84437c7549484584fe09d6a52b1,2023-01,Norfolk Constabulary,Norfolk Constabulary,1.340973,52.642606,On or near Thurling Plain,E01026809,Norwich 004G,Unable to prosecute suspect
f1b27d49bf6b041ec3348cc0d78b880bb12afcf4507349c11a23019985a590ae,2023-01,Norfolk Constabulary,Norfolk Constabulary,1.245878,52.635269,On or near Cadge Close,E01026868,Norwich 006F,Unable to prosecute suspect
f1b27d49bf6b041ec3348cc0d78b880bb12afcf4507349c11a23019985a590ae,2023-01,Norfolk Constabulary,Norfolk Constabulary,1.245878,52.635269,On or near Cadge Close,E01026868,Norwich 006F,Unable to prosecute suspect
8aaa3aac85d0f64f57984f074ae69611c317ed9d5cc591ec79304a996f8ccf4e,2023-01,Norfolk Constabulary,Norfolk Constabulary,1.288994,52.621614,On or near Wood Street,E01026855,Norwich 011D,Suspect charged
da28aa4b7237d42ada27dd61643b3ca365803ab26f01804e17a05ddafc173105,2023-01,Norfolk Constabulary,Norfolk Constabulary,1.338483,52.647322,On or near ,E01026809,Norwich 004G,Investigation complete; no suspect identified
d52a0b24b44e8df7caa32dce87866d08d0a7374c62120cecb463cf4f417d6301,2023-01,Norfolk Constabulary,Norfolk Constabulary,1.183792,52.684278,On or near Draper Way,E01026566,Broadland 006E,Unable to prosecute suspect
eaa0e01c8490915e60c3748473f4ea60b3615e893d7308168835216b7b7d915a,2023-01,Norfolk Constabulary,Norfolk Constabulary,1.289549,52.621329,On or near Cranworth Gardens,E01026853,Norwich 011B,Suspect charged
b736834735e787388791c3061b1f143586dee9cc81ee1fe153850729a0c05975,2023-01,Norfolk Constabulary,Norfolk Constabulary,1.714433,52.579935,On or near Maple Way,E01026604,Great Yarmouth 009D,Unable to prosecute suspect
c8e5d9aebb4a38fc17c2bf3fe8017f1bece74a9cd514abb5e979b4c81542efeb,2023-01,Norfolk Constabulary,Norfolk Constabulary,0.414378,52.748728,On or near Exton's Place,E01026667,King's Lynn and West Norfolk 009B,Investigation complete; no suspect identified
c30f0faac66c54ce591fd2fca39a75a8c94f79870b1489d3a111b6e303014235,2023-01,Norfolk Constabulary,Norfolk Constabulary,1.303707,52.640954,On or near Crome Road,E01026845,Norwich 003E,Suspect charged
b905954c697dd4f4882228f888da5ce47c2180004fa61386e276910f238e8d8a,2023-01,Norfolk Constabulary,Norfolk Constabulary,0.526091,52.766371,On or near Ashwicken Road,E01026674,King's Lynn and West Norfolk 012B,Unable to prosecute suspect
ea907f8db3ed38b50aaab797dfbd35c80f5e250f0557a1744cac40ccf34f1160,2023-01,Norfolk Constabulary,Norfolk Constabulary,0.853124,52.954879,On or near Bolts Close,E01026764,North Norfolk 002C,Unable to prosecute suspect
ea907f8db3ed38b50aaab797dfbd35c80f5e250f0557a1744cac40ccf34f1160,2023-01,Norfolk Constabulary,Norfolk Constabulary,0.853124,52.954879,On or near Bolts Close,E01026764,North Norfolk 002C,Unable to prosecute suspect
f169eb6e977ecfb34c3fa4102a04c0c66552bc0b79168b957cfd58ae93c0cfd1,2023-01,Norfolk Constabulary,Norfolk Constabulary,1.396615,52.880805,On or near Mill Street,E01026738,North Norfolk 007A,Suspect charged
2deb801cade60a98d0e1bc2c1e6b406d30e49635a073f4fb3ebed4ea170c3c8e,2023-01,Norfolk Constabulary,Norfolk Constabulary,0.825763,52.571636,On or near Middle Street,E01026488,Breckland 009C,Unable to prosecute suspect
8c42940e493624654e29f5de9b4bba3069775af453ff55a3f153f4d877807992,2023-01,Norfolk Constabulary,Norfolk Constabulary,1.090083,52.906144,On or near Fish Hill,E01026743,North Norfolk 004C,Unable to prosecute suspect
45a1bbebdc5d6546414fcd317704432da35425486c71d7ee33fc203c566b6ddb,2023-01,Norfolk Constabulary,Norfolk Constabulary,1.288693,52.622917,On or near St Stephens Road,E01033434,Norwich 011G,Formal action is not in the public interest
d2b77a61441a5e289496b070c735ac7eca3e5f465069a05e0265083be3057744,2023-01,Norfolk Constabulary,Norfolk Constabulary,1.110696,52.372021,On or near ,E01026891,South Norfolk 015D,Investigation complete; no suspect identified
396ac8c7d5f29bfac5f5c42ba1fd82324726dc280d832057dabf4dbff1866bee,2023-01,Norfolk Constabulary,Norfolk Constabulary,1.734504,52.624744,On or near Beatty Close,E01026641,Great Yarmouth 004D,Formal action is not in the public interest
22c9f7a30ebfd1ea8b40163a5051850397fda4ea318aeefbf32290fa35d572bb,2023-01,Norfolk Constabulary,Norfolk Constabulary,1.545131,52.639294,On or near Mill Crescent,E01026498,Broadland 018B,Unable to prosecute suspect
e11ee26048e331bce91618572e8b86bfd2fd84f5ca03833ee3b8e42a3862600b,2023-01,Norfolk Constabulary,Norfolk Constabulary,1.108042,52.377118,On or near Market Hill,E01026891,South Norfolk 015D,Local resolution
89a77ce92265c772e0fbaafe77327e2456e03a847b0cac30f854c24a8002168f,2023-01,Norfolk Constabulary,Norfolk Constabulary,1.122567,52.368470,On or near Riverside Maltings,E01033541,South Norfolk 015H,Unable to prosecute suspect
91f3239f693af0b573a4cedf36f46d3d7875e14eac869eb1632998bfa6c90eae,2023-01,Norfolk Constabulary,Norfolk Constabulary,1.727662,52.614517,On or near ,E01026595,Great Yarmouth 005A,Suspect charged
7eab766bb3098b17b629cdd230f033999b2f9b9ecee9d2bcc7404c678c0eaa28,2023-01,Norfolk Constabulary,Norfolk Constabulary,1.637405,52.704411,On or near Back Lane,E01026637,Great Yarmouth 002D,Investigation complete; no suspect identified
26a9205e292fde17f071c9160c97fd43630cf4fde6869fb03a918e4fe6bef2db,2023-01,Norfolk Constabulary,Norfolk Constabulary,1.728725,52.651839,On or near Baxter Court,E01026592,Great Yarmouth 003D,Local resolution
2b710357c8e92483e750816a251a548f400fe4a91c7480492cfd2b37c3829fad,2023-01,Norfolk Constabulary,Norfolk Constabulary,1.727662,52.614517,On or near ,E01026595,Great Yarmouth 005A,Suspect charged
322cdb1201230dfe1138f96955902d7aa40de2ee69eae2741142c5a0942e94fa,2023-01,Norfolk Constabulary,Norfolk Constabulary,1.293132,52.626148,On or near ,E01026822,Norwich 007A,Unable to prosecute suspect
6431015cd3c2568041f49ee3f77016a4aa284dc88647c01acf08b3ba42e9d92d,2023-01,Norfolk Constabulary,Norfolk Constabulary,0.405658,52.747529,On or near Goodwins Road,E01026667,King's Lynn and West Norfolk 009B,Unable to prosecute suspect
050dc721112bfc86beccec08c4fb8d446db1291328df54f42d46cc2dd744dea5,2023-01,Norfolk Constabulary,Norfolk Constabulary,0.729302,52.401675,On or near Ash Close,E01026478,Breckland 017E,Unable to prosecute suspect
ff46eb78dde2a7da5232ce7e0ccbcf303914fda09532c52779f818b49d268926,2023-01,Norfolk Constabulary,Norfolk Constabulary,1.716583,52.599044,On or near Thamesfield Way,E01026634,Great Yarmouth 007C,Unable to prosecute suspect
cd5a0e1814a385e9da3f60f681492d74f73cd5d3fe25e68d506b2dc04077d71d,2023-01,Norfolk Constabulary,Norfolk Constabulary,0.865146,52.830593,On or near The Ridings,E01026749,North Norfolk 011E,Unable to prosecute suspect
c00b91b251835ace6c34418d56a3827d962f973cb64614f18723cb55caa3fbbb,2023-01,Norfolk Constabulary,Norfolk Constabulary,1.729177,52.652634,On or near Windsor Road,E01026592,Great Yarmouth 003D,Local resolution
e38e3efbb225bb5240947fe2bca27cc016fa28e97c7d132bd44285899e0871ad,2023-01,Norfolk Constabulary,Norfolk Constabulary,1.308248,52.640189,On or near Mousehold Avenue,E01026844,Norwich 003D,Unable to prosecute suspect
1cca29ddf7668d16945fc163c06d83d1b42a20824ff468b00a9f41b51328732a,2023-01,Norfolk Constabulary,Norfolk Constabulary,1.733139,52.570711,On or near ,E01026631,Great Yarmouth 010E,Investigation complete; no suspect identified
e6529faa0a97b7526b5970b1017ef190f37f564c68db678ff99df9e150b45a8d,2023-01,Norfolk Constabulary,Norfolk Constabulary,1.292313,52.625272,On or near St Stephens Street,E01026822,Norwich 007A,Suspect charged
732b9ee2fa38f93608ff762f842727e3aa076e0f8d3d9d025aeef7693d76d214,2023-01,Norfolk Constabulary,Norfolk Constabulary,1.303445,52.612568,On or near Netherwood Green,E01026817,Norwich 013B,Investigation complete; no suspect identified
5c6977e20d77ab4848c4f8ea30505759d6c2d7d716c464a23b99cb6a923c1c0a,2023-01,Norfolk Constabulary,Norfolk Constabulary,1.296996,52.638416,On or near Garden Place,E01026826,Norwich 007E,Offender given a caution
9ea07fba7b621b0cc05abbfde068e22316f1cb8563aacf5541ec175cf9e3dd26,2023-01,Norfolk Constabulary,Norfolk Constabulary,0.988872,52.512825,On or near West Carr Road,E01026449,Breckland 011D,Action to be taken by another organisation
c445a511b99c0808aaef9203e9ebbdaf0669c307cdd68ba09933718d617449d3,2023-01,Norfolk Constabulary,Norfolk Constabulary,0.988872,52.512825,On or near West Carr Road,E01026449,Breckland 011D,Action to be taken by another organisation
5f833ee5921884d39da5104246ab5ea07e7c6aec74bd10fc8f96db3ad093a09e,2023-01,Norfolk Constabulary,Norfolk Constabulary,1.291471,52.624516,On or near ,E01026822,Norwich 007A,Investigation complete; no suspect identified
072452c99d4052382dbcca86e5853d8fabd5a1fedf93170874e40b6578005926,2023-01,Norfolk Constabulary,Norfolk Constabulary,1.042841,52.854550,On or near Burston Close,E01026730,North Norfolk 008B,Investigation complete; no suspect identified
c9d9f059e0b6ac085b8004bfe1101062b7ede68fde930b550700ca94a5fea985,2023-01,Norfolk Constabulary,Norfolk Constabulary,1.196681,52.687295,On or near Cedar Court,E01026564,Broadland 006C,Unable to prosecute suspect
eec7b60c6c2fb228912d8cef14436c4939a4e7f303fbc5e19921aac4f5e3f908,2023-01,Norfolk Constabulary,Norfolk Constabulary,1.726599,52.621477,On or near The Lawns,E01026640,Great Yarmouth 004C,Unable to prosecute suspect
18b9ff58ae768765171b4a3df010cd8e67089c2a48a1c59df4fe3318130fd387,2023-01,Norfolk Constabulary,Norfolk Constabulary,1.247756,52.637070,On or near Darrell Place,E01026867,Norwich 006E,Action to be taken by another organisation
5a9cbc226062ee12397565ad3a2d957cb80f627f79baf131d0c2b76bcbbfa56b,2023-01,Norfolk Constabulary,Norfolk Constabulary,1.726599,52.621477,On or near The Lawns,E01026640,Great Yarmouth 004C,Unable to prosecute suspect
47d062888d77adbe63bd7f9bf98f9c926d1b759def5bdcdf1b7e468722a488cd,2023-01,Norfolk Constabulary,Norfolk Constabulary,1.251156,52.623514,On or near Lovelace Road,E01026860,Norwich 010C,Investigation complete; no suspect identified
e2247098460a6871b038b66f1c413e660460f62a6708dd6a6bdffb896d2a983c,2023-01,Norfolk Constabulary,Norfolk Constabulary,1.242814,52.641001,On or near Marl Pit Lane,E01026869,Norwich 006G,Unable to prosecute suspect
65db8a227d23f39c113defd249aac248aa18630a4d6d7270aec0a14c04445ae4,2023-01,Norfolk Constabulary,Norfolk Constabulary,1.004761,52.786546,On or near Bexfield Close,E01026522,Broadland 002A,Unable to prosecute suspect
08cc46f92193fb4c6180a5eefb9c8e300081e1a96a3f67868ff3026cf8749b6c,2023-01,Norfolk Constabulary,Norfolk Constabulary,-1.115355,52.911850,On or near Manor Close,E01028373,Rushcliffe 008B,Unable to prosecute suspect
0d01c0e6a323d2d2f3541426c4f49e4845ed0db2307b3a3d28b27f8782799448,2023-01,Norfolk Constabulary,Norfolk Constabulary,0.496042,52.908744,On or near Kenwood Road,E01026676,King's Lynn and West Norfolk 003A,Unable to prosecute suspect
677134eef96d47389b2dff0065ec703b248270f4ff6b2ebe80df8b02197aa8c3,2023-01,Norfolk Constabulary,Norfolk Constabulary,0.436995,52.750405,On or near Caxton Court,E01026664,King's Lynn and West Norfolk 010C,Unable to prosecute suspect
02d3edb53d18a8a0f197c04bd7f5288b7febbc709edf64d29e2da308a3ba7bc1,2023-01,Norfolk Constabulary,Norfolk Constabulary,1.161706,52.650605,On or near Bawburgh Road,E01026895,South Norfolk 002D,Further investigation is not in the public interest
a0b5d169fca6b2fb6be8d770bae70f8576cde17408dc66e779413426ee2d1586,2023-01,Norfolk Constabulary,Norfolk Constabulary,1.161706,52.650605,On or near Bawburgh Road,E01026895,South Norfolk 002D,Further investigation is not in the public interest
6f27296ec8d2ab8a687429dc4bad046fdfe1a01b81f89b76a109dcbda14211f8,2023-01,Norfolk Constabulary,Norfolk Constabulary,1.161706,52.650605,On or near Bawburgh Road,E01026895,South Norfolk 002D,Further investigation is not in the public interest
e681210978c932581c046423ae0250e0a175c91a1ca30aa98d143434ec16f84a,2023-01,Norfolk Constabulary,Norfolk Constabulary,1.161706,52.650605,On or near Bawburgh Road,E01026895,South Norfolk 002D,Further investigation is not in the public interest
241166becb081f9b94c30fdf775b277161face48f2c461437f6b0e80dec54175,2023-01,Norfolk Constabulary,Norfolk Constabulary,1.161706,52.650605,On or near Bawburgh Road,E01026895,South Norfolk 002D,Further investigation is not in the public interest
d6ae9dc8f5699a6be14f731e7052f66bf916386548eec417c31e666e72ea5fc9,2023-01,Norfolk Constabulary,Norfolk Constabulary,1.161706,52.650605,On or near Bawburgh Road,E01026895,South Norfolk 002D,Further investigation is not in the public interest
779424b9b2bb8b5ddbd075e68866b1665d7f0323819cafe55e6303f2115a8e04,2023-01,Norfolk Constabulary,Norfolk Constabulary,1.161706,52.650605,On or near Bawburgh Road,E01026895,South Norfolk 002D,Further investigation is not in the public interest
60c772e1b24638585fc996882f7aa1bf7f5b4c6c749b07e29e71dab6b7aedc9e,2023-01,Norfolk Constabulary,Norfolk Constabulary,1.161706,52.650605,On or near Bawburgh Road,E01026895,South Norfolk 002D,Further investigation is not in the public interest
d0bb7dbe5bea66b90f186a462fab41f6a7a42cedfd3d0ddfc4a3a9ecaa0f0e31,2023-01,Norfolk Constabulary,Norfolk Constabulary,1.161706,52.650605,On or near Bawburgh Road,E01026895,South Norfolk 002D,Further investigation is not in the public interest
477e2ca452bc5c3bcdd9e2de1ecac0975073e98e035bd081358ee197075e5dc7,2023-01,Norfolk Constabulary,Norfolk Constabulary,1.161706,52.650605,On or near Bawburgh Road,E01026895,South Norfolk 002D,Further investigation is not in the public interest
8bb8b6d5aaf4e09679df7c48b88e8089ce68902725ba6df2331372ddc19c9031,2023-01,Norfolk Constabulary,Norfolk Constabulary,1.161706,52.650605,On or near Bawburgh Road,E01026895,South Norfolk 002D,Further investigation is not in the public interest
04b204d07cc7217216bc4b46d032ed799368485546fe08244f41791a458f7f30,2023-01,Norfolk Constabulary,Norfolk Constabulary,1.161706,52.650605,On or near Bawburgh Road,E01026895,South Norfolk 002D,Further investigation is not in the public interest
f2547363261d4465d502cd2bb6dbd0dcd9854786d4a7fe14202cb3b22f7cad71,2023-01,Norfolk Constabulary,Norfolk Constabulary,1.161706,52.650605,On or near Bawburgh Road,E01026895,South Norfolk 002D,Further investigation is not in the public interest
97d236185561d97f600b764919ccb84d7abbcf3b00322c71c86e5751f005803b,2023-01,Norfolk Constabulary,Norfolk Constabulary,1.161706,52.650605,On or near Bawburgh Road,E01026895,South Norfolk 002D,Further investigation is not in the public interest
e722dfcba38a6667ee3f0c6dd871632f4c3d6f9d6452c60c5edcf476f98f9256,2023-01,Norfolk Constabulary,Norfolk Constabulary,1.161706,52.650605,On or near Bawburgh Road,E01026895,South Norfolk 002D,Further investigation is not in the public interest
74f3ef9529c62254cc78477844965ac9efa35f11a02cfaa205a8d9b9e3a4c49f,2023-01,Norfolk Constabulary,Norfolk Constabulary,1.161706,52.650605,On or near Bawburgh Road,E01026895,South Norfolk 002D,Further investigation is not in the public interest
da61ae214cfd0c729d487d079ea4b9d0543ee196a889110225e99ffa2a1bf521,2023-01,Norfolk Constabulary,Norfolk Constabulary,1.161706,52.650605,On or near Bawburgh Road,E01026895,South Norfolk 002D,Further investigation is not in the public interest
0145e448808b0ba01a36f462e2c19e18c3a240e69822eb1f46a096e74e9dd050,2023-01,Norfolk Constabulary,Norfolk Constabulary,0.377016,52.601506,On or near ,E01033039,King's Lynn and West Norfolk 017H,Suspect charged
0145e448808b0ba01a36f462e2c19e18c3a240e69822eb1f46a096e74e9dd050,2023-01,Norfolk Constabulary,Norfolk Constabulary,0.377016,52.601506,On or near ,E01033039,King's Lynn and West Norfolk 017H,Suspect charged
0145e448808b0ba01a36f462e2c19e18c3a240e69822eb1f46a096e74e9dd050,2023-01,Norfolk Constabulary,Norfolk Constabulary,0.377016,52.601506,On or near ,E01033039,King's Lynn and West Norfolk 017H,Suspect charged
0145e448808b0ba01a36f462e2c19e18c3a240e69822eb1f46a096e74e9dd050,2023-01,Norfolk Constabulary,Norfolk Constabulary,0.377016,52.601506,On or near ,E01033039,King's Lynn and West Norfolk 017H,Suspect charged
0145e448808b0ba01a36f462e2c19e18c3a240e69822eb1f46a096e74e9dd050,2023-01,Norfolk Constabulary,Norfolk Constabulary,0.377016,52.601506,On or near ,E01033039,King's Lynn and West Norfolk 017H,Suspect charged
15831d99845999961309945ddca3fb31218ae3054393871d569770196ea9be84,2023-01,Norfolk Constabulary,Norfolk Constabulary,1.161706,52.650605,On or near Bawburgh Road,E01026895,South Norfolk 002D,Further investigation is not in the public interest
ed99b1fa9ae0fb90e89d5bfebe028872b50cc6c7f082551395781dcd7f8eb0af,2023-01,Norfolk Constabulary,Norfolk Constabulary,1.161706,52.650605,On or near Bawburgh Road,E01026895,South Norfolk 002D,Further investigation is not in the public interest
7f0b32be879e864ad33eb6034e538a2e9c5546b5388c864cb0605b236cc55c51,2023-01,Norfolk Constabulary,Norfolk Constabulary,1.161706,52.650605,On or near Bawburgh Road,E01026895,South Norfolk 002D,Further investigation is not in the public interest
3553684c46ffc0cd7a77b08d5244bef618f8a160f23faf978812ece30c4cd0d2,2023-01,Norfolk Constabulary,Norfolk Constabulary,1.161706,52.650605,On or near Bawburgh Road,E01026895,South Norfolk 002D,Further investigation is not in the public interest
442624dea578ac0fe43eb84828d329800f8b8dffca5082216cc7c37f9d64c228,2023-01,Norfolk Constabulary,Norfolk Constabulary,1.161706,52.650605,On or near Bawburgh Road,E01026895,South Norfolk 002D,Further investigation is not in the public interest
37392aa22061680c9811de599d3e62bb153a77e10d624ea8c9d6059c2d373087,2023-01,Norfolk Constabulary,Norfolk Constabulary,1.161706,52.650605,On or near Bawburgh Road,E01026895,South Norfolk 002D,Further investigation is not in the public interest
60ec910dba8991ad88e5b39905398b69fa59b9f6327d6418b7780f996aaf4a22,2023-01,Norfolk Constabulary,Norfolk Constabulary,1.161706,52.650605,On or near Bawburgh Road,E01026895,South Norfolk 002D,Further investigation is not in the public interest
11e5f50066ebeceae90e1b4872d62150c01d5ba7d72aa30a4cf8e83c979e6005,2023-01,Norfolk Constabulary,Norfolk Constabulary,1.161706,52.650605,On or near Bawburgh Road,E01026895,South Norfolk 002D,Further investigation is not in the public interest
a786628824963f0e8c6027b6800fc701a200f6d512d55538767d5b31dc4c7dce,2023-01,Norfolk Constabulary,Norfolk Constabulary,1.161706,52.650605,On or near Bawburgh Road,E01026895,South Norfolk 002D,Further investigation is not in the public interest
3b97e3febf79aae56bc9578f3dbb79a631762bec27113c950591053e212e2b9d,2023-01,Norfolk Constabulary,Norfolk Constabulary,1.161706,52.650605,On or near Bawburgh Road,E01026895,South Norfolk 002D,Further investigation is not in the public interest
2bfe28d491419e58ab5a5420de1cd0fb05697adb92a4eb1f2a5fdc972693dde7,2023-01,Norfolk Constabulary,Norfolk Constabulary,1.161706,52.650605,On or near Bawburgh Road,E01026895,South Norfolk 002D,Further investigation is not in the public interest
1334bf61a81c0fb239437e14ddf2c9b5e908cc7d48ae807bc323da3251bf07ce,2023-01,Norfolk Constabulary,Norfolk Constabulary,1.161706,52.650605,On or near Bawburgh Road,E01026895,South Norfolk 002D,Further investigation is not in the public interest
6d3de00f894b54d3ead7edf2a732a6e369c21702ec57038e4c5c743e40fb1216,2023-01,Norfolk Constabulary,Norfolk Constabulary,1.301862,52.629017,On or near ,E01033438,Norwich 014A,Further investigation is not in the public interest
d88c45aca021be2eac1bc46e2fefa122d55a46757c16aedd37dfa3ee888cf5d8,2023-01,Norfolk Constabulary,Norfolk Constabulary,1.725935,52.537307,On or near Ives Way,E01026588,Great Yarmouth 013D,Suspect charged
4cd4d424b3adf0848f09d5f87140a9f67c34a0c45b83518e79ffc4d6de4715dc,2023-01,Norfolk Constabulary,Norfolk Constabulary,1.198536,52.937076,On or near The Turning,E01026772,North Norfolk 001C,Unable to prosecute suspect
a9028fcdfb7406a7062ae23c3e6812250b291e96e9753a363478cffae2fdb5aa,2023-01,Norfolk Constabulary,Norfolk Constabulary,0.382268,52.604404,On or near Old Stable Mews,E01033039,King's Lynn and West Norfolk 017H,Unable to prosecute suspect
a9028fcdfb7406a7062ae23c3e6812250b291e96e9753a363478cffae2fdb5aa,2023-01,Norfolk Constabulary,Norfolk Constabulary,0.382268,52.604404,On or near Old Stable Mews,E01033039,King's Lynn and West Norfolk 017H,Unable to prosecute suspect
08e40fe45ceca2a377fa4336d751722deb04daa20c2474040be9c0ef9a208166,2023-01,Norfolk Constabulary,Norfolk Constabulary,0.412689,52.765352,On or near Mayflower Avenue,E01026690,King's Lynn and West Norfolk 007D,Unable to prosecute suspect
2d9ecadc89deddcc9592176001d0edde64763265e1494f919ea23d2add778f03,2023-01,Norfolk Constabulary,Norfolk Constabulary,1.189119,52.653207,On or near Ernest Gage Avenue,E01033538,South Norfolk 001G,Unable to prosecute suspect
09093ee1bf6ae6bda0e933f4669a9baf8236d8867541318c71fffb2d0b1817d1,2023-01,Norfolk Constabulary,Norfolk Constabulary,1.324810,52.636363,On or near ,E01026807,Norwich 004E,Unable to prosecute suspect
e5e2597c1cacbf678dd983e63e90356cd5da3ffdb71680f47babeea5558612c0,2023-01,Norfolk Constabulary,Norfolk Constabulary,1.424578,52.626825,On or near Springdale Road,E01026508,Broadland 017A,Investigation complete; no suspect identified
3be7a223577b6016e8d73364ced2a5206e2f70d1466365a368c662628c77a302,2023-01,Norfolk Constabulary,Norfolk Constabulary,1.220816,52.618488,On or near ,E01026883,South Norfolk 002C,Unable to prosecute suspect
def4e7a21cac90dddef8a4fb3ded9722f852b4fb91e25bd39e7dfeb9261c85ac,2023-01,Norfolk Constabulary,Norfolk Constabulary,1.293132,52.626148,On or near ,E01026822,Norwich 007A,Suspect charged
7da5565f14fedb60919a83ad054203980842f9ab5a7fa3886d7f3f036a5aaba7,2023-01,Norfolk Constabulary,Norfolk Constabulary,1.240044,52.700272,On or near Poplar Close,E01026537,Broadland 004E,Unable to prosecute suspect
fbcd39fb94d524101a7e850e0fa3feda7d69965381012dfbea8fd6086410303a,2023-01,Norfolk Constabulary,Norfolk Constabulary,1.577060,52.590672,On or near Low Road,E01026538,Broadland 018C,Investigation complete; no suspect identified
b2bda7a2da8ac1f8defb3a71bfeac1d30c407fadc90a741de4842d35d82ce047,2023-01,Norfolk Constabulary,Norfolk Constabulary,1.709389,52.689810,On or near Fakes Road,E01026607,Great Yarmouth 001C,Unable to prosecute suspect
cfd26dff58d91e7141c9a35208ecd7fe37bd69e21d0b71cda6e4bac6737a4e78,2023-01,Norfolk Constabulary,Norfolk Constabulary,1.709389,52.689810,On or near Fakes Road,E01026607,Great Yarmouth 001C,Unable to prosecute suspect
3bbcb1c0a5e0b1dd3f9f6085641d861e975d4bdbf7b87e9a4769c148ac954145,2023-01,Norfolk Constabulary,Norfolk Constabulary,1.139218,52.582756,On or near Snowdrop Street,E01026933,South Norfolk 007C,Unable to prosecute suspect
6dc28b5e26c44616da214fe56d6680d709c0c68f5fc5f9fbd1963243459f0ab8,2023-01,Norfolk Constabulary,Norfolk Constabulary,1.712572,52.596517,On or near Gapton Hall Road,E01026633,Great Yarmouth 007B,Unable to prosecute suspect
908f3d91b737c3f3dc2f9325414768ecfabdf05829785c9b92581742dfb0322f,2023-01,Norfolk Constabulary,Norfolk Constabulary,0.856864,52.570314,On or near ,E01033040,Breckland 010F,Investigation complete; no suspect identified
65e1dd660809d302b660ef88f7eaa76c97cfb705a7c970eddb95a19d001c723d,2023-01,Norfolk Constabulary,Norfolk Constabulary,1.631237,52.706453,On or near Grove Close,E01026638,Great Yarmouth 002E,Unable to prosecute suspect
728f1d6fbe87857f156cddd2ca5316a65474da7446a18f4e6b808838993b4bb6,2023-01,Norfolk Constabulary,Norfolk Constabulary,1.124398,52.370463,On or near Tavern Close,E01033539,South Norfolk 015G,Unable to prosecute suspect
94c05df46d5ade47707d983774a6f237424efe9f5ae9139fe91a0973efa0ed2d,2023-01,Norfolk Constabulary,Norfolk Constabulary,,,No location,,,Investigation complete; no suspect identified
70fac058381b09f5ae83d4adcd07a2db3c89fd406e19f87cd4297051a49fa060,2023-01,Norfolk Constabulary,Norfolk Constabulary,0.733425,52.409861,On or near St Martin's Way,E01026476,Breckland 017C,Investigation complete; no suspect identified
687df2ea73a955a1c0f18b40a295dfcc44e19db9b578cd6322bea13f7cde568e,2023-01,Norfolk Constabulary,Norfolk Constabulary,1.718037,52.581342,On or near Hornbeam Close,E01026602,Great Yarmouth 009B,Investigation complete; no suspect identified
410a92cb667e4c3f8c897bd59e4489281ea7a18794beab9bda3c399dfc9910b5,2023-01,Norfolk Constabulary,Norfolk Constabulary,1.284971,52.623147,On or near Sarah West Close,E01033434,Norwich 011G,Investigation complete; no suspect identified
e6822a8f4b7db619a368441c05f614b5d7779b592dc301b414426dd0437b2492,2023-01,Norfolk Constabulary,Norfolk Constabulary,1.289551,52.669004,On or near Hurricane Way,E01026797,Norwich 001A,Suspect charged
5bb6046e0b8195c3d922d8093d1cf65a61e30db53c86c67ece7b8634789d92c8,2023-01,Norfolk Constabulary,Norfolk Constabulary,0.940087,52.663033,On or near ,E01026434,Breckland 005F,Unable to prosecute suspect
a30be5f46cee14f7506d2a06f8bd154fa1539c7bf725bc13fe6b5e2de21e1f32,2023-01,Norfolk Constabulary,Norfolk Constabulary,1.207435,52.647865,On or near Johnson Close,E01026925,South Norfolk 001F,Unable to prosecute suspect
cfc7988d8eb1a6e309a3125dd126e9a98e66f7bcb578f472716a0d27b09b8222,2023-01,Norfolk Constabulary,Norfolk Constabulary,1.184046,52.662957,On or near Magnolia Way,E01033538,South Norfolk 001G,Unable to prosecute suspect
b1a5f9975d8a0d5bf0843bd4c3274d105f96d6621535a10db35a271149a44fb2,2023-01,Norfolk Constabulary,Norfolk Constabulary,0.989613,52.582296,On or near The Fields,E01026910,South Norfolk 004B,Unable to prosecute suspect
ecf9be7e782afd8874b84ce6a0d2f25a57dd5dc77245ff3858ff3604f18cfe38,2023-01,Norfolk Constabulary,Norfolk Constabulary,0.969112,52.681653,On or near Elm Street,E01026430,Breckland 003C,Unable to prosecute suspect
991188ba7b172ec0e6df17ee4d53f0cc9cc9e2f6a23d81fc088bde37ea323dc7,2023-01,Norfolk Constabulary,Norfolk Constabulary,0.395019,52.752924,On or near Granary Court,E01026699,King's Lynn and West Norfolk 011B,Local resolution
a95f1eeb481d95321ed3470ca7103e001377ecb902d97c34212fc704595d62d7,2023-01,Norfolk Constabulary,Norfolk Constabulary,1.240044,52.700272,On or near Poplar Close,E01026537,Broadland 004E,Unable to prosecute suspect
5e7e6169e4a42a009b86b792836553b7d12ae5e945721c529e3251090f52cdda,2023-01,Norfolk Constabulary,Norfolk Constabulary,1.734898,52.610817,On or near Wellesley Road,E01026598,Great Yarmouth 005D,Suspect charged
5e7e6169e4a42a009b86b792836553b7d12ae5e945721c529e3251090f52cdda,2023-01,Norfolk Constabulary,Norfolk Constabulary,1.734898,52.610817,On or near Wellesley Road,E01026598,Great Yarmouth 005D,Suspect charged
76b6e21aa61a4c9fa0f630ae66e74e79c4fc79c0d84068d24178c03c0910bcff,2023-01,Norfolk Constabulary,Norfolk Constabulary,1.294552,52.636380,On or near ,E01026826,Norwich 007E,Unable to prosecute suspect
597ca08a3e448364359b0c34e90f2f33aede217732ce60b1268287c8394a81a4,2023-01,Norfolk Constabulary,Norfolk Constabulary,0.395542,52.756240,On or near Market Lane,E01026698,King's Lynn and West Norfolk 011A,Unable to prosecute suspect
d101f9df61a4adfcc1462a89b86f68c6978a0e11c5f970029bfb10836dc58b30,2023-01,Norfolk Constabulary,Norfolk Constabulary,1.137281,52.579399,On or near B1135,E01026933,South Norfolk 007C,Suspect charged
6ecf893b29f3e01376dcd091f8fa89414c27f4705881525002c7883e4fe838bd,2023-01,Norfolk Constabulary,Norfolk Constabulary,0.395542,52.756240,On or near Market Lane,E01026698,King's Lynn and West Norfolk 011A,Unable to prosecute suspect
f4594355bf9ad8117c1ee97d19c1bad1e195f3b3b939da01d259c13f4f85863c,2023-01,Norfolk Constabulary,Norfolk Constabulary,1.284110,52.628225,On or near Convent Road,E01033437,Norwich 011H,Unable to prosecute suspect
93543c06cbab9e0e552c9320dd67f537e173ef79e6499cc228af65c09e3b4746,2023-01,Norfolk Constabulary,Norfolk Constabulary,1.662514,52.570167,On or near Bure Close,E01026615,Great Yarmouth 012C,Unable to prosecute suspect
2107dceeb16529a3f652bbfb20e658dcdafa63199eb439ebb793a64176c830b2,2023-01,Norfolk Constabulary,Norfolk Constabulary,1.152460,52.889683,On or near THE STREET,E01026733,North Norfolk 006C,Unable to prosecute suspect
398edee55d27fb313f0904be8345c5b72d6baaa38e5b9cb65a20d9c633d027b6,2023-01,Norfolk Constabulary,Norfolk Constabulary,1.229108,52.637185,On or near Ladysmock Way,E01033436,Norwich 005H,Unable to prosecute suspect
bdf2d960f8e10caa557b670d6f53ad7a40a81d08b5fddc6a07ccb99173589c62,2023-01,Norfolk Constabulary,Norfolk Constabulary,1.662514,52.570167,On or near Bure Close,E01026615,Great Yarmouth 012C,Unable to prosecute suspect
9f1051206b344161c6dfcfd63bbc4ab7f9c9cc56274a4d41be6a97a651810942,2023-01,Norfolk Constabulary,Norfolk Constabulary,1.515648,52.770892,On or near ,E01026776,North Norfolk 013C,Unable to prosecute suspect
bbdfebd20026353f0b57af6077ef795d3acc5439af4937bc3decc421314ecba0,2023-01,Norfolk Constabulary,Norfolk Constabulary,1.303302,52.922660,On or near A149,E01026778,North Norfolk 003E,Unable to prosecute suspect
2a61405c99fef1eab660093a697ee8f97608fa7b2a0df6bcb028f2b735e15478,2023-01,Norfolk Constabulary,Norfolk Constabulary,1.148597,52.584863,On or near Norwich Common,E01026933,South Norfolk 007C,Unable to prosecute suspect
fb1bf161a55efe043d4b56478d9ae2d8e080bc1203d1811c999e080cb86643af,2023-01,Norfolk Constabulary,Norfolk Constabulary,1.304392,52.925247,On or near Cromwell Close,E01026778,North Norfolk 003E,Unable to prosecute suspect
d95038113aeda1b76377e456420f0d0e5cbb6233551b908b5d91713dc277cce3,2023-01,Norfolk Constabulary,Norfolk Constabulary,0.867239,52.838474,On or near Saxon Way,E01026745,North Norfolk 011A,Unable to prosecute suspect
d95038113aeda1b76377e456420f0d0e5cbb6233551b908b5d91713dc277cce3,2023-01,Norfolk Constabulary,Norfolk Constabulary,0.867239,52.838474,On or near Saxon Way,E01026745,North Norfolk 011A,Unable to prosecute suspect
dd0306cff71065ee550fc62d760ef168d6c94130f1150fd286ce68ff6ef00773,2023-01,Norfolk Constabulary,Norfolk Constabulary,0.980950,52.882161,On or near ,E01026788,North Norfolk 008C,Investigation complete; no suspect identified
c0478aa7e0afa0db2948ba66e9ff3708ba436241b32bc3d77b32abb39f2708bc,2023-01,Norfolk Constabulary,Norfolk Constabulary,1.724903,52.606221,On or near Hall Plain,E01026623,Great Yarmouth 006B,Unable to prosecute suspect
0be5c9f3b3ed8c269a12432105cffbdc10a77bb4e982d43210adb5cf47aca4c0,2023-01,Norfolk Constabulary,Norfolk Constabulary,1.284978,52.643940,On or near Press Lane,E01026830,Norwich 002C,Suspect charged
fbddefa4666840f4ffc4343edb31ef287429fa3c08eb4f9218661f42dd319719,2023-01,Norfolk Constabulary,Norfolk Constabulary,1.700860,52.581827,On or near Martin Close,E01026583,Great Yarmouth 008C,Investigation complete; no suspect identified
a5739a8d332f5351e1c78d7d98077b3e1c78fb9be9dbadb0185f756d237c1935,2023-01,Norfolk Constabulary,Norfolk Constabulary,1.156097,52.508615,On or near Norwich Road,E01026897,South Norfolk 011C,Unable to prosecute suspect
6d5590d9e08163bcdf2ab6d06b66aff911faf2629b059f9114f46736f883ab6a,2023-01,Norfolk Constabulary,Norfolk Constabulary,1.277315,52.621956,On or near Bury Street,E01026857,Norwich 011F,Investigation complete; no suspect identified
41c794899aac823ee14fe3c590162e8733ab595b7cb0ef8a907b318e60e29dd5,2023-01,Norfolk Constabulary,Norfolk Constabulary,0.753955,52.413431,On or near Lambert's,E01026468,Breckland 016A,Unable to prosecute suspect
f8697869b23fd176dc687d54112a1ae559e4274bd0f3d17e2fe65a6211b6ed36,2023-01,Norfolk Constabulary,Norfolk Constabulary,0.394469,52.754796,On or near Purfleet,E01026698,King's Lynn and West Norfolk 011A,Unable to prosecute suspect
f4b919b357841354a37b0e052922699297d34745d3f2654822c844b5853313ce,2023-01,Norfolk Constabulary,Norfolk Constabulary,1.219794,52.648437,On or near Farmland Road,E01026917,South Norfolk 001B,Action to be taken by another organisation
3f9323b4f7ac6bff64da4970ae6a626a85cd7f060087f62a9c1371f91b1624b9,2023-01,Norfolk Constabulary,Norfolk Constabulary,0.942693,52.681772,On or near Thompson Way,E01026426,Breckland 005B,Unable to prosecute suspect
9ed34ca02627e2c0ad8727549132624ec0239e6d43d177892b473a4de1efa516,2023-01,Norfolk Constabulary,Norfolk Constabulary,1.731985,52.618600,On or near Churchill Road,E01026599,Great Yarmouth 004A,Investigation complete; no suspect identified
6fee3780e2c929120cce96337c460a3fa14cad733ff67d1a0ca502b59835f5ed,2023-01,Norfolk Constabulary,Norfolk Constabulary,0.549687,52.464344,On or near PEARCE'S CLOSE,E01026648,King's Lynn and West Norfolk 019A,Suspect charged
55bbfdda671ce8daff3ffc84080a9580008a47e0ff727984d650a9933e6c3102,2023-01,Norfolk Constabulary,Norfolk Constabulary,0.190921,52.695739,On or near School Road,E01026721,King's Lynn and West Norfolk 013E,Unable to prosecute suspect
5929a17a077dfd29ff6859267b94b50949753288da66e1c6124872c578a95c05,2023-01,Norfolk Constabulary,Norfolk Constabulary,0.399309,52.758718,On or near Lansdowne Street,E01026689,King's Lynn and West Norfolk 007C,Suspect charged
953f3bcfcf8e3a081a40d60912679dec87d062bfb74baba09d3ba4627638cb1c,2023-01,Norfolk Constabulary,Norfolk Constabulary,0.190921,52.695739,On or near School Road,E01026721,King's Lynn and West Norfolk 013E,Unable to prosecute suspect
b9e3256c6131596284b7ffed0d92f5cb7d89683101ff12887429bf9e6195b536,2023-01,Norfolk Constabulary,Norfolk Constabulary,0.402999,52.748752,On or near Pleasant Court,E01026699,King's Lynn and West Norfolk 011B,Unable to prosecute suspect
40605599b4dac2323328a152bcb26ed7efda6ca9bb0c7e74026f931209d20ced,2023-01,Norfolk Constabulary,Norfolk Constabulary,0.430936,52.770662,On or near Willow Park,E01026669,King's Lynn and West Norfolk 006A,Unable to prosecute suspect
b06cee16f81d9abe7f713cbb2ff93a8dca3592c40e09616b1ce11b3431212fc6,2023-01,Norfolk Constabulary,Norfolk Constabulary,1.287180,52.630928,On or near Ten Bell Lane,E01026822,Norwich 007A,Unable to prosecute suspect
c6de38b2c6d02076d3e366abdb564efaf8f7bbfeb6bc6563996f109844ad0267,2023-01,Norfolk Constabulary,Norfolk Constabulary,1.533392,52.734533,On or near School Road,E01026784,North Norfolk 014D,Unable to prosecute suspect
604e76c2fbd60b18b51d173f09329bc96fb07e1750dcdc2d9944c774263ce37d,2023-01,Norfolk Constabulary,Norfolk Constabulary,1.726143,52.606551,On or near ,E01026623,Great Yarmouth 006B,Unable to prosecute suspect
604e76c2fbd60b18b51d173f09329bc96fb07e1750dcdc2d9944c774263ce37d,2023-01,Norfolk Constabulary,Norfolk Constabulary,1.726143,52.606551,On or near ,E01026623,Great Yarmouth 006B,Unable to prosecute suspect
c5fb009fd3343be4a2b3be9033f86957fb8dca79619e7d05430e4fa239eeb663,2023-01,Norfolk Constabulary,Norfolk Constabulary,1.498465,52.842572,On or near St Helens Road,E01026740,North Norfolk 012A,Unable to prosecute suspect
c40958686326d6833d4a8d6458cf46268c67d8b235a74296045aa0c4541f51d8,2023-01,Norfolk Constabulary,Norfolk Constabulary,0.430936,52.770662,On or near Willow Park,E01026669,King's Lynn and West Norfolk 006A,Unable to prosecute suspect
63b8ca93174d80e696bbc776f0445fcd7e6bb00fb6c564aeeebf76cda7ce6662,2023-01,Norfolk Constabulary,Norfolk Constabulary,0.247446,52.699598,On or near Hall Road,E01026721,King's Lynn and West Norfolk 013E,Unable to prosecute suspect
dccdc17ee6db63122340ef84b0b182f3004c8483f91bbaabe52720c6899978c4,2023-01,Norfolk Constabulary,Norfolk Constabulary,0.691995,52.638007,On or near Carter Close,E01026458,Breckland 007D,Unable to prosecute suspect
b8d8afbe54e520ebdfa34ad2267cd30418b42fd69293dec099a4dda0b5f04c40,2023-01,Norfolk Constabulary,Norfolk Constabulary,1.715248,52.605436,On or near Austin Road,E01026635,Great Yarmouth 007D,Unable to prosecute suspect
5cadaef0c2c3a160cd27622a0b02fbda0085c32e2083ce74a59331b8bcd940e5,2023-01,Norfolk Constabulary,Norfolk Constabulary,1.730583,52.598136,On or near Queen's Road,E01026626,Great Yarmouth 006E,Unable to prosecute suspect
e586000ca3fddb5fbe317fde5a39ce2ff3ce73a67fbd97abec12dcbbf5cb57c0,2023-01,Norfolk Constabulary,Norfolk Constabulary,1.715248,52.605436,On or near Austin Road,E01026635,Great Yarmouth 007D,Unable to prosecute suspect
b7a0e94fc24481b0b9b4c976214d96d8f30b1d9ce1099b8bf90ba3ece0857f72,2023-01,Norfolk Constabulary,Norfolk Constabulary,1.342824,52.635287,On or near BRENDA JAMES CLOSE,E01026573,Broadland 015E,Investigation complete; no suspect identified
d7f7f003c4cd0b9d32a0d0a46b8e888602b0b9117b725aecd331b99c5558f535,2023-01,Norfolk Constabulary,Norfolk Constabulary,1.342824,52.635287,On or near BRENDA JAMES CLOSE,E01026573,Broadland 015E,Investigation complete; no suspect identified
ed92a074c20fa1042040c52cb6932c29a2a36934216569499d872b432e10c270,2023-01,Norfolk Constabulary,Norfolk Constabulary,0.382712,52.721297,On or near High Road,E01026726,King's Lynn and West Norfolk 015D,Suspect charged
d25345d8120554d8dd9f2dcf437cbe92119f86dc180efc1acb512eac399f882d,2023-01,Norfolk Constabulary,Norfolk Constabulary,1.324797,52.636361,On or near Petrol Station,E01026807,Norwich 004E,Investigation complete; no suspect identified
5d4df49543196396b56bb2f7e2aa30e761cda4d405c2ef93e3d1edc8755b12d7,2023-01,Norfolk Constabulary,Norfolk Constabulary,1.324797,52.636361,On or near Petrol Station,E01026807,Norwich 004E,Investigation complete; no suspect identified
b75379c9bc119b3bab30e4b7f0a424a5aafe00da164536443b6b6b14ba2dc723,2023-01,Norfolk Constabulary,Norfolk Constabulary,0.685741,52.648841,On or near Lynn Street,E01026455,Breckland 007A,Unable to prosecute suspect
b0a4f7a78b0bf0af906368bb9c935757cec6000ce3d28e5d8e1fff5f25c91982,2023-01,Norfolk Constabulary,Norfolk Constabulary,1.733009,52.538451,On or near Turin Way,E01026588,Great Yarmouth 013D,Unable to prosecute suspect
c41f9244cd4979d51ac3a9a7d9f1cf70d326eaa75bfffab3363c0f18980d2970,2023-01,Norfolk Constabulary,Norfolk Constabulary,1.735695,52.606115,On or near Apsley Road,E01026623,Great Yarmouth 006B,Investigation complete; no suspect identified
da09e8f5eea866a83e16a9b712f25ddc4ebb56a818f6fb5a7834198f815735fc,2023-01,Norfolk Constabulary,Norfolk Constabulary,1.124234,52.578206,On or near Willow Close,E01026933,South Norfolk 007C,Investigation complete; no suspect identified
169f0156ee87e0b5b5238e4d58da1dd599b21886e03504aa284bdb880ed2c6bd,2023-01,Norfolk Constabulary,Norfolk Constabulary,1.329249,52.581716,On or near Caistor Lane,E01026936,South Norfolk 006F,Unable to prosecute suspect
fcd1ebd68be8d5a5788f6504545f7718a472d58dcfcd9ab95b5b38d57697cf8d,2023-01,Norfolk Constabulary,Norfolk Constabulary,1.129096,52.570829,On or near Willow Herb Walk,E01026945,South Norfolk 007D,Investigation complete; no suspect identified
aaa762c629d9351c6a72a1fd34ed3e698abfbff6620d85ccda7b4a970ceb285e,2023-01,Norfolk Constabulary,Norfolk Constabulary,1.732694,52.604536,On or near Nelson Road Central,E01026624,Great Yarmouth 006C,Unable to prosecute suspect
f5a3e1a384c44cdcbd330adc3cedaf753e80e73b32fd44aa276cd680311b1ccf,2023-01,Norfolk Constabulary,Norfolk Constabulary,0.247446,52.699598,On or near Hall Road,E01026721,King's Lynn and West Norfolk 013E,Unable to prosecute suspect
6ba5c0aa888571a24642b80f22482ac1609acc237c3b6a6795bce74ecb9df383,2023-01,Norfolk Constabulary,Norfolk Constabulary,1.732694,52.604536,On or near Nelson Road Central,E01026624,Great Yarmouth 006C,Unable to prosecute suspect
0456f9ae6485e953b18c4095cf5027da354d5d1a5140b3d94409971b698d35b3,2023-01,Norfolk Constabulary,Norfolk Constabulary,1.281247,52.626308,On or near Oxford Street,E01033437,Norwich 011H,Unable to prosecute suspect
41dfc2c352ef6df85cdce22e6eac87da851130c36ccf8b277efd287aa2521e6c,2023-01,Norfolk Constabulary,Norfolk Constabulary,1.722159,52.568493,On or near West Avenue,E01026618,Great Yarmouth 011B,Unable to prosecute suspect
f9dd75caf54a9abb140cb8af53494f67046f5acb73f1b644bf64f4fd40f2f974,2023-01,Norfolk Constabulary,Norfolk Constabulary,0.873962,52.895027,On or near Bridewell Street,E01026782,North Norfolk 009B,Suspect charged
effd84717368b4eab916cbee679e3bca1ecc3d2df646b77b8c862b9949bbcf58,2023-01,Norfolk Constabulary,Norfolk Constabulary,1.285866,52.645534,On or near Bertie Road,E01026830,Norwich 002C,Suspect charged
3ea9f35d03891c0a5bf56f652fff31e6416fca2975ca32a3dcc95f2392e37d8a,2023-01,Norfolk Constabulary,Norfolk Constabulary,0.751783,52.430029,On or near Boadicea Close,E01026466,Breckland 015B,Unable to prosecute suspect
c386c69b5cfd5424815fcb4d096403340bc9476e39708f7ba1f3621632028608,2023-01,Norfolk Constabulary,Norfolk Constabulary,0.841028,52.571927,On or near Badger Drive,E01026486,Breckland 009A,Unable to prosecute suspect
9e4b09dfcc7ff845bac37413cd114d0cc36df4ca4310e3f7acb0bd1cc451236a,2023-01,Norfolk Constabulary,Norfolk Constabulary,1.285866,52.645534,On or near Bertie Road,E01026830,Norwich 002C,Suspect charged
95aa1d77b2a5a56f9b7545455a8c4ce073cf904851ee93e192d524bacacf26a0,2023-01,Norfolk Constabulary,Norfolk Constabulary,0.846904,52.571732,On or near Saddlers Drive,E01026486,Breckland 009A,Unable to prosecute suspect
12b6e4964ced7cba62c0f80a84c6517b562964479189ae6d65a0350916ccaaee,2023-01,Norfolk Constabulary,Norfolk Constabulary,0.431776,52.749550,On or near Fernlea Road,E01026662,King's Lynn and West Norfolk 010A,Unable to prosecute suspect
79d862686bf7b861a3c3bf3c96825f7d2f90a7b7d196aba84a6766d2d0e1b062,2023-01,Norfolk Constabulary,Norfolk Constabulary,1.713815,52.578740,On or near Crab Lane,E01026603,Great Yarmouth 009C,Unable to prosecute suspect
890cfa3e5c732fac60531123751b213ca3853a15a8f2e4528405bb83f748451b,2023-01,Norfolk Constabulary,Norfolk Constabulary,1.229844,52.487988,On or near Manor Road,E01026940,South Norfolk 011F,Unable to prosecute suspect
c19d7d23b8b7b580a6e86998cf90a7dac9eb4b84c527b153424180494a90999b,2023-01,Norfolk Constabulary,Norfolk Constabulary,0.735433,52.418547,On or near York Way,E01026467,Breckland 015C,Investigation complete; no suspect identified
c6a0c5255e2f6ae5429c46aee279788ccbabdcfc1093430caac46202466cb517,2023-01,Norfolk Constabulary,Norfolk Constabulary,1.705789,52.565005,On or near Wainscot Drive,E01026587,Great Yarmouth 013C,Unable to prosecute suspect
6ed6230f95e4ac5f9e05117c17cf290fabe35f29b1353c48e175fe0533d909fc,2023-01,Norfolk Constabulary,Norfolk Constabulary,0.430522,52.753110,On or near Butterwick,E01026662,King's Lynn and West Norfolk 010A,Local resolution
1fc67ddebb3ac3f61e9242bab7ca3fa188beb49bc64024703c092e009e2717d3,2023-01,Norfolk Constabulary,Norfolk Constabulary,0.431776,52.749550,On or near Fernlea Road,E01026662,King's Lynn and West Norfolk 010A,Unable to prosecute suspect
1b35c7c0f493633953f91cbcdb34ca8761e549f1500b5fd0adb26647e00c658a,2023-01,Norfolk Constabulary,Norfolk Constabulary,0.735349,52.419331,On or near Lincoln Way,E01026467,Breckland 015C,Unable to prosecute suspect
3e15bb8e1e29eff620ed99622bde9d2cb87ac437c9a941971fc97c2307f6e5be,2023-01,Norfolk Constabulary,Norfolk Constabulary,1.236086,52.710597,On or near Rowan Crescent,E01026536,Broadland 004D,Unable to prosecute suspect
9626ed20a2cf3c9247d3b6bc2269d2944af977466ad02c17905ceb81439d9a49,2023-01,Norfolk Constabulary,Norfolk Constabulary,1.732825,52.601735,On or near Victoria Road,E01026624,Great Yarmouth 006C,Investigation complete; no suspect identified
b67327a0d7f595387fc555ba452fd6d05be50d522868686fc4ec2754388ad942,2023-01,Norfolk Constabulary,Norfolk Constabulary,0.397985,52.754258,On or near ,E01026698,King's Lynn and West Norfolk 011A,Local resolution
597d2fbbaed3bafbf3301b10127cc9dfc3db45be9e34e2d816478e97db688fa6,2023-01,Norfolk Constabulary,Norfolk Constabulary,0.733534,52.421379,On or near Hereford Close,E01026467,Breckland 015C,Investigation complete; no suspect identified
7969d089fec9e5a83810fca6c53e987532ece91225b8f26f63eb8ea68f7b92fe,2023-01,Norfolk Constabulary,Norfolk Constabulary,1.388261,52.821542,On or near Church Street,E01026753,North Norfolk 010A,Investigation complete; no suspect identified
74bc56bffd50ae040e5a0a9f82f58bc90e8e3b1b610d6480c7c97c2ee79d8f61,2023-01,Norfolk Constabulary,Norfolk Constabulary,0.401852,52.747292,On or near Lynwood Terrace,E01026700,King's Lynn and West Norfolk 011C,Unable to prosecute suspect
df2015f1a4d0628ae4e3fae5d91a48384693e407b6f4d24b61e60499956fac0e,2023-01,Norfolk Constabulary,Norfolk Constabulary,1.726002,52.540183,On or near HOPTON GARDENS,E01026588,Great Yarmouth 013D,Unable to prosecute suspect
46ade27e7c9257edcc32c86b757b062111674b496d2ea92d237c821e46963d77,2023-01,Norfolk Constabulary,Norfolk Constabulary,1.295046,52.626239,On or near Lion And Castle Yard,E01026822,Norwich 007A,Suspect charged
56cbc6de0dd61d94ad146d4738b27437808544450f7ee7e542a3a06235beffb3,2023-01,Norfolk Constabulary,Norfolk Constabulary,0.730654,52.419512,On or near Edinburgh Way,E01026467,Breckland 015C,Unable to prosecute suspect
8e38b988dbb548775db361ea5703d0662031ce830965c3ee1976d8386c9cb399,2023-01,Norfolk Constabulary,Norfolk Constabulary,0.493305,52.909260,On or near Pound Lane,E01026676,King's Lynn and West Norfolk 003A,Unable to prosecute suspect
6e495f8431c1fca4fea772a250156a68de2e4126e6df1fb0a2c1a0bb2f87661a,2023-01,Norfolk Constabulary,Norfolk Constabulary,1.726002,52.540183,On or near HOPTON GARDENS,E01026588,Great Yarmouth 013D,Unable to prosecute suspect
e43d61bd07dbc6b2e39d4c1fc3f584c2813cdae9e734be975a8b78d121ecd37c,2023-01,Norfolk Constabulary,Norfolk Constabulary,1.295046,52.626239,On or near Lion And Castle Yard,E01026822,Norwich 007A,Suspect charged
274c1fe8f56c7f099218904afcbf6de7b506653ba42aca7b34905c7a33ab93bb,2023-01,Norfolk Constabulary,Norfolk Constabulary,1.272616,52.644516,On or near Valpy Avenue,E01026828,Norwich 002A,Investigation complete; no suspect identified
776a6884b5cdb7d2f375f87b792059025a13c5a09be3443b1f5189b6158dbb99,2023-01,Norfolk Constabulary,Norfolk Constabulary,1.337377,52.647034,On or near Sale Road,E01026809,Norwich 004G,Unable to prosecute suspect
6188ae1a3dbb6d3aea1e9447daaa69fd6a71ca0a020037915c20b2ab65e71182,2023-01,Norfolk Constabulary,Norfolk Constabulary,1.337377,52.647034,On or near Sale Road,E01026809,Norwich 004G,Unable to prosecute suspect
85f58c217509336f86a5bd88ce5ab2b345d1bc83d8b399b4f071e10fdfc5b215,2023-01,Norfolk Constabulary,Norfolk Constabulary,1.310474,52.632284,On or near William Kett Close,E01033438,Norwich 014A,Unable to prosecute suspect
0bb3d62a5b79ed3619494ae38cd153af6a6a4cddf90d9a65e3c41a2a01cd2f6e,2023-01,Norfolk Constabulary,Norfolk Constabulary,1.428509,52.722919,On or near St Peter's Lane,E01026744,North Norfolk 014A,Investigation complete; no suspect identified
1f1d7cbdc8ca5157558e4aafd4cf4d509e3f7f56ad1f3f9fa50e98cdbe3cfec6,2023-01,Norfolk Constabulary,Norfolk Constabulary,-0.282473,52.603872,On or near Outfield,E01015596,Peterborough 009B,Unable to prosecute suspect
2c34d5bca3389441ea049e49a9f36a986fff6a425b023a83961ef34d51e9fbe6,2023-01,Norfolk Constabulary,Norfolk Constabulary,1.235048,52.620519,On or near Norfolk Road,E01026860,Norwich 010C,Unable to prosecute suspect
b4441b4a8f8eb200633ef00f85ef87a048dc3147c010a5fb21568cc35aa10780,2023-01,Norfolk Constabulary,Norfolk Constabulary,0.420555,52.755382,On or near Henry Bell Close,E01026666,King's Lynn and West Norfolk 009A,Unable to prosecute suspect
35cb9c78223d08a6ee27149b1d30c17cb5d2b0dbbd01cee06d3b1a8b820ea792,2023-01,Norfolk Constabulary,Norfolk Constabulary,0.419677,52.752909,On or near Bagge Road,E01026666,King's Lynn and West Norfolk 009A,Unable to prosecute suspect
87a254b9e1c25719b827079701a7618ca1cd1a6c86bdcefdb02b76178974dcb7,2023-01,Norfolk Constabulary,Norfolk Constabulary,1.289766,52.625801,On or near ,E01026822,Norwich 007A,Suspect charged
8b1567293bcbb59241c08a45d78ca2a333dbff95e0a8395b03f6bc47d40836ae,2023-01,Norfolk Constabulary,Norfolk Constabulary,1.271066,52.651286,On or near Lefroy Road,E01026833,Norwich 002F,Unable to prosecute suspect
67627b53dfc7825823e345750e598dc3c924976495b56cd994dbb89809315aca,2023-01,Norfolk Constabulary,Norfolk Constabulary,1.717169,52.576332,On or near Lady Margaret's Avenue,E01026604,Great Yarmouth 009D,Investigation complete; no suspect identified
e0486c72d7e8c7c7b395e64e50cbf1307a89ff3d78c32a76454bd76741c6739a,2023-01,Norfolk Constabulary,Norfolk Constabulary,0.743983,52.406316,On or near Queensway,E01026475,Breckland 017B,Unable to prosecute suspect
368ca9f21807de98611a6ea11cdd414ded5f9b642715ae7240052aa6d75f28dd,2023-01,Norfolk Constabulary,Norfolk Constabulary,0.396073,52.754575,On or near White Lion Court,E01026699,King's Lynn and West Norfolk 011B,Investigation complete; no suspect identified
c23e1090a6be3beff109ffd4b7e6ffe69fde467d5a5a6473867aa3efdda464be,2023-01,Norfolk Constabulary,Norfolk Constabulary,1.730515,52.601331,On or near Trinity Place,E01026625,Great Yarmouth 006D,Unable to prosecute suspect
add4deca7811780e4b9a8ee2dd94a10ef881fd59d4cb9ba75f65ca67e71e1938,2023-01,Norfolk Constabulary,Norfolk Constabulary,0.247446,52.699598,On or near Hall Road,E01026721,King's Lynn and West Norfolk 013E,Unable to prosecute suspect
2cf96fe7d7a257fac5a8c5e74ae0fe0e5f0b512cd65ed3da92f7f09ea8ed7138,2023-01,Norfolk Constabulary,Norfolk Constabulary,1.291009,52.663009,On or near Pennyroyal,E01026799,Norwich 001C,Investigation complete; no suspect identified
faf7ceb9062456e4473de4448c7effa4e63469315694544b100cb736bcea1817,2023-01,Norfolk Constabulary,Norfolk Constabulary,1.259842,52.534787,On or near WATERSIDE GARDENS,E01026919,South Norfolk 009D,Unable to prosecute suspect
4f0d7a2a3a342e24ed7e9e0b4427ffc283816c6e742421ceb76c9665ef4fb28c,2023-01,Norfolk Constabulary,Norfolk Constabulary,0.410966,52.755100,On or near Tennyson Avenue,E01026668,King's Lynn and West Norfolk 009C,Investigation complete; no suspect identified
d1385d3fe0f554d4510eb494c1d0427188c490403f8fcdb6810358da534b13e7,2023-01,Norfolk Constabulary,Norfolk Constabulary,1.300956,52.644071,On or near Maurice Raes Close,E01026842,Norwich 003B,Investigation complete; no suspect identified
9c824bb0ea4d6bbddacfa01d3fb359d425a34ae7293df970fa6dbe7ffc1863ee,2023-01,Norfolk Constabulary,Norfolk Constabulary,0.747696,52.406905,On or near St Michael's Close,E01026477,Breckland 017D,Unable to prosecute suspect
986915fde70cadd67c267cae9ba16dd8dde3937f763becea68fb447d61207609,2023-01,Norfolk Constabulary,Norfolk Constabulary,1.014496,52.518281,On or near ,E01026449,Breckland 011D,Unable to prosecute suspect
c1a8879be509503d4715b2f2eecf858c861f5c4c605b6da40710dcdcfb143b38,2023-01,Norfolk Constabulary,Norfolk Constabulary,1.090487,52.533524,On or near Guiler's Lane,E01026885,South Norfolk 007B,Unable to prosecute suspect
ec3399848bfbdac25cb3e3635d3dac485c0ea68fe96b43ff26197368f15ef28a,2023-01,Norfolk Constabulary,Norfolk Constabulary,1.479653,52.542508,On or near Hurst Road,E01026879,South Norfolk 008A,Unable to prosecute suspect
25ba7998b3c1e1c1e45b754e8b72b54bf52fcdac67c06bb790031a6c78f3addc,2023-01,Norfolk Constabulary,Norfolk Constabulary,1.478028,52.527932,On or near Gunton Road,E01026912,South Norfolk 008D,Unable to prosecute suspect
c5056f22106248ddb25f07679c309927f1bf572d6d3d4d44d7bc9ae36bdf024e,2023-01,Norfolk Constabulary,Norfolk Constabulary,1.271627,52.934959,On or near BROOMHILL,E01026781,North Norfolk 005C,Unable to prosecute suspect
5005782759acbf29cfcc6360efb7323747ab0b212bb83a79262e257e90aaf110,2023-01,Norfolk Constabulary,Norfolk Constabulary,1.271627,52.934959,On or near BROOMHILL,E01026781,North Norfolk 005C,Unable to prosecute suspect
b8e8d229815020ea404362713e4aaa7266831363367aa6dc9966eb4b73f22575,2023-01,Norfolk Constabulary,Norfolk Constabulary,1.307283,52.650909,On or near Shipfield,E01026802,Norwich 001F,Unable to prosecute suspect
cf68d85ce089aad1867f29d7a45b1f31ae405b771a4ecf5190ab644aac194e81,2023-01,Norfolk Constabulary,Norfolk Constabulary,1.725296,52.613620,On or near Garrison Road,E01026596,Great Yarmouth 005B,Unable to prosecute suspect
5f467b6d9b8a05598f3d9de9f69f5aa54de377aeb2d80985d82850a0b26d61ec,2023-01,Norfolk Constabulary,Norfolk Constabulary,1.730994,52.603834,On or near St Peters' Plain,E01026624,Great Yarmouth 006C,Investigation complete; no suspect identified
16b8c75e789bd7157c6696bf363551dd1391226ede82ca39980568b12456a0f5,2023-01,Norfolk Constabulary,Norfolk Constabulary,1.736477,52.604030,On or near Standard Road,E01026626,Great Yarmouth 006E,Investigation complete; no suspect identified
2c8139a78a2331a477d6f6db2ec4b92e25d7e53189cd087ac32e96e20c3c9e33,2023-01,Norfolk Constabulary,Norfolk Constabulary,0.686291,52.638991,On or near Mill Farm Nurseries,E01026458,Breckland 007D,Unable to prosecute suspect
ddc1b7d8b7dc2c3cb2ad4687c31d37ec16c91bb744b0f46be5369c2371ed7ee4,2023-01,Norfolk Constabulary,Norfolk Constabulary,0.584109,52.683411,On or near Denny's Walk,E01026445,Breckland 002C,Further investigation is not in the public interest
2e935c980b09a097ef95612dbcadd1ba9c55e3befd856c45e1bfefc5e2f196a1,2023-01,Norfolk Constabulary,Norfolk Constabulary,1.730003,52.604333,On or near Dene Side,E01026624,Great Yarmouth 006C,Unable to prosecute suspect
b8c3aa55a4d4f19d888b005a4635f408ec27e2fb92e7c7c7e9b3a762f9d11e9d,2023-01,Norfolk Constabulary,Norfolk Constabulary,0.426529,52.768450,On or near Millfields,E01026669,King's Lynn and West Norfolk 006A,Investigation complete; no suspect identified
2d760c659fdb6b8d5422b7199d56a53b2df8b0eaa03c46140a610f58083682af,2023-01,Norfolk Constabulary,Norfolk Constabulary,1.307885,52.623246,On or near ,E01033441,Norwich 014D,Investigation complete; no suspect identified
0b66f58776bf9b002888716e6a8f9faf1cb62084960eebeb776c27077a9c7541,2023-01,Norfolk Constabulary,Norfolk Constabulary,0.511397,52.457430,On or near Cross Drove,E01026648,King's Lynn and West Norfolk 019A,Unable to prosecute suspect
c1f6d64fceb400dc76a2dae5bdb83b09b0a9bb9150ee75d776f266ca4a07f240,2023-01,Norfolk Constabulary,Norfolk Constabulary,0.689966,52.634088,On or near Meadowsweet Road,E01026455,Breckland 007A,Formal action is not in the public interest
7cf01d641bc932a503982ee721a10c7db21c748e057fdc4a66bb1f5bdaf26b76,2023-01,Norfolk Constabulary,Norfolk Constabulary,1.292500,52.632884,On or near Duke Street,E01026823,Norwich 007B,Formal action is not in the public interest
c78f6636f136a03abc7513b35f6f076f290febd9a896ea59bc8604c165dba29d,2023-01,Norfolk Constabulary,Norfolk Constabulary,1.015295,52.513800,On or near Halford Close,E01026423,Breckland 011B,Unable to prosecute suspect
53646bcd72a39bdc9d93011be20d2b0989cadc3f438576647956877a78ed83bc,2023-01,Norfolk Constabulary,Norfolk Constabulary,0.941158,52.681622,On or near ,E01026426,Breckland 005B,Local resolution
b93ed505c06096e57ec04b78134bdb75d7269d7036f829ace54005f590cadc50,2023-01,Norfolk Constabulary,Norfolk Constabulary,1.394292,52.825390,On or near Cooper Road,E01026756,North Norfolk 010D,Unable to prosecute suspect
8640a67ca893134f8ae28c0a290580a1de0ce97d92d08792f92285408b38db2d,2023-01,Norfolk Constabulary,Norfolk Constabulary,0.731418,52.402858,On or near Almond Grove,E01026478,Breckland 017E,Unable to prosecute suspect
e6e02f02e2b4ab73b1c4a0421c79f76e3473c40cc87b9b2c10e9767a8220428b,2023-01,Norfolk Constabulary,Norfolk Constabulary,1.307885,52.623246,On or near ,E01033441,Norwich 014D,Investigation complete; no suspect identified
c13121597d105462fbed00cb449ac39418fe29e368cecf5c72f3814ca6cea6b4,2023-01,Norfolk Constabulary,Norfolk Constabulary,0.748832,52.414297,On or near ,E01026468,Breckland 016A,Investigation complete; no suspect identified
39b8617c1f06e88896a70ebe3e94a3e531403613cb36cbdb0389fe0e4e0db4e8,2023-01,Norfolk Constabulary,Norfolk Constabulary,0.394964,52.753815,On or near High Street,E01026699,King's Lynn and West Norfolk 011B,Suspect charged
f39bcc1c363fadd6f753f87fa1a979c17e588711d557272a520ecf0fc841dc1a,2023-01,Norfolk Constabulary,Norfolk Constabulary,1.360073,52.629852,On or near ,E01026575,Broadland 016B,Unable to prosecute suspect
de88a766dccd5743b6b54aaa1fde53af4e21d9d0e45c7a1a85647b59a5943661,2023-01,Norfolk Constabulary,Norfolk Constabulary,1.733844,52.602944,On or near Napoleon Place,E01026624,Great Yarmouth 006C,Unable to prosecute suspect
de88a766dccd5743b6b54aaa1fde53af4e21d9d0e45c7a1a85647b59a5943661,2023-01,Norfolk Constabulary,Norfolk Constabulary,1.733844,52.602944,On or near Napoleon Place,E01026624,Great Yarmouth 006C,Unable to prosecute suspect
c8e07d444c3d39fbd039293965a420d2e8eb337f5cc0acdbeaf2310d8c73ee2d,2023-01,Norfolk Constabulary,Norfolk Constabulary,1.298235,52.612057,On or near Springbank,E01026819,Norwich 013D,Unable to prosecute suspect
93bea0832514caecaf986157c172fc8ef9ca1a45257efddc0f9174524ff7428d,2023-01,Norfolk Constabulary,Norfolk Constabulary,1.249694,52.658017,On or near Wensum Meadows Road,E01026529,Broadland 010D,Unable to prosecute suspect
36fd7f6d075d5fc9fdd66c090694830d53edeb59abbc01c02780a3a4646d8071,2023-01,Norfolk Constabulary,Norfolk Constabulary,1.634026,52.705801,On or near Nursery Close,E01026637,Great Yarmouth 002D,Unable to prosecute suspect
a0c44b9aa0280ae6dd68a540a3a295c30f174005d98a1797ed0b083b17284335,2023-01,Norfolk Constabulary,Norfolk Constabulary,1.051941,52.590939,On or near Kimberley Park,E01026947,South Norfolk 004C,Further action is not in the public interest
edfb7a3ed9bb75efc70071ecf5e11d1e3897838b029ac54babdedc7ee770ba26,2023-01,Norfolk Constabulary,Norfolk Constabulary,1.317643,52.663120,On or near Wilks Farm Drive,E01026553,Broadland 012A,Investigation complete; no suspect identified
c7e3a17644a48441a646c5a992ec793f44cddf600ec5cf87c7bdc5d773c73d24,2023-01,Norfolk Constabulary,Norfolk Constabulary,1.725284,52.607567,On or near ,E01026597,Great Yarmouth 005C,Investigation complete; no suspect identified
76615c7515fa637481d149d6a5dbf3b5dc0dbb7ba472e0f5ff144e2a900aeae9,2023-01,Norfolk Constabulary,Norfolk Constabulary,0.992909,52.911700,On or near Highfield,E01026739,North Norfolk 002A,Action to be taken by another organisation
a482d6bb1b0a15ff22cdd68ed2a5fb4fe9ae992260d1a3683e064e9edb903cab,2023-01,Norfolk Constabulary,Norfolk Constabulary,0.992909,52.911700,On or near Highfield,E01026739,North Norfolk 002A,Action to be taken by another organisation
ef28f13ef414abec4ecd62ae3c59066fd37cdab1e0057e15a85b3e2925edb09e,2023-01,Norfolk Constabulary,Norfolk Constabulary,0.232903,52.608340,On or near St Clement Close,E01026659,King's Lynn and West Norfolk 016A,Investigation complete; no suspect identified
6ba64936a7176f393b4279f6050368a7484622b50f2e059a8b582281602ffdd9,2023-01,Norfolk Constabulary,Norfolk Constabulary,0.941987,52.675243,On or near Fox Road,E01026425,Breckland 005A,Unable to prosecute suspect
13db08468e7bbb3bead457879e986621d4b7ef8c463e310a69f02e8633379c65,2023-01,Norfolk Constabulary,Norfolk Constabulary,1.630823,52.707176,On or near Oak Tree Close,E01026638,Great Yarmouth 002E,Unable to prosecute suspect
420a9191690f9318782276c489d63e55d07a0de6038bfdecd7d3c3cf2fb1f642,2023-01,Norfolk Constabulary,Norfolk Constabulary,1.721103,52.585293,On or near Humberstone Road,E01026600,Great Yarmouth 007A,Investigation complete; no suspect identified
4c3ade4e5de81df65e31b01bd799e0c692b2db125aebde5d9f30594f0c5245fa,2023-01,Norfolk Constabulary,Norfolk Constabulary,1.728259,52.611971,On or near Ferrier Road,E01026595,Great Yarmouth 005A,Investigation complete; no suspect identified
11e01bb9a5289a40374c0334122e6db4d436812f015aa08073626703dc495e52,2023-01,Norfolk Constabulary,Norfolk Constabulary,0.399431,52.756629,On or near ,E01026698,King's Lynn and West Norfolk 011A,Unable to prosecute suspect
114fb1f9e9a3ce0bdf9d27bcc66998adf1f3a4ddeee401e1a82782a072c15a82,2023-01,Norfolk Constabulary,Norfolk Constabulary,1.182453,52.635957,On or near Hart's Lane,E01026883,South Norfolk 002C,Unable to prosecute suspect
2add3b6e2aa2f6b0c726389b62147064a8c194687fe56fbdc92e0229b904e0da,2023-01,Norfolk Constabulary,Norfolk Constabulary,0.400297,52.753788,On or near Old Market Street,E01026698,King's Lynn and West Norfolk 011A,Suspect charged
e985261ec49e670cacbc090d3e28c38599d9fe08578bc14cece285d293b0e7a7,2023-01,Norfolk Constabulary,Norfolk Constabulary,0.394921,52.608384,On or near Elderflower Way,E01033037,King's Lynn and West Norfolk 017F,Unable to prosecute suspect
80978acb697227384b1c7117b8aafe37d6255affa108218c3c69d41932962bf9,2023-01,Norfolk Constabulary,Norfolk Constabulary,1.728302,52.608309,On or near Market Gates,E01026597,Great Yarmouth 005C,Unable to prosecute suspect
80978acb697227384b1c7117b8aafe37d6255affa108218c3c69d41932962bf9,2023-01,Norfolk Constabulary,Norfolk Constabulary,1.728302,52.608309,On or near Market Gates,E01026597,Great Yarmouth 005C,Unable to prosecute suspect
8c7a2627254ace18dcccf067e8328f136cba77ab31dddc4db23fd004f1bb2053,2023-01,Norfolk Constabulary,Norfolk Constabulary,1.719157,52.576440,On or near University Crescent,E01026604,Great Yarmouth 009D,Unable to prosecute suspect
3ea33bf6a67c2b07a3c0ca9eabe86d00b8ec254d9fa056583dc4feae2b26c548,2023-01,Norfolk Constabulary,Norfolk Constabulary,0.429380,52.764553,On or near Vancouver Court,E01026693,King's Lynn and West Norfolk 009D,Unable to prosecute suspect
a2722eafba9df7df83530802b18d3add98ba8e86637a3ab0a52ae83fefb9e94d,2023-01,Norfolk Constabulary,Norfolk Constabulary,1.729373,52.609435,On or near Coniston Square,E01026597,Great Yarmouth 005C,Unable to prosecute suspect
cc50b1d7b2a1c028722c8f80354558684b97d60c77898ec9d1be1086e3aa6f0f,2023-01,Norfolk Constabulary,Norfolk Constabulary,0.652861,52.513483,On or near West Hall Road,E01026424,Breckland 012A,Unable to prosecute suspect
866bc86b2da1f1286bfef114c17e9f0df85b6fe68e608a8016a83d8b942bc4ad,2023-01,Norfolk Constabulary,Norfolk Constabulary,1.734493,52.598426,On or near King's Road,E01026626,Great Yarmouth 006E,Unable to prosecute suspect
fe1f6a5bf35e059220a428c272f219c576afa40704f23246b81a34b23d630e12,2023-01,Norfolk Constabulary,Norfolk Constabulary,1.294809,52.630563,On or near St Andrews Street,E01026823,Norwich 007B,Unable to prosecute suspect
a86d8fa2b6090aaf54c95b51f42e643cc14a8c2f2cdc1d75014d496d37f07c2e,2023-01,Norfolk Constabulary,Norfolk Constabulary,1.237882,52.638285,On or near Peto Court,E01026793,Norwich 005C,Unable to prosecute suspect
4dad52267fa0a9e407a8ce279b7a8d91fdc113faaf170f79ade30aa6d9b14575,2023-01,Norfolk Constabulary,Norfolk Constabulary,1.298450,52.630425,On or near Queen Street,E01033438,Norwich 014A,Investigation complete; no suspect identified
2465e7dfd8e2aea06614c131bdd93b57de5f5632b5fee7efd1a1f30a8d9fd89a,2023-01,Norfolk Constabulary,Norfolk Constabulary,1.727359,52.605739,On or near ,E01026625,Great Yarmouth 006D,Offender given a caution
f61c9ba842636d14dffebca7fa984b4b88c827edb8955535818fa644d93ae9c2,2023-01,Norfolk Constabulary,Norfolk Constabulary,1.261348,52.626237,On or near BACON ROAD,E01026859,Norwich 010B,Suspect charged
f36de42446bf152ffcdee018c20ddc1cbceb6fdf501317261b11c1188e94577a,2023-01,Norfolk Constabulary,Norfolk Constabulary,1.293751,52.646763,On or near Chamberlin Road,E01026843,Norwich 003C,Unable to prosecute suspect
69adf75b4f5fa5ff9741057eaafb257df40bd01c25fd98c337aa6f37fbbebcd9,2023-01,Norfolk Constabulary,Norfolk Constabulary,1.293674,52.629218,On or near ,E01026823,Norwich 007B,Investigation complete; no suspect identified
f05012bd3101a456a1d875fba30a618f34957f31a6cc92a3376be8b2dde6c3ad,2023-01,Norfolk Constabulary,Norfolk Constabulary,1.729492,52.606490,On or near Alexandra Road,E01026623,Great Yarmouth 006B,Unable to prosecute suspect
f05012bd3101a456a1d875fba30a618f34957f31a6cc92a3376be8b2dde6c3ad,2023-01,Norfolk Constabulary,Norfolk Constabulary,1.729492,52.606490,On or near Alexandra Road,E01026623,Great Yarmouth 006B,Unable to prosecute suspect
aea67d62878a5be6dc52d6c8f8f22dcf50077dc33c6a6fbd0ac5defcc785461b,2023-01,Norfolk Constabulary,Norfolk Constabulary,0.385568,52.674042,On or near Britton Close,E01026722,King's Lynn and West Norfolk 015C,Unable to prosecute suspect
a90ededf42c213f5e696e7c4f67b80fe046731b7a68bbed5c387bce4c761cdb9,2023-01,Norfolk Constabulary,Norfolk Constabulary,0.424284,52.766734,On or near Magnolia Drive,E01026669,King's Lynn and West Norfolk 006A,Unable to prosecute suspect
bba0044a5c54ca80028617b8394f980f212180452e863439e8cf2e909cd6dd21,2023-01,Norfolk Constabulary,Norfolk Constabulary,0.385568,52.674042,On or near Britton Close,E01026722,King's Lynn and West Norfolk 015C,Unable to prosecute suspect
76b792e1e87430085e72eb4a38160c65be2c8e2dfb91c90837d0f69aaf984ab2,2023-01,Norfolk Constabulary,Norfolk Constabulary,1.297008,52.664695,On or near Catton Court,E01026540,Broadland 009A,Unable to prosecute suspect
ed1fd64e9b0d7edc090167cfd5eb1c9f1c0adaf9c4c00a1561300b85cf910d20,2023-01,Norfolk Constabulary,Norfolk Constabulary,0.945325,52.676041,On or near ,E01026426,Breckland 005B,Suspect charged
ed1fd64e9b0d7edc090167cfd5eb1c9f1c0adaf9c4c00a1561300b85cf910d20,2023-01,Norfolk Constabulary,Norfolk Constabulary,0.945325,52.676041,On or near ,E01026426,Breckland 005B,Suspect charged
c74a0037b2becacda424cdd75cc29f20b72d47fabf26fcd85bf03328815f878f,2023-01,Norfolk Constabulary,Norfolk Constabulary,1.713413,52.586731,On or near Lyndhurst Close,E01026602,Great Yarmouth 009B,Unable to prosecute suspect
9a18650c10bf9c518e8ccd226602a9c5aa7466c3f5818c4b44bbbe52ea086e6a,2023-01,Norfolk Constabulary,Norfolk Constabulary,0.385568,52.674042,On or near Britton Close,E01026722,King's Lynn and West Norfolk 015C,Unable to prosecute suspect
b8f3b909285df2d02c3f113399d767cecf23dab34dd035708b3b44e2506f2cff,2023-01,Norfolk Constabulary,Norfolk Constabulary,1.734957,52.603871,On or near Kent Square,E01026624,Great Yarmouth 006C,Unable to prosecute suspect
29cb6fd9aa6d783eb3a1bdb3e9c1fa6e2ef83d06a73f6b2e809188609629f39b,2023-01,Norfolk Constabulary,Norfolk Constabulary,1.268738,52.620295,On or near ,E01026838,Norwich 009D,Investigation complete; no suspect identified
bcf0cb1dc5ae157297035ec8032eccd8349b5570453f77801bd7ac0efc3c2124,2023-01,Norfolk Constabulary,Norfolk Constabulary,1.288953,52.653362,On or near Boardman Close,E01026798,Norwich 001B,Unable to prosecute suspect
5b1ee592c73e70ad64c66276c0315e1b4b3b27f85ed2e5ca9133c28dd30025d6,2023-01,Norfolk Constabulary,Norfolk Constabulary,0.385568,52.674042,On or near Britton Close,E01026722,King's Lynn and West Norfolk 015C,Unable to prosecute suspect
9b093f6fe2994d0ff1e48ea88c28b81a4b0791a60a80e21f29acb94b74eb683c,2023-01,Norfolk Constabulary,Norfolk Constabulary,1.301668,52.922310,On or near FRANCIS CLOSE,E01026777,North Norfolk 003D,Unable to prosecute suspect
1dc19791fde025652ff9b1061d24e888f2c78696686eb65e6b6fe3853ea495d1,2023-01,Norfolk Constabulary,Norfolk Constabulary,0.385568,52.674042,On or near Britton Close,E01026722,King's Lynn and West Norfolk 015C,Unable to prosecute suspect
9e00834da22244525eff2256831846d2080151f1f152fb4e5da1515340a3f4de,2023-01,Norfolk Constabulary,Norfolk Constabulary,1.732694,52.604536,On or near Nelson Road Central,E01026624,Great Yarmouth 006C,Unable to prosecute suspect
d504759fcb05d8b1da122451ba4109d8a52fd674bbdc6359df9796318a742b9c,2023-01,Norfolk Constabulary,Norfolk Constabulary,0.385568,52.674042,On or near Britton Close,E01026722,King's Lynn and West Norfolk 015C,Unable to prosecute suspect
82282d4375075a263e8b959cad61c3ceba3c33d6bb204a94bd3c5034b0e0f5e3,2023-01,Norfolk Constabulary,Norfolk Constabulary,1.298373,52.629213,On or near Agricultural Hall Plain,E01033438,Norwich 014A,Suspect charged
5d55c5991dbd432304316d1e94600115f3fc1cc464ecb95cd62573c8782cff40,2023-01,Norfolk Constabulary,Norfolk Constabulary,1.733633,52.600117,On or near Dagmar Mews,E01026626,Great Yarmouth 006E,Investigation complete; no suspect identified
2a0656f7739f1c2c27a864bdf82ae07d8bc33da8f0d0721f11ac37161423fca3,2023-01,Norfolk Constabulary,Norfolk Constabulary,1.431468,52.873912,On or near Cowper Close,E01026750,North Norfolk 007B,Unable to prosecute suspect
fa9ac43f1f0e07e177f23bd36a241742eac9ef6b546316e26891351044e46c4c,2023-01,Norfolk Constabulary,Norfolk Constabulary,1.718818,52.613554,On or near ,E01026597,Great Yarmouth 005C,Unable to prosecute suspect
0ef598563944b8b48e5776751c7ec191d400025d792a6cc6f5c456a93d9bc2b2,2023-01,Norfolk Constabulary,Norfolk Constabulary,1.731985,52.618600,On or near Churchill Road,E01026599,Great Yarmouth 004A,Unable to prosecute suspect
7b60c1200775a46366807c9d50466af7fd94a0002ade1fb1a215440037afe156,2023-01,Norfolk Constabulary,Norfolk Constabulary,1.395533,52.826452,On or near Arnold Pitcher Close,E01026757,North Norfolk 010E,Unable to prosecute suspect
20118c4191851a628c8c46608d8b05779875b236fbfcf1f62ee369d40a2db8fd,2023-01,Norfolk Constabulary,Norfolk Constabulary,0.666381,52.965323,On or near The Close,E01026645,King's Lynn and West Norfolk 002A,Investigation complete; no suspect identified
8ec9fea6e7811ac92e585234ea2da861770e22b6d9391567713cee35ca96b9ce,2023-01,Norfolk Constabulary,Norfolk Constabulary,1.301890,52.625671,On or near St Ann Lane,E01033440,Norwich 014C,Suspect charged
59b353403c9c1fce774ebd20888166df892e2c113b67931b24af28d508d8862f,2023-01,Norfolk Constabulary,Norfolk Constabulary,0.399431,52.756629,On or near ,E01026698,King's Lynn and West Norfolk 011A,Unable to prosecute suspect
523bc82a017f4957d7c73d13100d0b81eeccc180d59d631ba2a0a7f3393ba8d3,2023-01,Norfolk Constabulary,Norfolk Constabulary,1.277392,52.648674,On or near Knights Road,E01026834,Norwich 002G,Unable to prosecute suspect
523bc82a017f4957d7c73d13100d0b81eeccc180d59d631ba2a0a7f3393ba8d3,2023-01,Norfolk Constabulary,Norfolk Constabulary,1.277392,52.648674,On or near Knights Road,E01026834,Norwich 002G,Unable to prosecute suspect
316fe7333ecd510a7e3cee6222e458511e0f572c0273a6985abdb822269b6439,2023-01,Norfolk Constabulary,Norfolk Constabulary,1.534802,52.814845,On or near Whimpwell Street,E01026740,North Norfolk 012A,Unable to prosecute suspect
e5188be0bc550e04d87227562ab3d3a35d8dd47847b237ce4d79c157e944f0b7,2023-01,Norfolk Constabulary,Norfolk Constabulary,1.660814,52.569788,On or near Orwell Crescent,E01026615,Great Yarmouth 012C,Unable to prosecute suspect
747c53c45d354a7a17821dc9a894857582673dc768f39e5b1852c90d58dca8fa,2023-01,Norfolk Constabulary,Norfolk Constabulary,1.403627,52.638159,On or near Hamilton Close,E01026545,Broadland 008A,Unable to prosecute suspect
d309fff3feae7cd340834368430297c751a31732aa9a3f835ed1468e84daeca4,2023-01,Norfolk Constabulary,Norfolk Constabulary,0.401811,52.751672,On or near County Court Road,E01026699,King's Lynn and West Norfolk 011B,Unable to prosecute suspect
6b37fd4ca629a9c318e8a6318890184b4988fb6dbc6979148be3f71b831de9d8,2023-01,Norfolk Constabulary,Norfolk Constabulary,0.190921,52.695739,On or near School Road,E01026721,King's Lynn and West Norfolk 013E,Unable to prosecute suspect
6b37fd4ca629a9c318e8a6318890184b4988fb6dbc6979148be3f71b831de9d8,2023-01,Norfolk Constabulary,Norfolk Constabulary,0.190921,52.695739,On or near School Road,E01026721,King's Lynn and West Norfolk 013E,Unable to prosecute suspect
6b37fd4ca629a9c318e8a6318890184b4988fb6dbc6979148be3f71b831de9d8,2023-01,Norfolk Constabulary,Norfolk Constabulary,0.190921,52.695739,On or near School Road,E01026721,King's Lynn and West Norfolk 013E,Unable to prosecute suspect
6b37fd4ca629a9c318e8a6318890184b4988fb6dbc6979148be3f71b831de9d8,2023-01,Norfolk Constabulary,Norfolk Constabulary,0.190921,52.695739,On or near School Road,E01026721,King's Lynn and West Norfolk 013E,Unable to prosecute suspect
6b37fd4ca629a9c318e8a6318890184b4988fb6dbc6979148be3f71b831de9d8,2023-01,Norfolk Constabulary,Norfolk Constabulary,0.190921,52.695739,On or near School Road,E01026721,King's Lynn and West Norfolk 013E,Unable to prosecute suspect
6b37fd4ca629a9c318e8a6318890184b4988fb6dbc6979148be3f71b831de9d8,2023-01,Norfolk Constabulary,Norfolk Constabulary,0.190921,52.695739,On or near School Road,E01026721,King's Lynn and West Norfolk 013E,Unable to prosecute suspect
6b37fd4ca629a9c318e8a6318890184b4988fb6dbc6979148be3f71b831de9d8,2023-01,Norfolk Constabulary,Norfolk Constabulary,0.190921,52.695739,On or near School Road,E01026721,King's Lynn and West Norfolk 013E,Unable to prosecute suspect
3e80fb64a9fb5ddfefdea590ce967080026498d3f49f44672a90e2b8f277c68c,2023-01,Norfolk Constabulary,Norfolk Constabulary,1.717980,52.561672,On or near ,E01026617,Great Yarmouth 011A,Investigation complete; no suspect identified
7a134a8c374f8d5e0106f74910bea52556778cd783fad92354d86ab6600ef255,2023-01,Norfolk Constabulary,Norfolk Constabulary,1.734114,52.602819,On or near NAPOLEON PLACE,E01026624,Great Yarmouth 006C,Unable to prosecute suspect
7a134a8c374f8d5e0106f74910bea52556778cd783fad92354d86ab6600ef255,2023-01,Norfolk Constabulary,Norfolk Constabulary,1.734114,52.602819,On or near NAPOLEON PLACE,E01026624,Great Yarmouth 006C,Unable to prosecute suspect
87aa64b48170775ea1c346d0908977b39939f7126d9c6ea7e24c1f7343f839ce,2023-01,Norfolk Constabulary,Norfolk Constabulary,1.298450,52.630425,On or near Queen Street,E01033438,Norwich 014A,Unable to prosecute suspect
429917b195d4bf34b47e6dafcaaabcc3197a1a488a55bc408fb2405454edc445,2023-01,Norfolk Constabulary,Norfolk Constabulary,1.283712,52.644613,On or near Byfield Court,E01026830,Norwich 002C,Unable to prosecute suspect
eb232d146a616d92fe386f5dc575216a95ba8d03fbaa55127a1ee1f4918d83bb,2023-01,Norfolk Constabulary,Norfolk Constabulary,0.400691,52.746119,On or near Southgate Street,E01026700,King's Lynn and West Norfolk 011C,Unable to prosecute suspect
06c12c882885b32fdd4951e9232a23b86323ac20d95302f34bb1a00f27b4b26c,2023-01,Norfolk Constabulary,Norfolk Constabulary,1.727850,52.607172,On or near Theatre Plain,E01026597,Great Yarmouth 005C,Unable to prosecute suspect
ff25216a3f4a369046f681d45bedc81150b7317fde945ca739f5c661795165d7,2023-01,Norfolk Constabulary,Norfolk Constabulary,0.493305,52.909260,On or near Pound Lane,E01026676,King's Lynn and West Norfolk 003A,Unable to prosecute suspect
ff25216a3f4a369046f681d45bedc81150b7317fde945ca739f5c661795165d7,2023-01,Norfolk Constabulary,Norfolk Constabulary,0.493305,52.909260,On or near Pound Lane,E01026676,King's Lynn and West Norfolk 003A,Unable to prosecute suspect
63c36150ade0aa97873c7d67639b71612036c88df2386bf09b2fb69bbcaacff5,2023-01,Norfolk Constabulary,Norfolk Constabulary,1.307780,52.628708,On or near Chalk Hill Road,E01033439,Norwich 014B,Unable to prosecute suspect
2945189bd1d023378737e7ec99c1f1bc3f4573c3d32909e8240c751966b5296d,2023-01,Norfolk Constabulary,Norfolk Constabulary,1.721563,52.576086,On or near Paston Road,E01026630,Great Yarmouth 010D,Unable to prosecute suspect
17633e0e0568b1d3a5a5504b676831efd283b69b950cbb6aefb119c42f171451,2023-01,Norfolk Constabulary,Norfolk Constabulary,1.307780,52.628708,On or near Chalk Hill Road,E01033439,Norwich 014B,Unable to prosecute suspect
67dcc583bd5e34921f9afd88d335b15fbc1b9c70b287da93cde6e7c7aee80059,2023-01,Norfolk Constabulary,Norfolk Constabulary,0.696219,52.642272,On or near Hamilton Drive,E01026456,Breckland 007B,Unable to prosecute suspect
630727478e003681f2d8ca866d60591e08df46d7d8fe8d50d23250d5b59b33ed,2023-01,Norfolk Constabulary,Norfolk Constabulary,0.493305,52.909260,On or near Pound Lane,E01026676,King's Lynn and West Norfolk 003A,Unable to prosecute suspect
c377db0b7fd4d0c3e9f1838026946ef8c3a83076da51a12a423d2a3d126bb653,2023-01,Norfolk Constabulary,Norfolk Constabulary,1.287023,52.391590,On or near Wells Road,E01026935,South Norfolk 014F,Unable to prosecute suspect
9a819cee72def09b83f5d02cf82fae32e8dc10a7a0e1c6f63c0d4acc82f3c150,2023-01,Norfolk Constabulary,Norfolk Constabulary,1.175452,52.601350,On or near Cromwell Close,E01026907,South Norfolk 003C,Unable to prosecute suspect
e388ff28f1d23bb05ffc2b4cbccbca9e5672cfcd26a9abcb6b0cb34168ef45b6,2023-01,Norfolk Constabulary,Norfolk Constabulary,0.969367,52.655756,On or near St Peter's Close,E01026484,Breckland 006D,Investigation complete; no suspect identified
bbc1ae44f2bef96ceda29af4946437e2af4559ed1744ddebe5c569debc892011,2023-01,Norfolk Constabulary,Norfolk Constabulary,1.730243,52.556438,On or near Cliff Lane,E01026612,Great Yarmouth 010C,Unable to prosecute suspect
1f574980e18cb3faf0a82ccd141cf1ebac9d976cb81f84c8f75332171c5748c0,2023-01,Norfolk Constabulary,Norfolk Constabulary,0.683536,52.642220,On or near ,E01026457,Breckland 007C,Investigation complete; no suspect identified
5e21543243ae7aa557b303b27ef81e838461cdea0d583a94cdfc581f5e1cfc25,2023-01,Norfolk Constabulary,Norfolk Constabulary,1.357625,52.634562,On or near Eastern Close,E01026575,Broadland 016B,Unable to prosecute suspect
f652f79efba90f94903fcdad12a8a3ca3552b478e85e17975f280c7fd38ac597,2023-01,Norfolk Constabulary,Norfolk Constabulary,1.734898,52.610817,On or near Wellesley Road,E01026598,Great Yarmouth 005D,Local resolution
2ce318823c14b59e821dc53aaf596b3383a1d6d37d7f6eced6751fea64e80f17,2023-01,Norfolk Constabulary,Norfolk Constabulary,1.304561,52.500053,On or near Back Lane,E01026903,South Norfolk 012D,Investigation complete; no suspect identified
46a23892bf695d14746f066c4eb4537a1936685de2b1a6204c9b64cb0f448086,2023-01,Norfolk Constabulary,Norfolk Constabulary,1.708816,52.581442,On or near Smith's Loke,E01026583,Great Yarmouth 008C,Investigation complete; no suspect identified
414f6e1a28e52393484117dfa96d725cc2d7861c267d528690b9a3a07af568c7,2023-01,Norfolk Constabulary,Norfolk Constabulary,0.935445,52.683580,On or near Dairy Crescent,E01026428,Breckland 003A,Unable to prosecute suspect
705e9216cf9e216a76f22a9af69138dd081d263a69d47547286bc609f43c0c4c,2023-01,Norfolk Constabulary,Norfolk Constabulary,0.809148,52.569622,On or near Stokes Avenue,E01026489,Breckland 009D,Unable to prosecute suspect
dfe127ecfc4546274ee79801b565f59e1156b17386cdcddef0fa02a05850def5,2023-01,Norfolk Constabulary,Norfolk Constabulary,1.738232,52.625823,On or near Shakespeare Road,E01026641,Great Yarmouth 004D,Unable to prosecute suspect
81c6cba469fbd9deb3da929897a5fb751ce5fbd6b245dcd37f2b8feee7c365c8,2023-01,Norfolk Constabulary,Norfolk Constabulary,1.738232,52.625823,On or near Shakespeare Road,E01026641,Great Yarmouth 004D,Unable to prosecute suspect
725d5373448999cd28628d23ad9d3143988dea8aec84b2c82e9e2331b87beb9e,2023-01,Norfolk Constabulary,Norfolk Constabulary,1.738232,52.625823,On or near Shakespeare Road,E01026641,Great Yarmouth 004D,Unable to prosecute suspect
2d7fe26686df77d969dfaf8d7f9551a83ebb19d72ff9c5b52b8749d082ba171e,2023-01,Norfolk Constabulary,Norfolk Constabulary,,,No location,,,Investigation complete; no suspect identified
132fa10e5638c33773db74383723a02feb8e0218b4a4b79fdb0da5c5e5760c63,2023-01,Norfolk Constabulary,Norfolk Constabulary,0.406639,52.761824,On or near LOSINGA ROAD,E01026689,King's Lynn and West Norfolk 007C,Action to be taken by another organisation
a67fba4b0e45814953bb3b78f08817ddf54c5dc63ea8f8302fb22205909e1d8b,2023-01,Norfolk Constabulary,Norfolk Constabulary,1.344613,52.563808,On or near Lansdowne Drive,E01026928,South Norfolk 006E,Unable to prosecute suspect
002f939dff43ab60abc73a1b05812d2c6bb4ed0f7a86f0ce3f7163f536c5b837,2023-01,Norfolk Constabulary,Norfolk Constabulary,0.419677,52.752909,On or near Bagge Road,E01026666,King's Lynn and West Norfolk 009A,Unable to prosecute suspect
002f939dff43ab60abc73a1b05812d2c6bb4ed0f7a86f0ce3f7163f536c5b837,2023-01,Norfolk Constabulary,Norfolk Constabulary,0.419677,52.752909,On or near Bagge Road,E01026666,King's Lynn and West Norfolk 009A,Unable to prosecute suspect
fded07396a31cc6c3996caa058497811729d0442b862b6285c4b99b1861eee1a,2023-01,Norfolk Constabulary,Norfolk Constabulary,1.733505,52.603135,On or near Lancaster Road,E01026624,Great Yarmouth 006C,Unable to prosecute suspect
ab20f537e63323d42dcea5c557df8f3f098f36f2a33e856d4ae13ac99c15df81,2023-01,Norfolk Constabulary,Norfolk Constabulary,1.605746,52.484997,On or near The Street,E01026943,South Norfolk 010C,Unable to prosecute suspect
f2756c29e68434f114df719a8d7847a37b42bcb8325b2fbf12f72d19a1052a30,2023-01,Norfolk Constabulary,Norfolk Constabulary,-1.713013,52.194059,On or near Hospital,E01031229,Stratford-on-Avon 009B,Suspect charged
f899e66f2f6f546a2d4bc4c8ff36a7ce6ff5214cabcd9f02a259a7ecab6d5e4a,2023-01,Norfolk Constabulary,Norfolk Constabulary,1.346358,52.638785,On or near Acacia Road,E01026570,Broadland 015B,Unable to prosecute suspect
facbd12f5ba75b1e1f10ea61ee11640a67e981ef0a8bbbce2fe376d29f331b68,2023-01,Norfolk Constabulary,Norfolk Constabulary,1.295557,52.605324,On or near De Berney Close,E01026818,Norwich 013C,Unable to prosecute suspect
83052090f7c747432680f893a72665760249b9fbb998ef414f28c9c89d3ce764,2023-01,Norfolk Constabulary,Norfolk Constabulary,0.988307,52.578947,On or near ,E01026909,South Norfolk 004A,Unable to prosecute suspect
2ed9ddad64c8e8878aa2b0f3084b6a497b7f45e87a0003adddf1a067b8509a6d,2023-01,Norfolk Constabulary,Norfolk Constabulary,0.941173,52.676783,On or near Howard Crescent,E01026425,Breckland 005A,Unable to prosecute suspect
b9a9120a680a35818fcec5f7e67bc14e39710e942fa25bd2740550ddd44b2c19,2023-01,Norfolk Constabulary,Norfolk Constabulary,0.407706,52.748657,On or near Exton's Gardens,E01026667,King's Lynn and West Norfolk 009B,Unable to prosecute suspect
3e1276a41d703ed1130fdcca90eb513ff7f7c4b0c34b00686b740ac6f1ea1ae3,2023-01,Norfolk Constabulary,Norfolk Constabulary,1.728121,52.596450,On or near Southgates Road,E01026622,Great Yarmouth 006A,Investigation complete; no suspect identified
16fcd0e77a0984fcb49d899240756c72e3c937ce606cd6295f31a26c6106f503,2023-01,Norfolk Constabulary,Norfolk Constabulary,1.186737,52.397118,On or near Mill Close,E01026887,South Norfolk 014D,Investigation complete; no suspect identified
c6c113cce5eaa675575a727e176a3275757a4d1b4e49d849aa305ceb16988fb4,2023-01,Norfolk Constabulary,Norfolk Constabulary,1.372004,52.673861,On or near Fitzmaurice Court,E01026578,Broadland 008C,Unable to prosecute suspect
f6fe96945248218d9bcd4697631a2041f80a58188482f86e1223d89e6389963e,2023-01,Norfolk Constabulary,Norfolk Constabulary,1.331105,52.643703,On or near Porson Road,E01026805,Norwich 004C,Local resolution
f6fe96945248218d9bcd4697631a2041f80a58188482f86e1223d89e6389963e,2023-01,Norfolk Constabulary,Norfolk Constabulary,1.331105,52.643703,On or near Porson Road,E01026805,Norwich 004C,Local resolution
f6fe96945248218d9bcd4697631a2041f80a58188482f86e1223d89e6389963e,2023-01,Norfolk Constabulary,Norfolk Constabulary,1.331105,52.643703,On or near Porson Road,E01026805,Norwich 004C,Local resolution
b9d85089513c47d948da8228524b4bad709e67715277c152762472078008fb41,2023-01,Norfolk Constabulary,Norfolk Constabulary,1.732812,52.600719,On or near New Wellington Place,E01026626,Great Yarmouth 006E,Investigation complete; no suspect identified
fe5452669218e2e83a4fa5e33d680f4812b1c98c6ec4040abbffc4f6a846158b,2023-01,Norfolk Constabulary,Norfolk Constabulary,1.326681,52.635670,On or near Supple Close,E01026808,Norwich 004F,Investigation complete; no suspect identified
1fc40d3e02815e665d98395153e1c81f9d516ad0b5aa46194c1173abd05f0af4,2023-01,Norfolk Constabulary,Norfolk Constabulary,0.488805,52.939197,On or near St Edmund's Terrace,E01026683,King's Lynn and West Norfolk 001D,Investigation complete; no suspect identified
c9abf4f294db68f2f11f9c7ba77f9d17753aaaec8ddc93e1776b964ae3407311,2023-01,Norfolk Constabulary,Norfolk Constabulary,1.295166,52.628421,On or near Castle Meadow,E01026822,Norwich 007A,Suspect charged
38a156c2e1d044e1b7c2788fecdf0e28069635a179ddeb2053d1ebfe4cb916dc,2023-01,Norfolk Constabulary,Norfolk Constabulary,1.730282,52.606744,On or near Wellington Place,E01026623,Great Yarmouth 006B,Suspect charged
db8f68a18da62dd8443d33e520edb2d7e2d95aebe24297b9b5ca09f819a08a62,2023-01,Norfolk Constabulary,Norfolk Constabulary,0.685825,52.647068,On or near Whitsands Mews,E01026455,Breckland 007A,Unable to prosecute suspect
a23c5c694798b2babca738c619aa13923eaacb471001c916018c766cc895f16f,2023-01,Norfolk Constabulary,Norfolk Constabulary,1.372004,52.673861,On or near Fitzmaurice Court,E01026578,Broadland 008C,Unable to prosecute suspect
fb31f030b2b86e37cca1887b3cf64a0b227565595af11783d8dc6e3c107e39db,2023-01,Norfolk Constabulary,Norfolk Constabulary,1.280806,52.612128,On or near Harry Perry Close,E01026811,Norwich 012B,Investigation complete; no suspect identified
e75a97aa28b6931ca063cb0eb669611d0da91920162f530107799da579260c26,2023-01,Norfolk Constabulary,Norfolk Constabulary,1.326681,52.635670,On or near Supple Close,E01026808,Norwich 004F,Investigation complete; no suspect identified
158c0c690c1900ee186696030dae381a03ed2e0dd6c4fa882f06301ec5a32fa3,2023-01,Norfolk Constabulary,Norfolk Constabulary,1.250143,52.625799,On or near Penryn Close,E01026860,Norwich 010C,Investigation complete; no suspect identified
dfaa8d1dc1d301aba134d51b807da3f183bb233eaa5f2244e3e226ebabb6dceb,2023-01,Norfolk Constabulary,Norfolk Constabulary,0.829869,52.737613,On or near Burghwood Drive,E01026462,Breckland 002D,Unable to prosecute suspect
faf41c985b28151f348d005b811d2032a431b625976b86b4e92c003187119774,2023-01,Norfolk Constabulary,Norfolk Constabulary,0.866616,52.839380,On or near Thorpland Road,E01026745,North Norfolk 011A,Unable to prosecute suspect
faf41c985b28151f348d005b811d2032a431b625976b86b4e92c003187119774,2023-01,Norfolk Constabulary,Norfolk Constabulary,0.866616,52.839380,On or near Thorpland Road,E01026745,North Norfolk 011A,Unable to prosecute suspect
35445289992786433a40cfdb532b908c531af1eef82aeabf945fe9ff34fec1e9,2023-01,Norfolk Constabulary,Norfolk Constabulary,1.015295,52.513800,On or near Halford Close,E01026423,Breckland 011B,Unable to prosecute suspect
39e80e5bc8af8ff29594d16c3c3122caef32f93a722dafd4ca51024c9dd882ec,2023-01,Norfolk Constabulary,Norfolk Constabulary,1.554308,52.638146,On or near Mardling Run,E01026497,Broadland 018A,Unable to prosecute suspect
12741f1f4cf5ab3263585930af06b5e6eb96b0ffa9cf3d33e532c5dd3842ce2a,2023-01,Norfolk Constabulary,Norfolk Constabulary,0.747315,52.405987,On or near St Barnabas Close,E01026477,Breckland 017D,Unable to prosecute suspect
538bf0df8ab62902161eae1e14e296d0a950d234b14e1e9cb7ca505ec4966abb,2023-01,Norfolk Constabulary,Norfolk Constabulary,1.379342,52.815276,On or near BURTON CLOSE,E01026759,North Norfolk 010G,Offender given a caution
3b278b0c97f1213e2bf348fc7d9a3071e3433453ce615d6e43a569aa8f974ce5,2023-01,Norfolk Constabulary,Norfolk Constabulary,0.383601,52.756607,On or near Sculthorpe Avenue,E01026705,King's Lynn and West Norfolk 011E,Unable to prosecute suspect
fbdcc2cbf11cdc877c0fe44310261f55aebb8dee662df60a1d9f910b2287ff9a,2023-01,Norfolk Constabulary,Norfolk Constabulary,1.336594,52.640643,On or near Holmes Close,E01026803,Norwich 004A,Unable to prosecute suspect
5e2cedde0dbb8fb8621e379690e7e289e8b7f973b388b240d6689f9ba5a90b90,2023-01,Norfolk Constabulary,Norfolk Constabulary,0.733546,52.668689,On or near ,E01026445,Breckland 002C,Investigation complete; no suspect identified
9fbd3d0307645fd62bbc24d5a092d174729025a2d924dd3beabfb4ee3bb2fdbc,2023-01,Norfolk Constabulary,Norfolk Constabulary,1.279662,52.652926,On or near ,E01026797,Norwich 001A,Investigation complete; no suspect identified
efe9c31f961daac8392d55983982975adb339855e1999cf6d46924f1a3b4e50a,2023-01,Norfolk Constabulary,Norfolk Constabulary,1.165175,52.770528,On or near Stocks Loke,E01026523,Broadland 002B,Unable to prosecute suspect
4c1dcd2832e1a76264c4c5a81252a5188185d00f07d2946e4d5e77fb3a2d7077,2023-01,Norfolk Constabulary,Norfolk Constabulary,0.727261,52.423880,On or near ,E01026467,Breckland 015C,Investigation complete; no suspect identified
5b708afe61eeede3b3c6ee62fd61411358454128f5dc4c9ea354be1a0f9d77a9,2023-01,Norfolk Constabulary,Norfolk Constabulary,0.525548,52.488358,On or near The Beck,E01026649,King's Lynn and West Norfolk 019B,Investigation complete; no suspect identified
286f067e2be2239b565b0cc51eb3e66d2a0b6be70eecffa5e97b8c4a003a4980,2023-01,Norfolk Constabulary,Norfolk Constabulary,1.295157,52.629690,On or near ,E01026822,Norwich 007A,Suspect charged
8f373deb141e92e0a90ce2af1a74f967d05a648874dd6aa28c015ec1feb48c7b,2023-01,Norfolk Constabulary,Norfolk Constabulary,1.295646,52.618695,On or near SOUTHWELL ROAD,E01026853,Norwich 011B,Unable to prosecute suspect
68f9db7fb3605403e738a1dd8d5a59b57494a87186c705bde6526b29e471537d,2023-01,Norfolk Constabulary,Norfolk Constabulary,1.728878,52.612131,On or near Ferrier Close,E01026595,Great Yarmouth 005A,Investigation complete; no suspect identified
f563c34ca5cd6fde25f676793780b37bfdafde3e69a8742f1c8655c0d254a62a,2023-01,Norfolk Constabulary,Norfolk Constabulary,1.285600,52.608083,On or near Scarlet Road,E01026820,Norwich 013E,Unable to prosecute suspect
265d86533e4a7fb39c0656a52c121b498b1a1e96b74b849d16664545715df4f8,2023-01,Norfolk Constabulary,Norfolk Constabulary,0.393269,52.740209,On or near Burney Road,E01026704,King's Lynn and West Norfolk 011D,Unable to prosecute suspect
d17c50dfd8525cb536315909651f73615a26ab11491c861e7e36902357109279,2023-01,Norfolk Constabulary,Norfolk Constabulary,1.229146,52.609007,On or near Honeysuckle Close,E01026882,South Norfolk 002B,Unable to prosecute suspect
a9350a463fd06a3ae1da1d5c9ec7b39c125d345e30e38e0ffdac25f32eae6a46,2023-01,Norfolk Constabulary,Norfolk Constabulary,0.941145,52.680327,On or near High Street,E01026426,Breckland 005B,Investigation complete; no suspect identified
70f27a352b89782679eb678619b64cf72aff5ceab4382e5092f470ca9869540d,2023-01,Norfolk Constabulary,Norfolk Constabulary,1.291740,52.623948,On or near ,E01026822,Norwich 007A,Unable to prosecute suspect
74365e0e51cc5aa81ea06c8d14b5619e03c9fbd2b65fbf44e09303f2af62ea68,2023-01,Norfolk Constabulary,Norfolk Constabulary,1.301653,52.629460,On or near ,E01033438,Norwich 014A,Unable to prosecute suspect
2cd756b1b8019fde38eb4e2d789ceeaf85ef11013653816b8761bb592519f347,2023-01,Norfolk Constabulary,Norfolk Constabulary,1.721755,52.602371,On or near Portland Court,E01026635,Great Yarmouth 007D,Suspect charged
525383032e6bffac162ba831cd521410aeb215e26c70d91ca7eb7561126dd434,2023-01,Norfolk Constabulary,Norfolk Constabulary,1.301653,52.629460,On or near ,E01033438,Norwich 014A,Unable to prosecute suspect
54fef2df8e5ee4e271cadd16420e399139aee592ffc8791670e57ab2bd0d904a,2023-01,Norfolk Constabulary,Norfolk Constabulary,1.721755,52.602371,On or near Portland Court,E01026635,Great Yarmouth 007D,Suspect charged
54fef2df8e5ee4e271cadd16420e399139aee592ffc8791670e57ab2bd0d904a,2023-01,Norfolk Constabulary,Norfolk Constabulary,1.721755,52.602371,On or near Portland Court,E01026635,Great Yarmouth 007D,Suspect charged
fe13fd2cb2f89d00552a67e38961c54ef887af8e12e537eab3e15209d779f793,2023-01,Norfolk Constabulary,Norfolk Constabulary,1.721755,52.602371,On or near Portland Court,E01026635,Great Yarmouth 007D,Suspect charged
ffc51ef8251d3b6ad416b6af79c9a2bc13c611cd69f328e5d0f864c49c155422,2023-01,Norfolk Constabulary,Norfolk Constabulary,1.712572,52.596517,On or near Gapton Hall Road,E01026633,Great Yarmouth 007B,Unable to prosecute suspect
470a0d10a34a8189be350f79d3f2bcd0952ecb0522271d419341b3a218b9f8bb,2023-01,Norfolk Constabulary,Norfolk Constabulary,1.305263,52.625909,On or near ,E01033439,Norwich 014B,Unable to prosecute suspect
9188636ee05dec3a112de7dfaf7b763e7455190f0944f7c7210c54b3659f3308,2023-01,Norfolk Constabulary,Norfolk Constabulary,1.311029,52.650193,On or near Templemere,E01026802,Norwich 001F,Unable to prosecute suspect
a34096802e915cecb01f19f89d54cc4471d78f531127227792931c779d132de6,2023-01,Norfolk Constabulary,Norfolk Constabulary,0.999341,52.623552,On or near Station Lane,E01026484,Breckland 006D,Unable to prosecute suspect
3ffe8a8aa942b97ce7aa013f3af84d6b37b91194736a0a87e501235e4e469cfe,2023-01,Norfolk Constabulary,Norfolk Constabulary,0.394234,52.756177,On or near ,E01026698,King's Lynn and West Norfolk 011A,Offender given a caution
41ab807a0ee3210ed640efb13ace9d72cf709380f325bd279163c0d5398c6c46,2023-01,Norfolk Constabulary,Norfolk Constabulary,0.988872,52.512825,On or near West Carr Road,E01026449,Breckland 011D,Unable to prosecute suspect
0fdc7c1356ea8485f2c3e5bb0e7a57d73f6a7d8d569caa374ce2a65c10590af7,2023-01,Norfolk Constabulary,Norfolk Constabulary,0.408158,52.768411,On or near Greenland Avenue,E01026688,King's Lynn and West Norfolk 007B,Unable to prosecute suspect
894bc8bdb7ef300dfa32071cea26d286d2ac01afcfb46df41039efb99f03ff93,2023-01,Norfolk Constabulary,Norfolk Constabulary,1.290349,52.637504,On or near Sussex Street,E01026826,Norwich 007E,Unable to prosecute suspect
5556b4857b5cf304196d3966fcf984ee63513f9681fefc2661fae31441d6746f,2023-01,Norfolk Constabulary,Norfolk Constabulary,0.404436,52.755737,On or near Wyatt Street,E01026698,King's Lynn and West Norfolk 011A,Unable to prosecute suspect
55695439c996a781a9fe199cd5ece38da77c535f3214c54bc97d6411d9602cab,2023-01,Norfolk Constabulary,Norfolk Constabulary,1.650515,52.476742,On or near Dicks Mount,E01026943,South Norfolk 010C,Unable to prosecute suspect
55695439c996a781a9fe199cd5ece38da77c535f3214c54bc97d6411d9602cab,2023-01,Norfolk Constabulary,Norfolk Constabulary,1.650515,52.476742,On or near Dicks Mount,E01026943,South Norfolk 010C,Unable to prosecute suspect
c80464a180c08229163b71f9f04f31918efe94111b51e781ea882ccc3677dbfa,2023-01,Norfolk Constabulary,Norfolk Constabulary,0.403860,52.748249,On or near Windsor Road,E01026700,King's Lynn and West Norfolk 011C,Unable to prosecute suspect
1da0c59afd3fc93cb057033b0f828c0f23dfa1c4caac0173cf365da947d58fd8,2023-01,Norfolk Constabulary,Norfolk Constabulary,0.461585,52.718696,On or near Walter Howes Crescent,E01026725,King's Lynn and West Norfolk 014F,Unable to prosecute suspect
602cb192bb218c89f57812655726abaab9aa63377b2105cc08f37df0c091c0a0,2023-01,Norfolk Constabulary,Norfolk Constabulary,0.404436,52.755737,On or near Wyatt Street,E01026698,King's Lynn and West Norfolk 011A,Unable to prosecute suspect
bf691fa8e5188c588621ba4b921da620859499d2397e1764d481115f595d5f17,2023-01,Norfolk Constabulary,Norfolk Constabulary,1.407432,52.704910,On or near Charles Close,E01026580,Broadland 008E,Unable to prosecute suspect
fdc25e887c15787caaebe56258beaf9967bebd9f7d7f8a0431b96e9acc558172,2023-01,Norfolk Constabulary,Norfolk Constabulary,1.277806,52.624964,On or near ,E01026839,Norwich 009E,Unable to prosecute suspect
9d327cb8c6870d3f9b78bf21af808c10f82443ec0171b3f8c0f443fcc47a9d34,2023-01,Norfolk Constabulary,Norfolk Constabulary,1.175452,52.601350,On or near Cromwell Close,E01026907,South Norfolk 003C,Unable to prosecute suspect
fbd367f7c646eb73e20f595c369dd622e7991acab411b3a0b90cb7e2d03ba557,2023-01,Norfolk Constabulary,Norfolk Constabulary,1.725259,52.580845,On or near ,E01026632,Great Yarmouth 009E,Unable to prosecute suspect
fbd367f7c646eb73e20f595c369dd622e7991acab411b3a0b90cb7e2d03ba557,2023-01,Norfolk Constabulary,Norfolk Constabulary,1.725259,52.580845,On or near ,E01026632,Great Yarmouth 009E,Unable to prosecute suspect
39ad1b2c51675159bbd0d66f5975edd46d324a2972b8a929ce93cfc190fee84e,2023-01,Norfolk Constabulary,Norfolk Constabulary,1.295213,52.627089,On or near Orford Street,E01026822,Norwich 007A,Unable to prosecute suspect
faefa1295eb280a339e46a94c8badf978f48d5884dd59b45f1090ddb4769980d,2023-01,Norfolk Constabulary,Norfolk Constabulary,0.843842,52.775614,On or near Orchard Close,E01026442,Breckland 002A,Offender given a caution
29d53950295896678d2f0417e30627ef152ec9642ebff4109a84c79bf6b40846,2023-01,Norfolk Constabulary,Norfolk Constabulary,1.719361,52.603580,On or near Station Road,E01026634,Great Yarmouth 007C,Unable to prosecute suspect
cbacd7b695ab70e9f5ca331a6d04cebb5a3c599647429294a2f629a42837e83c,2023-01,Norfolk Constabulary,Norfolk Constabulary,1.297589,52.631555,On or near Waggon And Horses Lane,E01033438,Norwich 014A,Investigation complete; no suspect identified
f4a3925b4b6529c1fff6e0f82b34e0693c95779b4a66de8a24b906de84f581e4,2023-01,Norfolk Constabulary,Norfolk Constabulary,1.317599,52.637562,On or near Prison,E01026806,Norwich 004D,Formal action is not in the public interest
0ea3fc589fd16805eda3ede47e99101d40ce646a2ab39dda3edabbdf22d62061,2023-01,Norfolk Constabulary,Norfolk Constabulary,1.317599,52.637562,On or near Prison,E01026806,Norwich 004D,Formal action is not in the public interest
0427de3466a812377e595e67bd12c030ac30d8a593c2b32cb493ba52bb967ef3,2023-01,Norfolk Constabulary,Norfolk Constabulary,0.951725,52.679677,On or near Bath Avenue,E01026430,Breckland 003C,Unable to prosecute suspect
3418e2b718a85431de9df40f76841eae8f92b358540c05b3251052263d4632d5,2023-01,Norfolk Constabulary,Norfolk Constabulary,0.407234,52.750051,On or near ,E01026667,King's Lynn and West Norfolk 009B,Suspect charged
3418e2b718a85431de9df40f76841eae8f92b358540c05b3251052263d4632d5,2023-01,Norfolk Constabulary,Norfolk Constabulary,0.407234,52.750051,On or near ,E01026667,King's Lynn and West Norfolk 009B,Suspect charged
3418e2b718a85431de9df40f76841eae8f92b358540c05b3251052263d4632d5,2023-01,Norfolk Constabulary,Norfolk Constabulary,0.407234,52.750051,On or near ,E01026667,King's Lynn and West Norfolk 009B,Suspect charged
3418e2b718a85431de9df40f76841eae8f92b358540c05b3251052263d4632d5,2023-01,Norfolk Constabulary,Norfolk Constabulary,0.407234,52.750051,On or near ,E01026667,King's Lynn and West Norfolk 009B,Suspect charged
3418e2b718a85431de9df40f76841eae8f92b358540c05b3251052263d4632d5,2023-01,Norfolk Constabulary,Norfolk Constabulary,0.407234,52.750051,On or near ,E01026667,King's Lynn and West Norfolk 009B,Suspect charged
3418e2b718a85431de9df40f76841eae8f92b358540c05b3251052263d4632d5,2023-01,Norfolk Constabulary,Norfolk Constabulary,0.407234,52.750051,On or near ,E01026667,King's Lynn and West Norfolk 009B,Suspect charged
3418e2b718a85431de9df40f76841eae8f92b358540c05b3251052263d4632d5,2023-01,Norfolk Constabulary,Norfolk Constabulary,0.407234,52.750051,On or near ,E01026667,King's Lynn and West Norfolk 009B,Suspect charged
3418e2b718a85431de9df40f76841eae8f92b358540c05b3251052263d4632d5,2023-01,Norfolk Constabulary,Norfolk Constabulary,0.407234,52.750051,On or near ,E01026667,King's Lynn and West Norfolk 009B,Suspect charged
3418e2b718a85431de9df40f76841eae8f92b358540c05b3251052263d4632d5,2023-01,Norfolk Constabulary,Norfolk Constabulary,0.407234,52.750051,On or near ,E01026667,King's Lynn and West Norfolk 009B,Suspect charged
3418e2b718a85431de9df40f76841eae8f92b358540c05b3251052263d4632d5,2023-01,Norfolk Constabulary,Norfolk Constabulary,0.407234,52.750051,On or near ,E01026667,King's Lynn and West Norfolk 009B,Suspect charged
3418e2b718a85431de9df40f76841eae8f92b358540c05b3251052263d4632d5,2023-01,Norfolk Constabulary,Norfolk Constabulary,0.407234,52.750051,On or near ,E01026667,King's Lynn and West Norfolk 009B,Suspect charged
3418e2b718a85431de9df40f76841eae8f92b358540c05b3251052263d4632d5,2023-01,Norfolk Constabulary,Norfolk Constabulary,0.407234,52.750051,On or near ,E01026667,King's Lynn and West Norfolk 009B,Suspect charged
3418e2b718a85431de9df40f76841eae8f92b358540c05b3251052263d4632d5,2023-01,Norfolk Constabulary,Norfolk Constabulary,0.407234,52.750051,On or near ,E01026667,King's Lynn and West Norfolk 009B,Suspect charged
3418e2b718a85431de9df40f76841eae8f92b358540c05b3251052263d4632d5,2023-01,Norfolk Constabulary,Norfolk Constabulary,0.407234,52.750051,On or near ,E01026667,King's Lynn and West Norfolk 009B,Suspect charged
3418e2b718a85431de9df40f76841eae8f92b358540c05b3251052263d4632d5,2023-01,Norfolk Constabulary,Norfolk Constabulary,0.407234,52.750051,On or near ,E01026667,King's Lynn and West Norfolk 009B,Suspect charged
3418e2b718a85431de9df40f76841eae8f92b358540c05b3251052263d4632d5,2023-01,Norfolk Constabulary,Norfolk Constabulary,0.407234,52.750051,On or near ,E01026667,King's Lynn and West Norfolk 009B,Suspect charged
3418e2b718a85431de9df40f76841eae8f92b358540c05b3251052263d4632d5,2023-01,Norfolk Constabulary,Norfolk Constabulary,0.407234,52.750051,On or near ,E01026667,King's Lynn and West Norfolk 009B,Suspect charged
3418e2b718a85431de9df40f76841eae8f92b358540c05b3251052263d4632d5,2023-01,Norfolk Constabulary,Norfolk Constabulary,0.407234,52.750051,On or near ,E01026667,King's Lynn and West Norfolk 009B,Suspect charged
f5d2a2256eef478bbc9d031ca709f9f53097fdab70108b2413256f66542a2e6b,2023-01,Norfolk Constabulary,Norfolk Constabulary,1.534802,52.814845,On or near Whimpwell Street,E01026740,North Norfolk 012A,Unable to prosecute suspect
15bfd7f37e21bab141269ee8b9d2eda043c362a0d3762f2c1103daad4b9dfbd2,2023-01,Norfolk Constabulary,Norfolk Constabulary,,,No location,,,Local resolution
15bfd7f37e21bab141269ee8b9d2eda043c362a0d3762f2c1103daad4b9dfbd2,2023-01,Norfolk Constabulary,Norfolk Constabulary,,,No location,,,Local resolution
15bfd7f37e21bab141269ee8b9d2eda043c362a0d3762f2c1103daad4b9dfbd2,2023-01,Norfolk Constabulary,Norfolk Constabulary,,,No location,,,Local resolution
15bfd7f37e21bab141269ee8b9d2eda043c362a0d3762f2c1103daad4b9dfbd2,2023-01,Norfolk Constabulary,Norfolk Constabulary,,,No location,,,Local resolution
15bfd7f37e21bab141269ee8b9d2eda043c362a0d3762f2c1103daad4b9dfbd2,2023-01,Norfolk Constabulary,Norfolk Constabulary,,,No location,,,Local resolution
79fd1f1cdfe2b1d5521c64a4737f7cafbf87346a1c39b648349debaae8066961,2023-01,Norfolk Constabulary,Norfolk Constabulary,1.441627,52.790500,On or near ,E01026790,North Norfolk 012E,Investigation complete; no suspect identified
18435ab564c6fff3f3f04bae8f753b2547875da359378e91ad20a327812a0b0a,2023-01,Norfolk Constabulary,Norfolk Constabulary,1.296975,52.637535,On or near Magdalen Close,E01026826,Norwich 007E,Unable to prosecute suspect
27f62c6d1dadda4ddce1ddfea2e1a593a76968345f35f3c7abff4ce06c7c64c0,2023-01,Norfolk Constabulary,Norfolk Constabulary,1.285866,52.645534,On or near Bertie Road,E01026830,Norwich 002C,Suspect charged
53703f5d6045bb336350c43e0aa3a5e07135297e0af2da0e3d0b95ca8dc629e8,2023-01,Norfolk Constabulary,Norfolk Constabulary,1.285866,52.645534,On or near Bertie Road,E01026830,Norwich 002C,Suspect charged
2b9d3a4ff07928c73fbf08ef5a193dc20657b4603af043a51f35612f0dad9dfb,2023-01,Norfolk Constabulary,Norfolk Constabulary,1.735030,52.603869,On or near KENT SQUARE,E01026626,Great Yarmouth 006E,Suspect charged
2b9d3a4ff07928c73fbf08ef5a193dc20657b4603af043a51f35612f0dad9dfb,2023-01,Norfolk Constabulary,Norfolk Constabulary,1.735030,52.603869,On or near KENT SQUARE,E01026626,Great Yarmouth 006E,Suspect charged
2b9d3a4ff07928c73fbf08ef5a193dc20657b4603af043a51f35612f0dad9dfb,2023-01,Norfolk Constabulary,Norfolk Constabulary,1.735030,52.603869,On or near KENT SQUARE,E01026626,Great Yarmouth 006E,Suspect charged
6ddb345b2c34c04210d481a781e86569cb949f3837a5f310149d165864822070,2023-01,Norfolk Constabulary,Norfolk Constabulary,1.293222,52.630094,On or near ,E01026823,Norwich 007B,Suspect charged
2c6a6a39f79a03fafd8fca3d5061ab53380c1d95e780311052a8563e7ee97b6a,2023-01,Norfolk Constabulary,Norfolk Constabulary,0.937259,52.682833,On or near Swaffham Road,E01026426,Breckland 005B,Unable to prosecute suspect
e69ef58c1cbf6f52cf36fea9bb8364e043db5d5ecb32524e815308f745df7bfa,2023-01,Norfolk Constabulary,Norfolk Constabulary,1.295046,52.626239,On or near Lion And Castle Yard,E01026822,Norwich 007A,Unable to prosecute suspect
19b9806cf2dcf146754dc6d0c6f38bf505a09d604ec3903c93893da90cb93753,2023-01,Norfolk Constabulary,Norfolk Constabulary,1.300300,52.635959,On or near ,E01026823,Norwich 007B,Unable to prosecute suspect
485d594a441de48ca5c7cd5290164844b7bfde8cadb1f50f09d280288a854800,2023-01,Norfolk Constabulary,Norfolk Constabulary,1.269093,52.629018,On or near ,E01026837,Norwich 009C,Investigation complete; no suspect identified
f747efcd9987f2cacb308b86907e759d6a23ecebe79f09d87f79b1e07b44034b,2023-01,Norfolk Constabulary,Norfolk Constabulary,1.707921,52.569966,On or near The Willows,E01026586,Great Yarmouth 013B,Further action is not in the public interest
d979fc1b818a5f12f143e8a4ed11d3181eba78296302571af94d33d46d41d858,2023-01,Norfolk Constabulary,Norfolk Constabulary,1.138074,52.578523,On or near B1172,E01026945,South Norfolk 007D,Unable to prosecute suspect
72570dc9b93af0b73171f9698b097f0bd48bed132d7801f2a0398280e4b91391,2023-01,Norfolk Constabulary,Norfolk Constabulary,1.716583,52.599044,On or near Thamesfield Way,E01026634,Great Yarmouth 007C,Offender given a caution
0d724a3a2950dc52bfce912e3e9118b2fffe8c0aba30698c8a006fd42f270409,2023-01,Norfolk Constabulary,Norfolk Constabulary,0.408665,52.751649,On or near ,E01026667,King's Lynn and West Norfolk 009B,Unable to prosecute suspect
ad52fd934bfc21b38f16529e723777ca7617390f7781056c6d60ff4516c2fde2,2023-01,Norfolk Constabulary,Norfolk Constabulary,1.717106,52.607654,On or near Isaac's Road,E01026635,Great Yarmouth 007D,Unable to prosecute suspect
045b2b601a78acf6245ef6435be866ad0aaf166a5288f70f24e03f50f51355ee,2023-01,Norfolk Constabulary,Norfolk Constabulary,1.726106,52.607676,On or near ,E01026597,Great Yarmouth 005C,Unable to prosecute suspect
f10dc9ebeb044e04df2a49a01fc7019fe8c2f7d945ba449871d174d38f8f346e,2023-01,Norfolk Constabulary,Norfolk Constabulary,0.402132,52.746459,On or near Guanock Place,E01026667,King's Lynn and West Norfolk 009B,Unable to prosecute suspect
b3d06d95913076f9c152f85dbd702c04d5e741d17aebfca49332692d691ba677,2023-01,Norfolk Constabulary,Norfolk Constabulary,0.497568,52.876594,On or near Mallard Close,E01026701,King's Lynn and West Norfolk 003D,Unable to prosecute suspect
13744f1dd51e008456a38951c4dc5a51fa94b3882d75c9d0f72249ae187064d8,2023-01,Norfolk Constabulary,Norfolk Constabulary,1.305796,52.400438,On or near Harvest Way,E01026902,South Norfolk 013D,Investigation complete; no suspect identified
4684da8d658873ca0639e59ed3722c9ad4b53548762d8147d0d922785dc8288b,2023-01,Norfolk Constabulary,Norfolk Constabulary,1.722844,52.656602,On or near Pyke Court,E01026589,Great Yarmouth 003A,Unable to prosecute suspect
319151fb837ef2b3109986ec7f777c191466e90153082a1ec3dd5b8e67f9a9f7,2023-01,Norfolk Constabulary,Norfolk Constabulary,1.728645,52.601750,On or near Middlegate,E01026625,Great Yarmouth 006D,Unable to prosecute suspect
f661323fbb587ef7e3f1786cc9340822d8112c3815c1024ccb2280143884a0f3,2023-01,Norfolk Constabulary,Norfolk Constabulary,1.722844,52.656602,On or near Pyke Court,E01026589,Great Yarmouth 003A,Unable to prosecute suspect
e496fda16adf191f267b60a94aced57f0dbff77596f87fa1756b79ec6abc7a09,2023-01,Norfolk Constabulary,Norfolk Constabulary,0.402132,52.746459,On or near Guanock Place,E01026667,King's Lynn and West Norfolk 009B,Unable to prosecute suspect
42afdb82cb2aea5d33485492ab1d9b9dbc2eb14b5b9e7592eb015d1a0a5c6e6f,2023-01,Norfolk Constabulary,Norfolk Constabulary,0.487653,52.934159,On or near Alexandra Road,E01026683,King's Lynn and West Norfolk 001D,Investigation complete; no suspect identified
fd017487f3c32de382fc6624ba1ff01dce25e916fa9a6dce7103d68a49baf57c,2023-01,Norfolk Constabulary,Norfolk Constabulary,0.690593,52.706875,On or near North Street,E01026694,King's Lynn and West Norfolk 012D,Local resolution
e99e521df487ec13b6c8d2b583ee20d5f5d7139c85a902c69fb0252265908876,2023-01,Norfolk Constabulary,Norfolk Constabulary,1.728645,52.601750,On or near Middlegate,E01026625,Great Yarmouth 006D,Unable to prosecute suspect
2f8e1e7be24ca70279c252f41f5a111b5c0bc1845a9b9a1eb875ae2c8654a7ee,2023-01,Norfolk Constabulary,Norfolk Constabulary,0.967078,52.682864,On or near Alder End,E01026430,Breckland 003C,Investigation complete; no suspect identified
fa59c9b9ce162c999c73a4ac33db799f1d9bdbd755f8239a7ec9c5046c2d4705,2023-01,Norfolk Constabulary,Norfolk Constabulary,1.731759,52.610565,On or near Jury Street,E01026597,Great Yarmouth 005C,Unable to prosecute suspect
3a8ef50cb4d5c16bc34050078561e6a7c7fc92fddc9b4c0422b66cbd2e435f38,2023-01,Norfolk Constabulary,Norfolk Constabulary,1.536483,52.708304,On or near ,E01026783,North Norfolk 014C,Unable to prosecute suspect
6d901c514ebe68e76ffd2061764cf64522bd8ba96560a8b02e886687dc1597ef,2023-01,Norfolk Constabulary,Norfolk Constabulary,1.304504,52.624600,On or near ,E01033441,Norwich 014D,Investigation complete; no suspect identified
c6f8eb9b4f0016c240351c925e8c9b5509039ea6aee417886747936735ecfa9b,2023-01,Norfolk Constabulary,Norfolk Constabulary,0.731934,52.420004,On or near Ely Way,E01026467,Breckland 015C,Unable to prosecute suspect
9429f74b932105f5b01c0e8bd013b1ce395ec6ddfc483759b89e9fd0e263e3fa,2023-01,Norfolk Constabulary,Norfolk Constabulary,1.282935,52.653377,On or near Harry Watson Court,E01026797,Norwich 001A,Investigation complete; no suspect identified
824edf5a2bf06853feef8f68821277ede05d605fb5557eaa5d1196d3ea1b9a45,2023-01,Norfolk Constabulary,Norfolk Constabulary,1.697754,52.582985,On or near ,E01026582,Great Yarmouth 008B,Investigation complete; no suspect identified
1c49cb0a7665c3be361d0d82fa8aca27358b922bcd565b22de1684a3d4df57a3,2023-01,Norfolk Constabulary,Norfolk Constabulary,1.722844,52.656602,On or near Pyke Court,E01026589,Great Yarmouth 003A,Unable to prosecute suspect
6581b5a755c5d4248edd421025f76dd441d3701036a79bbaaab7074c3dcc718e,2023-01,Norfolk Constabulary,Norfolk Constabulary,1.725296,52.613620,On or near Garrison Road,E01026596,Great Yarmouth 005B,Unable to prosecute suspect
f2c5f6adfe9b4a5f05d76419b5b24cd4ed9a0b1e8a7ec7cdab9b66fb2bdcb0fb,2023-01,Norfolk Constabulary,Norfolk Constabulary,0.683854,52.702487,On or near Priory Road,E01026694,King's Lynn and West Norfolk 012D,Local resolution
61e9f4e60155f2232d0027c8fe1a141cb98a6c4e085ea60692704aa629c66255,2023-01,Norfolk Constabulary,Norfolk Constabulary,1.256194,52.798370,On or near New Road,E01026503,Broadland 001E,Unable to prosecute suspect
73442f14cfaa7c96ab7a670f2dc8c1a61f7207c519dea40ba13b07fef6c368a3,2023-01,Norfolk Constabulary,Norfolk Constabulary,0.691995,52.638007,On or near Carter Close,E01026458,Breckland 007D,Unable to prosecute suspect
1ad9a7eac9267c58e4ad134fc05522128fbd1f71956c47cb79216093d2aa4018,2023-01,Norfolk Constabulary,Norfolk Constabulary,0.732318,52.417891,On or near Coventry Way,E01026467,Breckland 015C,Investigation complete; no suspect identified
6a233af615b69fadfd36e469ac7936087c3da08571742bc1b23ecaf04f7d4a85,2023-01,Norfolk Constabulary,Norfolk Constabulary,1.277275,52.658768,On or near Eversley Road,E01026530,Broadland 011A,Unable to prosecute suspect
91ae888bbb29b31f6f4e64397f1ff8ef72e058ceab690a92218e5e602684a8df,2023-01,Norfolk Constabulary,Norfolk Constabulary,0.967078,52.682864,On or near Alder End,E01026430,Breckland 003C,Unable to prosecute suspect
91ae888bbb29b31f6f4e64397f1ff8ef72e058ceab690a92218e5e602684a8df,2023-01,Norfolk Constabulary,Norfolk Constabulary,0.967078,52.682864,On or near Alder End,E01026430,Breckland 003C,Unable to prosecute suspect
800bab3d2e4b1f97ee5b404ee3c694727ff94e154052f05b56db8e928a6e2d72,2023-01,Norfolk Constabulary,Norfolk Constabulary,1.734745,52.608150,On or near Bermondsey Place South,E01026598,Great Yarmouth 005D,Unable to prosecute suspect
cad4df1291b5ee14767d6c595f4ffd5db644078e8d2c0436df263132a5275681,2023-01,Norfolk Constabulary,Norfolk Constabulary,0.967078,52.682864,On or near Alder End,E01026430,Breckland 003C,Unable to prosecute suspect
f34ff4b286f589001ffce9b17fa6ba3eda7d35b1d5e2e00e89bd4c117c9a202b,2023-01,Norfolk Constabulary,Norfolk Constabulary,1.281609,52.634698,On or near Haslips Close,E01026824,Norwich 007C,Local resolution
606b211b8949394664116688da6aa44ad0f6907e50c71b97757571d5fce71409,2023-01,Norfolk Constabulary,Norfolk Constabulary,0.429682,52.769708,On or near ,E01026669,King's Lynn and West Norfolk 006A,Unable to prosecute suspect
5d9c7a21e9f43d82fedb9abe0434b339156c703e4bbf36ec15764233c5731f20,2023-01,Norfolk Constabulary,Norfolk Constabulary,0.967078,52.682864,On or near Alder End,E01026430,Breckland 003C,Unable to prosecute suspect
a5f86412796f9b00cff0c30fc2c4f06b8ecf7e5d8b9887e36b19448220abb537,2023-01,Norfolk Constabulary,Norfolk Constabulary,0.423833,52.750091,On or near Dawber Close,E01026666,King's Lynn and West Norfolk 009A,Unable to prosecute suspect
83df898073dc815c24e2dfefef1107629f6090cc11b52ddb6e6e8a45a1421b03,2023-01,Norfolk Constabulary,Norfolk Constabulary,0.965939,52.682434,On or near Field Maple Drive,E01026430,Breckland 003C,Unable to prosecute suspect
5dd1324943df566711947c2f4bc07f31a5e4861089d4dd525c025fd585252e2e,2023-01,Norfolk Constabulary,Norfolk Constabulary,1.716468,52.607971,On or near St Luke's Terrace,E01026635,Great Yarmouth 007D,Investigation complete; no suspect identified
058609e9a09edf1985dfa8cbbdf589ab20edd6f8510e518a9fe41d5e69f1bab7,2023-01,Norfolk Constabulary,Norfolk Constabulary,1.722113,52.606597,On or near Riverside,E01026635,Great Yarmouth 007D,Unable to prosecute suspect
fd657fec23aa645bdd0ada0d64ccffece56df3977a12a2e0e59d5278298401d0,2023-01,Norfolk Constabulary,Norfolk Constabulary,0.556205,52.521672,On or near White Road,E01026651,King's Lynn and West Norfolk 019D,Unable to prosecute suspect
f82c3da86a64740a9ebbe6493f12475cd921e628a0121bfd02171ee8e0a1c81c,2023-01,Norfolk Constabulary,Norfolk Constabulary,1.283795,52.642372,On or near Finishers Road,E01026829,Norwich 002B,Suspect charged
f82c3da86a64740a9ebbe6493f12475cd921e628a0121bfd02171ee8e0a1c81c,2023-01,Norfolk Constabulary,Norfolk Constabulary,1.283795,52.642372,On or near Finishers Road,E01026829,Norwich 002B,Suspect charged
2b7ea470a3469b15c18c8334c28a1c7923a1fc3db9b6d4e9310e47381c24006d,2023-01,Norfolk Constabulary,Norfolk Constabulary,1.738232,52.625823,On or near Shakespeare Road,E01026641,Great Yarmouth 004D,Unable to prosecute suspect
9c5e819add77f329f4c01b20b900514307cd19f510852619353570cd54751914,2023-01,Norfolk Constabulary,Norfolk Constabulary,1.738232,52.625823,On or near Shakespeare Road,E01026641,Great Yarmouth 004D,Unable to prosecute suspect
319d13aaecf69b7468c02b7409d64eab55b2bc9742ee232ed095e359e53d15d6,2023-01,Norfolk Constabulary,Norfolk Constabulary,1.732211,52.603553,On or near Oxborough Walk,E01026624,Great Yarmouth 006C,Unable to prosecute suspect
901541463bc4cef1ba8d1359a4a92eb68d943a1309db81cc94a2ad512f96a2fd,2023-01,Norfolk Constabulary,Norfolk Constabulary,1.291038,52.640174,On or near Buxton Road,E01026831,Norwich 002D,Suspect charged
7511730c475b6cc2e9a5f76e5d35a461cbbb80e0c325c1ab397c6b29678f02cd,2023-01,Norfolk Constabulary,Norfolk Constabulary,1.305308,52.632572,On or near Bishopgate,E01033438,Norwich 014A,Investigation complete; no suspect identified
75195e2305bf18212de129a6ac43d088d7dccb692523c5246d78024a66eeadbc,2023-01,Norfolk Constabulary,Norfolk Constabulary,1.249543,52.632066,On or near Wrench Road,E01026865,Norwich 006C,Unable to prosecute suspect
cb61d59cd7280c34f630533638446e852883a648c19311685271e799a94c5573,2023-01,Norfolk Constabulary,Norfolk Constabulary,1.267198,52.670594,On or near Bush Road,E01026526,Broadland 010A,Unable to prosecute suspect
5f83719185140ac4b4a88b8fa05e1824827c41dd8e057ba7d552e555fc6f93c7,2023-01,Norfolk Constabulary,Norfolk Constabulary,0.687035,52.653308,On or near ,E01026459,Breckland 007E,Investigation complete; no suspect identified
21ee9c240bb5655934ac4b6dfecb2f474be771ad5700a34e04699a632e36804f,2023-01,Norfolk Constabulary,Norfolk Constabulary,1.141447,52.586042,On or near Bartram Close,E01026933,South Norfolk 007C,Unable to prosecute suspect
561ee5d14651b39b1f98461fa2433d66df8eef5d8114eb0e8a5a9057db7e3271,2023-01,Norfolk Constabulary,Norfolk Constabulary,1.282752,52.646600,On or near ,E01026829,Norwich 002B,Unable to prosecute suspect
c185000db30accf757e4b256d13d3c01edb4b0c4be5b0dbc8596cbac7bca1fc6,2023-01,Norfolk Constabulary,Norfolk Constabulary,1.133352,52.483535,On or near Wood Lane,E01026878,South Norfolk 011B,Unable to prosecute suspect
a37a761d4367d7324a9547e55756a97621a376178030487e981ad0a50dca19c5,2023-01,Norfolk Constabulary,Norfolk Constabulary,1.561229,52.464302,On or near River View,E01026898,South Norfolk 010A,Local resolution
8efc4e26e795b40d627441452edc7abc95f557c0b43c51d2b72c9136b643ee33,2023-01,Norfolk Constabulary,Norfolk Constabulary,1.718873,52.600618,On or near Stafford Road,E01026633,Great Yarmouth 007B,Unable to prosecute suspect
39f4a58a8dc65ac39aae846b7419ef173246332f152ce1110c03d9c8587f532b,2023-01,Norfolk Constabulary,Norfolk Constabulary,0.403860,52.748249,On or near Windsor Road,E01026700,King's Lynn and West Norfolk 011C,Unable to prosecute suspect
ef8d662e90053627f5a6f39b86a8ece5c094f76ff32d3b8b48a8d73ab5afacbb,2023-01,Norfolk Constabulary,Norfolk Constabulary,1.309520,52.639614,On or near Lavengro Road,E01026844,Norwich 003D,Unable to prosecute suspect
23f7fbe7fb366308b2b7a0fe219941fea12351601a515bd6a31e80359727f991,2023-01,Norfolk Constabulary,Norfolk Constabulary,1.309520,52.639614,On or near Lavengro Road,E01026844,Norwich 003D,Unable to prosecute suspect
d42fdf47de79f734a1083f60a6ecf2e5a55d3dec91aec31b4e6cef0f7878e8fd,2023-01,Norfolk Constabulary,Norfolk Constabulary,1.322509,52.661356,On or near Church View Close,E01026554,Broadland 012B,Unable to prosecute suspect
02b46ca78619ffa1d6d8c94623a02a501659ec12debbbe4bbfe4b36f65481c55,2023-01,Norfolk Constabulary,Norfolk Constabulary,1.309520,52.639614,On or near Lavengro Road,E01026844,Norwich 003D,Unable to prosecute suspect
07476dd0d1a350a18c5c1040d6d7ce590442c9ee05572d8d891703aab47afd40,2023-01,Norfolk Constabulary,Norfolk Constabulary,1.251156,52.623514,On or near Lovelace Road,E01026860,Norwich 010C,Unable to prosecute suspect
d3eabc638c4d720393ae68f89d31f0b304f1ea134c27cf7662f6012c0b902854,2023-01,Norfolk Constabulary,Norfolk Constabulary,1.033491,52.480312,On or near Hargham Close,E01026421,Breckland 013A,Unable to prosecute suspect
33e2770297015f354e0c2ab7e257aeb32eb0f8486d098bdf2fdf231c91e3c404,2023-01,Norfolk Constabulary,Norfolk Constabulary,1.033491,52.480312,On or near Hargham Close,E01026421,Breckland 013A,Unable to prosecute suspect
80ba8a276bbcf3224224f270ea482f5142f7e643871bf20b2d8dd3d2f301e2b2,2023-01,Norfolk Constabulary,Norfolk Constabulary,1.326681,52.635670,On or near Supple Close,E01026808,Norwich 004F,Action to be taken by another organisation
daf4135be8920b1257171775b6afc3f5f052f7984525b6a26765977b03d3b80c,2023-01,Norfolk Constabulary,Norfolk Constabulary,1.326681,52.635670,On or near Supple Close,E01026808,Norwich 004F,Action to be taken by another organisation
f2c689780dcaf4afd714cb0d542355cedef834f4e3a3e0a8c51e4041d9e8e8a2,2023-01,Norfolk Constabulary,Norfolk Constabulary,1.138190,52.583449,On or near BEGONIA WAY,E01026933,South Norfolk 007C,Suspect charged
0d4032079edc62fc96cbbc8922a266f0528379c3fe696a8d6a52237e3186e831,2023-01,Norfolk Constabulary,Norfolk Constabulary,1.326681,52.635670,On or near Supple Close,E01026808,Norwich 004F,Action to be taken by another organisation
a0b27ec5d42bee412d4808d4dce976e35d372c90dfe74968fe6609769205f337,2023-01,Norfolk Constabulary,Norfolk Constabulary,0.439478,52.767789,On or near Earsham Drive,E01026673,King's Lynn and West Norfolk 006E,Investigation complete; no suspect identified
228988f8887d56a112940d06235ef2ece86373933fe3a6e5959618ab020cba05,2023-01,Norfolk Constabulary,Norfolk Constabulary,1.326681,52.635670,On or near Supple Close,E01026808,Norwich 004F,Action to be taken by another organisation
398f4e3a99444458c5278e2c04306cfb89c5d97459f74144c9beb6854ce433e1,2023-01,Norfolk Constabulary,Norfolk Constabulary,1.247854,52.640782,On or near ,E01026864,Norwich 006B,Unable to prosecute suspect
2190a236096164db15b73e075d481733b430bda04d4e537d2a208242d53c44d5,2023-01,Norfolk Constabulary,Norfolk Constabulary,1.717256,52.574386,On or near Exeter Road,E01026604,Great Yarmouth 009D,Unable to prosecute suspect
f6af11a35125f7c77aa2b87b5877da9efbc81e8fade859be99cc245795b66eb5,2023-01,Norfolk Constabulary,Norfolk Constabulary,1.717256,52.574386,On or near Exeter Road,E01026604,Great Yarmouth 009D,Unable to prosecute suspect
2f787b26f5ecbb14416805343dc253d69d44aa33ecf02f2b32ba04152a41ef7e,2023-01,Norfolk Constabulary,Norfolk Constabulary,0.431328,52.751349,On or near Ploughman Road,E01026662,King's Lynn and West Norfolk 010A,Unable to prosecute suspect
c07979d46614adf93d6c62830528d53a63db7ee858d8615e12ca3ed112ccb9ac,2023-01,Norfolk Constabulary,Norfolk Constabulary,0.396032,52.757076,On or near St Nicholas Street,E01026698,King's Lynn and West Norfolk 011A,Unable to prosecute suspect
78a8e92feade3e6881ee78d8111ac987506e2edd372279ecadb556b5b7599cf4,2023-01,Norfolk Constabulary,Norfolk Constabulary,0.431328,52.751349,On or near Ploughman Road,E01026662,King's Lynn and West Norfolk 010A,Unable to prosecute suspect
3afc4760edf3d8bcbe3ae552644ffb1ca9b1f51c2c0ce9566e5a2e215bbacfe6,2023-01,Norfolk Constabulary,Norfolk Constabulary,1.254377,52.633066,On or near Roe Drive,E01026863,Norwich 006A,Unable to prosecute suspect
f7d7c3f918cc5b09f91bb29086d772e7ea057a32ebc0e68ddcf1f54e9a6058a4,2023-01,Norfolk Constabulary,Norfolk Constabulary,1.297599,52.401720,On or near Recreation Walk,E01026900,South Norfolk 013B,Unable to prosecute suspect
d6e5e3c1cfa1a3e5c006704bc36e798897beeec04e39ef6881c5265fa6336ab2,2023-01,Norfolk Constabulary,Norfolk Constabulary,1.727949,52.569921,On or near Avondale Road,E01026610,Great Yarmouth 010A,Offender given a caution
1dc35f15469a7ae39846c48d738976f881cf21d676ecfa32f6b967730624b658,2023-01,Norfolk Constabulary,Norfolk Constabulary,1.727949,52.569921,On or near Avondale Road,E01026610,Great Yarmouth 010A,Unable to prosecute suspect
fe3317fa5af754de999e191963da904a806e01c619c0543114d2a805333e28c3,2023-01,Norfolk Constabulary,Norfolk Constabulary,1.297599,52.401720,On or near Recreation Walk,E01026900,South Norfolk 013B,Unable to prosecute suspect
eb9c1506b14284d6d82e29f22f0388f62226f59abb635aa9cf5955550cb3a99e,2023-01,Norfolk Constabulary,Norfolk Constabulary,0.395023,52.737872,On or near Sydney Terrace,E01026704,King's Lynn and West Norfolk 011D,Offender given a caution
5dfa4e02bf51797b6c8fd0a7b310615295cfa57a8791d5fd5d4b8782c5b74671,2023-01,Norfolk Constabulary,Norfolk Constabulary,0.431328,52.751349,On or near Ploughman Road,E01026662,King's Lynn and West Norfolk 010A,Unable to prosecute suspect
7ccbc588a375c47d6038de6b3b96a4079c212291a6bf7cb715aebe80c349b696,2023-01,Norfolk Constabulary,Norfolk Constabulary,1.297599,52.401720,On or near Recreation Walk,E01026900,South Norfolk 013B,Unable to prosecute suspect
efb7bf23ad39b2462ef8b20173903f65e5a86631d80244a1cb07c843b011d624,2023-01,Norfolk Constabulary,Norfolk Constabulary,1.137243,52.578083,On or near ,E01026945,South Norfolk 007D,Suspect charged
c60dcf43e89e19aed3f7fd2e4e8c4086b1e5616b4c89c6244f415b7f03c515b1,2023-01,Norfolk Constabulary,Norfolk Constabulary,1.727949,52.569921,On or near Avondale Road,E01026610,Great Yarmouth 010A,Unable to prosecute suspect
b3f1221014e8ad295d6b8bd7904b6757afeda7674c15126b10cd8abfd8f50579,2023-01,Norfolk Constabulary,Norfolk Constabulary,0.702429,52.819709,On or near Groveside,E01026695,King's Lynn and West Norfolk 002D,Unable to prosecute suspect
6fc8e557b9710c29c7308e22db5d51ed85145dfbe1e1b7c1ec4e9cece5730496,2023-01,Norfolk Constabulary,Norfolk Constabulary,1.350737,52.632635,On or near Gargle Hill,E01026573,Broadland 015E,Unable to prosecute suspect
27176123c18531a11d4ca427495ec3076db272e3d39b76c9ab28fc03435fbcba,2023-01,Norfolk Constabulary,Norfolk Constabulary,0.702429,52.819709,On or near Groveside,E01026695,King's Lynn and West Norfolk 002D,Unable to prosecute suspect
db49238cc6806a31c2ab8d80a6bda0453c68dabd636cf2c45de9c3db5d124815,2023-01,Norfolk Constabulary,Norfolk Constabulary,0.969112,52.681653,On or near Elm Street,E01026430,Breckland 003C,Unable to prosecute suspect
58ec01924554c0136b10d13431086c0cd6d88bc2ae54367b6015550c873abad1,2023-01,Norfolk Constabulary,Norfolk Constabulary,1.310474,52.632284,On or near William Kett Close,E01033438,Norwich 014A,Unable to prosecute suspect
1e4725fa4548fc325e85a2baf4533e542613aad4cdc27227ba87c19a43196f14,2023-01,Norfolk Constabulary,Norfolk Constabulary,0.377636,52.597151,On or near Oakfield Close,E01026707,King's Lynn and West Norfolk 017D,Unable to prosecute suspect
2029711e6a1d3cc1f060cce8a266e3737b448703024a1287d71750677a39fd47,2023-01,Norfolk Constabulary,Norfolk Constabulary,0.377636,52.597151,On or near Oakfield Close,E01026707,King's Lynn and West Norfolk 017D,Unable to prosecute suspect
7a06864dd093d072dacebf6bd116af43c5c99b89418f42a25ea440b40f143b8c,2023-01,Norfolk Constabulary,Norfolk Constabulary,1.695370,52.716414,On or near Beach Road,E01026606,Great Yarmouth 001B,Investigation complete; no suspect identified
894737de022cc0eba1f5a847b0f7d480465ac7476a5ed0a6250d6827395916cc,2023-01,Norfolk Constabulary,Norfolk Constabulary,1.388725,52.747394,On or near TUNSTEAD ROAD,E01026767,North Norfolk 012B,Suspect charged
d9839968d807e210601cf4b6b61cccb84fb7ff68958e05c04b9b5750ae72fc54,2023-01,Norfolk Constabulary,Norfolk Constabulary,1.388725,52.747394,On or near TUNSTEAD ROAD,E01026767,North Norfolk 012B,Suspect charged
81696387c256da784931dae61187bcd0131ec73ed41ba05673324a515ecbbbb0,2023-01,Norfolk Constabulary,Norfolk Constabulary,0.394636,52.743248,On or near Ouse Avenue,E01026706,King's Lynn and West Norfolk 011F,Unable to prosecute suspect
f1b8f8927a29de9612ee9e9ab25fbe2f297b32f9701bc8f5186541abecdda0c1,2023-01,Norfolk Constabulary,Norfolk Constabulary,1.559384,52.566480,On or near Low Farm Loke,E01026538,Broadland 018C,Further investigation is not in the public interest
52faf881f0ea248b8b8ca122eca801377ed28f44a2b594fdaada035174f2e961,2023-01,Norfolk Constabulary,Norfolk Constabulary,1.318241,52.656961,On or near Cuthbert Close,E01026555,Broadland 012C,Unable to prosecute suspect
52faf881f0ea248b8b8ca122eca801377ed28f44a2b594fdaada035174f2e961,2023-01,Norfolk Constabulary,Norfolk Constabulary,1.318241,52.656961,On or near Cuthbert Close,E01026555,Broadland 012C,Unable to prosecute suspect
52faf881f0ea248b8b8ca122eca801377ed28f44a2b594fdaada035174f2e961,2023-01,Norfolk Constabulary,Norfolk Constabulary,1.318241,52.656961,On or near Cuthbert Close,E01026555,Broadland 012C,Unable to prosecute suspect
52faf881f0ea248b8b8ca122eca801377ed28f44a2b594fdaada035174f2e961,2023-01,Norfolk Constabulary,Norfolk Constabulary,1.318241,52.656961,On or near Cuthbert Close,E01026555,Broadland 012C,Unable to prosecute suspect
977b5a094b6c8f930c0847ffaccf16a51656cb6636386a282e7c1f0154a78881,2023-01,Norfolk Constabulary,Norfolk Constabulary,0.987233,52.715154,On or near ,E01026461,Breckland 001C,Unable to prosecute suspect
0565a14aff6ff944521c7c54d633d9aee959dd890870613baf3203251032576f,2023-01,Norfolk Constabulary,Norfolk Constabulary,0.426735,52.758573,On or near Gloucester Road,E01026714,King's Lynn and West Norfolk 010D,Local resolution
bf261ab347ed5bf7d9e910106a1ead893067fe5ccee660a8106e5c7ce6176a45,2023-01,Norfolk Constabulary,Norfolk Constabulary,1.059172,52.853761,On or near Church Street,E01026730,North Norfolk 008B,Investigation complete; no suspect identified
24e84073db05b08e78bf7c7dd37733d3b65ba916e1359727e442af504db917a0,2023-01,Norfolk Constabulary,Norfolk Constabulary,0.445284,52.580469,On or near Hilgay Road,E01026727,King's Lynn and West Norfolk 018B,Unable to prosecute suspect
3fd2cf967856e786e8ae311b4f12bd458bb531692847e1f2d0fc922383e5aa39,2023-01,Norfolk Constabulary,Norfolk Constabulary,1.313629,52.622590,On or near Cozens Road,E01033439,Norwich 014B,Unable to prosecute suspect
edca2d7798536938672713cb5ab805f948281e876a3539a56d0756ab48a1a686,2023-01,Norfolk Constabulary,Norfolk Constabulary,1.288556,52.631537,On or near ST MARGARETS STREET,E01026822,Norwich 007A,Unable to prosecute suspect
262a523962a9214dd38b1298b8768a85a494cdcdd719e1828e9d51fac797cf84,2023-01,Norfolk Constabulary,Norfolk Constabulary,0.426735,52.758573,On or near Gloucester Road,E01026714,King's Lynn and West Norfolk 010D,Local resolution
b6ac22934fdcb59da038d4f28dd493a7a51add04b8c7851d6ac7032620295886,2023-01,Norfolk Constabulary,Norfolk Constabulary,1.445729,52.466125,On or near STATION ROAD,E01026893,South Norfolk 012B,Action to be taken by another organisation
e2451db3463eef5d0364649a85e8d0e1073ff980b30e4eb1f5ba3c8239fde205,2023-01,Norfolk Constabulary,Norfolk Constabulary,0.946630,52.678932,On or near ,E01026426,Breckland 005B,Suspect charged
24783df90b8742a4f8b9ea9e8f4927d4701693540ebd46c481b08d5da3b27bc6,2023-01,Norfolk Constabulary,Norfolk Constabulary,1.564325,52.529517,On or near TITHEBARN LANE,E01026944,South Norfolk 010D,Unable to prosecute suspect
cdeaaf130bb5443adb098cef3a37880164b791e0c7631df6638ddabb24ff57e9,2023-01,Norfolk Constabulary,Norfolk Constabulary,1.243522,52.639983,On or near Jex Avenue,E01026869,Norwich 006G,Unable to prosecute suspect
8f52b3232649ae3433d8ee6f3bfda4ec5d8eb0a62785c188ccd125c4b3c52d06,2023-01,Norfolk Constabulary,Norfolk Constabulary,1.233757,52.632273,On or near Robson Road,E01026796,Norwich 005F,Local resolution
807e26f2e164d3c79eb215387f1c67214227db9d9dbb86f8036d5dc073530345,2023-01,Norfolk Constabulary,Norfolk Constabulary,1.726694,52.616167,On or near Apollo Walk,E01026596,Great Yarmouth 005B,Unable to prosecute suspect
bdc1aeb531554de37576e4fc0be7c0f1b9b72665c48845ccebfd861061cd7006,2023-01,Norfolk Constabulary,Norfolk Constabulary,1.302144,52.671396,On or near Westacre Drive,E01026544,Broadland 009E,Unable to prosecute suspect
8639573113dc27f216575e21df8555dad39cfe1a5c2f566be02c502c6ad40951,2023-01,Norfolk Constabulary,Norfolk Constabulary,0.416383,52.757652,On or near ,E01026666,King's Lynn and West Norfolk 009A,Unable to prosecute suspect
af3005d159030e674d0feb3abde453c049e018c9eae5f365ded17de83360c4b2,2023-01,Norfolk Constabulary,Norfolk Constabulary,0.686986,52.648399,On or near ,E01026455,Breckland 007A,Unable to prosecute suspect
c05239143dc12aebbd78a3fee213efe19d53825aa023e2c28f5f32b4bc4b2af9,2023-01,Norfolk Constabulary,Norfolk Constabulary,1.724739,52.617506,On or near Lawn Avenue,E01026596,Great Yarmouth 005B,Unable to prosecute suspect
254d15d5621286ce40059158751a946dda0fe0484a430d253d1a1e0394910fe1,2023-01,Norfolk Constabulary,Norfolk Constabulary,1.304504,52.624600,On or near ,E01033441,Norwich 014D,Unable to prosecute suspect
6922b3323c8ec086e386d8b8456dc6b370c3005181a4822ed1ce9a8cdaf36d29,2023-01,Norfolk Constabulary,Norfolk Constabulary,1.317341,52.661672,On or near Foxburrow Road,E01026555,Broadland 012C,Unable to prosecute suspect
6922b3323c8ec086e386d8b8456dc6b370c3005181a4822ed1ce9a8cdaf36d29,2023-01,Norfolk Constabulary,Norfolk Constabulary,1.317341,52.661672,On or near Foxburrow Road,E01026555,Broadland 012C,Unable to prosecute suspect
6922b3323c8ec086e386d8b8456dc6b370c3005181a4822ed1ce9a8cdaf36d29,2023-01,Norfolk Constabulary,Norfolk Constabulary,1.317341,52.661672,On or near Foxburrow Road,E01026555,Broadland 012C,Unable to prosecute suspect
e0522e5fd9858b4c6b11d601d9e9c487a0f6c91589a6dea7130fecf3e00f41d4,2023-01,Norfolk Constabulary,Norfolk Constabulary,0.745363,52.413380,On or near Bridge Street,E01026474,Breckland 017A,Unable to prosecute suspect
a7fe98a0357aa3e5edcca372eebda4815833e9faac6df29482601a23aabab545,2023-01,Norfolk Constabulary,Norfolk Constabulary,1.290632,52.668227,On or near Mallory Road,E01026797,Norwich 001A,Investigation complete; no suspect identified
fbdafeb91bfcaeb4a5c53c4d6b2764ec9117c731d3606fc1d02131494cee854c,2023-01,Norfolk Constabulary,Norfolk Constabulary,1.288123,52.605467,On or near Gilchrist Close,E01026820,Norwich 013E,Unable to prosecute suspect
db742d2a87d36ba105a574dee91d113b5d332c1787ff89a8c043dc8526222438,2023-01,Norfolk Constabulary,Norfolk Constabulary,1.314635,52.631799,On or near Camp Grove,E01026850,Norwich 015C,Unable to prosecute suspect
92e5e4877bdd1bd51250366c5cb035ec58a61a4985ab61eba313a019c68c5503,2023-01,Norfolk Constabulary,Norfolk Constabulary,0.695832,52.641760,On or near Botwright Drive,E01026458,Breckland 007D,Unable to prosecute suspect
2d72fd1fa2f5e9878e68a846537a5e9e025af98448790d052d184c56b5e5003f,2023-01,Norfolk Constabulary,Norfolk Constabulary,1.385793,52.821118,On or near ,E01026760,North Norfolk 010H,Unable to prosecute suspect
8486da42762448bcf4274917e8df73b1f4061c77a2b5148de1bb24099f424d30,2023-01,Norfolk Constabulary,Norfolk Constabulary,0.695832,52.641760,On or near Botwright Drive,E01026458,Breckland 007D,Unable to prosecute suspect
99e7a0abe594dd5c972dacc09deb8a48bfe145db533647248edaf40a6221d80b,2023-01,Norfolk Constabulary,Norfolk Constabulary,1.281161,52.632857,On or near ,E01026824,Norwich 007C,Unable to prosecute suspect
21d384be0c9fbaa31f891286dadc72e32ffa15de9a46a72248c5b15de0c7f782,2023-01,Norfolk Constabulary,Norfolk Constabulary,1.722879,52.538320,On or near Culley Way,E01026588,Great Yarmouth 013D,Investigation complete; no suspect identified
f699bfcbd02985dd3a9d068c7163037bbafeb47e9031a8f04eb203cd8423a099,2023-01,Norfolk Constabulary,Norfolk Constabulary,1.217974,52.643990,On or near Dereham Road,E01026792,Norwich 005B,Unable to prosecute suspect
81177d98b5f29891e05b16609db58f7a57776d9ae9bf964ad795e41597a44538,2023-01,Norfolk Constabulary,Norfolk Constabulary,0.726898,52.406091,On or near Stapleford Way,E01026478,Breckland 017E,Unable to prosecute suspect
81177d98b5f29891e05b16609db58f7a57776d9ae9bf964ad795e41597a44538,2023-01,Norfolk Constabulary,Norfolk Constabulary,0.726898,52.406091,On or near Stapleford Way,E01026478,Breckland 017E,Unable to prosecute suspect
116ae95830f04144fd9ea0eb3e8741160ce2426c346ed539e193375c509e7959,2023-01,Norfolk Constabulary,Norfolk Constabulary,1.243274,52.623253,On or near ,E01026860,Norwich 010C,Unable to prosecute suspect
fc6e2454e696fe8ac7dcc0a8d2ff0237c5309a3ec775dbe671a6a71053a28ad2,2023-01,Norfolk Constabulary,Norfolk Constabulary,1.217974,52.643990,On or near Dereham Road,E01026792,Norwich 005B,Unable to prosecute suspect
e3e5adc9f78ecc09407f6007c6ad79d620c19acdbef006ef9d3d435084076d0c,2023-01,Norfolk Constabulary,Norfolk Constabulary,0.724700,52.413129,On or near New England Way,E01026474,Breckland 017A,Unable to prosecute suspect
f68074a8a7ea520e1c956c490664fd7d238efa882ef3eef9453fb90cd76cb5c6,2023-01,Norfolk Constabulary,Norfolk Constabulary,0.692881,52.641359,On or near The Oaklands,E01026458,Breckland 007D,Further investigation is not in the public interest
ad42f98ec2f24226ae416f6b2d11703919f20e48735cf7c7393b148d79cb17af,2023-01,Norfolk Constabulary,Norfolk Constabulary,1.297589,52.631555,On or near Waggon And Horses Lane,E01033438,Norwich 014A,Unable to prosecute suspect
d6668b8dda400ac4f9ca3a2ecbf3657fb78a5800307faaa7117b30be4d2cb6d0,2023-01,Norfolk Constabulary,Norfolk Constabulary,0.690573,52.655538,On or near Northfield Road,E01026459,Breckland 007E,Further action is not in the public interest
01e55c0b3eaf575d70518f2f960b4da1bf7107fe8ecd3a5447abf4cc45f75079,2023-01,Norfolk Constabulary,Norfolk Constabulary,0.931468,52.684515,On or near VALLEY VIEW,E01026428,Breckland 003A,Suspect charged
d1f30cc784efab7f526bdfeea27664664a331b3d3d07a31f9f1bcf5aebb8b703,2023-01,Norfolk Constabulary,Norfolk Constabulary,0.692284,52.632371,On or near Kendle Road,E01026455,Breckland 007A,Further investigation is not in the public interest
633d632752bf65234bdc251f8d24177c7c36228f9ddcae71a980f4276f159cde,2023-01,Norfolk Constabulary,Norfolk Constabulary,1.684070,52.696771,On or near Stable Field Way,E01026605,Great Yarmouth 001A,Investigation complete; no suspect identified
505f6c06693c6bc4885b7c55b242ef95845113df297a31200a75d555c604470c,2023-01,Norfolk Constabulary,Norfolk Constabulary,1.139527,52.577774,On or near Farrier Close,E01026945,South Norfolk 007D,Investigation complete; no suspect identified
d40142d776559fc65ac66401704b022ead25b27f0fe07d2c8b0f93c29b1095b7,2023-01,Norfolk Constabulary,Norfolk Constabulary,0.857053,52.830798,On or near Orchard Close,E01026749,North Norfolk 011E,Unable to prosecute suspect
c09ff9c9622f80e4d489c62866958bca581c5a4b280203ffe429553c2f1703b6,2023-01,Norfolk Constabulary,Norfolk Constabulary,1.337088,52.577034,On or near Wilson Place,E01026926,South Norfolk 006C,Further investigation is not in the public interest
4568b2454ef3fe0d4a382ba63c6753eb65938cae9964d1c609acfe60e49c7ba4,2023-01,Norfolk Constabulary,Norfolk Constabulary,1.366425,52.634429,On or near NEWARK CLOSE,E01026574,Broadland 016A,Action to be taken by another organisation
4802f663702f9e435bd3ce2aa8bf9a8caba4bf2f3f6576d9e04e2c30f89490b6,2023-01,Norfolk Constabulary,Norfolk Constabulary,1.051941,52.590939,On or near Kimberley Park,E01026947,South Norfolk 004C,Further action is not in the public interest
c1f177d390dfc35b45c97fc79020a51dad015bcfe75fb28add4d4378ecf8d15f,2023-01,Norfolk Constabulary,Norfolk Constabulary,1.728316,52.601175,On or near Sidney Close,E01026625,Great Yarmouth 006D,Investigation complete; no suspect identified
d3f92e5e1b9ce4c7a6975f9c398b40327baa017bb1c00f75f5473fbb7be19ad4,2023-01,Norfolk Constabulary,Norfolk Constabulary,1.730008,52.606834,On or near EXMOUTH PLACE,E01026623,Great Yarmouth 006B,Suspect charged
5c1153333661e53c1caa8d89e14969a8610079e71422eea9b8aba1b6139f560c,2023-01,Norfolk Constabulary,Norfolk Constabulary,1.732625,52.607021,On or near ALBION ROAD,E01026623,Great Yarmouth 006B,Suspect charged
d74cb195eae75c1d331fe7671a8afebd7378e2f737e609400cca87c1e611a99c,2023-01,Norfolk Constabulary,Norfolk Constabulary,0.461641,52.777510,On or near Gooseberry Lane,E01026710,King's Lynn and West Norfolk 005E,Local resolution
ea26dddb9768f99e6b1c4a2803053812cb35f9988c94f48fdb45fd5465fa8983,2023-01,Norfolk Constabulary,Norfolk Constabulary,1.290632,52.668227,On or near Mallory Road,E01026797,Norwich 001A,Unable to prosecute suspect
c8eb3c1d671ab36c586efa3002f97e3367c09499dcba26d28f1b63ea4b17499b,2023-01,Norfolk Constabulary,Norfolk Constabulary,1.293132,52.626148,On or near ,E01026822,Norwich 007A,Investigation complete; no suspect identified
492cfc8bc0a900d0d8bd931f5c3b4a846133a009fa99a893ee6e848b6fc72f6e,2023-01,Norfolk Constabulary,Norfolk Constabulary,1.288625,52.647022,On or near Philadelphia Lane,E01026830,Norwich 002C,Unable to prosecute suspect
dff64b21e4ebc240c93368151fc106c0dec0201b67e00a1a9e75c3e3fbebb6a6,2023-01,Norfolk Constabulary,Norfolk Constabulary,0.857053,52.830798,On or near Orchard Close,E01026749,North Norfolk 011E,Unable to prosecute suspect
ec081b04c21ee843c85fbec0b9906bcb24457fdaa070f8a77b3ebb9567571a8d,2023-01,Norfolk Constabulary,Norfolk Constabulary,1.239436,52.701664,On or near Marigold Close,E01026537,Broadland 004E,Investigation complete; no suspect identified
6d9b95ae5939c94738cc513215190bbb6a8735631478dcc57886f299c232eb14,2023-01,Norfolk Constabulary,Norfolk Constabulary,1.724903,52.606221,On or near Hall Plain,E01026623,Great Yarmouth 006B,Formal action is not in the public interest
6d9b95ae5939c94738cc513215190bbb6a8735631478dcc57886f299c232eb14,2023-01,Norfolk Constabulary,Norfolk Constabulary,1.724903,52.606221,On or near Hall Plain,E01026623,Great Yarmouth 006B,Formal action is not in the public interest
7c00ecad8485b9b1962e4349059fb649652cffd9b32254ea743fe94e8bae06c9,2023-01,Norfolk Constabulary,Norfolk Constabulary,1.636973,52.641562,On or near Barn Lane,E01026609,Great Yarmouth 002B,Investigation complete; no suspect identified
bac9904265537a7b8c6084921ec1aa3c33ee9e553c2016f1993248a5a8873fdc,2023-01,Norfolk Constabulary,Norfolk Constabulary,1.731013,52.580267,On or near Riverside Road,E01026632,Great Yarmouth 009E,Investigation complete; no suspect identified
4ee173375b128b38785e311989a26944fccd838e7fc0c3d7c1a13c2665674b5b,2023-01,Norfolk Constabulary,Norfolk Constabulary,0.461641,52.777510,On or near Gooseberry Lane,E01026710,King's Lynn and West Norfolk 005E,Local resolution
04c55da254930a1c5aa2d95cc684e2ed178d70c09a573342dc8a8bccd852fd6e,2023-01,Norfolk Constabulary,Norfolk Constabulary,1.247854,52.640782,On or near ,E01026864,Norwich 006B,Unable to prosecute suspect
898be30f411cea570feb459a7207fc5ad9eded837ae36cf4e845561d0c116644,2023-01,Norfolk Constabulary,Norfolk Constabulary,1.346694,52.566897,On or near Saxonfields,E01026928,South Norfolk 006E,Unable to prosecute suspect
26aaa42744845606a2b4fa86c0947720d374874f012f3241f56a0a8ea5caacfe,2023-01,Norfolk Constabulary,Norfolk Constabulary,1.356352,52.634922,On or near Eastern Avenue,E01026575,Broadland 016B,Unable to prosecute suspect
e4c3883943b3e6f064784872b0ba2a13817e644e94d5b5b448417eff0d569355,2023-01,Norfolk Constabulary,Norfolk Constabulary,1.729473,52.594456,On or near Barrack Road,E01026622,Great Yarmouth 006A,Investigation complete; no suspect identified
a1f0f7a41c39aeafe78bcd4bb8c506cc533fd11aeb12c69ced005ebc0bc4363c,2023-01,Norfolk Constabulary,Norfolk Constabulary,0.396417,52.757877,On or near St Ann's Street,E01026698,King's Lynn and West Norfolk 011A,Investigation complete; no suspect identified
82f440bf31224ed4fb4516acc39402c556a8ba84dbe46b71e684de062471313e,2023-01,Norfolk Constabulary,Norfolk Constabulary,1.451306,52.635717,On or near Lynes Close,E01026505,Broadland 014B,Unable to prosecute suspect
4d7b42e20ecea68d37f4ed7770baf20aedcee479d0ed39f3b16b8d05d2b5fb3d,2023-01,Norfolk Constabulary,Norfolk Constabulary,1.295166,52.628421,On or near Castle Meadow,E01026822,Norwich 007A,Local resolution
12716ce314dbdb491dcf89ec43339095a459acdb4bdc780750e85a209b014980,2023-01,Norfolk Constabulary,Norfolk Constabulary,1.030447,52.522559,On or near Appletree Close,E01026448,Breckland 013C,Unable to prosecute suspect
e2bdfc1b188785c1d6b3f99a2e53c5380ab0d90ecd0d3ebbfeed3c5f4caa1162,2023-01,Norfolk Constabulary,Norfolk Constabulary,1.283264,52.630353,On or near Paragon Place,E01026824,Norwich 007C,Unable to prosecute suspect
ccc2dfab8206afd84fdc15e9585f6c1cd42e90431217a08dd0c018e2bf159f2f,2023-01,Norfolk Constabulary,Norfolk Constabulary,1.267198,52.670594,On or near Bush Road,E01026526,Broadland 010A,Unable to prosecute suspect
cc45aac4d6bf6295945995bfe3042e16ad6bf6389a2dcc45d1db1d7e1a618467,2023-01,Norfolk Constabulary,Norfolk Constabulary,1.211579,52.944350,On or near Barchams Yard,E01026770,North Norfolk 001A,Investigation complete; no suspect identified
c0da58e0805c1ff43f4b317d5a47722a9f670ca2df47d413ae6fc5d2650a6486,2023-01,Norfolk Constabulary,Norfolk Constabulary,1.291049,52.627726,On or near ,E01026822,Norwich 007A,Investigation complete; no suspect identified
52ae7ccdc811f197223cd6cac41a091a25e0df08dec04090392c4526f3432fd9,2023-01,Norfolk Constabulary,Norfolk Constabulary,,,No location,,,Local resolution
fafd29867ad884e6df9da30e0f12879b7b2cda65a3dc78f85dff137ad3e68e1a,2023-01,Norfolk Constabulary,Norfolk Constabulary,1.001108,52.516742,On or near Honeysuckle Way,E01026447,Breckland 011C,Unable to prosecute suspect
8e9c7a20cfa68adac075c0634a66f872555b8c9df6df7db08773759620742f14,2023-01,Norfolk Constabulary,Norfolk Constabulary,0.398925,52.755516,On or near Paradise Lane,E01026698,King's Lynn and West Norfolk 011A,Local resolution
9bbc4c79c5e75afb2c396b0e32fc8cb5334730cd24baa5b57fbefb99b7d8678a,2023-01,Norfolk Constabulary,Norfolk Constabulary,1.210693,52.690072,On or near Harewood Drive,E01026563,Broadland 006B,Unable to prosecute suspect
d51795a537164ba2b10a8c90c3b937e2e0b61b51cb2e06ddf2b2e64813b1f454,2023-01,Norfolk Constabulary,Norfolk Constabulary,1.301095,52.629245,On or near ,E01033438,Norwich 014A,Unable to prosecute suspect
fc7b38b661ce75e020254bf690f4a5de98329ec38b1bdd3b025bb92fc3dc6c30,2023-01,Norfolk Constabulary,Norfolk Constabulary,,,No location,,,Investigation complete; no suspect identified
30ada63aafdbe9b50b95cec9310e24e72382a031f8f279bb223b50c1e9b68f3b,2023-01,Norfolk Constabulary,Norfolk Constabulary,1.311029,52.650193,On or near Templemere,E01026802,Norwich 001F,Unable to prosecute suspect
c3a9ec7eff8705473c4b02d454880f0c162c4b6479e72a0836ee65bb2a89db01,2023-01,Norfolk Constabulary,Norfolk Constabulary,1.301095,52.629245,On or near ,E01033438,Norwich 014A,Unable to prosecute suspect
4d98a5b9347e3bc1fee7a2084216531b643709f448b791129fcb92019183cbd8,2023-01,Norfolk Constabulary,Norfolk Constabulary,1.301095,52.629245,On or near ,E01033438,Norwich 014A,Unable to prosecute suspect
5c8d6c07739f84c122c2dd41d5d43eda1682186d33fa80a45ffd479070453d86,2023-01,Norfolk Constabulary,Norfolk Constabulary,0.399606,52.755771,On or near Norfolk Street,E01026698,King's Lynn and West Norfolk 011A,Unable to prosecute suspect
6ad578e2084c8a8a6f0fc89d3069187cddf070b94ae79fff3fc1e7560783fca0,2023-01,Norfolk Constabulary,Norfolk Constabulary,0.600503,52.588239,On or near The Street,E01026444,Breckland 012B,Unable to prosecute suspect
3d06d1d602951663d1f93d78e74e841dc3bd97aaea8435cdcc37e695cf5bc4d3,2023-01,Norfolk Constabulary,Norfolk Constabulary,1.303669,52.629075,On or near Stuart Gardens,E01033438,Norwich 014A,Unable to prosecute suspect
cc09d226ed1df9ff1e4c6828aea73b650a418ec182d5d82c988b94f3d3559223,2023-01,Norfolk Constabulary,Norfolk Constabulary,0.569333,52.695853,On or near Pentney Lane,E01026694,King's Lynn and West Norfolk 012D,Local resolution
cea021b6993f9e9218287e4cd3dc02fc72461996ae71b60bbd16808e0a7f63e1,2023-01,Norfolk Constabulary,Norfolk Constabulary,,,No location,,,Unable to prosecute suspect
6a5a65b965064433d786dfa36a62e9a6b73d03b10989d0f74f52cc2b463efa2a,2023-01,Norfolk Constabulary,Norfolk Constabulary,1.269093,52.629018,On or near ,E01026837,Norwich 009C,Unable to prosecute suspect
bd536eb43c13ebc7609f7ba5b55d7d1ce2a1cfade47d17e4aa77f7d7125a6fbf,2023-01,Norfolk Constabulary,Norfolk Constabulary,1.301095,52.629245,On or near ,E01033438,Norwich 014A,Unable to prosecute suspect
0deada4dc47eb4b6bbe59308f1c0652faf4a94f44445df4b69d9f6b2ebff5f95,2023-01,Norfolk Constabulary,Norfolk Constabulary,1.729492,52.606490,On or near Alexandra Road,E01026623,Great Yarmouth 006B,Offender given a caution
27d35edb90ce60f37c13c2e13ce1734aca6c1027ec5f06635db5b4cc92f83c04,2023-01,Norfolk Constabulary,Norfolk Constabulary,1.283918,52.631378,On or near Valentine Street,E01026824,Norwich 007C,Investigation complete; no suspect identified
7c39868891711d2530b8c08a6a34181c9937a5c0ea45cb4c987e33dbed6fe791,2023-01,Norfolk Constabulary,Norfolk Constabulary,1.302679,52.628095,On or near ,E01033439,Norwich 014B,Investigation complete; no suspect identified
cceae836b8125c4a99cdb76eece0aaea0483bdfcf473612d5c1a4cac98a690b4,2023-01,Norfolk Constabulary,Norfolk Constabulary,1.301095,52.629245,On or near ,E01033438,Norwich 014A,Unable to prosecute suspect
e5a2e1194d08d0af9f35a756aa3cf40d6062ccb3c8575a62ca3b1a9064bf1b11,2023-01,Norfolk Constabulary,Norfolk Constabulary,1.302627,52.628969,On or near Prince Of Wales Road,E01033438,Norwich 014A,Suspect charged
a4b1a09a793a194199c3d9aab4254364adc4ebb2dbba8ddc1da851633207b028,2023-01,Norfolk Constabulary,Norfolk Constabulary,1.732936,52.607029,On or near Albion Road,E01026623,Great Yarmouth 006B,Unable to prosecute suspect
945944df8200db5c934778def2f18a5f713bb415dc853cde820952e075f490ce,2023-01,Norfolk Constabulary,Norfolk Constabulary,1.252076,52.787331,On or near Wade Close,E01026499,Broadland 001A,Unable to prosecute suspect
790b6a518a9faf003d7c8d37cf70a46f24c770515e213d20888819869d8fcf7b,2023-01,Norfolk Constabulary,Norfolk Constabulary,0.691995,52.638007,On or near Carter Close,E01026458,Breckland 007D,Unable to prosecute suspect
f35c7acadca627f730daabbc3d2d73a5f9ede3b5286a38d77cccd20dfacd4fd1,2023-01,Norfolk Constabulary,Norfolk Constabulary,1.295157,52.629690,On or near ,E01026822,Norwich 007A,Suspect charged
c75932c06d8eea9cb8dfa569b4aa4d1919ed8a38593fae44042e9088a827376a,2023-01,Norfolk Constabulary,Norfolk Constabulary,1.291365,52.633707,On or near Rosemary Lane,E01026823,Norwich 007B,Unable to prosecute suspect
565f43d4e123f5d3d50d9be73732e7db1fa7bbbcd2d62cb05facadba77e0e3d1,2023-01,Norfolk Constabulary,Norfolk Constabulary,1.725284,52.607567,On or near ,E01026597,Great Yarmouth 005C,Investigation complete; no suspect identified
5d40082641be0f2cf761c3fb2f62510c24e7e92a9524a1bcd8ea05cc4b7d3137,2023-01,Norfolk Constabulary,Norfolk Constabulary,0.526091,52.766371,On or near Ashwicken Road,E01026674,King's Lynn and West Norfolk 012B,Unable to prosecute suspect
18294448b494cdafcbc50c7da47b8532c0c6de5c6e5b948687c99ed169f333d3,2023-01,Norfolk Constabulary,Norfolk Constabulary,0.432208,52.746403,On or near Clement Attlee Way,E01026662,King's Lynn and West Norfolk 010A,Investigation complete; no suspect identified
f573657045a27021106895f349910fe42ae997cb5004ce5a3691547605aafa8f,2023-01,Norfolk Constabulary,Norfolk Constabulary,0.396073,52.754575,On or near White Lion Court,E01026699,King's Lynn and West Norfolk 011B,Investigation complete; no suspect identified
7b84b07ee7e1485d9415ffe0a15cf1e4bdf5842dd23740274ac75dadeee79e4f,2023-01,Norfolk Constabulary,Norfolk Constabulary,0.404329,52.762680,On or near Anderson Close,E01026687,King's Lynn and West Norfolk 007A,Unable to prosecute suspect
93ba813ad12fa2673e0ac26754158e09c867bb718f37bd830bc25e9bf955cd7c,2023-01,Norfolk Constabulary,Norfolk Constabulary,0.432208,52.746403,On or near Clement Attlee Way,E01026662,King's Lynn and West Norfolk 010A,Unable to prosecute suspect
1fc9e1b79dea664c0230e7a0111556f504a5540aefeea14715c9eaca3730bad8,2023-01,Norfolk Constabulary,Norfolk Constabulary,1.298746,52.626316,On or near ,E01033440,Norwich 014C,Suspect charged
632a5c25ded6a5161c6a275c0bbfab284414f6d01e7ad4dea55930c77989759a,2023-01,Norfolk Constabulary,Norfolk Constabulary,1.235971,52.605205,On or near NEWMARKET ROAD,E01026881,South Norfolk 002A,Unable to prosecute suspect
632a5c25ded6a5161c6a275c0bbfab284414f6d01e7ad4dea55930c77989759a,2023-01,Norfolk Constabulary,Norfolk Constabulary,1.235971,52.605205,On or near NEWMARKET ROAD,E01026881,South Norfolk 002A,Unable to prosecute suspect
7bed969eba9e013d9cfadffc4081517681022e67c39fb98f091a41127567f1be,2023-01,Norfolk Constabulary,Norfolk Constabulary,1.295157,52.629690,On or near ,E01026822,Norwich 007A,Suspect charged
85670c5040efcd32eaea61f7262570be4515ddb508a46c05613fc7f20b5eda70,2023-01,Norfolk Constabulary,Norfolk Constabulary,1.286344,52.644216,On or near Waterloo Park Close,E01026830,Norwich 002C,Suspect charged
83581d2823fc641cfc37e6ccd48893ac0027a62d7a817bbb31df6fbbaabe74cd,2023-01,Norfolk Constabulary,Norfolk Constabulary,0.689238,52.642224,On or near Mill Lane,E01026457,Breckland 007C,Unable to prosecute suspect
c92921b9be58e343e4746bd9420cd8e87a0e48f78c008bd2b411dd952d79a313,2023-01,Norfolk Constabulary,Norfolk Constabulary,0.440582,52.768180,On or near Draycote Close,E01026673,King's Lynn and West Norfolk 006E,Investigation complete; no suspect identified
b1d6342558b6148cd5f9c6a6764a7d7527658a96afa8319a66c6e0f4eb1cef6f,2023-01,Norfolk Constabulary,Norfolk Constabulary,0.481272,52.749864,On or near ,E01026665,King's Lynn and West Norfolk 012A,Investigation complete; no suspect identified
92ec482a8cfc48590e0a566d4beafad2a0be0bf7ebbf053f20899bf1b1451683,2023-01,Norfolk Constabulary,Norfolk Constabulary,1.728116,52.579360,On or near Wightmans Lane,E01026632,Great Yarmouth 009E,Unable to prosecute suspect
226d58ee639bfac9338fd245e22b86e8121f75d4fb07423c657e841a5e9c46fa,2023-01,Norfolk Constabulary,Norfolk Constabulary,1.733633,52.600117,On or near Dagmar Mews,E01026626,Great Yarmouth 006E,Suspect charged
94cd91f1e617cd3738198d58e3a17419a872758fca1a53389459ba21495c76a4,2023-01,Norfolk Constabulary,Norfolk Constabulary,0.389561,52.671596,On or near Challis Close,E01026722,King's Lynn and West Norfolk 015C,Unable to prosecute suspect
c04b0bc5461e532bc21c7134561e10eb2c794276874e7383fc2e391ec94f5494,2023-01,Norfolk Constabulary,Norfolk Constabulary,0.402171,52.765754,On or near Walpole Road,E01026687,King's Lynn and West Norfolk 007A,Unable to prosecute suspect
719f955a98b2272577df7d169a7f16ef995f388341f03f2f9e05fd0f072d79c9,2023-01,Norfolk Constabulary,Norfolk Constabulary,1.308369,52.643945,On or near GILMAN ROAD,E01026844,Norwich 003D,Unable to prosecute suspect
d5aea7b1db66d4d64d779cc98846c5800bfd7bb21253a07c685ebf2a69f46094,2023-01,Norfolk Constabulary,Norfolk Constabulary,1.027198,52.521203,On or near Cawdor Close,E01026449,Breckland 011D,Unable to prosecute suspect
45b5de361a7677be51ede1dea8c902e4d5b4eb7530d6be9da61dc22a9be22d5f,2023-01,Norfolk Constabulary,Norfolk Constabulary,1.119262,52.558507,On or near GREEN LANE,E01026884,South Norfolk 007A,Unable to prosecute suspect
6fce72f1237e3abf65ed53af5dadb22b3170697b6da8770bf8397937f7874208,2023-01,Norfolk Constabulary,Norfolk Constabulary,0.400297,52.753788,On or near Old Market Street,E01026698,King's Lynn and West Norfolk 011A,Unable to prosecute suspect
e48538fc1866f57b8f19bc9cc2008331cdf87537a9c94c703f3e73584bf7e022,2023-01,Norfolk Constabulary,Norfolk Constabulary,1.720385,52.648728,On or near Belstead Avenue,E01026593,Great Yarmouth 003E,Unable to prosecute suspect
a4a1bc378a0d09df4fe212485e23ae209ca14568321ca7e75ee4f492ec137c86,2023-01,Norfolk Constabulary,Norfolk Constabulary,1.269359,52.665066,On or near Meadow Close,E01026532,Broadland 011C,Unable to prosecute suspect
bc22d0411cc38b1a159f8eed53dbae16571c8a68d93e2b5a45344f5ea1f4499c,2023-01,Norfolk Constabulary,Norfolk Constabulary,1.242425,52.635741,On or near Motum Road,E01026867,Norwich 006E,Unable to prosecute suspect
048bc7a4c60037b913be93d637914d827cc429770a2f7f4b436153583fccd17c,2023-01,Norfolk Constabulary,Norfolk Constabulary,1.720385,52.648728,On or near Belstead Avenue,E01026593,Great Yarmouth 003E,Unable to prosecute suspect
04400a81d460012e90ba28f835fe55805ac7e951b357c16f2c778e18906c5266,2023-01,Norfolk Constabulary,Norfolk Constabulary,1.720385,52.648728,On or near Belstead Avenue,E01026593,Great Yarmouth 003E,Unable to prosecute suspect
246624ebbcca6d5b396fbd55be0083193d1d1200859dd33b7b4ac83cf9ff45e0,2023-01,Norfolk Constabulary,Norfolk Constabulary,0.733530,52.418222,On or near Exeter Way,E01026467,Breckland 015C,Investigation complete; no suspect identified
cf81dd526168da34c2f40069d47a5467a13d1cf8ae8f3750029b5ff439d41115,2023-01,Norfolk Constabulary,Norfolk Constabulary,1.720385,52.648728,On or near Belstead Avenue,E01026593,Great Yarmouth 003E,Unable to prosecute suspect
c721ab7b1464d782a8b70effd453f26957be808f1b34fcc8ad2fff72edfeeaf4,2023-01,Norfolk Constabulary,Norfolk Constabulary,1.733633,52.600117,On or near Dagmar Mews,E01026626,Great Yarmouth 006E,Suspect charged
9df2c6b976e6a6787cef194fedff63597b32e78da1d4183c0d54fc3cfd39115b,2023-01,Norfolk Constabulary,Norfolk Constabulary,1.287859,52.628157,On or near Chapel Field North,E01026822,Norwich 007A,Unable to prosecute suspect
f317f5f4ac550eac1b7bb7bf0527990d5132f051f5d4b68044f6484d857fee82,2023-01,Norfolk Constabulary,Norfolk Constabulary,1.729492,52.606490,On or near Alexandra Road,E01026623,Great Yarmouth 006B,Unable to prosecute suspect
1d53cd1f4fa36509973d091c531e57893dd3840ed6801a48237bdd108e74e6a5,2023-01,Norfolk Constabulary,Norfolk Constabulary,1.292367,52.626970,On or near William Booth Street,E01026822,Norwich 007A,Unable to prosecute suspect
22717cfd337fbe42b1357e14bbd6e4c7303a873762c5e10df9089b3f77659b1a,2023-01,Norfolk Constabulary,Norfolk Constabulary,0.398447,52.748431,On or near Birdcage Walk,E01026700,King's Lynn and West Norfolk 011C,Investigation complete; no suspect identified
d3ab3a962fa37970ba420e16ee833c59342f00810ec149524aa23ba85fff5332,2023-01,Norfolk Constabulary,Norfolk Constabulary,1.281247,52.626308,On or near Oxford Street,E01033437,Norwich 011H,Suspect charged
5881c0eecb7fd7fd63a4b870102c8aaf68ddc739208de52df1d0f2e10ca3848f,2023-01,Norfolk Constabulary,Norfolk Constabulary,1.283216,52.642136,On or near Boot Binders Road,E01026829,Norwich 002B,Unable to prosecute suspect
77290a69bf423b04e043f657087e27e819e26fcb4f5d4eff11a10d74da051d4e,2023-01,Norfolk Constabulary,Norfolk Constabulary,1.295828,52.627009,On or near ,E01026822,Norwich 007A,Suspect charged
2239ef487805ce30e5fe50c49b55e2d6dd89c4f23a735802d5bbdbc4d1e25c9b,2023-01,Norfolk Constabulary,Norfolk Constabulary,1.508097,52.522564,On or near Preston Lane,E01026899,South Norfolk 010B,Formal action is not in the public interest
7e903bb5355fcbbc1f0722418cf99a5d8fd909cc7c2fd65fa5c1b709966164ec,2023-01,Norfolk Constabulary,Norfolk Constabulary,1.464028,52.673022,On or near Hulver Road,E01026504,Broadland 014A,Unable to prosecute suspect
4998b2763dba675c726a27ab85c2a6743ee90ec86c09017b692a53e77b6ddd5e,2023-01,Norfolk Constabulary,Norfolk Constabulary,1.208107,52.647756,On or near East Hills Road,E01026925,South Norfolk 001F,Unable to prosecute suspect
db3220713da0afd94f2705c70ce0ae535da4218caad56dd9b679e54aa731ff5d,2023-01,Norfolk Constabulary,Norfolk Constabulary,0.928579,52.676726,On or near Bluebell Close,E01026454,Breckland 004D,Unable to prosecute suspect
aec1821e5bc3849c9ddaff1a2cba6d34ab48bfecee1c24ddfecf2fae28b82cfe,2023-01,Norfolk Constabulary,Norfolk Constabulary,1.309622,52.633522,On or near Bishop Bridge Road,E01033438,Norwich 014A,Investigation complete; no suspect identified
a94cdfc37a7fd0e5f48f08a692a9d3a1912806516d371a12dc56c8d5c13fd036,2023-01,Norfolk Constabulary,Norfolk Constabulary,1.718818,52.613554,On or near ,E01026597,Great Yarmouth 005C,Local resolution
a94cdfc37a7fd0e5f48f08a692a9d3a1912806516d371a12dc56c8d5c13fd036,2023-01,Norfolk Constabulary,Norfolk Constabulary,1.718818,52.613554,On or near ,E01026597,Great Yarmouth 005C,Local resolution
b2c5813fee2f2ce8f72d7a6a76ac413495a7131fa00e3c0424c43fcbd841627d,2023-01,Norfolk Constabulary,Norfolk Constabulary,1.012579,52.516633,On or near ,E01026449,Breckland 011D,Investigation complete; no suspect identified
991c11c99287f163be8bea0194aafdee845cc4723aeeb14770a72650f9000513,2023-01,Norfolk Constabulary,Norfolk Constabulary,0.403860,52.748249,On or near Windsor Road,E01026700,King's Lynn and West Norfolk 011C,Unable to prosecute suspect
abbea473ecbbb0252970f95af039490dbfe7e4afaeefbb73c83014aabc97cdbc,2023-01,Norfolk Constabulary,Norfolk Constabulary,1.208107,52.647756,On or near East Hills Road,E01026925,South Norfolk 001F,Unable to prosecute suspect
511f6007cc73c23e30bed0e7f837c458ca8ce20a7340d0fbbe16dacb73759ddf,2023-01,Norfolk Constabulary,Norfolk Constabulary,1.292367,52.626970,On or near William Booth Street,E01026822,Norwich 007A,Unable to prosecute suspect
1a5d40d817ce05611816dcbc5106250f1db92529f00b24f85ef815f44516c5d2,2023-01,Norfolk Constabulary,Norfolk Constabulary,1.721103,52.585293,On or near Humberstone Road,E01026600,Great Yarmouth 007A,Unable to prosecute suspect
6cd0efef0cfe8f589a1d77d3d029106b5cd6c131be7efea273fd138ff7a63c8c,2023-01,Norfolk Constabulary,Norfolk Constabulary,0.385213,52.525945,On or near Recreation Drive,E01026652,King's Lynn and West Norfolk 019E,Investigation complete; no suspect identified
7e1c1aa3ac8f35ef3ad3da4e1a8293e8c23f74ccb46c556aee5e5867f047402f,2023-01,Norfolk Constabulary,Norfolk Constabulary,1.292367,52.626970,On or near William Booth Street,E01026822,Norwich 007A,Suspect charged
7e1c1aa3ac8f35ef3ad3da4e1a8293e8c23f74ccb46c556aee5e5867f047402f,2023-01,Norfolk Constabulary,Norfolk Constabulary,1.292367,52.626970,On or near William Booth Street,E01026822,Norwich 007A,Suspect charged
ab14e00580c0cb281269708ce2d2b976a3c8f1ba19b8481737d33f1145392503,2023-01,Norfolk Constabulary,Norfolk Constabulary,1.294939,52.633860,On or near Balderston Court,E01026826,Norwich 007E,Unable to prosecute suspect
4a37914d01bd5b2a72eb1740855c383b4e7909fb39f95c13aeca0f526eb3fb36,2023-01,Norfolk Constabulary,Norfolk Constabulary,1.335306,52.643522,On or near Noble Close,E01026803,Norwich 004A,Unable to prosecute suspect
767590867c78f71144ffa6446d0b299e9c371c5bf9643e20e7ea7ab593b5c2cd,2023-01,Norfolk Constabulary,Norfolk Constabulary,1.232658,52.634597,On or near Langton Close,E01026793,Norwich 005C,Unable to prosecute suspect
047917fd87e6755415aabf7ba058c1e2707debc2ecb6d0569c140b4f0bc8bc17,2023-01,Norfolk Constabulary,Norfolk Constabulary,1.517687,52.770761,On or near Chapel Court,E01026776,North Norfolk 013C,Further investigation is not in the public interest
e90beca08b2f8b3d9612ea1f2a208cfbb8922365b982e2f4a74e43c5bbbe7b93,2023-01,Norfolk Constabulary,Norfolk Constabulary,0.403240,52.763359,On or near Turbus Road,E01026688,King's Lynn and West Norfolk 007B,Unable to prosecute suspect
612a3522c04a1d91634e4b582550ba055d848a6abc4ff9e5225e8ced0b58263e,2023-01,Norfolk Constabulary,Norfolk Constabulary,1.294939,52.633860,On or near Balderston Court,E01026826,Norwich 007E,Unable to prosecute suspect
dd23fd2d1a687315996fa5eb9aca83a277aa1f4747764e3199d2ed2b65a1109c,2023-01,Norfolk Constabulary,Norfolk Constabulary,0.489378,52.942953,On or near Lincoln Square South,E01026682,King's Lynn and West Norfolk 001C,Unable to prosecute suspect
1dd98ad9670e2637229cd2a3916513a73f324dc435d51fe8d5652b7bd1c3b333,2023-01,Norfolk Constabulary,Norfolk Constabulary,1.211298,52.640862,On or near Thurlby Road,E01026794,Norwich 005D,Investigation complete; no suspect identified
2062a72a1218b2ac3e2a7ffc015e869309a69a76d11835868a30a365f465af0f,2023-01,Norfolk Constabulary,Norfolk Constabulary,1.110956,52.762098,On or near Back Street,E01026547,Broadland 002E,Unable to prosecute suspect
ff721bb81a45251b068c418772ecf4722ea19537cc5ccdf2ee2a3862ad46f5fc,2023-01,Norfolk Constabulary,Norfolk Constabulary,1.250030,52.621692,On or near Ruskin Road,E01026860,Norwich 010C,Investigation complete; no suspect identified
fe2140a1196696e7b2d539ce1da05dfa7123d03237f9b1ac52693cbcf3416323,2023-01,Norfolk Constabulary,Norfolk Constabulary,1.241196,52.790822,On or near Charles Ewing Close,E01026502,Broadland 001D,Investigation complete; no suspect identified
87e3711d745c9f7c1464c9062ff9a8564d76608525e72ae75e7b1e9a1e1cd804,2023-01,Norfolk Constabulary,Norfolk Constabulary,0.399679,52.746320,On or near Ethel Terrace,E01026700,King's Lynn and West Norfolk 011C,Suspect charged
ccb93cb2f765c8cff74712a20f10e62e2db3f649f19a7744275a877adf6be69e,2023-01,Norfolk Constabulary,Norfolk Constabulary,0.856313,52.954919,On or near Northfield Avenue,E01026763,North Norfolk 002B,Suspect charged
17620938d58c251f09c8dfda915c6d701ebf086ca42edda7111df2a728abcec4,2023-01,Norfolk Constabulary,Norfolk Constabulary,1.516687,52.775459,On or near Bullemer Close,E01026775,North Norfolk 013B,Investigation complete; no suspect identified
71142de00859ce0507c6b1f8e15b18fb0ea8142149d49b9b1da2445ea3b36322,2023-01,Norfolk Constabulary,Norfolk Constabulary,0.396073,52.754575,On or near White Lion Court,E01026699,King's Lynn and West Norfolk 011B,Unable to prosecute suspect
eda06e992697eac022a8200874dd7af716ee5d0a9c69f62dcab4d68734407f8f,2023-01,Norfolk Constabulary,Norfolk Constabulary,1.515648,52.770892,On or near ,E01026776,North Norfolk 013C,Unable to prosecute suspect
4b5b072cec203cee22515398f296faa50845a13dee2916f3159ff2c262e887a3,2023-01,Norfolk Constabulary,Norfolk Constabulary,0.403240,52.763359,On or near Turbus Road,E01026688,King's Lynn and West Norfolk 007B,Unable to prosecute suspect
8b5c5d24598e7cf299888cbaf0115011c1249db3f49d74296b375eb4af065a7f,2023-01,Norfolk Constabulary,Norfolk Constabulary,0.692512,52.639452,On or near Lee Warner Road,E01026458,Breckland 007D,Unable to prosecute suspect
bddccf26116f5c64843e7241a301bbed67cfb53fedfd9668e4f1c3a4f02d7df6,2023-01,Norfolk Constabulary,Norfolk Constabulary,1.300676,52.619355,On or near Bellville Crescent,E01026816,Norwich 013A,Investigation complete; no suspect identified
1eeac5d543c25a3a081a79e967d325102d2a80f3233a9104629bad9319a0b029,2023-01,Norfolk Constabulary,Norfolk Constabulary,1.517687,52.770761,On or near Chapel Court,E01026776,North Norfolk 013C,Further investigation is not in the public interest
90e30ea80af82810a9ddc16e3f4e51b5d34259bc12c31f3b7fe002c04af54000,2023-01,Norfolk Constabulary,Norfolk Constabulary,1.282798,52.601235,On or near Neatmarket,E01026821,Norwich 013F,Investigation complete; no suspect identified
f9d827d00c558f0c584b3f6662294c745295dda9d0bb3f75b734c739e99c9012,2023-01,Norfolk Constabulary,Norfolk Constabulary,1.305033,52.928574,On or near Ashdown Court,E01026778,North Norfolk 003E,Investigation complete; no suspect identified
de966a2300d24f50bbe3977f312f2299e8066c72dbd41f75ab8adcac42c24df1,2023-01,Norfolk Constabulary,Norfolk Constabulary,1.286056,52.632101,On or near ,E01026822,Norwich 007A,Unable to prosecute suspect
8549eeab219a228a2848cbfee00ba9a37703555b46cb203694922dcec732d3ec,2023-01,Norfolk Constabulary,Norfolk Constabulary,1.308572,52.666207,On or near Lovett Close,E01026542,Broadland 009C,Investigation complete; no suspect identified
f2b33c5f3c0cf0193ec897bba60e7ac0f57da8eddc83ac749c0e33ab3a1b9296,2023-01,Norfolk Constabulary,Norfolk Constabulary,1.725625,52.611757,On or near Whitehorse Plain,E01026597,Great Yarmouth 005C,Investigation complete; no suspect identified
a1ef8067cd3c57012e43029c1d57c56b63d3043b878557ded7dc291207c3bf4f,2023-01,Norfolk Constabulary,Norfolk Constabulary,0.399013,52.754417,On or near ,E01026698,King's Lynn and West Norfolk 011A,Investigation complete; no suspect identified
ac930250e309f33eccd18b34670e5753cf4935381d2739a6fc62e928ae22f865,2023-01,Norfolk Constabulary,Norfolk Constabulary,1.224288,52.633953,On or near Saxoncote Avenue,E01033436,Norwich 005H,Investigation complete; no suspect identified
47ac58cc67526d8939655f247057e5247c1752c24dc4d1223c2197cbbd4a19f1,2023-01,Norfolk Constabulary,Norfolk Constabulary,0.375336,52.601576,On or near St Winnold Close,E01033039,King's Lynn and West Norfolk 017H,Investigation complete; no suspect identified
fc6c980cc081a2abf79b3fe0b61a11298917127776b58f3b61e757dd0e1c0e08,2023-01,Norfolk Constabulary,Norfolk Constabulary,1.448246,52.618061,On or near ST ANNES CLOSE,E01026510,Broadland 017C,Unable to prosecute suspect
3cccaf093ac1989db31e180672e9d44d8da178a3e8c07369f8d9b648efeb3a32,2023-01,Norfolk Constabulary,Norfolk Constabulary,1.717486,52.594707,On or near Owen Road,E01026633,Great Yarmouth 007B,Investigation complete; no suspect identified
ca0fbe976c30d0bcd546ff92375b4c18867190edb31f123016920f02ee3e8453,2023-01,Norfolk Constabulary,Norfolk Constabulary,0.769198,52.426223,On or near Hatchett Way,E01026493,Breckland 012D,Investigation complete; no suspect identified
96f9dc1cfa1f22b8b00b178c7779fe15cbdbf70ffcf21935c18378c8a22c2f38,2023-01,Norfolk Constabulary,Norfolk Constabulary,1.292894,52.629069,On or near Guildhall Hill,E01026822,Norwich 007A,Suspect charged
65cd122ff8be9c4cd0810a2979270890e2734983c7a957489598e3f5f505042f,2023-01,Norfolk Constabulary,Norfolk Constabulary,1.293348,52.932658,On or near Alfred Road,E01026734,North Norfolk 003A,Unable to prosecute suspect
f4701a8aea371801404ddd8ec97ff2445fbe9cf6af6b7ff77652ff623bda6deb,2023-01,Norfolk Constabulary,Norfolk Constabulary,0.786192,52.599777,On or near WATTON ROAD,E01026496,Breckland 008E,Action to be taken by another organisation
24226c241de556e0a435697a840f6636fb8974bc4c6601bdbdd74c65f88d2f52,2023-01,Norfolk Constabulary,Norfolk Constabulary,1.728620,52.613264,On or near West Road,E01026595,Great Yarmouth 005A,Investigation complete; no suspect identified
4229b7783b3acec6b039912eed4692788f11430b60e388aa168bca773004961a,2023-01,Norfolk Constabulary,Norfolk Constabulary,0.404329,52.762680,On or near Anderson Close,E01026687,King's Lynn and West Norfolk 007A,Unable to prosecute suspect
62b14d5bf4fdae3ff7fc5760cf8c8eddafabbef05034fa28ff81389e418b605d,2023-01,Norfolk Constabulary,Norfolk Constabulary,1.728620,52.613264,On or near West Road,E01026595,Great Yarmouth 005A,Investigation complete; no suspect identified
a20a501010bf1d76a2248c3d6941e073c225ef3f2b80da5058144ab17dd1cbb7,2023-01,Norfolk Constabulary,Norfolk Constabulary,0.941109,52.683529,On or near ,E01026429,Breckland 003B,Unable to prosecute suspect
2717bb3ebc6ff2b6fc6177107434be2931ac3b8a369c124cf009970c0112201e,2023-01,Norfolk Constabulary,Norfolk Constabulary,0.941109,52.683529,On or near ,E01026429,Breckland 003B,Unable to prosecute suspect
c638f5dcf34569bed789cad3c5ee65f911e033c7f68c6fa7756a10a4d87bbcc8,2023-01,Norfolk Constabulary,Norfolk Constabulary,1.125462,52.379500,On or near Partridge Rise,E01033539,South Norfolk 015G,Unable to prosecute suspect
5ae5b428c116b294c7f3d9b1b5a091242018aff3038c8cb390904ce881ec37f7,2023-01,Norfolk Constabulary,Norfolk Constabulary,0.207454,52.598045,On or near Hall Bridge Road,E01026715,King's Lynn and West Norfolk 016D,Unable to prosecute suspect
2ff5ae2c5d9e309b6b19e8143ff65700077b272fbd4b027c4a52ee65c146d341,2023-01,Norfolk Constabulary,Norfolk Constabulary,0.850899,52.950256,On or near Market Lane,E01026764,North Norfolk 002C,Investigation complete; no suspect identified
b54af16e8274d3c7795a6894e6e8d722ad14b28b5dfaf7a67e64a29399848285,2023-01,Norfolk Constabulary,Norfolk Constabulary,1.284249,52.632646,On or near ,E01026824,Norwich 007C,Unable to prosecute suspect
40b4c04750a78a16bec55ec68e12b6eb2c848a6e8241ab00f0440479b33f3df1,2023-01,Norfolk Constabulary,Norfolk Constabulary,1.534802,52.814845,On or near Whimpwell Street,E01026740,North Norfolk 012A,Unable to prosecute suspect
d8774ce610fe5a7eb07d15887e84ee3c9e22c16578246f9f2d1319467a105627,2023-01,Norfolk Constabulary,Norfolk Constabulary,1.718659,52.602271,On or near TAMWORTH LANE,E01026634,Great Yarmouth 007C,Formal action is not in the public interest
4d3dd1a635d5f07a679c4ecb3ae10bd01481205d37556bd1197ec42c5e533565,2023-01,Norfolk Constabulary,Norfolk Constabulary,0.597447,52.614185,On or near ,E01026444,Breckland 012B,Investigation complete; no suspect identified
b781a4b02a73ece45b66c3e30a4bf723eaff73e160b6c4181aee9e1bb737f7a7,2023-01,Norfolk Constabulary,Norfolk Constabulary,1.724518,52.556798,On or near Mariner's Close,E01026612,Great Yarmouth 010C,Investigation complete; no suspect identified
596524a6faa460b6ed5cfba481bc9f8425daf660bc3e5cca9c5303dcb601792e,2023-01,Norfolk Constabulary,Norfolk Constabulary,1.352137,52.728361,On or near St Margaret's Close,E01026517,Broadland 003D,Unable to prosecute suspect
cc4e8e9a4802e1de58978bc1b6a70b3c097d90b4482e9606ebed145c09dc4595,2023-01,Norfolk Constabulary,Norfolk Constabulary,0.307774,52.581395,On or near Birchfield Road,E01026717,King's Lynn and West Norfolk 016F,Unable to prosecute suspect
7f9e10a360af812d60ca08d07765084872463386be90caf2c33f7852ee86e368,2023-01,Norfolk Constabulary,Norfolk Constabulary,1.304167,52.928158,On or near Cliff Avenue,E01026778,North Norfolk 003E,Investigation complete; no suspect identified
a28682f347d65fcba937576a46cfdeceb7a0c1d4ae3e5977b473ff5a015e3627,2023-01,Norfolk Constabulary,Norfolk Constabulary,1.687024,52.579893,On or near Lord's Lane,E01026587,Great Yarmouth 013C,Unable to prosecute suspect
26171900e11ad3661aa9ef38d51e37a9d9adaaa57098a7771e58702a68ccf14a,2023-01,Norfolk Constabulary,Norfolk Constabulary,1.295157,52.629690,On or near ,E01026822,Norwich 007A,Investigation complete; no suspect identified
fe5b0307761e2e93d5326bd024de8773605f5d09f292ee32cea7ba0533d74947,2023-01,Norfolk Constabulary,Norfolk Constabulary,0.559220,52.746346,On or near Grove Gardens,E01026665,King's Lynn and West Norfolk 012A,Investigation complete; no suspect identified
2938eb660f1b1da85a9b30058eac7ea3231f78d4dd3a7c4e2805c20bc0a52dc5,2023-01,Norfolk Constabulary,Norfolk Constabulary,,,No location,,,Investigation complete; no suspect identified
648f09902b68ad2e5725799c56ba0e99e09aa8139031a0c7df93ad068d19069a,2023-01,Norfolk Constabulary,Norfolk Constabulary,0.512890,52.572974,On or near Indigo Road,E01026728,King's Lynn and West Norfolk 018C,Unable to prosecute suspect
487d56cfa3025a5482c5f289f57e8518b71246990fd3e74706a0de5337484e09,2023-01,Norfolk Constabulary,Norfolk Constabulary,0.381842,52.742840,On or near ,E01026705,King's Lynn and West Norfolk 011E,Suspect charged
b5a0bc4636ff82c8c3edd852b566db655f033912cdeed3ad6be2454e0dcf77a9,2023-01,Norfolk Constabulary,Norfolk Constabulary,0.435344,52.783232,On or near Castle Acre Close,E01026709,King's Lynn and West Norfolk 005D,Investigation complete; no suspect identified
f69ec999a844600740dbf962bbe10d4b2cd111822bada0700c052c96614d9368,2023-01,Norfolk Constabulary,Norfolk Constabulary,1.255735,52.633434,On or near Ivy Road,E01026865,Norwich 006C,Investigation complete; no suspect identified
d116ccb7d391150da4b6a3aaae715092ad69d662ddc9f78bdfdd16898a373373,2023-01,Norfolk Constabulary,Norfolk Constabulary,,,No location,,,Investigation complete; no suspect identified
29d6a820d2c441a7ec98b4c7e44cd6802e076ea2b121e43a90678c8097ecbd96,2023-01,Norfolk Constabulary,Norfolk Constabulary,1.287180,52.630928,On or near Ten Bell Lane,E01026822,Norwich 007A,Investigation complete; no suspect identified
951f16252574d9418f26623b5fea21eedf90e6ac1cc982fb1a431dcf93ed6442,2023-01,Norfolk Constabulary,Norfolk Constabulary,1.284264,52.633041,On or near Lothian Street,E01026824,Norwich 007C,Unable to prosecute suspect
60ad0ee9f33ae955ec02b71bab6143f116c529b3f6945387ac3b4112b20ad507,2023-01,Norfolk Constabulary,Norfolk Constabulary,0.953666,52.540176,On or near Watton Road,E01026419,Breckland 010A,Investigation complete; no suspect identified
01f8159c3f198d2c9b364701924a32589ad8e8f5263d7a8079f6d7b4ece3a507,2023-01,Norfolk Constabulary,Norfolk Constabulary,1.291732,52.629542,On or near Lower Goat Lane,E01026822,Norwich 007A,Unable to prosecute suspect
5ef98077a08e577d5975ec50ba9b7f1fce11aeeeab7cc94be93306e2d8fe0c96,2023-01,Norfolk Constabulary,Norfolk Constabulary,1.727568,52.604716,On or near Yarmouth Way,E01026624,Great Yarmouth 006C,Investigation complete; no suspect identified
c2a8f42c64463108093703bdc0244771f69beac8469fd3d9338ebaab085a60ac,2023-01,Norfolk Constabulary,Norfolk Constabulary,0.403916,52.749534,On or near Seven Sisters Close,E01026699,King's Lynn and West Norfolk 011B,Unable to prosecute suspect
a534a86263e2414edf6c4706dba02255fa3ef109bf13dd6183f821e1465a9c01,2023-01,Norfolk Constabulary,Norfolk Constabulary,0.395023,52.737872,On or near Sydney Terrace,E01026704,King's Lynn and West Norfolk 011D,Suspect charged
139c5b4f33398d22c91da6537f6f069e01cfd9f46b31eb709bb7bd6c57275695,2023-01,Norfolk Constabulary,Norfolk Constabulary,0.400543,52.758522,On or near George Street,E01026689,King's Lynn and West Norfolk 007C,Unable to prosecute suspect
c74b05da0ddcbb252edf5d464ddb2084c375454f4f4c5ea0e7a67501875c34e7,2023-01,Norfolk Constabulary,Norfolk Constabulary,0.394469,52.754796,On or near Purfleet,E01026698,King's Lynn and West Norfolk 011A,Unable to prosecute suspect
c38d84a2ef56c1c5587621994ce0bca98f449aed74382b6032094f311482bf74,2023-01,Norfolk Constabulary,Norfolk Constabulary,1.732866,52.602570,On or near St Peter's Road,E01026624,Great Yarmouth 006C,Suspect charged
cfa0a1f5f029f8b2fb740d5e22ef5125e33daa5d7fb896e1c900e1cb16fc0221,2023-01,Norfolk Constabulary,Norfolk Constabulary,1.728874,52.599233,On or near Mariners' Road,E01026626,Great Yarmouth 006E,Unable to prosecute suspect
9216be5becb58b1c5ff28ae3a2c92db8398ac5f938d1918513cb46c6caecfdf7,2023-01,Norfolk Constabulary,Norfolk Constabulary,1.301700,52.636684,On or near ,E01026826,Norwich 007E,Unable to prosecute suspect
9216be5becb58b1c5ff28ae3a2c92db8398ac5f938d1918513cb46c6caecfdf7,2023-01,Norfolk Constabulary,Norfolk Constabulary,1.301700,52.636684,On or near ,E01026826,Norwich 007E,Unable to prosecute suspect
8c3979411295028a7646c6f043bd658dc879c9aa6aa302d386b0884e9222d599,2023-01,Norfolk Constabulary,Norfolk Constabulary,1.734222,52.616586,On or near GREAT NORTHERN CLOSE,E01026595,Great Yarmouth 005A,Unable to prosecute suspect
7d528d53bedb1e2eb7026dc6e58f592d8a55b387f11ab23cd7ab0cc1e15bba1c,2023-01,Norfolk Constabulary,Norfolk Constabulary,1.732666,52.599176,On or near Albert Road,E01026626,Great Yarmouth 006E,Suspect charged
0ca5f69a4f8dba818d46d6e0390e1b67249d14f03e764965d3e21f211f5d5a08,2023-01,Norfolk Constabulary,Norfolk Constabulary,1.207435,52.647865,On or near Johnson Close,E01026925,South Norfolk 001F,Unable to prosecute suspect
6b5e4aa6f54759a00b28ce5bca4d89f1fb44441c012dd7ee5e0d5d4042c1abd7,2023-01,Norfolk Constabulary,Norfolk Constabulary,1.302627,52.628969,On or near Prince Of Wales Road,E01033438,Norwich 014A,Investigation complete; no suspect identified
99abe999fdceff667fdce6cb658e8dc32ed65f170f7a7920c5586b61885b2d9c,2023-01,Norfolk Constabulary,Norfolk Constabulary,1.286289,52.629298,On or near Upper St Giles Street,E01026822,Norwich 007A,Investigation complete; no suspect identified
e79e38fc145cfe1f3b97a93b7918ec3446781582c2dc430a7a31291142287ec7,2023-01,Norfolk Constabulary,Norfolk Constabulary,0.418897,52.757816,On or near Helena Anderson Court,E01026693,King's Lynn and West Norfolk 009D,Suspect charged
f2b4b710b4d5e3cf1881708804b43b1144e5194bb4f97d202cefd091bb525b18,2023-01,Norfolk Constabulary,Norfolk Constabulary,1.727723,52.626352,On or near Caister Road,E01026640,Great Yarmouth 004C,Unable to prosecute suspect
f2b4b710b4d5e3cf1881708804b43b1144e5194bb4f97d202cefd091bb525b18,2023-01,Norfolk Constabulary,Norfolk Constabulary,1.727723,52.626352,On or near Caister Road,E01026640,Great Yarmouth 004C,Unable to prosecute suspect
b9b2bfeac56b348a8861e9207d322bb4b0345b47cbc4089d54c870b856155270,2023-01,Norfolk Constabulary,Norfolk Constabulary,1.727723,52.626352,On or near Caister Road,E01026640,Great Yarmouth 004C,Unable to prosecute suspect
b9b2bfeac56b348a8861e9207d322bb4b0345b47cbc4089d54c870b856155270,2023-01,Norfolk Constabulary,Norfolk Constabulary,1.727723,52.626352,On or near Caister Road,E01026640,Great Yarmouth 004C,Unable to prosecute suspect
4e9dd560053ee5b27ab70cbd1c7a77806cfc3e0f4f6a61fd02b6420654d1b900,2023-01,Norfolk Constabulary,Norfolk Constabulary,1.207435,52.647865,On or near Johnson Close,E01026925,South Norfolk 001F,Unable to prosecute suspect
844793085676169598bfe82de75ae6a121b0277d24ffa78ff5e0a3023fc06c18,2023-01,Norfolk Constabulary,Norfolk Constabulary,1.289681,52.648495,On or near Rackham Road,E01026800,Norwich 001D,Suspect charged
f902e759ad17c660747bcb696dd674b489e111ddd5ee85993afd1723f2704fe2,2023-01,Norfolk Constabulary,Norfolk Constabulary,0.433951,52.746044,On or near Mellisham Walk,E01026662,King's Lynn and West Norfolk 010A,Unable to prosecute suspect
892ef165acc1846a61e066dfe199e1ce352216dba46e854cda1d116c313af92e,2023-01,Norfolk Constabulary,Norfolk Constabulary,0.685825,52.647068,On or near Whitsands Mews,E01026455,Breckland 007A,Unable to prosecute suspect
fe9c65a56ad35cf3b07730e9e7bfb17f4af35859e164a4c7ff6e4bf4cb3ae8c1,2023-01,Norfolk Constabulary,Norfolk Constabulary,1.251447,52.662502,On or near Hamond Road,E01026529,Broadland 010D,Unable to prosecute suspect
e37c1eaeb5d6e0f1d2f7522de438c8f3d7855ea79f788afa6c254dec29cdc988,2023-01,Norfolk Constabulary,Norfolk Constabulary,1.251447,52.662502,On or near Hamond Road,E01026529,Broadland 010D,Unable to prosecute suspect
c74bfc88f3655e63083d75d7a7995346375dccd06ab3428ff0bc972faa563868,2023-01,Norfolk Constabulary,Norfolk Constabulary,1.285568,52.663637,On or near Spencer Road,E01026797,Norwich 001A,Unable to prosecute suspect
ffa5fd57a076aaa3e7c31496572c510fc291530606727f7685e2ae36187f33cf,2023-01,Norfolk Constabulary,Norfolk Constabulary,1.476785,52.848596,On or near Gooch Close,E01026752,North Norfolk 007D,Unable to prosecute suspect
c402a0702ff8374a55791847b44cd739af8069aa92c64e1035f57121345ff7c9,2023-01,Norfolk Constabulary,Norfolk Constabulary,1.285568,52.663637,On or near Spencer Road,E01026797,Norwich 001A,Unable to prosecute suspect
32419bcf324f36cb4e7ae2cea44edc84693604d4d1aea10f5a766f12024a02bf,2023-01,Norfolk Constabulary,Norfolk Constabulary,1.285568,52.663637,On or near Spencer Road,E01026797,Norwich 001A,Unable to prosecute suspect
c56f3f5ae0b5f0f980df8688b2a3d5a0755a9e68183fb398cf74d1a1ac157ed8,2023-01,Norfolk Constabulary,Norfolk Constabulary,1.476785,52.848596,On or near Gooch Close,E01026752,North Norfolk 007D,Unable to prosecute suspect
10c11153ad568ab1b87c7dfdf8fd67461f6514a37f271d5ed91f9b92a781d89d,2023-01,Norfolk Constabulary,Norfolk Constabulary,1.279808,52.636501,On or near Clifton Street,E01026827,Norwich 007F,Unable to prosecute suspect
2743510c2bd56ce7e495df00f1cdd87145af5eb321c7c46016675b07dc4d0d70,2023-01,Norfolk Constabulary,Norfolk Constabulary,0.943553,52.390712,On or near Thomas Bole Close,E01026441,Breckland 014C,Unable to prosecute suspect
caf94c20bd6281ed4268c4d1407db7a45158a2c0aaf4defa1ff61f2c89dc13e3,2023-01,Norfolk Constabulary,Norfolk Constabulary,1.728242,52.601699,On or near Burleigh Close,E01026625,Great Yarmouth 006D,Suspect charged
caf94c20bd6281ed4268c4d1407db7a45158a2c0aaf4defa1ff61f2c89dc13e3,2023-01,Norfolk Constabulary,Norfolk Constabulary,1.728242,52.601699,On or near Burleigh Close,E01026625,Great Yarmouth 006D,Suspect charged
b81d66a5a602cc018da0ba9e44b1fa4fb2d09d888448abe9fe5f4f752b237464,2023-01,Norfolk Constabulary,Norfolk Constabulary,1.305263,52.625909,On or near ,E01033439,Norwich 014B,Suspect charged
42ccd19e55c2d9a5336623332297945413d4b17ff71cb31fc64bb5b6a3460321,2023-01,Norfolk Constabulary,Norfolk Constabulary,0.441535,52.777521,On or near Oak Avenue,E01026709,King's Lynn and West Norfolk 005D,Suspect charged
d66690294665a8ab4c2550c968040fdd0a38e1a7bf7ee7a179bc4c2bba6b5d6a,2023-01,Norfolk Constabulary,Norfolk Constabulary,0.394469,52.754796,On or near Purfleet,E01026698,King's Lynn and West Norfolk 011A,Unable to prosecute suspect
3268a7d3226ebe811c10e1648cc42f665da9ff8155df13cc6fd13f0d3055a9ab,2023-01,Norfolk Constabulary,Norfolk Constabulary,1.297239,52.631026,On or near Princes Street,E01033438,Norwich 014A,Unable to prosecute suspect
6bc166d1d45765b7b5b9b32565be6a2d3373beaea7afa2ed182f385bcce1cf6e,2023-01,Norfolk Constabulary,Norfolk Constabulary,0.418953,52.719510,On or near Freebridge Haven,E01026724,King's Lynn and West Norfolk 014E,Unable to prosecute suspect
2e9ca47fa997f45a7827df4a2663513483ecfa9d29c12dc28214f5124c970823,2023-01,Norfolk Constabulary,Norfolk Constabulary,1.270992,52.662368,On or near Broom Avenue,E01026532,Broadland 011C,Unable to prosecute suspect
40e6c21a25cb50cf62d551ff3cb93429d51f18ef9a68532b2450cf0f71b1cfc0,2023-01,Norfolk Constabulary,Norfolk Constabulary,1.150432,52.710306,On or near Station Road,E01026525,Broadland 002D,Offender given a caution
d7ea93035c88fd9458254006b1878caa7ab112bb0ebabab7f3e6084ef07f6898,2023-01,Norfolk Constabulary,Norfolk Constabulary,1.151719,52.504909,On or near New Road,E01026897,South Norfolk 011C,Unable to prosecute suspect
d685673925b21aafedfb3683fb7176994533335d86058a2472d387c2df7d8074,2023-01,Norfolk Constabulary,Norfolk Constabulary,0.403860,52.748249,On or near Windsor Road,E01026700,King's Lynn and West Norfolk 011C,Unable to prosecute suspect
5c9d01ab9043f1fd6e31ac6bc4a2789bf04d2da031d0453c1fbd52ed5778ee02,2023-01,Norfolk Constabulary,Norfolk Constabulary,1.310309,52.620705,On or near Geoffrey Watling Way,E01033439,Norwich 014B,Investigation complete; no suspect identified
6aebe533de98ca68420f6841476d3f4d619af5016698926e85ae54910b62264c,2023-01,Norfolk Constabulary,Norfolk Constabulary,0.250710,52.519759,On or near Wash Road,E01026716,King's Lynn and West Norfolk 016E,Unable to prosecute suspect
f25d1af51d7b7229b2891c58a5a53e6168de35812d80dff792961fd2651f5cc8,2023-01,Norfolk Constabulary,Norfolk Constabulary,0.569333,52.695853,On or near Pentney Lane,E01026694,King's Lynn and West Norfolk 012D,Unable to prosecute suspect
015fbe48b73d1305b6c37b5d44b563ae0b0cb0c8e587c3139ae71bd3f598ef36,2023-01,Norfolk Constabulary,Norfolk Constabulary,,,No location,,,Unable to prosecute suspect
c0aac554b05051c70b16ab92e83a4a6763f0fc98a8e46313f6729edd12c20d50,2023-01,Norfolk Constabulary,Norfolk Constabulary,1.209929,52.645576,On or near ,E01026925,South Norfolk 001F,Investigation complete; no suspect identified
aed5945444883560a9b7e1c2dbad93230acafa20a932a5145d6882d6bdfe968c,2023-01,Norfolk Constabulary,Norfolk Constabulary,1.108989,52.572016,On or near Vicar Street,E01026870,South Norfolk 005A,Unable to prosecute suspect
a5a907884fc2f133a23e15a6d154c3510bf6598d2936d3082fdf2a95a0d5a9ae,2023-01,Norfolk Constabulary,Norfolk Constabulary,0.504810,52.841077,On or near Beech Drift,E01026655,King's Lynn and West Norfolk 004C,Unable to prosecute suspect
e00d1534ff04dd1b6d738330879d4e522d28af01267e1d9ba3fa65ffeb150a46,2023-01,Norfolk Constabulary,Norfolk Constabulary,1.274565,52.632419,On or near Saint Philips Road,E01026840,Norwich 009F,Investigation complete; no suspect identified
7c14c801a05b1d8addd3812bb235684fb22c23332349840716786f56f9070b0f,2023-01,Norfolk Constabulary,Norfolk Constabulary,1.262516,52.625638,On or near Elizabeth Fry Road,E01026859,Norwich 010B,Investigation complete; no suspect identified
bd3bb679aa27039d46aa4b9be91623a6cd6b1a2b8f68df95283a067c8cf8457e,2023-01,Norfolk Constabulary,Norfolk Constabulary,1.262516,52.625638,On or near Elizabeth Fry Road,E01026859,Norwich 010B,Investigation complete; no suspect identified
933c28441fbf6036398b2583bc4d2cb4768811e619c9086f53838e9435347106,2023-01,Norfolk Constabulary,Norfolk Constabulary,1.721189,52.600401,On or near Albany Road,E01026633,Great Yarmouth 007B,Unable to prosecute suspect
71285efa570dc53236d3e4938b260244ee9d235d14db1fd48dd7dcbcf8862a87,2023-01,Norfolk Constabulary,Norfolk Constabulary,1.430261,52.876132,On or near Warren Drive,E01026751,North Norfolk 007C,Unable to prosecute suspect
1f2619bd5cd49882fbf81fe331ac2a30547e2c67112c2c41e27b87fb65370c93,2023-01,Norfolk Constabulary,Norfolk Constabulary,1.702661,52.578316,On or near Larch Drive,E01026584,Great Yarmouth 008D,Unable to prosecute suspect
779d6c2c732881bad9a2daec80d4f473d3c5eaea9c221848e1c3a373457d3b93,2023-01,Norfolk Constabulary,Norfolk Constabulary,0.504810,52.841077,On or near Beech Drift,E01026655,King's Lynn and West Norfolk 004C,Unable to prosecute suspect
abdd140875b0e6842b40b7fa364c2eca76df311210758fa84088d61a02342378,2023-01,Norfolk Constabulary,Norfolk Constabulary,0.854257,52.565629,On or near Anson Way,E01033040,Breckland 010F,Action to be taken by another organisation
f741f882ad8da2dedfc505eb07565530ec0ed1e675c53baeb82d3eb4daa0aabb,2023-01,Norfolk Constabulary,Norfolk Constabulary,1.721609,52.599615,On or near Limetree Court,E01026633,Great Yarmouth 007B,Unable to prosecute suspect
6ea9fb90ac0ae3bfb0775d87825ae0457205f1b0f86bb69ae69aec6c2a97c25b,2023-01,Norfolk Constabulary,Norfolk Constabulary,1.297239,52.631026,On or near Princes Street,E01033438,Norwich 014A,Formal action is not in the public interest
953d177f499fa6595960afd8ce2fccb7806766ae152a3fa3d504f4cb53a3bd9b,2023-01,Norfolk Constabulary,Norfolk Constabulary,0.399408,52.751891,On or near Regent Place,E01026699,King's Lynn and West Norfolk 011B,Unable to prosecute suspect
524e4956ce348f0b3cf805b52c5a005a533b8f30c89b73bb9fa77347ed614c1a,2023-01,Norfolk Constabulary,Norfolk Constabulary,1.269920,52.651183,On or near BOWERS AVENUE,E01026833,Norwich 002F,Unable to prosecute suspect
524e4956ce348f0b3cf805b52c5a005a533b8f30c89b73bb9fa77347ed614c1a,2023-01,Norfolk Constabulary,Norfolk Constabulary,1.269920,52.651183,On or near BOWERS AVENUE,E01026833,Norwich 002F,Unable to prosecute suspect
affa8b2344fe1ce1d9a39f0850d64669051dc4068998183fe871485421973277,2023-01,Norfolk Constabulary,Norfolk Constabulary,1.730003,52.604333,On or near Dene Side,E01026624,Great Yarmouth 006C,Unable to prosecute suspect
ccf759c7f70fffe1d94f0f016b8d3aa83be296b1a2e57347333dde0855b38b39,2023-01,Norfolk Constabulary,Norfolk Constabulary,1.727577,52.613683,On or near Frederick Road,E01026596,Great Yarmouth 005B,Investigation complete; no suspect identified
ccf759c7f70fffe1d94f0f016b8d3aa83be296b1a2e57347333dde0855b38b39,2023-01,Norfolk Constabulary,Norfolk Constabulary,1.727577,52.613683,On or near Frederick Road,E01026596,Great Yarmouth 005B,Investigation complete; no suspect identified
1e655f86812cdd3f5f0c6b971152ed67f6133dd11b5e71304dbd981e04eba580,2023-01,Norfolk Constabulary,Norfolk Constabulary,0.419677,52.752909,On or near Bagge Road,E01026666,King's Lynn and West Norfolk 009A,Unable to prosecute suspect
9f61ecf969c5d543028578ccd3d102ee073b163cc5428f4fb3b291d7cb73c9c4,2023-01,Norfolk Constabulary,Norfolk Constabulary,1.187654,52.463421,On or near High Green,E01026886,South Norfolk 014C,Investigation complete; no suspect identified
ff694b8e914170817aad02dee86276e74653ede697e9a90aa39c60a2267f3000,2023-01,Norfolk Constabulary,Norfolk Constabulary,0.846904,52.571732,On or near Saddlers Drive,E01026486,Breckland 009A,Offender given a caution
7e8133c6f80facc2a653ff2be5f89ec15b0be1999f98acc845c63c080066f1e8,2023-01,Norfolk Constabulary,Norfolk Constabulary,1.613572,52.669046,On or near Claxtons Gardens,E01026609,Great Yarmouth 002B,Unable to prosecute suspect
adadd9838c23f8e043820757b2ee91a3416b6f9214aa2f4b6cd0a9873af08931,2023-01,Norfolk Constabulary,Norfolk Constabulary,0.733530,52.418222,On or near Exeter Way,E01026467,Breckland 015C,Investigation complete; no suspect identified
042ef756963d9aa081fc899aa93368bfc54b5a97d7f7563a3311224e424499fe,2023-01,Norfolk Constabulary,Norfolk Constabulary,0.398447,52.748431,On or near Birdcage Walk,E01026700,King's Lynn and West Norfolk 011C,Local resolution
4d13b636ffc67cc312370a7774ff767dc5a313048eb486fe3205b5b59e725029,2023-01,Norfolk Constabulary,Norfolk Constabulary,1.733703,52.604756,On or near Bath Hill,E01026624,Great Yarmouth 006C,Investigation complete; no suspect identified
58223e8f90744569afccfc4fb298c20875caacd80cbb9ea3a35277ea3b8fdfe7,2023-01,Norfolk Constabulary,Norfolk Constabulary,1.727689,52.616747,On or near Nursery Terrace,E01026599,Great Yarmouth 004A,Investigation complete; no suspect identified
d54d8054871c8ef2bfdb0e64094111af8a6f0f95eb882f2da1767441eb58546e,2023-01,Norfolk Constabulary,Norfolk Constabulary,1.302213,52.644863,On or near ,E01026842,Norwich 003B,Unable to prosecute suspect
5e77337885b5c6f7242ca359aff175b429512a0df1cf28cda57d1ae05f0fcc2a,2023-01,Norfolk Constabulary,Norfolk Constabulary,1.232854,52.648081,On or near Smithdale Road,E01026918,South Norfolk 001C,Investigation complete; no suspect identified
f92f9bffe9a1c176b66c9fae26b781557bac9fce8b602d9e83eebbb7f0ddf72d,2023-01,Norfolk Constabulary,Norfolk Constabulary,1.427978,52.628346,On or near Greenacre Close,E01026509,Broadland 017B,Investigation complete; no suspect identified
d6d0539baf03bc7379e307d015069376a0a97ca13ea4eda22ce44107121d61db,2023-01,Norfolk Constabulary,Norfolk Constabulary,1.232854,52.648081,On or near Smithdale Road,E01026918,South Norfolk 001C,Investigation complete; no suspect identified
84a224522ddb8bc6c5e29525fdf2472e10fe5bee014fd854fc1752aab2d96259,2023-01,Norfolk Constabulary,Norfolk Constabulary,1.729384,52.605055,On or near ,E01026624,Great Yarmouth 006C,Unable to prosecute suspect
45a083664432047e0913459830658e0154dc29dafe7da91b2c43231238f386c5,2023-01,Norfolk Constabulary,Norfolk Constabulary,1.559771,52.565065,On or near Station Drive,E01026538,Broadland 018C,Investigation complete; no suspect identified
d6a2043b15c58e39ab52c761d25052c25b9a8344c30cb80df09ecf52bd04a46b,2023-01,Norfolk Constabulary,Norfolk Constabulary,1.721563,52.576086,On or near Paston Road,E01026630,Great Yarmouth 010D,Unable to prosecute suspect
32ccbe0ca270cd1b36a373a9d7a0bfa3aed2d07158b0b863488470a19e419cea,2023-01,Norfolk Constabulary,Norfolk Constabulary,1.729890,52.615347,On or near Belvidere Road,E01026595,Great Yarmouth 005A,Investigation complete; no suspect identified
07db1648886e7be88116ec8433d7262f175e0e365ecaf4a7f60d3d6cc21bc19a,2023-01,Norfolk Constabulary,Norfolk Constabulary,1.526539,52.768367,On or near Strawberry Fields,E01026774,North Norfolk 013A,Investigation complete; no suspect identified
ff6ad59d449b8f85f195d7879dec3ab48bf496be572fd54494c50c0048ce45b3,2023-01,Norfolk Constabulary,Norfolk Constabulary,1.720189,52.565101,On or near Gresham Close,E01026618,Great Yarmouth 011B,Investigation complete; no suspect identified
9d98fe0bfadf318670395cb18a9864f050c56ec43cdfa95d529c523903ca345c,2023-01,Norfolk Constabulary,Norfolk Constabulary,1.305923,52.625639,On or near ,E01033439,Norwich 014B,Unable to prosecute suspect
263bb471c17f5ea550d942132ed9f50f76d5d7928ef1b2e24d2b0d1a51d6171a,2023-01,Norfolk Constabulary,Norfolk Constabulary,1.296348,52.638641,On or near WALL LANE,E01026826,Norwich 007E,Unable to prosecute suspect
f48ac48073052039c5009f2d67f6168012839ea7a0f77d6920bee9455c8ada2f,2023-01,Norfolk Constabulary,Norfolk Constabulary,1.288545,52.633750,On or near New Mills Yard,E01026823,Norwich 007B,Investigation complete; no suspect identified
475d4d9a4a3e8c700b73d3d655e674680955388849b5293cb9913a1c5d1cdcce,2023-01,Norfolk Constabulary,Norfolk Constabulary,1.281070,52.605978,On or near Sports/Recreation Area,E01026820,Norwich 013E,Further action is not in the public interest
d95593cc5d63038c60779178d7e1dc2250503e1f0390a323cbb79b8335f59fa7,2023-01,Norfolk Constabulary,Norfolk Constabulary,1.298823,52.629884,On or near Upper King Street,E01033438,Norwich 014A,Suspect charged
60c7bef0c995702a67b8d3afbdba9b0c479b636d8a9c5ae0dc8167e19b4ea11e,2023-01,Norfolk Constabulary,Norfolk Constabulary,0.751851,52.413651,On or near The Link,E01026468,Breckland 016A,Investigation complete; no suspect identified
757a7a172144b593ac55b6f5a5c45dd4d71a182a5959de9d42310bc28394db27,2023-01,Norfolk Constabulary,Norfolk Constabulary,1.734121,52.622337,On or near Sandringham Avenue,E01026639,Great Yarmouth 004B,Unable to prosecute suspect
757a7a172144b593ac55b6f5a5c45dd4d71a182a5959de9d42310bc28394db27,2023-01,Norfolk Constabulary,Norfolk Constabulary,1.734121,52.622337,On or near Sandringham Avenue,E01026639,Great Yarmouth 004B,Unable to prosecute suspect
990a3dbd036ed712270bd68f9f9b35b637158c32db86424676b9d707f3fec350,2023-01,Norfolk Constabulary,Norfolk Constabulary,0.394234,52.756177,On or near ,E01026698,King's Lynn and West Norfolk 011A,Unable to prosecute suspect
fb322548d9eb8f6da6cac8c135a69b3f953faf6e28721b3d181f6123d9d6cb1f,2023-01,Norfolk Constabulary,Norfolk Constabulary,1.301095,52.629245,On or near ,E01033438,Norwich 014A,Unable to prosecute suspect
351a60ba669a4a60e7788756da9f9684686022632c21b8e6a7b405353578f6bd,2023-01,Norfolk Constabulary,Norfolk Constabulary,0.921999,52.374394,On or near Nethergate Street,E01030097,St Edmundsbury 001C,Unable to prosecute suspect
7325ce31c083203402f0ae21171e864a7df5e6fb4c65092a69ecc087c912861c,2023-01,Norfolk Constabulary,Norfolk Constabulary,1.574419,52.496023,On or near Bulls Green Lane,E01026943,South Norfolk 010C,Unable to prosecute suspect
a28a03df5bf39051a61266d38605749ca57689b5466bd04065b0d7ef1d863039,2023-01,Norfolk Constabulary,Norfolk Constabulary,1.303094,52.621833,On or near Argyle Street,E01033441,Norwich 014D,Unable to prosecute suspect
8fd55223eaf4e9a36af5d3ef2a7226814ab69379afc7d392bfec9e5e816b9b7c,2023-01,Norfolk Constabulary,Norfolk Constabulary,1.127498,52.372746,On or near Oak Drive,E01033539,South Norfolk 015G,Unable to prosecute suspect
525ee337648af8a5ea55370edb7506e4291113aadf9262f4e600a3a1a3079d45,2023-01,Norfolk Constabulary,Norfolk Constabulary,1.303094,52.621833,On or near Argyle Street,E01033441,Norwich 014D,Unable to prosecute suspect
aa53392fae124146be9c653f9804ac2b4baef5c958e6650f1ae33122e2796848,2023-01,Norfolk Constabulary,Norfolk Constabulary,0.836580,52.571153,On or near HUNTERS OAK,E01026486,Breckland 009A,Unable to prosecute suspect
cbbea3d2d25965ac0247382276aa6ac3237ee20dd6d3c1181f0442b3c8c5de74,2023-01,Norfolk Constabulary,Norfolk Constabulary,0.380892,52.635660,On or near The Causeway,E01026727,King's Lynn and West Norfolk 018B,Unable to prosecute suspect
02d81c8a90025bd606f2cabdee4df69db0d54146654dd66b9a1f00329239804c,2023-01,Norfolk Constabulary,Norfolk Constabulary,0.839041,52.567901,On or near Wild Cherry Close,E01026490,Breckland 009E,Unable to prosecute suspect
55df67d11518af2ad065a1cf15f289f374c2d6cd5fa29445aa82dda9bfcfcb0e,2023-01,Norfolk Constabulary,Norfolk Constabulary,1.362826,52.538360,On or near The Mallows Walk,E01026876,South Norfolk 006B,Unable to prosecute suspect
029a1e27fadbf3118c24098f77918fbc7f0ce73262073aa5486aaa4be0bb702f,2023-01,Norfolk Constabulary,Norfolk Constabulary,1.724331,52.607831,On or near STONECUTTERS WAY,E01026597,Great Yarmouth 005C,Suspect charged
029a1e27fadbf3118c24098f77918fbc7f0ce73262073aa5486aaa4be0bb702f,2023-01,Norfolk Constabulary,Norfolk Constabulary,1.724331,52.607831,On or near STONECUTTERS WAY,E01026597,Great Yarmouth 005C,Suspect charged
09f127c02cafa46c99eb614fa59425ad9715d57d316c0ee2eca7b028be48c8aa,2023-01,Norfolk Constabulary,Norfolk Constabulary,0.727426,52.415360,On or near Coney Close,E01026474,Breckland 017A,Unable to prosecute suspect
075bf5dd7679d1e9df253cfc4cd8ae46d3ef6d66d286f8cd2abec2eeac027f15,2023-01,Norfolk Constabulary,Norfolk Constabulary,1.713586,52.604301,On or near VINCENT CLOSE,E01026635,Great Yarmouth 007D,Unable to prosecute suspect
075bf5dd7679d1e9df253cfc4cd8ae46d3ef6d66d286f8cd2abec2eeac027f15,2023-01,Norfolk Constabulary,Norfolk Constabulary,1.713586,52.604301,On or near VINCENT CLOSE,E01026635,Great Yarmouth 007D,Unable to prosecute suspect
9d3757b1dce829340eaf2424c721a9fa2f3e13aa701daeb71d1c15bb47921b22,2023-01,Norfolk Constabulary,Norfolk Constabulary,1.240694,52.793650,On or near John O'gaunt Close,E01026502,Broadland 001D,Unable to prosecute suspect
756ee78930151c5340e97c31f942620e8fcdfe95c2a2b285a804301e42b85cb6,2023-01,Norfolk Constabulary,Norfolk Constabulary,1.342745,52.579789,On or near Woodlands Avenue,E01026926,South Norfolk 006C,Unable to prosecute suspect
f319cd4331716cf16fba1987acd119267840a0c6f26e6154e3dbac1178f6f76f,2023-01,Norfolk Constabulary,Norfolk Constabulary,1.394169,52.826095,On or near THE LEA,E01026756,North Norfolk 010D,Unable to prosecute suspect
eb84217b0161774530d1ace3f57c86ea816180750b05db282637db44a62fba7d,2023-01,Norfolk Constabulary,Norfolk Constabulary,1.304939,52.398807,On or near Blackbird Way,E01026902,South Norfolk 013D,Unable to prosecute suspect
67e723b20273de8120bd21c294b58e44c2d4795a41ad40562dba7867503551eb,2023-01,Norfolk Constabulary,Norfolk Constabulary,0.839041,52.567901,On or near Wild Cherry Close,E01026490,Breckland 009E,Suspect charged
70a1ebb4d9b2459b28feddf3da44e90a87c3658fa00656b8a6a8ddde65714ff6,2023-01,Norfolk Constabulary,Norfolk Constabulary,1.238522,52.649941,On or near Gunton Lane,E01026918,South Norfolk 001C,Unable to prosecute suspect
6b8b1e44b9d19c413e3c33bff6a3c2c03a319f11dca41de02bd58049b5e06981,2023-01,Norfolk Constabulary,Norfolk Constabulary,1.299493,52.920320,On or near Yaxley Loke,E01026777,North Norfolk 003D,Investigation complete; no suspect identified
f65721f2bc9d3909bed23d5d953fa7d365397f90a6ee037b89656b5ce552e8df,2023-01,Norfolk Constabulary,Norfolk Constabulary,1.358587,52.629175,On or near Primrose Crescent,E01026575,Broadland 016B,Unable to prosecute suspect
e171385c3af8d08df9bcdfbd2032b0e26fb5afcf38c91c4c70c459c8eb3dde70,2023-01,Norfolk Constabulary,Norfolk Constabulary,1.398428,52.821503,On or near Harmer Close,E01026754,North Norfolk 010B,Unable to prosecute suspect
14648ba4190263037f7dbc63a593df57b1f7283fabf98c22aad1e01d4db340ea,2023-01,Norfolk Constabulary,Norfolk Constabulary,0.581189,52.683061,On or near Meadow Road,E01026445,Breckland 002C,Investigation complete; no suspect identified
ea3a333ecd8e5fa8a2658fdc7b3e5bc6df6009a61268dd860c6a3533c37135f5,2023-01,Norfolk Constabulary,Norfolk Constabulary,0.753012,52.424496,On or near Florence Barclay Close,E01026466,Breckland 015B,Unable to prosecute suspect
87f67101450b699feefd0f67c22e756dfddd794b315b9655991582f40ba1d491,2023-01,Norfolk Constabulary,Norfolk Constabulary,0.931055,52.687852,On or near Humbletoft Road,E01026428,Breckland 003A,Investigation complete; no suspect identified
3241d9a5e4ccf8666efbfaf53fb80b8b5e203ae0ce2448121940123a3b1f7ae4,2023-01,Norfolk Constabulary,Norfolk Constabulary,1.457702,52.766869,On or near ,E01026767,North Norfolk 012B,Unable to prosecute suspect
5d848c5d3f2c93208dacdf73dd08d80d5ceacd8dffe8069b2f4277540b144d11,2023-01,Norfolk Constabulary,Norfolk Constabulary,1.294278,52.398395,On or near Wilderness Close,E01026900,South Norfolk 013B,Unable to prosecute suspect
ed581a616234757d0adb067261d84b288e5b58ce2f88659d5102d380c0ad06c6,2023-01,Norfolk Constabulary,Norfolk Constabulary,1.406860,52.891061,On or near BEACON ROAD,E01026738,North Norfolk 007A,Unable to prosecute suspect
71a672e97543a89b8b4e218b3b6b8e83a3ee9ddd848ccb95d098b1b8c922398c,2023-01,Norfolk Constabulary,Norfolk Constabulary,1.096964,52.433177,On or near Chapel Close,E01026874,South Norfolk 014B,Unable to prosecute suspect
fd7d1e77c951808ab791775c54e965112d97a17bbe1f757f6cd1330b1a018faa,2023-01,Norfolk Constabulary,Norfolk Constabulary,1.243686,52.699480,On or near Oak Grove,E01026536,Broadland 004D,Unable to prosecute suspect
7ec43b99ff9eeba7998442b87482597994d6c9d59984dd61d612442a1cf5e169,2023-01,Norfolk Constabulary,Norfolk Constabulary,0.812443,52.581216,On or near DORAN DRIVE,E01026437,Breckland 008A,Suspect charged
ba1c93b7fdf0e509756ee1128a481d38d434b3b08df7370b9a3fbd9bd2f30a9b,2023-01,Norfolk Constabulary,Norfolk Constabulary,1.295103,52.634476,On or near Golden Dog Lane,E01026826,Norwich 007E,Unable to prosecute suspect
43192b3b35a5b793345fad4d2e718c606ec9665a7f0efb026993490d13794564,2023-01,Norfolk Constabulary,Norfolk Constabulary,0.388206,52.530021,On or near Lynn Road,E01026652,King's Lynn and West Norfolk 019E,Unable to prosecute suspect
bf0c66620bf0d1b07607f3263d18b8f89559fa4cae9f32eb66ebd63cc811750b,2023-01,Norfolk Constabulary,Norfolk Constabulary,1.419729,52.884153,On or near Anson Close,E01026751,North Norfolk 007C,Further action is not in the public interest
9ac9a2c0503d60626a0cdc00192a43e74adcbd3d2cadb5197fa0411d09b401c1,2023-01,Norfolk Constabulary,Norfolk Constabulary,0.224651,52.600259,On or near Townley Close,E01026716,King's Lynn and West Norfolk 016E,Unable to prosecute suspect
5a8dcfaffc731490170239ab57132870a2a3ad91d7debf07ac7cd59da46c340a,2023-01,Norfolk Constabulary,Norfolk Constabulary,0.429380,52.764553,On or near Vancouver Court,E01026693,King's Lynn and West Norfolk 009D,Unable to prosecute suspect
4931b550b7000fc017771d3dd6a6ea20a3d5dfadc452f43fb1fecc9d72810546,2023-01,Norfolk Constabulary,Norfolk Constabulary,1.295984,52.646179,On or near Millcroft,E01026843,Norwich 003C,Investigation complete; no suspect identified
e80a30dac44c42480213dcc8826d265be214dbf5014fdd4c7ee92f03433af897,2023-01,Norfolk Constabulary,Norfolk Constabulary,1.732478,52.609113,On or near Manby Road,E01026598,Great Yarmouth 005D,Investigation complete; no suspect identified
acce997dbd12387dc6a46081cfeac85074cb5339e3adeee58e9fcae5124bd756,2023-01,Norfolk Constabulary,Norfolk Constabulary,1.288773,52.609613,On or near Hall Road,E01026820,Norwich 013E,Unable to prosecute suspect
731804a23b521f8c20b026db02b1cc8e2cb62c18e06050fe4a9f0aaed56081cf,2023-01,Norfolk Constabulary,Norfolk Constabulary,1.698762,52.574975,On or near FELLOWES DRIVE,E01026585,Great Yarmouth 013A,Suspect charged
d61ac6e04b9954183e715459cf40ef0500294431df629c39006bcf6b90825aea,2023-01,Norfolk Constabulary,Norfolk Constabulary,1.232463,52.553966,On or near Wheatfield Road,E01026913,South Norfolk 009A,Investigation complete; no suspect identified
5fc4a89331297e8be44f63c99f6bf2630250304c53e59a6a9bff393150481bfb,2023-01,Norfolk Constabulary,Norfolk Constabulary,1.290379,52.632781,On or near Indigo Yard,E01026823,Norwich 007B,Investigation complete; no suspect identified
7d02f95303f044888ab628342f30b5d74f9febe504e19f3c6e26339c7e081c7f,2023-01,Norfolk Constabulary,Norfolk Constabulary,1.291810,52.637463,On or near The Lathes,E01026826,Norwich 007E,Unable to prosecute suspect
30c3879ec0041fff0a76d78eea682ab201cd82225d32f4fb6d9e46b3e078932a,2023-01,Norfolk Constabulary,Norfolk Constabulary,0.408665,52.751649,On or near ,E01026667,King's Lynn and West Norfolk 009B,Unable to prosecute suspect
1b89208315f19b738c7943082beae314ce328ba0fb6b4733bb3730e69a0ac9a7,2023-01,Norfolk Constabulary,Norfolk Constabulary,,,No location,,,Unable to prosecute suspect
6db2d742aec2367547dd33767d75ae9985e931fe6077099ad473f81a00db034c,2023-01,Norfolk Constabulary,Norfolk Constabulary,1.728752,52.578504,On or near Bussey's Lane,E01026630,Great Yarmouth 010D,Local resolution
745ec9d5b2f2751460d61f05381c7d5e76c1fe1cf0ddcc650f87b3c42312f3cc,2023-01,Norfolk Constabulary,Norfolk Constabulary,1.285866,52.645534,On or near Bertie Road,E01026830,Norwich 002C,Unable to prosecute suspect
5a57f7323d1b4fcef1bb479678041f8964aa51611d739093bd4a509d5734ed43,2023-01,Norfolk Constabulary,Norfolk Constabulary,0.747125,52.414274,On or near King Street,E01026468,Breckland 016A,Investigation complete; no suspect identified
de4e545ab528b27b3bdc2f3c04c174ad29e7fc6375cc74d493839e38d8a033e7,2023-01,Norfolk Constabulary,Norfolk Constabulary,0.397934,52.749880,On or near Gurney Road,E01026699,King's Lynn and West Norfolk 011B,Investigation complete; no suspect identified
5f39fbf7622665da7486de8449da082a63e21fd101ca221c1b30cd6d8107e7b5,2023-01,Norfolk Constabulary,Norfolk Constabulary,1.279645,52.635508,On or near Devonshire Street,E01026827,Norwich 007F,Unable to prosecute suspect
502d8beb3eee2e61917f0f66f9e243b4a5736af24067297e891cc5c0b97d5a75,2023-01,Norfolk Constabulary,Norfolk Constabulary,1.231930,52.555545,On or near Cuckoofield Lane,E01026913,South Norfolk 009A,Investigation complete; no suspect identified
c195f522092895529b0ebf95790a4927c5548d54862f43ad787a822409153b6e,2023-01,Norfolk Constabulary,Norfolk Constabulary,1.231930,52.555545,On or near Cuckoofield Lane,E01026913,South Norfolk 009A,Investigation complete; no suspect identified
d62f82fecd0093f784cbbf5a54ef8c2ba770957039caf5f6aaeef6d3edaf20dc,2023-01,Norfolk Constabulary,Norfolk Constabulary,1.239164,52.641829,On or near Randle Green,E01026869,Norwich 006G,Unable to prosecute suspect
3003f6d4b35b2688aa9064afedfc4e451683ba4a53a515f518edf84ee4dedb6b,2023-01,Norfolk Constabulary,Norfolk Constabulary,1.726210,52.588388,On or near High Road,E01026600,Great Yarmouth 007A,Investigation complete; no suspect identified
4b0158f6dcf3db0705571633a1c5ce95850bd1446187b2cd382b16a197736f0a,2023-01,Norfolk Constabulary,Norfolk Constabulary,1.153025,52.638264,On or near Bawburgh Road,E01026896,South Norfolk 002E,Investigation complete; no suspect identified
f6c9b4b1eb437e133679da28939334cb4ae4a44d13a7d58111cae77da0134b5b,2023-01,Norfolk Constabulary,Norfolk Constabulary,1.217251,52.639576,On or near Castleton Close,E01026794,Norwich 005D,Investigation complete; no suspect identified
cc67264f7a93444c89b3054f30f102f63fdfc3f9bfb8e1ce7b8f93c865712729,2023-01,Norfolk Constabulary,Norfolk Constabulary,1.728654,52.601678,On or near MIDDLEGATE,E01026625,Great Yarmouth 006D,Unable to prosecute suspect
a83c58267e8774c23a2c119b051d438ba3baf66a002b4cdf1428b710b26826a1,2023-01,Norfolk Constabulary,Norfolk Constabulary,1.241377,52.492359,On or near Fairfield Close,E01026938,South Norfolk 011D,Investigation complete; no suspect identified
40293c33f31a94343fd5e418e5c4dcc720bca3a1ef4f637e3204766a69d2735c,2023-01,Norfolk Constabulary,Norfolk Constabulary,1.295103,52.634476,On or near Golden Dog Lane,E01026826,Norwich 007E,Unable to prosecute suspect
e7516535ea7a6fcd9fdc54ac2326c748ea23edb59fc3a2c13634fe7c3f32f67b,2023-01,Norfolk Constabulary,Norfolk Constabulary,0.399013,52.754417,On or near ,E01026698,King's Lynn and West Norfolk 011A,Unable to prosecute suspect
2304740f134b0313b0d9ca6e46f16fe05e4a5ed67c9c158c3515cbe3d5474e98,2023-01,Norfolk Constabulary,Norfolk Constabulary,1.280354,52.605485,On or near Peterkin Road,E01026820,Norwich 013E,Unable to prosecute suspect
d6423cb182a9b2c9280abd19bdb9af3b57813e5625d9804d853f31636f0127dd,2023-01,Norfolk Constabulary,Norfolk Constabulary,1.732661,52.602586,On or near ST PETER'S ROAD,E01026624,Great Yarmouth 006C,Unable to prosecute suspect
2cd8e417c78fbf0474e9bac98b49020da92e0897b18e7e4c1febf288433eb8fb,2023-01,Norfolk Constabulary,Norfolk Constabulary,1.698762,52.574975,On or near FELLOWES DRIVE,E01026585,Great Yarmouth 013A,Suspect charged
5377ef4ef279d81c38ffaf3e00a35c210854f07c72f6c8fcbec676ab45efa45f,2023-01,Norfolk Constabulary,Norfolk Constabulary,1.716908,52.580397,On or near Oak Road,E01026604,Great Yarmouth 009D,Investigation complete; no suspect identified
7cd92accf557c77b175091459d7bbf142afaca26257db2904cb00e57c5fce38b,2023-01,Norfolk Constabulary,Norfolk Constabulary,0.861092,52.552982,On or near Parking Area,E01033040,Breckland 010F,Suspect charged
8445c3661693a7f679d7297177cffac7d83631ecd12ca0af052adf31ff21ced5,2023-01,Norfolk Constabulary,Norfolk Constabulary,0.531753,52.562996,On or near NORMAN DRIVE,E01026651,King's Lynn and West Norfolk 019D,Unable to prosecute suspect
1a9f567cbaf41e4ae1d364e1e4b77bd5a3b65edea6b575289c35f83ddcbf40ef,2023-01,Norfolk Constabulary,Norfolk Constabulary,1.244570,52.700813,On or near Sole Close,E01026536,Broadland 004D,Action to be taken by another organisation
ddd418a760509d3e7e29ac904102388982ee63a5f4646d78946e7ba1feed8ee8,2023-01,Norfolk Constabulary,Norfolk Constabulary,0.531753,52.562996,On or near NORMAN DRIVE,E01026651,King's Lynn and West Norfolk 019D,Unable to prosecute suspect
1f292e44d12068b1e23f5ed045966eb036097fc18dbfeb61e223c275ddd57dc5,2023-01,Norfolk Constabulary,Norfolk Constabulary,1.733409,52.604262,On or near St George's Road,E01026624,Great Yarmouth 006C,Unable to prosecute suspect
bc99494dd855fdb01f8d04fc1abc3ab853631715b07d2cd2a1507e9a17ef7da2,2023-01,Norfolk Constabulary,Norfolk Constabulary,1.219762,52.602724,On or near Parking Area,E01026908,South Norfolk 003D,Suspect charged
946b3faf3a5b4997b6a9f3f49cf7958268dc82ae32ffff790f018f1c2a328193,2023-01,Norfolk Constabulary,Norfolk Constabulary,1.219762,52.602724,On or near Parking Area,E01026908,South Norfolk 003D,Suspect charged
717c82d7d3c1c106501c7542f8c9fce388fce4d762246d38162cdc4bccd719a8,2023-01,Norfolk Constabulary,Norfolk Constabulary,0.494798,52.935745,On or near King's Lynn Road,E01026681,King's Lynn and West Norfolk 001B,Unable to prosecute suspect
05bc4197812521bc5f891d85ccbedac769ed34863279bdd1dcc087385aa344cd,2023-01,Norfolk Constabulary,Norfolk Constabulary,1.735146,52.609910,On or near Euston Road,E01026598,Great Yarmouth 005D,Investigation complete; no suspect identified
5670d20490d7faae44a612b87815883f9b9b9fb27d21cf6c7d380df57a4ca6b9,2023-01,Norfolk Constabulary,Norfolk Constabulary,1.122567,52.368470,On or near Riverside Maltings,E01033541,South Norfolk 015H,Suspect charged
43bdafccbeab13a22cec48ab45bdea4c66290dea0cb876fcf43f4008974c03ea,2023-01,Norfolk Constabulary,Norfolk Constabulary,1.732934,52.619847,On or near Walpole Road,E01026639,Great Yarmouth 004B,Investigation complete; no suspect identified
288412324ad2802543b03614ed2fab064d78d4a9a56c745fe7e7abdc503f17ea,2023-01,Norfolk Constabulary,Norfolk Constabulary,1.715184,52.575549,On or near Magdalen Way,E01026604,Great Yarmouth 009D,Unable to prosecute suspect
a1debf3fc6eed07b01cd8a054acdd32242d7e1499a3d98a6df95c4babdfad309,2023-01,Norfolk Constabulary,Norfolk Constabulary,0.765460,52.423370,On or near Frobisher Close,E01026473,Breckland 016F,Investigation complete; no suspect identified
7d658887f34ac8d753a3f58613146f62e318032adc8be7fc3290f34dfc5b1164,2023-01,Norfolk Constabulary,Norfolk Constabulary,1.368878,52.675057,On or near ,E01026578,Broadland 008C,Investigation complete; no suspect identified
34d8ac64221872ce37d7d88654578425d3bd31167d99fc1da76364c15c544599,2023-01,Norfolk Constabulary,Norfolk Constabulary,1.215508,52.647664,On or near Upper Stafford Avenue,E01026917,South Norfolk 001B,Unable to prosecute suspect
f553a9ae90a47495467f5a334a83cedb6070119227eca6a1b3c31991d0735f90,2023-01,Norfolk Constabulary,Norfolk Constabulary,1.378884,52.660264,On or near Green Lane East,E01026578,Broadland 008C,Unable to prosecute suspect
9d408abd4d7e7fb816edde02240f24b7f395dbe6192c76687473aafdb6997324,2023-01,Norfolk Constabulary,Norfolk Constabulary,1.255271,52.658817,On or near Ferndale Close,E01026532,Broadland 011C,Unable to prosecute suspect
ddf5c97a38c7c3e1491699de14ccefcc98ba08f4b07ffebf2269c83fb1c6e6b7,2023-01,Norfolk Constabulary,Norfolk Constabulary,0.307774,52.581395,On or near Birchfield Road,E01026717,King's Lynn and West Norfolk 016F,Investigation complete; no suspect identified
c71c56c1a6ec2ac8dc09102a773ab004ece3e5eb0c93c9c91d8d3602d681fc67,2023-01,Norfolk Constabulary,Norfolk Constabulary,1.512554,52.580939,On or near Church Road,E01026511,Broadland 017D,Unable to prosecute suspect
fdc96af2acc58a3021976d5e745ba22d2c30c7638857be8cd350dad54aa0ace7,2023-01,Norfolk Constabulary,Norfolk Constabulary,1.197528,52.648070,On or near Worcester Road,E01033538,South Norfolk 001G,Unable to prosecute suspect
4bdccdac800e289c36b71fea33d773227ad306baa71bc86c8d00984faf7ad1cb,2023-01,Norfolk Constabulary,Norfolk Constabulary,0.420569,52.766045,On or near Aconite Road,E01026670,King's Lynn and West Norfolk 006B,Unable to prosecute suspect
4a16c6c2f01801e86047603991f3a2e47e6b2cc53e64ae91f5250b1593723ac3,2023-01,Norfolk Constabulary,Norfolk Constabulary,0.307774,52.581395,On or near Birchfield Road,E01026717,King's Lynn and West Norfolk 016F,Investigation complete; no suspect identified
bd5d1bc3c09fee94bd9eaa34b22830c9b9c9c52d7a1dfa1d0a52bcc90cc89d33,2023-01,Norfolk Constabulary,Norfolk Constabulary,,,No location,,,Investigation complete; no suspect identified
a01076b303b5511bb5786d1ca17e78b51d63c40e4d24fd03a1c7cfad2706f68f,2023-01,Norfolk Constabulary,Norfolk Constabulary,1.232377,52.639407,On or near SKONER ROAD,E01026793,Norwich 005C,Unable to prosecute suspect
a3531c180de4a0fce6c7daa5c045d572cd63bc3e472b9a528eeb77fa2d6fbc26,2023-01,Norfolk Constabulary,Norfolk Constabulary,0.380004,52.636460,On or near Bardolph Place,E01026727,King's Lynn and West Norfolk 018B,Local resolution
74b3ff3bcb5b48effc3efa58d1dafb3e2f6f9993823ecaa9c8362c1b94b8f9f7,2023-01,Norfolk Constabulary,Norfolk Constabulary,1.292367,52.626970,On or near William Booth Street,E01026822,Norwich 007A,Unable to prosecute suspect
74b3ff3bcb5b48effc3efa58d1dafb3e2f6f9993823ecaa9c8362c1b94b8f9f7,2023-01,Norfolk Constabulary,Norfolk Constabulary,1.292367,52.626970,On or near William Booth Street,E01026822,Norwich 007A,Unable to prosecute suspect
7983aa11640db5f0f6d93417cdb4a141f078dfa4728abe9667e7775f230cdcc2,2023-01,Norfolk Constabulary,Norfolk Constabulary,1.298951,52.401124,On or near Magpie Court,E01026902,South Norfolk 013D,Unable to prosecute suspect
34a0cd77d2446f33633aa45dcc1928351e0134b513ece4e4e6f380b1b7f29289,2023-01,Norfolk Constabulary,Norfolk Constabulary,0.543914,52.930756,On or near Peddars Way South,E01026681,King's Lynn and West Norfolk 001B,Investigation complete; no suspect identified
5262e8d5770d916c0b94f848388bb3954dbc95da4a6116ec295fce8c8b955f39,2023-01,Norfolk Constabulary,Norfolk Constabulary,0.493937,52.872354,On or near Ingolside,E01026701,King's Lynn and West Norfolk 003D,Local resolution
aa32c55d4514b23ea4053cf1b9f200f571eecec28bfd4c1be464700d62ff954f,2023-01,Norfolk Constabulary,Norfolk Constabulary,1.315160,52.625057,On or near Thorpe Road,E01033439,Norwich 014B,Investigation complete; no suspect identified
2a602efa9f506d6295c49bb031bd301f0c937de3fe6ea4e08fc556191720910c,2023-01,Norfolk Constabulary,Norfolk Constabulary,1.284919,52.630739,On or near Pedestrian Subway,E01026822,Norwich 007A,Local resolution
b05cb281317500bf9a2f84a340d8c47ffd68774b8711444532e13ddd3531385e,2023-01,Norfolk Constabulary,Norfolk Constabulary,1.231706,52.490285,On or near SWAN LANE,E01026940,South Norfolk 011F,Suspect charged
a1af316c0760772dd1094c3be003721bf0d1bc2e24bb82e0c18075d2759a84d4,2023-01,Norfolk Constabulary,Norfolk Constabulary,1.275643,52.635178,On or near West End Street,E01026825,Norwich 007D,Investigation complete; no suspect identified
75c26e6b74f776bf098e59430c766e2e8834c72efd9801a5295c73ab5380a613,2023-01,Norfolk Constabulary,Norfolk Constabulary,1.323430,52.631795,On or near William Mear Gardens,E01026808,Norwich 004F,Investigation complete; no suspect identified
bda220923978119c63a2d80067088f3908aa4f225a881a01309b1f1d0e6e697e,2023-01,Norfolk Constabulary,Norfolk Constabulary,0.724664,52.412537,On or near Portland Place,E01026474,Breckland 017A,Unable to prosecute suspect
1fbfba9ad054167a0bb1215cf4cf7bc1265f17963d861c7113f76e0f430a0655,2023-01,Norfolk Constabulary,Norfolk Constabulary,1.268637,52.647270,On or near Red Cottage Close,E01026828,Norwich 002A,Investigation complete; no suspect identified
6760e92590640732b640cce315500af0c7d924b6420307bab465dc5fd868a836,2023-01,Norfolk Constabulary,Norfolk Constabulary,1.315783,52.659854,On or near Adams Road,E01026555,Broadland 012C,Investigation complete; no suspect identified
29e2e29c842aa695bfab909a110d0a996a7f16a9bb650f2603f15a854b3c9a98,2023-01,Norfolk Constabulary,Norfolk Constabulary,0.430936,52.770662,On or near Willow Park,E01026669,King's Lynn and West Norfolk 006A,Unable to prosecute suspect
09e89086077d12bd420a831f2c4d31f46439cd0a75bed1f62b4ed3bf1f9564ab,2023-01,Norfolk Constabulary,Norfolk Constabulary,0.401811,52.751672,On or near County Court Road,E01026699,King's Lynn and West Norfolk 011B,Unable to prosecute suspect
4830688b75b50c715dd302e8b72d5520bb7141565f278d395b5ec8a4020c53fb,2023-01,Norfolk Constabulary,Norfolk Constabulary,1.736247,52.607572,On or near BRITANNIA ROAD,E01026623,Great Yarmouth 006B,Unable to prosecute suspect
80d3b311e4d44a37553d77a7c72f3f7da5fa039ecfb4e63d1d9cf8618edc8834,2023-01,Norfolk Constabulary,Norfolk Constabulary,1.240683,52.639782,On or near Cameron Court,E01026867,Norwich 006E,Unable to prosecute suspect
46cd8df0104a0e3ce814e59ff049f747423846a69d8ef6987a63cc6a585c4f7b,2023-01,Norfolk Constabulary,Norfolk Constabulary,1.394292,52.825390,On or near Cooper Road,E01026756,North Norfolk 010D,Unable to prosecute suspect
9aed0b80704de4ba83a08b07ea3ddb7e7f6b6b771352409a0cd015601d414777,2023-01,Norfolk Constabulary,Norfolk Constabulary,0.562882,52.668855,On or near Tithebarn Lane,E01026644,King's Lynn and West Norfolk 014C,Unable to prosecute suspect
3da3c18203acb5d1858b185dca44efc6fcb3b7e5bb6bdbe3d1f34620d804f1d8,2023-01,Norfolk Constabulary,Norfolk Constabulary,1.284110,52.628225,On or near Convent Road,E01033437,Norwich 011H,Unable to prosecute suspect
cb2b3169f85971d79773fa6a2ed4b870ddc8e8b7239357e4567ce7f21ce95a18,2023-01,Norfolk Constabulary,Norfolk Constabulary,0.491001,52.940626,On or near Greevegate,E01026683,King's Lynn and West Norfolk 001D,Unable to prosecute suspect
d3f1e1da50068022cdda1c60f3e458c84c2893b26950819f9347b8d1d9d81478,2023-01,Norfolk Constabulary,Norfolk Constabulary,1.302569,52.929246,On or near St Margaret's Road,E01026735,North Norfolk 003B,Unable to prosecute suspect
ceaa312507fdfeb72c0e11a9554cd6633dbbe30091b260dfeef204178b605c1f,2023-01,Norfolk Constabulary,Norfolk Constabulary,1.283001,52.620521,On or near Eagle Walk,E01026855,Norwich 011D,Unable to prosecute suspect
b0a5ff86b24471201983545c52242d944f77b0bcae2e54db8fb52b35658682ae,2023-01,Norfolk Constabulary,Norfolk Constabulary,0.841157,52.835658,On or near Kings Road,E01026746,North Norfolk 011B,Investigation complete; no suspect identified
a8b5aa50c8ad0378eb6aa0f14820b7e9dc866d9474f6a0388c99681c8022f61e,2023-01,Norfolk Constabulary,Norfolk Constabulary,1.296733,52.887337,On or near St Marys Close,E01026766,North Norfolk 005B,Suspect charged
5f7d1dcd47d465ae61a26812235d180564ef27d1dfaaea3ad53b0888d3999ad6,2023-01,Norfolk Constabulary,Norfolk Constabulary,0.232294,52.610294,On or near Suttons Close,E01026659,King's Lynn and West Norfolk 016A,Unable to prosecute suspect
5547b296a82879b919b3981d0234df795cc4eb2d9d88b404ef275d0a00bb7da2,2023-01,Norfolk Constabulary,Norfolk Constabulary,1.339972,52.629288,On or near Western Avenue,E01026577,Broadland 016D,Unable to prosecute suspect
1ed7e8e01520b0902601410b5085b16715c615a44a31e1551e5a8691a7e50c07,2023-01,Norfolk Constabulary,Norfolk Constabulary,0.948283,52.680410,On or near Ramillies Close,E01026429,Breckland 003B,Unable to prosecute suspect
848844f07030fecacf0e0c9b841b707faf51d695e565f631feb02229913e940b,2023-01,Norfolk Constabulary,Norfolk Constabulary,1.726608,52.602812,On or near South Quay,E01026625,Great Yarmouth 006D,Suspect charged
5894872227abba1e4cb58b7a3452b72a1bb19f9bca8d8288720b5f3660147359,2023-01,Norfolk Constabulary,Norfolk Constabulary,1.726608,52.602812,On or near South Quay,E01026625,Great Yarmouth 006D,Suspect charged
e2719279c6dfcc238642c6b954a98f537609c75037e89b35cb5f7e2327dd0f33,2023-01,Norfolk Constabulary,Norfolk Constabulary,0.365588,52.603201,On or near ,E01033038,King's Lynn and West Norfolk 017G,Unable to prosecute suspect
946d2d065d05122cffb75a9513462e36d362eb24b4dd4ccf373bb08cebe8fc29,2023-01,Norfolk Constabulary,Norfolk Constabulary,0.398925,52.755516,On or near Paradise Lane,E01026698,King's Lynn and West Norfolk 011A,Investigation complete; no suspect identified
97cde1b754ca57373867b4ca7f86c19659f6438ffa7617c884f174ecb77ee48c,2023-01,Norfolk Constabulary,Norfolk Constabulary,1.478028,52.527932,On or near Gunton Road,E01026912,South Norfolk 008D,Unable to prosecute suspect
08d5a8f1491d5ddebb9c334f5c49d4d4667f32fa3e8e11613a5123b898cfb060,2023-01,Norfolk Constabulary,Norfolk Constabulary,1.046164,52.521714,On or near School Lane,E01026448,Breckland 013C,Investigation complete; no suspect identified
3468d7c863bb314a78a75800ac0799086717ab9a4a593e0a253a3a4f4b0214c8,2023-01,Norfolk Constabulary,Norfolk Constabulary,1.478028,52.527932,On or near Gunton Road,E01026912,South Norfolk 008D,Unable to prosecute suspect
280e3554e3f897186801bc17c9ab5e39acdcaa9199a9a349a37f2e61648984aa,2023-01,Norfolk Constabulary,Norfolk Constabulary,1.220816,52.618488,On or near ,E01026883,South Norfolk 002C,Unable to prosecute suspect
59c95a05429a78f266b484ccfafedd71615728143a8c9a251aa4e94efd58124a,2023-01,Norfolk Constabulary,Norfolk Constabulary,1.736100,52.606363,On or near Marlborough Terrace,E01026623,Great Yarmouth 006B,Investigation complete; no suspect identified
6faa9d99abb66249413e06efc9aa5002b184cb5d08c8650d9c4dfa2456b75026,2023-01,Norfolk Constabulary,Norfolk Constabulary,1.296103,52.625760,On or near ALL SAINTS STREET,E01026822,Norwich 007A,Unable to prosecute suspect
2969047d42bbb3a5b360fa0a2dc679bb57773848f0e1d4eb19f35f80cf37becc,2023-01,Norfolk Constabulary,Norfolk Constabulary,1.727066,52.580383,On or near Duke Road,E01026632,Great Yarmouth 009E,Unable to prosecute suspect
900d650afcceeae1bd36f181dfeafcfed51785ef0fc3e4f160fee9b723e58ad7,2023-01,Norfolk Constabulary,Norfolk Constabulary,1.217295,52.636148,On or near Bowthorpe Hall Road,E01033436,Norwich 005H,Formal action is not in the public interest
3769ff68cc7cfefe2fb07022ec5c6a766b9e3ec9f07a6c1bdf648846c5fd8ef3,2023-01,Norfolk Constabulary,Norfolk Constabulary,,,No location,,,Offender given a caution
61d8adabbe621805264a44e90be186112c9d5e9d8420a703cfbeca675df0bdc6,2023-01,Norfolk Constabulary,Norfolk Constabulary,1.274195,52.652584,On or near Appleyard Crescent,E01026832,Norwich 002E,Unable to prosecute suspect
06f5934c7e260352248887cd0cea84873ab93349da2802b1b34ab1820665215b,2023-01,Norfolk Constabulary,Norfolk Constabulary,1.250030,52.621692,On or near Ruskin Road,E01026860,Norwich 010C,Investigation complete; no suspect identified
9773dbe0f17268ddc83e7a6b345daa7c4de7c2ed72d7fc73b23d3bc1d5b57dd0,2023-01,Norfolk Constabulary,Norfolk Constabulary,1.720413,52.662633,On or near Peter Close,E01026591,Great Yarmouth 003C,Investigation complete; no suspect identified
ba1d3fef11a346f47b3be1b2c5f26fd971089217d257ba19d67c5599cc341593,2023-01,Norfolk Constabulary,Norfolk Constabulary,0.948283,52.680410,On or near Ramillies Close,E01026429,Breckland 003B,Unable to prosecute suspect
18e239089b00b66adf1c519aab67bf7780461de70c5cc7493f9e7ac1715fe1a5,2023-01,Norfolk Constabulary,Norfolk Constabulary,1.292367,52.626970,On or near William Booth Street,E01026822,Norwich 007A,Suspect charged
1e02e7b3fd172cf2321fc89f965c12fbdfa19c516171a03f840aeb8d34038e52,2023-01,Norfolk Constabulary,Norfolk Constabulary,1.217196,52.686928,On or near Coleman Close,E01026519,Broadland 007B,Unable to prosecute suspect
5fd2fe38b1276b6c3cd08949daffb4c914f8e1921f15fb374a18afadff559975,2023-01,Norfolk Constabulary,Norfolk Constabulary,1.229108,52.637185,On or near Ladysmock Way,E01033436,Norwich 005H,Unable to prosecute suspect
08bd8102da3012f7637e3942574001ef4e93e02c69653be6480aa884716251b1,2023-01,Norfolk Constabulary,Norfolk Constabulary,1.321788,52.652059,On or near Stillington Close,E01026560,Broadland 013D,Unable to prosecute suspect
08bd8102da3012f7637e3942574001ef4e93e02c69653be6480aa884716251b1,2023-01,Norfolk Constabulary,Norfolk Constabulary,1.321788,52.652059,On or near Stillington Close,E01026560,Broadland 013D,Unable to prosecute suspect
2ffe4efae207dfef4e314ad40985ff539c108f1dbabf1660b841263623e422a6,2023-01,Norfolk Constabulary,Norfolk Constabulary,1.229108,52.637185,On or near Ladysmock Way,E01033436,Norwich 005H,Unable to prosecute suspect
e75794d05ba835f52ce168c846e94f84f05b7f20c51dba316be75545bbc70d6f,2023-01,Norfolk Constabulary,Norfolk Constabulary,0.850959,52.957494,On or near ,E01026763,North Norfolk 002B,Investigation complete; no suspect identified
14682052e9cafb4104e2b250b1371194746687d7f880e2ac6911d83801839b8b,2023-01,Norfolk Constabulary,Norfolk Constabulary,1.347396,52.656230,On or near Towler Drive,E01026558,Broadland 013B,Unable to prosecute suspect
5fad978b36e81ee2492e58b07162b7c8930e6adec6badf438f447a94a5af50c3,2023-01,Norfolk Constabulary,Norfolk Constabulary,1.383291,52.815667,On or near Windmill Loke,E01026760,North Norfolk 010H,Unable to prosecute suspect
894a6f702da7df804a4e4eb3cc9c31faede6c2efbfc1ab9362317cedc21855fa,2023-01,Norfolk Constabulary,Norfolk Constabulary,0.429682,52.769708,On or near ,E01026669,King's Lynn and West Norfolk 006A,Unable to prosecute suspect
4ce9bae6968e21da5454b055f9df0bdbcecbf5f81a3294f5f69872cde4a0a636,2023-01,Norfolk Constabulary,Norfolk Constabulary,1.259576,52.655056,On or near Ash Close,E01026531,Broadland 011B,Investigation complete; no suspect identified
119dbef108c17e6c05dfaef2884b37c26a1256c7df94a9ee5eb36659301ec6a1,2023-01,Norfolk Constabulary,Norfolk Constabulary,1.297039,52.633082,On or near Fye Bridge Street,E01026823,Norwich 007B,Suspect charged
1296ef44f4fc9cec47bfa8c70b116cd1dc9983b92f3bfe1b6fd0ed2d8e65c2fa,2023-01,Norfolk Constabulary,Norfolk Constabulary,1.287444,52.659655,On or near Concorde Road,E01026797,Norwich 001A,Investigation complete; no suspect identified
a2163f44dc831cadc16f9231dac878638e8fe31d111723f74d9c459337b99ef8,2023-01,Norfolk Constabulary,Norfolk Constabulary,1.300311,52.614113,On or near Stratford Close,E01026817,Norwich 013B,Unable to prosecute suspect
227a9d0dad9e17af1d2b77049350e1aa2a86f2f2bc00e2ff48574742481e4125,2023-01,Norfolk Constabulary,Norfolk Constabulary,1.301005,52.638448,On or near WODEHOUSE STREET,E01026841,Norwich 003A,Unable to prosecute suspect
f35c6cfedc0bc2d90068481e564dbeaee623104a02861733cc13d4005ed797da,2023-01,Norfolk Constabulary,Norfolk Constabulary,1.258525,52.791444,On or near Rippingall Close,E01026501,Broadland 001C,Unable to prosecute suspect
31c108b56cc426f2f4470ee341a6601f45ae9bafc8ebec502a43cb4505527ca0,2023-01,Norfolk Constabulary,Norfolk Constabulary,1.229398,52.570490,On or near Catbridge Lane,E01026915,South Norfolk 009C,Unable to prosecute suspect
1be87f77c3e60001459e9d228e5c2a5b51354ec1327621d86334d3ee17b43c59,2023-01,Norfolk Constabulary,Norfolk Constabulary,0.752329,52.629939,On or near White Oaks,E01026495,Breckland 008D,Offender given a caution
3f6071f77aad10f8452e926cb38a4ed8fa586116ca8f67de6a0169410b959d51,2023-01,Norfolk Constabulary,Norfolk Constabulary,1.294046,52.639874,On or near Heath Road,E01026846,Norwich 003F,Unable to prosecute suspect
c450d1f6293439a8553d6de9a541f1bc7c62f44457f50c0a25b8cef09383a17b,2023-01,Norfolk Constabulary,Norfolk Constabulary,1.294046,52.639874,On or near Heath Road,E01026846,Norwich 003F,Unable to prosecute suspect
9c77293c5eb034f058adfa5ab1433b48df2cf0fbb4bb5bab944ed8df707fdec5,2023-01,Norfolk Constabulary,Norfolk Constabulary,1.217391,52.938419,On or near Pine Grove,E01026771,North Norfolk 001B,Suspect charged
853a7d96287ec883bd68ab463f4108a6984406992f7028d7394182a2696eda54,2023-01,Norfolk Constabulary,Norfolk Constabulary,1.216498,52.940422,On or near Robertson Close,E01026771,North Norfolk 001B,Unable to prosecute suspect
3f867e55f4a8192736801d7bce338133142a946352c51804ddf70c1e8f84b3af,2023-01,Norfolk Constabulary,Norfolk Constabulary,1.289431,52.660706,On or near Whitethorn Close,E01026799,Norwich 001C,Investigation complete; no suspect identified
19a190955096bfcdff95a2fb3e04b01a1d3d74b4dfd9235980c8642f31f40f19,2023-01,Norfolk Constabulary,Norfolk Constabulary,0.948130,52.681871,On or near Malthouse Court,E01026429,Breckland 003B,Unable to prosecute suspect
815b18c0572d2a86fe9453ba300a5bc28879ee122a90189487bf92c70411e45a,2023-01,Norfolk Constabulary,Norfolk Constabulary,1.065085,52.841756,On or near Woodland Lane,E01026730,North Norfolk 008B,Investigation complete; no suspect identified
0bd07c1d0663af73f1d7d989f17a1c42a7b6f077cba114aea6db05bb15403db8,2023-01,Norfolk Constabulary,Norfolk Constabulary,1.270664,52.652637,On or near Mitre Court,E01026833,Norwich 002F,Unable to prosecute suspect
21ba988b454445e7e97fb383dea1911714469995a10eba5b31627a74f3626c97,2023-01,Norfolk Constabulary,Norfolk Constabulary,1.291365,52.633707,On or near Rosemary Lane,E01026823,Norwich 007B,Suspect charged
24d6f4c04c0e0ab9491bb32b4f3fa9028c5429726978c060796899afe5916a40,2023-01,Norfolk Constabulary,Norfolk Constabulary,,,No location,,,Unable to prosecute suspect
7052ba4694181de402c0f439471c89f6da81f3c65c81e39428519a2a39ca2b49,2023-01,Norfolk Constabulary,Norfolk Constabulary,1.217808,52.937814,On or near Huntley Crescent,E01026771,North Norfolk 001B,Suspect charged
7052ba4694181de402c0f439471c89f6da81f3c65c81e39428519a2a39ca2b49,2023-01,Norfolk Constabulary,Norfolk Constabulary,1.217808,52.937814,On or near Huntley Crescent,E01026771,North Norfolk 001B,Suspect charged
035f898b560fe3d11c0689c7b4915c4c2c1d640a0e318400ffc9871777dd1d4d,2023-01,Norfolk Constabulary,Norfolk Constabulary,1.733063,52.602105,On or near Old Wellington Passage,E01026624,Great Yarmouth 006C,Unable to prosecute suspect
be331627857bf74dea976335f018a72792ed9068423c4ceb4ae6d5893b44278f,2023-01,Norfolk Constabulary,Norfolk Constabulary,1.084183,52.948681,On or near Bard Hill,E01026741,North Norfolk 004A,Unable to prosecute suspect
ef9232c4a5cb17802bfb5ef10a5ef5c7a8e7b789cad9b608555378c708b9a512,2023-01,Norfolk Constabulary,Norfolk Constabulary,1.719972,52.578564,On or near ,E01026630,Great Yarmouth 010D,Action to be taken by another organisation
1f959ee1b95145d68abd64e289d6b554ca8194aac0fe2def55a0299a0d2ad8a1,2023-01,Norfolk Constabulary,Norfolk Constabulary,0.547757,52.772085,On or near The Walnuts,E01026675,King's Lynn and West Norfolk 012C,Local resolution
07c88c49164b451b9ebcc280770bfc6fb1bea06e5e2f3262779cbab1035cc51d,2023-01,Norfolk Constabulary,Norfolk Constabulary,0.935386,52.686675,On or near Sandy Lane East,E01026428,Breckland 003A,Investigation complete; no suspect identified
3a11b88e92577e0710a3e1df8c0046843ad9fd4f7fe6bd902d7caf9550b9cfa2,2023-01,Norfolk Constabulary,Norfolk Constabulary,1.120404,52.574584,On or near Folly Gardens,E01026946,South Norfolk 007E,Unable to prosecute suspect
3eb733b2ee3ffffe1a5f7bfa7847c8dfc5e52a81bda6aba3bee5804790f9de75,2023-01,Norfolk Constabulary,Norfolk Constabulary,1.000348,52.516617,On or near Snapdragon Close,E01026447,Breckland 011C,Unable to prosecute suspect
96102683c2c8d7ef1983a29b7c258a9768cafa61007feba804f6fcab09b7342b,2023-01,Norfolk Constabulary,Norfolk Constabulary,1.000348,52.516617,On or near Snapdragon Close,E01026447,Breckland 011C,Investigation complete; no suspect identified
2d5b13eba3b3b8e32abe794d1e11d897568e430b9dd97934afb19d2876e3b17e,2023-01,Norfolk Constabulary,Norfolk Constabulary,1.499703,52.519179,On or near Green Road,E01026899,South Norfolk 010B,Unable to prosecute suspect
2377dfa6d13e11abc4df908bc9936f58b5892bc6c69dc3879bfe57cff0e6ead4,2023-01,Norfolk Constabulary,Norfolk Constabulary,1.088376,52.907232,On or near ,E01026743,North Norfolk 004C,Unable to prosecute suspect
e30dfe713777921340c590fdcc688c82ff42bc3111bb9612f497f2732903111d,2023-01,Norfolk Constabulary,Norfolk Constabulary,0.820518,52.573164,On or near Goffe Close,E01026486,Breckland 009A,Unable to prosecute suspect
2816bfae7b3925aa9b683b0da98e14a66a7e5f2143ab199ed87e5f1fcdefd60d,2023-01,Norfolk Constabulary,Norfolk Constabulary,,,No location,,,Investigation complete; no suspect identified
cc0bb09a7958c485b29beaf785e80b4b1f28e8ff9a41df5347df703f568fa356,2023-01,Norfolk Constabulary,Norfolk Constabulary,0.929239,52.528409,On or near Rectory Road,E01026419,Breckland 010A,Unable to prosecute suspect
53c3a08a56b9daba2d30c351e6d33e56a4af1e60eb092af3c32985d4296d50f1,2023-01,Norfolk Constabulary,Norfolk Constabulary,1.036913,52.856887,On or near Kitchener Road,E01026729,North Norfolk 008A,Investigation complete; no suspect identified
c61234995746d5c8a05632b1a016c2c33c7145143fd5c911a0ab92b26b6764c0,2023-01,Norfolk Constabulary,Norfolk Constabulary,0.765460,52.423370,On or near Frobisher Close,E01026473,Breckland 016F,Investigation complete; no suspect identified
5c53da3b1cfe2a7994b3b2e967d2029caae1b09df4bb70b64abc00754c64c86a,2023-01,Norfolk Constabulary,Norfolk Constabulary,1.202849,52.646217,On or near St Walstan's Close,E01026925,South Norfolk 001F,Investigation complete; no suspect identified
1ee75d153859d1f221a6bebd9bfeac17738cbbac63f64bda83a6baac6b933bb2,2023-01,Norfolk Constabulary,Norfolk Constabulary,1.309128,52.622087,On or near ,E01033441,Norwich 014D,Unable to prosecute suspect
b496e0ba102a2f9c95f9cd1e939c47a2d34a6d2ab5dfdf498575d45218d2730f,2023-01,Norfolk Constabulary,Norfolk Constabulary,1.722379,52.570384,On or near Elmgrove Road,E01026618,Great Yarmouth 011B,Unable to prosecute suspect
be3d68124cee06fea9317989272dc529ed1dd68274730eaa10f0e5b275b20ff8,2023-01,Norfolk Constabulary,Norfolk Constabulary,0.731170,52.418349,On or near DURHAM WAY,E01026467,Breckland 015C,Suspect charged
be3d68124cee06fea9317989272dc529ed1dd68274730eaa10f0e5b275b20ff8,2023-01,Norfolk Constabulary,Norfolk Constabulary,0.731170,52.418349,On or near DURHAM WAY,E01026467,Breckland 015C,Suspect charged
be3d68124cee06fea9317989272dc529ed1dd68274730eaa10f0e5b275b20ff8,2023-01,Norfolk Constabulary,Norfolk Constabulary,0.731170,52.418349,On or near DURHAM WAY,E01026467,Breckland 015C,Suspect charged
666999b46febaa48d0362666e8b43a41aa301fbe879c1bbf9aa2fb0a4a128131,2023-01,Norfolk Constabulary,Norfolk Constabulary,1.735695,52.606115,On or near Apsley Road,E01026623,Great Yarmouth 006B,Unable to prosecute suspect
7217e80a85448c14634add68d6ea0ab7798ff6cba47aa3f726966f77716fc5c8,2023-01,Norfolk Constabulary,Norfolk Constabulary,1.241822,52.629795,On or near Richenda Close,E01026861,Norwich 010D,Investigation complete; no suspect identified
ae3c693487c19cc801343e0dd525dfccd66c0627c3e40db3a132220560c087db,2023-01,Norfolk Constabulary,Norfolk Constabulary,1.735695,52.606115,On or near Apsley Road,E01026623,Great Yarmouth 006B,Investigation complete; no suspect identified
fc47f3dc15b2ffe7ed1c5616301f95de238ba072ea2d34e778fee9fc034c75ed,2023-01,Norfolk Constabulary,Norfolk Constabulary,1.478028,52.527932,On or near Gunton Road,E01026912,South Norfolk 008D,Unable to prosecute suspect
b5ff1da234a9fb051ead6f2202d8ff6b056540c96cc28b3b64c978d63f962bd5,2023-01,Norfolk Constabulary,Norfolk Constabulary,1.342418,52.564239,On or near Wellesley Close,E01026928,South Norfolk 006E,Unable to prosecute suspect
bd8181164bb5dd9285ac0e52e27d7faeb5778f6989faea06763a2070460857a4,2023-01,Norfolk Constabulary,Norfolk Constabulary,1.108942,52.574274,On or near Cock Street,E01026870,South Norfolk 005A,Investigation complete; no suspect identified
8c33f60f577a70bc175b0a56e3cd1967d5fe170ce337482e16d19a6bfe489952,2023-01,Norfolk Constabulary,Norfolk Constabulary,0.955965,52.678915,On or near Dreibholz Court,E01026426,Breckland 005B,Unable to prosecute suspect
97bd0f34c7f2778bdfad70f64d70b8d2cda41f3442ddb35f45ec7b447a4c063f,2023-01,Norfolk Constabulary,Norfolk Constabulary,1.744504,52.491368,On or near Churchill Close,E01030277,Waveney 002C,Unable to prosecute suspect
326270bed739e3275236fb21ba3979b74cba3e97d61fd2171dae7be079cd726c,2023-01,Norfolk Constabulary,Norfolk Constabulary,1.235043,52.612039,On or near STRATFORD CRESCENT,E01026882,South Norfolk 002B,Unable to prosecute suspect
d55e29fc89e7ce654d6d753fcc0bf024b82d838db1f3c01b3a53c296db169f30,2023-01,Norfolk Constabulary,Norfolk Constabulary,1.244570,52.700813,On or near Sole Close,E01026536,Broadland 004D,Unable to prosecute suspect
90791e86b6b97da2ef6a966e0e07b4c5aa4a09d3903603d04cfb43275a60e224,2023-01,Norfolk Constabulary,Norfolk Constabulary,1.235513,52.642244,On or near Marshall Close,E01026916,South Norfolk 001A,Unable to prosecute suspect
f62bb87ecfd5f3a02e8c93aced1c6448bd586261f43fe6cac16087c8cbe17685,2023-01,Norfolk Constabulary,Norfolk Constabulary,0.955965,52.678915,On or near Dreibholz Court,E01026426,Breckland 005B,Unable to prosecute suspect
ade386f59b26ab1cd10ddce0b4a2e8c642b6dc3b68366f7dafecc83be5361e4c,2023-01,Norfolk Constabulary,Norfolk Constabulary,0.399518,52.754164,On or near Kings Lynn Bus Station,E01026698,King's Lynn and West Norfolk 011A,Unable to prosecute suspect
6bef5529fa3ac4fdbf3f56030a3ee8e859b4b528d28d172c0974af2679d4a601,2023-01,Norfolk Constabulary,Norfolk Constabulary,1.698762,52.574975,On or near FELLOWES DRIVE,E01026585,Great Yarmouth 013A,Suspect charged
cd86571588470b5c59ef5d092f2be8940f1770f92ad4879625e21746f490226a,2023-01,Norfolk Constabulary,Norfolk Constabulary,1.719884,52.606793,On or near Beavans Court,E01026635,Great Yarmouth 007D,Local resolution
31d438fbe1fb34eb20fce5ee0c7a8312000c11bf3f55d03ff774b8ccf93c2e81,2023-01,Norfolk Constabulary,Norfolk Constabulary,1.297039,52.633082,On or near Fye Bridge Street,E01026823,Norwich 007B,Formal action is not in the public interest
b134be7b30a3115c5ba16b930af99267fb1250fb32ce18d5dda60b5c5c0efe41,2023-01,Norfolk Constabulary,Norfolk Constabulary,0.500186,52.878697,On or near CANADA CLOSE,E01026702,King's Lynn and West Norfolk 003E,Suspect charged
266a43b23de3c0288fba409c59d830602a9fc832194318727fa20aec4eff9460,2023-01,Norfolk Constabulary,Norfolk Constabulary,1.531597,52.712902,On or near Laurels Crescent,E01026784,North Norfolk 014D,Unable to prosecute suspect
ca09dbbc3ee1569356d09aca6b559271e917e642e1fbc91c181353b6009a6e5f,2023-01,Norfolk Constabulary,Norfolk Constabulary,1.531597,52.712902,On or near Laurels Crescent,E01026784,North Norfolk 014D,Unable to prosecute suspect
7d983add205f2f1a54002ce3e255bfb03fe14f8f448b435c58bd3693bc1a9dc3,2023-01,Norfolk Constabulary,Norfolk Constabulary,1.275965,52.638487,On or near Edward Gambling Court,E01026825,Norwich 007D,Investigation complete; no suspect identified
6cccb1f9eeb98baa3ea3d59195041f5f546687832e280f98a19538c04979776c,2023-01,Norfolk Constabulary,Norfolk Constabulary,1.228934,52.633016,On or near CRESSWELL CLOSE,E01033436,Norwich 005H,Investigation complete; no suspect identified
85c6b6e6077f9819b312bab7e31b957549a47a49d8ddaabc710087a0f7a430b0,2023-01,Norfolk Constabulary,Norfolk Constabulary,0.403101,52.756267,On or near Littleport Street,E01026698,King's Lynn and West Norfolk 011A,Unable to prosecute suspect
4550b6d00c9276cc31a4e21f563af601acdc995020ab06043ee80a46bedb8a86,2023-01,Norfolk Constabulary,Norfolk Constabulary,1.326121,52.635506,On or near SUPPLE CLOSE,E01026808,Norwich 004F,Unable to prosecute suspect
6c3526324b44fc4d490f583acf5fd5ef8dee7847c3d1fae324b88a18799815e2,2023-01,Norfolk Constabulary,Norfolk Constabulary,1.273219,52.635182,On or near Finchley Court,E01026866,Norwich 006D,Investigation complete; no suspect identified
4a69b4a5dc083258f8430b8d9441bef4465c063e95e4d59338213f9387278654,2023-01,Norfolk Constabulary,Norfolk Constabulary,1.201863,52.933551,On or near Scotter Rise,E01026772,North Norfolk 001C,Investigation complete; no suspect identified
17bb0089562178f6c7b42c45793444e11376ac35a38a25b14bf259ed96ffcf03,2023-01,Norfolk Constabulary,Norfolk Constabulary,0.406611,52.757832,On or near Homeland Road,E01026668,King's Lynn and West Norfolk 009C,Unable to prosecute suspect
7e079a538443b2d864226cfd710be5628467599956a68d6bf2d24a4c8b9bd807,2023-01,Norfolk Constabulary,Norfolk Constabulary,0.186472,52.673046,On or near All Saints Avenue,E01026685,King's Lynn and West Norfolk 013B,Unable to prosecute suspect
d17107b8150b4befb088ef5cd82a0c39d1c5bfc4b278b8ac4a3c27ba082a595c,2023-01,Norfolk Constabulary,Norfolk Constabulary,0.489455,52.934706,On or near Melton Drive,E01026680,King's Lynn and West Norfolk 001A,Unable to prosecute suspect
db80e81da2b7f0ac2159ff4853a2e6daa0092943251c7f453e1159b242a52bf9,2023-01,Norfolk Constabulary,Norfolk Constabulary,1.326121,52.635506,On or near SUPPLE CLOSE,E01026808,Norwich 004F,Unable to prosecute suspect
d07659cd5fc66f1ae861b4e2f06a70c0f411f6ae1d15f61b3b282f52cf163d70,2023-01,Norfolk Constabulary,Norfolk Constabulary,1.326989,52.636426,On or near ,E01026804,Norwich 004B,Unable to prosecute suspect
68199d163dcf40761dcb9ef4e491421784d8a035aa675534c7fc3ee7d1707c33,2023-01,Norfolk Constabulary,Norfolk Constabulary,0.926212,52.677172,On or near Redfern Close,E01026452,Breckland 004B,Unable to prosecute suspect
83bd3917c27aae548a650f9109e26a690ef78f140ad6b839f3901f7ecf67a6fd,2023-01,Norfolk Constabulary,Norfolk Constabulary,1.293132,52.626148,On or near ,E01026822,Norwich 007A,Investigation complete; no suspect identified
3a8f9f415312f85a2f0427f1b39d042f3222ec7521dc9a1e1a469af42680e2f8,2023-01,Norfolk Constabulary,Norfolk Constabulary,1.319237,52.637318,On or near Knox Close,E01026806,Norwich 004D,Unable to prosecute suspect
27be8a7e6a01d25f5cbe4b610595be78966fac6f7dd5320b5bfbf414d26161c2,2023-01,Norfolk Constabulary,Norfolk Constabulary,0.968252,52.682717,On or near Sallow Walk,E01026430,Breckland 003C,Investigation complete; no suspect identified
1a9d8a66328df1ae32da12dfc733659dc40f28703713942eff339457e4afb4c6,2023-01,Norfolk Constabulary,Norfolk Constabulary,0.502651,52.850779,On or near Hunstanton Road,E01026653,King's Lynn and West Norfolk 004A,Suspect charged
3b5879f44c7bd922b5ec0cbfabb0b366302e6dc617f726814289fb97c9ee823d,2023-01,Norfolk Constabulary,Norfolk Constabulary,0.671559,52.457966,On or near ,E01029928,Forest Heath 001C,Investigation complete; no suspect identified
d611380f657dd8934eb740939cc99fec9f3aee6d5df63ea7959d535054401050,2023-01,Norfolk Constabulary,Norfolk Constabulary,0.749413,52.416298,On or near Supermarket,E01026469,Breckland 016B,Suspect charged
2b8f22857ccb3e42873db5e5ea4fff6904b1659467bd696cef29a876e891e388,2023-01,Norfolk Constabulary,Norfolk Constabulary,1.307342,52.403012,On or near Jay's Green,E01026902,South Norfolk 013D,Investigation complete; no suspect identified
46ff86b065771bb5b598e88b3609e773e2769b4419f03bb7737c1ae56dfad495,2023-01,Norfolk Constabulary,Norfolk Constabulary,1.043192,52.478093,On or near St Andrew's Close,E01026421,Breckland 013A,Suspect charged
57ff118db8cb7a71140cf4afd664174806a35c0f5d55c69da4ff90fca4066d88,2023-01,Norfolk Constabulary,Norfolk Constabulary,1.309289,52.623252,On or near Koblenz Avenue,E01033441,Norwich 014D,Suspect charged
57446578b0e90eac595f8ee97adb9ede665542b036adc3f5a0c2ba7515624040,2023-01,Norfolk Constabulary,Norfolk Constabulary,1.735782,52.613560,On or near Sandown Road,E01026595,Great Yarmouth 005A,Unable to prosecute suspect
96975f650afccba9bcccf28b42fbc177df1158cd01702e839c9b31289e55a5d4,2023-01,Norfolk Constabulary,Norfolk Constabulary,1.295213,52.627089,On or near Orford Street,E01026822,Norwich 007A,Investigation complete; no suspect identified
13a32fff6befbedb2c7593e98b88ec54f0723354d056f4c00dbea75eb203e1f0,2023-01,Norfolk Constabulary,Norfolk Constabulary,1.735782,52.613560,On or near Sandown Road,E01026595,Great Yarmouth 005A,Unable to prosecute suspect
5a0e6d5cbf9ba9450fc90f4f27f5c538b7761a684d1c98de6cfef1d90f69edb9,2023-01,Norfolk Constabulary,Norfolk Constabulary,1.220249,52.675127,On or near Station Road,E01026521,Broadland 007D,Unable to prosecute suspect
b81ee818debbd39059b95321c764db0ec7af2867feb88aa5ad40d406b749b06d,2023-01,Norfolk Constabulary,Norfolk Constabulary,1.326121,52.635506,On or near SUPPLE CLOSE,E01026808,Norwich 004F,Unable to prosecute suspect
d7cbe0e526281e0ff8e258f0ec292b5e02a0b0488ca0a142916ea604990664a3,2023-01,Norfolk Constabulary,Norfolk Constabulary,1.713501,52.567524,On or near Brasenose Avenue,E01026619,Great Yarmouth 011C,Unable to prosecute suspect
09ab1b1556f055e93de078d05a3b3825cdfe582b10c3cc52a44bc924c63808e4,2023-01,Norfolk Constabulary,Norfolk Constabulary,1.726557,52.604118,On or near Gaol Row Number 106,E01026625,Great Yarmouth 006D,Unable to prosecute suspect
1695a975d57057a448cd30c311c2bb67de3692d4408b2598a23a6b52abeffd3d,2023-01,Norfolk Constabulary,Norfolk Constabulary,1.128759,52.576872,On or near Norwich Road,E01026933,South Norfolk 007C,Unable to prosecute suspect
ab65d4921b98495834a79d71ba5fed726555809940db3e0f279f2d946bfde482,2023-01,Norfolk Constabulary,Norfolk Constabulary,0.410683,52.756327,On or near ,E01026668,King's Lynn and West Norfolk 009C,Unable to prosecute suspect
43e5c458bcdcf688481d35eed0251a776605f1f57896421121dbc5cbe5b231a0,2023-01,Norfolk Constabulary,Norfolk Constabulary,1.299674,52.640014,On or near Beaconsfield Road,E01026841,Norwich 003A,Investigation complete; no suspect identified
339358e6d66282e84b788117c07157ca1552b7fd3fa51d98c986b5f168bafb6e,2023-01,Norfolk Constabulary,Norfolk Constabulary,0.942152,52.763907,On or near Broom Green Road,E01026483,Breckland 001E,Investigation complete; no suspect identified
bc8f114296dc01ba1c4f196c46c335c673f2b17378793e331001e76efb666c27,2023-01,Norfolk Constabulary,Norfolk Constabulary,1.236028,52.555092,On or near PIGHLTE CLOSE,E01026915,South Norfolk 009C,Investigation complete; no suspect identified
de68567322d7fd8039f1a4bad656fbb253536dff81abe06f2dbc28f03fae6a35,2023-01,Norfolk Constabulary,Norfolk Constabulary,0.373651,52.601826,On or near ,E01033039,King's Lynn and West Norfolk 017H,Investigation complete; no suspect identified
a3cbfb653b9b625709027b9f7bfac7a7a4a2af1eb1235899441b0250122a3876,2023-01,Norfolk Constabulary,Norfolk Constabulary,0.944268,52.674395,On or near Cabinet Close,E01026427,Breckland 005C,Unable to prosecute suspect
cbc0bc622a750dd7ef32fbdc71207f655445d73cee8b03c541d2088c2b796451,2023-01,Norfolk Constabulary,Norfolk Constabulary,1.336594,52.640643,On or near Holmes Close,E01026803,Norwich 004A,Unable to prosecute suspect
c5311e9ad39332cfff147ebeb31a1095ff71d2f2e64419aa125c6b117ecda4e3,2023-01,Norfolk Constabulary,Norfolk Constabulary,1.336594,52.640643,On or near Holmes Close,E01026803,Norwich 004A,Unable to prosecute suspect
77b3e8e7a584e5df75e8249b04724d0731e3cec3b0037c9d916bc7905328b352,2023-01,Norfolk Constabulary,Norfolk Constabulary,1.337374,52.661936,On or near Everett Close,E01026561,Broadland 013E,Unable to prosecute suspect
7aa7b01c3d64867de030efffddecd0eea3f965a8f6321c0a898ea2d67b77214f,2023-01,Norfolk Constabulary,Norfolk Constabulary,1.313628,52.624542,On or near Clarence Road,E01033439,Norwich 014B,Unable to prosecute suspect
e7417c7a74205450044d743a3853157f6f38fa938f51b3ecb1420ce128fc0bdb,2023-01,Norfolk Constabulary,Norfolk Constabulary,0.948283,52.680410,On or near Ramillies Close,E01026429,Breckland 003B,Unable to prosecute suspect
e7417c7a74205450044d743a3853157f6f38fa938f51b3ecb1420ce128fc0bdb,2023-01,Norfolk Constabulary,Norfolk Constabulary,0.948283,52.680410,On or near Ramillies Close,E01026429,Breckland 003B,Unable to prosecute suspect
a91a298a1d2a64a145ce00e5dda959d7dc244a050a7f2782f4cb94e03c559977,2023-01,Norfolk Constabulary,Norfolk Constabulary,1.281609,52.634698,On or near Haslips Close,E01026824,Norwich 007C,Unable to prosecute suspect
e425e2777a80c57c083ba93f2bfa88ad791b1ed06bc7a31eee8dd6da1d8f42cb,2023-01,Norfolk Constabulary,Norfolk Constabulary,1.729944,52.607816,On or near Supermarket,E01026597,Great Yarmouth 005C,Unable to prosecute suspect
3818253c4ef6d807319190da948bd44d3a5657c7f613ac045f77ec808eb673b8,2023-01,Norfolk Constabulary,Norfolk Constabulary,1.125241,52.371997,On or near Victory Court,E01033539,South Norfolk 015G,Unable to prosecute suspect
bc83a145e3195c8b8e5b7b8082e2219bbaa757524f6a1576ffeaf5ea3affd9e2,2023-01,Norfolk Constabulary,Norfolk Constabulary,0.433863,52.748455,On or near Leafield Road,E01026662,King's Lynn and West Norfolk 010A,Unable to prosecute suspect
e9cf9f0647c73401e04e04d31a66f23929e52c1b76d12c0f6d938235563b1adb,2023-01,Norfolk Constabulary,Norfolk Constabulary,1.727546,52.566732,On or near Victoria Road,E01026611,Great Yarmouth 010B,Offender given a caution
6bfbb09df0ea9a13ef9cfd6167959ff83f0c6a0a30168b2c44b2a2235f623a73,2023-01,Norfolk Constabulary,Norfolk Constabulary,1.296398,52.643424,On or near Clare Close,E01026843,Norwich 003C,Unable to prosecute suspect
653b0100d14522f65ad728f3a47a7f796a70033133b6e99b111bfbe2856cca88,2023-01,Norfolk Constabulary,Norfolk Constabulary,0.858004,52.567885,On or near Centenary Way,E01033040,Breckland 010F,Unable to prosecute suspect
29f643c3919fa57174e9296e2b6dde0acba35e2bdfe5f502b23ba960c7b67a95,2023-01,Norfolk Constabulary,Norfolk Constabulary,0.410348,52.737996,On or near ,E01026704,King's Lynn and West Norfolk 011D,Investigation complete; no suspect identified
4a654e240b258cef77787bc1832590267d56fd240b8ec43a210039c83d6fa831,2023-01,Norfolk Constabulary,Norfolk Constabulary,1.258949,52.538256,On or near Lime Kiln Close,E01026919,South Norfolk 009D,Unable to prosecute suspect
81aac4c82276e15c585ec0815079e9639d68dcc5e637b53305af945ba697d98c,2023-01,Norfolk Constabulary,Norfolk Constabulary,1.334669,52.644286,On or near Aviary Way,E01026805,Norwich 004C,Unable to prosecute suspect
3258b748d8e0034cef771206dcfb3cfb04f6e0e66866ca8a3b66f9ceb17be874,2023-01,Norfolk Constabulary,Norfolk Constabulary,1.300413,52.620576,On or near Kensington Place,E01026816,Norwich 013A,Unable to prosecute suspect
af7ae169a00cfb935e43e3bea47a7aa1adff63e031eefbc1184ab53ca20da08b,2023-01,Norfolk Constabulary,Norfolk Constabulary,1.293132,52.626148,On or near ,E01026822,Norwich 007A,Unable to prosecute suspect
5973af6439480a77e978c50405014662fe3bfe3685c88b7cc494e3920f77605f,2023-01,Norfolk Constabulary,Norfolk Constabulary,1.286334,52.641716,On or near Lime Kiln Mews,E01026830,Norwich 002C,Suspect charged
fa2e12332f6fa8f582b322814d98c3a4475c0da18692ecf22f514a6b3e2d9c63,2023-01,Norfolk Constabulary,Norfolk Constabulary,1.721506,52.613893,On or near SCHOOL ROAD,E01026596,Great Yarmouth 005B,Unable to prosecute suspect
fa2e12332f6fa8f582b322814d98c3a4475c0da18692ecf22f514a6b3e2d9c63,2023-01,Norfolk Constabulary,Norfolk Constabulary,1.721506,52.613893,On or near SCHOOL ROAD,E01026596,Great Yarmouth 005B,Unable to prosecute suspect
af720ef387fc7610b4a6f7a812d11eb876835b274dbb11a9a16b00d0f833f882,2023-01,Norfolk Constabulary,Norfolk Constabulary,1.729890,52.615347,On or near Belvidere Road,E01026595,Great Yarmouth 005A,Unable to prosecute suspect
fc8078e09e67402c44fecad46a5c9053c56b47c5d59389129511791027af6f1d,2023-01,Norfolk Constabulary,Norfolk Constabulary,1.730663,52.608450,On or near The Crans,E01026597,Great Yarmouth 005C,Local resolution
fc8078e09e67402c44fecad46a5c9053c56b47c5d59389129511791027af6f1d,2023-01,Norfolk Constabulary,Norfolk Constabulary,1.730663,52.608450,On or near The Crans,E01026597,Great Yarmouth 005C,Local resolution
a2905853ab279c53d206b8fe47b6958f8f3717b7788b620a93f1b205a4cbb9e0,2023-01,Norfolk Constabulary,Norfolk Constabulary,1.287320,52.645997,On or near Sawmill Court,E01026829,Norwich 002B,Action to be taken by another organisation
127ff00d475607129e67507aa06be0bc2c463f2b7791333449204bfae6d0f51c,2023-01,Norfolk Constabulary,Norfolk Constabulary,0.395542,52.756240,On or near Market Lane,E01026698,King's Lynn and West Norfolk 011A,Investigation complete; no suspect identified
1856416b324733919eaa65e17eb5ea1f416b3530140cdd02371db4613b7baf15,2023-01,Norfolk Constabulary,Norfolk Constabulary,0.225209,52.673862,On or near HARP'S HALL ROAD,E01026721,King's Lynn and West Norfolk 013E,Investigation complete; no suspect identified
d8f396c008c83acdb2d89ad57309b3234811e83d0816a3cf065712444d201f83,2023-01,Norfolk Constabulary,Norfolk Constabulary,0.377016,52.601506,On or near ,E01033039,King's Lynn and West Norfolk 017H,Investigation complete; no suspect identified
0b21a2daac683b6ccf99451077fcb4ad0c53b6e07e96bb6433c702d8adc15b42,2023-01,Norfolk Constabulary,Norfolk Constabulary,1.660814,52.569788,On or near Orwell Crescent,E01026615,Great Yarmouth 012C,Unable to prosecute suspect
ca07a7dfdc09ce523bf34484651b2444a870a13fcc3d6699ccb45b3698ee0d61,2023-01,Norfolk Constabulary,Norfolk Constabulary,1.271066,52.651286,On or near Lefroy Road,E01026833,Norwich 002F,Suspect charged
351f1e1b8fb4b7a6b02847423c61bb172c6a193675cf422f012612f4373c9dec,2023-01,Norfolk Constabulary,Norfolk Constabulary,1.112619,52.379102,On or near Uplands Way,E01026888,South Norfolk 015A,Unable to prosecute suspect
51b6d9600585589d31bdcf473cd5ea39181c83d2652b888a07c58e939e240d9f,2023-01,Norfolk Constabulary,Norfolk Constabulary,1.280201,52.602054,On or near Kirklees,E01026821,Norwich 013F,Unable to prosecute suspect
9347917876b96637784dead5ec86ca1d46e8ec0f5275d3670c4ff51a9598583d,2023-01,Norfolk Constabulary,Norfolk Constabulary,0.424978,52.755489,On or near Gaywood Hall Drive,E01026666,King's Lynn and West Norfolk 009A,Further investigation is not in the public interest
4c299866c8cd852acf2872e41954176f4ce74528877ffd5d8d84610f3e09d744,2023-01,Norfolk Constabulary,Norfolk Constabulary,1.716857,52.680851,On or near The Promenade,E01026628,Great Yarmouth 001E,Unable to prosecute suspect
6fdd918dbe3072df533b08c97b427185945444e6c700c66d94a20b13094d73c5,2023-01,Norfolk Constabulary,Norfolk Constabulary,0.373875,52.599681,On or near Trafalgar Road,E01026707,King's Lynn and West Norfolk 017D,Local resolution
41a9e9406083fc19981ca3246a803987ee5f0964bae0e420393b4433dd2a83dc,2023-01,Norfolk Constabulary,Norfolk Constabulary,0.747684,52.428703,On or near Roman Way,E01026466,Breckland 015B,Unable to prosecute suspect
1c37ad057e7069e9ab1e3e6028cd8bd539155487be195f20880e92e436abb723,2023-01,Norfolk Constabulary,Norfolk Constabulary,1.280201,52.602054,On or near Kirklees,E01026821,Norwich 013F,Unable to prosecute suspect
5daf495ed442c7eb6663767fd9f74e5018eb95a8b3cd9999a536ffb57cc6644b,2023-01,Norfolk Constabulary,Norfolk Constabulary,1.716857,52.680851,On or near The Promenade,E01026628,Great Yarmouth 001E,Unable to prosecute suspect
fafc353a6c31e5ba7a3be5cf99c854f562ae2aa1d685179aff4b149fe4f4a85d,2023-01,Norfolk Constabulary,Norfolk Constabulary,0.747684,52.428703,On or near Roman Way,E01026466,Breckland 015B,Unable to prosecute suspect
57633b6840d7cb623a40bdbdce1265511f1cb90482d85349a2fe56a24e63eea0,2023-01,Norfolk Constabulary,Norfolk Constabulary,1.139642,52.580829,On or near Poppy Street,E01026933,South Norfolk 007C,Investigation complete; no suspect identified
045d7b6861754756bdc84c84adbbccc83115e662e424dee8fc966117295ac738,2023-01,Norfolk Constabulary,Norfolk Constabulary,0.389042,52.555451,On or near Ely Road,E01026679,King's Lynn and West Norfolk 018A,Unable to prosecute suspect
80bdc79c7ac98c2946b8482b89f493c81d299227340dc606a248f7a778e273d2,2023-01,Norfolk Constabulary,Norfolk Constabulary,1.204081,52.934561,On or near Grice Close,E01026773,North Norfolk 001D,Investigation complete; no suspect identified
a6a572a60eade84785d8031a97c16eb491411cb7c21bf29a3b6e9ef931b8a75b,2023-01,Norfolk Constabulary,Norfolk Constabulary,0.489455,52.934706,On or near Melton Drive,E01026680,King's Lynn and West Norfolk 001A,Investigation complete; no suspect identified
63b63a33ea81d73cf9f0a8071a974776b07fd1cbb727f6ffec74164b0ecbce6f,2023-01,Norfolk Constabulary,Norfolk Constabulary,1.255735,52.633434,On or near Ivy Road,E01026865,Norwich 006C,Unable to prosecute suspect
1c7a75d78af0fd044e570e49dc52e00fc6fd3ff9428e1a0c079deda56027e2b4,2023-01,Norfolk Constabulary,Norfolk Constabulary,1.292367,52.626970,On or near William Booth Street,E01026822,Norwich 007A,Unable to prosecute suspect
0c9842622c6de483289052b98b60f00aff0e80624289ba971623f165db48ad7d,2023-01,Norfolk Constabulary,Norfolk Constabulary,0.745142,52.405084,On or near Petrol Station,E01026478,Breckland 017E,Suspect charged
9aa6ff4c3cdfa5dad2914eed9c87c4a51beefca030474dd2087e4fa7e0325be5,2023-01,Norfolk Constabulary,Norfolk Constabulary,0.379981,52.594370,On or near Wingfields,E01026707,King's Lynn and West Norfolk 017D,Offender given a caution
2f5ca2bdc1540a1df4a8780794b432aca1563f3f4a0981619b0a59ac0b714024,2023-01,Norfolk Constabulary,Norfolk Constabulary,1.220816,52.618488,On or near ,E01026883,South Norfolk 002C,Unable to prosecute suspect
3e8e3b14663d5259b81975f318c865a0d5ed2570e88850a9b4e5d75652695b06,2023-01,Norfolk Constabulary,Norfolk Constabulary,1.421070,52.854381,On or near School Close,E01026738,North Norfolk 007A,Unable to prosecute suspect
f6b190147da94075c5c2ff72be497a8a7d91d6946ff6d5673cb8e8c7a5199459,2023-01,Norfolk Constabulary,Norfolk Constabulary,1.290918,52.609711,On or near ,E01026818,Norwich 013C,Suspect charged
5be9a13000c7fa47aa9f7e226729cdfddac08f713c0cecf87951234c477a3c9e,2023-01,Norfolk Constabulary,Norfolk Constabulary,1.712357,52.566040,On or near St Antony's Avenue,E01026617,Great Yarmouth 011A,Investigation complete; no suspect identified
1a985b661165172c6d08b9b39bac14d2959a53edd600ec520697309b17c247ae,2023-01,Norfolk Constabulary,Norfolk Constabulary,1.414539,52.647271,On or near Morris Drive,E01026545,Broadland 008A,Unable to prosecute suspect
b477f649587beffcc900c78bb97ffa22323d81684e8abdb5422bb20fca5436a1,2023-01,Norfolk Constabulary,Norfolk Constabulary,1.719516,52.567434,On or near Pound Lane,E01026617,Great Yarmouth 011A,Investigation complete; no suspect identified
37ed3b1be84a244ce87b96529f9914cee622dc0d44bf17ef9cb7db0704a6a964,2023-01,Norfolk Constabulary,Norfolk Constabulary,1.299036,52.921358,On or near Sayer Crescent,E01026777,North Norfolk 003D,Investigation complete; no suspect identified
e074f443bd5d352cafedb049d65e155f33c379a9184ed4c540bbfe78447bd437,2023-01,Norfolk Constabulary,Norfolk Constabulary,1.319860,52.644378,On or near ,E01026802,Norwich 001F,Investigation complete; no suspect identified
97f24c5fb6b16ec7af2aa21618c1c1ab4740b3a0faa136ff351b8d99fa9b706f,2023-01,Norfolk Constabulary,Norfolk Constabulary,1.305796,52.400438,On or near Harvest Way,E01026902,South Norfolk 013D,Unable to prosecute suspect
67bee6b0377ad7a9d0d8a4749d4e7ec2a1e5415e549545ef903ae84b98490d4d,2023-01,Norfolk Constabulary,Norfolk Constabulary,1.298450,52.630425,On or near Queen Street,E01033438,Norwich 014A,Unable to prosecute suspect
03739ac583176737f93fa79ee3fb9211fa6c3a57fd8e8edf9ec08a30193ff21a,2023-01,Norfolk Constabulary,Norfolk Constabulary,1.251365,52.621754,On or near ,E01026860,Norwich 010C,Investigation complete; no suspect identified
c313d971f4dc24f13ca8e74d9006735aaa1b892b7e6331ff847e02f06ddc588a,2023-01,Norfolk Constabulary,Norfolk Constabulary,1.719424,52.653958,On or near Bure Close,E01026590,Great Yarmouth 003B,Unable to prosecute suspect
0ea79b214af7a9803a7628bb08641fd349557a7964d619894526e1e545ffc1a3,2023-01,Norfolk Constabulary,Norfolk Constabulary,0.785723,52.611470,On or near Fairholme Close,E01026495,Breckland 008D,Unable to prosecute suspect
494513999a53f1e3750dc96b58f5b4100898b61d205cda976c4b8cd20f04743b,2023-01,Norfolk Constabulary,Norfolk Constabulary,0.847814,52.828700,On or near Swan Street,E01026747,North Norfolk 011C,Unable to prosecute suspect
3b18440b2f5871861f3d3757322c46ca592addbe59e98570792ecc78ecf24612,2023-01,Norfolk Constabulary,Norfolk Constabulary,0.864779,52.558387,On or near Carbrooke Road,E01033041,Breckland 010G,Unable to prosecute suspect
ae610679986975a06da11a5be02e8c3245d48c9393ec45f86422dae2f56e9993,2023-01,Norfolk Constabulary,Norfolk Constabulary,1.728663,52.643989,On or near Adele Place,E01026594,Great Yarmouth 003F,Unable to prosecute suspect
ae610679986975a06da11a5be02e8c3245d48c9393ec45f86422dae2f56e9993,2023-01,Norfolk Constabulary,Norfolk Constabulary,1.728663,52.643989,On or near Adele Place,E01026594,Great Yarmouth 003F,Unable to prosecute suspect
caa8cba665408b366f6278102315e1044107bf4e745b21b64fc6914739f1d00a,2023-01,Norfolk Constabulary,Norfolk Constabulary,,,No location,,,Investigation complete; no suspect identified
ba84bd456a1fd8cce815d01f23d73c47475bb2e8cc02b1ad52d124267c6ac3d6,2023-01,Norfolk Constabulary,Norfolk Constabulary,0.745363,52.413380,On or near Bridge Street,E01026474,Breckland 017A,Unable to prosecute suspect
5f3aff91946732edca487f082f60611b8e3109524c7411b89eeded4514f1cfdb,2023-01,Norfolk Constabulary,Norfolk Constabulary,1.482084,52.535597,On or near ,E01026912,South Norfolk 008D,Unable to prosecute suspect
09a0a1fbcbe18e6de18775680fe6c37c73f13ed3e7332c231bb0bb2a034b9b2e,2023-01,Norfolk Constabulary,Norfolk Constabulary,1.247899,52.630420,On or near Charge Road,E01026868,Norwich 006F,Unable to prosecute suspect
8ced4a700d1c62853c4d30a87675dc286270a74c81aa74dda2cdc9ec3e9433b5,2023-01,Norfolk Constabulary,Norfolk Constabulary,1.247899,52.630420,On or near Charge Road,E01026868,Norwich 006F,Unable to prosecute suspect
53795039a75c7698cce09095062be13b961421193f78371708c084b9d129083a,2023-01,Norfolk Constabulary,Norfolk Constabulary,1.300192,52.613325,On or near Suncroft,E01026819,Norwich 013D,Suspect charged
4d900cd457cd723cd2dd72241913483be40d098b9e8189ce0ad02f6ffc46b7b4,2023-01,Norfolk Constabulary,Norfolk Constabulary,-0.332228,51.479461,On or near Campion Road,E01002675,Hounslow 009A,Unable to prosecute suspect
2b86e1f48f26140ec7f51bb00f950882e1daeddf7796cb13a7a271a45c4fcdb5,2023-01,Norfolk Constabulary,Norfolk Constabulary,0.836559,52.416837,On or near New Road,E01026440,Breckland 014B,Unable to prosecute suspect
129b1d045765fb8cc9887d3d1f2b24dcf242d5140cf710abe3418aa3ec1279cc,2023-01,Norfolk Constabulary,Norfolk Constabulary,1.735935,52.625932,On or near Chaucer Road,E01026641,Great Yarmouth 004D,Formal action is not in the public interest
ee242d0301df5d401d9cd8b86e3932bfed01fc595ce3a1aa5f790bbc6faa9f00,2023-01,Norfolk Constabulary,Norfolk Constabulary,0.987233,52.715154,On or near ,E01026461,Breckland 001C,Investigation complete; no suspect identified
57e33d1d76469343c6b17183f75231e069b68377032b428297594df4b6d0292f,2023-01,Norfolk Constabulary,Norfolk Constabulary,1.727850,52.607172,On or near Theatre Plain,E01026597,Great Yarmouth 005C,Unable to prosecute suspect
f6661a69bca841b9b9e6a35b8581685475e1dc4741c6ff5b08ee17d7b66a3197,2023-01,Norfolk Constabulary,Norfolk Constabulary,1.734306,52.603343,On or near St John's Terrace,E01026624,Great Yarmouth 006C,Unable to prosecute suspect
8c490d11fa2659b63dee1fe435f8315d36bf4b3c57b258c6617815e9c7fb5a06,2023-01,Norfolk Constabulary,Norfolk Constabulary,,,No location,,,Unable to prosecute suspect
f0c53efb365446d634ff9841ec15e4eb040978b1e673e8a56d534bbd86bb336d,2023-01,Norfolk Constabulary,Norfolk Constabulary,1.295046,52.626239,On or near Lion And Castle Yard,E01026822,Norwich 007A,Unable to prosecute suspect
cb08974cbaa05d72a79d8283df362853a12213fd754dd7556a174195b38dd50f,2023-01,Norfolk Constabulary,Norfolk Constabulary,1.275789,52.594801,On or near ,E01026937,South Norfolk 006G,Investigation complete; no suspect identified
4a41f9daa4af763dde23d65de4c975ffaadc2145fd0a48799e05a230dd20ef5a,2023-01,Norfolk Constabulary,Norfolk Constabulary,0.944747,52.883499,On or near Thursford Road,E01026765,North Norfolk 002D,Unable to prosecute suspect
89c8470ab67eb400f657d86857e6e0d43ded7fd217a224aeeb10c63ea794e3f2,2023-01,Norfolk Constabulary,Norfolk Constabulary,0.944747,52.883499,On or near Thursford Road,E01026765,North Norfolk 002D,Unable to prosecute suspect
d9594e56d3ffd4663196645c2626ab08fffd34a16a87374b8110ebcb03782609,2023-01,Norfolk Constabulary,Norfolk Constabulary,1.251722,52.608434,On or near Senna Drive,E01026810,Norwich 012A,Unable to prosecute suspect
28d71b16dc904f82b91e9d48edc95361773f811beeff33ee1fc182092c8d1f6d,2023-01,Norfolk Constabulary,Norfolk Constabulary,1.232184,52.610741,On or near Beechcroft Court,E01026882,South Norfolk 002B,Unable to prosecute suspect
81cc332dfdef47211040667f657541d5632fbc0b53bc4cdf6ce5f77870315a1b,2023-01,Norfolk Constabulary,Norfolk Constabulary,1.725790,52.606571,On or near Howard Street South,E01026623,Great Yarmouth 006B,Investigation complete; no suspect identified
e69b82d568c5a91e4cf6ecfab03f2c482387e225e2850f4e43696b080aa0ce58,2023-01,Norfolk Constabulary,Norfolk Constabulary,1.734898,52.610817,On or near Wellesley Road,E01026598,Great Yarmouth 005D,Unable to prosecute suspect
e9082e43596b342a7fadb2d2ad8b76036e2a78d33adceaad3ef41c93084fc28c,2023-01,Norfolk Constabulary,Norfolk Constabulary,0.400931,52.736736,On or near Innovation Drive,E01026706,King's Lynn and West Norfolk 011F,Unable to prosecute suspect
db9b4fb2d6562477fc78e54eb4032ddd43c00ce25d455a157748f0e8432119ef,2023-01,Norfolk Constabulary,Norfolk Constabulary,0.745363,52.413380,On or near Bridge Street,E01026474,Breckland 017A,Unable to prosecute suspect
8ec9441b52859485bcebcea6d8bea8dcbd56085397231e7225076c2cc0ddfae5,2023-01,Norfolk Constabulary,Norfolk Constabulary,1.135769,52.576003,On or near Penfold Drive,E01026945,South Norfolk 007D,Suspect charged
1a1555d7d35acdee3d51ba89c5dd8d115d5dfc4da4b6e1af019930ee101ee07d,2023-01,Norfolk Constabulary,Norfolk Constabulary,1.135769,52.576003,On or near Penfold Drive,E01026945,South Norfolk 007D,Suspect charged
946646e45da2eaaebc112eebd41e05d7247173daa36568f536eca204153a6a08,2023-01,Norfolk Constabulary,Norfolk Constabulary,1.135769,52.576003,On or near Penfold Drive,E01026945,South Norfolk 007D,Suspect charged
b73261ed8628c02a48f8f1a0220d129b30be2ca155a5b457084cf931a62ce087,2023-01,Norfolk Constabulary,Norfolk Constabulary,0.394469,52.754796,On or near Purfleet,E01026698,King's Lynn and West Norfolk 011A,Suspect charged
ff4f0e3020eba535c30f950ece91704dedf2c44e273dac1c68995959d920ac98,2023-01,Norfolk Constabulary,Norfolk Constabulary,1.733585,52.591403,On or near Battery Road,E01026622,Great Yarmouth 006A,Unable to prosecute suspect
feb0c10303bc73a444b51d58936fed009b4ee8ed91f34e77d113e68c3c19973a,2023-01,Norfolk Constabulary,Norfolk Constabulary,1.510514,52.522367,On or near BRIAR LANE,E01026899,South Norfolk 010B,Unable to prosecute suspect
cde7ace11204a7b07ec3d93e545909e8dfc88eac9745ee629e6c7d55b89e50bc,2023-01,Norfolk Constabulary,Norfolk Constabulary,0.398925,52.755516,On or near Paradise Lane,E01026698,King's Lynn and West Norfolk 011A,Suspect charged
f911127e6896dd63bc3d63bb2c85e3a5e32e725bf4a7c74c2f447691d85c4a2b,2023-01,Norfolk Constabulary,Norfolk Constabulary,1.301862,52.629017,On or near ,E01033438,Norwich 014A,Suspect charged
166ca2106240c1bdd58add8822858710e033edf9accc59f68cc1f4e27185685a,2023-01,Norfolk Constabulary,Norfolk Constabulary,0.483263,52.904013,On or near CAMERON CLOSE,E01026678,King's Lynn and West Norfolk 003C,Investigation complete; no suspect identified
dc1999df30188735f7297255892370efdb86b6691d995a2cb4cea967496c9778,2023-01,Norfolk Constabulary,Norfolk Constabulary,0.393620,52.740959,On or near ,E01026704,King's Lynn and West Norfolk 011D,Unable to prosecute suspect
22e2a01661552d97b0dea37335f3b7daec20ff187d8834f1b5a799186f326068,2023-01,Norfolk Constabulary,Norfolk Constabulary,1.301095,52.629245,On or near ,E01033438,Norwich 014A,Suspect charged
885c77dfb55dbff32b2c66a754d46c53e412df48fb1758ff0ddde07c78c2335a,2023-01,Norfolk Constabulary,Norfolk Constabulary,0.385451,52.756012,On or near Bird Close,E01026705,King's Lynn and West Norfolk 011E,Unable to prosecute suspect
885c77dfb55dbff32b2c66a754d46c53e412df48fb1758ff0ddde07c78c2335a,2023-01,Norfolk Constabulary,Norfolk Constabulary,0.385451,52.756012,On or near Bird Close,E01026705,King's Lynn and West Norfolk 011E,Unable to prosecute suspect
885c77dfb55dbff32b2c66a754d46c53e412df48fb1758ff0ddde07c78c2335a,2023-01,Norfolk Constabulary,Norfolk Constabulary,0.385451,52.756012,On or near Bird Close,E01026705,King's Lynn and West Norfolk 011E,Unable to prosecute suspect
5991fbd47434931ce99c236cc268d97d8b8adfc062210eee0d8c003c378fd465,2023-01,Norfolk Constabulary,Norfolk Constabulary,1.303669,52.629075,On or near Stuart Gardens,E01033438,Norwich 014A,Suspect charged
26ad7964a0abef686336f967bb1762fad9f8e1f1f60cec489c9d9802f68c49c4,2023-01,Norfolk Constabulary,Norfolk Constabulary,1.713199,52.669318,On or near Old Coast Road,E01026628,Great Yarmouth 001E,Unable to prosecute suspect
3bfa1841c52cb3a1ba7fc38a1df6805ebaf0115e11e558394379d82e2aa8aeeb,2023-01,Norfolk Constabulary,Norfolk Constabulary,1.295213,52.627089,On or near Orford Street,E01026822,Norwich 007A,Unable to prosecute suspect
3f07ae29eb754a131e88066e2bb0b74fdf2bb33be4c6276502ad2820f6e44042,2023-01,Norfolk Constabulary,Norfolk Constabulary,0.726898,52.406091,On or near Stapleford Way,E01026478,Breckland 017E,Unable to prosecute suspect
eec3801ede95159eecdc3a538a66697ca3bee604be84381944b22476c5433758,2023-01,Norfolk Constabulary,Norfolk Constabulary,0.440913,52.767742,On or near Elsing Drive,E01026673,King's Lynn and West Norfolk 006E,Unable to prosecute suspect
a4e229533c53fa2511ae89a48c5cc8979f7e701831eeb9f3bae22a9d1dd24072,2023-01,Norfolk Constabulary,Norfolk Constabulary,0.438042,52.753225,On or near Mulberry Road,E01026663,King's Lynn and West Norfolk 010B,Unable to prosecute suspect
783bbf4e63e00071e9eeb5d133ba43a661d51d563ac211a29de362c0cf77be73,2023-01,Norfolk Constabulary,Norfolk Constabulary,1.297659,52.620311,On or near GORDON SQUARE,E01026853,Norwich 011B,Unable to prosecute suspect
84f0a06108f87ab4993ae906210d8b7e62e49cd3194a19c36a486e6956f96144,2023-01,Norfolk Constabulary,Norfolk Constabulary,1.709359,52.572664,On or near St John's Avenue,E01026620,Great Yarmouth 011D,Unable to prosecute suspect
d0ded8f8070fe0e99c33fe977d9f9362e932d52d982d0c347ffc54236bf9ef25,2023-01,Norfolk Constabulary,Norfolk Constabulary,0.402634,52.742115,On or near HORSLEYS FIELD,E01026706,King's Lynn and West Norfolk 011F,Suspect charged
9d3bfa8d681d63ef8a84e31d09b06bce271b06002afbed0439e37905dce5ea1c,2023-01,Norfolk Constabulary,Norfolk Constabulary,1.388591,52.815480,On or near GRANGE COURT,E01026760,North Norfolk 010H,Unable to prosecute suspect
c459080dad28312995c52af7ec718f2bdd76f28a3d0320ddc17c259e864350bf,2023-01,Norfolk Constabulary,Norfolk Constabulary,1.311102,52.629047,On or near Marion Road,E01026850,Norwich 015C,Investigation complete; no suspect identified
c0f8a0d367f2a16b62b20eb1d7bd8017178a5ed5bb661815a28bff646ba06f6f,2023-01,Norfolk Constabulary,Norfolk Constabulary,0.975836,52.522552,On or near Long Street,E01026420,Breckland 010B,Unable to prosecute suspect
921ef774a78f75e48e1b4251c79d4267b2791fcf8c58220428976e6fb5ecc445,2023-01,Norfolk Constabulary,Norfolk Constabulary,1.298450,52.630425,On or near Queen Street,E01033438,Norwich 014A,Unable to prosecute suspect
194a6a91acd48113366ef5d85b6c86ad44b57810a1c675d140c3cf756e701d99,2023-01,Norfolk Constabulary,Norfolk Constabulary,1.395974,52.671584,On or near Dakenham Close,E01026579,Broadland 008D,Unable to prosecute suspect
56dbfa257256e15c5ac886652ac661bee85c57713f8b9cee5e733d2c10a09fc9,2023-01,Norfolk Constabulary,Norfolk Constabulary,1.717894,52.609113,On or near Stone Road,E01026635,Great Yarmouth 007D,Suspect charged
1df17d1ff6e992077aee4534e72e3b6c7a1424fc3fef180469d1f3dba1522b67,2023-01,Norfolk Constabulary,Norfolk Constabulary,0.726898,52.406091,On or near Stapleford Way,E01026478,Breckland 017E,Investigation complete; no suspect identified
f38d77b7b7cd50bf962eae619c38bb648502b1969875db689495f372a7534e58,2023-01,Norfolk Constabulary,Norfolk Constabulary,0.335889,52.757619,On or near Parking Area,E01026647,King's Lynn and West Norfolk 008A,Unable to prosecute suspect
49167c0ea9e9356a6660f68fe06c9ccf7d78c218602ae1372f9573069714f29f,2023-01,Norfolk Constabulary,Norfolk Constabulary,1.717242,52.581376,On or near Cherry Road,E01026602,Great Yarmouth 009B,Unable to prosecute suspect
b864aa11daabaa283fa2f332ae34f42794a498287e2d5b6e02cecb11b39c659b,2023-01,Norfolk Constabulary,Norfolk Constabulary,1.302380,52.614514,On or near Lakenfields,E01026817,Norwich 013B,Suspect charged
6ef4d8a3597aede530b7b32961d1cb610e7262be3f1ff9727885fa36b8cf75f6,2023-01,Norfolk Constabulary,Norfolk Constabulary,1.135769,52.576003,On or near Penfold Drive,E01026945,South Norfolk 007D,Suspect charged
a9e4df269a76aff33b7ec1788f0cff33674eaee8728e6aa205e308fded9ba282,2023-01,Norfolk Constabulary,Norfolk Constabulary,0.646030,52.606995,On or near Swaffham Road,E01026444,Breckland 012B,Investigation complete; no suspect identified
74e4927c87ba972252c29a120d52dbf8e96c2dca377972928ee8453aa130a455,2023-01,Norfolk Constabulary,Norfolk Constabulary,1.277127,52.635847,On or near Adelaide Street,E01026827,Norwich 007F,Investigation complete; no suspect identified
2f2d0684d18d8307a7cadaa3f8b0da836e039ec58c74dae5536fe22e368867cc,2023-01,Norfolk Constabulary,Norfolk Constabulary,0.417836,52.759789,On or near Eastfields Close,E01026693,King's Lynn and West Norfolk 009D,Unable to prosecute suspect
c9289fbefb0ecbdfaf29ee8d6285f04e27ee014e2cc9fe49e164b5cdda74d96a,2023-01,Norfolk Constabulary,Norfolk Constabulary,0.444844,52.753499,On or near Bure Close,E01026664,King's Lynn and West Norfolk 010C,Unable to prosecute suspect
350303681c2de88f141040bbfb450a5f573fb6e99683424c1a9cc1d911abe566,2023-01,Norfolk Constabulary,Norfolk Constabulary,1.716583,52.599044,On or near Thamesfield Way,E01026634,Great Yarmouth 007C,Suspect charged
19aa1bfbfc8742cf97ae547fbfe63b135d5e84e592e9eb49d50ed41ce30fd605,2023-01,Norfolk Constabulary,Norfolk Constabulary,1.114733,52.379064,On or near Grigg Close,E01026888,South Norfolk 015A,Unable to prosecute suspect
19aa1bfbfc8742cf97ae547fbfe63b135d5e84e592e9eb49d50ed41ce30fd605,2023-01,Norfolk Constabulary,Norfolk Constabulary,1.114733,52.379064,On or near Grigg Close,E01026888,South Norfolk 015A,Unable to prosecute suspect
f6f7d6e8f1a126a98f7bb4cbb660d8bf7316907624495e04cb9814ceba21f6cc,2023-01,Norfolk Constabulary,Norfolk Constabulary,0.432497,52.758500,On or near Baldwin Road,E01026714,King's Lynn and West Norfolk 010D,Investigation complete; no suspect identified
15c4364a0aabb789053c159e6f8124357f63887524a650be8f7ad19eaabcbcce,2023-01,Norfolk Constabulary,Norfolk Constabulary,1.251678,52.795310,On or near Market Place,E01026499,Broadland 001A,Investigation complete; no suspect identified
ac8e55c260d484d35836b312d816b60b0dd8aeac72f5b9ebeccc5a462dab6ab7,2023-01,Norfolk Constabulary,Norfolk Constabulary,1.445754,52.470028,On or near CLARK ROAD,E01026892,South Norfolk 012A,Unable to prosecute suspect
fc7ca167724cdf7ee93ca38f339ae5f717e925418f9c195fb3e629919865f00e,2023-01,Norfolk Constabulary,Norfolk Constabulary,1.735146,52.609910,On or near Euston Road,E01026598,Great Yarmouth 005D,Suspect charged
d4f19b43d0f5c683830ae031bdbac989707d14ba313e2d3d967c2fe94ddf576e,2023-01,Norfolk Constabulary,Norfolk Constabulary,1.445754,52.470028,On or near CLARK ROAD,E01026892,South Norfolk 012A,Unable to prosecute suspect
e4a9dd1501a5c5d8d9231aea6b73fdd3ef8012c58b46f30ff89ae2094978a4bd,2023-01,Norfolk Constabulary,Norfolk Constabulary,1.220816,52.618488,On or near ,E01026883,South Norfolk 002C,Investigation complete; no suspect identified
018eb93036389482fd5c28212504dc27106f1701498a6784bdbff88c33f6498b,2023-01,Norfolk Constabulary,Norfolk Constabulary,0.737539,52.410288,On or near Saxon Bank,E01026477,Breckland 017D,Investigation complete; no suspect identified
62f28ae5130ee0658a469ec395cac80d37c0db5cc202a8eb73189136ce3c5970,2023-01,Norfolk Constabulary,Norfolk Constabulary,0.736313,52.417798,On or near Winchester Way,E01026465,Breckland 015A,Investigation complete; no suspect identified
f16c0f01ead368833d69d0156208be7721fb51f6a237906c07894c154ed54585,2023-01,Norfolk Constabulary,Norfolk Constabulary,1.737593,52.607867,On or near ,E01026626,Great Yarmouth 006E,Investigation complete; no suspect identified
5aae26e7326b474ff946bce72d74646cef693d66582bf91c0f8bd4e95b320c1a,2023-01,Norfolk Constabulary,Norfolk Constabulary,1.234982,52.647861,On or near ,E01026918,South Norfolk 001C,Investigation complete; no suspect identified
a3aa2f008859b9fc806742eb734eef4a7d7d12a8f8b70e51dcdac14aa28f5853,2023-01,Norfolk Constabulary,Norfolk Constabulary,1.302213,52.644863,On or near ,E01026842,Norwich 003B,Unable to prosecute suspect
19ee5ffbd3ba09140985236ec99021f35b3d3c5f4ebe3ab65c1b63df18209163,2023-01,Norfolk Constabulary,Norfolk Constabulary,1.281872,52.645905,On or near Shorncliffe Close,E01026829,Norwich 002B,Investigation complete; no suspect identified
5560bd4b8f5918e54e9cd536ed37bf17b24204d0bbd41b59573ef6a4603ab3ba,2023-01,Norfolk Constabulary,Norfolk Constabulary,0.523607,51.270296,On or near Knightrider Street,E01024373,Maidstone 006E,Unable to prosecute suspect
cb14cdedd43a4bf5007c3a6c6e5858df840658dafd768fd6ab3078bd8b29460a,2023-01,Norfolk Constabulary,Norfolk Constabulary,1.737593,52.607867,On or near ,E01026626,Great Yarmouth 006E,Investigation complete; no suspect identified
702dd9bb4862cc6f513bdb1cc17b34aeebb87a4f469b26281ed33aaa4acbb42b,2023-01,Norfolk Constabulary,Norfolk Constabulary,0.513381,52.486307,On or near Sparke's Way,E01026649,King's Lynn and West Norfolk 019B,Investigation complete; no suspect identified
6dd22cbb313fbfd9cccaef80fb098405f85a021b7d075f4db03902e5f3256802,2023-01,Norfolk Constabulary,Norfolk Constabulary,1.713267,52.580646,On or near Kalmia Green,E01026602,Great Yarmouth 009B,Unable to prosecute suspect
f3274af28848a8772f0209598ca1e04c732f8ecc2f27afe78d3032f75a323826,2023-01,Norfolk Constabulary,Norfolk Constabulary,1.228464,52.429936,On or near Fairstead Close,E01026872,South Norfolk 013A,Unable to prosecute suspect
8602676f57cf8ce54918c8868e00f530148bb8f20883f53dac42a8b0dfcd16f6,2023-01,Norfolk Constabulary,Norfolk Constabulary,0.943318,52.678978,On or near Cross Way,E01026426,Breckland 005B,Unable to prosecute suspect
34c4e664c2c8f8283a965db53d58041ec165a849ef919799e77493ddb124138b,2023-01,Norfolk Constabulary,Norfolk Constabulary,0.178296,52.644271,On or near Chapel Lane,E01026660,King's Lynn and West Norfolk 016B,Unable to prosecute suspect
58d4d654b96db8cfdd7c88dc055df27a62d245430431a1f85e628ca2a769d7ff,2023-01,Norfolk Constabulary,Norfolk Constabulary,0.392829,52.527724,On or near Lions Close,E01026652,King's Lynn and West Norfolk 019E,Unable to prosecute suspect
c811995e9ec4b20a34d775d22c4039ca69fba4d43435e01260f39ccbf78d234e,2023-01,Norfolk Constabulary,Norfolk Constabulary,0.758912,52.424287,On or near Burns Close,E01026473,Breckland 016F,Investigation complete; no suspect identified
2512e7220ad87227d6d70f9ca510ea0bab20a4dc01fa99aa0cd656e3d4717b52,2023-01,Norfolk Constabulary,Norfolk Constabulary,1.275789,52.594801,On or near ,E01026937,South Norfolk 006G,Unable to prosecute suspect
f04462f790d9578532e6ef07118559d6f9085abff8e8f07b61f232b1ccb1edc8,2023-01,Norfolk Constabulary,Norfolk Constabulary,1.292894,52.629069,On or near Guildhall Hill,E01026822,Norwich 007A,Investigation complete; no suspect identified
77f2e5e13e9e15d7745eb5069b0da10b6b9b4e63c275303c74b1619a2124961e,2023-01,Norfolk Constabulary,Norfolk Constabulary,,,No location,,,Investigation complete; no suspect identified
7abd0a55da24d4de2d8292f879dfc9982084f9b029a2be20758534eea4debc9a,2023-01,Norfolk Constabulary,Norfolk Constabulary,0.435417,52.754790,On or near Glaven,E01026663,King's Lynn and West Norfolk 010B,Investigation complete; no suspect identified
bca665a08fdb0597fe3c7ec4c1b1015f948de27d472163c7e7e6b12789bd668d,2023-01,Norfolk Constabulary,Norfolk Constabulary,1.204919,52.942669,On or near Montague Road,E01026770,North Norfolk 001A,Unable to prosecute suspect
962621de40f259f484c16ce93b5af75dd34596f699c598a2873fd014432976a2,2023-01,Norfolk Constabulary,Norfolk Constabulary,1.300203,52.621904,On or near Lily Terrace,E01026822,Norwich 007A,Investigation complete; no suspect identified
12a0158d461aa4a5aa76514ba9ff064e46b070c9db12a52cba1d84849e4268ba,2023-01,Norfolk Constabulary,Norfolk Constabulary,0.740469,52.408925,On or near Williamson Crescent,E01026477,Breckland 017D,Unable to prosecute suspect
31e6039955370bfe1cfd251267734219ce84759e2a045abd37f12dec231d4185,2023-01,Norfolk Constabulary,Norfolk Constabulary,0.942854,52.679107,On or near ,E01026426,Breckland 005B,Unable to prosecute suspect
3d63b81ba54817a77796780d8ab98a8a0475c582d821f5a684ffb47298ebe952,2023-01,Norfolk Constabulary,Norfolk Constabulary,1.379527,52.545502,On or near St Peter's Road,E01026876,South Norfolk 006B,Investigation complete; no suspect identified
fc627b4fc003b5b058f7047b79d54c09000f87db218c8cb2456adf4dcbe10f83,2023-01,Norfolk Constabulary,Norfolk Constabulary,0.446684,52.756605,On or near ,E01026714,King's Lynn and West Norfolk 010D,Unable to prosecute suspect
05ce64ce3c0f1d914478b8f99b9690a57c3d4535383ea6c8c28e71b705d5260e,2023-01,Norfolk Constabulary,Norfolk Constabulary,1.414539,52.647271,On or near Morris Drive,E01026545,Broadland 008A,Unable to prosecute suspect
55f1289af302ac9fdcc16eb6b00302e6bfc18ccbda9e691e260cd7d3ebc5b95b,2023-01,Norfolk Constabulary,Norfolk Constabulary,1.092670,52.550509,On or near Sawyer's Lane,E01026885,South Norfolk 007B,Investigation complete; no suspect identified
bf532a23697795fd0de2986424cd67a11d21cf710e259f00a858875840803e96,2023-01,Norfolk Constabulary,Norfolk Constabulary,1.307740,52.635616,On or near Cannell Green,E01026848,Norwich 015A,Investigation complete; no suspect identified
99d994ca4c6f765e7a61efa8d2222d06993fbe5c9a529a580090aa40a63c750e,2023-01,Norfolk Constabulary,Norfolk Constabulary,1.239383,52.793785,On or near Mill Close,E01026502,Broadland 001D,Unable to prosecute suspect
438ee7805aff2ee77173eb731d140ccf692e089774a0fb439a93447284388cab,2023-01,Norfolk Constabulary,Norfolk Constabulary,0.430232,52.748710,On or near Swallowfield Road,E01026662,King's Lynn and West Norfolk 010A,Unable to prosecute suspect
edc4eba5845913d10bb991f28560a72e087a2045c2d4c545c46ea3175d834514,2023-01,Norfolk Constabulary,Norfolk Constabulary,1.277392,52.648674,On or near Knights Road,E01026834,Norwich 002G,Unable to prosecute suspect
a6fd26acb25c1afae4b652a9c08af59793a6d57958f1d3b48cdfcba2f4de78f9,2023-01,Norfolk Constabulary,Norfolk Constabulary,0.431328,52.751349,On or near Ploughman Road,E01026662,King's Lynn and West Norfolk 010A,Unable to prosecute suspect
1161e188564b6489af6b596036a7cbe36683d0c88fd3fb2963361d1f5d73d076,2023-01,Norfolk Constabulary,Norfolk Constabulary,1.284441,52.607000,On or near Allanadale Road,E01026820,Norwich 013E,Unable to prosecute suspect
ec3dbfc7b3bba93e30e7816ef11ffd3f3e42d9396dddea4079f7464b5e41e77c,2023-01,Norfolk Constabulary,Norfolk Constabulary,1.486504,52.479131,On or near MILL ROAD,E01026898,South Norfolk 010A,Unable to prosecute suspect
931ddbfe1f82385201cb4ee2666fff0b699896a1d410de4c18cd7af68a3e93ef,2023-01,Norfolk Constabulary,Norfolk Constabulary,1.117776,52.572081,On or near Choseley Court,E01026870,South Norfolk 005A,Unable to prosecute suspect
71f11c8402ef9ba34851764874e7d23bd60bc3f05ba5aa39cdbc145ef257b342,2023-01,Norfolk Constabulary,Norfolk Constabulary,1.248935,52.621272,On or near Wycliffe Road,E01026860,Norwich 010C,Unable to prosecute suspect
15e70ee6702ae265f04f9995efa1842baf529666f4b8cd709ffc807c8a532d6b,2023-01,Norfolk Constabulary,Norfolk Constabulary,1.732934,52.619847,On or near Walpole Road,E01026639,Great Yarmouth 004B,Unable to prosecute suspect
4b941a7518567c412f85a1ac59ce0b5be3f84784d905971ab81a93cae696a8ea,2023-01,Norfolk Constabulary,Norfolk Constabulary,1.276963,52.646293,On or near Mile Cross Road,E01026834,Norwich 002G,Investigation complete; no suspect identified
05549d01caee764fb427d0b062cd93f11382c54720e704ca7a208764313e9bcd,2023-01,Norfolk Constabulary,Norfolk Constabulary,1.307885,52.623246,On or near ,E01033441,Norwich 014D,Unable to prosecute suspect
2d5a6c50807514b0ff14f47a8ea357f7239368a40470ff82c1a2efa74ad6d973,2023-01,Norfolk Constabulary,Norfolk Constabulary,1.303094,52.621833,On or near Argyle Street,E01033441,Norwich 014D,Unable to prosecute suspect
2d5a6c50807514b0ff14f47a8ea357f7239368a40470ff82c1a2efa74ad6d973,2023-01,Norfolk Constabulary,Norfolk Constabulary,1.303094,52.621833,On or near Argyle Street,E01033441,Norwich 014D,Unable to prosecute suspect
b7d6ddb49b44de7e65bf21b9acbc194fbc9699799bd9d145f8828864d23b5832,2023-01,Norfolk Constabulary,Norfolk Constabulary,0.494798,52.935745,On or near King's Lynn Road,E01026681,King's Lynn and West Norfolk 001B,Unable to prosecute suspect
03c11b173462abf8c08f1869bb9da183a83a74980f2911b057d80450ba0b51a6,2023-01,Norfolk Constabulary,Norfolk Constabulary,0.535764,52.774662,On or near Back Lane,E01026674,King's Lynn and West Norfolk 012B,Unable to prosecute suspect
58cb07f4425072d48b4920fbe33ba27fb26deccf01ab20aa0072c7fca33b79d4,2023-01,Norfolk Constabulary,Norfolk Constabulary,1.234093,52.601965,On or near CANTLEY LANE,E01026881,South Norfolk 002A,Unable to prosecute suspect
b1654d0e4467c896503e356a810001c573c2e1bc57a30ee826dbf1eaa8182921,2023-01,Norfolk Constabulary,Norfolk Constabulary,1.244770,52.630884,On or near Mottram Close,E01026861,Norwich 010D,Formal action is not in the public interest
b9934101b8dbc0673221d97a2a57a39a6c7f0faf8d7444bc30f58775f0369555,2023-01,Norfolk Constabulary,Norfolk Constabulary,1.310247,52.652949,On or near Post Mill Close,E01026556,Broadland 012D,Investigation complete; no suspect identified
f76d9ba91e7821317bf265db300dcf19ecc535917a95939e6228afa54392581d,2023-01,Norfolk Constabulary,Norfolk Constabulary,1.534404,52.740448,On or near The Street,E01026785,North Norfolk 014E,Unable to prosecute suspect
5084837d7de93243fd995f207d332a5317a8e1599b576468f07efdaf180c63c7,2023-01,Norfolk Constabulary,Norfolk Constabulary,1.240683,52.639782,On or near Cameron Court,E01026867,Norwich 006E,Unable to prosecute suspect
a7b06353c2f6066c895bca5d670dfb5894defe3d871596aa0734d09fc9ee0a99,2023-01,Norfolk Constabulary,Norfolk Constabulary,0.763836,52.414586,On or near Primrose Close,E01026471,Breckland 016D,Unable to prosecute suspect
e9d9f7fdfc32c7eaac1a14a8b54220edaaf73d49b74fa508b2b2dc3385d9876d,2023-01,Norfolk Constabulary,Norfolk Constabulary,1.288953,52.653362,On or near Boardman Close,E01026798,Norwich 001B,Investigation complete; no suspect identified
b6dd4793686e188da161396b255251004227643bdcebedd3440b4bdd8cc68aeb,2023-01,Norfolk Constabulary,Norfolk Constabulary,0.402774,52.742517,On or near Horsleys Field,E01026706,King's Lynn and West Norfolk 011F,Suspect charged
0a5a1af0b1b390aa47296fbefdf485e2a3582758567a6cc15c2fa13b24dea92e,2023-01,Norfolk Constabulary,Norfolk Constabulary,1.289766,52.625801,On or near ,E01026822,Norwich 007A,Investigation complete; no suspect identified
2b13315cdc1f14fa9d8f1cae33307e704b809bb17be62ee24ee3459b01e86024,2023-01,Norfolk Constabulary,Norfolk Constabulary,1.290986,52.628268,On or near ,E01026822,Norwich 007A,Suspect charged
989be7420edc076b249be37a8e4b06c7f133de9e627ff7df984a8bb26160fc68,2023-01,Norfolk Constabulary,Norfolk Constabulary,1.734563,52.625957,On or near Sturdee Avenue,E01026641,Great Yarmouth 004D,Unable to prosecute suspect
e7900cbe03288a0dd22d35495b74b56f296c1c21d03e8da5c74993e64cb63a6c,2023-01,Norfolk Constabulary,Norfolk Constabulary,1.204919,52.942669,On or near Montague Road,E01026770,North Norfolk 001A,Unable to prosecute suspect
4e969ede3bf5da0295f69cb35a450f626393c4c81f251b65462c7c4d3b0faca6,2023-01,Norfolk Constabulary,Norfolk Constabulary,1.731036,52.643554,On or near Links Close,E01026594,Great Yarmouth 003F,Unable to prosecute suspect
b101e32e7bd0d23bae5edafa2ff9770a7ba2536bbfa9920b192d888457e6c50a,2023-01,Norfolk Constabulary,Norfolk Constabulary,0.542757,52.657230,On or near Ash Road,E01026644,King's Lynn and West Norfolk 014C,Unable to prosecute suspect
98a4619fd3d31060ec774541049e7a5c683249702261350c3888f5ec330a7ffc,2023-01,Norfolk Constabulary,Norfolk Constabulary,1.734166,52.613835,On or near Stephenson Close,E01026595,Great Yarmouth 005A,Investigation complete; no suspect identified
9c8d60d6361ac8d9fbe2000cdeeeca503c05a169f0c815991ca1b6dac47fecb2,2023-01,Norfolk Constabulary,Norfolk Constabulary,1.301804,52.636690,On or near Parking Area,E01026826,Norwich 007E,Unable to prosecute suspect
0e65c2bcf6c4a67d4da6226256a8205189306c2249083a8a0403b948b5e5c583,2023-01,Norfolk Constabulary,Norfolk Constabulary,1.302679,52.628095,On or near ,E01033439,Norwich 014B,Suspect charged
9db9e511f48c818a51280fdbe3c004b45607fc4d1b82703ef0d8118c245db943,2023-01,Norfolk Constabulary,Norfolk Constabulary,1.293100,52.929985,On or near ,E01026736,North Norfolk 003C,Unable to prosecute suspect
230e8cdb28f162daa12179f85f8999aa1332c42edfa520d1ce3493d4914a80cd,2023-01,Norfolk Constabulary,Norfolk Constabulary,1.290986,52.628268,On or near ,E01026822,Norwich 007A,Suspect charged
f2558b210d19278b007e02082b3dbed6b40e4628cf3ec75cc0b44583cf030e0d,2023-01,Norfolk Constabulary,Norfolk Constabulary,1.508097,52.522564,On or near Preston Lane,E01026899,South Norfolk 010B,Investigation complete; no suspect identified
cc9fe30b36328c6f74cde395a32b1f9b61d7d3b0b6fadb23a1ed7d49b2bbc6a4,2023-01,Norfolk Constabulary,Norfolk Constabulary,1.307885,52.623246,On or near ,E01033441,Norwich 014D,Suspect charged
17fef34fc6a6207efb655dcf9cfb068bb108e61dcdef21dbb53639ca8fb5e3c7,2023-01,Norfolk Constabulary,Norfolk Constabulary,1.269831,52.620085,On or near Unthank Road,E01026815,Norwich 012F,Investigation complete; no suspect identified
f072f07c13439a998f1fb2fe731f520aca044a9feb8570f59094c58fc2e3a314,2023-01,Norfolk Constabulary,Norfolk Constabulary,1.295157,52.629690,On or near ,E01026822,Norwich 007A,Suspect charged
633d8b0194c92f39081572c8d96d8cb75d5f6a81e9a7a74d651ba8b1251c210d,2023-01,Norfolk Constabulary,Norfolk Constabulary,1.734563,52.625957,On or near Sturdee Avenue,E01026641,Great Yarmouth 004D,Unable to prosecute suspect
98d214f020f62eb38c1942685b875d81354e60568df05194be17473c94a0153d,2023-01,Norfolk Constabulary,Norfolk Constabulary,0.857311,52.954248,On or near Knitting Needle Lane,E01026763,North Norfolk 002B,Investigation complete; no suspect identified
66d7acf79acce708cf5e63c17602f59a8176899d223e21004694b5d8bb23a8e7,2023-01,Norfolk Constabulary,Norfolk Constabulary,1.312727,52.919807,On or near Queens Road,E01026779,North Norfolk 003F,Investigation complete; no suspect identified
48da5b1a2945bf97ee1d27d667446aab3511d7ce66ff0fc670fc797433bcabab,2023-01,Norfolk Constabulary,Norfolk Constabulary,1.717563,52.607297,On or near Cobholm Road,E01026635,Great Yarmouth 007D,Investigation complete; no suspect identified
9d970b79b138095f5ab110bccd62b8a2d6681aed085b721423c4bf50ce2e0312,2023-01,Norfolk Constabulary,Norfolk Constabulary,0.415027,52.766087,On or near Reid Way,E01026690,King's Lynn and West Norfolk 007D,Unable to prosecute suspect
8cc9612d46242ac7b86f276ebf70729c1abb0183119bfbc047300020c9793e15,2023-01,Norfolk Constabulary,Norfolk Constabulary,0.369302,52.608800,On or near Mallard End,E01026686,King's Lynn and West Norfolk 017C,Unable to prosecute suspect
2c9d15b87ba003985b29723f9c2bc7d66b5392310bb5c4e2b3e571c6e2e3abef,2023-01,Norfolk Constabulary,Norfolk Constabulary,1.720704,52.565778,On or near Crow Hall Green,E01026617,Great Yarmouth 011A,Unable to prosecute suspect
a5d9d460103a6a16c5683f37894bcf769e01419f647c3de64bc19445a32db592,2023-01,Norfolk Constabulary,Norfolk Constabulary,1.731278,52.609429,On or near Oliver Mews,E01026597,Great Yarmouth 005C,Investigation complete; no suspect identified
556dff342679329d27b448303b8131a82a0fe9382d86e721d7c4282cb2aeb3d7,2023-01,Norfolk Constabulary,Norfolk Constabulary,0.749112,52.416674,On or near Crown House Close,E01026469,Breckland 016B,Unable to prosecute suspect
ddbe7331a2356363bf82afe17ea959702e4fda4fbba736f6f0d08d3e189a7b41,2023-01,Norfolk Constabulary,Norfolk Constabulary,0.726898,52.406091,On or near Stapleford Way,E01026478,Breckland 017E,Unable to prosecute suspect
16d6c5f5cf5aaf653deae2e620f49bf7b23c3f5902961900716c192b7c4b3721,2023-01,Norfolk Constabulary,Norfolk Constabulary,,,No location,,,Investigation complete; no suspect identified
3edacbb110014ea68cd9a98f9d6b1e522b10b734fab31cd5dfabf9aaa07f5290,2023-01,Norfolk Constabulary,Norfolk Constabulary,1.693622,52.715011,On or near KING STREET,E01026606,Great Yarmouth 001B,Suspect charged
60ab3900e38cbd57ce0508fd69039f4983bcf63e17ad05c04d795fa7b16edcf1,2023-01,Norfolk Constabulary,Norfolk Constabulary,1.111285,52.570049,On or near ,E01026870,South Norfolk 005A,Unable to prosecute suspect
5529d4f8a3cb77ca25070843860ab362fc7ba25d705345eb3fa77f68b39e37ec,2023-01,Norfolk Constabulary,Norfolk Constabulary,0.943318,52.678978,On or near Cross Way,E01026426,Breckland 005B,Suspect charged
a2af407978ef3dec9c57dc5bbd45dc105a328bee0fec3b8ac28efc7ab0b7a5e5,2023-01,Norfolk Constabulary,Norfolk Constabulary,,,No location,,,Suspect charged
38650d34bac8b7bb272326ea19e444d41dc20fccd2a409fc432389ce0e656d9b,2023-01,Norfolk Constabulary,Norfolk Constabulary,1.569229,52.561038,On or near Chapel Field,E01026538,Broadland 018C,Unable to prosecute suspect
db56602b1dbb3590d15aa07ac769530a2535a72c8c0fb94c3a294c2ec18d33a9,2023-01,Norfolk Constabulary,Norfolk Constabulary,1.105191,52.723165,On or near Hubbards Loke,E01026524,Broadland 002C,Investigation complete; no suspect identified
e1d8d32490397a124d9b06f57e30f3bd9143ab5436cbea7aa92e71319523bebb,2023-01,Norfolk Constabulary,Norfolk Constabulary,1.284495,52.625471,On or near Globe Place,E01033437,Norwich 011H,Unable to prosecute suspect
1057cf4c3552b3306e46742582e369e12c4bf1ea4d8a4ed4ab2889a96b623c35,2023-01,Norfolk Constabulary,Norfolk Constabulary,,,No location,,,Unable to prosecute suspect
64ae87a1df9f12e528e540c664a1d2d5cce550d55741fff3922d8cf78e5e6426,2023-01,Norfolk Constabulary,Norfolk Constabulary,0.769274,52.418757,On or near Hazel Covert,E01026470,Breckland 016C,Unable to prosecute suspect
074aea0ec2bbbaf6e7dc19370e732417791bb9de9081c7bb2bb3c7b64d7003bb,2023-01,Norfolk Constabulary,Norfolk Constabulary,1.291740,52.623948,On or near ,E01026822,Norwich 007A,Investigation complete; no suspect identified
12d698e7781de2b2d902590440a99ff3256a29d5e9ca1b30dfa3a101deca7a24,2023-01,Norfolk Constabulary,Norfolk Constabulary,1.734782,52.601817,On or near Devonshire Road,E01026626,Great Yarmouth 006E,Unable to prosecute suspect
adbc723c5902b39551baf0bc9159a01690ccc6fbd21de6751ce8ff931bebbf87,2023-01,Norfolk Constabulary,Norfolk Constabulary,1.334543,52.661081,On or near TESCO LINK ROAD,E01026561,Broadland 013E,Unable to prosecute suspect
ff5e78bf213a6cf4d31d29afc1c37858d4ed2eabaec18778a84b9fa0afeacd7b,2023-01,Norfolk Constabulary,Norfolk Constabulary,0.844325,52.775287,On or near New Road,E01026442,Breckland 002A,Unable to prosecute suspect
60e03fc3e45dc996d4c8b441a11e9aed4632478375e7f83e17aec54139b7df61,2023-01,Norfolk Constabulary,Norfolk Constabulary,0.409398,52.740656,On or near Hardwick Road,E01026706,King's Lynn and West Norfolk 011F,Investigation complete; no suspect identified
45dc745760bb1da7d6575422aff60396e3ca21287d40fd5108c5bcb7ebce9f1e,2023-01,Norfolk Constabulary,Norfolk Constabulary,1.112619,52.379102,On or near Uplands Way,E01026888,South Norfolk 015A,Unable to prosecute suspect
e91e0946baeedda72e1f2f6443bb0a1021fe41a235c6ec8097c8c8ea66a4fffa,2023-01,Norfolk Constabulary,Norfolk Constabulary,1.308248,52.640189,On or near Mousehold Avenue,E01026844,Norwich 003D,Investigation complete; no suspect identified
2c6b1f895202b9d59e4089da9f9145933e40fd6ed43277d94391a78a3d09de92,2023-01,Norfolk Constabulary,Norfolk Constabulary,0.948130,52.681871,On or near Malthouse Court,E01026429,Breckland 003B,Unable to prosecute suspect
7ba2b17ba44f5f414d6c65316d9fda66ab8c2ff92256626272f353f9c9f8854d,2023-01,Norfolk Constabulary,Norfolk Constabulary,1.734264,52.609263,On or near Nettle Hill East,E01026598,Great Yarmouth 005D,Unable to prosecute suspect
cf67cf27468b209af429ab63c5c3ee686bf6cbcff2076778de57e00516e350e9,2023-01,Norfolk Constabulary,Norfolk Constabulary,1.298823,52.629884,On or near Upper King Street,E01033438,Norwich 014A,Investigation complete; no suspect identified
74c3bbbc2347c5cb65774a3b4cf6676e272f63c486e935d68712722cc27429eb,2023-01,Norfolk Constabulary,Norfolk Constabulary,1.301979,52.628816,On or near St Vedast Street,E01033438,Norwich 014A,Unable to prosecute suspect
a0be9bdd2e3d2b322ea4298f3c7daee381f8e5ee49e6209b17dd852463451484,2023-01,Norfolk Constabulary,Norfolk Constabulary,1.240409,52.640473,On or near Gristock Place,E01026869,Norwich 006G,Suspect charged
6c2fd09ab860cdd4a3b8d373846db02341617cdcf5957855bb36f467333748ab,2023-01,Norfolk Constabulary,Norfolk Constabulary,1.304937,52.670176,On or near Edgefield Close,E01026544,Broadland 009E,Unable to prosecute suspect
e06281a171017a9b608d4a8c65b13d9f15dd239eaf4f14dd91b3b74679179f4e,2023-01,Norfolk Constabulary,Norfolk Constabulary,1.373391,52.814726,On or near Wells Avenue,E01026759,North Norfolk 010G,Unable to prosecute suspect
af2c8585a1295188135ae55c6730ce7f143e73fe9c95c0c7d8b869973420aa87,2023-01,Norfolk Constabulary,Norfolk Constabulary,0.857822,52.955224,On or near Northfield Lane,E01026763,North Norfolk 002B,Investigation complete; no suspect identified
63b9ce3aebc7df5e19c99e72b525a17a1c2502b8d62bd69648744859863564f7,2023-01,Norfolk Constabulary,Norfolk Constabulary,1.328404,52.630720,On or near ,E01026808,Norwich 004F,Unable to prosecute suspect
dd827fdb0bf9f7e4bb2bb4b5dc69bb9ea26e5590ffd7402d9710ce7ed92aa2dc,2023-01,Norfolk Constabulary,Norfolk Constabulary,0.385568,52.674042,On or near Britton Close,E01026722,King's Lynn and West Norfolk 015C,Unable to prosecute suspect
50d2638f8b34534bacc4cab55c9bd2420470ebc797bad740d87651aa1b6ed474,2023-01,Norfolk Constabulary,Norfolk Constabulary,1.288953,52.653362,On or near Boardman Close,E01026798,Norwich 001B,Investigation complete; no suspect identified
37f0026631922bc76b14eff1d996921ee9346fd2874b264b026346539591facc,2023-01,Norfolk Constabulary,Norfolk Constabulary,1.301639,52.930135,On or near MOUNT STREET,E01026735,North Norfolk 003B,Unable to prosecute suspect
37f0026631922bc76b14eff1d996921ee9346fd2874b264b026346539591facc,2023-01,Norfolk Constabulary,Norfolk Constabulary,1.301639,52.930135,On or near MOUNT STREET,E01026735,North Norfolk 003B,Unable to prosecute suspect
98191acae50433bf9ebe2995098822579b42af8b4a56084c119f3fe2c5af17bc,2023-01,Norfolk Constabulary,Norfolk Constabulary,1.693622,52.715011,On or near KING STREET,E01026606,Great Yarmouth 001B,Suspect charged
55b3293f71b85a36532f548b3ecf721881bc5059bf88ee7faf5b0a638cdee667,2023-01,Norfolk Constabulary,Norfolk Constabulary,1.410151,52.647514,On or near HOSPITAL ROAD,E01026545,Broadland 008A,Unable to prosecute suspect
d3201bf2961c9d93e506f53337bb56a591cd2c1bc1dbf8a25772ed4479394a33,2023-01,Norfolk Constabulary,Norfolk Constabulary,1.299119,52.608093,On or near Fitzgerald Road,E01026818,Norwich 013C,Unable to prosecute suspect
0e05eeed95a207929f017430cd9f7524119c67c5dd01778e2541fb18e39ae372,2023-01,Norfolk Constabulary,Norfolk Constabulary,0.397335,52.754925,On or near ,E01026698,King's Lynn and West Norfolk 011A,Suspect charged
f47486145b407cba46fa4f7c1d37ccfa5be0b8c84af8d4cfa0f42523482e0241,2023-01,Norfolk Constabulary,Norfolk Constabulary,1.124352,52.558697,On or near Peregrine Grove,E01026884,South Norfolk 007A,Unable to prosecute suspect
bebdf93794d1bbd9d5120cc51bb276a8fcbda90d4c131194027667dad3fc287b,2023-01,Norfolk Constabulary,Norfolk Constabulary,1.289549,52.621329,On or near Cranworth Gardens,E01026853,Norwich 011B,Unable to prosecute suspect
683b11b4b72185587248bfedbc51cc137d7022a0323436f03896287db679551f,2023-01,Norfolk Constabulary,Norfolk Constabulary,1.215737,52.692858,On or near Walsingham Drive,E01026518,Broadland 007A,Unable to prosecute suspect
58f96d08d81d995543b830c2f7dc32505ade11ace0622e28aefc56c4df1eb540,2023-01,Norfolk Constabulary,Norfolk Constabulary,0.769218,52.418794,On or near HAZEL COVERT,E01026470,Breckland 016C,Unable to prosecute suspect
56244fc1ed309893742008ff15aa5dbed3834d8cfbb7d5fe7d05a83f2d757e11,2023-01,Norfolk Constabulary,Norfolk Constabulary,1.227524,52.429962,On or near Chapel Close,E01026872,South Norfolk 013A,Unable to prosecute suspect
7764dd42f4fcea3276ba38f28fab06278438501241ddce4c0574bd1811d143a1,2023-01,Norfolk Constabulary,Norfolk Constabulary,0.373054,52.605263,On or near Snape Lane,E01033038,King's Lynn and West Norfolk 017G,Unable to prosecute suspect
735efb863dd84188eb72cb0d27449f6e824ccaa52a8c22e9bc1e8908acfb33c5,2023-01,Norfolk Constabulary,Norfolk Constabulary,0.988872,52.512825,On or near West Carr Road,E01026449,Breckland 011D,Unable to prosecute suspect
69e267ce9df29e2691b30e5adb6dd1a9ff82fef8e47e1e143a1d0c4f3c5fb802,2023-01,Norfolk Constabulary,Norfolk Constabulary,0.407706,52.748657,On or near Exton's Gardens,E01026667,King's Lynn and West Norfolk 009B,Unable to prosecute suspect
42a54f816937fc863a6a06b1296bf9c2a9aa5fca9d19bf2bed08e9ea15b7c1e4,2023-01,Norfolk Constabulary,Norfolk Constabulary,0.396736,52.594293,On or near Stone Cross Lane,E01026679,King's Lynn and West Norfolk 018A,Investigation complete; no suspect identified
bd2919a0df03e7b7ef44cc2c791a76987f005a210b89100de1811f4964689a55,2023-01,Norfolk Constabulary,Norfolk Constabulary,0.446684,52.756605,On or near ,E01026714,King's Lynn and West Norfolk 010D,Investigation complete; no suspect identified
321463d0b84ef7334c7ab2d6c2f7d88ed2a05d5fcb55587acad7efb471dda0f5,2023-01,Norfolk Constabulary,Norfolk Constabulary,1.293694,52.623785,On or near Winalls Yard,E01026822,Norwich 007A,Suspect charged
321463d0b84ef7334c7ab2d6c2f7d88ed2a05d5fcb55587acad7efb471dda0f5,2023-01,Norfolk Constabulary,Norfolk Constabulary,1.293694,52.623785,On or near Winalls Yard,E01026822,Norwich 007A,Suspect charged
8264e374207e54f9f734ffa3ad426cfbcac964145236eb9cd23a0d9796af8ad4,2023-01,Norfolk Constabulary,Norfolk Constabulary,1.278860,52.687827,On or near Crown Road,E01026549,Broadland 005A,Unable to prosecute suspect
bba60776f00ba744ecf6c7bb52c8e86e471d7c498b1d63f1fe242582a6426672,2023-01,Norfolk Constabulary,Norfolk Constabulary,1.341337,52.658821,On or near Avocet Rise,E01026561,Broadland 013E,Formal action is not in the public interest
69c84622231895209aacf0d85eb131ba4431046a4376dae236ed264826125605,2023-01,Norfolk Constabulary,Norfolk Constabulary,1.374065,52.193117,On or near Main Road,E01030176,Suffolk Coastal 002E,Unable to prosecute suspect
61661ddf424969348e34eb20617ab37f0a9e843f013060c0a6e24e95700f7233,2023-01,Norfolk Constabulary,Norfolk Constabulary,1.282798,52.601235,On or near Neatmarket,E01026821,Norwich 013F,Offender given a caution
d61192c382cff6dcb9427419784e7f54c55676b7a66095a6aedb938fd282b5df,2023-01,Norfolk Constabulary,Norfolk Constabulary,0.937128,52.671182,On or near HOWLETT CLOSE,E01026425,Breckland 005A,Suspect charged
d61192c382cff6dcb9427419784e7f54c55676b7a66095a6aedb938fd282b5df,2023-01,Norfolk Constabulary,Norfolk Constabulary,0.937128,52.671182,On or near HOWLETT CLOSE,E01026425,Breckland 005A,Suspect charged
4e147cf6d35f44191bbe45eefd76d9d01260215777623211f34d59dc5dfa367f,2023-01,Norfolk Constabulary,Norfolk Constabulary,1.241846,52.631917,On or near Earlham West Centre,E01026796,Norwich 005F,Investigation complete; no suspect identified
c714094fb08370a00d0216d7fa9b5b4b66061af4e127705f7544b0b9c893c47b,2023-01,Norfolk Constabulary,Norfolk Constabulary,0.410362,52.757316,On or near Gaywood Road,E01026668,King's Lynn and West Norfolk 009C,Unable to prosecute suspect
9b04f31cce9ac445b437ecc48e3fdd21df456e74d02feca04115be19b1755e38,2023-01,Norfolk Constabulary,Norfolk Constabulary,1.274916,52.654912,On or near Marshall Road,E01026832,Norwich 002E,Unable to prosecute suspect
7070a38922f34bee33c71fdc374e18809362a52a90c287a2229963dea1ca3eda,2023-01,Norfolk Constabulary,Norfolk Constabulary,0.400855,52.756115,On or near ,E01026698,King's Lynn and West Norfolk 011A,Suspect charged
10b8f8be5f6c17078885333fd026651f8ef35a807130357015cf13807fe1cc1f,2023-01,Norfolk Constabulary,Norfolk Constabulary,1.360073,52.629852,On or near ,E01026575,Broadland 016B,Investigation complete; no suspect identified
bbb40b3b60ab6a17530260187c840a8e1e7d7e8e63543b4a8201e8517d031006,2023-01,Norfolk Constabulary,Norfolk Constabulary,0.416121,52.763358,On or near Newton Court,E01026690,King's Lynn and West Norfolk 007D,Investigation complete; no suspect identified
cbb7c9d000107695436daad3d6b9cce9747801067fef366450964a55882db8b6,2023-01,Norfolk Constabulary,Norfolk Constabulary,1.727577,52.613683,On or near Frederick Road,E01026596,Great Yarmouth 005B,Investigation complete; no suspect identified
0116015e74a0a1ed48e14a8d946a162d6a3258318ed3faa9d40e3e19dc16a276,2023-01,Norfolk Constabulary,Norfolk Constabulary,1.728116,52.579360,On or near Wightmans Lane,E01026632,Great Yarmouth 009E,Investigation complete; no suspect identified
232aae1b1cba769850d8629b429187011eaba6c318c2ab83021c5c94478bf658,2023-01,Norfolk Constabulary,Norfolk Constabulary,0.408755,52.763634,On or near Waterside,E01026687,King's Lynn and West Norfolk 007A,Local resolution
01783cc2436f63e37ce3012b9fdc0ad7dad7b04d76199c1fee7566f7087f0c31,2023-01,Norfolk Constabulary,Norfolk Constabulary,1.726833,52.584069,On or near AVENUE ROAD,E01026601,Great Yarmouth 009A,Unable to prosecute suspect
01783cc2436f63e37ce3012b9fdc0ad7dad7b04d76199c1fee7566f7087f0c31,2023-01,Norfolk Constabulary,Norfolk Constabulary,1.726833,52.584069,On or near AVENUE ROAD,E01026601,Great Yarmouth 009A,Unable to prosecute suspect
8caa30a6926ffabb515b6228945a59dc9ec22a4030ca00695e02405b56f5f4ec,2023-01,Norfolk Constabulary,Norfolk Constabulary,1.398954,52.820643,On or near Rosewood,E01026753,North Norfolk 010A,Investigation complete; no suspect identified
fa7c6139c374923ee7e19126b3699622c5b9952818d0c67c4b234480ae0fec31,2023-01,Norfolk Constabulary,Norfolk Constabulary,0.418087,52.738645,On or near ,E01026724,King's Lynn and West Norfolk 014E,Suspect charged
a2470a30dc9cf58cea2fecc60b5f549fb6f2eb5bd27a39e161283e366533f02f,2023-01,Norfolk Constabulary,Norfolk Constabulary,0.876456,52.899678,On or near WELLS ROAD,E01026782,North Norfolk 009B,Unable to prosecute suspect
92c355cf6818c9d384b3f30c8b0c3521a869d73bac0d69959923ee6ba0ad9b08,2023-01,Norfolk Constabulary,Norfolk Constabulary,1.359061,52.906724,On or near Cromer Road,E01026762,North Norfolk 005A,Unable to prosecute suspect
b2aa8a49d9093150ae92d03de74bdc5e3bdca80948e3c1bd81d3b4908a40b00a,2023-01,Norfolk Constabulary,Norfolk Constabulary,1.359061,52.906724,On or near Cromer Road,E01026762,North Norfolk 005A,Unable to prosecute suspect
a5adf65310ee284e3bf8b010ec72db09896b35e30e07eff624f9b427052823ab,2023-01,Norfolk Constabulary,Norfolk Constabulary,1.274916,52.654912,On or near Marshall Road,E01026832,Norwich 002E,Unable to prosecute suspect
6302a6c4eaa9acdd54fd9da859efc4f28b614e36b0607728c73dbfd52821f7a5,2023-01,Norfolk Constabulary,Norfolk Constabulary,0.418087,52.738645,On or near ,E01026724,King's Lynn and West Norfolk 014E,Suspect charged
b6ecdb5e69d2ac11eaaca70ebd80b5d0dca4bed43785f06467810bd9148d007e,2023-01,Norfolk Constabulary,Norfolk Constabulary,1.249075,52.630136,On or near Gipsy Close,E01026868,Norwich 006F,Investigation complete; no suspect identified
af47f051a83c00b4ea80a856aa4494ce54253d6a3f15594b923b48796956bfaa,2023-01,Norfolk Constabulary,Norfolk Constabulary,0.927820,52.687276,On or near Yeats Way,E01026428,Breckland 003A,Investigation complete; no suspect identified
d4f58d2e1ef7f55cf59d836b83320d19795d465199fd52e1cbd5b3d26ec26760,2023-01,Norfolk Constabulary,Norfolk Constabulary,0.432497,52.758500,On or near Baldwin Road,E01026714,King's Lynn and West Norfolk 010D,Investigation complete; no suspect identified
c38c2de8af3bc10e3f85442b99be8d6f837671f1c410d74bd4fa46fb18c5d05d,2023-01,Norfolk Constabulary,Norfolk Constabulary,1.698762,52.574975,On or near FELLOWES DRIVE,E01026585,Great Yarmouth 013A,Suspect charged
06069d0d7215289c4777e17b8b93416b11c3849c98229aa0cb50ea5bf317f0f5,2023-01,Norfolk Constabulary,Norfolk Constabulary,0.432497,52.758500,On or near Baldwin Road,E01026714,King's Lynn and West Norfolk 010D,Investigation complete; no suspect identified
9345937a03bcf46a376e4f7bb681a9be1087b5ece915e7440c5545c21f21ebd5,2023-01,Norfolk Constabulary,Norfolk Constabulary,1.725625,52.611757,On or near Whitehorse Plain,E01026597,Great Yarmouth 005C,Unable to prosecute suspect
c318ba6087af608a726976e8737b689c956c7d6cbf30bcc145e5f231f33ce792,2023-01,Norfolk Constabulary,Norfolk Constabulary,0.431584,52.752755,On or near Highfield,E01026663,King's Lynn and West Norfolk 010B,Formal action is not in the public interest
4d27650721c158b919f32422a1aed6a1c294bfbe2020823c09fcbb836f41753b,2023-01,Norfolk Constabulary,Norfolk Constabulary,0.432497,52.758500,On or near Baldwin Road,E01026714,King's Lynn and West Norfolk 010D,Investigation complete; no suspect identified
48d9895ab5e32af2f49b414bf30ef2dca1104c29d1161b2f97f8fc8c99fdb9ef,2023-01,Norfolk Constabulary,Norfolk Constabulary,1.295189,52.623627,On or near Surrey Street,E01026822,Norwich 007A,Investigation complete; no suspect identified
6ff4908cc82202109307781a7d69561279eb33d65f3fcc43bd0ad25655874bff,2023-01,Norfolk Constabulary,Norfolk Constabulary,0.647391,52.892652,On or near B1454,E01026656,King's Lynn and West Norfolk 002C,Investigation complete; no suspect identified
1b414f6ef6959aa1e6a16d5bf40fb211c32552007e50a04b36c2758dfefb3915,2023-01,Norfolk Constabulary,Norfolk Constabulary,1.359061,52.906724,On or near Cromer Road,E01026762,North Norfolk 005A,Unable to prosecute suspect
819be5f8e11d8f2b1e65c59859e32e70cd8787ba387f7025198cc7862d674d11,2023-01,Norfolk Constabulary,Norfolk Constabulary,0.367905,52.607821,On or near Otter Close,E01026686,King's Lynn and West Norfolk 017C,Unable to prosecute suspect
baed2bf8d84e0dd63bc46d04993cd1d7ba08d9af98a11775dd5cd96aaf39ab7b,2023-01,Norfolk Constabulary,Norfolk Constabulary,1.291009,52.663009,On or near Pennyroyal,E01026799,Norwich 001C,Investigation complete; no suspect identified
22c8cec49296064ad4473fba77300b4c9e88d505dda76ef9fef0bb037e0af453,2023-01,Norfolk Constabulary,Norfolk Constabulary,0.991664,52.665653,On or near Cutthroat Lane,E01026484,Breckland 006D,Unable to prosecute suspect
ae289bebb3dfae83dcd855490f5aeade2005b910293752ffe3f96f697504d5c7,2023-01,Norfolk Constabulary,Norfolk Constabulary,0.432497,52.758500,On or near Baldwin Road,E01026714,King's Lynn and West Norfolk 010D,Investigation complete; no suspect identified
acb34ee6b1c7db5b9469ea0b9945538f3bc8904e4613255d6c7ec1e4c5dffa8d,2023-01,Norfolk Constabulary,Norfolk Constabulary,0.341553,52.699629,On or near The Avenue,E01026726,King's Lynn and West Norfolk 015D,Investigation complete; no suspect identified
c22114ddf083e8dcf5861ba43b16e57cbe654531456415dee51da3ed304b6b86,2023-01,Norfolk Constabulary,Norfolk Constabulary,0.849240,52.830752,On or near ,E01026747,North Norfolk 011C,Formal action is not in the public interest
cb55e55a33c9354f00c3447a926bef57c4832d99fe6bc7a7df3412044589c3bd,2023-01,Norfolk Constabulary,Norfolk Constabulary,0.274671,52.707684,On or near Old Church Road,E01026697,King's Lynn and West Norfolk 015B,Unable to prosecute suspect
816d85b0950c6c70a8b1315547ce79b3b066582779ed5fab9968d4dffd2a8c2f,2023-01,Norfolk Constabulary,Norfolk Constabulary,0.861077,52.552973,On or near ,E01033040,Breckland 010F,Unable to prosecute suspect
50fecee2c447f2ca26c5c06e2f8d707f8301114f1e828a5300433521523ad66e,2023-01,Norfolk Constabulary,Norfolk Constabulary,0.881689,52.437679,On or near Risley Close,E01026440,Breckland 014B,Unable to prosecute suspect
0c068191d1393116988703cdcc0f9ff58dfcd6ec70bea5a252dbb3ea02a2f667,2023-01,Norfolk Constabulary,Norfolk Constabulary,1.321714,52.635675,On or near Regency Court,E01026806,Norwich 004D,Unable to prosecute suspect
18374159fb2d81216cab61b97c1fa584bf9fa60074fd0471b779f82097d85d96,2023-01,Norfolk Constabulary,Norfolk Constabulary,0.858740,52.554918,On or near HMP WAYLAND,E01033040,Breckland 010F,Suspect charged
815e7ece6376817a1315d9451eee5471a36ee37e36492559476e2812f41586d0,2023-01,Norfolk Constabulary,Norfolk Constabulary,0.851182,52.829572,On or near Ratcliffe Road,E01026747,North Norfolk 011C,Investigation complete; no suspect identified
33ccb4adbeaba6447badb086ac381ba5861df25e493b2df54fb2f735a8a17ed4,2023-01,Norfolk Constabulary,Norfolk Constabulary,1.304504,52.624600,On or near ,E01033441,Norwich 014D,Suspect charged
86d1b7a421c94e5b45bacb0efb7f7f3f2f1d8a429c279a8f1f95962e2100b109,2023-01,Norfolk Constabulary,Norfolk Constabulary,1.232184,52.610741,On or near Beechcroft Court,E01026882,South Norfolk 002B,Unable to prosecute suspect
d7783481737d0f6faffe27910ce1ed20be2a1d7c26ac6916b064e246bbf117d8,2023-01,Norfolk Constabulary,Norfolk Constabulary,1.712258,52.575524,On or near Trinity Avenue,E01026603,Great Yarmouth 009C,Unable to prosecute suspect
7e1755056bb5f6e82cef48fed8c0b3061b12006976be61673fdb76044e185e07,2023-01,Norfolk Constabulary,Norfolk Constabulary,1.307780,52.628708,On or near Chalk Hill Road,E01033439,Norwich 014B,Suspect charged
ebce229cb5fb0fb027ad948218fc5c3f799831fe53a080e25fee5143a0060391,2023-01,Norfolk Constabulary,Norfolk Constabulary,0.926488,52.687938,On or near Byron Avenue,E01026428,Breckland 003A,Investigation complete; no suspect identified
0e66bce0ccaac7ff5b69bd8d094a28c7f34712d1b6b7b30f725ec5a86f5c4722,2023-01,Norfolk Constabulary,Norfolk Constabulary,0.927326,52.664195,On or near Strasbourg Way,E01026433,Breckland 005E,Unable to prosecute suspect
0e66bce0ccaac7ff5b69bd8d094a28c7f34712d1b6b7b30f725ec5a86f5c4722,2023-01,Norfolk Constabulary,Norfolk Constabulary,0.927326,52.664195,On or near Strasbourg Way,E01026433,Breckland 005E,Unable to prosecute suspect
3b8474fffa572e1db2f326751bbd5e5e38273fedac1001201ae8d7755674fa5f,2023-01,Norfolk Constabulary,Norfolk Constabulary,1.333329,52.656798,On or near South Gage Close,E01026561,Broadland 013E,Formal action is not in the public interest
0777af0227ca020f9ee757ffe97fdc445a98d5d92e323d8625b2d2aaadcc24af,2023-01,Norfolk Constabulary,Norfolk Constabulary,1.111285,52.570049,On or near ,E01026870,South Norfolk 005A,Unable to prosecute suspect
d30cd705f93ad3079157ae1f3cc1313a33dbf2925431f2e7e2016fe3f69f2f88,2023-01,Norfolk Constabulary,Norfolk Constabulary,1.262462,52.633926,On or near ,E01026863,Norwich 006A,Action to be taken by another organisation
92e76db435696d16110bdc3bdf3cc50b3680bbc8e0eba4bf728588e28a03a663,2023-01,Norfolk Constabulary,Norfolk Constabulary,1.262462,52.633926,On or near ,E01026863,Norwich 006A,Unable to prosecute suspect
01bd5ef9cac83c220e4cb68c1277c0e2b0332e72c0069a3cac91a440ce342234,2023-01,Norfolk Constabulary,Norfolk Constabulary,1.262462,52.633926,On or near ,E01026863,Norwich 006A,Unable to prosecute suspect
1cb6f6c0c3d13926e4b69890ae76644a2a23470cdd36fe7a7a1874127960397d,2023-01,Norfolk Constabulary,Norfolk Constabulary,1.262462,52.633926,On or near ,E01026863,Norwich 006A,Unable to prosecute suspect
29e627457ccd29ace9f4e59a377166b3ecf89de89eb0658da8bfe4795b7e3362,2023-01,Norfolk Constabulary,Norfolk Constabulary,1.262462,52.633926,On or near ,E01026863,Norwich 006A,Unable to prosecute suspect
a20af36b0b7914165a9ed458dda223b1c4086a6c4dc49eab40792af4bf42872d,2023-01,Norfolk Constabulary,Norfolk Constabulary,1.628768,52.699909,On or near MALBOROUGH GREEN CRESCENT,E01026638,Great Yarmouth 002E,Investigation complete; no suspect identified
1a8f5b56e98acf6361b60abcb930877be29938b0f1808bf62b7f9c04029f7f7c,2023-01,Norfolk Constabulary,Norfolk Constabulary,1.262462,52.633926,On or near ,E01026863,Norwich 006A,Unable to prosecute suspect
dd43fa03698904bf9dd990080b79fe1f448b1552ab87cec2d14d61b10ef3e1bf,2023-01,Norfolk Constabulary,Norfolk Constabulary,0.490856,52.934488,On or near WAVENEY ROAD,E01026680,King's Lynn and West Norfolk 001A,Unable to prosecute suspect
9404817102e16a928751972fffbd29b715ba3314a16860aa282b34d257fdf4e4,2023-01,Norfolk Constabulary,Norfolk Constabulary,1.262462,52.633926,On or near ,E01026863,Norwich 006A,Unable to prosecute suspect
8d85fdd98db7a0905a161afbd32a4cca6d47830d3cf4b1e68f5a87e5306d449c,2023-01,Norfolk Constabulary,Norfolk Constabulary,1.262462,52.633926,On or near ,E01026863,Norwich 006A,Unable to prosecute suspect
ea137df5bb459314fe2ea37f19e712c5199df7754a8766ea986ffa897a10f25e,2023-01,Norfolk Constabulary,Norfolk Constabulary,1.262462,52.633926,On or near ,E01026863,Norwich 006A,Unable to prosecute suspect
eb2547bd765ca913aa728e48e99e80c4aa2712d234f10726684be90a5331a075,2023-01,Norfolk Constabulary,Norfolk Constabulary,1.262462,52.633926,On or near ,E01026863,Norwich 006A,Unable to prosecute suspect
0c567f06a29403a31807182c1f6d4588554e83499c59156d793d2ee43e145175,2023-01,Norfolk Constabulary,Norfolk Constabulary,1.262462,52.633926,On or near ,E01026863,Norwich 006A,Unable to prosecute suspect
a2212e53b4558fb9bb5e94f40241efc9cb39f9c6dbd564b0fb212e2af52132bc,2023-01,Norfolk Constabulary,Norfolk Constabulary,1.733119,52.616468,On or near Astley Cooper Place,E01026595,Great Yarmouth 005A,Investigation complete; no suspect identified
b224661958b0d7e5b8500b7a463c9ce19dc996d955fd6cc9e255e9f169c99a73,2023-01,Norfolk Constabulary,Norfolk Constabulary,0.184786,52.644295,On or near Tram Station Lane,E01026660,King's Lynn and West Norfolk 016B,Unable to prosecute suspect
a363f1fdec60844267ead7366c0eceb864faf5bdbadf087964dc62ded7cb414f,2023-01,Norfolk Constabulary,Norfolk Constabulary,1.733341,52.605370,On or near Trafalgar Road,E01026623,Great Yarmouth 006B,Investigation complete; no suspect identified
a05f38b0a45fcc2bbbce4b8d3f347d12bc5000053dddf9a2e59fd131680c3734,2023-01,Norfolk Constabulary,Norfolk Constabulary,1.299706,52.665555,On or near Woodland Drive,E01026540,Broadland 009A,Further investigation is not in the public interest
bb7d21df800e12fbf5790da9643eda13c4d548a8db42b55ad7685cdc4816ff32,2023-01,Norfolk Constabulary,Norfolk Constabulary,1.311029,52.650193,On or near Templemere,E01026802,Norwich 001F,Unable to prosecute suspect
fef6ed73961c69558e38b640486a9191a908852c6a23e217ec65da59978e4162,2023-01,Norfolk Constabulary,Norfolk Constabulary,1.183792,52.684278,On or near Draper Way,E01026566,Broadland 006E,Unable to prosecute suspect
f142cfe28d5a8b34c747a52e1eceb8521349c2101ccb71a80ed52bdfa6bd317d,2023-01,Norfolk Constabulary,Norfolk Constabulary,0.386126,52.675065,On or near Stiffkey Close,E01026722,King's Lynn and West Norfolk 015C,Unable to prosecute suspect
65408d0f313cd2e763f01435562e9aecc77f94ebf1b6d5c408492bda0d47db27,2023-01,Norfolk Constabulary,Norfolk Constabulary,1.417850,52.623377,On or near Brundall Gardens,E01026509,Broadland 017B,Unable to prosecute suspect
aeb3cdde2c5657a8a5bb609465c21b2b15e6ace6590533c811aab463511a0170,2023-01,Norfolk Constabulary,Norfolk Constabulary,1.220816,52.618488,On or near ,E01026883,South Norfolk 002C,Investigation complete; no suspect identified
256b39347372f318a745be48c8285c7f6461a92e1f1fea2f1239bb02744f8ed8,2023-01,Norfolk Constabulary,Norfolk Constabulary,0.861077,52.552973,On or near ,E01033040,Breckland 010F,Unable to prosecute suspect
a7e3ad1621a58a22cdaa9520ba528b26621400fcf508256ba4e3a1115fc74620,2023-01,Norfolk Constabulary,Norfolk Constabulary,1.713834,52.571634,On or near Darwin Court,E01026620,Great Yarmouth 011D,Unable to prosecute suspect
29f7e6b23c23cc11ad74191c9916a2d54af65cc22e7ebdb4384ac3a9f83d0d94,2023-01,Norfolk Constabulary,Norfolk Constabulary,1.286933,52.654426,On or near Middleton Close,E01026798,Norwich 001B,Unable to prosecute suspect
69546fc60f18a9cc69340632282a1c6961b2e79cad48fffc9c8df7538f38cd8a,2023-01,Norfolk Constabulary,Norfolk Constabulary,1.302679,52.628095,On or near ,E01033439,Norwich 014B,Suspect charged
6ec16ad029ececb45045e0409813dcdaf87b04a7bbb6d6bae2794574914fbced,2023-01,Norfolk Constabulary,Norfolk Constabulary,1.248942,52.621560,On or near WYCLIFFE ROAD,E01026860,Norwich 010C,Unable to prosecute suspect
217473480ca0bbec9dc77b675eb08e8c4d219790bb122087a578b30af7637662,2023-01,Norfolk Constabulary,Norfolk Constabulary,0.220000,52.613995,On or near Cottons Head,E01026661,King's Lynn and West Norfolk 016C,Investigation complete; no suspect identified
d44ab1b15518a75e14bbf23de4227826034d31d813fa18278dc7bbe3f0091897,2023-01,Norfolk Constabulary,Norfolk Constabulary,0.533777,52.008630,On or near Church Lane,E01021414,Braintree 001C,Unable to prosecute suspect
6826dcf01790157c8262af18339a706a65a06c910cd69d9847dee530628843a0,2023-01,Norfolk Constabulary,Norfolk Constabulary,1.290968,52.641606,On or near Eade Road,E01026831,Norwich 002D,Unable to prosecute suspect
81e33ed92929a1ff25089d5c63a72c4ccbacbf317574c7b91b8727b25452be96,2023-01,Norfolk Constabulary,Norfolk Constabulary,1.217391,52.938419,On or near Pine Grove,E01026771,North Norfolk 001B,Action to be taken by another organisation
9774106227710b9e7b5e97c2b8df1cabbd24451bbd8711feed77e0ce2007f31b,2023-01,Norfolk Constabulary,Norfolk Constabulary,1.305262,52.628445,On or near Recorder Road,E01033438,Norwich 014A,Investigation complete; no suspect identified
37a3fd6e3b68e97f7634cb87e90921a8d6065b73d7c3cbfd40eef246a0b339a8,2023-01,Norfolk Constabulary,Norfolk Constabulary,1.733341,52.605370,On or near Trafalgar Road,E01026623,Great Yarmouth 006B,Unable to prosecute suspect
8882f562b03b8585ae00e409e9db3e8717a6eaa1f0fc026a4610d992c276b957,2023-01,Norfolk Constabulary,Norfolk Constabulary,1.713834,52.571634,On or near Darwin Court,E01026620,Great Yarmouth 011D,Unable to prosecute suspect
57c9f519171739b39ae6dbb17432dacd90839880f3819dd5d26125908d6d4bed,2023-01,Norfolk Constabulary,Norfolk Constabulary,1.470239,52.535941,On or near Aspen Close,E01026911,South Norfolk 008C,Unable to prosecute suspect
bf73422f42bda81795a25767e0e826ab89c52a7c8867babbc63c247bdd43eacb,2023-01,Norfolk Constabulary,Norfolk Constabulary,1.217393,52.647352,On or near UPPER STAFFORD AVENUE,E01026917,South Norfolk 001B,Unable to prosecute suspect
5b920217ad1f497e050eae56d67c887bde6a66fc2d3868cbe6d4c47726de71c2,2023-01,Norfolk Constabulary,Norfolk Constabulary,1.470239,52.535941,On or near Aspen Close,E01026911,South Norfolk 008C,Unable to prosecute suspect
ccb9feb7f36b33b1b34fe7d2d5af5a7580925ad3c411d18d3dc9e041277152fb,2023-01,Norfolk Constabulary,Norfolk Constabulary,0.921582,52.435036,On or near West Harling Road,E01026441,Breckland 014C,Unable to prosecute suspect
e3bd45f3476a6f206b00af146d8daededdfe97ec28f1d33360687c9ea1a11207,2023-01,Norfolk Constabulary,Norfolk Constabulary,0.430936,52.770662,On or near Willow Park,E01026669,King's Lynn and West Norfolk 006A,Suspect charged
e7ff4faca86b6ff90cd3d87c34e783737c4aa44f2042767411ea70491ba05ac1,2023-01,Norfolk Constabulary,Norfolk Constabulary,1.312017,52.666183,On or near White Woman Lane,E01026541,Broadland 009B,Unable to prosecute suspect
680f80c596623a0884f4b05c1616c7336a4a7b73360621731729e8ec178b0c68,2023-01,Norfolk Constabulary,Norfolk Constabulary,1.730663,52.608450,On or near The Crans,E01026597,Great Yarmouth 005C,Investigation complete; no suspect identified
392c7042b80ff2d040c11b9cbc8904cf895141fbb732eab8387dba73d51a23ff,2023-01,Norfolk Constabulary,Norfolk Constabulary,1.252076,52.787331,On or near Wade Close,E01026499,Broadland 001A,Offender given a caution
90767b9d57704a451f8b0da570e01ffb7fc7dbac1ea0075ae556d862adbe1209,2023-01,Norfolk Constabulary,Norfolk Constabulary,1.293694,52.623785,On or near Winalls Yard,E01026822,Norwich 007A,Unable to prosecute suspect
c4ee0e2199dd012e25772c5fd5ee26e7d12571197020819a90040bb20ce196ee,2023-01,Norfolk Constabulary,Norfolk Constabulary,1.735935,52.625932,On or near Chaucer Road,E01026641,Great Yarmouth 004D,Unable to prosecute suspect
17d3a9c23215df9b29431d226f73a572f06ae7b0b384fdedb79de4695b20e6ab,2023-01,Norfolk Constabulary,Norfolk Constabulary,1.735935,52.625932,On or near Chaucer Road,E01026641,Great Yarmouth 004D,Unable to prosecute suspect
de466182c41bed5cc188b80a1cee03d3067b8727f32a8e75075cab69fc4c1db3,2023-01,Norfolk Constabulary,Norfolk Constabulary,0.749863,52.414552,On or near St Giles' Lane,E01026468,Breckland 016A,Unable to prosecute suspect
9e9dac228832d38fd2396edbba7a92a07a54465d15d481f9c2884ceda5533857,2023-01,Norfolk Constabulary,Norfolk Constabulary,1.015113,52.516952,On or near Exchange Street,E01026449,Breckland 011D,Suspect charged
4b9eee1db9e86e72feb8c850bf109263e617670bd3252d3730221cbb09b8775b,2023-01,Norfolk Constabulary,Norfolk Constabulary,1.278392,52.643663,On or near HAVERS ROAD,E01026829,Norwich 002B,Unable to prosecute suspect
a4182d5fa75427d4955300ed98ef01df8a2beb8ffd86430524d75785d44b584d,2023-01,Norfolk Constabulary,Norfolk Constabulary,1.059193,52.720719,On or near Farman Close,E01026436,Breckland 001A,Investigation complete; no suspect identified
db1506ef81985878c37d720c2b7c8bcf22f755604965d1665e19848c96fcfca1,2023-01,Norfolk Constabulary,Norfolk Constabulary,0.406936,52.754049,On or near ,E01026698,King's Lynn and West Norfolk 011A,Unable to prosecute suspect
0ee5668e60702e9127907201d1ef3122cf1cf2e02a02ceda9e350b168b0369c4,2023-01,Norfolk Constabulary,Norfolk Constabulary,1.305263,52.625909,On or near ,E01033439,Norwich 014B,Investigation complete; no suspect identified
32e5f6dcaa79404a9d4c124ace4a3a2e9014bc7793f598ac9d178a12fb671aa4,2023-01,Norfolk Constabulary,Norfolk Constabulary,1.281161,52.632857,On or near ,E01026824,Norwich 007C,Unable to prosecute suspect
96cda4395bcd13fbbf2830a72b5a3c534f7efaeb33fc5fbb5ed2aa53d3cd4192,2023-01,Norfolk Constabulary,Norfolk Constabulary,0.411774,52.765973,On or near Lady Jane Grey Road,E01026690,King's Lynn and West Norfolk 007D,Local resolution
64495927189258afabe67889ce2ebb378d6d1e7e8cadcb62d0bc8145d4c513c8,2023-01,Norfolk Constabulary,Norfolk Constabulary,1.216703,52.628700,On or near Mardle Street,E01033435,Norwich 005G,Investigation complete; no suspect identified
f28632026df1969979e23cdd831ad7b50d405f76cd98b0d84a603ed0048afacd,2023-01,Norfolk Constabulary,Norfolk Constabulary,1.733831,52.614943,On or near Midland Close,E01026595,Great Yarmouth 005A,Unable to prosecute suspect
ab93339504bed0800405fe54d39d22ac5edf0f3869ed54947b15706cee01c9df,2023-01,Norfolk Constabulary,Norfolk Constabulary,0.738343,52.418273,On or near Canterbury Way,E01026465,Breckland 015A,Unable to prosecute suspect
f579836686d2a2faea07cd6eb7ba0e0c27b75cde86012d73e43ee98455442267,2023-01,Norfolk Constabulary,Norfolk Constabulary,1.231980,52.634031,On or near Jordan Close,E01033436,Norwich 005H,Unable to prosecute suspect
ad210d58281c90ed3cfc48d5a68a5b5f4545cf829e99a904b9a0603e3853a80e,2023-01,Norfolk Constabulary,Norfolk Constabulary,1.729453,52.604297,On or near King Street,E01026624,Great Yarmouth 006C,Investigation complete; no suspect identified
cf38dc6d1961840440da75d7b4bbd1ac03eab9ad9ca1a32af0434109a9f8277f,2023-01,Norfolk Constabulary,Norfolk Constabulary,1.639729,52.712408,On or near Bensley Road,E01026638,Great Yarmouth 002E,Unable to prosecute suspect
25d989f64ad4165a15031b095863ed957b829783b6d901aba0ee2c3ca81a32a9,2023-01,Norfolk Constabulary,Norfolk Constabulary,0.948283,52.680410,On or near Ramillies Close,E01026429,Breckland 003B,Unable to prosecute suspect
469502fb3935a521878e8c149d00a025fc454ff7cbd49684b3125e4c0981ab6c,2023-01,Norfolk Constabulary,Norfolk Constabulary,0.394469,52.754796,On or near Purfleet,E01026698,King's Lynn and West Norfolk 011A,Unable to prosecute suspect
9caf4e294ae0348c2e7e36c4b50e2fc7c384c6941848dd0fcac80d52e7f1baa4,2023-01,Norfolk Constabulary,Norfolk Constabulary,1.292438,52.603126,On or near Theobald Road,E01026821,Norwich 013F,Unable to prosecute suspect
18c7706b659b11256c9bcab32fadde45c35b3f9e9fbc10bb7a8003e096ab4cd8,2023-01,Norfolk Constabulary,Norfolk Constabulary,1.346694,52.566897,On or near Saxonfields,E01026928,South Norfolk 006E,Unable to prosecute suspect
e52b147b5319bfb3c8b100db8855763f7435afccaff5756f09fcdeb36c94d2fa,2023-01,Norfolk Constabulary,Norfolk Constabulary,1.281161,52.632857,On or near ,E01026824,Norwich 007C,Unable to prosecute suspect
a5f29327831cace1fa4b6c48eab68444d1e716caa61740c1315d8cb474f2a984,2023-01,Norfolk Constabulary,Norfolk Constabulary,0.921582,52.435036,On or near West Harling Road,E01026441,Breckland 014C,Unable to prosecute suspect
37ec558a6ecbd0268972fc71c4ec23aada6f8dca0c670808bfe104c62433a581,2023-01,Norfolk Constabulary,Norfolk Constabulary,1.298450,52.630425,On or near Queen Street,E01033438,Norwich 014A,Unable to prosecute suspect
cb0b09db12f13850929e80940002807fc40b4e96da8f30ce1a2b2e841d6ddcdd,2023-01,Norfolk Constabulary,Norfolk Constabulary,1.239164,52.641829,On or near Randle Green,E01026869,Norwich 006G,Unable to prosecute suspect
e240c7ec140de89b8b07911a81bcf6e36d0df46f1780f095220e58645a0fc926,2023-01,Norfolk Constabulary,Norfolk Constabulary,0.329986,52.794178,On or near Silt Road,E01026711,King's Lynn and West Norfolk 008B,Unable to prosecute suspect
447a1c3f46ca9deea33a7851cad4b0eae781de7bfbc0840fb60ae7ec9d120c43,2023-01,Norfolk Constabulary,Norfolk Constabulary,0.329986,52.794178,On or near Silt Road,E01026711,King's Lynn and West Norfolk 008B,Unable to prosecute suspect
0ecf00cadc6ccac09ee7760a556719d21dc819122d649c51bdc56d0af2cad6d6,2023-01,Norfolk Constabulary,Norfolk Constabulary,1.725259,52.580845,On or near ,E01026632,Great Yarmouth 009E,Action to be taken by another organisation
383cb6ad90eb1354c2b9cbaa4460923ab8cbfb56a12aff6259bd910e989707b9,2023-01,Norfolk Constabulary,Norfolk Constabulary,0.435743,52.751330,On or near Ashfield Hill,E01026663,King's Lynn and West Norfolk 010B,Unable to prosecute suspect
383cb6ad90eb1354c2b9cbaa4460923ab8cbfb56a12aff6259bd910e989707b9,2023-01,Norfolk Constabulary,Norfolk Constabulary,0.435743,52.751330,On or near Ashfield Hill,E01026663,King's Lynn and West Norfolk 010B,Unable to prosecute suspect
452ba67c1e72c0674fd7e3aa8edc811ffc62eb60baf6af490d1445a40e7dcaa1,2023-01,Norfolk Constabulary,Norfolk Constabulary,0.448955,52.774463,On or near STODY DRIVE,E01026710,King's Lynn and West Norfolk 005E,Investigation complete; no suspect identified
3729fb4a162db5b95577be2851dd257603537555c6eb7e10a2a9d52339ae76b7,2023-01,Norfolk Constabulary,Norfolk Constabulary,0.405994,52.760614,On or near Raby Avenue,E01026687,King's Lynn and West Norfolk 007A,Unable to prosecute suspect
6b6af7e6dbaf673c8a1b64d27f3cd2a4d8d1f868448d74a0d8e7fdff16d78fab,2023-01,Norfolk Constabulary,Norfolk Constabulary,0.927326,52.664195,On or near Strasbourg Way,E01026433,Breckland 005E,Investigation complete; no suspect identified
40b2a3e5ab857a6add01a215a2041629ac1f1ddf97928d23dad2e686cdc5ccf3,2023-01,Norfolk Constabulary,Norfolk Constabulary,1.114298,52.570077,On or near Bridewell Street,E01026870,South Norfolk 005A,Unable to prosecute suspect
d8545afedb9f5d5f7e2ba8e4d5a1a9c7ed9b63a040a7683cef303cf1ca3cd264,2023-01,Norfolk Constabulary,Norfolk Constabulary,1.396285,52.829245,On or near Willow Close,E01026757,North Norfolk 010E,Investigation complete; no suspect identified
b630f81b40fdf0c41c2a0ccf283b7ec61ec224c8f0aa42c26ce7302f7693bbb6,2023-01,Norfolk Constabulary,Norfolk Constabulary,1.733341,52.605370,On or near Trafalgar Road,E01026623,Great Yarmouth 006B,Unable to prosecute suspect
2d25405269b95693a83cb804a26ef0f5ea432ce52f5e6e819524e9a604deb1a0,2023-01,Norfolk Constabulary,Norfolk Constabulary,1.342957,52.635292,On or near Brenda James Close,E01026571,Broadland 015C,Unable to prosecute suspect
45a877e73f10bfb7ae10b3a73ab00e0cbea70b64952fb15713d7b4df0a8f6bca,2023-01,Norfolk Constabulary,Norfolk Constabulary,1.307541,52.650021,On or near Brockwell Court,E01026802,Norwich 001F,Investigation complete; no suspect identified
f4a2df8970b391ee64542071872a8bab5e2e942586f832bb4e92a9baf467d1f9,2023-01,Norfolk Constabulary,Norfolk Constabulary,1.252845,52.616803,On or near Norgate Road,E01026814,Norwich 012E,Unable to prosecute suspect
6c151284fcdd0b437606ced1bd733467f5e72d27edcfd1144c376d7281b973d8,2023-01,Norfolk Constabulary,Norfolk Constabulary,1.734504,52.624744,On or near Beatty Close,E01026641,Great Yarmouth 004D,Offender given a caution
3ee6c89e44993607c95107a38ad48ceb702f048c30d988c8d6372c153157b85d,2023-01,Norfolk Constabulary,Norfolk Constabulary,0.404436,52.755737,On or near Wyatt Street,E01026698,King's Lynn and West Norfolk 011A,Unable to prosecute suspect
1aa6135534e4d34b29c350fd904399cc8b4cdf89510d96a5f3ff27ae5c1defff,2023-01,Norfolk Constabulary,Norfolk Constabulary,0.399013,52.754417,On or near ,E01026698,King's Lynn and West Norfolk 011A,Local resolution
9f1e617f7db78ec9ff1dace9f0778894a159f0cad641ed8792ece18db8e109c9,2023-01,Norfolk Constabulary,Norfolk Constabulary,1.710007,52.570899,On or near Merton Avenue,E01026619,Great Yarmouth 011C,Unable to prosecute suspect
0d1e8b24c0a912bff4f9c65e287bff92502eb6144f1a4670c7c48eb8ee30accf,2023-01,Norfolk Constabulary,Norfolk Constabulary,0.398900,52.738603,On or near Morston Drift,E01026706,King's Lynn and West Norfolk 011F,Unable to prosecute suspect
276a724499fcf1204f2d953e3bc11a5d829f0ff42066e1b74c81487d49f17869,2023-01,Norfolk Constabulary,Norfolk Constabulary,1.732211,52.603553,On or near Oxborough Walk,E01026624,Great Yarmouth 006C,Investigation complete; no suspect identified
f0fb7fe6b72a88cf5922302a49997a82c437c16471fea3c5226f1007bcdbf546,2023-01,Norfolk Constabulary,Norfolk Constabulary,1.180690,52.599446,On or near Queen's Road,E01026907,South Norfolk 003C,Investigation complete; no suspect identified
4c3aca57b61844c2a3c78dd6dd7847a795ec91849d392d17c365d98c4a1d4284,2023-01,Norfolk Constabulary,Norfolk Constabulary,1.733795,52.607407,On or near Roman Place,E01026623,Great Yarmouth 006B,Investigation complete; no suspect identified
23af3179eae6274e3f3ac04628cfbd893ce0edb168ffae00106d33a4429ca865,2023-01,Norfolk Constabulary,Norfolk Constabulary,1.287320,52.645997,On or near Sawmill Court,E01026829,Norwich 002B,Investigation complete; no suspect identified
4cb30ddc6478b083a6a8b675f47952bd90ae8379960762c5957e6da35f3a23f1,2023-01,Norfolk Constabulary,Norfolk Constabulary,1.284495,52.625471,On or near Globe Place,E01033437,Norwich 011H,Investigation complete; no suspect identified
d9a800294de904d0e81c809328d7bd8055a4ba2fa9c7df3de4d7ee9e4c2a1842,2023-01,Norfolk Constabulary,Norfolk Constabulary,0.399518,52.754164,On or near Kings Lynn Bus Station,E01026698,King's Lynn and West Norfolk 011A,Unable to prosecute suspect
9c292109f1cc2bc29f96f8560b3add58fe92ca8c435008423effdb99e9aa6818,2023-01,Norfolk Constabulary,Norfolk Constabulary,1.301862,52.629017,On or near ,E01033438,Norwich 014A,Investigation complete; no suspect identified
4ca882d875e5174f49d0733be161ce4fa6959ff01f13aa98fa020dd399fa864c,2023-01,Norfolk Constabulary,Norfolk Constabulary,0.406670,52.758901,On or near Harewood Drive,E01026689,King's Lynn and West Norfolk 007C,Local resolution
ac1970f8a9fcf14bfe154b27930483150e9d5c17d4ff26ad33b6df20d203a5bf,2023-01,Norfolk Constabulary,Norfolk Constabulary,1.294552,52.636380,On or near ,E01026826,Norwich 007E,Unable to prosecute suspect
a73fac7b64bb44fc27b95b07a866f04d2b195d2dfdb74d6d85cc83371e19ff75,2023-01,Norfolk Constabulary,Norfolk Constabulary,1.360073,52.629852,On or near ,E01026575,Broadland 016B,Unable to prosecute suspect
548458936b0befe17bc5aa0d1cbef7c2fcc29ba28562ff5d09e87a9073c9c054,2023-01,Norfolk Constabulary,Norfolk Constabulary,1.729675,52.612637,On or near East Road,E01026595,Great Yarmouth 005A,Suspect charged
5a86f41adf9da85ab331dc540d0ebf957fd12fbcfd11e4632456a11844fc7676,2023-01,Norfolk Constabulary,Norfolk Constabulary,1.317599,52.637562,On or near Prison,E01026806,Norwich 004D,Unable to prosecute suspect
acaff327f17fac1f9d7bc56fa117c0d7a61fe592841d0f9934913d60713a60bc,2023-01,Norfolk Constabulary,Norfolk Constabulary,1.249157,52.794138,On or near ,E01026500,Broadland 001B,Unable to prosecute suspect
acaff327f17fac1f9d7bc56fa117c0d7a61fe592841d0f9934913d60713a60bc,2023-01,Norfolk Constabulary,Norfolk Constabulary,1.249157,52.794138,On or near ,E01026500,Broadland 001B,Unable to prosecute suspect
6c486ee096fd94edf0d7bf892ca51ddc87d809a82bdba2784af4075a68791702,2023-01,Norfolk Constabulary,Norfolk Constabulary,1.712199,52.578665,On or near Forsythia Road,E01026603,Great Yarmouth 009C,Investigation complete; no suspect identified
45de4374954fda751e438a2d7104395abe6aa01115ac20bf0cec7e0d5121b477,2023-01,Norfolk Constabulary,Norfolk Constabulary,,,No location,,,Investigation complete; no suspect identified
45dd544388e78bdaf24900db8af0c7c98bbba9011d58338a5d32630d0115d102,2023-01,Norfolk Constabulary,Norfolk Constabulary,0.733534,52.421379,On or near Hereford Close,E01026467,Breckland 015C,Unable to prosecute suspect
68eea98d75cb0940c84292d5ddb2e239d310c38856d30733773434f66e2cc734,2023-01,Norfolk Constabulary,Norfolk Constabulary,1.499703,52.519179,On or near Green Road,E01026899,South Norfolk 010B,Unable to prosecute suspect
59cec555161d7b965fe4752a8faef1a860ac45141053b54d81f82e43524c592b,2023-01,Norfolk Constabulary,Norfolk Constabulary,1.520175,52.775679,On or near Rugge Mews,E01026775,North Norfolk 013B,Investigation complete; no suspect identified
21097b69bf06cc66bd4edf79c96385f5990e250c598b8c33503d436fabca15aa,2023-01,Norfolk Constabulary,Norfolk Constabulary,1.283410,52.614349,On or near Harford Manor Close,E01026852,Norwich 011A,Investigation complete; no suspect identified
19b061cf490c1e177a86c55cb284c69ecdc08b9fafeec0b3fda94723cabc7fd1,2023-01,Norfolk Constabulary,Norfolk Constabulary,1.226355,52.486627,On or near Sweet Briar Road,E01026940,South Norfolk 011F,Investigation complete; no suspect identified
1dc080a31cdcd449eab7c2f0bf1ab4efd718728c7a1f52610a3678d0989ee396,2023-01,Norfolk Constabulary,Norfolk Constabulary,1.661850,52.565564,On or near Silver Gardens,E01026613,Great Yarmouth 012A,Investigation complete; no suspect identified
a2d0c7935900b199487b50aaeca1dd335f51c4c507eef29e92842a6f097f03b4,2023-01,Norfolk Constabulary,Norfolk Constabulary,0.469427,52.903393,On or near South Beach,E01026678,King's Lynn and West Norfolk 003C,Investigation complete; no suspect identified
3bad172ad48e118de2a90845b11f9a03860c1890679e480b0e6ee6f61381dff3,2023-01,Norfolk Constabulary,Norfolk Constabulary,1.216327,52.630617,On or near Bladewater Road,E01033435,Norwich 005G,Investigation complete; no suspect identified
07429deb1eee613aadc07c351e565d0839f27af611c4f7538026055b9f680bb2,2023-01,Norfolk Constabulary,Norfolk Constabulary,,,No location,,,Unable to prosecute suspect
9156f4158474ecd3ed207d64f584b015e3b19824d1f2c685b0a42e5779d07591,2023-01,Norfolk Constabulary,Norfolk Constabulary,1.499703,52.519179,On or near Green Road,E01026899,South Norfolk 010B,Unable to prosecute suspect
330d18bac7c6a4d9b1beecd86a0610280d3b1631a130ebbcb8d308844a5152be,2023-01,Norfolk Constabulary,Norfolk Constabulary,0.941687,52.678479,On or near Banyard Place,E01026426,Breckland 005B,Investigation complete; no suspect identified
11a56e06623075cf7517de996e31bc809a40c80b6ad46e7156464c9bb796a2b4,2023-01,Norfolk Constabulary,Norfolk Constabulary,1.230577,52.675538,On or near Carter Road,E01026521,Broadland 007D,Investigation complete; no suspect identified
69395510614d14361aedde5a2a37275552f50671cced1c5e2858ffd2e93301c0,2023-01,Norfolk Constabulary,Norfolk Constabulary,1.499703,52.519179,On or near Green Road,E01026899,South Norfolk 010B,Unable to prosecute suspect
cbe8443db67a1c9fddffa777eeda6fb031698fe955c0fb2c550d7bf04e1e041f,2023-01,Norfolk Constabulary,Norfolk Constabulary,0.410960,52.753644,On or near Princes Way,E01026668,King's Lynn and West Norfolk 009C,Unable to prosecute suspect
d9267da2193c167eed3819eaadfce5ea228dbddfe5d576e2a1b5b3f88eced0c3,2023-01,Norfolk Constabulary,Norfolk Constabulary,1.307541,52.650021,On or near Brockwell Court,E01026802,Norwich 001F,Unable to prosecute suspect
92c6a9f46eafc2dab69299b340f0e836918eaff723b92ceb5b5af8d0b14c0208,2023-01,Norfolk Constabulary,Norfolk Constabulary,0.445284,52.580469,On or near Hilgay Road,E01026727,King's Lynn and West Norfolk 018B,Unable to prosecute suspect
cda5676280e038bcda2c3c04ac445982e2456552a8622b7cd726f312f635738c,2023-01,Norfolk Constabulary,Norfolk Constabulary,1.496278,52.510403,On or near Hales Hall Lane,E01026899,South Norfolk 010B,Unable to prosecute suspect
c333ded889ceb7ac38499d0903515e4ccc27c6df1c5517a98ce2a8c9c5efdc9e,2023-01,Norfolk Constabulary,Norfolk Constabulary,1.242027,52.708042,On or near Harvey Close,E01026535,Broadland 004C,Unable to prosecute suspect
b8a9a45f430d8f1c68b7bb4e0c785bb0c78656ba1d66de565a570d7c6f70632b,2023-01,Norfolk Constabulary,Norfolk Constabulary,1.249694,52.658017,On or near Wensum Meadows Road,E01026529,Broadland 010D,Unable to prosecute suspect
f280b6b57437443e09cb23bed75c01cc2904d7ceb5b4aba5880eadbd2aea324a,2023-01,Norfolk Constabulary,Norfolk Constabulary,1.249694,52.658017,On or near Wensum Meadows Road,E01026529,Broadland 010D,Unable to prosecute suspect
6e2156df512b0fcca2b21796847e8cf0b66f4e52cb0f272557274d34c346d597,2023-01,Norfolk Constabulary,Norfolk Constabulary,1.124398,52.370463,On or near Tavern Close,E01033539,South Norfolk 015G,Unable to prosecute suspect
613b2b70425a496f45a292bc4621bbb95d82ebd440a525645fc5d65027f14683,2023-01,Norfolk Constabulary,Norfolk Constabulary,,,No location,,,Local resolution
67ba00f9a6550a93612a77c16968938db2b5b960e60caab46e0a299cb2e35b06,2023-01,Norfolk Constabulary,Norfolk Constabulary,0.840203,52.828091,On or near River Court,E01026780,North Norfolk 009A,Unable to prosecute suspect
1e44049ffbdedfdd539a4cfdb0661adbce44e484df879aec8fc16d78c47190f4,2023-01,Norfolk Constabulary,Norfolk Constabulary,1.015409,52.516972,On or near Griffin Lane,E01026449,Breckland 011D,Investigation complete; no suspect identified
8fb6d4268bf7aa2972dba659abb5565e38f0d662482fd6470031a0372f0b3dbb,2023-01,Norfolk Constabulary,Norfolk Constabulary,0.825763,52.571636,On or near Middle Street,E01026488,Breckland 009C,Unable to prosecute suspect
20cf61b95e8a8e1d426cbeb467ca97d2fb20db77a6f3621f1743012c0703fa4a,2023-01,Norfolk Constabulary,Norfolk Constabulary,1.733556,52.609106,On or near Nettle Hill West,E01026598,Great Yarmouth 005D,Unable to prosecute suspect
e9663e57a6b49da4cf118ae21bd3515c7eaf0a5f7db83277f7d13a191b1d1e5f,2023-01,Norfolk Constabulary,Norfolk Constabulary,1.271752,52.623054,On or near Glebe Road,E01026838,Norwich 009D,Unable to prosecute suspect
119c3eb7f140d2877e74f56c7fb799ce4ccfdd9bfc6351a7af490cff00cd96e9,2023-01,Norfolk Constabulary,Norfolk Constabulary,1.288625,52.647022,On or near Philadelphia Lane,E01026830,Norwich 002C,Unable to prosecute suspect
33059d2372581eed2148ce76a2036233d6351fe855688658f4846a4217ab1165,2023-01,Norfolk Constabulary,Norfolk Constabulary,0.746689,52.415300,On or near ,E01026468,Breckland 016A,Suspect charged
e55e42dfaeb9a8ce47395c63e9691902243f04db192206c1de3adfc99228acc5,2023-01,Norfolk Constabulary,Norfolk Constabulary,1.301890,52.625671,On or near St Ann Lane,E01033440,Norwich 014C,Investigation complete; no suspect identified
f41ae20efb9f03822900bd5056f579a3f3e6b83cf3953cdbb94807e7c23f7d8e,2023-01,Norfolk Constabulary,Norfolk Constabulary,0.404123,52.748981,On or near Hospital Walk,E01026699,King's Lynn and West Norfolk 011B,Investigation complete; no suspect identified
4cc764d53dbd37b7ee00f92bf1312a69857937013fff10b142213dffbb0731fa,2023-01,Norfolk Constabulary,Norfolk Constabulary,0.746689,52.415300,On or near ,E01026468,Breckland 016A,Suspect charged
a42b9ddf782a85550e66bbffe81049b99381852b8083b5134d47f3263a535ac2,2023-01,Norfolk Constabulary,Norfolk Constabulary,1.235745,52.638577,On or near Wilkins Court,E01026793,Norwich 005C,Unable to prosecute suspect
35b9159e40c7f75e2927948a40cf0e8814f9fd50e629eb6a98255ddaad6fab41,2023-01,Norfolk Constabulary,Norfolk Constabulary,0.746689,52.415300,On or near ,E01026468,Breckland 016A,Suspect charged
35b9159e40c7f75e2927948a40cf0e8814f9fd50e629eb6a98255ddaad6fab41,2023-01,Norfolk Constabulary,Norfolk Constabulary,0.746689,52.415300,On or near ,E01026468,Breckland 016A,Suspect charged
27e07b8569b649db22c40959fcb29549dd3a0ad3bb4a521afb467ee734ae04e9,2023-01,Norfolk Constabulary,Norfolk Constabulary,1.353293,52.636673,On or near ST CATHERINES ROAD,E01026570,Broadland 015B,Further action is not in the public interest
27e07b8569b649db22c40959fcb29549dd3a0ad3bb4a521afb467ee734ae04e9,2023-01,Norfolk Constabulary,Norfolk Constabulary,1.353293,52.636673,On or near ST CATHERINES ROAD,E01026570,Broadland 015B,Further action is not in the public interest
27e07b8569b649db22c40959fcb29549dd3a0ad3bb4a521afb467ee734ae04e9,2023-01,Norfolk Constabulary,Norfolk Constabulary,1.353293,52.636673,On or near ST CATHERINES ROAD,E01026570,Broadland 015B,Further action is not in the public interest
623b492d65cacbff11936f21b8b12c225523b47c958d6e28746ceb3a909762f9,2023-01,Norfolk Constabulary,Norfolk Constabulary,1.722379,52.570384,On or near Elmgrove Road,E01026618,Great Yarmouth 011B,Unable to prosecute suspect
59d8cd06ea7c4a381d36be9942996ae73028c8afa8ac9e4fbd08f7d80efa6638,2023-01,Norfolk Constabulary,Norfolk Constabulary,0.790100,52.634055,On or near St Andrew's Close,E01026495,Breckland 008D,Local resolution
9f983c8087a1ae07a75026586ae2dc3e2e6c2db4b74956a3a47f771ee03fdf39,2023-01,Norfolk Constabulary,Norfolk Constabulary,0.928941,52.663129,On or near Zara Way,E01026434,Breckland 005F,Unable to prosecute suspect
70bef5168f4aa01d233769264b78125b9be275e24f7a9f0dd9e222a8abe46e5e,2023-01,Norfolk Constabulary,Norfolk Constabulary,0.404123,52.748981,On or near Hospital Walk,E01026699,King's Lynn and West Norfolk 011B,Local resolution
cc43c8b56a15094ac49beb6408a3beaa3dc9377a2648bf62c00f7c938e133154,2023-01,Norfolk Constabulary,Norfolk Constabulary,0.928941,52.663129,On or near Zara Way,E01026434,Breckland 005F,Unable to prosecute suspect
3fff950ab34f1f4a79b592da5aa8ac8096ab37ea0176d733851489dec9d0f216,2023-01,Norfolk Constabulary,Norfolk Constabulary,1.297386,52.403785,On or near Paddock Road,E01026902,South Norfolk 013D,Unable to prosecute suspect
987124fbd9ec0f863af82905590df7bcff0f86a90af5675245fa54dbc52f8700,2023-01,Norfolk Constabulary,Norfolk Constabulary,0.945634,52.596843,On or near Gipsy Lane,E01026485,Breckland 006E,Unable to prosecute suspect
a4cbacac2fd3eec8d3a2de377c47891ec3e7e8d2c6c5de9df200d27eac485005,2023-01,Norfolk Constabulary,Norfolk Constabulary,1.728323,52.602821,On or near Nottingham Way,E01026625,Great Yarmouth 006D,Investigation complete; no suspect identified
78f26fde1537e894e06d8ea938b62f673e2e66c4220c2d96d8401c50a54653c8,2023-01,Norfolk Constabulary,Norfolk Constabulary,1.229844,52.487988,On or near Manor Road,E01026940,South Norfolk 011F,Unable to prosecute suspect
900d8cf0af7919b0a794e0000decd674d6e4c7196bb4078368d43ee891b6d281,2023-01,Norfolk Constabulary,Norfolk Constabulary,1.298823,52.629884,On or near Upper King Street,E01033438,Norwich 014A,Unable to prosecute suspect
046138ceba7427659dd41c0cb392dc7c4f6f0e1dc0f720f098b127c4ad7b0935,2023-01,Norfolk Constabulary,Norfolk Constabulary,0.358230,52.755271,On or near Rookery Close,E01026647,King's Lynn and West Norfolk 008A,Unable to prosecute suspect
6be84a7a24f4049998899f4d266e216817770610a4199cbf7d37672379922087,2023-01,Norfolk Constabulary,Norfolk Constabulary,1.118513,52.371824,On or near Thomas Manning Road,E01033541,South Norfolk 015H,Investigation complete; no suspect identified
1df270d488326f3c007969e40885992cd92dfe86d106ccd2b875f43fb835bd9d,2023-01,Norfolk Constabulary,Norfolk Constabulary,1.388591,52.815480,On or near GRANGE COURT,E01026760,North Norfolk 010H,Unable to prosecute suspect
e67b417d1c703ff0abd5b88b1b93ccb3951fa15af77310d27932ee65fb2248cb,2023-01,Norfolk Constabulary,Norfolk Constabulary,0.928941,52.663129,On or near Zara Way,E01026434,Breckland 005F,Unable to prosecute suspect
fb816307830f087615f1eae4013597f5abb6bfda493708c4248ad0896f3359a0,2023-01,Norfolk Constabulary,Norfolk Constabulary,0.445284,52.580469,On or near Hilgay Road,E01026727,King's Lynn and West Norfolk 018B,Unable to prosecute suspect
6c458fd7d4a2d7a6987d53118b296c29d7fa6996dbadc9409c08e34cebf8f0ab,2023-01,Norfolk Constabulary,Norfolk Constabulary,0.358230,52.755271,On or near Rookery Close,E01026647,King's Lynn and West Norfolk 008A,Unable to prosecute suspect
e81c22d5b9b8f46913ebad5700afab0ca5b82566efbe8a7ae6b0852627696636,2023-01,Norfolk Constabulary,Norfolk Constabulary,1.295828,52.627009,On or near ,E01026822,Norwich 007A,Unable to prosecute suspect
15b02252e3526253435960a05df35310dd6e0a0b64eb82526a7bca92ec899d62,2023-01,Norfolk Constabulary,Norfolk Constabulary,1.222525,52.637121,On or near Donchurch Close,E01033436,Norwich 005H,Unable to prosecute suspect
4aba9e011428af1e45c13348bdc9007bb8f9dac076f75c40538922a4e649e4b4,2023-01,Norfolk Constabulary,Norfolk Constabulary,1.302213,52.644863,On or near ,E01026842,Norwich 003B,Investigation complete; no suspect identified
4ae14776f6e63e8d2616a8bc8c570a06ab29e87c8fe6e19f9212014f56d24585,2023-01,Norfolk Constabulary,Norfolk Constabulary,1.732002,52.592766,On or near Peggotty Road,E01026622,Great Yarmouth 006A,Investigation complete; no suspect identified
2a14201eca76d6aba0107f2a4724b5e16282f8d1d83a373705e3f083d120a291,2023-01,Norfolk Constabulary,Norfolk Constabulary,0.185544,52.644371,On or near Church Road,E01026660,King's Lynn and West Norfolk 016B,Investigation complete; no suspect identified
a592308dea34491ba5889a775ddc5a8ccec5434a70905ca2d62689cd6a654121,2023-01,Norfolk Constabulary,Norfolk Constabulary,0.414912,52.768822,On or near Bryggen Road,E01026690,King's Lynn and West Norfolk 007D,Unable to prosecute suspect
b0c59df9ed2d3f05aca344987a150abacba7effbde9540c6a8ce8d06f312c11d,2023-01,Norfolk Constabulary,Norfolk Constabulary,0.931521,52.686860,On or near Girling Road,E01026428,Breckland 003A,Unable to prosecute suspect
179155e667bc53536196f616ea40f3be6faac5b6b23b34ef5c8cf9828ce4d324,2023-01,Norfolk Constabulary,Norfolk Constabulary,1.308251,52.639451,On or near Campbell Court,E01026844,Norwich 003D,Action to be taken by another organisation
9dcd470b00f58b50ce3f6eda20cb9bb826543b7a5f4d0163331a8c67862dc9e0,2023-01,Norfolk Constabulary,Norfolk Constabulary,1.411985,52.705382,On or near Beech Road,E01026580,Broadland 008E,Unable to prosecute suspect
5baada347623c7c850cb9aa0705f1a14fbe2d8bfef6d4ed1d7bff042019d7978,2023-01,Norfolk Constabulary,Norfolk Constabulary,1.253326,52.768105,On or near Le Neve Road,E01026501,Broadland 001C,Unable to prosecute suspect
f65fc789dd343195819bb311456e14c61a8aecf1e91f23d6e868a9bcbacea806,2023-01,Norfolk Constabulary,Norfolk Constabulary,1.426591,52.718298,On or near Grange Close,E01026744,North Norfolk 014A,Unable to prosecute suspect
f6216f925fd7ca7f66a5fc2b85f446c66d44d01a988237f5af11339ba9b45201,2023-01,Norfolk Constabulary,Norfolk Constabulary,1.233644,52.605089,On or near Fern Drive,E01026881,South Norfolk 002A,Unable to prosecute suspect
dc2b42eb0fbadb63914fd60004b1f31af18bb153e36803edf44feb730c4f6f55,2023-01,Norfolk Constabulary,Norfolk Constabulary,1.086745,52.908146,On or near Mill Court,E01026743,North Norfolk 004C,Unable to prosecute suspect
567f218381be4d6c14340c49f23f2bb1b294cf05a126e9f7a5e6974da7d98e90,2023-01,Norfolk Constabulary,Norfolk Constabulary,1.125241,52.371997,On or near Victory Court,E01033539,South Norfolk 015G,Unable to prosecute suspect
78ca0b57bf022cdb97240b56e5a7114fe7c754624928217712495b046eff29c5,2023-01,Norfolk Constabulary,Norfolk Constabulary,1.734493,52.598426,On or near King's Road,E01026626,Great Yarmouth 006E,Suspect charged
e8b8118c3c7e4158f490a16112fe987e73ce272fff2aa84b8ea9621a907ffc67,2023-01,Norfolk Constabulary,Norfolk Constabulary,1.729439,52.578599,On or near ,E01026630,Great Yarmouth 010D,Suspect charged
0a1be6234355b1be198bc6665cbe98e715fec6beac34b7f70f37923f471072e7,2023-01,Norfolk Constabulary,Norfolk Constabulary,1.515795,52.771755,On or near ,E01026776,North Norfolk 013C,Investigation complete; no suspect identified
18e4347d8f7587e83bbd3677bccd229d5fe4a7d570507de768bfe9ccc24449ec,2023-01,Norfolk Constabulary,Norfolk Constabulary,1.729439,52.578599,On or near ,E01026630,Great Yarmouth 010D,Suspect charged
c46c1f47b0e302366c9bb60c9f9cbceef1dcdbc47efeb2baef4ea1e92e705fa2,2023-01,Norfolk Constabulary,Norfolk Constabulary,1.305061,52.637921,On or near Balfour Street,E01026848,Norwich 015A,Unable to prosecute suspect
69af1026b4e621c091a0970a51a6efd8d13a4a2bf6b2a47e59f23606be206ff1,2023-01,Norfolk Constabulary,Norfolk Constabulary,1.725149,52.609290,On or near ,E01026597,Great Yarmouth 005C,Suspect charged
54c4f2efd493b75ded97a43b96bf52d04fbe3c6286c6766e8a7a6215f61f044c,2023-01,Norfolk Constabulary,Norfolk Constabulary,1.103270,52.902311,On or near Heath Drive,E01026743,North Norfolk 004C,Unable to prosecute suspect
6687af5bd64a175bcac8a47bc7d2bea16a6484be4a6d4e2cb93d5d1feeb75d8a,2023-01,Norfolk Constabulary,Norfolk Constabulary,1.296103,52.625760,On or near ALL SAINTS STREET,E01026822,Norwich 007A,Unable to prosecute suspect
6687af5bd64a175bcac8a47bc7d2bea16a6484be4a6d4e2cb93d5d1feeb75d8a,2023-01,Norfolk Constabulary,Norfolk Constabulary,1.296103,52.625760,On or near ALL SAINTS STREET,E01026822,Norwich 007A,Unable to prosecute suspect
5ce58a0a37ca9e73c6790c09ed0df0064228b0f8e50ad5cbef4c4cb4b2490741,2023-01,Norfolk Constabulary,Norfolk Constabulary,1.722717,52.603609,On or near St Mary's Lane,E01026635,Great Yarmouth 007D,Action to be taken by another organisation
1dbe3e01c213b1ae7fb9d4e7aaf46e10ed6a5ff59bcb5043692ecc33ee53204c,2023-01,Norfolk Constabulary,Norfolk Constabulary,1.240683,52.639782,On or near Cameron Court,E01026867,Norwich 006E,Suspect charged
1dbe3e01c213b1ae7fb9d4e7aaf46e10ed6a5ff59bcb5043692ecc33ee53204c,2023-01,Norfolk Constabulary,Norfolk Constabulary,1.240683,52.639782,On or near Cameron Court,E01026867,Norwich 006E,Suspect charged
cb4a6decc141bcbc9e482220ad80b620f84465e94802a6dfc7d678b266c9e51b,2023-01,Norfolk Constabulary,Norfolk Constabulary,0.733534,52.421379,On or near Hereford Close,E01026467,Breckland 015C,Unable to prosecute suspect
cab88167f57ec48d8a6121bb893461e68c0024ec5bc402de937e1703f2aaa43a,2023-01,Norfolk Constabulary,Norfolk Constabulary,1.722559,52.608193,On or near ,E01026597,Great Yarmouth 005C,Unable to prosecute suspect
8bf464ef8141f85aec38a7c8f53532c2238658960f9c55810f86210c7d304a41,2023-01,Norfolk Constabulary,Norfolk Constabulary,1.696061,52.691504,On or near George Loades Court,E01026607,Great Yarmouth 001C,Unable to prosecute suspect
f737b447b7da529e0f1510653b6c6f3f3dea35684ab7a33111c840e9cce1b5c1,2023-01,Norfolk Constabulary,Norfolk Constabulary,1.278329,52.646966,On or near HALF MILE CLOSE,E01026829,Norwich 002B,Unable to prosecute suspect
f737b447b7da529e0f1510653b6c6f3f3dea35684ab7a33111c840e9cce1b5c1,2023-01,Norfolk Constabulary,Norfolk Constabulary,1.278329,52.646966,On or near HALF MILE CLOSE,E01026829,Norwich 002B,Unable to prosecute suspect
f737b447b7da529e0f1510653b6c6f3f3dea35684ab7a33111c840e9cce1b5c1,2023-01,Norfolk Constabulary,Norfolk Constabulary,1.278329,52.646966,On or near HALF MILE CLOSE,E01026829,Norwich 002B,Unable to prosecute suspect
cfea813646738eb3c0c507e703f299c539dd25a34658fce910941b60b6abde8a,2023-01,Norfolk Constabulary,Norfolk Constabulary,1.291009,52.693300,On or near MEADOW FARM LANE,E01026549,Broadland 005A,Further action is not in the public interest
cfea813646738eb3c0c507e703f299c539dd25a34658fce910941b60b6abde8a,2023-01,Norfolk Constabulary,Norfolk Constabulary,1.291009,52.693300,On or near MEADOW FARM LANE,E01026549,Broadland 005A,Further action is not in the public interest
cfea813646738eb3c0c507e703f299c539dd25a34658fce910941b60b6abde8a,2023-01,Norfolk Constabulary,Norfolk Constabulary,1.291009,52.693300,On or near MEADOW FARM LANE,E01026549,Broadland 005A,Further action is not in the public interest
fdc9a4371209b77c4eb597ce97fbf6a9287103923e5c0696ca48f84f36d2df1f,2023-01,Norfolk Constabulary,Norfolk Constabulary,,,No location,,,Formal action is not in the public interest
fdc9a4371209b77c4eb597ce97fbf6a9287103923e5c0696ca48f84f36d2df1f,2023-01,Norfolk Constabulary,Norfolk Constabulary,,,No location,,,Formal action is not in the public interest
af49a0ffa00ba9a4b750f25836d4eda094223ac96a3b1ed15941023f7becc821,2023-01,Norfolk Constabulary,Norfolk Constabulary,,,No location,,,Investigation complete; no suspect identified
669cb5b9725fe478ab08e585150d88cb3137e6c50c541d0deb70231d58bfaf5f,2023-01,Norfolk Constabulary,Norfolk Constabulary,0.401929,52.747614,On or near John Street,E01026700,King's Lynn and West Norfolk 011C,Investigation complete; no suspect identified
c865f5d2c87965f99479e101dc3299c80cdff2fbf3ef8157a569b2eb627f613c,2023-01,Norfolk Constabulary,Norfolk Constabulary,0.943553,52.390712,On or near Thomas Bole Close,E01026441,Breckland 014C,Suspect charged
1e2afb2575cc08cfed3a07a0d0e3d1ebb0dba38fa8b834cfc1d0f8f13d2c62e0,2023-01,Norfolk Constabulary,Norfolk Constabulary,1.245928,52.656097,On or near Wensum Crescent,E01026529,Broadland 010D,Investigation complete; no suspect identified
f0e3ea083c61ccc3cd251062edf2e0d77d735be28a6ed7107e8ef2160c785d02,2023-01,Norfolk Constabulary,Norfolk Constabulary,1.250030,52.621692,On or near Ruskin Road,E01026860,Norwich 010C,Investigation complete; no suspect identified
f0e3ea083c61ccc3cd251062edf2e0d77d735be28a6ed7107e8ef2160c785d02,2023-01,Norfolk Constabulary,Norfolk Constabulary,1.250030,52.621692,On or near Ruskin Road,E01026860,Norwich 010C,Investigation complete; no suspect identified
f0e3ea083c61ccc3cd251062edf2e0d77d735be28a6ed7107e8ef2160c785d02,2023-01,Norfolk Constabulary,Norfolk Constabulary,1.250030,52.621692,On or near Ruskin Road,E01026860,Norwich 010C,Investigation complete; no suspect identified
f0e3ea083c61ccc3cd251062edf2e0d77d735be28a6ed7107e8ef2160c785d02,2023-01,Norfolk Constabulary,Norfolk Constabulary,1.250030,52.621692,On or near Ruskin Road,E01026860,Norwich 010C,Investigation complete; no suspect identified
f0e3ea083c61ccc3cd251062edf2e0d77d735be28a6ed7107e8ef2160c785d02,2023-01,Norfolk Constabulary,Norfolk Constabulary,1.250030,52.621692,On or near Ruskin Road,E01026860,Norwich 010C,Investigation complete; no suspect identified
1508c0196870eeae038de16e4bbecebdf02d8c879ebf089b71eb225fdd3d7937,2023-01,Norfolk Constabulary,Norfolk Constabulary,1.692847,52.572758,On or near Green Lane,E01026585,Great Yarmouth 013A,Unable to prosecute suspect
e370d0292c8acd006545569e1c1581d318017eafde4caf9b5afd10bde315bddc,2023-01,Norfolk Constabulary,Norfolk Constabulary,1.276956,52.652733,On or near Chambers Road,E01026832,Norwich 002E,Unable to prosecute suspect
eb25270311b687f4e69d535b2f03273b728a3d5c72913c5f89bdb769f15b7913,2023-01,Norfolk Constabulary,Norfolk Constabulary,1.244728,52.629122,On or near Shepherd Close,E01026861,Norwich 010D,Unable to prosecute suspect
a228fc42bc0478656148890b839fc8fa4931d1e0549747a89da63fdbeee5bf84,2023-01,Norfolk Constabulary,Norfolk Constabulary,1.290885,52.631841,On or near Coslany Street,E01026823,Norwich 007B,Investigation complete; no suspect identified
b7562478036c54b0a8942930c4c0de9cd2118540b68dd3973b61cccfec21e1a4,2023-01,Norfolk Constabulary,Norfolk Constabulary,1.491614,52.561224,On or near Gentlemans Walk,E01026879,South Norfolk 008A,Investigation complete; no suspect identified
3d69f0a72925c99fcde7445b33549f39305c9dab738819cb1371681037771ace,2023-01,Norfolk Constabulary,Norfolk Constabulary,1.276956,52.652733,On or near Chambers Road,E01026832,Norwich 002E,Unable to prosecute suspect
41c0d0669bf191f19871c92d7a7681c796fe9c5ae50c2436cda049e3a9aee899,2023-01,Norfolk Constabulary,Norfolk Constabulary,1.184371,52.597854,On or near The Old Orchard,E01026907,South Norfolk 003C,Unable to prosecute suspect
4d29815bb110366978c9d52ea28b3a0e5dd1ae4814eb836e5ea35ff0fcd1c330,2023-01,Norfolk Constabulary,Norfolk Constabulary,1.107362,52.909398,On or near Castle Close,E01026742,North Norfolk 004B,Unable to prosecute suspect
91f655a27716f7ff398d3f52e3eeec117e44e112fcc3685ae58d55391cf7fb58,2023-01,Norfolk Constabulary,Norfolk Constabulary,1.707921,52.569966,On or near The Willows,E01026586,Great Yarmouth 013B,Further action is not in the public interest
3bffd847f826554bc714881a1e98141569d57eeb1a6a8e072a63a7c2e972c27f,2023-01,Norfolk Constabulary,Norfolk Constabulary,1.035611,52.447990,On or near Greys Manor,E01026435,Breckland 013B,Investigation complete; no suspect identified
64a1e8d6f6fcd22e6c80168682e1c5a2a1a1c6340fcc78b7e3d545e148460704,2023-01,Norfolk Constabulary,Norfolk Constabulary,0.926488,52.687938,On or near Byron Avenue,E01026428,Breckland 003A,Unable to prosecute suspect
7b76b934a5babd7f6fd1451d6350bf0cea71c459daedd20bc60f84951c2829f6,2023-01,Norfolk Constabulary,Norfolk Constabulary,1.284495,52.625471,On or near Globe Place,E01033437,Norwich 011H,Action to be taken by another organisation
61c621c5bc53498ab2f78db274386489ee6b2853469a780755f8edcd8712a51b,2023-01,Norfolk Constabulary,Norfolk Constabulary,1.284495,52.625471,On or near Globe Place,E01033437,Norwich 011H,Action to be taken by another organisation
e644938a5653d8a314ad824d714e560387efdea116a0dc6e0a7bc904f53793d1,2023-01,Norfolk Constabulary,Norfolk Constabulary,1.299196,52.633067,On or near JOSEPH LANCASTER WAY,E01033438,Norwich 014A,Suspect charged
65958ce0344f4b27fca908f2d567e39b2dbf0a103c66a1b137958b9246414c70,2023-01,Norfolk Constabulary,Norfolk Constabulary,1.183792,52.684278,On or near Draper Way,E01026566,Broadland 006E,Unable to prosecute suspect
8dd951cf1880f4581e06d62aebf8cd63b629b7a8f79cdd7ed7066495eb4d8270,2023-01,Norfolk Constabulary,Norfolk Constabulary,1.271478,52.638198,On or near Little Armes Street,E01026866,Norwich 006D,Unable to prosecute suspect
978a2fd263645c5dcd5fc3aba3c3de725d7e6af94c0b356f5760c4050fc62920,2023-01,Norfolk Constabulary,Norfolk Constabulary,1.344127,52.634540,On or near LAUNDRY CLOSE,E01026573,Broadland 015E,Suspect charged
25c0a14fa74b4d7f3ebdeed1e3fa7d9b418a2d2831ee23fc2969e42ea61e8b8b,2023-01,Norfolk Constabulary,Norfolk Constabulary,1.298579,52.638030,On or near BULL CLOSE ROAD,E01026826,Norwich 007E,Unable to prosecute suspect
dce890bc15b9bf2cee61c353288add322709cc870492d4c128a4b575612ec0c0,2023-01,Norfolk Constabulary,Norfolk Constabulary,1.284495,52.625471,On or near Globe Place,E01033437,Norwich 011H,Action to be taken by another organisation
efdd0bf550328046c6916bfa2b5e0046ae9aab382d641d0b8313cd19cf635207,2023-01,Norfolk Constabulary,Norfolk Constabulary,1.054038,52.649915,On or near Church Lane,E01026947,South Norfolk 004C,Unable to prosecute suspect
92084fe0ad8dcdf0d2883b93372a622cc8a3a902998e789375960d795af0d1eb,2023-01,Norfolk Constabulary,Norfolk Constabulary,0.992327,52.402886,On or near Church Road,E01026494,Breckland 014D,Unable to prosecute suspect
2906548636942523d0dd11c65ef119ebda511912c6f5033d866e8a07447fe094,2023-01,Norfolk Constabulary,Norfolk Constabulary,1.724928,52.616771,On or near The Lea,E01026596,Great Yarmouth 005B,Investigation complete; no suspect identified
bb75fb05c1a768459966c5c5bfdfce599be59cbbf2ecfd2b5667dd69edca0f4e,2023-01,Norfolk Constabulary,Norfolk Constabulary,0.401252,52.767913,On or near JEFFERY CLOSE,E01026688,King's Lynn and West Norfolk 007B,Investigation complete; no suspect identified
a0a467d19e10d4842ea22556aebe31435977c3e8337c0a95ca0320db7174c43e,2023-01,Norfolk Constabulary,Norfolk Constabulary,1.317510,52.659410,On or near Rushmore Road,E01026553,Broadland 012A,Investigation complete; no suspect identified
84bcdada284e2c57d3c854b4d1626d5bac544e552c6a8b485256c2447b52cb0a,2023-01,Norfolk Constabulary,Norfolk Constabulary,1.328041,52.872523,On or near Topshill Road,E01026766,North Norfolk 005B,Unable to prosecute suspect
0a2d54c6ecc12351c25e7a674afcca1e4e7702142a97b67adfd80605a552a6ac,2023-01,Norfolk Constabulary,Norfolk Constabulary,1.033491,52.480312,On or near Hargham Close,E01026421,Breckland 013A,Unable to prosecute suspect
8889ea9af5dfed744e5e9ba2fa15656606b9b7236073219d03969959f4ddd015,2023-01,Norfolk Constabulary,Norfolk Constabulary,1.033491,52.480312,On or near Hargham Close,E01026421,Breckland 013A,Unable to prosecute suspect
8aaa2586b29ea38b59dd7bcdb4c7cab89ba734682c2444993f67fb7096aa1b98,2023-01,Norfolk Constabulary,Norfolk Constabulary,1.323430,52.631795,On or near William Mear Gardens,E01026808,Norwich 004F,Investigation complete; no suspect identified
212ff985190c8c12581ff7e86fd76486b9a971622486f83da26dffc319fe6255,2023-01,Norfolk Constabulary,Norfolk Constabulary,1.228982,52.484873,On or near Flowerpot Lane,E01026938,South Norfolk 011D,Unable to prosecute suspect
c3f983f8af717155fbca68fa93e3836021470899eeb2fd261a265fbe1159c6e8,2023-01,Norfolk Constabulary,Norfolk Constabulary,1.656109,52.569304,On or near Dashwood Close,E01026616,Great Yarmouth 012D,Offender given a caution
04ea12a76e20e7317459f8ef165ab6aa67b311bd801a1f95d914e8363de407e8,2023-01,Norfolk Constabulary,Norfolk Constabulary,1.266473,52.529540,On or near Cobie's Lane,E01026941,South Norfolk 009F,Unable to prosecute suspect
56a62bbfd7d4ddfee123881638689ebf532d7807812d7117d1027c4bda93a2a0,2023-01,Norfolk Constabulary,Norfolk Constabulary,0.931060,51.913556,On or near BULLOCK WOOD CLOSE,E01021710,Colchester 022C,Unable to prosecute suspect
f6618d8e2dd557eb53e30a55f8503d0c00cbaf3cc13fc1d99753abd32605d2a5,2023-01,Norfolk Constabulary,Norfolk Constabulary,0.863681,52.830215,On or near Wensum Way,E01026749,North Norfolk 011E,Action to be taken by another organisation
05de29e87e9934aaacdf22e3960a12f7255255f08210133913d9d09faeb8bb36,2023-01,Norfolk Constabulary,Norfolk Constabulary,0.854257,52.565629,On or near Anson Way,E01033040,Breckland 010F,Formal action is not in the public interest
713a8246d98d06320cb77f24baedc9a6d8e6a161606ef2e9c3e887eeec97e064,2023-01,Norfolk Constabulary,Norfolk Constabulary,1.343673,52.564446,On or near Ponsonby Way,E01026928,South Norfolk 006E,Investigation complete; no suspect identified
308001b7407805df996ab62751340a15e4f606ee8ced407d9f94df99cc05dcca,2023-01,Norfolk Constabulary,Norfolk Constabulary,1.300221,52.613513,On or near Sunny Hill,E01026819,Norwich 013D,Investigation complete; no suspect identified
c9039d8f7f22d88d7c68fd1ec698b3e569f3b1d1470f4fc7c115c5342ac31e0c,2023-01,Norfolk Constabulary,Norfolk Constabulary,1.281070,52.605978,On or near Sports/Recreation Area,E01026820,Norwich 013E,Suspect charged
b885b2d6ed5fb38347cfd6b909593c5c692e567b38a35b874bf4b0bf6918950b,2023-01,Norfolk Constabulary,Norfolk Constabulary,1.274424,52.628952,On or near Havelock Road,E01026836,Norwich 009B,Unable to prosecute suspect
c808e21bb4992b0efa0340a951561916230f51bd5c41e701488d5bae9cd9119b,2023-01,Norfolk Constabulary,Norfolk Constabulary,1.249075,52.630136,On or near Gipsy Close,E01026868,Norwich 006F,Investigation complete; no suspect identified
b37ac201c2b2a2aa676efdb89afcbe5c453df161c0decd402051d1f846f472b7,2023-01,Norfolk Constabulary,Norfolk Constabulary,0.397335,52.754925,On or near ,E01026698,King's Lynn and West Norfolk 011A,Suspect charged
2e43a871ac1054403d8ff85fd712cc82538c604db5646a0a43bbfdeb3ed1f888,2023-01,Norfolk Constabulary,Norfolk Constabulary,1.348551,52.878295,On or near Long Lane,E01026766,North Norfolk 005B,Unable to prosecute suspect
58dcfab24f2d990810605e406e1b032c25dd182a69c9d95b60065111a29d4cb7,2023-01,Norfolk Constabulary,Norfolk Constabulary,1.720767,52.646612,On or near West Road,E01026593,Great Yarmouth 003E,Unable to prosecute suspect
7250c99cc24d42e4b0b3b51c876ee2b6f55eb56bb13643cc82ed465331dcb027,2023-01,Norfolk Constabulary,Norfolk Constabulary,1.289224,52.652249,On or near Woodcock Road,E01026798,Norwich 001B,Unable to prosecute suspect
98c8f327abcb9e006b5abb1364f9aac58d0f5ce73a357e9ddbf3872b8899ae80,2023-01,Norfolk Constabulary,Norfolk Constabulary,0.401811,52.751672,On or near County Court Road,E01026699,King's Lynn and West Norfolk 011B,Unable to prosecute suspect
faea61bd6090f6bb58836890e3b6a8a84b69c31b740507ff66c8cd645fa22508,2023-01,Norfolk Constabulary,Norfolk Constabulary,1.734898,52.610817,On or near Wellesley Road,E01026598,Great Yarmouth 005D,Local resolution
e491ba197b7c27b6ed79e84d65e2d8d3392a8fc883c9caa5033931fc84045f06,2023-01,Norfolk Constabulary,Norfolk Constabulary,1.264649,52.617377,On or near Coach House Court,E01026815,Norwich 012F,Unable to prosecute suspect
6613da619201916ef929db3518c3648a94a57a5486fcc39ac6a308cf1a9421d9,2023-01,Norfolk Constabulary,Norfolk Constabulary,1.304070,52.611849,On or near Arnold Miller Close,E01026817,Norwich 013B,Unable to prosecute suspect
8c2ec401943e53274f6569910cde9e1704ea1cb448b0016c4f93815f57213730,2023-01,Norfolk Constabulary,Norfolk Constabulary,0.189324,52.671509,On or near Burrett Gardens,E01026685,King's Lynn and West Norfolk 013B,Unable to prosecute suspect
2c78b5805e6473351b2416d39f7d53e352d057b8583801aed1210d95393dc273,2023-01,Norfolk Constabulary,Norfolk Constabulary,1.732491,52.600765,On or near HAVELOCK PLACE,E01026626,Great Yarmouth 006E,Unable to prosecute suspect
b05fae2a05ae71f2212b1d0ccb11c4f0270e6d23e354bdb827674a00c665c966,2023-01,Norfolk Constabulary,Norfolk Constabulary,1.302213,52.644863,On or near ,E01026842,Norwich 003B,Investigation complete; no suspect identified
4e6d7124719325915d2128a781bd8697bccb362b04a9db8bc03ea80c78167c0c,2023-01,Norfolk Constabulary,Norfolk Constabulary,1.329249,52.581716,On or near Caistor Lane,E01026936,South Norfolk 006F,Unable to prosecute suspect
9a9bea535460acd3851ec58e028df46f1bb82bc8e51ffe4c8781866d888e44e3,2023-01,Norfolk Constabulary,Norfolk Constabulary,0.751783,52.430029,On or near Boadicea Close,E01026466,Breckland 015B,Unable to prosecute suspect
57d3829cfcc1b394d50334d7764dc2cb5fbaca514574cf248aa6d69df2c0649f,2023-01,Norfolk Constabulary,Norfolk Constabulary,1.710007,52.570899,On or near Merton Avenue,E01026619,Great Yarmouth 011C,Unable to prosecute suspect
040937052d635a56891117ff5d52e79f957424b965faecf349c97523c1c52583,2023-01,Norfolk Constabulary,Norfolk Constabulary,1.293958,52.615702,On or near Brian Avenue,E01026852,Norwich 011A,Action to be taken by another organisation
e527d7a60fd774ba9f4997a768e8d91ad313bae9657e2d7c45afc1c44cf83fca,2023-01,Norfolk Constabulary,Norfolk Constabulary,0.435943,52.718533,On or near Hall Drive,E01026724,King's Lynn and West Norfolk 014E,Unable to prosecute suspect
6f019accd8fac032f7a185d6c300ece010b46c90a7ff8ec9ef640cc4061cc424,2023-01,Norfolk Constabulary,Norfolk Constabulary,1.278564,52.650899,On or near Rye Close,E01026834,Norwich 002G,Investigation complete; no suspect identified
f4aa67a02fdfb0dae521dd6bce637da2b846b8a4933c179af4b613273d3d7e96,2023-01,Norfolk Constabulary,Norfolk Constabulary,0.438376,52.746735,On or near Beechan Drive,E01026664,King's Lynn and West Norfolk 010C,Unable to prosecute suspect
f4aa67a02fdfb0dae521dd6bce637da2b846b8a4933c179af4b613273d3d7e96,2023-01,Norfolk Constabulary,Norfolk Constabulary,0.438376,52.746735,On or near Beechan Drive,E01026664,King's Lynn and West Norfolk 010C,Unable to prosecute suspect
c4ce2945e37c268283a2a4e094085b77974ff2ae24eef5b521b1d889410bd2eb,2023-01,Norfolk Constabulary,Norfolk Constabulary,1.306674,52.623262,On or near ,E01033441,Norwich 014D,Investigation complete; no suspect identified
87cde86e676c35e37321013e547055f0a1a9ae7c5c9912def23063c84e5037fa,2023-01,Norfolk Constabulary,Norfolk Constabulary,1.300279,52.634493,On or near Whitefriars,E01026823,Norwich 007B,Offender given a caution
6b0ad183797f2470b9cd70fca77ca49488f7167a708b6c07e078f7e361738442,2023-01,Norfolk Constabulary,Norfolk Constabulary,1.546915,52.636497,On or near ,E01026498,Broadland 018B,Investigation complete; no suspect identified
c85e489fb711f0f4ab7d64961f40540faeacb6d88e61144320c121ef83a07fe4,2023-01,Norfolk Constabulary,Norfolk Constabulary,1.269334,52.654230,On or near BOUNDARY ROAD,E01026833,Norwich 002F,Unable to prosecute suspect
ddf4c986ec12e746056b142e4f52d94922f08a36230f9ad300871511e19a0ed6,2023-01,Norfolk Constabulary,Norfolk Constabulary,0.373333,52.585287,On or near Brady Gardens,E01026679,King's Lynn and West Norfolk 018A,Investigation complete; no suspect identified
c8a742d9c50cc42804a3931e3ded7b7ed9d94935f7793b404314894e9ecbc279,2023-01,Norfolk Constabulary,Norfolk Constabulary,0.366696,52.604033,On or near James Scott Close,E01033038,King's Lynn and West Norfolk 017G,Unable to prosecute suspect
ba9004f06c5bb73f815907706fae63ea4019f4231ce3863b7119752b8c85a676,2023-01,Norfolk Constabulary,Norfolk Constabulary,1.304504,52.624600,On or near ,E01033441,Norwich 014D,Investigation complete; no suspect identified
4c17cce5fa1b501cf1477a13eb12e66a04cbce3f5ad57534a407b8140cc87d78,2023-01,Norfolk Constabulary,Norfolk Constabulary,1.292438,52.603126,On or near Theobald Road,E01026821,Norwich 013F,Unable to prosecute suspect
68826f3413f11298d3f6338dd8cab55359d9d7306d4115f892eb3fba9c8646c0,2023-01,Norfolk Constabulary,Norfolk Constabulary,1.255271,52.658817,On or near Ferndale Close,E01026532,Broadland 011C,Action to be taken by another organisation
94c3ffa7e154d78d99263ccb245816592cdaf4fe8038bd28247024239665a348,2023-01,Norfolk Constabulary,Norfolk Constabulary,1.735412,52.609209,On or near Paget Road,E01026598,Great Yarmouth 005D,Unable to prosecute suspect
4bedab385570adadc8614f555f9382ce68fd3006bdb498501fcfacdcfb432c8b,2023-01,Norfolk Constabulary,Norfolk Constabulary,0.951725,52.679677,On or near Bath Avenue,E01026430,Breckland 003C,Unable to prosecute suspect
db78e2bae9f910acf1359dd7dceed7050a4b9c6d9ff41c005a093d9fb91d513f,2023-01,Norfolk Constabulary,Norfolk Constabulary,1.279692,52.603354,On or near Watkin Road,E01026821,Norwich 013F,Investigation complete; no suspect identified
adfd57931472922b23ec736c9759d3c33cf8dbd067cb21492832482ff68869b5,2023-01,Norfolk Constabulary,Norfolk Constabulary,1.294767,52.618593,On or near Mill Close,E01026853,Norwich 011B,Investigation complete; no suspect identified
fc9f4497b360360c5e04122bd13f91bf16fa310f7ceead8320507483ebefddca,2023-01,Norfolk Constabulary,Norfolk Constabulary,1.411132,52.676428,On or near Ron Fielder Close,E01026579,Broadland 008D,Unable to prosecute suspect
bc01caa1cbc136279368aec33bebe83486d4134e6e66cfe34db255fd4e3e2016,2023-01,Norfolk Constabulary,Norfolk Constabulary,1.239436,52.701664,On or near Marigold Close,E01026537,Broadland 004E,Investigation complete; no suspect identified
2dbc0ed7e1f3b2cf50bfc9567a62238c6322bcb4ef12edecc68e2789c11ac5d0,2023-01,Norfolk Constabulary,Norfolk Constabulary,1.292367,52.626970,On or near William Booth Street,E01026822,Norwich 007A,Unable to prosecute suspect
838f9618c0a7292816442329e48bb3d53429ecf06ad3381659628d9dfd489118,2023-01,Norfolk Constabulary,Norfolk Constabulary,1.718873,52.600618,On or near Stafford Road,E01026633,Great Yarmouth 007B,Investigation complete; no suspect identified
357fff55149e25c9098b5d56bb5fd695b0f07a6f93a0aba5f7d11cfc78268fdb,2023-01,Norfolk Constabulary,Norfolk Constabulary,0.430677,52.764940,On or near Dairy Way,E01026714,King's Lynn and West Norfolk 010D,Unable to prosecute suspect
071c8e2c710b04f0d7b33525338933bc91ffd951662a0b55c21d036c42560f01,2023-01,Norfolk Constabulary,Norfolk Constabulary,1.311088,52.625926,On or near Stracey Road,E01033439,Norwich 014B,Unable to prosecute suspect
d8bd8b7cfff0471037c0a0b997cf5772afe5a0a6fff75ea9ffde17d12907ca53,2023-01,Norfolk Constabulary,Norfolk Constabulary,0.745023,52.405069,On or near ,E01026478,Breckland 017E,Unable to prosecute suspect
4939975445ffad094f9311ec7d19b40511429fe8cce70feabf0054822211261f,2023-01,Norfolk Constabulary,Norfolk Constabulary,0.393286,52.752950,On or near King's Staithe Lane,E01026698,King's Lynn and West Norfolk 011A,Investigation complete; no suspect identified
eb7da0dd68f6efe8e6560572763533a605955a66a7112fad0ded280c6f6ac7be,2023-01,Norfolk Constabulary,Norfolk Constabulary,1.730461,52.621526,On or near Hamilton Road,E01026639,Great Yarmouth 004B,Investigation complete; no suspect identified
ff8a155376001a722b98746c9d15598bb1ad0605bb151c51658749605d8316cb,2023-01,Norfolk Constabulary,Norfolk Constabulary,0.750560,52.402836,On or near Bittern Close,E01026475,Breckland 017B,Action to be taken by another organisation
cbd008728a5826896342ee28e7a531180420391a20a8fa29ebe33be4f90c0e7f,2023-01,Norfolk Constabulary,Norfolk Constabulary,0.750560,52.402836,On or near Bittern Close,E01026475,Breckland 017B,Action to be taken by another organisation
5dfc104b3a2d27efc7295d7398c774cf3940d9147a14ffa711ed68b7f809e35a,2023-01,Norfolk Constabulary,Norfolk Constabulary,1.259944,52.625044,On or near Bunnett Square,E01026859,Norwich 010B,Investigation complete; no suspect identified
af349a2820267d00870510a43adc999b55be97cb1fff97e2915ffe074bbcdf7c,2023-01,Norfolk Constabulary,Norfolk Constabulary,0.750560,52.402836,On or near Bittern Close,E01026475,Breckland 017B,Action to be taken by another organisation
7a1e967edcf169b9057dd997b6691087f52b3436d1ebd8a6ddeb0911bd68d41c,2023-01,Norfolk Constabulary,Norfolk Constabulary,1.292053,52.645821,On or near Wild Road,E01026843,Norwich 003C,Investigation complete; no suspect identified
2c16d34c01e4cf691c5523e9762b484a4a945ef2530b1ad5d21a13bceab435e6,2023-01,Norfolk Constabulary,Norfolk Constabulary,0.736532,52.409457,On or near London Road,E01026476,Breckland 017C,Unable to prosecute suspect
b90fe53c20e51888c75bdfd628f061d29da53c266dc3fe51d97f276bc73b0351,2023-01,Norfolk Constabulary,Norfolk Constabulary,1.305263,52.625909,On or near ,E01033439,Norwich 014B,Investigation complete; no suspect identified
d135c99c7468c38b1691f7bd7abfe7752563bcd4049cbee66ed566b6aa5400cb,2023-01,Norfolk Constabulary,Norfolk Constabulary,0.867239,52.838474,On or near Saxon Way,E01026745,North Norfolk 011A,Unable to prosecute suspect
a85662ebc2b4a911303aaae4b379f672fe6f4a2599825dd94dc5c4efad3e8967,2023-01,Norfolk Constabulary,Norfolk Constabulary,0.861077,52.552973,On or near ,E01033040,Breckland 010F,Action to be taken by another organisation
1b878f6a96e9537bb3907139cd6296ab46c037118e167ce3c87da3ce8a150026,2023-01,Norfolk Constabulary,Norfolk Constabulary,1.000348,52.516617,On or near Snapdragon Close,E01026447,Breckland 011C,Investigation complete; no suspect identified
bddb775d9b58c827a33ad1fe07677c374e9a75f953d0e1aa1c21d1eff166c666,2023-01,Norfolk Constabulary,Norfolk Constabulary,1.279893,52.645744,On or near Shorncliffe Avenue,E01026829,Norwich 002B,Unable to prosecute suspect
10b6c891c36fece1a76221057b0b95cd232c31b7e3be53bf8a4c99eae4528c1f,2023-01,Norfolk Constabulary,Norfolk Constabulary,1.283427,52.650467,On or near Palmer Road,E01026800,Norwich 001D,Investigation complete; no suspect identified
3c16bf72388eaf8990cfcbea0984e26e5e477636d6bf121565a5dccc63dbbe9b,2023-01,Norfolk Constabulary,Norfolk Constabulary,,,No location,,,Unable to prosecute suspect
8c8254c7bf0f52921e4fc0e653a131f346db47361ff354794ca720693dc05b50,2023-01,Norfolk Constabulary,Norfolk Constabulary,1.310368,52.636559,On or near Heathgate,E01026848,Norwich 015A,Action to be taken by another organisation
d44717c354882941463dc65955bb3a270d8de9dd5b673eb280f6e4606794b5d8,2023-01,Norfolk Constabulary,Norfolk Constabulary,1.243522,52.639983,On or near Jex Avenue,E01026869,Norwich 006G,Unable to prosecute suspect
3ddefea013c6e35535285fc1e6c8f26b562bd5c836d4b91394336c9704c96e13,2023-01,Norfolk Constabulary,Norfolk Constabulary,0.186234,52.670344,On or near Chapnall Close,E01026685,King's Lynn and West Norfolk 013B,Unable to prosecute suspect
c90c2ca9cf9c581c158c8cbc2ef326dd24cde4994c974f604f136a71987515b8,2023-01,Norfolk Constabulary,Norfolk Constabulary,1.290885,52.631841,On or near Coslany Street,E01026823,Norwich 007B,Suspect charged
b7fdbde81f3bdd357f151d65cf554d302b8d225afefec0c8885cf98cec03962a,2023-01,Norfolk Constabulary,Norfolk Constabulary,1.726143,52.606551,On or near ,E01026623,Great Yarmouth 006B,Investigation complete; no suspect identified
fcf04602c098ad7fc3b52c5ec7ba0619a675df384cde08dadbeefdd0f40756ea,2023-01,Norfolk Constabulary,Norfolk Constabulary,1.727009,52.541455,On or near Potters Drive,E01026588,Great Yarmouth 013D,Unable to prosecute suspect
44daa00454c43f78cd3a931a5e5814b5e666275ee0f0df99c93a38483382f8ce,2023-01,Norfolk Constabulary,Norfolk Constabulary,1.274565,52.632419,On or near Saint Philips Road,E01026840,Norwich 009F,Investigation complete; no suspect identified
ce77fe23fb674f050f2a93c24e93a1271ca21db688b2c38417d61081a3931d4f,2023-01,Norfolk Constabulary,Norfolk Constabulary,0.226588,52.735571,On or near Chalk Road,E01026719,King's Lynn and West Norfolk 013C,Unable to prosecute suspect
ec9b72a2cdb14c17e78b382e1e7f784d0978242973f23c0aacd8781549db759a,2023-01,Norfolk Constabulary,Norfolk Constabulary,1.266876,52.930386,On or near Half Year Close,E01026781,North Norfolk 005C,Unable to prosecute suspect
485ba600f64f8f88ff58a761d5af52d53eb0956735c209278ac4fd4ea6912dea,2023-01,Norfolk Constabulary,Norfolk Constabulary,0.274397,52.679636,On or near Low Road,E01026684,King's Lynn and West Norfolk 013A,Formal action is not in the public interest
59fd9838391e6e883d7f812264236adedff19861f4dd4967c99f4adab629e70c,2023-01,Norfolk Constabulary,Norfolk Constabulary,0.689684,52.643230,On or near Globe Hill,E01026458,Breckland 007D,Investigation complete; no suspect identified
e42a8104f651fcae4b44a4f273554927c1f90a79ccb187933c9c177ae538180c,2023-01,Norfolk Constabulary,Norfolk Constabulary,1.725257,52.576644,On or near Clarke's Road,E01026630,Great Yarmouth 010D,Unable to prosecute suspect
e42a8104f651fcae4b44a4f273554927c1f90a79ccb187933c9c177ae538180c,2023-01,Norfolk Constabulary,Norfolk Constabulary,1.725257,52.576644,On or near Clarke's Road,E01026630,Great Yarmouth 010D,Unable to prosecute suspect
8b814b8e549ca48340cf6e77a3a95e7239f01ce0cfd15fef9f179ea506bbec8c,2023-01,Norfolk Constabulary,Norfolk Constabulary,1.717482,52.568344,On or near Lincoln Avenue,E01026617,Great Yarmouth 011A,Action to be taken by another organisation
37dcda6bd0da5bcd8afe2d50a8f323873364496806821cc3ac9c54f9cd7d5608,2023-01,Norfolk Constabulary,Norfolk Constabulary,0.745371,52.964342,On or near East Harbour Way,E01026646,King's Lynn and West Norfolk 002B,Unable to prosecute suspect
df8136727c2ca72be38baa33c79627e8ab4af9724fd500cab823bf9863aecba7,2023-01,Norfolk Constabulary,Norfolk Constabulary,1.338174,52.644691,On or near Fugill Green,E01026809,Norwich 004G,Unable to prosecute suspect
fa747fdcb01d6b3086171e9a4a9cf229ace13c1ed6d20cfcbeeb214ffe366167,2023-01,Norfolk Constabulary,Norfolk Constabulary,0.399013,52.754417,On or near ,E01026698,King's Lynn and West Norfolk 011A,Suspect charged
71c46e6fd7a355cdbcdc7023c425eef938e8be33e9cc3e2ed19be6aa9591f87f,2023-01,Norfolk Constabulary,Norfolk Constabulary,1.188343,52.649459,On or near Prince Close,E01033538,South Norfolk 001G,Investigation complete; no suspect identified
738fe74869dd3dd1b831870f4115c274455c7ad1d9588868b1fd36ac4dd6cfa2,2023-01,Norfolk Constabulary,Norfolk Constabulary,0.975836,52.522552,On or near Long Street,E01026420,Breckland 010B,Unable to prosecute suspect
186b03ee27c1130e66011ff449c1893164d14a84736b327b1a3e6c3a592f98ba,2023-01,Norfolk Constabulary,Norfolk Constabulary,1.722717,52.603609,On or near St Mary's Lane,E01026635,Great Yarmouth 007D,Investigation complete; no suspect identified
2b1aed9964136e36fa205deed5a2592acaa3ac8bd429f834044b8e503772ab23,2023-01,Norfolk Constabulary,Norfolk Constabulary,0.305413,52.763422,On or near Alan Jarvis Way,E01026711,King's Lynn and West Norfolk 008B,Unable to prosecute suspect
c9fbdf62d2440d9de0ab16b0ab6eb0ede07dba62267d7951baa94ce1ef1fadc3,2023-01,Norfolk Constabulary,Norfolk Constabulary,0.306178,52.763605,On or near Alma Chase,E01026711,King's Lynn and West Norfolk 008B,Unable to prosecute suspect
609fdc6c403058d82d122a1451d9b86ff02f16929c82e34ce6ffe5849a021d58,2023-01,Norfolk Constabulary,Norfolk Constabulary,1.235879,52.628978,On or near Sarah Williman Close,E01026861,Norwich 010D,Unable to prosecute suspect
80e14952be545a18c1060813a528744e7eb558c03ffc2a85a381f010aca00788,2023-01,Norfolk Constabulary,Norfolk Constabulary,0.551785,52.538241,On or near Brook Lane,E01026651,King's Lynn and West Norfolk 019D,Unable to prosecute suspect
6ecc37dfbfce05b35d82ce3dd789f95fc696e7bb73cc659d1b42cfe712b16801,2023-01,Norfolk Constabulary,Norfolk Constabulary,1.286933,52.654426,On or near Middleton Close,E01026798,Norwich 001B,Unable to prosecute suspect
3775d3918d09f8ca03e04369b345bbbe50820634ae61206a85751c65a3399241,2023-01,Norfolk Constabulary,Norfolk Constabulary,1.732226,52.600432,On or near Havelock Road,E01026626,Great Yarmouth 006E,Unable to prosecute suspect
6f8f29fa1e2cea42545f3b1cf77f12dda03e8bd35a134d7e893aad83793b6822,2023-01,Norfolk Constabulary,Norfolk Constabulary,1.291003,52.636409,On or near ,E01026826,Norwich 007E,Investigation complete; no suspect identified
9e5435c7aa8b03dc2eebf293fdcc32c6b735dc6e8e4e20b567f57869633a31bc,2023-01,Norfolk Constabulary,Norfolk Constabulary,0.438457,52.772063,On or near Golf Close,E01026672,King's Lynn and West Norfolk 006D,Investigation complete; no suspect identified
3148bf9dec847bd8f5ecf9ee3fe5f1cab474fbe13472db8f4c2e343259db1df3,2023-01,Norfolk Constabulary,Norfolk Constabulary,0.743123,52.412361,On or near ,E01026474,Breckland 017A,Investigation complete; no suspect identified
02469190eabd2b87ab6b045607be88b5492d179741de8285d78fdb5a29ab7851,2023-01,Norfolk Constabulary,Norfolk Constabulary,1.235879,52.628978,On or near Sarah Williman Close,E01026861,Norwich 010D,Unable to prosecute suspect
cc4fac4fdc1dd55fe22814432067a79372c353e3003c82b0df904dc91f0161b9,2023-01,Norfolk Constabulary,Norfolk Constabulary,0.942693,52.681772,On or near Thompson Way,E01026426,Breckland 005B,Unable to prosecute suspect
d3d4eb1ef7b6f74fcde14cef22a05cffa7b96be14c47cb5548324b766a218e09,2023-01,Norfolk Constabulary,Norfolk Constabulary,1.680616,52.698651,On or near Marsh Road,E01026605,Great Yarmouth 001A,Investigation complete; no suspect identified
f8ef87189a7b8afca9a8f68b3f640439a208b5def68714157798cf8129f305b5,2023-01,Norfolk Constabulary,Norfolk Constabulary,1.360073,52.629852,On or near ,E01026575,Broadland 016B,Unable to prosecute suspect
701010e48c79652bfeab1a2ac591d1602c3c645a7c2e2d588753e281a11a509e,2023-01,Norfolk Constabulary,Norfolk Constabulary,0.495636,52.629836,On or near Swaffham Road,E01026727,King's Lynn and West Norfolk 018B,Unable to prosecute suspect
ad10b54ecf6ad7a3484836505f8593d4e52fc3281cb4e12754c4a58636d1a777,2023-01,Norfolk Constabulary,Norfolk Constabulary,1.381281,52.629815,On or near Maple Way,E01026509,Broadland 017B,Unable to prosecute suspect
48592c2138f906076a40c5f683b6dc743f37d5a4f7b6488b3e1644b56f963de3,2023-01,Norfolk Constabulary,Norfolk Constabulary,1.058715,52.853386,On or near Plumb's Close,E01026730,North Norfolk 008B,Unable to prosecute suspect
5b6425730e764ef4496cbbd140824b92f4451314cba0e4dc9ed8029c98b3a324,2023-01,Norfolk Constabulary,Norfolk Constabulary,1.727359,52.605739,On or near ,E01026625,Great Yarmouth 006D,Investigation complete; no suspect identified
8d0386a7ed8158ef6907d5c5b6c27a65bcca4032e3ca651c1e5b217bdc102ebc,2023-01,Norfolk Constabulary,Norfolk Constabulary,0.202674,52.689317,On or near ,E01026721,King's Lynn and West Norfolk 013E,Local resolution
757a7a172144b593ac55b6f5a5c45dd4d71a182a5959de9d42310bc28394db27,2023-01,Norfolk Constabulary,Norfolk Constabulary,1.734121,52.622337,On or near Sandringham Avenue,E01026639,Great Yarmouth 004B,Unable to prosecute suspect
757a7a172144b593ac55b6f5a5c45dd4d71a182a5959de9d42310bc28394db27,2023-01,Norfolk Constabulary,Norfolk Constabulary,1.734121,52.622337,On or near Sandringham Avenue,E01026639,Great Yarmouth 004B,Unable to prosecute suspect
757a7a172144b593ac55b6f5a5c45dd4d71a182a5959de9d42310bc28394db27,2023-01,Norfolk Constabulary,Norfolk Constabulary,1.734121,52.622337,On or near Sandringham Avenue,E01026639,Great Yarmouth 004B,Unable to prosecute suspect
757a7a172144b593ac55b6f5a5c45dd4d71a182a5959de9d42310bc28394db27,2023-01,Norfolk Constabulary,Norfolk Constabulary,1.734121,52.622337,On or near Sandringham Avenue,E01026639,Great Yarmouth 004B,Unable to prosecute suspect
757a7a172144b593ac55b6f5a5c45dd4d71a182a5959de9d42310bc28394db27,2023-01,Norfolk Constabulary,Norfolk Constabulary,1.734121,52.622337,On or near Sandringham Avenue,E01026639,Great Yarmouth 004B,Unable to prosecute suspect
e2b65986deaca8df90289c6dad6086651ea0ca924d9f8a0b3d2c7cc43269d01a,2023-01,Norfolk Constabulary,Norfolk Constabulary,1.716090,52.652659,On or near Thames Way,E01026590,Great Yarmouth 003B,Investigation complete; no suspect identified
425755796d4dd21eb19818ce604eade8c9b99dcc7526b227d5a5379059734e65,2023-01,Norfolk Constabulary,Norfolk Constabulary,1.226116,52.648742,On or near Hill Crest,E01026916,South Norfolk 001A,Unable to prosecute suspect
425755796d4dd21eb19818ce604eade8c9b99dcc7526b227d5a5379059734e65,2023-01,Norfolk Constabulary,Norfolk Constabulary,1.226116,52.648742,On or near Hill Crest,E01026916,South Norfolk 001A,Unable to prosecute suspect
37386de99780ae710daa7be87e6887426668dc878270c4335419d979e85a5127,2023-01,Norfolk Constabulary,Norfolk Constabulary,0.213689,52.642032,On or near Hungate Road,E01026660,King's Lynn and West Norfolk 016B,Unable to prosecute suspect
37386de99780ae710daa7be87e6887426668dc878270c4335419d979e85a5127,2023-01,Norfolk Constabulary,Norfolk Constabulary,0.213689,52.642032,On or near Hungate Road,E01026660,King's Lynn and West Norfolk 016B,Unable to prosecute suspect
5349ea3c14fc21445b989872e4e321dcafadb6adf7b5045f182528a3820b4242,2023-01,Norfolk Constabulary,Norfolk Constabulary,1.287180,52.630928,On or near Ten Bell Lane,E01026822,Norwich 007A,Unable to prosecute suspect
9b2c42e7c9a32c00c70d369afa584dcaddfa6c2e1ff9a36efd4b5d3fc37a71f8,2023-01,Norfolk Constabulary,Norfolk Constabulary,1.293132,52.626148,On or near ,E01026822,Norwich 007A,Unable to prosecute suspect
8429f211ca209615daf4ca51236d6c2c35d9b49482da8f0f65daef46903754cb,2023-01,Norfolk Constabulary,Norfolk Constabulary,0.847713,52.800367,On or near Jarvis Drive,E01026442,Breckland 002A,Unable to prosecute suspect
99a86f028cde788e958e5a952edb9a91d53bb9327ee925b843bfa86c849cd655,2023-01,Norfolk Constabulary,Norfolk Constabulary,1.287180,52.630928,On or near Ten Bell Lane,E01026822,Norwich 007A,Unable to prosecute suspect
6149ad277fde8d585201be12f09bf5f4fbbcb7da9935d5e5b57dae0df878b8a2,2023-01,Norfolk Constabulary,Norfolk Constabulary,0.525113,52.486416,On or near Newcombe Drive,E01026649,King's Lynn and West Norfolk 019B,Investigation complete; no suspect identified
6b094422410a66657ee5d8412c9467e79c8b94dd76fbd531e8ab505db74192f5,2023-01,Norfolk Constabulary,Norfolk Constabulary,1.110696,52.372021,On or near ,E01026891,South Norfolk 015D,Investigation complete; no suspect identified
5f24fe430dd2e36c9af88dc558e672c5f120d0227952fcd6e44420676f99b4e4,2023-01,Norfolk Constabulary,Norfolk Constabulary,1.251855,52.420310,On or near The Street,E01026872,South Norfolk 013A,Investigation complete; no suspect identified
c64d29695d950d778f9438d137861c0ba8553a70908a6cf214e5b051dda4ed2e,2023-01,Norfolk Constabulary,Norfolk Constabulary,0.980573,52.702183,On or near Woodgate Road,E01026461,Breckland 001C,Investigation complete; no suspect identified
dcfaa1886a1f45dcabc6352094137a835e9a8fbf54ac6a5816ed75f06f5155ed,2023-01,Norfolk Constabulary,Norfolk Constabulary,1.337374,52.661936,On or near Everett Close,E01026561,Broadland 013E,Investigation complete; no suspect identified
84d4585f08809f3482d6782aa433c97a9b5146582e73b04622f960d95e6f9874,2023-01,Norfolk Constabulary,Norfolk Constabulary,1.735935,52.625932,On or near Chaucer Road,E01026641,Great Yarmouth 004D,Suspect charged
2691173abc4fbf9c40d03e02d71d37fdb43b87cc15a25714eddadb54f4bce416,2023-01,Norfolk Constabulary,Norfolk Constabulary,1.448613,52.796454,On or near The Street,E01026740,North Norfolk 012A,Investigation complete; no suspect identified
602f66e9a66f1b294a21aec4a4134f834dae4071d58536280846c0723127695c,2023-01,Norfolk Constabulary,Norfolk Constabulary,1.277275,52.658768,On or near Eversley Road,E01026530,Broadland 011A,Action to be taken by another organisation
38dd1e6cfc55ac35e78e294496bc0e1b33a30cc13546ffb022738aa0ed5f955d,2023-01,Norfolk Constabulary,Norfolk Constabulary,0.999341,52.623552,On or near Station Lane,E01026484,Breckland 006D,Unable to prosecute suspect
7b0ade301def27cf5e6770543e424dc497b6d38b83c427f828f81039ef6cb58c,2023-01,Norfolk Constabulary,Norfolk Constabulary,1.277275,52.658768,On or near Eversley Road,E01026530,Broadland 011A,Unable to prosecute suspect
79abfcea32662ca6803a06f120bc64c8b33e4a77d9ee7f40001f85fdf681dfe9,2023-01,Norfolk Constabulary,Norfolk Constabulary,1.295166,52.628421,On or near Castle Meadow,E01026822,Norwich 007A,Investigation complete; no suspect identified
64d7469d57ae2d57b2984add92f0e6fd5305a956696c99461869ed244a077695,2023-01,Norfolk Constabulary,Norfolk Constabulary,0.854257,52.565629,On or near Anson Way,E01033040,Breckland 010F,Unable to prosecute suspect
4bd73768be57f992422fe5b204dd225c26f0bd3a09678918cecc84cd2fd0309b,2023-01,Norfolk Constabulary,Norfolk Constabulary,,,No location,,,Unable to prosecute suspect
6a84a79ce47bde0ea2751c6f6955fa5c6732d003087a20ca819aeae12f117c38,2023-01,Norfolk Constabulary,Norfolk Constabulary,1.733218,52.625262,On or near Beatty Road,E01026640,Great Yarmouth 004C,Unable to prosecute suspect
474afbb9c568dec08326a3bae8026de1443fdc222f8d8cf7ddd0cfc4bf3f4329,2023-01,Norfolk Constabulary,Norfolk Constabulary,1.287180,52.630928,On or near Ten Bell Lane,E01026822,Norwich 007A,Investigation complete; no suspect identified
352a5f2e63151e537582098543d894f2b3b603a0bea966b3ac2ee38848953837,2023-01,Norfolk Constabulary,Norfolk Constabulary,1.281161,52.632857,On or near ,E01026824,Norwich 007C,Unable to prosecute suspect
75aa6e03649362249c56f87e703f96df601b6889ec73aa019271c1a20b216bd0,2023-01,Norfolk Constabulary,Norfolk Constabulary,1.289063,52.931122,On or near Howard's Hill,E01026736,North Norfolk 003C,Action to be taken by another organisation
b5e3c120af03878af4b1a3fe3590ba8396158cf444e8912d05542b05f00e98da,2023-01,Norfolk Constabulary,Norfolk Constabulary,1.718818,52.613554,On or near ,E01026597,Great Yarmouth 005C,Local resolution
d6a45fb152a78c05c9211e80a5b944f8856ac16f18b834463a97ec93ff0f75dd,2023-01,Norfolk Constabulary,Norfolk Constabulary,-0.242869,52.586469,On or near Ingleborough,E01015654,Peterborough 012E,Unable to prosecute suspect
41d787173d384c1ea69364bacd9038a2ca675dac18701ff97cafb2b72b91b58d,2023-01,Norfolk Constabulary,Norfolk Constabulary,0.935445,52.683580,On or near Dairy Crescent,E01026428,Breckland 003A,Unable to prosecute suspect
534d26f83ff495cbf6f06b3cfaad5348f981dd027ee2ba07e90d47447d1625aa,2023-01,Norfolk Constabulary,Norfolk Constabulary,0.730510,52.412672,On or near Mackenzie Road,E01026474,Breckland 017A,Unable to prosecute suspect
fa3a1c373e281c922a27ad0b8ff086b5d10643c18fc5f28ba318c0e163f18ed4,2023-01,Norfolk Constabulary,Norfolk Constabulary,1.265195,52.663580,On or near Reepham Road,E01026532,Broadland 011C,Unable to prosecute suspect
6eb551f6131ee8c934f86306db6ed1c9036de26d1a0c61288692be8e03d6156e,2023-01,Norfolk Constabulary,Norfolk Constabulary,1.730237,52.609696,On or near Silkmill Road,E01026597,Great Yarmouth 005C,Unable to prosecute suspect
f4a202e9b2dd8f5000e9c0754a19a21bfe5fb7395719cbfaf2c9114e149ad50a,2023-01,Norfolk Constabulary,Norfolk Constabulary,1.277392,52.648674,On or near Knights Road,E01026834,Norwich 002G,Unable to prosecute suspect
4ec052fc56dcb5fd1c656b182000993c83b8a70808fe5a69ea5a119a04b3ae8b,2023-01,Norfolk Constabulary,Norfolk Constabulary,1.215606,52.687843,On or near Ashgrove,E01026519,Broadland 007B,Investigation complete; no suspect identified
c7c0cb8b17b6023c2c386454bedec73a42806ee6f325ca41a755ca1122d2a15e,2023-01,Norfolk Constabulary,Norfolk Constabulary,1.725343,52.577658,On or near Roslyn Road,E01026630,Great Yarmouth 010D,Unable to prosecute suspect
f0e7a757269876794b7b28b3e5c2eec6d871e18fd48ced4f0f34bad7e60227c9,2023-01,Norfolk Constabulary,Norfolk Constabulary,1.292090,52.628795,On or near St Peters Street,E01026822,Norwich 007A,Unable to prosecute suspect
2a444a41bf1f5e7403e31276c54beb1c142a67138cc760a87b5c7686073f5972,2023-01,Norfolk Constabulary,Norfolk Constabulary,1.270608,52.653475,On or near Warrenwood Court,E01026833,Norwich 002F,Investigation complete; no suspect identified
f49bcd505fc356353889644f227498204b8af7ddd35f2808b29c17e772091632,2023-01,Norfolk Constabulary,Norfolk Constabulary,1.287315,52.602255,On or near ,E01026821,Norwich 013F,Investigation complete; no suspect identified
c880da3286bc74921b77e99b5934502c0d26ca120b369093cebfd500f5ea36ae,2023-01,Norfolk Constabulary,Norfolk Constabulary,1.229146,52.609007,On or near Honeysuckle Close,E01026882,South Norfolk 002B,Unable to prosecute suspect
021d0c3531a85f8a497384b196bf09db9d4dcd7f1eb19b7e8f3ed6e377b8c151,2023-01,Norfolk Constabulary,Norfolk Constabulary,0.433187,52.753873,On or near Three Oaks,E01026663,King's Lynn and West Norfolk 010B,Unable to prosecute suspect
8f39af354214a472a38d11ea5f2678562237d942da56ede3fab287c578e5a2bd,2023-01,Norfolk Constabulary,Norfolk Constabulary,1.719361,52.603580,On or near Station Road,E01026634,Great Yarmouth 007C,Investigation complete; no suspect identified
d668b96b4bb702068406cd519630a0c137207a0d2cbff934be8a0e48abcaa978,2023-01,Norfolk Constabulary,Norfolk Constabulary,1.280354,52.605485,On or near Peterkin Road,E01026820,Norwich 013E,Unable to prosecute suspect
ebf981d596e290e7aaf887d53dc915c86ff84ce8c142fdb3b0a351d3728591dd,2023-01,Norfolk Constabulary,Norfolk Constabulary,1.286415,52.649701,On or near George Pope Close,E01026800,Norwich 001D,Unable to prosecute suspect
5623c11162d2e6fda447850e5a4dcf482fe117e1235d2bca103490224350a819,2023-01,Norfolk Constabulary,Norfolk Constabulary,1.304279,52.653232,On or near Parkland Crescent,E01026556,Broadland 012D,Investigation complete; no suspect identified
6a99c3d1e51c2190bbbe36d4cbebd8b7ba9f30affbbddd5eccf08cfc28398ca5,2023-01,Norfolk Constabulary,Norfolk Constabulary,1.280354,52.605485,On or near Peterkin Road,E01026820,Norwich 013E,Unable to prosecute suspect
3cfaccd9ba68440c8de36edcdd81f506f982b8f7abdc767c37abbe94dbaabe58,2023-01,Norfolk Constabulary,Norfolk Constabulary,0.689567,52.646371,On or near The Pightle,E01026456,Breckland 007B,Unable to prosecute suspect
0777abdb359cfc0e4ce1796b0dc5011b13719464d5172734398e8c66baf3e26e,2023-01,Norfolk Constabulary,Norfolk Constabulary,1.717980,52.663249,On or near Meadowcroft,E01026628,Great Yarmouth 001E,Investigation complete; no suspect identified
7486f663b9a730e3104a26d659820ce592b4920621f5ecc840092a3e9c5578e3,2023-01,Norfolk Constabulary,Norfolk Constabulary,0.735733,52.406526,On or near Kimms Belt,E01026476,Breckland 017C,Investigation complete; no suspect identified
1c040b642a988b171a70ca82dc2fa40ad7d778f15f172d4dd3d8e0b7f78a82f5,2023-01,Norfolk Constabulary,Norfolk Constabulary,0.446684,52.756605,On or near ,E01026714,King's Lynn and West Norfolk 010D,Unable to prosecute suspect
b6ff71ae803ffe2870bec83705c0d4cf3a2b70e8960bd8ef2a482c06afb4e833,2023-01,Norfolk Constabulary,Norfolk Constabulary,1.301862,52.629017,On or near ,E01033438,Norwich 014A,Unable to prosecute suspect
fa324fc8632888a22a964e8925589780768ba0670428370e8e81d2ee9f5102dc,2023-01,Norfolk Constabulary,Norfolk Constabulary,1.301862,52.629017,On or near ,E01033438,Norwich 014A,Unable to prosecute suspect
3c9d946dc7b70296834e71abe35d702cbeb55087ce976ee61b575e918295aa33,2023-01,Norfolk Constabulary,Norfolk Constabulary,1.293674,52.629218,On or near ,E01026823,Norwich 007B,Offender given a caution
1a8a16800f728abd126f5d8f62331796756d653ad8c82ef8930caa801540f0d6,2023-01,Norfolk Constabulary,Norfolk Constabulary,1.292367,52.626970,On or near William Booth Street,E01026822,Norwich 007A,Unable to prosecute suspect
71c1636f27eaaa1f55b19f0d2293f0b780fc7a8e52cf29478ae51f11c1449724,2023-01,Norfolk Constabulary,Norfolk Constabulary,0.854654,52.567885,On or near Washington Drive,E01033040,Breckland 010F,Unable to prosecute suspect
f672ff6d87b67beb02cf1618440642b165aaed22d8e984320dc5bf51be764e82,2023-01,Norfolk Constabulary,Norfolk Constabulary,0.679927,52.651194,On or near Oakleigh Drive,E01026455,Breckland 007A,Investigation complete; no suspect identified
84eeeb89bf198c202a2ce050d5312263bbdedfdf464183cc4d59f70db69a6169,2023-01,Norfolk Constabulary,Norfolk Constabulary,1.319237,52.637318,On or near Knox Close,E01026806,Norwich 004D,Action to be taken by another organisation
84eeeb89bf198c202a2ce050d5312263bbdedfdf464183cc4d59f70db69a6169,2023-01,Norfolk Constabulary,Norfolk Constabulary,1.319237,52.637318,On or near Knox Close,E01026806,Norwich 004D,Action to be taken by another organisation
31ae8c52ea041e00be3ec465c7740be75a235cd249fe2b140cb0e603c24e48a7,2023-01,Norfolk Constabulary,Norfolk Constabulary,0.726898,52.406091,On or near Stapleford Way,E01026478,Breckland 017E,Suspect charged
4f63b5658cf09d694e36417e32e30216fa0596919f70a1fa75ec21b4fa133b41,2023-01,Norfolk Constabulary,Norfolk Constabulary,1.309520,52.639614,On or near Lavengro Road,E01026844,Norwich 003D,Formal action is not in the public interest
cff6ec98e6ed84954da056cefb325901723fb337902ee35c317db9f2c7c65b0e,2023-01,Norfolk Constabulary,Norfolk Constabulary,0.410683,52.756327,On or near ,E01026668,King's Lynn and West Norfolk 009C,Investigation complete; no suspect identified
2477803afe0b13e29ee19e4690ea20842499dfe86f1bb927938591e853dc2314,2023-01,Norfolk Constabulary,Norfolk Constabulary,0.453969,52.588499,On or near St Andrews Close,E01026727,King's Lynn and West Norfolk 018B,Unable to prosecute suspect
4e35f74fa16297375959425eb65cb1ef4dc49303dabbdfa699dd533daac40c96,2023-01,Norfolk Constabulary,Norfolk Constabulary,0.453969,52.588499,On or near St Andrews Close,E01026727,King's Lynn and West Norfolk 018B,Unable to prosecute suspect
0ce6338881b5cc5931bf90ec6c9a6e12d7a56684c7b2aef2473328ac46188a4f,2023-01,Norfolk Constabulary,Norfolk Constabulary,0.453969,52.588499,On or near St Andrews Close,E01026727,King's Lynn and West Norfolk 018B,Unable to prosecute suspect
3cd693d6299725318d8279878f2f4d332492998221e899de599bde77c47e789c,2023-01,Norfolk Constabulary,Norfolk Constabulary,0.453969,52.588499,On or near St Andrews Close,E01026727,King's Lynn and West Norfolk 018B,Action to be taken by another organisation
5ebba180c01774ed6fe05c6802bfb3ec5636cad175ba374d0caef4d97038e684,2023-01,Norfolk Constabulary,Norfolk Constabulary,0.453969,52.588499,On or near St Andrews Close,E01026727,King's Lynn and West Norfolk 018B,Action to be taken by another organisation
a10c8d437038b14e32bc6058bf68cb73553b9fb6b7cf138c6eaa76c1b625693b,2023-01,Norfolk Constabulary,Norfolk Constabulary,,,No location,,,Investigation complete; no suspect identified
9dd56583c46f4f7ff69419b68d787cb5cb027e7a28a4363864cab18fd462dedb,2023-01,Norfolk Constabulary,Norfolk Constabulary,1.335306,52.643522,On or near Noble Close,E01026803,Norwich 004A,Formal action is not in the public interest
2b995765e058a7067284783f57173dd4cf29d8c514aa016b678cbbbbd8defaef,2023-01,Norfolk Constabulary,Norfolk Constabulary,1.185295,52.398524,On or near Brandreth Close,E01026887,South Norfolk 014D,Suspect charged
dc00cc0e155bf3e16451e0c28821c9898236849cf387509c8fe17cbe298a045c,2023-01,Norfolk Constabulary,Norfolk Constabulary,1.291342,52.670789,On or near METEOR CLOSE,E01026797,Norwich 001A,Unable to prosecute suspect
0531b7400cc2941d226609307fade3cb9621611a3a52a1e092dcda3cc0f76cb5,2023-01,Norfolk Constabulary,Norfolk Constabulary,0.453969,52.588499,On or near St Andrews Close,E01026727,King's Lynn and West Norfolk 018B,Action to be taken by another organisation
a02aee5a4fbc73f42fe649ea0a68b615c7919855bc9fd079f39842c716c3e068,2023-01,Norfolk Constabulary,Norfolk Constabulary,1.274565,52.632419,On or near Saint Philips Road,E01026840,Norwich 009F,Unable to prosecute suspect
04469379af87b519f9547eb5f6a79b538a958238aa3afd0c778302ed2cba9eba,2023-01,Norfolk Constabulary,Norfolk Constabulary,0.440942,52.778324,On or near Holly Close,E01026709,King's Lynn and West Norfolk 005D,Unable to prosecute suspect
d3ee3105d9cb632bececeb3ed1aa77d551b07770fb483e9c4baf9558a1feb8f5,2023-01,Norfolk Constabulary,Norfolk Constabulary,0.848584,52.827989,On or near Mill Court,E01026747,North Norfolk 011C,Unable to prosecute suspect
15d8d6e2b52908e33e584efc19a2b3911a0118bcbcc16debcbf281c544bf1e1e,2023-01,Norfolk Constabulary,Norfolk Constabulary,0.413548,52.727812,On or near Lemuel Burt Way,E01026724,King's Lynn and West Norfolk 014E,Unable to prosecute suspect
4d9f0f5463a5ed554346eef584df09c7dc6914e802d7f7db194bbc9982ac7efc,2023-01,Norfolk Constabulary,Norfolk Constabulary,1.275643,52.635178,On or near West End Street,E01026825,Norwich 007D,Investigation complete; no suspect identified
5c22891fcf8e76d282c771242dbbfd5211003044d2082fe2397b94839d1d3de6,2023-01,Norfolk Constabulary,Norfolk Constabulary,1.287859,52.628157,On or near Chapel Field North,E01026822,Norwich 007A,Investigation complete; no suspect identified
e1a80fe0788891ec4f88d4e37dd445cf0150b619444f6fad842a0ec4b9ffb15b,2023-01,Norfolk Constabulary,Norfolk Constabulary,0.855276,52.565415,On or near Marauder Road,E01033040,Breckland 010F,Unable to prosecute suspect
452e088cc041f63fc65c87afbc8e1298cb422da9c636e33443384d1a9b19ed7b,2023-01,Norfolk Constabulary,Norfolk Constabulary,1.296072,52.627110,On or near Farmers Avenue,E01026822,Norwich 007A,Investigation complete; no suspect identified
b84fa32472f4eda0a4eeaafb05488c8e71212486ebf9b9aa1583377d647fe82a,2023-01,Norfolk Constabulary,Norfolk Constabulary,1.251578,52.627612,On or near Salter Avenue,E01026858,Norwich 010A,Unable to prosecute suspect
cfb54625a4a90dae0ab90c72a0c35bbaaee0579330097d54289e4b294b73527b,2023-01,Norfolk Constabulary,Norfolk Constabulary,1.262462,52.633926,On or near ,E01026863,Norwich 006A,Action to be taken by another organisation
14b9af3f87e1d04f3c694eb43efc3605a6eeb35a573ccbeaa8098bd2d1db28d3,2023-01,Norfolk Constabulary,Norfolk Constabulary,1.730583,52.598136,On or near Queen's Road,E01026626,Great Yarmouth 006E,Unable to prosecute suspect
4ed5d99ccc225f3fff7abd7e3eb0ba18fd53b6cd51c5768e03a7e20637336879,2023-01,Norfolk Constabulary,Norfolk Constabulary,1.521856,52.712212,On or near Whitegates,E01026784,North Norfolk 014D,Unable to prosecute suspect
c2fbe1b8196007965f95ac089ee8a88b3d547e21ad1e80f697e5e3f81f083d1c,2023-01,Norfolk Constabulary,Norfolk Constabulary,1.323170,52.632261,On or near Pilling Park Road,E01026808,Norwich 004F,Unable to prosecute suspect
3f80901b92c9e273173ac08da324d92495fa844deefbb62eafc966b3cbfaf7ac,2023-01,Norfolk Constabulary,Norfolk Constabulary,1.732828,52.603687,On or near York Road,E01026624,Great Yarmouth 006C,Unable to prosecute suspect
b73c620a9974b582a58f76c75e24e1428a89d91862a667be5574f8b3a47cf8bb,2023-01,Norfolk Constabulary,Norfolk Constabulary,1.030447,52.522559,On or near Appletree Close,E01026448,Breckland 013C,Unable to prosecute suspect
44eb4f8a755023daa4d1972146c537dece8c5267bf3c43d1746f398e4c6c027a,2023-01,Norfolk Constabulary,Norfolk Constabulary,1.280014,52.629580,On or near Heigham Grove,E01026837,Norwich 009C,Investigation complete; no suspect identified
72e5355eb759f2bdfaead548664bd3780cc8e4570ff2747467b3e3cb0d5f22a0,2023-01,Norfolk Constabulary,Norfolk Constabulary,1.299001,52.661897,On or near Church Street,E01026543,Broadland 009D,Unable to prosecute suspect
38ed4da4296e21aa0f3b62426b04baf82cc4891d2f3da4fff8cc20f79d66a7df,2023-01,Norfolk Constabulary,Norfolk Constabulary,1.189508,52.404346,On or near Norwich Road,E01026887,South Norfolk 014D,Suspect charged
0b43c26b9af6f1e06d350ed7d7c5a0d1b8c68990f01688ca3019777d05504794,2023-01,Norfolk Constabulary,Norfolk Constabulary,0.892997,52.626585,On or near Fen Folgate,E01026451,Breckland 008C,Unable to prosecute suspect
0b43c26b9af6f1e06d350ed7d7c5a0d1b8c68990f01688ca3019777d05504794,2023-01,Norfolk Constabulary,Norfolk Constabulary,0.892997,52.626585,On or near Fen Folgate,E01026451,Breckland 008C,Unable to prosecute suspect
52f068935a5959658af0eea988562263945136e7d40c4b453b0c389015c8466a,2023-01,Norfolk Constabulary,Norfolk Constabulary,1.724516,52.646350,On or near Meadowsweet Road,E01026594,Great Yarmouth 003F,Investigation complete; no suspect identified
329a7ab5f895ab86373dbf8797960ce3eef195f555895aacdce546c80753a993,2023-01,Norfolk Constabulary,Norfolk Constabulary,1.282752,52.646600,On or near ,E01026829,Norwich 002B,Unable to prosecute suspect
ca3d6759ab45d10f9facd56f157a4c1f673a94405ece4485cea2cf7f2b440075,2023-01,Norfolk Constabulary,Norfolk Constabulary,1.267252,52.620372,On or near Mornington Road,E01026838,Norwich 009D,Investigation complete; no suspect identified
ca4edb9254490a2b3a6a7acceaa44d04d6de1ff58c7beca4b2129cb31e8f5f2c,2023-01,Norfolk Constabulary,Norfolk Constabulary,1.201338,52.712296,On or near Taverham Road,E01026535,Broadland 004C,Unable to prosecute suspect
02dc2c302e62e8e335b16c0d89ae9f89dd21705ae7981268ec0253925263c36a,2023-01,Norfolk Constabulary,Norfolk Constabulary,1.734166,52.613835,On or near Stephenson Close,E01026595,Great Yarmouth 005A,Investigation complete; no suspect identified
1aa58c2511ff940144cdca00a6f1c6621f53dddee67bdebbba93bca48e5d85e1,2023-01,Norfolk Constabulary,Norfolk Constabulary,0.438042,52.753225,On or near Mulberry Road,E01026663,King's Lynn and West Norfolk 010B,Investigation complete; no suspect identified
0585c010488753d86931dbb06408c4cc33d9c88fa21f8be2fac097051b99223f,2023-01,Norfolk Constabulary,Norfolk Constabulary,1.113711,52.569508,On or near Friars Croft,E01026870,South Norfolk 005A,Investigation complete; no suspect identified
a92de5e9948ff820fcde775cbaca34e58ee53c810b8f1856ea7691f4a4534bcc,2023-01,Norfolk Constabulary,Norfolk Constabulary,0.411209,52.747695,On or near Holcombe Avenue,E01026667,King's Lynn and West Norfolk 009B,Unable to prosecute suspect
aa065464f65f72bee61944dee6722a7d8ad80031013439fdcfecac59b2959039,2023-01,Norfolk Constabulary,Norfolk Constabulary,1.290656,52.632135,On or near Dyers Yard,E01026823,Norwich 007B,Investigation complete; no suspect identified
f2657e3853d194d2e3f8d603bb23101d1adc50961b216a73b62ea24a3534bc5c,2023-01,Norfolk Constabulary,Norfolk Constabulary,1.295213,52.627089,On or near Orford Street,E01026822,Norwich 007A,Unable to prosecute suspect
83b73095156d2cb639fef177c94df8ee1e08acebc7516cb28eb302c803759c24,2023-01,Norfolk Constabulary,Norfolk Constabulary,1.733139,52.570711,On or near ,E01026631,Great Yarmouth 010E,Investigation complete; no suspect identified
35ba7dff53f3b5d8791211fa7dc9661822480e1efde454047637bd0e77c686f5,2023-01,Norfolk Constabulary,Norfolk Constabulary,1.326681,52.635670,On or near Supple Close,E01026808,Norwich 004F,Formal action is not in the public interest
a4d9145aece48f9261e3123334b5ec1ac2f8b13f8234ad88517798df55ba66df,2023-01,Norfolk Constabulary,Norfolk Constabulary,1.125746,52.371659,On or near Ensign Way,E01033539,South Norfolk 015G,Unable to prosecute suspect
2d707ba912023690394ab199a1ff7844185b6e98e65f89738a43ca04fc2e1f0f,2023-01,Norfolk Constabulary,Norfolk Constabulary,0.393697,52.738555,On or near Baker Close,E01026704,King's Lynn and West Norfolk 011D,Suspect charged
021c88b19d3519372b6baf4e9e2895d1d4aea05a504b960a43d3b94fb93f7966,2023-01,Norfolk Constabulary,Norfolk Constabulary,1.515648,52.770892,On or near ,E01026776,North Norfolk 013C,Unable to prosecute suspect
004c81b9d22d94c47e1312af3ee63ca83e0cd488de31f14a37d46fbac0f68c06,2023-01,Norfolk Constabulary,Norfolk Constabulary,1.235745,52.638577,On or near Wilkins Court,E01026793,Norwich 005C,Unable to prosecute suspect
3ff28dae573af0e547fad6bf7226c57e364601634c3b728de12658d14428ba63,2023-01,Norfolk Constabulary,Norfolk Constabulary,0.408158,52.768411,On or near Greenland Avenue,E01026688,King's Lynn and West Norfolk 007B,Further investigation is not in the public interest
00eb2c33813721d6c61ff6e87a9eecc99605bc4a81ceac5225eff262aa83cbc6,2023-01,Norfolk Constabulary,Norfolk Constabulary,1.262462,52.633926,On or near ,E01026863,Norwich 006A,Action to be taken by another organisation
b1b69b85c817b4f8ceb0b821abcf8e5d39f14fc5bb7403c47371cf5ef0dbe44c,2023-01,Norfolk Constabulary,Norfolk Constabulary,0.431970,52.765533,On or near Buttercup Close,E01026714,King's Lynn and West Norfolk 010D,Unable to prosecute suspect
212a575f417029ddf5069e2df483c7aa89c418c0a8ba71cadf7238aa4cfffbcf,2023-01,Norfolk Constabulary,Norfolk Constabulary,1.292500,52.632884,On or near Duke Street,E01026823,Norwich 007B,Investigation complete; no suspect identified
ccd75268655d2e8b012336ffbf2a286dd383c9b3517e21f8ad02757b83d90c3b,2023-01,Norfolk Constabulary,Norfolk Constabulary,0.430120,52.785551,On or near Rill Close,E01026708,King's Lynn and West Norfolk 005C,Unable to prosecute suspect
ec24c228396593303426ae850a2582dd97b7c4f585682ea8a33cf4e20ddf3bc0,2023-01,Norfolk Constabulary,Norfolk Constabulary,1.238766,52.595434,On or near ,E01026881,South Norfolk 002A,Investigation complete; no suspect identified
32be4a2a7130ab2f23bd27b32f3ddf77bed17042fae83c43c86d33b7064fada2,2023-01,Norfolk Constabulary,Norfolk Constabulary,1.317510,52.659410,On or near Rushmore Road,E01026553,Broadland 012A,Investigation complete; no suspect identified
43e879047985b022ba1402b5bcdb94f00dcb1dcf1c5b24a7db255f67ec15b868,2023-01,Norfolk Constabulary,Norfolk Constabulary,1.725625,52.611757,On or near Whitehorse Plain,E01026597,Great Yarmouth 005C,Investigation complete; no suspect identified
26f255da8c5807faf1017a45385d5fc848d21b53526d98f830bd2d54b73b5660,2023-01,Norfolk Constabulary,Norfolk Constabulary,1.301653,52.629460,On or near ,E01033438,Norwich 014A,Unable to prosecute suspect
24eecd49591b10d691972e6c7f0bb9b0854f58dabbaa18635a2c66387dd23e49,2023-01,Norfolk Constabulary,Norfolk Constabulary,1.301653,52.629460,On or near ,E01033438,Norwich 014A,Unable to prosecute suspect
0eca77929825c47f23f289303481e3881e03df19f38f8fbf93447106e22ae7d0,2023-01,Norfolk Constabulary,Norfolk Constabulary,1.298823,52.629884,On or near Upper King Street,E01033438,Norwich 014A,Unable to prosecute suspect
653647a33fa49e96aff303ff27a4a748ec8b462f6de2f79f13eabbc669f1ca94,2023-01,Norfolk Constabulary,Norfolk Constabulary,1.293319,52.621943,On or near ,E01026853,Norwich 011B,Suspect charged
5a18c4b8fe6f10eef5f4a548edc3f24c1d7adaf58294803f617d613960dced94,2023-01,Norfolk Constabulary,Norfolk Constabulary,0.404506,52.760510,On or near Edma Street,E01026689,King's Lynn and West Norfolk 007C,Unable to prosecute suspect
36a7a3354c2c51921c02363b16165440dd1d552e5c30cb42422361f670294915,2023-01,Norfolk Constabulary,Norfolk Constabulary,0.405702,52.756394,On or near Dodmans Close,E01026698,King's Lynn and West Norfolk 011A,Unable to prosecute suspect
ac6ec6dd5852e3ed2a2097a8d32ceb006351a9f5daa164c8e910f01e3aad6431,2023-01,Norfolk Constabulary,Norfolk Constabulary,0.854654,52.567885,On or near Washington Drive,E01033040,Breckland 010F,Unable to prosecute suspect
daed18368703cf4bcf5a211ffd268b0ad9e8b4caf2982e884ab8160f367afe77,2023-01,Norfolk Constabulary,Norfolk Constabulary,1.309253,52.667196,On or near Desmond Drive,E01026541,Broadland 009B,Unable to prosecute suspect
9f923d363649ebe48816233099dc1861deec8d31689f81e5b121859ce8a76b25,2023-01,Norfolk Constabulary,Norfolk Constabulary,1.290739,52.621826,On or near Regina Road,E01026853,Norwich 011B,Unable to prosecute suspect
dd804f34b4b8dbabdf1e0f7a550a871b70007fd8994636738c5efef72debcc72,2023-01,Norfolk Constabulary,Norfolk Constabulary,0.409398,52.740656,On or near Hardwick Road,E01026706,King's Lynn and West Norfolk 011F,Unable to prosecute suspect
7c28bb3ea1cc33f6fb58d00aba2a747ddd4948a1f1b4de0b588869335d7c325e,2023-01,Norfolk Constabulary,Norfolk Constabulary,0.430119,52.750142,On or near Sandale Road,E01026662,King's Lynn and West Norfolk 010A,Unable to prosecute suspect
5ed460e643ce300ba86b64a65aa5b4b84fbf90522177c5947fbd56cc9af968ce,2023-01,Norfolk Constabulary,Norfolk Constabulary,1.324810,52.636363,On or near ,E01026807,Norwich 004E,Unable to prosecute suspect
58805af8ddaf1c2b3e15260b410d35c2028be495a9b43aab4af2a305e34d43ef,2023-01,Norfolk Constabulary,Norfolk Constabulary,1.411132,52.676428,On or near Ron Fielder Close,E01026579,Broadland 008D,Offender given a caution
d40cea1d429a7e1b21fc76a7e43e32d11d716c7f0a3f5b1792442e4bf1a16fd6,2023-01,Norfolk Constabulary,Norfolk Constabulary,1.291740,52.623948,On or near ,E01026822,Norwich 007A,Suspect charged
d5461bf3d1c0670c566537f9710a7839377089a6413f683831cce75b6e0202dd,2023-01,Norfolk Constabulary,Norfolk Constabulary,1.729083,52.603418,On or near Orford Close,E01026625,Great Yarmouth 006D,Unable to prosecute suspect
2b65fe27b78ee8abf6df57c0c1ba7aec3715355345e806fc02a2aad9dbce35b8,2023-01,Norfolk Constabulary,Norfolk Constabulary,1.289731,52.638924,On or near Wingfield Road,E01026831,Norwich 002D,Investigation complete; no suspect identified
b58fb91b745b14727bdea74c255edda7210ef31fdb16b54cb4f852cc0c3b737d,2023-01,Norfolk Constabulary,Norfolk Constabulary,1.335717,52.645426,On or near Springfield Road,E01026809,Norwich 004G,Unable to prosecute suspect
75dc5c5e438d3686f3843fb966e13a9d8f531b66cfb421addce0408cfb8dc851,2023-01,Norfolk Constabulary,Norfolk Constabulary,1.150737,52.503748,On or near The Fields,E01026897,South Norfolk 011C,Investigation complete; no suspect identified
f7ce1dcd5aa6917933660ab04faacf7890fbf6180383bae7232ff46ff69d87f6,2023-01,Norfolk Constabulary,Norfolk Constabulary,1.733585,52.591403,On or near Battery Road,E01026622,Great Yarmouth 006A,Unable to prosecute suspect
a5a08bb29327ed6c4cf37e181389fcd5b9665dab938a28c52c098a7236f475b3,2023-01,Norfolk Constabulary,Norfolk Constabulary,1.712217,52.576254,On or near NEW COLLEGE CLOSE,E01026603,Great Yarmouth 009C,Unable to prosecute suspect
75376997f9ad73fe5a1ff4af2c5ddadf4351529799709ea9cc0caa1180a63cd0,2023-01,Norfolk Constabulary,Norfolk Constabulary,0.941344,52.437261,On or near Burlingham Road,E01026439,Breckland 014A,Unable to prosecute suspect
963ede19406a6b7b1e91cfe0f5092f2433995cf6939ec71d960b316b3842aa15,2023-01,Norfolk Constabulary,Norfolk Constabulary,0.394289,52.608181,On or near Fennel Crescent,E01033037,King's Lynn and West Norfolk 017F,Unable to prosecute suspect
ab4b0634c1c90465594fd4e57a28e6b5b8d1d6e66ead4ab947d024e54c58e681,2023-01,Norfolk Constabulary,Norfolk Constabulary,1.261481,52.636162,On or near Winchcomb Road,E01026863,Norwich 006A,Unable to prosecute suspect
7c837b75821fdff3ce750e95deb77598aa13fa001a86140f765e5c47c74e1eb1,2023-01,Norfolk Constabulary,Norfolk Constabulary,1.281603,52.688875,On or near Weavers Close,E01026549,Broadland 005A,Unable to prosecute suspect
65aeeee6286fb1e2b72736f34c2c35b4adc2096c9fcc792c0ca82fa6d6eadb91,2023-01,Norfolk Constabulary,Norfolk Constabulary,0.550057,52.694471,On or near Church Close,E01026694,King's Lynn and West Norfolk 012D,Unable to prosecute suspect
d50364706044d7215a0853e750f61852b96ea9ea51296e11ba6abb086cdfdee2,2023-01,Norfolk Constabulary,Norfolk Constabulary,0.396546,52.758612,On or near ,E01026698,King's Lynn and West Norfolk 011A,Unable to prosecute suspect
10becdb110ff28ddc354369c450c43847416c1dd8479256c2e9d517457246f23,2023-01,Norfolk Constabulary,Norfolk Constabulary,1.594555,52.679960,On or near B1152,E01026609,Great Yarmouth 002B,Unable to prosecute suspect
ded9b0d3bc37bd3474543a974e1a0015a2c903051219230afa25ef58914496d3,2023-01,Norfolk Constabulary,Norfolk Constabulary,1.002315,52.512395,On or near WESTFIELDS,E01026450,Breckland 011E,Unable to prosecute suspect
ded9b0d3bc37bd3474543a974e1a0015a2c903051219230afa25ef58914496d3,2023-01,Norfolk Constabulary,Norfolk Constabulary,1.002315,52.512395,On or near WESTFIELDS,E01026450,Breckland 011E,Unable to prosecute suspect
c1bd08d4cd6b1518ba71506d49ff611df10b15f3d58f4696ca5050c0049d6017,2023-01,Norfolk Constabulary,Norfolk Constabulary,1.281603,52.688875,On or near Weavers Close,E01026549,Broadland 005A,Unable to prosecute suspect
886ca166a56fb13c835edd5fca556a2a45fc950a4c9241369d8559a4b203ca41,2023-01,Norfolk Constabulary,Norfolk Constabulary,1.285600,52.608083,On or near Scarlet Road,E01026820,Norwich 013E,Unable to prosecute suspect
c0fb12b904d11b48544a22de86ccf3445bc7f95f5f3d0ed9fdfe322d32de9b39,2023-01,Norfolk Constabulary,Norfolk Constabulary,1.296398,52.643424,On or near Clare Close,E01026843,Norwich 003C,Unable to prosecute suspect
ddbc89cc842fdf69a20d4d9821ba6340d25c799804599c12414c8f63ea8a8075,2023-01,Norfolk Constabulary,Norfolk Constabulary,1.303051,52.621861,On or near ARGYLE STREET,E01033441,Norwich 014D,Investigation complete; no suspect identified
570c87c9d6ddf0bc1223d94dba610f27d5f43e16cabc6273934271bac7312bd7,2023-01,Norfolk Constabulary,Norfolk Constabulary,1.220816,52.618488,On or near ,E01026883,South Norfolk 002C,Suspect charged
dd2e9b14841d630f0b6fd3ed995e884e567f5b78c35f5148c8f39c46438c7cf7,2023-01,Norfolk Constabulary,Norfolk Constabulary,1.138176,52.579744,On or near Jutland Rise,E01026933,South Norfolk 007C,Unable to prosecute suspect
a0612b23b037c573effe3980ffc8248ccf0fab032665d071b9066d1d5bef42cf,2023-01,Norfolk Constabulary,Norfolk Constabulary,1.305044,52.636528,On or near Anchor Close,E01026848,Norwich 015A,Unable to prosecute suspect
922ebe845521456449467a9b4cc70595e52b0924cb6e61a8679e159bea8189ff,2023-01,Norfolk Constabulary,Norfolk Constabulary,0.740563,52.406639,On or near FULMERSTON CLOSE,E01026477,Breckland 017D,Unable to prosecute suspect
922ebe845521456449467a9b4cc70595e52b0924cb6e61a8679e159bea8189ff,2023-01,Norfolk Constabulary,Norfolk Constabulary,0.740563,52.406639,On or near FULMERSTON CLOSE,E01026477,Breckland 017D,Unable to prosecute suspect
b06190f1d81b4597143b65d80c5af6c9afdb7fae7f02385aec0d5fc17c2a3097,2023-01,Norfolk Constabulary,Norfolk Constabulary,1.728242,52.601699,On or near Burleigh Close,E01026625,Great Yarmouth 006D,Unable to prosecute suspect
8faffac0f3976a526fd9eb74e14dc5a687ddd9368cf389369e6b49d9de39083b,2023-01,Norfolk Constabulary,Norfolk Constabulary,1.297905,52.610223,On or near Coke Road,E01026819,Norwich 013D,Unable to prosecute suspect
4e5ca4231e22e2cbcbd354b1158d685d6bf77985b8a25e70e1baaaf73ccba7b6,2023-01,Norfolk Constabulary,Norfolk Constabulary,1.478028,52.527932,On or near Gunton Road,E01026912,South Norfolk 008D,Action to be taken by another organisation
c483a2506c5eee7a3ef678fdac323dc2de6f187408631866e9b2e2fc29d81521,2023-01,Norfolk Constabulary,Norfolk Constabulary,1.708821,52.577655,On or near Headington Close,E01026586,Great Yarmouth 013B,Unable to prosecute suspect
d8a943f6358e1ae15ad47ef482bc1cc99b8f51186d0b449bbbdabcb619eda913,2023-01,Norfolk Constabulary,Norfolk Constabulary,0.424902,52.771721,On or near Festival Close,E01026669,King's Lynn and West Norfolk 006A,Unable to prosecute suspect
b20962bb1f4827a42c32c377654cf5c5050e2bd076e6c3bb0e2140132847e79f,2023-01,Norfolk Constabulary,Norfolk Constabulary,1.732808,52.600665,On or near NEW WELLINGTON PLACE,E01026626,Great Yarmouth 006E,Formal action is not in the public interest
78a3aa9c899ba8cc66f24e190f4899a803c1bb076adfe19afd695b29bf8162c5,2023-01,Norfolk Constabulary,Norfolk Constabulary,1.725790,52.606571,On or near Howard Street South,E01026623,Great Yarmouth 006B,Unable to prosecute suspect
a8c46d4c92421e36578a2f2b650aa222ff7662f40764c065436483e5a87f945f,2023-01,Norfolk Constabulary,Norfolk Constabulary,,,No location,,,Unable to prosecute suspect
8b8a1e07fc1b0cab9c66ad2cb807acb1433be74d57401c2a4de2d59bfb200a35,2023-01,Norfolk Constabulary,Norfolk Constabulary,1.385716,52.813449,On or near Smedley Close,E01026760,North Norfolk 010H,Unable to prosecute suspect
2cb8b7ae5abc8c778b3e9d5198b97bdd22e42b269f5c5fc099bdb1b5550c66f1,2023-01,Norfolk Constabulary,Norfolk Constabulary,0.409821,52.750196,On or near Bransby Close,E01026667,King's Lynn and West Norfolk 009B,Unable to prosecute suspect
ef8b76fd6dca3110306bd209673ef91295eac1d78b862053e96d892f081dd078,2023-01,Norfolk Constabulary,Norfolk Constabulary,0.793282,52.722897,On or near Church Street,E01026443,Breckland 002B,Unable to prosecute suspect
bf12fc154c941e19f3f82867deb61bf91f48934da453b1ff54b6e959de9e538b,2023-01,Norfolk Constabulary,Norfolk Constabulary,0.753588,52.910613,On or near Dunns Lane,E01026646,King's Lynn and West Norfolk 002B,Unable to prosecute suspect
5542a8920f6064790a503e875d7b8fc534c6290efad736fdcb7142f1c0ab3d90,2023-01,Norfolk Constabulary,Norfolk Constabulary,1.239164,52.641829,On or near Randle Green,E01026869,Norwich 006G,Investigation complete; no suspect identified
b4424bc36a76ad89a2efd2ce878d775ee82fa6f74c03e37394308791301f347f,2023-01,Norfolk Constabulary,Norfolk Constabulary,0.679927,52.651194,On or near Oakleigh Drive,E01026455,Breckland 007A,Investigation complete; no suspect identified
750e9187794fbe3088949598e860fdceb1a7a8620df239842983532ebfee68d5,2023-01,Norfolk Constabulary,Norfolk Constabulary,1.290129,52.626691,On or near ,E01026822,Norwich 007A,Investigation complete; no suspect identified
5e21e59253f4ed206a04b99b5ccee81b22eca3ab457ed749c13487744a30fffa,2023-01,Norfolk Constabulary,Norfolk Constabulary,1.087669,52.906917,On or near Albert Street,E01026743,North Norfolk 004C,Investigation complete; no suspect identified
cc11155caff7996943188f3710b7b24366a2add735054530d3a86f8b0430fdc8,2023-01,Norfolk Constabulary,Norfolk Constabulary,1.728531,52.597976,On or near Selby Place,E01026626,Great Yarmouth 006E,Unable to prosecute suspect
8f26d99f74b3884b470f7af0464ed4a2004ef176799b65bd589115c8861b3f3b,2023-01,Norfolk Constabulary,Norfolk Constabulary,1.295157,52.629690,On or near ,E01026822,Norwich 007A,Investigation complete; no suspect identified
ec96d6e3b4104ee56e988efdf256a36a27e86adc9bbcd2c6b265a951041dcc41,2023-01,Norfolk Constabulary,Norfolk Constabulary,1.733218,52.625262,On or near Beatty Road,E01026640,Great Yarmouth 004C,Unable to prosecute suspect
af1036d5fc137f7f24800ad5ead482ab0b4d5cbf959343242018e812f88083d9,2023-01,Norfolk Constabulary,Norfolk Constabulary,1.296451,52.638638,On or near Wall Lane,E01026826,Norwich 007E,Unable to prosecute suspect
4b303e333d3d85d3d3aace25e4dceca27cb5a54494d460fbdb0e79208c13f115,2023-01,Norfolk Constabulary,Norfolk Constabulary,1.293674,52.629218,On or near ,E01026823,Norwich 007B,Suspect charged
bd9bd374f8239657566d6ea4666d345ba6aa6ddb9470cd4717104c4a8cba5121,2023-01,Norfolk Constabulary,Norfolk Constabulary,1.734563,52.625957,On or near Sturdee Avenue,E01026641,Great Yarmouth 004D,Unable to prosecute suspect
7a9a875c5111c4f07fef2b680b661d86a2acf624a89f2f90f9c304c2a8b3cea3,2023-01,Norfolk Constabulary,Norfolk Constabulary,1.220816,52.618488,On or near ,E01026883,South Norfolk 002C,Investigation complete; no suspect identified
addfcb2cf04c1e5857ee1771a817d95b189e0d6a1cdc4859376bce77616096e1,2023-01,Norfolk Constabulary,Norfolk Constabulary,1.728632,52.617572,On or near ,E01026599,Great Yarmouth 004A,Investigation complete; no suspect identified
a200820c43ee1fdce2cf96ef9baf32ff57577c58e3332fe2a8501675c4f0a4eb,2023-01,Norfolk Constabulary,Norfolk Constabulary,0.408158,52.768411,On or near Greenland Avenue,E01026688,King's Lynn and West Norfolk 007B,Unable to prosecute suspect
2e9d9ae562fc4e6320aa892a27c4a4e586ea807b031a434d9b6f0c371d8affb1,2023-01,Norfolk Constabulary,Norfolk Constabulary,1.705292,52.581328,On or near Widgeon Close,E01026583,Great Yarmouth 008C,Investigation complete; no suspect identified
ffa7ec0d5ec00e2de0553290d36ddd6efd8d8ff63d16eed90cfb1ff7b058a17b,2023-01,Norfolk Constabulary,Norfolk Constabulary,1.262516,52.625638,On or near Elizabeth Fry Road,E01026859,Norwich 010B,Investigation complete; no suspect identified
9aa70480346c226fbd15341450f81f0cab6c20f4b648e5100c9835ab636bd06a,2023-01,Norfolk Constabulary,Norfolk Constabulary,0.397985,52.754258,On or near ,E01026698,King's Lynn and West Norfolk 011A,Unable to prosecute suspect
a0c1f6698ae2618895f40de6aa0feccb449755a4df3cb2c7e41e21de99149ba1,2023-01,Norfolk Constabulary,Norfolk Constabulary,0.489346,52.935131,On or near Chiltern Crescent,E01026680,King's Lynn and West Norfolk 001A,Unable to prosecute suspect
3fcfe48486ca16688adf2a8562e2a8633a1ee6b276e8c6a5b4605cc23e0a79e0,2023-01,Norfolk Constabulary,Norfolk Constabulary,1.334628,52.640258,On or near Thornfield Way,E01026803,Norwich 004A,Unable to prosecute suspect
338e10a731191f2efe5990c53f0947fd11f70cb1c45831227dc6f6862c67fab2,2023-01,Norfolk Constabulary,Norfolk Constabulary,1.411985,52.705382,On or near Beech Road,E01026580,Broadland 008E,Unable to prosecute suspect
8d823e160099c5407f46692058910f2d91b20ddfcfb4f10f7132705cdc307c30,2023-01,Norfolk Constabulary,Norfolk Constabulary,1.292090,52.628795,On or near St Peters Street,E01026822,Norwich 007A,Unable to prosecute suspect
8fe0a5694a5029e3ac59a34504c865a73ac390ae873a777199c715be559e16e0,2023-01,Norfolk Constabulary,Norfolk Constabulary,1.731226,52.619928,On or near Arundel Road,E01026639,Great Yarmouth 004B,Unable to prosecute suspect
677ff96d1f539d544f53e7d9c61f6d85a01dfdb08fe5b1d01e5508635f3092c9,2023-01,Norfolk Constabulary,Norfolk Constabulary,1.243481,52.633239,On or near Douglas Haig Road,E01026796,Norwich 005F,Unable to prosecute suspect
e4c5d6d172bc02ce948124a6fb0aab554934b19f1c1753f1aa9634fee0c97ebc,2023-01,Norfolk Constabulary,Norfolk Constabulary,0.935445,52.683580,On or near Dairy Crescent,E01026428,Breckland 003A,Investigation complete; no suspect identified
f8b917970fdf3d1c1475a1d74817d82bbf4da0afef5c6dfdf1e2b6fdbb79a163,2023-01,Norfolk Constabulary,Norfolk Constabulary,0.600503,52.588239,On or near The Street,E01026444,Breckland 012B,Unable to prosecute suspect
55e3c3677b55455852569390c367d911d4b63164412f01d4641ff3523d223490,2023-01,Norfolk Constabulary,Norfolk Constabulary,0.529328,52.485958,On or near Edmund Moundeford Road,E01026648,King's Lynn and West Norfolk 019A,Unable to prosecute suspect
b2b8de8690bd61d2daccb865a2d53fbd752621f29c0a95e85012f2d6ae6b3c24,2023-01,Norfolk Constabulary,Norfolk Constabulary,1.297366,52.635078,On or near St Saviours Lane,E01026823,Norwich 007B,Suspect charged
0e3d757f2ab46aff0ccc4f0a040de1aee8a8d7ed7eba243bb8f3fa539db4331a,2023-01,Norfolk Constabulary,Norfolk Constabulary,0.246489,52.522537,On or near New Road,E01026716,King's Lynn and West Norfolk 016E,Investigation complete; no suspect identified
21b85e85ac8021e05305d0f0e9dd3f9e1c9431322f6a854f847667d7dd0a63b0,2023-01,Norfolk Constabulary,Norfolk Constabulary,1.729805,52.649592,On or near ,E01026592,Great Yarmouth 003D,Investigation complete; no suspect identified
86ace5ca66cbd2ef5fdaa02fadde4940cb6ebcec56a8fcebe5e15676b567d0b6,2023-01,Norfolk Constabulary,Norfolk Constabulary,0.529328,52.485958,On or near Edmund Moundeford Road,E01026648,King's Lynn and West Norfolk 019A,Unable to prosecute suspect
a4f73934d2b37aa9772960a9bafd6a519b7fb60a095be87d45cd60411638cf6d,2023-01,Norfolk Constabulary,Norfolk Constabulary,1.732936,52.607029,On or near Albion Road,E01026623,Great Yarmouth 006B,Suspect charged
bbd94fbbde6b1de140b018257ba48ca1266606847b9ed4a8fba1f4a4f81d99b0,2023-01,Norfolk Constabulary,Norfolk Constabulary,0.838247,52.584629,On or near The Street,E01026464,Breckland 010D,Investigation complete; no suspect identified
b84bc2c1fe272ccd03297bab4f83ab6566510c65358fe8239fe36bb8f653ff05,2023-01,Norfolk Constabulary,Norfolk Constabulary,1.235946,52.709710,On or near Beech Grove,E01026535,Broadland 004C,Unable to prosecute suspect
c7a41a942257a065075de409e6f127d65c59e056cf4ffcdbbaba107315ecb2cd,2023-01,Norfolk Constabulary,Norfolk Constabulary,1.292090,52.628795,On or near St Peters Street,E01026822,Norwich 007A,Unable to prosecute suspect
f3601370b477c05705360ae408a23ebcbc0b84bbdb6fc2930c6e99529da5ff84,2023-01,Norfolk Constabulary,Norfolk Constabulary,0.404907,52.765897,On or near Estuary Close,E01026687,King's Lynn and West Norfolk 007A,Unable to prosecute suspect
f86b9b5f54795a87a114f0b7a5edf9bb7bd25416f86b206a840b6775daf3731d,2023-01,Norfolk Constabulary,Norfolk Constabulary,0.404907,52.765897,On or near Estuary Close,E01026687,King's Lynn and West Norfolk 007A,Unable to prosecute suspect
60611383c05b386d7340c36dc0a961888e87ecffd9b3478ec4b95dc2c99224bf,2023-01,Norfolk Constabulary,Norfolk Constabulary,1.269053,52.610834,On or near Rosslare,E01026812,Norwich 012C,Unable to prosecute suspect
3339c85472a25e2724aba97d5c1ea2284a1ad8d34cec7763a977078aed8166ce,2023-01,Norfolk Constabulary,Norfolk Constabulary,1.249694,52.658017,On or near Wensum Meadows Road,E01026529,Broadland 010D,Unable to prosecute suspect
ff0097c8847efd3f7e445facc3384fae2e86b8932356cf1ffc6a199f243c3ca6,2023-01,Norfolk Constabulary,Norfolk Constabulary,,,No location,,,Unable to prosecute suspect
b37406ba4519a9ee519f71bb1f033a9b680dd61b2ba03fec9616b7bee852c963,2023-01,Norfolk Constabulary,Norfolk Constabulary,1.137281,52.579399,On or near B1135,E01026933,South Norfolk 007C,Unable to prosecute suspect
a638f2232179941e12bd6015c2ca3ac08913f6a3fcf91875a9f8be30a68e097b,2023-01,Norfolk Constabulary,Norfolk Constabulary,1.249694,52.658017,On or near Wensum Meadows Road,E01026529,Broadland 010D,Unable to prosecute suspect
dc2c941d0794a98193bba8aa8133710483e33acd2a1a3f931747a02794fa6e33,2023-01,Norfolk Constabulary,Norfolk Constabulary,1.229792,52.634225,On or near Fowell Close,E01033436,Norwich 005H,Unable to prosecute suspect
df1d5b3ac832bb1857bf59655bb1db6eb89563115a87ca91243460561906ebb4,2023-01,Norfolk Constabulary,Norfolk Constabulary,1.292182,52.637894,On or near St Augustines Street,E01026826,Norwich 007E,Investigation complete; no suspect identified
25671d96ac0c445bbc2ac27000c6d774a98a69a78110f6d0b424676e4935ac43,2023-01,Norfolk Constabulary,Norfolk Constabulary,1.412114,52.517360,On or near Upgate Road,E01026876,South Norfolk 006B,Investigation complete; no suspect identified
6d71df03a5995ccd4fd7487f3f3fbada74fb2063985083f5983b8cfeac1a6981,2023-01,Norfolk Constabulary,Norfolk Constabulary,1.487566,52.530673,On or near Beccles Road,E01026912,South Norfolk 008D,Investigation complete; no suspect identified
bc85aa0448d2c7742b23e5c41bfe58229c4f6df83b273a5b87367719b85fb502,2023-01,Norfolk Constabulary,Norfolk Constabulary,1.297366,52.635078,On or near St Saviours Lane,E01026823,Norwich 007B,Suspect charged
24c22814078ff9e924c15d7af8dc290c505dd98a8b25673ec62532620af03706,2023-01,Norfolk Constabulary,Norfolk Constabulary,0.505177,52.839711,On or near Heath Road,E01026655,King's Lynn and West Norfolk 004C,Investigation complete; no suspect identified
1c27adbcc3682dbf5ee715d22ec0870d1feace69f8003da57018c837524b20bc,2023-01,Norfolk Constabulary,Norfolk Constabulary,1.217494,52.504073,On or near Plump Road,E01026940,South Norfolk 011F,Investigation complete; no suspect identified
b2ea4150aa45d4d6af5d6747d3a7d7b8e299e056144a87287c91e54f721010e8,2023-01,Norfolk Constabulary,Norfolk Constabulary,1.285607,52.626510,On or near Walpole Street,E01033437,Norwich 011H,Investigation complete; no suspect identified
6379e300ddf724769e15e62e6139f1aba958d6e16d95e7e82fc7e2c14f9a2a51,2023-01,Norfolk Constabulary,Norfolk Constabulary,1.728576,52.614659,On or near Hammond Road,E01026595,Great Yarmouth 005A,Investigation complete; no suspect identified
8ae0a767f9d7eadc5b3524c24a830f60fc2bf6a1112b32bab10cf478a5ac9b29,2023-01,Norfolk Constabulary,Norfolk Constabulary,1.280050,52.625918,On or near Somerleyton Street,E01033437,Norwich 011H,Unable to prosecute suspect
4f1cb36a5b4307ae2afa20c5d74488de1508fc8a8a204b1231f435994c0e3962,2023-01,Norfolk Constabulary,Norfolk Constabulary,1.574761,52.719513,On or near Old Tavern Close,E01026783,North Norfolk 014C,Formal action is not in the public interest
1b5865367ed9c1179606841d2edbd99572eca7f8b452ca60f10ae2aa1c9e247e,2023-01,Norfolk Constabulary,Norfolk Constabulary,1.301700,52.636684,On or near ,E01026826,Norwich 007E,Unable to prosecute suspect
f2b144cc1f6963c90383ae832ee0486b05cc9542ddda033da52c935041a2f36d,2023-01,Norfolk Constabulary,Norfolk Constabulary,1.555428,52.641009,On or near THE DRIVE,E01026497,Broadland 018A,Unable to prosecute suspect
55adfacb897dd0ca0ab5cfda256087678d3796da84d8d9496a56331f053ad16f,2023-01,Norfolk Constabulary,Norfolk Constabulary,1.375972,52.819294,On or near Weavers Close,E01026761,North Norfolk 010I,Unable to prosecute suspect
fd36c675ae0665a5ea75314e19847e3c394647e1f52bd2162af30db23712f307,2023-01,Norfolk Constabulary,Norfolk Constabulary,,,No location,,,Offender given a caution
ff7b0565bf12538ebdb2a541ec290d25d1b0bd0389dd0c7441703f00dbcadc06,2023-01,Norfolk Constabulary,Norfolk Constabulary,1.223240,52.640807,On or near WORTHAM CLOSE,E01026792,Norwich 005B,Unable to prosecute suspect
d5fde32785e8bbb1b4a728837bfab4e0ebc2cb76b5d2e87a24df67cbf408f302,2023-01,Norfolk Constabulary,Norfolk Constabulary,1.073131,52.471688,On or near Queen Street,E01026421,Breckland 013A,Unable to prosecute suspect
9e5a4b55f177e47e0f1950494811a970dabb720b144e1ebd2b6a2fa0917f7b64,2023-01,Norfolk Constabulary,Norfolk Constabulary,1.411985,52.705382,On or near Beech Road,E01026580,Broadland 008E,Unable to prosecute suspect
1b66d5a866d0e551522e73c9d18c9ea2e4346879d06e82e1b837b4a36712d1a4,2023-01,Norfolk Constabulary,Norfolk Constabulary,1.175860,52.854670,On or near The Street,E01026733,North Norfolk 006C,Investigation complete; no suspect identified
0ff1d61e94969b3894b392e5e61ea0d228107f146f6107d9a472afc23f7b4503,2023-01,Norfolk Constabulary,Norfolk Constabulary,1.441329,52.468619,On or near Hollow Hill Road,E01026892,South Norfolk 012A,Action to be taken by another organisation
ce29a296ec9afb2bd37cdce38734f2a8c2e26d4fccf7ccaa4415a7b7ea0ec3ed,2023-01,Norfolk Constabulary,Norfolk Constabulary,0.381842,52.742840,On or near ,E01026705,King's Lynn and West Norfolk 011E,Unable to prosecute suspect
925a151315946832e9f771b2882ef0df128d7942080a3bdef6f3ba1ba8a5e70b,2023-01,Norfolk Constabulary,Norfolk Constabulary,0.211895,52.597099,On or near New Bridge Road,E01026715,King's Lynn and West Norfolk 016D,Suspect charged
7b7cf07cdea1dbb1e70854e575b54544e293da8220be9734508606eef574b87e,2023-01,Norfolk Constabulary,Norfolk Constabulary,1.411985,52.705382,On or near Beech Road,E01026580,Broadland 008E,Unable to prosecute suspect
3580542d7dfdec3a513a63e9ee03e2756331f6420ecca165848db18cebfe0bfb,2023-01,Norfolk Constabulary,Norfolk Constabulary,1.729273,52.610347,On or near ,E01026597,Great Yarmouth 005C,Suspect charged
1a4fdfa9d324dbb81cbad1cce7ce6efd63793663d11ed8a02bb8030dea52d26f,2023-01,Norfolk Constabulary,Norfolk Constabulary,1.378095,52.820249,On or near Skeyton New Road,E01026761,North Norfolk 010I,Action to be taken by another organisation
44a15631a6ada47e669963c1013649d3e0eb294806da13511c3b4bbddf8b6c93,2023-01,Norfolk Constabulary,Norfolk Constabulary,1.728790,52.579996,On or near Duke Lane,E01026632,Great Yarmouth 009E,Investigation complete; no suspect identified
6f87b7193731d0b833d71d51499d36fd7726cccc896b6f16abc66b124b5c7926,2023-01,Norfolk Constabulary,Norfolk Constabulary,1.312117,52.652456,On or near A1151,E01026556,Broadland 012D,Investigation complete; no suspect identified
3c7908f773e06a56d2a98c47eac790a92dd5bf8c1ee6ef6beb6c5370d9148b9b,2023-01,Norfolk Constabulary,Norfolk Constabulary,1.259111,52.661338,On or near Kinsale Avenue,E01026532,Broadland 011C,Investigation complete; no suspect identified
a0d491c55ed1b2a54be48c3274fa3b5f2c2d39beb85697dbeb3185481637bbd9,2023-01,Norfolk Constabulary,Norfolk Constabulary,1.279522,52.608395,On or near Constable Road,E01026811,Norwich 012B,Unable to prosecute suspect
5bb237ec9cdc58cf937e94a892baf8713793119cb51ac5621ec00d7fd427b431,2023-01,Norfolk Constabulary,Norfolk Constabulary,1.222130,52.639380,On or near Ambrose Close,E01033436,Norwich 005H,Unable to prosecute suspect
30ba18e34c4c22766182377e37ee86f3826e679ba940f1a5d5e8428318bc2472,2023-01,Norfolk Constabulary,Norfolk Constabulary,1.298450,52.630425,On or near Queen Street,E01033438,Norwich 014A,Suspect charged
713f8501d16f292b3d10a158598a9326b981fbb5d35c6f17bc3efb79d14c0ce0,2023-01,Norfolk Constabulary,Norfolk Constabulary,1.296451,52.638638,On or near Wall Lane,E01026826,Norwich 007E,Investigation complete; no suspect identified
87d6b4b95a3223a8dc17e6108cb247c079ae1269894c73b7ccacb24cb9c686a5,2023-01,Norfolk Constabulary,Norfolk Constabulary,1.475787,52.799123,On or near The Furze,E01026786,North Norfolk 013D,Unable to prosecute suspect
69b4ef4989985adf77ef3838a3c5bbd6661a915c63bfd6b2d22bc5705b22c8c1,2023-01,Norfolk Constabulary,Norfolk Constabulary,1.092146,52.903779,On or near ,E01026743,North Norfolk 004C,Unable to prosecute suspect
6c8542f5f62357ec2fa6246834bb7c10a8bfd21a94c1c608f54a4f21512d89d4,2023-01,Norfolk Constabulary,Norfolk Constabulary,0.211895,52.597099,On or near New Bridge Road,E01026715,King's Lynn and West Norfolk 016D,Suspect charged
7fb9255efa3c0da36834e5151ffd29ef5e6a8ceb6f8278fb4874c1366c4d67e8,2023-01,Norfolk Constabulary,Norfolk Constabulary,1.732694,52.604536,On or near Nelson Road Central,E01026624,Great Yarmouth 006C,Unable to prosecute suspect
afe22e2e4d2f609862ff0521b240da4d4025efbb6b13972b024f06e226bba703,2023-01,Norfolk Constabulary,Norfolk Constabulary,1.301004,52.628420,On or near Maidstone Road,E01033440,Norwich 014C,Unable to prosecute suspect
3bfcc2873c69261df0d95678c37b0cce95c94776f33fda65cb02543896b76ca4,2023-01,Norfolk Constabulary,Norfolk Constabulary,1.160521,52.651401,On or near Garnett Drive,E01026895,South Norfolk 002D,Unable to prosecute suspect
c39fb6d55e47748406a62dfd172ffc48a1511cafd2e56d1960210b1f8eeb429e,2023-01,Norfolk Constabulary,Norfolk Constabulary,1.733779,52.593331,On or near Harbord Crescent,E01026622,Great Yarmouth 006A,Unable to prosecute suspect
d7438f41b6f297067691915c54d13f62f7b941b9f7ab61e0ee45536099ff1ee9,2023-01,Norfolk Constabulary,Norfolk Constabulary,1.160521,52.651401,On or near Garnett Drive,E01026895,South Norfolk 002D,Unable to prosecute suspect
87f47e6d7a1b085911c670d30655fa0ed1618c601f04515a00ae9f128b7337b3,2023-01,Norfolk Constabulary,Norfolk Constabulary,1.304504,52.624600,On or near ,E01033441,Norwich 014D,Suspect charged
ee1c471634ddbd62811b5f6542f2d000c81f4340aa30e45c9b2b453725d09996,2023-01,Norfolk Constabulary,Norfolk Constabulary,1.729309,52.615977,On or near Mission Place,E01026595,Great Yarmouth 005A,Unable to prosecute suspect
fbe024ad6f7e1913fa70776603ab2fb1bcb93784b3b820402d35fe745673691f,2023-01,Norfolk Constabulary,Norfolk Constabulary,1.264571,52.656205,On or near Hercules Road,E01026531,Broadland 011B,Further investigation is not in the public interest
208c66a248bbd1440e3f00a632bf70491a4cedc0c2e9ac7fc13e47154563bfc6,2023-01,Norfolk Constabulary,Norfolk Constabulary,1.319237,52.637318,On or near Knox Close,E01026806,Norwich 004D,Unable to prosecute suspect
66b8d7c0b3b92c70455f0884ae8ff9c25410df5b5fb73e737c7cd9353632b47a,2023-01,Norfolk Constabulary,Norfolk Constabulary,1.442163,52.771540,On or near Chapel Road,E01026740,North Norfolk 012A,Unable to prosecute suspect
24434fa160cb06612f612a7e0b9a4c559b5828d29a709d8c34bb075dac18fbea,2023-01,Norfolk Constabulary,Norfolk Constabulary,0.789169,52.631037,On or near School Road,E01026495,Breckland 008D,Unable to prosecute suspect
1893b955807b0fb9fa542b5427104e2df735b10c31f0aebf1140e5603c0617f2,2023-01,Norfolk Constabulary,Norfolk Constabulary,1.139527,52.577774,On or near Farrier Close,E01026945,South Norfolk 007D,Unable to prosecute suspect
3fcf7a44382a9422c1f78f0a69acdbdea400087111a3a70ba2afe8139e49e0a1,2023-01,Norfolk Constabulary,Norfolk Constabulary,0.186234,52.670344,On or near Chapnall Close,E01026685,King's Lynn and West Norfolk 013B,Investigation complete; no suspect identified
14a3a8b58f510ab43bcd1f3d0219261ea5cca9f138b7cbefd22f9e316523ee58,2023-01,Norfolk Constabulary,Norfolk Constabulary,1.442163,52.771540,On or near Chapel Road,E01026740,North Norfolk 012A,Unable to prosecute suspect
f56ba8d3fda4c1d806e47861453d40d29a49ac9877bed39356bb5f3dcf3e5a51,2023-01,Norfolk Constabulary,Norfolk Constabulary,1.245206,52.640558,On or near Jex Road,E01026869,Norwich 006G,Unable to prosecute suspect
