Crime ID,Month,Reported by,Falls within,Longitude,Latitude,Location,LSOA code,LSOA name,Crime type,Last outcome category,Context
1de4b6da95a422ca8aecfc92c86998b546cb36eb1b14d4ab0d6d6d64c808fecf,2021-06,Lancashire Constabulary,Lancashire Constabulary,-3.231915,54.116288,On or near Nelson Street,E01019158,Barrow-in-Furness 008E,Violence and sexual offences,Status update unavailable,
,2021-06,Lancashire Constabulary,Lancashire Constabulary,-2.462750,53.763441,On or near Tintern Crescent,E01012607,Blackburn with Darwen 001A,Anti-social behaviour,,
,2021-06,Lancashire Constabulary,Lancashire Constabulary,-2.465436,53.768994,On or near Ravenscroft Close,E01012607,Blackburn with Darwen 001A,Anti-social behaviour,,
,2021-06,Lancashire Constabulary,Lancashire Constabulary,-2.462750,53.763441,On or near Tintern Crescent,E01012607,Blackburn with Darwen 001A,Anti-social behaviour,,
,2021-06,Lancashire Constabulary,Lancashire Constabulary,-2.462750,53.763441,On or near Tintern Crescent,E01012607,Blackburn with Darwen 001A,Anti-social behaviour,,
,2021-06,Lancashire Constabulary,Lancashire Constabulary,-2.465436,53.768994,On or near Ravenscroft Close,E01012607,Blackburn with Darwen 001A,Anti-social behaviour,,
145465691c66107b2d4be06d321e496950c2a302bb90d4a4f9bc2f51d280fcd9,2021-06,Lancashire Constabulary,Lancashire Constabulary,-2.465436,53.768994,On or near Ravenscroft Close,E01012607,Blackburn with Darwen 001A,Criminal damage and arson,Status update unavailable,
1f9c153ee6d25ad76730c8eb623668be2bc3c2871a0476386136698293f4329e,2021-06,Lancashire Constabulary,Lancashire Constabulary,-2.462012,53.768090,On or near Sunny Bower Close,E01012607,Blackburn with Darwen 001A,Other theft,Investigation complete; no suspect identified,
774fbb5aca0933c6217558fa83240dfd15851d8f43f650ca5c994ebe7ff2eb9d,2021-06,Lancashire Constabulary,Lancashire Constabulary,-2.462750,53.763441,On or near Tintern Crescent,E01012607,Blackburn with Darwen 001A,Violence and sexual offences,Unable to prosecute suspect,
6ee26c614368802b06d543060e0205a4e38a9be113e92044000a58e55e966e38,2021-06,Lancashire Constabulary,Lancashire Constabulary,-2.463090,53.768149,On or near Sunny Bower Road,E01012607,Blackburn with Darwen 001A,Violence and sexual offences,Unable to prosecute suspect,
2b46f10d1bde311ef81dad9fbdb1a38832fb08ad9ce02adf8494f703695b9682,2021-06,Lancashire Constabulary,Lancashire Constabulary,-2.462750,53.763441,On or near Tintern Crescent,E01012607,Blackburn with Darwen 001A,Violence and sexual offences,Unable to prosecute suspect,
,2021-06,Lancashire Constabulary,Lancashire Constabulary,-2.474591,53.766891,On or near Sapphire Street,E01012608,Blackburn with Darwen 001B,Anti-social behaviour,,
,2021-06,Lancashire Constabulary,Lancashire Constabulary,-2.474674,53.770234,On or near Peridot Close,E01012608,Blackburn with Darwen 001B,Anti-social behaviour,,
,2021-06,Lancashire Constabulary,Lancashire Constabulary,-2.467982,53.764697,On or near Clarendon Road East,E01012608,Blackburn with Darwen 001B,Anti-social behaviour,,
,2021-06,Lancashire Constabulary,Lancashire Constabulary,-2.466822,53.764090,On or near Lilac Road,E01012608,Blackburn with Darwen 001B,Anti-social behaviour,,
,2021-06,Lancashire Constabulary,Lancashire Constabulary,-2.466822,53.764090,On or near Lilac Road,E01012608,Blackburn with Darwen 001B,Anti-social behaviour,,
,2021-06,Lancashire Constabulary,Lancashire Constabulary,-2.474674,53.770234,On or near Peridot Close,E01012608,Blackburn with Darwen 001B,Anti-social behaviour,,
,2021-06,Lancashire Constabulary,Lancashire Constabulary,-2.473663,53.768018,On or near Douglas Place,E01012608,Blackburn with Darwen 001B,Anti-social behaviour,,
,2021-06,Lancashire Constabulary,Lancashire Constabulary,-2.474237,53.766514,On or near Agate Street,E01012608,Blackburn with Darwen 001B,Anti-social behaviour,,
,2021-06,Lancashire Constabulary,Lancashire Constabulary,-2.473663,53.768018,On or near Douglas Place,E01012608,Blackburn with Darwen 001B,Anti-social behaviour,,
2b2e9df2f4b812a9fc4a43ae7fc9ba2e17ce4c383f356a9898626c581643ef47,2021-06,Lancashire Constabulary,Lancashire Constabulary,-2.471857,53.769355,On or near Highbank,E01012608,Blackburn with Darwen 001B,Bicycle theft,Investigation complete; no suspect identified,
e3041d7f14fcf35103bc3065cd494588e664a06d6fab64c00d14201826042730,2021-06,Lancashire Constabulary,Lancashire Constabulary,-2.474674,53.770234,On or near Peridot Close,E01012608,Blackburn with Darwen 001B,Drugs,Status update unavailable,
3be6973a620ba42625fd739a49125ef9aa7ca48bb2db8c9fda26863444544e7f,2021-06,Lancashire Constabulary,Lancashire Constabulary,-2.474591,53.766891,On or near Sapphire Street,E01012608,Blackburn with Darwen 001B,Drugs,Status update unavailable,
30af99815c0be7661ea3633526fcc6632af4ff10485e8a4d99eb0dee85d62ccd,2021-06,Lancashire Constabulary,Lancashire Constabulary,-2.474591,53.766891,On or near Sapphire Street,E01012608,Blackburn with Darwen 001B,Other theft,Status update unavailable,
ed15dbba0ad175f9edf6b9657c12c35739bcdaebdd25c8006cfb7badb9727bea,2021-06,Lancashire Constabulary,Lancashire Constabulary,-2.471547,53.771433,On or near Brownhill Drive,E01012608,Blackburn with Darwen 001B,Public order,Investigation complete; no suspect identified,
b45ac84f7228351393dd3be76f19438fd29a5b0f31513c58369e9f96e4e383b2,2021-06,Lancashire Constabulary,Lancashire Constabulary,-2.467982,53.764697,On or near Clarendon Road East,E01012608,Blackburn with Darwen 001B,Public order,Unable to prosecute suspect,
5de319caee50645dbaea7f3503706bca3dc61aabb8f12d9d6b685054d8ca791b,2021-06,Lancashire Constabulary,Lancashire Constabulary,-2.476635,53.769282,On or near Cornelian Street,E01012608,Blackburn with Darwen 001B,Shoplifting,Investigation complete; no suspect identified,
e22e361b3d3ccf1d1f339368cb13a59a4127061d4b6fb10620be544cbdb18bfe,2021-06,Lancashire Constabulary,Lancashire Constabulary,-2.476635,53.769282,On or near Cornelian Street,E01012608,Blackburn with Darwen 001B,Shoplifting,Investigation complete; no suspect identified,
17c060cc2f40ed84f9596c76f7dad35205c79a99f89871213183e40b181a7723,2021-06,Lancashire Constabulary,Lancashire Constabulary,-2.476515,53.769337,On or near Pearl Street,E01012608,Blackburn with Darwen 001B,Vehicle crime,Investigation complete; no suspect identified,
341c9ee05a4d4347375691398ca4374b4b1a0e86941df9096664c6f4369b746d,2021-06,Lancashire Constabulary,Lancashire Constabulary,-2.467523,53.762937,On or near Laburnum Road,E01012608,Blackburn with Darwen 001B,Violence and sexual offences,Status update unavailable,
dc6fd9ff872a17f6f7617ddc8e336c2bb29c720862074fe14779cee6e0d14737,2021-06,Lancashire Constabulary,Lancashire Constabulary,-2.476635,53.769282,On or near Cornelian Street,E01012608,Blackburn with Darwen 001B,Violence and sexual offences,Investigation complete; no suspect identified,
0b79bc6149b775b3109b24dfc7f6d70926fca6e8b77e11e3dc8834e82d2e85e3,2021-06,Lancashire Constabulary,Lancashire Constabulary,-2.473663,53.768018,On or near Douglas Place,E01012608,Blackburn with Darwen 001B,Violence and sexual offences,Unable to prosecute suspect,
32b2fc0c62a2b157357456e9d5b3093925a0031e339ba05d54ae46c8e514c51b,2021-06,Lancashire Constabulary,Lancashire Constabulary,-2.466822,53.764090,On or near Lilac Road,E01012608,Blackburn with Darwen 001B,Violence and sexual offences,Unable to prosecute suspect,
e73ebd689ecab2c22d40429a95c506dcdfff9453f4d1462446db84e092dafee4,2021-06,Lancashire Constabulary,Lancashire Constabulary,-2.474591,53.766891,On or near Sapphire Street,E01012608,Blackburn with Darwen 001B,Violence and sexual offences,Unable to prosecute suspect,
58a6c4750ec666b4d9d331d967d0ef16ff38ed97f644b864fde0b8996c3ebbe1,2021-06,Lancashire Constabulary,Lancashire Constabulary,-2.476635,53.769282,On or near Cornelian Street,E01012608,Blackburn with Darwen 001B,Violence and sexual offences,Unable to prosecute suspect,
3ab107d03d3e03a54dbe23a90ef843fe7892f98b54435dae21d546e17bc1d927,2021-06,Lancashire Constabulary,Lancashire Constabulary,-2.474591,53.766891,On or near Sapphire Street,E01012608,Blackburn with Darwen 001B,Violence and sexual offences,Status update unavailable,
791d72ad0944ea834e708180d36cfdd02155c0f9de4a9b6f73e5ba2dafdfb644,2021-06,Lancashire Constabulary,Lancashire Constabulary,-2.474098,53.770335,On or near Amber Avenue,E01012608,Blackburn with Darwen 001B,Violence and sexual offences,Unable to prosecute suspect,
d9a1be3154cec5329f207e8fd0c76721484fb3c314343d677314b9cfd415c8fe,2021-06,Lancashire Constabulary,Lancashire Constabulary,-2.466822,53.764090,On or near Lilac Road,E01012608,Blackburn with Darwen 001B,Violence and sexual offences,Unable to prosecute suspect,
5bbb43dbc90e745f5921743be7981cd5b34d8ab19bfe662cb1776c96865101a6,2021-06,Lancashire Constabulary,Lancashire Constabulary,-2.466822,53.764090,On or near Lilac Road,E01012608,Blackburn with Darwen 001B,Violence and sexual offences,Further investigation is not in the public interest,
498f59e7766b6f124cc7022868b36c8ab4596a08d17c7d315cc7d9fb01df4aa9,2021-06,Lancashire Constabulary,Lancashire Constabulary,-2.467523,53.762937,On or near Laburnum Road,E01012608,Blackburn with Darwen 001B,Violence and sexual offences,Awaiting court outcome,
6f81733d424a7797fc13db15a0880d06af723f0a6fa4a35e09de9ee2899d9a7f,2021-06,Lancashire Constabulary,Lancashire Constabulary,-2.466822,53.764090,On or near Lilac Road,E01012608,Blackburn with Darwen 001B,Violence and sexual offences,Unable to prosecute suspect,
d65cf2d85fe3c53a51847a37e09087271d6691c72cf86c5785f583d08f0dbb3b,2021-06,Lancashire Constabulary,Lancashire Constabulary,-2.476246,53.768421,On or near Jasper Street,E01012608,Blackburn with Darwen 001B,Violence and sexual offences,Unable to prosecute suspect,
008bec57752c749b174e0fd75430470435077076e0ab4f0ab373c6d885cd3c7c,2021-06,Lancashire Constabulary,Lancashire Constabulary,-2.467982,53.764697,On or near Clarendon Road East,E01012608,Blackburn with Darwen 001B,Violence and sexual offences,Unable to prosecute suspect,
,2021-06,Lancashire Constabulary,Lancashire Constabulary,-2.479967,53.774105,On or near Whalley New Road,E01012633,Blackburn with Darwen 001C,Anti-social behaviour,,
,2021-06,Lancashire Constabulary,Lancashire Constabulary,-2.476979,53.770171,On or near Emerald Street,E01012633,Blackburn with Darwen 001C,Anti-social behaviour,,
,2021-06,Lancashire Constabulary,Lancashire Constabulary,-2.475456,53.773673,On or near Brownhill Drive,E01012633,Blackburn with Darwen 001C,Anti-social behaviour,,
,2021-06,Lancashire Constabulary,Lancashire Constabulary,-2.475745,53.773690,On or near Brownhill Drive,E01012633,Blackburn with Darwen 001C,Anti-social behaviour,,
,2021-06,Lancashire Constabulary,Lancashire Constabulary,-2.478649,53.771584,On or near Topaz Street,E01012633,Blackburn with Darwen 001C,Anti-social behaviour,,
,2021-06,Lancashire Constabulary,Lancashire Constabulary,-2.478649,53.771584,On or near Topaz Street,E01012633,Blackburn with Darwen 001C,Anti-social behaviour,,
773a56cfd987c5848b79cbb2183cfffa88e3b6cc2478c36cf72dc20267b3bc7c,2021-06,Lancashire Constabulary,Lancashire Constabulary,-2.478649,53.771584,On or near Topaz Street,E01012633,Blackburn with Darwen 001C,Criminal damage and arson,Status update unavailable,
0d334f379aebf5d0721df3acf9257a900c26c02bcb16545a73c2a2b127de8cfa,2021-06,Lancashire Constabulary,Lancashire Constabulary,-2.478649,53.771584,On or near Topaz Street,E01012633,Blackburn with Darwen 001C,Criminal damage and arson,Investigation complete; no suspect identified,
43e5c977eb29dcf75eeca0f77f5fef4c375c05a91b6f39ad2231d83ddfb3c89f,2021-06,Lancashire Constabulary,Lancashire Constabulary,-2.478486,53.770623,On or near Ruby Street,E01012633,Blackburn with Darwen 001C,Other theft,Investigation complete; no suspect identified,
e0b2ca252b7fb1c2631f4a59380169c2c6b10a3b77e1cb02ca12b84ba074fcca,2021-06,Lancashire Constabulary,Lancashire Constabulary,-2.484413,53.772801,On or near Pleckgate Road,E01012633,Blackburn with Darwen 001C,Violence and sexual offences,Further investigation is not in the public interest,
a02d7c5c86c42e422023928ca1ec9246d613241309bc54e336f02c9ae55a4f55,2021-06,Lancashire Constabulary,Lancashire Constabulary,-2.478649,53.771584,On or near Topaz Street,E01012633,Blackburn with Darwen 001C,Violence and sexual offences,Unable to prosecute suspect,
,2021-06,Lancashire Constabulary,Lancashire Constabulary,-2.479576,53.767680,On or near Pemberton Street,E01012634,Blackburn with Darwen 001D,Anti-social behaviour,,
,2021-06,Lancashire Constabulary,Lancashire Constabulary,-2.479707,53.765944,On or near Thornwood Close,E01012634,Blackburn with Darwen 001D,Anti-social behaviour,,
,2021-06,Lancashire Constabulary,Lancashire Constabulary,-2.479707,53.765944,On or near Thornwood Close,E01012634,Blackburn with Darwen 001D,Anti-social behaviour,,
,2021-06,Lancashire Constabulary,Lancashire Constabulary,-2.480381,53.767829,On or near Outram Lane,E01012634,Blackburn with Darwen 001D,Anti-social behaviour,,
aacdb0b7e00eddc2ef964f65f915040a1fb49d110ac8002e91b71218c6158404,2021-06,Lancashire Constabulary,Lancashire Constabulary,-2.479707,53.765944,On or near Thornwood Close,E01012634,Blackburn with Darwen 001D,Public order,Investigation complete; no suspect identified,
f7c3b9a5e5f26d3595c87392729816bd552cd5ab35a916d183281d5a0e1d0b80,2021-06,Lancashire Constabulary,Lancashire Constabulary,-2.479707,53.765944,On or near Thornwood Close,E01012634,Blackburn with Darwen 001D,Violence and sexual offences,Unable to prosecute suspect,
,2021-06,Lancashire Constabulary,Lancashire Constabulary,-2.488616,53.763599,On or near Heron Close,E01012635,Blackburn with Darwen 001E,Anti-social behaviour,,
,2021-06,Lancashire Constabulary,Lancashire Constabulary,-2.487513,53.760107,On or near Shear Brow,E01012635,Blackburn with Darwen 001E,Anti-social behaviour,,
,2021-06,Lancashire Constabulary,Lancashire Constabulary,-2.488616,53.763599,On or near Heron Close,E01012635,Blackburn with Darwen 001E,Anti-social behaviour,,
40a8efadd0c40e549ac187d2ddf212d64412d59e9078a8f4fb4d4d10f429a573,2021-06,Lancashire Constabulary,Lancashire Constabulary,-2.487060,53.762886,On or near Rhodes Avenue,E01012635,Blackburn with Darwen 001E,Burglary,Unable to prosecute suspect,
e92b30e6cc4eea5ecb2bb7a0312ca45baa48b0d79253422a02d0a16ca4ce03e5,2021-06,Lancashire Constabulary,Lancashire Constabulary,-2.482630,53.764144,On or near Pleck Farm Avenue,E01012635,Blackburn with Darwen 001E,Public order,Unable to prosecute suspect,
c1c4ad7fdbeba7e5810860897c97597213fd8d487089eac243e9901f3fddec3b,2021-06,Lancashire Constabulary,Lancashire Constabulary,-2.486987,53.764459,On or near Swallowfields,E01012635,Blackburn with Darwen 001E,Violence and sexual offences,Investigation complete; no suspect identified,
d04e468ba57ca0c3b839c682a1595fd7a9f5de028ff8d67402ef02912a6f1b01,2021-06,Lancashire Constabulary,Lancashire Constabulary,-2.487060,53.762886,On or near Rhodes Avenue,E01012635,Blackburn with Darwen 001E,Violence and sexual offences,Unable to prosecute suspect,
b29a190b0a329d6ffc0e4dddc4dc1f42367bae318bc83dd0761a2f3a9494bb71,2021-06,Lancashire Constabulary,Lancashire Constabulary,-2.482630,53.764144,On or near Pleck Farm Avenue,E01012635,Blackburn with Darwen 001E,Violence and sexual offences,Unable to prosecute suspect,
,2021-06,Lancashire Constabulary,Lancashire Constabulary,-2.476329,53.774380,On or near St Gabriel'S Avenue,E01012636,Blackburn with Darwen 001F,Anti-social behaviour,,
,2021-06,Lancashire Constabulary,Lancashire Constabulary,-2.474678,53.777343,On or near Cambrian Close,E01012636,Blackburn with Darwen 001F,Anti-social behaviour,,
,2021-06,Lancashire Constabulary,Lancashire Constabulary,-2.477768,53.779506,On or near Ramsgreave Road,E01012636,Blackburn with Darwen 001F,Anti-social behaviour,,
6bae209db24385e4459e0f8e585d2316ee5ce6d5c6b97a20fa5b2a77d4c6c3df,2021-06,Lancashire Constabulary,Lancashire Constabulary,-2.474678,53.777343,On or near Cambrian Close,E01012636,Blackburn with Darwen 001F,Other theft,Investigation complete; no suspect identified,
205a10b318d4f40afe44828de762e88ddae92e1dafad368cd69d2415f11f1151,2021-06,Lancashire Constabulary,Lancashire Constabulary,-2.477768,53.779506,On or near Ramsgreave Road,E01012636,Blackburn with Darwen 001F,Public order,Investigation complete; no suspect identified,
f0e242d694d9645473b1e1469d7ab965632fc624fb2ee0f816d018e365368219,2021-06,Lancashire Constabulary,Lancashire Constabulary,-2.477768,53.779506,On or near Ramsgreave Road,E01012636,Blackburn with Darwen 001F,Public order,Unable to prosecute suspect,
c7790fce0873623bee4734470e5a4f6f80491c67c5edd8bfed3f7ddbafa4d5f3,2021-06,Lancashire Constabulary,Lancashire Constabulary,-2.475431,53.779471,On or near Walden Road,E01012636,Blackburn with Darwen 001F,Vehicle crime,Investigation complete; no suspect identified,
7d93d37a0f3b5bdae82812495909b52382f61743cfa38bc85164ff6bfd87b235,2021-06,Lancashire Constabulary,Lancashire Constabulary,-2.477065,53.780426,On or near Knowsley Road,E01012636,Blackburn with Darwen 001F,Violence and sexual offences,Unable to prosecute suspect,
fe8b9cbed52120d958655ae867e8949bb04a9a1f3262a2991c118926a28b9f69,2021-06,Lancashire Constabulary,Lancashire Constabulary,-2.474938,53.774781,On or near Bank Hey Lane North,E01012636,Blackburn with Darwen 001F,Violence and sexual offences,Investigation complete; no suspect identified,
d82bc66642ae88a48841290515427770fa5a267a131d25a17b0ca0f2b5b24877,2021-06,Lancashire Constabulary,Lancashire Constabulary,-2.474938,53.774781,On or near Bank Hey Lane North,E01012636,Blackburn with Darwen 001F,Violence and sexual offences,Unable to prosecute suspect,
,2021-06,Lancashire Constabulary,Lancashire Constabulary,-2.509001,53.762129,On or near Rowen Park,E01012582,Blackburn with Darwen 002B,Anti-social behaviour,,
,2021-06,Lancashire Constabulary,Lancashire Constabulary,-2.509620,53.756914,On or near Beardwood Brow,E01012582,Blackburn with Darwen 002B,Anti-social behaviour,,
2accf669a8556ff59570a3797aebba416cac8689e7070f2e89d67b7a4c835dfe,2021-06,Lancashire Constabulary,Lancashire Constabulary,-2.510652,53.763183,On or near Ontario Close,E01012582,Blackburn with Darwen 002B,Public order,Investigation complete; no suspect identified,
808d1b4f5fb5d1c00121ae1509b6e660f7d8d347b56b8eef15e6727065fa64a5,2021-06,Lancashire Constabulary,Lancashire Constabulary,-2.509620,53.756914,On or near Beardwood Brow,E01012582,Blackburn with Darwen 002B,Violence and sexual offences,Unable to prosecute suspect,
73a86253b95d5d73ba5a2cd28303364ae7880f98159615debc834230061073a6,2021-06,Lancashire Constabulary,Lancashire Constabulary,-2.509001,53.762129,On or near Rowen Park,E01012582,Blackburn with Darwen 002B,Violence and sexual offences,Unable to prosecute suspect,
,2021-06,Lancashire Constabulary,Lancashire Constabulary,-2.493420,53.768405,On or near Ramsgreave Drive,E01012583,Blackburn with Darwen 002C,Anti-social behaviour,,
,2021-06,Lancashire Constabulary,Lancashire Constabulary,-2.489954,53.762604,On or near Kestrel Close,E01012583,Blackburn with Darwen 002C,Anti-social behaviour,,
,2021-06,Lancashire Constabulary,Lancashire Constabulary,-2.488352,53.761802,On or near Lammack Road,E01012583,Blackburn with Darwen 002C,Anti-social behaviour,,
01be71d24989a1fa2f3e7de67cbe4ab96122781def4aec73fec9562e7a5d9617,2021-06,Lancashire Constabulary,Lancashire Constabulary,-2.489954,53.762604,On or near Kestrel Close,E01012583,Blackburn with Darwen 002C,Vehicle crime,Investigation complete; no suspect identified,
e48fc544fc0b97d1d6b03832471b0f6407313541f00959472c9a7524628e8192,2021-06,Lancashire Constabulary,Lancashire Constabulary,-2.503951,53.766043,On or near Whinney Lane,E01012583,Blackburn with Darwen 002C,Violence and sexual offences,Unable to prosecute suspect,
fac7bb3146043fa426ac1f3cf6bc92e8ad6b71bdfef7fe5e27175fffad60afab,2021-06,Lancashire Constabulary,Lancashire Constabulary,-2.493420,53.768405,On or near Ramsgreave Drive,E01012583,Blackburn with Darwen 002C,Violence and sexual offences,Unable to prosecute suspect,
23e3581b3f7c9ddfbeba8b4a85a88b228ec36c4355cf38dbe40bf9758c81ab06,2021-06,Lancashire Constabulary,Lancashire Constabulary,-2.491197,53.762518,On or near Petrel Close,E01012583,Blackburn with Darwen 002C,Violence and sexual offences,Unable to prosecute suspect,
3a627662134f3d0553a6fff9546ff28b84262f42c28a9026029f9ffae4c67f19,2021-06,Lancashire Constabulary,Lancashire Constabulary,-2.493420,53.768405,On or near Ramsgreave Drive,E01012583,Blackburn with Darwen 002C,Violence and sexual offences,Unable to prosecute suspect,
1cb81110c0f27d96f3289760925536cc1d053b8677be617a05a70cd4ad1597c4,2021-06,Lancashire Constabulary,Lancashire Constabulary,-2.493420,53.768405,On or near Ramsgreave Drive,E01012583,Blackburn with Darwen 002C,Violence and sexual offences,Unable to prosecute suspect,
4df63a258d5d1ccb0691f385cce5535f1e75101d54b8cf591ba8350ef46899c5,2021-06,Lancashire Constabulary,Lancashire Constabulary,-2.499371,53.763590,On or near Toronto Road,E01012583,Blackburn with Darwen 002C,Violence and sexual offences,Unable to prosecute suspect,
b0600c4793061adf5d9593304dbe3ab117eb0c20ed4b3bad0c6029f27cbda706,2021-06,Lancashire Constabulary,Lancashire Constabulary,-2.493420,53.768405,On or near Ramsgreave Drive,E01012583,Blackburn with Darwen 002C,Violence and sexual offences,Unable to prosecute suspect,
,2021-06,Lancashire Constabulary,Lancashire Constabulary,-2.502114,53.755804,On or near Albany Road,E01012587,Blackburn with Darwen 002D,Anti-social behaviour,,
,2021-06,Lancashire Constabulary,Lancashire Constabulary,-2.495871,53.758814,On or near Red Rake,E01012587,Blackburn with Darwen 002D,Anti-social behaviour,,
,2021-06,Lancashire Constabulary,Lancashire Constabulary,-2.502114,53.755804,On or near Albany Road,E01012587,Blackburn with Darwen 002D,Anti-social behaviour,,
,2021-06,Lancashire Constabulary,Lancashire Constabulary,-2.502149,53.753611,On or near Gibraltar Street,E01012587,Blackburn with Darwen 002D,Anti-social behaviour,,
,2021-06,Lancashire Constabulary,Lancashire Constabulary,-2.495871,53.758814,On or near Red Rake,E01012587,Blackburn with Darwen 002D,Anti-social behaviour,,
f1fd44af7faa4e1eec6b818bd158b4e9ec45b489854b03e23e8a4b0a855dbb4a,2021-06,Lancashire Constabulary,Lancashire Constabulary,-2.495871,53.758814,On or near Red Rake,E01012587,Blackburn with Darwen 002D,Public order,Investigation complete; no suspect identified,
67f5e33654f022125f57af9ee1cc752bd29c4cbbf3ec7943cc91e754d1dd57d4,2021-06,Lancashire Constabulary,Lancashire Constabulary,-2.500342,53.755964,On or near Braeside,E01012587,Blackburn with Darwen 002D,Vehicle crime,Investigation complete; no suspect identified,
8e3c2698ff347b164f2da99d69180816b623a2397e43ab230fbc23c17d9df274,2021-06,Lancashire Constabulary,Lancashire Constabulary,-2.500274,53.755362,On or near Alexandra Road,E01012587,Blackburn with Darwen 002D,Vehicle crime,Investigation complete; no suspect identified,
6d4d98604ea043bfbb1038b1c4370c95dc69034f3c0c3438ce4db4f278311bda,2021-06,Lancashire Constabulary,Lancashire Constabulary,-2.502823,53.754138,On or near Dukes Court,E01012587,Blackburn with Darwen 002D,Violence and sexual offences,Unable to prosecute suspect,
0c6f43faacda3772403129114e2326b48ef2d6d58258504ae285c35e4c134b09,2021-06,Lancashire Constabulary,Lancashire Constabulary,-2.494599,53.752519,On or near The Mount,E01012587,Blackburn with Darwen 002D,Violence and sexual offences,Unable to prosecute suspect,
260594520be9cb33ab3fdd5ecb475911fe1d0306c4047e9fd4431a9509e0d1d2,2021-06,Lancashire Constabulary,Lancashire Constabulary,-2.502823,53.754138,On or near Dukes Court,E01012587,Blackburn with Darwen 002D,Violence and sexual offences,Unable to prosecute suspect,
2b2dae392732053f91abedd854ee92ed4171043678cb0d3b41c676ff7df124dd,2021-06,Lancashire Constabulary,Lancashire Constabulary,-2.499416,53.754638,On or near Park Crescent,E01012587,Blackburn with Darwen 002D,Violence and sexual offences,Unable to prosecute suspect,
71848fd6efc5bbc6334f94244b104aff0cf2b3d26f2da43bb7722a4315bbf930,2021-06,Lancashire Constabulary,Lancashire Constabulary,-2.502823,53.754138,On or near Dukes Court,E01012587,Blackburn with Darwen 002D,Violence and sexual offences,Unable to prosecute suspect,
,2021-06,Lancashire Constabulary,Lancashire Constabulary,-2.505329,53.751917,On or near Azalea Road,E01012588,Blackburn with Darwen 002E,Anti-social behaviour,,
,2021-06,Lancashire Constabulary,Lancashire Constabulary,-2.503748,53.751627,On or near Woodfold Place,E01012588,Blackburn with Darwen 002E,Anti-social behaviour,,
,2021-06,Lancashire Constabulary,Lancashire Constabulary,-2.505089,53.750902,On or near Petrol Station,E01012588,Blackburn with Darwen 002E,Anti-social behaviour,,
,2021-06,Lancashire Constabulary,Lancashire Constabulary,-2.506511,53.753116,On or near Brighton Terrace,E01012588,Blackburn with Darwen 002E,Anti-social behaviour,,
,2021-06,Lancashire Constabulary,Lancashire Constabulary,-2.505089,53.750902,On or near Petrol Station,E01012588,Blackburn with Darwen 002E,Anti-social behaviour,,
,2021-06,Lancashire Constabulary,Lancashire Constabulary,-2.505089,53.750902,On or near Petrol Station,E01012588,Blackburn with Darwen 002E,Anti-social behaviour,,
,2021-06,Lancashire Constabulary,Lancashire Constabulary,-2.505089,53.750902,On or near Petrol Station,E01012588,Blackburn with Darwen 002E,Anti-social behaviour,,
,2021-06,Lancashire Constabulary,Lancashire Constabulary,-2.505089,53.750902,On or near Petrol Station,E01012588,Blackburn with Darwen 002E,Anti-social behaviour,,
,2021-06,Lancashire Constabulary,Lancashire Constabulary,-2.504004,53.754025,On or near Higher Bank Street,E01012588,Blackburn with Darwen 002E,Anti-social behaviour,,
5bc2b85291d1280329b20c27e6c2caf1ed8482bfe23eb037a4575f48850740eb,2021-06,Lancashire Constabulary,Lancashire Constabulary,-2.504004,53.754025,On or near Higher Bank Street,E01012588,Blackburn with Darwen 002E,Public order,Court result unavailable,
0878c43aa2271a8c9d0096f73607efd0e68dadc3c43966b2cbd6e1c2cdf13388,2021-06,Lancashire Constabulary,Lancashire Constabulary,-2.502787,53.752440,On or near Leamington Road,E01012588,Blackburn with Darwen 002E,Violence and sexual offences,Unable to prosecute suspect,
1d39a699a22d331be5d6ff89c234f15634ae03825286ae2cecc1fa6015329ba9,2021-06,Lancashire Constabulary,Lancashire Constabulary,-2.502787,53.752440,On or near Leamington Road,E01012588,Blackburn with Darwen 002E,Violence and sexual offences,Unable to prosecute suspect,
936b35044fd9f01ac65bc965ed7134b2041031d2f6540530d77eeb3dc89778f5,2021-06,Lancashire Constabulary,Lancashire Constabulary,-2.508462,53.752730,On or near Dinckley Square,E01012588,Blackburn with Darwen 002E,Violence and sexual offences,Unable to prosecute suspect,
a5662c9e0236c90b57d6250a497dd9364f451a632e00bca3501045de4e925c69,2021-06,Lancashire Constabulary,Lancashire Constabulary,-2.504004,53.754025,On or near Higher Bank Street,E01012588,Blackburn with Darwen 002E,Violence and sexual offences,Court result unavailable,
1f192cfbb5d84f0391073bb4ddc572028b313891f3f558d73c49c9300882d777,2021-06,Lancashire Constabulary,Lancashire Constabulary,-2.503193,53.753391,On or near Lynwood Road,E01012588,Blackburn with Darwen 002E,Violence and sexual offences,Status update unavailable,
01c0a1b90c3dc37c859ee6a7b298009b6e6ff7439297af634fa1a0aee6b3d3be,2021-06,Lancashire Constabulary,Lancashire Constabulary,-2.504382,53.752631,On or near New Bank Road,E01012588,Blackburn with Darwen 002E,Violence and sexual offences,Unable to prosecute suspect,
,2021-06,Lancashire Constabulary,Lancashire Constabulary,-2.467362,53.755270,On or near Westwood Court,E01012574,Blackburn with Darwen 003A,Anti-social behaviour,,
,2021-06,Lancashire Constabulary,Lancashire Constabulary,-2.467380,53.754174,On or near Moss Street,E01012574,Blackburn with Darwen 003A,Anti-social behaviour,,
,2021-06,Lancashire Constabulary,Lancashire Constabulary,-2.468782,53.754824,On or near Ferndale,E01012574,Blackburn with Darwen 003A,Anti-social behaviour,,
,2021-06,Lancashire Constabulary,Lancashire Constabulary,-2.471731,53.754058,On or near Parking Area,E01012574,Blackburn with Darwen 003A,Anti-social behaviour,,
943433d7385d382a968e220891d671d76cc38cd3c50b02f683a1c7262666e823,2021-06,Lancashire Constabulary,Lancashire Constabulary,-2.467832,53.755260,On or near Florence Street,E01012574,Blackburn with Darwen 003A,Vehicle crime,Investigation complete; no suspect identified,
507756e1b51312665c67d49c3831a7dc2b6e622e6713790663769a171344dab9,2021-06,Lancashire Constabulary,Lancashire Constabulary,-2.471822,53.752664,On or near Buttermere Close,E01012574,Blackburn with Darwen 003A,Violence and sexual offences,Unable to prosecute suspect,
abf11a9df28b4bd5c80bd2af1a5871dd6d63ab6d954f680efaee23b0ab81df87,2021-06,Lancashire Constabulary,Lancashire Constabulary,-2.472768,53.753254,On or near Ullswater Close,E01012574,Blackburn with Darwen 003A,Violence and sexual offences,Unable to prosecute suspect,
,2021-06,Lancashire Constabulary,Lancashire Constabulary,-2.474550,53.763313,On or near Sycamore Road,E01012577,Blackburn with Darwen 003B,Anti-social behaviour,,
,2021-06,Lancashire Constabulary,Lancashire Constabulary,-2.471863,53.761733,On or near Laburnum Road,E01012577,Blackburn with Darwen 003B,Anti-social behaviour,,
,2021-06,Lancashire Constabulary,Lancashire Constabulary,-2.473761,53.761977,On or near Boxwood Street,E01012577,Blackburn with Darwen 003B,Anti-social behaviour,,
,2021-06,Lancashire Constabulary,Lancashire Constabulary,-2.475142,53.760669,On or near Holly Street,E01012577,Blackburn with Darwen 003B,Anti-social behaviour,,
,2021-06,Lancashire Constabulary,Lancashire Constabulary,-2.471863,53.761733,On or near Laburnum Road,E01012577,Blackburn with Darwen 003B,Anti-social behaviour,,
,2021-06,Lancashire Constabulary,Lancashire Constabulary,-2.471863,53.761733,On or near Laburnum Road,E01012577,Blackburn with Darwen 003B,Anti-social behaviour,,
,2021-06,Lancashire Constabulary,Lancashire Constabulary,-2.475038,53.759492,On or near Shopping Area,E01012577,Blackburn with Darwen 003B,Anti-social behaviour,,
1c07eda2faad3ff24c725521684e073e6919c78318ab19a5460e3e9b27e1195b,2021-06,Lancashire Constabulary,Lancashire Constabulary,-2.474351,53.760429,On or near Logwood Street,E01012577,Blackburn with Darwen 003B,Burglary,Status update unavailable,
b0213ab16e9a569938cf66b6dddcbdefc11f1472c608ce0ec8cb1249e0b2b92b,2021-06,Lancashire Constabulary,Lancashire Constabulary,-2.472246,53.760734,On or near Cedar Street,E01012577,Blackburn with Darwen 003B,Criminal damage and arson,Unable to prosecute suspect,
18cb0194cc5425f4369e243fee9468bc278f5f34982a217914c4d07b6f14b1fc,2021-06,Lancashire Constabulary,Lancashire Constabulary,-2.472246,53.760734,On or near Cedar Street,E01012577,Blackburn with Darwen 003B,Other theft,Unable to prosecute suspect,
930a902d97b24632c9afed295e2c4aea876e69e8015d440127407f80f0545e41,2021-06,Lancashire Constabulary,Lancashire Constabulary,-2.472246,53.760734,On or near Cedar Street,E01012577,Blackburn with Darwen 003B,Violence and sexual offences,Unable to prosecute suspect,
4202bbee0a451fa78df4bdcd112335073693e1e12aa4f32501e12d40c4208e1b,2021-06,Lancashire Constabulary,Lancashire Constabulary,-2.474750,53.759493,On or near Copse Close,E01012577,Blackburn with Darwen 003B,Violence and sexual offences,Unable to prosecute suspect,
61c5856f01a9c8399d49dd1ad3096be3a7d2bf0d1a4e49ed99353b75d71ad456,2021-06,Lancashire Constabulary,Lancashire Constabulary,-2.471863,53.761733,On or near Laburnum Road,E01012577,Blackburn with Darwen 003B,Violence and sexual offences,Unable to prosecute suspect,
75dff1a9f56f2d2a1a1162a3162c500425dc18db3490d20e7d8feaebed5133f7,2021-06,Lancashire Constabulary,Lancashire Constabulary,-2.472246,53.760734,On or near Cedar Street,E01012577,Blackburn with Darwen 003B,Violence and sexual offences,Status update unavailable,
a0fe47ad492ab9e703ed3838f5fd3a35c96d801638f13a67258cc817049a1cc8,2021-06,Lancashire Constabulary,Lancashire Constabulary,-2.470603,53.760345,On or near Willow Street,E01012577,Blackburn with Darwen 003B,Violence and sexual offences,Unable to prosecute suspect,
,2021-06,Lancashire Constabulary,Lancashire Constabulary,-2.475107,53.758889,On or near The Larches,E01012578,Blackburn with Darwen 003C,Anti-social behaviour,,
,2021-06,Lancashire Constabulary,Lancashire Constabulary,-2.475107,53.758889,On or near The Larches,E01012578,Blackburn with Darwen 003C,Anti-social behaviour,,
,2021-06,Lancashire Constabulary,Lancashire Constabulary,-2.469201,53.758418,On or near Juniper Street,E01012578,Blackburn with Darwen 003C,Anti-social behaviour,,
b6d608542cb200edeb942932a46225547c22b349accec95654535c8db1a36d0f,2021-06,Lancashire Constabulary,Lancashire Constabulary,-2.469994,53.758730,On or near Pine Street,E01012578,Blackburn with Darwen 003C,Other theft,Unable to prosecute suspect,
047caf9581b033a0fb55fbd4738e3946525ff1cfd38083ab1366a1fe195e9883,2021-06,Lancashire Constabulary,Lancashire Constabulary,-2.471103,53.757593,On or near Parking Area,E01012578,Blackburn with Darwen 003C,Public order,Unable to prosecute suspect,
3763db8f049a00a5571f709a442ae34e055c41bcb620e2cc502261e6524064b2,2021-06,Lancashire Constabulary,Lancashire Constabulary,-2.471103,53.757593,On or near Parking Area,E01012578,Blackburn with Darwen 003C,Violence and sexual offences,Unable to prosecute suspect,
c89c96bd5ffe1fc9914c9e83b4ce9c4eadd8c4d24d0c61bd5c61f4b7fdb7003b,2021-06,Lancashire Constabulary,Lancashire Constabulary,-2.472511,53.758711,On or near Spindle Close,E01012578,Blackburn with Darwen 003C,Violence and sexual offences,Unable to prosecute suspect,
,2021-06,Lancashire Constabulary,Lancashire Constabulary,-2.465954,53.761010,On or near Warrington Street,E01012605,Blackburn with Darwen 003D,Anti-social behaviour,,
,2021-06,Lancashire Constabulary,Lancashire Constabulary,-2.467873,53.760383,On or near Warmden Gardens,E01012605,Blackburn with Darwen 003D,Anti-social behaviour,,
,2021-06,Lancashire Constabulary,Lancashire Constabulary,-2.469952,53.761795,On or near Cherry Gardens,E01012605,Blackburn with Darwen 003D,Anti-social behaviour,,
,2021-06,Lancashire Constabulary,Lancashire Constabulary,-2.469565,53.761104,On or near Seven Trees Avenue,E01012605,Blackburn with Darwen 003D,Anti-social behaviour,,
,2021-06,Lancashire Constabulary,Lancashire Constabulary,-2.463941,53.760011,On or near Broadfold Avenue,E01012605,Blackburn with Darwen 003D,Anti-social behaviour,,
,2021-06,Lancashire Constabulary,Lancashire Constabulary,-2.465689,53.759034,On or near Supermarket,E01012605,Blackburn with Darwen 003D,Anti-social behaviour,,
,2021-06,Lancashire Constabulary,Lancashire Constabulary,-2.469952,53.761795,On or near Cherry Gardens,E01012605,Blackburn with Darwen 003D,Anti-social behaviour,,
,2021-06,Lancashire Constabulary,Lancashire Constabulary,-2.466333,53.760973,On or near Coniston Road,E01012605,Blackburn with Darwen 003D,Anti-social behaviour,,
,2021-06,Lancashire Constabulary,Lancashire Constabulary,-2.469565,53.761104,On or near Seven Trees Avenue,E01012605,Blackburn with Darwen 003D,Anti-social behaviour,,
,2021-06,Lancashire Constabulary,Lancashire Constabulary,-2.463941,53.760011,On or near Broadfold Avenue,E01012605,Blackburn with Darwen 003D,Anti-social behaviour,,
,2021-06,Lancashire Constabulary,Lancashire Constabulary,-2.466274,53.759751,On or near Wareham Street,E01012605,Blackburn with Darwen 003D,Anti-social behaviour,,
,2021-06,Lancashire Constabulary,Lancashire Constabulary,-2.468956,53.760882,On or near Willow Street,E01012605,Blackburn with Darwen 003D,Anti-social behaviour,,
,2021-06,Lancashire Constabulary,Lancashire Constabulary,-2.467873,53.760383,On or near Warmden Gardens,E01012605,Blackburn with Darwen 003D,Anti-social behaviour,,
,2021-06,Lancashire Constabulary,Lancashire Constabulary,-2.463941,53.760011,On or near Broadfold Avenue,E01012605,Blackburn with Darwen 003D,Anti-social behaviour,,
fec781ddfc67dba3139425758147e73d9278aba3afd50f1df89c0864ca8ad87b,2021-06,Lancashire Constabulary,Lancashire Constabulary,-2.465689,53.759034,On or near Supermarket,E01012605,Blackburn with Darwen 003D,Public order,Status update unavailable,
b04819b289b272decaf24cd001ab9cfba52fd13c86578898bcaf465481902063,2021-06,Lancashire Constabulary,Lancashire Constabulary,-2.463941,53.760011,On or near Broadfold Avenue,E01012605,Blackburn with Darwen 003D,Public order,Court result unavailable,
110a573142fb7812584056e14db34016f33a9fe3225c846e9532bba8096478af,2021-06,Lancashire Constabulary,Lancashire Constabulary,-2.468792,53.759750,On or near Elm Street,E01012605,Blackburn with Darwen 003D,Public order,Unable to prosecute suspect,
c8759ece7d2e0ed5144120f6002dd81ec8d4f7ee36dd08c65b71ee55fed1ec91,2021-06,Lancashire Constabulary,Lancashire Constabulary,-2.468792,53.759750,On or near Elm Street,E01012605,Blackburn with Darwen 003D,Violence and sexual offences,Unable to prosecute suspect,
a2aa3c18b0c9a7d9c08623a20263334332cc63ee17be53a3dbf3be9575f6f36a,2021-06,Lancashire Constabulary,Lancashire Constabulary,-2.465689,53.759034,On or near Supermarket,E01012605,Blackburn with Darwen 003D,Violence and sexual offences,Unable to prosecute suspect,
,2021-06,Lancashire Constabulary,Lancashire Constabulary,-2.462433,53.760889,On or near Greenhead Avenue,E01012606,Blackburn with Darwen 003E,Anti-social behaviour,,
,2021-06,Lancashire Constabulary,Lancashire Constabulary,-2.455009,53.757394,On or near Blakewater Road,E01012606,Blackburn with Darwen 003E,Anti-social behaviour,,
,2021-06,Lancashire Constabulary,Lancashire Constabulary,-2.462052,53.756513,On or near Glenfield Close,E01012606,Blackburn with Darwen 003E,Anti-social behaviour,,
9874f507d6081de161087921f5d10d1cf8bcdc04487b48fd8d53d37470964dfd,2021-06,Lancashire Constabulary,Lancashire Constabulary,-2.455009,53.757394,On or near Blakewater Road,E01012606,Blackburn with Darwen 003E,Drugs,Offender given a caution,
08b37ec56d23e7d22a9eae61bc86c5c5ea8036462cd499c120b988da7c4680cc,2021-06,Lancashire Constabulary,Lancashire Constabulary,-2.464338,53.757565,On or near Woodville Road,E01012606,Blackburn with Darwen 003E,Other theft,Further investigation is not in the public interest,
737c5938f8bf27ae898d66eb28710322df57ed633258aae814f0859b10a5da8c,2021-06,Lancashire Constabulary,Lancashire Constabulary,-2.464031,53.755796,On or near Moss Gate,E01012606,Blackburn with Darwen 003E,Other theft,Unable to prosecute suspect,
6070ae695da0b99beec58b0fcb1bccfbbc3c94b704a5c769c6e8f0720cddc7f4,2021-06,Lancashire Constabulary,Lancashire Constabulary,-2.455009,53.757394,On or near Blakewater Road,E01012606,Blackburn with Darwen 003E,Violence and sexual offences,Unable to prosecute suspect,
d4f48387924ac5b374fa0fd2b736e1cf310b5fbe451b8b1f0497cbbaa8105e55,2021-06,Lancashire Constabulary,Lancashire Constabulary,-2.455009,53.757394,On or near Blakewater Road,E01012606,Blackburn with Darwen 003E,Violence and sexual offences,Court result unavailable,
205c2afc239957a4529058c568899b38d32082d4b54c8770a87da6e020c58065,2021-06,Lancashire Constabulary,Lancashire Constabulary,-2.463731,53.760237,On or near Benson Street,E01012606,Blackburn with Darwen 003E,Violence and sexual offences,Unable to prosecute suspect,
a8dc4100c84cd2df19ded615ccd3080812dd151ed994b909971bd0878d8cafc6,2021-06,Lancashire Constabulary,Lancashire Constabulary,-2.462052,53.756513,On or near Glenfield Close,E01012606,Blackburn with Darwen 003E,Violence and sexual offences,Formal action is not in the public interest,
075994dc3634d9dcb9874bcfcd55a5ac623fae98af354013db0ffca410ecf062,2021-06,Lancashire Constabulary,Lancashire Constabulary,-2.455009,53.757394,On or near Blakewater Road,E01012606,Blackburn with Darwen 003E,Violence and sexual offences,Unable to prosecute suspect,
51e23e23d33fb24440a619f82e85b9d5029b644d1790911609e2615a912322f4,2021-06,Lancashire Constabulary,Lancashire Constabulary,-2.462052,53.756513,On or near Glenfield Close,E01012606,Blackburn with Darwen 003E,Violence and sexual offences,Unable to prosecute suspect,
,2021-06,Lancashire Constabulary,Lancashire Constabulary,-2.484923,53.759101,On or near St James'S Place,E01012579,Blackburn with Darwen 004A,Anti-social behaviour,,
,2021-06,Lancashire Constabulary,Lancashire Constabulary,-2.478432,53.759199,On or near Trevor Close,E01012579,Blackburn with Darwen 004A,Anti-social behaviour,,
,2021-06,Lancashire Constabulary,Lancashire Constabulary,-2.478432,53.759199,On or near Trevor Close,E01012579,Blackburn with Darwen 004A,Anti-social behaviour,,
,2021-06,Lancashire Constabulary,Lancashire Constabulary,-2.478962,53.760438,On or near St James Road,E01012579,Blackburn with Darwen 004A,Anti-social behaviour,,
,2021-06,Lancashire Constabulary,Lancashire Constabulary,-2.478432,53.759199,On or near Trevor Close,E01012579,Blackburn with Darwen 004A,Anti-social behaviour,,
,2021-06,Lancashire Constabulary,Lancashire Constabulary,-2.478962,53.760438,On or near St James Road,E01012579,Blackburn with Darwen 004A,Anti-social behaviour,,
,2021-06,Lancashire Constabulary,Lancashire Constabulary,-2.478962,53.760438,On or near St James Road,E01012579,Blackburn with Darwen 004A,Anti-social behaviour,,
,2021-06,Lancashire Constabulary,Lancashire Constabulary,-2.479660,53.759096,On or near Aberdare Close,E01012579,Blackburn with Darwen 004A,Anti-social behaviour,,
,2021-06,Lancashire Constabulary,Lancashire Constabulary,-2.478962,53.760438,On or near St James Road,E01012579,Blackburn with Darwen 004A,Anti-social behaviour,,
,2021-06,Lancashire Constabulary,Lancashire Constabulary,-2.479660,53.759096,On or near Aberdare Close,E01012579,Blackburn with Darwen 004A,Anti-social behaviour,,
,2021-06,Lancashire Constabulary,Lancashire Constabulary,-2.480764,53.756152,On or near Mandella Court,E01012579,Blackburn with Darwen 004A,Anti-social behaviour,,
,2021-06,Lancashire Constabulary,Lancashire Constabulary,-2.479660,53.759096,On or near Aberdare Close,E01012579,Blackburn with Darwen 004A,Anti-social behaviour,,
,2021-06,Lancashire Constabulary,Lancashire Constabulary,-2.484923,53.759101,On or near St James'S Place,E01012579,Blackburn with Darwen 004A,Anti-social behaviour,,
,2021-06,Lancashire Constabulary,Lancashire Constabulary,-2.478432,53.759199,On or near Trevor Close,E01012579,Blackburn with Darwen 004A,Anti-social behaviour,,
,2021-06,Lancashire Constabulary,Lancashire Constabulary,-2.478962,53.760438,On or near St James Road,E01012579,Blackburn with Darwen 004A,Anti-social behaviour,,
,2021-06,Lancashire Constabulary,Lancashire Constabulary,-2.478962,53.760438,On or near St James Road,E01012579,Blackburn with Darwen 004A,Anti-social behaviour,,
,2021-06,Lancashire Constabulary,Lancashire Constabulary,-2.478962,53.760438,On or near St James Road,E01012579,Blackburn with Darwen 004A,Anti-social behaviour,,
,2021-06,Lancashire Constabulary,Lancashire Constabulary,-2.478962,53.760438,On or near St James Road,E01012579,Blackburn with Darwen 004A,Anti-social behaviour,,
57b2105a32bb5f15af563aed28cc37202b023845e89eb0a8e5886a56e7ef46a4,2021-06,Lancashire Constabulary,Lancashire Constabulary,-2.480764,53.756152,On or near Mandella Court,E01012579,Blackburn with Darwen 004A,Public order,Status update unavailable,
b805d3f7410ac93ef7c5d612afab22eabc9f9cf8666ac49a58b751e3b7029dda,2021-06,Lancashire Constabulary,Lancashire Constabulary,-2.482804,53.758130,On or near Tenby Close,E01012579,Blackburn with Darwen 004A,Public order,Unable to prosecute suspect,
51e51fa57260acff2632cfb88ebb6d36034e4d61bfa7fa8d9dab5c10b8bec01e,2021-06,Lancashire Constabulary,Lancashire Constabulary,-2.484923,53.759101,On or near St James'S Place,E01012579,Blackburn with Darwen 004A,Public order,Unable to prosecute suspect,
dece167fa90d297129a8c5e9c15d23e9adf7c43c83925be01697df8e541bad41,2021-06,Lancashire Constabulary,Lancashire Constabulary,-2.479660,53.759096,On or near Aberdare Close,E01012579,Blackburn with Darwen 004A,Vehicle crime,Action to be taken by another organisation,
563fc5e3f655f53ef20764ff438ea4ac5704dec3516567737c859e11e5dff096,2021-06,Lancashire Constabulary,Lancashire Constabulary,-2.481227,53.759548,On or near Conway Avenue,E01012579,Blackburn with Darwen 004A,Vehicle crime,Investigation complete; no suspect identified,
28274025f8bf51a653eee10a0df01938d62ae3435d98e748eb932e6eb8709e0d,2021-06,Lancashire Constabulary,Lancashire Constabulary,-2.479660,53.759096,On or near Aberdare Close,E01012579,Blackburn with Darwen 004A,Violence and sexual offences,Unable to prosecute suspect,
37816acf5e6e07aa2b2fc7f34ffa4b7e9bd16cde288e3730e06a6521490c2f5c,2021-06,Lancashire Constabulary,Lancashire Constabulary,-2.479660,53.759096,On or near Aberdare Close,E01012579,Blackburn with Darwen 004A,Violence and sexual offences,Unable to prosecute suspect,
eda92ff139fcd296cfc4cb9706df080862a744b01c0683b49290f8a4e4dadae0,2021-06,Lancashire Constabulary,Lancashire Constabulary,-2.479660,53.759096,On or near Aberdare Close,E01012579,Blackburn with Darwen 004A,Violence and sexual offences,Unable to prosecute suspect,
,2021-06,Lancashire Constabulary,Lancashire Constabulary,-2.478558,53.755568,On or near Hodder Place,E01012580,Blackburn with Darwen 004B,Anti-social behaviour,,
,2021-06,Lancashire Constabulary,Lancashire Constabulary,-2.479734,53.754979,On or near Millham Street,E01012580,Blackburn with Darwen 004B,Anti-social behaviour,,
,2021-06,Lancashire Constabulary,Lancashire Constabulary,-2.479420,53.756679,On or near London Road,E01012580,Blackburn with Darwen 004B,Anti-social behaviour,,
,2021-06,Lancashire Constabulary,Lancashire Constabulary,-2.479420,53.756679,On or near London Road,E01012580,Blackburn with Darwen 004B,Anti-social behaviour,,
,2021-06,Lancashire Constabulary,Lancashire Constabulary,-2.479371,53.756400,On or near Ice Street,E01012580,Blackburn with Darwen 004B,Anti-social behaviour,,
,2021-06,Lancashire Constabulary,Lancashire Constabulary,-2.478558,53.755568,On or near Hodder Place,E01012580,Blackburn with Darwen 004B,Anti-social behaviour,,
,2021-06,Lancashire Constabulary,Lancashire Constabulary,-2.478988,53.757364,On or near Calder Banks,E01012580,Blackburn with Darwen 004B,Anti-social behaviour,,
ef0b080fa3a9fc05979707bf70ad65010d814df99a4c31d909bd964f329bea81,2021-06,Lancashire Constabulary,Lancashire Constabulary,-2.475779,53.757925,On or near Norwich Street,E01012580,Blackburn with Darwen 004B,Criminal damage and arson,Status update unavailable,
7839cab9e65ed712667e9a789296c19f63bc50969a71ea29aa06ea0dbf1fd4dd,2021-06,Lancashire Constabulary,Lancashire Constabulary,-2.478988,53.757364,On or near Calder Banks,E01012580,Blackburn with Darwen 004B,Criminal damage and arson,Local resolution,
d0c3eb81e6e86df53cc12a33fabdd915bee128df486a54c0fbbfde9b41c00c2f,2021-06,Lancashire Constabulary,Lancashire Constabulary,-2.475519,53.757791,On or near Bangor Street,E01012580,Blackburn with Darwen 004B,Public order,Unable to prosecute suspect,
9882cadcd1564cc6093119c419dfd7cad11c21b1372343554d4bebbdc0fa9247,2021-06,Lancashire Constabulary,Lancashire Constabulary,-2.476378,53.755900,On or near Brookhouse Gardens,E01012580,Blackburn with Darwen 004B,Violence and sexual offences,Unable to prosecute suspect,
a4129cb540001af037c5765519d07e2471ecac11189c2d46e0d83ebc9a43c35c,2021-06,Lancashire Constabulary,Lancashire Constabulary,-2.478988,53.757364,On or near Calder Banks,E01012580,Blackburn with Darwen 004B,Violence and sexual offences,Unable to prosecute suspect,
ea73256811778af58071b20f2cea029f7090a6d8bd2d0225aac8ac3f972344d9,2021-06,Lancashire Constabulary,Lancashire Constabulary,-2.478988,53.757364,On or near Calder Banks,E01012580,Blackburn with Darwen 004B,Violence and sexual offences,Unable to prosecute suspect,
477138a0ce1dcb912e83e6b09e20f0a224c5ed6eca3716665d4082c38b8a41b3,2021-06,Lancashire Constabulary,Lancashire Constabulary,-2.478558,53.755568,On or near Hodder Place,E01012580,Blackburn with Darwen 004B,Violence and sexual offences,Unable to prosecute suspect,
0459807e414e3f465a219b59874effd2d15c9e0451cefd0e9997539c216f3e3c,2021-06,Lancashire Constabulary,Lancashire Constabulary,-2.478558,53.755568,On or near Hodder Place,E01012580,Blackburn with Darwen 004B,Violence and sexual offences,Unable to prosecute suspect,
,2021-06,Lancashire Constabulary,Lancashire Constabulary,-2.486089,53.755034,On or near Sted Terrace,E01012642,Blackburn with Darwen 004C,Anti-social behaviour,,
,2021-06,Lancashire Constabulary,Lancashire Constabulary,-2.491364,53.754779,On or near Shear Bank Road,E01012642,Blackburn with Darwen 004C,Anti-social behaviour,,
,2021-06,Lancashire Constabulary,Lancashire Constabulary,-2.491364,53.754779,On or near Shear Bank Road,E01012642,Blackburn with Darwen 004C,Anti-social behaviour,,
,2021-06,Lancashire Constabulary,Lancashire Constabulary,-2.484911,53.755443,On or near Wimberley Place,E01012642,Blackburn with Darwen 004C,Anti-social behaviour,,
,2021-06,Lancashire Constabulary,Lancashire Constabulary,-2.491364,53.754779,On or near Shear Bank Road,E01012642,Blackburn with Darwen 004C,Anti-social behaviour,,
,2021-06,Lancashire Constabulary,Lancashire Constabulary,-2.491364,53.754779,On or near Shear Bank Road,E01012642,Blackburn with Darwen 004C,Anti-social behaviour,,
955a5c38601e7069a14df8a635eb6ff027cd1e1c237f02292fa5ec00237e79b0,2021-06,Lancashire Constabulary,Lancashire Constabulary,-2.492307,53.754937,On or near Lilford Road,E01012642,Blackburn with Darwen 004C,Public order,Status update unavailable,
d1b3053435d8a4c6d501489c7cc9715fb7491364f9e14c19d4ccd35bb78d19fa,2021-06,Lancashire Constabulary,Lancashire Constabulary,-2.485819,53.755296,On or near Wimberley Gardens,E01012642,Blackburn with Darwen 004C,Vehicle crime,Investigation complete; no suspect identified,
3d56b41d625f1a3d34d649e72a6c92e820d44ef29906ddda5b536425cc3e0315,2021-06,Lancashire Constabulary,Lancashire Constabulary,-2.491364,53.754779,On or near Shear Bank Road,E01012642,Blackburn with Darwen 004C,Violence and sexual offences,Status update unavailable,
6d931cbb73b9ba0771f1787df83e973f4ec41833cd4f3b639073a0ca80357274,2021-06,Lancashire Constabulary,Lancashire Constabulary,-2.486373,53.755941,On or near Carlton Gardens,E01012642,Blackburn with Darwen 004C,Violence and sexual offences,Unable to prosecute suspect,
06babdd14ed1e58fba033a3fcb7b20f41d9d75bf70032ed6162ad9925cf82f61,2021-06,Lancashire Constabulary,Lancashire Constabulary,-2.489562,53.754957,On or near Park Avenue,E01012642,Blackburn with Darwen 004C,Violence and sexual offences,Unable to prosecute suspect,
8ae88ab7a11e48ef5aa75adff0a8e12809c1fc833b0fa9100924f3709190d8df,2021-06,Lancashire Constabulary,Lancashire Constabulary,-2.486899,53.756801,On or near Sports/Recreation Area,E01012642,Blackburn with Darwen 004C,Violence and sexual offences,Unable to prosecute suspect,
,2021-06,Lancashire Constabulary,Lancashire Constabulary,-2.490147,53.759620,On or near Colenso Road,E01012645,Blackburn with Darwen 004D,Anti-social behaviour,,
,2021-06,Lancashire Constabulary,Lancashire Constabulary,-2.488214,53.759070,On or near The Croft,E01012645,Blackburn with Darwen 004D,Anti-social behaviour,,
,2021-06,Lancashire Constabulary,Lancashire Constabulary,-2.488562,53.757703,On or near Beresford Road,E01012645,Blackburn with Darwen 004D,Anti-social behaviour,,
,2021-06,Lancashire Constabulary,Lancashire Constabulary,-2.492042,53.758255,On or near Brantfell Road,E01012645,Blackburn with Darwen 004D,Anti-social behaviour,,
9bd31a9e2e4f61f4f4ac0b3ed7ec8c9b63192c56e3c10f39217c9bb476c76f51,2021-06,Lancashire Constabulary,Lancashire Constabulary,-2.486603,53.758798,On or near St James Road,E01012645,Blackburn with Darwen 004D,Other theft,Status update unavailable,
2437d2bad3eea17b4681b09ffb8a085dbf25feb114fac38cc8490cfaa71a7411,2021-06,Lancashire Constabulary,Lancashire Constabulary,-2.492042,53.758255,On or near Brantfell Road,E01012645,Blackburn with Darwen 004D,Vehicle crime,Investigation complete; no suspect identified,
184a8472318ca8d9361723e21d9e8390782eeef7ba0ed76f92a6e0a0f3064db2,2021-06,Lancashire Constabulary,Lancashire Constabulary,-2.490147,53.759620,On or near Colenso Road,E01012645,Blackburn with Darwen 004D,Violence and sexual offences,Unable to prosecute suspect,
,2021-06,Lancashire Constabulary,Lancashire Constabulary,-2.506327,53.746699,On or near Livingstone Road,E01012585,Blackburn with Darwen 005A,Anti-social behaviour,,
,2021-06,Lancashire Constabulary,Lancashire Constabulary,-2.502593,53.748908,On or near Irving Place,E01012585,Blackburn with Darwen 005A,Anti-social behaviour,,
,2021-06,Lancashire Constabulary,Lancashire Constabulary,-2.506327,53.746699,On or near Livingstone Road,E01012585,Blackburn with Darwen 005A,Anti-social behaviour,,
,2021-06,Lancashire Constabulary,Lancashire Constabulary,-2.502148,53.748478,On or near Crompton Place,E01012585,Blackburn with Darwen 005A,Anti-social behaviour,,
,2021-06,Lancashire Constabulary,Lancashire Constabulary,-2.505028,53.748394,On or near Taunton Road,E01012585,Blackburn with Darwen 005A,Anti-social behaviour,,
,2021-06,Lancashire Constabulary,Lancashire Constabulary,-2.503432,53.748069,On or near Waverley Place,E01012585,Blackburn with Darwen 005A,Anti-social behaviour,,
,2021-06,Lancashire Constabulary,Lancashire Constabulary,-2.509033,53.748467,On or near Gorse Road,E01012585,Blackburn with Darwen 005A,Anti-social behaviour,,
,2021-06,Lancashire Constabulary,Lancashire Constabulary,-2.503432,53.748069,On or near Waverley Place,E01012585,Blackburn with Darwen 005A,Anti-social behaviour,,
,2021-06,Lancashire Constabulary,Lancashire Constabulary,-2.505806,53.748724,On or near Raven Road,E01012585,Blackburn with Darwen 005A,Anti-social behaviour,,
,2021-06,Lancashire Constabulary,Lancashire Constabulary,-2.509033,53.748467,On or near Gorse Road,E01012585,Blackburn with Darwen 005A,Anti-social behaviour,,
35ffb1cd48fb0744769c45ccb6a292c697f71ec31aa1d6191e74fa0e809efe21,2021-06,Lancashire Constabulary,Lancashire Constabulary,-2.505806,53.748724,On or near Raven Road,E01012585,Blackburn with Darwen 005A,Criminal damage and arson,Unable to prosecute suspect,
40bb4566f2f6e176a99e78686e80070f466ac37589cc91c738954c9c7dd0ecbb,2021-06,Lancashire Constabulary,Lancashire Constabulary,-2.506327,53.746699,On or near Livingstone Road,E01012585,Blackburn with Darwen 005A,Criminal damage and arson,Investigation complete; no suspect identified,
827744de02f52601b8c6d9a902c3d0e60bd59dfd062b7885df98f0cdf30a21dc,2021-06,Lancashire Constabulary,Lancashire Constabulary,-2.505910,53.749856,On or near Crosshill Road,E01012585,Blackburn with Darwen 005A,Violence and sexual offences,Unable to prosecute suspect,
85d32b6020bf2acc21c95c4e29a11bba9a24af8278ab792d924ea295cf3327b5,2021-06,Lancashire Constabulary,Lancashire Constabulary,-2.505581,53.748958,On or near Manor Road,E01012585,Blackburn with Darwen 005A,Violence and sexual offences,Unable to prosecute suspect,
c0260d9312cacb6cff0cec9eefb98501084ec6339cb8acc1bd95b3897a6d272d,2021-06,Lancashire Constabulary,Lancashire Constabulary,-2.505806,53.748724,On or near Raven Road,E01012585,Blackburn with Darwen 005A,Violence and sexual offences,Status update unavailable,
c4d5bf123e9fa0824cf321e8853f3e62c30fa43f096a98847aa6ce9f0a84ef33,2021-06,Lancashire Constabulary,Lancashire Constabulary,-2.503432,53.748069,On or near Waverley Place,E01012585,Blackburn with Darwen 005A,Violence and sexual offences,Unable to prosecute suspect,
,2021-06,Lancashire Constabulary,Lancashire Constabulary,-2.496831,53.751476,On or near Adelaide Terrace,E01012586,Blackburn with Darwen 005B,Anti-social behaviour,,
,2021-06,Lancashire Constabulary,Lancashire Constabulary,-2.502887,53.751945,On or near Supermarket,E01012586,Blackburn with Darwen 005B,Anti-social behaviour,,
34a11fa68895e7a9441c3236b32d9c7c9c414facd5f692a1b839f6976f6d998b,2021-06,Lancashire Constabulary,Lancashire Constabulary,-2.499616,53.751015,On or near Burlington Street,E01012586,Blackburn with Darwen 005B,Other theft,Investigation complete; no suspect identified,
22eb7bc3c51485c530928ff5cb7cc4689eb6c35b94ac65c6b419c28e55760b36,2021-06,Lancashire Constabulary,Lancashire Constabulary,-2.496831,53.751476,On or near Adelaide Terrace,E01012586,Blackburn with Darwen 005B,Other theft,Status update unavailable,
25097c596c5626bbda4a70914b8d74a816b288f62bc11126a9baf230617ebf79,2021-06,Lancashire Constabulary,Lancashire Constabulary,-2.503143,53.750461,On or near Lancaster Place,E01012586,Blackburn with Darwen 005B,Vehicle crime,Investigation complete; no suspect identified,
9884402fe2ca5d16154bb892a27482526cb849a66036aae52a3a5a89ebaacb37,2021-06,Lancashire Constabulary,Lancashire Constabulary,-2.499113,53.752113,On or near Harcourt Road,E01012586,Blackburn with Darwen 005B,Violence and sexual offences,Unable to prosecute suspect,
d68fb340f0e41c8e6c07108143afcbd5a166ec222ff15b78af5007a8b99cb59e,2021-06,Lancashire Constabulary,Lancashire Constabulary,-2.503279,53.749211,On or near Irene Place,E01012586,Blackburn with Darwen 005B,Violence and sexual offences,Unable to prosecute suspect,
ad4a20fad59b259978a1d7042a195ce2bda697eed06dcd40f256d7e4b3b54210,2021-06,Lancashire Constabulary,Lancashire Constabulary,-2.502887,53.751945,On or near Supermarket,E01012586,Blackburn with Darwen 005B,Violence and sexual offences,Status update unavailable,
4aaa37b872e32d5b501377f4c7399360a5903e7a0516767de0edaa5da8ea3364,2021-06,Lancashire Constabulary,Lancashire Constabulary,-2.501930,53.751805,On or near Further/Higher Educational Building,E01012586,Blackburn with Darwen 005B,Violence and sexual offences,Investigation complete; no suspect identified,
a032e5a150196c9615e3ede160781e99dc5aaabfd9b44d7e24e454c27cc3831a,2021-06,Lancashire Constabulary,Lancashire Constabulary,-2.496831,53.751476,On or near Adelaide Terrace,E01012586,Blackburn with Darwen 005B,Violence and sexual offences,Unable to prosecute suspect,
a36a319c1330d657116f79fb291bc4d333919df78fb73ec7814f1c85fef1b704,2021-06,Lancashire Constabulary,Lancashire Constabulary,-2.496831,53.751476,On or near Adelaide Terrace,E01012586,Blackburn with Darwen 005B,Violence and sexual offences,Unable to prosecute suspect,
68ef105bfbd49ca143c13783b58798a3a3ecbe584941e871ad90f68b28b0d902,2021-06,Lancashire Constabulary,Lancashire Constabulary,-2.496831,53.751476,On or near Adelaide Terrace,E01012586,Blackburn with Darwen 005B,Violence and sexual offences,Status update unavailable,
df9e868ae965a43eb21864c9ffcdae565ccec76a7fb06ec7213fb0672b8215f5,2021-06,Lancashire Constabulary,Lancashire Constabulary,-2.499113,53.752113,On or near Harcourt Road,E01012586,Blackburn with Darwen 005B,Violence and sexual offences,Unable to prosecute suspect,
a3f0711d4a19b63fb1a3a9ee4c70a8ed3dddf6998b9539ff6a31143b10643c9f,2021-06,Lancashire Constabulary,Lancashire Constabulary,-2.500185,53.751686,On or near Cheltenham Road,E01012586,Blackburn with Darwen 005B,Other crime,Court result unavailable,
,2021-06,Lancashire Constabulary,Lancashire Constabulary,-2.494476,53.751090,On or near Petrol Station,E01012656,Blackburn with Darwen 005C,Anti-social behaviour,,
,2021-06,Lancashire Constabulary,Lancashire Constabulary,-2.496570,53.749967,On or near Midsummer Street,E01012656,Blackburn with Darwen 005C,Anti-social behaviour,,
,2021-06,Lancashire Constabulary,Lancashire Constabulary,-2.492185,53.751054,On or near Hope Street,E01012656,Blackburn with Darwen 005C,Anti-social behaviour,,
,2021-06,Lancashire Constabulary,Lancashire Constabulary,-2.489729,53.751091,On or near Raynor Street,E01012656,Blackburn with Darwen 005C,Anti-social behaviour,,
,2021-06,Lancashire Constabulary,Lancashire Constabulary,-2.495145,53.751249,On or near Preston New Road,E01012656,Blackburn with Darwen 005C,Anti-social behaviour,,
,2021-06,Lancashire Constabulary,Lancashire Constabulary,-2.495399,53.748390,On or near Johnston Street,E01012656,Blackburn with Darwen 005C,Anti-social behaviour,,
,2021-06,Lancashire Constabulary,Lancashire Constabulary,-2.492185,53.751054,On or near Hope Street,E01012656,Blackburn with Darwen 005C,Anti-social behaviour,,
,2021-06,Lancashire Constabulary,Lancashire Constabulary,-2.494411,53.748133,On or near Cutler Close,E01012656,Blackburn with Darwen 005C,Anti-social behaviour,,
,2021-06,Lancashire Constabulary,Lancashire Constabulary,-2.492185,53.751054,On or near Hope Street,E01012656,Blackburn with Darwen 005C,Anti-social behaviour,,
,2021-06,Lancashire Constabulary,Lancashire Constabulary,-2.492069,53.750174,On or near Melville Drive,E01012656,Blackburn with Darwen 005C,Anti-social behaviour,,
,2021-06,Lancashire Constabulary,Lancashire Constabulary,-2.492185,53.751054,On or near Hope Street,E01012656,Blackburn with Darwen 005C,Anti-social behaviour,,
,2021-06,Lancashire Constabulary,Lancashire Constabulary,-2.495399,53.748390,On or near Johnston Street,E01012656,Blackburn with Darwen 005C,Anti-social behaviour,,
,2021-06,Lancashire Constabulary,Lancashire Constabulary,-2.494476,53.751090,On or near Petrol Station,E01012656,Blackburn with Darwen 005C,Anti-social behaviour,,
,2021-06,Lancashire Constabulary,Lancashire Constabulary,-2.496570,53.749967,On or near Midsummer Street,E01012656,Blackburn with Darwen 005C,Anti-social behaviour,,
,2021-06,Lancashire Constabulary,Lancashire Constabulary,-2.492185,53.751054,On or near Hope Street,E01012656,Blackburn with Darwen 005C,Anti-social behaviour,,
0ca542575350872bda79026f2e16c33adb58552efb54218c29ae034fee2fbe80,2021-06,Lancashire Constabulary,Lancashire Constabulary,-2.496570,53.749967,On or near Midsummer Street,E01012656,Blackburn with Darwen 005C,Burglary,Court result unavailable,
9d1ca4d0045bb3f4dc2697811ec9f9a9a42ed05e7d06183ea3ccb265cef67fe2,2021-06,Lancashire Constabulary,Lancashire Constabulary,-2.494476,53.751090,On or near Petrol Station,E01012656,Blackburn with Darwen 005C,Criminal damage and arson,Investigation complete; no suspect identified,
f79f1b87f47c52aa2afd9b05e033c625c46020949f2d578f8c414dbcc8028063,2021-06,Lancashire Constabulary,Lancashire Constabulary,-2.494476,53.751090,On or near Petrol Station,E01012656,Blackburn with Darwen 005C,Criminal damage and arson,Investigation complete; no suspect identified,
b35720862e9d015e5860c7f524645f071ec4693c05d1232154f2377d0df05143,2021-06,Lancashire Constabulary,Lancashire Constabulary,-2.495145,53.751249,On or near Preston New Road,E01012656,Blackburn with Darwen 005C,Criminal damage and arson,Investigation complete; no suspect identified,
6c662bed573d398778ae65b7ad377b4a46fc1d858fad4d029f57663b8a97f786,2021-06,Lancashire Constabulary,Lancashire Constabulary,-2.493506,53.749917,On or near Higson Street,E01012656,Blackburn with Darwen 005C,Drugs,Status update unavailable,
428b8527c241e66fca1a1069f4f73e5a88403d3fbb4a5ec1ba1d1f632b150bab,2021-06,Lancashire Constabulary,Lancashire Constabulary,-2.494476,53.751090,On or near Petrol Station,E01012656,Blackburn with Darwen 005C,Drugs,Further investigation is not in the public interest,
75f23b38e3eca8b1e4ff0fe3743c34a9a34f5f6ee3f8a724865de9d41cbb5d2f,2021-06,Lancashire Constabulary,Lancashire Constabulary,-2.493727,53.749340,On or near Shaw Street,E01012656,Blackburn with Darwen 005C,Other theft,Status update unavailable,
d5f7aa1062278a8b163799e1d89a61af5d91f0a5c0483ae774c843a3529e2ae6,2021-06,Lancashire Constabulary,Lancashire Constabulary,-2.494476,53.751090,On or near Petrol Station,E01012656,Blackburn with Darwen 005C,Other theft,Unable to prosecute suspect,
165be0158af9c13b6a6b11a774a5ba18d263d3d86d6e0ea5dee4148ebbe399f4,2021-06,Lancashire Constabulary,Lancashire Constabulary,-2.493506,53.749917,On or near Higson Street,E01012656,Blackburn with Darwen 005C,Other theft,Status update unavailable,
2ed9df2eee494ea51798dac986470b562857cbd23967f59e597ca0e122cdd105,2021-06,Lancashire Constabulary,Lancashire Constabulary,-2.494476,53.751090,On or near Petrol Station,E01012656,Blackburn with Darwen 005C,Shoplifting,Unable to prosecute suspect,
7061a104e89ea9ee2a8362d953c77168adcdd7ab5b91ea275f9adcac0d82294f,2021-06,Lancashire Constabulary,Lancashire Constabulary,-2.494476,53.751090,On or near Petrol Station,E01012656,Blackburn with Darwen 005C,Shoplifting,Status update unavailable,
c6d0b02750c3ca59b89a9c60d2309500ae505b076bcd6d0f1b1434329c143aee,2021-06,Lancashire Constabulary,Lancashire Constabulary,-2.494476,53.751090,On or near Petrol Station,E01012656,Blackburn with Darwen 005C,Shoplifting,Further investigation is not in the public interest,
4d99c1fb170a89b0420d6476c27311891118677a94b0d30ef5901a931c86bb14,2021-06,Lancashire Constabulary,Lancashire Constabulary,-2.486203,53.750459,On or near King William Street,E01012656,Blackburn with Darwen 005C,Violence and sexual offences,Status update unavailable,
bc7cb74e1665ecd116f74a7bb0a631537a70c536a258d3198384389ce1fbe0e4,2021-06,Lancashire Constabulary,Lancashire Constabulary,-2.495399,53.748390,On or near Johnston Street,E01012656,Blackburn with Darwen 005C,Violence and sexual offences,Unable to prosecute suspect,
ba3f82a5bacff2da6e81600d185507c506ad5a7fc1d42e2a0cd7df9daf144a87,2021-06,Lancashire Constabulary,Lancashire Constabulary,-2.489729,53.751091,On or near Raynor Street,E01012656,Blackburn with Darwen 005C,Violence and sexual offences,Formal action is not in the public interest,
7404e5b4da5ebec0ceeb3b57701c254d5a9f865399c31288f85bbd477d01cb67,2021-06,Lancashire Constabulary,Lancashire Constabulary,-2.495319,53.749271,On or near Roney Street,E01012656,Blackburn with Darwen 005C,Violence and sexual offences,Unable to prosecute suspect,
48d9cca0db0dc19dba5f950234bd89c09babaa7be038527c64d5ca0b4517fbee,2021-06,Lancashire Constabulary,Lancashire Constabulary,-2.492069,53.750174,On or near Melville Drive,E01012656,Blackburn with Darwen 005C,Violence and sexual offences,Unable to prosecute suspect,
56ba8122a7f7ca36801cf2dbd311478984a2b4782783fa314a6d846596af3b0a,2021-06,Lancashire Constabulary,Lancashire Constabulary,-2.494476,53.751090,On or near Petrol Station,E01012656,Blackburn with Darwen 005C,Violence and sexual offences,Unable to prosecute suspect,
76760bf1caa052bf81f01b1d09aa46920c16d07900e306dc1120172e9df7ddef,2021-06,Lancashire Constabulary,Lancashire Constabulary,-2.493506,53.749917,On or near Higson Street,E01012656,Blackburn with Darwen 005C,Violence and sexual offences,Unable to prosecute suspect,
,2021-06,Lancashire Constabulary,Lancashire Constabulary,-2.497392,53.747599,On or near Johnston Close,E01012657,Blackburn with Darwen 005D,Anti-social behaviour,,
,2021-06,Lancashire Constabulary,Lancashire Constabulary,-2.500183,53.747723,On or near Chatburn Street,E01012657,Blackburn with Darwen 005D,Anti-social behaviour,,
,2021-06,Lancashire Constabulary,Lancashire Constabulary,-2.496805,53.749292,On or near Addison Street,E01012657,Blackburn with Darwen 005D,Anti-social behaviour,,
c6611811e288c9d8d692a6d05440e8c82eead38fa42819427394c4ccc7e7f356,2021-06,Lancashire Constabulary,Lancashire Constabulary,-2.497792,53.746861,On or near Lawrence Street,E01012657,Blackburn with Darwen 005D,Criminal damage and arson,Unable to prosecute suspect,
8b3543e3353cebf8c3b10dfc3f3242830b266293f4c4e5e1fc15b0e050981ee8,2021-06,Lancashire Constabulary,Lancashire Constabulary,-2.500272,53.746275,On or near Rawstorne Street,E01012657,Blackburn with Darwen 005D,Drugs,Status update unavailable,
bce7eda26c138dec000e6018960a1bbfd70af4875edea237c2a199c936f5d3b4,2021-06,Lancashire Constabulary,Lancashire Constabulary,-2.495891,53.750239,On or near Spring View,E01012657,Blackburn with Darwen 005D,Other theft,Unable to prosecute suspect,
386f8f3072738fe402bcc0502552462c32a6ba3e4ce30d58a9e29b07fe82400f,2021-06,Lancashire Constabulary,Lancashire Constabulary,-2.500272,53.746275,On or near Rawstorne Street,E01012657,Blackburn with Darwen 005D,Other theft,Status update unavailable,
198969eb5c8d996e5638c113d07a4145eb14a813b6d2fc8461fa9cbf4aba605e,2021-06,Lancashire Constabulary,Lancashire Constabulary,-2.497869,53.748236,On or near Belle Vue Street,E01012657,Blackburn with Darwen 005D,Other theft,Investigation complete; no suspect identified,
27d1bee927fe9c7bcdf65c01b656b1caf3ec52f7329616bbf15c4582f1bfba82,2021-06,Lancashire Constabulary,Lancashire Constabulary,-2.498419,53.748575,On or near St Barnabas Street,E01012657,Blackburn with Darwen 005D,Public order,Unable to prosecute suspect,
6a8950ee9818c08a334df09395b259e39192d21d1a3639ea94206d4bd0140dcb,2021-06,Lancashire Constabulary,Lancashire Constabulary,-2.498897,53.749274,On or near Foxhouse Street,E01012657,Blackburn with Darwen 005D,Violence and sexual offences,Unable to prosecute suspect,
4d691713fe92f4ecf8d72885646d952809bc0b8d242fc7ec95bb68cd845980ae,2021-06,Lancashire Constabulary,Lancashire Constabulary,-2.498419,53.748575,On or near St Barnabas Street,E01012657,Blackburn with Darwen 005D,Violence and sexual offences,Unable to prosecute suspect,
5183de0b17241d1b559ab1b24aef5bcb42abd46be6b1102ad5caeb608754356c,2021-06,Lancashire Constabulary,Lancashire Constabulary,-2.495891,53.750239,On or near Spring View,E01012657,Blackburn with Darwen 005D,Violence and sexual offences,Further investigation is not in the public interest,
a65ef940da6c9487872963a39ff261df392526521979917d832b12a9b71d816d,2021-06,Lancashire Constabulary,Lancashire Constabulary,-2.498897,53.749274,On or near Foxhouse Street,E01012657,Blackburn with Darwen 005D,Violence and sexual offences,Unable to prosecute suspect,
e2d5b8b091cc8eef8428a8749450c3d37839492ae7f6f35ed594022c25a14a74,2021-06,Lancashire Constabulary,Lancashire Constabulary,-2.498419,53.748575,On or near St Barnabas Street,E01012657,Blackburn with Darwen 005D,Violence and sexual offences,Unable to prosecute suspect,
4263baffd0b6cdd2cb36d31c6a7c886c643bff1fce4b845c9c84713138a462a7,2021-06,Lancashire Constabulary,Lancashire Constabulary,-2.497726,53.747679,On or near Henrietta Street,E01012657,Blackburn with Darwen 005D,Violence and sexual offences,Investigation complete; no suspect identified,
,2021-06,Lancashire Constabulary,Lancashire Constabulary,-2.505790,53.742351,On or near Rutland Street,E01012658,Blackburn with Darwen 005E,Anti-social behaviour,,
,2021-06,Lancashire Constabulary,Lancashire Constabulary,-2.509019,53.746059,On or near French Road,E01012658,Blackburn with Darwen 005E,Anti-social behaviour,,
,2021-06,Lancashire Constabulary,Lancashire Constabulary,-2.504486,53.742312,On or near Redlam,E01012658,Blackburn with Darwen 005E,Anti-social behaviour,,
,2021-06,Lancashire Constabulary,Lancashire Constabulary,-2.508126,53.744948,On or near St Mark'S Place,E01012658,Blackburn with Darwen 005E,Anti-social behaviour,,
,2021-06,Lancashire Constabulary,Lancashire Constabulary,-2.500914,53.744178,On or near Balfour Street,E01012658,Blackburn with Darwen 005E,Anti-social behaviour,,
,2021-06,Lancashire Constabulary,Lancashire Constabulary,-2.500914,53.744178,On or near Balfour Street,E01012658,Blackburn with Darwen 005E,Anti-social behaviour,,
,2021-06,Lancashire Constabulary,Lancashire Constabulary,-2.505211,53.743405,On or near Pleasington Close,E01012658,Blackburn with Darwen 005E,Anti-social behaviour,,
,2021-06,Lancashire Constabulary,Lancashire Constabulary,-2.501095,53.746604,On or near Gisburn Street,E01012658,Blackburn with Darwen 005E,Anti-social behaviour,,
ead04ece23afb4ceaf1d48ba0ce8ec8a6cd14d303c7fbe53d51f0986530dc577,2021-06,Lancashire Constabulary,Lancashire Constabulary,-2.502061,53.746214,On or near Oozehead Lane,E01012658,Blackburn with Darwen 005E,Criminal damage and arson,Investigation complete; no suspect identified,
b547fd9ae712f50affcf445d044a613521139f0b815b0009c4cf78668a4db96b,2021-06,Lancashire Constabulary,Lancashire Constabulary,-2.505790,53.742351,On or near Rutland Street,E01012658,Blackburn with Darwen 005E,Criminal damage and arson,Unable to prosecute suspect,
ed2e90bcb286c3cf3f3202e9001f84a1684fcbbe1aa915bbc1893d474cf4c139,2021-06,Lancashire Constabulary,Lancashire Constabulary,-2.501977,53.743050,On or near West View,E01012658,Blackburn with Darwen 005E,Criminal damage and arson,Status update unavailable,
c1f57fb716e5dc6723631ab3ac4855d4272db3634320955584852895cac859ce,2021-06,Lancashire Constabulary,Lancashire Constabulary,-2.501934,53.745738,On or near Wensley Road,E01012658,Blackburn with Darwen 005E,Drugs,Court result unavailable,
c0ee7f063bacd34c8349ae015550e2c3d46c47ec33a7cfda4abfe581f2cb0bb0,2021-06,Lancashire Constabulary,Lancashire Constabulary,-2.501977,53.743050,On or near West View,E01012658,Blackburn with Darwen 005E,Violence and sexual offences,Unable to prosecute suspect,
1f8d6cfbafa8fd2c40bf73c0d75a6ae657c769f9f0e746ce7f9df8b37977a84d,2021-06,Lancashire Constabulary,Lancashire Constabulary,-2.501977,53.743050,On or near West View,E01012658,Blackburn with Darwen 005E,Violence and sexual offences,Unable to prosecute suspect,
c318877ddb76daa0e20ded25becdd8a235a3d477d99744e6e7963c2ca3753ded,2021-06,Lancashire Constabulary,Lancashire Constabulary,-2.501977,53.743050,On or near West View,E01012658,Blackburn with Darwen 005E,Violence and sexual offences,Unable to prosecute suspect,
3be72a3f468c5eed961d683013799e77004f673e42eba1191c57663c7d4f590c,2021-06,Lancashire Constabulary,Lancashire Constabulary,-2.505790,53.742351,On or near Rutland Street,E01012658,Blackburn with Darwen 005E,Violence and sexual offences,Unable to prosecute suspect,
6fa37f7ac1103635f2faae803cf93082c0c95143b4b8fa6e0710014ca440d68f,2021-06,Lancashire Constabulary,Lancashire Constabulary,-2.501977,53.743050,On or near West View,E01012658,Blackburn with Darwen 005E,Violence and sexual offences,Unable to prosecute suspect,
8bd068b8678d942c445031019b2bc3f7d9d3e03fe901dcb1eb55e46b3cc083ba,2021-06,Lancashire Constabulary,Lancashire Constabulary,-2.507597,53.741310,On or near Spring Lane,E01012658,Blackburn with Darwen 005E,Violence and sexual offences,Action to be taken by another organisation,
9a6d3bafdc3a633c0924bd9220104bb7db415c95e140254e7306fbe0166f0f6f,2021-06,Lancashire Constabulary,Lancashire Constabulary,-2.501934,53.745738,On or near Wensley Road,E01012658,Blackburn with Darwen 005E,Violence and sexual offences,Status update unavailable,
34fc8b66f17068a865b7aee58191bd6d251548fbec10045425de874d12979242,2021-06,Lancashire Constabulary,Lancashire Constabulary,-2.500914,53.744178,On or near Balfour Street,E01012658,Blackburn with Darwen 005E,Violence and sexual offences,Unable to prosecute suspect,
6440606efe60ee04a58c0c477c6f4e4d25f65ff20e585354359cbead7951ee00,2021-06,Lancashire Constabulary,Lancashire Constabulary,-2.501977,53.743050,On or near West View,E01012658,Blackburn with Darwen 005E,Violence and sexual offences,Court result unavailable,
fb883aab78efe3f64be11c5f0d5f1c3f858eefe389f2b083dcfa72f3a2994f50,2021-06,Lancashire Constabulary,Lancashire Constabulary,-2.505211,53.743405,On or near Pleasington Close,E01012658,Blackburn with Darwen 005E,Violence and sexual offences,Unable to prosecute suspect,
,2021-06,Lancashire Constabulary,Lancashire Constabulary,-2.481851,53.738540,On or near Rose Street,E01012629,Blackburn with Darwen 006A,Anti-social behaviour,,
,2021-06,Lancashire Constabulary,Lancashire Constabulary,-2.478868,53.741554,On or near Parking Area,E01012629,Blackburn with Darwen 006A,Anti-social behaviour,,
,2021-06,Lancashire Constabulary,Lancashire Constabulary,-2.474548,53.742910,On or near Merchants Quay,E01012629,Blackburn with Darwen 006A,Anti-social behaviour,,
,2021-06,Lancashire Constabulary,Lancashire Constabulary,-2.482434,53.741782,On or near Shopping Area,E01012629,Blackburn with Darwen 006A,Anti-social behaviour,,
,2021-06,Lancashire Constabulary,Lancashire Constabulary,-2.478868,53.741554,On or near Parking Area,E01012629,Blackburn with Darwen 006A,Anti-social behaviour,,
,2021-06,Lancashire Constabulary,Lancashire Constabulary,-2.478778,53.738957,On or near Procter Street,E01012629,Blackburn with Darwen 006A,Anti-social behaviour,,
,2021-06,Lancashire Constabulary,Lancashire Constabulary,-2.481688,53.738846,On or near Swan Street,E01012629,Blackburn with Darwen 006A,Anti-social behaviour,,
,2021-06,Lancashire Constabulary,Lancashire Constabulary,-2.482293,53.737379,On or near Abraham Street,E01012629,Blackburn with Darwen 006A,Anti-social behaviour,,
,2021-06,Lancashire Constabulary,Lancashire Constabulary,-2.482434,53.741782,On or near Shopping Area,E01012629,Blackburn with Darwen 006A,Anti-social behaviour,,
,2021-06,Lancashire Constabulary,Lancashire Constabulary,-2.481072,53.738031,On or near Alaska Street,E01012629,Blackburn with Darwen 006A,Anti-social behaviour,,
,2021-06,Lancashire Constabulary,Lancashire Constabulary,-2.478868,53.741554,On or near Parking Area,E01012629,Blackburn with Darwen 006A,Anti-social behaviour,,
,2021-06,Lancashire Constabulary,Lancashire Constabulary,-2.478868,53.741554,On or near Parking Area,E01012629,Blackburn with Darwen 006A,Anti-social behaviour,,
,2021-06,Lancashire Constabulary,Lancashire Constabulary,-2.483515,53.738210,On or near Highfield Gardens,E01012629,Blackburn with Darwen 006A,Anti-social behaviour,,
,2021-06,Lancashire Constabulary,Lancashire Constabulary,-2.479275,53.738676,On or near Frederick Street,E01012629,Blackburn with Darwen 006A,Anti-social behaviour,,
,2021-06,Lancashire Constabulary,Lancashire Constabulary,-2.482434,53.741782,On or near Shopping Area,E01012629,Blackburn with Darwen 006A,Anti-social behaviour,,
,2021-06,Lancashire Constabulary,Lancashire Constabulary,-2.474548,53.742910,On or near Merchants Quay,E01012629,Blackburn with Darwen 006A,Anti-social behaviour,,
,2021-06,Lancashire Constabulary,Lancashire Constabulary,-2.485104,53.740621,On or near Lister Street,E01012629,Blackburn with Darwen 006A,Anti-social behaviour,,
,2021-06,Lancashire Constabulary,Lancashire Constabulary,-2.478868,53.741554,On or near Parking Area,E01012629,Blackburn with Darwen 006A,Anti-social behaviour,,
,2021-06,Lancashire Constabulary,Lancashire Constabulary,-2.474548,53.742910,On or near Merchants Quay,E01012629,Blackburn with Darwen 006A,Anti-social behaviour,,
9e20c98f597f3e6aafbc88bdb6d3e8742c305d1dc74e5e562af8f5e0b42d026d,2021-06,Lancashire Constabulary,Lancashire Constabulary,-2.481688,53.738846,On or near Swan Street,E01012629,Blackburn with Darwen 006A,Burglary,Unable to prosecute suspect,
71bceae5d8204290cac6e29607965ceda9be82abb01313a525e0c2b0940f8db8,2021-06,Lancashire Constabulary,Lancashire Constabulary,-2.486913,53.739724,On or near Sharples Street,E01012629,Blackburn with Darwen 006A,Burglary,Investigation complete; no suspect identified,
12e9f632b5b6ac061b567b3eb50d0d351524c1094eae3a27131bf87313f3d38c,2021-06,Lancashire Constabulary,Lancashire Constabulary,-2.482737,53.737746,On or near Mosley Walk,E01012629,Blackburn with Darwen 006A,Criminal damage and arson,Investigation complete; no suspect identified,
a5ad3101244955c45048cedf4ccf239217dadade21a72cd0b4feccf815d0b508,2021-06,Lancashire Constabulary,Lancashire Constabulary,-2.478778,53.738957,On or near Procter Street,E01012629,Blackburn with Darwen 006A,Criminal damage and arson,Status update unavailable,
7fdb54ad6329dacef47072b7e20f10f5811de9fff22bb9edbcfe0a6d138ed289,2021-06,Lancashire Constabulary,Lancashire Constabulary,-2.482434,53.741782,On or near Shopping Area,E01012629,Blackburn with Darwen 006A,Criminal damage and arson,Status update unavailable,
1ad209c2dcd0af14fc9704f9d489a1381d7f7411f6d8201c87c975c322309928,2021-06,Lancashire Constabulary,Lancashire Constabulary,-2.482293,53.737379,On or near Abraham Street,E01012629,Blackburn with Darwen 006A,Other theft,Investigation complete; no suspect identified,
26a2b8266e70feece39affb7650170adf5df2b381287c3c105e1a44cf7aca203,2021-06,Lancashire Constabulary,Lancashire Constabulary,-2.483033,53.738472,On or near Highfield Road,E01012629,Blackburn with Darwen 006A,Other theft,Status update unavailable,
9d875e1c56bbcfe00d7c3648392ba1ab18216f208cef58a67acef5644e984850,2021-06,Lancashire Constabulary,Lancashire Constabulary,-2.475837,53.742941,On or near Waters Edge,E01012629,Blackburn with Darwen 006A,Other theft,Investigation complete; no suspect identified,
3850fcf492516e4a4f2ad110b5ab8f70358de886e25c24dbace54c459a910ad4,2021-06,Lancashire Constabulary,Lancashire Constabulary,-2.482330,53.736687,On or near Vale Street,E01012629,Blackburn with Darwen 006A,Other theft,Investigation complete; no suspect identified,
6064b022def9c1a960e66065ff8c253a9dde722600bee9f868c0e7287bb4d67e,2021-06,Lancashire Constabulary,Lancashire Constabulary,-2.478868,53.741554,On or near Parking Area,E01012629,Blackburn with Darwen 006A,Public order,Status update unavailable,
42212233f1afe6bdce24eba6b995529b180dc1491aa371609a4fbbd568cd3b8f,2021-06,Lancashire Constabulary,Lancashire Constabulary,-2.482434,53.741782,On or near Shopping Area,E01012629,Blackburn with Darwen 006A,Public order,Unable to prosecute suspect,
184ad4f55d7d7ac72faf47522fff50fba8d6a6cc29bb4937c30a5511176cce33,2021-06,Lancashire Constabulary,Lancashire Constabulary,-2.478455,53.743839,On or near Carlisle Street,E01012629,Blackburn with Darwen 006A,Public order,Unable to prosecute suspect,
23986252a98a70be3fa39ffbdc2cda7080c786ded412718764d8f4eb8f49593a,2021-06,Lancashire Constabulary,Lancashire Constabulary,-2.473864,53.741439,On or near St Frances Close,E01012629,Blackburn with Darwen 006A,Public order,Unable to prosecute suspect,
fc68cf922d67b0e1c7552c3d63e945eab0781ae1c451a4e369f317a8ac7db805,2021-06,Lancashire Constabulary,Lancashire Constabulary,-2.474344,53.740979,On or near St Annes Close,E01012629,Blackburn with Darwen 006A,Public order,Unable to prosecute suspect,
28488f3b9261ac1c167a818c1974dd12a21332bbbee928121fa199517fdb0e0d,2021-06,Lancashire Constabulary,Lancashire Constabulary,-2.478868,53.741554,On or near Parking Area,E01012629,Blackburn with Darwen 006A,Public order,Status update unavailable,
4d1271627c51bc0da431a4e46198c209242eff63fb20834a39f557110cb5bd7c,2021-06,Lancashire Constabulary,Lancashire Constabulary,-2.478868,53.741554,On or near Parking Area,E01012629,Blackburn with Darwen 006A,Shoplifting,Unable to prosecute suspect,
6d591fb1dec5b52b1f94aad362158ceb2530444d688ed97854db5d38fe2b885d,2021-06,Lancashire Constabulary,Lancashire Constabulary,-2.480671,53.744099,On or near Shopping Area,E01012629,Blackburn with Darwen 006A,Shoplifting,Status update unavailable,
084819a9c0a5b435038baed8e06a3cb0172e2c9347f5c01599731aefa45ab45c,2021-06,Lancashire Constabulary,Lancashire Constabulary,-2.485776,53.739720,On or near Bolton Road,E01012629,Blackburn with Darwen 006A,Shoplifting,Status update unavailable,
f771272afbf5dfd856d0e733a5eacd94758eb50852a59bc0bf6f9de9f6b78249,2021-06,Lancashire Constabulary,Lancashire Constabulary,-2.478868,53.741554,On or near Parking Area,E01012629,Blackburn with Darwen 006A,Shoplifting,Unable to prosecute suspect,
5f1e9a8b83042ee4b8affa437c2796a841529fef5d63c78cb50be817b202aa55,2021-06,Lancashire Constabulary,Lancashire Constabulary,-2.482434,53.741782,On or near Shopping Area,E01012629,Blackburn with Darwen 006A,Shoplifting,Investigation complete; no suspect identified,
87dead4cbb9d03873027e84d730fc53e8bea35080117768d576c69d1ab2057b7,2021-06,Lancashire Constabulary,Lancashire Constabulary,-2.478868,53.741554,On or near Parking Area,E01012629,Blackburn with Darwen 006A,Shoplifting,Unable to prosecute suspect,
a19f35d3a21be8537c17eeab6e71cc48398f9ae84521e1630114047900cfd49d,2021-06,Lancashire Constabulary,Lancashire Constabulary,-2.478868,53.741554,On or near Parking Area,E01012629,Blackburn with Darwen 006A,Shoplifting,Investigation complete; no suspect identified,
7cc90b296170c16c6de93fe4938552bc01a479cd3e4352124043c2388b559a91,2021-06,Lancashire Constabulary,Lancashire Constabulary,-2.482434,53.741782,On or near Shopping Area,E01012629,Blackburn with Darwen 006A,Shoplifting,Further investigation is not in the public interest,
60fe971b12b36f6b7cf08f3d74c0041a520c0aa6c984af470338035b13efe3d2,2021-06,Lancashire Constabulary,Lancashire Constabulary,-2.474548,53.742910,On or near Merchants Quay,E01012629,Blackburn with Darwen 006A,Violence and sexual offences,Unable to prosecute suspect,
3ff2f97d3edd9ad1260126e075b991a14f9b6c9d8b7722b67653e7e9e3c13e6a,2021-06,Lancashire Constabulary,Lancashire Constabulary,-2.478868,53.741554,On or near Parking Area,E01012629,Blackburn with Darwen 006A,Violence and sexual offences,Status update unavailable,
b97772e6349e36be13083dbebe954e734556fe47e668a315ed47ede7ad30b5be,2021-06,Lancashire Constabulary,Lancashire Constabulary,-2.474548,53.742910,On or near Merchants Quay,E01012629,Blackburn with Darwen 006A,Violence and sexual offences,Unable to prosecute suspect,
5e184ccdd8d18f6d483199d17b6e778191ef99c385ee0f0a4d339215488a8a5b,2021-06,Lancashire Constabulary,Lancashire Constabulary,-2.486178,53.739044,On or near New Garden Street,E01012629,Blackburn with Darwen 006A,Violence and sexual offences,Investigation complete; no suspect identified,
0bfa7fe190b920335bd7af51b8cfd3cf06efd6115870cb78d6f22cfb5c13d108,2021-06,Lancashire Constabulary,Lancashire Constabulary,-2.482434,53.741782,On or near Shopping Area,E01012629,Blackburn with Darwen 006A,Violence and sexual offences,Unable to prosecute suspect,
7dce5d41865982d5b7fa61f2663593779d0282da0177854cbe3157cb98f0a0ee,2021-06,Lancashire Constabulary,Lancashire Constabulary,-2.478868,53.741554,On or near Parking Area,E01012629,Blackburn with Darwen 006A,Violence and sexual offences,Unable to prosecute suspect,
23e5bfa173f8ceae6f0d3e0cfa94f9d536ed4605d01ae0cd23f7b05ea522341c,2021-06,Lancashire Constabulary,Lancashire Constabulary,-2.480514,53.738294,On or near Unity Street,E01012629,Blackburn with Darwen 006A,Violence and sexual offences,Unable to prosecute suspect,
703d6993f3258b79ac592c905e13dc386f2770105e19c95f469232dc7509878f,2021-06,Lancashire Constabulary,Lancashire Constabulary,-2.482434,53.741782,On or near Shopping Area,E01012629,Blackburn with Darwen 006A,Violence and sexual offences,Status update unavailable,
af1125cb3cd7009cd168729938cbb0e0c41bef014e61535473fb1b79ae36074c,2021-06,Lancashire Constabulary,Lancashire Constabulary,-2.480671,53.744099,On or near Shopping Area,E01012629,Blackburn with Darwen 006A,Violence and sexual offences,Court result unavailable,
e492af4a5cf7190f9a8f897939acf90552ea772d9d36cfc3382de798debd0389,2021-06,Lancashire Constabulary,Lancashire Constabulary,-2.482434,53.741782,On or near Shopping Area,E01012629,Blackburn with Darwen 006A,Violence and sexual offences,Unable to prosecute suspect,
79e9c0a2c61b0fedac9afff8ac88ede09b15d8d775d235da6a67b542efc825b1,2021-06,Lancashire Constabulary,Lancashire Constabulary,-2.482434,53.741782,On or near Shopping Area,E01012629,Blackburn with Darwen 006A,Violence and sexual offences,Unable to prosecute suspect,
2b8ae02238b4ca00c684abf2ac6af1e87d48ad53390b331c7a8c1403993f49a2,2021-06,Lancashire Constabulary,Lancashire Constabulary,-2.480671,53.744099,On or near Shopping Area,E01012629,Blackburn with Darwen 006A,Violence and sexual offences,Awaiting court outcome,
9ee0c2e141735bea4d6b5bed88c43bb118d70d1112e09ca432d5cf49d4f5fe8e,2021-06,Lancashire Constabulary,Lancashire Constabulary,-2.473864,53.741439,On or near St Frances Close,E01012629,Blackburn with Darwen 006A,Violence and sexual offences,Unable to prosecute suspect,
8ce87aa780152387579be4ea9bd040f10eb26bbc786fa688e1156c44d12efac8,2021-06,Lancashire Constabulary,Lancashire Constabulary,-2.473864,53.741439,On or near St Frances Close,E01012629,Blackburn with Darwen 006A,Other crime,Unable to prosecute suspect,
2e52d7dc1d66c2b9b4a7e319e08c35eafda86136a05c5768cc13aa0e8ad7dff1,2021-06,Lancashire Constabulary,Lancashire Constabulary,-2.478868,53.741554,On or near Parking Area,E01012629,Blackburn with Darwen 006A,Other crime,Unable to prosecute suspect,
0e9cf59d36e6c779ecafbf9325eeb65ab6d20ec808391e30ea7c442132549cb9,2021-06,Lancashire Constabulary,Lancashire Constabulary,-2.482737,53.737746,On or near Mosley Walk,E01012629,Blackburn with Darwen 006A,Other crime,Investigation complete; no suspect identified,
,2021-06,Lancashire Constabulary,Lancashire Constabulary,-2.474859,53.736932,On or near Brandy House Brow,E01012631,Blackburn with Darwen 006B,Anti-social behaviour,,
,2021-06,Lancashire Constabulary,Lancashire Constabulary,-2.476946,53.736456,On or near Pendle Drive,E01012631,Blackburn with Darwen 006B,Anti-social behaviour,,
,2021-06,Lancashire Constabulary,Lancashire Constabulary,-2.473131,53.739671,On or near Barn Gill Close,E01012631,Blackburn with Darwen 006B,Anti-social behaviour,,
,2021-06,Lancashire Constabulary,Lancashire Constabulary,-2.472956,53.738917,On or near Hare Clough Close,E01012631,Blackburn with Darwen 006B,Anti-social behaviour,,
,2021-06,Lancashire Constabulary,Lancashire Constabulary,-2.479886,53.737685,On or near Rockcliffe Street,E01012631,Blackburn with Darwen 006B,Anti-social behaviour,,
,2021-06,Lancashire Constabulary,Lancashire Constabulary,-2.477072,53.739548,On or near Balmoral Close,E01012631,Blackburn with Darwen 006B,Anti-social behaviour,,
,2021-06,Lancashire Constabulary,Lancashire Constabulary,-2.478039,53.737944,On or near Yates Fold,E01012631,Blackburn with Darwen 006B,Anti-social behaviour,,
,2021-06,Lancashire Constabulary,Lancashire Constabulary,-2.477072,53.739548,On or near Balmoral Close,E01012631,Blackburn with Darwen 006B,Anti-social behaviour,,
,2021-06,Lancashire Constabulary,Lancashire Constabulary,-2.477083,53.735171,On or near Park Lee Road,E01012631,Blackburn with Darwen 006B,Anti-social behaviour,,
,2021-06,Lancashire Constabulary,Lancashire Constabulary,-2.479886,53.737685,On or near Rockcliffe Street,E01012631,Blackburn with Darwen 006B,Anti-social behaviour,,
,2021-06,Lancashire Constabulary,Lancashire Constabulary,-2.473131,53.739671,On or near Barn Gill Close,E01012631,Blackburn with Darwen 006B,Anti-social behaviour,,
,2021-06,Lancashire Constabulary,Lancashire Constabulary,-2.472645,53.740923,On or near Malham Gardens,E01012631,Blackburn with Darwen 006B,Anti-social behaviour,,
,2021-06,Lancashire Constabulary,Lancashire Constabulary,-2.476336,53.740171,On or near Crossfield Street,E01012631,Blackburn with Darwen 006B,Anti-social behaviour,,
983cc52bad3093864f819d6d1058c78dd08a8341d9f4bf5e1b528c9fae56f4f0,2021-06,Lancashire Constabulary,Lancashire Constabulary,-2.472878,53.740077,On or near Hareden Brook Close,E01012631,Blackburn with Darwen 006B,Burglary,Investigation complete; no suspect identified,
5466dafa5018869952a3bbdb821f2e477400139b9258fb97aeb2605484872867,2021-06,Lancashire Constabulary,Lancashire Constabulary,-2.476336,53.740171,On or near Crossfield Street,E01012631,Blackburn with Darwen 006B,Criminal damage and arson,Unable to prosecute suspect,
f6ac2f12f1629fd26e6d054518636e193ea29160142c9c1316ca7d552684fe3f,2021-06,Lancashire Constabulary,Lancashire Constabulary,-2.477083,53.735171,On or near Park Lee Road,E01012631,Blackburn with Darwen 006B,Criminal damage and arson,Investigation complete; no suspect identified,
67903fa0e704b267b20d340036cb7737d83d1ea54da4110c1e90a8bf3b7594ac,2021-06,Lancashire Constabulary,Lancashire Constabulary,-2.479727,53.737075,On or near Smalley Way,E01012631,Blackburn with Darwen 006B,Public order,Unable to prosecute suspect,
383bef6c1f9a58ddf4fb3da6347ab27319b8138b5611c59940b2b2eb7c31f4dc,2021-06,Lancashire Constabulary,Lancashire Constabulary,-2.472645,53.740923,On or near Malham Gardens,E01012631,Blackburn with Darwen 006B,Public order,Investigation complete; no suspect identified,
a1d9568a84e44836618be1543191547633c7694d0fb3ef5bb0d79ce5ff4b2b0e,2021-06,Lancashire Constabulary,Lancashire Constabulary,-2.477072,53.739548,On or near Balmoral Close,E01012631,Blackburn with Darwen 006B,Public order,Unable to prosecute suspect,
0e4a91e038d2b8b4887ed7b9ffcd8a3d548b4f0884de0cf3cc669dd48e5388f6,2021-06,Lancashire Constabulary,Lancashire Constabulary,-2.472645,53.740923,On or near Malham Gardens,E01012631,Blackburn with Darwen 006B,Public order,Investigation complete; no suspect identified,
e901001cb31e6b3b3d7f4351fabbf41a426d1fbc29c11904438ab8a351faa32b,2021-06,Lancashire Constabulary,Lancashire Constabulary,-2.478039,53.737944,On or near Yates Fold,E01012631,Blackburn with Darwen 006B,Vehicle crime,Investigation complete; no suspect identified,
9ea47eaaa89592f9f21d78d49c19154c8528f9faed3a2300b97130d4b8cf4926,2021-06,Lancashire Constabulary,Lancashire Constabulary,-2.479351,53.737328,On or near Honey Hole,E01012631,Blackburn with Darwen 006B,Violence and sexual offences,Status update unavailable,
b93aef34a982f23b31c0fe16592144b3dca273b3b7227a07996ff62df48aaf29,2021-06,Lancashire Constabulary,Lancashire Constabulary,-2.476336,53.740171,On or near Crossfield Street,E01012631,Blackburn with Darwen 006B,Violence and sexual offences,Unable to prosecute suspect,
aabe7f1ee1baa8da4d54f95ad50d3e3107cdd1ce0d11b51171343b468ec5fcfd,2021-06,Lancashire Constabulary,Lancashire Constabulary,-2.476322,53.738958,On or near Gillies Street,E01012631,Blackburn with Darwen 006B,Violence and sexual offences,Unable to prosecute suspect,
2464655d2568130b6033c2cf134b9443c05706e48857c05e764df0b503d9e1f8,2021-06,Lancashire Constabulary,Lancashire Constabulary,-2.478039,53.737944,On or near Yates Fold,E01012631,Blackburn with Darwen 006B,Violence and sexual offences,Court result unavailable,
47182cbe596785847f5709e018df3aee6ad584a2cd86f39fc901d95dafc6768c,2021-06,Lancashire Constabulary,Lancashire Constabulary,-2.479351,53.737328,On or near Honey Hole,E01012631,Blackburn with Darwen 006B,Violence and sexual offences,Unable to prosecute suspect,
07307cd0d8409bf9ff87663657ce63e495d99ebbcbd2b131eba12b8ecbf0c151,2021-06,Lancashire Constabulary,Lancashire Constabulary,-2.478039,53.737944,On or near Yates Fold,E01012631,Blackburn with Darwen 006B,Violence and sexual offences,Unable to prosecute suspect,
139ab15d9acd3d83a1128d51261db70898d899d10b6139ad96d547c217ff11d9,2021-06,Lancashire Constabulary,Lancashire Constabulary,-2.473131,53.739671,On or near Barn Gill Close,E01012631,Blackburn with Darwen 006B,Violence and sexual offences,Unable to prosecute suspect,
464008863b7b82300102a7e965839c55dd8f7448b79b4ed500f921a4477389db,2021-06,Lancashire Constabulary,Lancashire Constabulary,-2.474859,53.736932,On or near Brandy House Brow,E01012631,Blackburn with Darwen 006B,Violence and sexual offences,Unable to prosecute suspect,
c0e5cdaf8b534f2dda00657ce7977e70f5ae852b1556d69079812bd7e9de0c8d,2021-06,Lancashire Constabulary,Lancashire Constabulary,-2.479886,53.737685,On or near Rockcliffe Street,E01012631,Blackburn with Darwen 006B,Violence and sexual offences,Status update unavailable,
37045d63b11a779f57791b1adbbfcbaf1decd055ddc8ce127e72388925e10c52,2021-06,Lancashire Constabulary,Lancashire Constabulary,-2.478399,53.736298,On or near Newchurch Close,E01012631,Blackburn with Darwen 006B,Violence and sexual offences,Investigation complete; no suspect identified,
83aa173a45325b0eea71f10f302b86d9ff4e78aaa14cb260abceb722ede24eeb,2021-06,Lancashire Constabulary,Lancashire Constabulary,-2.478616,53.737978,On or near Cobourg Close,E01012631,Blackburn with Darwen 006B,Violence and sexual offences,Unable to prosecute suspect,
,2021-06,Lancashire Constabulary,Lancashire Constabulary,-2.477574,53.747707,On or near Parking Area,E01012643,Blackburn with Darwen 006C,Anti-social behaviour,,
,2021-06,Lancashire Constabulary,Lancashire Constabulary,-2.481438,53.754145,On or near Blackburn Street,E01012643,Blackburn with Darwen 006C,Anti-social behaviour,,
,2021-06,Lancashire Constabulary,Lancashire Constabulary,-2.473526,53.753170,On or near Birley Street,E01012643,Blackburn with Darwen 006C,Anti-social behaviour,,
,2021-06,Lancashire Constabulary,Lancashire Constabulary,-2.479826,53.753756,On or near Whalley Range,E01012643,Blackburn with Darwen 006C,Anti-social behaviour,,
,2021-06,Lancashire Constabulary,Lancashire Constabulary,-2.480235,53.747049,On or near Bus/Coach Station,E01012643,Blackburn with Darwen 006C,Anti-social behaviour,,
,2021-06,Lancashire Constabulary,Lancashire Constabulary,-2.482322,53.743949,On or near Park Road,E01012643,Blackburn with Darwen 006C,Anti-social behaviour,,
,2021-06,Lancashire Constabulary,Lancashire Constabulary,-2.479481,53.752742,On or near Finch Close,E01012643,Blackburn with Darwen 006C,Anti-social behaviour,,
,2021-06,Lancashire Constabulary,Lancashire Constabulary,-2.480056,53.746007,On or near Parking Area,E01012643,Blackburn with Darwen 006C,Anti-social behaviour,,
,2021-06,Lancashire Constabulary,Lancashire Constabulary,-2.479826,53.753756,On or near Whalley Range,E01012643,Blackburn with Darwen 006C,Anti-social behaviour,,
,2021-06,Lancashire Constabulary,Lancashire Constabulary,-2.479826,53.753756,On or near Whalley Range,E01012643,Blackburn with Darwen 006C,Anti-social behaviour,,
,2021-06,Lancashire Constabulary,Lancashire Constabulary,-2.482322,53.743949,On or near Park Road,E01012643,Blackburn with Darwen 006C,Anti-social behaviour,,
,2021-06,Lancashire Constabulary,Lancashire Constabulary,-2.479826,53.753756,On or near Whalley Range,E01012643,Blackburn with Darwen 006C,Anti-social behaviour,,
,2021-06,Lancashire Constabulary,Lancashire Constabulary,-2.480056,53.746007,On or near Parking Area,E01012643,Blackburn with Darwen 006C,Anti-social behaviour,,
,2021-06,Lancashire Constabulary,Lancashire Constabulary,-2.480235,53.747049,On or near Bus/Coach Station,E01012643,Blackburn with Darwen 006C,Anti-social behaviour,,
,2021-06,Lancashire Constabulary,Lancashire Constabulary,-2.480056,53.746007,On or near Parking Area,E01012643,Blackburn with Darwen 006C,Anti-social behaviour,,
,2021-06,Lancashire Constabulary,Lancashire Constabulary,-2.480056,53.746007,On or near Parking Area,E01012643,Blackburn with Darwen 006C,Anti-social behaviour,,
,2021-06,Lancashire Constabulary,Lancashire Constabulary,-2.479339,53.748284,On or near Supermarket,E01012643,Blackburn with Darwen 006C,Anti-social behaviour,,
,2021-06,Lancashire Constabulary,Lancashire Constabulary,-2.482322,53.743949,On or near Park Road,E01012643,Blackburn with Darwen 006C,Anti-social behaviour,,
,2021-06,Lancashire Constabulary,Lancashire Constabulary,-2.479339,53.748284,On or near Supermarket,E01012643,Blackburn with Darwen 006C,Anti-social behaviour,,
,2021-06,Lancashire Constabulary,Lancashire Constabulary,-2.479339,53.748284,On or near Supermarket,E01012643,Blackburn with Darwen 006C,Anti-social behaviour,,
,2021-06,Lancashire Constabulary,Lancashire Constabulary,-2.479339,53.748284,On or near Supermarket,E01012643,Blackburn with Darwen 006C,Anti-social behaviour,,
,2021-06,Lancashire Constabulary,Lancashire Constabulary,-2.479826,53.753756,On or near Whalley Range,E01012643,Blackburn with Darwen 006C,Anti-social behaviour,,
,2021-06,Lancashire Constabulary,Lancashire Constabulary,-2.479826,53.753756,On or near Whalley Range,E01012643,Blackburn with Darwen 006C,Anti-social behaviour,,
,2021-06,Lancashire Constabulary,Lancashire Constabulary,-2.480235,53.747049,On or near Bus/Coach Station,E01012643,Blackburn with Darwen 006C,Anti-social behaviour,,
dea31e088a92c621ce10a2564193eae122cf241e9493987e70365e7ea9309360,2021-06,Lancashire Constabulary,Lancashire Constabulary,-2.480235,53.747049,On or near Bus/Coach Station,E01012643,Blackburn with Darwen 006C,Criminal damage and arson,Status update unavailable,
2b80b756f6a95b517b00f1a096c9da1e0e99d37aeb78c277751bf94557174c9b,2021-06,Lancashire Constabulary,Lancashire Constabulary,-2.479826,53.753756,On or near Whalley Range,E01012643,Blackburn with Darwen 006C,Criminal damage and arson,Court result unavailable,
6e3009ce2b08722f8c4f7c57e69a4af1d8f30b521eb81cc05a97b106828bdb5a,2021-06,Lancashire Constabulary,Lancashire Constabulary,-2.479339,53.748284,On or near Supermarket,E01012643,Blackburn with Darwen 006C,Criminal damage and arson,Status update unavailable,
04fbefed047411b49727f5456298706aefb4da6d404b7f00e7f344951b9b2e98,2021-06,Lancashire Constabulary,Lancashire Constabulary,-2.480235,53.747049,On or near Bus/Coach Station,E01012643,Blackburn with Darwen 006C,Criminal damage and arson,Offender given a caution,
96de5bc81de08723b1d951d0a3f0f5cd79a60ec257cdb9b1e71347170749b1f1,2021-06,Lancashire Constabulary,Lancashire Constabulary,-2.482322,53.743949,On or near Park Road,E01012643,Blackburn with Darwen 006C,Drugs,Status update unavailable,
d1f9625c734241bc8d27190df3fbf125c6ecb0b2e9c091b7d9e9e48cb0d80fe0,2021-06,Lancashire Constabulary,Lancashire Constabulary,-2.479339,53.748284,On or near Supermarket,E01012643,Blackburn with Darwen 006C,Other theft,Further investigation is not in the public interest,
9e523e1ad412ee5dbe9018622a704c19420f0a9a013e94b4151514c1e1e22fdf,2021-06,Lancashire Constabulary,Lancashire Constabulary,-2.479339,53.748284,On or near Supermarket,E01012643,Blackburn with Darwen 006C,Other theft,Investigation complete; no suspect identified,
31fa10e6afe20803cba150df15d3b784109dc33d3283371b1a0276c2c54f0f8b,2021-06,Lancashire Constabulary,Lancashire Constabulary,-2.479339,53.748284,On or near Supermarket,E01012643,Blackburn with Darwen 006C,Other theft,Status update unavailable,
e89db1582ea495f4f5c6ca9013df6b075831ff8c9313be55e6d5abd6a2c4037f,2021-06,Lancashire Constabulary,Lancashire Constabulary,-2.482322,53.743949,On or near Park Road,E01012643,Blackburn with Darwen 006C,Public order,Unable to prosecute suspect,
686bb4b069306d1343a4daa5da4b31c6e531277ac09671a0e03d8d179ae9d088,2021-06,Lancashire Constabulary,Lancashire Constabulary,-2.482322,53.743949,On or near Park Road,E01012643,Blackburn with Darwen 006C,Public order,Unable to prosecute suspect,
bae180f1d9e9455d16332d61666976f2d48e0a17839e7532e5a1d325c4c71d38,2021-06,Lancashire Constabulary,Lancashire Constabulary,-2.480056,53.746007,On or near Parking Area,E01012643,Blackburn with Darwen 006C,Public order,Further investigation is not in the public interest,
bcf5efb372b970a9eb33e2ee795a1f2264bdb858ba4f3d22edd0d03bedb036f5,2021-06,Lancashire Constabulary,Lancashire Constabulary,-2.479979,53.749855,On or near Parking Area,E01012643,Blackburn with Darwen 006C,Public order,Investigation complete; no suspect identified,
3625cb3f62f2e2ca9011bc5322febcfbb09dd7078c73f05f9ad23fa98fd14880,2021-06,Lancashire Constabulary,Lancashire Constabulary,-2.479339,53.748284,On or near Supermarket,E01012643,Blackburn with Darwen 006C,Shoplifting,Unable to prosecute suspect,
438fb1e998fdb08c540bbe0ee4e7be585a368ecbdac39b7ce353031005d229ec,2021-06,Lancashire Constabulary,Lancashire Constabulary,-2.479339,53.748284,On or near Supermarket,E01012643,Blackburn with Darwen 006C,Shoplifting,Unable to prosecute suspect,
cf5568dc98b821fbdcf5c89e4e4d908390a3d86843bf557208f3889e76a8c806,2021-06,Lancashire Constabulary,Lancashire Constabulary,-2.479339,53.748284,On or near Supermarket,E01012643,Blackburn with Darwen 006C,Shoplifting,Local resolution,
0df2d6cd0493e6b005de3781db710a5e179f0b9638e03a4f5c090f1401a0c54d,2021-06,Lancashire Constabulary,Lancashire Constabulary,-2.479339,53.748284,On or near Supermarket,E01012643,Blackburn with Darwen 006C,Shoplifting,Unable to prosecute suspect,
cba64f8dc44ebb1b8f9dac9b52700b7ec40d34a5681d2838579f3fa9f8c2e151,2021-06,Lancashire Constabulary,Lancashire Constabulary,-2.479339,53.748284,On or near Supermarket,E01012643,Blackburn with Darwen 006C,Shoplifting,Status update unavailable,
00eb23a5125d457099dd41964f8806e27f89c343316bcb3d45049694e20550a3,2021-06,Lancashire Constabulary,Lancashire Constabulary,-2.480554,53.748459,On or near Pedestrian Subway,E01012643,Blackburn with Darwen 006C,Theft from the person,Investigation complete; no suspect identified,
174102305afe8069f4fb3875c0674fe23f413cc8146308696c9820a609e3fbba,2021-06,Lancashire Constabulary,Lancashire Constabulary,-2.480235,53.747049,On or near Bus/Coach Station,E01012643,Blackburn with Darwen 006C,Violence and sexual offences,Offender given a caution,
0d98f46147aa0938ab52e7eace4a8b361955c1ff792fe450b6caba0e8cb6ef19,2021-06,Lancashire Constabulary,Lancashire Constabulary,-2.473558,53.751974,On or near Trinity Street,E01012643,Blackburn with Darwen 006C,Violence and sexual offences,Status update unavailable,
60829b83ead40213f16805e15d4f4c3fdd4d28173dced0c22a28a6e10f542b1b,2021-06,Lancashire Constabulary,Lancashire Constabulary,-2.482322,53.743949,On or near Park Road,E01012643,Blackburn with Darwen 006C,Violence and sexual offences,Unable to prosecute suspect,
25ee0a227bdce1f50dcf5f8449c672e316575296904c26c01b86e476916bede8,2021-06,Lancashire Constabulary,Lancashire Constabulary,-2.475683,53.753530,On or near Lark Hill,E01012643,Blackburn with Darwen 006C,Violence and sexual offences,Investigation complete; no suspect identified,
68823b856a58b912719e7fc13b228fe704e28eb8e00a7fe1b51f8101265d78ed,2021-06,Lancashire Constabulary,Lancashire Constabulary,-2.476196,53.751946,On or near Primrose Drive,E01012643,Blackburn with Darwen 006C,Violence and sexual offences,Unable to prosecute suspect,
7954bc47fa041f4c43028f18f10f2e8e11fd0f5c7064c3adc31e0acd99a5ac84,2021-06,Lancashire Constabulary,Lancashire Constabulary,-2.480235,53.747049,On or near Bus/Coach Station,E01012643,Blackburn with Darwen 006C,Violence and sexual offences,Investigation complete; no suspect identified,
c946b6d5ebe8905f0ee444bb926342388af33b5affb98e41d63149030c63429a,2021-06,Lancashire Constabulary,Lancashire Constabulary,-2.476982,53.751691,On or near Lark Hill,E01012643,Blackburn with Darwen 006C,Violence and sexual offences,Unable to prosecute suspect,
12295baadbc4b648235947d41955c5ae2178a7e8076aa6e3840fc6b9c426ee1a,2021-06,Lancashire Constabulary,Lancashire Constabulary,-2.473526,53.753170,On or near Birley Street,E01012643,Blackburn with Darwen 006C,Violence and sexual offences,Unable to prosecute suspect,
,2021-06,Lancashire Constabulary,Lancashire Constabulary,-2.483201,53.746516,On or near St Peter Street,E01012644,Blackburn with Darwen 006D,Anti-social behaviour,,
,2021-06,Lancashire Constabulary,Lancashire Constabulary,-2.483046,53.746265,On or near Nightclub,E01012644,Blackburn with Darwen 006D,Anti-social behaviour,,
,2021-06,Lancashire Constabulary,Lancashire Constabulary,-2.483201,53.746516,On or near St Peter Street,E01012644,Blackburn with Darwen 006D,Anti-social behaviour,,
,2021-06,Lancashire Constabulary,Lancashire Constabulary,-2.483772,53.747386,On or near Fleming Square,E01012644,Blackburn with Darwen 006D,Anti-social behaviour,,
,2021-06,Lancashire Constabulary,Lancashire Constabulary,-2.483764,53.747970,On or near Shopping Area,E01012644,Blackburn with Darwen 006D,Anti-social behaviour,,
,2021-06,Lancashire Constabulary,Lancashire Constabulary,-2.482099,53.750889,On or near James Street,E01012644,Blackburn with Darwen 006D,Anti-social behaviour,,
,2021-06,Lancashire Constabulary,Lancashire Constabulary,-2.483201,53.746516,On or near St Peter Street,E01012644,Blackburn with Darwen 006D,Anti-social behaviour,,
,2021-06,Lancashire Constabulary,Lancashire Constabulary,-2.484929,53.749116,On or near Shopping Area,E01012644,Blackburn with Darwen 006D,Anti-social behaviour,,
,2021-06,Lancashire Constabulary,Lancashire Constabulary,-2.483497,53.748537,On or near Parking Area,E01012644,Blackburn with Darwen 006D,Anti-social behaviour,,
,2021-06,Lancashire Constabulary,Lancashire Constabulary,-2.481689,53.753488,On or near Kendal Street,E01012644,Blackburn with Darwen 006D,Anti-social behaviour,,
,2021-06,Lancashire Constabulary,Lancashire Constabulary,-2.482503,53.745153,On or near Weir Street,E01012644,Blackburn with Darwen 006D,Anti-social behaviour,,
,2021-06,Lancashire Constabulary,Lancashire Constabulary,-2.483772,53.747386,On or near Fleming Square,E01012644,Blackburn with Darwen 006D,Anti-social behaviour,,
,2021-06,Lancashire Constabulary,Lancashire Constabulary,-2.483772,53.747386,On or near Fleming Square,E01012644,Blackburn with Darwen 006D,Anti-social behaviour,,
,2021-06,Lancashire Constabulary,Lancashire Constabulary,-2.483927,53.747691,On or near Astley Gate,E01012644,Blackburn with Darwen 006D,Anti-social behaviour,,
,2021-06,Lancashire Constabulary,Lancashire Constabulary,-2.483772,53.747386,On or near Fleming Square,E01012644,Blackburn with Darwen 006D,Anti-social behaviour,,
,2021-06,Lancashire Constabulary,Lancashire Constabulary,-2.486163,53.750899,On or near Limbrick,E01012644,Blackburn with Darwen 006D,Anti-social behaviour,,
,2021-06,Lancashire Constabulary,Lancashire Constabulary,-2.481735,53.752211,On or near Victoria Street,E01012644,Blackburn with Darwen 006D,Anti-social behaviour,,
,2021-06,Lancashire Constabulary,Lancashire Constabulary,-2.483046,53.746265,On or near Nightclub,E01012644,Blackburn with Darwen 006D,Anti-social behaviour,,
,2021-06,Lancashire Constabulary,Lancashire Constabulary,-2.483201,53.746516,On or near St Peter Street,E01012644,Blackburn with Darwen 006D,Anti-social behaviour,,
,2021-06,Lancashire Constabulary,Lancashire Constabulary,-2.483772,53.747386,On or near Fleming Square,E01012644,Blackburn with Darwen 006D,Anti-social behaviour,,
,2021-06,Lancashire Constabulary,Lancashire Constabulary,-2.486404,53.753379,On or near Willoughby Street,E01012644,Blackburn with Darwen 006D,Anti-social behaviour,,
59379bad9517a7523f92ff7d76689d478d66bfb69c040712b892fc4698805854,2021-06,Lancashire Constabulary,Lancashire Constabulary,-2.482994,53.752260,On or near Randal Street,E01012644,Blackburn with Darwen 006D,Burglary,Investigation complete; no suspect identified,
43086364828870cc8520d4a1a92b9d8dcfb57ba9ba87d5f5caab5eb79f67d06d,2021-06,Lancashire Constabulary,Lancashire Constabulary,-2.484739,53.752343,On or near Lime Street,E01012644,Blackburn with Darwen 006D,Criminal damage and arson,Unable to prosecute suspect,
47dd79609a9b6b0667c41eeb950aca6f16f99e65c559706b8127fddd299d031f,2021-06,Lancashire Constabulary,Lancashire Constabulary,-2.484400,53.754475,On or near London Road,E01012644,Blackburn with Darwen 006D,Criminal damage and arson,Unable to prosecute suspect,
7661efca4cecffad980e4d473bb4237b6bdbbdec4184996960813b3b100cc9e0,2021-06,Lancashire Constabulary,Lancashire Constabulary,-2.484739,53.752343,On or near Lime Street,E01012644,Blackburn with Darwen 006D,Criminal damage and arson,Status update unavailable,
44be54eca8baa1cc98b522522c9569b1c6662e62bfec3b836808438611180c22,2021-06,Lancashire Constabulary,Lancashire Constabulary,-2.482659,53.748145,On or near Shopping Area,E01012644,Blackburn with Darwen 006D,Criminal damage and arson,Status update unavailable,
bc6d8c1fb3163af60ebc6daee277cf067d3064caacf62c14499e3fad170a2472,2021-06,Lancashire Constabulary,Lancashire Constabulary,-2.485382,53.750219,On or near King William Street,E01012644,Blackburn with Darwen 006D,Drugs,Court result unavailable,
5c904139f4e94c91da89d62d0886ca4d7f342c1ea7d9837526ae9e1a2a182923,2021-06,Lancashire Constabulary,Lancashire Constabulary,-2.486163,53.750899,On or near Limbrick,E01012644,Blackburn with Darwen 006D,Other theft,Status update unavailable,
98144f618fc2c637d7abf991bd29ed7afeead758bdee92b605de5cfdd6dc811b,2021-06,Lancashire Constabulary,Lancashire Constabulary,-2.482659,53.748145,On or near Shopping Area,E01012644,Blackburn with Darwen 006D,Other theft,Investigation complete; no suspect identified,
6f344784b993aa2aaf85fa989443ee49dfb3eb55ca08dc9bd4f144e467b3e249,2021-06,Lancashire Constabulary,Lancashire Constabulary,-2.484929,53.749116,On or near Shopping Area,E01012644,Blackburn with Darwen 006D,Public order,Unable to prosecute suspect,
3f09fb2ace28ecaf53c3c55eaa794e1bee6bf1ffa7ac297a8927a45233fc21b6,2021-06,Lancashire Constabulary,Lancashire Constabulary,-2.482659,53.748145,On or near Shopping Area,E01012644,Blackburn with Darwen 006D,Public order,Court result unavailable,
3d698c229932c274e45d36139b2c70ab80cff376f527e6ae4c584d016fac48fb,2021-06,Lancashire Constabulary,Lancashire Constabulary,-2.483772,53.747386,On or near Fleming Square,E01012644,Blackburn with Darwen 006D,Public order,Unable to prosecute suspect,
040013d3f381e44af4cf6a606ac23a8db727fb80d52645cce50ca6b18040c01a,2021-06,Lancashire Constabulary,Lancashire Constabulary,-2.481993,53.749649,On or near Parking Area,E01012644,Blackburn with Darwen 006D,Shoplifting,Status update unavailable,
8809701e89ebf8a068565e55783321fc5343ed13bf066e257f59aa9f04e900a4,2021-06,Lancashire Constabulary,Lancashire Constabulary,-2.481993,53.749649,On or near Parking Area,E01012644,Blackburn with Darwen 006D,Shoplifting,Unable to prosecute suspect,
3cf744d47934bc346765eb06d89bd275c172124281e59d3eb0d2806e13239e45,2021-06,Lancashire Constabulary,Lancashire Constabulary,-2.484929,53.749116,On or near Shopping Area,E01012644,Blackburn with Darwen 006D,Shoplifting,Court result unavailable,
7f828567ba42554865c527563b9a20fcd1723da53c1f4105b16a60a5ce2168a2,2021-06,Lancashire Constabulary,Lancashire Constabulary,-2.483295,53.749455,On or near Shopping Area,E01012644,Blackburn with Darwen 006D,Shoplifting,Court result unavailable,
37ced6f0177fc60619ec4e67df25456e2d365c1bab53df5995ce2037c4085da4,2021-06,Lancashire Constabulary,Lancashire Constabulary,-2.483497,53.748537,On or near Parking Area,E01012644,Blackburn with Darwen 006D,Shoplifting,Local resolution,
c9d5bd7da5487f832bc1c9ff82b0c57cece9cfcac53e0ecbed42cfc82d43e3ae,2021-06,Lancashire Constabulary,Lancashire Constabulary,-2.482659,53.748145,On or near Shopping Area,E01012644,Blackburn with Darwen 006D,Shoplifting,Formal action is not in the public interest,
66da4b59f97135d1ea9e834fcf2e12b4a340b2d6e61f7c88418498e5c2a3835d,2021-06,Lancashire Constabulary,Lancashire Constabulary,-2.481993,53.749649,On or near Parking Area,E01012644,Blackburn with Darwen 006D,Shoplifting,Unable to prosecute suspect,
cb90a4f6e9627b30e4616e359a47b34cc912a1d422e36e281e955736578ca3d6,2021-06,Lancashire Constabulary,Lancashire Constabulary,-2.481993,53.749649,On or near Parking Area,E01012644,Blackburn with Darwen 006D,Shoplifting,Local resolution,
980c499711ead97ec2dc555553089890de59f07ccc22ac6d74c33805f24a0d60,2021-06,Lancashire Constabulary,Lancashire Constabulary,-2.484929,53.749116,On or near Shopping Area,E01012644,Blackburn with Darwen 006D,Shoplifting,Local resolution,
738cf57e7e1454cf62eb7fd15c70c9d4760113569b65291cc39d7d2f79ad520f,2021-06,Lancashire Constabulary,Lancashire Constabulary,-2.487187,53.751587,On or near Strawberry Bank,E01012644,Blackburn with Darwen 006D,Vehicle crime,Investigation complete; no suspect identified,
d317cb886d33ee652ce1975d2b6f3a902d52554c6e61171365165c7d3a0e496d,2021-06,Lancashire Constabulary,Lancashire Constabulary,-2.484739,53.752343,On or near Lime Street,E01012644,Blackburn with Darwen 006D,Violence and sexual offences,Unable to prosecute suspect,
eb8602c342d899229756b381ac73f5eef804aa7990700d2cb063902109bed6c7,2021-06,Lancashire Constabulary,Lancashire Constabulary,-2.485382,53.750219,On or near King William Street,E01012644,Blackburn with Darwen 006D,Violence and sexual offences,Unable to prosecute suspect,
8656493d89b445a7b200852f6bcd0a69200ae1c09fb3246057fdf69736960466,2021-06,Lancashire Constabulary,Lancashire Constabulary,-2.483201,53.746516,On or near St Peter Street,E01012644,Blackburn with Darwen 006D,Violence and sexual offences,Unable to prosecute suspect,
81a9fb2c42e6e2854058b90216a874fb6b3cac3adf756978ecfe1a21dec1cee0,2021-06,Lancashire Constabulary,Lancashire Constabulary,-2.483764,53.747970,On or near Shopping Area,E01012644,Blackburn with Darwen 006D,Violence and sexual offences,Unable to prosecute suspect,
432e29c805b74a1eccb040b1f47c95cf1e811770e827567a7349c2971c05a91f,2021-06,Lancashire Constabulary,Lancashire Constabulary,-2.483772,53.747386,On or near Fleming Square,E01012644,Blackburn with Darwen 006D,Violence and sexual offences,Investigation complete; no suspect identified,
e99f8188ddd5a80de12c71d29ef2916753c85f78d17a2ef994a33b0808479b1a,2021-06,Lancashire Constabulary,Lancashire Constabulary,-2.485382,53.750219,On or near King William Street,E01012644,Blackburn with Darwen 006D,Violence and sexual offences,Unable to prosecute suspect,
78858b8b36b3097be31e3562a120f7df537f7fda3f2ee3532bbf977d5498e0f3,2021-06,Lancashire Constabulary,Lancashire Constabulary,-2.481811,53.745650,On or near Pilkington Street,E01012644,Blackburn with Darwen 006D,Violence and sexual offences,Unable to prosecute suspect,
0e94b20151ba00dc59d56edf2429c20ac734dcfab08b738d077106919f9a4bdf,2021-06,Lancashire Constabulary,Lancashire Constabulary,-2.487044,53.752325,On or near St Andrew'S Street,E01012644,Blackburn with Darwen 006D,Violence and sexual offences,Unable to prosecute suspect,
5ee4f8857e53ddcac890c960e6f82b6642ba460f4548c6692250c46c49647487,2021-06,Lancashire Constabulary,Lancashire Constabulary,-2.487044,53.752325,On or near St Andrew'S Street,E01012644,Blackburn with Darwen 006D,Violence and sexual offences,Unable to prosecute suspect,
1ceb97d46f2dc6c789343be0789886e9c4a334bd53397d20a091950960c323ce,2021-06,Lancashire Constabulary,Lancashire Constabulary,-2.482659,53.748145,On or near Shopping Area,E01012644,Blackburn with Darwen 006D,Violence and sexual offences,Court result unavailable,
323fbcac4c219a1c82ab9427809910c72baa5b7f08461aa6196b2aa7c417c7be,2021-06,Lancashire Constabulary,Lancashire Constabulary,-2.482994,53.752260,On or near Randal Street,E01012644,Blackburn with Darwen 006D,Violence and sexual offences,Investigation complete; no suspect identified,
d324bae06b9a3bb36980145842595fbf490f7c2898685d2d1d3f8b1118b06ab2,2021-06,Lancashire Constabulary,Lancashire Constabulary,-2.482299,53.745837,On or near Darwen Street,E01012644,Blackburn with Darwen 006D,Violence and sexual offences,Unable to prosecute suspect,
,2021-06,Lancashire Constabulary,Lancashire Constabulary,-2.496977,53.747179,On or near Hazel Close,E01012655,Blackburn with Darwen 006E,Anti-social behaviour,,
,2021-06,Lancashire Constabulary,Lancashire Constabulary,-2.487097,53.749035,On or near Blakey Moor,E01012655,Blackburn with Darwen 006E,Anti-social behaviour,,
,2021-06,Lancashire Constabulary,Lancashire Constabulary,-2.485312,53.748134,On or near Lower Cockcroft,E01012655,Blackburn with Darwen 006E,Anti-social behaviour,,
,2021-06,Lancashire Constabulary,Lancashire Constabulary,-2.500730,53.745222,On or near Apple Street,E01012655,Blackburn with Darwen 006E,Anti-social behaviour,,
,2021-06,Lancashire Constabulary,Lancashire Constabulary,-2.500730,53.745222,On or near Apple Street,E01012655,Blackburn with Darwen 006E,Anti-social behaviour,,
,2021-06,Lancashire Constabulary,Lancashire Constabulary,-2.488146,53.746685,On or near Prince'S Street,E01012655,Blackburn with Darwen 006E,Anti-social behaviour,,
,2021-06,Lancashire Constabulary,Lancashire Constabulary,-2.485312,53.748134,On or near Lower Cockcroft,E01012655,Blackburn with Darwen 006E,Anti-social behaviour,,
,2021-06,Lancashire Constabulary,Lancashire Constabulary,-2.489793,53.743532,On or near Harrison Street,E01012655,Blackburn with Darwen 006E,Anti-social behaviour,,
,2021-06,Lancashire Constabulary,Lancashire Constabulary,-2.489793,53.743532,On or near Harrison Street,E01012655,Blackburn with Darwen 006E,Anti-social behaviour,,
,2021-06,Lancashire Constabulary,Lancashire Constabulary,-2.490505,53.740905,On or near Galligreaves Way,E01012655,Blackburn with Darwen 006E,Anti-social behaviour,,
,2021-06,Lancashire Constabulary,Lancashire Constabulary,-2.500730,53.745222,On or near Apple Street,E01012655,Blackburn with Darwen 006E,Anti-social behaviour,,
,2021-06,Lancashire Constabulary,Lancashire Constabulary,-2.491897,53.748404,On or near Supermarket,E01012655,Blackburn with Darwen 006E,Anti-social behaviour,,
,2021-06,Lancashire Constabulary,Lancashire Constabulary,-2.488146,53.746685,On or near Prince'S Street,E01012655,Blackburn with Darwen 006E,Anti-social behaviour,,
,2021-06,Lancashire Constabulary,Lancashire Constabulary,-2.491754,53.744001,On or near Whalley Banks,E01012655,Blackburn with Darwen 006E,Anti-social behaviour,,
,2021-06,Lancashire Constabulary,Lancashire Constabulary,-2.484806,53.744991,On or near Tattersall Street,E01012655,Blackburn with Darwen 006E,Anti-social behaviour,,
,2021-06,Lancashire Constabulary,Lancashire Constabulary,-2.489658,53.741097,On or near Avon Close,E01012655,Blackburn with Darwen 006E,Anti-social behaviour,,
,2021-06,Lancashire Constabulary,Lancashire Constabulary,-2.488146,53.746685,On or near Prince'S Street,E01012655,Blackburn with Darwen 006E,Anti-social behaviour,,
,2021-06,Lancashire Constabulary,Lancashire Constabulary,-2.491035,53.746017,On or near Stonyhurst Road,E01012655,Blackburn with Darwen 006E,Anti-social behaviour,,
,2021-06,Lancashire Constabulary,Lancashire Constabulary,-2.486397,53.746216,On or near Heaton Street,E01012655,Blackburn with Darwen 006E,Anti-social behaviour,,
,2021-06,Lancashire Constabulary,Lancashire Constabulary,-2.490077,53.741895,On or near Galligreaves Street,E01012655,Blackburn with Darwen 006E,Anti-social behaviour,,
,2021-06,Lancashire Constabulary,Lancashire Constabulary,-2.487097,53.749035,On or near Blakey Moor,E01012655,Blackburn with Darwen 006E,Anti-social behaviour,,
,2021-06,Lancashire Constabulary,Lancashire Constabulary,-2.491035,53.746017,On or near Stonyhurst Road,E01012655,Blackburn with Darwen 006E,Anti-social behaviour,,
,2021-06,Lancashire Constabulary,Lancashire Constabulary,-2.485278,53.746499,On or near Clayton Street,E01012655,Blackburn with Darwen 006E,Anti-social behaviour,,
,2021-06,Lancashire Constabulary,Lancashire Constabulary,-2.486397,53.746216,On or near Heaton Street,E01012655,Blackburn with Darwen 006E,Anti-social behaviour,,
,2021-06,Lancashire Constabulary,Lancashire Constabulary,-2.496977,53.747179,On or near Hazel Close,E01012655,Blackburn with Darwen 006E,Anti-social behaviour,,
,2021-06,Lancashire Constabulary,Lancashire Constabulary,-2.485312,53.748134,On or near Lower Cockcroft,E01012655,Blackburn with Darwen 006E,Anti-social behaviour,,
,2021-06,Lancashire Constabulary,Lancashire Constabulary,-2.486397,53.746216,On or near Heaton Street,E01012655,Blackburn with Darwen 006E,Anti-social behaviour,,
,2021-06,Lancashire Constabulary,Lancashire Constabulary,-2.485278,53.746499,On or near Clayton Street,E01012655,Blackburn with Darwen 006E,Anti-social behaviour,,
,2021-06,Lancashire Constabulary,Lancashire Constabulary,-2.491897,53.748404,On or near Supermarket,E01012655,Blackburn with Darwen 006E,Anti-social behaviour,,
,2021-06,Lancashire Constabulary,Lancashire Constabulary,-2.489793,53.743532,On or near Harrison Street,E01012655,Blackburn with Darwen 006E,Anti-social behaviour,,
,2021-06,Lancashire Constabulary,Lancashire Constabulary,-2.491035,53.746017,On or near Stonyhurst Road,E01012655,Blackburn with Darwen 006E,Anti-social behaviour,,
,2021-06,Lancashire Constabulary,Lancashire Constabulary,-2.488146,53.746685,On or near Prince'S Street,E01012655,Blackburn with Darwen 006E,Anti-social behaviour,,
,2021-06,Lancashire Constabulary,Lancashire Constabulary,-2.489793,53.743532,On or near Harrison Street,E01012655,Blackburn with Darwen 006E,Anti-social behaviour,,
,2021-06,Lancashire Constabulary,Lancashire Constabulary,-2.500975,53.745445,On or near Apple Close,E01012655,Blackburn with Darwen 006E,Anti-social behaviour,,
,2021-06,Lancashire Constabulary,Lancashire Constabulary,-2.485312,53.748134,On or near Lower Cockcroft,E01012655,Blackburn with Darwen 006E,Anti-social behaviour,,
,2021-06,Lancashire Constabulary,Lancashire Constabulary,-2.488146,53.746685,On or near Prince'S Street,E01012655,Blackburn with Darwen 006E,Anti-social behaviour,,
,2021-06,Lancashire Constabulary,Lancashire Constabulary,-2.486993,53.746627,On or near France Street,E01012655,Blackburn with Darwen 006E,Anti-social behaviour,,
,2021-06,Lancashire Constabulary,Lancashire Constabulary,-2.496977,53.747179,On or near Hazel Close,E01012655,Blackburn with Darwen 006E,Anti-social behaviour,,
,2021-06,Lancashire Constabulary,Lancashire Constabulary,-2.490077,53.741895,On or near Galligreaves Street,E01012655,Blackburn with Darwen 006E,Anti-social behaviour,,
,2021-06,Lancashire Constabulary,Lancashire Constabulary,-2.486832,53.743167,On or near Byrom Street,E01012655,Blackburn with Darwen 006E,Anti-social behaviour,,
,2021-06,Lancashire Constabulary,Lancashire Constabulary,-2.495148,53.746386,On or near Lower Ashworth Close,E01012655,Blackburn with Darwen 006E,Anti-social behaviour,,
,2021-06,Lancashire Constabulary,Lancashire Constabulary,-2.488146,53.746685,On or near Prince'S Street,E01012655,Blackburn with Darwen 006E,Anti-social behaviour,,
,2021-06,Lancashire Constabulary,Lancashire Constabulary,-2.496071,53.746230,On or near Lower Hazel Close,E01012655,Blackburn with Darwen 006E,Anti-social behaviour,,
f72df3473316515fc30ad9ed8f133dd88e1529582fb2e5d6756838ccb2a8df62,2021-06,Lancashire Constabulary,Lancashire Constabulary,-2.485993,53.748024,On or near Barton Street,E01012655,Blackburn with Darwen 006E,Burglary,Status update unavailable,
d5a55cb5eba4891d8d5dfc0af65b17877fba3ab3fbcce953383bd33c73747744,2021-06,Lancashire Constabulary,Lancashire Constabulary,-2.485278,53.746499,On or near Clayton Street,E01012655,Blackburn with Darwen 006E,Burglary,Status update unavailable,
251bfa6ff0d0b9658cbdb73ab9152dada461244175bf21b40f4e348793e5c5e1,2021-06,Lancashire Constabulary,Lancashire Constabulary,-2.491754,53.744001,On or near Whalley Banks,E01012655,Blackburn with Darwen 006E,Criminal damage and arson,Investigation complete; no suspect identified,
66b36cf37d7e10359edbc4350d236a04a153e94e9c053c7af554cc40fb265420,2021-06,Lancashire Constabulary,Lancashire Constabulary,-2.495148,53.746386,On or near Lower Ashworth Close,E01012655,Blackburn with Darwen 006E,Criminal damage and arson,Unable to prosecute suspect,
bc8c2e82f915f42a89d11ee29234900392f3c9bf8141b2a65333bf7d602d9343,2021-06,Lancashire Constabulary,Lancashire Constabulary,-2.488146,53.746685,On or near Prince'S Street,E01012655,Blackburn with Darwen 006E,Criminal damage and arson,Further investigation is not in the public interest,
6b653991222a4027a042bee30e6c774d06dfb13e40c7c672da1194fed9be8a67,2021-06,Lancashire Constabulary,Lancashire Constabulary,-2.485278,53.746499,On or near Clayton Street,E01012655,Blackburn with Darwen 006E,Criminal damage and arson,Status update unavailable,
faf2100e16db365e10ec39adeae7542d8e92e389158671164fc500267fab94d2,2021-06,Lancashire Constabulary,Lancashire Constabulary,-2.488146,53.746685,On or near Prince'S Street,E01012655,Blackburn with Darwen 006E,Criminal damage and arson,Offender given a caution,
50e472fdb59ef0edede4703954a26dbba236b3e1bc7407f86e2a1901e00a4848,2021-06,Lancashire Constabulary,Lancashire Constabulary,-2.495130,53.744814,On or near George Street West,E01012655,Blackburn with Darwen 006E,Criminal damage and arson,Status update unavailable,
7d282ed8b74907ea8d557937af476a34b1025f4308b672cd1e6d6440a0acbff0,2021-06,Lancashire Constabulary,Lancashire Constabulary,-2.485312,53.748134,On or near Lower Cockcroft,E01012655,Blackburn with Darwen 006E,Criminal damage and arson,Investigation complete; no suspect identified,
22816863cb2a71495c16ef9103fdbf0f7f35298bc7812e21315dcb5118f6c406,2021-06,Lancashire Constabulary,Lancashire Constabulary,-2.496071,53.746230,On or near Lower Hazel Close,E01012655,Blackburn with Darwen 006E,Criminal damage and arson,Investigation complete; no suspect identified,
48f75ee6ae436cb304221718ce653ae93354e12ab500008e6c7323b583a58239,2021-06,Lancashire Constabulary,Lancashire Constabulary,-2.492184,53.747046,On or near Oakenhurst Road,E01012655,Blackburn with Darwen 006E,Criminal damage and arson,Investigation complete; no suspect identified,
0cca590c3605a16e566a35d8f6feb4fb933be68e53b240e70f210335c2685399,2021-06,Lancashire Constabulary,Lancashire Constabulary,-2.493838,53.743300,On or near Foundry Street,E01012655,Blackburn with Darwen 006E,Criminal damage and arson,Status update unavailable,
dbb3c53cfe564681bd04d066faced9f5985e03e52cae1b2605665ab00f898d82,2021-06,Lancashire Constabulary,Lancashire Constabulary,-2.490586,53.745246,On or near Stonyhurst Close,E01012655,Blackburn with Darwen 006E,Drugs,Local resolution,
cdd690144d436e6bb2293f2d20ece6d50e2b1e619dde7ab2e1fa117e8c13503c,2021-06,Lancashire Constabulary,Lancashire Constabulary,-2.491035,53.746017,On or near Stonyhurst Road,E01012655,Blackburn with Darwen 006E,Drugs,Court result unavailable,
1ca570d5be9710694f0978e8584ee17393998b5a390020767194b2d3ceadaf24,2021-06,Lancashire Constabulary,Lancashire Constabulary,-2.490586,53.745246,On or near Stonyhurst Close,E01012655,Blackburn with Darwen 006E,Drugs,Unable to prosecute suspect,
ad02b411009bdc884a47ccf8b5450a26da30bb80fcd2bc1224bf484fff211c04,2021-06,Lancashire Constabulary,Lancashire Constabulary,-2.490586,53.745246,On or near Stonyhurst Close,E01012655,Blackburn with Darwen 006E,Drugs,Court result unavailable,
e3da11fc800295cab1734cf10d0173ebec6ece3ded5f9a3b9f2331bf0f5aee65,2021-06,Lancashire Constabulary,Lancashire Constabulary,-2.490586,53.745246,On or near Stonyhurst Close,E01012655,Blackburn with Darwen 006E,Other theft,Unable to prosecute suspect,
e3fcd94b72c36261aa4c1fee6894f97cdb3783af5f150092be29076b3fb5656e,2021-06,Lancashire Constabulary,Lancashire Constabulary,-2.500975,53.745445,On or near Apple Close,E01012655,Blackburn with Darwen 006E,Other theft,Status update unavailable,
03418fe2251190690aa608057c7839790f3f086d327ab47fc8d3f4fcb93391f0,2021-06,Lancashire Constabulary,Lancashire Constabulary,-2.491754,53.744001,On or near Whalley Banks,E01012655,Blackburn with Darwen 006E,Other theft,Unable to prosecute suspect,
44ae18af22c1fe8f32c437ed4ae90a27ce3cec6c2bfa724613b3498e5d323491,2021-06,Lancashire Constabulary,Lancashire Constabulary,-2.490158,53.747584,On or near Montague Street,E01012655,Blackburn with Darwen 006E,Other theft,Investigation complete; no suspect identified,
7af50f61b6e0b7aa9c9548c858d6c05c4f242eec504254821181fba9e65c4f2f,2021-06,Lancashire Constabulary,Lancashire Constabulary,-2.484487,53.743653,On or near Canterbury Street,E01012655,Blackburn with Darwen 006E,Other theft,Unable to prosecute suspect,
3e93e705481ccd9730a53b5c4fa9f845a851b7cdcb32cee51c9aebb76126dd55,2021-06,Lancashire Constabulary,Lancashire Constabulary,-2.485278,53.746499,On or near Clayton Street,E01012655,Blackburn with Darwen 006E,Possession of weapons,Unable to prosecute suspect,
8af3ea18083068b5de2fe9317ce4bc9f5a592966948647f0d2d421d98e80de4f,2021-06,Lancashire Constabulary,Lancashire Constabulary,-2.485278,53.746499,On or near Clayton Street,E01012655,Blackburn with Darwen 006E,Public order,Offender given penalty notice,
de3d081aa1ab90506359d07cda2807f01ac540e0269dced33f8cd9e5c4d50a6d,2021-06,Lancashire Constabulary,Lancashire Constabulary,-2.485278,53.746499,On or near Clayton Street,E01012655,Blackburn with Darwen 006E,Public order,Court result unavailable,
f0a28ad95260e68a7740ca12c0de6e96c3befc150ec87b095a5af3236f977329,2021-06,Lancashire Constabulary,Lancashire Constabulary,-2.491754,53.744001,On or near Whalley Banks,E01012655,Blackburn with Darwen 006E,Public order,Unable to prosecute suspect,
378db8090c26331956cbc8cec09b3609b9a96eee56123c0b8396d66669415915,2021-06,Lancashire Constabulary,Lancashire Constabulary,-2.486397,53.746216,On or near Heaton Street,E01012655,Blackburn with Darwen 006E,Public order,Court result unavailable,
747f65d3af645341fed45735eb5237ce8ac5a65e39b1f333585659583d5d3b00,2021-06,Lancashire Constabulary,Lancashire Constabulary,-2.489793,53.743532,On or near Harrison Street,E01012655,Blackburn with Darwen 006E,Public order,Further investigation is not in the public interest,
4a154f31f173850f23f88a29c94f01c56166719a1ba7a802786fd96364a86a82,2021-06,Lancashire Constabulary,Lancashire Constabulary,-2.496071,53.746230,On or near Lower Hazel Close,E01012655,Blackburn with Darwen 006E,Public order,Investigation complete; no suspect identified,
085978b30c9e18092256738f58400c64faf21dc867e5d6ea3b2639f278c06587,2021-06,Lancashire Constabulary,Lancashire Constabulary,-2.495393,53.747823,On or near Addison Close,E01012655,Blackburn with Darwen 006E,Public order,Unable to prosecute suspect,
ea70f09aa1115ea395ff7d411aef8683def20cf3cb707d2bed8cc4b578f19a3b,2021-06,Lancashire Constabulary,Lancashire Constabulary,-2.488146,53.746685,On or near Prince'S Street,E01012655,Blackburn with Darwen 006E,Public order,Investigation complete; no suspect identified,
6e87f63376bf05d36e231cff7d5ee91e06b9cb6822d0852eedd1a796e5663c65,2021-06,Lancashire Constabulary,Lancashire Constabulary,-2.486397,53.746216,On or near Heaton Street,E01012655,Blackburn with Darwen 006E,Public order,Further investigation is not in the public interest,
608c1e6ad779a465fd363c2c8d5b98737d8f2809a5ea128ab79f72b62bfaa03d,2021-06,Lancashire Constabulary,Lancashire Constabulary,-2.495393,53.747823,On or near Addison Close,E01012655,Blackburn with Darwen 006E,Public order,Unable to prosecute suspect,
c262f55b4d0a269d6ad788e547d04c4fa465df86f5d818a91fb5b52b03ad57b6,2021-06,Lancashire Constabulary,Lancashire Constabulary,-2.488754,53.744148,On or near Shopping Area,E01012655,Blackburn with Darwen 006E,Shoplifting,Status update unavailable,
1ca0a7511720b790d38c1f7bfab2ff7723686406e4f9f3e3524bba3fe09f889a,2021-06,Lancashire Constabulary,Lancashire Constabulary,-2.491897,53.748404,On or near Supermarket,E01012655,Blackburn with Darwen 006E,Shoplifting,Status update unavailable,
4fb488241a6104d50cbe3508b6f08d9cb5582545d9c13dd8f45a51f286139b2e,2021-06,Lancashire Constabulary,Lancashire Constabulary,-2.488754,53.744148,On or near Shopping Area,E01012655,Blackburn with Darwen 006E,Shoplifting,Status update unavailable,
e9d86a1f843dfa2987d8ec96bb2007dfd76671045b2e71dab54d1ece48093f39,2021-06,Lancashire Constabulary,Lancashire Constabulary,-2.491897,53.748404,On or near Supermarket,E01012655,Blackburn with Darwen 006E,Shoplifting,Status update unavailable,
d8f2a455f9b2da769ae21a65317132bb26888cbe171c2d24018e070a1ff67d95,2021-06,Lancashire Constabulary,Lancashire Constabulary,-2.488754,53.744148,On or near Shopping Area,E01012655,Blackburn with Darwen 006E,Shoplifting,Court result unavailable,
046d061424cbfe265a1486865cb22c9bc6da005dc01dfd20923995e3f9b44327,2021-06,Lancashire Constabulary,Lancashire Constabulary,-2.491754,53.744001,On or near Whalley Banks,E01012655,Blackburn with Darwen 006E,Shoplifting,Status update unavailable,
eb4450148b7211a59a271958918c83f6fd7455a3cc0bd9daaf07a53f1af1597d,2021-06,Lancashire Constabulary,Lancashire Constabulary,-2.488754,53.744148,On or near Shopping Area,E01012655,Blackburn with Darwen 006E,Shoplifting,Status update unavailable,
a9ae0fa4d8e1b381910d7ff33dd8277aa201b53ff601f3dcd5619179fe59525f,2021-06,Lancashire Constabulary,Lancashire Constabulary,-2.488754,53.744148,On or near Shopping Area,E01012655,Blackburn with Darwen 006E,Shoplifting,Unable to prosecute suspect,
80d99a172b3fbbb14987fd3fee6f9b6d02f0c8d2c8ea63b409da4652e5c57dbc,2021-06,Lancashire Constabulary,Lancashire Constabulary,-2.485278,53.746499,On or near Clayton Street,E01012655,Blackburn with Darwen 006E,Shoplifting,Court result unavailable,
0863f30fd82213b62d70123413ac381cfc13e05a2a0afaa22503a9be6c368fb1,2021-06,Lancashire Constabulary,Lancashire Constabulary,-2.488754,53.744148,On or near Shopping Area,E01012655,Blackburn with Darwen 006E,Shoplifting,Status update unavailable,
203a6d16968073661bb98860b4476bd26552bb0c2df29392e0ccd895667fb0c4,2021-06,Lancashire Constabulary,Lancashire Constabulary,-2.491754,53.744001,On or near Whalley Banks,E01012655,Blackburn with Darwen 006E,Shoplifting,Investigation complete; no suspect identified,
9d748684de1121e8ee453d845ed162cb67d5e4bd14ca710fdeda7d06e4b36262,2021-06,Lancashire Constabulary,Lancashire Constabulary,-2.488754,53.744148,On or near Shopping Area,E01012655,Blackburn with Darwen 006E,Shoplifting,Status update unavailable,
911091f745a11aceebb5c83626dab90d2da853fea7c28e7f9ae8933c28f8f291,2021-06,Lancashire Constabulary,Lancashire Constabulary,-2.488754,53.744148,On or near Shopping Area,E01012655,Blackburn with Darwen 006E,Shoplifting,Status update unavailable,
0e39a87a90936114a52952a7e4ceb06a14733180701d5d8001c04c8397b6b46e,2021-06,Lancashire Constabulary,Lancashire Constabulary,-2.488754,53.744148,On or near Shopping Area,E01012655,Blackburn with Darwen 006E,Shoplifting,Status update unavailable,
537500043e0e54010c0dbee0116de943a9daa763eef0c98dc4c59c6e3873b0c6,2021-06,Lancashire Constabulary,Lancashire Constabulary,-2.488754,53.744148,On or near Shopping Area,E01012655,Blackburn with Darwen 006E,Shoplifting,Court result unavailable,
57488f7f4e0204e823dca2621ad1afc1a1a8385bedbb8eef160f38fe28615960,2021-06,Lancashire Constabulary,Lancashire Constabulary,-2.488754,53.744148,On or near Shopping Area,E01012655,Blackburn with Darwen 006E,Shoplifting,Court result unavailable,
d784d5830e83073801178d6fc3bc20ac65b66dd281adb652a960330f28a993c1,2021-06,Lancashire Constabulary,Lancashire Constabulary,-2.488754,53.744148,On or near Shopping Area,E01012655,Blackburn with Darwen 006E,Shoplifting,Court result unavailable,
20559dc564b599a984eb5863bd14e840d762e10abc81f4de040bb2e5fe808dd0,2021-06,Lancashire Constabulary,Lancashire Constabulary,-2.488754,53.744148,On or near Shopping Area,E01012655,Blackburn with Darwen 006E,Shoplifting,Court result unavailable,
ef0145e0728e6a9c81ab5f99c5a92e8e9f4266c69f19bc314a0ebb4267f5cf41,2021-06,Lancashire Constabulary,Lancashire Constabulary,-2.488754,53.744148,On or near Shopping Area,E01012655,Blackburn with Darwen 006E,Shoplifting,Unable to prosecute suspect,
b54cb9a7197b2a2232738b958dbaf0485e95b5ae8e64859666dda3093f95660b,2021-06,Lancashire Constabulary,Lancashire Constabulary,-2.488754,53.744148,On or near Shopping Area,E01012655,Blackburn with Darwen 006E,Shoplifting,Investigation complete; no suspect identified,
7924b29ec87da24eeed7e6e1595b348c9ce5d2aed481d8a46570cdf10badf2dd,2021-06,Lancashire Constabulary,Lancashire Constabulary,-2.488754,53.744148,On or near Shopping Area,E01012655,Blackburn with Darwen 006E,Shoplifting,Status update unavailable,
eab864a71bfbaf70e64f8bfd1b94ef6ef27a9759de0875beb6449e4f2e61375b,2021-06,Lancashire Constabulary,Lancashire Constabulary,-2.488754,53.744148,On or near Shopping Area,E01012655,Blackburn with Darwen 006E,Shoplifting,Court result unavailable,
1055ad7bd1379ffe0804aeb5d8dd68fb81e0d7bfd009809281ec1932df61690b,2021-06,Lancashire Constabulary,Lancashire Constabulary,-2.488754,53.744148,On or near Shopping Area,E01012655,Blackburn with Darwen 006E,Shoplifting,Status update unavailable,
e3c61ea7063119a57e1c1e3d8cedc71fae7dbefffe449b376902ed1e82a2f31d,2021-06,Lancashire Constabulary,Lancashire Constabulary,-2.488754,53.744148,On or near Shopping Area,E01012655,Blackburn with Darwen 006E,Shoplifting,Court result unavailable,
d5c0e23f7301a30fc29b58a8aeeec357b01cde16a157378999485cf43914e628,2021-06,Lancashire Constabulary,Lancashire Constabulary,-2.489793,53.743532,On or near Harrison Street,E01012655,Blackburn with Darwen 006E,Vehicle crime,Unable to prosecute suspect,
c90e3527efc4cd2a7f82a337056ccaeba08c48856d11575b36ee7b7dfa4efc06,2021-06,Lancashire Constabulary,Lancashire Constabulary,-2.491035,53.746017,On or near Stonyhurst Road,E01012655,Blackburn with Darwen 006E,Violence and sexual offences,Unable to prosecute suspect,
6879bc3c4f650a5e6f3fb2cda117f9582dd4afb9870993875adaf9e6b7a4c378,2021-06,Lancashire Constabulary,Lancashire Constabulary,-2.491754,53.744001,On or near Whalley Banks,E01012655,Blackburn with Darwen 006E,Violence and sexual offences,Court result unavailable,
e802879e1ddd7138469632997bbc2789975a24367a4ada13c41fdea397c1e1f9,2021-06,Lancashire Constabulary,Lancashire Constabulary,-2.485993,53.748024,On or near Barton Street,E01012655,Blackburn with Darwen 006E,Violence and sexual offences,Unable to prosecute suspect,
75646d917ffd619acbb4b6dd87cbdceb6fde074d896600dbaad901622a0567ea,2021-06,Lancashire Constabulary,Lancashire Constabulary,-2.488146,53.746685,On or near Prince'S Street,E01012655,Blackburn with Darwen 006E,Violence and sexual offences,Status update unavailable,
0438b4a84fc3c10d5f966952c759aa51cffe22d930be19cc6c59a7b2d566267a,2021-06,Lancashire Constabulary,Lancashire Constabulary,-2.495393,53.747823,On or near Addison Close,E01012655,Blackburn with Darwen 006E,Violence and sexual offences,Unable to prosecute suspect,
f3b22d2858397008dc3d15527f2af570645b707acef89c0990a1a374634e6f3e,2021-06,Lancashire Constabulary,Lancashire Constabulary,-2.489658,53.741097,On or near Avon Close,E01012655,Blackburn with Darwen 006E,Violence and sexual offences,Status update unavailable,
6d6692ddf9f1de99a49f1505217d41c99a3161c750f3887a96927dc049274e98,2021-06,Lancashire Constabulary,Lancashire Constabulary,-2.489996,53.746695,On or near Montague Close,E01012655,Blackburn with Darwen 006E,Violence and sexual offences,Unable to prosecute suspect,
107f6cfbd3d962b28967c6fb1810cecb4ddea9aa493639e8e0d6e1997d660b4d,2021-06,Lancashire Constabulary,Lancashire Constabulary,-2.485278,53.746499,On or near Clayton Street,E01012655,Blackburn with Darwen 006E,Violence and sexual offences,Court result unavailable,
a655a4a50ee0e41bd470d670d229caf863cf6f7726f4ee9455d13d2ad78953bc,2021-06,Lancashire Constabulary,Lancashire Constabulary,-2.486397,53.746216,On or near Heaton Street,E01012655,Blackburn with Darwen 006E,Violence and sexual offences,Unable to prosecute suspect,
e331efb5aa067a761fa995ae49c71256d9d9cf63c4acdd2f95bdff6e0f9d8262,2021-06,Lancashire Constabulary,Lancashire Constabulary,-2.488644,53.746467,On or near Parking Area,E01012655,Blackburn with Darwen 006E,Violence and sexual offences,Unable to prosecute suspect,
3096078d53c81fa352b16e73362160694090a408137e0a3976ad1244dd663698,2021-06,Lancashire Constabulary,Lancashire Constabulary,-2.491897,53.748404,On or near Supermarket,E01012655,Blackburn with Darwen 006E,Violence and sexual offences,Unable to prosecute suspect,
1fab7a217cd570745b9ae7bb7ca055119ae60769dc63627562f47b398ec7be82,2021-06,Lancashire Constabulary,Lancashire Constabulary,-2.488754,53.744148,On or near Shopping Area,E01012655,Blackburn with Darwen 006E,Violence and sexual offences,Court result unavailable,
91a325081b2b6de95ceef69df4097f5d6d12b4cbb30fc13a176ad1022a6bec61,2021-06,Lancashire Constabulary,Lancashire Constabulary,-2.485993,53.748024,On or near Barton Street,E01012655,Blackburn with Darwen 006E,Violence and sexual offences,Unable to prosecute suspect,
178f807194a223405e2e8b95c1fbdbcce2ecb81fa8bdc6c3c4f7ec387b9df708,2021-06,Lancashire Constabulary,Lancashire Constabulary,-2.495148,53.746386,On or near Lower Ashworth Close,E01012655,Blackburn with Darwen 006E,Violence and sexual offences,Investigation complete; no suspect identified,
311307122e1497e7653f55b66ea62d5dd8eea4eb0d87e6586f59683f67f2e1e8,2021-06,Lancashire Constabulary,Lancashire Constabulary,-2.500839,53.742911,On or near Thompson Street,E01012655,Blackburn with Darwen 006E,Violence and sexual offences,Unable to prosecute suspect,
5385e9faaf27c0ed13ec09edb0e0cff3731e4010aeecb379337ae8cf5f6d5283,2021-06,Lancashire Constabulary,Lancashire Constabulary,-2.488146,53.746685,On or near Prince'S Street,E01012655,Blackburn with Darwen 006E,Violence and sexual offences,Investigation complete; no suspect identified,
560e6bf37e9a42f319410d5718288ae87ca13acfd5c4aa52d95a2564cf991c52,2021-06,Lancashire Constabulary,Lancashire Constabulary,-2.489996,53.746695,On or near Montague Close,E01012655,Blackburn with Darwen 006E,Violence and sexual offences,Unable to prosecute suspect,
,2021-06,Lancashire Constabulary,Lancashire Constabulary,-2.458515,53.747898,On or near Cherry Street,E01012571,Blackburn with Darwen 007A,Anti-social behaviour,,
,2021-06,Lancashire Constabulary,Lancashire Constabulary,-2.460435,53.744592,On or near Lincoln Road,E01012571,Blackburn with Darwen 007A,Anti-social behaviour,,
,2021-06,Lancashire Constabulary,Lancashire Constabulary,-2.458722,53.747439,On or near Cherry Close,E01012571,Blackburn with Darwen 007A,Anti-social behaviour,,
,2021-06,Lancashire Constabulary,Lancashire Constabulary,-2.460435,53.744592,On or near Lincoln Road,E01012571,Blackburn with Darwen 007A,Anti-social behaviour,,
,2021-06,Lancashire Constabulary,Lancashire Constabulary,-2.458722,53.747439,On or near Cherry Close,E01012571,Blackburn with Darwen 007A,Anti-social behaviour,,
24c48a5110075d1d74c30ce31858cd58d259be095938f77d7a99aa805e3dba67,2021-06,Lancashire Constabulary,Lancashire Constabulary,-2.458722,53.747439,On or near Cherry Close,E01012571,Blackburn with Darwen 007A,Criminal damage and arson,Status update unavailable,
3a05b4d9788096c474550f9fd6a826e784a779a3919177f4e0e102834b8fcb32,2021-06,Lancashire Constabulary,Lancashire Constabulary,-2.458722,53.747439,On or near Cherry Close,E01012571,Blackburn with Darwen 007A,Public order,Investigation complete; no suspect identified,
c8f78b160ce1384d1644c0a9c780ecda65a6f8d731669197c2abc065efcc256d,2021-06,Lancashire Constabulary,Lancashire Constabulary,-2.459005,53.744148,On or near Woodland Close,E01012571,Blackburn with Darwen 007A,Violence and sexual offences,Offender given a caution,
3385375c16518debed83233f52d9fd62fc6675d13d95e6cbc9383ccd18b7cd25,2021-06,Lancashire Constabulary,Lancashire Constabulary,-2.460435,53.744592,On or near Lincoln Road,E01012571,Blackburn with Darwen 007A,Violence and sexual offences,Unable to prosecute suspect,
101acd78e9f3f19191cad310a6d4f4b1a41816915c7bbabd7f51458373493a35,2021-06,Lancashire Constabulary,Lancashire Constabulary,-2.457976,53.744323,On or near Meadow Close,E01012571,Blackburn with Darwen 007A,Violence and sexual offences,Unable to prosecute suspect,
2a5603b8a18f5f0227d1bf9c56ff6915460c72b3df07311454b1aeb5bcbf01ca,2021-06,Lancashire Constabulary,Lancashire Constabulary,-2.457976,53.744323,On or near Meadow Close,E01012571,Blackburn with Darwen 007A,Other crime,Unable to prosecute suspect,
3e3ac0773229925acba555d63acf6625e73768e08442a50f36e19f89ea1b87c3,2021-06,Lancashire Constabulary,Lancashire Constabulary,-2.457976,53.744323,On or near Meadow Close,E01012571,Blackburn with Darwen 007A,Other crime,Unable to prosecute suspect,
,2021-06,Lancashire Constabulary,Lancashire Constabulary,-2.471274,53.745728,On or near Bristol Close,E01012572,Blackburn with Darwen 007B,Anti-social behaviour,,
,2021-06,Lancashire Constabulary,Lancashire Constabulary,-2.474385,53.747315,On or near Hart Street,E01012572,Blackburn with Darwen 007B,Anti-social behaviour,,
,2021-06,Lancashire Constabulary,Lancashire Constabulary,-2.472533,53.747152,On or near Oxford Close,E01012572,Blackburn with Darwen 007B,Anti-social behaviour,,
,2021-06,Lancashire Constabulary,Lancashire Constabulary,-2.475555,53.746205,On or near Bridgemill Road,E01012572,Blackburn with Darwen 007B,Anti-social behaviour,,
,2021-06,Lancashire Constabulary,Lancashire Constabulary,-2.472533,53.747152,On or near Oxford Close,E01012572,Blackburn with Darwen 007B,Anti-social behaviour,,
4e5fbb365acc7574bdf298554d987dbd667f8076d30cd72a1b44bfa65192fc8f,2021-06,Lancashire Constabulary,Lancashire Constabulary,-2.473678,53.743795,On or near Conference/Exhibition Centre,E01012572,Blackburn with Darwen 007B,Burglary,Status update unavailable,
021a86906178c78510c760bb5a33d4850e24f13303404df904bf8d3675341d76,2021-06,Lancashire Constabulary,Lancashire Constabulary,-2.474874,53.746289,On or near Cicely Court,E01012572,Blackburn with Darwen 007B,Criminal damage and arson,Investigation complete; no suspect identified,
27b584b2349c6cb081c13f9942b13f87c9486b1e446046aecf45901f7296e742,2021-06,Lancashire Constabulary,Lancashire Constabulary,-2.473748,53.743255,On or near Lower Audley Street,E01012572,Blackburn with Darwen 007B,Criminal damage and arson,Investigation complete; no suspect identified,
dc21c1dbc428f22554587c401f577c45addadd45690a6a6fadf6cd78e2578036,2021-06,Lancashire Constabulary,Lancashire Constabulary,-2.471299,53.743903,On or near Reading Close,E01012572,Blackburn with Darwen 007B,Violence and sexual offences,Unable to prosecute suspect,
cd7a42dafc34652f1210c651a83b7d7da018c55504499b9e26328c5354020e20,2021-06,Lancashire Constabulary,Lancashire Constabulary,-2.473129,53.744831,On or near Stirling Drive,E01012572,Blackburn with Darwen 007B,Violence and sexual offences,Unable to prosecute suspect,
f9d8e651bec3f990c601c26e58dc3569682e3139a8e40e550319fca8bdb3ff67,2021-06,Lancashire Constabulary,Lancashire Constabulary,-2.473129,53.744831,On or near Stirling Drive,E01012572,Blackburn with Darwen 007B,Violence and sexual offences,Unable to prosecute suspect,
da500b35246c82c045a77a50669a7f483bd1c01bdc1b07cd2b6e0a3008d7ce06,2021-06,Lancashire Constabulary,Lancashire Constabulary,-2.475555,53.746205,On or near Bridgemill Road,E01012572,Blackburn with Darwen 007B,Violence and sexual offences,Unable to prosecute suspect,
8dc6fcbcc7c6fdbb62716e8ed1c51d8f4dc08d54b13ef5ad8463e5f96532548f,2021-06,Lancashire Constabulary,Lancashire Constabulary,-2.474874,53.746289,On or near Cicely Court,E01012572,Blackburn with Darwen 007B,Violence and sexual offences,Unable to prosecute suspect,
fd57f320e9975e8ea2dc6847bb9ed6ce50fa4aa7e1c5f876b900224a631354ac,2021-06,Lancashire Constabulary,Lancashire Constabulary,-2.473129,53.744831,On or near Stirling Drive,E01012572,Blackburn with Darwen 007B,Violence and sexual offences,Further investigation is not in the public interest,
a637216c2c2094370fdf42625cf3c95d550c3e2ea630a1d4b74612325b8591b9,2021-06,Lancashire Constabulary,Lancashire Constabulary,-2.465432,53.743953,On or near May Street,E01012573,Blackburn with Darwen 007C,Shoplifting,Local resolution,
e5aef95a6b73f7e30a1372edb774f3f406b193f754bad9c677d92144a1e8e319,2021-06,Lancashire Constabulary,Lancashire Constabulary,-2.464489,53.743741,On or near Nottingham Street,E01012573,Blackburn with Darwen 007C,Vehicle crime,Investigation complete; no suspect identified,
7fb61400b20f003fc09819b1807dcf45ced38663a484074c62a068d27e0ff9cf,2021-06,Lancashire Constabulary,Lancashire Constabulary,-2.463075,53.744762,On or near Walter Street,E01012573,Blackburn with Darwen 007C,Violence and sexual offences,Court result unavailable,
1098109ac2da66aea422bd6a8cb3ffcc8623fe9fa29a0033f647eb2ec6acc1f1,2021-06,Lancashire Constabulary,Lancashire Constabulary,-2.465432,53.743953,On or near May Street,E01012573,Blackburn with Darwen 007C,Violence and sexual offences,Status update unavailable,
cdab4841a3607a10f3c0f16a6c6c5992f0137f50dacd36499907f2eaeac2431b,2021-06,Lancashire Constabulary,Lancashire Constabulary,-2.462955,53.743531,On or near Ripon Street,E01012573,Blackburn with Darwen 007C,Other crime,Court result unavailable,
,2021-06,Lancashire Constabulary,Lancashire Constabulary,-2.466241,53.747248,On or near Aviemore Close,E01012575,Blackburn with Darwen 007D,Anti-social behaviour,,
,2021-06,Lancashire Constabulary,Lancashire Constabulary,-2.460790,53.746586,On or near Temple Drive,E01012575,Blackburn with Darwen 007D,Anti-social behaviour,,
,2021-06,Lancashire Constabulary,Lancashire Constabulary,-2.465591,53.746073,On or near Mary Street,E01012575,Blackburn with Darwen 007D,Anti-social behaviour,,
,2021-06,Lancashire Constabulary,Lancashire Constabulary,-2.459566,53.748299,On or near St Margarets Way,E01012575,Blackburn with Darwen 007D,Anti-social behaviour,,
,2021-06,Lancashire Constabulary,Lancashire Constabulary,-2.459566,53.748299,On or near St Margarets Way,E01012575,Blackburn with Darwen 007D,Anti-social behaviour,,
,2021-06,Lancashire Constabulary,Lancashire Constabulary,-2.459566,53.748299,On or near St Margarets Way,E01012575,Blackburn with Darwen 007D,Anti-social behaviour,,
,2021-06,Lancashire Constabulary,Lancashire Constabulary,-2.460790,53.746586,On or near Temple Drive,E01012575,Blackburn with Darwen 007D,Anti-social behaviour,,
,2021-06,Lancashire Constabulary,Lancashire Constabulary,-2.469799,53.746713,On or near Briar Hill Close,E01012575,Blackburn with Darwen 007D,Anti-social behaviour,,
,2021-06,Lancashire Constabulary,Lancashire Constabulary,-2.470045,53.748420,On or near Culshaw Street,E01012575,Blackburn with Darwen 007D,Anti-social behaviour,,
a8c329be5d8de74eec98f06c09877d17be8317469a83f5134b0071a017f633de,2021-06,Lancashire Constabulary,Lancashire Constabulary,-2.466772,53.748595,On or near Copy Nook,E01012575,Blackburn with Darwen 007D,Criminal damage and arson,Status update unavailable,
de3c86ab203b60ed6ce704ea4c08d5481b9b5aaad5821a7da0bc0da6017ed8cd,2021-06,Lancashire Constabulary,Lancashire Constabulary,-2.460790,53.746586,On or near Temple Drive,E01012575,Blackburn with Darwen 007D,Criminal damage and arson,Unable to prosecute suspect,
940ce246978a9d4aec029b6762ced494606104f85495b2c06e2bc8350c80e2dd,2021-06,Lancashire Constabulary,Lancashire Constabulary,-2.459566,53.748299,On or near St Margarets Way,E01012575,Blackburn with Darwen 007D,Criminal damage and arson,Unable to prosecute suspect,
4f09ee1a03acb24e84449a4fa6b06d165271faf2b21d9aa448f8db9ad77b19f5,2021-06,Lancashire Constabulary,Lancashire Constabulary,-2.459566,53.748299,On or near St Margarets Way,E01012575,Blackburn with Darwen 007D,Criminal damage and arson,Unable to prosecute suspect,
aa917ac49651c53ba561de873ef8dd9abf75ee10864eae8817d918420651a888,2021-06,Lancashire Constabulary,Lancashire Constabulary,-2.466772,53.748595,On or near Copy Nook,E01012575,Blackburn with Darwen 007D,Public order,Status update unavailable,
377efd24fe305ca5d615e938d451700e04265850bc81bd7556df4d535698271c,2021-06,Lancashire Constabulary,Lancashire Constabulary,-2.467396,53.751504,On or near Appleby Street,E01012575,Blackburn with Darwen 007D,Vehicle crime,Investigation complete; no suspect identified,
f161c097cf6470dbc437d8e78d3e3a913cd0d2181e5b41e9c7c2d32b6cdb7be9,2021-06,Lancashire Constabulary,Lancashire Constabulary,-2.467396,53.751504,On or near Appleby Street,E01012575,Blackburn with Darwen 007D,Vehicle crime,Status update unavailable,
c6e5d432ab14ae943998dd14c09a9b0687c2dae1fef09f10afe3aa3da00511d9,2021-06,Lancashire Constabulary,Lancashire Constabulary,-2.466811,53.746635,On or near Kinross Close,E01012575,Blackburn with Darwen 007D,Violence and sexual offences,Investigation complete; no suspect identified,
5ddfd186e28f2041a50e8a5d677bc7e0c454541670b35ad82925878221a1ad55,2021-06,Lancashire Constabulary,Lancashire Constabulary,-2.459566,53.748299,On or near St Margarets Way,E01012575,Blackburn with Darwen 007D,Violence and sexual offences,Unable to prosecute suspect,
ca0c15873e6828506a0b38d34ca7db245790cf159ba35d89b5429b553e8793e4,2021-06,Lancashire Constabulary,Lancashire Constabulary,-2.460378,53.747729,On or near St Marys Close,E01012575,Blackburn with Darwen 007D,Violence and sexual offences,Action to be taken by another organisation,
159a4820106a2482cf91bac259b3a3e20edce51419c5416cf974c6f11f547f32,2021-06,Lancashire Constabulary,Lancashire Constabulary,-2.466811,53.746635,On or near Kinross Close,E01012575,Blackburn with Darwen 007D,Violence and sexual offences,Unable to prosecute suspect,
49dddbe7c8e2ab0a279b6035c9a54ed0ba90dacdc84752c9624daf326efbd52f,2021-06,Lancashire Constabulary,Lancashire Constabulary,-2.463837,53.747896,On or near Dalton Close,E01012575,Blackburn with Darwen 007D,Violence and sexual offences,Unable to prosecute suspect,
32f9300fd34a3723327937e3b21471c1e0bbaf88d27c9e35f0b466f3b292cc30,2021-06,Lancashire Constabulary,Lancashire Constabulary,-2.468631,53.752147,On or near Fort Street,E01012575,Blackburn with Darwen 007D,Violence and sexual offences,Unable to prosecute suspect,
871cc34d2072430015bca00f1f138915ee3dbf6f6d5f026d498e2ac7f98f7e15,2021-06,Lancashire Constabulary,Lancashire Constabulary,-2.466772,53.748595,On or near Copy Nook,E01012575,Blackburn with Darwen 007D,Violence and sexual offences,Unable to prosecute suspect,
c1cf1fb5b2fae47f8dec8f2cea458e939bd6bd4321aa3cc6e9f20127833aec76,2021-06,Lancashire Constabulary,Lancashire Constabulary,-2.460790,53.746586,On or near Temple Drive,E01012575,Blackburn with Darwen 007D,Violence and sexual offences,Unable to prosecute suspect,
33e5ac87855d61c3182e74f0e9b5157d55e64cabf8879cbf8e5bbcde23b88936,2021-06,Lancashire Constabulary,Lancashire Constabulary,-2.467722,53.745418,On or near Aberdeen Drive,E01012575,Blackburn with Darwen 007D,Violence and sexual offences,Unable to prosecute suspect,
,2021-06,Lancashire Constabulary,Lancashire Constabulary,-2.465104,53.741770,On or near Queen'S Park Road,E01012630,Blackburn with Darwen 007E,Anti-social behaviour,,
,2021-06,Lancashire Constabulary,Lancashire Constabulary,-2.465104,53.741770,On or near Queen'S Park Road,E01012630,Blackburn with Darwen 007E,Anti-social behaviour,,
,2021-06,Lancashire Constabulary,Lancashire Constabulary,-2.471077,53.743023,On or near Dorritt Street,E01012630,Blackburn with Darwen 007E,Anti-social behaviour,,
,2021-06,Lancashire Constabulary,Lancashire Constabulary,-2.465104,53.741770,On or near Queen'S Park Road,E01012630,Blackburn with Darwen 007E,Anti-social behaviour,,
4f60e827f59d0d9d12e71ea162a1f8bcc635ea6313a662f98b3eacf852fa93ba,2021-06,Lancashire Constabulary,Lancashire Constabulary,-2.466884,53.743660,On or near Randolph Street,E01012630,Blackburn with Darwen 007E,Other theft,Investigation complete; no suspect identified,
003fb89a77e11c716deef3e31d9f21cbe1fd98d56a3b080f26df088274431c1b,2021-06,Lancashire Constabulary,Lancashire Constabulary,-2.469998,53.742865,On or near Dombey Street,E01012630,Blackburn with Darwen 007E,Vehicle crime,Investigation complete; no suspect identified,
c17d926348188d6847d8f23b4b835dbe85e3993b35e4baefa3d167b2565e1fa6,2021-06,Lancashire Constabulary,Lancashire Constabulary,-2.469141,53.740766,On or near Langden Brook Square,E01012630,Blackburn with Darwen 007E,Violence and sexual offences,Unable to prosecute suspect,
,2021-06,Lancashire Constabulary,Lancashire Constabulary,-2.451616,53.749390,On or near Carluke Street,E01012576,Blackburn with Darwen 008A,Anti-social behaviour,,
,2021-06,Lancashire Constabulary,Lancashire Constabulary,-2.460937,53.751637,On or near Coddington Street,E01012576,Blackburn with Darwen 008A,Anti-social behaviour,,
,2021-06,Lancashire Constabulary,Lancashire Constabulary,-2.451616,53.749390,On or near Carluke Street,E01012576,Blackburn with Darwen 008A,Anti-social behaviour,,
eec3dd79ef73be49ff64a23da98f2dea709a18fee87d444ca75a7bcb731b68e4,2021-06,Lancashire Constabulary,Lancashire Constabulary,-2.454406,53.752156,On or near Kenyon Street,E01012576,Blackburn with Darwen 008A,Burglary,Investigation complete; no suspect identified,
4a80de101370094c9080bd93bca5d952ffcd58918d60636b4f28aa9d6c87e583,2021-06,Lancashire Constabulary,Lancashire Constabulary,-2.464757,53.750121,On or near Ordnance Street,E01012576,Blackburn with Darwen 008A,Burglary,Court result unavailable,
4352c7fc324e3c007c0c5678ecdf7ca1c4f6195acf793de486ed3c1bb81ad3d9,2021-06,Lancashire Constabulary,Lancashire Constabulary,-2.451616,53.749390,On or near Carluke Street,E01012576,Blackburn with Darwen 008A,Criminal damage and arson,Investigation complete; no suspect identified,
13e795a219418a598843efd260582806079f4430a0f223b263f646274398a526,2021-06,Lancashire Constabulary,Lancashire Constabulary,-2.454321,53.748526,On or near Patten Street,E01012576,Blackburn with Darwen 008A,Criminal damage and arson,Investigation complete; no suspect identified,
16b0f720f787cbe94ade70b4b826dd5d67db827fd7b0ec47a9273351f0725557,2021-06,Lancashire Constabulary,Lancashire Constabulary,-2.459397,53.749549,On or near Furthergate,E01012576,Blackburn with Darwen 008A,Other theft,Investigation complete; no suspect identified,
6b27b9b973eba39dd0be93a935d9c486d7941cbd8211cf83786e7a619311f479,2021-06,Lancashire Constabulary,Lancashire Constabulary,-2.456049,53.751260,On or near Gorse Street,E01012576,Blackburn with Darwen 008A,Public order,Investigation complete; no suspect identified,
470a79690350694a96cef836e284a4b7ad189221486c3e1c83ae9637d371cccf,2021-06,Lancashire Constabulary,Lancashire Constabulary,-2.459522,53.751283,On or near Supermarket,E01012576,Blackburn with Darwen 008A,Public order,Unable to prosecute suspect,
2f446995820e593e406a3b11eca1eb6f1064a4e25ddae7ef305ffdf5f765808c,2021-06,Lancashire Constabulary,Lancashire Constabulary,-2.459522,53.751283,On or near Supermarket,E01012576,Blackburn with Darwen 008A,Shoplifting,Court result unavailable,
f1f4b85681894e79ae9b6699d887566818d1b2f6950af54ea3d64b3ce3279bbf,2021-06,Lancashire Constabulary,Lancashire Constabulary,-2.458045,53.747891,On or near Mulberry Street,E01012576,Blackburn with Darwen 008A,Vehicle crime,Investigation complete; no suspect identified,
5e5eb1f8707ac832abbf17e9ff23958a1111a24e56cb39c232c80e91478f6f2c,2021-06,Lancashire Constabulary,Lancashire Constabulary,-2.458045,53.747891,On or near Mulberry Street,E01012576,Blackburn with Darwen 008A,Violence and sexual offences,Unable to prosecute suspect,
b994872fd097b42f80462e87a941702a30bb47ea83e0d2479cbe926b02001141,2021-06,Lancashire Constabulary,Lancashire Constabulary,-2.457394,53.749368,On or near Accrington Road,E01012576,Blackburn with Darwen 008A,Violence and sexual offences,Unable to prosecute suspect,
862cc1c1060e9b062c78012ba3a700d98a7fb7cb65c80e10f0c579002d373652,2021-06,Lancashire Constabulary,Lancashire Constabulary,-2.458045,53.747891,On or near Mulberry Street,E01012576,Blackburn with Darwen 008A,Violence and sexual offences,Unable to prosecute suspect,
244af4cd3fdb3b954e36d4903637b01fd31531730d9d0036f9a2a02a1f8142e5,2021-06,Lancashire Constabulary,Lancashire Constabulary,-2.454257,53.748229,On or near Accrington Road,E01012576,Blackburn with Darwen 008A,Violence and sexual offences,Investigation complete; no suspect identified,
3404a768996491316e7f439dc55f336c9406c665a91b9dc21db7b41abdc0aa12,2021-06,Lancashire Constabulary,Lancashire Constabulary,-2.458225,53.749131,On or near Frederick Row,E01012576,Blackburn with Darwen 008A,Violence and sexual offences,Unable to prosecute suspect,
ef60731de4302cb2e4acf9f20290a5c51aa3a480226474586f83631f38b13214,2021-06,Lancashire Constabulary,Lancashire Constabulary,-2.459522,53.751283,On or near Supermarket,E01012576,Blackburn with Darwen 008A,Violence and sexual offences,Action to be taken by another organisation,
93110f640002087546df6c522238e150d8e7b8a576667631bfa17359b4e493ea,2021-06,Lancashire Constabulary,Lancashire Constabulary,-2.456615,53.750288,On or near Burnley Close,E01012576,Blackburn with Darwen 008A,Violence and sexual offences,Investigation complete; no suspect identified,
76430691821b8045c1a202746671c298a3e60d12c94cb80096131750cc5630f2,2021-06,Lancashire Constabulary,Lancashire Constabulary,-2.456615,53.750288,On or near Burnley Close,E01012576,Blackburn with Darwen 008A,Violence and sexual offences,Investigation complete; no suspect identified,
7b3ef227decfef0f53acc98568db20759513c95e537d0c68a54574939e9a6147,2021-06,Lancashire Constabulary,Lancashire Constabulary,-2.458045,53.747891,On or near Mulberry Street,E01012576,Blackburn with Darwen 008A,Violence and sexual offences,Unable to prosecute suspect,
f312090e551a97f4f355b460300cd2fc65f6e5673aebd5f23eb9eac940df70cc,2021-06,Lancashire Constabulary,Lancashire Constabulary,-2.457394,53.749368,On or near Accrington Road,E01012576,Blackburn with Darwen 008A,Violence and sexual offences,Investigation complete; no suspect identified,
,2021-06,Lancashire Constabulary,Lancashire Constabulary,-2.444241,53.738838,On or near Arran Avenue,E01012637,Blackburn with Darwen 008B,Anti-social behaviour,,
,2021-06,Lancashire Constabulary,Lancashire Constabulary,-2.446972,53.739008,On or near Bute Road,E01012637,Blackburn with Darwen 008B,Anti-social behaviour,,
,2021-06,Lancashire Constabulary,Lancashire Constabulary,-2.444241,53.738838,On or near Arran Avenue,E01012637,Blackburn with Darwen 008B,Anti-social behaviour,,
,2021-06,Lancashire Constabulary,Lancashire Constabulary,-2.444241,53.738838,On or near Arran Avenue,E01012637,Blackburn with Darwen 008B,Anti-social behaviour,,
,2021-06,Lancashire Constabulary,Lancashire Constabulary,-2.446972,53.739008,On or near Bute Road,E01012637,Blackburn with Darwen 008B,Anti-social behaviour,,
,2021-06,Lancashire Constabulary,Lancashire Constabulary,-2.446132,53.742714,On or near Ayr Road,E01012637,Blackburn with Darwen 008B,Anti-social behaviour,,
,2021-06,Lancashire Constabulary,Lancashire Constabulary,-2.444241,53.738838,On or near Arran Avenue,E01012637,Blackburn with Darwen 008B,Anti-social behaviour,,
,2021-06,Lancashire Constabulary,Lancashire Constabulary,-2.444887,53.741128,On or near Ballantrae Road,E01012637,Blackburn with Darwen 008B,Anti-social behaviour,,
,2021-06,Lancashire Constabulary,Lancashire Constabulary,-2.444241,53.738838,On or near Arran Avenue,E01012637,Blackburn with Darwen 008B,Anti-social behaviour,,
,2021-06,Lancashire Constabulary,Lancashire Constabulary,-2.443425,53.743407,On or near Lamlash Road,E01012637,Blackburn with Darwen 008B,Anti-social behaviour,,
,2021-06,Lancashire Constabulary,Lancashire Constabulary,-2.443425,53.743407,On or near Lamlash Road,E01012637,Blackburn with Darwen 008B,Anti-social behaviour,,
,2021-06,Lancashire Constabulary,Lancashire Constabulary,-2.444878,53.741694,On or near Portree Crescent,E01012637,Blackburn with Darwen 008B,Anti-social behaviour,,
5afab86fcd13803c54955513be4b9ca3780cd9141d778ef066dc77a09bbda236,2021-06,Lancashire Constabulary,Lancashire Constabulary,-2.444241,53.738838,On or near Arran Avenue,E01012637,Blackburn with Darwen 008B,Burglary,Investigation complete; no suspect identified,
b66b1225a7750859edc7e75d0f3a4808a448357463104e6436184c1b71ed61ae,2021-06,Lancashire Constabulary,Lancashire Constabulary,-2.446972,53.739008,On or near Bute Road,E01012637,Blackburn with Darwen 008B,Criminal damage and arson,Unable to prosecute suspect,
5cfe7fb5b55d7c486aacf81d89a3a7e2659b85bf9f99eb5cdfc05bc021e27ea6,2021-06,Lancashire Constabulary,Lancashire Constabulary,-2.446972,53.739008,On or near Bute Road,E01012637,Blackburn with Darwen 008B,Criminal damage and arson,Investigation complete; no suspect identified,
a73e56466187af2ba08ad6fa0d0dbc54144f66e014939939900a2656ca257963,2021-06,Lancashire Constabulary,Lancashire Constabulary,-2.444887,53.741128,On or near Ballantrae Road,E01012637,Blackburn with Darwen 008B,Criminal damage and arson,Investigation complete; no suspect identified,
db7cea65351c4b826dd8d8ceb71a1347fdeb1bff8dbb2e770f57ac8d6d965ede,2021-06,Lancashire Constabulary,Lancashire Constabulary,-2.446449,53.743989,On or near Tarbert Crescent,E01012637,Blackburn with Darwen 008B,Possession of weapons,Status update unavailable,
d715197767d8896615300785a3e783a2d1ce949bba66ba1a6d55be35f5eb0f2d,2021-06,Lancashire Constabulary,Lancashire Constabulary,-2.446449,53.743989,On or near Tarbert Crescent,E01012637,Blackburn with Darwen 008B,Possession of weapons,Status update unavailable,
14a9680bcf7ec4b0cba2cac8abc7458d835c1ddd8846c2cab5ce972fb3b96bac,2021-06,Lancashire Constabulary,Lancashire Constabulary,-2.446449,53.743989,On or near Tarbert Crescent,E01012637,Blackburn with Darwen 008B,Public order,Court result unavailable,
23a33661a270814eb94f7f69e4fc577ef23b2e1d350955cf704a5755245b7c1d,2021-06,Lancashire Constabulary,Lancashire Constabulary,-2.446449,53.743989,On or near Tarbert Crescent,E01012637,Blackburn with Darwen 008B,Public order,Unable to prosecute suspect,
641afe84f006233ec3a47d462725524c08e033ed04a56af20f9670995c250b69,2021-06,Lancashire Constabulary,Lancashire Constabulary,-2.446972,53.739008,On or near Bute Road,E01012637,Blackburn with Darwen 008B,Public order,Unable to prosecute suspect,
0a978cdf402c5021a1ccd8c2bb82084beebd7d66eed7dbc2729c30fc39f640d3,2021-06,Lancashire Constabulary,Lancashire Constabulary,-2.446449,53.743989,On or near Tarbert Crescent,E01012637,Blackburn with Darwen 008B,Violence and sexual offences,Unable to prosecute suspect,
598eef577a7887afde52e502002eed1fe42571436d51c80512b9c54594dd06de,2021-06,Lancashire Constabulary,Lancashire Constabulary,-2.446449,53.743989,On or near Tarbert Crescent,E01012637,Blackburn with Darwen 008B,Violence and sexual offences,Investigation complete; no suspect identified,
9e62a3534bf4f9e34714c585670cbb1a031f4fa3b66d29c0d9aec346cd07a813,2021-06,Lancashire Constabulary,Lancashire Constabulary,-2.444241,53.738838,On or near Arran Avenue,E01012637,Blackburn with Darwen 008B,Violence and sexual offences,Unable to prosecute suspect,
5cd9d5d5b41ed62b2829e9bf8665c07f7d3132093a1724fbf653987b45ec1735,2021-06,Lancashire Constabulary,Lancashire Constabulary,-2.446972,53.739008,On or near Bute Road,E01012637,Blackburn with Darwen 008B,Violence and sexual offences,Unable to prosecute suspect,
0a0f27dafa496922f45b7a6c7cab36e7989f37cd179a0352831faebd27edf4cf,2021-06,Lancashire Constabulary,Lancashire Constabulary,-2.443894,53.741842,On or near Brodick Road,E01012637,Blackburn with Darwen 008B,Violence and sexual offences,Unable to prosecute suspect,
28be10a8e1d0f0dba4c8c64ef183810a2f0c3bd4fa89dd6e329aeacca12b01e2,2021-06,Lancashire Constabulary,Lancashire Constabulary,-2.444887,53.741128,On or near Ballantrae Road,E01012637,Blackburn with Darwen 008B,Violence and sexual offences,Investigation complete; no suspect identified,
a8ca1821f60268d0d0544effdfdfbe770572671cf99797dde5deeace0d384571,2021-06,Lancashire Constabulary,Lancashire Constabulary,-2.443894,53.741842,On or near Brodick Road,E01012637,Blackburn with Darwen 008B,Violence and sexual offences,Unable to prosecute suspect,
5a4b4e69850b395a08b76e2ed581ee4585a5b041ec4d5eecae3241242f617805,2021-06,Lancashire Constabulary,Lancashire Constabulary,-2.446449,53.743989,On or near Tarbert Crescent,E01012637,Blackburn with Darwen 008B,Violence and sexual offences,Unable to prosecute suspect,
a5da9e1430d8db3bd2de7bcf477062e64feb651433a99c32b1aa68258b7838d9,2021-06,Lancashire Constabulary,Lancashire Constabulary,-2.443894,53.741842,On or near Brodick Road,E01012637,Blackburn with Darwen 008B,Violence and sexual offences,Unable to prosecute suspect,
e6873d41be40bc101528cb5e24deedbd40614c0674bcf704e071cacae22feebe,2021-06,Lancashire Constabulary,Lancashire Constabulary,-2.443894,53.741842,On or near Brodick Road,E01012637,Blackburn with Darwen 008B,Violence and sexual offences,Unable to prosecute suspect,
e957702a1c2b782297f62f8ed4d1d708b647790d68493f9e994c643a3ea4248d,2021-06,Lancashire Constabulary,Lancashire Constabulary,-2.444878,53.741694,On or near Portree Crescent,E01012637,Blackburn with Darwen 008B,Other crime,Investigation complete; no suspect identified,
eb0f506511099057e752b57b272ae5e7caaf2c79483c20d161c979d7c3580e62,2021-06,Lancashire Constabulary,Lancashire Constabulary,-2.444241,53.738838,On or near Arran Avenue,E01012637,Blackburn with Darwen 008B,Other crime,Action to be taken by another organisation,
,2021-06,Lancashire Constabulary,Lancashire Constabulary,-2.444574,53.740239,On or near Glenluce Crescent,E01012638,Blackburn with Darwen 008C,Anti-social behaviour,,
,2021-06,Lancashire Constabulary,Lancashire Constabulary,-2.450895,53.738643,On or near Troon Avenue,E01012638,Blackburn with Darwen 008C,Anti-social behaviour,,
,2021-06,Lancashire Constabulary,Lancashire Constabulary,-2.454089,53.738235,On or near Martindale Close,E01012638,Blackburn with Darwen 008C,Anti-social behaviour,,
,2021-06,Lancashire Constabulary,Lancashire Constabulary,-2.449201,53.741876,On or near Shetland Close,E01012638,Blackburn with Darwen 008C,Anti-social behaviour,,
,2021-06,Lancashire Constabulary,Lancashire Constabulary,-2.446169,53.740539,On or near Ailsa Road,E01012638,Blackburn with Darwen 008C,Anti-social behaviour,,
,2021-06,Lancashire Constabulary,Lancashire Constabulary,-2.449201,53.741876,On or near Shetland Close,E01012638,Blackburn with Darwen 008C,Anti-social behaviour,,
,2021-06,Lancashire Constabulary,Lancashire Constabulary,-2.444574,53.740239,On or near Glenluce Crescent,E01012638,Blackburn with Darwen 008C,Anti-social behaviour,,
f72511601e84adfcbccc781a9a88ec5321992a03f8009bf5f44f37160986a07e,2021-06,Lancashire Constabulary,Lancashire Constabulary,-2.444574,53.740239,On or near Glenluce Crescent,E01012638,Blackburn with Darwen 008C,Burglary,Unable to prosecute suspect,
2b558a04422a3ef0a7d04f1936500d812a2fe8b127b8bd678df8c63e7fd9ae6c,2021-06,Lancashire Constabulary,Lancashire Constabulary,-2.447580,53.740587,On or near Dunoon Drive,E01012638,Blackburn with Darwen 008C,Burglary,Court result unavailable,
53ac944e15e2d23747a9b47a31cb9b632b94263c8908afc9fdc05787fa60d525,2021-06,Lancashire Constabulary,Lancashire Constabulary,-2.444574,53.740239,On or near Glenluce Crescent,E01012638,Blackburn with Darwen 008C,Burglary,Unable to prosecute suspect,
3aad6cd1c7429aec9d4d2e53fbff8df4d683fd318dce4941e56eb6fdb3a46e95,2021-06,Lancashire Constabulary,Lancashire Constabulary,-2.447580,53.740587,On or near Dunoon Drive,E01012638,Blackburn with Darwen 008C,Criminal damage and arson,Status update unavailable,
72cba15547c19b871af05a172d786b60346ede1f6a012923a5f45ed8d556b4bc,2021-06,Lancashire Constabulary,Lancashire Constabulary,-2.448579,53.740449,On or near Skye Crescent,E01012638,Blackburn with Darwen 008C,Criminal damage and arson,Investigation complete; no suspect identified,
f1937b7a3857ebc8cab027de18deb2dc01a98ed95cd7e5553cde7f61991dcb8a,2021-06,Lancashire Constabulary,Lancashire Constabulary,-2.450895,53.738643,On or near Troon Avenue,E01012638,Blackburn with Darwen 008C,Criminal damage and arson,Unable to prosecute suspect,
33e1b84bd12da6ddf1ef6e6ce17c4586566bae1f0d224860b673ec15eb6bd84e,2021-06,Lancashire Constabulary,Lancashire Constabulary,-2.449201,53.741876,On or near Shetland Close,E01012638,Blackburn with Darwen 008C,Public order,Investigation complete; no suspect identified,
9b0d5da9e2eddd5965c88b16527620040e2860589cd3b928474fbfb2b1806c81,2021-06,Lancashire Constabulary,Lancashire Constabulary,-2.455811,53.736287,On or near Old Bank Lane,E01012638,Blackburn with Darwen 008C,Public order,Investigation complete; no suspect identified,
17bdfee1721555f898d81d2cab74368567e835c322a9f0a059c4876275c401a6,2021-06,Lancashire Constabulary,Lancashire Constabulary,-2.453978,53.740554,On or near Ennerdale Avenue,E01012638,Blackburn with Darwen 008C,Public order,Unable to prosecute suspect,
152e1e6121cd1936779d98e657c3ef996b94521a772d1bedd1717d2dd63524cc,2021-06,Lancashire Constabulary,Lancashire Constabulary,-2.453978,53.740554,On or near Ennerdale Avenue,E01012638,Blackburn with Darwen 008C,Public order,Investigation complete; no suspect identified,
f9a3bab9e174e9489ba54e08bd8c30448aa2ce4b6cd032ccc46f1b7f292039c9,2021-06,Lancashire Constabulary,Lancashire Constabulary,-2.444574,53.740239,On or near Glenluce Crescent,E01012638,Blackburn with Darwen 008C,Vehicle crime,Investigation complete; no suspect identified,
78a3477afb6faa7552a3ce608d8f4b9783430311f4262442b58a9f2301641f2c,2021-06,Lancashire Constabulary,Lancashire Constabulary,-2.448579,53.740449,On or near Skye Crescent,E01012638,Blackburn with Darwen 008C,Vehicle crime,Investigation complete; no suspect identified,
97e7fe313a8c14044d198edf96a05ef391b52b7cc1d277ce29ec988180013e99,2021-06,Lancashire Constabulary,Lancashire Constabulary,-2.447580,53.740587,On or near Dunoon Drive,E01012638,Blackburn with Darwen 008C,Violence and sexual offences,Unable to prosecute suspect,
784707929f24ca9c412a54cb3162ce694c5b82d5d8ddd145997312693751e6eb,2021-06,Lancashire Constabulary,Lancashire Constabulary,-2.453172,53.740396,On or near Patterdale Avenue,E01012638,Blackburn with Darwen 008C,Violence and sexual offences,Unable to prosecute suspect,
af3d08f94f6b339e645f07d25d367119896a309df3315fcb1c1fcceaa78a5bf9,2021-06,Lancashire Constabulary,Lancashire Constabulary,-2.449201,53.741876,On or near Shetland Close,E01012638,Blackburn with Darwen 008C,Violence and sexual offences,Unable to prosecute suspect,
48ef0b41b691551efc80d1cc8ec60efc24483029da29af9b4812c9edaa02e926,2021-06,Lancashire Constabulary,Lancashire Constabulary,-2.447580,53.740587,On or near Dunoon Drive,E01012638,Blackburn with Darwen 008C,Violence and sexual offences,Investigation complete; no suspect identified,
0c33bd09f61219135006e276a789f24d1fcfc5ad08829448de3a6b672fd66d10,2021-06,Lancashire Constabulary,Lancashire Constabulary,-2.453978,53.740554,On or near Ennerdale Avenue,E01012638,Blackburn with Darwen 008C,Violence and sexual offences,Unable to prosecute suspect,
6b14ebd0ef3238ab0de4f0565b28252fb2d2add2166c1301670615da94182c25,2021-06,Lancashire Constabulary,Lancashire Constabulary,-2.444574,53.740239,On or near Glenluce Crescent,E01012638,Blackburn with Darwen 008C,Violence and sexual offences,Unable to prosecute suspect,
9b4a9ed2a32002da9a0e758e4ce14cd01b3d129fbb211843d4c2aea355cc91e8,2021-06,Lancashire Constabulary,Lancashire Constabulary,-2.454089,53.738235,On or near Martindale Close,E01012638,Blackburn with Darwen 008C,Violence and sexual offences,Unable to prosecute suspect,
579b8e74e58bf5c84716bfcce760f2781460e142dfc298d9a24f65dbea2ce49b,2021-06,Lancashire Constabulary,Lancashire Constabulary,-2.449201,53.741876,On or near Shetland Close,E01012638,Blackburn with Darwen 008C,Violence and sexual offences,Investigation complete; no suspect identified,
6ffb75326c576593cf32fb841f51d2556d279c74f7a3968cd2b93860f07c9639,2021-06,Lancashire Constabulary,Lancashire Constabulary,-2.455811,53.736287,On or near Old Bank Lane,E01012638,Blackburn with Darwen 008C,Violence and sexual offences,Unable to prosecute suspect,
56322ef5ff876e60da28b508285eb9748cf84e210a941c6bf9fabd1d91700bd5,2021-06,Lancashire Constabulary,Lancashire Constabulary,-2.447580,53.740587,On or near Dunoon Drive,E01012638,Blackburn with Darwen 008C,Violence and sexual offences,Unable to prosecute suspect,
,2021-06,Lancashire Constabulary,Lancashire Constabulary,-2.444015,53.748987,On or near Whitebirk Road,E01012639,Blackburn with Darwen 008D,Anti-social behaviour,,
,2021-06,Lancashire Constabulary,Lancashire Constabulary,-2.444015,53.748987,On or near Whitebirk Road,E01012639,Blackburn with Darwen 008D,Anti-social behaviour,,
,2021-06,Lancashire Constabulary,Lancashire Constabulary,-2.449043,53.751269,On or near Worcester Road,E01012639,Blackburn with Darwen 008D,Anti-social behaviour,,
,2021-06,Lancashire Constabulary,Lancashire Constabulary,-2.440633,53.749035,On or near Peronne Crescent,E01012639,Blackburn with Darwen 008D,Anti-social behaviour,,
,2021-06,Lancashire Constabulary,Lancashire Constabulary,-2.444015,53.748987,On or near Whitebirk Road,E01012639,Blackburn with Darwen 008D,Anti-social behaviour,,
,2021-06,Lancashire Constabulary,Lancashire Constabulary,-2.443357,53.749870,On or near Hamer Avenue,E01012639,Blackburn with Darwen 008D,Anti-social behaviour,,
,2021-06,Lancashire Constabulary,Lancashire Constabulary,-2.448126,53.752054,On or near Gloucester Road,E01012639,Blackburn with Darwen 008D,Anti-social behaviour,,
,2021-06,Lancashire Constabulary,Lancashire Constabulary,-2.444015,53.748987,On or near Whitebirk Road,E01012639,Blackburn with Darwen 008D,Anti-social behaviour,,
,2021-06,Lancashire Constabulary,Lancashire Constabulary,-2.449052,53.749282,On or near Devon Road,E01012639,Blackburn with Darwen 008D,Anti-social behaviour,,
,2021-06,Lancashire Constabulary,Lancashire Constabulary,-2.446626,53.747871,On or near Inglby Close,E01012639,Blackburn with Darwen 008D,Anti-social behaviour,,
,2021-06,Lancashire Constabulary,Lancashire Constabulary,-2.451465,53.750801,On or near Leicester Road,E01012639,Blackburn with Darwen 008D,Anti-social behaviour,,
01ef06c3eeda0ad938c47cff28c3651b508ae126037edde88e2f1d57a9fc7537,2021-06,Lancashire Constabulary,Lancashire Constabulary,-2.443357,53.749870,On or near Hamer Avenue,E01012639,Blackburn with Darwen 008D,Burglary,Unable to prosecute suspect,
17de19bac79621b7374be24045b1c765157e47a5ed8b1d4029dd4401e61f8179,2021-06,Lancashire Constabulary,Lancashire Constabulary,-2.444015,53.748987,On or near Whitebirk Road,E01012639,Blackburn with Darwen 008D,Criminal damage and arson,Unable to prosecute suspect,
7f63b2942b801c54e55a48b8f193091ee7d79a5c772902468d565169696671a5,2021-06,Lancashire Constabulary,Lancashire Constabulary,-2.448126,53.752054,On or near Gloucester Road,E01012639,Blackburn with Darwen 008D,Criminal damage and arson,Unable to prosecute suspect,
9abd4615117d40993fb98e4a00e443c2163162eb3ca93c11a0bff64b21653a21,2021-06,Lancashire Constabulary,Lancashire Constabulary,-2.449043,53.751269,On or near Worcester Road,E01012639,Blackburn with Darwen 008D,Criminal damage and arson,Investigation complete; no suspect identified,
26cb6697a66bdc66fc2cbcb49b94896f54c77e2af1caaaa513acd6e432cb0960,2021-06,Lancashire Constabulary,Lancashire Constabulary,-2.448126,53.752054,On or near Gloucester Road,E01012639,Blackburn with Darwen 008D,Criminal damage and arson,Unable to prosecute suspect,
811a034f34ad196e1931125548ff68c240027ef90e40221f1e1e68a9c785e4a8,2021-06,Lancashire Constabulary,Lancashire Constabulary,-2.444015,53.748987,On or near Whitebirk Road,E01012639,Blackburn with Darwen 008D,Criminal damage and arson,Unable to prosecute suspect,
14b629b33f37b3e3939572319d0d7cb8298264f7e65fe0a692d5cb23b4b3e0a1,2021-06,Lancashire Constabulary,Lancashire Constabulary,-2.444015,53.748987,On or near Whitebirk Road,E01012639,Blackburn with Darwen 008D,Criminal damage and arson,Unable to prosecute suspect,
73740a2a30c8de6cb5115cc0ab0c95f344fceeb076a06e8b3e838096a8af27b9,2021-06,Lancashire Constabulary,Lancashire Constabulary,-2.444015,53.748987,On or near Whitebirk Road,E01012639,Blackburn with Darwen 008D,Other theft,Investigation complete; no suspect identified,
0c684a1e6a3f07359ecdcd1e7ffbe229102922cd108e765e55a0c8117797f3af,2021-06,Lancashire Constabulary,Lancashire Constabulary,-2.445020,53.750897,On or near Whitebirk Road,E01012639,Blackburn with Darwen 008D,Public order,Unable to prosecute suspect,
f881de9e839a89cfdc62a8448fd918673f99fa692952afeb8ae75314fdcb6f95,2021-06,Lancashire Constabulary,Lancashire Constabulary,-2.445020,53.750897,On or near Whitebirk Road,E01012639,Blackburn with Darwen 008D,Public order,Unable to prosecute suspect,
672eb5e6c443aae81d9856008c764e16fac1dabdca5998ef292395ad29ca5bf6,2021-06,Lancashire Constabulary,Lancashire Constabulary,-2.446450,53.751297,On or near Surrey Road,E01012639,Blackburn with Darwen 008D,Public order,Investigation complete; no suspect identified,
170e35cc63bf05706939ca63591728cf6c5169547ee2e8ec04d66cfeb4964660,2021-06,Lancashire Constabulary,Lancashire Constabulary,-2.445476,53.750923,On or near Whitebirk Road,E01012639,Blackburn with Darwen 008D,Vehicle crime,Investigation complete; no suspect identified,
5eadfab30c1c02a4b5b5f9845009d18e3e8ecc3451057a1abf37a8031cbd1c79,2021-06,Lancashire Constabulary,Lancashire Constabulary,-2.450284,53.752397,On or near Burnley Road,E01012639,Blackburn with Darwen 008D,Violence and sexual offences,Unable to prosecute suspect,
3e9802ce5a8b51a0b5e74b0ec5f63a2d1efa942c16296b843eb2e0672ce5030b,2021-06,Lancashire Constabulary,Lancashire Constabulary,-2.449052,53.749282,On or near Devon Road,E01012639,Blackburn with Darwen 008D,Violence and sexual offences,Unable to prosecute suspect,
d35db138e66dab2d6a77f9c1df4477467e09639890c9d04e6a9572a194dce324,2021-06,Lancashire Constabulary,Lancashire Constabulary,-2.444015,53.748987,On or near Whitebirk Road,E01012639,Blackburn with Darwen 008D,Violence and sexual offences,Unable to prosecute suspect,
63d5854fff5aa83a1a0513d107a83cc9ea596647c478d2711c7a31140864f26e,2021-06,Lancashire Constabulary,Lancashire Constabulary,-2.445020,53.750897,On or near Whitebirk Road,E01012639,Blackburn with Darwen 008D,Violence and sexual offences,Unable to prosecute suspect,
42fc2785af403026773158dbe9a73ea134fde2b2bffbc50115272a737fd72c30,2021-06,Lancashire Constabulary,Lancashire Constabulary,-2.449606,53.750044,On or near Hereford Road,E01012639,Blackburn with Darwen 008D,Violence and sexual offences,Unable to prosecute suspect,
7dc7040c62f8b7eb34fd33671ee80555c2e7f483587732a07ccb75442bfa271a,2021-06,Lancashire Constabulary,Lancashire Constabulary,-2.444015,53.748987,On or near Whitebirk Road,E01012639,Blackburn with Darwen 008D,Violence and sexual offences,Unable to prosecute suspect,
45c25da3bee667a208d47b2a41d6560bfc7b1dd42b548471592c8449d622fd60,2021-06,Lancashire Constabulary,Lancashire Constabulary,-2.443357,53.749870,On or near Hamer Avenue,E01012639,Blackburn with Darwen 008D,Violence and sexual offences,Unable to prosecute suspect,
30f44b1503734a816e7808aeee3aa178bc3f221da0266b8d0d2775fdd10d8e2c,2021-06,Lancashire Constabulary,Lancashire Constabulary,-2.444015,53.748987,On or near Whitebirk Road,E01012639,Blackburn with Darwen 008D,Violence and sexual offences,Unable to prosecute suspect,
8256562b95128a7f5832a90ced48cbca6a3c10733f26fa4e5a702dcf14bd3a28,2021-06,Lancashire Constabulary,Lancashire Constabulary,-2.449043,53.751269,On or near Worcester Road,E01012639,Blackburn with Darwen 008D,Violence and sexual offences,Unable to prosecute suspect,
6f54cc47199894563376ad9d713dd05270999ab31f8f96bec22877c8971c0a7e,2021-06,Lancashire Constabulary,Lancashire Constabulary,-2.449606,53.750044,On or near Hereford Road,E01012639,Blackburn with Darwen 008D,Violence and sexual offences,Unable to prosecute suspect,
0920d90a77abab50a7e30b75be1a5f0a7f4fbf163c3816e2915cbf020439f853,2021-06,Lancashire Constabulary,Lancashire Constabulary,-2.445020,53.750897,On or near Whitebirk Road,E01012639,Blackburn with Darwen 008D,Violence and sexual offences,Unable to prosecute suspect,
0016df4d9835b5d394aa4c9d798fad4b5ed9afe9ffd9ca4d93982166d51987cf,2021-06,Lancashire Constabulary,Lancashire Constabulary,-2.445476,53.750923,On or near Whitebirk Road,E01012639,Blackburn with Darwen 008D,Violence and sexual offences,Unable to prosecute suspect,
bc0768813975f90eba51b0fee7dabd99bb1c89f84ab8a7b598115f780e6482a1,2021-06,Lancashire Constabulary,Lancashire Constabulary,-2.447033,53.753353,On or near Burnley Road,E01012639,Blackburn with Darwen 008D,Violence and sexual offences,Investigation complete; no suspect identified,
,2021-06,Lancashire Constabulary,Lancashire Constabulary,-2.443461,53.746814,On or near Margaret Street,E01012640,Blackburn with Darwen 008E,Anti-social behaviour,,
,2021-06,Lancashire Constabulary,Lancashire Constabulary,-2.446448,53.746767,On or near Heaning Avenue,E01012640,Blackburn with Darwen 008E,Anti-social behaviour,,
,2021-06,Lancashire Constabulary,Lancashire Constabulary,-2.449154,53.747458,On or near Accrington Road,E01012640,Blackburn with Darwen 008E,Anti-social behaviour,,
,2021-06,Lancashire Constabulary,Lancashire Constabulary,-2.449136,53.748590,On or near Monmouth Road,E01012640,Blackburn with Darwen 008E,Anti-social behaviour,,
,2021-06,Lancashire Constabulary,Lancashire Constabulary,-2.449154,53.747458,On or near Accrington Road,E01012640,Blackburn with Darwen 008E,Anti-social behaviour,,
,2021-06,Lancashire Constabulary,Lancashire Constabulary,-2.451848,53.746998,On or near Freeman Close,E01012640,Blackburn with Darwen 008E,Anti-social behaviour,,
,2021-06,Lancashire Constabulary,Lancashire Constabulary,-2.448189,53.746544,On or near Paddock Lane,E01012640,Blackburn with Darwen 008E,Anti-social behaviour,,
,2021-06,Lancashire Constabulary,Lancashire Constabulary,-2.447899,53.743552,On or near Brownlow Street,E01012640,Blackburn with Darwen 008E,Anti-social behaviour,,
,2021-06,Lancashire Constabulary,Lancashire Constabulary,-2.441996,53.744455,On or near Knuzden Brook,E01012640,Blackburn with Darwen 008E,Anti-social behaviour,,
,2021-06,Lancashire Constabulary,Lancashire Constabulary,-2.451848,53.746998,On or near Freeman Close,E01012640,Blackburn with Darwen 008E,Anti-social behaviour,,
,2021-06,Lancashire Constabulary,Lancashire Constabulary,-2.443891,53.745913,On or near Bank Lane,E01012640,Blackburn with Darwen 008E,Anti-social behaviour,,
,2021-06,Lancashire Constabulary,Lancashire Constabulary,-2.448189,53.746544,On or near Paddock Lane,E01012640,Blackburn with Darwen 008E,Anti-social behaviour,,
,2021-06,Lancashire Constabulary,Lancashire Constabulary,-2.448835,53.745958,On or near Hillside Avenue,E01012640,Blackburn with Darwen 008E,Anti-social behaviour,,
fb30863d18400cba8da13fa843f1f8565eaa6f7ce190d2b190a8d636ecc4ee1e,2021-06,Lancashire Constabulary,Lancashire Constabulary,-2.446865,53.746046,On or near Fecitt Brow,E01012640,Blackburn with Darwen 008E,Criminal damage and arson,Unable to prosecute suspect,
1ee8c877b8d47e6f9b127b000e5efaad8ad1c01954af3ea7dce4b83ee7daad73,2021-06,Lancashire Constabulary,Lancashire Constabulary,-2.446865,53.746046,On or near Fecitt Brow,E01012640,Blackburn with Darwen 008E,Criminal damage and arson,Investigation complete; no suspect identified,
76abb2ec0ccbbfd93195878dca5470dbedd40eabc5117534952f374a814285db,2021-06,Lancashire Constabulary,Lancashire Constabulary,-2.447899,53.743552,On or near Brownlow Street,E01012640,Blackburn with Darwen 008E,Other theft,Investigation complete; no suspect identified,
f7a7a42cf3f11703f0492554c0ec4b4c664b4ba73cb6790749a6459f8d9566c0,2021-06,Lancashire Constabulary,Lancashire Constabulary,-2.446865,53.746046,On or near Fecitt Brow,E01012640,Blackburn with Darwen 008E,Public order,Status update unavailable,
e7d858bb6d2fa5e550ad72fffd1e2252ac2f68a6ed1fe5c772fef6bec2d3ebf8,2021-06,Lancashire Constabulary,Lancashire Constabulary,-2.449154,53.747458,On or near Accrington Road,E01012640,Blackburn with Darwen 008E,Violence and sexual offences,Unable to prosecute suspect,
988a1e0a1e6ee60830a6cd7fe64ffb0c08af1ba9cdb0d2d8e56f5b6fc17cb43b,2021-06,Lancashire Constabulary,Lancashire Constabulary,-2.449154,53.747458,On or near Accrington Road,E01012640,Blackburn with Darwen 008E,Violence and sexual offences,Unable to prosecute suspect,
b28fa5fb86256413257b987230046fdf2979790906fd4ee8f9bc03cf9635b96c,2021-06,Lancashire Constabulary,Lancashire Constabulary,-2.448189,53.746544,On or near Paddock Lane,E01012640,Blackburn with Darwen 008E,Violence and sexual offences,Unable to prosecute suspect,
2d4976513a3cbf0712626a59caa5082194b0d543f23ad0e516e8aa30166c0862,2021-06,Lancashire Constabulary,Lancashire Constabulary,-2.449425,53.747277,On or near Eagle Street,E01012640,Blackburn with Darwen 008E,Violence and sexual offences,Investigation complete; no suspect identified,
c7c0e71440bb4cbe5163ed41bab155ad50507fc16a0372090c2a1fdf2eb1b1c7,2021-06,Lancashire Constabulary,Lancashire Constabulary,-2.443461,53.746814,On or near Margaret Street,E01012640,Blackburn with Darwen 008E,Violence and sexual offences,Unable to prosecute suspect,
034e0e092534bc88ea3fe6745eb3d3059d5e6c50953fa69318b634fd8fa1fcf5,2021-06,Lancashire Constabulary,Lancashire Constabulary,-2.447899,53.743552,On or near Brownlow Street,E01012640,Blackburn with Darwen 008E,Violence and sexual offences,Unable to prosecute suspect,
d131771d4f7d0c161cf849f04b42d63e3355f46b4c28c08a5f6e0ace87081ae5,2021-06,Lancashire Constabulary,Lancashire Constabulary,-2.450234,53.749161,On or near Brecon Road,E01012640,Blackburn with Darwen 008E,Violence and sexual offences,Investigation complete; no suspect identified,
,2021-06,Lancashire Constabulary,Lancashire Constabulary,-2.454184,53.744230,On or near Sandwich Close,E01012641,Blackburn with Darwen 008F,Anti-social behaviour,,
,2021-06,Lancashire Constabulary,Lancashire Constabulary,-2.454184,53.744230,On or near Sandwich Close,E01012641,Blackburn with Darwen 008F,Anti-social behaviour,,
,2021-06,Lancashire Constabulary,Lancashire Constabulary,-2.452983,53.745376,On or near Hythe Close,E01012641,Blackburn with Darwen 008F,Anti-social behaviour,,
,2021-06,Lancashire Constabulary,Lancashire Constabulary,-2.452983,53.745376,On or near Hythe Close,E01012641,Blackburn with Darwen 008F,Anti-social behaviour,,
,2021-06,Lancashire Constabulary,Lancashire Constabulary,-2.455455,53.744018,On or near Hastings Close,E01012641,Blackburn with Darwen 008F,Anti-social behaviour,,
,2021-06,Lancashire Constabulary,Lancashire Constabulary,-2.449058,53.744123,On or near Farm House Close,E01012641,Blackburn with Darwen 008F,Anti-social behaviour,,
,2021-06,Lancashire Constabulary,Lancashire Constabulary,-2.454184,53.744230,On or near Sandwich Close,E01012641,Blackburn with Darwen 008F,Anti-social behaviour,,
,2021-06,Lancashire Constabulary,Lancashire Constabulary,-2.456072,53.746371,On or near Petrol Station,E01012641,Blackburn with Darwen 008F,Anti-social behaviour,,
,2021-06,Lancashire Constabulary,Lancashire Constabulary,-2.456072,53.746371,On or near Petrol Station,E01012641,Blackburn with Darwen 008F,Anti-social behaviour,,
c7f509461e3a1d2f9b7ae01b6b6b905de190b9b83ea9385ccebb6edc7f0ea1d1,2021-06,Lancashire Constabulary,Lancashire Constabulary,-2.452531,53.744227,On or near Dover Close,E01012641,Blackburn with Darwen 008F,Criminal damage and arson,Status update unavailable,
10e368c82245a0d23832a25dde7ae1426fac587a9b25677a8c8d4a1a6bcc4456,2021-06,Lancashire Constabulary,Lancashire Constabulary,-2.452983,53.745376,On or near Hythe Close,E01012641,Blackburn with Darwen 008F,Criminal damage and arson,Investigation complete; no suspect identified,
24af1dc0cfc3186bdfb94ae6bdc2b3282cd2b4dc9cf8d0ffff4a300bb79e77df,2021-06,Lancashire Constabulary,Lancashire Constabulary,-2.452904,53.746455,On or near Westbury Gardens,E01012641,Blackburn with Darwen 008F,Vehicle crime,Investigation complete; no suspect identified,
923c605c51844bf8c0f3d30132f53568f183537666d84f323106c970e950a28f,2021-06,Lancashire Constabulary,Lancashire Constabulary,-2.455648,53.742175,On or near North Road,E01012641,Blackburn with Darwen 008F,Violence and sexual offences,Action to be taken by another organisation,
66e5887d479ad788528a746176ccbddde7dec8dbe0281d953385ea70698b47f4,2021-06,Lancashire Constabulary,Lancashire Constabulary,-2.452983,53.745376,On or near Hythe Close,E01012641,Blackburn with Darwen 008F,Violence and sexual offences,Unable to prosecute suspect,
886adec307d321f856f3f8453bd4a3ee883e68a8d3fb885ba32bac6af9b3bd5b,2021-06,Lancashire Constabulary,Lancashire Constabulary,-2.448515,53.742939,On or near Orkney Close,E01012641,Blackburn with Darwen 008F,Violence and sexual offences,Unable to prosecute suspect,
80e22b60659c0357df2aaf7444854ac5c37923e26817a4816fbae5c6363f1515,2021-06,Lancashire Constabulary,Lancashire Constabulary,-2.448515,53.742939,On or near Orkney Close,E01012641,Blackburn with Darwen 008F,Other crime,Unable to prosecute suspect,
1eaaffc4fc18bd39cedeef9a7f1f7fbb17d79d9bc9fea687b318494647611d04,2021-06,Lancashire Constabulary,Lancashire Constabulary,-2.448515,53.742939,On or near Orkney Close,E01012641,Blackburn with Darwen 008F,Other crime,Unable to prosecute suspect,
ca3fdfde28f1f523763c3f5690d6a0f7fe441cb34dd5fae7fc17220e5bfd982c,2021-06,Lancashire Constabulary,Lancashire Constabulary,-2.448515,53.742939,On or near Orkney Close,E01012641,Blackburn with Darwen 008F,Other crime,Unable to prosecute suspect,
,2021-06,Lancashire Constabulary,Lancashire Constabulary,-2.490790,53.734127,On or near Petrol Station,E01012595,Blackburn with Darwen 009A,Anti-social behaviour,,
,2021-06,Lancashire Constabulary,Lancashire Constabulary,-2.493482,53.736147,On or near Exeter Street,E01012595,Blackburn with Darwen 009A,Anti-social behaviour,,
,2021-06,Lancashire Constabulary,Lancashire Constabulary,-2.493128,53.737038,On or near Wilson Street,E01012595,Blackburn with Darwen 009A,Anti-social behaviour,,
,2021-06,Lancashire Constabulary,Lancashire Constabulary,-2.490790,53.734127,On or near Petrol Station,E01012595,Blackburn with Darwen 009A,Anti-social behaviour,,
,2021-06,Lancashire Constabulary,Lancashire Constabulary,-2.490845,53.731061,On or near Calico Street,E01012595,Blackburn with Darwen 009A,Anti-social behaviour,,
,2021-06,Lancashire Constabulary,Lancashire Constabulary,-2.490865,53.730144,On or near Tapestry Street,E01012595,Blackburn with Darwen 009A,Anti-social behaviour,,
,2021-06,Lancashire Constabulary,Lancashire Constabulary,-2.490790,53.734127,On or near Petrol Station,E01012595,Blackburn with Darwen 009A,Anti-social behaviour,,
,2021-06,Lancashire Constabulary,Lancashire Constabulary,-2.494376,53.737446,On or near Hollin Street,E01012595,Blackburn with Darwen 009A,Anti-social behaviour,,
,2021-06,Lancashire Constabulary,Lancashire Constabulary,-2.493482,53.736147,On or near Exeter Street,E01012595,Blackburn with Darwen 009A,Anti-social behaviour,,
0b0f1e635ecbb342778fbe51047f95f81732edf5fb608e8ce88c101c9a4d9e4a,2021-06,Lancashire Constabulary,Lancashire Constabulary,-2.489646,53.732235,On or near Wolseley Street,E01012595,Blackburn with Darwen 009A,Criminal damage and arson,Local resolution,
f1c642e0c73b19bcfddf0313990d2e9ad4fc0c993b35cdc5c18612bb27b3b5dc,2021-06,Lancashire Constabulary,Lancashire Constabulary,-2.493482,53.736147,On or near Exeter Street,E01012595,Blackburn with Darwen 009A,Criminal damage and arson,Investigation complete; no suspect identified,
f75dd12b8f435a184577b7d9d60c34391002897ce3d3d74484128cb038779bc6,2021-06,Lancashire Constabulary,Lancashire Constabulary,-2.494800,53.736123,On or near Hollin Bridge Street,E01012595,Blackburn with Darwen 009A,Criminal damage and arson,Unable to prosecute suspect,
00ceb5b8f0852be3eafdc9613c137e3c57347b9d7f4649c7517ce650a26c21ce,2021-06,Lancashire Constabulary,Lancashire Constabulary,-2.489333,53.732703,On or near Longshaw Street,E01012595,Blackburn with Darwen 009A,Criminal damage and arson,Unable to prosecute suspect,
3f8cd89680b19a9377c6476a101770b41a8510f02f277c2e6c1062d9a74cf495,2021-06,Lancashire Constabulary,Lancashire Constabulary,-2.493482,53.736147,On or near Exeter Street,E01012595,Blackburn with Darwen 009A,Criminal damage and arson,Status update unavailable,
806df398794e3b4665ad8a608749201edb715097522056f87f6a501f077b6c63,2021-06,Lancashire Constabulary,Lancashire Constabulary,-2.491750,53.737152,On or near Hamilton Street,E01012595,Blackburn with Darwen 009A,Other theft,Investigation complete; no suspect identified,
f3102851a32e691132d82b5f8c2d1f9e99c736da92c25eb0eadd804337767f52,2021-06,Lancashire Constabulary,Lancashire Constabulary,-2.493482,53.736147,On or near Exeter Street,E01012595,Blackburn with Darwen 009A,Other theft,Unable to prosecute suspect,
10672a4670936ae94b4225c22c5687f638de9344d3b77d015d7c57e1ea99b693,2021-06,Lancashire Constabulary,Lancashire Constabulary,-2.489333,53.732703,On or near Longshaw Street,E01012595,Blackburn with Darwen 009A,Public order,Unable to prosecute suspect,
a11fb01c060754d96dce525278fd23ce5f32efc929b25548235326484157dcf7,2021-06,Lancashire Constabulary,Lancashire Constabulary,-2.489136,53.732668,On or near Kirby Road,E01012595,Blackburn with Darwen 009A,Public order,Unable to prosecute suspect,
a6212dbef2109b5592a5a5a34b87b4550e9c8b4e85c81aad465880752b8f7d03,2021-06,Lancashire Constabulary,Lancashire Constabulary,-2.493636,53.735113,On or near Sports/Recreation Area,E01012595,Blackburn with Darwen 009A,Public order,Action to be taken by another organisation,
b995d9b6c6b41b4ad5f84cf2ffabaa8d5b038cb37144a63d4fd25b38f665e92c,2021-06,Lancashire Constabulary,Lancashire Constabulary,-2.489136,53.732668,On or near Kirby Road,E01012595,Blackburn with Darwen 009A,Vehicle crime,Investigation complete; no suspect identified,
3db8d6bc1f7735ac2132d09c656f1089b00b218b1d9223ced7ea5cb91f7df6b7,2021-06,Lancashire Constabulary,Lancashire Constabulary,-2.492802,53.736401,On or near Cranbrook Street,E01012595,Blackburn with Darwen 009A,Vehicle crime,Unable to prosecute suspect,
60bc63dab7f94218d90432742f6c7593fedc35335cf88f577ac4fb1693b7adce,2021-06,Lancashire Constabulary,Lancashire Constabulary,-2.495873,53.730654,On or near Albion Street,E01012595,Blackburn with Darwen 009A,Violence and sexual offences,Unable to prosecute suspect,
32b1bd3e1bc269da0e1ccd996ee179cf90f8c89a7e46dd274ba02627589601c7,2021-06,Lancashire Constabulary,Lancashire Constabulary,-2.490901,53.729326,On or near Kidder Street,E01012595,Blackburn with Darwen 009A,Violence and sexual offences,Unable to prosecute suspect,
8f12f4811e565c9f01b88f4716b4411ac4f176d377d1dd16f65979940fcd3615,2021-06,Lancashire Constabulary,Lancashire Constabulary,-2.489646,53.732235,On or near Wolseley Street,E01012595,Blackburn with Darwen 009A,Violence and sexual offences,Unable to prosecute suspect,
ebf4db53937ccad490a9dd7116f2f63d1be56cb23aa16b7bd63261182c9518e8,2021-06,Lancashire Constabulary,Lancashire Constabulary,-2.491895,53.732729,On or near Aqueduct Road,E01012595,Blackburn with Darwen 009A,Violence and sexual offences,Investigation complete; no suspect identified,
e14a97d9c089a56e8bdb0c4cbbb5ff9e48bc216d9f639e1de9e5c55089c8c1a3,2021-06,Lancashire Constabulary,Lancashire Constabulary,-2.490790,53.734127,On or near Petrol Station,E01012595,Blackburn with Darwen 009A,Violence and sexual offences,Unable to prosecute suspect,
3a3ef98f8a2b9a40579ec0e102c5cd8549959201522a1972d096e81a87720bdf,2021-06,Lancashire Constabulary,Lancashire Constabulary,-2.490727,53.737875,On or near Lower Hollin Bank Street,E01012595,Blackburn with Darwen 009A,Violence and sexual offences,Unable to prosecute suspect,
cc012486800e25bd37659e006c96b053a01729db4426dcb9ea39d633a633d11d,2021-06,Lancashire Constabulary,Lancashire Constabulary,-2.493636,53.735113,On or near Sports/Recreation Area,E01012595,Blackburn with Darwen 009A,Violence and sexual offences,Unable to prosecute suspect,
a37a700122d7672cc4c562b43b1a44d191e49507dddb36ed1120228cfe838ae8,2021-06,Lancashire Constabulary,Lancashire Constabulary,-2.489333,53.732703,On or near Longshaw Street,E01012595,Blackburn with Darwen 009A,Violence and sexual offences,Unable to prosecute suspect,
1ad38ab73ca4fa64ec083d3c776f4fb3d2549512c0223d4dc715f66ab654257b,2021-06,Lancashire Constabulary,Lancashire Constabulary,-2.495873,53.730654,On or near Albion Street,E01012595,Blackburn with Darwen 009A,Violence and sexual offences,Unable to prosecute suspect,
fc1c28403237ccab714ea70fff771314cd15779f49e845533f721c6da344aa40,2021-06,Lancashire Constabulary,Lancashire Constabulary,-2.490901,53.729326,On or near Kidder Street,E01012595,Blackburn with Darwen 009A,Violence and sexual offences,Unable to prosecute suspect,
d4fafecd5b3c2e1f9bc9af4700f476218d47cfe2e201e2d00c2cabfa6e146498,2021-06,Lancashire Constabulary,Lancashire Constabulary,-2.493636,53.735113,On or near Sports/Recreation Area,E01012595,Blackburn with Darwen 009A,Violence and sexual offences,Unable to prosecute suspect,
93a0507a358e96ef63fa0dd69df590fddea34e6fc5e08aca4fa6a8c7d6129ae1,2021-06,Lancashire Constabulary,Lancashire Constabulary,-2.491895,53.732729,On or near Aqueduct Road,E01012595,Blackburn with Darwen 009A,Violence and sexual offences,Status update unavailable,
c006e2b6564326f115e4a404af785bfbc2ff688f196fc75389844bee07637399,2021-06,Lancashire Constabulary,Lancashire Constabulary,-2.494376,53.737446,On or near Hollin Street,E01012595,Blackburn with Darwen 009A,Violence and sexual offences,Action to be taken by another organisation,
,2021-06,Lancashire Constabulary,Lancashire Constabulary,-2.485573,53.736557,On or near Infirmary Street,E01012596,Blackburn with Darwen 009B,Anti-social behaviour,,
,2021-06,Lancashire Constabulary,Lancashire Constabulary,-2.482884,53.734743,On or near Lyndhurst Road,E01012596,Blackburn with Darwen 009B,Anti-social behaviour,,
,2021-06,Lancashire Constabulary,Lancashire Constabulary,-2.484490,53.735977,On or near Abraham Street,E01012596,Blackburn with Darwen 009B,Anti-social behaviour,,
,2021-06,Lancashire Constabulary,Lancashire Constabulary,-2.482884,53.734743,On or near Lyndhurst Road,E01012596,Blackburn with Darwen 009B,Anti-social behaviour,,
,2021-06,Lancashire Constabulary,Lancashire Constabulary,-2.484490,53.735977,On or near Abraham Street,E01012596,Blackburn with Darwen 009B,Anti-social behaviour,,
,2021-06,Lancashire Constabulary,Lancashire Constabulary,-2.483391,53.736646,On or near Hall Street,E01012596,Blackburn with Darwen 009B,Anti-social behaviour,,
,2021-06,Lancashire Constabulary,Lancashire Constabulary,-2.488478,53.733426,On or near Marlton Road,E01012596,Blackburn with Darwen 009B,Anti-social behaviour,,
,2021-06,Lancashire Constabulary,Lancashire Constabulary,-2.484490,53.735977,On or near Abraham Street,E01012596,Blackburn with Darwen 009B,Anti-social behaviour,,
,2021-06,Lancashire Constabulary,Lancashire Constabulary,-2.486039,53.734937,On or near Southworth Street,E01012596,Blackburn with Darwen 009B,Anti-social behaviour,,
,2021-06,Lancashire Constabulary,Lancashire Constabulary,-2.486039,53.734937,On or near Southworth Street,E01012596,Blackburn with Darwen 009B,Anti-social behaviour,,
,2021-06,Lancashire Constabulary,Lancashire Constabulary,-2.484490,53.735977,On or near Abraham Street,E01012596,Blackburn with Darwen 009B,Anti-social behaviour,,
,2021-06,Lancashire Constabulary,Lancashire Constabulary,-2.483293,53.736045,On or near Leach Street,E01012596,Blackburn with Darwen 009B,Anti-social behaviour,,
,2021-06,Lancashire Constabulary,Lancashire Constabulary,-2.487594,53.733052,On or near Abbotsford Avenue,E01012596,Blackburn with Darwen 009B,Anti-social behaviour,,
,2021-06,Lancashire Constabulary,Lancashire Constabulary,-2.486024,53.736240,On or near Walsh Street,E01012596,Blackburn with Darwen 009B,Anti-social behaviour,,
,2021-06,Lancashire Constabulary,Lancashire Constabulary,-2.488478,53.733426,On or near Marlton Road,E01012596,Blackburn with Darwen 009B,Anti-social behaviour,,
,2021-06,Lancashire Constabulary,Lancashire Constabulary,-2.484644,53.737468,On or near Warwick Close,E01012596,Blackburn with Darwen 009B,Anti-social behaviour,,
,2021-06,Lancashire Constabulary,Lancashire Constabulary,-2.485573,53.736557,On or near Infirmary Street,E01012596,Blackburn with Darwen 009B,Anti-social behaviour,,
,2021-06,Lancashire Constabulary,Lancashire Constabulary,-2.483165,53.734113,On or near Park Lee Road,E01012596,Blackburn with Darwen 009B,Anti-social behaviour,,
,2021-06,Lancashire Constabulary,Lancashire Constabulary,-2.486039,53.734937,On or near Southworth Street,E01012596,Blackburn with Darwen 009B,Anti-social behaviour,,
,2021-06,Lancashire Constabulary,Lancashire Constabulary,-2.484490,53.735977,On or near Abraham Street,E01012596,Blackburn with Darwen 009B,Anti-social behaviour,,
17d388a8ed1a2a756a5dfc3653fda44b6d54feba3d67108a07a5fd7328797235,2021-06,Lancashire Constabulary,Lancashire Constabulary,-2.485573,53.736557,On or near Infirmary Street,E01012596,Blackburn with Darwen 009B,Criminal damage and arson,Investigation complete; no suspect identified,
acfcd0ced63aa5a5ae766811d46079662942dcb1fd23aebf0479f1c73f28f54c,2021-06,Lancashire Constabulary,Lancashire Constabulary,-2.486475,53.735897,On or near Dyson Street,E01012596,Blackburn with Darwen 009B,Criminal damage and arson,Investigation complete; no suspect identified,
fad54e026ab4e0cfda732495ff9ce4a0f5e97e48b72bae1daced585f7b59bf7d,2021-06,Lancashire Constabulary,Lancashire Constabulary,-2.486475,53.735897,On or near Dyson Street,E01012596,Blackburn with Darwen 009B,Criminal damage and arson,Investigation complete; no suspect identified,
ccced4838764990dc8d5e526cc6dfe2b1077694da6497164329a234eef67afae,2021-06,Lancashire Constabulary,Lancashire Constabulary,-2.482623,53.735805,On or near Rockcliffe Street,E01012596,Blackburn with Darwen 009B,Criminal damage and arson,Court result unavailable,
eead7ed0035242e3918219c44adb896580ade15dc498e3dcc6ccc8b8e73685d7,2021-06,Lancashire Constabulary,Lancashire Constabulary,-2.484518,53.734440,On or near Pilmuir Road,E01012596,Blackburn with Darwen 009B,Criminal damage and arson,Investigation complete; no suspect identified,
c74b2454c61643df1d5488ab49def931c43a2d99594ad920405bd37626994f2e,2021-06,Lancashire Constabulary,Lancashire Constabulary,-2.486197,53.736734,On or near Ivy Street,E01012596,Blackburn with Darwen 009B,Other theft,Unable to prosecute suspect,
b396996a0e0847980a727e0c692624cd502d0a4d03c1c98a821a50a1eb3915bc,2021-06,Lancashire Constabulary,Lancashire Constabulary,-2.483391,53.736646,On or near Hall Street,E01012596,Blackburn with Darwen 009B,Other theft,Unable to prosecute suspect,
8e509716b3fb8f5a93728a3ebedd82fd50140ed859e5641cd68534b281dbd87d,2021-06,Lancashire Constabulary,Lancashire Constabulary,-2.487164,53.733899,On or near Sunny Bank Road,E01012596,Blackburn with Darwen 009B,Other theft,Investigation complete; no suspect identified,
e289b570814616b3ad5ab22e79c41d292638916d7f097117470181d58ac11d9e,2021-06,Lancashire Constabulary,Lancashire Constabulary,-2.485807,53.735783,On or near Mosley Street,E01012596,Blackburn with Darwen 009B,Possession of weapons,Offender given a caution,
a15bc2dfcd556657f7d542544309c954cbb9e4a980e186825f8d93733e48c227,2021-06,Lancashire Constabulary,Lancashire Constabulary,-2.486024,53.736240,On or near Walsh Street,E01012596,Blackburn with Darwen 009B,Public order,Offender given penalty notice,
d06bbf1ef994bb8105f903c41ade3822f50152eb973abe1c838669fe68a959fd,2021-06,Lancashire Constabulary,Lancashire Constabulary,-2.482421,53.735329,On or near Coldstream Place,E01012596,Blackburn with Darwen 009B,Public order,Unable to prosecute suspect,
e90ef43878e072b8298e0d45764ce3e3274d50957dd4e4c4281d1ec1b0e881c3,2021-06,Lancashire Constabulary,Lancashire Constabulary,-2.486024,53.736240,On or near Walsh Street,E01012596,Blackburn with Darwen 009B,Public order,Unable to prosecute suspect,
2cc4962200d129ff0ec03378127b6c981b4c1977e6fedf204ec723fe77bb8c67,2021-06,Lancashire Constabulary,Lancashire Constabulary,-2.483293,53.736045,On or near Leach Street,E01012596,Blackburn with Darwen 009B,Robbery,Investigation complete; no suspect identified,
6753ec6039ed74850d070847210fac06d8d93722aa50fe3064998fd5750c8e5e,2021-06,Lancashire Constabulary,Lancashire Constabulary,-2.485522,53.734804,On or near Pritchard Street,E01012596,Blackburn with Darwen 009B,Shoplifting,Status update unavailable,
af78c1fc208249291890b5c772fdc5d6cf17f9ebe58bc39ad2222ce0c6d131dd,2021-06,Lancashire Constabulary,Lancashire Constabulary,-2.483391,53.736646,On or near Hall Street,E01012596,Blackburn with Darwen 009B,Vehicle crime,Investigation complete; no suspect identified,
9680150066d281689ed622252129eff984aad87b5a9dbd34390e2147c6c633da,2021-06,Lancashire Constabulary,Lancashire Constabulary,-2.483165,53.734113,On or near Park Lee Road,E01012596,Blackburn with Darwen 009B,Violence and sexual offences,Unable to prosecute suspect,
25c0f89b40d499892ba0375b3333027da84ea43a7a0477d43e2a5896fd27f150,2021-06,Lancashire Constabulary,Lancashire Constabulary,-2.483293,53.736045,On or near Leach Street,E01012596,Blackburn with Darwen 009B,Violence and sexual offences,Unable to prosecute suspect,
38d2691035d8ddc961b4fa59631701ae3738deccaddf969557f7f202fbce29bb,2021-06,Lancashire Constabulary,Lancashire Constabulary,-2.483165,53.734113,On or near Park Lee Road,E01012596,Blackburn with Darwen 009B,Violence and sexual offences,Unable to prosecute suspect,
8dce1792454aeaa17a543d40dd156683d36d831adfbbaf0cb61dd015d2f549a3,2021-06,Lancashire Constabulary,Lancashire Constabulary,-2.483165,53.734113,On or near Park Lee Road,E01012596,Blackburn with Darwen 009B,Violence and sexual offences,Unable to prosecute suspect,
180eac85ea4bcad66d8926a8f553ff955b573af36f8102aaefe2d43cd135fc63,2021-06,Lancashire Constabulary,Lancashire Constabulary,-2.484644,53.737468,On or near Warwick Close,E01012596,Blackburn with Darwen 009B,Violence and sexual offences,Status update unavailable,
fc09c7a5d01b4bc0bcf9e2e77d7e78788cf222ab8010d27f475ef0ca2c5df7a9,2021-06,Lancashire Constabulary,Lancashire Constabulary,-2.483293,53.736045,On or near Leach Street,E01012596,Blackburn with Darwen 009B,Violence and sexual offences,Unable to prosecute suspect,
c10140f61053bff46ed9c1eb5724f1202c7d6f04d2acfca92e2c60c930150824,2021-06,Lancashire Constabulary,Lancashire Constabulary,-2.484644,53.737468,On or near Warwick Close,E01012596,Blackburn with Darwen 009B,Violence and sexual offences,Status update unavailable,
7a82318e2d7101341b33ab8d68a34990bb80d9c2742ca17adacb865474ee9e7f,2021-06,Lancashire Constabulary,Lancashire Constabulary,-2.484644,53.737468,On or near Warwick Close,E01012596,Blackburn with Darwen 009B,Violence and sexual offences,Status update unavailable,
227adf71297f0f552614cef1f1b5548028b2a48c25a4587b4d7297c1f3bc1fab,2021-06,Lancashire Constabulary,Lancashire Constabulary,-2.486197,53.736734,On or near Ivy Street,E01012596,Blackburn with Darwen 009B,Violence and sexual offences,Status update unavailable,
fe96925a512cc6c3d96ed79cd651849839c0d0eb3639e6001d88631d438f97cb,2021-06,Lancashire Constabulary,Lancashire Constabulary,-2.486039,53.734937,On or near Southworth Street,E01012596,Blackburn with Darwen 009B,Violence and sexual offences,Investigation complete; no suspect identified,
ff3690fef2bea6370e8ddf92cc439354e83ef34723607e88507c0bd7d09314c2,2021-06,Lancashire Constabulary,Lancashire Constabulary,-2.487180,53.732613,On or near Ramsey Road,E01012596,Blackburn with Darwen 009B,Violence and sexual offences,Unable to prosecute suspect,
c473b7e86a34f30808a4e7cb2ed3048cd26bf70901994e46beb9c776ccda00f2,2021-06,Lancashire Constabulary,Lancashire Constabulary,-2.486475,53.735897,On or near Dyson Street,E01012596,Blackburn with Darwen 009B,Violence and sexual offences,Unable to prosecute suspect,
d864563e39447e561b6573b859b825ad830114ca82b4dc7834567ef27346a804,2021-06,Lancashire Constabulary,Lancashire Constabulary,-2.483165,53.734113,On or near Park Lee Road,E01012596,Blackburn with Darwen 009B,Violence and sexual offences,Unable to prosecute suspect,
5f1d681a736651a3edd5ce360447818a759c92158a4dc99ed2b86d98e4b30da3,2021-06,Lancashire Constabulary,Lancashire Constabulary,-2.483165,53.734113,On or near Park Lee Road,E01012596,Blackburn with Darwen 009B,Violence and sexual offences,Unable to prosecute suspect,
f9303c3296ed9f60cadd6d4b6f900f02e73d4989886834c0e02a752da03aa882,2021-06,Lancashire Constabulary,Lancashire Constabulary,-2.488478,53.733426,On or near Marlton Road,E01012596,Blackburn with Darwen 009B,Violence and sexual offences,Unable to prosecute suspect,
592120f2db637dbdbe4e5314addde6acfe363355cf039f22d806df9cc5a5304a,2021-06,Lancashire Constabulary,Lancashire Constabulary,-2.486039,53.734937,On or near Southworth Street,E01012596,Blackburn with Darwen 009B,Violence and sexual offences,Investigation complete; no suspect identified,
11688e7b138ec40d6323e93c509202228db3cbff84b94116f1fc23b236e7617f,2021-06,Lancashire Constabulary,Lancashire Constabulary,-2.485573,53.736557,On or near Infirmary Street,E01012596,Blackburn with Darwen 009B,Violence and sexual offences,Unable to prosecute suspect,
a25b4fc80a6a36aaf4a0945e5ed34c6a516afc498564fac1ac9368a21eb44897,2021-06,Lancashire Constabulary,Lancashire Constabulary,-2.487651,53.736692,On or near Infirmary Close,E01012596,Blackburn with Darwen 009B,Violence and sexual offences,Unable to prosecute suspect,
,2021-06,Lancashire Constabulary,Lancashire Constabulary,-2.492522,53.739638,On or near Essex Close,E01012622,Blackburn with Darwen 009C,Anti-social behaviour,,
,2021-06,Lancashire Constabulary,Lancashire Constabulary,-2.491679,53.740127,On or near Roebuck Close,E01012622,Blackburn with Darwen 009C,Anti-social behaviour,,
,2021-06,Lancashire Constabulary,Lancashire Constabulary,-2.500722,53.740719,On or near Portland Street,E01012622,Blackburn with Darwen 009C,Anti-social behaviour,,
,2021-06,Lancashire Constabulary,Lancashire Constabulary,-2.496038,53.739570,On or near Wellington Road,E01012622,Blackburn with Darwen 009C,Anti-social behaviour,,
,2021-06,Lancashire Constabulary,Lancashire Constabulary,-2.498198,53.740172,On or near Sandon Street,E01012622,Blackburn with Darwen 009C,Anti-social behaviour,,
,2021-06,Lancashire Constabulary,Lancashire Constabulary,-2.491679,53.740127,On or near Roebuck Close,E01012622,Blackburn with Darwen 009C,Anti-social behaviour,,
,2021-06,Lancashire Constabulary,Lancashire Constabulary,-2.494647,53.741175,On or near Dickinson Close,E01012622,Blackburn with Darwen 009C,Anti-social behaviour,,
,2021-06,Lancashire Constabulary,Lancashire Constabulary,-2.497673,53.741864,On or near Montrose Street,E01012622,Blackburn with Darwen 009C,Anti-social behaviour,,
,2021-06,Lancashire Constabulary,Lancashire Constabulary,-2.494647,53.741175,On or near Dickinson Close,E01012622,Blackburn with Darwen 009C,Anti-social behaviour,,
,2021-06,Lancashire Constabulary,Lancashire Constabulary,-2.497079,53.740356,On or near Rodney Street,E01012622,Blackburn with Darwen 009C,Anti-social behaviour,,
,2021-06,Lancashire Constabulary,Lancashire Constabulary,-2.496157,53.740612,On or near Stansfeld Street,E01012622,Blackburn with Darwen 009C,Anti-social behaviour,,
,2021-06,Lancashire Constabulary,Lancashire Constabulary,-2.490805,53.740589,On or near Heatley Close,E01012622,Blackburn with Darwen 009C,Anti-social behaviour,,
,2021-06,Lancashire Constabulary,Lancashire Constabulary,-2.494647,53.741175,On or near Dickinson Close,E01012622,Blackburn with Darwen 009C,Anti-social behaviour,,
fd3d5d5a3fa1b094cf74dd0947ef162a3588a466aeb3847c22977e5f19b3ee31,2021-06,Lancashire Constabulary,Lancashire Constabulary,-2.491679,53.740127,On or near Roebuck Close,E01012622,Blackburn with Darwen 009C,Criminal damage and arson,Unable to prosecute suspect,
342c84838fdd23ce38b5b704bb904735fedeeb20014c9e7c785b09d65ce5cff1,2021-06,Lancashire Constabulary,Lancashire Constabulary,-2.496038,53.739570,On or near Wellington Road,E01012622,Blackburn with Darwen 009C,Criminal damage and arson,Investigation complete; no suspect identified,
931e14c22804626643e69552c74b17527e160a85a94bba4dfb050e974e80cd98,2021-06,Lancashire Constabulary,Lancashire Constabulary,-2.493464,53.739814,On or near Galligreaves Way,E01012622,Blackburn with Darwen 009C,Criminal damage and arson,Status update unavailable,
8c2258655c1519b5ca880084b8f1605c59763956534bd888f64675e238df8e10,2021-06,Lancashire Constabulary,Lancashire Constabulary,-2.491679,53.740127,On or near Roebuck Close,E01012622,Blackburn with Darwen 009C,Other theft,Investigation complete; no suspect identified,
f4855eaa2f53841c39ec5f29449eceb3f6c4241eb87becaa68498fe5aad9352b,2021-06,Lancashire Constabulary,Lancashire Constabulary,-2.496038,53.739570,On or near Wellington Road,E01012622,Blackburn with Darwen 009C,Other theft,Investigation complete; no suspect identified,
c1532acd890428c73c2a0692340f6ab1abcc5309cada3da2dfe013e1bf7c8ca5,2021-06,Lancashire Constabulary,Lancashire Constabulary,-2.497786,53.742511,On or near Supermarket,E01012622,Blackburn with Darwen 009C,Other theft,Further investigation is not in the public interest,
a55ea970fa1fa64331919eaeaf5c74224b18148c6800f862338e4e6c8dce9111,2021-06,Lancashire Constabulary,Lancashire Constabulary,-2.490805,53.740589,On or near Heatley Close,E01012622,Blackburn with Darwen 009C,Public order,Status update unavailable,
7c8fe1e6d096587272849e6e6617e708161f3f40e2ac7d318581e1cd0ace5093,2021-06,Lancashire Constabulary,Lancashire Constabulary,-2.497786,53.742511,On or near Supermarket,E01012622,Blackburn with Darwen 009C,Public order,Unable to prosecute suspect,
29ad7395b889f99713ccb601ad2006c29dd1f835567975048cff6d15624f4f6a,2021-06,Lancashire Constabulary,Lancashire Constabulary,-2.496038,53.739570,On or near Wellington Road,E01012622,Blackburn with Darwen 009C,Public order,Unable to prosecute suspect,
e897c058780190b2c44a791189492afcf1a9832fbecebc40a097f5079067f13a,2021-06,Lancashire Constabulary,Lancashire Constabulary,-2.496258,53.740189,On or near Agnes Street,E01012622,Blackburn with Darwen 009C,Violence and sexual offences,Investigation complete; no suspect identified,
dadaa4a8590a7e24bf98dbe7d82ee21c37a9d9018892a8b22bae179aa7a68697,2021-06,Lancashire Constabulary,Lancashire Constabulary,-2.490805,53.740589,On or near Heatley Close,E01012622,Blackburn with Darwen 009C,Violence and sexual offences,Status update unavailable,
19153eaf3e98862bce298fe9f1e619246f1c26752b7a41a354861ba9fab9bc44,2021-06,Lancashire Constabulary,Lancashire Constabulary,-2.498198,53.740172,On or near Sandon Street,E01012622,Blackburn with Darwen 009C,Violence and sexual offences,Court result unavailable,
335ab56bf3ee3770ed00f50e5a67f787786f70467c804abe57aa7a92271d20a0,2021-06,Lancashire Constabulary,Lancashire Constabulary,-2.497079,53.740356,On or near Rodney Street,E01012622,Blackburn with Darwen 009C,Violence and sexual offences,Unable to prosecute suspect,
757f4c026436f7a2a0a60b9e24dacd23b6b7accff405c9218f8ff6ec69c69b9f,2021-06,Lancashire Constabulary,Lancashire Constabulary,-2.496038,53.739570,On or near Wellington Road,E01012622,Blackburn with Darwen 009C,Violence and sexual offences,Court result unavailable,
3eb1761b2bf405da8e4eb073ebfdd4332cbd628d6008c7bd2b8d9bc1f483a80f,2021-06,Lancashire Constabulary,Lancashire Constabulary,-2.496038,53.739570,On or near Wellington Road,E01012622,Blackburn with Darwen 009C,Violence and sexual offences,Court result unavailable,
3d261d600c198e7f0538a04f423e2010c37b7ca4515e25739241db5bb12b0485,2021-06,Lancashire Constabulary,Lancashire Constabulary,-2.491679,53.740127,On or near Roebuck Close,E01012622,Blackburn with Darwen 009C,Violence and sexual offences,Unable to prosecute suspect,
624de91c55e746e0f2eba289b913a5a8525da0d7df8ee7cb0867bf9babf1a9fe,2021-06,Lancashire Constabulary,Lancashire Constabulary,-2.496038,53.739570,On or near Wellington Road,E01012622,Blackburn with Darwen 009C,Violence and sexual offences,Court result unavailable,
e8bfcdb400b5a1ae4f72c82886a381dcf4d787e56e66499f0a8c6642862d1146,2021-06,Lancashire Constabulary,Lancashire Constabulary,-2.491679,53.740127,On or near Roebuck Close,E01012622,Blackburn with Darwen 009C,Violence and sexual offences,Unable to prosecute suspect,
ab0e2d00efde2682f06fd2bfad1f6c7ff5c223476bed43948c24f4454dfb228f,2021-06,Lancashire Constabulary,Lancashire Constabulary,-2.496157,53.740612,On or near Stansfeld Street,E01012622,Blackburn with Darwen 009C,Violence and sexual offences,Investigation complete; no suspect identified,
27b49edb3ba49ed167e5312e5aef2f578f6b9f01454795b74a6e835bd7d03174,2021-06,Lancashire Constabulary,Lancashire Constabulary,-2.496157,53.740612,On or near Stansfeld Street,E01012622,Blackburn with Darwen 009C,Violence and sexual offences,Unable to prosecute suspect,
b05328cc93e7d018cb3884044f650b80a1a7dd85fc19cc0ca79f89c98b87eef6,2021-06,Lancashire Constabulary,Lancashire Constabulary,-2.490805,53.740589,On or near Heatley Close,E01012622,Blackburn with Darwen 009C,Violence and sexual offences,Investigation complete; no suspect identified,
72ad5eaee2dd050c6089ad521d1914f6905be00ef67606e8cef5911a9017971d,2021-06,Lancashire Constabulary,Lancashire Constabulary,-2.496157,53.740612,On or near Stansfeld Street,E01012622,Blackburn with Darwen 009C,Violence and sexual offences,Unable to prosecute suspect,
098c646ac888ae849dce79821fe64ed761253452b9418c3025f9c3f45b959af0,2021-06,Lancashire Constabulary,Lancashire Constabulary,-2.499237,53.740824,On or near Norman Street,E01012622,Blackburn with Darwen 009C,Other crime,Status update unavailable,
,2021-06,Lancashire Constabulary,Lancashire Constabulary,-2.506453,53.740758,On or near Park Place,E01012623,Blackburn with Darwen 009D,Anti-social behaviour,,
,2021-06,Lancashire Constabulary,Lancashire Constabulary,-2.508058,53.739358,On or near Franklin Road,E01012623,Blackburn with Darwen 009D,Anti-social behaviour,,
,2021-06,Lancashire Constabulary,Lancashire Constabulary,-2.509791,53.738460,On or near Cartmel Road,E01012623,Blackburn with Darwen 009D,Anti-social behaviour,,
,2021-06,Lancashire Constabulary,Lancashire Constabulary,-2.506055,53.740409,On or near Springfield Street,E01012623,Blackburn with Darwen 009D,Anti-social behaviour,,
,2021-06,Lancashire Constabulary,Lancashire Constabulary,-2.506055,53.740409,On or near Springfield Street,E01012623,Blackburn with Darwen 009D,Anti-social behaviour,,
,2021-06,Lancashire Constabulary,Lancashire Constabulary,-2.502199,53.739993,On or near Scar Street,E01012623,Blackburn with Darwen 009D,Anti-social behaviour,,
,2021-06,Lancashire Constabulary,Lancashire Constabulary,-2.506453,53.740758,On or near Park Place,E01012623,Blackburn with Darwen 009D,Anti-social behaviour,,
aa515500c74b2cde86ba0350accb7bd39ce8ba376861f7f7e1c963da29c0b510,2021-06,Lancashire Constabulary,Lancashire Constabulary,-2.505205,53.741653,On or near Rutland Street,E01012623,Blackburn with Darwen 009D,Criminal damage and arson,Investigation complete; no suspect identified,
39ee4afcbb2e73bdd8035ed286b4d3d310c44952127fdd46158e1f863fd3ad45,2021-06,Lancashire Constabulary,Lancashire Constabulary,-2.506453,53.740758,On or near Park Place,E01012623,Blackburn with Darwen 009D,Other theft,Investigation complete; no suspect identified,
b70329df6bbea7dc04cb61e839c6e00d0e0a972d7ade943ea34857cbe4538f16,2021-06,Lancashire Constabulary,Lancashire Constabulary,-2.506453,53.740758,On or near Park Place,E01012623,Blackburn with Darwen 009D,Public order,Unable to prosecute suspect,
ca69d1bc3ef1891166afccaecb6f9d32f640816f58e8d5faee94ab699b2b1c34,2021-06,Lancashire Constabulary,Lancashire Constabulary,-2.505559,53.736995,On or near Bowen Street,E01012623,Blackburn with Darwen 009D,Public order,Unable to prosecute suspect,
42bb693098420a7d7c8aa184871bfd97b9aec89697479366b0fce1c6c53e7d7f,2021-06,Lancashire Constabulary,Lancashire Constabulary,-2.502634,53.740917,On or near Lansdowne Street,E01012623,Blackburn with Darwen 009D,Violence and sexual offences,Court result unavailable,
5775b464bc902a4bdde688481c12180f3a1fb93b49eaa692d8874f02a658b19a,2021-06,Lancashire Constabulary,Lancashire Constabulary,-2.506453,53.740758,On or near Park Place,E01012623,Blackburn with Darwen 009D,Violence and sexual offences,Unable to prosecute suspect,
2099e67b23ec78d9c72783eb0b9c3e77130d9b1c8b7ef1d74f06e0283a64b610,2021-06,Lancashire Constabulary,Lancashire Constabulary,-2.500921,53.740925,On or near Curzon Place,E01012623,Blackburn with Darwen 009D,Violence and sexual offences,Court result unavailable,
aa0d08f016052e1bc09833d519feb4dfcb3f9747a5e64850f3c21ad759d4725d,2021-06,Lancashire Constabulary,Lancashire Constabulary,-2.505559,53.736995,On or near Bowen Street,E01012623,Blackburn with Darwen 009D,Violence and sexual offences,Unable to prosecute suspect,
9a8caf03238115c4551674e9e158128d1fcd02904f5109f9954d6ca352243149,2021-06,Lancashire Constabulary,Lancashire Constabulary,-2.500921,53.740925,On or near Curzon Place,E01012623,Blackburn with Darwen 009D,Violence and sexual offences,Unable to prosecute suspect,
31498912d51e6f5dea7bffc7b5283dfb819934d982bbe6d6e1e245c57295f664,2021-06,Lancashire Constabulary,Lancashire Constabulary,-2.502634,53.740917,On or near Lansdowne Street,E01012623,Blackburn with Darwen 009D,Violence and sexual offences,Unable to prosecute suspect,
820ec1fa62ed8dbbe0373f50e3b178307ac528c0bab1e141bcc509502f665f7c,2021-06,Lancashire Constabulary,Lancashire Constabulary,-2.502199,53.739993,On or near Scar Street,E01012623,Blackburn with Darwen 009D,Violence and sexual offences,Unable to prosecute suspect,
89d1c9b27c67d4d6032bb83f2006702b8f0ff4459b188b37efb96a66fbd9d3e5,2021-06,Lancashire Constabulary,Lancashire Constabulary,-2.500921,53.740925,On or near Curzon Place,E01012623,Blackburn with Darwen 009D,Violence and sexual offences,Court result unavailable,
3af3b495f4832fa245665d6e8f44cfb3dd6796e04ae24e2f4d325d79faf9f87f,2021-06,Lancashire Constabulary,Lancashire Constabulary,-2.500921,53.740925,On or near Curzon Place,E01012623,Blackburn with Darwen 009D,Violence and sexual offences,Unable to prosecute suspect,
d7789c153ac522c10765418d3fa9b8ef1488e5102891e0c72fc1db3519ee4c81,2021-06,Lancashire Constabulary,Lancashire Constabulary,-2.500921,53.740925,On or near Curzon Place,E01012623,Blackburn with Darwen 009D,Violence and sexual offences,Court result unavailable,
,2021-06,Lancashire Constabulary,Lancashire Constabulary,-2.502726,53.734643,On or near New Chapel Street,E01012624,Blackburn with Darwen 009E,Anti-social behaviour,,
,2021-06,Lancashire Constabulary,Lancashire Constabulary,-2.502726,53.734643,On or near New Chapel Street,E01012624,Blackburn with Darwen 009E,Anti-social behaviour,,
,2021-06,Lancashire Constabulary,Lancashire Constabulary,-2.502726,53.734643,On or near New Chapel Street,E01012624,Blackburn with Darwen 009E,Anti-social behaviour,,
,2021-06,Lancashire Constabulary,Lancashire Constabulary,-2.496751,53.736987,On or near Hollin Bridge Street,E01012624,Blackburn with Darwen 009E,Anti-social behaviour,,
,2021-06,Lancashire Constabulary,Lancashire Constabulary,-2.502726,53.734643,On or near New Chapel Street,E01012624,Blackburn with Darwen 009E,Anti-social behaviour,,
,2021-06,Lancashire Constabulary,Lancashire Constabulary,-2.500840,53.732800,On or near St James' Street,E01012624,Blackburn with Darwen 009E,Anti-social behaviour,,
,2021-06,Lancashire Constabulary,Lancashire Constabulary,-2.498150,53.733494,On or near St Aidan'S Close,E01012624,Blackburn with Darwen 009E,Anti-social behaviour,,
,2021-06,Lancashire Constabulary,Lancashire Constabulary,-2.500676,53.734373,On or near Norfolk Street,E01012624,Blackburn with Darwen 009E,Anti-social behaviour,,
,2021-06,Lancashire Constabulary,Lancashire Constabulary,-2.498150,53.733494,On or near St Aidan'S Close,E01012624,Blackburn with Darwen 009E,Anti-social behaviour,,
,2021-06,Lancashire Constabulary,Lancashire Constabulary,-2.502726,53.734643,On or near New Chapel Street,E01012624,Blackburn with Darwen 009E,Anti-social behaviour,,
,2021-06,Lancashire Constabulary,Lancashire Constabulary,-2.503256,53.732052,On or near King'S Bridge Street,E01012624,Blackburn with Darwen 009E,Anti-social behaviour,,
,2021-06,Lancashire Constabulary,Lancashire Constabulary,-2.502726,53.734643,On or near New Chapel Street,E01012624,Blackburn with Darwen 009E,Anti-social behaviour,,
,2021-06,Lancashire Constabulary,Lancashire Constabulary,-2.501480,53.733130,On or near Brindle Street,E01012624,Blackburn with Darwen 009E,Anti-social behaviour,,
,2021-06,Lancashire Constabulary,Lancashire Constabulary,-2.502726,53.734643,On or near New Chapel Street,E01012624,Blackburn with Darwen 009E,Anti-social behaviour,,
,2021-06,Lancashire Constabulary,Lancashire Constabulary,-2.501480,53.733130,On or near Brindle Street,E01012624,Blackburn with Darwen 009E,Anti-social behaviour,,
,2021-06,Lancashire Constabulary,Lancashire Constabulary,-2.498150,53.733494,On or near St Aidan'S Close,E01012624,Blackburn with Darwen 009E,Anti-social behaviour,,
,2021-06,Lancashire Constabulary,Lancashire Constabulary,-2.502726,53.734643,On or near New Chapel Street,E01012624,Blackburn with Darwen 009E,Anti-social behaviour,,
,2021-06,Lancashire Constabulary,Lancashire Constabulary,-2.502726,53.734643,On or near New Chapel Street,E01012624,Blackburn with Darwen 009E,Anti-social behaviour,,
,2021-06,Lancashire Constabulary,Lancashire Constabulary,-2.503256,53.732052,On or near King'S Bridge Street,E01012624,Blackburn with Darwen 009E,Anti-social behaviour,,
,2021-06,Lancashire Constabulary,Lancashire Constabulary,-2.500676,53.734373,On or near Norfolk Street,E01012624,Blackburn with Darwen 009E,Anti-social behaviour,,
,2021-06,Lancashire Constabulary,Lancashire Constabulary,-2.502726,53.734643,On or near New Chapel Street,E01012624,Blackburn with Darwen 009E,Anti-social behaviour,,
,2021-06,Lancashire Constabulary,Lancashire Constabulary,-2.500840,53.732800,On or near St James' Street,E01012624,Blackburn with Darwen 009E,Anti-social behaviour,,
d998209e3cb63bfbea48f258a354b85bc31e265f1d3c1eb7620e62b88c9597e8,2021-06,Lancashire Constabulary,Lancashire Constabulary,-2.494175,53.734490,On or near Green Park Close,E01012624,Blackburn with Darwen 009E,Criminal damage and arson,Investigation complete; no suspect identified,
535d378220aac247546672a5b317254682d9a56b5c7692ec3084f8346674f602,2021-06,Lancashire Constabulary,Lancashire Constabulary,-2.502726,53.734643,On or near New Chapel Street,E01012624,Blackburn with Darwen 009E,Criminal damage and arson,Investigation complete; no suspect identified,
18950213ea58f88716bc0d562153ea70c86f7c1e7cd4c8164d0bb54a74600f3f,2021-06,Lancashire Constabulary,Lancashire Constabulary,-2.501480,53.733130,On or near Brindle Street,E01012624,Blackburn with Darwen 009E,Criminal damage and arson,Action to be taken by another organisation,
84c75762f435b71154ffc089ca344a3a14c564e62ce5c256d5678518b50b03fb,2021-06,Lancashire Constabulary,Lancashire Constabulary,-2.502726,53.734643,On or near New Chapel Street,E01012624,Blackburn with Darwen 009E,Criminal damage and arson,Status update unavailable,
d3739f1e707e6ee9604ebfa7196940d5070df264a2b5af16bdc7a993f3d6e186,2021-06,Lancashire Constabulary,Lancashire Constabulary,-2.498150,53.733494,On or near St Aidan'S Close,E01012624,Blackburn with Darwen 009E,Criminal damage and arson,Investigation complete; no suspect identified,
3fc468982caf86a3de4e08e586006b7a09435c3872a8831c4c2229f2578ab889,2021-06,Lancashire Constabulary,Lancashire Constabulary,-2.500840,53.732800,On or near St James' Street,E01012624,Blackburn with Darwen 009E,Criminal damage and arson,Investigation complete; no suspect identified,
cc0bfe492a5c25569d9ac2913455868d7b58a6bc4d4cf43c9656f856aed1a44b,2021-06,Lancashire Constabulary,Lancashire Constabulary,-2.499345,53.734621,On or near Hertford Street,E01012624,Blackburn with Darwen 009E,Criminal damage and arson,Further investigation is not in the public interest,
88bb961d237ec430199e9ba339a9ff1da307022d4e29641ce5c56370bed8e703,2021-06,Lancashire Constabulary,Lancashire Constabulary,-2.502726,53.734643,On or near New Chapel Street,E01012624,Blackburn with Darwen 009E,Criminal damage and arson,Local resolution,
a555c19d67641ce93f72348a78a996e2587be63592c4eb98c38bcf45efc07bcf,2021-06,Lancashire Constabulary,Lancashire Constabulary,-2.500840,53.732800,On or near St James' Street,E01012624,Blackburn with Darwen 009E,Criminal damage and arson,Investigation complete; no suspect identified,
8819b9d9ca8f578edbfc5e493fe5d570131fa8d6b016e3a220d9bc9c6477e95e,2021-06,Lancashire Constabulary,Lancashire Constabulary,-2.496600,53.734516,On or near Spring Bank Terrace,E01012624,Blackburn with Darwen 009E,Criminal damage and arson,Unable to prosecute suspect,
2ac4139e5d3ba26bd254acd358f790ab6efab91dcb0bcbe96be802cd2bce1ae1,2021-06,Lancashire Constabulary,Lancashire Constabulary,-2.496751,53.736987,On or near Hollin Bridge Street,E01012624,Blackburn with Darwen 009E,Other theft,Investigation complete; no suspect identified,
57ed58810e17f62f6fb6c33041ab32a355bb0eaf2f3f24b25862b5009137a74d,2021-06,Lancashire Constabulary,Lancashire Constabulary,-2.500840,53.732800,On or near St James' Street,E01012624,Blackburn with Darwen 009E,Other theft,Investigation complete; no suspect identified,
e7600286547fea2934f78021003dc84e5e95782832cabb6e0e08b36f537a61a0,2021-06,Lancashire Constabulary,Lancashire Constabulary,-2.494175,53.734490,On or near Green Park Close,E01012624,Blackburn with Darwen 009E,Other theft,Investigation complete; no suspect identified,
43aabd0798ba3dec2e631cf653cedead1f5f7b9f84e3dc1f8b8f1eacf4ccb464,2021-06,Lancashire Constabulary,Lancashire Constabulary,-2.498033,53.733890,On or near St Aidan'S Avenue,E01012624,Blackburn with Darwen 009E,Other theft,Investigation complete; no suspect identified,
4722d2b5bb8f05a4f50d0a73feb3acff42d8724d9b13c6fa49a1d3511cb9166d,2021-06,Lancashire Constabulary,Lancashire Constabulary,-2.496751,53.736987,On or near Hollin Bridge Street,E01012624,Blackburn with Darwen 009E,Public order,Status update unavailable,
aae4d40484c00e0a577f413bb648a2c0875f24f02cc62039308b7eb9c392db32,2021-06,Lancashire Constabulary,Lancashire Constabulary,-2.500840,53.732800,On or near St James' Street,E01012624,Blackburn with Darwen 009E,Public order,Offender given penalty notice,
af7f90da59bcf21c9e6899a2df14cbf54cd8102b856c1d23f84d471deece36e8,2021-06,Lancashire Constabulary,Lancashire Constabulary,-2.501480,53.733130,On or near Brindle Street,E01012624,Blackburn with Darwen 009E,Public order,Unable to prosecute suspect,
377bab71658d6b7d9c73e41b59a40b334133dedf14bfbd07d22d14770da5ca60,2021-06,Lancashire Constabulary,Lancashire Constabulary,-2.494175,53.734490,On or near Green Park Close,E01012624,Blackburn with Darwen 009E,Public order,Unable to prosecute suspect,
dd3ef6aaf910485b64dbd4e38b719abcadff3f9fbdf01414fa709014e8678392,2021-06,Lancashire Constabulary,Lancashire Constabulary,-2.501480,53.733130,On or near Brindle Street,E01012624,Blackburn with Darwen 009E,Public order,Local resolution,
ccc68d65340c6da3705a89c167e9178b77a341a5c04b7fc7f3909b36a61e6165,2021-06,Lancashire Constabulary,Lancashire Constabulary,-2.498033,53.733890,On or near St Aidan'S Avenue,E01012624,Blackburn with Darwen 009E,Vehicle crime,Unable to prosecute suspect,
633b411b88cedb2c36badbd317f74f2f44d5ac895398c510a3746853e30b3e04,2021-06,Lancashire Constabulary,Lancashire Constabulary,-2.500840,53.732800,On or near St James' Street,E01012624,Blackburn with Darwen 009E,Violence and sexual offences,Status update unavailable,
52b5d47f753bbf40e4c77b3946b8f2a7276bc821f63775b957a01859ef681358,2021-06,Lancashire Constabulary,Lancashire Constabulary,-2.498913,53.735270,On or near Bedford Street,E01012624,Blackburn with Darwen 009E,Violence and sexual offences,Unable to prosecute suspect,
39ebee2be19c0ad44ee85d93a501bebbd6e17e499cc914a1a08f461aefdf4ff2,2021-06,Lancashire Constabulary,Lancashire Constabulary,-2.500840,53.732800,On or near St James' Street,E01012624,Blackburn with Darwen 009E,Violence and sexual offences,Unable to prosecute suspect,
74d7e5c963da3240928685e95bceb1eeee990afb19c864e68bfa15ceb42ecf92,2021-06,Lancashire Constabulary,Lancashire Constabulary,-2.496600,53.734516,On or near Spring Bank Terrace,E01012624,Blackburn with Darwen 009E,Violence and sexual offences,Court result unavailable,
0d8cee161d924884efb46601dd07138f1399a3804df8d25dd0a62d5c62c7ac4e,2021-06,Lancashire Constabulary,Lancashire Constabulary,-2.496751,53.736987,On or near Hollin Bridge Street,E01012624,Blackburn with Darwen 009E,Violence and sexual offences,Court result unavailable,
ea5dc4f612014d5d91a0e1f5546803bd3df723329d73490f6b9c049f972a31d6,2021-06,Lancashire Constabulary,Lancashire Constabulary,-2.499345,53.734621,On or near Hertford Street,E01012624,Blackburn with Darwen 009E,Violence and sexual offences,Unable to prosecute suspect,
14563fa64e0fe744d6e1b1ff69393242e2b7461acc33aba0b6cb8a5eef24102c,2021-06,Lancashire Constabulary,Lancashire Constabulary,-2.496514,53.732359,On or near New Wellington Close,E01012624,Blackburn with Darwen 009E,Violence and sexual offences,Unable to prosecute suspect,
11f043189ac1195da173681ec638264b0db929228da7e25a8dbc6e6c704dc866,2021-06,Lancashire Constabulary,Lancashire Constabulary,-2.500840,53.732800,On or near St James' Street,E01012624,Blackburn with Darwen 009E,Violence and sexual offences,Investigation complete; no suspect identified,
ed2573f54d4df562d58bd25b217bff9d98154e3644705ec5c89b79ca98f11ed3,2021-06,Lancashire Constabulary,Lancashire Constabulary,-2.499345,53.734621,On or near Hertford Street,E01012624,Blackburn with Darwen 009E,Violence and sexual offences,Unable to prosecute suspect,
919bec338cc93597fefe413073b4f06977bb817faf31ee0b46f8ff87d11c502e,2021-06,Lancashire Constabulary,Lancashire Constabulary,-2.496751,53.736987,On or near Hollin Bridge Street,E01012624,Blackburn with Darwen 009E,Violence and sexual offences,Unable to prosecute suspect,
fc53ea3aeeeda63feb925334d757f3eb80e710870bb240f5ddcf694db65ce2be,2021-06,Lancashire Constabulary,Lancashire Constabulary,-2.499345,53.734621,On or near Hertford Street,E01012624,Blackburn with Darwen 009E,Violence and sexual offences,Unable to prosecute suspect,
4f5a0bf4c77dbeae87b3ea029073585f7dc4b243e74a3a1a4967761eea2e084c,2021-06,Lancashire Constabulary,Lancashire Constabulary,-2.496751,53.736987,On or near Hollin Bridge Street,E01012624,Blackburn with Darwen 009E,Violence and sexual offences,Unable to prosecute suspect,
f3293cba1a5bfbcf8144a6f2f8b05ebab061c2cff7d0861ff059a216db8c1c6c,2021-06,Lancashire Constabulary,Lancashire Constabulary,-2.496751,53.736987,On or near Hollin Bridge Street,E01012624,Blackburn with Darwen 009E,Violence and sexual offences,Investigation complete; no suspect identified,
9914932ee629314c2eebbca40069aa1e73e4925df219adca67d0f2e581ef1e2f,2021-06,Lancashire Constabulary,Lancashire Constabulary,-2.496751,53.736987,On or near Hollin Bridge Street,E01012624,Blackburn with Darwen 009E,Violence and sexual offences,Investigation complete; no suspect identified,
70d94d25410fd16cd618cb7131d72e6c3d31b9b3d93c63f54b62f90bbabddd59,2021-06,Lancashire Constabulary,Lancashire Constabulary,-2.500840,53.732800,On or near St James' Street,E01012624,Blackburn with Darwen 009E,Violence and sexual offences,Unable to prosecute suspect,
968717d07e3a26bee1eaefb404e3046d0e70d58c6881dcf16d31fa79be51f76d,2021-06,Lancashire Constabulary,Lancashire Constabulary,-2.500120,53.734726,On or near Suffolk Street,E01012624,Blackburn with Darwen 009E,Violence and sexual offences,Investigation complete; no suspect identified,
7a3f1b8ae0ee95d68b7f05530bcc042d864babd5eeee5f896b1705a93e19a1e8,2021-06,Lancashire Constabulary,Lancashire Constabulary,-2.500350,53.732424,On or near Moorgate Street,E01012624,Blackburn with Darwen 009E,Other crime,Unable to prosecute suspect,
,2021-06,Lancashire Constabulary,Lancashire Constabulary,-2.503464,53.732923,On or near Angela Street,E01012625,Blackburn with Darwen 009F,Anti-social behaviour,,
,2021-06,Lancashire Constabulary,Lancashire Constabulary,-2.505680,53.733202,On or near Stirling Street,E01012625,Blackburn with Darwen 009F,Anti-social behaviour,,
,2021-06,Lancashire Constabulary,Lancashire Constabulary,-2.504513,53.737054,On or near Lindley Street,E01012625,Blackburn with Darwen 009F,Anti-social behaviour,,
,2021-06,Lancashire Constabulary,Lancashire Constabulary,-2.501005,53.735226,On or near Parkinson Street,E01012625,Blackburn with Darwen 009F,Anti-social behaviour,,
,2021-06,Lancashire Constabulary,Lancashire Constabulary,-2.505869,53.733758,On or near Shorrock Lane,E01012625,Blackburn with Darwen 009F,Anti-social behaviour,,
,2021-06,Lancashire Constabulary,Lancashire Constabulary,-2.503651,53.735898,On or near Mill Hill Street,E01012625,Blackburn with Darwen 009F,Anti-social behaviour,,
,2021-06,Lancashire Constabulary,Lancashire Constabulary,-2.503651,53.735898,On or near Mill Hill Street,E01012625,Blackburn with Darwen 009F,Anti-social behaviour,,
ac4d4f74a4dbaa3bc59fcec3ff49ebc8d787c0fd81e452686ac6c96a1db99ede,2021-06,Lancashire Constabulary,Lancashire Constabulary,-2.502284,53.737000,On or near Brook Street,E01012625,Blackburn with Darwen 009F,Burglary,Court result unavailable,
bdc10be5ccdbb5b506802af533c9ba171504c79ace9f367f9b1ad2f7cfddadc1,2021-06,Lancashire Constabulary,Lancashire Constabulary,-2.502284,53.737000,On or near Brook Street,E01012625,Blackburn with Darwen 009F,Criminal damage and arson,Unable to prosecute suspect,
d086fb81905f0ba9c9e53191e19aa1705ece4ae2680a827166eb30b2111e9508,2021-06,Lancashire Constabulary,Lancashire Constabulary,-2.505869,53.733758,On or near Shorrock Lane,E01012625,Blackburn with Darwen 009F,Criminal damage and arson,Unable to prosecute suspect,
f0ae707964f43efb0585010a2e82586a3b1c37e22bf2f797bbcbb19c1870765f,2021-06,Lancashire Constabulary,Lancashire Constabulary,-2.503651,53.735898,On or near Mill Hill Street,E01012625,Blackburn with Darwen 009F,Criminal damage and arson,Investigation complete; no suspect identified,
c6494aba0cc7eaca816301f5883cef37635aba4dbf97c1c25540673241fe56ed,2021-06,Lancashire Constabulary,Lancashire Constabulary,-2.503651,53.735898,On or near Mill Hill Street,E01012625,Blackburn with Darwen 009F,Possession of weapons,Court result unavailable,
10fa12ccfa4cbbb210768d0d4023507b683379c25d827c1af685c03f4b516cbd,2021-06,Lancashire Constabulary,Lancashire Constabulary,-2.503464,53.732923,On or near Angela Street,E01012625,Blackburn with Darwen 009F,Possession of weapons,Status update unavailable,
a6a6ecc48b1fbb0923109214dce33618be9f32bc0bb4cf4c272cc2bcba0c973b,2021-06,Lancashire Constabulary,Lancashire Constabulary,-2.507629,53.733957,On or near Percy Street,E01012625,Blackburn with Darwen 009F,Public order,Unable to prosecute suspect,
3fc78dd8abef26f6e900a1c7560e26e0d10a735cae07f0ee7e2a017222609dd1,2021-06,Lancashire Constabulary,Lancashire Constabulary,-2.506220,53.735213,On or near Primrose Close,E01012625,Blackburn with Darwen 009F,Vehicle crime,Investigation complete; no suspect identified,
7ef5d1678cac1f9cba48ef8a59a8064cd15618f4603de4c05dcdae86383be96b,2021-06,Lancashire Constabulary,Lancashire Constabulary,-2.504236,53.732911,On or near Herschell Street,E01012625,Blackburn with Darwen 009F,Violence and sexual offences,Court result unavailable,
3cba3ba3479b02e47de68205890c9de9b683098399e8aeea17d4baf455e4275e,2021-06,Lancashire Constabulary,Lancashire Constabulary,-2.504236,53.732911,On or near Herschell Street,E01012625,Blackburn with Darwen 009F,Violence and sexual offences,Unable to prosecute suspect,
c980b6a6822ad6cff62238fb32a7d4140807d493695e948c08a2b8281840e7f2,2021-06,Lancashire Constabulary,Lancashire Constabulary,-2.503651,53.735898,On or near Mill Hill Street,E01012625,Blackburn with Darwen 009F,Violence and sexual offences,Unable to prosecute suspect,
6e378a953fc503929beb9aa15150fb16ea40df6bb4389be4b0672138e57b9ba2,2021-06,Lancashire Constabulary,Lancashire Constabulary,-2.504236,53.732911,On or near Herschell Street,E01012625,Blackburn with Darwen 009F,Violence and sexual offences,Unable to prosecute suspect,
fb4d7d5324cdd450fc7e5b8c34db0b388977866b1285092b8b01bb55eeff510e,2021-06,Lancashire Constabulary,Lancashire Constabulary,-2.502284,53.737000,On or near Brook Street,E01012625,Blackburn with Darwen 009F,Violence and sexual offences,Unable to prosecute suspect,
f124eb5cd1ecbb95eabbb12d07a2080bdcdcb9f304c5fad1908d4fb31e38bb19,2021-06,Lancashire Constabulary,Lancashire Constabulary,-2.502967,53.737042,On or near Queen Victoria Street,E01012625,Blackburn with Darwen 009F,Violence and sexual offences,Unable to prosecute suspect,
fceb34d972c3ca160eb438c0c1a6a15c3a8c0fe3e373f662c1c36fa13ed867f7,2021-06,Lancashire Constabulary,Lancashire Constabulary,-2.504327,53.736668,On or near Watson Street,E01012625,Blackburn with Darwen 009F,Violence and sexual offences,Unable to prosecute suspect,
b9858b2713e67ab1547aaada0d59623334ae8be6143a4d50eed3c97c84afba9e,2021-06,Lancashire Constabulary,Lancashire Constabulary,-2.504236,53.732911,On or near Herschell Street,E01012625,Blackburn with Darwen 009F,Violence and sexual offences,Court result unavailable,
,2021-06,Lancashire Constabulary,Lancashire Constabulary,-2.515770,53.758694,On or near Wyfordby Avenue,E01012584,Blackburn with Darwen 010A,Anti-social behaviour,,
,2021-06,Lancashire Constabulary,Lancashire Constabulary,-2.511327,53.751352,On or near Buncer Lane,E01012584,Blackburn with Darwen 010A,Anti-social behaviour,,
,2021-06,Lancashire Constabulary,Lancashire Constabulary,-2.518262,53.761577,On or near Mellor Close,E01012584,Blackburn with Darwen 010A,Anti-social behaviour,,
,2021-06,Lancashire Constabulary,Lancashire Constabulary,-2.511327,53.751352,On or near Buncer Lane,E01012584,Blackburn with Darwen 010A,Anti-social behaviour,,
,2021-06,Lancashire Constabulary,Lancashire Constabulary,-2.518262,53.761577,On or near Mellor Close,E01012584,Blackburn with Darwen 010A,Anti-social behaviour,,
4578aa137875a5262739ef169b74b1cfebf01d2148f8a22b7d54cd96fccac00e,2021-06,Lancashire Constabulary,Lancashire Constabulary,-2.510225,53.739267,On or near Preston Old Road,E01012584,Blackburn with Darwen 010A,Public order,Unable to prosecute suspect,
7582eba93c65998a8bfc71375df6ffbbbfc14cbd8060cf1222729972cd08902d,2021-06,Lancashire Constabulary,Lancashire Constabulary,-2.511327,53.751352,On or near Buncer Lane,E01012584,Blackburn with Darwen 010A,Vehicle crime,Investigation complete; no suspect identified,
64405003908f42e0869b6d037aa2b5ce844676d87b6c0b1297e7fa3905c7022e,2021-06,Lancashire Constabulary,Lancashire Constabulary,-2.512428,53.749621,On or near Assheton Road,E01012584,Blackburn with Darwen 010A,Vehicle crime,Investigation complete; no suspect identified,
7b1ab648cd9885f6afe6d7c3280032652b130540e432e7989403d461b04b36fe,2021-06,Lancashire Constabulary,Lancashire Constabulary,-2.513133,53.760116,On or near The Coppice,E01012584,Blackburn with Darwen 010A,Violence and sexual offences,Status update unavailable,
1c0b84b8cbfcbd00b61bdaa01de425de5c84ee368a0e438476db62a42311ecc6,2021-06,Lancashire Constabulary,Lancashire Constabulary,-2.510225,53.739267,On or near Preston Old Road,E01012584,Blackburn with Darwen 010A,Violence and sexual offences,Unable to prosecute suspect,
,2021-06,Lancashire Constabulary,Lancashire Constabulary,-2.528273,53.725311,On or near Eskdale Crescent,E01012609,Blackburn with Darwen 010B,Anti-social behaviour,,
,2021-06,Lancashire Constabulary,Lancashire Constabulary,-2.533417,53.723365,On or near Littondale Gardens,E01012609,Blackburn with Darwen 010B,Anti-social behaviour,,
,2021-06,Lancashire Constabulary,Lancashire Constabulary,-2.524031,53.726615,On or near Banbury Close,E01012609,Blackburn with Darwen 010B,Anti-social behaviour,,
,2021-06,Lancashire Constabulary,Lancashire Constabulary,-2.529858,53.724801,On or near Arnside Crescent,E01012609,Blackburn with Darwen 010B,Anti-social behaviour,,
d70d8819650a23e8bbeefa79b39f64b7be8524120e8a9caf22620b67b9b2969c,2021-06,Lancashire Constabulary,Lancashire Constabulary,-2.524031,53.726615,On or near Banbury Close,E01012609,Blackburn with Darwen 010B,Other theft,Unable to prosecute suspect,
e4581c7e84eb1b953dd1beb8213e023394abd798acffe5170bec17fe213728fc,2021-06,Lancashire Constabulary,Lancashire Constabulary,-2.524031,53.726615,On or near Banbury Close,E01012609,Blackburn with Darwen 010B,Public order,Unable to prosecute suspect,
874255a7cfdd3dcc9aa0a5f3fcf47b5f11ef0510dd0e6c65cc344116945f2a97,2021-06,Lancashire Constabulary,Lancashire Constabulary,-2.524031,53.726615,On or near Banbury Close,E01012609,Blackburn with Darwen 010B,Shoplifting,Status update unavailable,
2ec1ef3a136c6a8d94dfd2c544029b947d5b07a70abed028faafc8b06f205a07,2021-06,Lancashire Constabulary,Lancashire Constabulary,-2.524031,53.726615,On or near Banbury Close,E01012609,Blackburn with Darwen 010B,Shoplifting,Status update unavailable,
2a12720dfad53ace28b1736cbbaea64d2d5f7832107960c2534c4bf0735750f7,2021-06,Lancashire Constabulary,Lancashire Constabulary,-2.524031,53.726615,On or near Banbury Close,E01012609,Blackburn with Darwen 010B,Shoplifting,Status update unavailable,
7de0e6459d99dd7ae8365a32ec627ce212972de7e1fc96a8f192c012761abe97,2021-06,Lancashire Constabulary,Lancashire Constabulary,-2.534140,53.721807,On or near Kingsley Close,E01012609,Blackburn with Darwen 010B,Vehicle crime,Status update unavailable,
657074b05a0b02abad0efe78142c6f7884904dbc83591a1242d9e197841c8b03,2021-06,Lancashire Constabulary,Lancashire Constabulary,-2.531174,53.724589,On or near Dale Crescent,E01012609,Blackburn with Darwen 010B,Violence and sexual offences,Unable to prosecute suspect,
f4727ade044a7485f74da3b2ca50b9bfb696e04f051b2f014d66a5214b58f3ca,2021-06,Lancashire Constabulary,Lancashire Constabulary,-2.534140,53.721807,On or near Kingsley Close,E01012609,Blackburn with Darwen 010B,Violence and sexual offences,Status update unavailable,
,2021-06,Lancashire Constabulary,Lancashire Constabulary,-2.539643,53.721944,On or near Coronation Avenue,E01012610,Blackburn with Darwen 010C,Anti-social behaviour,,
,2021-06,Lancashire Constabulary,Lancashire Constabulary,-2.539643,53.721944,On or near Coronation Avenue,E01012610,Blackburn with Darwen 010C,Anti-social behaviour,,
d74e09909ed7e636a290792ab47c83b809633c67167c70c76abe9aeece15897b,2021-06,Lancashire Constabulary,Lancashire Constabulary,-2.539959,53.724163,On or near Sports/Recreation Area,E01012610,Blackburn with Darwen 010C,Criminal damage and arson,Status update unavailable,
65ca2184785b3e47b9c3d5833d01387e21ffe5f4c7e99f5ad8485eca5469f7e0,2021-06,Lancashire Constabulary,Lancashire Constabulary,-2.534558,53.723720,On or near Coverdale Drive,E01012610,Blackburn with Darwen 010C,Violence and sexual offences,Unable to prosecute suspect,
a19b25158e06c478fdc5d0c4fb60f9416715108dc249d497f8a0e822f38882ad,2021-06,Lancashire Constabulary,Lancashire Constabulary,-2.534336,53.722957,On or near Wharfedale Close,E01012610,Blackburn with Darwen 010C,Violence and sexual offences,Action to be taken by another organisation,
fee612032c69a08a9cc9dc39b94adad7e42c389b3910c98a7a7fe93be43c85e8,2021-06,Lancashire Constabulary,Lancashire Constabulary,-2.534558,53.723720,On or near Coverdale Drive,E01012610,Blackburn with Darwen 010C,Violence and sexual offences,Unable to prosecute suspect,
,2021-06,Lancashire Constabulary,Lancashire Constabulary,-2.533056,53.735555,On or near Sports/Recreation Area,E01012611,Blackburn with Darwen 010D,Anti-social behaviour,,
7a9ce893f16ed31ac5d11495ea4e2b8d6fd0cf75bb91b4734df9966835bafe56,2021-06,Lancashire Constabulary,Lancashire Constabulary,-2.519568,53.733448,On or near Wood View,E01012611,Blackburn with Darwen 010D,Violence and sexual offences,Unable to prosecute suspect,
84b56b7ef783de5612c753a37743880b714cb3b46dab1870c45ae8dce93bdf2e,2021-06,Lancashire Constabulary,Lancashire Constabulary,-2.535396,53.727662,On or near Petrol Station,E01012611,Blackburn with Darwen 010D,Violence and sexual offences,Unable to prosecute suspect,
16e551acc17e29ca9e650af0bafa7e114bbe82d836c024aaccb8d9239f88746b,2021-06,Lancashire Constabulary,Lancashire Constabulary,-2.533056,53.735555,On or near Sports/Recreation Area,E01012611,Blackburn with Darwen 010D,Violence and sexual offences,Unable to prosecute suspect,
,2021-06,Lancashire Constabulary,Lancashire Constabulary,-2.525796,53.730850,On or near The Crescent,E01012612,Blackburn with Darwen 010E,Anti-social behaviour,,
d2fb4dea0c532ab95c325b9a4a8fb427923b30f948086e7425433e16dea17ec2,2021-06,Lancashire Constabulary,Lancashire Constabulary,-2.530119,53.727425,On or near Greystoke Avenue,E01012612,Blackburn with Darwen 010E,Criminal damage and arson,Unable to prosecute suspect,
835c91e42276af2775083bca96b8ff274997027beb65c01b87090a9bca60e286,2021-06,Lancashire Constabulary,Lancashire Constabulary,-2.530956,53.727708,On or near Kentmere Drive,E01012612,Blackburn with Darwen 010E,Violence and sexual offences,Unable to prosecute suspect,
e4cd0f6660cc3972fc8aa2a8df901bf87d6cfbb774ab811882f3c0f9b41fa364,2021-06,Lancashire Constabulary,Lancashire Constabulary,-2.530956,53.727708,On or near Kentmere Drive,E01012612,Blackburn with Darwen 010E,Violence and sexual offences,Unable to prosecute suspect,
d9754921ff8c8ef9e6419b6a4466a8fb05ad2f8921a1cddcb427f49eb4cae257,2021-06,Lancashire Constabulary,Lancashire Constabulary,-2.530956,53.727708,On or near Kentmere Drive,E01012612,Blackburn with Darwen 010E,Violence and sexual offences,Unable to prosecute suspect,
,2021-06,Lancashire Constabulary,Lancashire Constabulary,-2.518603,53.732598,On or near Gladstone Close,E01012613,Blackburn with Darwen 010F,Anti-social behaviour,,
,2021-06,Lancashire Constabulary,Lancashire Constabulary,-2.521194,53.726403,On or near Holly Tree Way,E01012613,Blackburn with Darwen 010F,Anti-social behaviour,,
,2021-06,Lancashire Constabulary,Lancashire Constabulary,-2.520417,53.732186,On or near Gladstone Terrace,E01012613,Blackburn with Darwen 010F,Anti-social behaviour,,
,2021-06,Lancashire Constabulary,Lancashire Constabulary,-2.521194,53.726403,On or near Holly Tree Way,E01012613,Blackburn with Darwen 010F,Anti-social behaviour,,
,2021-06,Lancashire Constabulary,Lancashire Constabulary,-2.520417,53.732186,On or near Gladstone Terrace,E01012613,Blackburn with Darwen 010F,Anti-social behaviour,,
b9c7c86f43ca6f0de2f6babec094351e59dbe385135a8c9bb464d41350b435b1,2021-06,Lancashire Constabulary,Lancashire Constabulary,-2.520417,53.732186,On or near Gladstone Terrace,E01012613,Blackburn with Darwen 010F,Possession of weapons,Status update unavailable,
b9c8e0658d00d88b5d5e6ce975a0db99615c52f8549d75a5c89b5abe1627eb09,2021-06,Lancashire Constabulary,Lancashire Constabulary,-2.518388,53.731134,On or near Torridon Close,E01012613,Blackburn with Darwen 010F,Violence and sexual offences,Unable to prosecute suspect,
4fe249685b1843d55e48c6660d89d44207a771a78da22bc05fb3b89a3226e877,2021-06,Lancashire Constabulary,Lancashire Constabulary,-2.518603,53.732598,On or near Gladstone Close,E01012613,Blackburn with Darwen 010F,Violence and sexual offences,Unable to prosecute suspect,
,2021-06,Lancashire Constabulary,Lancashire Constabulary,-2.472785,53.735844,On or near Brandy House Brow,E01012600,Blackburn with Darwen 011A,Anti-social behaviour,,
,2021-06,Lancashire Constabulary,Lancashire Constabulary,-2.480375,53.731418,On or near Bradda Road,E01012600,Blackburn with Darwen 011A,Anti-social behaviour,,
,2021-06,Lancashire Constabulary,Lancashire Constabulary,-2.485608,53.733033,On or near Sulby Road,E01012600,Blackburn with Darwen 011A,Anti-social behaviour,,
,2021-06,Lancashire Constabulary,Lancashire Constabulary,-2.472785,53.735844,On or near Brandy House Brow,E01012600,Blackburn with Darwen 011A,Anti-social behaviour,,
a298c67e94fa30e14703bbd2f84e1cd60b48384803ed22d1d2bde968007554c1,2021-06,Lancashire Constabulary,Lancashire Constabulary,-2.484800,53.732659,On or near Onchan Road,E01012600,Blackburn with Darwen 011A,Burglary,Investigation complete; no suspect identified,
2d66cb97e60f20c0b62cfe7370c53cec543fcd2732e20a7d807e8522d0b9e308,2021-06,Lancashire Constabulary,Lancashire Constabulary,-2.485608,53.733033,On or near Sulby Road,E01012600,Blackburn with Darwen 011A,Burglary,Unable to prosecute suspect,
2f7558dd83ef92937f38da58649539dc2382eaa4ad1d47f22768752230bc412e,2021-06,Lancashire Constabulary,Lancashire Constabulary,-2.483721,53.728385,On or near Peel Close,E01012600,Blackburn with Darwen 011A,Criminal damage and arson,Investigation complete; no suspect identified,
d2d987e010c86aa5ffd0e08473723db5d31ae82aace82499c4b0fc68892c84be,2021-06,Lancashire Constabulary,Lancashire Constabulary,-2.485608,53.733033,On or near Sulby Road,E01012600,Blackburn with Darwen 011A,Public order,Further investigation is not in the public interest,
b18e4e57b70781bd93142b74e3f9fd1e8fbbe487294cefc76447575936b52d7c,2021-06,Lancashire Constabulary,Lancashire Constabulary,-2.485608,53.733033,On or near Sulby Road,E01012600,Blackburn with Darwen 011A,Public order,Investigation complete; no suspect identified,
fa308e0e33fc1d120e8ca1201589c133a1a3cbdc966b42a3a01a20293105bb47,2021-06,Lancashire Constabulary,Lancashire Constabulary,-2.483721,53.728385,On or near Peel Close,E01012600,Blackburn with Darwen 011A,Public order,Investigation complete; no suspect identified,
441ff66e15283b4f01922116e44bcf4adeb4e9dcbcf1e34dc5df180948a4eb3b,2021-06,Lancashire Constabulary,Lancashire Constabulary,-2.476555,53.735397,On or near Park Lee Road,E01012600,Blackburn with Darwen 011A,Public order,Investigation complete; no suspect identified,
63d418589d7fc83a719303930e286ed4bd3e3c38fc2c05d97d212b13dca587a1,2021-06,Lancashire Constabulary,Lancashire Constabulary,-2.485336,53.731803,On or near Sunny Bank Road,E01012600,Blackburn with Darwen 011A,Public order,Unable to prosecute suspect,
92486b6dce7c1fb400f6fffdc90baca115d052867a64b827d6c920b4c94ec9b2,2021-06,Lancashire Constabulary,Lancashire Constabulary,-2.482808,53.729449,On or near Crosby Road,E01012600,Blackburn with Darwen 011A,Violence and sexual offences,Unable to prosecute suspect,
4ce48105d11863ccbf63d0537b71cd2d5572a1d8c62a5fc492b78daccf110bda,2021-06,Lancashire Constabulary,Lancashire Constabulary,-2.486914,53.733271,On or near Abbotsford Avenue,E01012600,Blackburn with Darwen 011A,Violence and sexual offences,Unable to prosecute suspect,
94b328e67e613b97834077ead52c530b081354009a868700ce299e39502ba13d,2021-06,Lancashire Constabulary,Lancashire Constabulary,-2.474704,53.735243,On or near Mowbray Avenue,E01012600,Blackburn with Darwen 011A,Violence and sexual offences,Unable to prosecute suspect,
5f4891bc713fb9daefb53bf73c11d45e92ff20573f2d384441618a02435e4d53,2021-06,Lancashire Constabulary,Lancashire Constabulary,-2.480375,53.731418,On or near Bradda Road,E01012600,Blackburn with Darwen 011A,Violence and sexual offences,Unable to prosecute suspect,
d6bc787f4043120a99c778e6ebd71cc48fe3381444d53878440af54c089d7517,2021-06,Lancashire Constabulary,Lancashire Constabulary,-2.482425,53.730394,On or near Pilmuir Road,E01012600,Blackburn with Darwen 011A,Violence and sexual offences,Unable to prosecute suspect,
fad61aa27e291ad6f56abf60d82c7c99c124b2e5fff49403565443bd5e950992,2021-06,Lancashire Constabulary,Lancashire Constabulary,-2.482627,53.732137,On or near Snaefell Road,E01012600,Blackburn with Darwen 011A,Violence and sexual offences,Unable to prosecute suspect,
5eea908a057ced99d54a97b2ca09bf7af488b14f8864738e4a19ea479a906710,2021-06,Lancashire Constabulary,Lancashire Constabulary,-2.481722,53.731242,On or near Mona Road,E01012600,Blackburn with Darwen 011A,Violence and sexual offences,Unable to prosecute suspect,
d4cdee1bb5e4ad7c0fd5bd89fd333351f90fae526990e4af6059245b7a026e99,2021-06,Lancashire Constabulary,Lancashire Constabulary,-2.484800,53.732659,On or near Onchan Road,E01012600,Blackburn with Darwen 011A,Violence and sexual offences,Further investigation is not in the public interest,
,2021-06,Lancashire Constabulary,Lancashire Constabulary,-2.477743,53.727906,On or near Formby Close,E01012601,Blackburn with Darwen 011B,Anti-social behaviour,,
,2021-06,Lancashire Constabulary,Lancashire Constabulary,-2.477031,53.726614,On or near Holmbrook Close,E01012601,Blackburn with Darwen 011B,Anti-social behaviour,,
,2021-06,Lancashire Constabulary,Lancashire Constabulary,-2.477743,53.727906,On or near Formby Close,E01012601,Blackburn with Darwen 011B,Anti-social behaviour,,
,2021-06,Lancashire Constabulary,Lancashire Constabulary,-2.478491,53.729709,On or near Cleveleys Road,E01012601,Blackburn with Darwen 011B,Anti-social behaviour,,
1c6c7aa1fe07371007d09a612d063e9bb8e3a7d4383025c781da108e576aacc5,2021-06,Lancashire Constabulary,Lancashire Constabulary,-2.477743,53.727906,On or near Formby Close,E01012601,Blackburn with Darwen 011B,Criminal damage and arson,Unable to prosecute suspect,
7bfb67a1a901e53d1a56e5ca34bba319959de214bfd1568a9baf27c38c3ebb10,2021-06,Lancashire Constabulary,Lancashire Constabulary,-2.471320,53.732227,On or near Whitby Drive,E01012601,Blackburn with Darwen 011B,Other theft,Unable to prosecute suspect,
79e4a52ff07665e046555cb6ef96e9f331f52cd6082eb91b81a15aa8e8c34bd3,2021-06,Lancashire Constabulary,Lancashire Constabulary,-2.471320,53.732227,On or near Whitby Drive,E01012601,Blackburn with Darwen 011B,Possession of weapons,Unable to prosecute suspect,
9cc4ccc13c46d56f759a2ea75c9745d0dd136fe21f83dd76edff3b8cc75f7b44,2021-06,Lancashire Constabulary,Lancashire Constabulary,-2.471320,53.732227,On or near Whitby Drive,E01012601,Blackburn with Darwen 011B,Possession of weapons,Unable to prosecute suspect,
0b6fff6c8c2717752ee5316ec971c533a58d7836d6c2bcbec7a062b7a36f19c8,2021-06,Lancashire Constabulary,Lancashire Constabulary,-2.471320,53.732227,On or near Whitby Drive,E01012601,Blackburn with Darwen 011B,Possession of weapons,Unable to prosecute suspect,
a314494aa038d09dc06b13a2419d9e5745ee81adbcc4360668611991080ace9b,2021-06,Lancashire Constabulary,Lancashire Constabulary,-2.471320,53.732227,On or near Whitby Drive,E01012601,Blackburn with Darwen 011B,Possession of weapons,Unable to prosecute suspect,
06022ea4b7f5a4bbf1a2c829f78b05cfc77331220e51993cb37d0652434e2189,2021-06,Lancashire Constabulary,Lancashire Constabulary,-2.471320,53.732227,On or near Whitby Drive,E01012601,Blackburn with Darwen 011B,Theft from the person,Unable to prosecute suspect,
f0c6d7ad2315e17196744163b4d6e995dd70a66a130f2e3e0131db2e8c51d1aa,2021-06,Lancashire Constabulary,Lancashire Constabulary,-2.471320,53.732227,On or near Whitby Drive,E01012601,Blackburn with Darwen 011B,Violence and sexual offences,Unable to prosecute suspect,
2e1bc22b8d5e998efda1cce2b5d58ee6fd6eba178f2e9a12f0691b7c156bc7c0,2021-06,Lancashire Constabulary,Lancashire Constabulary,-2.477031,53.726614,On or near Holmbrook Close,E01012601,Blackburn with Darwen 011B,Violence and sexual offences,Unable to prosecute suspect,
218ca3f80dd9abfbd33172394a7bfe5c3232bfaf14fbf48c797e4b475647f73d,2021-06,Lancashire Constabulary,Lancashire Constabulary,-2.477249,53.728465,On or near Thornton Close,E01012601,Blackburn with Darwen 011B,Violence and sexual offences,Status update unavailable,
9b71177785c4df36fcfdd69f8e442b477e345d4410dc55ac33429b02235ee15b,2021-06,Lancashire Constabulary,Lancashire Constabulary,-2.476057,53.730222,On or near Glasson Close,E01012601,Blackburn with Darwen 011B,Violence and sexual offences,Unable to prosecute suspect,
4d80efb7582e45b8429e06ec0feead039584539ee8a88b8eddb5bfc71c4648f8,2021-06,Lancashire Constabulary,Lancashire Constabulary,-2.476057,53.730222,On or near Glasson Close,E01012601,Blackburn with Darwen 011B,Violence and sexual offences,Unable to prosecute suspect,
dca7b88607d66f439a0112884f125f7579fa386d01566e995bd76a32823e2391,2021-06,Lancashire Constabulary,Lancashire Constabulary,-2.476992,53.729823,On or near Fleetwood Close,E01012601,Blackburn with Darwen 011B,Violence and sexual offences,Unable to prosecute suspect,
5370a00dc0e4a60c9e3cffb577f13f62a267e0754287c024334a796cd5ae2aa2,2021-06,Lancashire Constabulary,Lancashire Constabulary,-2.477743,53.727906,On or near Formby Close,E01012601,Blackburn with Darwen 011B,Violence and sexual offences,Unable to prosecute suspect,
,2021-06,Lancashire Constabulary,Lancashire Constabulary,-2.459063,53.724482,On or near Blackamoor Road,E01012602,Blackburn with Darwen 011C,Anti-social behaviour,,
196eadf6e78549dfc7898d78d60a4548754115324f085c04dc9b906fe898447c,2021-06,Lancashire Constabulary,Lancashire Constabulary,-2.466013,53.721103,On or near Delphinium Way,E01012602,Blackburn with Darwen 011C,Criminal damage and arson,Unable to prosecute suspect,
67b1da9fec28405e08d38d1fcb53f921c839e032600949ec6a60879fa2180ec2,2021-06,Lancashire Constabulary,Lancashire Constabulary,-2.459063,53.724482,On or near Blackamoor Road,E01012602,Blackburn with Darwen 011C,Other theft,Unable to prosecute suspect,
9e7d0e043a915e356431c6da4aef8a1b47eab886b4774ecba972a39fddbb2348,2021-06,Lancashire Constabulary,Lancashire Constabulary,-2.470168,53.722767,On or near Store Street,E01012602,Blackburn with Darwen 011C,Violence and sexual offences,Unable to prosecute suspect,
987f8f9f812120e1f31a427eabb1a68d3f1d7462e220b9ea857f76b8b53c384b,2021-06,Lancashire Constabulary,Lancashire Constabulary,-2.465175,53.723461,On or near Stopes Brow,E01012602,Blackburn with Darwen 011C,Violence and sexual offences,Unable to prosecute suspect,
b543b449c6a9554c36d5d180fcba6462ebd79318cbcd8aa3b92e01a702c754e9,2021-06,Lancashire Constabulary,Lancashire Constabulary,-2.466013,53.721103,On or near Delphinium Way,E01012602,Blackburn with Darwen 011C,Violence and sexual offences,Unable to prosecute suspect,
6496933ecc1423c146fc6f7f6f11846148f4a1999ac285541d98e11400972b8f,2021-06,Lancashire Constabulary,Lancashire Constabulary,-2.468365,53.722810,On or near Greenfield View,E01012602,Blackburn with Darwen 011C,Violence and sexual offences,Unable to prosecute suspect,
,2021-06,Lancashire Constabulary,Lancashire Constabulary,-2.470289,53.729517,On or near Whitehaven Close,E01012603,Blackburn with Darwen 011D,Anti-social behaviour,,
,2021-06,Lancashire Constabulary,Lancashire Constabulary,-2.467874,53.730461,On or near Ulverston Close,E01012603,Blackburn with Darwen 011D,Anti-social behaviour,,
,2021-06,Lancashire Constabulary,Lancashire Constabulary,-2.467874,53.730461,On or near Ulverston Close,E01012603,Blackburn with Darwen 011D,Anti-social behaviour,,
,2021-06,Lancashire Constabulary,Lancashire Constabulary,-2.470289,53.729517,On or near Whitehaven Close,E01012603,Blackburn with Darwen 011D,Anti-social behaviour,,
,2021-06,Lancashire Constabulary,Lancashire Constabulary,-2.468430,53.731340,On or near Carnforth Close,E01012603,Blackburn with Darwen 011D,Anti-social behaviour,,
,2021-06,Lancashire Constabulary,Lancashire Constabulary,-2.470289,53.729517,On or near Whitehaven Close,E01012603,Blackburn with Darwen 011D,Anti-social behaviour,,
,2021-06,Lancashire Constabulary,Lancashire Constabulary,-2.469127,53.729980,On or near Ravenglass Close,E01012603,Blackburn with Darwen 011D,Anti-social behaviour,,
169dc59c4e5bd73500017c47a18bf11876d9198251319ba65f80d09ab5adf3ec,2021-06,Lancashire Constabulary,Lancashire Constabulary,-2.470289,53.729517,On or near Whitehaven Close,E01012603,Blackburn with Darwen 011D,Criminal damage and arson,Investigation complete; no suspect identified,
7b6e5b9e3d694a887e3faa1f39f6b668621c9ce953d13143c5269bfd4f2234ab,2021-06,Lancashire Constabulary,Lancashire Constabulary,-2.472407,53.729176,On or near Fishmoor Drive,E01012603,Blackburn with Darwen 011D,Possession of weapons,Local resolution,
539cb40a5322b760e8603193ec50bc7b4f39bc40680dced1359478c5b8da28e6,2021-06,Lancashire Constabulary,Lancashire Constabulary,-2.467144,53.728810,On or near Bishopstone Close,E01012603,Blackburn with Darwen 011D,Public order,Unable to prosecute suspect,
0a695137dc7c879d76950930c5c6f7ec5cba55ac13a811fb3d86f00911eceead,2021-06,Lancashire Constabulary,Lancashire Constabulary,-2.468065,53.725805,On or near Ermine Close,E01012603,Blackburn with Darwen 011D,Violence and sexual offences,Investigation complete; no suspect identified,
a0a3fe32f29b4a3635df0759355b7386e8394558498d1f29b78bb9a27d6a6de4,2021-06,Lancashire Constabulary,Lancashire Constabulary,-2.468065,53.725805,On or near Ermine Close,E01012603,Blackburn with Darwen 011D,Violence and sexual offences,Investigation complete; no suspect identified,
33f0ac92a3460bea193e3b37eda293c4604bf744d1a35da73eb80004a4356059,2021-06,Lancashire Constabulary,Lancashire Constabulary,-2.465868,53.728599,On or near Woodsend Close,E01012603,Blackburn with Darwen 011D,Violence and sexual offences,Unable to prosecute suspect,
d28d3a6915d8399189359e978dd4f0564197f634350448dcdb85d977c677bcc6,2021-06,Lancashire Constabulary,Lancashire Constabulary,-2.470289,53.729517,On or near Whitehaven Close,E01012603,Blackburn with Darwen 011D,Violence and sexual offences,Unable to prosecute suspect,
43728bd1e2e7cbc54cb6a68f2acaaef76be60e4d85bbdba248a2cfd01ab84d10,2021-06,Lancashire Constabulary,Lancashire Constabulary,-2.467874,53.730461,On or near Ulverston Close,E01012603,Blackburn with Darwen 011D,Violence and sexual offences,Unable to prosecute suspect,
e3c740d3cc84f0df864a472eb106162806f72a0d96534fad2408160726f7137b,2021-06,Lancashire Constabulary,Lancashire Constabulary,-2.470289,53.729517,On or near Whitehaven Close,E01012603,Blackburn with Darwen 011D,Violence and sexual offences,Unable to prosecute suspect,
aee9c5d76734115046c5fd14dc304490869070e059285bcfc8b2792fca7ba838,2021-06,Lancashire Constabulary,Lancashire Constabulary,-2.467874,53.730461,On or near Ulverston Close,E01012603,Blackburn with Darwen 011D,Violence and sexual offences,Unable to prosecute suspect,
9eabfeae02645d6262861e9f1c8d888f6b62f962b08b76302c8e776d39711d65,2021-06,Lancashire Constabulary,Lancashire Constabulary,-2.468907,53.726556,On or near Beatrice Place,E01012603,Blackburn with Darwen 011D,Violence and sexual offences,Unable to prosecute suspect,
3b4f003bc55fb4ab205e2fb3a4b068242d3481bcf2ea188fca10491587a3a6d2,2021-06,Lancashire Constabulary,Lancashire Constabulary,-2.467874,53.730461,On or near Ulverston Close,E01012603,Blackburn with Darwen 011D,Violence and sexual offences,Court result unavailable,
4fd04b0b9dd26374b38f82d1147f0ed9b2b5661da371822379f5539203ef167a,2021-06,Lancashire Constabulary,Lancashire Constabulary,-2.470289,53.729517,On or near Whitehaven Close,E01012603,Blackburn with Darwen 011D,Violence and sexual offences,Investigation complete; no suspect identified,
d3f31ed7b447756ba97123b90b14cadc1c0983186d06c7ecf4c13f8bb398d298,2021-06,Lancashire Constabulary,Lancashire Constabulary,-2.468430,53.731340,On or near Carnforth Close,E01012603,Blackburn with Darwen 011D,Violence and sexual offences,Unable to prosecute suspect,
a8dec7695f78f34615e6e548462d43a34d53007cd6d0784b5d39dc63f14041f3,2021-06,Lancashire Constabulary,Lancashire Constabulary,-2.470289,53.729517,On or near Whitehaven Close,E01012603,Blackburn with Darwen 011D,Other crime,Unable to prosecute suspect,
,2021-06,Lancashire Constabulary,Lancashire Constabulary,-2.469577,53.730895,On or near Broughton Close,E01012604,Blackburn with Darwen 011E,Anti-social behaviour,,
,2021-06,Lancashire Constabulary,Lancashire Constabulary,-2.475936,53.731571,On or near Manxman Road,E01012604,Blackburn with Darwen 011E,Anti-social behaviour,,
,2021-06,Lancashire Constabulary,Lancashire Constabulary,-2.469577,53.730895,On or near Broughton Close,E01012604,Blackburn with Darwen 011E,Anti-social behaviour,,
364e0516906357b97141009628bbcbcbec31dd7272a6b9d3c90272f0b57aac6d,2021-06,Lancashire Constabulary,Lancashire Constabulary,-2.465737,53.731809,On or near Holst Gardens,E01012604,Blackburn with Darwen 011E,Criminal damage and arson,Court result unavailable,
f7f68ed602114b9d2e6889900d26f886a677966846f70e72c704ecdaee1983b2,2021-06,Lancashire Constabulary,Lancashire Constabulary,-2.470724,53.730450,On or near Seascale Close,E01012604,Blackburn with Darwen 011E,Violence and sexual offences,Unable to prosecute suspect,
e7a71996350ef1c2cc77bf72d55edd17d640b67e3c342c3ae087bb0dd59a7d3c,2021-06,Lancashire Constabulary,Lancashire Constabulary,-2.470615,53.735619,On or near Old Bank Lane,E01012604,Blackburn with Darwen 011E,Violence and sexual offences,Unable to prosecute suspect,
ff9fe526696a94bf2d124bf560d46812b1732663c8960405768c13dba5aad123,2021-06,Lancashire Constabulary,Lancashire Constabulary,-2.465737,53.731809,On or near Holst Gardens,E01012604,Blackburn with Darwen 011E,Violence and sexual offences,Unable to prosecute suspect,
,2021-06,Lancashire Constabulary,Lancashire Constabulary,-2.458432,53.743036,On or near Woodlea Road,E01012632,Blackburn with Darwen 011F,Anti-social behaviour,,
,2021-06,Lancashire Constabulary,Lancashire Constabulary,-2.448765,53.728072,On or near Blackamoor Road,E01012632,Blackburn with Darwen 011F,Anti-social behaviour,,
,2021-06,Lancashire Constabulary,Lancashire Constabulary,-2.466821,53.736613,On or near Hospital,E01012632,Blackburn with Darwen 011F,Anti-social behaviour,,
,2021-06,Lancashire Constabulary,Lancashire Constabulary,-2.459475,53.742772,On or near Lincoln Road,E01012632,Blackburn with Darwen 011F,Anti-social behaviour,,
,2021-06,Lancashire Constabulary,Lancashire Constabulary,-2.466821,53.736613,On or near Hospital,E01012632,Blackburn with Darwen 011F,Anti-social behaviour,,
,2021-06,Lancashire Constabulary,Lancashire Constabulary,-2.462017,53.742321,On or near Lambeth Street,E01012632,Blackburn with Darwen 011F,Anti-social behaviour,,
,2021-06,Lancashire Constabulary,Lancashire Constabulary,-2.455007,53.740371,On or near Borrowdale Avenue,E01012632,Blackburn with Darwen 011F,Anti-social behaviour,,
,2021-06,Lancashire Constabulary,Lancashire Constabulary,-2.466821,53.736613,On or near Hospital,E01012632,Blackburn with Darwen 011F,Anti-social behaviour,,
,2021-06,Lancashire Constabulary,Lancashire Constabulary,-2.458432,53.743036,On or near Woodlea Road,E01012632,Blackburn with Darwen 011F,Anti-social behaviour,,
,2021-06,Lancashire Constabulary,Lancashire Constabulary,-2.468185,53.736599,On or near Parking Area,E01012632,Blackburn with Darwen 011F,Anti-social behaviour,,
,2021-06,Lancashire Constabulary,Lancashire Constabulary,-2.444866,53.732014,On or near Duttons Way,E01012632,Blackburn with Darwen 011F,Anti-social behaviour,,
,2021-06,Lancashire Constabulary,Lancashire Constabulary,-2.466821,53.736613,On or near Hospital,E01012632,Blackburn with Darwen 011F,Anti-social behaviour,,
,2021-06,Lancashire Constabulary,Lancashire Constabulary,-2.466821,53.736613,On or near Hospital,E01012632,Blackburn with Darwen 011F,Anti-social behaviour,,
,2021-06,Lancashire Constabulary,Lancashire Constabulary,-2.466821,53.736613,On or near Hospital,E01012632,Blackburn with Darwen 011F,Anti-social behaviour,,
,2021-06,Lancashire Constabulary,Lancashire Constabulary,-2.468185,53.736599,On or near Parking Area,E01012632,Blackburn with Darwen 011F,Anti-social behaviour,,
,2021-06,Lancashire Constabulary,Lancashire Constabulary,-2.458432,53.743036,On or near Woodlea Road,E01012632,Blackburn with Darwen 011F,Anti-social behaviour,,
,2021-06,Lancashire Constabulary,Lancashire Constabulary,-2.466821,53.736613,On or near Hospital,E01012632,Blackburn with Darwen 011F,Anti-social behaviour,,
b62494f1e6d15e60b4c5187cfc6a3c0c2e598c460f36ad9e7295931ca059e896,2021-06,Lancashire Constabulary,Lancashire Constabulary,-2.459475,53.742772,On or near Lincoln Road,E01012632,Blackburn with Darwen 011F,Burglary,Unable to prosecute suspect,
36092e3ce2e75a18a40b9c7bfb8e24bbeeebb0528dc03e45627f76781a4290ea,2021-06,Lancashire Constabulary,Lancashire Constabulary,-2.444866,53.732014,On or near Duttons Way,E01012632,Blackburn with Darwen 011F,Burglary,Investigation complete; no suspect identified,
f3436e3cf972a5440fbfbe968d9f56d23f8a00442d1c549636cfefa77c892ee0,2021-06,Lancashire Constabulary,Lancashire Constabulary,-2.456669,53.744094,On or near North Road,E01012632,Blackburn with Darwen 011F,Criminal damage and arson,Status update unavailable,
fc8a7b2d85c679281ba405d4db85bfb1fd2139b8bc544aa973a91b405045fa5e,2021-06,Lancashire Constabulary,Lancashire Constabulary,-2.466821,53.736613,On or near Hospital,E01012632,Blackburn with Darwen 011F,Criminal damage and arson,Unable to prosecute suspect,
87bdcc2cd6645dc2e1268c32406fc1ea922bd14142fe72f9effcee26869c7d02,2021-06,Lancashire Constabulary,Lancashire Constabulary,-2.462932,53.735909,On or near Old Bank Lane,E01012632,Blackburn with Darwen 011F,Criminal damage and arson,Unable to prosecute suspect,
df3c9954c01ffa5fc94c9a46f15a180707c029ef64ec1d74588601d25e980075,2021-06,Lancashire Constabulary,Lancashire Constabulary,-2.458432,53.743036,On or near Woodlea Road,E01012632,Blackburn with Darwen 011F,Criminal damage and arson,Local resolution,
1ea37d5371d000a0d42b839e79ff38367b9b1f3787df3821c07d79aa4bd052df,2021-06,Lancashire Constabulary,Lancashire Constabulary,-2.456669,53.744094,On or near North Road,E01012632,Blackburn with Darwen 011F,Criminal damage and arson,Further investigation is not in the public interest,
04012a855921bd90523fc15c94ca66d1b8311bdbeb7c1986fab3897433816a69,2021-06,Lancashire Constabulary,Lancashire Constabulary,-2.459660,53.733342,On or near Beale Close,E01012632,Blackburn with Darwen 011F,Criminal damage and arson,Unable to prosecute suspect,
a27574b6c79b7415ce063730c9cdbc72070a0daab875b89de4995cd048a6672e,2021-06,Lancashire Constabulary,Lancashire Constabulary,-2.462932,53.735909,On or near Old Bank Lane,E01012632,Blackburn with Darwen 011F,Other theft,Investigation complete; no suspect identified,
6fbdc185642bffed0edf038928a6061744c914b4c7fb2c2f9cea7ef261ffb8fc,2021-06,Lancashire Constabulary,Lancashire Constabulary,-2.457779,53.733170,On or near Besant Close,E01012632,Blackburn with Darwen 011F,Other theft,Unable to prosecute suspect,
c0c441a76bbbefe3466ac0c73f559dd7d62244e30f202af9d2ab66b055712c21,2021-06,Lancashire Constabulary,Lancashire Constabulary,-2.448765,53.728072,On or near Blackamoor Road,E01012632,Blackburn with Darwen 011F,Other theft,Investigation complete; no suspect identified,
cbf35337fd7c287e541c58f3ed47d2c86e7befdc26a72b2bb40c070a72092291,2021-06,Lancashire Constabulary,Lancashire Constabulary,-2.462932,53.735909,On or near Old Bank Lane,E01012632,Blackburn with Darwen 011F,Public order,Court result unavailable,
278d4ec128600d306349b29dd3ee7a6664943971a19f3b093bbd5ca86f516f12,2021-06,Lancashire Constabulary,Lancashire Constabulary,-2.468185,53.736599,On or near Parking Area,E01012632,Blackburn with Darwen 011F,Public order,Status update unavailable,
43c1dacb818db73d407a1c1ff761f25c16c8a5aa34b9fc95690672cfb4a4d46b,2021-06,Lancashire Constabulary,Lancashire Constabulary,-2.462932,53.735909,On or near Old Bank Lane,E01012632,Blackburn with Darwen 011F,Public order,Unable to prosecute suspect,
feb920ad79e26524a4cbf59d6ee0a2ed00f4f1472117b790ec0cead8202a6d1e,2021-06,Lancashire Constabulary,Lancashire Constabulary,-2.462932,53.735909,On or near Old Bank Lane,E01012632,Blackburn with Darwen 011F,Public order,Status update unavailable,
160cd6005a4010ddc5eec8700eceae5f5b0dc09ffd2a608c563ad2daedde8453,2021-06,Lancashire Constabulary,Lancashire Constabulary,-2.448765,53.728072,On or near Blackamoor Road,E01012632,Blackburn with Darwen 011F,Public order,Status update unavailable,
d7b6b2b6decb4cc13a0b7ba05d1c7d2872f8f1121ff1500462e6e4fca01b6c90,2021-06,Lancashire Constabulary,Lancashire Constabulary,-2.462932,53.735909,On or near Old Bank Lane,E01012632,Blackburn with Darwen 011F,Public order,Offender given penalty notice,
0b1d8175ee8ef5a403919716555de03f58bb1661d9dc8667597cc4ed893be078,2021-06,Lancashire Constabulary,Lancashire Constabulary,-2.468185,53.736599,On or near Parking Area,E01012632,Blackburn with Darwen 011F,Public order,Investigation complete; no suspect identified,
ecd8808692f566a62a3c7fdf208144afa419f73f72d33febbea5a9731ccf2244,2021-06,Lancashire Constabulary,Lancashire Constabulary,-2.471842,53.739578,On or near Kempton Rise,E01012632,Blackburn with Darwen 011F,Vehicle crime,Investigation complete; no suspect identified,
a9aadedec3d3c6185f6d38a089b600fa92a52d9f63cbe0bd5e5259da0f05fb9b,2021-06,Lancashire Constabulary,Lancashire Constabulary,-2.460462,53.733195,On or near Nightingale Close,E01012632,Blackburn with Darwen 011F,Vehicle crime,Status update unavailable,
ae2acc557544e969b6bb01c143890358aba62faddf299af9dabf003d02cca384,2021-06,Lancashire Constabulary,Lancashire Constabulary,-2.459475,53.742772,On or near Lincoln Road,E01012632,Blackburn with Darwen 011F,Violence and sexual offences,Further investigation is not in the public interest,
5bf7bd2d9960c61135a03319d168831e7db4b58b0131f78fb3ff51e18b846ba6,2021-06,Lancashire Constabulary,Lancashire Constabulary,-2.448765,53.728072,On or near Blackamoor Road,E01012632,Blackburn with Darwen 011F,Violence and sexual offences,Unable to prosecute suspect,
ddac380510676e23564d68e16f921398cd6be6b0f09a89be5eb03939eb37b01b,2021-06,Lancashire Constabulary,Lancashire Constabulary,-2.462932,53.735909,On or near Old Bank Lane,E01012632,Blackburn with Darwen 011F,Violence and sexual offences,Unable to prosecute suspect,
7e44479d3237cb67cad0bf72d607f4c61b13ab9f8b0373e861446233718a7f3f,2021-06,Lancashire Constabulary,Lancashire Constabulary,-2.448765,53.728072,On or near Blackamoor Road,E01012632,Blackburn with Darwen 011F,Violence and sexual offences,Unable to prosecute suspect,
f10a39702a5217e45c0b2171b1aa569875341a038465d5f925c8e3ad65a8d1c3,2021-06,Lancashire Constabulary,Lancashire Constabulary,-2.457779,53.733170,On or near Besant Close,E01012632,Blackburn with Darwen 011F,Violence and sexual offences,Unable to prosecute suspect,
ca795ef10a38ae0b87509d4ea158eaa879a8d89577b15552ec9d6f07e09801b1,2021-06,Lancashire Constabulary,Lancashire Constabulary,-2.462932,53.735909,On or near Old Bank Lane,E01012632,Blackburn with Darwen 011F,Violence and sexual offences,Unable to prosecute suspect,
67a872ccba37a7a1b34ebb4fa9cd238c108e4fccd7eccc307427cffd677925ad,2021-06,Lancashire Constabulary,Lancashire Constabulary,-2.457779,53.733170,On or near Besant Close,E01012632,Blackburn with Darwen 011F,Violence and sexual offences,Unable to prosecute suspect,
43c21547f0808de3b23078bfcd810f1bbb2a7498bf4b543e22601ccd5e854f3e,2021-06,Lancashire Constabulary,Lancashire Constabulary,-2.462932,53.735909,On or near Old Bank Lane,E01012632,Blackburn with Darwen 011F,Violence and sexual offences,Unable to prosecute suspect,
a8a9cfd2a338ef95032a44d1699a0f72675340e5c3745923de6ed80d4f403102,2021-06,Lancashire Constabulary,Lancashire Constabulary,-2.466821,53.736613,On or near Hospital,E01012632,Blackburn with Darwen 011F,Violence and sexual offences,Unable to prosecute suspect,
36278a7b66f6e8a349196ba88bdabbd2b6b74f22422e95781b0605a6aff51808,2021-06,Lancashire Constabulary,Lancashire Constabulary,-2.462932,53.735909,On or near Old Bank Lane,E01012632,Blackburn with Darwen 011F,Violence and sexual offences,Unable to prosecute suspect,
52dc28f0efe89da22c14c66dccc6044dbdfd572220ea8adcf568080cb8a6c186,2021-06,Lancashire Constabulary,Lancashire Constabulary,-2.468185,53.736599,On or near Parking Area,E01012632,Blackburn with Darwen 011F,Violence and sexual offences,Status update unavailable,
087e6685717e4a4d0aa4a3d831447c65c9d5f90996a5cb63a1ddca04387c30c1,2021-06,Lancashire Constabulary,Lancashire Constabulary,-2.462932,53.735909,On or near Old Bank Lane,E01012632,Blackburn with Darwen 011F,Violence and sexual offences,Unable to prosecute suspect,
c8a6efacbb051321c950c8e7c4b7c350ac4b3b30ebb971be363398ec93f851db,2021-06,Lancashire Constabulary,Lancashire Constabulary,-2.462932,53.735909,On or near Old Bank Lane,E01012632,Blackburn with Darwen 011F,Violence and sexual offences,Status update unavailable,
21be431b04caa1b41f865038e675e59ea0de788e5409d14d3856a53099226844,2021-06,Lancashire Constabulary,Lancashire Constabulary,-2.462932,53.735909,On or near Old Bank Lane,E01012632,Blackburn with Darwen 011F,Violence and sexual offences,Unable to prosecute suspect,
3522868a0ac6018a9123aea644a888fbd7473022d704d18e24e4806712d2c91a,2021-06,Lancashire Constabulary,Lancashire Constabulary,-2.462932,53.735909,On or near Old Bank Lane,E01012632,Blackburn with Darwen 011F,Violence and sexual offences,Status update unavailable,
b1426e3c447b3ebb3136443f7798d50720e1d822532b4128861f8335e32697d4,2021-06,Lancashire Constabulary,Lancashire Constabulary,-2.462932,53.735909,On or near Old Bank Lane,E01012632,Blackburn with Darwen 011F,Violence and sexual offences,Unable to prosecute suspect,
d29999acf52b5e9e2edce6def0993ea2eac4804332d5086ae7c6f02603c573cc,2021-06,Lancashire Constabulary,Lancashire Constabulary,-2.462932,53.735909,On or near Old Bank Lane,E01012632,Blackburn with Darwen 011F,Violence and sexual offences,Status update unavailable,
7f94f3e402b7136710cc2a56c1db942ea71969214078fc6b6ceab3b7c6724fff,2021-06,Lancashire Constabulary,Lancashire Constabulary,-2.464638,53.739390,On or near Queens Park Close,E01012632,Blackburn with Darwen 011F,Violence and sexual offences,Unable to prosecute suspect,
3183b83435317b8af54f248438f6f2add8a5e68e1cbf2837f0d70f61ad58b7e9,2021-06,Lancashire Constabulary,Lancashire Constabulary,-2.462932,53.735909,On or near Old Bank Lane,E01012632,Blackburn with Darwen 011F,Violence and sexual offences,Unable to prosecute suspect,
cdbd0e50a57da518706f164910e219ad20e4106d5ca26fe6caa3a7f80e846ec7,2021-06,Lancashire Constabulary,Lancashire Constabulary,-2.468185,53.736599,On or near Parking Area,E01012632,Blackburn with Darwen 011F,Violence and sexual offences,Unable to prosecute suspect,
9bfe92e3a1e74d361f01230d89943a82c00a47a61e5497743f9d5d8b0f123557,2021-06,Lancashire Constabulary,Lancashire Constabulary,-2.462932,53.735909,On or near Old Bank Lane,E01012632,Blackburn with Darwen 011F,Violence and sexual offences,Unable to prosecute suspect,
,2021-06,Lancashire Constabulary,Lancashire Constabulary,-2.501641,53.724959,On or near Lane House Close,E01012594,Blackburn with Darwen 012A,Anti-social behaviour,,
,2021-06,Lancashire Constabulary,Lancashire Constabulary,-2.501901,53.723924,On or near Fowler Height Close,E01012594,Blackburn with Darwen 012A,Anti-social behaviour,,
,2021-06,Lancashire Constabulary,Lancashire Constabulary,-2.501641,53.724959,On or near Lane House Close,E01012594,Blackburn with Darwen 012A,Anti-social behaviour,,
,2021-06,Lancashire Constabulary,Lancashire Constabulary,-2.501524,53.726586,On or near Andrew Close,E01012594,Blackburn with Darwen 012A,Anti-social behaviour,,
,2021-06,Lancashire Constabulary,Lancashire Constabulary,-2.500819,53.724683,On or near Leyburn Road,E01012594,Blackburn with Darwen 012A,Anti-social behaviour,,
6523af47b2817c1ec5a5f465cde9fae470e2ccfb2aaef792aaa3c4f8441af734,2021-06,Lancashire Constabulary,Lancashire Constabulary,-2.503667,53.724591,On or near Parklands Way,E01012594,Blackburn with Darwen 012A,Burglary,Unable to prosecute suspect,
b03490f74ceaedc2c9d557a937042d0842ad5031e83722cb970fea4bc85d04d6,2021-06,Lancashire Constabulary,Lancashire Constabulary,-2.501901,53.723924,On or near Fowler Height Close,E01012594,Blackburn with Darwen 012A,Criminal damage and arson,Unable to prosecute suspect,
3bbe4a7bf0558b5983cbe1ef21a5cdf3319c0684a39ab5526156ed9b3da669d9,2021-06,Lancashire Constabulary,Lancashire Constabulary,-2.501901,53.723924,On or near Fowler Height Close,E01012594,Blackburn with Darwen 012A,Other theft,Unable to prosecute suspect,
a01277047c336e2dc2b2bbe3fc333893a4c61eb47ebf705e1a90594173434adf,2021-06,Lancashire Constabulary,Lancashire Constabulary,-2.503679,53.726829,On or near Brookway,E01012594,Blackburn with Darwen 012A,Other theft,Unable to prosecute suspect,
3917531a7c959c3043f4f15b2b52bd3f372ce9536c3f2e073c3377aa64167001,2021-06,Lancashire Constabulary,Lancashire Constabulary,-2.501641,53.724959,On or near Lane House Close,E01012594,Blackburn with Darwen 012A,Other theft,Investigation complete; no suspect identified,
74bb8b0f4936441466d796d49304b403198968ba1115d1878520aa922a632db3,2021-06,Lancashire Constabulary,Lancashire Constabulary,-2.501901,53.723924,On or near Fowler Height Close,E01012594,Blackburn with Darwen 012A,Public order,Further investigation is not in the public interest,
7e6dfe79758fabcf47d3fec07fe3f4f12c3641546802b9947cb5e0351ece2618,2021-06,Lancashire Constabulary,Lancashire Constabulary,-2.500819,53.724683,On or near Leyburn Road,E01012594,Blackburn with Darwen 012A,Public order,Further investigation is not in the public interest,
643fb3fe2d6b5ab974b1fddb92f0f11ca3a1c333e344e0c1f7dfe5f2b7e81037,2021-06,Lancashire Constabulary,Lancashire Constabulary,-2.501901,53.723924,On or near Fowler Height Close,E01012594,Blackburn with Darwen 012A,Violence and sexual offences,Unable to prosecute suspect,
1a206d4490aa4c22abe3a42e444575863cc9cbb57628493763ba246deb74d4b1,2021-06,Lancashire Constabulary,Lancashire Constabulary,-2.501901,53.723924,On or near Fowler Height Close,E01012594,Blackburn with Darwen 012A,Violence and sexual offences,Unable to prosecute suspect,
8d2c410b3617fee0c93e0033d24770dd73f4b9abc2af2709696f96c3e45b1866,2021-06,Lancashire Constabulary,Lancashire Constabulary,-2.501901,53.723924,On or near Fowler Height Close,E01012594,Blackburn with Darwen 012A,Violence and sexual offences,Unable to prosecute suspect,
aa6729f4b5956e3257dc14cce561f98a4e620bf262ad86adacad7ebd31196908,2021-06,Lancashire Constabulary,Lancashire Constabulary,-2.501641,53.724959,On or near Lane House Close,E01012594,Blackburn with Darwen 012A,Violence and sexual offences,Investigation complete; no suspect identified,
1ed50f697b73f98d39c1d4839a9ea2c2605c55f580c31431e039a744b53b58d7,2021-06,Lancashire Constabulary,Lancashire Constabulary,-2.500890,53.723056,On or near Heys Close,E01012594,Blackburn with Darwen 012A,Violence and sexual offences,Court result unavailable,
ea56cf22e51b8a03255c0316f0616efd3753a24319b35032a779b86c483e4719,2021-06,Lancashire Constabulary,Lancashire Constabulary,-2.500890,53.723056,On or near Heys Close,E01012594,Blackburn with Darwen 012A,Violence and sexual offences,Court result unavailable,
ebbfa3f32467f3286d70cbe18fd7cf4be7f612cd60b163eea82e83876c31990b,2021-06,Lancashire Constabulary,Lancashire Constabulary,-2.501901,53.723924,On or near Fowler Height Close,E01012594,Blackburn with Darwen 012A,Violence and sexual offences,Unable to prosecute suspect,
2d77e699ee46c277bb8158457fc7f01dc9529236d95328ce524292b8ec111054,2021-06,Lancashire Constabulary,Lancashire Constabulary,-2.501641,53.724959,On or near Lane House Close,E01012594,Blackburn with Darwen 012A,Violence and sexual offences,Unable to prosecute suspect,
a7fe79f8a0164ff2197ab50278808097fc8b033a8127af9a97396f12555b9de2,2021-06,Lancashire Constabulary,Lancashire Constabulary,-2.501901,53.723924,On or near Fowler Height Close,E01012594,Blackburn with Darwen 012A,Violence and sexual offences,Unable to prosecute suspect,
651e0cba0ca70c2316b14d9a1757be4b104e5dbce80ca294723447562782fa9b,2021-06,Lancashire Constabulary,Lancashire Constabulary,-2.501524,53.726586,On or near Andrew Close,E01012594,Blackburn with Darwen 012A,Violence and sexual offences,Unable to prosecute suspect,
0532a6efa88189d57b15b84e058f8078d561f315dc1172db599837ebfb11347a,2021-06,Lancashire Constabulary,Lancashire Constabulary,-2.501524,53.726586,On or near Andrew Close,E01012594,Blackburn with Darwen 012A,Violence and sexual offences,Unable to prosecute suspect,
7e1ceac475a6b201224453cad5c51d9d9a7d8e2cf3965f9e1d63a366df285bcf,2021-06,Lancashire Constabulary,Lancashire Constabulary,-2.503667,53.724591,On or near Parklands Way,E01012594,Blackburn with Darwen 012A,Violence and sexual offences,Further investigation is not in the public interest,
b07aa8e399a93f8a699bc74457b2f891382308a60f1361da9d4b9a73acb4742a,2021-06,Lancashire Constabulary,Lancashire Constabulary,-2.503679,53.726829,On or near Brookway,E01012594,Blackburn with Darwen 012A,Violence and sexual offences,Unable to prosecute suspect,
a3835f7eff3a3d7c43325261871d94006b4314d73293d5d9dfc997e8ab640e0a,2021-06,Lancashire Constabulary,Lancashire Constabulary,-2.503667,53.724591,On or near Parklands Way,E01012594,Blackburn with Darwen 012A,Other crime,Unable to prosecute suspect,
,2021-06,Lancashire Constabulary,Lancashire Constabulary,-2.517047,53.737980,On or near Sports/Recreation Area,E01012618,Blackburn with Darwen 012B,Anti-social behaviour,,
,2021-06,Lancashire Constabulary,Lancashire Constabulary,-2.508309,53.732454,On or near Tewkesbury Street,E01012618,Blackburn with Darwen 012B,Anti-social behaviour,,
,2021-06,Lancashire Constabulary,Lancashire Constabulary,-2.516640,53.735672,On or near Cecilia Road,E01012618,Blackburn with Darwen 012B,Anti-social behaviour,,
,2021-06,Lancashire Constabulary,Lancashire Constabulary,-2.517047,53.737980,On or near Sports/Recreation Area,E01012618,Blackburn with Darwen 012B,Anti-social behaviour,,
,2021-06,Lancashire Constabulary,Lancashire Constabulary,-2.505904,53.731628,On or near Broadway Street,E01012618,Blackburn with Darwen 012B,Anti-social behaviour,,
,2021-06,Lancashire Constabulary,Lancashire Constabulary,-2.511081,53.732343,On or near Amberwood Drive,E01012618,Blackburn with Darwen 012B,Anti-social behaviour,,
,2021-06,Lancashire Constabulary,Lancashire Constabulary,-2.517047,53.737980,On or near Sports/Recreation Area,E01012618,Blackburn with Darwen 012B,Anti-social behaviour,,
,2021-06,Lancashire Constabulary,Lancashire Constabulary,-2.516483,53.736535,On or near Preston Old Road,E01012618,Blackburn with Darwen 012B,Anti-social behaviour,,
,2021-06,Lancashire Constabulary,Lancashire Constabulary,-2.517047,53.737980,On or near Sports/Recreation Area,E01012618,Blackburn with Darwen 012B,Anti-social behaviour,,
a954ff6823664787ced812f918ab8ea0714776ac3577da5945bf324340426874,2021-06,Lancashire Constabulary,Lancashire Constabulary,-2.515169,53.735624,On or near St Francis' Road,E01012618,Blackburn with Darwen 012B,Criminal damage and arson,Status update unavailable,
309201f50321792e09652371ce74c7c1b2b427baa7e5842cb4470b46e3d9aba4,2021-06,Lancashire Constabulary,Lancashire Constabulary,-2.504546,53.732146,On or near King'S Bridge Close,E01012618,Blackburn with Darwen 012B,Criminal damage and arson,Investigation complete; no suspect identified,
2d2fdc6838627b57c390bd8e47b3ff93d35f3a067771e538aa8f65e0d743425e,2021-06,Lancashire Constabulary,Lancashire Constabulary,-2.517047,53.737980,On or near Sports/Recreation Area,E01012618,Blackburn with Darwen 012B,Criminal damage and arson,Status update unavailable,
bbe5998025f8de7622b552cc590f580d778f74a07d9e83ec04fd63bab80c1c82,2021-06,Lancashire Constabulary,Lancashire Constabulary,-2.517047,53.737980,On or near Sports/Recreation Area,E01012618,Blackburn with Darwen 012B,Other theft,Investigation complete; no suspect identified,
72e4af9544a4bc908db1b039abbac48a03793b8725e5a5e076fd9eba5613793c,2021-06,Lancashire Constabulary,Lancashire Constabulary,-2.514988,53.732021,On or near Dalby Crescent,E01012618,Blackburn with Darwen 012B,Public order,Local resolution,
771015db7f4702759a859026cebd8d54f65bb94fee7f4f406401e212b3f544df,2021-06,Lancashire Constabulary,Lancashire Constabulary,-2.508309,53.732454,On or near Tewkesbury Street,E01012618,Blackburn with Darwen 012B,Violence and sexual offences,Unable to prosecute suspect,
dc0715edd4b1e9217267215566090937283888d17bb11fd87e8309143b0a5cb8,2021-06,Lancashire Constabulary,Lancashire Constabulary,-2.519068,53.735931,On or near Tower Road,E01012618,Blackburn with Darwen 012B,Violence and sexual offences,Unable to prosecute suspect,
05967666418db7da21ea545bc1bdd333daca662e27f11353e8019d752ed797bf,2021-06,Lancashire Constabulary,Lancashire Constabulary,-2.517047,53.737980,On or near Sports/Recreation Area,E01012618,Blackburn with Darwen 012B,Violence and sexual offences,Investigation complete; no suspect identified,
,2021-06,Lancashire Constabulary,Lancashire Constabulary,-2.508901,53.731328,On or near Beaumaris Avenue,E01012619,Blackburn with Darwen 012C,Anti-social behaviour,,
,2021-06,Lancashire Constabulary,Lancashire Constabulary,-2.512424,53.728077,On or near Foxstones Crescent,E01012619,Blackburn with Darwen 012C,Anti-social behaviour,,
,2021-06,Lancashire Constabulary,Lancashire Constabulary,-2.508901,53.731328,On or near Beaumaris Avenue,E01012619,Blackburn with Darwen 012C,Anti-social behaviour,,
,2021-06,Lancashire Constabulary,Lancashire Constabulary,-2.512424,53.728077,On or near Foxstones Crescent,E01012619,Blackburn with Darwen 012C,Anti-social behaviour,,
,2021-06,Lancashire Constabulary,Lancashire Constabulary,-2.512424,53.728077,On or near Foxstones Crescent,E01012619,Blackburn with Darwen 012C,Anti-social behaviour,,
,2021-06,Lancashire Constabulary,Lancashire Constabulary,-2.505869,53.731259,On or near Bentham Road,E01012619,Blackburn with Darwen 012C,Anti-social behaviour,,
,2021-06,Lancashire Constabulary,Lancashire Constabulary,-2.512869,53.729774,On or near Fielding Crescent,E01012619,Blackburn with Darwen 012C,Anti-social behaviour,,
,2021-06,Lancashire Constabulary,Lancashire Constabulary,-2.512869,53.729774,On or near Fielding Crescent,E01012619,Blackburn with Darwen 012C,Anti-social behaviour,,
78d19c5d990b689a330f23c7fdbec04a1c6d83ee0f54c5b7e65ee3c8cff3382a,2021-06,Lancashire Constabulary,Lancashire Constabulary,-2.508901,53.731328,On or near Beaumaris Avenue,E01012619,Blackburn with Darwen 012C,Criminal damage and arson,Investigation complete; no suspect identified,
2926913a5eccb5f2f953fb4041b1b5316d3656049085524006007e5646c19f48,2021-06,Lancashire Constabulary,Lancashire Constabulary,-2.512869,53.729774,On or near Fielding Crescent,E01012619,Blackburn with Darwen 012C,Criminal damage and arson,Investigation complete; no suspect identified,
3856b777ff4ca8ca1df353ae67efff19cc6d367b2962c8bb2836c4833dd9aa7c,2021-06,Lancashire Constabulary,Lancashire Constabulary,-2.508901,53.731328,On or near Beaumaris Avenue,E01012619,Blackburn with Darwen 012C,Criminal damage and arson,Unable to prosecute suspect,
11b4241e91bc963d1ef5da3334a6e0553a35eaa0e36b202d177ba3b698d3314a,2021-06,Lancashire Constabulary,Lancashire Constabulary,-2.512424,53.728077,On or near Foxstones Crescent,E01012619,Blackburn with Darwen 012C,Public order,Court result unavailable,
5995eecfc07e6ff201269f10f4bd03cc29973d75d9f4d863aa1d8bc90a762607,2021-06,Lancashire Constabulary,Lancashire Constabulary,-2.512424,53.728077,On or near Foxstones Crescent,E01012619,Blackburn with Darwen 012C,Public order,Unable to prosecute suspect,
1812378d0a94a00aff1ac0dc30d3dab7a73e6ab881e516f040cad52e05f785d2,2021-06,Lancashire Constabulary,Lancashire Constabulary,-2.511141,53.728532,On or near Railton Avenue,E01012619,Blackburn with Darwen 012C,Public order,Unable to prosecute suspect,
0f69e65fa1787e744ab036e1c2673d0fc5035064878bdae3feefe1cd8f8faa9e,2021-06,Lancashire Constabulary,Lancashire Constabulary,-2.513537,53.731146,On or near Whiteley Avenue,E01012619,Blackburn with Darwen 012C,Public order,Unable to prosecute suspect,
8001ed2956f4e82071858a450e40d1e0e79b531971e4c73175f61f6cc03af022,2021-06,Lancashire Constabulary,Lancashire Constabulary,-2.512869,53.729774,On or near Fielding Crescent,E01012619,Blackburn with Darwen 012C,Public order,Court result unavailable,
8565197234eca33021369f5a95311cf9d6e9cb15b09bceb877cd3cc6105f9e08,2021-06,Lancashire Constabulary,Lancashire Constabulary,-2.512869,53.729774,On or near Fielding Crescent,E01012619,Blackburn with Darwen 012C,Theft from the person,Status update unavailable,
ba17831189d7836fbe0e3e3db978c4030ab972c1273a1eb6d3143a99f4edd8a7,2021-06,Lancashire Constabulary,Lancashire Constabulary,-2.512424,53.728077,On or near Foxstones Crescent,E01012619,Blackburn with Darwen 012C,Vehicle crime,Investigation complete; no suspect identified,
2562f7c14256256688d45ef893a32acf518be75865616fbbebb663c71f94ec55,2021-06,Lancashire Constabulary,Lancashire Constabulary,-2.513977,53.729931,On or near Morley Avenue,E01012619,Blackburn with Darwen 012C,Violence and sexual offences,Action to be taken by another organisation,
301c4be0249fe9a0b8cc5b970465fb7b1b594e94b9a1c754dde97251cfdbfcab,2021-06,Lancashire Constabulary,Lancashire Constabulary,-2.511854,53.731099,On or near Meadow Head Close,E01012619,Blackburn with Darwen 012C,Violence and sexual offences,Further investigation is not in the public interest,
9a931e35ae58746c4529a6183216a75715c2a3457829737b9fa9a38f44fd332b,2021-06,Lancashire Constabulary,Lancashire Constabulary,-2.509970,53.729418,On or near Greenside Avenue,E01012619,Blackburn with Darwen 012C,Violence and sexual offences,Unable to prosecute suspect,
c66dbb1a83140d3c195937bd61df74f2341ba554035f7acd1014d5c3270688d3,2021-06,Lancashire Constabulary,Lancashire Constabulary,-2.512869,53.729774,On or near Fielding Crescent,E01012619,Blackburn with Darwen 012C,Violence and sexual offences,Unable to prosecute suspect,
788b4d265d77f6d7822c7f1c53c2a492b1c9b549e2f19b55babd8a8c64bc9763,2021-06,Lancashire Constabulary,Lancashire Constabulary,-2.512424,53.728077,On or near Foxstones Crescent,E01012619,Blackburn with Darwen 012C,Violence and sexual offences,Status update unavailable,
fae6e9ce7f289efe6c493ae13e7fb86f6e3b64592e394599ea80b5f81bcc8917,2021-06,Lancashire Constabulary,Lancashire Constabulary,-2.512424,53.728077,On or near Foxstones Crescent,E01012619,Blackburn with Darwen 012C,Violence and sexual offences,Court result unavailable,
c723a36af6189a67785cbd8ae398a450bd708a261026d77581d060e85216e3cf,2021-06,Lancashire Constabulary,Lancashire Constabulary,-2.511684,53.729518,On or near Hurstwood Avenue,E01012619,Blackburn with Darwen 012C,Violence and sexual offences,Unable to prosecute suspect,
5aefb46ff5ba6432acf2c83d671cc33c992ded411c283958a2f212312be824c3,2021-06,Lancashire Constabulary,Lancashire Constabulary,-2.512424,53.728077,On or near Foxstones Crescent,E01012619,Blackburn with Darwen 012C,Violence and sexual offences,Court result unavailable,
9f75bd088d62945a63fcdca418a9e9d044f00dac4b3a8ea2ba803ae87891bd6c,2021-06,Lancashire Constabulary,Lancashire Constabulary,-2.511854,53.731099,On or near Meadow Head Close,E01012619,Blackburn with Darwen 012C,Violence and sexual offences,Unable to prosecute suspect,
ff85daa67c784a8506a4cf30fd0cb3f0235eb9fe7bf3017f490b9a23ac211b47,2021-06,Lancashire Constabulary,Lancashire Constabulary,-2.512869,53.729774,On or near Fielding Crescent,E01012619,Blackburn with Darwen 012C,Violence and sexual offences,Investigation complete; no suspect identified,
4e19572cdb10df26e9b1766a53520d1c763e08b3374c5449174eef6480adcafb,2021-06,Lancashire Constabulary,Lancashire Constabulary,-2.512869,53.729774,On or near Fielding Crescent,E01012619,Blackburn with Darwen 012C,Violence and sexual offences,Court result unavailable,
a57659a72b1d6a911c57835c9340eefcdc3017191a3f434bbb39a3f6c56fd8da,2021-06,Lancashire Constabulary,Lancashire Constabulary,-2.513537,53.731146,On or near Whiteley Avenue,E01012619,Blackburn with Darwen 012C,Violence and sexual offences,Unable to prosecute suspect,
,2021-06,Lancashire Constabulary,Lancashire Constabulary,-2.512516,53.724454,On or near Risedale Grove,E01012620,Blackburn with Darwen 012D,Anti-social behaviour,,
,2021-06,Lancashire Constabulary,Lancashire Constabulary,-2.507242,53.728198,On or near Duke Of Sussex Street,E01012620,Blackburn with Darwen 012D,Anti-social behaviour,,
,2021-06,Lancashire Constabulary,Lancashire Constabulary,-2.512516,53.724454,On or near Risedale Grove,E01012620,Blackburn with Darwen 012D,Anti-social behaviour,,
,2021-06,Lancashire Constabulary,Lancashire Constabulary,-2.512248,53.726118,On or near Ernlouen Close,E01012620,Blackburn with Darwen 012D,Anti-social behaviour,,
71d85d0c725a656cc43a916a8ba986ca35c5489c88fcf5dfa4e8607aca68afa2,2021-06,Lancashire Constabulary,Lancashire Constabulary,-2.512248,53.726118,On or near Ernlouen Close,E01012620,Blackburn with Darwen 012D,Burglary,Status update unavailable,
,2021-06,Lancashire Constabulary,Lancashire Constabulary,-2.499826,53.729137,On or near Dorothy Street,E01012621,Blackburn with Darwen 012E,Anti-social behaviour,,
,2021-06,Lancashire Constabulary,Lancashire Constabulary,-2.503203,53.730111,On or near Alderney Close,E01012621,Blackburn with Darwen 012E,Anti-social behaviour,,
,2021-06,Lancashire Constabulary,Lancashire Constabulary,-2.499826,53.729137,On or near Dorothy Street,E01012621,Blackburn with Darwen 012E,Anti-social behaviour,,
,2021-06,Lancashire Constabulary,Lancashire Constabulary,-2.501045,53.729716,On or near Tresco Close,E01012621,Blackburn with Darwen 012E,Anti-social behaviour,,
,2021-06,Lancashire Constabulary,Lancashire Constabulary,-2.499826,53.729137,On or near Dorothy Street,E01012621,Blackburn with Darwen 012E,Anti-social behaviour,,
,2021-06,Lancashire Constabulary,Lancashire Constabulary,-2.499826,53.729137,On or near Dorothy Street,E01012621,Blackburn with Darwen 012E,Anti-social behaviour,,
,2021-06,Lancashire Constabulary,Lancashire Constabulary,-2.499826,53.729137,On or near Dorothy Street,E01012621,Blackburn with Darwen 012E,Anti-social behaviour,,
,2021-06,Lancashire Constabulary,Lancashire Constabulary,-2.499826,53.729137,On or near Dorothy Street,E01012621,Blackburn with Darwen 012E,Anti-social behaviour,,
,2021-06,Lancashire Constabulary,Lancashire Constabulary,-2.505410,53.727127,On or near Brookway,E01012621,Blackburn with Darwen 012E,Anti-social behaviour,,
,2021-06,Lancashire Constabulary,Lancashire Constabulary,-2.499826,53.729137,On or near Dorothy Street,E01012621,Blackburn with Darwen 012E,Anti-social behaviour,,
,2021-06,Lancashire Constabulary,Lancashire Constabulary,-2.501050,53.728817,On or near St Helier Close,E01012621,Blackburn with Darwen 012E,Anti-social behaviour,,
,2021-06,Lancashire Constabulary,Lancashire Constabulary,-2.499826,53.729137,On or near Dorothy Street,E01012621,Blackburn with Darwen 012E,Anti-social behaviour,,
,2021-06,Lancashire Constabulary,Lancashire Constabulary,-2.502299,53.728048,On or near Livesey Branch Road,E01012621,Blackburn with Darwen 012E,Anti-social behaviour,,
,2021-06,Lancashire Constabulary,Lancashire Constabulary,-2.504406,53.725567,On or near Waterloo Close,E01012621,Blackburn with Darwen 012E,Anti-social behaviour,,
9ec9cee2f91702ea31063518bed8f7ada3f40e7e12ee78411cb9a06430e442a4,2021-06,Lancashire Constabulary,Lancashire Constabulary,-2.504406,53.725567,On or near Waterloo Close,E01012621,Blackburn with Darwen 012E,Criminal damage and arson,Offender given a caution,
d609c3ebffee060207b9685d311a6822305a8019655799fb4a6a6e9838ea9da1,2021-06,Lancashire Constabulary,Lancashire Constabulary,-2.504406,53.725567,On or near Waterloo Close,E01012621,Blackburn with Darwen 012E,Criminal damage and arson,Unable to prosecute suspect,
4885a8ff03ea712f3eb79452a8bfa281f9ffd26cade51198963ec4c624c47b1c,2021-06,Lancashire Constabulary,Lancashire Constabulary,-2.504406,53.725567,On or near Waterloo Close,E01012621,Blackburn with Darwen 012E,Public order,Further action is not in the public interest,
18376d79489c6835d3470a3cfa6bd440b30c120dc140931d8c51fcccbe3b81bc,2021-06,Lancashire Constabulary,Lancashire Constabulary,-2.504406,53.725567,On or near Waterloo Close,E01012621,Blackburn with Darwen 012E,Public order,Unable to prosecute suspect,
d38f1db4652b0a39b541ecacc93b87950b8ccb1694d8d11464c94b88888982f6,2021-06,Lancashire Constabulary,Lancashire Constabulary,-2.504406,53.725567,On or near Waterloo Close,E01012621,Blackburn with Darwen 012E,Public order,Unable to prosecute suspect,
2125962329414e7bfa211d3caa02c858ec7e0dea5c6838f901f696617836f3b2,2021-06,Lancashire Constabulary,Lancashire Constabulary,-2.499826,53.729137,On or near Dorothy Street,E01012621,Blackburn with Darwen 012E,Violence and sexual offences,Unable to prosecute suspect,
0632d5f40a6973e4e47292199636214edeffaea54f492f4413110908a8964d8f,2021-06,Lancashire Constabulary,Lancashire Constabulary,-2.504406,53.725567,On or near Waterloo Close,E01012621,Blackburn with Darwen 012E,Violence and sexual offences,Unable to prosecute suspect,
0096146b77e21dc0cb1434295a18c5d4bf3ea6780278b2c051246f7c666c66b7,2021-06,Lancashire Constabulary,Lancashire Constabulary,-2.499826,53.729137,On or near Dorothy Street,E01012621,Blackburn with Darwen 012E,Violence and sexual offences,Unable to prosecute suspect,
124380b2c6fb2eab59c1b83482eb5635eecbdb3471d6e295f8dbe10a8d4b9239,2021-06,Lancashire Constabulary,Lancashire Constabulary,-2.504467,53.730627,On or near Jersey Street,E01012621,Blackburn with Darwen 012E,Violence and sexual offences,Unable to prosecute suspect,
214f91695f5e7b5d7c9bea76516f80a8d2b2cd95964562c5c2030c0b2a46e561,2021-06,Lancashire Constabulary,Lancashire Constabulary,-2.505410,53.727127,On or near Brookway,E01012621,Blackburn with Darwen 012E,Violence and sexual offences,Unable to prosecute suspect,
10fa6160e8b2c4f1eda0a64097f5271d08166e960dcf66cc46fdda41f8d4b2f1,2021-06,Lancashire Constabulary,Lancashire Constabulary,-2.502299,53.728048,On or near Livesey Branch Road,E01012621,Blackburn with Darwen 012E,Violence and sexual offences,Unable to prosecute suspect,
c533bfccb6ce7cc54dc1e8478faf1aec9b64c402bd81d1500849e00daa14fe96,2021-06,Lancashire Constabulary,Lancashire Constabulary,-2.501050,53.728817,On or near St Helier Close,E01012621,Blackburn with Darwen 012E,Violence and sexual offences,Unable to prosecute suspect,
7315f12e984dd55545642db1845e0d6d62cea629bd6c69f085b523f993062f30,2021-06,Lancashire Constabulary,Lancashire Constabulary,-2.504467,53.730627,On or near Jersey Street,E01012621,Blackburn with Darwen 012E,Violence and sexual offences,Investigation complete; no suspect identified,
c3976a062016c1f026c1de40452187c7faf2902065fad7caa41be79eeda163b7,2021-06,Lancashire Constabulary,Lancashire Constabulary,-2.504406,53.725567,On or near Waterloo Close,E01012621,Blackburn with Darwen 012E,Other crime,Investigation complete; no suspect identified,
,2021-06,Lancashire Constabulary,Lancashire Constabulary,-2.493743,53.728668,On or near Fernhurst Street,E01012593,Blackburn with Darwen 013A,Anti-social behaviour,,
,2021-06,Lancashire Constabulary,Lancashire Constabulary,-2.493743,53.728668,On or near Fernhurst Street,E01012593,Blackburn with Darwen 013A,Anti-social behaviour,,
,2021-06,Lancashire Constabulary,Lancashire Constabulary,-2.490034,53.726517,On or near Vincent Street,E01012593,Blackburn with Darwen 013A,Anti-social behaviour,,
,2021-06,Lancashire Constabulary,Lancashire Constabulary,-2.493743,53.728668,On or near Fernhurst Street,E01012593,Blackburn with Darwen 013A,Anti-social behaviour,,
,2021-06,Lancashire Constabulary,Lancashire Constabulary,-2.490967,53.728472,On or near Tweed Street,E01012593,Blackburn with Darwen 013A,Anti-social behaviour,,
,2021-06,Lancashire Constabulary,Lancashire Constabulary,-2.497477,53.729164,On or near Livesey Branch Road,E01012593,Blackburn with Darwen 013A,Anti-social behaviour,,
aa61ddfa9948e25511feb75fa23477db93763c2794812587eb8c4f9fed68d5b5,2021-06,Lancashire Constabulary,Lancashire Constabulary,-2.489179,53.728569,On or near Sports/Recreation Area,E01012593,Blackburn with Darwen 013A,Criminal damage and arson,Investigation complete; no suspect identified,
32b8418efbde054f508be0766467e5a84be5dd740680646149f52c8a7c514391,2021-06,Lancashire Constabulary,Lancashire Constabulary,-2.493743,53.728668,On or near Fernhurst Street,E01012593,Blackburn with Darwen 013A,Criminal damage and arson,Status update unavailable,
0af8dbf26b762230a92cc82a8cf4338945ec4d401ddb72a0d9ca2322db0ae6d2,2021-06,Lancashire Constabulary,Lancashire Constabulary,-2.490967,53.728472,On or near Tweed Street,E01012593,Blackburn with Darwen 013A,Criminal damage and arson,Unable to prosecute suspect,
758bcf11f6d538a9a606f9c63520e6c3d43613292f80337558f4ccfa9d552cb0,2021-06,Lancashire Constabulary,Lancashire Constabulary,-2.497477,53.729164,On or near Livesey Branch Road,E01012593,Blackburn with Darwen 013A,Criminal damage and arson,Status update unavailable,
19b5a79c260554424eecfb469bbd21dd25d35d5bc13ca6af2cca5d0f775f1da4,2021-06,Lancashire Constabulary,Lancashire Constabulary,-2.497477,53.729164,On or near Livesey Branch Road,E01012593,Blackburn with Darwen 013A,Drugs,Offender given penalty notice,
dba8b06a592a41aaa2b7d08d8a60e791d18ceb66f5eda663d29305160b8ca2fd,2021-06,Lancashire Constabulary,Lancashire Constabulary,-2.494090,53.729826,On or near Baden Terrace,E01012593,Blackburn with Darwen 013A,Other theft,Investigation complete; no suspect identified,
c03b59971d30330f9b8b1c39acd573de01bcea4e9abef3dad03e6199dee5245f,2021-06,Lancashire Constabulary,Lancashire Constabulary,-2.497420,53.725632,On or near Arkwright Fold,E01012593,Blackburn with Darwen 013A,Public order,Unable to prosecute suspect,
e973038b4d93d983ef462c26b0efeba2783842df9f01d656888dd05f8765c312,2021-06,Lancashire Constabulary,Lancashire Constabulary,-2.490967,53.728472,On or near Tweed Street,E01012593,Blackburn with Darwen 013A,Shoplifting,Unable to prosecute suspect,
54f612840164570e4adc17e89114b849b4c4dc3a4489b66fdaeb29f507e98124,2021-06,Lancashire Constabulary,Lancashire Constabulary,-2.490967,53.728472,On or near Tweed Street,E01012593,Blackburn with Darwen 013A,Shoplifting,Status update unavailable,
673e528cad08878383409160b5fe7e3cd80845fa327800fec843d1b8207f87d4,2021-06,Lancashire Constabulary,Lancashire Constabulary,-2.497029,53.729769,On or near Worsten Avenue,E01012593,Blackburn with Darwen 013A,Shoplifting,Status update unavailable,
4dcb5a41d7448370906dc3ffe84081b1c2d726d2ce90a7240a6c684c2349b89f,2021-06,Lancashire Constabulary,Lancashire Constabulary,-2.495401,53.729236,On or near Catterall Street,E01012593,Blackburn with Darwen 013A,Vehicle crime,Investigation complete; no suspect identified,
640d10f6678dbd7c5f5af64f887875e3ff06cf557cc8f43b1e1e5f483574ca55,2021-06,Lancashire Constabulary,Lancashire Constabulary,-2.497477,53.729164,On or near Livesey Branch Road,E01012593,Blackburn with Darwen 013A,Violence and sexual offences,Unable to prosecute suspect,
9f516098199861edaca2a2c446ae5357a4f3bbd4fad93cf0a1aefd07b918c7a1,2021-06,Lancashire Constabulary,Lancashire Constabulary,-2.490351,53.727720,On or near Velvet Street,E01012593,Blackburn with Darwen 013A,Violence and sexual offences,Unable to prosecute suspect,
e575a805148080cf8554ed11d1858027a59c07bf51c10d9898b0fce74113eeaa,2021-06,Lancashire Constabulary,Lancashire Constabulary,-2.499739,53.730719,On or near Farrington Close,E01012593,Blackburn with Darwen 013A,Violence and sexual offences,Unable to prosecute suspect,
0902571372e8b1c21bc9e2a75e00829fe3d1da3e03261470d38532e2876110df,2021-06,Lancashire Constabulary,Lancashire Constabulary,-2.499739,53.730719,On or near Farrington Close,E01012593,Blackburn with Darwen 013A,Violence and sexual offences,Unable to prosecute suspect,
a1a95037582655c09d5a3cae30bec8b89bde993925aa0abea87c72c880e2f693,2021-06,Lancashire Constabulary,Lancashire Constabulary,-2.488634,53.726001,On or near Stewart Street,E01012593,Blackburn with Darwen 013A,Violence and sexual offences,Investigation complete; no suspect identified,
17b19bf236120bf3456064b5b903f9a323f1af2f1d96e6cdb521ada365a93fab,2021-06,Lancashire Constabulary,Lancashire Constabulary,-2.494312,53.729438,On or near Livesey Branch Road,E01012593,Blackburn with Darwen 013A,Violence and sexual offences,Unable to prosecute suspect,
7eb9504969a7fb1d13d65d64f5f80d9fba05caf1f3ee3c439ebf6c35b061a8d6,2021-06,Lancashire Constabulary,Lancashire Constabulary,-2.494312,53.729438,On or near Livesey Branch Road,E01012593,Blackburn with Darwen 013A,Violence and sexual offences,Unable to prosecute suspect,
dec2be7bf60b670515491477e248934f3088b5c42e6b2cf9f3e4bb16e0691e99,2021-06,Lancashire Constabulary,Lancashire Constabulary,-2.497477,53.729164,On or near Livesey Branch Road,E01012593,Blackburn with Darwen 013A,Other crime,Status update unavailable,
,2021-06,Lancashire Constabulary,Lancashire Constabulary,-2.476219,53.720398,On or near Tottenham Road,E01012597,Blackburn with Darwen 013B,Anti-social behaviour,,
,2021-06,Lancashire Constabulary,Lancashire Constabulary,-2.478816,53.718266,On or near St Kitts Close,E01012597,Blackburn with Darwen 013B,Anti-social behaviour,,
,2021-06,Lancashire Constabulary,Lancashire Constabulary,-2.474303,53.721205,On or near Empress Street,E01012597,Blackburn with Darwen 013B,Anti-social behaviour,,
,2021-06,Lancashire Constabulary,Lancashire Constabulary,-2.476190,53.717836,On or near Leeward Close,E01012597,Blackburn with Darwen 013B,Anti-social behaviour,,
,2021-06,Lancashire Constabulary,Lancashire Constabulary,-2.477561,53.718541,On or near Antigua Drive,E01012597,Blackburn with Darwen 013B,Anti-social behaviour,,
,2021-06,Lancashire Constabulary,Lancashire Constabulary,-2.480204,53.719042,On or near Sandy Lane,E01012597,Blackburn with Darwen 013B,Anti-social behaviour,,
,2021-06,Lancashire Constabulary,Lancashire Constabulary,-2.480204,53.719042,On or near Sandy Lane,E01012597,Blackburn with Darwen 013B,Anti-social behaviour,,
5a0a96691da9368bad34f8a9723b7df11efc5eb79fb10b65241ce90d77c9bf86,2021-06,Lancashire Constabulary,Lancashire Constabulary,-2.480204,53.719042,On or near Sandy Lane,E01012597,Blackburn with Darwen 013B,Criminal damage and arson,Unable to prosecute suspect,
b03254df20cd8bfc3262409efef42492f34875afc721e3136bda457362f71038,2021-06,Lancashire Constabulary,Lancashire Constabulary,-2.476219,53.720398,On or near Tottenham Road,E01012597,Blackburn with Darwen 013B,Other theft,Investigation complete; no suspect identified,
45bf553abdf7794310c00ebc7a9fa5406b280a0f03674a37af7b5bddc05bdae6,2021-06,Lancashire Constabulary,Lancashire Constabulary,-2.474303,53.721205,On or near Empress Street,E01012597,Blackburn with Darwen 013B,Violence and sexual offences,Unable to prosecute suspect,
6fa58cbe5a309e6732462af48dda388b9651180b1a191647685b0439557addf1,2021-06,Lancashire Constabulary,Lancashire Constabulary,-2.476219,53.720398,On or near Tottenham Road,E01012597,Blackburn with Darwen 013B,Violence and sexual offences,Unable to prosecute suspect,
065a56f7b32668c7d85e74eabc515b015e5f81d131dfe7368fc5c80fb7b1f742,2021-06,Lancashire Constabulary,Lancashire Constabulary,-2.474433,53.722005,On or near Swan Farm Close,E01012597,Blackburn with Darwen 013B,Violence and sexual offences,Unable to prosecute suspect,
81ece36f3a560aab92c3c92b2d913539ad0e001301e0c8b93cbc3185ef2098bd,2021-06,Lancashire Constabulary,Lancashire Constabulary,-2.474303,53.721205,On or near Empress Street,E01012597,Blackburn with Darwen 013B,Violence and sexual offences,Unable to prosecute suspect,
86283f8e12b2032cb23903c1846f5bd7f3cceca31fb721656b9784bbafa3ad76,2021-06,Lancashire Constabulary,Lancashire Constabulary,-2.469079,53.720246,On or near Barons Way,E01012597,Blackburn with Darwen 013B,Violence and sexual offences,Unable to prosecute suspect,
,2021-06,Lancashire Constabulary,Lancashire Constabulary,-2.494868,53.723845,On or near Taylor Avenue,E01012598,Blackburn with Darwen 013C,Anti-social behaviour,,
,2021-06,Lancashire Constabulary,Lancashire Constabulary,-2.498021,53.723868,On or near Moorland Road,E01012598,Blackburn with Darwen 013C,Anti-social behaviour,,
,2021-06,Lancashire Constabulary,Lancashire Constabulary,-2.494663,53.723190,On or near Campbell Close,E01012598,Blackburn with Darwen 013C,Anti-social behaviour,,
,2021-06,Lancashire Constabulary,Lancashire Constabulary,-2.494868,53.723845,On or near Taylor Avenue,E01012598,Blackburn with Darwen 013C,Anti-social behaviour,,
,2021-06,Lancashire Constabulary,Lancashire Constabulary,-2.486702,53.717470,On or near Beech Grove,E01012598,Blackburn with Darwen 013C,Anti-social behaviour,,
0f2afb241dda33a48f875f7706dd13b8284b570626e252d1af43e06e61d65d50,2021-06,Lancashire Constabulary,Lancashire Constabulary,-2.499498,53.721894,On or near Bank Hey View,E01012598,Blackburn with Darwen 013C,Other theft,Investigation complete; no suspect identified,
,2021-06,Lancashire Constabulary,Lancashire Constabulary,-2.478183,53.721208,On or near Cross Street,E01012599,Blackburn with Darwen 013D,Anti-social behaviour,,
bf0521184bbdb5c61f571835930d184611ce5d782000724073d367b3e4b88af8,2021-06,Lancashire Constabulary,Lancashire Constabulary,-2.488000,53.724925,On or near Finsbury Place,E01012599,Blackburn with Darwen 013D,Other theft,Investigation complete; no suspect identified,
1168a4edd9e9979cde3822d7b6b64b17329893021dd04b805ab70eb81e4e5b90,2021-06,Lancashire Constabulary,Lancashire Constabulary,-2.486224,53.723332,On or near Petrol Station,E01012599,Blackburn with Darwen 013D,Other theft,Investigation complete; no suspect identified,
52a2d3d6e0a39fbaaac4ea8cd5f2291a5cfa29d484e837c1bbebee4fb839932f,2021-06,Lancashire Constabulary,Lancashire Constabulary,-2.481639,53.722686,On or near Branch Road,E01012599,Blackburn with Darwen 013D,Vehicle crime,Investigation complete; no suspect identified,
e1fb19f3c665e957627450052068b1b50f4a4bc5eba1490581a81a9e90da1504,2021-06,Lancashire Constabulary,Lancashire Constabulary,-2.485838,53.724089,On or near Branch Road,E01012599,Blackburn with Darwen 013D,Violence and sexual offences,Unable to prosecute suspect,
dd9bdd8e425bedd708f73f452379de478d844427e34de38578e5408bc61dc384,2021-06,Lancashire Constabulary,Lancashire Constabulary,-2.488000,53.724925,On or near Finsbury Place,E01012599,Blackburn with Darwen 013D,Violence and sexual offences,Unable to prosecute suspect,
da839461c13cf0065341e2311b7311f0e9a52a84ddff121eb10138852a9698e0,2021-06,Lancashire Constabulary,Lancashire Constabulary,-2.485838,53.724089,On or near Branch Road,E01012599,Blackburn with Darwen 013D,Violence and sexual offences,Unable to prosecute suspect,
60dfd28167e806e48ee6aa3fd1f3409af39fb42ae5a49c5f7eac7fde3d512cd6,2021-06,Lancashire Constabulary,Lancashire Constabulary,-2.478183,53.721208,On or near Cross Street,E01012599,Blackburn with Darwen 013D,Violence and sexual offences,Unable to prosecute suspect,
,2021-06,Lancashire Constabulary,Lancashire Constabulary,-2.477480,53.707324,On or near Oxford Street,E01012589,Blackburn with Darwen 014A,Anti-social behaviour,,
,2021-06,Lancashire Constabulary,Lancashire Constabulary,-2.479262,53.708233,On or near Sandringham Road,E01012589,Blackburn with Darwen 014A,Anti-social behaviour,,
,2021-06,Lancashire Constabulary,Lancashire Constabulary,-2.476249,53.704300,On or near Petrol Station,E01012589,Blackburn with Darwen 014A,Anti-social behaviour,,
,2021-06,Lancashire Constabulary,Lancashire Constabulary,-2.479724,53.706218,On or near Oldfield Avenue,E01012589,Blackburn with Darwen 014A,Anti-social behaviour,,
,2021-06,Lancashire Constabulary,Lancashire Constabulary,-2.472998,53.706164,On or near Surrey Avenue,E01012589,Blackburn with Darwen 014A,Anti-social behaviour,,
,2021-06,Lancashire Constabulary,Lancashire Constabulary,-2.475652,53.705138,On or near Percival Street,E01012589,Blackburn with Darwen 014A,Anti-social behaviour,,
4f0c8a19672714a2951ef9bff470f03322958abfb18bd76be9f11948ddac5763,2021-06,Lancashire Constabulary,Lancashire Constabulary,-2.474801,53.704863,On or near Gillibrand Street,E01012589,Blackburn with Darwen 014A,Burglary,Unable to prosecute suspect,
32bb0ad7f4b52e7f5ee90f57310c2e9a75b6774471ad39a8fa043434117b8317,2021-06,Lancashire Constabulary,Lancashire Constabulary,-2.473220,53.705696,On or near Dorset Avenue,E01012589,Blackburn with Darwen 014A,Criminal damage and arson,Investigation complete; no suspect identified,
13c56faa9c5b66f2934e758b58523b52a0cb4ee692f36a25508c5b8917bf1ba9,2021-06,Lancashire Constabulary,Lancashire Constabulary,-2.479724,53.706218,On or near Oldfield Avenue,E01012589,Blackburn with Darwen 014A,Drugs,Further action is not in the public interest,
db7f2a78d8196fb5b1ed06e21dda779d2eea538a4c16c4a90e4fb708602d8864,2021-06,Lancashire Constabulary,Lancashire Constabulary,-2.479262,53.708233,On or near Sandringham Road,E01012589,Blackburn with Darwen 014A,Violence and sexual offences,Status update unavailable,
ab931b756e10ccdf18a41cb7f016c2182d21edf32f413656b5c1f7afc69db54e,2021-06,Lancashire Constabulary,Lancashire Constabulary,-2.478156,53.705550,On or near Supermarket,E01012589,Blackburn with Darwen 014A,Violence and sexual offences,Unable to prosecute suspect,
1b32f54aee1405f466f394805829e8039ea9c12160c9c605efb0b989e0eb3439,2021-06,Lancashire Constabulary,Lancashire Constabulary,-2.479262,53.708233,On or near Sandringham Road,E01012589,Blackburn with Darwen 014A,Violence and sexual offences,Unable to prosecute suspect,
0d80e7f243e3bda593713afdb94c907f4383e9cee3310e26b615e27ed08074c3,2021-06,Lancashire Constabulary,Lancashire Constabulary,-2.479262,53.708233,On or near Sandringham Road,E01012589,Blackburn with Darwen 014A,Violence and sexual offences,Unable to prosecute suspect,
8006e69164e812a6acec15c5d74a9709164ab8de46ed84f332ca73e77066f84c,2021-06,Lancashire Constabulary,Lancashire Constabulary,-2.472998,53.706164,On or near Surrey Avenue,E01012589,Blackburn with Darwen 014A,Violence and sexual offences,Unable to prosecute suspect,
ceb2f804c3c9fd1c96ab73f8f697fc6874f81ce8e5a4529637275d05c7cd5663,2021-06,Lancashire Constabulary,Lancashire Constabulary,-2.479262,53.708233,On or near Sandringham Road,E01012589,Blackburn with Darwen 014A,Violence and sexual offences,Unable to prosecute suspect,
,2021-06,Lancashire Constabulary,Lancashire Constabulary,-2.481813,53.708673,On or near Mostyn Street,E01012590,Blackburn with Darwen 014B,Anti-social behaviour,,
,2021-06,Lancashire Constabulary,Lancashire Constabulary,-2.481483,53.711631,On or near Evelyn Road,E01012590,Blackburn with Darwen 014B,Anti-social behaviour,,
,2021-06,Lancashire Constabulary,Lancashire Constabulary,-2.484393,53.709121,On or near Laneshaw Close,E01012590,Blackburn with Darwen 014B,Anti-social behaviour,,
,2021-06,Lancashire Constabulary,Lancashire Constabulary,-2.482393,53.707735,On or near Lynwood Avenue,E01012590,Blackburn with Darwen 014B,Anti-social behaviour,,
,2021-06,Lancashire Constabulary,Lancashire Constabulary,-2.482393,53.707735,On or near Lynwood Avenue,E01012590,Blackburn with Darwen 014B,Anti-social behaviour,,
3f14b12ce30db5b29be6424866201ae5b505436f62b972686609f4a711cc5013,2021-06,Lancashire Constabulary,Lancashire Constabulary,-2.477193,53.711414,On or near Sports/Recreation Area,E01012590,Blackburn with Darwen 014B,Burglary,Status update unavailable,
cad75bc60b0c3295b4b61430fca02ba975fa2c37ef1e4e636ee74c9f85dc20eb,2021-06,Lancashire Constabulary,Lancashire Constabulary,-2.480945,53.713629,On or near Daisyfield Street,E01012590,Blackburn with Darwen 014B,Burglary,Investigation complete; no suspect identified,
8f8126c04d4416b04507126c0b43cc54c98bbd00c31ebd3ea9041f38ada871e3,2021-06,Lancashire Constabulary,Lancashire Constabulary,-2.480945,53.713629,On or near Daisyfield Street,E01012590,Blackburn with Darwen 014B,Burglary,Investigation complete; no suspect identified,
aed8e4a99929c81a4dc278c0a1189f489a63adf0cc79cdb91c72b031933366e3,2021-06,Lancashire Constabulary,Lancashire Constabulary,-2.482393,53.707735,On or near Lynwood Avenue,E01012590,Blackburn with Darwen 014B,Other theft,Unable to prosecute suspect,
e982c4b1111d1730b4cb749554cfd9c66f4e50d009878f0ea3424673e4de6ada,2021-06,Lancashire Constabulary,Lancashire Constabulary,-2.481703,53.709707,On or near Haldane Road,E01012590,Blackburn with Darwen 014B,Public order,Status update unavailable,
5cc17b0fdbb5e70c6870fd1e8909b4d4b520b52d44003063e405fadbbcbe979d,2021-06,Lancashire Constabulary,Lancashire Constabulary,-2.480945,53.713629,On or near Daisyfield Street,E01012590,Blackburn with Darwen 014B,Vehicle crime,Investigation complete; no suspect identified,
,2021-06,Lancashire Constabulary,Lancashire Constabulary,-2.484921,53.711545,On or near The Meadows,E01012591,Blackburn with Darwen 014C,Anti-social behaviour,,
,2021-06,Lancashire Constabulary,Lancashire Constabulary,-2.484921,53.711545,On or near The Meadows,E01012591,Blackburn with Darwen 014C,Anti-social behaviour,,
,2021-06,Lancashire Constabulary,Lancashire Constabulary,-2.484111,53.716168,On or near M65,E01012591,Blackburn with Darwen 014C,Anti-social behaviour,,
,2021-06,Lancashire Constabulary,Lancashire Constabulary,-2.484921,53.711545,On or near The Meadows,E01012591,Blackburn with Darwen 014C,Anti-social behaviour,,
,2021-06,Lancashire Constabulary,Lancashire Constabulary,-2.482896,53.713279,On or near Moss Fold Road,E01012591,Blackburn with Darwen 014C,Anti-social behaviour,,
,2021-06,Lancashire Constabulary,Lancashire Constabulary,-2.486868,53.710863,On or near Sports/Recreation Area,E01012591,Blackburn with Darwen 014C,Anti-social behaviour,,
,2021-06,Lancashire Constabulary,Lancashire Constabulary,-2.486024,53.706013,On or near Duddon Avenue,E01012591,Blackburn with Darwen 014C,Anti-social behaviour,,
,2021-06,Lancashire Constabulary,Lancashire Constabulary,-2.482896,53.713279,On or near Moss Fold Road,E01012591,Blackburn with Darwen 014C,Anti-social behaviour,,
,2021-06,Lancashire Constabulary,Lancashire Constabulary,-2.486804,53.704023,On or near Kestrel Drive,E01012591,Blackburn with Darwen 014C,Anti-social behaviour,,
,2021-06,Lancashire Constabulary,Lancashire Constabulary,-2.486868,53.710863,On or near Sports/Recreation Area,E01012591,Blackburn with Darwen 014C,Anti-social behaviour,,
,2021-06,Lancashire Constabulary,Lancashire Constabulary,-2.486868,53.710863,On or near Sports/Recreation Area,E01012591,Blackburn with Darwen 014C,Anti-social behaviour,,
,2021-06,Lancashire Constabulary,Lancashire Constabulary,-2.485350,53.709323,On or near Leven Grove,E01012591,Blackburn with Darwen 014C,Anti-social behaviour,,
,2021-06,Lancashire Constabulary,Lancashire Constabulary,-2.486549,53.706910,On or near Mersey Avenue,E01012591,Blackburn with Darwen 014C,Anti-social behaviour,,
,2021-06,Lancashire Constabulary,Lancashire Constabulary,-2.484754,53.710198,On or near Sports/Recreation Area,E01012591,Blackburn with Darwen 014C,Anti-social behaviour,,
4b68cb723171f1a7383b096937392f13d665166ef09d924156a8751adc418490,2021-06,Lancashire Constabulary,Lancashire Constabulary,-2.486549,53.706910,On or near Mersey Avenue,E01012591,Blackburn with Darwen 014C,Criminal damage and arson,Action to be taken by another organisation,
bb32cebf4e31846f4b1a56813036517cc4a8b2f0ccb2a8a686b66d7e381a0c0c,2021-06,Lancashire Constabulary,Lancashire Constabulary,-2.486868,53.710863,On or near Sports/Recreation Area,E01012591,Blackburn with Darwen 014C,Criminal damage and arson,Status update unavailable,
ceba55ec66d2c038b7f8e8fc91cbb0d9318c8f0807f05d9b9aa135cd00a86335,2021-06,Lancashire Constabulary,Lancashire Constabulary,-2.486868,53.710863,On or near Sports/Recreation Area,E01012591,Blackburn with Darwen 014C,Criminal damage and arson,Unable to prosecute suspect,
222e3b1dd50c95a1bd48f961529d8a4087f07d1fadf3ae164d1768d24d26790c,2021-06,Lancashire Constabulary,Lancashire Constabulary,-2.487129,53.708543,On or near Hyndburn Drive,E01012591,Blackburn with Darwen 014C,Drugs,Offender given penalty notice,
1d033a0510713f8083d7debe9fb120f69f55115e42398f22c279b4340cf24eda,2021-06,Lancashire Constabulary,Lancashire Constabulary,-2.482896,53.713279,On or near Moss Fold Road,E01012591,Blackburn with Darwen 014C,Other theft,Unable to prosecute suspect,
d027625f52c425e98cf8988bc9071a75c8a00c01e63ac32001889dc67bc1a21e,2021-06,Lancashire Constabulary,Lancashire Constabulary,-2.482896,53.713279,On or near Moss Fold Road,E01012591,Blackburn with Darwen 014C,Public order,Unable to prosecute suspect,
432734481307088dd6186e830fafbf5b87f3bedb0b31dcf1716095e0dd1b0dd8,2021-06,Lancashire Constabulary,Lancashire Constabulary,-2.484111,53.716168,On or near M65,E01012591,Blackburn with Darwen 014C,Shoplifting,Investigation complete; no suspect identified,
7f1ab86a6601ffea093599ef7f068c57f6a7d8adf27876d5ba289b3c6763c6fb,2021-06,Lancashire Constabulary,Lancashire Constabulary,-2.486786,53.707727,On or near Douglas Grove,E01012591,Blackburn with Darwen 014C,Violence and sexual offences,Unable to prosecute suspect,
519ccf3b7cae0772b5dbad118ecd2228841823775471e3f05a1916209e605334,2021-06,Lancashire Constabulary,Lancashire Constabulary,-2.486549,53.706910,On or near Mersey Avenue,E01012591,Blackburn with Darwen 014C,Violence and sexual offences,Unable to prosecute suspect,
8c098019ac6bc7764f1d6eb1f5dc729b0401431b7d2f411fd084255059332d34,2021-06,Lancashire Constabulary,Lancashire Constabulary,-2.484111,53.716168,On or near M65,E01012591,Blackburn with Darwen 014C,Violence and sexual offences,Unable to prosecute suspect,
67dfc0032ab1bdd13caeb6b83354d23a52deb3fa784195f8015e435f80aa374b,2021-06,Lancashire Constabulary,Lancashire Constabulary,-2.484111,53.716168,On or near M65,E01012591,Blackburn with Darwen 014C,Violence and sexual offences,Unable to prosecute suspect,
f0d21712f0f75b5dfe09f73032ba9dd5f3d1fc9e09a0e2f313c83d3d6cf4cca8,2021-06,Lancashire Constabulary,Lancashire Constabulary,-2.484111,53.716168,On or near M65,E01012591,Blackburn with Darwen 014C,Violence and sexual offences,Unable to prosecute suspect,
a34261ff9c6fa19d1bf52ae79d019521675c3130ab2b8a5e3e12443a920a6119,2021-06,Lancashire Constabulary,Lancashire Constabulary,-2.486549,53.706910,On or near Mersey Avenue,E01012591,Blackburn with Darwen 014C,Violence and sexual offences,Unable to prosecute suspect,
ef3c9382f7c51100329e2b3d844a506a708a4a18c04ff35e39a0ac086b8f8103,2021-06,Lancashire Constabulary,Lancashire Constabulary,-2.484538,53.708545,On or near Ribble Avenue,E01012591,Blackburn with Darwen 014C,Violence and sexual offences,Unable to prosecute suspect,
965edf60ff819879cce2475ff818b51cca5f76828a7978f7f29b8543e8f93996,2021-06,Lancashire Constabulary,Lancashire Constabulary,-2.486549,53.706910,On or near Mersey Avenue,E01012591,Blackburn with Darwen 014C,Violence and sexual offences,Status update unavailable,
a82ebe797baa788a2988ad6e8ce86c07d9825aa4742a6c5a4bb81c292e25f10d,2021-06,Lancashire Constabulary,Lancashire Constabulary,-2.485837,53.705564,On or near Lynwood Close,E01012591,Blackburn with Darwen 014C,Violence and sexual offences,Unable to prosecute suspect,
34b8fffcc8bd4c9f2c3cdcd4c239f14fe2ffd9c3f3c274a0de0951eea96788c9,2021-06,Lancashire Constabulary,Lancashire Constabulary,-2.485837,53.705564,On or near Lynwood Close,E01012591,Blackburn with Darwen 014C,Violence and sexual offences,Unable to prosecute suspect,
9da1f067a193b71a548a0e6c07d98d50af76fc7db47977d82b50fdc32d8b0111,2021-06,Lancashire Constabulary,Lancashire Constabulary,-2.486549,53.706910,On or near Mersey Avenue,E01012591,Blackburn with Darwen 014C,Other crime,Status update unavailable,
,2021-06,Lancashire Constabulary,Lancashire Constabulary,-2.467042,53.703203,On or near Clover Terrace,E01012648,Blackburn with Darwen 014D,Anti-social behaviour,,
,2021-06,Lancashire Constabulary,Lancashire Constabulary,-2.474116,53.704569,On or near Argyle Street,E01012648,Blackburn with Darwen 014D,Anti-social behaviour,,
,2021-06,Lancashire Constabulary,Lancashire Constabulary,-2.474116,53.704569,On or near Argyle Street,E01012648,Blackburn with Darwen 014D,Anti-social behaviour,,
,2021-06,Lancashire Constabulary,Lancashire Constabulary,-2.473917,53.701738,On or near Derwent Street,E01012648,Blackburn with Darwen 014D,Anti-social behaviour,,
,2021-06,Lancashire Constabulary,Lancashire Constabulary,-2.474540,53.703201,On or near Preston Street,E01012648,Blackburn with Darwen 014D,Anti-social behaviour,,
dc0ed42ba77871a2f0f93f998d07281fbf6532e0e3d7a5e82a06b06f91eab489,2021-06,Lancashire Constabulary,Lancashire Constabulary,-2.472400,53.702850,On or near Heyfold Gardens,E01012648,Blackburn with Darwen 014D,Burglary,Investigation complete; no suspect identified,
5485d285b56dd9abaf708dbb42fc7939554462f8b74749d935a41a02bb7bf473,2021-06,Lancashire Constabulary,Lancashire Constabulary,-2.475212,53.702344,On or near Blackburn Road,E01012648,Blackburn with Darwen 014D,Burglary,Investigation complete; no suspect identified,
977f9e61664be848ce3d3b2258667325dbf2d996e2326257bfb06cc04ec41220,2021-06,Lancashire Constabulary,Lancashire Constabulary,-2.474540,53.703201,On or near Preston Street,E01012648,Blackburn with Darwen 014D,Criminal damage and arson,Unable to prosecute suspect,
55a1e9f13639bb28998f250b2bc68b27f904c455d78ad89829283c8cdfc37c65,2021-06,Lancashire Constabulary,Lancashire Constabulary,-2.472400,53.702850,On or near Heyfold Gardens,E01012648,Blackburn with Darwen 014D,Other theft,Investigation complete; no suspect identified,
9878d345acdc2f9ddcc3da6caf00536fc935c38c96b87766d1ecee03b4e4cff4,2021-06,Lancashire Constabulary,Lancashire Constabulary,-2.470728,53.702335,On or near Bridge View Gardens,E01012648,Blackburn with Darwen 014D,Other theft,Unable to prosecute suspect,
c0b584b0069366c4d863500561a2ab8eafc0a71ac5dea6142e0476e3f1374439,2021-06,Lancashire Constabulary,Lancashire Constabulary,-2.474540,53.703201,On or near Preston Street,E01012648,Blackburn with Darwen 014D,Public order,Investigation complete; no suspect identified,
8561b7789adc64f4974aa01a609f7af32a442bc39c91602321295a52b9467557,2021-06,Lancashire Constabulary,Lancashire Constabulary,-2.473917,53.701738,On or near Derwent Street,E01012648,Blackburn with Darwen 014D,Public order,Unable to prosecute suspect,
2623489c2f800668e77c5846dfcec51bdd6553035134a0846dfa8d50a1d37be1,2021-06,Lancashire Constabulary,Lancashire Constabulary,-2.474116,53.704569,On or near Argyle Street,E01012648,Blackburn with Darwen 014D,Public order,Unable to prosecute suspect,
66d7e8b165f499d22d9f59f547ed001fabbdf855a71fca35f8f612cfcf56b043,2021-06,Lancashire Constabulary,Lancashire Constabulary,-2.467042,53.703203,On or near Clover Terrace,E01012648,Blackburn with Darwen 014D,Vehicle crime,Investigation complete; no suspect identified,
2654ff64a7677c3d074fef4fdb9b495467eb203a9a60e02b14d5de5796c9c027,2021-06,Lancashire Constabulary,Lancashire Constabulary,-2.474540,53.703201,On or near Preston Street,E01012648,Blackburn with Darwen 014D,Violence and sexual offences,Unable to prosecute suspect,
d31287ac2aed994be25b5ea69049501cd4d493db603b61b7d86a0c59745e65a8,2021-06,Lancashire Constabulary,Lancashire Constabulary,-2.474540,53.703201,On or near Preston Street,E01012648,Blackburn with Darwen 014D,Violence and sexual offences,Status update unavailable,
2df1aab0c4a11ec92df3a457e10c486a549a7e82d66f1d8a5f48e38fbbb32b07,2021-06,Lancashire Constabulary,Lancashire Constabulary,-2.474116,53.704569,On or near Argyle Street,E01012648,Blackburn with Darwen 014D,Violence and sexual offences,Further investigation is not in the public interest,
e2f25548301180005e79656990ad960f7a78c0cccc699a9dc1b697de18ad3517,2021-06,Lancashire Constabulary,Lancashire Constabulary,-2.474116,53.704569,On or near Argyle Street,E01012648,Blackburn with Darwen 014D,Violence and sexual offences,Unable to prosecute suspect,
d83a87ff65b41e7f984b9b298ed774e21c1328ff66ee7aee78b472d94b76def8,2021-06,Lancashire Constabulary,Lancashire Constabulary,-2.473411,53.703825,On or near Snape Street,E01012648,Blackburn with Darwen 014D,Violence and sexual offences,Further investigation is not in the public interest,
2f9ae63ef015abbefad7e33ae81288bda8da709be14414301af0d5eb57dc3d46,2021-06,Lancashire Constabulary,Lancashire Constabulary,-2.474116,53.704569,On or near Argyle Street,E01012648,Blackburn with Darwen 014D,Violence and sexual offences,Unable to prosecute suspect,
a0835fb9d6fe1e0e630d6105f8a3b6bf8d59eda6a7fa03304e5558a9a32ed081,2021-06,Lancashire Constabulary,Lancashire Constabulary,-2.475212,53.702344,On or near Blackburn Road,E01012648,Blackburn with Darwen 014D,Violence and sexual offences,Unable to prosecute suspect,
adb76f77c1f9780f22c7e6fe7f0b8f702cdf212c7c9679a032b078d7d2d4a58a,2021-06,Lancashire Constabulary,Lancashire Constabulary,-2.470728,53.702335,On or near Bridge View Gardens,E01012648,Blackburn with Darwen 014D,Other crime,Unable to prosecute suspect,
,2021-06,Lancashire Constabulary,Lancashire Constabulary,-2.482134,53.703629,On or near Earnsdale Road,E01012652,Blackburn with Darwen 014E,Anti-social behaviour,,
0d11dd4eb9bd269c458565a05b336e0c7ae1ceb3e5ea5026da00143b9eeea2b8,2021-06,Lancashire Constabulary,Lancashire Constabulary,-2.488224,53.701123,On or near Earnsdale Avenue,E01012652,Blackburn with Darwen 014E,Vehicle crime,Investigation complete; no suspect identified,
388858251f6565cd911fad68aa8d92c59ce352b359959db8e661db428a525b33,2021-06,Lancashire Constabulary,Lancashire Constabulary,-2.483353,53.701602,On or near Aysgarth Drive,E01012652,Blackburn with Darwen 014E,Violence and sexual offences,Status update unavailable,
7ff41d3c00192f123791c34f0009fbd00270c5cedbf9e08407dcf428f19bbdb3,2021-06,Lancashire Constabulary,Lancashire Constabulary,-2.483353,53.701602,On or near Aysgarth Drive,E01012652,Blackburn with Darwen 014E,Violence and sexual offences,Unable to prosecute suspect,
,2021-06,Lancashire Constabulary,Lancashire Constabulary,-2.460318,53.692300,On or near Pine Street,E01012617,Blackburn with Darwen 015A,Anti-social behaviour,,
,2021-06,Lancashire Constabulary,Lancashire Constabulary,-2.458910,53.690930,On or near Alpha Street,E01012617,Blackburn with Darwen 015A,Anti-social behaviour,,
,2021-06,Lancashire Constabulary,Lancashire Constabulary,-2.458331,53.694752,On or near Progress Street,E01012617,Blackburn with Darwen 015A,Anti-social behaviour,,
,2021-06,Lancashire Constabulary,Lancashire Constabulary,-2.458331,53.694752,On or near Progress Street,E01012617,Blackburn with Darwen 015A,Anti-social behaviour,,
,2021-06,Lancashire Constabulary,Lancashire Constabulary,-2.460318,53.692300,On or near Pine Street,E01012617,Blackburn with Darwen 015A,Anti-social behaviour,,
,2021-06,Lancashire Constabulary,Lancashire Constabulary,-2.460318,53.692300,On or near Pine Street,E01012617,Blackburn with Darwen 015A,Anti-social behaviour,,
,2021-06,Lancashire Constabulary,Lancashire Constabulary,-2.460318,53.692300,On or near Pine Street,E01012617,Blackburn with Darwen 015A,Anti-social behaviour,,
,2021-06,Lancashire Constabulary,Lancashire Constabulary,-2.460318,53.692300,On or near Pine Street,E01012617,Blackburn with Darwen 015A,Anti-social behaviour,,
,2021-06,Lancashire Constabulary,Lancashire Constabulary,-2.458910,53.690930,On or near Alpha Street,E01012617,Blackburn with Darwen 015A,Anti-social behaviour,,
,2021-06,Lancashire Constabulary,Lancashire Constabulary,-2.460318,53.692300,On or near Pine Street,E01012617,Blackburn with Darwen 015A,Anti-social behaviour,,
86c673da6d82bdb9ff3713daa7b1090fa21c8234502feaeb0ff9401746d0ac0f,2021-06,Lancashire Constabulary,Lancashire Constabulary,-2.460318,53.692300,On or near Pine Street,E01012617,Blackburn with Darwen 015A,Burglary,Unable to prosecute suspect,
4da957325ad4f934170428a5bae1685caf4f2c1357402653e87166f6402a363e,2021-06,Lancashire Constabulary,Lancashire Constabulary,-2.458965,53.694552,On or near Highfield Road,E01012617,Blackburn with Darwen 015A,Criminal damage and arson,Status update unavailable,
f24c58930261759438ec8c18d0583b8cc7ae38c6552b8eb86eb3b72906c4e61f,2021-06,Lancashire Constabulary,Lancashire Constabulary,-2.450981,53.695787,On or near Lisbon Drive,E01012617,Blackburn with Darwen 015A,Criminal damage and arson,Investigation complete; no suspect identified,
559772d9269c456b1217b0be9b975bfeeb3df8b716073efce02cfce238c5a42c,2021-06,Lancashire Constabulary,Lancashire Constabulary,-2.458331,53.694752,On or near Progress Street,E01012617,Blackburn with Darwen 015A,Criminal damage and arson,Unable to prosecute suspect,
29d6f504e71b8feaed7a447b6756321af85676f8a41178f63989973dab22f799,2021-06,Lancashire Constabulary,Lancashire Constabulary,-2.450346,53.694450,On or near Brussells Road,E01012617,Blackburn with Darwen 015A,Criminal damage and arson,Unable to prosecute suspect,
ed89e5a70f6744f80e20139817fdb002689e3c7ba666f45b326319213fcb8ec5,2021-06,Lancashire Constabulary,Lancashire Constabulary,-2.458910,53.690930,On or near Alpha Street,E01012617,Blackburn with Darwen 015A,Possession of weapons,Status update unavailable,
af793290f27f32c79c435da26f3081ddbf3767e27e87a982c31e961a9a073c3f,2021-06,Lancashire Constabulary,Lancashire Constabulary,-2.460318,53.692300,On or near Pine Street,E01012617,Blackburn with Darwen 015A,Public order,Unable to prosecute suspect,
550c642a296d69dbd38c0132c354036a2a73216ee8bd1a15d598468064b94faf,2021-06,Lancashire Constabulary,Lancashire Constabulary,-2.460458,53.692668,On or near Highfield Street,E01012617,Blackburn with Darwen 015A,Violence and sexual offences,Unable to prosecute suspect,
b12e70acc0bd091d517cc9339662c956afeb82da18c6dfff4e304eea028371f8,2021-06,Lancashire Constabulary,Lancashire Constabulary,-2.459583,53.691575,On or near Starkie Street,E01012617,Blackburn with Darwen 015A,Violence and sexual offences,Formal action is not in the public interest,
e781fe4e0474dbe7a6372bd0f4ed6c9437725562ad086ca5ab382b0ef0e2d490,2021-06,Lancashire Constabulary,Lancashire Constabulary,-2.450346,53.694450,On or near Brussells Road,E01012617,Blackburn with Darwen 015A,Violence and sexual offences,Action to be taken by another organisation,
daaeb86d302586c9fa4eee59261b87dc6d412efbf36e5026fcbff037896e1576,2021-06,Lancashire Constabulary,Lancashire Constabulary,-2.458910,53.690930,On or near Alpha Street,E01012617,Blackburn with Darwen 015A,Violence and sexual offences,Local resolution,
,2021-06,Lancashire Constabulary,Lancashire Constabulary,-2.458269,53.696047,On or near Sudellside Street,E01012646,Blackburn with Darwen 015B,Anti-social behaviour,,
,2021-06,Lancashire Constabulary,Lancashire Constabulary,-2.460062,53.695204,On or near Sudell Road,E01012646,Blackburn with Darwen 015B,Anti-social behaviour,,
,2021-06,Lancashire Constabulary,Lancashire Constabulary,-2.456858,53.695782,On or near Sudell Road,E01012646,Blackburn with Darwen 015B,Anti-social behaviour,,
2afd745a566e1acb5e7492fe8db7515ce73170ca54a30128bb573d085a6c55cb,2021-06,Lancashire Constabulary,Lancashire Constabulary,-2.456535,53.695370,On or near Norfolk Street,E01012646,Blackburn with Darwen 015B,Burglary,Unable to prosecute suspect,
ff65ccc0e043a4f3e5d4d14a3516ff8bc7702962f1fc3a8e5562ae1a1d39eba8,2021-06,Lancashire Constabulary,Lancashire Constabulary,-2.459969,53.696427,On or near Ellerbeck Road,E01012646,Blackburn with Darwen 015B,Burglary,Further investigation is not in the public interest,
26ca3a92419c1d5e65c629db0ac57103e194bbceea4ff3be424a4b25cbba099f,2021-06,Lancashire Constabulary,Lancashire Constabulary,-2.461723,53.696096,On or near Ellenshaw Close,E01012646,Blackburn with Darwen 015B,Criminal damage and arson,Unable to prosecute suspect,
461f9d31301c1c14dfa13d732eeecd1db89da84e997f3326344c9c21f90ddafa,2021-06,Lancashire Constabulary,Lancashire Constabulary,-2.459969,53.696427,On or near Ellerbeck Road,E01012646,Blackburn with Darwen 015B,Criminal damage and arson,Investigation complete; no suspect identified,
fbd21d31d4550cf8cdee92f61530689e96289e2d4ed2a83126cc30cff1e932da,2021-06,Lancashire Constabulary,Lancashire Constabulary,-2.460062,53.695204,On or near Sudell Road,E01012646,Blackburn with Darwen 015B,Criminal damage and arson,Further investigation is not in the public interest,
ec2cb9051f787fa649e1f7294e433a6b1e25c9893fb3ec0a710d368b6297622b,2021-06,Lancashire Constabulary,Lancashire Constabulary,-2.459442,53.696635,On or near Norris Street,E01012646,Blackburn with Darwen 015B,Criminal damage and arson,Unable to prosecute suspect,
b38bd4291739ba978985ea37abe1cc96ea7b48666f9dd690715e436bbf826ac8,2021-06,Lancashire Constabulary,Lancashire Constabulary,-2.461723,53.696096,On or near Ellenshaw Close,E01012646,Blackburn with Darwen 015B,Other theft,Unable to prosecute suspect,
5f5e17631b4ec59f60f764723181e179c84e075afcf85ee46bd26915505225fa,2021-06,Lancashire Constabulary,Lancashire Constabulary,-2.459211,53.696277,On or near Garnett Street,E01012646,Blackburn with Darwen 015B,Other theft,Unable to prosecute suspect,
85a341bc2364fbbbd82a575c089d2ee08417b408bd0e126c6779bcf58117ff5a,2021-06,Lancashire Constabulary,Lancashire Constabulary,-2.462270,53.696274,On or near Kay Street,E01012646,Blackburn with Darwen 015B,Public order,Unable to prosecute suspect,
c4c55aee34e55febda2c0fc1b5e84225f00c79f196883cd33567aeead2cfe230,2021-06,Lancashire Constabulary,Lancashire Constabulary,-2.456535,53.695370,On or near Norfolk Street,E01012646,Blackburn with Darwen 015B,Violence and sexual offences,Unable to prosecute suspect,
2ddfb8cee921272a1c025aef8ee8a21ba62cf11ce7b50d6a717745e82b0671dd,2021-06,Lancashire Constabulary,Lancashire Constabulary,-2.461501,53.696645,On or near Whalley Crescent,E01012646,Blackburn with Darwen 015B,Violence and sexual offences,Unable to prosecute suspect,
240f4104fe7abd5a1965999b0d215954e823860744bd106f405f22aa9582774f,2021-06,Lancashire Constabulary,Lancashire Constabulary,-2.459059,53.699046,On or near Two Gates Drive,E01012646,Blackburn with Darwen 015B,Violence and sexual offences,Unable to prosecute suspect,
0fd68e99d4e10b214301f53ce6adc3622bec5cf44856f39d5bbce62c19302346,2021-06,Lancashire Constabulary,Lancashire Constabulary,-2.457930,53.698286,On or near Gifford Way,E01012646,Blackburn with Darwen 015B,Violence and sexual offences,Unable to prosecute suspect,
c29f62167987f7cea0c7cc38d75e5c37e6bad7541c6f9a91dffee90769aea9a3,2021-06,Lancashire Constabulary,Lancashire Constabulary,-2.460062,53.695204,On or near Sudell Road,E01012646,Blackburn with Darwen 015B,Violence and sexual offences,Unable to prosecute suspect,
317539398dfb4033f380897686b6a49803204ca82fe6df5c672caff487cfb1b5,2021-06,Lancashire Constabulary,Lancashire Constabulary,-2.459070,53.695882,On or near Vernon Street,E01012646,Blackburn with Darwen 015B,Violence and sexual offences,Court result unavailable,
24edec4a54794eb7aa08d01aa5aa4d38cf5d8e0d5882de2b00c0154bbcf2f737,2021-06,Lancashire Constabulary,Lancashire Constabulary,-2.460062,53.695204,On or near Sudell Road,E01012646,Blackburn with Darwen 015B,Violence and sexual offences,Unable to prosecute suspect,
e9c86b445c5b47ecb0ebde0c6a329cd7dcaacee4658f33078774e702e34c729e,2021-06,Lancashire Constabulary,Lancashire Constabulary,-2.460062,53.695204,On or near Sudell Road,E01012646,Blackburn with Darwen 015B,Violence and sexual offences,Further investigation is not in the public interest,
,2021-06,Lancashire Constabulary,Lancashire Constabulary,-2.458396,53.703542,On or near Holden Fold,E01012647,Blackburn with Darwen 015C,Anti-social behaviour,,
,2021-06,Lancashire Constabulary,Lancashire Constabulary,-2.456936,53.704456,On or near Sports/Recreation Area,E01012647,Blackburn with Darwen 015C,Anti-social behaviour,,
,2021-06,Lancashire Constabulary,Lancashire Constabulary,-2.456088,53.701619,On or near Linden Crescent,E01012647,Blackburn with Darwen 015C,Anti-social behaviour,,
,2021-06,Lancashire Constabulary,Lancashire Constabulary,-2.453845,53.702931,On or near Pot House Lane,E01012647,Blackburn with Darwen 015C,Anti-social behaviour,,
,2021-06,Lancashire Constabulary,Lancashire Constabulary,-2.458396,53.703542,On or near Holden Fold,E01012647,Blackburn with Darwen 015C,Anti-social behaviour,,
,2021-06,Lancashire Constabulary,Lancashire Constabulary,-2.452248,53.702289,On or near Thirlmere Drive,E01012647,Blackburn with Darwen 015C,Anti-social behaviour,,
,2021-06,Lancashire Constabulary,Lancashire Constabulary,-2.456088,53.701619,On or near Linden Crescent,E01012647,Blackburn with Darwen 015C,Anti-social behaviour,,
,2021-06,Lancashire Constabulary,Lancashire Constabulary,-2.459433,53.702792,On or near Ivinson Road,E01012647,Blackburn with Darwen 015C,Anti-social behaviour,,
037f033fea6dff1067bf0314288aec8e1157f46b98f44532d79cca4210e610ff,2021-06,Lancashire Constabulary,Lancashire Constabulary,-2.458704,53.701195,On or near Laurel Avenue,E01012647,Blackburn with Darwen 015C,Criminal damage and arson,Investigation complete; no suspect identified,
546c751bdd23f7a45c98105145d3fee86636cb6073a667f9f11ac4709c4d2972,2021-06,Lancashire Constabulary,Lancashire Constabulary,-2.456936,53.704456,On or near Sports/Recreation Area,E01012647,Blackburn with Darwen 015C,Criminal damage and arson,Status update unavailable,
56058eff1e12b5cd594cc931aebb1d1fcdea844743c990985ece0307486b77e1,2021-06,Lancashire Constabulary,Lancashire Constabulary,-2.456088,53.701619,On or near Linden Crescent,E01012647,Blackburn with Darwen 015C,Public order,Unable to prosecute suspect,
ff3e472af1588506a61d647ead2572428ad156488cf4e67576b6b3633d91e015,2021-06,Lancashire Constabulary,Lancashire Constabulary,-2.456088,53.701619,On or near Linden Crescent,E01012647,Blackburn with Darwen 015C,Public order,Unable to prosecute suspect,
0130451a1715a5709c1cf86f4a37df064e67e3e8dd7972b7e62afc9dae8aa041,2021-06,Lancashire Constabulary,Lancashire Constabulary,-2.456088,53.701619,On or near Linden Crescent,E01012647,Blackburn with Darwen 015C,Violence and sexual offences,Unable to prosecute suspect,
68d08238504bc0e02fa1cf74e7d2241ec4c1dfa1f30e9adec7f57ab83d582b03,2021-06,Lancashire Constabulary,Lancashire Constabulary,-2.458396,53.703542,On or near Holden Fold,E01012647,Blackburn with Darwen 015C,Violence and sexual offences,Status update unavailable,
eb023a4a7d5dcd3ce7e2493a832fb4c2adb2696e24acdea1fde3a3f992472276,2021-06,Lancashire Constabulary,Lancashire Constabulary,-2.458271,53.701826,On or near Ash Grove,E01012647,Blackburn with Darwen 015C,Violence and sexual offences,Formal action is not in the public interest,
5c151118089b01e4845111b8fb5c68cd985753c868be298a48cbfab9a486057b,2021-06,Lancashire Constabulary,Lancashire Constabulary,-2.458704,53.701195,On or near Laurel Avenue,E01012647,Blackburn with Darwen 015C,Violence and sexual offences,Unable to prosecute suspect,
db0ed87e41304ff3d8153e49f721907755057cad09202b4d157ed10cf88cbaf7,2021-06,Lancashire Constabulary,Lancashire Constabulary,-2.456088,53.701619,On or near Linden Crescent,E01012647,Blackburn with Darwen 015C,Violence and sexual offences,Unable to prosecute suspect,
5db747d5a443771877a2ee803bfe7ff398ecf26a9eeb4806b4078c36c55d72a5,2021-06,Lancashire Constabulary,Lancashire Constabulary,-2.458396,53.703542,On or near Holden Fold,E01012647,Blackburn with Darwen 015C,Violence and sexual offences,Unable to prosecute suspect,
,2021-06,Lancashire Constabulary,Lancashire Constabulary,-2.462168,53.698009,On or near Atlas Road,E01012650,Blackburn with Darwen 015D,Anti-social behaviour,,
,2021-06,Lancashire Constabulary,Lancashire Constabulary,-2.458282,53.700010,On or near Anyon Street,E01012650,Blackburn with Darwen 015D,Anti-social behaviour,,
,2021-06,Lancashire Constabulary,Lancashire Constabulary,-2.459466,53.700302,On or near Walmsley Street,E01012650,Blackburn with Darwen 015D,Anti-social behaviour,,
,2021-06,Lancashire Constabulary,Lancashire Constabulary,-2.463157,53.699803,On or near Newton Street,E01012650,Blackburn with Darwen 015D,Anti-social behaviour,,
,2021-06,Lancashire Constabulary,Lancashire Constabulary,-2.459466,53.700302,On or near Walmsley Street,E01012650,Blackburn with Darwen 015D,Anti-social behaviour,,
,2021-06,Lancashire Constabulary,Lancashire Constabulary,-2.458282,53.700010,On or near Anyon Street,E01012650,Blackburn with Darwen 015D,Anti-social behaviour,,
,2021-06,Lancashire Constabulary,Lancashire Constabulary,-2.459466,53.700302,On or near Walmsley Street,E01012650,Blackburn with Darwen 015D,Anti-social behaviour,,
13dc25d60c0bc3997093ec960c25da1cbb62ed100c84ad31ca0cfaf9dc86315a,2021-06,Lancashire Constabulary,Lancashire Constabulary,-2.464354,53.699870,On or near Marsh Terrace,E01012650,Blackburn with Darwen 015D,Criminal damage and arson,Unable to prosecute suspect,
1e65c6a909534ca190fbcac2f98c45c3508cacf3cd089d635f049f34d73ea4ec,2021-06,Lancashire Constabulary,Lancashire Constabulary,-2.459466,53.700302,On or near Walmsley Street,E01012650,Blackburn with Darwen 015D,Public order,Further investigation is not in the public interest,
a3d42cfc44b78c248810a3b6d84552b45251dea08ea95127a19c5013af6f84dc,2021-06,Lancashire Constabulary,Lancashire Constabulary,-2.458282,53.700010,On or near Anyon Street,E01012650,Blackburn with Darwen 015D,Public order,Unable to prosecute suspect,
d5024869826d0275d60d252801dab5db566e831373840898f1dc97a6f4e4059a,2021-06,Lancashire Constabulary,Lancashire Constabulary,-2.460297,53.700066,On or near Higher London Terrace,E01012650,Blackburn with Darwen 015D,Public order,Unable to prosecute suspect,
49e3be5d63fbec5ee459c28b2df5ef5df6df6270e820993b317de79ae25f9b7d,2021-06,Lancashire Constabulary,Lancashire Constabulary,-2.461498,53.697742,On or near Sarah Street,E01012650,Blackburn with Darwen 015D,Violence and sexual offences,Unable to prosecute suspect,
dc7d6bc3d67c8ef1969b1bbb3a52d50b5f9a8c161b03520ccd5e768c2bbc59de,2021-06,Lancashire Constabulary,Lancashire Constabulary,-2.460297,53.700066,On or near Higher London Terrace,E01012650,Blackburn with Darwen 015D,Violence and sexual offences,Unable to prosecute suspect,
bfb7f60ffe3fa3f7ffebb2c6f5adbdc48b12bab388efff3a58eb4750f2b432df,2021-06,Lancashire Constabulary,Lancashire Constabulary,-2.462168,53.698009,On or near Atlas Road,E01012650,Blackburn with Darwen 015D,Violence and sexual offences,Further investigation is not in the public interest,
044e42e91917486557cc70b00d9af6a164ed7fe05d86a72d675cf47da7a45066,2021-06,Lancashire Constabulary,Lancashire Constabulary,-2.462168,53.698009,On or near Atlas Road,E01012650,Blackburn with Darwen 015D,Violence and sexual offences,Further investigation is not in the public interest,
cb75a1f15741a8b0201e423144f91b0881948a4a7db5fbe3e113094f271f8c65,2021-06,Lancashire Constabulary,Lancashire Constabulary,-2.460297,53.700066,On or near Higher London Terrace,E01012650,Blackburn with Darwen 015D,Other crime,Status update unavailable,
,2021-06,Lancashire Constabulary,Lancashire Constabulary,-2.465233,53.701242,On or near Garstang Street,E01012649,Blackburn with Darwen 016A,Anti-social behaviour,,
,2021-06,Lancashire Constabulary,Lancashire Constabulary,-2.463403,53.700144,On or near Industry Street,E01012649,Blackburn with Darwen 016A,Anti-social behaviour,,
,2021-06,Lancashire Constabulary,Lancashire Constabulary,-2.463403,53.700144,On or near Industry Street,E01012649,Blackburn with Darwen 016A,Anti-social behaviour,,
,2021-06,Lancashire Constabulary,Lancashire Constabulary,-2.460780,53.702715,On or near Elm Grove,E01012649,Blackburn with Darwen 016A,Anti-social behaviour,,
,2021-06,Lancashire Constabulary,Lancashire Constabulary,-2.465233,53.701242,On or near Garstang Street,E01012649,Blackburn with Darwen 016A,Anti-social behaviour,,
,2021-06,Lancashire Constabulary,Lancashire Constabulary,-2.463403,53.700144,On or near Industry Street,E01012649,Blackburn with Darwen 016A,Anti-social behaviour,,
,2021-06,Lancashire Constabulary,Lancashire Constabulary,-2.465691,53.700269,On or near Lord Street,E01012649,Blackburn with Darwen 016A,Anti-social behaviour,,
,2021-06,Lancashire Constabulary,Lancashire Constabulary,-2.462622,53.700767,On or near Olive Lane,E01012649,Blackburn with Darwen 016A,Anti-social behaviour,,
,2021-06,Lancashire Constabulary,Lancashire Constabulary,-2.466094,53.702461,On or near Bond Street,E01012649,Blackburn with Darwen 016A,Anti-social behaviour,,
,2021-06,Lancashire Constabulary,Lancashire Constabulary,-2.469039,53.697569,On or near William Street,E01012649,Blackburn with Darwen 016A,Anti-social behaviour,,
,2021-06,Lancashire Constabulary,Lancashire Constabulary,-2.460780,53.702715,On or near Elm Grove,E01012649,Blackburn with Darwen 016A,Anti-social behaviour,,
,2021-06,Lancashire Constabulary,Lancashire Constabulary,-2.463403,53.700144,On or near Industry Street,E01012649,Blackburn with Darwen 016A,Anti-social behaviour,,
,2021-06,Lancashire Constabulary,Lancashire Constabulary,-2.461141,53.702417,On or near Hazel Avenue,E01012649,Blackburn with Darwen 016A,Anti-social behaviour,,
,2021-06,Lancashire Constabulary,Lancashire Constabulary,-2.465691,53.700269,On or near Lord Street,E01012649,Blackburn with Darwen 016A,Anti-social behaviour,,
,2021-06,Lancashire Constabulary,Lancashire Constabulary,-2.463403,53.700144,On or near Industry Street,E01012649,Blackburn with Darwen 016A,Anti-social behaviour,,
,2021-06,Lancashire Constabulary,Lancashire Constabulary,-2.469471,53.698232,On or near George Street,E01012649,Blackburn with Darwen 016A,Anti-social behaviour,,
,2021-06,Lancashire Constabulary,Lancashire Constabulary,-2.462622,53.700767,On or near Olive Lane,E01012649,Blackburn with Darwen 016A,Anti-social behaviour,,
679bc9e43cfc6e0e251ead4381ac1e6c10c36d53d46303ab4deb68375d7a45f0,2021-06,Lancashire Constabulary,Lancashire Constabulary,-2.465691,53.700269,On or near Lord Street,E01012649,Blackburn with Darwen 016A,Criminal damage and arson,Investigation complete; no suspect identified,
4c353699931fa01d8a11e228f8cc2ead8588572d52eed5b56d47aa498f6f020b,2021-06,Lancashire Constabulary,Lancashire Constabulary,-2.465233,53.701242,On or near Garstang Street,E01012649,Blackburn with Darwen 016A,Criminal damage and arson,Unable to prosecute suspect,
31c072335f8b035b8f9334e294dedb4063bf8c6fdc07f67c898ce694c504314a,2021-06,Lancashire Constabulary,Lancashire Constabulary,-2.467090,53.699401,On or near Robin Bank Road,E01012649,Blackburn with Darwen 016A,Criminal damage and arson,Status update unavailable,
51287e46f495ac7448d1a8ed209dd558358d15b59561a50827f935b6276e9829,2021-06,Lancashire Constabulary,Lancashire Constabulary,-2.465233,53.701242,On or near Garstang Street,E01012649,Blackburn with Darwen 016A,Criminal damage and arson,Investigation complete; no suspect identified,
0d006063283d05220531ceb3c4b34de2022f7142bb28b92c704cc5a4f8681fbb,2021-06,Lancashire Constabulary,Lancashire Constabulary,-2.470888,53.699072,On or near Parking Area,E01012649,Blackburn with Darwen 016A,Other theft,Status update unavailable,
ee023624f0d36cbaf01dd317307124d7250f49d8b8a3b8c96cafc2625fdf158d,2021-06,Lancashire Constabulary,Lancashire Constabulary,-2.470158,53.698742,On or near Peabody Street,E01012649,Blackburn with Darwen 016A,Other theft,Court result unavailable,
bc2502ad3732323c2104d4e34b3a1dacb8e16c4d1f5207d8ea711ec7a465be86,2021-06,Lancashire Constabulary,Lancashire Constabulary,-2.465233,53.701242,On or near Garstang Street,E01012649,Blackburn with Darwen 016A,Possession of weapons,Unable to prosecute suspect,
36534575968ac55ea19234e21b0e7f8031f1cecc5e199d6d3c0687b03efb2b19,2021-06,Lancashire Constabulary,Lancashire Constabulary,-2.470888,53.699072,On or near Parking Area,E01012649,Blackburn with Darwen 016A,Public order,Status update unavailable,
cf1fa355c5e9ffad0cdcb65fec232979c75912b5400c77e499a48b689a5aa2a4,2021-06,Lancashire Constabulary,Lancashire Constabulary,-2.466094,53.702461,On or near Bond Street,E01012649,Blackburn with Darwen 016A,Public order,Unable to prosecute suspect,
65bac078379de524670d6980e1d7d479d6f2f440bd7678582c9d89c2fd202a3d,2021-06,Lancashire Constabulary,Lancashire Constabulary,-2.461141,53.702417,On or near Hazel Avenue,E01012649,Blackburn with Darwen 016A,Public order,Unable to prosecute suspect,
d03705ee288ffcb7586a106a40908dff09ba953797968c279d60244f0397ebe1,2021-06,Lancashire Constabulary,Lancashire Constabulary,-2.471127,53.701453,On or near Frances Street,E01012649,Blackburn with Darwen 016A,Public order,Unable to prosecute suspect,
6670b714723ebc2f9d497538364dc7ad4948536516925c374da331a4dee4bc8d,2021-06,Lancashire Constabulary,Lancashire Constabulary,-2.463403,53.700144,On or near Industry Street,E01012649,Blackburn with Darwen 016A,Public order,Unable to prosecute suspect,
d5506740f60706a994a67b9dd123c39c180331905d6705c16f750556d2b18c49,2021-06,Lancashire Constabulary,Lancashire Constabulary,-2.465233,53.701242,On or near Garstang Street,E01012649,Blackburn with Darwen 016A,Public order,Investigation complete; no suspect identified,
eeb6b9df01a26babe4dd8c4f5abc1267f90d29ca49453d3fa599d2899f261b65,2021-06,Lancashire Constabulary,Lancashire Constabulary,-2.465233,53.701242,On or near Garstang Street,E01012649,Blackburn with Darwen 016A,Robbery,Investigation complete; no suspect identified,
16964c287eeac19844af6aa81803926038a4fdc7009cefa8b2a29e6415cc2185,2021-06,Lancashire Constabulary,Lancashire Constabulary,-2.463940,53.702182,On or near Templeton Close,E01012649,Blackburn with Darwen 016A,Vehicle crime,Investigation complete; no suspect identified,
7cc54911d71dbca45436c084d6b6ed2c39620aba62f5a9d88cd0d330601a68bc,2021-06,Lancashire Constabulary,Lancashire Constabulary,-2.468502,53.698290,On or near Tudor Close,E01012649,Blackburn with Darwen 016A,Violence and sexual offences,Unable to prosecute suspect,
a7d6aa45d6ebbf05c275156e2ae9a61b05ef0aacfbe911a272a3bc736c3c5f15,2021-06,Lancashire Constabulary,Lancashire Constabulary,-2.465134,53.703265,On or near Gordon Street,E01012649,Blackburn with Darwen 016A,Violence and sexual offences,Unable to prosecute suspect,
d06f0d8162d4a4c466686b7f3245952adc5d0a42d0a95ddd85caafa80a2c5215,2021-06,Lancashire Constabulary,Lancashire Constabulary,-2.462622,53.700767,On or near Olive Lane,E01012649,Blackburn with Darwen 016A,Violence and sexual offences,Unable to prosecute suspect,
f0ef18b4ed15b340f7d3d46825164b66c8329acc68bcef8140f72c792eb17f7c,2021-06,Lancashire Constabulary,Lancashire Constabulary,-2.462622,53.700767,On or near Olive Lane,E01012649,Blackburn with Darwen 016A,Violence and sexual offences,Unable to prosecute suspect,
e8116265e12cf396c1137b10a002ddecb6f315fafb14d7ada0f5a956cec2c966,2021-06,Lancashire Constabulary,Lancashire Constabulary,-2.465691,53.700269,On or near Lord Street,E01012649,Blackburn with Darwen 016A,Violence and sexual offences,Local resolution,
85aa315f7b1105db759377f0e078577938f12df31977fa498e60adf634f8fc6b,2021-06,Lancashire Constabulary,Lancashire Constabulary,-2.467624,53.701044,On or near Cotton Hall Street,E01012649,Blackburn with Darwen 016A,Violence and sexual offences,Court result unavailable,
5ccaab20ebfad9226741a0d658c7227a4adf295be976383860d1ddbae7d4e006,2021-06,Lancashire Constabulary,Lancashire Constabulary,-2.464769,53.697666,On or near Railway Road,E01012649,Blackburn with Darwen 016A,Violence and sexual offences,Unable to prosecute suspect,
ac825924e791b2c1fb96e46ae9eb33d1d94125547e1155a43b2e09be04b3ae5d,2021-06,Lancashire Constabulary,Lancashire Constabulary,-2.467624,53.701044,On or near Cotton Hall Street,E01012649,Blackburn with Darwen 016A,Violence and sexual offences,Unable to prosecute suspect,
dd6d1ff4902928fab0c90dc99a167931217f85ad723cf32d823242f3d5ea1ba7,2021-06,Lancashire Constabulary,Lancashire Constabulary,-2.466094,53.702461,On or near Bond Street,E01012649,Blackburn with Darwen 016A,Violence and sexual offences,Unable to prosecute suspect,
6dc1974c00ee1b31e424df338676913e63cc14c99d45724351f1a9089b19555f,2021-06,Lancashire Constabulary,Lancashire Constabulary,-2.461141,53.702417,On or near Hazel Avenue,E01012649,Blackburn with Darwen 016A,Violence and sexual offences,Unable to prosecute suspect,
,2021-06,Lancashire Constabulary,Lancashire Constabulary,-2.477429,53.704160,On or near Windsor Road,E01012651,Blackburn with Darwen 016B,Anti-social behaviour,,
,2021-06,Lancashire Constabulary,Lancashire Constabulary,-2.477173,53.700305,On or near Hindle Street,E01012651,Blackburn with Darwen 016B,Anti-social behaviour,,
3a02c74ee97559224eb2b8e32757231e6a945966728fefde18c281d18bc61039,2021-06,Lancashire Constabulary,Lancashire Constabulary,-2.477429,53.704160,On or near Windsor Road,E01012651,Blackburn with Darwen 016B,Criminal damage and arson,Investigation complete; no suspect identified,
b12a72a81a43b5b17d6e5e006f032622a61a4d8fe31b0ba560978ce541bfaad7,2021-06,Lancashire Constabulary,Lancashire Constabulary,-2.478269,53.700795,On or near Baron Street,E01012651,Blackburn with Darwen 016B,Violence and sexual offences,Unable to prosecute suspect,
b3c1c6bfe27e6d1e8bf8139ce6d0d58f1f93977b765ad52d176acede9a530607,2021-06,Lancashire Constabulary,Lancashire Constabulary,-2.480085,53.703260,On or near Avondale Mews,E01012651,Blackburn with Darwen 016B,Violence and sexual offences,Unable to prosecute suspect,
737c456ef90125d208ec2ea31a29e55f2a0d97e8ec86888ab2412a35f9fa7112,2021-06,Lancashire Constabulary,Lancashire Constabulary,-2.476081,53.700157,On or near Alexandra Road,E01012651,Blackburn with Darwen 016B,Violence and sexual offences,Unable to prosecute suspect,
c077d4c68df9700e785ee7ba9b92b387c7a30cd8b46a21dc99a8632b28ba69b5,2021-06,Lancashire Constabulary,Lancashire Constabulary,-2.476616,53.700613,On or near Alexandra View,E01012651,Blackburn with Darwen 016B,Violence and sexual offences,Unable to prosecute suspect,
,2021-06,Lancashire Constabulary,Lancashire Constabulary,-2.473546,53.698315,On or near Vale Street,E01012653,Blackburn with Darwen 016C,Anti-social behaviour,,
,2021-06,Lancashire Constabulary,Lancashire Constabulary,-2.471976,53.696065,On or near Prince Street,E01012653,Blackburn with Darwen 016C,Anti-social behaviour,,
,2021-06,Lancashire Constabulary,Lancashire Constabulary,-2.476872,53.691093,On or near Granville Road,E01012653,Blackburn with Darwen 016C,Anti-social behaviour,,
,2021-06,Lancashire Constabulary,Lancashire Constabulary,-2.469292,53.695806,On or near The Green,E01012653,Blackburn with Darwen 016C,Anti-social behaviour,,
,2021-06,Lancashire Constabulary,Lancashire Constabulary,-2.476872,53.691093,On or near Granville Road,E01012653,Blackburn with Darwen 016C,Anti-social behaviour,,
,2021-06,Lancashire Constabulary,Lancashire Constabulary,-2.476872,53.691093,On or near Granville Road,E01012653,Blackburn with Darwen 016C,Anti-social behaviour,,
,2021-06,Lancashire Constabulary,Lancashire Constabulary,-2.471189,53.697534,On or near Hacking Street,E01012653,Blackburn with Darwen 016C,Anti-social behaviour,,
,2021-06,Lancashire Constabulary,Lancashire Constabulary,-2.476982,53.699524,On or near Crewdson Street,E01012653,Blackburn with Darwen 016C,Anti-social behaviour,,
,2021-06,Lancashire Constabulary,Lancashire Constabulary,-2.477292,53.700080,On or near Grafton Court,E01012653,Blackburn with Darwen 016C,Anti-social behaviour,,
,2021-06,Lancashire Constabulary,Lancashire Constabulary,-2.469292,53.695806,On or near The Green,E01012653,Blackburn with Darwen 016C,Anti-social behaviour,,
,2021-06,Lancashire Constabulary,Lancashire Constabulary,-2.471976,53.696065,On or near Prince Street,E01012653,Blackburn with Darwen 016C,Anti-social behaviour,,
9a628c60c3bbb30aafa10fdf054ec19a7e6567d11475058745fc2098f6c3ce96,2021-06,Lancashire Constabulary,Lancashire Constabulary,-2.469292,53.695806,On or near The Green,E01012653,Blackburn with Darwen 016C,Public order,Unable to prosecute suspect,
a1368109a2c9b1ce1bdfc71f058bdc84c803e847af3fd6768e79d3b5bde554f5,2021-06,Lancashire Constabulary,Lancashire Constabulary,-2.469653,53.695607,On or near High Street,E01012653,Blackburn with Darwen 016C,Theft from the person,Investigation complete; no suspect identified,
098ddc2da3f247ddfa94518d5683958dfee45a0161d0ff786a8f15a59769f1a1,2021-06,Lancashire Constabulary,Lancashire Constabulary,-2.472898,53.695891,On or near Willow Street,E01012653,Blackburn with Darwen 016C,Vehicle crime,Investigation complete; no suspect identified,
8f0e4e3918bc022854d254f1686faf059be89d23bbff9c4993e36757194ab2e0,2021-06,Lancashire Constabulary,Lancashire Constabulary,-2.475981,53.698072,On or near Scholes Street,E01012653,Blackburn with Darwen 016C,Violence and sexual offences,Court result unavailable,
2669a398433ee445afae389e0905e7ee50a7754594cfed72ea55ef67a2e0ff2b,2021-06,Lancashire Constabulary,Lancashire Constabulary,-2.471189,53.697534,On or near Hacking Street,E01012653,Blackburn with Darwen 016C,Violence and sexual offences,Unable to prosecute suspect,
ba9208585061477f800197b3135e8b2a6f9baeb37ec0547b0ef280937551d3cd,2021-06,Lancashire Constabulary,Lancashire Constabulary,-2.475981,53.698072,On or near Scholes Street,E01012653,Blackburn with Darwen 016C,Violence and sexual offences,Status update unavailable,
0b36e99da086023317d3acdde3138dc159adefb5d889e4a39d43e1f660d0a1a7,2021-06,Lancashire Constabulary,Lancashire Constabulary,-2.468829,53.696356,On or near Nightclub,E01012653,Blackburn with Darwen 016C,Violence and sexual offences,Unable to prosecute suspect,
e76bb88fcfde6dcf2c8add27369ac41b1443f40829ec7d77d01603b3ab15c118,2021-06,Lancashire Constabulary,Lancashire Constabulary,-2.471189,53.697534,On or near Hacking Street,E01012653,Blackburn with Darwen 016C,Violence and sexual offences,Unable to prosecute suspect,
,2021-06,Lancashire Constabulary,Lancashire Constabulary,-2.467824,53.694572,On or near Belgrave Square,E01012654,Blackburn with Darwen 016D,Anti-social behaviour,,
,2021-06,Lancashire Constabulary,Lancashire Constabulary,-2.466637,53.694019,On or near Hardman Way,E01012654,Blackburn with Darwen 016D,Anti-social behaviour,,
,2021-06,Lancashire Constabulary,Lancashire Constabulary,-2.467149,53.696480,On or near Supermarket,E01012654,Blackburn with Darwen 016D,Anti-social behaviour,,
,2021-06,Lancashire Constabulary,Lancashire Constabulary,-2.463701,53.692871,On or near Hamer Street,E01012654,Blackburn with Darwen 016D,Anti-social behaviour,,
,2021-06,Lancashire Constabulary,Lancashire Constabulary,-2.466637,53.694019,On or near Hardman Way,E01012654,Blackburn with Darwen 016D,Anti-social behaviour,,
,2021-06,Lancashire Constabulary,Lancashire Constabulary,-2.464614,53.696004,On or near Green Street East,E01012654,Blackburn with Darwen 016D,Anti-social behaviour,,
,2021-06,Lancashire Constabulary,Lancashire Constabulary,-2.463310,53.695874,On or near Higher Church Street,E01012654,Blackburn with Darwen 016D,Anti-social behaviour,,
,2021-06,Lancashire Constabulary,Lancashire Constabulary,-2.463310,53.695874,On or near Higher Church Street,E01012654,Blackburn with Darwen 016D,Anti-social behaviour,,
,2021-06,Lancashire Constabulary,Lancashire Constabulary,-2.467149,53.696480,On or near Supermarket,E01012654,Blackburn with Darwen 016D,Anti-social behaviour,,
,2021-06,Lancashire Constabulary,Lancashire Constabulary,-2.467824,53.694572,On or near Belgrave Square,E01012654,Blackburn with Darwen 016D,Anti-social behaviour,,
,2021-06,Lancashire Constabulary,Lancashire Constabulary,-2.467149,53.696480,On or near Supermarket,E01012654,Blackburn with Darwen 016D,Anti-social behaviour,,
,2021-06,Lancashire Constabulary,Lancashire Constabulary,-2.467149,53.696480,On or near Supermarket,E01012654,Blackburn with Darwen 016D,Anti-social behaviour,,
,2021-06,Lancashire Constabulary,Lancashire Constabulary,-2.467149,53.696480,On or near Supermarket,E01012654,Blackburn with Darwen 016D,Anti-social behaviour,,
,2021-06,Lancashire Constabulary,Lancashire Constabulary,-2.466857,53.696121,On or near Shopping Area,E01012654,Blackburn with Darwen 016D,Anti-social behaviour,,
,2021-06,Lancashire Constabulary,Lancashire Constabulary,-2.466227,53.695333,On or near Church Street,E01012654,Blackburn with Darwen 016D,Anti-social behaviour,,
,2021-06,Lancashire Constabulary,Lancashire Constabulary,-2.466397,53.694263,On or near Parking Area,E01012654,Blackburn with Darwen 016D,Anti-social behaviour,,
,2021-06,Lancashire Constabulary,Lancashire Constabulary,-2.466851,53.691439,On or near Spring Gardens,E01012654,Blackburn with Darwen 016D,Anti-social behaviour,,
cb29f92a5181afb315a1ed07e405945c0f5b120c5f459a8b3c117df3a59ff043,2021-06,Lancashire Constabulary,Lancashire Constabulary,-2.467824,53.694572,On or near Belgrave Square,E01012654,Blackburn with Darwen 016D,Burglary,Investigation complete; no suspect identified,
e0ec125235da99b852f5948fa5d90a16a724ae87cd0b1a06eb24f14b3482d90e,2021-06,Lancashire Constabulary,Lancashire Constabulary,-2.467320,53.695544,On or near Croft Street,E01012654,Blackburn with Darwen 016D,Burglary,Investigation complete; no suspect identified,
eebba80bdda8b40009073f118e837e7ebfa0cd1b8864abaac4a20340fbbf510c,2021-06,Lancashire Constabulary,Lancashire Constabulary,-2.469980,53.692343,On or near Rydal Avenue,E01012654,Blackburn with Darwen 016D,Criminal damage and arson,Court result unavailable,
fbf0a8ba1e51abaf6986a20d8171dab13af124a328ed19cb16af2bfd129df154,2021-06,Lancashire Constabulary,Lancashire Constabulary,-2.466857,53.696121,On or near Shopping Area,E01012654,Blackburn with Darwen 016D,Criminal damage and arson,Investigation complete; no suspect identified,
56ce5fbbe915c173d6130e834beb83b7fb2fcc266aec93aeffdec338ccf0910d,2021-06,Lancashire Constabulary,Lancashire Constabulary,-2.466183,53.696807,On or near Theatre/Concert Hall,E01012654,Blackburn with Darwen 016D,Other theft,Formal action is not in the public interest,
21aebb1a5533db59331b4d98710136291207a9c5fac46ef7a0af63ce509e24a6,2021-06,Lancashire Constabulary,Lancashire Constabulary,-2.465448,53.694689,On or near Victoria Street,E01012654,Blackburn with Darwen 016D,Other theft,Investigation complete; no suspect identified,
b2b9c69b64785d530fff016e4451f9153292bbb4e38d39a599858711356b9fd6,2021-06,Lancashire Constabulary,Lancashire Constabulary,-2.467149,53.696480,On or near Supermarket,E01012654,Blackburn with Darwen 016D,Other theft,Investigation complete; no suspect identified,
c900bab1432741115ec960f6e81cafc4e2ad7dcddcd605ec8841c8ea5c6336a2,2021-06,Lancashire Constabulary,Lancashire Constabulary,-2.468036,53.695865,On or near Market Street,E01012654,Blackburn with Darwen 016D,Public order,Unable to prosecute suspect,
c3158178a77c2a7ea2e7ac20890475054d34a90e7badf2aef47f01cb7a9e8a14,2021-06,Lancashire Constabulary,Lancashire Constabulary,-2.467481,53.696371,On or near Supermarket,E01012654,Blackburn with Darwen 016D,Shoplifting,Status update unavailable,
4d5de7d800abbefefc1dba750db0d193f0a45f2d38f6164db9d858d5dbb5d072,2021-06,Lancashire Constabulary,Lancashire Constabulary,-2.466637,53.694019,On or near Hardman Way,E01012654,Blackburn with Darwen 016D,Shoplifting,Status update unavailable,
65fd8ca9be2f436999ef734a1f64a6a4845540eda1b5b860e87594db546caf50,2021-06,Lancashire Constabulary,Lancashire Constabulary,-2.467149,53.696480,On or near Supermarket,E01012654,Blackburn with Darwen 016D,Shoplifting,Unable to prosecute suspect,
d258b02740938f4fe57d4c33ff9e87b66ccea06ea64160459561c3e26c0281b8,2021-06,Lancashire Constabulary,Lancashire Constabulary,-2.467320,53.695544,On or near Croft Street,E01012654,Blackburn with Darwen 016D,Violence and sexual offences,Unable to prosecute suspect,
3473f3f4a977340bc43851d0367c5a5485dbf00193cc93241620365aa5ec01b8,2021-06,Lancashire Constabulary,Lancashire Constabulary,-2.464614,53.696004,On or near Green Street East,E01012654,Blackburn with Darwen 016D,Violence and sexual offences,Investigation complete; no suspect identified,
6f730deb0b0495ff4d29b7c71f9eb4dc32713f2a888cce0181f5290bbb565028,2021-06,Lancashire Constabulary,Lancashire Constabulary,-2.466637,53.694019,On or near Hardman Way,E01012654,Blackburn with Darwen 016D,Violence and sexual offences,Investigation complete; no suspect identified,
f2883a2defaf65f04fed6e2238dc2abd41423e026c5f3a62a9bc0a37506a208a,2021-06,Lancashire Constabulary,Lancashire Constabulary,-2.466183,53.696807,On or near Theatre/Concert Hall,E01012654,Blackburn with Darwen 016D,Violence and sexual offences,Unable to prosecute suspect,
262a8cccaeb5e29fc9a7c87ed9ee77cfab1dc02d971fdf8f1dd7e290cbd8b2d4,2021-06,Lancashire Constabulary,Lancashire Constabulary,-2.469197,53.691366,On or near Jepson Street,E01012654,Blackburn with Darwen 016D,Violence and sexual offences,Unable to prosecute suspect,
87e3e53eecf596bf215fa2049a54ae6050d6596acd03fea1531a3f4be329e22b,2021-06,Lancashire Constabulary,Lancashire Constabulary,-2.463310,53.695874,On or near Higher Church Street,E01012654,Blackburn with Darwen 016D,Violence and sexual offences,Court result unavailable,
,2021-06,Lancashire Constabulary,Lancashire Constabulary,-2.451148,53.694384,On or near Naples Road,E01012614,Blackburn with Darwen 017A,Anti-social behaviour,,
eda915b5bcf0cfe7cc6573d11716cded09d3a6d65492b010aac9d35851edd7b5,2021-06,Lancashire Constabulary,Lancashire Constabulary,-2.448133,53.694224,On or near Jubilee Close,E01012614,Blackburn with Darwen 017A,Other theft,Unable to prosecute suspect,
b186582f151279a7be2243a5705e9821d6f9639e31686c30bb448b5a76127038,2021-06,Lancashire Constabulary,Lancashire Constabulary,-2.446947,53.690957,On or near Rudyard Drive,E01012614,Blackburn with Darwen 017A,Public order,Investigation complete; no suspect identified,
a0e79f50915bafa12596eaed156d8ec775c35e46c5abbb2d10a09e5288cf3f88,2021-06,Lancashire Constabulary,Lancashire Constabulary,-2.448551,53.693657,On or near Derwent Close,E01012614,Blackburn with Darwen 017A,Vehicle crime,Court result unavailable,
53e3f8042ffba7c9726b9befacd5088df0743767326761ad5ee1570ce0f913cd,2021-06,Lancashire Constabulary,Lancashire Constabulary,-2.448126,53.693559,On or near Beaumont Way,E01012614,Blackburn with Darwen 017A,Vehicle crime,Unable to prosecute suspect,
c4c576e0b3bee46b2c0b62597ffbd8b77779ada6a0e1a428dee2dd7f44643544,2021-06,Lancashire Constabulary,Lancashire Constabulary,-2.451148,53.694384,On or near Naples Road,E01012614,Blackburn with Darwen 017A,Vehicle crime,Investigation complete; no suspect identified,
ca6bf5f34875a7de194816ff712824e30784eb083bbae767d544fda712d65526,2021-06,Lancashire Constabulary,Lancashire Constabulary,-2.451148,53.694384,On or near Naples Road,E01012614,Blackburn with Darwen 017A,Violence and sexual offences,Status update unavailable,
222ce206d7cef7f8c548d576db3582beb33f6f5f04e3f6a14284bc5f9f7ff1e3,2021-06,Lancashire Constabulary,Lancashire Constabulary,-2.451148,53.694384,On or near Naples Road,E01012614,Blackburn with Darwen 017A,Violence and sexual offences,Status update unavailable,
a30e2c818818e215bf0454ec99c4a0da550b6d4a76504a69670505e489ed756e,2021-06,Lancashire Constabulary,Lancashire Constabulary,-2.451148,53.694384,On or near Naples Road,E01012614,Blackburn with Darwen 017A,Violence and sexual offences,Status update unavailable,
f7290ea9d1a4e1686e5051627450abae3e26096822e36dc045ab4fda83190b2d,2021-06,Lancashire Constabulary,Lancashire Constabulary,-2.451148,53.694384,On or near Naples Road,E01012614,Blackburn with Darwen 017A,Violence and sexual offences,Unable to prosecute suspect,
d3448463ddd3e2c07d1ab1250371376434367992770c1426c845f87dd34b54c7,2021-06,Lancashire Constabulary,Lancashire Constabulary,-2.451148,53.694384,On or near Naples Road,E01012614,Blackburn with Darwen 017A,Violence and sexual offences,Unable to prosecute suspect,
4dda4aad902c5e64f066095808b6ba2d7d2bd897170d66626151e4bba8b2c1dc,2021-06,Lancashire Constabulary,Lancashire Constabulary,-2.451148,53.694384,On or near Naples Road,E01012614,Blackburn with Darwen 017A,Violence and sexual offences,Unable to prosecute suspect,
96ef800c2c6b74bd637abc2aeb1043abef46e71795fedb36259ec6ba74f3b06e,2021-06,Lancashire Constabulary,Lancashire Constabulary,-2.446947,53.690957,On or near Rudyard Drive,E01012614,Blackburn with Darwen 017A,Violence and sexual offences,Unable to prosecute suspect,
bf907b7862f6ff0a1ec4d11ac0f84da9e55a06bd9e2c1275d800f10893808ec8,2021-06,Lancashire Constabulary,Lancashire Constabulary,-2.451148,53.694384,On or near Naples Road,E01012614,Blackburn with Darwen 017A,Violence and sexual offences,Unable to prosecute suspect,
3c7b1885337a42a160937d8ba944ca68a383cf03baf10e83e3d4895f0ffd114e,2021-06,Lancashire Constabulary,Lancashire Constabulary,-2.448170,53.690593,On or near Pole Lane,E01012614,Blackburn with Darwen 017A,Other crime,Court result unavailable,
,2021-06,Lancashire Constabulary,Lancashire Constabulary,-2.459554,53.693049,On or near Highfield Mews,E01012615,Blackburn with Darwen 017B,Anti-social behaviour,,
,2021-06,Lancashire Constabulary,Lancashire Constabulary,-2.459554,53.693049,On or near Highfield Mews,E01012615,Blackburn with Darwen 017B,Anti-social behaviour,,
,2021-06,Lancashire Constabulary,Lancashire Constabulary,-2.462436,53.692121,On or near Redearth Road,E01012615,Blackburn with Darwen 017B,Anti-social behaviour,,
,2021-06,Lancashire Constabulary,Lancashire Constabulary,-2.459554,53.693049,On or near Highfield Mews,E01012615,Blackburn with Darwen 017B,Anti-social behaviour,,
,2021-06,Lancashire Constabulary,Lancashire Constabulary,-2.459554,53.693049,On or near Highfield Mews,E01012615,Blackburn with Darwen 017B,Anti-social behaviour,,
,2021-06,Lancashire Constabulary,Lancashire Constabulary,-2.459554,53.693049,On or near Highfield Mews,E01012615,Blackburn with Darwen 017B,Anti-social behaviour,,
,2021-06,Lancashire Constabulary,Lancashire Constabulary,-2.459554,53.693049,On or near Highfield Mews,E01012615,Blackburn with Darwen 017B,Anti-social behaviour,,
a24489784bd5c9825db3ac8b8058b0e191b5df6c07c5dce894910ea835ad4365,2021-06,Lancashire Constabulary,Lancashire Constabulary,-2.452470,53.691925,On or near Priory Drive,E01012615,Blackburn with Darwen 017B,Burglary,Investigation complete; no suspect identified,
adb2710a8a9313a6d3c7b2e465f60f9bedfd86636ba9a8b2807a61e3bc2fc5eb,2021-06,Lancashire Constabulary,Lancashire Constabulary,-2.462069,53.691745,On or near India Street,E01012615,Blackburn with Darwen 017B,Burglary,Investigation complete; no suspect identified,
13d5d774c8a149af343814aa23983160d936c066964f57af42351dc2c5374aaa,2021-06,Lancashire Constabulary,Lancashire Constabulary,-2.459809,53.690028,On or near St John'S Street,E01012615,Blackburn with Darwen 017B,Other theft,Unable to prosecute suspect,
9522fe8515b3fe5116cb5fb9d0a0edd12929d808f8afa28c086ce66d0d808cac,2021-06,Lancashire Constabulary,Lancashire Constabulary,-2.459554,53.693049,On or near Highfield Mews,E01012615,Blackburn with Darwen 017B,Public order,Unable to prosecute suspect,
58c70ca8b236dc572ea72b4a09ff19877f09b1738ab642ae7a8ee2ee6a6aa865,2021-06,Lancashire Constabulary,Lancashire Constabulary,-2.462924,53.692398,On or near Ashton Lane,E01012615,Blackburn with Darwen 017B,Vehicle crime,Status update unavailable,
002e562f4a9fe6bccdd7197024ecb967410057f3e7bc389fe701b94f3dcd58a1,2021-06,Lancashire Constabulary,Lancashire Constabulary,-2.462924,53.692398,On or near Ashton Lane,E01012615,Blackburn with Darwen 017B,Violence and sexual offences,Unable to prosecute suspect,
b433b0b2d2fef6291b21391411e5f10beaff22555f28df938435f3ab9cb2263d,2021-06,Lancashire Constabulary,Lancashire Constabulary,-2.462924,53.692398,On or near Ashton Lane,E01012615,Blackburn with Darwen 017B,Violence and sexual offences,Unable to prosecute suspect,
889de044e4f4c59cde14b051b7a704f579cf06e68421d33a6b0f80e34a553f28,2021-06,Lancashire Constabulary,Lancashire Constabulary,-2.459554,53.693049,On or near Highfield Mews,E01012615,Blackburn with Darwen 017B,Violence and sexual offences,Unable to prosecute suspect,
70a6ad1f21ddf3e7aca4b00f989840be7c2fe991962633b9d756130e363acacb,2021-06,Lancashire Constabulary,Lancashire Constabulary,-2.462924,53.692398,On or near Ashton Lane,E01012615,Blackburn with Darwen 017B,Violence and sexual offences,Unable to prosecute suspect,
8bff03c37e4229e41441b713d63a5a8269b0f3a609215174df43e15a46e53f15,2021-06,Lancashire Constabulary,Lancashire Constabulary,-2.457792,53.692597,On or near St John'S Avenue,E01012615,Blackburn with Darwen 017B,Violence and sexual offences,Unable to prosecute suspect,
486d00cf072dbaa5d2d378186bad0829cc8716f9b92f6fa6891a5bca414054f0,2021-06,Lancashire Constabulary,Lancashire Constabulary,-2.462924,53.692398,On or near Ashton Lane,E01012615,Blackburn with Darwen 017B,Violence and sexual offences,Unable to prosecute suspect,
bc9984e6da2a39894778d12c65a0ca1336afd8fb3e6038e59d8e28ed700e502c,2021-06,Lancashire Constabulary,Lancashire Constabulary,-2.457792,53.692597,On or near St John'S Avenue,E01012615,Blackburn with Darwen 017B,Violence and sexual offences,Unable to prosecute suspect,
9604d02d90cbfb98328c3c9721e85b149d514f17a28b21dab6aeff8aa0540936,2021-06,Lancashire Constabulary,Lancashire Constabulary,-2.459518,53.691152,On or near Holker Street,E01012615,Blackburn with Darwen 017B,Violence and sexual offences,Unable to prosecute suspect,
,2021-06,Lancashire Constabulary,Lancashire Constabulary,-2.447315,53.682857,On or near Cranberry Close,E01012616,Blackburn with Darwen 017C,Anti-social behaviour,,
,2021-06,Lancashire Constabulary,Lancashire Constabulary,-2.447315,53.682857,On or near Cranberry Close,E01012616,Blackburn with Darwen 017C,Anti-social behaviour,,
,2021-06,Lancashire Constabulary,Lancashire Constabulary,-2.454639,53.685230,On or near Bentley Street,E01012616,Blackburn with Darwen 017C,Anti-social behaviour,,
,2021-06,Lancashire Constabulary,Lancashire Constabulary,-2.447315,53.682857,On or near Cranberry Close,E01012616,Blackburn with Darwen 017C,Anti-social behaviour,,
,2021-06,Lancashire Constabulary,Lancashire Constabulary,-2.447315,53.682857,On or near Cranberry Close,E01012616,Blackburn with Darwen 017C,Anti-social behaviour,,
fff96c78dcf88ab49cabc0c5e6ce716c5e7d002785a4d609ef38e91253899522,2021-06,Lancashire Constabulary,Lancashire Constabulary,-2.456943,53.685482,On or near Hampden Avenue,E01012616,Blackburn with Darwen 017C,Burglary,Status update unavailable,
5cbf9ad8a2e63cf53ed0947bd9a3fb6004f08b6533a5817a875cd37c5d7a584e,2021-06,Lancashire Constabulary,Lancashire Constabulary,-2.456943,53.685482,On or near Hampden Avenue,E01012616,Blackburn with Darwen 017C,Burglary,Status update unavailable,
c7340cf042f0adaf88d0d49b0706bb322c8e33cc080b3e16a37744446b0ba6fd,2021-06,Lancashire Constabulary,Lancashire Constabulary,-2.456943,53.685482,On or near Hampden Avenue,E01012616,Blackburn with Darwen 017C,Burglary,Status update unavailable,
7dd66da8099d3b26d5deded0680c53f9b1413d0ceacde7c09068351df52ea33b,2021-06,Lancashire Constabulary,Lancashire Constabulary,-2.456943,53.685482,On or near Hampden Avenue,E01012616,Blackburn with Darwen 017C,Burglary,Status update unavailable,
50b7248b5bd0a77f0eb7c99782c62aecfc9f70a6b25bfee95e2dc4b72795298f,2021-06,Lancashire Constabulary,Lancashire Constabulary,-2.460069,53.688921,On or near Carr Road,E01012616,Blackburn with Darwen 017C,Other theft,Investigation complete; no suspect identified,
057b5b86afe241673f2a78f03b9fff130436cceed51f537b11fb10cf99c33ae4,2021-06,Lancashire Constabulary,Lancashire Constabulary,-2.447315,53.682857,On or near Cranberry Close,E01012616,Blackburn with Darwen 017C,Public order,Unable to prosecute suspect,
b5d12e99e417de2ad3eb4ffa9e871338406a6e566d3e96b1ccbd2ff8a5f129f5,2021-06,Lancashire Constabulary,Lancashire Constabulary,-2.448492,53.683860,On or near Westmorland Close,E01012616,Blackburn with Darwen 017C,Violence and sexual offences,Unable to prosecute suspect,
cdf6b54bb0cc40297d7ceb986c9f7ee37f1b410fb812b3930ae8af2c71e75862,2021-06,Lancashire Constabulary,Lancashire Constabulary,-2.456141,53.685539,On or near Thompson Street,E01012616,Blackburn with Darwen 017C,Violence and sexual offences,Unable to prosecute suspect,
,2021-06,Lancashire Constabulary,Lancashire Constabulary,-2.461671,53.681688,On or near Devon Street,E01012659,Blackburn with Darwen 017D,Anti-social behaviour,,
,2021-06,Lancashire Constabulary,Lancashire Constabulary,-2.463128,53.683427,On or near Braeside Lane,E01012659,Blackburn with Darwen 017D,Anti-social behaviour,,
f024746b8e4a0baf2a1c717c1a4aee102c0576858139f9208e9cb7873e2af850,2021-06,Lancashire Constabulary,Lancashire Constabulary,-2.460993,53.682042,On or near Springthorpe Street,E01012659,Blackburn with Darwen 017D,Criminal damage and arson,Investigation complete; no suspect identified,
f194dea1ab9696edb25b3f2da6634cdb618fe049c224cd0e1af6ce26c5c4a460,2021-06,Lancashire Constabulary,Lancashire Constabulary,-2.463754,53.679730,On or near Chestnut Grove,E01012659,Blackburn with Darwen 017D,Vehicle crime,Investigation complete; no suspect identified,
9fb224bb93b1a34021849217606da33b90790058fa21b52ea6022e791345e9e1,2021-06,Lancashire Constabulary,Lancashire Constabulary,-2.462045,53.684015,On or near Epworth Street,E01012659,Blackburn with Darwen 017D,Violence and sexual offences,Further investigation is not in the public interest,
73361b2d2fdc105f56be9fa2f10d31d30553a79712d1bb71c1cce5b379f97cdd,2021-06,Lancashire Constabulary,Lancashire Constabulary,-2.463877,53.685428,On or near Ellen Street,E01012659,Blackburn with Darwen 017D,Violence and sexual offences,Unable to prosecute suspect,
5ecaa9f88731841c37d7852396ab455cfce147e3f274ae464d682789badad405,2021-06,Lancashire Constabulary,Lancashire Constabulary,-2.463877,53.685428,On or near Ellen Street,E01012659,Blackburn with Darwen 017D,Violence and sexual offences,Unable to prosecute suspect,
,2021-06,Lancashire Constabulary,Lancashire Constabulary,-2.456045,53.680838,On or near Knowlesly Road,E01012660,Blackburn with Darwen 017E,Anti-social behaviour,,
d477e2d53cc74aa6cf3c69184c965829f1fbb0656ce2b3818a9aeded260ffb30,2021-06,Lancashire Constabulary,Lancashire Constabulary,-2.457262,53.679980,On or near Derby Close,E01012660,Blackburn with Darwen 017E,Other theft,Investigation complete; no suspect identified,
aaf29f24e747ca402c4fd8100df0f514eab00237693078bd17e289a29cc21d92,2021-06,Lancashire Constabulary,Lancashire Constabulary,-2.453586,53.678834,On or near Jacks Key Drive,E01012660,Blackburn with Darwen 017E,Violence and sexual offences,Unable to prosecute suspect,
,2021-06,Lancashire Constabulary,Lancashire Constabulary,-2.459872,53.681911,On or near Blackpool Street,E01012661,Blackburn with Darwen 017F,Anti-social behaviour,,
,2021-06,Lancashire Constabulary,Lancashire Constabulary,-2.459745,53.682792,On or near Alfred Street,E01012661,Blackburn with Darwen 017F,Anti-social behaviour,,
,2021-06,Lancashire Constabulary,Lancashire Constabulary,-2.459745,53.682792,On or near Alfred Street,E01012661,Blackburn with Darwen 017F,Anti-social behaviour,,
,2021-06,Lancashire Constabulary,Lancashire Constabulary,-2.459755,53.683700,On or near Portland Street,E01012661,Blackburn with Darwen 017F,Anti-social behaviour,,
,2021-06,Lancashire Constabulary,Lancashire Constabulary,-2.460888,53.684900,On or near Sydney Street,E01012661,Blackburn with Darwen 017F,Anti-social behaviour,,
,2021-06,Lancashire Constabulary,Lancashire Constabulary,-2.460445,53.684462,On or near Melbourne Street,E01012661,Blackburn with Darwen 017F,Anti-social behaviour,,
,2021-06,Lancashire Constabulary,Lancashire Constabulary,-2.456924,53.682354,On or near Balmoral Road,E01012661,Blackburn with Darwen 017F,Anti-social behaviour,,
bfd65ba15a2f24b9138df98ada5c60e6edbd7dd980345988184f62cd045617ca,2021-06,Lancashire Constabulary,Lancashire Constabulary,-2.459745,53.682792,On or near Alfred Street,E01012661,Blackburn with Darwen 017F,Criminal damage and arson,Investigation complete; no suspect identified,
054e76a48feb5956d0606d5c568e256d984b7a5c14184335702667e8b30f7896,2021-06,Lancashire Constabulary,Lancashire Constabulary,-2.460888,53.684900,On or near Sydney Street,E01012661,Blackburn with Darwen 017F,Criminal damage and arson,Investigation complete; no suspect identified,
7a93a45895c28408c67b51b24c01d35362d07c83394e74dc3876eb8c0e3130ba,2021-06,Lancashire Constabulary,Lancashire Constabulary,-2.459755,53.683700,On or near Portland Street,E01012661,Blackburn with Darwen 017F,Criminal damage and arson,Investigation complete; no suspect identified,
2043684d22c61a18d8fcd5caad258943266db748ff39137953892768863024c6,2021-06,Lancashire Constabulary,Lancashire Constabulary,-2.459872,53.681911,On or near Blackpool Street,E01012661,Blackburn with Darwen 017F,Criminal damage and arson,Status update unavailable,
e0d6fd6f42afd39e963a023407ad186b8cea09c16a0b932fb3edf0a090a8da75,2021-06,Lancashire Constabulary,Lancashire Constabulary,-2.460888,53.684900,On or near Sydney Street,E01012661,Blackburn with Darwen 017F,Public order,Local resolution,
f295d23903116d90afeaf25f85e1aab0a6b56f1a4b53b2ffb450ff7242fb747e,2021-06,Lancashire Constabulary,Lancashire Constabulary,-2.459109,53.680017,On or near Whitehall Street,E01012661,Blackburn with Darwen 017F,Vehicle crime,Status update unavailable,
7546ab1077b2253de4fd5b07652b7022d16ec6ca223d32404863bfc5c3703aa8,2021-06,Lancashire Constabulary,Lancashire Constabulary,-2.456277,53.681314,On or near Elliott Avenue,E01012661,Blackburn with Darwen 017F,Vehicle crime,Investigation complete; no suspect identified,
cfd6d8afeac77611f8a28d528f78b6145abcec2c0b6aead1a7fd3d89d7924d19,2021-06,Lancashire Constabulary,Lancashire Constabulary,-2.456924,53.682354,On or near Balmoral Road,E01012661,Blackburn with Darwen 017F,Violence and sexual offences,Unable to prosecute suspect,
1edb5158ec13bb6c18df9fb67e5a2af309a6bb9dfb95163ee80531559e51f664,2021-06,Lancashire Constabulary,Lancashire Constabulary,-2.460445,53.684462,On or near Melbourne Street,E01012661,Blackburn with Darwen 017F,Violence and sexual offences,Status update unavailable,
4fa048f8ceb2f3e45cbf87de7e8aa6626f33a7a9664c329a6275fdfab83e06b2,2021-06,Lancashire Constabulary,Lancashire Constabulary,-2.459872,53.681911,On or near Blackpool Street,E01012661,Blackburn with Darwen 017F,Violence and sexual offences,Investigation complete; no suspect identified,
39d4425ba4da8e9e9ea1b6befcbbe88b3014e7512ca957f937bbd5ac9cb419d4,2021-06,Lancashire Constabulary,Lancashire Constabulary,-2.456924,53.682354,On or near Balmoral Road,E01012661,Blackburn with Darwen 017F,Violence and sexual offences,Unable to prosecute suspect,
acf2a4719d96a415191fde36ebedc9362cbac75670f5e59f462f07f556ae395c,2021-06,Lancashire Constabulary,Lancashire Constabulary,-2.459755,53.683700,On or near Portland Street,E01012661,Blackburn with Darwen 017F,Violence and sexual offences,Unable to prosecute suspect,
a14170f21921bb9a9e457e2418fcd05a6eb893c0a40370b998c5fe8add18fd2f,2021-06,Lancashire Constabulary,Lancashire Constabulary,-2.459745,53.682792,On or near Alfred Street,E01012661,Blackburn with Darwen 017F,Other crime,Unable to prosecute suspect,
,2021-06,Lancashire Constabulary,Lancashire Constabulary,-2.431635,53.702635,On or near Park/Open Space,E01012592,Blackburn with Darwen 018A,Anti-social behaviour,,
beb8ec38c7c8da0a34eef5bf4af05664122245e42bad9d8ebf1672195ef8e90a,2021-06,Lancashire Constabulary,Lancashire Constabulary,-2.468649,53.714244,On or near Chanters Way,E01012592,Blackburn with Darwen 018A,Burglary,Status update unavailable,
d5d4e2075d75e4cb2c13d005f219e5e7045500bdc82c1ee286cdfc0dd7e7207e,2021-06,Lancashire Constabulary,Lancashire Constabulary,-2.416401,53.701539,On or near Long Hey Lane,E01012592,Blackburn with Darwen 018A,Violence and sexual offences,Unable to prosecute suspect,
4dbd274ffd8819d597cdc33de30fb11b39eb01844e312c56428cd9d8488e1a20,2021-06,Lancashire Constabulary,Lancashire Constabulary,-2.433628,53.697532,On or near Earls Drive,E01012592,Blackburn with Darwen 018A,Violence and sexual offences,Unable to prosecute suspect,
fad694688ac300210227dd3ed3d04e3056923863a77e7c4c00e1962e33095996,2021-06,Lancashire Constabulary,Lancashire Constabulary,-2.433853,53.707678,On or near Park/Open Space,E01012592,Blackburn with Darwen 018A,Violence and sexual offences,Unable to prosecute suspect,
ffbb43baaeb540d4564683c9e91c09344ed9a83994c0df62fa9f20276d4af170,2021-06,Lancashire Constabulary,Lancashire Constabulary,-2.431635,53.702635,On or near Park/Open Space,E01012592,Blackburn with Darwen 018A,Violence and sexual offences,Unable to prosecute suspect,
4a6798e57ad71c3a9b83169a6fdfb21fadfca8aa5818c73cd7a69afed4eec6bf,2021-06,Lancashire Constabulary,Lancashire Constabulary,-2.431635,53.702635,On or near Park/Open Space,E01012592,Blackburn with Darwen 018A,Violence and sexual offences,Status update unavailable,
f220489880d560196e18386048af487da328d54ea177118b8abbe69c80f0e527,2021-06,Lancashire Constabulary,Lancashire Constabulary,-2.416401,53.701539,On or near Long Hey Lane,E01012592,Blackburn with Darwen 018A,Violence and sexual offences,Status update unavailable,
63815ae6dd7699b501b62e7a597360821f823944a7147d5853d06432307b4c09,2021-06,Lancashire Constabulary,Lancashire Constabulary,-2.434091,53.704289,On or near Johnson New Road,E01012592,Blackburn with Darwen 018A,Violence and sexual offences,Unable to prosecute suspect,
33800a505409903d82f59848f3b704712a3c128d8abd6cf9a6034e19d809c351,2021-06,Lancashire Constabulary,Lancashire Constabulary,-2.434091,53.704289,On or near Johnson New Road,E01012592,Blackburn with Darwen 018A,Violence and sexual offences,Unable to prosecute suspect,
96c5c1d735d217a2f832d22449c29b5430d0022d39ca2183518d2333b2ac022d,2021-06,Lancashire Constabulary,Lancashire Constabulary,-2.434091,53.704289,On or near Johnson New Road,E01012592,Blackburn with Darwen 018A,Violence and sexual offences,Unable to prosecute suspect,
,2021-06,Lancashire Constabulary,Lancashire Constabulary,-2.518929,53.701201,On or near Old School Lane,E01012628,Blackburn with Darwen 018D,Anti-social behaviour,,
,2021-06,Lancashire Constabulary,Lancashire Constabulary,-2.506025,53.668530,On or near Tockholes Road,E01012628,Blackburn with Darwen 018D,Anti-social behaviour,,
7a8e3ba92649ebba2091dbb90514e899427e953d69a9006f8524bbd729c8b7dc,2021-06,Lancashire Constabulary,Lancashire Constabulary,-2.460083,53.640160,On or near Park/Open Space,E01012628,Blackburn with Darwen 018D,Public order,Status update unavailable,
,2021-06,Lancashire Constabulary,Lancashire Constabulary,-2.405633,53.637130,On or near Bank Street,E01032485,Blackburn with Darwen 018E,Anti-social behaviour,,
,2021-06,Lancashire Constabulary,Lancashire Constabulary,-2.405633,53.637130,On or near Bank Street,E01032485,Blackburn with Darwen 018E,Anti-social behaviour,,
,2021-06,Lancashire Constabulary,Lancashire Constabulary,-2.415215,53.668745,On or near Park/Open Space,E01032485,Blackburn with Darwen 018E,Anti-social behaviour,,
,2021-06,Lancashire Constabulary,Lancashire Constabulary,-2.389742,53.673603,On or near Knowsley Lane,E01032485,Blackburn with Darwen 018E,Anti-social behaviour,,
,2021-06,Lancashire Constabulary,Lancashire Constabulary,-2.406872,53.660585,On or near Blackburn Road,E01032485,Blackburn with Darwen 018E,Anti-social behaviour,,
c8c6cb216da96201cb61b1e634e8155162a06971ec651c0ca7be6784abeba68f,2021-06,Lancashire Constabulary,Lancashire Constabulary,-2.415215,53.668745,On or near Park/Open Space,E01032485,Blackburn with Darwen 018E,Burglary,Investigation complete; no suspect identified,
d191ee17faa313d59678c10c8bde5409bd78029d759ec651e05a8595fd3dc6b5,2021-06,Lancashire Constabulary,Lancashire Constabulary,-2.405633,53.637130,On or near Bank Street,E01032485,Blackburn with Darwen 018E,Criminal damage and arson,Investigation complete; no suspect identified,
0c12ed516a287acc82d7a8b7ec0bab17af6d8dde37dcaa0ee40a21f64d1ef82c,2021-06,Lancashire Constabulary,Lancashire Constabulary,-2.404506,53.641062,On or near Embankment Road,E01032485,Blackburn with Darwen 018E,Vehicle crime,Investigation complete; no suspect identified,
a13cac389d0ad5287c8c459846c5b9eaaaf4d2e2e54c9afa8e314705338bc26c,2021-06,Lancashire Constabulary,Lancashire Constabulary,-2.398057,53.638782,On or near Wellington Mews,E01032485,Blackburn with Darwen 018E,Vehicle crime,Investigation complete; no suspect identified,
,2021-06,Lancashire Constabulary,Lancashire Constabulary,-2.393944,53.648683,On or near Ainsdale Avenue,E01032486,Blackburn with Darwen 018F,Anti-social behaviour,,
,2021-06,Lancashire Constabulary,Lancashire Constabulary,-2.394608,53.645301,On or near Meadow Way,E01032486,Blackburn with Darwen 018F,Anti-social behaviour,,
,2021-06,Lancashire Constabulary,Lancashire Constabulary,-2.390174,53.646745,On or near Edgeworth Vale,E01032486,Blackburn with Darwen 018F,Anti-social behaviour,,
8c508ad4893855ac4a043eb43361cfdd7f65000a635e203f9cfb912633f06b06,2021-06,Lancashire Constabulary,Lancashire Constabulary,-2.394445,53.643990,On or near Benson Street,E01032486,Blackburn with Darwen 018F,Violence and sexual offences,Status update unavailable,
32ea4881d9803c5a7bfbd2a9715d2555771a718240cbfc1f0b5f41dd0bcc8f27,2021-06,Lancashire Constabulary,Lancashire Constabulary,-2.394445,53.643990,On or near Benson Street,E01032486,Blackburn with Darwen 018F,Violence and sexual offences,Unable to prosecute suspect,
,2021-06,Lancashire Constabulary,Lancashire Constabulary,-3.041497,53.870914,On or near Gresham Road,E01012663,Blackpool 001A,Anti-social behaviour,,
,2021-06,Lancashire Constabulary,Lancashire Constabulary,-3.043348,53.871922,On or near Petrol Station,E01012663,Blackpool 001A,Anti-social behaviour,,
,2021-06,Lancashire Constabulary,Lancashire Constabulary,-3.046830,53.874957,On or near Alconbury Crescent,E01012663,Blackpool 001A,Anti-social behaviour,,
,2021-06,Lancashire Constabulary,Lancashire Constabulary,-3.043348,53.871922,On or near Petrol Station,E01012663,Blackpool 001A,Anti-social behaviour,,
,2021-06,Lancashire Constabulary,Lancashire Constabulary,-3.046830,53.874957,On or near Alconbury Crescent,E01012663,Blackpool 001A,Anti-social behaviour,,
,2021-06,Lancashire Constabulary,Lancashire Constabulary,-3.044275,53.873730,On or near Blandford Avenue,E01012663,Blackpool 001A,Anti-social behaviour,,
07a7797b3ef6078254485d28a7addc5d91f1a88f4d5fc77ac8249d847d66f270,2021-06,Lancashire Constabulary,Lancashire Constabulary,-3.043348,53.871922,On or near Petrol Station,E01012663,Blackpool 001A,Other theft,Status update unavailable,
ad9c8a151263d6678afa55792a69ad6133f78109d86e15aa47ce20918199fa26,2021-06,Lancashire Constabulary,Lancashire Constabulary,-3.046830,53.874957,On or near Alconbury Crescent,E01012663,Blackpool 001A,Public order,Unable to prosecute suspect,
83bb22f6c8bf803892b926f46dc7ea854c434fa6c59ca84275e824b656fab696,2021-06,Lancashire Constabulary,Lancashire Constabulary,-3.043348,53.871922,On or near Petrol Station,E01012663,Blackpool 001A,Public order,Unable to prosecute suspect,
a1f419fd328d044d2f5b3e742d1e712129e6b5dda99bdfd95af23e67694e3215,2021-06,Lancashire Constabulary,Lancashire Constabulary,-3.038467,53.873843,On or near St George'S Avenue,E01012663,Blackpool 001A,Violence and sexual offences,Court result unavailable,
7daa603e7ea6bd47a9ffc3c4634ac344f24cb2ab00f47df403fe3724870757b9,2021-06,Lancashire Constabulary,Lancashire Constabulary,-3.046830,53.874957,On or near Alconbury Crescent,E01012663,Blackpool 001A,Violence and sexual offences,Unable to prosecute suspect,
913ab83ccca1e7fa859f02e9f228822b65dc60e416f61fd71aba2c78e194a66d,2021-06,Lancashire Constabulary,Lancashire Constabulary,-3.040362,53.871139,On or near Magdalen Avenue,E01012663,Blackpool 001A,Violence and sexual offences,Unable to prosecute suspect,
585e436db35cba1b640884312e3d8593e02ac16e618a05a99cdad68c591095f1,2021-06,Lancashire Constabulary,Lancashire Constabulary,-3.042794,53.872889,On or near Kelso Avenue,E01012663,Blackpool 001A,Violence and sexual offences,Further investigation is not in the public interest,
01fb3ed6d6e31d06c9fe44534047f16b36c9047649c0ff9d63b34bf9a0eb7461,2021-06,Lancashire Constabulary,Lancashire Constabulary,-3.042435,53.871912,On or near Kelso Avenue,E01012663,Blackpool 001A,Violence and sexual offences,Unable to prosecute suspect,
04645e10f6367ced10abc121c567df94776c797fa3e883bff0388f28235887ab,2021-06,Lancashire Constabulary,Lancashire Constabulary,-3.042794,53.872889,On or near Kelso Avenue,E01012663,Blackpool 001A,Violence and sexual offences,Unable to prosecute suspect,
083d9806c63c6e6f329f095f51d3fc1c9c501814a2f3f80649c2fc41b550be9d,2021-06,Lancashire Constabulary,Lancashire Constabulary,-3.044275,53.873730,On or near Blandford Avenue,E01012663,Blackpool 001A,Violence and sexual offences,Unable to prosecute suspect,
8cc1502444c53bdd6f30bbcdf61f3da1406adb9e7ef97c4553e8bec14f980077,2021-06,Lancashire Constabulary,Lancashire Constabulary,-3.038467,53.873843,On or near St George'S Avenue,E01012663,Blackpool 001A,Violence and sexual offences,Court result unavailable,
5929d5903617bbb00e315cf833878e0d9e154d9c1e2040358a7e1996c8a61f77,2021-06,Lancashire Constabulary,Lancashire Constabulary,-3.042794,53.872889,On or near Kelso Avenue,E01012663,Blackpool 001A,Violence and sexual offences,Unable to prosecute suspect,
63450c63062651e8a49473ab1938f212eb358a91b5a0fcee66944cf60fcbf2a1,2021-06,Lancashire Constabulary,Lancashire Constabulary,-3.039420,53.869952,On or near Lyddesdale Avenue,E01012663,Blackpool 001A,Violence and sexual offences,Unable to prosecute suspect,
471e8be3f2cd37f77e50db0f5a0f53359d627b2e349890170241d8109f1a5e86,2021-06,Lancashire Constabulary,Lancashire Constabulary,-3.043098,53.875349,On or near Crescent West,E01012663,Blackpool 001A,Violence and sexual offences,Unable to prosecute suspect,
8379b5887e02ceeaa4e2174cff05a04102f6297d87d07c79e715b46c523cf617,2021-06,Lancashire Constabulary,Lancashire Constabulary,-3.043348,53.871922,On or near Petrol Station,E01012663,Blackpool 001A,Other crime,Unable to prosecute suspect,
,2021-06,Lancashire Constabulary,Lancashire Constabulary,-3.037411,53.874778,On or near St David'S Avenue,E01012664,Blackpool 001B,Anti-social behaviour,,
,2021-06,Lancashire Constabulary,Lancashire Constabulary,-3.036264,53.871480,On or near Keith Grove,E01012664,Blackpool 001B,Anti-social behaviour,,
,2021-06,Lancashire Constabulary,Lancashire Constabulary,-3.041628,53.874930,On or near The Close,E01012664,Blackpool 001B,Anti-social behaviour,,
,2021-06,Lancashire Constabulary,Lancashire Constabulary,-3.039545,53.874993,On or near St Andrew'S Avenue,E01012664,Blackpool 001B,Anti-social behaviour,,
,2021-06,Lancashire Constabulary,Lancashire Constabulary,-3.028150,53.871154,On or near Sherwood Place,E01012664,Blackpool 001B,Anti-social behaviour,,
,2021-06,Lancashire Constabulary,Lancashire Constabulary,-3.039545,53.874993,On or near St Andrew'S Avenue,E01012664,Blackpool 001B,Anti-social behaviour,,
,2021-06,Lancashire Constabulary,Lancashire Constabulary,-3.039545,53.874993,On or near St Andrew'S Avenue,E01012664,Blackpool 001B,Anti-social behaviour,,
,2021-06,Lancashire Constabulary,Lancashire Constabulary,-3.039545,53.874993,On or near St Andrew'S Avenue,E01012664,Blackpool 001B,Anti-social behaviour,,
4e605f8a98c6af62c93754dc14eff29a2dcf6b8beee6bd4cc16bc73e6f258697,2021-06,Lancashire Constabulary,Lancashire Constabulary,-3.032112,53.873952,On or near Stoneway Road,E01012664,Blackpool 001B,Burglary,Investigation complete; no suspect identified,
969c68ed4d658030e0225938cab86767675d8171c82d2f98f5a007a2dc8890d5,2021-06,Lancashire Constabulary,Lancashire Constabulary,-3.036264,53.871480,On or near Keith Grove,E01012664,Blackpool 001B,Criminal damage and arson,Investigation complete; no suspect identified,
9d8a30f585cdc4f4d81fda7625294f81be4ebc3f7528714a3faf7b7c3a77fce0,2021-06,Lancashire Constabulary,Lancashire Constabulary,-3.035049,53.872165,On or near Rochford Avenue,E01012664,Blackpool 001B,Criminal damage and arson,Unable to prosecute suspect,
09b5f0dcc8947114c693d74a79ec1c2c9decb919ceebcb8084763ce328bb680c,2021-06,Lancashire Constabulary,Lancashire Constabulary,-3.034596,53.872277,On or near Bedale Place,E01012664,Blackpool 001B,Robbery,Unable to prosecute suspect,
76c5e3dd555506356b5071e4c311402cea3b5d30cd9536d5bd73b5b3bfcb44e3,2021-06,Lancashire Constabulary,Lancashire Constabulary,-3.040756,53.874731,On or near Conway Avenue,E01012664,Blackpool 001B,Theft from the person,Further investigation is not in the public interest,
f8bbf8aa6e1482714e5b20839d79089c43441701c9a6889546b28a44535c6e3c,2021-06,Lancashire Constabulary,Lancashire Constabulary,-3.034585,53.873670,On or near Willowdene,E01012664,Blackpool 001B,Vehicle crime,Further investigation is not in the public interest,
0a79d7ba7cc26b44d3102d28873eb7b9e2eee345c579f109ce9b3a90e5be8e97,2021-06,Lancashire Constabulary,Lancashire Constabulary,-3.034585,53.873670,On or near Willowdene,E01012664,Blackpool 001B,Vehicle crime,Further investigation is not in the public interest,
6987bc2e6b68f48862a7208bed7b47120c35014e72b3570b7762f985a3c3ccb8,2021-06,Lancashire Constabulary,Lancashire Constabulary,-3.028150,53.871154,On or near Sherwood Place,E01012664,Blackpool 001B,Vehicle crime,Investigation complete; no suspect identified,
4ede89c7da5960d22918cdd84924282d3728ca2d23371b8d1e50593b0894f675,2021-06,Lancashire Constabulary,Lancashire Constabulary,-3.035582,53.872178,On or near Welwyn Place,E01012664,Blackpool 001B,Violence and sexual offences,Unable to prosecute suspect,
870f92bb799dbf9eae85df58878e34c96b1d9b4378281470fc9db33735309b98,2021-06,Lancashire Constabulary,Lancashire Constabulary,-3.035582,53.872178,On or near Welwyn Place,E01012664,Blackpool 001B,Violence and sexual offences,Unable to prosecute suspect,
bf3570c3b4b54e91d96ad517db8fcb0e67966e8a35b5bb3742df6096f05d037d,2021-06,Lancashire Constabulary,Lancashire Constabulary,-3.035225,53.873727,On or near South Parade,E01012664,Blackpool 001B,Violence and sexual offences,Unable to prosecute suspect,
ffd2a973dcac990903bae09df052d46e929b5aa260e0b8c1530f968e86526a1a,2021-06,Lancashire Constabulary,Lancashire Constabulary,-3.028150,53.871154,On or near Sherwood Place,E01012664,Blackpool 001B,Violence and sexual offences,Unable to prosecute suspect,
ef26d2cd0f99962a3ec2870ccf746cec1590b00415535390e7cfe22250c2d351,2021-06,Lancashire Constabulary,Lancashire Constabulary,-3.036264,53.871480,On or near Keith Grove,E01012664,Blackpool 001B,Violence and sexual offences,Unable to prosecute suspect,
afeeb37ff744ff1161b520fbc2a3782ea3a3f7fcd139d056bac6723845b09cb3,2021-06,Lancashire Constabulary,Lancashire Constabulary,-3.035249,53.872855,On or near Anchorsholme Lane East,E01012664,Blackpool 001B,Violence and sexual offences,Unable to prosecute suspect,
cf442302415bb16cd292248e94310a4407f77b7e3da0032bf13c3d1cbb20ac75,2021-06,Lancashire Constabulary,Lancashire Constabulary,-3.040756,53.874731,On or near Conway Avenue,E01012664,Blackpool 001B,Other crime,Unable to prosecute suspect,
,2021-06,Lancashire Constabulary,Lancashire Constabulary,-3.026484,53.868967,On or near Eastpines Drive,E01012665,Blackpool 001C,Anti-social behaviour,,
,2021-06,Lancashire Constabulary,Lancashire Constabulary,-3.032743,53.869902,On or near Neville Avenue,E01012665,Blackpool 001C,Anti-social behaviour,,
,2021-06,Lancashire Constabulary,Lancashire Constabulary,-3.035065,53.868497,On or near Redeswood Avenue,E01012665,Blackpool 001C,Anti-social behaviour,,
,2021-06,Lancashire Constabulary,Lancashire Constabulary,-3.035234,53.869772,On or near Murchison Grove,E01012665,Blackpool 001C,Anti-social behaviour,,
,2021-06,Lancashire Constabulary,Lancashire Constabulary,-3.035260,53.867777,On or near Valeway Avenue,E01012665,Blackpool 001C,Anti-social behaviour,,
2aefa327948ccf44c0a6aafbac94e6ad8a516aa5fe0264f0a92ba3be4079e11b,2021-06,Lancashire Constabulary,Lancashire Constabulary,-3.026883,53.869727,On or near Anchorsholme Lane,E01012665,Blackpool 001C,Shoplifting,Unable to prosecute suspect,
00cf65b53b74d5078473551ea23c8a0f78fa509510938f147baae127f69e4df7,2021-06,Lancashire Constabulary,Lancashire Constabulary,-3.035065,53.868497,On or near Redeswood Avenue,E01012665,Blackpool 001C,Vehicle crime,Status update unavailable,
27792fffef6149b30ea9e5d5ed3a1a7d4c8b64b0df15efea4354d1995d8a8ac8,2021-06,Lancashire Constabulary,Lancashire Constabulary,-3.031964,53.872865,On or near Kirton Place,E01012665,Blackpool 001C,Vehicle crime,Status update unavailable,
cc483d36355994f47cab97335bf2d0e94671e7b88f92b94a69a3fe887399c298,2021-06,Lancashire Constabulary,Lancashire Constabulary,-3.035065,53.868497,On or near Redeswood Avenue,E01012665,Blackpool 001C,Violence and sexual offences,Unable to prosecute suspect,
,2021-06,Lancashire Constabulary,Lancashire Constabulary,-3.038657,53.866156,On or near Derwent Place,E01012716,Blackpool 001D,Anti-social behaviour,,
,2021-06,Lancashire Constabulary,Lancashire Constabulary,-3.048120,53.857805,On or near Parking Area,E01012716,Blackpool 001D,Anti-social behaviour,,
,2021-06,Lancashire Constabulary,Lancashire Constabulary,-3.048063,53.862830,On or near Queen'S Promenade,E01012716,Blackpool 001D,Anti-social behaviour,,
,2021-06,Lancashire Constabulary,Lancashire Constabulary,-3.039053,53.865578,On or near Fleetwood Road,E01012716,Blackpool 001D,Anti-social behaviour,,
,2021-06,Lancashire Constabulary,Lancashire Constabulary,-3.048849,53.859578,On or near Park/Open Space,E01012716,Blackpool 001D,Anti-social behaviour,,
,2021-06,Lancashire Constabulary,Lancashire Constabulary,-3.040081,53.867178,On or near Gretna Crescent,E01012716,Blackpool 001D,Anti-social behaviour,,
a837af17943e5c4850bde666f06b86eb62526b4a9607f79ab4a717f7ba635149,2021-06,Lancashire Constabulary,Lancashire Constabulary,-3.048120,53.857805,On or near Parking Area,E01012716,Blackpool 001D,Burglary,Unable to prosecute suspect,
554d7e4afcf5272a85aa8b06c9c3b30a8bac711ad9b74bba83d73493ce195d16,2021-06,Lancashire Constabulary,Lancashire Constabulary,-3.048120,53.857805,On or near Parking Area,E01012716,Blackpool 001D,Criminal damage and arson,Unable to prosecute suspect,
80461fdda2126642eeff4b5dc4dbcfd09491116a060878d217c54a0f0d9a5a16,2021-06,Lancashire Constabulary,Lancashire Constabulary,-3.048120,53.857805,On or near Parking Area,E01012716,Blackpool 001D,Criminal damage and arson,Unable to prosecute suspect,
ecb308b3f0e37c91093812a01220abe349f69fe3505421331a41041c9a447de8,2021-06,Lancashire Constabulary,Lancashire Constabulary,-3.048120,53.857805,On or near Parking Area,E01012716,Blackpool 001D,Other theft,Investigation complete; no suspect identified,
2d8f866733ae682c5bbfd6341aec91e26899f5b0875f8c167a7656cf2381a658,2021-06,Lancashire Constabulary,Lancashire Constabulary,-3.045695,53.866032,On or near Shore Road,E01012716,Blackpool 001D,Public order,Investigation complete; no suspect identified,
d2101f068ea32a0e70ac394ef39919eb3e9e13009789100f9892e819b73b61b2,2021-06,Lancashire Constabulary,Lancashire Constabulary,-3.048120,53.857805,On or near Parking Area,E01012716,Blackpool 001D,Vehicle crime,Investigation complete; no suspect identified,
cb37f465049b59164cf05e59e64e88373aebbb29c49a35758fa7ec02c53586df,2021-06,Lancashire Constabulary,Lancashire Constabulary,-3.048120,53.857805,On or near Parking Area,E01012716,Blackpool 001D,Violence and sexual offences,Unable to prosecute suspect,
8237adf03e1e4dee07953955cb57e03a1e42535497020bc89c2e7c7b188cca3e,2021-06,Lancashire Constabulary,Lancashire Constabulary,-3.041861,53.863522,On or near Buckley Crescent,E01012716,Blackpool 001D,Violence and sexual offences,Unable to prosecute suspect,
9fdd7f7a684762c2efe0d0fd00a7c69f5fbe923c3eced4e0485736711dd0d9c4,2021-06,Lancashire Constabulary,Lancashire Constabulary,-3.048120,53.857805,On or near Parking Area,E01012716,Blackpool 001D,Violence and sexual offences,Unable to prosecute suspect,
ab38031c5dba5818d05fbade30fb3333da6b44e767ee449c02833297049a54ae,2021-06,Lancashire Constabulary,Lancashire Constabulary,-3.048120,53.857805,On or near Parking Area,E01012716,Blackpool 001D,Violence and sexual offences,Unable to prosecute suspect,
9fb8600393161693e2601cb23f243a3ba934b0ae2e8642fbf55ebdf6cbb3a201,2021-06,Lancashire Constabulary,Lancashire Constabulary,-3.048120,53.857805,On or near Parking Area,E01012716,Blackpool 001D,Violence and sexual offences,Unable to prosecute suspect,
fc9bb55cb4f51e5123423aa39daeaf825ad74a64eb38e672b339f0341270d995,2021-06,Lancashire Constabulary,Lancashire Constabulary,-3.048120,53.857805,On or near Parking Area,E01012716,Blackpool 001D,Violence and sexual offences,Status update unavailable,
0da7a854dffd08860ab92c9afd26951d49e91171f824af7b1e6114eb105aebdd,2021-06,Lancashire Constabulary,Lancashire Constabulary,-3.048120,53.857805,On or near Parking Area,E01012716,Blackpool 001D,Violence and sexual offences,Further investigation is not in the public interest,
2b71828a106578f74b4a93fff579017298f93e54526b3502c90ccb8b10a6699c,2021-06,Lancashire Constabulary,Lancashire Constabulary,-3.041448,53.864640,On or near Wilson Square,E01012716,Blackpool 001D,Violence and sexual offences,Unable to prosecute suspect,
95934be63f1813332e84b524f80d29cfbd1f6626858f427ce322fd1f581f7b16,2021-06,Lancashire Constabulary,Lancashire Constabulary,-3.048120,53.857805,On or near Parking Area,E01012716,Blackpool 001D,Violence and sexual offences,Unable to prosecute suspect,
556b6f34dde876773a3b823561b667b78956abcad661c6c8a444cc44cd97023c,2021-06,Lancashire Constabulary,Lancashire Constabulary,-3.044189,53.863592,On or near Micklegate,E01012716,Blackpool 001D,Violence and sexual offences,Unable to prosecute suspect,
,2021-06,Lancashire Constabulary,Lancashire Constabulary,-3.041701,53.869303,On or near Maida Vale,E01012719,Blackpool 001E,Anti-social behaviour,,
,2021-06,Lancashire Constabulary,Lancashire Constabulary,-3.037825,53.869408,On or near Lockerbie Avenue,E01012719,Blackpool 001E,Anti-social behaviour,,
,2021-06,Lancashire Constabulary,Lancashire Constabulary,-3.037598,53.866992,On or near Lyddesdale Avenue,E01012719,Blackpool 001E,Anti-social behaviour,,
ca8fce808189bba5d5d4e2f8ae07f3d8f372218890cb64857ad9b4a276d3bfa3,2021-06,Lancashire Constabulary,Lancashire Constabulary,-3.036593,53.866929,On or near Lockerbie Avenue,E01012719,Blackpool 001E,Other theft,Further investigation is not in the public interest,
9869b0af7370672d0736d445fbca190432e17f0a48f35dfeef259c70cd65b79b,2021-06,Lancashire Constabulary,Lancashire Constabulary,-3.040598,53.869007,On or near Jem Gate,E01012719,Blackpool 001E,Violence and sexual offences,Action to be taken by another organisation,
44f62761d220e29559a9754a7307b6e8d83911fe552a8e978562c92cf6f99f05,2021-06,Lancashire Constabulary,Lancashire Constabulary,-3.037825,53.869408,On or near Lockerbie Avenue,E01012719,Blackpool 001E,Violence and sexual offences,Further investigation is not in the public interest,
,2021-06,Lancashire Constabulary,Lancashire Constabulary,-3.022532,53.865926,On or near Wood Green Drive,E01012662,Blackpool 002A,Anti-social behaviour,,
,2021-06,Lancashire Constabulary,Lancashire Constabulary,-3.023793,53.865241,On or near Brisbane Place,E01012662,Blackpool 002A,Anti-social behaviour,,
,2021-06,Lancashire Constabulary,Lancashire Constabulary,-3.024406,53.864823,On or near Melbourne Avenue,E01012662,Blackpool 002A,Anti-social behaviour,,
,2021-06,Lancashire Constabulary,Lancashire Constabulary,-3.033375,53.865950,On or near Warren Grove,E01012662,Blackpool 002A,Anti-social behaviour,,
,2021-06,Lancashire Constabulary,Lancashire Constabulary,-3.023793,53.865241,On or near Brisbane Place,E01012662,Blackpool 002A,Anti-social behaviour,,
,2021-06,Lancashire Constabulary,Lancashire Constabulary,-3.023793,53.865241,On or near Brisbane Place,E01012662,Blackpool 002A,Anti-social behaviour,,
,2021-06,Lancashire Constabulary,Lancashire Constabulary,-3.023793,53.865241,On or near Brisbane Place,E01012662,Blackpool 002A,Anti-social behaviour,,
,2021-06,Lancashire Constabulary,Lancashire Constabulary,-3.022532,53.865926,On or near Wood Green Drive,E01012662,Blackpool 002A,Anti-social behaviour,,
,2021-06,Lancashire Constabulary,Lancashire Constabulary,-3.022532,53.865926,On or near Wood Green Drive,E01012662,Blackpool 002A,Anti-social behaviour,,
63590cf82570f5628d5610058f72b45c6980d2bba73b7fdfcfbb1bdf63db6da8,2021-06,Lancashire Constabulary,Lancashire Constabulary,-3.023793,53.865241,On or near Brisbane Place,E01012662,Blackpool 002A,Burglary,Investigation complete; no suspect identified,
cda87dd7b39db4b7bec888f56c16f5d3ef4fd14deb5c22e854f7bb38f7ee7107,2021-06,Lancashire Constabulary,Lancashire Constabulary,-3.025583,53.867572,On or near Idlewood Place,E01012662,Blackpool 002A,Criminal damage and arson,Investigation complete; no suspect identified,
81b9c0bb3057ce5d6ab06b8c2e24c70c025e86fa1cae3f3dd2ff3ba723d258b7,2021-06,Lancashire Constabulary,Lancashire Constabulary,-3.023793,53.865241,On or near Brisbane Place,E01012662,Blackpool 002A,Drugs,Unable to prosecute suspect,
8dffddab854f8d3582e2ed91f23f86d1dee862163534aafe62a561fe28a3bbb5,2021-06,Lancashire Constabulary,Lancashire Constabulary,-3.033375,53.865950,On or near Warren Grove,E01012662,Blackpool 002A,Vehicle crime,Investigation complete; no suspect identified,
0b1ab7502d125228fd085117d410ee4b52ee81eb7b31d53b4f3ca6126b9373b2,2021-06,Lancashire Constabulary,Lancashire Constabulary,-3.025583,53.867572,On or near Idlewood Place,E01012662,Blackpool 002A,Vehicle crime,Investigation complete; no suspect identified,
9d2e51eea3e7c3d330a2628436fc57cd22095c2bdd48eacce738c4483f684908,2021-06,Lancashire Constabulary,Lancashire Constabulary,-3.022532,53.865926,On or near Wood Green Drive,E01012662,Blackpool 002A,Other crime,Action to be taken by another organisation,
,2021-06,Lancashire Constabulary,Lancashire Constabulary,-3.034383,53.856261,On or near Fairfax Avenue,E01012703,Blackpool 002B,Anti-social behaviour,,
,2021-06,Lancashire Constabulary,Lancashire Constabulary,-3.033789,53.853147,On or near Birkdale Avenue,E01012703,Blackpool 002B,Anti-social behaviour,,
,2021-06,Lancashire Constabulary,Lancashire Constabulary,-3.035083,53.855662,On or near Cranbrook Avenue,E01012703,Blackpool 002B,Anti-social behaviour,,
,2021-06,Lancashire Constabulary,Lancashire Constabulary,-3.038981,53.853444,On or near Denebank,E01012703,Blackpool 002B,Anti-social behaviour,,
,2021-06,Lancashire Constabulary,Lancashire Constabulary,-3.038981,53.853444,On or near Denebank,E01012703,Blackpool 002B,Anti-social behaviour,,
,2021-06,Lancashire Constabulary,Lancashire Constabulary,-3.040116,53.852023,On or near Red Bank Road,E01012703,Blackpool 002B,Anti-social behaviour,,
,2021-06,Lancashire Constabulary,Lancashire Constabulary,-3.033173,53.857746,On or near All Saints Road,E01012703,Blackpool 002B,Anti-social behaviour,,
,2021-06,Lancashire Constabulary,Lancashire Constabulary,-3.035083,53.855662,On or near Cranbrook Avenue,E01012703,Blackpool 002B,Anti-social behaviour,,
,2021-06,Lancashire Constabulary,Lancashire Constabulary,-3.039808,53.851873,On or near Supermarket,E01012703,Blackpool 002B,Anti-social behaviour,,
,2021-06,Lancashire Constabulary,Lancashire Constabulary,-3.038698,53.854939,On or near All Hallows Road,E01012703,Blackpool 002B,Anti-social behaviour,,
6dd9871c4734e7a35db280b82f5c3481447fac37f10b61a340497012dbbf615e,2021-06,Lancashire Constabulary,Lancashire Constabulary,-3.037957,53.853848,On or near Codale Avenue,E01012703,Blackpool 002B,Other theft,Unable to prosecute suspect,
9c2a705604d676bc6626a6be9b30480768d7a4ee0a50c1022a229f593c8065ea,2021-06,Lancashire Constabulary,Lancashire Constabulary,-3.039808,53.851873,On or near Supermarket,E01012703,Blackpool 002B,Public order,Offender given penalty notice,
b3f2241773217731b0764e5df0637f2319cc97a23ee1710a9d8e92c304ba0314,2021-06,Lancashire Constabulary,Lancashire Constabulary,-3.038698,53.854939,On or near All Hallows Road,E01012703,Blackpool 002B,Public order,Status update unavailable,
71cd765b06a489884d305c5dddfe92381309cb971aa9df3b36b9e396fa6abacd,2021-06,Lancashire Constabulary,Lancashire Constabulary,-3.039808,53.851873,On or near Supermarket,E01012703,Blackpool 002B,Shoplifting,Local resolution,
faa95926dd7cdb379ae3ac269c834ee1d658a297f77febe03e4a01ead9fbd3cf,2021-06,Lancashire Constabulary,Lancashire Constabulary,-3.030659,53.854460,On or near Longford Avenue,E01012703,Blackpool 002B,Vehicle crime,Investigation complete; no suspect identified,
f5aa3f916779fd4ebbecd447f966427d34f5603a27c9f4b43a632471b28c8be4,2021-06,Lancashire Constabulary,Lancashire Constabulary,-3.035083,53.855662,On or near Cranbrook Avenue,E01012703,Blackpool 002B,Violence and sexual offences,Status update unavailable,
ad1d35a0484cf5499995759edbe278072014b03f30b6c021a8fc653a98a1e33e,2021-06,Lancashire Constabulary,Lancashire Constabulary,-3.037957,53.853848,On or near Codale Avenue,E01012703,Blackpool 002B,Violence and sexual offences,Unable to prosecute suspect,
6389ee168249e0990d9ba7ffa7ee8e8806aaf313f8564511568152b4318c9796,2021-06,Lancashire Constabulary,Lancashire Constabulary,-3.040116,53.852023,On or near Red Bank Road,E01012703,Blackpool 002B,Violence and sexual offences,Action to be taken by another organisation,
29854cae200dabebd7c88b83e91564bdbb48786a3c34a8eb8fdba7c44b50c5c4,2021-06,Lancashire Constabulary,Lancashire Constabulary,-3.030321,53.854903,On or near Epping Close,E01012703,Blackpool 002B,Violence and sexual offences,Further action is not in the public interest,
e66caefc1bd801511b0b3505018e2a1bb7a2d293e2f0344831ed25b4c47cf4f6,2021-06,Lancashire Constabulary,Lancashire Constabulary,-3.030321,53.854903,On or near Epping Close,E01012703,Blackpool 002B,Violence and sexual offences,Unable to prosecute suspect,
,2021-06,Lancashire Constabulary,Lancashire Constabulary,-3.028238,53.856781,On or near Oban Place,E01012704,Blackpool 002C,Anti-social behaviour,,
,2021-06,Lancashire Constabulary,Lancashire Constabulary,-3.023975,53.855299,On or near Kairnryan Close,E01012704,Blackpool 002C,Anti-social behaviour,,
,2021-06,Lancashire Constabulary,Lancashire Constabulary,-3.028238,53.856781,On or near Oban Place,E01012704,Blackpool 002C,Anti-social behaviour,,
,2021-06,Lancashire Constabulary,Lancashire Constabulary,-3.028089,53.856279,On or near Airdrie Place,E01012704,Blackpool 002C,Anti-social behaviour,,
,2021-06,Lancashire Constabulary,Lancashire Constabulary,-3.023810,53.857844,On or near Lowland Way,E01012704,Blackpool 002C,Anti-social behaviour,,
,2021-06,Lancashire Constabulary,Lancashire Constabulary,-3.024001,53.853213,On or near Kilmory Place,E01012704,Blackpool 002C,Anti-social behaviour,,
,2021-06,Lancashire Constabulary,Lancashire Constabulary,-3.028238,53.856781,On or near Oban Place,E01012704,Blackpool 002C,Anti-social behaviour,,
,2021-06,Lancashire Constabulary,Lancashire Constabulary,-3.028238,53.856781,On or near Oban Place,E01012704,Blackpool 002C,Anti-social behaviour,,
,2021-06,Lancashire Constabulary,Lancashire Constabulary,-3.023975,53.855299,On or near Kairnryan Close,E01012704,Blackpool 002C,Anti-social behaviour,,
,2021-06,Lancashire Constabulary,Lancashire Constabulary,-3.028238,53.856781,On or near Oban Place,E01012704,Blackpool 002C,Anti-social behaviour,,
,2021-06,Lancashire Constabulary,Lancashire Constabulary,-3.024287,53.859979,On or near Clover Court,E01012704,Blackpool 002C,Anti-social behaviour,,
,2021-06,Lancashire Constabulary,Lancashire Constabulary,-3.024051,53.852790,On or near Dumfries Close,E01012704,Blackpool 002C,Anti-social behaviour,,
,2021-06,Lancashire Constabulary,Lancashire Constabulary,-3.028923,53.856173,On or near Portree Road,E01012704,Blackpool 002C,Anti-social behaviour,,
a6d3e806d3243e48725c67604e2c269ab61bb374ff61f3f9673ab4d971225b22,2021-06,Lancashire Constabulary,Lancashire Constabulary,-3.028238,53.856781,On or near Oban Place,E01012704,Blackpool 002C,Bicycle theft,Unable to prosecute suspect,
1c3388e2effcf42157d326c2dae86e67b52c018334a147677b12ab282c27348d,2021-06,Lancashire Constabulary,Lancashire Constabulary,-3.028089,53.856279,On or near Airdrie Place,E01012704,Blackpool 002C,Burglary,Unable to prosecute suspect,
805b62ce2040ad56d200e2e397494f74398bb923a619dfa5102baf13e7e9fc55,2021-06,Lancashire Constabulary,Lancashire Constabulary,-3.028238,53.856781,On or near Oban Place,E01012704,Blackpool 002C,Burglary,Investigation complete; no suspect identified,
d0b71c2f81d4ba12960cda2a1e3d7e5a04ff62090c5006ee6499b3be1ac328a4,2021-06,Lancashire Constabulary,Lancashire Constabulary,-3.025079,53.860026,On or near Primrose Bank,E01012704,Blackpool 002C,Burglary,Investigation complete; no suspect identified,
5fe9530cfeb65f2ea03628864a3bf16799fcea561f78be54d68ea5630287586f,2021-06,Lancashire Constabulary,Lancashire Constabulary,-3.025171,53.856942,On or near Beattock Place,E01012704,Blackpool 002C,Criminal damage and arson,Status update unavailable,
5eaf0925ea2b82495695982500f4edbdff0d657b8f56a754a20235f121c134df,2021-06,Lancashire Constabulary,Lancashire Constabulary,-3.022760,53.850339,On or near Moorfields,E01012704,Blackpool 002C,Criminal damage and arson,Status update unavailable,
ff8ba2047b5ece286f26d793decb1c3f0a0279ae4eecfc6bcbf3ddfcbac1851e,2021-06,Lancashire Constabulary,Lancashire Constabulary,-3.024470,53.858728,On or near Kincraig Place,E01012704,Blackpool 002C,Criminal damage and arson,Investigation complete; no suspect identified,
ea9f65f55358d145280a7aab002d999ff9db522fcf33cd411a7ab0392621494a,2021-06,Lancashire Constabulary,Lancashire Constabulary,-3.023975,53.855299,On or near Kairnryan Close,E01012704,Blackpool 002C,Other theft,Status update unavailable,
d21d76ff581f189fec895081093f3ed15f75703726a6aacb4352d4d08130d396,2021-06,Lancashire Constabulary,Lancashire Constabulary,-3.024470,53.858728,On or near Kincraig Place,E01012704,Blackpool 002C,Other theft,Investigation complete; no suspect identified,
91a092922681b40de7679ea70fe300b3d7b50a05a58e5ea21bc1154d5fea460e,2021-06,Lancashire Constabulary,Lancashire Constabulary,-3.025948,53.857610,On or near Stronsay Place,E01012704,Blackpool 002C,Public order,Unable to prosecute suspect,
3bc34eba8cc3fea3a24fd4c868f8eaf2d7c1b5ad119cd93933075690d584b6c1,2021-06,Lancashire Constabulary,Lancashire Constabulary,-3.023975,53.855299,On or near Kairnryan Close,E01012704,Blackpool 002C,Public order,Unable to prosecute suspect,
40fcab1015b0b040c67293fd4b8271c9853656662c4e459c45d8561045f276e7,2021-06,Lancashire Constabulary,Lancashire Constabulary,-3.024470,53.858728,On or near Kincraig Place,E01012704,Blackpool 002C,Robbery,Investigation complete; no suspect identified,
7a1242eed6a51f39085ca1f17db78f1e92e6823a5aedb477ee4ae6d368755b5d,2021-06,Lancashire Constabulary,Lancashire Constabulary,-3.024287,53.859979,On or near Clover Court,E01012704,Blackpool 002C,Violence and sexual offences,Unable to prosecute suspect,
a6eb01f3d75e85cc782d584f1bdf6027232b1b844cb56800af4f35c354e280be,2021-06,Lancashire Constabulary,Lancashire Constabulary,-3.028089,53.856279,On or near Airdrie Place,E01012704,Blackpool 002C,Violence and sexual offences,Unable to prosecute suspect,
25fc6a44809353ba2b74d30c7223df9ce75de4fd38e518509e9cf593dedac4c6,2021-06,Lancashire Constabulary,Lancashire Constabulary,-3.028089,53.856279,On or near Airdrie Place,E01012704,Blackpool 002C,Violence and sexual offences,Unable to prosecute suspect,
fdfa350599724198a6505111522aaea966e1ecf4b6c9f66b6552d1b2f0bea7c7,2021-06,Lancashire Constabulary,Lancashire Constabulary,-3.028238,53.856781,On or near Oban Place,E01012704,Blackpool 002C,Violence and sexual offences,Unable to prosecute suspect,
683107298e10123dbdb854ad03f81ccdc621524930403b7d3b21d0f4b76d58c4,2021-06,Lancashire Constabulary,Lancashire Constabulary,-3.023975,53.855299,On or near Kairnryan Close,E01012704,Blackpool 002C,Violence and sexual offences,Unable to prosecute suspect,
95ca22ac6993490a02222adbfcefe5d14314eca7582af8e3247857354172d886,2021-06,Lancashire Constabulary,Lancashire Constabulary,-3.024247,53.854577,On or near Irving Close,E01012704,Blackpool 002C,Violence and sexual offences,Status update unavailable,
97321ad79a21766868140ef3408a4684b01f9dbb078685e94907d155892edd37,2021-06,Lancashire Constabulary,Lancashire Constabulary,-3.025171,53.856942,On or near Beattock Place,E01012704,Blackpool 002C,Violence and sexual offences,Unable to prosecute suspect,
4ece4859424aa5b732661cbd448308cbc292b080efd204b0f739a37975038624,2021-06,Lancashire Constabulary,Lancashire Constabulary,-3.025171,53.856942,On or near Beattock Place,E01012704,Blackpool 002C,Violence and sexual offences,Unable to prosecute suspect,
566f7bf540966359ad13910ef49f3d41fc731cfce1c6c04a733c932968a28ad9,2021-06,Lancashire Constabulary,Lancashire Constabulary,-3.025713,53.852354,On or near Strathyre Close,E01012704,Blackpool 002C,Violence and sexual offences,Unable to prosecute suspect,
cbf09e540861d2b0f60b60cc9acaf7640a85f722085defe58c3ba94f6f12e1ef,2021-06,Lancashire Constabulary,Lancashire Constabulary,-3.025171,53.856942,On or near Beattock Place,E01012704,Blackpool 002C,Violence and sexual offences,Unable to prosecute suspect,
5206507f6f57d3addfcc618af2ecab8766597ae4d82ebc28bb2dccebf070bfba,2021-06,Lancashire Constabulary,Lancashire Constabulary,-3.025713,53.852354,On or near Strathyre Close,E01012704,Blackpool 002C,Violence and sexual offences,Unable to prosecute suspect,
7a1b04f0a4413b798c4f3ac025c6b82109cf0ed247eeed72dcf6ad329f454cf3,2021-06,Lancashire Constabulary,Lancashire Constabulary,-3.025002,53.854364,On or near Kincraig Road,E01012704,Blackpool 002C,Violence and sexual offences,Unable to prosecute suspect,
31dd199a121512f6f8b09c6c671b7f257f669725e9f3f93f0617b892febdb81d,2021-06,Lancashire Constabulary,Lancashire Constabulary,-3.025171,53.856942,On or near Beattock Place,E01012704,Blackpool 002C,Violence and sexual offences,Unable to prosecute suspect,
3126b398f1f509382c679ff41f2c23550a19227cdb252be4a2d0f5435c5050f6,2021-06,Lancashire Constabulary,Lancashire Constabulary,-3.032157,53.853530,On or near Stainforth Avenue,E01012706,Blackpool 002D,Vehicle crime,Investigation complete; no suspect identified,
,2021-06,Lancashire Constabulary,Lancashire Constabulary,-3.035611,53.860430,On or near Kelvin Road,E01012717,Blackpool 002E,Anti-social behaviour,,
,2021-06,Lancashire Constabulary,Lancashire Constabulary,-3.036355,53.859165,On or near Carr Road,E01012717,Blackpool 002E,Anti-social behaviour,,
,2021-06,Lancashire Constabulary,Lancashire Constabulary,-3.036355,53.859165,On or near Carr Road,E01012717,Blackpool 002E,Anti-social behaviour,,
,2021-06,Lancashire Constabulary,Lancashire Constabulary,-3.029324,53.859505,On or near Further/Higher Educational Building,E01012717,Blackpool 002E,Anti-social behaviour,,
,2021-06,Lancashire Constabulary,Lancashire Constabulary,-3.035891,53.863133,On or near Sports/Recreation Area,E01012717,Blackpool 002E,Anti-social behaviour,,
8925c00d3cc7dcf98b0611c3317fb88258e6e57129a352385676c64b226cd5e0,2021-06,Lancashire Constabulary,Lancashire Constabulary,-3.036355,53.859165,On or near Carr Road,E01012717,Blackpool 002E,Other theft,Status update unavailable,
e4d3804cf2a1d088ddbf4a3896ecc904d7cd6fd10d05b088dc499c0d0217ce6c,2021-06,Lancashire Constabulary,Lancashire Constabulary,-3.030706,53.863762,On or near Gaydon Way,E01012717,Blackpool 002E,Vehicle crime,Investigation complete; no suspect identified,
703629bd7080a7d9627c8dae5a068bc7bb303020fd463393a5ac33e801c25703,2021-06,Lancashire Constabulary,Lancashire Constabulary,-3.036355,53.859165,On or near Carr Road,E01012717,Blackpool 002E,Vehicle crime,Investigation complete; no suspect identified,
ac58bf2b247eeca8aecc1be8f231698fef6b9b0b5e813196f3b59b3c76bbc078,2021-06,Lancashire Constabulary,Lancashire Constabulary,-3.024245,53.861373,On or near Whiteholme Road,E01012717,Blackpool 002E,Vehicle crime,Investigation complete; no suspect identified,
5f565ea3e6fbcbd9ea5bd3d0b91c8ec4490df4e6abb112579b7a61c88196631a,2021-06,Lancashire Constabulary,Lancashire Constabulary,-3.036407,53.858185,On or near Fleetwood Road,E01012717,Blackpool 002E,Violence and sexual offences,Unable to prosecute suspect,
173b2968a3e2edc9f0294c5bde27ff13a6fe07bf31e5f6e66f1a8559324a176d,2021-06,Lancashire Constabulary,Lancashire Constabulary,-3.037546,53.861204,On or near Sheringham Avenue,E01012717,Blackpool 002E,Violence and sexual offences,Further investigation is not in the public interest,
5a573c182b24c08b4f46120343b18ab5c143c9a4fe23d4b2bcbd0fca6c7565b8,2021-06,Lancashire Constabulary,Lancashire Constabulary,-3.030515,53.865301,On or near Warren Drive,E01012717,Blackpool 002E,Other crime,Unable to prosecute suspect,
,2021-06,Lancashire Constabulary,Lancashire Constabulary,-3.050477,53.852355,On or near Madison Avenue,E01012666,Blackpool 003A,Anti-social behaviour,,
,2021-06,Lancashire Constabulary,Lancashire Constabulary,-3.048682,53.852290,On or near Beaufort Avenue,E01012666,Blackpool 003A,Anti-social behaviour,,
,2021-06,Lancashire Constabulary,Lancashire Constabulary,-3.048839,53.856783,On or near Parking Area,E01012666,Blackpool 003A,Anti-social behaviour,,
98d951e74ae94b7752197021444ba055de00527c24fa3ef1a84c41b718ac39a2,2021-06,Lancashire Constabulary,Lancashire Constabulary,-3.048839,53.856783,On or near Parking Area,E01012666,Blackpool 003A,Burglary,Unable to prosecute suspect,
98c6c920d13a535f4d9dea484de8622255de29cb68448b768d9978a09c54b1da,2021-06,Lancashire Constabulary,Lancashire Constabulary,-3.050603,53.849478,On or near York Road,E01012666,Blackpool 003A,Other theft,Status update unavailable,
e9619a74b31e62345b84ddca76e3388ce8b227f428f4061099e05b7abb36bdff,2021-06,Lancashire Constabulary,Lancashire Constabulary,-3.048839,53.856783,On or near Parking Area,E01012666,Blackpool 003A,Other theft,Status update unavailable,
c9e451a5e1b4912f4c7594cc9b8350c5b8795cbedfa14d2e41776a94e04b0f20,2021-06,Lancashire Constabulary,Lancashire Constabulary,-3.048790,53.855417,On or near Haddon Road,E01012666,Blackpool 003A,Other theft,Investigation complete; no suspect identified,
3c6b54dd779ae133d830f2380805747b2ac8844e0c9facd65d4b9e75a9796203,2021-06,Lancashire Constabulary,Lancashire Constabulary,-3.050477,53.852355,On or near Madison Avenue,E01012666,Blackpool 003A,Public order,Status update unavailable,
da359d67e35f332832e89d9908fb0dd0010a927ebfa217502c4aaf17a52bff21,2021-06,Lancashire Constabulary,Lancashire Constabulary,-3.048790,53.855417,On or near Haddon Road,E01012666,Blackpool 003A,Violence and sexual offences,Further investigation is not in the public interest,
940012bae13b15db1aaddee7ad7c798ef2f5679c29eb3575e7f0142cfb6fba3f,2021-06,Lancashire Constabulary,Lancashire Constabulary,-3.050603,53.849478,On or near York Road,E01012666,Blackpool 003A,Violence and sexual offences,Unable to prosecute suspect,
f45a87e3b6e6109ac05fe3d9dded7250310a53a8d2bd0fd0307b1f3449f894f8,2021-06,Lancashire Constabulary,Lancashire Constabulary,-3.047631,53.856497,On or near Norcliffe Road,E01012666,Blackpool 003A,Violence and sexual offences,Unable to prosecute suspect,
,2021-06,Lancashire Constabulary,Lancashire Constabulary,-3.043440,53.856677,On or near Falkirk Avenue,E01012667,Blackpool 003B,Anti-social behaviour,,
,2021-06,Lancashire Constabulary,Lancashire Constabulary,-3.041852,53.856439,On or near Boston Avenue,E01012667,Blackpool 003B,Anti-social behaviour,,
3cff252b8070f6298e2b232ad53c29232f985de9d5379202cac766f73c0067ce,2021-06,Lancashire Constabulary,Lancashire Constabulary,-3.044852,53.852953,On or near Davenport Avenue,E01012667,Blackpool 003B,Vehicle crime,Investigation complete; no suspect identified,
1425bd5f6a21557cac88797e899936a924ede1d853dcd941c1d6f75bd7b3c608,2021-06,Lancashire Constabulary,Lancashire Constabulary,-3.042146,53.853569,On or near Rivington Avenue,E01012667,Blackpool 003B,Vehicle crime,Investigation complete; no suspect identified,
c85a39c35be48ef1e394470284004ec9eb0795c8e42715b28be7b1b2a2357ed1,2021-06,Lancashire Constabulary,Lancashire Constabulary,-3.049212,53.854658,On or near Leyburn Avenue,E01012667,Blackpool 003B,Violence and sexual offences,Unable to prosecute suspect,
2e6d2e058113f78c85b459bb877e4517ce742521decd48165ab381532b0184ad,2021-06,Lancashire Constabulary,Lancashire Constabulary,-3.044852,53.852953,On or near Davenport Avenue,E01012667,Blackpool 003B,Violence and sexual offences,Unable to prosecute suspect,
70ea8f36b71d5775bf0505426b91366fa7def6c780dd9558163331666c6bbb3b,2021-06,Lancashire Constabulary,Lancashire Constabulary,-3.043440,53.856677,On or near Falkirk Avenue,E01012667,Blackpool 003B,Violence and sexual offences,Unable to prosecute suspect,
,2021-06,Lancashire Constabulary,Lancashire Constabulary,-3.047856,53.849061,On or near Cavendish Road,E01012668,Blackpool 003C,Anti-social behaviour,,
,2021-06,Lancashire Constabulary,Lancashire Constabulary,-3.047856,53.849061,On or near Cavendish Road,E01012668,Blackpool 003C,Anti-social behaviour,,
,2021-06,Lancashire Constabulary,Lancashire Constabulary,-3.043355,53.850233,On or near Landseer Avenue,E01012668,Blackpool 003C,Anti-social behaviour,,
04d87ad754f71a3b6d4501405338a1646636dcf8bed002c9e3e9a8a22945e93f,2021-06,Lancashire Constabulary,Lancashire Constabulary,-3.043355,53.850233,On or near Landseer Avenue,E01012668,Blackpool 003C,Criminal damage and arson,Status update unavailable,
3b2f4108d176766bd7ae0894cf6763fad93efd8ae16d72536ed149f24bc7ebc8,2021-06,Lancashire Constabulary,Lancashire Constabulary,-3.050480,53.845183,On or near Coulston Avenue,E01012668,Blackpool 003C,Vehicle crime,Investigation complete; no suspect identified,
196bfeede3b51f9140315644907c2dac3c59b65c6d27a0247c08ec92f3ab5924,2021-06,Lancashire Constabulary,Lancashire Constabulary,-3.043355,53.850233,On or near Landseer Avenue,E01012668,Blackpool 003C,Violence and sexual offences,Unable to prosecute suspect,
,2021-06,Lancashire Constabulary,Lancashire Constabulary,-3.050698,53.848443,On or near Daventry Avenue,E01012669,Blackpool 003D,Anti-social behaviour,,
,2021-06,Lancashire Constabulary,Lancashire Constabulary,-3.051579,53.849020,On or near Hesketh Avenue,E01012669,Blackpool 003D,Anti-social behaviour,,
,2021-06,Lancashire Constabulary,Lancashire Constabulary,-3.053402,53.847170,On or near Queen'S Promenade,E01012669,Blackpool 003D,Anti-social behaviour,,
,2021-06,Lancashire Constabulary,Lancashire Constabulary,-3.050698,53.848443,On or near Daventry Avenue,E01012669,Blackpool 003D,Anti-social behaviour,,
,2021-06,Lancashire Constabulary,Lancashire Constabulary,-3.053402,53.847170,On or near Queen'S Promenade,E01012669,Blackpool 003D,Anti-social behaviour,,
,2021-06,Lancashire Constabulary,Lancashire Constabulary,-3.053402,53.847170,On or near Queen'S Promenade,E01012669,Blackpool 003D,Anti-social behaviour,,
,2021-06,Lancashire Constabulary,Lancashire Constabulary,-3.052396,53.844626,On or near Admiral View,E01012669,Blackpool 003D,Anti-social behaviour,,
a4ec86ce01fe1b67111e88af65f439f5b54ac3269613b2eca65212bec3af209b,2021-06,Lancashire Constabulary,Lancashire Constabulary,-3.051579,53.849020,On or near Hesketh Avenue,E01012669,Blackpool 003D,Other theft,Investigation complete; no suspect identified,
e0f3d5ef221d69cc037efe1fefccbe5d7ed619fcd5428c74cebcbe2025fa6bae,2021-06,Lancashire Constabulary,Lancashire Constabulary,-3.051642,53.846053,On or near Admiral Gardens,E01012669,Blackpool 003D,Other theft,Unable to prosecute suspect,
d0f51b44f3a1cf334ffa671bcf9b93e2c090ec95baeb7e225fdd48d5265bfd6f,2021-06,Lancashire Constabulary,Lancashire Constabulary,-3.051705,53.841909,On or near Lowther Avenue,E01012669,Blackpool 003D,Vehicle crime,Investigation complete; no suspect identified,
c0b20b1993cf5685cb2306b796fe551ff5877410a8e8988dada9e5acf65438fe,2021-06,Lancashire Constabulary,Lancashire Constabulary,-3.053402,53.847170,On or near Queen'S Promenade,E01012669,Blackpool 003D,Violence and sexual offences,Status update unavailable,
955164da49d54479dfdbc97bc3b6bae850c189805452ae11c22a1533a3d5a64a,2021-06,Lancashire Constabulary,Lancashire Constabulary,-3.053402,53.847170,On or near Queen'S Promenade,E01012669,Blackpool 003D,Violence and sexual offences,Unable to prosecute suspect,
6881be952ba468c09bf03fbd5d9ae185c90872679bbd8b13108af8ef2139800a,2021-06,Lancashire Constabulary,Lancashire Constabulary,-3.052873,53.847894,On or near Cliff Place,E01012669,Blackpool 003D,Violence and sexual offences,Status update unavailable,
,2021-06,Lancashire Constabulary,Lancashire Constabulary,-3.040153,53.861487,On or near Mossom Lane,E01012718,Blackpool 003E,Anti-social behaviour,,
,2021-06,Lancashire Constabulary,Lancashire Constabulary,-3.045714,53.863749,On or near Glenmere Crescent,E01012718,Blackpool 003E,Anti-social behaviour,,
,2021-06,Lancashire Constabulary,Lancashire Constabulary,-3.043145,53.857057,On or near Glossop Close,E01012718,Blackpool 003E,Anti-social behaviour,,
,2021-06,Lancashire Constabulary,Lancashire Constabulary,-3.040228,53.858970,On or near Devonshire Road,E01012718,Blackpool 003E,Anti-social behaviour,,
159e52901f8880dad750467a8dd0ca2e9789daa972cbfe64e3ddca042ffb4548,2021-06,Lancashire Constabulary,Lancashire Constabulary,-3.040228,53.858970,On or near Devonshire Road,E01012718,Blackpool 003E,Criminal damage and arson,Status update unavailable,
87a16b1cad2390698bb6a96689ad039350a394a535cb09825198906aaeb21577,2021-06,Lancashire Constabulary,Lancashire Constabulary,-3.042563,53.859956,On or near Clovelly Avenue,E01012718,Blackpool 003E,Criminal damage and arson,Investigation complete; no suspect identified,
1126a3b6b6a18ad978932be0d48bff9e949a308994084b7ea4885bc0bc65b7c6,2021-06,Lancashire Constabulary,Lancashire Constabulary,-3.040228,53.858970,On or near Devonshire Road,E01012718,Blackpool 003E,Vehicle crime,Court result unavailable,
a2124feb38848048d6f709546f7307adaeb80b889949f869bb6da7f4d1805370,2021-06,Lancashire Constabulary,Lancashire Constabulary,-3.046723,53.859687,On or near Waterhead Crescent,E01012718,Blackpool 003E,Violence and sexual offences,Unable to prosecute suspect,
07c0045ddee09bf078fa30c2b0038b1a5fe0dfecdf953f72f44a11036084f078,2021-06,Lancashire Constabulary,Lancashire Constabulary,-3.042563,53.859956,On or near Clovelly Avenue,E01012718,Blackpool 003E,Violence and sexual offences,Unable to prosecute suspect,
36c6c65d0da0eb83c380d8aa779377cef15aba7c5cce2edc21eb06bf770d3d38,2021-06,Lancashire Constabulary,Lancashire Constabulary,-3.046723,53.859687,On or near Waterhead Crescent,E01012718,Blackpool 003E,Violence and sexual offences,Unable to prosecute suspect,
c18866520b36bfa450e4dc6990e9f8df1475cf71ea406b137741d72ac7d45a9b,2021-06,Lancashire Constabulary,Lancashire Constabulary,-3.046037,53.862083,On or near Ashwell Place,E01012718,Blackpool 003E,Violence and sexual offences,Court result unavailable,
,2021-06,Lancashire Constabulary,Lancashire Constabulary,-3.029786,53.838099,On or near Maurice Grove,E01012690,Blackpool 004A,Anti-social behaviour,,
,2021-06,Lancashire Constabulary,Lancashire Constabulary,-3.036431,53.839480,On or near Meadow Close,E01012690,Blackpool 004A,Anti-social behaviour,,
,2021-06,Lancashire Constabulary,Lancashire Constabulary,-3.027775,53.839753,On or near Jersey Avenue,E01012690,Blackpool 004A,Anti-social behaviour,,
,2021-06,Lancashire Constabulary,Lancashire Constabulary,-3.027172,53.841187,On or near Salcombe Avenue,E01012690,Blackpool 004A,Anti-social behaviour,,
,2021-06,Lancashire Constabulary,Lancashire Constabulary,-3.033888,53.837399,On or near Holcombe Road,E01012690,Blackpool 004A,Anti-social behaviour,,
,2021-06,Lancashire Constabulary,Lancashire Constabulary,-3.027172,53.841187,On or near Salcombe Avenue,E01012690,Blackpool 004A,Anti-social behaviour,,
,2021-06,Lancashire Constabulary,Lancashire Constabulary,-3.027174,53.840656,On or near Brough Avenue,E01012690,Blackpool 004A,Anti-social behaviour,,
,2021-06,Lancashire Constabulary,Lancashire Constabulary,-3.027172,53.841187,On or near Salcombe Avenue,E01012690,Blackpool 004A,Anti-social behaviour,,
,2021-06,Lancashire Constabulary,Lancashire Constabulary,-3.028474,53.841607,On or near Salmesbury Avenue,E01012690,Blackpool 004A,Anti-social behaviour,,
,2021-06,Lancashire Constabulary,Lancashire Constabulary,-3.027172,53.841187,On or near Salcombe Avenue,E01012690,Blackpool 004A,Anti-social behaviour,,
,2021-06,Lancashire Constabulary,Lancashire Constabulary,-3.030957,53.835645,On or near Pearl Avenue,E01012690,Blackpool 004A,Anti-social behaviour,,
,2021-06,Lancashire Constabulary,Lancashire Constabulary,-3.028474,53.841607,On or near Salmesbury Avenue,E01012690,Blackpool 004A,Anti-social behaviour,,
02202309c8c5d327c9ac2df6cecc3b8fece6f52d9ed2c3951955f35f223c0154,2021-06,Lancashire Constabulary,Lancashire Constabulary,-3.029786,53.838099,On or near Maurice Grove,E01012690,Blackpool 004A,Criminal damage and arson,Status update unavailable,
49ee6e9ea1e30830a0262907bba111eac2934ec077536ec489de7b9bf05a59f6,2021-06,Lancashire Constabulary,Lancashire Constabulary,-3.036431,53.839480,On or near Meadow Close,E01012690,Blackpool 004A,Other theft,Investigation complete; no suspect identified,
1a6bccb10d3ce66a970872bdef768a9d7faf505c44bfa4fc2efcdee0797e8087,2021-06,Lancashire Constabulary,Lancashire Constabulary,-3.029111,53.837206,On or near Hughes Grove,E01012690,Blackpool 004A,Other theft,Investigation complete; no suspect identified,
5dd970df178f6750f87e5345f50b21622dde83974753fc333209056617eb43be,2021-06,Lancashire Constabulary,Lancashire Constabulary,-3.028474,53.841607,On or near Salmesbury Avenue,E01012690,Blackpool 004A,Violence and sexual offences,Unable to prosecute suspect,
4c38c6eaa82b40df6cbee5599b960764f6101eb68fc982f392ea59330f471d54,2021-06,Lancashire Constabulary,Lancashire Constabulary,-3.028320,53.838409,On or near Maxwell Grove,E01012690,Blackpool 004A,Violence and sexual offences,Unable to prosecute suspect,
849527ea9d147a3fc3a07eb13bb1e4bcd02430a395083174d1a5ba79cc6c93d4,2021-06,Lancashire Constabulary,Lancashire Constabulary,-3.028474,53.841607,On or near Salmesbury Avenue,E01012690,Blackpool 004A,Violence and sexual offences,Further investigation is not in the public interest,
efb63b80b3a8f1323fc1d8b3401c9d30bf88bb26d05162941e7b235d1683c2b8,2021-06,Lancashire Constabulary,Lancashire Constabulary,-3.028474,53.841607,On or near Salmesbury Avenue,E01012690,Blackpool 004A,Violence and sexual offences,Unable to prosecute suspect,
193eed5d35b0ea1a835fef6862972081c1e5ce8fb4f6a545fbb7e9b0a6ef9287,2021-06,Lancashire Constabulary,Lancashire Constabulary,-3.029786,53.838099,On or near Maurice Grove,E01012690,Blackpool 004A,Violence and sexual offences,Unable to prosecute suspect,
046465e5d10aa2eb8856768235633a3954ee830d53d636ee4990af756de8ab52,2021-06,Lancashire Constabulary,Lancashire Constabulary,-3.028320,53.838409,On or near Maxwell Grove,E01012690,Blackpool 004A,Other crime,Status update unavailable,
,2021-06,Lancashire Constabulary,Lancashire Constabulary,-3.040037,53.843314,On or near Inver Road,E01012691,Blackpool 004B,Anti-social behaviour,,
,2021-06,Lancashire Constabulary,Lancashire Constabulary,-3.031494,53.845114,On or near Toronto Avenue,E01012691,Blackpool 004B,Anti-social behaviour,,
,2021-06,Lancashire Constabulary,Lancashire Constabulary,-3.031941,53.841676,On or near Bispham Road,E01012691,Blackpool 004B,Anti-social behaviour,,
,2021-06,Lancashire Constabulary,Lancashire Constabulary,-3.033215,53.843409,On or near Bibby'S Lane,E01012691,Blackpool 004B,Anti-social behaviour,,
,2021-06,Lancashire Constabulary,Lancashire Constabulary,-3.040037,53.843314,On or near Inver Road,E01012691,Blackpool 004B,Anti-social behaviour,,
,2021-06,Lancashire Constabulary,Lancashire Constabulary,-3.036035,53.843726,On or near Normandie Avenue,E01012691,Blackpool 004B,Anti-social behaviour,,
,2021-06,Lancashire Constabulary,Lancashire Constabulary,-3.037852,53.842236,On or near Tyrone Avenue,E01012691,Blackpool 004B,Anti-social behaviour,,
,2021-06,Lancashire Constabulary,Lancashire Constabulary,-3.033215,53.843409,On or near Bibby'S Lane,E01012691,Blackpool 004B,Anti-social behaviour,,
cbe02d256fe41c7cda40e39a66d0d5905bd14dd4ff03e689c2615545abfd8565,2021-06,Lancashire Constabulary,Lancashire Constabulary,-3.031941,53.841676,On or near Bispham Road,E01012691,Blackpool 004B,Bicycle theft,Investigation complete; no suspect identified,
4856117553084ade392a646d069db121f536e04f7f409c7c2ea075d5a056e0ee,2021-06,Lancashire Constabulary,Lancashire Constabulary,-3.033215,53.843409,On or near Bibby'S Lane,E01012691,Blackpool 004B,Burglary,Investigation complete; no suspect identified,
87ec1591e9c04e42f0401498488ec4d475d5c3e32f72cd10c14fc9c3ead0e268,2021-06,Lancashire Constabulary,Lancashire Constabulary,-3.036035,53.843726,On or near Normandie Avenue,E01012691,Blackpool 004B,Criminal damage and arson,Unable to prosecute suspect,
35e5c7a139ec5c6cab7c4b2fcbebe283101252691426fdf157ffa6eed6e5032a,2021-06,Lancashire Constabulary,Lancashire Constabulary,-3.038768,53.841779,On or near Corrib Road,E01012691,Blackpool 004B,Other theft,Investigation complete; no suspect identified,
4daebac52cdea1f49bfee0a978fa5dae1778d3cbc27f10952326796a145f9a0d,2021-06,Lancashire Constabulary,Lancashire Constabulary,-3.037882,53.842829,On or near Kylemore Avenue,E01012691,Blackpool 004B,Public order,Unable to prosecute suspect,
b1641026e9619d91ef257d5f691ec19ff49c24b3fd1ce8338fd5f4eeb2af8ee8,2021-06,Lancashire Constabulary,Lancashire Constabulary,-3.033215,53.843409,On or near Bibby'S Lane,E01012691,Blackpool 004B,Public order,Unable to prosecute suspect,
701eb52cf837c4a044e3b8a0db935dece54b3c2c0ea44d6b6d443c4a3955c50e,2021-06,Lancashire Constabulary,Lancashire Constabulary,-3.033215,53.843409,On or near Bibby'S Lane,E01012691,Blackpool 004B,Public order,Status update unavailable,
c11946e0542c176b359cbe759002a2a9a9673df9f369b6ca1eb778075502472d,2021-06,Lancashire Constabulary,Lancashire Constabulary,-3.033215,53.843409,On or near Bibby'S Lane,E01012691,Blackpool 004B,Public order,Status update unavailable,
8d9e4656fe23d9e862b906b8684c56be855c7e1a1b1f2db6734e4155ec26f531,2021-06,Lancashire Constabulary,Lancashire Constabulary,-3.033215,53.843409,On or near Bibby'S Lane,E01012691,Blackpool 004B,Public order,Unable to prosecute suspect,
3e08c7644c7cde201d4583c8cc84e18a6bcc5d97288dde688a917de0bdd363a8,2021-06,Lancashire Constabulary,Lancashire Constabulary,-3.031941,53.841676,On or near Bispham Road,E01012691,Blackpool 004B,Shoplifting,Status update unavailable,
4854f2d49af3d67ffecb31d3c227ddd246d8c16140c537656baf7fd494124dda,2021-06,Lancashire Constabulary,Lancashire Constabulary,-3.038085,53.844266,On or near Limerick Road,E01012691,Blackpool 004B,Violence and sexual offences,Court result unavailable,
5e33f1a1f8cf2f794ea7907df4e052e8029e95f30a74d3b118a10799a495d5d2,2021-06,Lancashire Constabulary,Lancashire Constabulary,-3.040037,53.843314,On or near Inver Road,E01012691,Blackpool 004B,Violence and sexual offences,Unable to prosecute suspect,
d9050cf50c1a91b26a60c030d78e619040feb2f1e4d8b42ea24baeace2cbe8b9,2021-06,Lancashire Constabulary,Lancashire Constabulary,-3.036035,53.843726,On or near Normandie Avenue,E01012691,Blackpool 004B,Violence and sexual offences,Unable to prosecute suspect,
d63531eab941fd96eb416928d149e0b6b18f338a77a137738e9092338c1a7ecb,2021-06,Lancashire Constabulary,Lancashire Constabulary,-3.037882,53.842829,On or near Kylemore Avenue,E01012691,Blackpool 004B,Violence and sexual offences,Unable to prosecute suspect,
562f88ddbfb2b110182c9aec4fd856b04dc8acd4debd082238908a2a9e131eee,2021-06,Lancashire Constabulary,Lancashire Constabulary,-3.035803,53.842344,On or near Ardmore Road,E01012691,Blackpool 004B,Violence and sexual offences,Unable to prosecute suspect,
1403abccd2127139948c9af19d6245e6aa171507d588c30f68137e3ef10d13b1,2021-06,Lancashire Constabulary,Lancashire Constabulary,-3.032783,53.844995,On or near Collins Avenue,E01012691,Blackpool 004B,Violence and sexual offences,Unable to prosecute suspect,
c4be3e4a8d761112723835ef705d0d2cbe27f93e7d3694bef7dfba50532b14a6,2021-06,Lancashire Constabulary,Lancashire Constabulary,-3.035803,53.842344,On or near Ardmore Road,E01012691,Blackpool 004B,Violence and sexual offences,Unable to prosecute suspect,
379436398756839f241f459da615f4426f0c930a8d035e88b05006f1ef844ded,2021-06,Lancashire Constabulary,Lancashire Constabulary,-3.037882,53.842829,On or near Kylemore Avenue,E01012691,Blackpool 004B,Other crime,Status update unavailable,
,2021-06,Lancashire Constabulary,Lancashire Constabulary,-3.028161,53.843722,On or near Linden Place,E01012692,Blackpool 004C,Anti-social behaviour,,
,2021-06,Lancashire Constabulary,Lancashire Constabulary,-3.028161,53.843722,On or near Linden Place,E01012692,Blackpool 004C,Anti-social behaviour,,
,2021-06,Lancashire Constabulary,Lancashire Constabulary,-3.025100,53.842831,On or near Elmridge Crescent,E01012692,Blackpool 004C,Anti-social behaviour,,
,2021-06,Lancashire Constabulary,Lancashire Constabulary,-3.029543,53.840555,On or near Langdon Way,E01012692,Blackpool 004C,Anti-social behaviour,,
,2021-06,Lancashire Constabulary,Lancashire Constabulary,-3.031537,53.846857,On or near Moor Park Avenue,E01012692,Blackpool 004C,Anti-social behaviour,,
,2021-06,Lancashire Constabulary,Lancashire Constabulary,-3.029063,53.843283,On or near Low Moor Road,E01012692,Blackpool 004C,Anti-social behaviour,,
,2021-06,Lancashire Constabulary,Lancashire Constabulary,-3.029147,53.841134,On or near Washington Avenue,E01012692,Blackpool 004C,Anti-social behaviour,,
,2021-06,Lancashire Constabulary,Lancashire Constabulary,-3.026755,53.843411,On or near Edmonton Place,E01012692,Blackpool 004C,Anti-social behaviour,,
,2021-06,Lancashire Constabulary,Lancashire Constabulary,-3.028161,53.843722,On or near Linden Place,E01012692,Blackpool 004C,Anti-social behaviour,,
,2021-06,Lancashire Constabulary,Lancashire Constabulary,-3.026755,53.843411,On or near Edmonton Place,E01012692,Blackpool 004C,Anti-social behaviour,,
,2021-06,Lancashire Constabulary,Lancashire Constabulary,-3.029147,53.841134,On or near Washington Avenue,E01012692,Blackpool 004C,Anti-social behaviour,,
,2021-06,Lancashire Constabulary,Lancashire Constabulary,-3.025100,53.842831,On or near Elmridge Crescent,E01012692,Blackpool 004C,Anti-social behaviour,,
,2021-06,Lancashire Constabulary,Lancashire Constabulary,-3.028813,53.842413,On or near Washington Court,E01012692,Blackpool 004C,Anti-social behaviour,,
,2021-06,Lancashire Constabulary,Lancashire Constabulary,-3.029147,53.841134,On or near Washington Avenue,E01012692,Blackpool 004C,Anti-social behaviour,,
,2021-06,Lancashire Constabulary,Lancashire Constabulary,-3.025297,53.840933,On or near Runcorn Avenue,E01012692,Blackpool 004C,Anti-social behaviour,,
,2021-06,Lancashire Constabulary,Lancashire Constabulary,-3.024536,53.847744,On or near Fennel Close,E01012692,Blackpool 004C,Anti-social behaviour,,
,2021-06,Lancashire Constabulary,Lancashire Constabulary,-3.024324,53.845292,On or near Sage Close,E01012692,Blackpool 004C,Anti-social behaviour,,
8e01d7c5f0ab2ba0bf241e943c172efb81e8d1bfc621199044e34357de60be7f,2021-06,Lancashire Constabulary,Lancashire Constabulary,-3.025100,53.842831,On or near Elmridge Crescent,E01012692,Blackpool 004C,Criminal damage and arson,Status update unavailable,
59a64bf94f45a7db52627c64abae2b128c8c085cd9f0321334f0ac4dcbcf8c99,2021-06,Lancashire Constabulary,Lancashire Constabulary,-3.029543,53.840555,On or near Langdon Way,E01012692,Blackpool 004C,Criminal damage and arson,Local resolution,
b869fdc9e1b3816c19ed2ed6e0f062283cdb5a16d00a33882afa2cddb83cfdbb,2021-06,Lancashire Constabulary,Lancashire Constabulary,-3.029543,53.840555,On or near Langdon Way,E01012692,Blackpool 004C,Other theft,Investigation complete; no suspect identified,
06109f2505c507b2344cfa40ce8221afe64ed4db7246e97cefc389df474e63c0,2021-06,Lancashire Constabulary,Lancashire Constabulary,-3.029543,53.840555,On or near Langdon Way,E01012692,Blackpool 004C,Other theft,Unable to prosecute suspect,
730fa0d7c9f7f7d44b655f068331a01022076fc094c0b5ce306771e2a8e52a9a,2021-06,Lancashire Constabulary,Lancashire Constabulary,-3.028161,53.843722,On or near Linden Place,E01012692,Blackpool 004C,Vehicle crime,Unable to prosecute suspect,
5c158327befe4f0914634c0ff26e9caaa4abb5a63af6adb0a678b267d765b672,2021-06,Lancashire Constabulary,Lancashire Constabulary,-3.016823,53.843711,On or near Meadow Crescent,E01012692,Blackpool 004C,Vehicle crime,Investigation complete; no suspect identified,
d89be290976af402619d4c53cfc04af38a8d402acc8e769a1be40259bf775712,2021-06,Lancashire Constabulary,Lancashire Constabulary,-3.028161,53.843722,On or near Linden Place,E01012692,Blackpool 004C,Violence and sexual offences,Unable to prosecute suspect,
ecead151c9a190aa17319af46f1703e9984c828467a1bfdf9bd3cbf427d79cef,2021-06,Lancashire Constabulary,Lancashire Constabulary,-3.029543,53.840555,On or near Langdon Way,E01012692,Blackpool 004C,Violence and sexual offences,Local resolution,
252752e36168e3547e330e00807dc031ca8f0426a11d43953d16b993f3dc49a7,2021-06,Lancashire Constabulary,Lancashire Constabulary,-3.025100,53.842831,On or near Elmridge Crescent,E01012692,Blackpool 004C,Violence and sexual offences,Unable to prosecute suspect,
a6f147a20f6f80c0c401082357c539120704b08f4fda068d145cd395a88ab76d,2021-06,Lancashire Constabulary,Lancashire Constabulary,-3.026408,53.839755,On or near Essex Place,E01012692,Blackpool 004C,Violence and sexual offences,Unable to prosecute suspect,
792eb762c93071b13d555ead9f633f5b84ce77a8fc1a52cbd2675f0fd3892b68,2021-06,Lancashire Constabulary,Lancashire Constabulary,-3.023630,53.844866,On or near Chive Close,E01012692,Blackpool 004C,Violence and sexual offences,Unable to prosecute suspect,
c1bfca582f52597f52ef69b7cae60b2b3057dae685ac06dd7295534dd35d6ecc,2021-06,Lancashire Constabulary,Lancashire Constabulary,-3.029543,53.840555,On or near Langdon Way,E01012692,Blackpool 004C,Violence and sexual offences,Local resolution,
0fd2c3c7efd6566436040ae08ba7fdca298170e5e5e0ad9b1c76a15ad736bdc2,2021-06,Lancashire Constabulary,Lancashire Constabulary,-3.023630,53.844866,On or near Chive Close,E01012692,Blackpool 004C,Violence and sexual offences,Unable to prosecute suspect,
46a3f1b8c2fa45d4853ac6081c538eea035c7408b26c80bf997171f7714d80bc,2021-06,Lancashire Constabulary,Lancashire Constabulary,-3.028813,53.842413,On or near Washington Court,E01012692,Blackpool 004C,Violence and sexual offences,Investigation complete; no suspect identified,
5a66f181f5e502853b9e9e5fdfa4e6cabc31b442cfe3527b2abd08461fcc6087,2021-06,Lancashire Constabulary,Lancashire Constabulary,-3.029063,53.843283,On or near Low Moor Road,E01012692,Blackpool 004C,Other crime,Court result unavailable,
,2021-06,Lancashire Constabulary,Lancashire Constabulary,-3.036648,53.850723,On or near Bangor Avenue,E01012705,Blackpool 004D,Anti-social behaviour,,
,2021-06,Lancashire Constabulary,Lancashire Constabulary,-3.040421,53.851463,On or near Police Station,E01012705,Blackpool 004D,Anti-social behaviour,,
,2021-06,Lancashire Constabulary,Lancashire Constabulary,-3.035046,53.846782,On or near Winnipeg Place,E01012705,Blackpool 004D,Anti-social behaviour,,
,2021-06,Lancashire Constabulary,Lancashire Constabulary,-3.036648,53.850723,On or near Bangor Avenue,E01012705,Blackpool 004D,Anti-social behaviour,,
,2021-06,Lancashire Constabulary,Lancashire Constabulary,-3.039461,53.847058,On or near Munster Avenue,E01012705,Blackpool 004D,Anti-social behaviour,,
,2021-06,Lancashire Constabulary,Lancashire Constabulary,-3.039461,53.847058,On or near Munster Avenue,E01012705,Blackpool 004D,Anti-social behaviour,,
,2021-06,Lancashire Constabulary,Lancashire Constabulary,-3.037734,53.850354,On or near Blackpool Road,E01012705,Blackpool 004D,Anti-social behaviour,,
,2021-06,Lancashire Constabulary,Lancashire Constabulary,-3.038413,53.848919,On or near Bispham Road,E01012705,Blackpool 004D,Anti-social behaviour,,
,2021-06,Lancashire Constabulary,Lancashire Constabulary,-3.039461,53.847058,On or near Munster Avenue,E01012705,Blackpool 004D,Anti-social behaviour,,
,2021-06,Lancashire Constabulary,Lancashire Constabulary,-3.039461,53.847058,On or near Munster Avenue,E01012705,Blackpool 004D,Anti-social behaviour,,
,2021-06,Lancashire Constabulary,Lancashire Constabulary,-3.040799,53.847676,On or near Devonshire Road,E01012705,Blackpool 004D,Anti-social behaviour,,
,2021-06,Lancashire Constabulary,Lancashire Constabulary,-3.035523,53.851308,On or near Carcroft Avenue,E01012705,Blackpool 004D,Anti-social behaviour,,
de347d0dd8ea031b4521e63c75f217655cc4ca800ea42f03afc9ef6d20e1b841,2021-06,Lancashire Constabulary,Lancashire Constabulary,-3.038413,53.848919,On or near Bispham Road,E01012705,Blackpool 004D,Burglary,Unable to prosecute suspect,
0ca1ff1ee883c21c860515cccba0ec0cc1f20c6a04cca3f533d97e7104525f07,2021-06,Lancashire Constabulary,Lancashire Constabulary,-3.035245,53.849899,On or near Buxton Avenue,E01012705,Blackpool 004D,Burglary,Investigation complete; no suspect identified,
e649afec2cad18d2c23757ebbf381c867c3ea3d49ab113fd1d32e630c9bddc32,2021-06,Lancashire Constabulary,Lancashire Constabulary,-3.035046,53.846782,On or near Winnipeg Place,E01012705,Blackpool 004D,Criminal damage and arson,Investigation complete; no suspect identified,
eaa0ffbf46ca5b6fd4e5fbd2a2535cc1ca641b2b7bab2aff212caf2cdb4bfd52,2021-06,Lancashire Constabulary,Lancashire Constabulary,-3.037685,53.851469,On or near Wyresdale Avenue,E01012705,Blackpool 004D,Criminal damage and arson,Investigation complete; no suspect identified,
a3076db91f653ddfd5695a5f71898b572be212e7b548d09bb0721b518eb89682,2021-06,Lancashire Constabulary,Lancashire Constabulary,-3.033703,53.846551,On or near Winnipeg Court,E01012705,Blackpool 004D,Violence and sexual offences,Unable to prosecute suspect,
1abcfe0efac491209ec6a83433e86059141e4956b2ec6355d5c9b97959737aa2,2021-06,Lancashire Constabulary,Lancashire Constabulary,-3.038141,53.846530,On or near Kildare Road,E01012705,Blackpool 004D,Violence and sexual offences,Unable to prosecute suspect,
321e335681341aed96a5deda832890f8f7d1ce08201d1f47b35c9ae2cdfeffc3,2021-06,Lancashire Constabulary,Lancashire Constabulary,-3.035046,53.846782,On or near Winnipeg Place,E01012705,Blackpool 004D,Violence and sexual offences,Unable to prosecute suspect,
357e043ee40622242b3cfed2861934496960b33bcbbb32d0b0bde9a700936279,2021-06,Lancashire Constabulary,Lancashire Constabulary,-3.035245,53.849899,On or near Buxton Avenue,E01012705,Blackpool 004D,Violence and sexual offences,Unable to prosecute suspect,
a2276d9199c0d8145fc086c5b704d5ee2250d442cebbf78956b9efc151cf21ea,2021-06,Lancashire Constabulary,Lancashire Constabulary,-3.039461,53.847058,On or near Munster Avenue,E01012705,Blackpool 004D,Violence and sexual offences,Unable to prosecute suspect,
,2021-06,Lancashire Constabulary,Lancashire Constabulary,-3.018049,53.835997,On or near Willow Grove,E01012723,Blackpool 004E,Anti-social behaviour,,
,2021-06,Lancashire Constabulary,Lancashire Constabulary,-3.021018,53.837500,On or near Parbold Close,E01012723,Blackpool 004E,Anti-social behaviour,,
,2021-06,Lancashire Constabulary,Lancashire Constabulary,-3.025102,53.834832,On or near Carleton Avenue,E01012723,Blackpool 004E,Anti-social behaviour,,
,2021-06,Lancashire Constabulary,Lancashire Constabulary,-3.014281,53.836029,On or near Garstang Road West,E01012723,Blackpool 004E,Anti-social behaviour,,
,2021-06,Lancashire Constabulary,Lancashire Constabulary,-3.025102,53.834832,On or near Carleton Avenue,E01012723,Blackpool 004E,Anti-social behaviour,,
,2021-06,Lancashire Constabulary,Lancashire Constabulary,-3.020703,53.838285,On or near Pendle Close,E01012723,Blackpool 004E,Anti-social behaviour,,
94c3bed35e0a7882295978efcd106796325001b1267e21962227278b5022ef04,2021-06,Lancashire Constabulary,Lancashire Constabulary,-3.020703,53.838285,On or near Pendle Close,E01012723,Blackpool 004E,Criminal damage and arson,Unable to prosecute suspect,
18a3af4d0bd4fd78834616ab87b95ca312f1871a139e03efcf3d84c250e467af,2021-06,Lancashire Constabulary,Lancashire Constabulary,-3.025102,53.834832,On or near Carleton Avenue,E01012723,Blackpool 004E,Criminal damage and arson,Court result unavailable,
f35997bd75df40d9b56d91fdb6ffc2fe3987b9b9bcea5ac1c236cf391cf53eb6,2021-06,Lancashire Constabulary,Lancashire Constabulary,-3.013656,53.835954,On or near Yew Tree Road,E01012723,Blackpool 004E,Drugs,Court result unavailable,
a1db2089bf10e87a2d2bfa3bbd9db3fe49070a7ff5052a16482a84afd9dc095a,2021-06,Lancashire Constabulary,Lancashire Constabulary,-3.024770,53.836192,On or near Mowbray Drive,E01012723,Blackpool 004E,Other theft,Investigation complete; no suspect identified,
750364c7f512521417d2c01edc8efd1bc467fadb0e2df9940ed509504c49e9b4,2021-06,Lancashire Constabulary,Lancashire Constabulary,-3.020547,53.834367,On or near Petrol Station,E01012723,Blackpool 004E,Other theft,Status update unavailable,
153c150dd3d21ee6d402d829dacf8de35ab152c1b577ba046a5f89a7f43d9df8,2021-06,Lancashire Constabulary,Lancashire Constabulary,-3.020547,53.834367,On or near Petrol Station,E01012723,Blackpool 004E,Shoplifting,Investigation complete; no suspect identified,
555cea055556fa926bdbe92f7774dee2e6022ac4e5239475e5ab4176a0f88c0d,2021-06,Lancashire Constabulary,Lancashire Constabulary,-3.020703,53.838285,On or near Pendle Close,E01012723,Blackpool 004E,Vehicle crime,Investigation complete; no suspect identified,
86a2cc3e1527b04f187f3bfd815762ea84434a4a1cc29dbe439503156ed93149,2021-06,Lancashire Constabulary,Lancashire Constabulary,-3.025102,53.834832,On or near Carleton Avenue,E01012723,Blackpool 004E,Violence and sexual offences,Further investigation is not in the public interest,
e8e4769959f6f984254ba28a8f4164d52c11c36751e34342c94b290f5e46bba6,2021-06,Lancashire Constabulary,Lancashire Constabulary,-3.016094,53.836230,On or near Furlong Crescent,E01012723,Blackpool 004E,Violence and sexual offences,Unable to prosecute suspect,
a3d999549f367fb90c05529b14de93a2c794aff90a3ef24dfbb0313bb8910970,2021-06,Lancashire Constabulary,Lancashire Constabulary,-3.021648,53.834016,On or near Poulton Road,E01012723,Blackpool 004E,Violence and sexual offences,Unable to prosecute suspect,
0d2e85d394cee2a24054b7e241da7c9271b670ddf9575388d5abb73112d48ead,2021-06,Lancashire Constabulary,Lancashire Constabulary,-3.021648,53.834016,On or near Poulton Road,E01012723,Blackpool 004E,Violence and sexual offences,Unable to prosecute suspect,
ddbbe08e55e08e20e8f773f8d027a5a4aeba7006fc8d02e35f8174ee0f3dfc6a,2021-06,Lancashire Constabulary,Lancashire Constabulary,-3.016094,53.836230,On or near Furlong Crescent,E01012723,Blackpool 004E,Other crime,Action to be taken by another organisation,
bf57a769c5a635c0fa63995f1d7cba7eb9f1f64b3813acf9a340f6b9d798ae1c,2021-06,Lancashire Constabulary,Lancashire Constabulary,-3.016094,53.836230,On or near Furlong Crescent,E01012723,Blackpool 004E,Other crime,Status update unavailable,
,2021-06,Lancashire Constabulary,Lancashire Constabulary,-3.031907,53.836598,On or near Chelsea Avenue,E01012693,Blackpool 005A,Anti-social behaviour,,
,2021-06,Lancashire Constabulary,Lancashire Constabulary,-3.039506,53.831095,On or near Teesdale Avenue,E01012693,Blackpool 005A,Anti-social behaviour,,
,2021-06,Lancashire Constabulary,Lancashire Constabulary,-3.040713,53.835012,On or near Goodwood Avenue,E01012693,Blackpool 005A,Anti-social behaviour,,
,2021-06,Lancashire Constabulary,Lancashire Constabulary,-3.032452,53.835245,On or near Bromley Close,E01012693,Blackpool 005A,Anti-social behaviour,,
,2021-06,Lancashire Constabulary,Lancashire Constabulary,-3.040713,53.835012,On or near Goodwood Avenue,E01012693,Blackpool 005A,Anti-social behaviour,,
c158a6c6d4f8f9d531e83c93c55bdff62a6c8b361f877173520917d058e30559,2021-06,Lancashire Constabulary,Lancashire Constabulary,-3.032452,53.835245,On or near Bromley Close,E01012693,Blackpool 005A,Violence and sexual offences,Status update unavailable,
59ca9213311ad36d65b2fbd6a0cb0503327a1b2f49814a6a3360f90a8cce90ef,2021-06,Lancashire Constabulary,Lancashire Constabulary,-3.038867,53.831666,On or near Courtfield Avenue,E01012693,Blackpool 005A,Violence and sexual offences,Investigation complete; no suspect identified,
326940f4b887342275e80409b0626e7f028548d7b0f2db08e6ed47bba53020d5,2021-06,Lancashire Constabulary,Lancashire Constabulary,-3.031423,53.834832,On or near Rathmore Gardens,E01012693,Blackpool 005A,Violence and sexual offences,Unable to prosecute suspect,
,2021-06,Lancashire Constabulary,Lancashire Constabulary,-3.032160,53.832039,On or near Radley Avenue,E01012711,Blackpool 005B,Anti-social behaviour,,
,2021-06,Lancashire Constabulary,Lancashire Constabulary,-3.032834,53.829768,On or near Annesley Avenue,E01012711,Blackpool 005B,Anti-social behaviour,,
,2021-06,Lancashire Constabulary,Lancashire Constabulary,-3.028368,53.832943,On or near Poulton Road,E01012711,Blackpool 005B,Anti-social behaviour,,
,2021-06,Lancashire Constabulary,Lancashire Constabulary,-3.030622,53.831917,On or near A586,E01012711,Blackpool 005B,Anti-social behaviour,,
,2021-06,Lancashire Constabulary,Lancashire Constabulary,-3.030390,53.832980,On or near Bispham Road,E01012711,Blackpool 005B,Anti-social behaviour,,
b04c9d95d00669749db234b6cd87ca9586ff980d846558665abf3b4daa540eaa,2021-06,Lancashire Constabulary,Lancashire Constabulary,-3.025793,53.832013,On or near Brendon Walk,E01012711,Blackpool 005B,Criminal damage and arson,Investigation complete; no suspect identified,
6e4add71bea20014b1c0f3546b7456a8816b2dd894dfccd5a29837bd0d180663,2021-06,Lancashire Constabulary,Lancashire Constabulary,-3.030622,53.831917,On or near A586,E01012711,Blackpool 005B,Criminal damage and arson,Unable to prosecute suspect,
5a4dedc538457e40692e18e6e026a9514c47b08c77b9451f94fbeb58244d20dc,2021-06,Lancashire Constabulary,Lancashire Constabulary,-3.029286,53.835039,On or near Benson Road,E01012711,Blackpool 005B,Drugs,Unable to prosecute suspect,
becc3b0da03b97870231e33d1bffdc7074321d476aa7273e222c0a06fc86a2bc,2021-06,Lancashire Constabulary,Lancashire Constabulary,-3.030622,53.831917,On or near A586,E01012711,Blackpool 005B,Violence and sexual offences,Status update unavailable,
eb525c825185f4af9f3687cfaf0d1f44768073a53f911b8e8dd49bed0c5c69eb,2021-06,Lancashire Constabulary,Lancashire Constabulary,-3.030622,53.831917,On or near A586,E01012711,Blackpool 005B,Violence and sexual offences,Investigation complete; no suspect identified,
3432b259acaa3796d923ebee92f67acf4682e071f341b4d0f4d05ee53f46bf9e,2021-06,Lancashire Constabulary,Lancashire Constabulary,-3.032834,53.829768,On or near Annesley Avenue,E01012711,Blackpool 005B,Violence and sexual offences,Unable to prosecute suspect,
0872a2e90f5fe0293696cbb6fa3691a1de5bf3054b2dcb94e8016986e98f260a,2021-06,Lancashire Constabulary,Lancashire Constabulary,-3.025793,53.832013,On or near Brendon Walk,E01012711,Blackpool 005B,Violence and sexual offences,Investigation complete; no suspect identified,
829f479c9be1704aebb69d0d7fcae67786dabfeeb0f39eaebbcff1d780181d22,2021-06,Lancashire Constabulary,Lancashire Constabulary,-3.031641,53.829464,On or near Granby Avenue,E01012711,Blackpool 005B,Other crime,Status update unavailable,
b27949e23fe4a1f28382c0837838a9c540c8d53f0784a336ffe7ad2d1278144e,2021-06,Lancashire Constabulary,Lancashire Constabulary,-3.043323,53.834863,On or near Holly Road,E01012747,Blackpool 005C,Criminal damage and arson,Investigation complete; no suspect identified,
d478d809e1eca13a624d72d314f6358c9ab48aae37b8c369d26210cef21344fe,2021-06,Lancashire Constabulary,Lancashire Constabulary,-3.046309,53.837004,On or near Cleator Avenue,E01012747,Blackpool 005C,Violence and sexual offences,Further investigation is not in the public interest,
7a128a1c395721101e808635cc6b8855884915ae9799fe54dc569855b03f3337,2021-06,Lancashire Constabulary,Lancashire Constabulary,-3.048347,53.837687,On or near Knowle Avenue,E01012747,Blackpool 005C,Violence and sexual offences,Unable to prosecute suspect,
,2021-06,Lancashire Constabulary,Lancashire Constabulary,-3.039937,53.833769,On or near Banbury Avenue,E01012750,Blackpool 005D,Anti-social behaviour,,
,2021-06,Lancashire Constabulary,Lancashire Constabulary,-3.048314,53.834550,On or near Warbreck Hill Road,E01012750,Blackpool 005D,Anti-social behaviour,,
,2021-06,Lancashire Constabulary,Lancashire Constabulary,-3.039937,53.833769,On or near Banbury Avenue,E01012750,Blackpool 005D,Anti-social behaviour,,
,2021-06,Lancashire Constabulary,Lancashire Constabulary,-3.039937,53.833769,On or near Banbury Avenue,E01012750,Blackpool 005D,Anti-social behaviour,,
,2021-06,Lancashire Constabulary,Lancashire Constabulary,-3.038905,53.833212,On or near Raymond Avenue,E01012750,Blackpool 005D,Anti-social behaviour,,
,2021-06,Lancashire Constabulary,Lancashire Constabulary,-3.039125,53.834711,On or near Milford Avenue,E01012750,Blackpool 005D,Anti-social behaviour,,
,2021-06,Lancashire Constabulary,Lancashire Constabulary,-3.045893,53.833115,On or near Seacrest Avenue,E01012750,Blackpool 005D,Anti-social behaviour,,
,2021-06,Lancashire Constabulary,Lancashire Constabulary,-3.038905,53.833212,On or near Raymond Avenue,E01012750,Blackpool 005D,Anti-social behaviour,,
5d319056c7cceb532a9dd65192364a92f161a34a2893c15b8946825f6283c058,2021-06,Lancashire Constabulary,Lancashire Constabulary,-3.048219,53.830758,On or near Warley Road,E01012750,Blackpool 005D,Criminal damage and arson,Unable to prosecute suspect,
414a207122debacf149c3ce0dcd5a3ac3dc5fd4757d55dcd2e50b91ee1dd2e56,2021-06,Lancashire Constabulary,Lancashire Constabulary,-3.038905,53.833212,On or near Raymond Avenue,E01012750,Blackpool 005D,Criminal damage and arson,Unable to prosecute suspect,
4237585a6d299d21dfa8729140c6750261f0c30bbcae638e2216871756f7612a,2021-06,Lancashire Constabulary,Lancashire Constabulary,-3.038905,53.833212,On or near Raymond Avenue,E01012750,Blackpool 005D,Criminal damage and arson,Investigation complete; no suspect identified,
3ad5a4cc6ee19dd5c919844237cdef735a51ae2266e44902d367e33c950fda4f,2021-06,Lancashire Constabulary,Lancashire Constabulary,-3.038905,53.833212,On or near Raymond Avenue,E01012750,Blackpool 005D,Drugs,Further investigation is not in the public interest,
f5f08943c53147b704b58fa77b7ef5006b42f317f1eae4b2a03dde6174ab2874,2021-06,Lancashire Constabulary,Lancashire Constabulary,-3.042445,53.832588,On or near Waverley Avenue,E01012750,Blackpool 005D,Other theft,Unable to prosecute suspect,
72f4f52f10d8fb6928f0a74e22c92b7e5695b21a07e089516026aa4384cf9997,2021-06,Lancashire Constabulary,Lancashire Constabulary,-3.038905,53.833212,On or near Raymond Avenue,E01012750,Blackpool 005D,Possession of weapons,Unable to prosecute suspect,
798ddc4441296d9478a05fda05a153dfbb2ad0cf88536595c7d78928e51af675,2021-06,Lancashire Constabulary,Lancashire Constabulary,-3.042315,53.833461,On or near Wynnwood Avenue,E01012750,Blackpool 005D,Public order,Unable to prosecute suspect,
619a3f2f7563c892432c87564d0e5f3cdc7471229ae1d7af5931f1f096a8a290,2021-06,Lancashire Constabulary,Lancashire Constabulary,-3.048811,53.833755,On or near Cambray Road,E01012750,Blackpool 005D,Public order,Status update unavailable,
d6a4d36b1e60b43f31caee8d72e28f69171caf2073d85cda3b06b71bf76b47c7,2021-06,Lancashire Constabulary,Lancashire Constabulary,-3.048314,53.834550,On or near Warbreck Hill Road,E01012750,Blackpool 005D,Vehicle crime,Investigation complete; no suspect identified,
ed823d75af7f4092bdf34e055fb54e87cfce872e2cc73bff3f03a0c7eca94288,2021-06,Lancashire Constabulary,Lancashire Constabulary,-3.042445,53.832588,On or near Waverley Avenue,E01012750,Blackpool 005D,Violence and sexual offences,Unable to prosecute suspect,
e819f535cb0ffeaf855a2e79237ec7848500f8b156f288e8a09d327281b707db,2021-06,Lancashire Constabulary,Lancashire Constabulary,-3.042445,53.832588,On or near Waverley Avenue,E01012750,Blackpool 005D,Violence and sexual offences,Unable to prosecute suspect,
464ad788c26f8c80b00f007c3d324174bb6d03eb6c3fcf453d2682c1405b4aac,2021-06,Lancashire Constabulary,Lancashire Constabulary,-3.038905,53.833212,On or near Raymond Avenue,E01012750,Blackpool 005D,Violence and sexual offences,Unable to prosecute suspect,
71af2c34ff948a5d0209765b64148be2b0ffa8975dbb49fe760d7b961eed6139,2021-06,Lancashire Constabulary,Lancashire Constabulary,-3.042445,53.832588,On or near Waverley Avenue,E01012750,Blackpool 005D,Violence and sexual offences,Unable to prosecute suspect,
e31008df36e46443a0cf604f53f6955ed3334b56adbd6130f2910cd4ea56d336,2021-06,Lancashire Constabulary,Lancashire Constabulary,-3.043717,53.834222,On or near Sandicroft Road,E01012750,Blackpool 005D,Violence and sexual offences,Further investigation is not in the public interest,
6b01a37e4741afec4d0707ab75a30cb412c476037e5a54da3ec51eb061323790,2021-06,Lancashire Constabulary,Lancashire Constabulary,-3.042315,53.833461,On or near Wynnwood Avenue,E01012750,Blackpool 005D,Violence and sexual offences,Unable to prosecute suspect,
6f07642e7128c1e1e328b290636b608de704d749dad753171a3c47725d7c6ef3,2021-06,Lancashire Constabulary,Lancashire Constabulary,-3.038905,53.833212,On or near Raymond Avenue,E01012750,Blackpool 005D,Violence and sexual offences,Unable to prosecute suspect,
2256b11331deacefcdb7f1a5735f348f57bb5754e395766ac6af465fd0371a7c,2021-06,Lancashire Constabulary,Lancashire Constabulary,-3.038905,53.833212,On or near Raymond Avenue,E01012750,Blackpool 005D,Violence and sexual offences,Unable to prosecute suspect,
113b95b2d27e3b3975b95b9dd7018287f460ea03ef4f8078006d379eaae160f5,2021-06,Lancashire Constabulary,Lancashire Constabulary,-3.039937,53.833769,On or near Banbury Avenue,E01012750,Blackpool 005D,Violence and sexual offences,Unable to prosecute suspect,
f2708c884e8ef2ad817a2311d24103d891333cfcd3ecca2ea8b3d5050c23b768,2021-06,Lancashire Constabulary,Lancashire Constabulary,-3.042445,53.832588,On or near Waverley Avenue,E01012750,Blackpool 005D,Violence and sexual offences,Unable to prosecute suspect,
f67335b2f20c492655ed5e6ac57f8366177c520e8e0a781b8ad6df4af1f7d4b9,2021-06,Lancashire Constabulary,Lancashire Constabulary,-3.039125,53.834711,On or near Milford Avenue,E01012750,Blackpool 005D,Violence and sexual offences,Investigation complete; no suspect identified,
d9cc8e7805a8a7d1bc3b05bbff64c0fbdd8e19059ee366029400e121015931e1,2021-06,Lancashire Constabulary,Lancashire Constabulary,-3.042315,53.833461,On or near Wynnwood Avenue,E01012750,Blackpool 005D,Other crime,Investigation complete; no suspect identified,
604ed656ef7cab5bf7144a27095e5350a6f448f6ed99c9d05946e7dae44ab438,2021-06,Lancashire Constabulary,Lancashire Constabulary,-3.042315,53.833461,On or near Wynnwood Avenue,E01012750,Blackpool 005D,Other crime,Investigation complete; no suspect identified,
,2021-06,Lancashire Constabulary,Lancashire Constabulary,-3.052940,53.823921,On or near Yates Street,E01012681,Blackpool 006A,Anti-social behaviour,,
,2021-06,Lancashire Constabulary,Lancashire Constabulary,-3.052198,53.825222,On or near Lynn Grove,E01012681,Blackpool 006A,Anti-social behaviour,,
,2021-06,Lancashire Constabulary,Lancashire Constabulary,-3.053849,53.822583,On or near Francis Street,E01012681,Blackpool 006A,Anti-social behaviour,,
,2021-06,Lancashire Constabulary,Lancashire Constabulary,-3.051926,53.823454,On or near Back Lord Street,E01012681,Blackpool 006A,Anti-social behaviour,,
,2021-06,Lancashire Constabulary,Lancashire Constabulary,-3.054780,53.819744,On or near The Strand,E01012681,Blackpool 006A,Anti-social behaviour,,
,2021-06,Lancashire Constabulary,Lancashire Constabulary,-3.052173,53.820576,On or near Queen Street,E01012681,Blackpool 006A,Anti-social behaviour,,
,2021-06,Lancashire Constabulary,Lancashire Constabulary,-3.053119,53.824998,On or near Pleasant Street,E01012681,Blackpool 006A,Anti-social behaviour,,
,2021-06,Lancashire Constabulary,Lancashire Constabulary,-3.052936,53.826762,On or near Eaves Street,E01012681,Blackpool 006A,Anti-social behaviour,,
,2021-06,Lancashire Constabulary,Lancashire Constabulary,-3.052940,53.823921,On or near Yates Street,E01012681,Blackpool 006A,Anti-social behaviour,,
,2021-06,Lancashire Constabulary,Lancashire Constabulary,-3.052173,53.820576,On or near Queen Street,E01012681,Blackpool 006A,Anti-social behaviour,,
,2021-06,Lancashire Constabulary,Lancashire Constabulary,-3.054649,53.827834,On or near Wilton Parade,E01012681,Blackpool 006A,Anti-social behaviour,,
,2021-06,Lancashire Constabulary,Lancashire Constabulary,-3.049646,53.821595,On or near High Street,E01012681,Blackpool 006A,Anti-social behaviour,,
,2021-06,Lancashire Constabulary,Lancashire Constabulary,-3.053226,53.827433,On or near Imperial Street,E01012681,Blackpool 006A,Anti-social behaviour,,
,2021-06,Lancashire Constabulary,Lancashire Constabulary,-3.052173,53.820576,On or near Queen Street,E01012681,Blackpool 006A,Anti-social behaviour,,
,2021-06,Lancashire Constabulary,Lancashire Constabulary,-3.054649,53.827834,On or near Wilton Parade,E01012681,Blackpool 006A,Anti-social behaviour,,
,2021-06,Lancashire Constabulary,Lancashire Constabulary,-3.054704,53.823960,On or near Lansdowne Place,E01012681,Blackpool 006A,Anti-social behaviour,,
,2021-06,Lancashire Constabulary,Lancashire Constabulary,-3.052173,53.820576,On or near Queen Street,E01012681,Blackpool 006A,Anti-social behaviour,,
,2021-06,Lancashire Constabulary,Lancashire Constabulary,-3.054344,53.822327,On or near General Street,E01012681,Blackpool 006A,Anti-social behaviour,,
,2021-06,Lancashire Constabulary,Lancashire Constabulary,-3.052173,53.820576,On or near Queen Street,E01012681,Blackpool 006A,Anti-social behaviour,,
,2021-06,Lancashire Constabulary,Lancashire Constabulary,-3.052173,53.820576,On or near Queen Street,E01012681,Blackpool 006A,Anti-social behaviour,,
,2021-06,Lancashire Constabulary,Lancashire Constabulary,-3.052173,53.820576,On or near Queen Street,E01012681,Blackpool 006A,Anti-social behaviour,,
,2021-06,Lancashire Constabulary,Lancashire Constabulary,-3.052198,53.825222,On or near Lynn Grove,E01012681,Blackpool 006A,Anti-social behaviour,,
,2021-06,Lancashire Constabulary,Lancashire Constabulary,-3.052173,53.820576,On or near Queen Street,E01012681,Blackpool 006A,Anti-social behaviour,,
,2021-06,Lancashire Constabulary,Lancashire Constabulary,-3.049646,53.821595,On or near High Street,E01012681,Blackpool 006A,Anti-social behaviour,,
,2021-06,Lancashire Constabulary,Lancashire Constabulary,-3.051604,53.820922,On or near Dickson Road,E01012681,Blackpool 006A,Anti-social behaviour,,
,2021-06,Lancashire Constabulary,Lancashire Constabulary,-3.052173,53.820576,On or near Queen Street,E01012681,Blackpool 006A,Anti-social behaviour,,
,2021-06,Lancashire Constabulary,Lancashire Constabulary,-3.053274,53.820269,On or near Abingdon Street,E01012681,Blackpool 006A,Anti-social behaviour,,
,2021-06,Lancashire Constabulary,Lancashire Constabulary,-3.051245,53.821716,On or near Springfield Road,E01012681,Blackpool 006A,Anti-social behaviour,,
,2021-06,Lancashire Constabulary,Lancashire Constabulary,-3.054780,53.819744,On or near The Strand,E01012681,Blackpool 006A,Anti-social behaviour,,
,2021-06,Lancashire Constabulary,Lancashire Constabulary,-3.053849,53.822583,On or near Francis Street,E01012681,Blackpool 006A,Anti-social behaviour,,
,2021-06,Lancashire Constabulary,Lancashire Constabulary,-3.051604,53.820922,On or near Dickson Road,E01012681,Blackpool 006A,Anti-social behaviour,,
,2021-06,Lancashire Constabulary,Lancashire Constabulary,-3.054373,53.823477,On or near Back Warbreck Road,E01012681,Blackpool 006A,Anti-social behaviour,,
,2021-06,Lancashire Constabulary,Lancashire Constabulary,-3.051922,53.822672,On or near Banks Street,E01012681,Blackpool 006A,Anti-social behaviour,,
,2021-06,Lancashire Constabulary,Lancashire Constabulary,-3.052173,53.820576,On or near Queen Street,E01012681,Blackpool 006A,Anti-social behaviour,,
,2021-06,Lancashire Constabulary,Lancashire Constabulary,-3.052173,53.820576,On or near Queen Street,E01012681,Blackpool 006A,Anti-social behaviour,,
,2021-06,Lancashire Constabulary,Lancashire Constabulary,-3.052173,53.820576,On or near Queen Street,E01012681,Blackpool 006A,Anti-social behaviour,,
,2021-06,Lancashire Constabulary,Lancashire Constabulary,-3.052174,53.823029,On or near Lord Street,E01012681,Blackpool 006A,Anti-social behaviour,,
,2021-06,Lancashire Constabulary,Lancashire Constabulary,-3.052940,53.823921,On or near Yates Street,E01012681,Blackpool 006A,Anti-social behaviour,,
,2021-06,Lancashire Constabulary,Lancashire Constabulary,-3.053308,53.828260,On or near Moorhouse Street,E01012681,Blackpool 006A,Anti-social behaviour,,
,2021-06,Lancashire Constabulary,Lancashire Constabulary,-3.053308,53.828260,On or near Moorhouse Street,E01012681,Blackpool 006A,Anti-social behaviour,,
,2021-06,Lancashire Constabulary,Lancashire Constabulary,-3.052173,53.820576,On or near Queen Street,E01012681,Blackpool 006A,Anti-social behaviour,,
,2021-06,Lancashire Constabulary,Lancashire Constabulary,-3.051245,53.821716,On or near Springfield Road,E01012681,Blackpool 006A,Anti-social behaviour,,
,2021-06,Lancashire Constabulary,Lancashire Constabulary,-3.054826,53.820984,On or near Shopping Area,E01012681,Blackpool 006A,Anti-social behaviour,,
,2021-06,Lancashire Constabulary,Lancashire Constabulary,-3.052173,53.820576,On or near Queen Street,E01012681,Blackpool 006A,Anti-social behaviour,,
,2021-06,Lancashire Constabulary,Lancashire Constabulary,-3.051096,53.824899,On or near Cross Street,E01012681,Blackpool 006A,Anti-social behaviour,,
,2021-06,Lancashire Constabulary,Lancashire Constabulary,-3.054780,53.819744,On or near The Strand,E01012681,Blackpool 006A,Anti-social behaviour,,
,2021-06,Lancashire Constabulary,Lancashire Constabulary,-3.051288,53.821015,On or near Nightclub,E01012681,Blackpool 006A,Anti-social behaviour,,
,2021-06,Lancashire Constabulary,Lancashire Constabulary,-3.053226,53.827433,On or near Imperial Street,E01012681,Blackpool 006A,Anti-social behaviour,,
,2021-06,Lancashire Constabulary,Lancashire Constabulary,-3.052940,53.823921,On or near Yates Street,E01012681,Blackpool 006A,Anti-social behaviour,,
,2021-06,Lancashire Constabulary,Lancashire Constabulary,-3.052173,53.820576,On or near Queen Street,E01012681,Blackpool 006A,Anti-social behaviour,,
,2021-06,Lancashire Constabulary,Lancashire Constabulary,-3.052173,53.820576,On or near Queen Street,E01012681,Blackpool 006A,Anti-social behaviour,,
,2021-06,Lancashire Constabulary,Lancashire Constabulary,-3.053849,53.822583,On or near Francis Street,E01012681,Blackpool 006A,Anti-social behaviour,,
,2021-06,Lancashire Constabulary,Lancashire Constabulary,-3.051245,53.821716,On or near Springfield Road,E01012681,Blackpool 006A,Anti-social behaviour,,
,2021-06,Lancashire Constabulary,Lancashire Constabulary,-3.052173,53.820576,On or near Queen Street,E01012681,Blackpool 006A,Anti-social behaviour,,
,2021-06,Lancashire Constabulary,Lancashire Constabulary,-3.047539,53.822378,On or near Buchanan Street,E01012681,Blackpool 006A,Anti-social behaviour,,
,2021-06,Lancashire Constabulary,Lancashire Constabulary,-3.052173,53.820576,On or near Queen Street,E01012681,Blackpool 006A,Anti-social behaviour,,
,2021-06,Lancashire Constabulary,Lancashire Constabulary,-3.052173,53.820576,On or near Queen Street,E01012681,Blackpool 006A,Anti-social behaviour,,
,2021-06,Lancashire Constabulary,Lancashire Constabulary,-3.053119,53.824998,On or near Pleasant Street,E01012681,Blackpool 006A,Anti-social behaviour,,
,2021-06,Lancashire Constabulary,Lancashire Constabulary,-3.054780,53.819744,On or near The Strand,E01012681,Blackpool 006A,Anti-social behaviour,,
,2021-06,Lancashire Constabulary,Lancashire Constabulary,-3.051922,53.822672,On or near Banks Street,E01012681,Blackpool 006A,Anti-social behaviour,,
,2021-06,Lancashire Constabulary,Lancashire Constabulary,-3.049646,53.821595,On or near High Street,E01012681,Blackpool 006A,Anti-social behaviour,,
,2021-06,Lancashire Constabulary,Lancashire Constabulary,-3.052173,53.820576,On or near Queen Street,E01012681,Blackpool 006A,Anti-social behaviour,,
,2021-06,Lancashire Constabulary,Lancashire Constabulary,-3.052173,53.820576,On or near Queen Street,E01012681,Blackpool 006A,Anti-social behaviour,,
,2021-06,Lancashire Constabulary,Lancashire Constabulary,-3.054344,53.822327,On or near General Street,E01012681,Blackpool 006A,Anti-social behaviour,,
,2021-06,Lancashire Constabulary,Lancashire Constabulary,-3.053849,53.822583,On or near Francis Street,E01012681,Blackpool 006A,Anti-social behaviour,,
,2021-06,Lancashire Constabulary,Lancashire Constabulary,-3.052173,53.820576,On or near Queen Street,E01012681,Blackpool 006A,Anti-social behaviour,,
,2021-06,Lancashire Constabulary,Lancashire Constabulary,-3.052198,53.825222,On or near Lynn Grove,E01012681,Blackpool 006A,Anti-social behaviour,,
,2021-06,Lancashire Constabulary,Lancashire Constabulary,-3.052173,53.820576,On or near Queen Street,E01012681,Blackpool 006A,Anti-social behaviour,,
,2021-06,Lancashire Constabulary,Lancashire Constabulary,-3.051288,53.821015,On or near Nightclub,E01012681,Blackpool 006A,Anti-social behaviour,,
,2021-06,Lancashire Constabulary,Lancashire Constabulary,-3.049646,53.821595,On or near High Street,E01012681,Blackpool 006A,Anti-social behaviour,,
,2021-06,Lancashire Constabulary,Lancashire Constabulary,-3.049646,53.821595,On or near High Street,E01012681,Blackpool 006A,Anti-social behaviour,,
,2021-06,Lancashire Constabulary,Lancashire Constabulary,-3.051604,53.820922,On or near Dickson Road,E01012681,Blackpool 006A,Anti-social behaviour,,
,2021-06,Lancashire Constabulary,Lancashire Constabulary,-3.052173,53.820576,On or near Queen Street,E01012681,Blackpool 006A,Anti-social behaviour,,
,2021-06,Lancashire Constabulary,Lancashire Constabulary,-3.052173,53.820576,On or near Queen Street,E01012681,Blackpool 006A,Anti-social behaviour,,
,2021-06,Lancashire Constabulary,Lancashire Constabulary,-3.052173,53.820576,On or near Queen Street,E01012681,Blackpool 006A,Anti-social behaviour,,
,2021-06,Lancashire Constabulary,Lancashire Constabulary,-3.054344,53.822327,On or near General Street,E01012681,Blackpool 006A,Anti-social behaviour,,
,2021-06,Lancashire Constabulary,Lancashire Constabulary,-3.053119,53.824998,On or near Pleasant Street,E01012681,Blackpool 006A,Anti-social behaviour,,
,2021-06,Lancashire Constabulary,Lancashire Constabulary,-3.054780,53.819744,On or near The Strand,E01012681,Blackpool 006A,Anti-social behaviour,,
,2021-06,Lancashire Constabulary,Lancashire Constabulary,-3.053849,53.822583,On or near Francis Street,E01012681,Blackpool 006A,Anti-social behaviour,,
,2021-06,Lancashire Constabulary,Lancashire Constabulary,-3.054826,53.820984,On or near Shopping Area,E01012681,Blackpool 006A,Anti-social behaviour,,
,2021-06,Lancashire Constabulary,Lancashire Constabulary,-3.052173,53.820576,On or near Queen Street,E01012681,Blackpool 006A,Anti-social behaviour,,
,2021-06,Lancashire Constabulary,Lancashire Constabulary,-3.052173,53.820576,On or near Queen Street,E01012681,Blackpool 006A,Anti-social behaviour,,
,2021-06,Lancashire Constabulary,Lancashire Constabulary,-3.052732,53.825307,On or near Back Pleasant Street,E01012681,Blackpool 006A,Anti-social behaviour,,
,2021-06,Lancashire Constabulary,Lancashire Constabulary,-3.053226,53.827433,On or near Imperial Street,E01012681,Blackpool 006A,Anti-social behaviour,,
,2021-06,Lancashire Constabulary,Lancashire Constabulary,-3.053849,53.822583,On or near Francis Street,E01012681,Blackpool 006A,Anti-social behaviour,,
,2021-06,Lancashire Constabulary,Lancashire Constabulary,-3.052198,53.825222,On or near Lynn Grove,E01012681,Blackpool 006A,Anti-social behaviour,,
,2021-06,Lancashire Constabulary,Lancashire Constabulary,-3.053849,53.822583,On or near Francis Street,E01012681,Blackpool 006A,Anti-social behaviour,,
,2021-06,Lancashire Constabulary,Lancashire Constabulary,-3.052173,53.820576,On or near Queen Street,E01012681,Blackpool 006A,Anti-social behaviour,,
,2021-06,Lancashire Constabulary,Lancashire Constabulary,-3.052173,53.820576,On or near Queen Street,E01012681,Blackpool 006A,Anti-social behaviour,,
,2021-06,Lancashire Constabulary,Lancashire Constabulary,-3.051245,53.821716,On or near Springfield Road,E01012681,Blackpool 006A,Anti-social behaviour,,
,2021-06,Lancashire Constabulary,Lancashire Constabulary,-3.053849,53.822583,On or near Francis Street,E01012681,Blackpool 006A,Anti-social behaviour,,
,2021-06,Lancashire Constabulary,Lancashire Constabulary,-3.051245,53.821716,On or near Springfield Road,E01012681,Blackpool 006A,Anti-social behaviour,,
,2021-06,Lancashire Constabulary,Lancashire Constabulary,-3.052173,53.820576,On or near Queen Street,E01012681,Blackpool 006A,Anti-social behaviour,,
,2021-06,Lancashire Constabulary,Lancashire Constabulary,-3.054826,53.820984,On or near Shopping Area,E01012681,Blackpool 006A,Anti-social behaviour,,
7bf87aee64b97d1dc64a3d225bbce91ee0feaddb2a4e896a356673d3e9f93ac5,2021-06,Lancashire Constabulary,Lancashire Constabulary,-3.054344,53.822327,On or near General Street,E01012681,Blackpool 006A,Bicycle theft,Investigation complete; no suspect identified,
88b42fc352201d9992d7f4100ef064646773c9b7f34c289dc1cf29c4f79b83b2,2021-06,Lancashire Constabulary,Lancashire Constabulary,-3.053849,53.822583,On or near Francis Street,E01012681,Blackpool 006A,Burglary,Status update unavailable,
66dfc04370a7a61109dc952155f6027e23da8fdf034491e09b86a579ac7becc4,2021-06,Lancashire Constabulary,Lancashire Constabulary,-3.051288,53.821015,On or near Nightclub,E01012681,Blackpool 006A,Criminal damage and arson,Court result unavailable,
92e98d1f697bbc0e01f41e4a46da28d370fc8e71376f5f45ea5d1c86ea1f58be,2021-06,Lancashire Constabulary,Lancashire Constabulary,-3.054344,53.822327,On or near General Street,E01012681,Blackpool 006A,Criminal damage and arson,Status update unavailable,
b874618252e32e0b15ffab149d18df7a9640518dfe994bedef1d9ae9feaf3f14,2021-06,Lancashire Constabulary,Lancashire Constabulary,-3.054373,53.823477,On or near Back Warbreck Road,E01012681,Blackpool 006A,Criminal damage and arson,Investigation complete; no suspect identified,
cfc717e8c0e2dbb3beae7776a002915ff14c5c3d573a64df376db8e1b64a9305,2021-06,Lancashire Constabulary,Lancashire Constabulary,-3.051922,53.822672,On or near Banks Street,E01012681,Blackpool 006A,Criminal damage and arson,Investigation complete; no suspect identified,
dbce528fd527176c35fd03fb614a0afdd41f19694e1db9f07ec1afe401966e83,2021-06,Lancashire Constabulary,Lancashire Constabulary,-3.051288,53.821015,On or near Nightclub,E01012681,Blackpool 006A,Criminal damage and arson,Court result unavailable,
a02d0cb531816abbc8f39d7a6d27ac61f35331c8b77c2819cbbe29d2e929a861,2021-06,Lancashire Constabulary,Lancashire Constabulary,-3.054373,53.823477,On or near Back Warbreck Road,E01012681,Blackpool 006A,Criminal damage and arson,Status update unavailable,
49945bddfe9a5c0d35586286574eca2bbb0db64a68d7f14e89c91d74df739f75,2021-06,Lancashire Constabulary,Lancashire Constabulary,-3.047760,53.822699,On or near Parking Area,E01012681,Blackpool 006A,Criminal damage and arson,Further investigation is not in the public interest,
03f4bd8d5d9f96778af42235f7f79b7e8a270631145a87a2671e51868e97909e,2021-06,Lancashire Constabulary,Lancashire Constabulary,-3.054780,53.819744,On or near The Strand,E01012681,Blackpool 006A,Criminal damage and arson,Unable to prosecute suspect,
369c8e9b2faa237ac4641eb9e2f29c3b714f693209ca0be9a1745a450823b24d,2021-06,Lancashire Constabulary,Lancashire Constabulary,-3.053626,53.820967,On or near Springfield Road,E01012681,Blackpool 006A,Criminal damage and arson,Status update unavailable,
5851f089d3cc2773d704e1fe10daa948100d10a0ab497443d3bb9c8a03cd4a5b,2021-06,Lancashire Constabulary,Lancashire Constabulary,-3.054338,53.828754,On or near Derby Road,E01012681,Blackpool 006A,Other theft,Unable to prosecute suspect,
706cc396682ccfc24471bd92e1bab0ef449b9096a94f9a2d60b44463b83b66fe,2021-06,Lancashire Constabulary,Lancashire Constabulary,-3.054338,53.828754,On or near Derby Road,E01012681,Blackpool 006A,Other theft,Unable to prosecute suspect,
918772e750a2ac2d851a680bca20e305fa251915a538d2dd30ab7a5c42f8ead2,2021-06,Lancashire Constabulary,Lancashire Constabulary,-3.052936,53.826762,On or near Eaves Street,E01012681,Blackpool 006A,Other theft,Investigation complete; no suspect identified,
c48c5679589de1d8af6a912b1015ea732d94dc8dd5a9c346a397ee868372b135,2021-06,Lancashire Constabulary,Lancashire Constabulary,-3.047760,53.822699,On or near Parking Area,E01012681,Blackpool 006A,Other theft,Status update unavailable,
a1f7ced8b6f54026c8a2871889f188901f8ea501b1ec099095a6f6b8c3136c92,2021-06,Lancashire Constabulary,Lancashire Constabulary,-3.054780,53.819744,On or near The Strand,E01012681,Blackpool 006A,Other theft,Investigation complete; no suspect identified,
dbe7d79964b441c6b7f05ac6ea5151f4984e465a0e8e1af767e337d28f19a27d,2021-06,Lancashire Constabulary,Lancashire Constabulary,-3.053849,53.822583,On or near Francis Street,E01012681,Blackpool 006A,Other theft,Unable to prosecute suspect,
702a67ea2969580e59aab604fce23bb6930d209bd25e04ad91ce4d8d7cc7de67,2021-06,Lancashire Constabulary,Lancashire Constabulary,-3.053274,53.820269,On or near Abingdon Street,E01012681,Blackpool 006A,Other theft,Investigation complete; no suspect identified,
4f3b4dc78310a3a3422c22e6929ad2c524e0fe4095d39aa2af362e161a532c9d,2021-06,Lancashire Constabulary,Lancashire Constabulary,-3.047760,53.822699,On or near Parking Area,E01012681,Blackpool 006A,Other theft,Unable to prosecute suspect,
373693be44c3f8d0f74bc0865cc73c09303485c8b806e3faaa5627d0ff1f2152,2021-06,Lancashire Constabulary,Lancashire Constabulary,-3.052173,53.820576,On or near Queen Street,E01012681,Blackpool 006A,Other theft,Investigation complete; no suspect identified,
d1f1cf00501a9f13efaef90aaf694716e6e09d4dde724328b5701560f01463b1,2021-06,Lancashire Constabulary,Lancashire Constabulary,-3.053138,53.824531,On or near Mount Street,E01012681,Blackpool 006A,Other theft,Unable to prosecute suspect,
c7163ea1962104566d8dcc408a94fa42cf4ee3f9294c9f8bfc572613775e7f88,2021-06,Lancashire Constabulary,Lancashire Constabulary,-3.053308,53.828260,On or near Moorhouse Street,E01012681,Blackpool 006A,Other theft,Investigation complete; no suspect identified,
b64cb9991f9c0d494722f12fe9ca31fa249f1289f275848a5b01a280abdd349e,2021-06,Lancashire Constabulary,Lancashire Constabulary,-3.054780,53.819744,On or near The Strand,E01012681,Blackpool 006A,Possession of weapons,Court result unavailable,
1b426c2360362a41e858502b01d11a080b514484c7ce1cc8098fcc050d43d77d,2021-06,Lancashire Constabulary,Lancashire Constabulary,-3.052173,53.820576,On or near Queen Street,E01012681,Blackpool 006A,Possession of weapons,Investigation complete; no suspect identified,
0cd5e9e39cc2302e1b8e2a80182bcb3e37fc89981232f19a3a9de1c08f473394,2021-06,Lancashire Constabulary,Lancashire Constabulary,-3.052173,53.820576,On or near Queen Street,E01012681,Blackpool 006A,Public order,Status update unavailable,
3b51deb319f85ece414e4d94bc2779cd516ef6762210822542106056e5b21abb,2021-06,Lancashire Constabulary,Lancashire Constabulary,-3.052173,53.820576,On or near Queen Street,E01012681,Blackpool 006A,Public order,Status update unavailable,
5dfb188ed716e73ade89d0372423b8ad597007725bd118adc7e390d02ee333f0,2021-06,Lancashire Constabulary,Lancashire Constabulary,-3.054704,53.823960,On or near Lansdowne Place,E01012681,Blackpool 006A,Public order,Unable to prosecute suspect,
3d692e38cae3468dead906adc0dfd84767cb2ea4a92c7d1d7fd0b661f203efd2,2021-06,Lancashire Constabulary,Lancashire Constabulary,-3.051922,53.822672,On or near Banks Street,E01012681,Blackpool 006A,Public order,Further investigation is not in the public interest,
7ed21296d3a755658c7b15b1dfe31d65dbe3acc8cf001a8458950c0cabfe6f25,2021-06,Lancashire Constabulary,Lancashire Constabulary,-3.054373,53.823477,On or near Back Warbreck Road,E01012681,Blackpool 006A,Public order,Unable to prosecute suspect,
01a2da5bcf4f974583d4942488350237a97be592ee4ed621c2fc099bebab6815,2021-06,Lancashire Constabulary,Lancashire Constabulary,-3.052173,53.820576,On or near Queen Street,E01012681,Blackpool 006A,Public order,Status update unavailable,
c06c2917486c71442769d46913833d9ba8f2fa6bd4ef973c3816ae311e247a24,2021-06,Lancashire Constabulary,Lancashire Constabulary,-3.053849,53.822583,On or near Francis Street,E01012681,Blackpool 006A,Public order,Unable to prosecute suspect,
bfdbb943762a51c718c933ef7c3c50f390d3dab19147eb7e4add758958fea637,2021-06,Lancashire Constabulary,Lancashire Constabulary,-3.053849,53.822583,On or near Francis Street,E01012681,Blackpool 006A,Public order,Status update unavailable,
3d955aa268049a67002a9e0dbf90d3cf54827b985119cfd4d59f2f8f88fc403a,2021-06,Lancashire Constabulary,Lancashire Constabulary,-3.051604,53.820922,On or near Dickson Road,E01012681,Blackpool 006A,Public order,Status update unavailable,
e22de414897837a606e4b4e14d848cce6524bfa25a904ecb0d60454a9dbc8ca8,2021-06,Lancashire Constabulary,Lancashire Constabulary,-3.052173,53.820576,On or near Queen Street,E01012681,Blackpool 006A,Public order,Unable to prosecute suspect,
db588e340a11ea97de1fb9dd8e9786dc231280933073a171902e0f2abc951c56,2021-06,Lancashire Constabulary,Lancashire Constabulary,-3.052173,53.820576,On or near Queen Street,E01012681,Blackpool 006A,Public order,Court result unavailable,
8db424357311d2887510cfb896d8b95f9350d642961c9a65eb5a47b413c06683,2021-06,Lancashire Constabulary,Lancashire Constabulary,-3.054649,53.827834,On or near Wilton Parade,E01012681,Blackpool 006A,Public order,Unable to prosecute suspect,
1134e6a94bf24be0eb1e1a1f8a10d44221e3a378590aa1dec75f8085c1a4789d,2021-06,Lancashire Constabulary,Lancashire Constabulary,-3.054649,53.827834,On or near Wilton Parade,E01012681,Blackpool 006A,Public order,Further investigation is not in the public interest,
6161374fec5042a772f1d95a446c63971d91648d9daccfa0b65295f5d3748917,2021-06,Lancashire Constabulary,Lancashire Constabulary,-3.052173,53.820576,On or near Queen Street,E01012681,Blackpool 006A,Public order,Unable to prosecute suspect,
3757e128b81c1ba5277d00b23f8dac5a4e27c28e2816117340ddbeab8bd6e79a,2021-06,Lancashire Constabulary,Lancashire Constabulary,-3.054780,53.819744,On or near The Strand,E01012681,Blackpool 006A,Public order,Offender given penalty notice,
ff4b0f7921eb9b6335dc35492ebbf4d23142c77adf460f04b7766b1a4debdba9,2021-06,Lancashire Constabulary,Lancashire Constabulary,-3.051922,53.822672,On or near Banks Street,E01012681,Blackpool 006A,Public order,Unable to prosecute suspect,
0911ac9b0cb2d9e8ba92ff1f6ae65aa42aa196bf372e04dcddd4e6b3ee6aed72,2021-06,Lancashire Constabulary,Lancashire Constabulary,-3.053274,53.820269,On or near Abingdon Street,E01012681,Blackpool 006A,Public order,Status update unavailable,
bb5b9b7b17dc7efa084d60a7971383e9971454f83f52408e5e536ba792df2a10,2021-06,Lancashire Constabulary,Lancashire Constabulary,-3.053226,53.827433,On or near Imperial Street,E01012681,Blackpool 006A,Public order,Unable to prosecute suspect,
6fb9361c6a0e2ef147af4dda0aafa8842c754293f51e06c9660ec8b7c7e9e5db,2021-06,Lancashire Constabulary,Lancashire Constabulary,-3.054338,53.828754,On or near Derby Road,E01012681,Blackpool 006A,Public order,Unable to prosecute suspect,
d80f6ca9461390bd9f7c236c4b3a0fab996cb9179aab3b63182331d26d8c255b,2021-06,Lancashire Constabulary,Lancashire Constabulary,-3.052173,53.820576,On or near Queen Street,E01012681,Blackpool 006A,Shoplifting,Status update unavailable,
46ab227d5138da0d6dbe05560f10ecd11d9d483477ec44ffb56922abc67ba6b0,2021-06,Lancashire Constabulary,Lancashire Constabulary,-3.052173,53.820576,On or near Queen Street,E01012681,Blackpool 006A,Shoplifting,Status update unavailable,
c2056b93a9ebbefa046a4ea5f4575614cfccfbf2a0e15db407179b643543f7bb,2021-06,Lancashire Constabulary,Lancashire Constabulary,-3.052173,53.820576,On or near Queen Street,E01012681,Blackpool 006A,Shoplifting,Further investigation is not in the public interest,
d1ff1c32cd2b25fb55ed9a31087b3e05f6b6c6403c1aaaf18880b669035cea9c,2021-06,Lancashire Constabulary,Lancashire Constabulary,-3.054780,53.819744,On or near The Strand,E01012681,Blackpool 006A,Theft from the person,Investigation complete; no suspect identified,
d0eaa36ae4948f2d08c3488300f1dc296e5470efa205cbedc25d72c29da59ece,2021-06,Lancashire Constabulary,Lancashire Constabulary,-3.052173,53.820576,On or near Queen Street,E01012681,Blackpool 006A,Theft from the person,Unable to prosecute suspect,
825c112d0aab0edddfe447e646a745d3f2b072bc13207a48d2689dddda924287,2021-06,Lancashire Constabulary,Lancashire Constabulary,-3.052173,53.820576,On or near Queen Street,E01012681,Blackpool 006A,Theft from the person,Investigation complete; no suspect identified,
a2458a15801ae46c181ac82da0aeedb2b153f2a44ad4e34717002087bba96bc1,2021-06,Lancashire Constabulary,Lancashire Constabulary,-3.053308,53.828260,On or near Moorhouse Street,E01012681,Blackpool 006A,Violence and sexual offences,Court result unavailable,
3e3b572d3808a8d3fdd15e8e1f20a3d24b41dfc0aed2e822ff1c76a37ba8caa0,2021-06,Lancashire Constabulary,Lancashire Constabulary,-3.053308,53.828260,On or near Moorhouse Street,E01012681,Blackpool 006A,Violence and sexual offences,Unable to prosecute suspect,
cce8742bed623d2984c0d2ba8037a1e36aa0c357734c33165b5b8c89e5f624dc,2021-06,Lancashire Constabulary,Lancashire Constabulary,-3.052173,53.820576,On or near Queen Street,E01012681,Blackpool 006A,Violence and sexual offences,Investigation complete; no suspect identified,
a2d978621f19ee61f19b5a7d3c9730c7815e0e5feb9224cb955228156d567bff,2021-06,Lancashire Constabulary,Lancashire Constabulary,-3.053626,53.820967,On or near Springfield Road,E01012681,Blackpool 006A,Violence and sexual offences,Action to be taken by another organisation,
da1b34b4108a97b21c06751d7707fa4ee7952a77c90056e35cfe57e405b01909,2021-06,Lancashire Constabulary,Lancashire Constabulary,-3.053119,53.824998,On or near Pleasant Street,E01012681,Blackpool 006A,Violence and sexual offences,Unable to prosecute suspect,
f6430b1b7300ce5ca9e2fd7b819dd8d30e8291961bdfe79e0fc8f8735aee0e7f,2021-06,Lancashire Constabulary,Lancashire Constabulary,-3.053849,53.822583,On or near Francis Street,E01012681,Blackpool 006A,Violence and sexual offences,Investigation complete; no suspect identified,
c9ade32e600c7236abb6d7f1df0283863a54b020813fdca04bbdec5c65b58d99,2021-06,Lancashire Constabulary,Lancashire Constabulary,-3.052174,53.823029,On or near Lord Street,E01012681,Blackpool 006A,Violence and sexual offences,Status update unavailable,
4fb3af1a98758faaa29cb756911895c3b456e8e69c103f597dcbc29636ceb853,2021-06,Lancashire Constabulary,Lancashire Constabulary,-3.054373,53.823477,On or near Back Warbreck Road,E01012681,Blackpool 006A,Violence and sexual offences,Unable to prosecute suspect,
949931b8766f78a80547e1a75e1d8e8a1c8d0d30d2284ec3a6c638c3b2eb7174,2021-06,Lancashire Constabulary,Lancashire Constabulary,-3.054704,53.823960,On or near Lansdowne Place,E01012681,Blackpool 006A,Violence and sexual offences,Unable to prosecute suspect,
4ef00755f95a93c945df7cce12722ef4d26a9870c6e96602f15844114fd4aa1b,2021-06,Lancashire Constabulary,Lancashire Constabulary,-3.052173,53.820576,On or near Queen Street,E01012681,Blackpool 006A,Violence and sexual offences,Investigation complete; no suspect identified,
f0dad32d3ce3bb680e4a9122924362a0b9bacb40c94cbddf4fbf9ed8ff54536c,2021-06,Lancashire Constabulary,Lancashire Constabulary,-3.051245,53.821716,On or near Springfield Road,E01012681,Blackpool 006A,Violence and sexual offences,Unable to prosecute suspect,
d19520cb78561e52761e7f564d6d12de46d14fd6f5d9a6f064b18981ed03870c,2021-06,Lancashire Constabulary,Lancashire Constabulary,-3.054704,53.823960,On or near Lansdowne Place,E01012681,Blackpool 006A,Violence and sexual offences,Unable to prosecute suspect,
5aa20117c65d6d861fff71d6025d7938353ae7985325574f9e34371a510bc24c,2021-06,Lancashire Constabulary,Lancashire Constabulary,-3.053849,53.822583,On or near Francis Street,E01012681,Blackpool 006A,Violence and sexual offences,Status update unavailable,
f2e5a24114aadb27db8787ce112d9adcde77a9df7cc4cf2aa7d10e94be00d4b0,2021-06,Lancashire Constabulary,Lancashire Constabulary,-3.053119,53.824998,On or near Pleasant Street,E01012681,Blackpool 006A,Violence and sexual offences,Investigation complete; no suspect identified,
f8c8566d5b066511d04675a7e714d4267e41d1303c7c50dfb2b1345e352403b8,2021-06,Lancashire Constabulary,Lancashire Constabulary,-3.053308,53.828260,On or near Moorhouse Street,E01012681,Blackpool 006A,Violence and sexual offences,Court result unavailable,
3de7f5daf0b6f1de1c40283b1226375a8c9c4fe0a2f8f568164a58ce34aabda9,2021-06,Lancashire Constabulary,Lancashire Constabulary,-3.053626,53.820967,On or near Springfield Road,E01012681,Blackpool 006A,Violence and sexual offences,Further investigation is not in the public interest,
f03967dc88e30183d45eecab245cd5af98275d4e30c8bef430f68bf3c0158dfe,2021-06,Lancashire Constabulary,Lancashire Constabulary,-3.053308,53.828260,On or near Moorhouse Street,E01012681,Blackpool 006A,Violence and sexual offences,Court result unavailable,
cfc79bda54fa586b718eed84dee47a64a1af192dd66057aba57c05f27bc32505,2021-06,Lancashire Constabulary,Lancashire Constabulary,-3.054344,53.822327,On or near General Street,E01012681,Blackpool 006A,Violence and sexual offences,Investigation complete; no suspect identified,
ee27a87d878950fca48efe1467028759129b91e1164c1c7b29853ae8b4d458c0,2021-06,Lancashire Constabulary,Lancashire Constabulary,-3.053308,53.828260,On or near Moorhouse Street,E01012681,Blackpool 006A,Violence and sexual offences,Court result unavailable,
c78ff471b158a1633a56264a5427b4f0d3a338bd6b0f068031d0067663df8c7f,2021-06,Lancashire Constabulary,Lancashire Constabulary,-3.053377,53.825580,On or near Braithwaite Street,E01012681,Blackpool 006A,Violence and sexual offences,Unable to prosecute suspect,
6f40223b6045b52f016a2acbec0ddf1c8843c7c9c864147fcee3b51a1e681ba9,2021-06,Lancashire Constabulary,Lancashire Constabulary,-3.054338,53.828754,On or near Derby Road,E01012681,Blackpool 006A,Violence and sexual offences,Unable to prosecute suspect,
da4bbd099321977450168f894c125f7645c5e509f10226ad2b94357c9a641ec5,2021-06,Lancashire Constabulary,Lancashire Constabulary,-3.053547,53.821462,On or near Walker Street,E01012681,Blackpool 006A,Violence and sexual offences,Unable to prosecute suspect,
f9b638af0aff09bf8cc6272aceefb21479311399e583f37135d7716f23269c73,2021-06,Lancashire Constabulary,Lancashire Constabulary,-3.053849,53.822583,On or near Francis Street,E01012681,Blackpool 006A,Violence and sexual offences,Formal action is not in the public interest,
9d7054a770e7a6eaa08517b070b1b7c99b6d64eb5cbe0b92a0e0d6d1c6b6af0c,2021-06,Lancashire Constabulary,Lancashire Constabulary,-3.054780,53.819744,On or near The Strand,E01012681,Blackpool 006A,Violence and sexual offences,Unable to prosecute suspect,
de921028448deda8aaec2cc8f54e0bff6decfaf44949dfeeab715ac6c934fbdd,2021-06,Lancashire Constabulary,Lancashire Constabulary,-3.054338,53.828754,On or near Derby Road,E01012681,Blackpool 006A,Violence and sexual offences,Further investigation is not in the public interest,
ac1a1e7888f979367515a0bd7d396fae3f775c9bc0f43c36f92cdf4f67f728e5,2021-06,Lancashire Constabulary,Lancashire Constabulary,-3.051096,53.824899,On or near Cross Street,E01012681,Blackpool 006A,Violence and sexual offences,Formal action is not in the public interest,
f902bc7a729f59b528a9ec482edc953e067090383b8146e260bfc2c677255b77,2021-06,Lancashire Constabulary,Lancashire Constabulary,-3.052173,53.820576,On or near Queen Street,E01012681,Blackpool 006A,Violence and sexual offences,Further investigation is not in the public interest,
0c87fc82484fa338ba54a997cc6974743b3bc642647ebf574cc4dc93f31d4779,2021-06,Lancashire Constabulary,Lancashire Constabulary,-3.051604,53.820922,On or near Dickson Road,E01012681,Blackpool 006A,Violence and sexual offences,Unable to prosecute suspect,
8a9c718f329e7ca9acea16f89f529cff48f8c4a7607ffb41b2e0b0721c87c077,2021-06,Lancashire Constabulary,Lancashire Constabulary,-3.051922,53.822672,On or near Banks Street,E01012681,Blackpool 006A,Violence and sexual offences,Unable to prosecute suspect,
82e5425597f9c02066984dc2f52a1b6769d79e0cc735540d5ece11eb4f55ec50,2021-06,Lancashire Constabulary,Lancashire Constabulary,-3.052174,53.823029,On or near Lord Street,E01012681,Blackpool 006A,Violence and sexual offences,Unable to prosecute suspect,
fb93c17e7d7cb777edf4e6053706084c9355acf585cbf8d86b5d0716b3be0e00,2021-06,Lancashire Constabulary,Lancashire Constabulary,-3.052198,53.825222,On or near Lynn Grove,E01012681,Blackpool 006A,Violence and sexual offences,Status update unavailable,
dfd5924cf93d50d5c9ce35725375f7795e5810bd12ad7b01ff27e7f0f0258f4a,2021-06,Lancashire Constabulary,Lancashire Constabulary,-3.054826,53.820984,On or near Shopping Area,E01012681,Blackpool 006A,Violence and sexual offences,Investigation complete; no suspect identified,
1f65e2013b99e4fe4420b8d538e737e8160dc426fa7eede0530179fd44dd3221,2021-06,Lancashire Constabulary,Lancashire Constabulary,-3.053849,53.822583,On or near Francis Street,E01012681,Blackpool 006A,Violence and sexual offences,Court result unavailable,
8acab59ea463060664761581d475effdb13e5775d802f09779a0fc2c2488eafe,2021-06,Lancashire Constabulary,Lancashire Constabulary,-3.051245,53.821716,On or near Springfield Road,E01012681,Blackpool 006A,Violence and sexual offences,Unable to prosecute suspect,
b5fabe1653f250fe8810916680861e1b4fc62f2c42a5ef5cd175122a1d22aa2f,2021-06,Lancashire Constabulary,Lancashire Constabulary,-3.054780,53.819744,On or near The Strand,E01012681,Blackpool 006A,Violence and sexual offences,Status update unavailable,
9a41323ac1f50a0782f7331fd1eee123c304337d1f519d6fcb6d0e85da2a2bd9,2021-06,Lancashire Constabulary,Lancashire Constabulary,-3.051604,53.820922,On or near Dickson Road,E01012681,Blackpool 006A,Violence and sexual offences,Investigation complete; no suspect identified,
58ddd1170404014014959f516857cda9fc7efa7b75c0ea2feb14f98ee974bc49,2021-06,Lancashire Constabulary,Lancashire Constabulary,-3.051288,53.821015,On or near Nightclub,E01012681,Blackpool 006A,Violence and sexual offences,Investigation complete; no suspect identified,
bc0d1ab51d1fb95e02af6c7441f989f369e92e257c140ec97700e46643b77eb6,2021-06,Lancashire Constabulary,Lancashire Constabulary,-3.053547,53.821462,On or near Walker Street,E01012681,Blackpool 006A,Violence and sexual offences,Further investigation is not in the public interest,
4a1c6958777e63c15f2962cf809e2ae029e127321436a0bcc70172cd54ff8163,2021-06,Lancashire Constabulary,Lancashire Constabulary,-3.053377,53.825580,On or near Braithwaite Street,E01012681,Blackpool 006A,Violence and sexual offences,Unable to prosecute suspect,
c5d0cd5210d895935e539809da5fc2301fc1952c2ee8e2bf0d4ab01377e3960f,2021-06,Lancashire Constabulary,Lancashire Constabulary,-3.054826,53.820984,On or near Shopping Area,E01012681,Blackpool 006A,Violence and sexual offences,Unable to prosecute suspect,
a3c52aebe884381cacabe5c8adfc62f889368f346e13d004cd971001279429df,2021-06,Lancashire Constabulary,Lancashire Constabulary,-3.054704,53.823960,On or near Lansdowne Place,E01012681,Blackpool 006A,Violence and sexual offences,Status update unavailable,
d0615d380fb998f4f4bb4b5b3c30cc80fae28baa93ed463d92ee24564c8a5e77,2021-06,Lancashire Constabulary,Lancashire Constabulary,-3.052173,53.820576,On or near Queen Street,E01012681,Blackpool 006A,Violence and sexual offences,Investigation complete; no suspect identified,
6a47fc33fda37f3843155f67dcfa5174464a5faee81b8b6ffe1088c5e50401ba,2021-06,Lancashire Constabulary,Lancashire Constabulary,-3.054780,53.819744,On or near The Strand,E01012681,Blackpool 006A,Violence and sexual offences,Court result unavailable,
e1557d487f99fcc8a591b2904976d4f8ad5deceeefba56d268a97d9da101c1b8,2021-06,Lancashire Constabulary,Lancashire Constabulary,-3.053849,53.822583,On or near Francis Street,E01012681,Blackpool 006A,Violence and sexual offences,Investigation complete; no suspect identified,
92c489a85d5fec142274897435fa3fff72455239dad5865a308bd39bfc734a75,2021-06,Lancashire Constabulary,Lancashire Constabulary,-3.054338,53.828754,On or near Derby Road,E01012681,Blackpool 006A,Violence and sexual offences,Unable to prosecute suspect,
7db7a492c71078958ba5dee3a3ad01a8fc85f70d179988b9d2bffbe88977faaf,2021-06,Lancashire Constabulary,Lancashire Constabulary,-3.052173,53.820576,On or near Queen Street,E01012681,Blackpool 006A,Violence and sexual offences,Further investigation is not in the public interest,
3ccc63636ddf942d13105b01854f1547f5d1b84599ff409bf772fba5928ba2dc,2021-06,Lancashire Constabulary,Lancashire Constabulary,-3.052732,53.825307,On or near Back Pleasant Street,E01012681,Blackpool 006A,Violence and sexual offences,Unable to prosecute suspect,
a868f723cf1f146d6b1b592d6dedbe9e6da7de805e370ec9ae1fdb3c81b02e6b,2021-06,Lancashire Constabulary,Lancashire Constabulary,-3.051922,53.822672,On or near Banks Street,E01012681,Blackpool 006A,Violence and sexual offences,Unable to prosecute suspect,
28558c41762491cc0f84767c634f40a6d842fa95bd88d3a65e898be566e66e51,2021-06,Lancashire Constabulary,Lancashire Constabulary,-3.051922,53.822672,On or near Banks Street,E01012681,Blackpool 006A,Violence and sexual offences,Unable to prosecute suspect,
a11e2040d146ad961eaa4c16bec2b2df17486c03760c74b5a8a40aaa4053a366,2021-06,Lancashire Constabulary,Lancashire Constabulary,-3.054704,53.823960,On or near Lansdowne Place,E01012681,Blackpool 006A,Violence and sexual offences,Status update unavailable,
76569b8769d2ff995319d9d05afb150b8b00bd14261a12d3e5937c9308893b23,2021-06,Lancashire Constabulary,Lancashire Constabulary,-3.054588,53.820554,On or near Nightclub,E01012681,Blackpool 006A,Violence and sexual offences,Investigation complete; no suspect identified,
541874f6d47fac51d24a6eeedd627c8ba49c88588769174d7a2b78eb142e3f9e,2021-06,Lancashire Constabulary,Lancashire Constabulary,-3.052173,53.820576,On or near Queen Street,E01012681,Blackpool 006A,Violence and sexual offences,Investigation complete; no suspect identified,
15d0794ff0e68b667ebfed583d29afab5c344d29310a7fdd3249bca0ada99fc9,2021-06,Lancashire Constabulary,Lancashire Constabulary,-3.051245,53.821716,On or near Springfield Road,E01012681,Blackpool 006A,Violence and sexual offences,Unable to prosecute suspect,
ec80c108c568afe4a609a0cccb7a7b8e18ceae9819045d029c71ac7aae2fd130,2021-06,Lancashire Constabulary,Lancashire Constabulary,-3.051288,53.821015,On or near Nightclub,E01012681,Blackpool 006A,Violence and sexual offences,Unable to prosecute suspect,
f4932b9c6612494349aa6cfbf4bcd2ffe3d9b8f6c2c8594893e9d5a23de1f3d3,2021-06,Lancashire Constabulary,Lancashire Constabulary,-3.054780,53.819744,On or near The Strand,E01012681,Blackpool 006A,Violence and sexual offences,Unable to prosecute suspect,
774c269ef96050f102fa656ee070d7393e35fbc9558f3ca367d48811ea50da09,2021-06,Lancashire Constabulary,Lancashire Constabulary,-3.052940,53.823921,On or near Yates Street,E01012681,Blackpool 006A,Violence and sexual offences,Investigation complete; no suspect identified,
1d173180a829368b56ab033ffa18c72eba61166b6116f5cc522e6cb76ff66af2,2021-06,Lancashire Constabulary,Lancashire Constabulary,-3.052173,53.820576,On or near Queen Street,E01012681,Blackpool 006A,Violence and sexual offences,Action to be taken by another organisation,
9f6856760279af6974a65361e1c0307e84f5e805c99be3188b6793a0718cc4b5,2021-06,Lancashire Constabulary,Lancashire Constabulary,-3.054780,53.819744,On or near The Strand,E01012681,Blackpool 006A,Violence and sexual offences,Investigation complete; no suspect identified,
56e5597b0339c4bf1df2dcb546589a195b334b8b74627dcdaa7a20772a43c979,2021-06,Lancashire Constabulary,Lancashire Constabulary,-3.053274,53.820269,On or near Abingdon Street,E01012681,Blackpool 006A,Violence and sexual offences,Unable to prosecute suspect,
ab4dd43979f21a9aedc8a370af701c71d2004a9d597411e2447cc8307ffaf727,2021-06,Lancashire Constabulary,Lancashire Constabulary,-3.052174,53.823029,On or near Lord Street,E01012681,Blackpool 006A,Violence and sexual offences,Investigation complete; no suspect identified,
f238c56e6a56fc8001ec42ef9347f437a65c46acb05c87b765e23c701bb5ab52,2021-06,Lancashire Constabulary,Lancashire Constabulary,-3.053849,53.822583,On or near Francis Street,E01012681,Blackpool 006A,Violence and sexual offences,Investigation complete; no suspect identified,
9611c7e508b55bba2a7ed6c49e82fda568138aee417739f37a21267e3671ebed,2021-06,Lancashire Constabulary,Lancashire Constabulary,-3.054780,53.819744,On or near The Strand,E01012681,Blackpool 006A,Violence and sexual offences,Investigation complete; no suspect identified,
921bb4785bebf3e9a66e86d6333c375dbf5ef5729f066744e720967ee4e15a78,2021-06,Lancashire Constabulary,Lancashire Constabulary,-3.052173,53.820576,On or near Queen Street,E01012681,Blackpool 006A,Violence and sexual offences,Investigation complete; no suspect identified,
2f58771b684b70598ad66b393f90bfb27d4fc1ce856ca56ee28b9e397f0c46e3,2021-06,Lancashire Constabulary,Lancashire Constabulary,-3.053626,53.820967,On or near Springfield Road,E01012681,Blackpool 006A,Violence and sexual offences,Court result unavailable,
,2021-06,Lancashire Constabulary,Lancashire Constabulary,-3.051678,53.829326,On or near Carshalton Road,E01012683,Blackpool 006B,Anti-social behaviour,,
,2021-06,Lancashire Constabulary,Lancashire Constabulary,-3.048554,53.827744,On or near Sherbourne Road,E01012683,Blackpool 006B,Anti-social behaviour,,
,2021-06,Lancashire Constabulary,Lancashire Constabulary,-3.051984,53.830006,On or near Boothroyden,E01012683,Blackpool 006B,Anti-social behaviour,,
,2021-06,Lancashire Constabulary,Lancashire Constabulary,-3.050853,53.828533,On or near Clevedon Road,E01012683,Blackpool 006B,Anti-social behaviour,,
,2021-06,Lancashire Constabulary,Lancashire Constabulary,-3.048554,53.827744,On or near Sherbourne Road,E01012683,Blackpool 006B,Anti-social behaviour,,
,2021-06,Lancashire Constabulary,Lancashire Constabulary,-3.050063,53.827308,On or near Cheltenham Road,E01012683,Blackpool 006B,Anti-social behaviour,,
,2021-06,Lancashire Constabulary,Lancashire Constabulary,-3.051678,53.829326,On or near Carshalton Road,E01012683,Blackpool 006B,Anti-social behaviour,,
,2021-06,Lancashire Constabulary,Lancashire Constabulary,-3.051678,53.829326,On or near Carshalton Road,E01012683,Blackpool 006B,Anti-social behaviour,,
,2021-06,Lancashire Constabulary,Lancashire Constabulary,-3.050853,53.828533,On or near Clevedon Road,E01012683,Blackpool 006B,Anti-social behaviour,,
,2021-06,Lancashire Constabulary,Lancashire Constabulary,-3.050853,53.828533,On or near Clevedon Road,E01012683,Blackpool 006B,Anti-social behaviour,,
,2021-06,Lancashire Constabulary,Lancashire Constabulary,-3.051180,53.830058,On or near St Paul'S Road,E01012683,Blackpool 006B,Anti-social behaviour,,
,2021-06,Lancashire Constabulary,Lancashire Constabulary,-3.051678,53.829326,On or near Carshalton Road,E01012683,Blackpool 006B,Anti-social behaviour,,
,2021-06,Lancashire Constabulary,Lancashire Constabulary,-3.050853,53.828533,On or near Clevedon Road,E01012683,Blackpool 006B,Anti-social behaviour,,
,2021-06,Lancashire Constabulary,Lancashire Constabulary,-3.050297,53.830003,On or near Sherbourne Road,E01012683,Blackpool 006B,Anti-social behaviour,,
,2021-06,Lancashire Constabulary,Lancashire Constabulary,-3.049274,53.830416,On or near Westminster Road,E01012683,Blackpool 006B,Anti-social behaviour,,
,2021-06,Lancashire Constabulary,Lancashire Constabulary,-3.051678,53.829326,On or near Carshalton Road,E01012683,Blackpool 006B,Anti-social behaviour,,
,2021-06,Lancashire Constabulary,Lancashire Constabulary,-3.051525,53.829866,On or near East Boothroyden,E01012683,Blackpool 006B,Anti-social behaviour,,
,2021-06,Lancashire Constabulary,Lancashire Constabulary,-3.050853,53.828533,On or near Clevedon Road,E01012683,Blackpool 006B,Anti-social behaviour,,
,2021-06,Lancashire Constabulary,Lancashire Constabulary,-3.050297,53.830003,On or near Sherbourne Road,E01012683,Blackpool 006B,Anti-social behaviour,,
,2021-06,Lancashire Constabulary,Lancashire Constabulary,-3.049728,53.826682,On or near Clifford Road,E01012683,Blackpool 006B,Anti-social behaviour,,
,2021-06,Lancashire Constabulary,Lancashire Constabulary,-3.050853,53.828533,On or near Clevedon Road,E01012683,Blackpool 006B,Anti-social behaviour,,
,2021-06,Lancashire Constabulary,Lancashire Constabulary,-3.051525,53.829866,On or near East Boothroyden,E01012683,Blackpool 006B,Anti-social behaviour,,
,2021-06,Lancashire Constabulary,Lancashire Constabulary,-3.049728,53.826682,On or near Clifford Road,E01012683,Blackpool 006B,Anti-social behaviour,,
,2021-06,Lancashire Constabulary,Lancashire Constabulary,-3.049658,53.828139,On or near Chesterfield Road,E01012683,Blackpool 006B,Anti-social behaviour,,
5e9e7660ec59c10cfe30afa3817266711acea4ea109c8913fb8568a5ca8ff572,2021-06,Lancashire Constabulary,Lancashire Constabulary,-3.049274,53.830416,On or near Westminster Road,E01012683,Blackpool 006B,Burglary,Status update unavailable,
8690fd8fb88c6cc91c7d79c4b5f7377542f22a4170cac910ec70b11b6816b994,2021-06,Lancashire Constabulary,Lancashire Constabulary,-3.049658,53.828139,On or near Chesterfield Road,E01012683,Blackpool 006B,Burglary,Unable to prosecute suspect,
d92c3f2f31ca7e00168d16edebab8df2cf4f7560ce1fb11c9524e61635b6b5d3,2021-06,Lancashire Constabulary,Lancashire Constabulary,-3.050853,53.828533,On or near Clevedon Road,E01012683,Blackpool 006B,Burglary,Investigation complete; no suspect identified,
376a02f5338023b66657e2fd47792ad405e6901f584d032535deeb2e6a562b8d,2021-06,Lancashire Constabulary,Lancashire Constabulary,-3.051678,53.829326,On or near Carshalton Road,E01012683,Blackpool 006B,Criminal damage and arson,Court result unavailable,
39c50f52e12b8b5b2d6f9f2a07da52f112f9c197914da48b3aae475cac734019,2021-06,Lancashire Constabulary,Lancashire Constabulary,-3.051678,53.829326,On or near Carshalton Road,E01012683,Blackpool 006B,Criminal damage and arson,Court result unavailable,
86a7f318f3cf4393f3566fe520147d48e7b595b62a9f50504b45d99de4c5390a,2021-06,Lancashire Constabulary,Lancashire Constabulary,-3.050853,53.828533,On or near Clevedon Road,E01012683,Blackpool 006B,Criminal damage and arson,Unable to prosecute suspect,
f86adb4fddd584b7629e8bf1db871ed5bbbc045e1e02e7284616e50e78641bfc,2021-06,Lancashire Constabulary,Lancashire Constabulary,-3.050063,53.827308,On or near Cheltenham Road,E01012683,Blackpool 006B,Drugs,Status update unavailable,
682729685936c36992ac5f2d576fe25e3d5d715d3f6f1dcd90d3306e10676381,2021-06,Lancashire Constabulary,Lancashire Constabulary,-3.048554,53.827744,On or near Sherbourne Road,E01012683,Blackpool 006B,Other theft,Unable to prosecute suspect,
8649cc60a9d57869415260fd98c6959eb0b7cf0e2fc20a969f1c7ca63123955d,2021-06,Lancashire Constabulary,Lancashire Constabulary,-3.050297,53.830003,On or near Sherbourne Road,E01012683,Blackpool 006B,Other theft,Unable to prosecute suspect,
20ecd00b22f6685ea619901acd7b10f819b85c8e4bef8c6005004dba4c0db646,2021-06,Lancashire Constabulary,Lancashire Constabulary,-3.051180,53.830058,On or near St Paul'S Road,E01012683,Blackpool 006B,Other theft,Unable to prosecute suspect,
75a6e4e66e0f89fd0e789524f782e2d893d4975fc32604227c7a621304615844,2021-06,Lancashire Constabulary,Lancashire Constabulary,-3.051678,53.829326,On or near Carshalton Road,E01012683,Blackpool 006B,Public order,Further investigation is not in the public interest,
d0625983343f78994e8d1c3758a998094c5b787128d53e7f34675475744e1928,2021-06,Lancashire Constabulary,Lancashire Constabulary,-3.049728,53.826682,On or near Clifford Road,E01012683,Blackpool 006B,Public order,Further investigation is not in the public interest,
c4e9055abf74d1edea4f783a87f938ccc65724b0fe1a34833e2d832fcaacd81f,2021-06,Lancashire Constabulary,Lancashire Constabulary,-3.050853,53.828533,On or near Clevedon Road,E01012683,Blackpool 006B,Public order,Status update unavailable,
9f5d24203d3015cf12e37d48735943a172420222ff622a50637d9625dd342eea,2021-06,Lancashire Constabulary,Lancashire Constabulary,-3.051678,53.829326,On or near Carshalton Road,E01012683,Blackpool 006B,Violence and sexual offences,Unable to prosecute suspect,
db5e9f5a53b1d95786c3684c2dbf494cc47ad4c0387a2a2a2ce2d3222e923bf1,2021-06,Lancashire Constabulary,Lancashire Constabulary,-3.049728,53.826682,On or near Clifford Road,E01012683,Blackpool 006B,Violence and sexual offences,Unable to prosecute suspect,
9fe7246dac3c1d7af28c91714a0c1a59245ea17a74d3468a9cad6135279a5470,2021-06,Lancashire Constabulary,Lancashire Constabulary,-3.051984,53.830006,On or near Boothroyden,E01012683,Blackpool 006B,Violence and sexual offences,Local resolution,
eb38c9572930ec926ac57440817d208a3081d3e2e766e442b2d4503d7dc5d7eb,2021-06,Lancashire Constabulary,Lancashire Constabulary,-3.049728,53.826682,On or near Clifford Road,E01012683,Blackpool 006B,Violence and sexual offences,Unable to prosecute suspect,
ea3f07c184e60c85f43c015cde945a07f0560b3abf450a5225d54741e72ceadc,2021-06,Lancashire Constabulary,Lancashire Constabulary,-3.050297,53.830003,On or near Sherbourne Road,E01012683,Blackpool 006B,Violence and sexual offences,Further investigation is not in the public interest,
d2f2922e960b778a84c0c97872727c5a5dd46b9981c52d5099bd209b66dd8193,2021-06,Lancashire Constabulary,Lancashire Constabulary,-3.044615,53.830637,On or near Sports/Recreation Area,E01012683,Blackpool 006B,Violence and sexual offences,Local resolution,
fa90da915fb5a0489e6d8bd7936825de1d9ab8a35296a357ee7105c7e97fdf3a,2021-06,Lancashire Constabulary,Lancashire Constabulary,-3.051678,53.829326,On or near Carshalton Road,E01012683,Blackpool 006B,Violence and sexual offences,Unable to prosecute suspect,
28c2c836312f4ecc5c733a4ccd9a887defa010d6f49a26227759fcab8c23bb3b,2021-06,Lancashire Constabulary,Lancashire Constabulary,-3.051678,53.829326,On or near Carshalton Road,E01012683,Blackpool 006B,Violence and sexual offences,Unable to prosecute suspect,
15772778e284434e57c3fc8777ec18d3305f0ce17725ac4ff2f390fd19519210,2021-06,Lancashire Constabulary,Lancashire Constabulary,-3.051678,53.829326,On or near Carshalton Road,E01012683,Blackpool 006B,Violence and sexual offences,Unable to prosecute suspect,
9ac4c4d0a369aff7de35ece05567844845001f7850a45105fde11d64b95f9abd,2021-06,Lancashire Constabulary,Lancashire Constabulary,-3.048554,53.827744,On or near Sherbourne Road,E01012683,Blackpool 006B,Violence and sexual offences,Unable to prosecute suspect,
acff08d87f935be4d0494f29a3db53c5726f1e505132749c3004e28997bf5e51,2021-06,Lancashire Constabulary,Lancashire Constabulary,-3.050063,53.827308,On or near Cheltenham Road,E01012683,Blackpool 006B,Violence and sexual offences,Investigation complete; no suspect identified,
136289f06beec173438cad00977f3801f035844dca95941a517849e78d51d8cd,2021-06,Lancashire Constabulary,Lancashire Constabulary,-3.051678,53.829326,On or near Carshalton Road,E01012683,Blackpool 006B,Violence and sexual offences,Status update unavailable,
f11cb7ae97cb2eebf0b78224fdff81b4bed28a0a77d235375cab3384a4c9a0c1,2021-06,Lancashire Constabulary,Lancashire Constabulary,-3.052208,53.828027,On or near Egerton Road,E01012683,Blackpool 006B,Violence and sexual offences,Unable to prosecute suspect,
badc5a898361d7da86a010199e9169513875af91e9e7113fed4a7f981c306a5a,2021-06,Lancashire Constabulary,Lancashire Constabulary,-3.051678,53.829326,On or near Carshalton Road,E01012683,Blackpool 006B,Violence and sexual offences,Unable to prosecute suspect,
1cd15e78e8222108a557147157d915a3d3c9d12b5bed41b0f25c954bfc24e011,2021-06,Lancashire Constabulary,Lancashire Constabulary,-3.049274,53.830416,On or near Westminster Road,E01012683,Blackpool 006B,Violence and sexual offences,Further investigation is not in the public interest,
7e5aecd57bcab6407b6bec0d99a081020d2e593724a37f5900a87ea8e8b6bfee,2021-06,Lancashire Constabulary,Lancashire Constabulary,-3.049728,53.826682,On or near Clifford Road,E01012683,Blackpool 006B,Violence and sexual offences,Status update unavailable,
1e0e7877eeee33eb14d9492734d82499cc3f3b71cbc2c67316eddf5d51f932a6,2021-06,Lancashire Constabulary,Lancashire Constabulary,-3.051678,53.829326,On or near Carshalton Road,E01012683,Blackpool 006B,Violence and sexual offences,Unable to prosecute suspect,
,2021-06,Lancashire Constabulary,Lancashire Constabulary,-3.053283,53.829698,On or near Dickson Road,E01012748,Blackpool 006C,Anti-social behaviour,,
,2021-06,Lancashire Constabulary,Lancashire Constabulary,-3.054690,53.833092,On or near A584,E01012748,Blackpool 006C,Anti-social behaviour,,
,2021-06,Lancashire Constabulary,Lancashire Constabulary,-3.054620,53.831511,On or near Gynn Avenue,E01012748,Blackpool 006C,Anti-social behaviour,,
,2021-06,Lancashire Constabulary,Lancashire Constabulary,-3.052625,53.831933,On or near Ormond Avenue,E01012748,Blackpool 006C,Anti-social behaviour,,
,2021-06,Lancashire Constabulary,Lancashire Constabulary,-3.050009,53.831237,On or near Northfield Avenue,E01012748,Blackpool 006C,Anti-social behaviour,,
,2021-06,Lancashire Constabulary,Lancashire Constabulary,-3.054620,53.831511,On or near Gynn Avenue,E01012748,Blackpool 006C,Anti-social behaviour,,
,2021-06,Lancashire Constabulary,Lancashire Constabulary,-3.053688,53.833739,On or near Willshaw Road,E01012748,Blackpool 006C,Anti-social behaviour,,
,2021-06,Lancashire Constabulary,Lancashire Constabulary,-3.054620,53.831511,On or near Gynn Avenue,E01012748,Blackpool 006C,Anti-social behaviour,,
,2021-06,Lancashire Constabulary,Lancashire Constabulary,-3.054620,53.831511,On or near Gynn Avenue,E01012748,Blackpool 006C,Anti-social behaviour,,
,2021-06,Lancashire Constabulary,Lancashire Constabulary,-3.054620,53.831511,On or near Gynn Avenue,E01012748,Blackpool 006C,Anti-social behaviour,,
,2021-06,Lancashire Constabulary,Lancashire Constabulary,-3.052237,53.835262,On or near King Edward Avenue,E01012748,Blackpool 006C,Anti-social behaviour,,
,2021-06,Lancashire Constabulary,Lancashire Constabulary,-3.052855,53.834457,On or near King George Avenue,E01012748,Blackpool 006C,Anti-social behaviour,,
,2021-06,Lancashire Constabulary,Lancashire Constabulary,-3.054333,53.833392,On or near Parking Area,E01012748,Blackpool 006C,Anti-social behaviour,,
,2021-06,Lancashire Constabulary,Lancashire Constabulary,-3.052625,53.831933,On or near Ormond Avenue,E01012748,Blackpool 006C,Anti-social behaviour,,
,2021-06,Lancashire Constabulary,Lancashire Constabulary,-3.053283,53.829698,On or near Dickson Road,E01012748,Blackpool 006C,Anti-social behaviour,,
,2021-06,Lancashire Constabulary,Lancashire Constabulary,-3.053283,53.829698,On or near Dickson Road,E01012748,Blackpool 006C,Anti-social behaviour,,
,2021-06,Lancashire Constabulary,Lancashire Constabulary,-3.052237,53.835262,On or near King Edward Avenue,E01012748,Blackpool 006C,Anti-social behaviour,,
,2021-06,Lancashire Constabulary,Lancashire Constabulary,-3.050009,53.831237,On or near Northfield Avenue,E01012748,Blackpool 006C,Anti-social behaviour,,
,2021-06,Lancashire Constabulary,Lancashire Constabulary,-3.052079,53.832603,On or near Finchley Road,E01012748,Blackpool 006C,Anti-social behaviour,,
,2021-06,Lancashire Constabulary,Lancashire Constabulary,-3.052237,53.835262,On or near King Edward Avenue,E01012748,Blackpool 006C,Anti-social behaviour,,
,2021-06,Lancashire Constabulary,Lancashire Constabulary,-3.053283,53.829698,On or near Dickson Road,E01012748,Blackpool 006C,Anti-social behaviour,,
,2021-06,Lancashire Constabulary,Lancashire Constabulary,-3.053283,53.829698,On or near Dickson Road,E01012748,Blackpool 006C,Anti-social behaviour,,
13efb50f37217411ba9c975ab8bdf9153c345350072bf8c1f2f2bd26e5af1d5a,2021-06,Lancashire Constabulary,Lancashire Constabulary,-3.053283,53.829698,On or near Dickson Road,E01012748,Blackpool 006C,Criminal damage and arson,Unable to prosecute suspect,
965d65fb5481a1ec637daf0c084fd44bc5101772acb05700928c9b8f92e60810,2021-06,Lancashire Constabulary,Lancashire Constabulary,-3.053028,53.832873,On or near Park/Open Space,E01012748,Blackpool 006C,Criminal damage and arson,Unable to prosecute suspect,
68c5a989986aa9945198f5d6f123724550c3ff098f42cd4d8ebdc27af8676762,2021-06,Lancashire Constabulary,Lancashire Constabulary,-3.052237,53.835262,On or near King Edward Avenue,E01012748,Blackpool 006C,Criminal damage and arson,Status update unavailable,
383347a838702edfae3691bac9986beef23cf43efcd4b3a517db8ee4aa6a89bb,2021-06,Lancashire Constabulary,Lancashire Constabulary,-3.052237,53.835262,On or near King Edward Avenue,E01012748,Blackpool 006C,Criminal damage and arson,Investigation complete; no suspect identified,
ba93bdeab6d73b5f85aa60cb02dcdedd24b39f1f584454537fa8f4126f820881,2021-06,Lancashire Constabulary,Lancashire Constabulary,-3.050009,53.831237,On or near Northfield Avenue,E01012748,Blackpool 006C,Other theft,Investigation complete; no suspect identified,
75394189beb2c188f8deb3f849a3d093694d466d327f973fb0c2c18724a01467,2021-06,Lancashire Constabulary,Lancashire Constabulary,-3.053283,53.829698,On or near Dickson Road,E01012748,Blackpool 006C,Shoplifting,Status update unavailable,
3d6e6967362d96e05795ce2dad6ad7e4590945c381d2ca15c2df448c07465875,2021-06,Lancashire Constabulary,Lancashire Constabulary,-3.052625,53.831933,On or near Ormond Avenue,E01012748,Blackpool 006C,Vehicle crime,Investigation complete; no suspect identified,
6a9a4fa99c1c9e9f9df019f8bb5de0fb061c02dd9b65907f30945b7c1c3fdc5d,2021-06,Lancashire Constabulary,Lancashire Constabulary,-3.053283,53.829698,On or near Dickson Road,E01012748,Blackpool 006C,Violence and sexual offences,Unable to prosecute suspect,
b2254f7287ae6092ed910c05c05fb32d0ea0e8fbc62702f4a42660ab0f23d86b,2021-06,Lancashire Constabulary,Lancashire Constabulary,-3.052855,53.834457,On or near King George Avenue,E01012748,Blackpool 006C,Violence and sexual offences,Unable to prosecute suspect,
b1a1b921d8539b0080b100a49828d3e7003de4438aab282a5c01517a4b1e88a0,2021-06,Lancashire Constabulary,Lancashire Constabulary,-3.052855,53.834457,On or near King George Avenue,E01012748,Blackpool 006C,Violence and sexual offences,Status update unavailable,
15d91e3e3b87411f58292a42fba705e5b7604277d028fb2a02f46be782c2ded4,2021-06,Lancashire Constabulary,Lancashire Constabulary,-3.054620,53.831511,On or near Gynn Avenue,E01012748,Blackpool 006C,Violence and sexual offences,Unable to prosecute suspect,
45e2c33febc94268afd1fb255145354d98de3501a889922d158dab24971e7a0c,2021-06,Lancashire Constabulary,Lancashire Constabulary,-3.053283,53.829698,On or near Dickson Road,E01012748,Blackpool 006C,Violence and sexual offences,Court result unavailable,
e53bd2725e12ce89bcd0c58eaeadf6693af3844b0eeeb69959aa6af34ffa5da8,2021-06,Lancashire Constabulary,Lancashire Constabulary,-3.053283,53.829698,On or near Dickson Road,E01012748,Blackpool 006C,Violence and sexual offences,Unable to prosecute suspect,
e657170c5ea71e614de9acb1a0de70822f36d8238725fb87af578e3dd01d63ab,2021-06,Lancashire Constabulary,Lancashire Constabulary,-3.053283,53.829698,On or near Dickson Road,E01012748,Blackpool 006C,Violence and sexual offences,Unable to prosecute suspect,
d4fae25570671d620fd2cc16d4e9200c97f63726d870563d9eb094b3c92d0ae5,2021-06,Lancashire Constabulary,Lancashire Constabulary,-3.054620,53.831511,On or near Gynn Avenue,E01012748,Blackpool 006C,Violence and sexual offences,Unable to prosecute suspect,
c0e9b5c17c280ecfaa00bfb44a0dd8fc19a1fee7eb5c0e54f156a941ce57d57e,2021-06,Lancashire Constabulary,Lancashire Constabulary,-3.053283,53.829698,On or near Dickson Road,E01012748,Blackpool 006C,Violence and sexual offences,Unable to prosecute suspect,
413eb78f4eada6a804455bce1c9059a4e23b6bdeec6f2a1c24864e75ccf88fc9,2021-06,Lancashire Constabulary,Lancashire Constabulary,-3.054620,53.831511,On or near Gynn Avenue,E01012748,Blackpool 006C,Violence and sexual offences,Unable to prosecute suspect,
9cc8161f4419fdeba09c182bd4cdee6183473075ab174bb589fb16ededda1cfa,2021-06,Lancashire Constabulary,Lancashire Constabulary,-3.052855,53.834457,On or near King George Avenue,E01012748,Blackpool 006C,Violence and sexual offences,Unable to prosecute suspect,
37b8c4ff1ed7c01bae07e42be7c297edb8705cf29fe7c54b1461a72a4d691d08,2021-06,Lancashire Constabulary,Lancashire Constabulary,-3.050009,53.831237,On or near Northfield Avenue,E01012748,Blackpool 006C,Violence and sexual offences,Unable to prosecute suspect,
,2021-06,Lancashire Constabulary,Lancashire Constabulary,-3.052629,53.836939,On or near Northumberland Avenue,E01012749,Blackpool 006D,Anti-social behaviour,,
,2021-06,Lancashire Constabulary,Lancashire Constabulary,-3.054744,53.835824,On or near Queen'S Promenade,E01012749,Blackpool 006D,Anti-social behaviour,,
,2021-06,Lancashire Constabulary,Lancashire Constabulary,-3.052629,53.836939,On or near Northumberland Avenue,E01012749,Blackpool 006D,Anti-social behaviour,,
,2021-06,Lancashire Constabulary,Lancashire Constabulary,-3.052629,53.836939,On or near Northumberland Avenue,E01012749,Blackpool 006D,Anti-social behaviour,,
,2021-06,Lancashire Constabulary,Lancashire Constabulary,-3.052629,53.836939,On or near Northumberland Avenue,E01012749,Blackpool 006D,Anti-social behaviour,,
,2021-06,Lancashire Constabulary,Lancashire Constabulary,-3.054744,53.835824,On or near Queen'S Promenade,E01012749,Blackpool 006D,Anti-social behaviour,,
,2021-06,Lancashire Constabulary,Lancashire Constabulary,-3.051977,53.839417,On or near Carlin Gate,E01012749,Blackpool 006D,Anti-social behaviour,,
,2021-06,Lancashire Constabulary,Lancashire Constabulary,-3.054744,53.835824,On or near Queen'S Promenade,E01012749,Blackpool 006D,Anti-social behaviour,,
,2021-06,Lancashire Constabulary,Lancashire Constabulary,-3.049355,53.840339,On or near Cornwall Avenue,E01012749,Blackpool 006D,Anti-social behaviour,,
,2021-06,Lancashire Constabulary,Lancashire Constabulary,-3.054744,53.835824,On or near Queen'S Promenade,E01012749,Blackpool 006D,Anti-social behaviour,,
,2021-06,Lancashire Constabulary,Lancashire Constabulary,-3.052629,53.836939,On or near Northumberland Avenue,E01012749,Blackpool 006D,Anti-social behaviour,,
,2021-06,Lancashire Constabulary,Lancashire Constabulary,-3.054744,53.835824,On or near Queen'S Promenade,E01012749,Blackpool 006D,Anti-social behaviour,,
,2021-06,Lancashire Constabulary,Lancashire Constabulary,-3.054744,53.835824,On or near Queen'S Promenade,E01012749,Blackpool 006D,Anti-social behaviour,,
,2021-06,Lancashire Constabulary,Lancashire Constabulary,-3.052629,53.836939,On or near Northumberland Avenue,E01012749,Blackpool 006D,Anti-social behaviour,,
,2021-06,Lancashire Constabulary,Lancashire Constabulary,-3.052293,53.841104,On or near Wolverton Avenue,E01012749,Blackpool 006D,Anti-social behaviour,,
,2021-06,Lancashire Constabulary,Lancashire Constabulary,-3.052629,53.836939,On or near Northumberland Avenue,E01012749,Blackpool 006D,Anti-social behaviour,,
,2021-06,Lancashire Constabulary,Lancashire Constabulary,-3.049355,53.840339,On or near Cornwall Avenue,E01012749,Blackpool 006D,Anti-social behaviour,,
,2021-06,Lancashire Constabulary,Lancashire Constabulary,-3.052629,53.836939,On or near Northumberland Avenue,E01012749,Blackpool 006D,Anti-social behaviour,,
,2021-06,Lancashire Constabulary,Lancashire Constabulary,-3.050596,53.836472,On or near Warbreck Drive,E01012749,Blackpool 006D,Anti-social behaviour,,
,2021-06,Lancashire Constabulary,Lancashire Constabulary,-3.052293,53.841104,On or near Wolverton Avenue,E01012749,Blackpool 006D,Anti-social behaviour,,
,2021-06,Lancashire Constabulary,Lancashire Constabulary,-3.050596,53.836472,On or near Warbreck Drive,E01012749,Blackpool 006D,Anti-social behaviour,,
,2021-06,Lancashire Constabulary,Lancashire Constabulary,-3.052293,53.841104,On or near Wolverton Avenue,E01012749,Blackpool 006D,Anti-social behaviour,,
,2021-06,Lancashire Constabulary,Lancashire Constabulary,-3.052629,53.836939,On or near Northumberland Avenue,E01012749,Blackpool 006D,Anti-social behaviour,,
,2021-06,Lancashire Constabulary,Lancashire Constabulary,-3.052629,53.836939,On or near Northumberland Avenue,E01012749,Blackpool 006D,Anti-social behaviour,,
80d764529a712afa44c5606ac46a714481b55f3684d17b94a451c68d5e5f84f9,2021-06,Lancashire Constabulary,Lancashire Constabulary,-3.052629,53.836939,On or near Northumberland Avenue,E01012749,Blackpool 006D,Other theft,Investigation complete; no suspect identified,
bf29d48ee663f7750b7c558df50620fb8a80dbf49cc8afca60b424952b41ecaa,2021-06,Lancashire Constabulary,Lancashire Constabulary,-3.052629,53.836939,On or near Northumberland Avenue,E01012749,Blackpool 006D,Public order,Status update unavailable,
5da817e4e09dbab2c960b42abbdc43eedce67c149c760a19a8e0286d9b6b6d38,2021-06,Lancashire Constabulary,Lancashire Constabulary,-3.052293,53.841104,On or near Wolverton Avenue,E01012749,Blackpool 006D,Public order,Status update unavailable,
e640383a35d43f2f5b40644857ad36f873569565107fea4057c9183cd696cf46,2021-06,Lancashire Constabulary,Lancashire Constabulary,-3.050596,53.836472,On or near Warbreck Drive,E01012749,Blackpool 006D,Public order,Investigation complete; no suspect identified,
3e6688e803f23633e51e5d2693766d050374083e566fce4eaa76b930e7db0aca,2021-06,Lancashire Constabulary,Lancashire Constabulary,-3.052629,53.836939,On or near Northumberland Avenue,E01012749,Blackpool 006D,Public order,Investigation complete; no suspect identified,
1af22e20179b35b871d0edcbbf72987fe59c603c4b8f6bd8c9260754e435644b,2021-06,Lancashire Constabulary,Lancashire Constabulary,-3.052699,53.836112,On or near Empress Drive,E01012749,Blackpool 006D,Violence and sexual offences,Unable to prosecute suspect,
45881b921707aff63c50c02456eb14fd9dd0e74a762e43831b3f0c8999957197,2021-06,Lancashire Constabulary,Lancashire Constabulary,-3.052629,53.836939,On or near Northumberland Avenue,E01012749,Blackpool 006D,Violence and sexual offences,Unable to prosecute suspect,
accbb821c19536e7da93351740ca1d74792b318e696ff79ae14163e6f50502dc,2021-06,Lancashire Constabulary,Lancashire Constabulary,-3.052699,53.836112,On or near Empress Drive,E01012749,Blackpool 006D,Violence and sexual offences,Unable to prosecute suspect,
ce5706ee74b2debcca891097c07d27be8342ce5e2fc1160c531134bf77a83c95,2021-06,Lancashire Constabulary,Lancashire Constabulary,-3.052629,53.836939,On or near Northumberland Avenue,E01012749,Blackpool 006D,Violence and sexual offences,Court result unavailable,
15c72cba40c09c32c816e3a988a2487f70e147690e3de62fa1e906d391bdfe37,2021-06,Lancashire Constabulary,Lancashire Constabulary,-3.052629,53.836939,On or near Northumberland Avenue,E01012749,Blackpool 006D,Violence and sexual offences,Unable to prosecute suspect,
dc3480805900f73d6b238ae5b34506f3286d2213a10687d46cfc50312354e4d2,2021-06,Lancashire Constabulary,Lancashire Constabulary,-3.050596,53.836472,On or near Warbreck Drive,E01012749,Blackpool 006D,Violence and sexual offences,Further investigation is not in the public interest,
4b205cd85c5f67b29bce7920f04997ec7ea828171e3674f6a39b8072f22bd0e7,2021-06,Lancashire Constabulary,Lancashire Constabulary,-3.049355,53.840339,On or near Cornwall Avenue,E01012749,Blackpool 006D,Violence and sexual offences,Further investigation is not in the public interest,
eb9144a6a26850c3694d159c24cec132e4927e7e24b15487ec344de201b86c7b,2021-06,Lancashire Constabulary,Lancashire Constabulary,-3.050596,53.836472,On or near Warbreck Drive,E01012749,Blackpool 006D,Violence and sexual offences,Unable to prosecute suspect,
633103aa20b2d6663475f78eb12d641313c5a2b001a458651b11a9832e9dd1cd,2021-06,Lancashire Constabulary,Lancashire Constabulary,-3.051977,53.839417,On or near Carlin Gate,E01012749,Blackpool 006D,Violence and sexual offences,Unable to prosecute suspect,
e9f03585afd65798b4b454c1b8d5156cc299a1319079796d9c2821b68dae572d,2021-06,Lancashire Constabulary,Lancashire Constabulary,-3.052364,53.836061,On or near Holmfield Road,E01012749,Blackpool 006D,Violence and sexual offences,Further investigation is not in the public interest,
870c58c161394f061f69d5511869cb6759c613f3b39bd120555897facf371efb,2021-06,Lancashire Constabulary,Lancashire Constabulary,-3.050596,53.836472,On or near Warbreck Drive,E01012749,Blackpool 006D,Violence and sexual offences,Investigation complete; no suspect identified,
2898b333c58b4c181e5ce651c0513ca882567c5ce084e99b4ab531f7b9e71db4,2021-06,Lancashire Constabulary,Lancashire Constabulary,-3.049355,53.840339,On or near Cornwall Avenue,E01012749,Blackpool 006D,Violence and sexual offences,Unable to prosecute suspect,
1e2a4b1e48bccd0a90b5bd1d3209d4c609410365f4406af98ab5accc8b022513,2021-06,Lancashire Constabulary,Lancashire Constabulary,-3.050596,53.836472,On or near Warbreck Drive,E01012749,Blackpool 006D,Violence and sexual offences,Further investigation is not in the public interest,
4a2cf773b533d9ec95780adf06b43eb2b2a00d4a465dcbadc59c02d39ae25085,2021-06,Lancashire Constabulary,Lancashire Constabulary,-3.051977,53.839417,On or near Carlin Gate,E01012749,Blackpool 006D,Violence and sexual offences,Unable to prosecute suspect,
cfd61feb62985339d98862b7fdce3cb0eca37cfafcf7bd8fc3ada992b026f81e,2021-06,Lancashire Constabulary,Lancashire Constabulary,-3.050596,53.836472,On or near Warbreck Drive,E01012749,Blackpool 006D,Violence and sexual offences,Unable to prosecute suspect,
4b242b890672e1d52cf028b00ac3cd24e117a0a9f4aa863958e4927b0d8b1cca,2021-06,Lancashire Constabulary,Lancashire Constabulary,-3.052364,53.836061,On or near Holmfield Road,E01012749,Blackpool 006D,Violence and sexual offences,Further investigation is not in the public interest,
c9984dee9f7ccae73f22358b3dfc18a9173c246894d155ea3434dc44079cb6b0,2021-06,Lancashire Constabulary,Lancashire Constabulary,-3.050596,53.836472,On or near Warbreck Drive,E01012749,Blackpool 006D,Violence and sexual offences,Unable to prosecute suspect,
47f240f71a3ae37a1de7385f0acd54157590cd7868bc0fc6c2dd856730f10a91,2021-06,Lancashire Constabulary,Lancashire Constabulary,-3.052293,53.841104,On or near Wolverton Avenue,E01012749,Blackpool 006D,Violence and sexual offences,Unable to prosecute suspect,
287412977bd5150f3f662e08df95ce742c9811cfcc805c50843fcc718354f236,2021-06,Lancashire Constabulary,Lancashire Constabulary,-3.051977,53.839417,On or near Carlin Gate,E01012749,Blackpool 006D,Violence and sexual offences,Unable to prosecute suspect,
d6bec9496d922ace9cd225d05aa255cf63fb325095fe9a966aa0cc7a537f9f85,2021-06,Lancashire Constabulary,Lancashire Constabulary,-3.052393,53.840276,On or near St Stephen'S Avenue,E01012749,Blackpool 006D,Violence and sexual offences,Unable to prosecute suspect,
,2021-06,Lancashire Constabulary,Lancashire Constabulary,-3.026173,53.826419,On or near Grange Road,E01012707,Blackpool 007A,Anti-social behaviour,,
,2021-06,Lancashire Constabulary,Lancashire Constabulary,-3.029161,53.824982,On or near Rathlyn Avenue,E01012707,Blackpool 007A,Anti-social behaviour,,
,2021-06,Lancashire Constabulary,Lancashire Constabulary,-3.027165,53.829736,On or near Melrose Avenue,E01012707,Blackpool 007A,Anti-social behaviour,,
,2021-06,Lancashire Constabulary,Lancashire Constabulary,-3.028013,53.827140,On or near Kingscote Drive,E01012707,Blackpool 007A,Anti-social behaviour,,
,2021-06,Lancashire Constabulary,Lancashire Constabulary,-3.029161,53.824982,On or near Rathlyn Avenue,E01012707,Blackpool 007A,Anti-social behaviour,,
,2021-06,Lancashire Constabulary,Lancashire Constabulary,-3.027165,53.829736,On or near Melrose Avenue,E01012707,Blackpool 007A,Anti-social behaviour,,
,2021-06,Lancashire Constabulary,Lancashire Constabulary,-3.027165,53.829736,On or near Melrose Avenue,E01012707,Blackpool 007A,Anti-social behaviour,,
ba6d7a7c4892f84062349f01a0d87749bb9d2fd2a759229192099afe892e4b4a,2021-06,Lancashire Constabulary,Lancashire Constabulary,-3.025301,53.827424,On or near Caton Grove,E01012707,Blackpool 007A,Public order,Unable to prosecute suspect,
af8e7029b133c545fc9ba1e83c85b363219357aee8d9c8136655a505ccad14e6,2021-06,Lancashire Constabulary,Lancashire Constabulary,-3.029161,53.824982,On or near Rathlyn Avenue,E01012707,Blackpool 007A,Public order,Further investigation is not in the public interest,
4ab18db938d3f03c887ca3a51ae835c533a2105b416cb743c74db1906e694029,2021-06,Lancashire Constabulary,Lancashire Constabulary,-3.026350,53.827451,On or near Shenstone Road,E01012707,Blackpool 007A,Violence and sexual offences,Status update unavailable,
68174c48a9cd8e240c5b6ece229316e0b7c4b606b053793190c3746982e45c6e,2021-06,Lancashire Constabulary,Lancashire Constabulary,-3.026350,53.827451,On or near Shenstone Road,E01012707,Blackpool 007A,Violence and sexual offences,Unable to prosecute suspect,
a6d2c876bb621b9c43294685b8c7d3703cbf3cffcefc3d5f09ceea7b66349097,2021-06,Lancashire Constabulary,Lancashire Constabulary,-3.028013,53.827140,On or near Kingscote Drive,E01012707,Blackpool 007A,Violence and sexual offences,Investigation complete; no suspect identified,
3df46adc6b620d45a3ab40d838efb15c59d4f7d99b7f6631fcdb053e1c84a0b0,2021-06,Lancashire Constabulary,Lancashire Constabulary,-3.026350,53.827451,On or near Shenstone Road,E01012707,Blackpool 007A,Violence and sexual offences,Unable to prosecute suspect,
6c048147c9c90e4fafa97c0a16478f3b8ef1c66aaaeea69aae894bfe3be6f33b,2021-06,Lancashire Constabulary,Lancashire Constabulary,-3.029515,53.830120,On or near Norwood Avenue,E01012707,Blackpool 007A,Violence and sexual offences,Unable to prosecute suspect,
01c33de15cf0957e8b2a0da42fcbb2e98a4d83aff7504defbdca50403c0e4d3e,2021-06,Lancashire Constabulary,Lancashire Constabulary,-3.029043,53.830717,On or near Highbury Avenue,E01012707,Blackpool 007A,Other crime,Investigation complete; no suspect identified,
,2021-06,Lancashire Constabulary,Lancashire Constabulary,-3.013472,53.826455,On or near Bertrand Avenue,E01012720,Blackpool 007B,Anti-social behaviour,,
,2021-06,Lancashire Constabulary,Lancashire Constabulary,-3.013472,53.826455,On or near Bertrand Avenue,E01012720,Blackpool 007B,Anti-social behaviour,,
,2021-06,Lancashire Constabulary,Lancashire Constabulary,-3.013667,53.833257,On or near Overdale Grove,E01012720,Blackpool 007B,Anti-social behaviour,,
,2021-06,Lancashire Constabulary,Lancashire Constabulary,-3.015394,53.829270,On or near Calvert Place,E01012720,Blackpool 007B,Anti-social behaviour,,
,2021-06,Lancashire Constabulary,Lancashire Constabulary,-3.014024,53.829173,On or near Dinmore Place,E01012720,Blackpool 007B,Anti-social behaviour,,
0baf76f9ada50dfb34a2d816af1a08d57d98d378d1efca1ae47e153c287932d0,2021-06,Lancashire Constabulary,Lancashire Constabulary,-3.016957,53.830443,On or near Convent Crescent,E01012720,Blackpool 007B,Burglary,Investigation complete; no suspect identified,
c3f75ba75118106bb5324d4e91eeeed8ccca53cb3a66ed3b533aac4c7d1c130e,2021-06,Lancashire Constabulary,Lancashire Constabulary,-3.016957,53.830443,On or near Convent Crescent,E01012720,Blackpool 007B,Criminal damage and arson,Unable to prosecute suspect,
a1993017725fa494b547e3056ae2cbbdab778427e6a31a31b5369c535166f9a6,2021-06,Lancashire Constabulary,Lancashire Constabulary,-3.016957,53.830443,On or near Convent Crescent,E01012720,Blackpool 007B,Criminal damage and arson,Investigation complete; no suspect identified,
478e110b5f0289e70e579c4e5fd459bbf011ef44bb08d1963de5d3befe208894,2021-06,Lancashire Constabulary,Lancashire Constabulary,-3.014527,53.833636,On or near Pilling Crescent,E01012720,Blackpool 007B,Criminal damage and arson,Investigation complete; no suspect identified,
2ca34980343e10703de2e022992ac21a56b381467a141f77599cdbd18e0431f2,2021-06,Lancashire Constabulary,Lancashire Constabulary,-3.016957,53.830443,On or near Convent Crescent,E01012720,Blackpool 007B,Criminal damage and arson,Investigation complete; no suspect identified,
6b5f2eeb29e45b31e8dbce27fafeb26f0e806f2004599a6112a00329d7ef40b1,2021-06,Lancashire Constabulary,Lancashire Constabulary,-3.014024,53.829173,On or near Dinmore Place,E01012720,Blackpool 007B,Public order,Unable to prosecute suspect,
3ef836a63e37b040dbcb9b280ed9c0053e3f1a6fc35fe776682e88ea44ea990b,2021-06,Lancashire Constabulary,Lancashire Constabulary,-3.016751,53.829483,On or near Elgin Place,E01012720,Blackpool 007B,Shoplifting,Investigation complete; no suspect identified,
246efc50d4d72c663f2c66c2621e5efb28d61ac8c57ecbd8833cf37774d97a00,2021-06,Lancashire Constabulary,Lancashire Constabulary,-3.016751,53.829483,On or near Elgin Place,E01012720,Blackpool 007B,Shoplifting,Status update unavailable,
a9272df9fdf00cf17981b84446c735059dd18827744bba907569b3238e00ed6a,2021-06,Lancashire Constabulary,Lancashire Constabulary,-3.015394,53.829270,On or near Calvert Place,E01012720,Blackpool 007B,Violence and sexual offences,Further investigation is not in the public interest,
41bc377ed844c876ba448fe35c28de0bc1cb771ca9b447b1497f6fcd07844b6a,2021-06,Lancashire Constabulary,Lancashire Constabulary,-3.015326,53.831499,On or near Montague Close,E01012720,Blackpool 007B,Violence and sexual offences,Unable to prosecute suspect,
37a94c8dfcebc5493250380092a7a8e8684bcd174c4ade851ab1eadcfa691bb2,2021-06,Lancashire Constabulary,Lancashire Constabulary,-3.013472,53.826455,On or near Bertrand Avenue,E01012720,Blackpool 007B,Violence and sexual offences,Unable to prosecute suspect,
eca33b71933fb9fe0ef1d282fc01a36d6caae8d50d8e1fae0431c789232ede2a,2021-06,Lancashire Constabulary,Lancashire Constabulary,-3.014024,53.829173,On or near Dinmore Place,E01012720,Blackpool 007B,Violence and sexual offences,Unable to prosecute suspect,
3ecc45c32800b48f05979cfced72c55f7190e43558314aeb94bbb3ce6b859b3f,2021-06,Lancashire Constabulary,Lancashire Constabulary,-3.014527,53.833636,On or near Pilling Crescent,E01012720,Blackpool 007B,Violence and sexual offences,Court result unavailable,
95744f7c3683df3fdca4a87b150e4fc3efe88319c9cc623fb4ea75a946c79627,2021-06,Lancashire Constabulary,Lancashire Constabulary,-3.015326,53.831499,On or near Montague Close,E01012720,Blackpool 007B,Violence and sexual offences,Unable to prosecute suspect,
96ac33aeb1e3250c0212163b6dbfdd392dd852542a8c527e165240b9dd6c3a6d,2021-06,Lancashire Constabulary,Lancashire Constabulary,-3.012520,53.834193,On or near Dinmore Avenue,E01012720,Blackpool 007B,Violence and sexual offences,Investigation complete; no suspect identified,
ee4376b2aee4afd19040e01558599145f803c14d7aa2b7cc6fedd9a40c1d0284,2021-06,Lancashire Constabulary,Lancashire Constabulary,-3.015046,53.829318,On or near Cherry Court,E01012720,Blackpool 007B,Violence and sexual offences,Status update unavailable,
20517412b7063659c905ed1ab9cbd093cf62d9c78a1188210d417ffc0918b716,2021-06,Lancashire Constabulary,Lancashire Constabulary,-3.016957,53.830443,On or near Convent Crescent,E01012720,Blackpool 007B,Violence and sexual offences,Court result unavailable,
5bda5f07e17f60c69238394c8cbf144c518ec4855d87b40abd152a120c1edfad,2021-06,Lancashire Constabulary,Lancashire Constabulary,-3.017863,53.830220,On or near Elston Avenue,E01012720,Blackpool 007B,Violence and sexual offences,Unable to prosecute suspect,
db83188f4467a37bf5768f5afe9d05ab3538360c975a6d6530c119d7264c93de,2021-06,Lancashire Constabulary,Lancashire Constabulary,-3.014024,53.829173,On or near Dinmore Place,E01012720,Blackpool 007B,Violence and sexual offences,Unable to prosecute suspect,
2b8fd3b249ee85793b552d9dc7ba58041c3781d3a642cb4b3c15b5d2e89a1fe8,2021-06,Lancashire Constabulary,Lancashire Constabulary,-3.016751,53.829483,On or near Elgin Place,E01012720,Blackpool 007B,Violence and sexual offences,Further investigation is not in the public interest,
935c5b3d4a1f3612b7a15adf5400ad9ad2585994307a3e2496f9cbbb0c62d537,2021-06,Lancashire Constabulary,Lancashire Constabulary,-3.014024,53.829173,On or near Dinmore Place,E01012720,Blackpool 007B,Violence and sexual offences,Unable to prosecute suspect,
,2021-06,Lancashire Constabulary,Lancashire Constabulary,-3.011891,53.831457,On or near Marlhill Road,E01012721,Blackpool 007C,Anti-social behaviour,,
,2021-06,Lancashire Constabulary,Lancashire Constabulary,-3.013709,53.831846,On or near Chipping Grove,E01012721,Blackpool 007C,Anti-social behaviour,,
,2021-06,Lancashire Constabulary,Lancashire Constabulary,-3.014861,53.834892,On or near Pilling Court,E01012721,Blackpool 007C,Anti-social behaviour,,
,2021-06,Lancashire Constabulary,Lancashire Constabulary,-3.011186,53.833728,On or near Progress Court,E01012721,Blackpool 007C,Anti-social behaviour,,
,2021-06,Lancashire Constabulary,Lancashire Constabulary,-3.009902,53.834026,On or near Shipley Close,E01012721,Blackpool 007C,Anti-social behaviour,,
,2021-06,Lancashire Constabulary,Lancashire Constabulary,-3.011302,53.832855,On or near Easington Crescent,E01012721,Blackpool 007C,Anti-social behaviour,,
,2021-06,Lancashire Constabulary,Lancashire Constabulary,-3.013682,53.830749,On or near Bowland Crescent,E01012721,Blackpool 007C,Anti-social behaviour,,
,2021-06,Lancashire Constabulary,Lancashire Constabulary,-3.013682,53.830749,On or near Bowland Crescent,E01012721,Blackpool 007C,Anti-social behaviour,,
,2021-06,Lancashire Constabulary,Lancashire Constabulary,-3.013709,53.831846,On or near Chipping Grove,E01012721,Blackpool 007C,Anti-social behaviour,,
,2021-06,Lancashire Constabulary,Lancashire Constabulary,-3.008366,53.832097,On or near Horsebridge Road,E01012721,Blackpool 007C,Anti-social behaviour,,
,2021-06,Lancashire Constabulary,Lancashire Constabulary,-3.013709,53.831846,On or near Chipping Grove,E01012721,Blackpool 007C,Anti-social behaviour,,
,2021-06,Lancashire Constabulary,Lancashire Constabulary,-3.011302,53.832855,On or near Easington Crescent,E01012721,Blackpool 007C,Anti-social behaviour,,
,2021-06,Lancashire Constabulary,Lancashire Constabulary,-3.008366,53.832097,On or near Horsebridge Road,E01012721,Blackpool 007C,Anti-social behaviour,,
,2021-06,Lancashire Constabulary,Lancashire Constabulary,-3.011302,53.832855,On or near Easington Crescent,E01012721,Blackpool 007C,Anti-social behaviour,,
,2021-06,Lancashire Constabulary,Lancashire Constabulary,-3.013709,53.831846,On or near Chipping Grove,E01012721,Blackpool 007C,Anti-social behaviour,,
,2021-06,Lancashire Constabulary,Lancashire Constabulary,-3.008366,53.832097,On or near Horsebridge Road,E01012721,Blackpool 007C,Anti-social behaviour,,
,2021-06,Lancashire Constabulary,Lancashire Constabulary,-3.011302,53.832855,On or near Easington Crescent,E01012721,Blackpool 007C,Anti-social behaviour,,
,2021-06,Lancashire Constabulary,Lancashire Constabulary,-3.011891,53.831457,On or near Marlhill Road,E01012721,Blackpool 007C,Anti-social behaviour,,
,2021-06,Lancashire Constabulary,Lancashire Constabulary,-3.012216,53.831040,On or near Hammerton Place,E01012721,Blackpool 007C,Anti-social behaviour,,
,2021-06,Lancashire Constabulary,Lancashire Constabulary,-3.010518,53.835621,On or near Otterburn Close,E01012721,Blackpool 007C,Anti-social behaviour,,
,2021-06,Lancashire Constabulary,Lancashire Constabulary,-3.008366,53.832097,On or near Horsebridge Road,E01012721,Blackpool 007C,Anti-social behaviour,,
,2021-06,Lancashire Constabulary,Lancashire Constabulary,-3.008366,53.832097,On or near Horsebridge Road,E01012721,Blackpool 007C,Anti-social behaviour,,
1343ae6608686b38df3ffff031285bb3fb7ce4f1720e475c1a21b7aa1c8917a9,2021-06,Lancashire Constabulary,Lancashire Constabulary,-3.013709,53.831846,On or near Chipping Grove,E01012721,Blackpool 007C,Burglary,Unable to prosecute suspect,
14fb491385ceba5ee93ea024bd1c85487d3aee433e082ba60427b86db86c4723,2021-06,Lancashire Constabulary,Lancashire Constabulary,-3.009387,53.830318,On or near Ledbury Road,E01012721,Blackpool 007C,Criminal damage and arson,Unable to prosecute suspect,
321ee2ee60a262c1d4d084d1d98c38f8c809d155ef60c8da4b28cc9e8e3183cc,2021-06,Lancashire Constabulary,Lancashire Constabulary,-3.011302,53.832855,On or near Easington Crescent,E01012721,Blackpool 007C,Criminal damage and arson,Investigation complete; no suspect identified,
b6e144f2427d647a6180c1e440e53df0962ca2c095daf2f7f4e41472fcb81912,2021-06,Lancashire Constabulary,Lancashire Constabulary,-3.008366,53.832097,On or near Horsebridge Road,E01012721,Blackpool 007C,Criminal damage and arson,Unable to prosecute suspect,
c04f19bfeb8dd3518c2e61a44086a51198d84fede102994f474379018e2f714a,2021-06,Lancashire Constabulary,Lancashire Constabulary,-3.008740,53.833119,On or near Grindleton Close,E01012721,Blackpool 007C,Criminal damage and arson,Offender given a caution,
ab027527219a9dfeedda92487b1e1c4c0eb0bb37ddf72d3780d4989cfd986e90,2021-06,Lancashire Constabulary,Lancashire Constabulary,-3.008366,53.832097,On or near Horsebridge Road,E01012721,Blackpool 007C,Criminal damage and arson,Unable to prosecute suspect,
acc232eab32b965ccc6a0d827b544963b602018e5cc584666975ef9141388b4f,2021-06,Lancashire Constabulary,Lancashire Constabulary,-3.011891,53.831457,On or near Marlhill Road,E01012721,Blackpool 007C,Drugs,Status update unavailable,
d0ca21a9247e439752764c554156a7fe984d739a6596293330ea7b6ce099e9bf,2021-06,Lancashire Constabulary,Lancashire Constabulary,-3.011186,53.833728,On or near Progress Court,E01012721,Blackpool 007C,Other theft,Unable to prosecute suspect,
408fe4af9f22f97826a650e17befef399549c2bcca96b877332ff8b5e1f86e46,2021-06,Lancashire Constabulary,Lancashire Constabulary,-3.008145,53.833618,On or near Browsholme Close,E01012721,Blackpool 007C,Public order,Investigation complete; no suspect identified,
384d996db8b1e45aed99ccaf99b8e792dba2865639f9b363831fed943c2a3847,2021-06,Lancashire Constabulary,Lancashire Constabulary,-3.013709,53.831846,On or near Chipping Grove,E01012721,Blackpool 007C,Public order,Unable to prosecute suspect,
cdab31b69102d066bf897dccb9e39632084ee2d682e12621c2fa22482b1f66fd,2021-06,Lancashire Constabulary,Lancashire Constabulary,-3.009387,53.830318,On or near Ledbury Road,E01012721,Blackpool 007C,Public order,Status update unavailable,
c1d5430e7acb8c76af33a1d7cf4b6d4082a04a1f53957fdea809e053b6d48d74,2021-06,Lancashire Constabulary,Lancashire Constabulary,-3.011302,53.832855,On or near Easington Crescent,E01012721,Blackpool 007C,Shoplifting,Status update unavailable,
13407c8de9cbccc6f5b7cdc7494ce6f560023edec421499b25dc8e3aacb149b5,2021-06,Lancashire Constabulary,Lancashire Constabulary,-3.008366,53.832097,On or near Horsebridge Road,E01012721,Blackpool 007C,Vehicle crime,Investigation complete; no suspect identified,
119fdf1fdc356f5f57c54979ddbe17d6009678c6d9925f2195b0c4ab2575e685,2021-06,Lancashire Constabulary,Lancashire Constabulary,-3.008041,53.833107,On or near Chatburn Close,E01012721,Blackpool 007C,Violence and sexual offences,Further investigation is not in the public interest,
cbfe82ad1e69c5f529e98f55a7a2b1700013cdd45847ae4254e5730c8a8b9573,2021-06,Lancashire Constabulary,Lancashire Constabulary,-3.008041,53.833107,On or near Chatburn Close,E01012721,Blackpool 007C,Violence and sexual offences,Further investigation is not in the public interest,
849240b6ff5e58c682da2f1fd219fd133d697c7dee84487ba7c54efd401a36f9,2021-06,Lancashire Constabulary,Lancashire Constabulary,-3.011302,53.832855,On or near Easington Crescent,E01012721,Blackpool 007C,Violence and sexual offences,Unable to prosecute suspect,
e1ce797fefed9838eda3b658be02a4733273c02054bcf4001ad3e9f33da90ff6,2021-06,Lancashire Constabulary,Lancashire Constabulary,-3.011302,53.832855,On or near Easington Crescent,E01012721,Blackpool 007C,Violence and sexual offences,Unable to prosecute suspect,
4673814b94d49c69eadbe724d22883e8061667ed297cb636f0e1b4210144a54d,2021-06,Lancashire Constabulary,Lancashire Constabulary,-3.011302,53.832855,On or near Easington Crescent,E01012721,Blackpool 007C,Violence and sexual offences,Unable to prosecute suspect,
19e7a4e4e833d57c0424e09742b52c91c1996d67d17e56e8ba1df9991fbc0a02,2021-06,Lancashire Constabulary,Lancashire Constabulary,-3.008145,53.833618,On or near Browsholme Close,E01012721,Blackpool 007C,Violence and sexual offences,Status update unavailable,
3a9389168b4033c6f6f06ec66098737d6ae0e0b82f4d3cb9e81f8015b63f5cf6,2021-06,Lancashire Constabulary,Lancashire Constabulary,-3.011622,53.834767,On or near Blossom Court,E01012721,Blackpool 007C,Violence and sexual offences,Investigation complete; no suspect identified,
dd151aec9e32a59b162358ba9556bccd87de9de4b0d765412caae9bdf7e8e470,2021-06,Lancashire Constabulary,Lancashire Constabulary,-3.012587,53.835091,On or near Glencoe Avenue,E01012721,Blackpool 007C,Violence and sexual offences,Unable to prosecute suspect,
aee89f1b58f57bfb7bdc29154ade6da6a7b5619cb51953e8fd035319ac7d6d80,2021-06,Lancashire Constabulary,Lancashire Constabulary,-3.008145,53.833618,On or near Browsholme Close,E01012721,Blackpool 007C,Violence and sexual offences,Investigation complete; no suspect identified,
f74871beb9cb56f4873420f7e97e7dc2a9bab0d4dab8eedae81ec3f04da1dc25,2021-06,Lancashire Constabulary,Lancashire Constabulary,-3.008145,53.833618,On or near Browsholme Close,E01012721,Blackpool 007C,Violence and sexual offences,Further investigation is not in the public interest,
47eebba3af9a2477fc4821a2ad2a85e14611867424410757c5407d925a67280c,2021-06,Lancashire Constabulary,Lancashire Constabulary,-3.011302,53.832855,On or near Easington Crescent,E01012721,Blackpool 007C,Violence and sexual offences,Unable to prosecute suspect,
a86ce1602ad05e363a99eb682d4379ad51889626a6e0da566bdf469c32164393,2021-06,Lancashire Constabulary,Lancashire Constabulary,-3.011302,53.832855,On or near Easington Crescent,E01012721,Blackpool 007C,Violence and sexual offences,Unable to prosecute suspect,
537b1be004b852183db964f8ba6abb1964e8aaee756dff887856265ed027a494,2021-06,Lancashire Constabulary,Lancashire Constabulary,-3.013709,53.831846,On or near Chipping Grove,E01012721,Blackpool 007C,Violence and sexual offences,Unable to prosecute suspect,
f5cf754d8a9e8e196ca7be5c088a4c52595bca3771dd0c19735c61b29c27fce8,2021-06,Lancashire Constabulary,Lancashire Constabulary,-3.008740,53.833119,On or near Grindleton Close,E01012721,Blackpool 007C,Violence and sexual offences,Offender given a caution,
,2021-06,Lancashire Constabulary,Lancashire Constabulary,-3.022518,53.831699,On or near Chepstow Road,E01012724,Blackpool 007D,Anti-social behaviour,,
,2021-06,Lancashire Constabulary,Lancashire Constabulary,-3.017362,53.832102,On or near Argosy Court,E01012724,Blackpool 007D,Anti-social behaviour,,
,2021-06,Lancashire Constabulary,Lancashire Constabulary,-3.023760,53.830286,On or near Fulwood Avenue,E01012724,Blackpool 007D,Anti-social behaviour,,
,2021-06,Lancashire Constabulary,Lancashire Constabulary,-3.022724,53.829531,On or near Dingle Avenue,E01012724,Blackpool 007D,Anti-social behaviour,,
,2021-06,Lancashire Constabulary,Lancashire Constabulary,-3.023707,53.831833,On or near Dawlish Avenue,E01012724,Blackpool 007D,Anti-social behaviour,,
,2021-06,Lancashire Constabulary,Lancashire Constabulary,-3.021001,53.833644,On or near Argosy Avenue,E01012724,Blackpool 007D,Anti-social behaviour,,
,2021-06,Lancashire Constabulary,Lancashire Constabulary,-3.019335,53.832014,On or near Forshaw Avenue,E01012724,Blackpool 007D,Anti-social behaviour,,
,2021-06,Lancashire Constabulary,Lancashire Constabulary,-3.021256,53.829148,On or near Haslow Place,E01012724,Blackpool 007D,Anti-social behaviour,,
,2021-06,Lancashire Constabulary,Lancashire Constabulary,-3.017362,53.832102,On or near Argosy Court,E01012724,Blackpool 007D,Anti-social behaviour,,
,2021-06,Lancashire Constabulary,Lancashire Constabulary,-3.024337,53.829023,On or near Rudyard Place,E01012724,Blackpool 007D,Anti-social behaviour,,
,2021-06,Lancashire Constabulary,Lancashire Constabulary,-3.021001,53.833644,On or near Argosy Avenue,E01012724,Blackpool 007D,Anti-social behaviour,,
,2021-06,Lancashire Constabulary,Lancashire Constabulary,-3.017362,53.832102,On or near Argosy Court,E01012724,Blackpool 007D,Anti-social behaviour,,
a63f1f1f74a95942ce5a594fda357111a359d190572d590184c009793a495b90,2021-06,Lancashire Constabulary,Lancashire Constabulary,-3.019517,53.831383,On or near Gateside Drive,E01012724,Blackpool 007D,Bicycle theft,Investigation complete; no suspect identified,
f3fddc05cab0e499be7ad8f13e75ead4d0d352e020fe56743351c063b952ae37,2021-06,Lancashire Constabulary,Lancashire Constabulary,-3.019517,53.831383,On or near Gateside Drive,E01012724,Blackpool 007D,Criminal damage and arson,Unable to prosecute suspect,
d64423c1c8108fc927197bf0bd8a1a343a76e04da06c186411b7ae1556442e8a,2021-06,Lancashire Constabulary,Lancashire Constabulary,-3.022172,53.828718,On or near Adstone Avenue,E01012724,Blackpool 007D,Criminal damage and arson,Investigation complete; no suspect identified,
9db795cd691e568a2f9e16404bfbe631015f1a476148cc6d644c000159220114,2021-06,Lancashire Constabulary,Lancashire Constabulary,-3.021937,53.832774,On or near Draycot Avenue,E01012724,Blackpool 007D,Criminal damage and arson,Further investigation is not in the public interest,
3c6d1411e2a02237818ff2341de8f54c706794286e06de009a70a95e668b18ad,2021-06,Lancashire Constabulary,Lancashire Constabulary,-3.021256,53.829148,On or near Haslow Place,E01012724,Blackpool 007D,Criminal damage and arson,Investigation complete; no suspect identified,
f8a6bb24a1dd5e7b9660353d5dfb0376e27731d215d1d9ea316b58052588c7c0,2021-06,Lancashire Constabulary,Lancashire Constabulary,-3.022172,53.828718,On or near Adstone Avenue,E01012724,Blackpool 007D,Criminal damage and arson,Unable to prosecute suspect,
5c2e54980fe701ab98a1e01793ade5e60199b3565abf6be0c38e0bf93048f538,2021-06,Lancashire Constabulary,Lancashire Constabulary,-3.023122,53.829051,On or near Hockley Place,E01012724,Blackpool 007D,Criminal damage and arson,Unable to prosecute suspect,
6c58228c47014aefe78d6b6e33cee3dca4ba9a01f7a37e72547d54bd5724691f,2021-06,Lancashire Constabulary,Lancashire Constabulary,-3.021256,53.829148,On or near Haslow Place,E01012724,Blackpool 007D,Criminal damage and arson,Investigation complete; no suspect identified,
aec05b5d2a9182483dc9645d423e688623342eb9465f28619e3c492c27fe8478,2021-06,Lancashire Constabulary,Lancashire Constabulary,-3.023122,53.829051,On or near Hockley Place,E01012724,Blackpool 007D,Criminal damage and arson,Further investigation is not in the public interest,
783a1a328b2a1040ca9f3b551ef6ec5706f55bc44b3cf29fef7d97dd4bc1ec66,2021-06,Lancashire Constabulary,Lancashire Constabulary,-3.022724,53.829531,On or near Dingle Avenue,E01012724,Blackpool 007D,Other theft,Unable to prosecute suspect,
140ab855ca0874bd122a306147023dea0f539b7854d5405d0ed5f2f09d526ee4,2021-06,Lancashire Constabulary,Lancashire Constabulary,-3.021937,53.832774,On or near Draycot Avenue,E01012724,Blackpool 007D,Possession of weapons,Formal action is not in the public interest,
819cd632b08b73345752303727c1c3cc51e0ca1e36b66d4d38026e0d056dc99f,2021-06,Lancashire Constabulary,Lancashire Constabulary,-3.021937,53.832774,On or near Draycot Avenue,E01012724,Blackpool 007D,Possession of weapons,Formal action is not in the public interest,
b352989cad2bc6a57bd87be3afdb546a5412b1925891b7810a54ba25aef6d0bc,2021-06,Lancashire Constabulary,Lancashire Constabulary,-3.017362,53.832102,On or near Argosy Court,E01012724,Blackpool 007D,Public order,Investigation complete; no suspect identified,
086368829b3b3d9f5ea9a06b9082bc04fd3bfb3ff369dc62e28c17ac5cfb97dd,2021-06,Lancashire Constabulary,Lancashire Constabulary,-3.019517,53.831383,On or near Gateside Drive,E01012724,Blackpool 007D,Violence and sexual offences,Unable to prosecute suspect,
e4db801e338c35757478669c067a0496d00af0f2904060c864a4b897956d82ad,2021-06,Lancashire Constabulary,Lancashire Constabulary,-3.016306,53.831779,On or near Shorefileds,E01012724,Blackpool 007D,Violence and sexual offences,Action to be taken by another organisation,
cf97a9c771e71313366beb931e45ef0bb92b299e198c0a358956022de06d8f8e,2021-06,Lancashire Constabulary,Lancashire Constabulary,-3.023760,53.830286,On or near Fulwood Avenue,E01012724,Blackpool 007D,Violence and sexual offences,Unable to prosecute suspect,
c0525d6c01c1882bbf598390a2f5f17f5fd7dffaeacab832c3d4b6c4a6e8ef62,2021-06,Lancashire Constabulary,Lancashire Constabulary,-3.019335,53.832014,On or near Forshaw Avenue,E01012724,Blackpool 007D,Violence and sexual offences,Unable to prosecute suspect,
458d481cb8bd2383c1a14b1a1ad36970221123ad197229c438525d6255b4a105,2021-06,Lancashire Constabulary,Lancashire Constabulary,-3.023760,53.830286,On or near Fulwood Avenue,E01012724,Blackpool 007D,Violence and sexual offences,Unable to prosecute suspect,
9696a53d9a25b8cbb2acd8fedb993262da49c2ab676f53ba2e3595da3f5a2818,2021-06,Lancashire Constabulary,Lancashire Constabulary,-3.017362,53.832102,On or near Argosy Court,E01012724,Blackpool 007D,Violence and sexual offences,Offender given a caution,
77906aed2b55f3baf3ed5facdcf51fedc95563d36963c4192d5e7e7ab2da3a29,2021-06,Lancashire Constabulary,Lancashire Constabulary,-3.022518,53.831699,On or near Chepstow Road,E01012724,Blackpool 007D,Violence and sexual offences,Further investigation is not in the public interest,
f43e12231b78b93f8cd03af3f9210d2a1d1f5b8005219a406a61b150ab938e2e,2021-06,Lancashire Constabulary,Lancashire Constabulary,-3.022518,53.831699,On or near Chepstow Road,E01012724,Blackpool 007D,Violence and sexual offences,Further investigation is not in the public interest,
3b6ffca902124a31864951af1d04dd16f0396539c4fad45e49af4040e6f9d1b4,2021-06,Lancashire Constabulary,Lancashire Constabulary,-3.021256,53.829148,On or near Haslow Place,E01012724,Blackpool 007D,Violence and sexual offences,Court result unavailable,
4056428b2aa6d81d1e5d188a1dd3538f230da22835acea0441227d31a0f1eb0a,2021-06,Lancashire Constabulary,Lancashire Constabulary,-3.021001,53.833644,On or near Argosy Avenue,E01012724,Blackpool 007D,Violence and sexual offences,Status update unavailable,
,2021-06,Lancashire Constabulary,Lancashire Constabulary,-3.034923,53.824528,On or near Sports/Recreation Area,E01012678,Blackpool 008A,Anti-social behaviour,,
,2021-06,Lancashire Constabulary,Lancashire Constabulary,-3.037299,53.824166,On or near Laycock Gate,E01012678,Blackpool 008A,Anti-social behaviour,,
,2021-06,Lancashire Constabulary,Lancashire Constabulary,-3.037299,53.824166,On or near Laycock Gate,E01012678,Blackpool 008A,Anti-social behaviour,,
,2021-06,Lancashire Constabulary,Lancashire Constabulary,-3.037299,53.824166,On or near Laycock Gate,E01012678,Blackpool 008A,Anti-social behaviour,,
,2021-06,Lancashire Constabulary,Lancashire Constabulary,-3.034923,53.824528,On or near Sports/Recreation Area,E01012678,Blackpool 008A,Anti-social behaviour,,
,2021-06,Lancashire Constabulary,Lancashire Constabulary,-3.037299,53.824166,On or near Laycock Gate,E01012678,Blackpool 008A,Anti-social behaviour,,
,2021-06,Lancashire Constabulary,Lancashire Constabulary,-3.037299,53.824166,On or near Laycock Gate,E01012678,Blackpool 008A,Anti-social behaviour,,
,2021-06,Lancashire Constabulary,Lancashire Constabulary,-3.037299,53.824166,On or near Laycock Gate,E01012678,Blackpool 008A,Anti-social behaviour,,
,2021-06,Lancashire Constabulary,Lancashire Constabulary,-3.037299,53.824166,On or near Laycock Gate,E01012678,Blackpool 008A,Anti-social behaviour,,
,2021-06,Lancashire Constabulary,Lancashire Constabulary,-3.037299,53.824166,On or near Laycock Gate,E01012678,Blackpool 008A,Anti-social behaviour,,
,2021-06,Lancashire Constabulary,Lancashire Constabulary,-3.037299,53.824166,On or near Laycock Gate,E01012678,Blackpool 008A,Anti-social behaviour,,
,2021-06,Lancashire Constabulary,Lancashire Constabulary,-3.038132,53.824680,On or near Chester Road,E01012678,Blackpool 008A,Anti-social behaviour,,
2351b3271e5e6cf1c2d0a3f6c7df478a49a7703c3324c616b684bc91a856cee8,2021-06,Lancashire Constabulary,Lancashire Constabulary,-3.034923,53.824528,On or near Sports/Recreation Area,E01012678,Blackpool 008A,Criminal damage and arson,Investigation complete; no suspect identified,
7011d60fe8837865c5a48efbf86abf74e5d0c7002da16005a98cffc4d8937a0d,2021-06,Lancashire Constabulary,Lancashire Constabulary,-3.037299,53.824166,On or near Laycock Gate,E01012678,Blackpool 008A,Other theft,Investigation complete; no suspect identified,
9551546081ea7712db265354d3a79568e1b8c4d5d1ec80dad578f20567c461ce,2021-06,Lancashire Constabulary,Lancashire Constabulary,-3.038132,53.824680,On or near Chester Road,E01012678,Blackpool 008A,Public order,Unable to prosecute suspect,
fbcdd00310c8b987d89bea38f21ba676d0a8fd791c8d0f0036b981d794f2872f,2021-06,Lancashire Constabulary,Lancashire Constabulary,-3.038132,53.824680,On or near Chester Road,E01012678,Blackpool 008A,Public order,Unable to prosecute suspect,
95f887a272bce27116eb90d3280cc5fd09a6e6626d37344ad470d35799c8cc0c,2021-06,Lancashire Constabulary,Lancashire Constabulary,-3.038789,53.824845,On or near Warwick Road,E01012678,Blackpool 008A,Violence and sexual offences,Investigation complete; no suspect identified,
93b2f08c9a53fcfd4744e242cfaaad05819274af6bc8e1bd9078c5fec1289c26,2021-06,Lancashire Constabulary,Lancashire Constabulary,-3.033989,53.824859,On or near Mather Street,E01012678,Blackpool 008A,Violence and sexual offences,Further investigation is not in the public interest,
,2021-06,Lancashire Constabulary,Lancashire Constabulary,-3.043348,53.821812,On or near Gorton Street,E01012679,Blackpool 008B,Anti-social behaviour,,
,2021-06,Lancashire Constabulary,Lancashire Constabulary,-3.044943,53.822418,On or near Fairhurst Street,E01012679,Blackpool 008B,Anti-social behaviour,,
,2021-06,Lancashire Constabulary,Lancashire Constabulary,-3.045110,53.821195,On or near George Street,E01012679,Blackpool 008B,Anti-social behaviour,,
,2021-06,Lancashire Constabulary,Lancashire Constabulary,-3.044193,53.820978,On or near Elizabeth Street,E01012679,Blackpool 008B,Anti-social behaviour,,
,2021-06,Lancashire Constabulary,Lancashire Constabulary,-3.043846,53.822320,On or near Gorton Street,E01012679,Blackpool 008B,Anti-social behaviour,,
,2021-06,Lancashire Constabulary,Lancashire Constabulary,-3.044943,53.822418,On or near Fairhurst Street,E01012679,Blackpool 008B,Anti-social behaviour,,
,2021-06,Lancashire Constabulary,Lancashire Constabulary,-3.043348,53.821812,On or near Gorton Street,E01012679,Blackpool 008B,Anti-social behaviour,,
,2021-06,Lancashire Constabulary,Lancashire Constabulary,-3.042404,53.822971,On or near Fenton Road,E01012679,Blackpool 008B,Anti-social behaviour,,
,2021-06,Lancashire Constabulary,Lancashire Constabulary,-3.043348,53.821812,On or near Gorton Street,E01012679,Blackpool 008B,Anti-social behaviour,,
,2021-06,Lancashire Constabulary,Lancashire Constabulary,-3.045405,53.823304,On or near Handley Road,E01012679,Blackpool 008B,Anti-social behaviour,,
,2021-06,Lancashire Constabulary,Lancashire Constabulary,-3.045034,53.821806,On or near Fisher Street,E01012679,Blackpool 008B,Anti-social behaviour,,
,2021-06,Lancashire Constabulary,Lancashire Constabulary,-3.043348,53.821812,On or near Gorton Street,E01012679,Blackpool 008B,Anti-social behaviour,,
,2021-06,Lancashire Constabulary,Lancashire Constabulary,-3.043348,53.821812,On or near Gorton Street,E01012679,Blackpool 008B,Anti-social behaviour,,
,2021-06,Lancashire Constabulary,Lancashire Constabulary,-3.044193,53.820978,On or near Elizabeth Street,E01012679,Blackpool 008B,Anti-social behaviour,,
,2021-06,Lancashire Constabulary,Lancashire Constabulary,-3.045110,53.821195,On or near George Street,E01012679,Blackpool 008B,Anti-social behaviour,,
,2021-06,Lancashire Constabulary,Lancashire Constabulary,-3.045405,53.823304,On or near Handley Road,E01012679,Blackpool 008B,Anti-social behaviour,,
,2021-06,Lancashire Constabulary,Lancashire Constabulary,-3.043348,53.821812,On or near Gorton Street,E01012679,Blackpool 008B,Anti-social behaviour,,
,2021-06,Lancashire Constabulary,Lancashire Constabulary,-3.043348,53.821812,On or near Gorton Street,E01012679,Blackpool 008B,Anti-social behaviour,,
,2021-06,Lancashire Constabulary,Lancashire Constabulary,-3.039609,53.824191,On or near Boothley Road,E01012679,Blackpool 008B,Anti-social behaviour,,
,2021-06,Lancashire Constabulary,Lancashire Constabulary,-3.045405,53.823304,On or near Handley Road,E01012679,Blackpool 008B,Anti-social behaviour,,
,2021-06,Lancashire Constabulary,Lancashire Constabulary,-3.043348,53.821812,On or near Gorton Street,E01012679,Blackpool 008B,Anti-social behaviour,,
,2021-06,Lancashire Constabulary,Lancashire Constabulary,-3.046250,53.821859,On or near Platt Street,E01012679,Blackpool 008B,Anti-social behaviour,,
,2021-06,Lancashire Constabulary,Lancashire Constabulary,-3.041397,53.823420,On or near St George Court,E01012679,Blackpool 008B,Anti-social behaviour,,
,2021-06,Lancashire Constabulary,Lancashire Constabulary,-3.043348,53.821812,On or near Gorton Street,E01012679,Blackpool 008B,Anti-social behaviour,,
,2021-06,Lancashire Constabulary,Lancashire Constabulary,-3.043348,53.821812,On or near Gorton Street,E01012679,Blackpool 008B,Anti-social behaviour,,
,2021-06,Lancashire Constabulary,Lancashire Constabulary,-3.043348,53.821812,On or near Gorton Street,E01012679,Blackpool 008B,Anti-social behaviour,,
,2021-06,Lancashire Constabulary,Lancashire Constabulary,-3.046250,53.821859,On or near Platt Street,E01012679,Blackpool 008B,Anti-social behaviour,,
,2021-06,Lancashire Constabulary,Lancashire Constabulary,-3.043348,53.821812,On or near Gorton Street,E01012679,Blackpool 008B,Anti-social behaviour,,
,2021-06,Lancashire Constabulary,Lancashire Constabulary,-3.043348,53.821812,On or near Gorton Street,E01012679,Blackpool 008B,Anti-social behaviour,,
,2021-06,Lancashire Constabulary,Lancashire Constabulary,-3.043348,53.821812,On or near Gorton Street,E01012679,Blackpool 008B,Anti-social behaviour,,
,2021-06,Lancashire Constabulary,Lancashire Constabulary,-3.043348,53.821812,On or near Gorton Street,E01012679,Blackpool 008B,Anti-social behaviour,,
,2021-06,Lancashire Constabulary,Lancashire Constabulary,-3.043348,53.821812,On or near Gorton Street,E01012679,Blackpool 008B,Anti-social behaviour,,
,2021-06,Lancashire Constabulary,Lancashire Constabulary,-3.044193,53.820978,On or near Elizabeth Street,E01012679,Blackpool 008B,Anti-social behaviour,,
,2021-06,Lancashire Constabulary,Lancashire Constabulary,-3.043348,53.821812,On or near Gorton Street,E01012679,Blackpool 008B,Anti-social behaviour,,
,2021-06,Lancashire Constabulary,Lancashire Constabulary,-3.044193,53.820978,On or near Elizabeth Street,E01012679,Blackpool 008B,Anti-social behaviour,,
,2021-06,Lancashire Constabulary,Lancashire Constabulary,-3.045405,53.823304,On or near Handley Road,E01012679,Blackpool 008B,Anti-social behaviour,,
,2021-06,Lancashire Constabulary,Lancashire Constabulary,-3.045888,53.822572,On or near Butler Street,E01012679,Blackpool 008B,Anti-social behaviour,,
,2021-06,Lancashire Constabulary,Lancashire Constabulary,-3.043348,53.821812,On or near Gorton Street,E01012679,Blackpool 008B,Anti-social behaviour,,
,2021-06,Lancashire Constabulary,Lancashire Constabulary,-3.046250,53.821859,On or near Platt Street,E01012679,Blackpool 008B,Anti-social behaviour,,
,2021-06,Lancashire Constabulary,Lancashire Constabulary,-3.043348,53.821812,On or near Gorton Street,E01012679,Blackpool 008B,Anti-social behaviour,,
,2021-06,Lancashire Constabulary,Lancashire Constabulary,-3.045842,53.823175,On or near Edelston Road,E01012679,Blackpool 008B,Anti-social behaviour,,
9b9db29349779b8fc356c6d344b7d59367a65b3e02ab5ff5fa6725a09ca29374,2021-06,Lancashire Constabulary,Lancashire Constabulary,-3.043348,53.821812,On or near Gorton Street,E01012679,Blackpool 008B,Burglary,Unable to prosecute suspect,
842ca8d16d86eb47c53a53129e6104cb1000bdf0f2b093792c5e656d321a9d11,2021-06,Lancashire Constabulary,Lancashire Constabulary,-3.045842,53.823175,On or near Edelston Road,E01012679,Blackpool 008B,Burglary,Investigation complete; no suspect identified,
a8a9157d8f317b287fc7d2001252192bf633fb2b1909fab1e59f8f22c307ec2b,2021-06,Lancashire Constabulary,Lancashire Constabulary,-3.043348,53.821812,On or near Gorton Street,E01012679,Blackpool 008B,Burglary,Unable to prosecute suspect,
456533c7d876ebde92367e5040fb931e5e40364997b3c4e28717820bf174b76d,2021-06,Lancashire Constabulary,Lancashire Constabulary,-3.046250,53.821859,On or near Platt Street,E01012679,Blackpool 008B,Criminal damage and arson,Unable to prosecute suspect,
59dad81f9870cc9f8f2d02c2f6a6149e1d56081301b46afc49670b46b9b4e470,2021-06,Lancashire Constabulary,Lancashire Constabulary,-3.044193,53.820978,On or near Elizabeth Street,E01012679,Blackpool 008B,Criminal damage and arson,Unable to prosecute suspect,
9a0c40517f5b690cb2bba2fa626c48b763a4c86d9f230eae948043f36b4c78d2,2021-06,Lancashire Constabulary,Lancashire Constabulary,-3.044943,53.822418,On or near Fairhurst Street,E01012679,Blackpool 008B,Criminal damage and arson,Investigation complete; no suspect identified,
966cf404874bd96e1b7b8502a50ec9cae1270d19247de88be195f43ddb27cdd3,2021-06,Lancashire Constabulary,Lancashire Constabulary,-3.043348,53.821812,On or near Gorton Street,E01012679,Blackpool 008B,Criminal damage and arson,Investigation complete; no suspect identified,
35738a352a9b8f28e9fd93ba96506226d25ccff33d3dffb169839be50215d411,2021-06,Lancashire Constabulary,Lancashire Constabulary,-3.045034,53.821806,On or near Fisher Street,E01012679,Blackpool 008B,Criminal damage and arson,Investigation complete; no suspect identified,
4c20dbbe45c05e584c195a065ac8526dccb2fda0e00ef7b24d8fa0440cc69eb3,2021-06,Lancashire Constabulary,Lancashire Constabulary,-3.043348,53.821812,On or near Gorton Street,E01012679,Blackpool 008B,Criminal damage and arson,Unable to prosecute suspect,
d1823cbe0d85a3b6fcf2f73a765e04e76c8d4861aa5dea71a132ddd15e529275,2021-06,Lancashire Constabulary,Lancashire Constabulary,-3.043348,53.821812,On or near Gorton Street,E01012679,Blackpool 008B,Criminal damage and arson,Investigation complete; no suspect identified,
ca55d860887212c55c9fd4374b3a8500aea034a641d5f7e0e4c7b5ee8c727a44,2021-06,Lancashire Constabulary,Lancashire Constabulary,-3.043348,53.821812,On or near Gorton Street,E01012679,Blackpool 008B,Criminal damage and arson,Unable to prosecute suspect,
96138335e098e6aebfbf521c967fab030fa99e7bbd60e74e1a703a8b695d043b,2021-06,Lancashire Constabulary,Lancashire Constabulary,-3.043348,53.821812,On or near Gorton Street,E01012679,Blackpool 008B,Criminal damage and arson,Status update unavailable,
7d3ceb1e214d3e4f891240b338c25b4980801e52b3b58d1e43e3a533bb386888,2021-06,Lancashire Constabulary,Lancashire Constabulary,-3.045888,53.822572,On or near Butler Street,E01012679,Blackpool 008B,Criminal damage and arson,Unable to prosecute suspect,
4c0f24008e7895ebde5a09ee0ad6b59fc16eae6865fc18e97ea89fe02a7286c4,2021-06,Lancashire Constabulary,Lancashire Constabulary,-3.044193,53.820978,On or near Elizabeth Street,E01012679,Blackpool 008B,Other theft,Status update unavailable,
51da3c90174f7ec05f5c18fd9ae67ce23791f020d2b8d09b42a1acc617c3f92d,2021-06,Lancashire Constabulary,Lancashire Constabulary,-3.043348,53.821812,On or near Gorton Street,E01012679,Blackpool 008B,Other theft,Investigation complete; no suspect identified,
0e6de6b7f3d67281f6932700f304d858ec1460f5bf8a22ee2dcfbc17dcd03687,2021-06,Lancashire Constabulary,Lancashire Constabulary,-3.044193,53.820978,On or near Elizabeth Street,E01012679,Blackpool 008B,Other theft,Investigation complete; no suspect identified,
05c716bcddc3d8ef371721a8240053a7af220b29ca538eeece8a2f8d2396ef66,2021-06,Lancashire Constabulary,Lancashire Constabulary,-3.044943,53.822418,On or near Fairhurst Street,E01012679,Blackpool 008B,Public order,Further investigation is not in the public interest,
3c8de1c7cc0fc3109a13a9c4613ab1077a56f18b12e720d420c5603a41b64be5,2021-06,Lancashire Constabulary,Lancashire Constabulary,-3.039609,53.824191,On or near Boothley Road,E01012679,Blackpool 008B,Public order,Further investigation is not in the public interest,
64f297fbe56a91762bedd89ae8527e9caad0afc5e853883b44df192efd497b40,2021-06,Lancashire Constabulary,Lancashire Constabulary,-3.045405,53.823304,On or near Handley Road,E01012679,Blackpool 008B,Public order,Further investigation is not in the public interest,
b7e731178e025d39d4e14c529ec6b18303dd4323a59fe5aca863f49588846327,2021-06,Lancashire Constabulary,Lancashire Constabulary,-3.045405,53.823304,On or near Handley Road,E01012679,Blackpool 008B,Public order,Investigation complete; no suspect identified,
1c86dc046c01583c37b240ce9e881e576c39845a2e14950102a061a39af8abcc,2021-06,Lancashire Constabulary,Lancashire Constabulary,-3.045110,53.821195,On or near George Street,E01012679,Blackpool 008B,Violence and sexual offences,Local resolution,
09f66a76ba82b42804cc27ce09183e84959900e71528d629fd6aa54c94ac5be8,2021-06,Lancashire Constabulary,Lancashire Constabulary,-3.044943,53.822418,On or near Fairhurst Street,E01012679,Blackpool 008B,Violence and sexual offences,Further investigation is not in the public interest,
35aacaffdc927cd8821a5e3811036483d1d67657bf0e364b661a04fd026468d8,2021-06,Lancashire Constabulary,Lancashire Constabulary,-3.045110,53.821195,On or near George Street,E01012679,Blackpool 008B,Violence and sexual offences,Unable to prosecute suspect,
82790ff0a6059b403ecf4cd2c1d4f311fe0f00566baba61b2cd73f7a3de83950,2021-06,Lancashire Constabulary,Lancashire Constabulary,-3.043846,53.822320,On or near Gorton Street,E01012679,Blackpool 008B,Violence and sexual offences,Unable to prosecute suspect,
373cbd86be4200bb280a468bda44a73e04f73d4ac32952180597d880e946a03a,2021-06,Lancashire Constabulary,Lancashire Constabulary,-3.045405,53.823304,On or near Handley Road,E01012679,Blackpool 008B,Violence and sexual offences,Unable to prosecute suspect,
2e3b8159cb3d1d202ed3d7b0e4962752ccc2509cc604a143ee41689ba5058369,2021-06,Lancashire Constabulary,Lancashire Constabulary,-3.046874,53.822500,On or near Whiteside Street,E01012679,Blackpool 008B,Violence and sexual offences,Investigation complete; no suspect identified,
2369aae990b664c59d1028b81d66b35528a213970d189243db136a6a68af29da,2021-06,Lancashire Constabulary,Lancashire Constabulary,-3.043348,53.821812,On or near Gorton Street,E01012679,Blackpool 008B,Violence and sexual offences,Unable to prosecute suspect,
a1d5c31ddf6aeb5b0de91a53dd31dd2f2fa23b4b7045aa913c032d5f5e4641ca,2021-06,Lancashire Constabulary,Lancashire Constabulary,-3.043348,53.821812,On or near Gorton Street,E01012679,Blackpool 008B,Violence and sexual offences,Unable to prosecute suspect,
b502be4f65c5158d734cad894541e2bae67871002bdcededcd8bcdf1b092fa37,2021-06,Lancashire Constabulary,Lancashire Constabulary,-3.043348,53.821812,On or near Gorton Street,E01012679,Blackpool 008B,Violence and sexual offences,Offender given a caution,
c976672e39549d737b18a01f4bd8ab81577574f52723e9bb8d918e497ba84c64,2021-06,Lancashire Constabulary,Lancashire Constabulary,-3.046250,53.821859,On or near Platt Street,E01012679,Blackpool 008B,Violence and sexual offences,Unable to prosecute suspect,
4447a5e8c2c841a1fbde4641e95a3fc0396e8fcd4936f9cd0928062c31ed9a53,2021-06,Lancashire Constabulary,Lancashire Constabulary,-3.039609,53.824191,On or near Boothley Road,E01012679,Blackpool 008B,Violence and sexual offences,Unable to prosecute suspect,
7882dbc8a3cd15876cf7bc1a5a79366b3c9388629a9945843d7902fcf56d2423,2021-06,Lancashire Constabulary,Lancashire Constabulary,-3.046250,53.821859,On or near Platt Street,E01012679,Blackpool 008B,Violence and sexual offences,Further investigation is not in the public interest,
ece76d5bbbbede76caa1a2a3585e086c5957afec4e846f882cb8044cb1442921,2021-06,Lancashire Constabulary,Lancashire Constabulary,-3.044193,53.820978,On or near Elizabeth Street,E01012679,Blackpool 008B,Violence and sexual offences,Unable to prosecute suspect,
a35350d1e5aa5dd018fc7a7959ea9291baf5a09c2bf3785c8386f935e5c7f0ff,2021-06,Lancashire Constabulary,Lancashire Constabulary,-3.045842,53.823175,On or near Edelston Road,E01012679,Blackpool 008B,Violence and sexual offences,Unable to prosecute suspect,
6cc0cc51f06185ed853620b49ff8b83c81e14f98088c0e6e988b2e8c5823d1e4,2021-06,Lancashire Constabulary,Lancashire Constabulary,-3.043846,53.822320,On or near Gorton Street,E01012679,Blackpool 008B,Violence and sexual offences,Court result unavailable,
c4c952dfaeb5a0baf2c904a112ee017414b2a93676a0bac7b519e0c2386ff418,2021-06,Lancashire Constabulary,Lancashire Constabulary,-3.043348,53.821812,On or near Gorton Street,E01012679,Blackpool 008B,Violence and sexual offences,Court result unavailable,
8e1401dddc4410ee4773bbc512c25a7ddd1cc65a8b7789e1cc6e3d0368f81512,2021-06,Lancashire Constabulary,Lancashire Constabulary,-3.043348,53.821812,On or near Gorton Street,E01012679,Blackpool 008B,Violence and sexual offences,Court result unavailable,
11d41c04b01402e39f3b4369646d77ef1899a0de5e6dfdef4fa0ed2a14d4a4ed,2021-06,Lancashire Constabulary,Lancashire Constabulary,-3.045110,53.821195,On or near George Street,E01012679,Blackpool 008B,Violence and sexual offences,Unable to prosecute suspect,
f989e50ddf64bca6606765deef96396881c296d6cdc534d0fa9ea7cfcfadc1fe,2021-06,Lancashire Constabulary,Lancashire Constabulary,-3.046250,53.821859,On or near Platt Street,E01012679,Blackpool 008B,Violence and sexual offences,Unable to prosecute suspect,
c4b55f345299a5edf1f41c5f204835380d274ac345fe60eece22b10a1c4ea82d,2021-06,Lancashire Constabulary,Lancashire Constabulary,-3.045888,53.822572,On or near Butler Street,E01012679,Blackpool 008B,Violence and sexual offences,Unable to prosecute suspect,
499add62b3ade4707e0f58d58e46860be2e9a1ede9a1f8d2c5e7df2d6316731d,2021-06,Lancashire Constabulary,Lancashire Constabulary,-3.043348,53.821812,On or near Gorton Street,E01012679,Blackpool 008B,Violence and sexual offences,Status update unavailable,
,2021-06,Lancashire Constabulary,Lancashire Constabulary,-3.038808,53.825582,On or near Empire Grove,E01012680,Blackpool 008C,Anti-social behaviour,,
,2021-06,Lancashire Constabulary,Lancashire Constabulary,-3.043469,53.824247,On or near Greenhill Place,E01012680,Blackpool 008C,Anti-social behaviour,,
,2021-06,Lancashire Constabulary,Lancashire Constabulary,-3.041788,53.823857,On or near Boothley Road,E01012680,Blackpool 008C,Anti-social behaviour,,
,2021-06,Lancashire Constabulary,Lancashire Constabulary,-3.041788,53.823857,On or near Boothley Road,E01012680,Blackpool 008C,Anti-social behaviour,,
,2021-06,Lancashire Constabulary,Lancashire Constabulary,-3.042744,53.824424,On or near Henthorne Street,E01012680,Blackpool 008C,Anti-social behaviour,,
,2021-06,Lancashire Constabulary,Lancashire Constabulary,-3.042744,53.824424,On or near Henthorne Street,E01012680,Blackpool 008C,Anti-social behaviour,,
,2021-06,Lancashire Constabulary,Lancashire Constabulary,-3.044194,53.824079,On or near Hardman Street,E01012680,Blackpool 008C,Anti-social behaviour,,
,2021-06,Lancashire Constabulary,Lancashire Constabulary,-3.046735,53.827284,On or near Hawthorn Road,E01012680,Blackpool 008C,Anti-social behaviour,,
,2021-06,Lancashire Constabulary,Lancashire Constabulary,-3.044531,53.826044,On or near Percy Street,E01012680,Blackpool 008C,Anti-social behaviour,,
,2021-06,Lancashire Constabulary,Lancashire Constabulary,-3.038808,53.825582,On or near Empire Grove,E01012680,Blackpool 008C,Anti-social behaviour,,
,2021-06,Lancashire Constabulary,Lancashire Constabulary,-3.037139,53.825704,On or near Healey Street,E01012680,Blackpool 008C,Anti-social behaviour,,
,2021-06,Lancashire Constabulary,Lancashire Constabulary,-3.041541,53.826753,On or near Swarbrick Close,E01012680,Blackpool 008C,Anti-social behaviour,,
,2021-06,Lancashire Constabulary,Lancashire Constabulary,-3.039578,53.827858,On or near Devonshire Road,E01012680,Blackpool 008C,Anti-social behaviour,,
e1b956fac524e1a2f8f6cdebd81c7f02b52c363cab48f0052c11476f210a78c1,2021-06,Lancashire Constabulary,Lancashire Constabulary,-3.044531,53.826044,On or near Percy Street,E01012680,Blackpool 008C,Burglary,Investigation complete; no suspect identified,
b416a58833367679755038559efe99113d677ceb776194b90035b49d77dfb718,2021-06,Lancashire Constabulary,Lancashire Constabulary,-3.035455,53.825152,On or near Stirling Road,E01012680,Blackpool 008C,Criminal damage and arson,Investigation complete; no suspect identified,
dc90df344e4fbf9a6aebc878047b98f838bfeac44b025f22050fb6ebf8914671,2021-06,Lancashire Constabulary,Lancashire Constabulary,-3.036038,53.825399,On or near Cypress Grove,E01012680,Blackpool 008C,Criminal damage and arson,Investigation complete; no suspect identified,
935cf400393299cbb5bd75c2aca1459d6f88751373456ceee1e02231aad8064e,2021-06,Lancashire Constabulary,Lancashire Constabulary,-3.035455,53.825152,On or near Stirling Road,E01012680,Blackpool 008C,Criminal damage and arson,Investigation complete; no suspect identified,
43016e29767bf535cff56fa97279f7e156e8c0c5949b8e9847c984da9e5a492d,2021-06,Lancashire Constabulary,Lancashire Constabulary,-3.044194,53.824079,On or near Hardman Street,E01012680,Blackpool 008C,Criminal damage and arson,Investigation complete; no suspect identified,
32cc2de7fc58358dbbd2577b0b7d9564d063c1266a7da9d508b529ec63d1a0bd,2021-06,Lancashire Constabulary,Lancashire Constabulary,-3.039578,53.827858,On or near Devonshire Road,E01012680,Blackpool 008C,Criminal damage and arson,Investigation complete; no suspect identified,
bf14aed505269dba06ea2770830914b8e02efe49daff67770908bd5af0248c39,2021-06,Lancashire Constabulary,Lancashire Constabulary,-3.044194,53.824079,On or near Hardman Street,E01012680,Blackpool 008C,Other theft,Investigation complete; no suspect identified,
e4ac465737b1f5c199cdd55c6b2de4b096c736df47c601bdbcf48c8c07a97c8e,2021-06,Lancashire Constabulary,Lancashire Constabulary,-3.046837,53.825880,On or near Smithy Mews,E01012680,Blackpool 008C,Public order,Local resolution,
e5cf04cc59c98dbc322b0a2039205f16e184f6d9977b8dd738dd39901dd567e5,2021-06,Lancashire Constabulary,Lancashire Constabulary,-3.041788,53.823857,On or near Boothley Road,E01012680,Blackpool 008C,Public order,Unable to prosecute suspect,
505878ea950c1854a3246e139447affd6716962177d54d76769c51cfee93aa3b,2021-06,Lancashire Constabulary,Lancashire Constabulary,-3.037139,53.825704,On or near Healey Street,E01012680,Blackpool 008C,Public order,Unable to prosecute suspect,
5576b04b92040bf235a1daf821ea7268c30e78db5b58a5414f0fcbb00cb6cd66,2021-06,Lancashire Constabulary,Lancashire Constabulary,-3.046837,53.825880,On or near Smithy Mews,E01012680,Blackpool 008C,Public order,Local resolution,
db15c29935106f6edddcea78212ed43a0a275a920af720f3e22097aa455a974e,2021-06,Lancashire Constabulary,Lancashire Constabulary,-3.036038,53.825399,On or near Cypress Grove,E01012680,Blackpool 008C,Theft from the person,Unable to prosecute suspect,
39ecd7ac14a5b82fc52e466e956e4105242ae2fab446720e7200772a11263575,2021-06,Lancashire Constabulary,Lancashire Constabulary,-3.036642,53.825852,On or near Rossall Road,E01012680,Blackpool 008C,Vehicle crime,Court result unavailable,
7326958927f6642b67734f159ba2084b7d12a804e550b8e9fddd8549695403d9,2021-06,Lancashire Constabulary,Lancashire Constabulary,-3.037139,53.825704,On or near Healey Street,E01012680,Blackpool 008C,Violence and sexual offences,Unable to prosecute suspect,
ac863839a2408e21507fa76c44f684e4404a4da1ccf50a21c8cee944b01a20a5,2021-06,Lancashire Constabulary,Lancashire Constabulary,-3.037981,53.825939,On or near Wildman Street,E01012680,Blackpool 008C,Violence and sexual offences,Unable to prosecute suspect,
8a7987361d88e27703a7de0f3fd74cc815f7f118e5ec9e79b4214cb95f6d7668,2021-06,Lancashire Constabulary,Lancashire Constabulary,-3.042744,53.824424,On or near Henthorne Street,E01012680,Blackpool 008C,Violence and sexual offences,Unable to prosecute suspect,
559ed133c38ddc6c3eee7131e027b30c6d6bcaf1ff10312420084e3abcc1aaed,2021-06,Lancashire Constabulary,Lancashire Constabulary,-3.036038,53.825399,On or near Cypress Grove,E01012680,Blackpool 008C,Violence and sexual offences,Status update unavailable,
bf936ab5b77bf0744b5e0dd87ceacc220758f538592a892458703d36e8e21eef,2021-06,Lancashire Constabulary,Lancashire Constabulary,-3.041541,53.826753,On or near Swarbrick Close,E01012680,Blackpool 008C,Violence and sexual offences,Investigation complete; no suspect identified,
a7bc90931b1251a9410f006c4dff27f39700a43b04244274acf908b1fce33d20,2021-06,Lancashire Constabulary,Lancashire Constabulary,-3.038368,53.826844,On or near Douglas Avenue,E01012680,Blackpool 008C,Violence and sexual offences,Unable to prosecute suspect,
1aab222a79d62f24d5af860998878f682bca3304145602e0e625b6b2697fd372,2021-06,Lancashire Constabulary,Lancashire Constabulary,-3.038808,53.825582,On or near Empire Grove,E01012680,Blackpool 008C,Violence and sexual offences,Investigation complete; no suspect identified,
9582a1d632e598f377277e42c739639d3127a5ea6686c534cdc09cc762532be4,2021-06,Lancashire Constabulary,Lancashire Constabulary,-3.035455,53.825152,On or near Stirling Road,E01012680,Blackpool 008C,Violence and sexual offences,Investigation complete; no suspect identified,
fc78b348e97860e3baaeb0e7103df81255389ddb563c9234d038394bd25e5344,2021-06,Lancashire Constabulary,Lancashire Constabulary,-3.041541,53.826753,On or near Swarbrick Close,E01012680,Blackpool 008C,Violence and sexual offences,Unable to prosecute suspect,
fa392267b386a3d876c10b3ab5a165dd0c1e3f9051063e14a77576247123dcd8,2021-06,Lancashire Constabulary,Lancashire Constabulary,-3.038368,53.826844,On or near Douglas Avenue,E01012680,Blackpool 008C,Violence and sexual offences,Unable to prosecute suspect,
7ba6244c7fd65cdffa31914ac4d9b3c7423891abae0c3f36e31debcc4235e7c4,2021-06,Lancashire Constabulary,Lancashire Constabulary,-3.046735,53.827284,On or near Hawthorn Road,E01012680,Blackpool 008C,Violence and sexual offences,Further investigation is not in the public interest,
03f9d0f0fc54f13fc0b05f8a81de0c2e10f0480d2d7711503c2e24f41e51ec50,2021-06,Lancashire Constabulary,Lancashire Constabulary,-3.041541,53.826753,On or near Swarbrick Close,E01012680,Blackpool 008C,Violence and sexual offences,Unable to prosecute suspect,
66d536de57e57ad2c6998d38d293352c4be6898797c4a3221c50d671725b6553,2021-06,Lancashire Constabulary,Lancashire Constabulary,-3.046735,53.827284,On or near Hawthorn Road,E01012680,Blackpool 008C,Violence and sexual offences,Status update unavailable,
09502d1b5a786b8819058bfd319e4af2bd07b76bc4e6f58caa820d8632a08c4e,2021-06,Lancashire Constabulary,Lancashire Constabulary,-3.035455,53.825152,On or near Stirling Road,E01012680,Blackpool 008C,Violence and sexual offences,Unable to prosecute suspect,
856df885326a01e69e526d6588693b6875799318f2e4bcbbe06b90a738565912,2021-06,Lancashire Constabulary,Lancashire Constabulary,-3.041788,53.823857,On or near Boothley Road,E01012680,Blackpool 008C,Violence and sexual offences,Unable to prosecute suspect,
98527d70584525c846b1b4e2445894b699ef70c96e766e0817de849f7e33728d,2021-06,Lancashire Constabulary,Lancashire Constabulary,-3.037981,53.825939,On or near Wildman Street,E01012680,Blackpool 008C,Violence and sexual offences,Status update unavailable,
f0916ac066420ec27c7243917266afa939e35e9121366b0e7a3342283f4a9b5e,2021-06,Lancashire Constabulary,Lancashire Constabulary,-3.037139,53.825704,On or near Healey Street,E01012680,Blackpool 008C,Other crime,Unable to prosecute suspect,
,2021-06,Lancashire Constabulary,Lancashire Constabulary,-3.046933,53.823641,On or near Parking Area,E01012682,Blackpool 008D,Anti-social behaviour,,
,2021-06,Lancashire Constabulary,Lancashire Constabulary,-3.052234,53.826058,On or near Richmond Road,E01012682,Blackpool 008D,Anti-social behaviour,,
,2021-06,Lancashire Constabulary,Lancashire Constabulary,-3.048561,53.824373,On or near Lang Street,E01012682,Blackpool 008D,Anti-social behaviour,,
,2021-06,Lancashire Constabulary,Lancashire Constabulary,-3.050760,53.824201,On or near Exchange Street,E01012682,Blackpool 008D,Anti-social behaviour,,
,2021-06,Lancashire Constabulary,Lancashire Constabulary,-3.048561,53.824373,On or near Lang Street,E01012682,Blackpool 008D,Anti-social behaviour,,
,2021-06,Lancashire Constabulary,Lancashire Constabulary,-3.051068,53.823156,On or near High Street,E01012682,Blackpool 008D,Anti-social behaviour,,
,2021-06,Lancashire Constabulary,Lancashire Constabulary,-3.044692,53.825153,On or near Cecil Street,E01012682,Blackpool 008D,Anti-social behaviour,,
,2021-06,Lancashire Constabulary,Lancashire Constabulary,-3.047678,53.825523,On or near Gardeners Mews,E01012682,Blackpool 008D,Anti-social behaviour,,
,2021-06,Lancashire Constabulary,Lancashire Constabulary,-3.050760,53.824201,On or near Exchange Street,E01012682,Blackpool 008D,Anti-social behaviour,,
,2021-06,Lancashire Constabulary,Lancashire Constabulary,-3.041830,53.825538,On or near Kyston Close,E01012682,Blackpool 008D,Anti-social behaviour,,
,2021-06,Lancashire Constabulary,Lancashire Constabulary,-3.048561,53.824373,On or near Lang Street,E01012682,Blackpool 008D,Anti-social behaviour,,
,2021-06,Lancashire Constabulary,Lancashire Constabulary,-3.051276,53.826012,On or near Egerton Road,E01012682,Blackpool 008D,Anti-social behaviour,,
,2021-06,Lancashire Constabulary,Lancashire Constabulary,-3.053528,53.826163,On or near Bute Avenue,E01012682,Blackpool 008D,Anti-social behaviour,,
,2021-06,Lancashire Constabulary,Lancashire Constabulary,-3.048561,53.824373,On or near Lang Street,E01012682,Blackpool 008D,Anti-social behaviour,,
,2021-06,Lancashire Constabulary,Lancashire Constabulary,-3.051276,53.826012,On or near Egerton Road,E01012682,Blackpool 008D,Anti-social behaviour,,
,2021-06,Lancashire Constabulary,Lancashire Constabulary,-3.051632,53.826881,On or near Cheltenham Road,E01012682,Blackpool 008D,Anti-social behaviour,,
,2021-06,Lancashire Constabulary,Lancashire Constabulary,-3.053528,53.826163,On or near Bute Avenue,E01012682,Blackpool 008D,Anti-social behaviour,,
,2021-06,Lancashire Constabulary,Lancashire Constabulary,-3.053528,53.826163,On or near Bute Avenue,E01012682,Blackpool 008D,Anti-social behaviour,,
,2021-06,Lancashire Constabulary,Lancashire Constabulary,-3.049386,53.825759,On or near Back Ashburton Road,E01012682,Blackpool 008D,Anti-social behaviour,,
,2021-06,Lancashire Constabulary,Lancashire Constabulary,-3.050760,53.824201,On or near Exchange Street,E01012682,Blackpool 008D,Anti-social behaviour,,
,2021-06,Lancashire Constabulary,Lancashire Constabulary,-3.049851,53.823095,On or near Parking Area,E01012682,Blackpool 008D,Anti-social behaviour,,
,2021-06,Lancashire Constabulary,Lancashire Constabulary,-3.046933,53.823641,On or near Parking Area,E01012682,Blackpool 008D,Anti-social behaviour,,
,2021-06,Lancashire Constabulary,Lancashire Constabulary,-3.047678,53.825523,On or near Gardeners Mews,E01012682,Blackpool 008D,Anti-social behaviour,,
,2021-06,Lancashire Constabulary,Lancashire Constabulary,-3.044326,53.825741,On or near Grafton Street,E01012682,Blackpool 008D,Anti-social behaviour,,
,2021-06,Lancashire Constabulary,Lancashire Constabulary,-3.053528,53.826163,On or near Bute Avenue,E01012682,Blackpool 008D,Anti-social behaviour,,
,2021-06,Lancashire Constabulary,Lancashire Constabulary,-3.047678,53.825523,On or near Gardeners Mews,E01012682,Blackpool 008D,Anti-social behaviour,,
,2021-06,Lancashire Constabulary,Lancashire Constabulary,-3.041932,53.826579,On or near Coopers Way,E01012682,Blackpool 008D,Anti-social behaviour,,
,2021-06,Lancashire Constabulary,Lancashire Constabulary,-3.041932,53.826579,On or near Coopers Way,E01012682,Blackpool 008D,Anti-social behaviour,,
,2021-06,Lancashire Constabulary,Lancashire Constabulary,-3.042464,53.825379,On or near Althorp Close,E01012682,Blackpool 008D,Anti-social behaviour,,
,2021-06,Lancashire Constabulary,Lancashire Constabulary,-3.044137,53.825446,On or near Beresford Street,E01012682,Blackpool 008D,Anti-social behaviour,,
,2021-06,Lancashire Constabulary,Lancashire Constabulary,-3.044692,53.825153,On or near Cecil Street,E01012682,Blackpool 008D,Anti-social behaviour,,
,2021-06,Lancashire Constabulary,Lancashire Constabulary,-3.051276,53.826012,On or near Egerton Road,E01012682,Blackpool 008D,Anti-social behaviour,,
,2021-06,Lancashire Constabulary,Lancashire Constabulary,-3.044326,53.825741,On or near Grafton Street,E01012682,Blackpool 008D,Anti-social behaviour,,
7da044e2c7264cd1dbedaa9deb4bedaaddf3288b5ea880aeb2afd55f35b09c19,2021-06,Lancashire Constabulary,Lancashire Constabulary,-3.051632,53.826881,On or near Cheltenham Road,E01012682,Blackpool 008D,Burglary,Investigation complete; no suspect identified,
efb9e4bd5239a7d0bbe80c5ddc0e3d0539bf71cc0523b786c9f4fb481975b1cc,2021-06,Lancashire Constabulary,Lancashire Constabulary,-3.041932,53.826579,On or near Coopers Way,E01012682,Blackpool 008D,Criminal damage and arson,Investigation complete; no suspect identified,
77c6d309b66814353acf42c299dddaa47ed7fa541e7c9244df3ed91b65d5066b,2021-06,Lancashire Constabulary,Lancashire Constabulary,-3.050760,53.824201,On or near Exchange Street,E01012682,Blackpool 008D,Criminal damage and arson,Status update unavailable,
96fc333386e7b2c8e65d3778540fcbf949e04adca9486e8a725298f7b1a13e4b,2021-06,Lancashire Constabulary,Lancashire Constabulary,-3.050760,53.824201,On or near Exchange Street,E01012682,Blackpool 008D,Criminal damage and arson,Status update unavailable,
8b7055054dbaa8903fcae60fbe24a81ac31673f0b1b1c1eb011f218d4502ded4,2021-06,Lancashire Constabulary,Lancashire Constabulary,-3.047678,53.825523,On or near Gardeners Mews,E01012682,Blackpool 008D,Criminal damage and arson,Investigation complete; no suspect identified,
f28816fd736a3245a3fa0e18f1ee8f3bbadbb3063e721b34706a85529871ec04,2021-06,Lancashire Constabulary,Lancashire Constabulary,-3.051276,53.826012,On or near Egerton Road,E01012682,Blackpool 008D,Drugs,Awaiting court outcome,
3639fd825bd503b5c0d353d57ea45ad0e54626e39f3681eb3c2f1683b5d1d7ff,2021-06,Lancashire Constabulary,Lancashire Constabulary,-3.043917,53.825151,On or near St Anthony'S Place,E01012682,Blackpool 008D,Other theft,Investigation complete; no suspect identified,
286605379e555a3478140a58cb7354b368f9ca56ec23957c2fe82f97b7074328,2021-06,Lancashire Constabulary,Lancashire Constabulary,-3.041932,53.826579,On or near Coopers Way,E01012682,Blackpool 008D,Other theft,Investigation complete; no suspect identified,
efd22ddc2d922f8bff2a37809c49f0d6cd3a8d080f523960698c7f9ace97fe35,2021-06,Lancashire Constabulary,Lancashire Constabulary,-3.043917,53.825151,On or near St Anthony'S Place,E01012682,Blackpool 008D,Other theft,Investigation complete; no suspect identified,
7877d33a6678785d210a6e66688cfd57190582275fb97c949049fb2183bafafa,2021-06,Lancashire Constabulary,Lancashire Constabulary,-3.044137,53.825446,On or near Beresford Street,E01012682,Blackpool 008D,Other theft,Investigation complete; no suspect identified,
3131b7d9a10ec6cbd57d2ac804ec17f41c8e5d9b45fb863ef91626a655f6e5ac,2021-06,Lancashire Constabulary,Lancashire Constabulary,-3.050799,53.824560,On or near Lewtas Street,E01012682,Blackpool 008D,Other theft,Status update unavailable,
07704947e3d5c0792064c547fa1184582a35391b20f441288ac1e9077f58b19c,2021-06,Lancashire Constabulary,Lancashire Constabulary,-3.050799,53.824560,On or near Lewtas Street,E01012682,Blackpool 008D,Other theft,Unable to prosecute suspect,
de3a0780e81fc358fdc50ad86475ef6a60ceeb872433cb53558f85bcb7d5d503,2021-06,Lancashire Constabulary,Lancashire Constabulary,-3.044137,53.825446,On or near Beresford Street,E01012682,Blackpool 008D,Other theft,Investigation complete; no suspect identified,
903ed5b8c8929565f4b50a68c4aae3e8d0139b214f1e0a985a1844713010039d,2021-06,Lancashire Constabulary,Lancashire Constabulary,-3.041830,53.825538,On or near Kyston Close,E01012682,Blackpool 008D,Public order,Unable to prosecute suspect,
6b8e6e8b52e682853e096926dc738157ddfcc448ae5557c3439de8c93475c868,2021-06,Lancashire Constabulary,Lancashire Constabulary,-3.041932,53.826579,On or near Coopers Way,E01012682,Blackpool 008D,Violence and sexual offences,Investigation complete; no suspect identified,
810fe403687d332c07c2d9cb1068842bc08665eadbb6fc1ee149867331423cb0,2021-06,Lancashire Constabulary,Lancashire Constabulary,-3.051449,53.823800,On or near Cocker Street,E01012682,Blackpool 008D,Violence and sexual offences,Status update unavailable,
bb176e5f605df862a8b57273347fbd78d90d196003802b9707229788cd877f60,2021-06,Lancashire Constabulary,Lancashire Constabulary,-3.051276,53.826012,On or near Egerton Road,E01012682,Blackpool 008D,Violence and sexual offences,Unable to prosecute suspect,
87fcd52b3ab657fceba3bf33b4303178ffd36a4f0aa227bb5b4ccee83c43c6b6,2021-06,Lancashire Constabulary,Lancashire Constabulary,-3.050760,53.824201,On or near Exchange Street,E01012682,Blackpool 008D,Violence and sexual offences,Further investigation is not in the public interest,
a6d845b846fda425c7708b773908cebfd6e769c9ebdfdd04388323914b3ab2c6,2021-06,Lancashire Constabulary,Lancashire Constabulary,-3.051276,53.826012,On or near Egerton Road,E01012682,Blackpool 008D,Violence and sexual offences,Unable to prosecute suspect,
702f8956cd58048c5ca9f1ac0373cd71eefca47747e1b9ba7d64244edee08423,2021-06,Lancashire Constabulary,Lancashire Constabulary,-3.049212,53.824269,On or near Howard Street,E01012682,Blackpool 008D,Violence and sexual offences,Unable to prosecute suspect,
f3e42519c7877765fcd8af0153f72e87518cfc9206bc6e83f77b47b7d7bf3590,2021-06,Lancashire Constabulary,Lancashire Constabulary,-3.042464,53.825379,On or near Althorp Close,E01012682,Blackpool 008D,Violence and sexual offences,Unable to prosecute suspect,
36e77f4e18de2eaba3b766962ed9dfcad956ca11465aafc3a775258736096da9,2021-06,Lancashire Constabulary,Lancashire Constabulary,-3.051632,53.826881,On or near Cheltenham Road,E01012682,Blackpool 008D,Violence and sexual offences,Unable to prosecute suspect,
48f60ec383985d6558af5640849599e6929f461fefad3a93e58910f113a70d91,2021-06,Lancashire Constabulary,Lancashire Constabulary,-3.048561,53.824373,On or near Lang Street,E01012682,Blackpool 008D,Violence and sexual offences,Unable to prosecute suspect,
0d58ef1538c07a707af8a35ca29b49f9815e1d237244c795f509ec38b11ffadb,2021-06,Lancashire Constabulary,Lancashire Constabulary,-3.050926,53.823544,On or near Back High Street,E01012682,Blackpool 008D,Violence and sexual offences,Unable to prosecute suspect,
9f35e0bce18e8a98f6b185f328a969c9b83932bfd89973deb8111e3cc0656aea,2021-06,Lancashire Constabulary,Lancashire Constabulary,-3.044692,53.825153,On or near Cecil Street,E01012682,Blackpool 008D,Violence and sexual offences,Investigation complete; no suspect identified,
dc39ec12e4ef9af5eca90cfe2cadc6f92dbc4077a02fc6113a7100e2636b1e31,2021-06,Lancashire Constabulary,Lancashire Constabulary,-3.051632,53.826881,On or near Cheltenham Road,E01012682,Blackpool 008D,Violence and sexual offences,Unable to prosecute suspect,
dccd79503e2f093d71433b26d352012919d9610dd0ff5847dc87edaf1512ec12,2021-06,Lancashire Constabulary,Lancashire Constabulary,-3.044326,53.825741,On or near Grafton Street,E01012682,Blackpool 008D,Violence and sexual offences,Investigation complete; no suspect identified,
f441985d9ff6a48cbcf5faaccbdf8c09b67ec5225aa289e922337807612a6533,2021-06,Lancashire Constabulary,Lancashire Constabulary,-3.052234,53.826058,On or near Richmond Road,E01012682,Blackpool 008D,Violence and sexual offences,Court result unavailable,
7284ef92adcab17d9c7014ca392ec8d1961908295d4e3667f61b5a5443f3c523,2021-06,Lancashire Constabulary,Lancashire Constabulary,-3.049851,53.823095,On or near Parking Area,E01012682,Blackpool 008D,Violence and sexual offences,Unable to prosecute suspect,
7978e74d2ee0fadcfd46fdbb26bb709bf7b6fee52a671cffaaac0c96b88cdfc9,2021-06,Lancashire Constabulary,Lancashire Constabulary,-3.049788,53.823617,On or near Avenham Grove,E01012682,Blackpool 008D,Violence and sexual offences,Unable to prosecute suspect,
80d5ea32c27389eb6b0e6eba16cbc8d620a052b271cc355a8f37b383ef6e3f33,2021-06,Lancashire Constabulary,Lancashire Constabulary,-3.042464,53.825379,On or near Althorp Close,E01012682,Blackpool 008D,Violence and sexual offences,Unable to prosecute suspect,
6e0cbaad94272e6d155a04758463faf098aae0ce29a955e5f9ccaeab138ed50b,2021-06,Lancashire Constabulary,Lancashire Constabulary,-3.051276,53.826012,On or near Egerton Road,E01012682,Blackpool 008D,Violence and sexual offences,Unable to prosecute suspect,
4548f813139f53a3cda133960aa56f83ffd616f4dcdb783a8579e7957ae51af7,2021-06,Lancashire Constabulary,Lancashire Constabulary,-3.044137,53.825446,On or near Beresford Street,E01012682,Blackpool 008D,Violence and sexual offences,Unable to prosecute suspect,
ba079c18ec1df420d114c7442fcd223f1a6a54dfb15cae0eefe45851da665048,2021-06,Lancashire Constabulary,Lancashire Constabulary,-3.051632,53.826881,On or near Cheltenham Road,E01012682,Blackpool 008D,Other crime,Unable to prosecute suspect,
,2021-06,Lancashire Constabulary,Lancashire Constabulary,-3.044249,53.829355,On or near Sutherland Road,E01012684,Blackpool 008E,Anti-social behaviour,,
,2021-06,Lancashire Constabulary,Lancashire Constabulary,-3.043323,53.829399,On or near Avon Place,E01012684,Blackpool 008E,Anti-social behaviour,,
,2021-06,Lancashire Constabulary,Lancashire Constabulary,-3.041201,53.830217,On or near Fielding Road,E01012684,Blackpool 008E,Anti-social behaviour,,
,2021-06,Lancashire Constabulary,Lancashire Constabulary,-3.044249,53.829355,On or near Sutherland Road,E01012684,Blackpool 008E,Anti-social behaviour,,
,2021-06,Lancashire Constabulary,Lancashire Constabulary,-3.045011,53.830058,On or near Claremont Road,E01012684,Blackpool 008E,Anti-social behaviour,,
,2021-06,Lancashire Constabulary,Lancashire Constabulary,-3.047878,53.828056,On or near Woburn Road,E01012684,Blackpool 008E,Anti-social behaviour,,
,2021-06,Lancashire Constabulary,Lancashire Constabulary,-3.043193,53.828429,On or near Enfield Road,E01012684,Blackpool 008E,Anti-social behaviour,,
,2021-06,Lancashire Constabulary,Lancashire Constabulary,-3.044249,53.829355,On or near Sutherland Road,E01012684,Blackpool 008E,Anti-social behaviour,,
,2021-06,Lancashire Constabulary,Lancashire Constabulary,-3.045011,53.830058,On or near Claremont Road,E01012684,Blackpool 008E,Anti-social behaviour,,
,2021-06,Lancashire Constabulary,Lancashire Constabulary,-3.045011,53.830058,On or near Claremont Road,E01012684,Blackpool 008E,Anti-social behaviour,,
,2021-06,Lancashire Constabulary,Lancashire Constabulary,-3.044249,53.829355,On or near Sutherland Road,E01012684,Blackpool 008E,Anti-social behaviour,,
,2021-06,Lancashire Constabulary,Lancashire Constabulary,-3.043323,53.829399,On or near Avon Place,E01012684,Blackpool 008E,Anti-social behaviour,,
,2021-06,Lancashire Constabulary,Lancashire Constabulary,-3.045607,53.828983,On or near Cromwell Road,E01012684,Blackpool 008E,Anti-social behaviour,,
,2021-06,Lancashire Constabulary,Lancashire Constabulary,-3.045999,53.828234,On or near Handsworth Court,E01012684,Blackpool 008E,Anti-social behaviour,,
,2021-06,Lancashire Constabulary,Lancashire Constabulary,-3.041201,53.830217,On or near Fielding Road,E01012684,Blackpool 008E,Anti-social behaviour,,
3f49324a3f5762a277d043b865877ef9244c50093305db64c67a425013a3f779,2021-06,Lancashire Constabulary,Lancashire Constabulary,-3.044517,53.829748,On or near Bedford Road,E01012684,Blackpool 008E,Burglary,Investigation complete; no suspect identified,
8285dbf8700ba59ae956756eaf6789d01645557def4116885ba26d2d2c959e67,2021-06,Lancashire Constabulary,Lancashire Constabulary,-3.043323,53.829399,On or near Avon Place,E01012684,Blackpool 008E,Criminal damage and arson,Unable to prosecute suspect,
b1462e60daefd2ba4e72ccc1a194094099d889f60e9d31ed7e2c97ecb76d2542,2021-06,Lancashire Constabulary,Lancashire Constabulary,-3.042875,53.829690,On or near Fairfield Road,E01012684,Blackpool 008E,Criminal damage and arson,Investigation complete; no suspect identified,
a10a5a56b5c55f0532f56d1be3e794085b75e8ef4f95447da5109b088b43acbb,2021-06,Lancashire Constabulary,Lancashire Constabulary,-3.045011,53.830058,On or near Claremont Road,E01012684,Blackpool 008E,Public order,Further investigation is not in the public interest,
0a37a4a7f62dc9e9b6b4989280393446f8a99fdaed215edd847abd95ed1ed88d,2021-06,Lancashire Constabulary,Lancashire Constabulary,-3.045329,53.828186,On or near Handsworth Road,E01012684,Blackpool 008E,Public order,Further investigation is not in the public interest,
7d289f99d3c7c53998df38711aaa5f5c760862cf887bbb1a1440af52efe3bcbb,2021-06,Lancashire Constabulary,Lancashire Constabulary,-3.042875,53.829690,On or near Fairfield Road,E01012684,Blackpool 008E,Public order,Further investigation is not in the public interest,
863da55b0d1e7580a74e9f4bdcd87ec230b5efb3231d8caeb6c5b207f24cb32b,2021-06,Lancashire Constabulary,Lancashire Constabulary,-3.042875,53.829690,On or near Fairfield Road,E01012684,Blackpool 008E,Vehicle crime,Unable to prosecute suspect,
3a987acb7687e0268ca6cec24171ff175fc76dda96e09104c8d74d44acfb8641,2021-06,Lancashire Constabulary,Lancashire Constabulary,-3.043323,53.829399,On or near Avon Place,E01012684,Blackpool 008E,Violence and sexual offences,Action to be taken by another organisation,
daa2e1d58f61dfd7732859dfd695f1ce2f841bb15d2b6810c354b364ab826222,2021-06,Lancashire Constabulary,Lancashire Constabulary,-3.042875,53.829690,On or near Fairfield Road,E01012684,Blackpool 008E,Violence and sexual offences,Unable to prosecute suspect,
2f5517a37c39b6886e4684cc6f2d623348a4242acb24796ca3ff8bd48146902a,2021-06,Lancashire Constabulary,Lancashire Constabulary,-3.047878,53.828056,On or near Woburn Road,E01012684,Blackpool 008E,Violence and sexual offences,Court result unavailable,
7b5a9cbb895e9da624447fe266df7ca6a369336f480233e9f0f9f2b095ae38a7,2021-06,Lancashire Constabulary,Lancashire Constabulary,-3.043323,53.829399,On or near Avon Place,E01012684,Blackpool 008E,Violence and sexual offences,Further investigation is not in the public interest,
a97a23f2d71cbad0640731c9509e455db04cded7f3c3bc0040adeb245f3d95ea,2021-06,Lancashire Constabulary,Lancashire Constabulary,-3.046263,53.829058,On or near Claremont Court,E01012684,Blackpool 008E,Violence and sexual offences,Court result unavailable,
5cd910e69ff8154e63f79b5958254440b3443cc67270389c446e79bda6645f18,2021-06,Lancashire Constabulary,Lancashire Constabulary,-3.043193,53.828429,On or near Enfield Road,E01012684,Blackpool 008E,Violence and sexual offences,Unable to prosecute suspect,
e970b446b243a5ec0ca6fb3cd9b84b16dca24860a7068cef6a9e70d87673ecf9,2021-06,Lancashire Constabulary,Lancashire Constabulary,-3.042875,53.829690,On or near Fairfield Road,E01012684,Blackpool 008E,Violence and sexual offences,Unable to prosecute suspect,
f48276cd82dfee38ea395d3180dab0c5724385d9a51b68f0d1057cc5f414c1a4,2021-06,Lancashire Constabulary,Lancashire Constabulary,-3.045685,53.827823,On or near Grantham Road,E01012684,Blackpool 008E,Violence and sexual offences,Unable to prosecute suspect,
3005a664a7a90b4db0c1ba7ecfdb24db6ad04827c8da40966182158adea4b2e4,2021-06,Lancashire Constabulary,Lancashire Constabulary,-3.047878,53.828056,On or near Woburn Road,E01012684,Blackpool 008E,Violence and sexual offences,Court result unavailable,
25f27d1a7f00cdb108d065f5b332ed15a152e09eee76a74e660b942b97db9178,2021-06,Lancashire Constabulary,Lancashire Constabulary,-3.047878,53.828056,On or near Woburn Road,E01012684,Blackpool 008E,Violence and sexual offences,Unable to prosecute suspect,
ffedc944a17fbc4ae3c0f4183416f8a652c37fe599281c015c2981e188b8bd6d,2021-06,Lancashire Constabulary,Lancashire Constabulary,-3.047878,53.828056,On or near Woburn Road,E01012684,Blackpool 008E,Violence and sexual offences,Unable to prosecute suspect,
734c305a9dea320514924035acb1ff35ebc67b34158aa46c7af481371298a29a,2021-06,Lancashire Constabulary,Lancashire Constabulary,-3.046263,53.829058,On or near Claremont Court,E01012684,Blackpool 008E,Violence and sexual offences,Unable to prosecute suspect,
68fcb08f15cbc9e84b2b1973e218b333d93aef70041a58290d5fa8a0a1e33f0c,2021-06,Lancashire Constabulary,Lancashire Constabulary,-3.044249,53.829355,On or near Sutherland Road,E01012684,Blackpool 008E,Other crime,Unable to prosecute suspect,
,2021-06,Lancashire Constabulary,Lancashire Constabulary,-3.028013,53.821522,On or near Kingscote Drive,E01012676,Blackpool 009A,Anti-social behaviour,,
,2021-06,Lancashire Constabulary,Lancashire Constabulary,-3.035270,53.820147,On or near Dutton Road,E01012676,Blackpool 009A,Anti-social behaviour,,
,2021-06,Lancashire Constabulary,Lancashire Constabulary,-3.035270,53.820147,On or near Dutton Road,E01012676,Blackpool 009A,Anti-social behaviour,,
,2021-06,Lancashire Constabulary,Lancashire Constabulary,-3.035270,53.820147,On or near Dutton Road,E01012676,Blackpool 009A,Anti-social behaviour,,
,2021-06,Lancashire Constabulary,Lancashire Constabulary,-3.033455,53.821673,On or near Collingwood Avenue,E01012676,Blackpool 009A,Anti-social behaviour,,
,2021-06,Lancashire Constabulary,Lancashire Constabulary,-3.035270,53.820147,On or near Dutton Road,E01012676,Blackpool 009A,Anti-social behaviour,,
bc3b04ad06d93b084c5f420143eb0413c3aad7c940484842f0a4f1dcd86e9f8d,2021-06,Lancashire Constabulary,Lancashire Constabulary,-3.030641,53.821518,On or near Birchway Avenue,E01012676,Blackpool 009A,Criminal damage and arson,Unable to prosecute suspect,
be63329cc7763a8519d1b0ea342bb49bef004931b7484362d4c4890ea12c738d,2021-06,Lancashire Constabulary,Lancashire Constabulary,-3.031633,53.821716,On or near Coveway Avenue,E01012676,Blackpool 009A,Criminal damage and arson,Court result unavailable,
0c115966c71819e10ae2c58c248d60fa3281ded265bac0b0fbf6f3c243043468,2021-06,Lancashire Constabulary,Lancashire Constabulary,-3.032922,53.822262,On or near Petrol Station,E01012676,Blackpool 009A,Other theft,Status update unavailable,
cecee129caeb9939293c6ce6c1bb20694f2521a0047e935b2919ac304260a5b3,2021-06,Lancashire Constabulary,Lancashire Constabulary,-3.032922,53.822262,On or near Petrol Station,E01012676,Blackpool 009A,Other theft,Status update unavailable,
c443b7eeba47ea83fbf758015b28d28ba8f8936bef09b5a3ec2aa1178200d0a5,2021-06,Lancashire Constabulary,Lancashire Constabulary,-3.032922,53.822262,On or near Petrol Station,E01012676,Blackpool 009A,Shoplifting,Investigation complete; no suspect identified,
d8c57daae1fdd86f386a3ab31becd8f5a615afad93f92caf46fb2cb8fd02a057,2021-06,Lancashire Constabulary,Lancashire Constabulary,-3.035270,53.820147,On or near Dutton Road,E01012676,Blackpool 009A,Violence and sexual offences,Unable to prosecute suspect,
76241ac3dfcbdda5aa35bd576266483661ce4420fe80fb91f71ce2dafb7e7d1b,2021-06,Lancashire Constabulary,Lancashire Constabulary,-3.035270,53.820147,On or near Dutton Road,E01012676,Blackpool 009A,Violence and sexual offences,Unable to prosecute suspect,
30077e0fa9715e0771a3691900db47003840fa0115923c89a1e1bcd3e48cc5d5,2021-06,Lancashire Constabulary,Lancashire Constabulary,-3.030641,53.821518,On or near Birchway Avenue,E01012676,Blackpool 009A,Violence and sexual offences,Unable to prosecute suspect,
,2021-06,Lancashire Constabulary,Lancashire Constabulary,-3.035926,53.819027,On or near Ridley Street,E01012677,Blackpool 009B,Anti-social behaviour,,
,2021-06,Lancashire Constabulary,Lancashire Constabulary,-3.037747,53.817708,On or near Whitegate Drive,E01012677,Blackpool 009B,Anti-social behaviour,,
,2021-06,Lancashire Constabulary,Lancashire Constabulary,-3.031860,53.817993,On or near Felgate Brow,E01012677,Blackpool 009B,Anti-social behaviour,,
,2021-06,Lancashire Constabulary,Lancashire Constabulary,-3.031860,53.817993,On or near Felgate Brow,E01012677,Blackpool 009B,Anti-social behaviour,,
,2021-06,Lancashire Constabulary,Lancashire Constabulary,-3.037747,53.817708,On or near Whitegate Drive,E01012677,Blackpool 009B,Anti-social behaviour,,
,2021-06,Lancashire Constabulary,Lancashire Constabulary,-3.036439,53.818879,On or near Glenwood Street,E01012677,Blackpool 009B,Anti-social behaviour,,
,2021-06,Lancashire Constabulary,Lancashire Constabulary,-3.035820,53.818399,On or near Whitley Avenue,E01012677,Blackpool 009B,Anti-social behaviour,,
,2021-06,Lancashire Constabulary,Lancashire Constabulary,-3.032808,53.816987,On or near Hazel Grove,E01012677,Blackpool 009B,Anti-social behaviour,,
,2021-06,Lancashire Constabulary,Lancashire Constabulary,-3.033726,53.817869,On or near Elm Avenue,E01012677,Blackpool 009B,Anti-social behaviour,,
,2021-06,Lancashire Constabulary,Lancashire Constabulary,-3.033726,53.817869,On or near Elm Avenue,E01012677,Blackpool 009B,Anti-social behaviour,,
1f75217ca5947ec51ebb9d325e3011274acc9dccb8811a564a3ac8199f52ac3e,2021-06,Lancashire Constabulary,Lancashire Constabulary,-3.032396,53.817530,On or near Beech Avenue,E01012677,Blackpool 009B,Vehicle crime,Investigation complete; no suspect identified,
51a4f1734c4f6594f39908ba89c866e600efec7750eb427dc05d3c4f82eba0b4,2021-06,Lancashire Constabulary,Lancashire Constabulary,-3.032808,53.816987,On or near Hazel Grove,E01012677,Blackpool 009B,Vehicle crime,Investigation complete; no suspect identified,
51e2200d318c1fb10d986c837945cf5c1c7798d524b2950747027884eef8a531,2021-06,Lancashire Constabulary,Lancashire Constabulary,-3.032396,53.817530,On or near Beech Avenue,E01012677,Blackpool 009B,Vehicle crime,Investigation complete; no suspect identified,
c23a10c89ebcf393a02cdeb82f6b9112f1164ac2d2fef0032ed0be5109e28541,2021-06,Lancashire Constabulary,Lancashire Constabulary,-3.033456,53.816801,On or near Olive Grove,E01012677,Blackpool 009B,Vehicle crime,Investigation complete; no suspect identified,
c39847ff0cedbd9e474d3eafb442366927de22a3cfae4fc6e4f20a30f788f3d3,2021-06,Lancashire Constabulary,Lancashire Constabulary,-3.036439,53.818879,On or near Glenwood Street,E01012677,Blackpool 009B,Violence and sexual offences,Unable to prosecute suspect,
fbc3a5e878c8d991007a3698dca5b3ffb2cee6207b8b7b2555be8b9add090f34,2021-06,Lancashire Constabulary,Lancashire Constabulary,-3.030876,53.820572,On or near Hillside Close,E01012677,Blackpool 009B,Violence and sexual offences,Unable to prosecute suspect,
cc4237cf144405bad05bdb4821c875258c58d6de055b2b1263309fac1b859400,2021-06,Lancashire Constabulary,Lancashire Constabulary,-3.037747,53.817708,On or near Whitegate Drive,E01012677,Blackpool 009B,Violence and sexual offences,Unable to prosecute suspect,
5d179ade02425bb0ac9dbd7ffce25c74b41581d3d47bd0d02bdb9584f04281f4,2021-06,Lancashire Constabulary,Lancashire Constabulary,-3.037747,53.817708,On or near Whitegate Drive,E01012677,Blackpool 009B,Violence and sexual offences,Unable to prosecute suspect,
9f492e910c4a26e24f80f6068ac4a3ff668d9d104d4b48deaa08acdbb4b6f197,2021-06,Lancashire Constabulary,Lancashire Constabulary,-3.037747,53.817708,On or near Whitegate Drive,E01012677,Blackpool 009B,Violence and sexual offences,Investigation complete; no suspect identified,
22e4aa8899e0b75a38da4cb4fbc6f92cc0f4013c8828d5c0ca0d2d9a2f42c266,2021-06,Lancashire Constabulary,Lancashire Constabulary,-3.036439,53.818879,On or near Glenwood Street,E01012677,Blackpool 009B,Violence and sexual offences,Unable to prosecute suspect,
ae274a156c68f08be7acb4110b93fdc13098c4ddf0780b1ce81905c22ef5da12,2021-06,Lancashire Constabulary,Lancashire Constabulary,-3.030876,53.820572,On or near Hillside Close,E01012677,Blackpool 009B,Violence and sexual offences,Unable to prosecute suspect,
51408204b5f3b2b7b48ebecd6cbee795ab822c41012912e353b144dcd398acd5,2021-06,Lancashire Constabulary,Lancashire Constabulary,-3.033726,53.817869,On or near Elm Avenue,E01012677,Blackpool 009B,Violence and sexual offences,Unable to prosecute suspect,
900834c353311cc8c327d1eddaa5441713cab0531b5ce75faf2048c5059831a3,2021-06,Lancashire Constabulary,Lancashire Constabulary,-3.030876,53.820572,On or near Hillside Close,E01012677,Blackpool 009B,Violence and sexual offences,Unable to prosecute suspect,
8073073ea9ec47237f8648e2eec280680d70d0aabb466525a082d2b8c4752249,2021-06,Lancashire Constabulary,Lancashire Constabulary,-3.033726,53.817869,On or near Elm Avenue,E01012677,Blackpool 009B,Violence and sexual offences,Unable to prosecute suspect,
d34f63925767dc937c3491992113d0c5c6af63fc8ad9d20ef443a83b5b923b68,2021-06,Lancashire Constabulary,Lancashire Constabulary,-3.033726,53.817869,On or near Elm Avenue,E01012677,Blackpool 009B,Violence and sexual offences,Unable to prosecute suspect,
65a15956aa2e6240ba0e8b94bde4ce61dc3d9e841217a87445e2c8fb02df296e,2021-06,Lancashire Constabulary,Lancashire Constabulary,-3.030876,53.820572,On or near Hillside Close,E01012677,Blackpool 009B,Violence and sexual offences,Unable to prosecute suspect,
5e0f3f46b083ebb4e9dd848bd24a5fd8b30c477df4f3bfef8ae5cbf98102e1d8,2021-06,Lancashire Constabulary,Lancashire Constabulary,-3.032018,53.818863,On or near Ridgwood Avenue,E01012677,Blackpool 009B,Other crime,Status update unavailable,
,2021-06,Lancashire Constabulary,Lancashire Constabulary,-3.031599,53.823433,On or near Beetham Place,E01012708,Blackpool 009C,Anti-social behaviour,,
a9bed1ab5f8e1d688560502162c61a8dfd2a0acfb6fdc138e0a34e9a15e430f0,2021-06,Lancashire Constabulary,Lancashire Constabulary,-3.031597,53.823963,On or near Camden Road,E01012708,Blackpool 009C,Other theft,Investigation complete; no suspect identified,
471c317fe547b1ec95d4dec0aeb9f754d81ac658c6b41eb0767337a906b08449,2021-06,Lancashire Constabulary,Lancashire Constabulary,-3.024155,53.824665,On or near Brockway Avenue,E01012708,Blackpool 009C,Vehicle crime,Investigation complete; no suspect identified,
ae9b39cf3570181faeb1420c493cd32c9543495fdbcee569282b3b16802e692f,2021-06,Lancashire Constabulary,Lancashire Constabulary,-3.032978,53.824535,On or near Collingwood Avenue,E01012708,Blackpool 009C,Violence and sexual offences,Unable to prosecute suspect,
39c0783d5994c1e02af54dd27d2cbab2bf02c496026a44312570650d872c9358,2021-06,Lancashire Constabulary,Lancashire Constabulary,-3.024548,53.822118,On or near Ingleway Avenue,E01012708,Blackpool 009C,Violence and sexual offences,Court result unavailable,
81e63fe0e8a21d0326953935c24803a2d65a63d559bad373fcd7997beaacdfb5,2021-06,Lancashire Constabulary,Lancashire Constabulary,-3.031597,53.823963,On or near Camden Road,E01012708,Blackpool 009C,Violence and sexual offences,Unable to prosecute suspect,
d83d947212df518382f7577b2256c6e482418545eab6e29d17b9bc346aaca079,2021-06,Lancashire Constabulary,Lancashire Constabulary,-3.032978,53.824535,On or near Collingwood Avenue,E01012708,Blackpool 009C,Violence and sexual offences,Offender given a caution,
,2021-06,Lancashire Constabulary,Lancashire Constabulary,-3.035317,53.827598,On or near North Avenue,E01012709,Blackpool 009D,Anti-social behaviour,,
,2021-06,Lancashire Constabulary,Lancashire Constabulary,-3.035317,53.827598,On or near North Avenue,E01012709,Blackpool 009D,Anti-social behaviour,,
,2021-06,Lancashire Constabulary,Lancashire Constabulary,-3.031566,53.827019,On or near Supermarket,E01012709,Blackpool 009D,Anti-social behaviour,,
,2021-06,Lancashire Constabulary,Lancashire Constabulary,-3.031566,53.827019,On or near Supermarket,E01012709,Blackpool 009D,Anti-social behaviour,,
,2021-06,Lancashire Constabulary,Lancashire Constabulary,-3.031566,53.827019,On or near Supermarket,E01012709,Blackpool 009D,Anti-social behaviour,,
,2021-06,Lancashire Constabulary,Lancashire Constabulary,-3.031566,53.827019,On or near Supermarket,E01012709,Blackpool 009D,Anti-social behaviour,,
,2021-06,Lancashire Constabulary,Lancashire Constabulary,-3.031566,53.827019,On or near Supermarket,E01012709,Blackpool 009D,Anti-social behaviour,,
,2021-06,Lancashire Constabulary,Lancashire Constabulary,-3.031566,53.827019,On or near Supermarket,E01012709,Blackpool 009D,Anti-social behaviour,,
,2021-06,Lancashire Constabulary,Lancashire Constabulary,-3.031566,53.827019,On or near Supermarket,E01012709,Blackpool 009D,Anti-social behaviour,,
,2021-06,Lancashire Constabulary,Lancashire Constabulary,-3.035317,53.827598,On or near North Avenue,E01012709,Blackpool 009D,Anti-social behaviour,,
,2021-06,Lancashire Constabulary,Lancashire Constabulary,-3.028074,53.828362,On or near Croydon Road,E01012709,Blackpool 009D,Anti-social behaviour,,
b7bd06319ec20584e59107c0934ce95cf1e7f66b3efc15f514c859b1096739c7,2021-06,Lancashire Constabulary,Lancashire Constabulary,-3.034468,53.826428,On or near Whittaker Avenue,E01012709,Blackpool 009D,Burglary,Unable to prosecute suspect,
0941f8b952922588087e473328829876cb18e8289126f758a37155788a0e9a12,2021-06,Lancashire Constabulary,Lancashire Constabulary,-3.030497,53.826211,On or near Drummond Avenue,E01012709,Blackpool 009D,Criminal damage and arson,Investigation complete; no suspect identified,
a3a746866c94e0f98e67764bf48298eb67ec09fa3a1083037eaac00d1af349d5,2021-06,Lancashire Constabulary,Lancashire Constabulary,-3.031566,53.827019,On or near Supermarket,E01012709,Blackpool 009D,Criminal damage and arson,Investigation complete; no suspect identified,
667b0608efbdd016eb5cf5996da3e1d9b6180048e9eda911021cd7d941b7aa2f,2021-06,Lancashire Constabulary,Lancashire Constabulary,-3.031566,53.827019,On or near Supermarket,E01012709,Blackpool 009D,Criminal damage and arson,Investigation complete; no suspect identified,
60f1cf63e088c7fefe7ff34a4f20567434c028f1dc0fa7c00521043232ad70f5,2021-06,Lancashire Constabulary,Lancashire Constabulary,-3.032574,53.826022,On or near Layton Road,E01012709,Blackpool 009D,Criminal damage and arson,Status update unavailable,
9a3afe111fa6dabdb6df430654ed4ebf39dfff8e48b0f1ef8d1417135bbe56cc,2021-06,Lancashire Constabulary,Lancashire Constabulary,-3.031566,53.827019,On or near Supermarket,E01012709,Blackpool 009D,Criminal damage and arson,Investigation complete; no suspect identified,
8507c741fe55f7e08d491a35147c92515681258c6561d01c52ff921b664d6b4d,2021-06,Lancashire Constabulary,Lancashire Constabulary,-3.032574,53.826022,On or near Layton Road,E01012709,Blackpool 009D,Drugs,Court result unavailable,
7175ef685f078b097ad58a2b816cefe30903f618100a57c680e04ea07c466ffd,2021-06,Lancashire Constabulary,Lancashire Constabulary,-3.032574,53.826022,On or near Layton Road,E01012709,Blackpool 009D,Other theft,Unable to prosecute suspect,
eb91e2670f65060ae1b98d95b0b71d4b426c4472cdcde9ae8d3876aecdc35906,2021-06,Lancashire Constabulary,Lancashire Constabulary,-3.028018,53.827967,On or near Gisburn Grove,E01012709,Blackpool 009D,Other theft,Investigation complete; no suspect identified,
9fc96f628e8c7898d780a6d95b57095ef9fd0fb68992df46a5b56af3b1eb347f,2021-06,Lancashire Constabulary,Lancashire Constabulary,-3.031566,53.827019,On or near Supermarket,E01012709,Blackpool 009D,Possession of weapons,Unable to prosecute suspect,
2b558d21dac456aa11f7c061aba3f62921ab9b738ee1917cff3f0b99345adffe,2021-06,Lancashire Constabulary,Lancashire Constabulary,-3.033554,53.826310,On or near Cameron Avenue,E01012709,Blackpool 009D,Public order,Unable to prosecute suspect,
2d21de62ead14a73610f456ef7d90643a5a7fd811b6ff9ba69ebebb0ef2a0f57,2021-06,Lancashire Constabulary,Lancashire Constabulary,-3.031566,53.827019,On or near Supermarket,E01012709,Blackpool 009D,Public order,Further investigation is not in the public interest,
dc2aa6add021559e2ae3ace86ea2bdc9685fb828d352780fa671beaaf4d760cb,2021-06,Lancashire Constabulary,Lancashire Constabulary,-3.031566,53.827019,On or near Supermarket,E01012709,Blackpool 009D,Public order,Investigation complete; no suspect identified,
18a333db80e9018e516287d41b46b49271001216db424bda7c7a645c7a538768,2021-06,Lancashire Constabulary,Lancashire Constabulary,-3.034132,53.826988,On or near Talbot Road,E01012709,Blackpool 009D,Public order,Status update unavailable,
da90580ce1390441b9e4e27486f6bfd45c21a648ff53bf50481dd367e7997671,2021-06,Lancashire Constabulary,Lancashire Constabulary,-3.031566,53.827019,On or near Supermarket,E01012709,Blackpool 009D,Public order,Unable to prosecute suspect,
c48f6a2413782a98d289c909ea3f59a0a728b0b97fb4dd0a9c719786236b4bfe,2021-06,Lancashire Constabulary,Lancashire Constabulary,-3.031566,53.827019,On or near Supermarket,E01012709,Blackpool 009D,Shoplifting,Status update unavailable,
6b77f357a6069aa05bb5d6f89df5375f3ebb9223eda5ac0546a88b2dc6624149,2021-06,Lancashire Constabulary,Lancashire Constabulary,-3.031566,53.827019,On or near Supermarket,E01012709,Blackpool 009D,Vehicle crime,Investigation complete; no suspect identified,
675674b9c7cc8ea7a5eeda7e9a4da26d02450cd57a2b2fe229b9c248535329c0,2021-06,Lancashire Constabulary,Lancashire Constabulary,-3.029493,53.828017,On or near Wilford Street,E01012709,Blackpool 009D,Vehicle crime,Investigation complete; no suspect identified,
ea593f94b28d84e51284a9c4b2406170c8d840fe07de6723d9adaa0be5f1b229,2021-06,Lancashire Constabulary,Lancashire Constabulary,-3.028860,53.828831,On or near Lyncroft Crescent,E01012709,Blackpool 009D,Vehicle crime,Unable to prosecute suspect,
ce9a54d2d621c96c4ef0ef4558751738e53a21932340f2d637ae4938bdf7f5df,2021-06,Lancashire Constabulary,Lancashire Constabulary,-3.036414,53.827688,On or near Peel Avenue,E01012709,Blackpool 009D,Violence and sexual offences,Status update unavailable,
d6b4836fe99127c2711290fb1a34e1f189f458d4b25840d69a32227c6e36b398,2021-06,Lancashire Constabulary,Lancashire Constabulary,-3.031566,53.827019,On or near Supermarket,E01012709,Blackpool 009D,Violence and sexual offences,Action to be taken by another organisation,
6248339bff2fc489d1173cdf0c1d39b923c20d469572b496e4fa6a0055400448,2021-06,Lancashire Constabulary,Lancashire Constabulary,-3.036414,53.827688,On or near Peel Avenue,E01012709,Blackpool 009D,Violence and sexual offences,Status update unavailable,
ddadb51cc9bf34a3563548543a52e7c2174bf14311b78ca42eee78d75c1cd5f1,2021-06,Lancashire Constabulary,Lancashire Constabulary,-3.034132,53.826988,On or near Talbot Road,E01012709,Blackpool 009D,Violence and sexual offences,Investigation complete; no suspect identified,
f9b4b659338e136bee065918ab719df04302654091ffc13abfb654067e3d7cad,2021-06,Lancashire Constabulary,Lancashire Constabulary,-3.035317,53.827598,On or near North Avenue,E01012709,Blackpool 009D,Violence and sexual offences,Unable to prosecute suspect,
762291e04887c052f53be04b94ec924c126145a8db3c08661b767b25666e3457,2021-06,Lancashire Constabulary,Lancashire Constabulary,-3.034132,53.826988,On or near Talbot Road,E01012709,Blackpool 009D,Violence and sexual offences,Unable to prosecute suspect,
85cc4d3103e96e70353a7e1d7a1018ad042bf37322b39aa583473d8c5c44a186,2021-06,Lancashire Constabulary,Lancashire Constabulary,-3.029947,53.828561,On or near Huntley Avenue,E01012709,Blackpool 009D,Violence and sexual offences,Status update unavailable,
dc58be549a57950a8b0bec8023c76b361b7505727150538167aa27f5ad7a94d6,2021-06,Lancashire Constabulary,Lancashire Constabulary,-3.034132,53.826988,On or near Talbot Road,E01012709,Blackpool 009D,Violence and sexual offences,Unable to prosecute suspect,
3efa6dd05100c57cc756ced242409d33637d6990699a491e18b5da17fe8cc8d8,2021-06,Lancashire Constabulary,Lancashire Constabulary,-3.034132,53.826988,On or near Talbot Road,E01012709,Blackpool 009D,Violence and sexual offences,Unable to prosecute suspect,
ea826a03da8fb789174a79338b5bb135df08b3ad276713afc235087ce7f255fe,2021-06,Lancashire Constabulary,Lancashire Constabulary,-3.035317,53.827598,On or near North Avenue,E01012709,Blackpool 009D,Violence and sexual offences,Unable to prosecute suspect,
64a7fa7fb2252ff5efeaea9b36ec68403893768afa0be73a64b6a40af58f57b9,2021-06,Lancashire Constabulary,Lancashire Constabulary,-3.031566,53.827019,On or near Supermarket,E01012709,Blackpool 009D,Violence and sexual offences,Action to be taken by another organisation,
a9a88fe56e923360b2b7aba638a3612ab623240a32ab706559a658f8674873d3,2021-06,Lancashire Constabulary,Lancashire Constabulary,-3.034468,53.826428,On or near Whittaker Avenue,E01012709,Blackpool 009D,Violence and sexual offences,Unable to prosecute suspect,
f73180ea9cf27a6e4628928027e7df6902bb1b12e15ee38c63a4bac38654f935,2021-06,Lancashire Constabulary,Lancashire Constabulary,-3.031566,53.827019,On or near Supermarket,E01012709,Blackpool 009D,Violence and sexual offences,Unable to prosecute suspect,
2db4b7a27ce74e72938a8a4cc2568f457ed2267b6919ef96a71c0d029316d4ba,2021-06,Lancashire Constabulary,Lancashire Constabulary,-3.028860,53.828831,On or near Lyncroft Crescent,E01012709,Blackpool 009D,Violence and sexual offences,Unable to prosecute suspect,
95cdfb1463cbc564c6bf402b4ea1803af3d41e1cbcb74b3ec519e8bc2dcb09cf,2021-06,Lancashire Constabulary,Lancashire Constabulary,-3.036414,53.827688,On or near Peel Avenue,E01012709,Blackpool 009D,Violence and sexual offences,Status update unavailable,
,2021-06,Lancashire Constabulary,Lancashire Constabulary,-3.019748,53.823381,On or near Riversway,E01012710,Blackpool 009E,Anti-social behaviour,,
,2021-06,Lancashire Constabulary,Lancashire Constabulary,-3.026596,53.819512,On or near Milton Avenue,E01012710,Blackpool 009E,Anti-social behaviour,,
,2021-06,Lancashire Constabulary,Lancashire Constabulary,-3.023003,53.827273,On or near St Walburga'S Road,E01012710,Blackpool 009E,Anti-social behaviour,,
51c1529f8cb963378716d084d8863b0141a5a53d88fa7442ebb7ebc8ec9b6716,2021-06,Lancashire Constabulary,Lancashire Constabulary,-3.020376,53.824194,On or near Crestway,E01012710,Blackpool 009E,Criminal damage and arson,Unable to prosecute suspect,
db02de588d64f953240e9db6b98e5babd82bf7a5856c93524885b03556c61951,2021-06,Lancashire Constabulary,Lancashire Constabulary,-3.022487,53.821668,On or near Newton Drive,E01012710,Blackpool 009E,Public order,Further investigation is not in the public interest,
65da0261d5f608142838b370f2e313380b56df665684a8c7742e91b0ced54a29,2021-06,Lancashire Constabulary,Lancashire Constabulary,-3.019748,53.823381,On or near Riversway,E01012710,Blackpool 009E,Vehicle crime,Investigation complete; no suspect identified,
0329aae6ae0981fe26f206f4aeb6600ac04038ef3350de9932fc7a452625fb9d,2021-06,Lancashire Constabulary,Lancashire Constabulary,-3.019748,53.823381,On or near Riversway,E01012710,Blackpool 009E,Violence and sexual offences,Further investigation is not in the public interest,
3f1c51885ef33da6f55c46b56cfde8f8e850df63119d5d873445925798cbce35,2021-06,Lancashire Constabulary,Lancashire Constabulary,-3.022487,53.821668,On or near Newton Drive,E01012710,Blackpool 009E,Violence and sexual offences,Unable to prosecute suspect,
f737fa388139576194d3aa1534a131dfff2475e922153aef5e6e9d132ad79c83,2021-06,Lancashire Constabulary,Lancashire Constabulary,-3.021954,53.825987,On or near St Bernard Avenue,E01012710,Blackpool 009E,Violence and sexual offences,Action to be taken by another organisation,
e963d60b87530334711c72dda81090df21353db36a9e4ee7d98f9d538a2c6b1f,2021-06,Lancashire Constabulary,Lancashire Constabulary,-3.026596,53.819512,On or near Milton Avenue,E01012710,Blackpool 009E,Violence and sexual offences,Investigation complete; no suspect identified,
,2021-06,Lancashire Constabulary,Lancashire Constabulary,-3.019585,53.826052,On or near Hospital,E01012722,Blackpool 009F,Anti-social behaviour,,
,2021-06,Lancashire Constabulary,Lancashire Constabulary,-3.005727,53.823428,On or near Mallard Court,E01012722,Blackpool 009F,Anti-social behaviour,,
,2021-06,Lancashire Constabulary,Lancashire Constabulary,-3.016279,53.820660,On or near Hospital,E01012722,Blackpool 009F,Anti-social behaviour,,
,2021-06,Lancashire Constabulary,Lancashire Constabulary,-3.015944,53.821859,On or near Parking Area,E01012722,Blackpool 009F,Anti-social behaviour,,
,2021-06,Lancashire Constabulary,Lancashire Constabulary,-3.015944,53.821859,On or near Parking Area,E01012722,Blackpool 009F,Anti-social behaviour,,
,2021-06,Lancashire Constabulary,Lancashire Constabulary,-3.015944,53.821859,On or near Parking Area,E01012722,Blackpool 009F,Anti-social behaviour,,
,2021-06,Lancashire Constabulary,Lancashire Constabulary,-3.019585,53.826052,On or near Hospital,E01012722,Blackpool 009F,Anti-social behaviour,,
0525cc742045a4a204885b62758bf5e967320a2cbe8944f296d28bc7754828f4,2021-06,Lancashire Constabulary,Lancashire Constabulary,-3.019585,53.826052,On or near Hospital,E01012722,Blackpool 009F,Criminal damage and arson,Unable to prosecute suspect,
89d348dd39dd59e74c5c16126090a4e96ba34843fe497cfb048b6961cb459706,2021-06,Lancashire Constabulary,Lancashire Constabulary,-3.016279,53.820660,On or near Hospital,E01012722,Blackpool 009F,Criminal damage and arson,Unable to prosecute suspect,
9214a11c98a0aa1238d85fed29ea8f3dfccd06837336f8420673b5f6b9715012,2021-06,Lancashire Constabulary,Lancashire Constabulary,-3.019585,53.826052,On or near Hospital,E01012722,Blackpool 009F,Criminal damage and arson,Unable to prosecute suspect,
63b4461bf5a43298f5e4c27f7533444c160b026eb7a0b4d2a3ccbe7c4acb4f1c,2021-06,Lancashire Constabulary,Lancashire Constabulary,-3.015751,53.822687,On or near Cottesmore Place,E01012722,Blackpool 009F,Other theft,Investigation complete; no suspect identified,
1c4e47cca467904c4d7d2f683295a656d303286aa33d8ac7c8112a6929ea82c2,2021-06,Lancashire Constabulary,Lancashire Constabulary,-3.016279,53.820660,On or near Hospital,E01012722,Blackpool 009F,Other theft,Investigation complete; no suspect identified,
79fe5fa1982fb6f1686f24cb26c5ea179d87273691a344274cc23deed81b9585,2021-06,Lancashire Constabulary,Lancashire Constabulary,-3.016279,53.820660,On or near Hospital,E01012722,Blackpool 009F,Other theft,Court result unavailable,
6948515c692c36008fe745aa60568b9a98dc546d5c15cb77ddbfc3ec7e1a1956,2021-06,Lancashire Constabulary,Lancashire Constabulary,-3.016279,53.820660,On or near Hospital,E01012722,Blackpool 009F,Public order,Further investigation is not in the public interest,
92eccebbce186c73ed560a6920dea7e5456191571300269cce31ea22751285e7,2021-06,Lancashire Constabulary,Lancashire Constabulary,-3.016279,53.820660,On or near Hospital,E01012722,Blackpool 009F,Shoplifting,Status update unavailable,
098fed35ed3935adee9e7ebdcc7caf05c3427ded3addda98097ded8bc7a93897,2021-06,Lancashire Constabulary,Lancashire Constabulary,-3.016279,53.820660,On or near Hospital,E01012722,Blackpool 009F,Shoplifting,Status update unavailable,
762fe8fc4c7802e5d83a64de4f20f0c90eb36d7b35f612ba4564b0e95bf69ed8,2021-06,Lancashire Constabulary,Lancashire Constabulary,-3.016279,53.820660,On or near Hospital,E01012722,Blackpool 009F,Shoplifting,Status update unavailable,
a227160d0acb196ed06783b7badef3bdafcbcc3d39fe4e332c785a47e1cb8368,2021-06,Lancashire Constabulary,Lancashire Constabulary,-3.014153,53.825074,On or near Newton Drive,E01012722,Blackpool 009F,Vehicle crime,Court result unavailable,
8b6395d53c79e699cbf35828a9a620eb88621f34453b9b0fdc7dc490caf17a9b,2021-06,Lancashire Constabulary,Lancashire Constabulary,-3.016279,53.820660,On or near Hospital,E01012722,Blackpool 009F,Violence and sexual offences,Court result unavailable,
3cf3dbd2c5cbae0584bfa1efea73031d7b5ae9c67b772693eab833ec49edfeee,2021-06,Lancashire Constabulary,Lancashire Constabulary,-3.016279,53.820660,On or near Hospital,E01012722,Blackpool 009F,Violence and sexual offences,Status update unavailable,
97be27bbd4e460a251011b8a3a62f56886c4826f209981467d4bc8b0d96e8f81,2021-06,Lancashire Constabulary,Lancashire Constabulary,-3.016279,53.820660,On or near Hospital,E01012722,Blackpool 009F,Violence and sexual offences,Unable to prosecute suspect,
178b2044fea5a184737e866dac50491fcef430023a528c77672adb4ec984f91c,2021-06,Lancashire Constabulary,Lancashire Constabulary,-3.016279,53.820660,On or near Hospital,E01012722,Blackpool 009F,Violence and sexual offences,Status update unavailable,
37081e3fa8b86fecc39d67c99d1af5c78e00fdb1a1a03d82cef66b8f3190259d,2021-06,Lancashire Constabulary,Lancashire Constabulary,-3.016279,53.820660,On or near Hospital,E01012722,Blackpool 009F,Violence and sexual offences,Court result unavailable,
a7ba4146ca5e67164cb6c641dad34a36ea4f99882103287ea93aacc70fab281e,2021-06,Lancashire Constabulary,Lancashire Constabulary,-3.016279,53.820660,On or near Hospital,E01012722,Blackpool 009F,Violence and sexual offences,Status update unavailable,
59ae357f58e05d6c5c3cb74652c1887db9a8c6be725744d18cbfc9294c95b85d,2021-06,Lancashire Constabulary,Lancashire Constabulary,-3.016279,53.820660,On or near Hospital,E01012722,Blackpool 009F,Violence and sexual offences,Court result unavailable,
35594413bafb7cd45ecdce1df37cbfbfefd3d6f5bd1b0ac44df054532c196722,2021-06,Lancashire Constabulary,Lancashire Constabulary,-3.016279,53.820660,On or near Hospital,E01012722,Blackpool 009F,Violence and sexual offences,Status update unavailable,
d691c4b22f9a639f411970d4136e2a104ee00f1c5c9df768b137ae6ce4be41d7,2021-06,Lancashire Constabulary,Lancashire Constabulary,-3.016279,53.820660,On or near Hospital,E01012722,Blackpool 009F,Violence and sexual offences,Court result unavailable,
fb8b7fd1193e15e2f987f45364ad6f6f2252dc0cf41903ae535d0d13c4ed02de,2021-06,Lancashire Constabulary,Lancashire Constabulary,-3.016279,53.820660,On or near Hospital,E01012722,Blackpool 009F,Violence and sexual offences,Status update unavailable,
b2d2cc4c82f31a67d8bf0b4ded75f966a5e30ba7ad45d86326f11c6a3fab394c,2021-06,Lancashire Constabulary,Lancashire Constabulary,-3.016279,53.820660,On or near Hospital,E01012722,Blackpool 009F,Violence and sexual offences,Court result unavailable,
ec3e81ec0975f28ed586e1527ba32d9d8e1f343c964ea0188a97268a0c5dab7d,2021-06,Lancashire Constabulary,Lancashire Constabulary,-3.016279,53.820660,On or near Hospital,E01012722,Blackpool 009F,Violence and sexual offences,Status update unavailable,
0f3416e9f7238fbb404f753378cd0e67ba4fd08504f1f279938a26b591f4a1d1,2021-06,Lancashire Constabulary,Lancashire Constabulary,-3.016279,53.820660,On or near Hospital,E01012722,Blackpool 009F,Violence and sexual offences,Unable to prosecute suspect,
5e95520420e2c25340a64b92e38f2452bb6e56c48ecffd930c712aedf99f824c,2021-06,Lancashire Constabulary,Lancashire Constabulary,-3.016279,53.820660,On or near Hospital,E01012722,Blackpool 009F,Violence and sexual offences,Status update unavailable,
49fd7552a9a4c18f7ecaf42bb439ae8d19bb2482f1ea445759893447a812529c,2021-06,Lancashire Constabulary,Lancashire Constabulary,-3.019585,53.826052,On or near Hospital,E01012722,Blackpool 009F,Violence and sexual offences,Court result unavailable,
f90b2058e6959250efeb866f181dba0a53a6b65e76af661b71dca1d91d216344,2021-06,Lancashire Constabulary,Lancashire Constabulary,-3.016279,53.820660,On or near Hospital,E01012722,Blackpool 009F,Violence and sexual offences,Status update unavailable,
53dc94faab1ada3ca509044b43430c7f15df7b6ed36ce65e67b3c983130323a2,2021-06,Lancashire Constabulary,Lancashire Constabulary,-3.016279,53.820660,On or near Hospital,E01012722,Blackpool 009F,Violence and sexual offences,Status update unavailable,
50f9f69e22c3e9cf1380dfef5a9f123f60cc92bd320dd7197e49e8bbabd15683,2021-06,Lancashire Constabulary,Lancashire Constabulary,-3.016279,53.820660,On or near Hospital,E01012722,Blackpool 009F,Violence and sexual offences,Status update unavailable,
74cd2cd146276dafef8b79dc713f4b5620bfa5dee4368649258a0753e77aabe0,2021-06,Lancashire Constabulary,Lancashire Constabulary,-3.016279,53.820660,On or near Hospital,E01012722,Blackpool 009F,Violence and sexual offences,Status update unavailable,
41a24845826393afd694f3aa576d15b48b21710513933875154118b733711e15,2021-06,Lancashire Constabulary,Lancashire Constabulary,-3.016279,53.820660,On or near Hospital,E01012722,Blackpool 009F,Violence and sexual offences,Status update unavailable,
83d960126a111bc05c2bd9224d6cb853b1fb4ac4a30e2a15084014d9655881d7,2021-06,Lancashire Constabulary,Lancashire Constabulary,-3.016279,53.820660,On or near Hospital,E01012722,Blackpool 009F,Violence and sexual offences,Status update unavailable,
7e852b821b8a456c8c086b2797e5f787dfa15df2c98c75327645adaa421f3e44,2021-06,Lancashire Constabulary,Lancashire Constabulary,-3.016279,53.820660,On or near Hospital,E01012722,Blackpool 009F,Violence and sexual offences,Status update unavailable,
1a1b4a08659b6d79d0f82412708946145e4e75a41d0ff29617672b61203ab903,2021-06,Lancashire Constabulary,Lancashire Constabulary,-3.016279,53.820660,On or near Hospital,E01012722,Blackpool 009F,Violence and sexual offences,Status update unavailable,
6e0fdf0140d5b229fcaf26ad4fcc2e089967c3e644b3148def3c1b058129f8de,2021-06,Lancashire Constabulary,Lancashire Constabulary,-3.016279,53.820660,On or near Hospital,E01012722,Blackpool 009F,Violence and sexual offences,Status update unavailable,
0e280d225ec3d8bbbb96dc953b35a5e7c926231edf022de95c98c1aefcda6049,2021-06,Lancashire Constabulary,Lancashire Constabulary,-3.016279,53.820660,On or near Hospital,E01012722,Blackpool 009F,Violence and sexual offences,Status update unavailable,
58bc07ed2015b870f663f803646477732fc7747a902c23bc63011c7fa8e322eb,2021-06,Lancashire Constabulary,Lancashire Constabulary,-3.016279,53.820660,On or near Hospital,E01012722,Blackpool 009F,Violence and sexual offences,Status update unavailable,
54cc4e21d03e655c51c3ffa84d78721034868b7648b106c25e52cc005db55ae4,2021-06,Lancashire Constabulary,Lancashire Constabulary,-3.016279,53.820660,On or near Hospital,E01012722,Blackpool 009F,Violence and sexual offences,Unable to prosecute suspect,
64c7050b78608399874de41fb8602b5530e65860d4139133d4ff93d71b3d58fe,2021-06,Lancashire Constabulary,Lancashire Constabulary,-3.016279,53.820660,On or near Hospital,E01012722,Blackpool 009F,Violence and sexual offences,Unable to prosecute suspect,
46513c9c7d2974e7cb0f8e7b0bb0a5086571b18c32939e8768753bba62b62be9,2021-06,Lancashire Constabulary,Lancashire Constabulary,-3.016279,53.820660,On or near Hospital,E01012722,Blackpool 009F,Violence and sexual offences,Unable to prosecute suspect,
ea8a126b143c6e8187c9e42199d8c166b8098cbf436a921e398b09e74bcca80b,2021-06,Lancashire Constabulary,Lancashire Constabulary,-3.016279,53.820660,On or near Hospital,E01012722,Blackpool 009F,Violence and sexual offences,Unable to prosecute suspect,
ef371d0fea22a929e73ab7876f1f820100f905ca62ee8df2d2b5327d3d55b0c6,2021-06,Lancashire Constabulary,Lancashire Constabulary,-3.016279,53.820660,On or near Hospital,E01012722,Blackpool 009F,Violence and sexual offences,Status update unavailable,
932fc8cf68bed1a4babef44b71f92c6663827f2fb51e44aa22874aa3dde8ac35,2021-06,Lancashire Constabulary,Lancashire Constabulary,-3.012680,53.824457,On or near Dauntesey Avenue,E01012722,Blackpool 009F,Violence and sexual offences,Unable to prosecute suspect,
45a7329a97b9ee411d102b53b6482ac58a8f1efa6cedc7c1ec6a6eb2f2e88f3d,2021-06,Lancashire Constabulary,Lancashire Constabulary,-3.009499,53.823585,On or near Sandpiper Close,E01012722,Blackpool 009F,Violence and sexual offences,Unable to prosecute suspect,
a2825a0231209822d16c93c18adbb286b518c5f96dff8acd3d43b8dce97e13d7,2021-06,Lancashire Constabulary,Lancashire Constabulary,-3.016279,53.820660,On or near Hospital,E01012722,Blackpool 009F,Violence and sexual offences,Investigation complete; no suspect identified,
6220b2d6936bcfdddb2996b27c27c8647ba9fa007ae3d3623f7f09e9e16b9936,2021-06,Lancashire Constabulary,Lancashire Constabulary,-3.016279,53.820660,On or near Hospital,E01012722,Blackpool 009F,Violence and sexual offences,Status update unavailable,
71c30cd85262927637c257edb08c287b6e3a245b295a0ea665eb67efb36937b4,2021-06,Lancashire Constabulary,Lancashire Constabulary,-3.016279,53.820660,On or near Hospital,E01012722,Blackpool 009F,Violence and sexual offences,Unable to prosecute suspect,
b90379df1e010daa394b92e8653c641fd4c85e0b8049d9849032b661ec8cd6b0,2021-06,Lancashire Constabulary,Lancashire Constabulary,-3.009499,53.823585,On or near Sandpiper Close,E01012722,Blackpool 009F,Violence and sexual offences,Unable to prosecute suspect,
f59b3d7f7f519f019a3f0012aba2ac056380be5ffa68cbdcb8126a4757c5028d,2021-06,Lancashire Constabulary,Lancashire Constabulary,-3.007632,53.824293,On or near Linnet Close,E01012722,Blackpool 009F,Violence and sexual offences,Unable to prosecute suspect,
ec82fa2cd1ed3dc42fc2d3b87120aeaabb0424501663d58e2b4a35441e7fb377,2021-06,Lancashire Constabulary,Lancashire Constabulary,-3.016279,53.820660,On or near Hospital,E01012722,Blackpool 009F,Violence and sexual offences,Unable to prosecute suspect,
fbda1926bb1fcbed26307083eaf504766dc68ecbeb4eb610062772a4f2d9df6e,2021-06,Lancashire Constabulary,Lancashire Constabulary,-3.016279,53.820660,On or near Hospital,E01012722,Blackpool 009F,Violence and sexual offences,Status update unavailable,
8fcd2d6f2760c61b7cca4f33e4c94bc551465852f014fd5c8a8a34f7c048e877,2021-06,Lancashire Constabulary,Lancashire Constabulary,-3.016279,53.820660,On or near Hospital,E01012722,Blackpool 009F,Violence and sexual offences,Unable to prosecute suspect,
6b7fab62c15056823a521c0396db6957142f22949eb6b7c947cccb47196e229a,2021-06,Lancashire Constabulary,Lancashire Constabulary,-3.016279,53.820660,On or near Hospital,E01012722,Blackpool 009F,Other crime,Status update unavailable,
,2021-06,Lancashire Constabulary,Lancashire Constabulary,-3.055093,53.809845,On or near Shopping Area,E01012673,Blackpool 010A,Anti-social behaviour,,
,2021-06,Lancashire Constabulary,Lancashire Constabulary,-3.047526,53.812086,On or near Livingstone Road,E01012673,Blackpool 010A,Anti-social behaviour,,
,2021-06,Lancashire Constabulary,Lancashire Constabulary,-3.054947,53.810080,On or near Foxhall Road,E01012673,Blackpool 010A,Anti-social behaviour,,
,2021-06,Lancashire Constabulary,Lancashire Constabulary,-3.048099,53.810131,On or near Erdington Road,E01012673,Blackpool 010A,Anti-social behaviour,,
,2021-06,Lancashire Constabulary,Lancashire Constabulary,-3.054947,53.810080,On or near Foxhall Road,E01012673,Blackpool 010A,Anti-social behaviour,,
,2021-06,Lancashire Constabulary,Lancashire Constabulary,-3.053132,53.810959,On or near Pier Street,E01012673,Blackpool 010A,Anti-social behaviour,,
,2021-06,Lancashire Constabulary,Lancashire Constabulary,-3.047546,53.810468,On or near Central Drive,E01012673,Blackpool 010A,Anti-social behaviour,,
,2021-06,Lancashire Constabulary,Lancashire Constabulary,-3.053132,53.810959,On or near Pier Street,E01012673,Blackpool 010A,Anti-social behaviour,,
,2021-06,Lancashire Constabulary,Lancashire Constabulary,-3.044958,53.812046,On or near Sutton Place,E01012673,Blackpool 010A,Anti-social behaviour,,
,2021-06,Lancashire Constabulary,Lancashire Constabulary,-3.046507,53.811457,On or near Belmont Avenue,E01012673,Blackpool 010A,Anti-social behaviour,,
,2021-06,Lancashire Constabulary,Lancashire Constabulary,-3.048099,53.810131,On or near Erdington Road,E01012673,Blackpool 010A,Anti-social behaviour,,
,2021-06,Lancashire Constabulary,Lancashire Constabulary,-3.047526,53.812086,On or near Livingstone Road,E01012673,Blackpool 010A,Anti-social behaviour,,
,2021-06,Lancashire Constabulary,Lancashire Constabulary,-3.047009,53.809637,On or near Chadwick Street,E01012673,Blackpool 010A,Anti-social behaviour,,
,2021-06,Lancashire Constabulary,Lancashire Constabulary,-3.044958,53.812046,On or near Sutton Place,E01012673,Blackpool 010A,Anti-social behaviour,,
,2021-06,Lancashire Constabulary,Lancashire Constabulary,-3.048651,53.811537,On or near Supermarket,E01012673,Blackpool 010A,Anti-social behaviour,,
,2021-06,Lancashire Constabulary,Lancashire Constabulary,-3.054947,53.810080,On or near Foxhall Road,E01012673,Blackpool 010A,Anti-social behaviour,,
,2021-06,Lancashire Constabulary,Lancashire Constabulary,-3.055093,53.809845,On or near Shopping Area,E01012673,Blackpool 010A,Anti-social behaviour,,
,2021-06,Lancashire Constabulary,Lancashire Constabulary,-3.054947,53.810080,On or near Foxhall Road,E01012673,Blackpool 010A,Anti-social behaviour,,
,2021-06,Lancashire Constabulary,Lancashire Constabulary,-3.048099,53.810131,On or near Erdington Road,E01012673,Blackpool 010A,Anti-social behaviour,,
,2021-06,Lancashire Constabulary,Lancashire Constabulary,-3.047480,53.810855,On or near West View,E01012673,Blackpool 010A,Anti-social behaviour,,
,2021-06,Lancashire Constabulary,Lancashire Constabulary,-3.049751,53.811177,On or near Bethesda Road,E01012673,Blackpool 010A,Anti-social behaviour,,
,2021-06,Lancashire Constabulary,Lancashire Constabulary,-3.048651,53.811537,On or near Supermarket,E01012673,Blackpool 010A,Anti-social behaviour,,
,2021-06,Lancashire Constabulary,Lancashire Constabulary,-3.047526,53.812086,On or near Livingstone Road,E01012673,Blackpool 010A,Anti-social behaviour,,
,2021-06,Lancashire Constabulary,Lancashire Constabulary,-3.044958,53.812046,On or near Sutton Place,E01012673,Blackpool 010A,Anti-social behaviour,,
,2021-06,Lancashire Constabulary,Lancashire Constabulary,-3.047480,53.810855,On or near West View,E01012673,Blackpool 010A,Anti-social behaviour,,
,2021-06,Lancashire Constabulary,Lancashire Constabulary,-3.046507,53.811457,On or near Belmont Avenue,E01012673,Blackpool 010A,Anti-social behaviour,,
,2021-06,Lancashire Constabulary,Lancashire Constabulary,-3.044958,53.812046,On or near Sutton Place,E01012673,Blackpool 010A,Anti-social behaviour,,
,2021-06,Lancashire Constabulary,Lancashire Constabulary,-3.054234,53.810095,On or near Dale Street,E01012673,Blackpool 010A,Anti-social behaviour,,
,2021-06,Lancashire Constabulary,Lancashire Constabulary,-3.050234,53.809869,On or near Middle Street,E01012673,Blackpool 010A,Anti-social behaviour,,
,2021-06,Lancashire Constabulary,Lancashire Constabulary,-3.050234,53.809869,On or near Middle Street,E01012673,Blackpool 010A,Anti-social behaviour,,
,2021-06,Lancashire Constabulary,Lancashire Constabulary,-3.046507,53.811457,On or near Belmont Avenue,E01012673,Blackpool 010A,Anti-social behaviour,,
,2021-06,Lancashire Constabulary,Lancashire Constabulary,-3.045858,53.809755,On or near Supermarket,E01012673,Blackpool 010A,Anti-social behaviour,,
,2021-06,Lancashire Constabulary,Lancashire Constabulary,-3.046507,53.811457,On or near Belmont Avenue,E01012673,Blackpool 010A,Anti-social behaviour,,
,2021-06,Lancashire Constabulary,Lancashire Constabulary,-3.044958,53.812046,On or near Sutton Place,E01012673,Blackpool 010A,Anti-social behaviour,,
,2021-06,Lancashire Constabulary,Lancashire Constabulary,-3.047546,53.810468,On or near Central Drive,E01012673,Blackpool 010A,Anti-social behaviour,,
,2021-06,Lancashire Constabulary,Lancashire Constabulary,-3.049751,53.811177,On or near Bethesda Road,E01012673,Blackpool 010A,Anti-social behaviour,,
,2021-06,Lancashire Constabulary,Lancashire Constabulary,-3.050234,53.809869,On or near Middle Street,E01012673,Blackpool 010A,Anti-social behaviour,,
,2021-06,Lancashire Constabulary,Lancashire Constabulary,-3.054947,53.810080,On or near Foxhall Road,E01012673,Blackpool 010A,Anti-social behaviour,,
445a19f7d6bd93abab0dabaf4d38c7708771c4fe6a98fb34bb0f586e9d17bb29,2021-06,Lancashire Constabulary,Lancashire Constabulary,-3.047009,53.809637,On or near Chadwick Street,E01012673,Blackpool 010A,Burglary,Investigation complete; no suspect identified,
6e7dfac473e376958a48dbdf1474fef669bcb2805ac146c2bafc674c8f66f1d6,2021-06,Lancashire Constabulary,Lancashire Constabulary,-3.049751,53.811177,On or near Bethesda Road,E01012673,Blackpool 010A,Criminal damage and arson,Status update unavailable,
e675ff9c31da119f4d239bd3f02a856d25dc70942d62220214ad2489df5dbf3b,2021-06,Lancashire Constabulary,Lancashire Constabulary,-3.047526,53.812086,On or near Livingstone Road,E01012673,Blackpool 010A,Criminal damage and arson,Investigation complete; no suspect identified,
63fba57034c661921b88fefcbd81cf2b7cb34524bf359d53f4844e9a2f0d0ee4,2021-06,Lancashire Constabulary,Lancashire Constabulary,-3.049326,53.810587,On or near Louise Street,E01012673,Blackpool 010A,Criminal damage and arson,Investigation complete; no suspect identified,
815d7836c369c50c0b105805ff593f5e5fa9a76d879f3d52f7d02d95d1c59b74,2021-06,Lancashire Constabulary,Lancashire Constabulary,-3.054947,53.810080,On or near Foxhall Road,E01012673,Blackpool 010A,Criminal damage and arson,Investigation complete; no suspect identified,
66094f275fa3b405f5db5fe1e793fca4938d832ae5ac887c19531872bc405938,2021-06,Lancashire Constabulary,Lancashire Constabulary,-3.044958,53.812046,On or near Sutton Place,E01012673,Blackpool 010A,Criminal damage and arson,Status update unavailable,
1dac52660e344396792fea744789698af27eac455cc0eae215a1d6005e1f5a05,2021-06,Lancashire Constabulary,Lancashire Constabulary,-3.050234,53.809869,On or near Middle Street,E01012673,Blackpool 010A,Criminal damage and arson,Investigation complete; no suspect identified,
cdd2e6e0dcad6daf219c299f72eb76490169a13177d4f91980b46ee5a018f252,2021-06,Lancashire Constabulary,Lancashire Constabulary,-3.047009,53.809637,On or near Chadwick Street,E01012673,Blackpool 010A,Criminal damage and arson,Investigation complete; no suspect identified,
71282f6e5bfb82a0b411bd3ee12f06a4defe4075877cb23b91560dc5ab45864d,2021-06,Lancashire Constabulary,Lancashire Constabulary,-3.047009,53.809637,On or near Chadwick Street,E01012673,Blackpool 010A,Criminal damage and arson,Investigation complete; no suspect identified,
35c6d93504e55caa19b5c644b7f6bb7b42ff2433453a23917a805b0d9a1d2cc4,2021-06,Lancashire Constabulary,Lancashire Constabulary,-3.046507,53.811457,On or near Belmont Avenue,E01012673,Blackpool 010A,Criminal damage and arson,Further investigation is not in the public interest,
f5d51b18287d557f66976b4d3ca1a471b50160da3a0aa05f42f6a2286a0f8563,2021-06,Lancashire Constabulary,Lancashire Constabulary,-3.049227,53.810265,On or near Kent Road,E01012673,Blackpool 010A,Criminal damage and arson,Unable to prosecute suspect,
c2c05db682145cd128fbfa30dd9df1fad05523baa7aa11345883920e6025ae05,2021-06,Lancashire Constabulary,Lancashire Constabulary,-3.047009,53.809637,On or near Chadwick Street,E01012673,Blackpool 010A,Drugs,Further investigation is not in the public interest,
e0b24cc8748f4d801bc6fd28ad49dfb828cc3de59b63df8c258a6b8e061ec8bd,2021-06,Lancashire Constabulary,Lancashire Constabulary,-3.047526,53.812086,On or near Livingstone Road,E01012673,Blackpool 010A,Other theft,Unable to prosecute suspect,
ae9c39116d19a3c999f204b487e8ea5b402e8bcf27538fda9f6f77cdd2dfeb89,2021-06,Lancashire Constabulary,Lancashire Constabulary,-3.049416,53.811162,On or near Parking Area,E01012673,Blackpool 010A,Other theft,Further investigation is not in the public interest,
17ef69d7fa073c16e0f5544b07c1b2efb2e67853c33c26c74aa81c192fd75c7c,2021-06,Lancashire Constabulary,Lancashire Constabulary,-3.047009,53.809637,On or near Chadwick Street,E01012673,Blackpool 010A,Other theft,Unable to prosecute suspect,
9e301c64779d981d59040885b7df3c386b92242f3c96ed0c37b7c27e014d4809,2021-06,Lancashire Constabulary,Lancashire Constabulary,-3.054947,53.810080,On or near Foxhall Road,E01012673,Blackpool 010A,Public order,Investigation complete; no suspect identified,
d14a489960963cd790479c63321b4f5f1d18f8423b1ed2b9a3b8d31387b32313,2021-06,Lancashire Constabulary,Lancashire Constabulary,-3.048651,53.811537,On or near Supermarket,E01012673,Blackpool 010A,Public order,Unable to prosecute suspect,
ef0b649bfc208d83e0183c47b6fd0390822a183bba3ab391f0c8232bb46df5b2,2021-06,Lancashire Constabulary,Lancashire Constabulary,-3.050234,53.809869,On or near Middle Street,E01012673,Blackpool 010A,Public order,Unable to prosecute suspect,
6d5092c9ccb8b910d4541a2195ccd7b0013c67a95f8fcf5d171a6f4d1e3abe21,2021-06,Lancashire Constabulary,Lancashire Constabulary,-3.046507,53.811457,On or near Belmont Avenue,E01012673,Blackpool 010A,Public order,Investigation complete; no suspect identified,
ead772c84040e4b25052b6d8a50e353d823f93cde9cfd64928b9cab309ee95f6,2021-06,Lancashire Constabulary,Lancashire Constabulary,-3.049751,53.811177,On or near Bethesda Road,E01012673,Blackpool 010A,Public order,Unable to prosecute suspect,
0d156f6329d2f4ada6f81a70257e702814599791b3a70c16b1b81f1e7b5f99d2,2021-06,Lancashire Constabulary,Lancashire Constabulary,-3.045858,53.809755,On or near Supermarket,E01012673,Blackpool 010A,Public order,Further investigation is not in the public interest,
063436672a357ea963faa5e57d1a36ac7ac8edc264760e937bf2b907f5abd47f,2021-06,Lancashire Constabulary,Lancashire Constabulary,-3.047009,53.809637,On or near Chadwick Street,E01012673,Blackpool 010A,Public order,Unable to prosecute suspect,
c6aeaf0f873565d6d7e7f29bc62bc66ac6c3995e08382a9fb94b0612b1f63cf4,2021-06,Lancashire Constabulary,Lancashire Constabulary,-3.044958,53.812046,On or near Sutton Place,E01012673,Blackpool 010A,Public order,Unable to prosecute suspect,
0cfac8226f0ffbee1a9149f8abe75844a1033227444d30fc5a2c2a5e6967da8a,2021-06,Lancashire Constabulary,Lancashire Constabulary,-3.055093,53.809845,On or near Shopping Area,E01012673,Blackpool 010A,Public order,Further investigation is not in the public interest,
5c21f8b926b1fb7ee47c6f23a6ee084fe1f85b835554820ab25ca1337b4f53dd,2021-06,Lancashire Constabulary,Lancashire Constabulary,-3.049326,53.810587,On or near Louise Street,E01012673,Blackpool 010A,Robbery,Unable to prosecute suspect,
1f4f192490312b5346c81ad6732012a54275a6eeae673bd0dde7e0a9702b7a50,2021-06,Lancashire Constabulary,Lancashire Constabulary,-3.048651,53.811537,On or near Supermarket,E01012673,Blackpool 010A,Shoplifting,Further investigation is not in the public interest,
aa6450dfadfcea9c955c6b2d7fbd10d8275d9f9b44a4c0b515f1820727670ecc,2021-06,Lancashire Constabulary,Lancashire Constabulary,-3.045858,53.809755,On or near Supermarket,E01012673,Blackpool 010A,Shoplifting,Status update unavailable,
22005150216b4d221dde31ecaa97937ac873885e324f2da3e73343ff58a8a746,2021-06,Lancashire Constabulary,Lancashire Constabulary,-3.048651,53.811537,On or near Supermarket,E01012673,Blackpool 010A,Shoplifting,Status update unavailable,
70faff6fdd3439de73faa597f3a6cabb6fd94d4ed68e13162eeab5de4ccaecea,2021-06,Lancashire Constabulary,Lancashire Constabulary,-3.046860,53.808542,On or near Salthouse Avenue,E01012673,Blackpool 010A,Violence and sexual offences,Offender given a caution,
26c5e879c3607767d94a36023892a3173bc0febea7be4a2e388aec9b5780ae6e,2021-06,Lancashire Constabulary,Lancashire Constabulary,-3.044958,53.812046,On or near Sutton Place,E01012673,Blackpool 010A,Violence and sexual offences,Offender given a caution,
b38abf9c76b1e1a5cb82da024d4dd76aa6a1baf6969a32fc7b5f1377d4ff907c,2021-06,Lancashire Constabulary,Lancashire Constabulary,-3.054947,53.810080,On or near Foxhall Road,E01012673,Blackpool 010A,Violence and sexual offences,Investigation complete; no suspect identified,
12f135339b66767b5610db176404ee9ff90862f37503079297349d4ddb94721c,2021-06,Lancashire Constabulary,Lancashire Constabulary,-3.047009,53.809637,On or near Chadwick Street,E01012673,Blackpool 010A,Violence and sexual offences,Investigation complete; no suspect identified,
3045f5c42404e97b93e3dc60684653800a0d5c1a49b5c883129fc9f98c0a5ca0,2021-06,Lancashire Constabulary,Lancashire Constabulary,-3.044958,53.812046,On or near Sutton Place,E01012673,Blackpool 010A,Violence and sexual offences,Offender given a caution,
a1388cb639e100ed807f660ec4f0369ecf4d67e1b21f9c6aa643ac2a3d4aa7d6,2021-06,Lancashire Constabulary,Lancashire Constabulary,-3.054947,53.810080,On or near Foxhall Road,E01012673,Blackpool 010A,Violence and sexual offences,Investigation complete; no suspect identified,
ab3b89a43e8456c121523f66ddd28e090e82ec6ac1d23a427ea1dd70b4d33067,2021-06,Lancashire Constabulary,Lancashire Constabulary,-3.047009,53.809637,On or near Chadwick Street,E01012673,Blackpool 010A,Violence and sexual offences,Unable to prosecute suspect,
60b6dc046c7ba41084ff97916f30bac6d2c3fcfeb57d047bf2c1d2f140e6d7b0,2021-06,Lancashire Constabulary,Lancashire Constabulary,-3.054947,53.810080,On or near Foxhall Road,E01012673,Blackpool 010A,Violence and sexual offences,Investigation complete; no suspect identified,
9143231320dbe2f8b9074e6c9277f9923d45d7bc4f32484b039152f5f39e4267,2021-06,Lancashire Constabulary,Lancashire Constabulary,-3.047526,53.812086,On or near Livingstone Road,E01012673,Blackpool 010A,Violence and sexual offences,Unable to prosecute suspect,
138e441f57449969fb6652df0a5b032c61c19ca078e4c8c925442b9defce2813,2021-06,Lancashire Constabulary,Lancashire Constabulary,-3.049751,53.811177,On or near Bethesda Road,E01012673,Blackpool 010A,Violence and sexual offences,Unable to prosecute suspect,
606bbb099faa8696ff14546c37246eba5be7ece79666d11f72a9e5f3b2f21bd3,2021-06,Lancashire Constabulary,Lancashire Constabulary,-3.047526,53.812086,On or near Livingstone Road,E01012673,Blackpool 010A,Violence and sexual offences,Unable to prosecute suspect,
a94a85b355e844110ea2be6fd9771662443f543f625cb50b97d011d59f9807f4,2021-06,Lancashire Constabulary,Lancashire Constabulary,-3.054947,53.810080,On or near Foxhall Road,E01012673,Blackpool 010A,Violence and sexual offences,Court result unavailable,
55e3ebc41b8ff47de21d46d8462b47d3eb06387eaa39e93ad871216bb6059950,2021-06,Lancashire Constabulary,Lancashire Constabulary,-3.045858,53.809755,On or near Supermarket,E01012673,Blackpool 010A,Violence and sexual offences,Unable to prosecute suspect,
7acc6c2432673431f2be594bd7d270b4bd3952680c25e4a718aea2c3992fdccd,2021-06,Lancashire Constabulary,Lancashire Constabulary,-3.047009,53.809637,On or near Chadwick Street,E01012673,Blackpool 010A,Violence and sexual offences,Unable to prosecute suspect,
994921ec41651912ceb6f88d2d2772a95dcbe061dc10ef0eb9bd40e8cd834217,2021-06,Lancashire Constabulary,Lancashire Constabulary,-3.047526,53.812086,On or near Livingstone Road,E01012673,Blackpool 010A,Violence and sexual offences,Unable to prosecute suspect,
557f95631b08ec54c93e24883b98e053debe2a14265f263c66508a0c7baa61b9,2021-06,Lancashire Constabulary,Lancashire Constabulary,-3.054947,53.810080,On or near Foxhall Road,E01012673,Blackpool 010A,Violence and sexual offences,Status update unavailable,
234a3299efdf83418a9703cdcb3e31f9a3a4255802f66b3721e1e2bd355c950e,2021-06,Lancashire Constabulary,Lancashire Constabulary,-3.054947,53.810080,On or near Foxhall Road,E01012673,Blackpool 010A,Violence and sexual offences,Investigation complete; no suspect identified,
0169edfff65ae16866b9ca1dc820c2c281076a516e96a1495b32cec2d52585ac,2021-06,Lancashire Constabulary,Lancashire Constabulary,-3.047009,53.809637,On or near Chadwick Street,E01012673,Blackpool 010A,Violence and sexual offences,Unable to prosecute suspect,
eda50ddc8ceb60b15822251a5831f904292023c28de0649f5ebaea8e08992bab,2021-06,Lancashire Constabulary,Lancashire Constabulary,-3.045858,53.809755,On or near Supermarket,E01012673,Blackpool 010A,Violence and sexual offences,Further investigation is not in the public interest,
58f15433f45f5b0db4a8fb41121d0074233547eccf82d20ac5d9d379e025e93c,2021-06,Lancashire Constabulary,Lancashire Constabulary,-3.049227,53.810265,On or near Kent Road,E01012673,Blackpool 010A,Violence and sexual offences,Unable to prosecute suspect,
e4fbb450835c1f94d9bfcf366a47a67fa366f22e78ec9bd5731a57a9ee053e60,2021-06,Lancashire Constabulary,Lancashire Constabulary,-3.044958,53.812046,On or near Sutton Place,E01012673,Blackpool 010A,Violence and sexual offences,Offender given a caution,
8914946a415700e46a5b72657cbf5f53160dfbc273a8d9f0abdb0f5a432dd6d8,2021-06,Lancashire Constabulary,Lancashire Constabulary,-3.044958,53.812046,On or near Sutton Place,E01012673,Blackpool 010A,Violence and sexual offences,Offender given a caution,
0501918d4383a43f1ddf2ad29036f3364b9b391de1110108ca60c83a06872cea,2021-06,Lancashire Constabulary,Lancashire Constabulary,-3.054947,53.810080,On or near Foxhall Road,E01012673,Blackpool 010A,Violence and sexual offences,Court result unavailable,
a5280ef31311d7ca2331533ccd673293773b7c6b4a0ee3e48d8f40c9cfea9db3,2021-06,Lancashire Constabulary,Lancashire Constabulary,-3.044958,53.812046,On or near Sutton Place,E01012673,Blackpool 010A,Violence and sexual offences,Offender given a caution,
894aaab07c2e71ec136c236b1848a0e8f3f2a578da8964474c75f420d6181a60,2021-06,Lancashire Constabulary,Lancashire Constabulary,-3.044958,53.812046,On or near Sutton Place,E01012673,Blackpool 010A,Violence and sexual offences,Offender given a caution,
c896da3d7f7b7fd14573021bb0ef9fab7e34dc9b47ea8b31a9115e700f702451,2021-06,Lancashire Constabulary,Lancashire Constabulary,-3.044958,53.812046,On or near Sutton Place,E01012673,Blackpool 010A,Violence and sexual offences,Offender given a caution,
a3a7d2d2fe9df174609d5567f45a80929c5dd7cb9de4830dfa5b9995bc44ed4a,2021-06,Lancashire Constabulary,Lancashire Constabulary,-3.054947,53.810080,On or near Foxhall Road,E01012673,Blackpool 010A,Violence and sexual offences,Investigation complete; no suspect identified,
382641556fb3f0967457ab2f59d867eb3829c97ebf2c4104d56ccff387afcca1,2021-06,Lancashire Constabulary,Lancashire Constabulary,-3.044958,53.812046,On or near Sutton Place,E01012673,Blackpool 010A,Violence and sexual offences,Offender given a caution,
483ca0f6a7713571420c7a71a5bfdca8ed70bee2ff9e3d9002f04cb9deb8cc96,2021-06,Lancashire Constabulary,Lancashire Constabulary,-3.050843,53.809316,On or near Princess Street,E01012673,Blackpool 010A,Violence and sexual offences,Further investigation is not in the public interest,
5761757b1f7b0402b91c6720aece35bdde6dac602ca12578a8f4c177f2b8df10,2021-06,Lancashire Constabulary,Lancashire Constabulary,-3.044958,53.812046,On or near Sutton Place,E01012673,Blackpool 010A,Violence and sexual offences,Offender given a caution,
59d9268a36febce2aba9379019d677ee983030a89984d7e2a9c55d645a9841ab,2021-06,Lancashire Constabulary,Lancashire Constabulary,-3.054947,53.810080,On or near Foxhall Road,E01012673,Blackpool 010A,Violence and sexual offences,Court result unavailable,
c496c7e1530793004166582d633099f3b47d40f91dab9824a375c751a2f3d4c3,2021-06,Lancashire Constabulary,Lancashire Constabulary,-3.047009,53.809637,On or near Chadwick Street,E01012673,Blackpool 010A,Violence and sexual offences,Further investigation is not in the public interest,
27fd03400e4bb1b52c23366e9b755764241cdbd5269b6aeeed0943e2f9752eb1,2021-06,Lancashire Constabulary,Lancashire Constabulary,-3.055093,53.809845,On or near Shopping Area,E01012673,Blackpool 010A,Violence and sexual offences,Unable to prosecute suspect,
1e6d7c994418b62b580beb11bc54d548ee1b4b3fc1198c48933a208a0c3b69ba,2021-06,Lancashire Constabulary,Lancashire Constabulary,-3.047526,53.812086,On or near Livingstone Road,E01012673,Blackpool 010A,Violence and sexual offences,Investigation complete; no suspect identified,
ee5e9a1b7791db42b377981d0d21ffc421b123a5c6bb009337bc856134315946,2021-06,Lancashire Constabulary,Lancashire Constabulary,-3.047480,53.810855,On or near West View,E01012673,Blackpool 010A,Violence and sexual offences,Unable to prosecute suspect,
47273ba10d70060fc1bdc661aecd3e69338654bb0fedb90fe69306eb3994b36d,2021-06,Lancashire Constabulary,Lancashire Constabulary,-3.047526,53.812086,On or near Livingstone Road,E01012673,Blackpool 010A,Violence and sexual offences,Unable to prosecute suspect,
89e25665bcee6c1c5a5bfe9e3fce604c6ec2142f41735f18eff8c1ed0af0f41d,2021-06,Lancashire Constabulary,Lancashire Constabulary,-3.048651,53.811537,On or near Supermarket,E01012673,Blackpool 010A,Violence and sexual offences,Unable to prosecute suspect,
ce5119ad9519f9547719947cc381a597efc657d7260f142c4d17714897610b5a,2021-06,Lancashire Constabulary,Lancashire Constabulary,-3.048651,53.811537,On or near Supermarket,E01012673,Blackpool 010A,Violence and sexual offences,Unable to prosecute suspect,
9c874c2fed6435e1c5c8473ab8f48348045d532740f8618bf2e122119841969a,2021-06,Lancashire Constabulary,Lancashire Constabulary,-3.048651,53.811537,On or near Supermarket,E01012673,Blackpool 010A,Violence and sexual offences,Unable to prosecute suspect,
e03c3885fac4b0952bb345873eb25c88bab6d812a83e6f7fd635bba03c946a3a,2021-06,Lancashire Constabulary,Lancashire Constabulary,-3.050234,53.809869,On or near Middle Street,E01012673,Blackpool 010A,Violence and sexual offences,Further investigation is not in the public interest,
,2021-06,Lancashire Constabulary,Lancashire Constabulary,-3.040674,53.820595,On or near Peter Street,E01012675,Blackpool 010B,Anti-social behaviour,,
,2021-06,Lancashire Constabulary,Lancashire Constabulary,-3.038603,53.821611,On or near Devonshire Road,E01012675,Blackpool 010B,Anti-social behaviour,,
,2021-06,Lancashire Constabulary,Lancashire Constabulary,-3.040674,53.820595,On or near Peter Street,E01012675,Blackpool 010B,Anti-social behaviour,,
,2021-06,Lancashire Constabulary,Lancashire Constabulary,-3.037453,53.820551,On or near Manchester Road,E01012675,Blackpool 010B,Anti-social behaviour,,
,2021-06,Lancashire Constabulary,Lancashire Constabulary,-3.037453,53.820551,On or near Manchester Road,E01012675,Blackpool 010B,Anti-social behaviour,,
,2021-06,Lancashire Constabulary,Lancashire Constabulary,-3.040674,53.820595,On or near Peter Street,E01012675,Blackpool 010B,Anti-social behaviour,,
,2021-06,Lancashire Constabulary,Lancashire Constabulary,-3.042373,53.819259,On or near Shopping Area,E01012675,Blackpool 010B,Anti-social behaviour,,
,2021-06,Lancashire Constabulary,Lancashire Constabulary,-3.039435,53.820264,On or near Granville Road,E01012675,Blackpool 010B,Anti-social behaviour,,
,2021-06,Lancashire Constabulary,Lancashire Constabulary,-3.038603,53.821611,On or near Devonshire Road,E01012675,Blackpool 010B,Anti-social behaviour,,
,2021-06,Lancashire Constabulary,Lancashire Constabulary,-3.040276,53.822908,On or near Coleridge Road,E01012675,Blackpool 010B,Anti-social behaviour,,
,2021-06,Lancashire Constabulary,Lancashire Constabulary,-3.040674,53.820595,On or near Peter Street,E01012675,Blackpool 010B,Anti-social behaviour,,
1117417ab3ff7848809ea5687b796a72caffcd95f7c575bb44b5adb812652229,2021-06,Lancashire Constabulary,Lancashire Constabulary,-3.038603,53.821611,On or near Devonshire Road,E01012675,Blackpool 010B,Burglary,Status update unavailable,
152a8f7b1d5b2f623fb7be077e2441f8069402da42be953e5c0bd19049d470c2,2021-06,Lancashire Constabulary,Lancashire Constabulary,-3.040276,53.822908,On or near Coleridge Road,E01012675,Blackpool 010B,Burglary,Investigation complete; no suspect identified,
5c328eac715599cd486b2eedcd031cd6b91b22243f79e96670a638d9dd9b72e7,2021-06,Lancashire Constabulary,Lancashire Constabulary,-3.042373,53.819259,On or near Shopping Area,E01012675,Blackpool 010B,Criminal damage and arson,Offender given a caution,
1f2f84c221074be231b91e4a84f31a0bc423b18143d7fff426cb2b8b3f0969af,2021-06,Lancashire Constabulary,Lancashire Constabulary,-3.037453,53.820551,On or near Manchester Road,E01012675,Blackpool 010B,Criminal damage and arson,Investigation complete; no suspect identified,
d36141e49b8f3be33accdd9d884a4f0b148484f52a9629d48a6caa51a37737c6,2021-06,Lancashire Constabulary,Lancashire Constabulary,-3.042373,53.819259,On or near Shopping Area,E01012675,Blackpool 010B,Criminal damage and arson,Unable to prosecute suspect,
853d8e28249186ae11a002ffd9a4a78cdeccf8f0199a08f941aab6bb151848e2,2021-06,Lancashire Constabulary,Lancashire Constabulary,-3.038603,53.821611,On or near Devonshire Road,E01012675,Blackpool 010B,Criminal damage and arson,Investigation complete; no suspect identified,
f0e586269b6cd3044fd9f25fb8450679efaf8ffcdec208daefac99088e14c928,2021-06,Lancashire Constabulary,Lancashire Constabulary,-3.039435,53.820264,On or near Granville Road,E01012675,Blackpool 010B,Drugs,Awaiting court outcome,
510389c99644bf6262d01cc7ccfc76d586c4dc8be42c70a33f771fdd40c8a7f9,2021-06,Lancashire Constabulary,Lancashire Constabulary,-3.039990,53.819343,On or near Cambridge Road,E01012675,Blackpool 010B,Drugs,Further investigation is not in the public interest,
308ce40334e8b2ea4c15df8141eee50f4271d48f9bb5f99f495123870e15ff54,2021-06,Lancashire Constabulary,Lancashire Constabulary,-3.040872,53.822436,On or near Selbourne Road,E01012675,Blackpool 010B,Other theft,Unable to prosecute suspect,
20fe763d8a291dc346c0c8cea5fd821219456bebb9e0abecbc9186cecb622e0c,2021-06,Lancashire Constabulary,Lancashire Constabulary,-3.038603,53.821611,On or near Devonshire Road,E01012675,Blackpool 010B,Other theft,Investigation complete; no suspect identified,
5adeef8956366dba321f607a38178550bd3c32d9a8c839a82c03335ff595123d,2021-06,Lancashire Constabulary,Lancashire Constabulary,-3.040872,53.822436,On or near Selbourne Road,E01012675,Blackpool 010B,Possession of weapons,Further investigation is not in the public interest,
b091b57e00c1016e7aaf2e0574eec8c7242cb4df92c2541ed8cf6407680e48d8,2021-06,Lancashire Constabulary,Lancashire Constabulary,-3.042640,53.819032,On or near Lily Street,E01012675,Blackpool 010B,Public order,Unable to prosecute suspect,
b177250d8bc232220fc97d3df479ea7ee6bdd8c8a760c36fc7f96dda18a18174,2021-06,Lancashire Constabulary,Lancashire Constabulary,-3.039142,53.819458,On or near Oxford Road,E01012675,Blackpool 010B,Public order,Investigation complete; no suspect identified,
1d1cba5ae279e6ccadbeaafa55b38f64f8df6ed0bbdc6549ae02874c35f06d99,2021-06,Lancashire Constabulary,Lancashire Constabulary,-3.042373,53.819259,On or near Shopping Area,E01012675,Blackpool 010B,Public order,Unable to prosecute suspect,
49197289571bdbe5a426d004ae0e93cc6b4e0d5b675ee7cff3076a972fe35c1e,2021-06,Lancashire Constabulary,Lancashire Constabulary,-3.040872,53.822436,On or near Selbourne Road,E01012675,Blackpool 010B,Public order,Unable to prosecute suspect,
aed3f4655fc6803f8667992212eb7fa22791679230c066773ca370d62b1eeeac,2021-06,Lancashire Constabulary,Lancashire Constabulary,-3.042814,53.819300,On or near Danesbury Place,E01012675,Blackpool 010B,Shoplifting,Status update unavailable,
003b04df0e434cf09eaae588eb8e62895a16a87428cea7c7484d281c05a58b59,2021-06,Lancashire Constabulary,Lancashire Constabulary,-3.040674,53.820595,On or near Peter Street,E01012675,Blackpool 010B,Vehicle crime,Investigation complete; no suspect identified,
2a5553323dda7e3c5a3e3243e7e6ec9a610c5fb2ec7273f4d22222bf2e667f96,2021-06,Lancashire Constabulary,Lancashire Constabulary,-3.040872,53.822436,On or near Selbourne Road,E01012675,Blackpool 010B,Violence and sexual offences,Unable to prosecute suspect,
935726be1a125d29b26ff3bda98466af4cf98e501f152075426a3ff9053358e7,2021-06,Lancashire Constabulary,Lancashire Constabulary,-3.039435,53.820264,On or near Granville Road,E01012675,Blackpool 010B,Violence and sexual offences,Further investigation is not in the public interest,
6a729bdebc46da3a491c6441c22af97b1a94bb9d7266dcf2f0bf789f6239211f,2021-06,Lancashire Constabulary,Lancashire Constabulary,-3.038603,53.821611,On or near Devonshire Road,E01012675,Blackpool 010B,Violence and sexual offences,Status update unavailable,
cacc8c83881292938e7dd7f291e1bfc4e56b57abd6a564a0a024da1e976c706d,2021-06,Lancashire Constabulary,Lancashire Constabulary,-3.039142,53.819458,On or near Oxford Road,E01012675,Blackpool 010B,Violence and sexual offences,Further investigation is not in the public interest,
2112599a0e5299fe7cb295323cdd89c8d7d30dbdf5a4e1575d0c6688d43805be,2021-06,Lancashire Constabulary,Lancashire Constabulary,-3.040674,53.820595,On or near Peter Street,E01012675,Blackpool 010B,Violence and sexual offences,Status update unavailable,
4ecbfa16d4c313fba3a5e24028eba28a7b3cebc77b53e31a5ed40c8dbec3793f,2021-06,Lancashire Constabulary,Lancashire Constabulary,-3.040872,53.822436,On or near Selbourne Road,E01012675,Blackpool 010B,Violence and sexual offences,Unable to prosecute suspect,
e80769f7ec6877f5b2d8ff90ad1fe84d50b34fb4660898c889c7dad2dbe4c82b,2021-06,Lancashire Constabulary,Lancashire Constabulary,-3.040276,53.822908,On or near Coleridge Road,E01012675,Blackpool 010B,Violence and sexual offences,Investigation complete; no suspect identified,
a8ac83dd02680e9998e94972510335b0140da6f66875485abfa3c324563fa011,2021-06,Lancashire Constabulary,Lancashire Constabulary,-3.038603,53.821611,On or near Devonshire Road,E01012675,Blackpool 010B,Violence and sexual offences,Unable to prosecute suspect,
352c6e38f7e96ef54a2ea11e49b6872b8625c4634c1b7adfa7f8a98294706da3,2021-06,Lancashire Constabulary,Lancashire Constabulary,-3.039142,53.819458,On or near Oxford Road,E01012675,Blackpool 010B,Violence and sexual offences,Unable to prosecute suspect,
0b64433f340f84f98e22a8da7c52da8b9fd00313f707def72db5d6c5d81bfa54,2021-06,Lancashire Constabulary,Lancashire Constabulary,-3.039142,53.819458,On or near Oxford Road,E01012675,Blackpool 010B,Violence and sexual offences,Further investigation is not in the public interest,
2c55789a67502d98e9f106097b2aae7c48dfddaf43f90fdc24e2410c7991d753,2021-06,Lancashire Constabulary,Lancashire Constabulary,-3.039142,53.819458,On or near Oxford Road,E01012675,Blackpool 010B,Violence and sexual offences,Status update unavailable,
909ef3ad323feba0d745047df42b53738ca60de9984b66df5931de5d1a984314,2021-06,Lancashire Constabulary,Lancashire Constabulary,-3.038603,53.821611,On or near Devonshire Road,E01012675,Blackpool 010B,Violence and sexual offences,Unable to prosecute suspect,
000eba9a557a0b2c5c13dd5970d48c2f742dc08670a650ee1854e72ce8df6ae1,2021-06,Lancashire Constabulary,Lancashire Constabulary,-3.040872,53.822436,On or near Selbourne Road,E01012675,Blackpool 010B,Violence and sexual offences,Unable to prosecute suspect,
da0f2b4a0fff2484220f8cef741a14d8f333e9fc516306f85b152288343f571b,2021-06,Lancashire Constabulary,Lancashire Constabulary,-3.040838,53.819245,On or near Durham Road,E01012675,Blackpool 010B,Violence and sexual offences,Further investigation is not in the public interest,
fe9be32fe47f57e4d8082ccbd8087068122aceccc4cac3f4ff2858d732b6631a,2021-06,Lancashire Constabulary,Lancashire Constabulary,-3.040872,53.822436,On or near Selbourne Road,E01012675,Blackpool 010B,Violence and sexual offences,Unable to prosecute suspect,
bd62f44ddce53370f1bb30c2716dffb9faa5470d0eacdd0c019fdeff7f7e77a2,2021-06,Lancashire Constabulary,Lancashire Constabulary,-3.038603,53.821611,On or near Devonshire Road,E01012675,Blackpool 010B,Violence and sexual offences,Unable to prosecute suspect,
bc53e6a9587a429bf11237e14fb656976d4a0c08cf3b6307ddb8ce495803660d,2021-06,Lancashire Constabulary,Lancashire Constabulary,-3.040872,53.822436,On or near Selbourne Road,E01012675,Blackpool 010B,Violence and sexual offences,Unable to prosecute suspect,
3db98bf70743c936407e68644ce1348c361c5d74e40a83e00468867a9f3ded6d,2021-06,Lancashire Constabulary,Lancashire Constabulary,-3.038167,53.818720,On or near A583,E01012675,Blackpool 010B,Violence and sexual offences,Investigation complete; no suspect identified,
4f88d04ad0ec4ea54aabf415bf9aae6bdf7672468336025a3d3042f0639c2c32,2021-06,Lancashire Constabulary,Lancashire Constabulary,-3.042640,53.819032,On or near Lily Street,E01012675,Blackpool 010B,Violence and sexual offences,Unable to prosecute suspect,
22b080db536c132c7ee17ac9c004751a7ddaf31010fe8b84855e09ab96345a49,2021-06,Lancashire Constabulary,Lancashire Constabulary,-3.039990,53.819343,On or near Cambridge Road,E01012675,Blackpool 010B,Violence and sexual offences,Investigation complete; no suspect identified,
7d0cf0cc1aa4880b1f70b4b71dd17929f4ba739526bb32d7e55c2de499996a28,2021-06,Lancashire Constabulary,Lancashire Constabulary,-3.039990,53.819343,On or near Cambridge Road,E01012675,Blackpool 010B,Violence and sexual offences,Further investigation is not in the public interest,
2e8d4b285a7e66ab9c3d9c3ca1ba4467405e0cbb46631ab41574bd69e61b74e5,2021-06,Lancashire Constabulary,Lancashire Constabulary,-3.039990,53.819343,On or near Cambridge Road,E01012675,Blackpool 010B,Violence and sexual offences,Further investigation is not in the public interest,
fce8684abc5828bdf98de1aeab03f42553cefa93b7256133a7ceb3d6e531c2e1,2021-06,Lancashire Constabulary,Lancashire Constabulary,-3.039435,53.820264,On or near Granville Road,E01012675,Blackpool 010B,Violence and sexual offences,Unable to prosecute suspect,
b4d8b25c5cf94a2b7b37e6b15c0e95fd47d129ca14d561a26d297100dda491a8,2021-06,Lancashire Constabulary,Lancashire Constabulary,-3.039990,53.819343,On or near Cambridge Road,E01012675,Blackpool 010B,Violence and sexual offences,Status update unavailable,
549e25c4a00fe35bbb23aab763702334f0ef3a4fe8f8250b60345bb4627b37d2,2021-06,Lancashire Constabulary,Lancashire Constabulary,-3.040872,53.822436,On or near Selbourne Road,E01012675,Blackpool 010B,Other crime,Unable to prosecute suspect,
,2021-06,Lancashire Constabulary,Lancashire Constabulary,-3.037366,53.817055,On or near Whitegate Drive,E01012735,Blackpool 010C,Anti-social behaviour,,
,2021-06,Lancashire Constabulary,Lancashire Constabulary,-3.044668,53.815032,On or near Hornby Road,E01012735,Blackpool 010C,Anti-social behaviour,,
,2021-06,Lancashire Constabulary,Lancashire Constabulary,-3.039384,53.816975,On or near Leeds Road,E01012735,Blackpool 010C,Anti-social behaviour,,
,2021-06,Lancashire Constabulary,Lancashire Constabulary,-3.039384,53.816975,On or near Leeds Road,E01012735,Blackpool 010C,Anti-social behaviour,,
,2021-06,Lancashire Constabulary,Lancashire Constabulary,-3.039384,53.816975,On or near Leeds Road,E01012735,Blackpool 010C,Anti-social behaviour,,
,2021-06,Lancashire Constabulary,Lancashire Constabulary,-3.043071,53.814354,On or near Read'S Avenue,E01012735,Blackpool 010C,Anti-social behaviour,,
75b57e4288cbc67449ab765553d2bc7882b4d13fb3f620774e11956cfca6ba27,2021-06,Lancashire Constabulary,Lancashire Constabulary,-3.039384,53.816975,On or near Leeds Road,E01012735,Blackpool 010C,Criminal damage and arson,Investigation complete; no suspect identified,
d9120878438501ebe52d84414ea81e6be495a77bdbb3783a0737b2431dd93cdf,2021-06,Lancashire Constabulary,Lancashire Constabulary,-3.043071,53.814354,On or near Read'S Avenue,E01012735,Blackpool 010C,Criminal damage and arson,Investigation complete; no suspect identified,
8006b7a0035b79b68b5fccf77447f6b3eb212e1ea7eedfb65cd0bcd5b5a2ab8f,2021-06,Lancashire Constabulary,Lancashire Constabulary,-3.043071,53.814354,On or near Read'S Avenue,E01012735,Blackpool 010C,Criminal damage and arson,Further investigation is not in the public interest,
5ba90137c0c776982502561ec5407a86acd46faae022919cf766228a04da448c,2021-06,Lancashire Constabulary,Lancashire Constabulary,-3.039804,53.817349,On or near Liverpool Road,E01012735,Blackpool 010C,Criminal damage and arson,Status update unavailable,
7a93cae475fb984a6934ac9c3cee6ef16a8d4c2ee1c4e888f2d7661cba93e920,2021-06,Lancashire Constabulary,Lancashire Constabulary,-3.042869,53.816594,On or near Lincoln Road,E01012735,Blackpool 010C,Other theft,Unable to prosecute suspect,
32e10658bce49e9a6c2cc0bbcd95de83336f37630665026122a79fad6db79a7c,2021-06,Lancashire Constabulary,Lancashire Constabulary,-3.037366,53.817055,On or near Whitegate Drive,E01012735,Blackpool 010C,Other theft,Unable to prosecute suspect,
91c374d071ca78175f7f24de6de2430205d59ccfdf030e14ec46f78d0fe1453b,2021-06,Lancashire Constabulary,Lancashire Constabulary,-3.039384,53.816975,On or near Leeds Road,E01012735,Blackpool 010C,Other theft,Status update unavailable,
271acf4ae37c3074363c68a6904e878632c9d54dd8b840626f9795022e0f0bd4,2021-06,Lancashire Constabulary,Lancashire Constabulary,-3.039384,53.816975,On or near Leeds Road,E01012735,Blackpool 010C,Public order,Status update unavailable,
d157fe7b7e3cfeae8d6b975dbe4dd95c3b4fe5feeed9c2adabf8514feebd4293,2021-06,Lancashire Constabulary,Lancashire Constabulary,-3.041280,53.816833,On or near Leicester Road,E01012735,Blackpool 010C,Public order,Unable to prosecute suspect,
a6d618dfe5e3955931651d3286179bae1c03ec60be7e6da09ff4f9e2bc69eb52,2021-06,Lancashire Constabulary,Lancashire Constabulary,-3.044668,53.815032,On or near Hornby Road,E01012735,Blackpool 010C,Vehicle crime,Investigation complete; no suspect identified,
39093ab606609963dba6428bd3b6922ab4cb2d5d2941001c99872a1d9fb07d02,2021-06,Lancashire Constabulary,Lancashire Constabulary,-3.044668,53.815032,On or near Hornby Road,E01012735,Blackpool 010C,Vehicle crime,Investigation complete; no suspect identified,
5a784cd3234327dd9695fadb6c6a41359f0dd979a0a6d746b0bcf56752d94ce6,2021-06,Lancashire Constabulary,Lancashire Constabulary,-3.044668,53.815032,On or near Hornby Road,E01012735,Blackpool 010C,Violence and sexual offences,Court result unavailable,
32cb20aa2a19479ea7623aa6dc20b4c069c2f41703c697d79a52bf21d867b841,2021-06,Lancashire Constabulary,Lancashire Constabulary,-3.044668,53.815032,On or near Hornby Road,E01012735,Blackpool 010C,Violence and sexual offences,Court result unavailable,
207d4f114bd188e79a2c584cfbb89d787bd1668687b9d35e65266106888fbd84,2021-06,Lancashire Constabulary,Lancashire Constabulary,-3.037366,53.817055,On or near Whitegate Drive,E01012735,Blackpool 010C,Violence and sexual offences,Investigation complete; no suspect identified,
1aa01c3cf2c04c018558291ea5b03071a80df97584882db6df54c8e7c40f8861,2021-06,Lancashire Constabulary,Lancashire Constabulary,-3.044668,53.815032,On or near Hornby Road,E01012735,Blackpool 010C,Violence and sexual offences,Court result unavailable,
abe593e8c581b2657da6eb50ecbcac18be406d3bbf4bc53825a39f17382c361b,2021-06,Lancashire Constabulary,Lancashire Constabulary,-3.041280,53.816833,On or near Leicester Road,E01012735,Blackpool 010C,Violence and sexual offences,Unable to prosecute suspect,
c52cbc8f40e1c487c92881dab60e0acb62f9fa20f7d0ae897698333a1b253775,2021-06,Lancashire Constabulary,Lancashire Constabulary,-3.039384,53.816975,On or near Leeds Road,E01012735,Blackpool 010C,Violence and sexual offences,Unable to prosecute suspect,
c0ff41a7cd2306ffe2c581c320853b6dbdcd898344223bdbfc26d6fa39ced9fb,2021-06,Lancashire Constabulary,Lancashire Constabulary,-3.039384,53.816975,On or near Leeds Road,E01012735,Blackpool 010C,Violence and sexual offences,Unable to prosecute suspect,
b3a84d994b3797ea51a29a5c4118ed0085fa1c0a5fe03db99e0790a4de5d3250,2021-06,Lancashire Constabulary,Lancashire Constabulary,-3.044668,53.815032,On or near Hornby Road,E01012735,Blackpool 010C,Violence and sexual offences,Unable to prosecute suspect,
,2021-06,Lancashire Constabulary,Lancashire Constabulary,-3.050653,53.812032,On or near Chapel Street,E01012736,Blackpool 010D,Anti-social behaviour,,
,2021-06,Lancashire Constabulary,Lancashire Constabulary,-3.050400,53.814066,On or near Coronation Street,E01012736,Blackpool 010D,Anti-social behaviour,,
,2021-06,Lancashire Constabulary,Lancashire Constabulary,-3.046940,53.815399,On or near Fleet Street,E01012736,Blackpool 010D,Anti-social behaviour,,
,2021-06,Lancashire Constabulary,Lancashire Constabulary,-3.047828,53.813854,On or near Stanley Road,E01012736,Blackpool 010D,Anti-social behaviour,,
,2021-06,Lancashire Constabulary,Lancashire Constabulary,-3.053334,53.817222,On or near Theatre/Concert Hall,E01012736,Blackpool 010D,Anti-social behaviour,,
,2021-06,Lancashire Constabulary,Lancashire Constabulary,-3.053334,53.817222,On or near Theatre/Concert Hall,E01012736,Blackpool 010D,Anti-social behaviour,,
,2021-06,Lancashire Constabulary,Lancashire Constabulary,-3.051110,53.816324,On or near Adelaide Street,E01012736,Blackpool 010D,Anti-social behaviour,,
,2021-06,Lancashire Constabulary,Lancashire Constabulary,-3.048774,53.817091,On or near Alfred Street,E01012736,Blackpool 010D,Anti-social behaviour,,
,2021-06,Lancashire Constabulary,Lancashire Constabulary,-3.054490,53.814857,On or near Bank Hey Street,E01012736,Blackpool 010D,Anti-social behaviour,,
,2021-06,Lancashire Constabulary,Lancashire Constabulary,-3.048779,53.816075,On or near Albert Road,E01012736,Blackpool 010D,Anti-social behaviour,,
,2021-06,Lancashire Constabulary,Lancashire Constabulary,-3.052609,53.814927,On or near Albert Road,E01012736,Blackpool 010D,Anti-social behaviour,,
,2021-06,Lancashire Constabulary,Lancashire Constabulary,-3.048240,53.813329,On or near Livingstone Road,E01012736,Blackpool 010D,Anti-social behaviour,,
,2021-06,Lancashire Constabulary,Lancashire Constabulary,-3.054490,53.814857,On or near Bank Hey Street,E01012736,Blackpool 010D,Anti-social behaviour,,
,2021-06,Lancashire Constabulary,Lancashire Constabulary,-3.051021,53.815211,On or near Nightclub,E01012736,Blackpool 010D,Anti-social behaviour,,
,2021-06,Lancashire Constabulary,Lancashire Constabulary,-3.053183,53.816019,On or near Parking Area,E01012736,Blackpool 010D,Anti-social behaviour,,
,2021-06,Lancashire Constabulary,Lancashire Constabulary,-3.048774,53.817091,On or near Alfred Street,E01012736,Blackpool 010D,Anti-social behaviour,,
,2021-06,Lancashire Constabulary,Lancashire Constabulary,-3.053061,53.817835,On or near Back Church Street,E01012736,Blackpool 010D,Anti-social behaviour,,
,2021-06,Lancashire Constabulary,Lancashire Constabulary,-3.053061,53.817835,On or near Back Church Street,E01012736,Blackpool 010D,Anti-social behaviour,,
,2021-06,Lancashire Constabulary,Lancashire Constabulary,-3.054416,53.812484,On or near Bonny Street,E01012736,Blackpool 010D,Anti-social behaviour,,
,2021-06,Lancashire Constabulary,Lancashire Constabulary,-3.053334,53.817222,On or near Theatre/Concert Hall,E01012736,Blackpool 010D,Anti-social behaviour,,
,2021-06,Lancashire Constabulary,Lancashire Constabulary,-3.054416,53.812484,On or near Bonny Street,E01012736,Blackpool 010D,Anti-social behaviour,,
,2021-06,Lancashire Constabulary,Lancashire Constabulary,-3.052248,53.814481,On or near Hull Road,E01012736,Blackpool 010D,Anti-social behaviour,,
,2021-06,Lancashire Constabulary,Lancashire Constabulary,-3.046940,53.815399,On or near Fleet Street,E01012736,Blackpool 010D,Anti-social behaviour,,
,2021-06,Lancashire Constabulary,Lancashire Constabulary,-3.052609,53.814927,On or near Albert Road,E01012736,Blackpool 010D,Anti-social behaviour,,
,2021-06,Lancashire Constabulary,Lancashire Constabulary,-3.054410,53.817716,On or near Shopping Area,E01012736,Blackpool 010D,Anti-social behaviour,,
,2021-06,Lancashire Constabulary,Lancashire Constabulary,-3.050653,53.812032,On or near Chapel Street,E01012736,Blackpool 010D,Anti-social behaviour,,
,2021-06,Lancashire Constabulary,Lancashire Constabulary,-3.050621,53.813192,On or near Havelock Street,E01012736,Blackpool 010D,Anti-social behaviour,,
,2021-06,Lancashire Constabulary,Lancashire Constabulary,-3.054490,53.814857,On or near Bank Hey Street,E01012736,Blackpool 010D,Anti-social behaviour,,
,2021-06,Lancashire Constabulary,Lancashire Constabulary,-3.054410,53.817716,On or near Shopping Area,E01012736,Blackpool 010D,Anti-social behaviour,,
,2021-06,Lancashire Constabulary,Lancashire Constabulary,-3.051737,53.814081,On or near Vance Road,E01012736,Blackpool 010D,Anti-social behaviour,,
,2021-06,Lancashire Constabulary,Lancashire Constabulary,-3.048240,53.813329,On or near Livingstone Road,E01012736,Blackpool 010D,Anti-social behaviour,,
,2021-06,Lancashire Constabulary,Lancashire Constabulary,-3.054490,53.814857,On or near Bank Hey Street,E01012736,Blackpool 010D,Anti-social behaviour,,
,2021-06,Lancashire Constabulary,Lancashire Constabulary,-3.048455,53.815251,On or near Charnley Road,E01012736,Blackpool 010D,Anti-social behaviour,,
,2021-06,Lancashire Constabulary,Lancashire Constabulary,-3.054490,53.814857,On or near Bank Hey Street,E01012736,Blackpool 010D,Anti-social behaviour,,
,2021-06,Lancashire Constabulary,Lancashire Constabulary,-3.048240,53.813329,On or near Livingstone Road,E01012736,Blackpool 010D,Anti-social behaviour,,
,2021-06,Lancashire Constabulary,Lancashire Constabulary,-3.050400,53.814066,On or near Coronation Street,E01012736,Blackpool 010D,Anti-social behaviour,,
,2021-06,Lancashire Constabulary,Lancashire Constabulary,-3.051737,53.814081,On or near Vance Road,E01012736,Blackpool 010D,Anti-social behaviour,,
,2021-06,Lancashire Constabulary,Lancashire Constabulary,-3.048455,53.815251,On or near Charnley Road,E01012736,Blackpool 010D,Anti-social behaviour,,
,2021-06,Lancashire Constabulary,Lancashire Constabulary,-3.052858,53.817001,On or near Shopping Area,E01012736,Blackpool 010D,Anti-social behaviour,,
,2021-06,Lancashire Constabulary,Lancashire Constabulary,-3.046940,53.815399,On or near Fleet Street,E01012736,Blackpool 010D,Anti-social behaviour,,
,2021-06,Lancashire Constabulary,Lancashire Constabulary,-3.054490,53.814857,On or near Bank Hey Street,E01012736,Blackpool 010D,Anti-social behaviour,,
,2021-06,Lancashire Constabulary,Lancashire Constabulary,-3.050621,53.813192,On or near Havelock Street,E01012736,Blackpool 010D,Anti-social behaviour,,
,2021-06,Lancashire Constabulary,Lancashire Constabulary,-3.048779,53.816075,On or near Albert Road,E01012736,Blackpool 010D,Anti-social behaviour,,
,2021-06,Lancashire Constabulary,Lancashire Constabulary,-3.048240,53.813329,On or near Livingstone Road,E01012736,Blackpool 010D,Anti-social behaviour,,
,2021-06,Lancashire Constabulary,Lancashire Constabulary,-3.052248,53.814481,On or near Hull Road,E01012736,Blackpool 010D,Anti-social behaviour,,
,2021-06,Lancashire Constabulary,Lancashire Constabulary,-3.052149,53.815389,On or near Shopping Area,E01012736,Blackpool 010D,Anti-social behaviour,,
,2021-06,Lancashire Constabulary,Lancashire Constabulary,-3.050621,53.813192,On or near Havelock Street,E01012736,Blackpool 010D,Anti-social behaviour,,
,2021-06,Lancashire Constabulary,Lancashire Constabulary,-3.050621,53.813192,On or near Havelock Street,E01012736,Blackpool 010D,Anti-social behaviour,,
,2021-06,Lancashire Constabulary,Lancashire Constabulary,-3.054490,53.814857,On or near Bank Hey Street,E01012736,Blackpool 010D,Anti-social behaviour,,
,2021-06,Lancashire Constabulary,Lancashire Constabulary,-3.048455,53.815251,On or near Charnley Road,E01012736,Blackpool 010D,Anti-social behaviour,,
,2021-06,Lancashire Constabulary,Lancashire Constabulary,-3.054490,53.814857,On or near Bank Hey Street,E01012736,Blackpool 010D,Anti-social behaviour,,
,2021-06,Lancashire Constabulary,Lancashire Constabulary,-3.049896,53.812740,On or near Read'S Avenue,E01012736,Blackpool 010D,Anti-social behaviour,,
,2021-06,Lancashire Constabulary,Lancashire Constabulary,-3.051021,53.815211,On or near Nightclub,E01012736,Blackpool 010D,Anti-social behaviour,,
,2021-06,Lancashire Constabulary,Lancashire Constabulary,-3.051737,53.814081,On or near Vance Road,E01012736,Blackpool 010D,Anti-social behaviour,,
,2021-06,Lancashire Constabulary,Lancashire Constabulary,-3.052609,53.814927,On or near Albert Road,E01012736,Blackpool 010D,Anti-social behaviour,,
,2021-06,Lancashire Constabulary,Lancashire Constabulary,-3.048240,53.813329,On or near Livingstone Road,E01012736,Blackpool 010D,Anti-social behaviour,,
,2021-06,Lancashire Constabulary,Lancashire Constabulary,-3.050653,53.812032,On or near Chapel Street,E01012736,Blackpool 010D,Anti-social behaviour,,
,2021-06,Lancashire Constabulary,Lancashire Constabulary,-3.052248,53.814481,On or near Hull Road,E01012736,Blackpool 010D,Anti-social behaviour,,
,2021-06,Lancashire Constabulary,Lancashire Constabulary,-3.049896,53.812740,On or near Read'S Avenue,E01012736,Blackpool 010D,Anti-social behaviour,,
,2021-06,Lancashire Constabulary,Lancashire Constabulary,-3.050653,53.812032,On or near Chapel Street,E01012736,Blackpool 010D,Anti-social behaviour,,
,2021-06,Lancashire Constabulary,Lancashire Constabulary,-3.054490,53.814857,On or near Bank Hey Street,E01012736,Blackpool 010D,Anti-social behaviour,,
,2021-06,Lancashire Constabulary,Lancashire Constabulary,-3.048240,53.813329,On or near Livingstone Road,E01012736,Blackpool 010D,Anti-social behaviour,,
,2021-06,Lancashire Constabulary,Lancashire Constabulary,-3.052248,53.814481,On or near Hull Road,E01012736,Blackpool 010D,Anti-social behaviour,,
,2021-06,Lancashire Constabulary,Lancashire Constabulary,-3.054490,53.814857,On or near Bank Hey Street,E01012736,Blackpool 010D,Anti-social behaviour,,
,2021-06,Lancashire Constabulary,Lancashire Constabulary,-3.048455,53.815251,On or near Charnley Road,E01012736,Blackpool 010D,Anti-social behaviour,,
,2021-06,Lancashire Constabulary,Lancashire Constabulary,-3.053183,53.816019,On or near Parking Area,E01012736,Blackpool 010D,Anti-social behaviour,,
,2021-06,Lancashire Constabulary,Lancashire Constabulary,-3.050653,53.812032,On or near Chapel Street,E01012736,Blackpool 010D,Anti-social behaviour,,
,2021-06,Lancashire Constabulary,Lancashire Constabulary,-3.053313,53.812143,On or near Police Station,E01012736,Blackpool 010D,Anti-social behaviour,,
,2021-06,Lancashire Constabulary,Lancashire Constabulary,-3.050621,53.813192,On or near Havelock Street,E01012736,Blackpool 010D,Anti-social behaviour,,
,2021-06,Lancashire Constabulary,Lancashire Constabulary,-3.052858,53.817001,On or near Shopping Area,E01012736,Blackpool 010D,Anti-social behaviour,,
,2021-06,Lancashire Constabulary,Lancashire Constabulary,-3.051737,53.814081,On or near Vance Road,E01012736,Blackpool 010D,Anti-social behaviour,,
,2021-06,Lancashire Constabulary,Lancashire Constabulary,-3.048779,53.816075,On or near Albert Road,E01012736,Blackpool 010D,Anti-social behaviour,,
,2021-06,Lancashire Constabulary,Lancashire Constabulary,-3.053334,53.817222,On or near Theatre/Concert Hall,E01012736,Blackpool 010D,Anti-social behaviour,,
,2021-06,Lancashire Constabulary,Lancashire Constabulary,-3.053720,53.812625,On or near Parking Area,E01012736,Blackpool 010D,Anti-social behaviour,,
,2021-06,Lancashire Constabulary,Lancashire Constabulary,-3.050621,53.813192,On or near Havelock Street,E01012736,Blackpool 010D,Anti-social behaviour,,
,2021-06,Lancashire Constabulary,Lancashire Constabulary,-3.054490,53.814857,On or near Bank Hey Street,E01012736,Blackpool 010D,Anti-social behaviour,,
,2021-06,Lancashire Constabulary,Lancashire Constabulary,-3.053720,53.812625,On or near Parking Area,E01012736,Blackpool 010D,Anti-social behaviour,,
6716e1f3764f42008fc53e3c2135b1e6be379f18b8321a1195d77c6f31c536d3,2021-06,Lancashire Constabulary,Lancashire Constabulary,-3.050653,53.812032,On or near Chapel Street,E01012736,Blackpool 010D,Bicycle theft,Investigation complete; no suspect identified,
09f22156c3ff4cff5f77b714f4dd0f772da7ec548d8dd6187edf1dd7a7df6adf,2021-06,Lancashire Constabulary,Lancashire Constabulary,-3.050285,53.814318,On or near Supermarket,E01012736,Blackpool 010D,Burglary,Court result unavailable,
ace0e437a2881b33066100d62585d29faa6f4e6a3f14d2d363fec2c96f3db83e,2021-06,Lancashire Constabulary,Lancashire Constabulary,-3.053061,53.817835,On or near Back Church Street,E01012736,Blackpool 010D,Burglary,Status update unavailable,
3dba59e07c4214ec7e15060277da090facdafe212a8af6fdf0c34c9ffe73ee4b,2021-06,Lancashire Constabulary,Lancashire Constabulary,-3.051021,53.815211,On or near Nightclub,E01012736,Blackpool 010D,Burglary,Investigation complete; no suspect identified,
22be9cd64134bd9730723b17dc2487f4bc608402e485f5d07fdff78cafd66eae,2021-06,Lancashire Constabulary,Lancashire Constabulary,-3.051737,53.814081,On or near Vance Road,E01012736,Blackpool 010D,Criminal damage and arson,Investigation complete; no suspect identified,
93f6f286804cea6f8d07ffd7a321aec9abc250e1837eeecd3527bf27fd6fa0a4,2021-06,Lancashire Constabulary,Lancashire Constabulary,-3.054490,53.814857,On or near Bank Hey Street,E01012736,Blackpool 010D,Criminal damage and arson,Court result unavailable,
8aa576e2ae34ee364728ca202f96fd2a10d2c4382cc53401de85fde14a6939ad,2021-06,Lancashire Constabulary,Lancashire Constabulary,-3.053183,53.816019,On or near Parking Area,E01012736,Blackpool 010D,Criminal damage and arson,Investigation complete; no suspect identified,
c7ddd7b3271d7acff1fae2e59b842bd0c60d5f596611dc133ad72df9f3687d4d,2021-06,Lancashire Constabulary,Lancashire Constabulary,-3.048846,53.812668,On or near Rishton Street,E01012736,Blackpool 010D,Criminal damage and arson,Further investigation is not in the public interest,
084add67150a6b8c7a8646b65b39c16236f04d3714fada6c063c2b632c07d556,2021-06,Lancashire Constabulary,Lancashire Constabulary,-3.051737,53.814081,On or near Vance Road,E01012736,Blackpool 010D,Criminal damage and arson,Investigation complete; no suspect identified,
7b95e0fb502de19a4a3b50cebb95704514bcfce8ddf42a45c54ad782baf4744e,2021-06,Lancashire Constabulary,Lancashire Constabulary,-3.053720,53.812625,On or near Parking Area,E01012736,Blackpool 010D,Criminal damage and arson,Investigation complete; no suspect identified,
17c91f63994e7bbe7d53f120fd8cbb286029cce306d0175bc6ce4124129abe0e,2021-06,Lancashire Constabulary,Lancashire Constabulary,-3.048774,53.817091,On or near Alfred Street,E01012736,Blackpool 010D,Criminal damage and arson,Court result unavailable,
e0f1845bd8b1da1858f3cfa31384913d801acf7aa3958308b18e913947984110,2021-06,Lancashire Constabulary,Lancashire Constabulary,-3.051737,53.814081,On or near Vance Road,E01012736,Blackpool 010D,Criminal damage and arson,Investigation complete; no suspect identified,
2a349d89c734540f75101a68f06f4b4b68b5a18a0b45eae973f5c8e8e900522c,2021-06,Lancashire Constabulary,Lancashire Constabulary,-3.046723,53.814026,On or near Back Read'S Road,E01012736,Blackpool 010D,Criminal damage and arson,Investigation complete; no suspect identified,
2943d599dd3be76e8631895623db5d736e3b523f9d377bb4a4c7dcf829e7f1a0,2021-06,Lancashire Constabulary,Lancashire Constabulary,-3.054490,53.814857,On or near Bank Hey Street,E01012736,Blackpool 010D,Criminal damage and arson,Status update unavailable,
887008c59eeab9da5f20fbf84a29ae11a792aa54177dde82f61029037018f765,2021-06,Lancashire Constabulary,Lancashire Constabulary,-3.046723,53.814026,On or near Back Read'S Road,E01012736,Blackpool 010D,Criminal damage and arson,Investigation complete; no suspect identified,
7567475064419301ec27281c438ce54b1c9d28dd5e8e87830b7a76dd63ee91b3,2021-06,Lancashire Constabulary,Lancashire Constabulary,-3.052858,53.817001,On or near Shopping Area,E01012736,Blackpool 010D,Criminal damage and arson,Status update unavailable,
f8812c25a18afcc4796cc1dfd8ef0f3e88c020412a05091ef124baff14f97005,2021-06,Lancashire Constabulary,Lancashire Constabulary,-3.048779,53.816075,On or near Albert Road,E01012736,Blackpool 010D,Criminal damage and arson,Status update unavailable,
9522593d55cfed2bcb037d07a7143b1036d23349c9707caadbb12dea7273b6ab,2021-06,Lancashire Constabulary,Lancashire Constabulary,-3.052858,53.817001,On or near Shopping Area,E01012736,Blackpool 010D,Drugs,Local resolution,
f1f98eaf45eade68523389c0689cfd4b38d8d14c8bb992de2af4324a99993038,2021-06,Lancashire Constabulary,Lancashire Constabulary,-3.047828,53.813854,On or near Stanley Road,E01012736,Blackpool 010D,Drugs,Status update unavailable,
176c9c0bc3eaabbe95ef35c93c2e23f27a120d24d27517ec20d11b8fd10432a3,2021-06,Lancashire Constabulary,Lancashire Constabulary,-3.054490,53.814857,On or near Bank Hey Street,E01012736,Blackpool 010D,Other theft,Investigation complete; no suspect identified,
00c5e1b4b33afe1d79d3adc4be8eb583829bff7249114278e696983159fbd25b,2021-06,Lancashire Constabulary,Lancashire Constabulary,-3.054490,53.814857,On or near Bank Hey Street,E01012736,Blackpool 010D,Other theft,Unable to prosecute suspect,
c6486f81b67b8522a5f2671790d59518b40e718b0c6bb317acd07ec794e6cf6f,2021-06,Lancashire Constabulary,Lancashire Constabulary,-3.049896,53.812740,On or near Read'S Avenue,E01012736,Blackpool 010D,Other theft,Unable to prosecute suspect,
d6b02af49b9501e4905c25854b396771a7ee3c1bcdc4bf2c3c12c1eab2a46da8,2021-06,Lancashire Constabulary,Lancashire Constabulary,-3.051737,53.814081,On or near Vance Road,E01012736,Blackpool 010D,Other theft,Status update unavailable,
ab95ac692be111b78eeb7a5349a802035b36c651a66e3786555049f566761788,2021-06,Lancashire Constabulary,Lancashire Constabulary,-3.053183,53.816019,On or near Parking Area,E01012736,Blackpool 010D,Other theft,Status update unavailable,
1e1626ac14ad2550dd1fd868d900f128c038e74bc0276873bbfb43bb78203802,2021-06,Lancashire Constabulary,Lancashire Constabulary,-3.053183,53.816019,On or near Parking Area,E01012736,Blackpool 010D,Other theft,Status update unavailable,
b98be2bdeff3d4217915efd9977772dc01c2024e183348c9252a2f13dc76eb35,2021-06,Lancashire Constabulary,Lancashire Constabulary,-3.048240,53.813329,On or near Livingstone Road,E01012736,Blackpool 010D,Other theft,Unable to prosecute suspect,
fc7e195fa2f12fcc073c0d9cb978144c6086c0c3649bde57c8b53b4a9965b1ff,2021-06,Lancashire Constabulary,Lancashire Constabulary,-3.051737,53.814081,On or near Vance Road,E01012736,Blackpool 010D,Other theft,Unable to prosecute suspect,
7b9f0da3a6dabfb4a6f9da322dd0e4958298f52145580fd87c145bfbee32b72f,2021-06,Lancashire Constabulary,Lancashire Constabulary,-3.054416,53.812484,On or near Bonny Street,E01012736,Blackpool 010D,Other theft,Investigation complete; no suspect identified,
0a0248bee5406ef56eec70ea1866b06c66a042b963fb5088a2816db3c62140b2,2021-06,Lancashire Constabulary,Lancashire Constabulary,-3.052248,53.814481,On or near Hull Road,E01012736,Blackpool 010D,Other theft,Investigation complete; no suspect identified,
0e274fb1eb900cd6dfc743fd1df3e415d7faf0b5448a15d606e68d60f833aff8,2021-06,Lancashire Constabulary,Lancashire Constabulary,-3.054490,53.814857,On or near Bank Hey Street,E01012736,Blackpool 010D,Other theft,Investigation complete; no suspect identified,
3c94fef2617dda3e21f6c51634d0dce51912c1a0051edab720461e26932f8fd9,2021-06,Lancashire Constabulary,Lancashire Constabulary,-3.054490,53.814857,On or near Bank Hey Street,E01012736,Blackpool 010D,Other theft,Investigation complete; no suspect identified,
844f0cc5eaa0c62a507e37932faf6ac992e241606a34a1eaad38c0cb099f45d6,2021-06,Lancashire Constabulary,Lancashire Constabulary,-3.054490,53.814857,On or near Bank Hey Street,E01012736,Blackpool 010D,Other theft,Investigation complete; no suspect identified,
3b98ffe05a02440c5fe77dc3f6a8901b80867d3b6f396e320d0aedc14947069e,2021-06,Lancashire Constabulary,Lancashire Constabulary,-3.052248,53.814481,On or near Hull Road,E01012736,Blackpool 010D,Other theft,Unable to prosecute suspect,
b2bc0bb4c8e0e8acb516bef74ebfa40da7b1717bc0dd17f89ec8f3f81e611748,2021-06,Lancashire Constabulary,Lancashire Constabulary,-3.051021,53.815211,On or near Nightclub,E01012736,Blackpool 010D,Other theft,Investigation complete; no suspect identified,
9c138e45926f0b5021e93252826f0ef1a77a4c2d5d67fb1eafecedf2505c166c,2021-06,Lancashire Constabulary,Lancashire Constabulary,-3.047828,53.813854,On or near Stanley Road,E01012736,Blackpool 010D,Other theft,Investigation complete; no suspect identified,
f94ebc90644e1f5e3f4487fde8959e4a1a1f26e1ac692db74db867995a12c086,2021-06,Lancashire Constabulary,Lancashire Constabulary,-3.054490,53.814857,On or near Bank Hey Street,E01012736,Blackpool 010D,Other theft,Investigation complete; no suspect identified,
45df5e0bede1344201218dda98f006ab39fff3e0fa4ad241cf6cf5c27b0165a1,2021-06,Lancashire Constabulary,Lancashire Constabulary,-3.054416,53.812484,On or near Bonny Street,E01012736,Blackpool 010D,Other theft,Further investigation is not in the public interest,
ab386495364b983aa51311e4d2209034f0d742d24d55ef925c37cf6e056ebfd7,2021-06,Lancashire Constabulary,Lancashire Constabulary,-3.051021,53.815211,On or near Nightclub,E01012736,Blackpool 010D,Other theft,Investigation complete; no suspect identified,
07523c53b607c9fd26dec332bbc4ded94c19843c0be06081ecd913b137839368,2021-06,Lancashire Constabulary,Lancashire Constabulary,-3.054410,53.817716,On or near Shopping Area,E01012736,Blackpool 010D,Other theft,Investigation complete; no suspect identified,
b3267b805b0bfca34a87ec07b2f503ce1fb6d3602631e1585074a78564778627,2021-06,Lancashire Constabulary,Lancashire Constabulary,-3.048240,53.813329,On or near Livingstone Road,E01012736,Blackpool 010D,Possession of weapons,Unable to prosecute suspect,
69348ee0cd5b21e9fc11090ec235125db4018e755e586f13a92a86e2cd45b7e3,2021-06,Lancashire Constabulary,Lancashire Constabulary,-3.051992,53.813341,On or near Central Drive,E01012736,Blackpool 010D,Possession of weapons,Investigation complete; no suspect identified,
abd57fae3b7981a029e67905d43ddbc9fd824c8759d023b8005a594ebfea4f4f,2021-06,Lancashire Constabulary,Lancashire Constabulary,-3.050653,53.812032,On or near Chapel Street,E01012736,Blackpool 010D,Possession of weapons,Court result unavailable,
6749b4340d1a1f6f2bb21fd5566e17d6e6aba0f68f94f78cbd59f3788ca2efa5,2021-06,Lancashire Constabulary,Lancashire Constabulary,-3.053334,53.817222,On or near Theatre/Concert Hall,E01012736,Blackpool 010D,Possession of weapons,Unable to prosecute suspect,
ff557a5c36ba120f3496abb3e4bf2386f45f51908f606b357e6e4360ca27e588,2021-06,Lancashire Constabulary,Lancashire Constabulary,-3.054416,53.812484,On or near Bonny Street,E01012736,Blackpool 010D,Possession of weapons,Court result unavailable,
3e3efb68bc22f36a9720601c09da1084b1150aed32e08f330d4801d2ea9f8337,2021-06,Lancashire Constabulary,Lancashire Constabulary,-3.050285,53.814318,On or near Supermarket,E01012736,Blackpool 010D,Possession of weapons,Offender given a caution,
e47740c84ae48d99697333b60eb87d5787036b87342bedb3c2122f192b85d044,2021-06,Lancashire Constabulary,Lancashire Constabulary,-3.051992,53.813341,On or near Central Drive,E01012736,Blackpool 010D,Possession of weapons,Investigation complete; no suspect identified,
0b671df32ef8dac5f1913d552145291067a5e64f9860c2439dbea21c1c1699d0,2021-06,Lancashire Constabulary,Lancashire Constabulary,-3.048240,53.813329,On or near Livingstone Road,E01012736,Blackpool 010D,Public order,Investigation complete; no suspect identified,
fcaa5e1fb999674afb19dd4da324f342ef584a6e56789b2c621d4db4b8d010e5,2021-06,Lancashire Constabulary,Lancashire Constabulary,-3.050285,53.814318,On or near Supermarket,E01012736,Blackpool 010D,Public order,Further investigation is not in the public interest,
1c8b2a4e4ae59d1af668cca025bbaef751ed19687db8ca96e5d18e4bee69d304,2021-06,Lancashire Constabulary,Lancashire Constabulary,-3.047828,53.813854,On or near Stanley Road,E01012736,Blackpool 010D,Public order,Status update unavailable,
84b1812df9492950b02f839765d33d32836e3107082971c5019cc38c759351e5,2021-06,Lancashire Constabulary,Lancashire Constabulary,-3.048779,53.816075,On or near Albert Road,E01012736,Blackpool 010D,Public order,Investigation complete; no suspect identified,
d7e2366e25bfd7efb2a1d2c03753552f609c41125cf5c2930465a5784bcdd69d,2021-06,Lancashire Constabulary,Lancashire Constabulary,-3.050621,53.813192,On or near Havelock Street,E01012736,Blackpool 010D,Public order,Status update unavailable,
c7483e9b2148460d4cfe18c52c4dcc80ddefa6f9f3333797c1d1fe5c5390fc78,2021-06,Lancashire Constabulary,Lancashire Constabulary,-3.054416,53.812484,On or near Bonny Street,E01012736,Blackpool 010D,Public order,Unable to prosecute suspect,
d9607754be4eba6d5e98fdb788cce933ae39bec0fd88714a79155fdaa6bb8302,2021-06,Lancashire Constabulary,Lancashire Constabulary,-3.054410,53.817716,On or near Shopping Area,E01012736,Blackpool 010D,Public order,Court result unavailable,
bf19eb01bc4687eb506a8ba75df262ee3bc1d7a1cf459aba9433665715bc6d08,2021-06,Lancashire Constabulary,Lancashire Constabulary,-3.047695,53.815213,On or near Westwell Grove,E01012736,Blackpool 010D,Public order,Further investigation is not in the public interest,
19ed320a725ec85306bffd6789a72141c1b03e59184efcdc13f6ee429529cde7,2021-06,Lancashire Constabulary,Lancashire Constabulary,-3.054490,53.814857,On or near Bank Hey Street,E01012736,Blackpool 010D,Public order,Status update unavailable,
2f69d7fc8c0a9997193fa825451a28b2efa741c1a40166873b917704b2fa9d10,2021-06,Lancashire Constabulary,Lancashire Constabulary,-3.052248,53.814481,On or near Hull Road,E01012736,Blackpool 010D,Public order,Investigation complete; no suspect identified,
38acdcad0faf3e41d75b3b746e20aa9a412907209b04c43fc1d955b7fe448447,2021-06,Lancashire Constabulary,Lancashire Constabulary,-3.052672,53.816248,On or near Tower Street,E01012736,Blackpool 010D,Public order,Further investigation is not in the public interest,
a75643f0a86f6f74c6e1881468779b127db3b47552c9703bb31d81b03b224d85,2021-06,Lancashire Constabulary,Lancashire Constabulary,-3.053313,53.812143,On or near Police Station,E01012736,Blackpool 010D,Public order,Unable to prosecute suspect,
3b393f1ab90bdfd572e330b2237ab922b386dc9442156bef53511ddb18b12c3b,2021-06,Lancashire Constabulary,Lancashire Constabulary,-3.054410,53.817716,On or near Shopping Area,E01012736,Blackpool 010D,Public order,Unable to prosecute suspect,
8fa646cfb50ee6bf4dde00a38e73f86cdc601392a345c5c31389c6fb43bae546,2021-06,Lancashire Constabulary,Lancashire Constabulary,-3.054410,53.817716,On or near Shopping Area,E01012736,Blackpool 010D,Public order,Investigation complete; no suspect identified,
88df5c073bbb5a4c2ce02032c10eb5aeff08645746296613e9818bcc90b56d27,2021-06,Lancashire Constabulary,Lancashire Constabulary,-3.048455,53.815251,On or near Charnley Road,E01012736,Blackpool 010D,Public order,Status update unavailable,
76c1067655151bb7156043d4cd50f6037f6e018b8757d5ccf43cbb3071ea034a,2021-06,Lancashire Constabulary,Lancashire Constabulary,-3.048455,53.815251,On or near Charnley Road,E01012736,Blackpool 010D,Public order,Investigation complete; no suspect identified,
600064b66e2daea591efb559fe13d37a8b05a93e37f87ecabbf5bf7a6e120ab4,2021-06,Lancashire Constabulary,Lancashire Constabulary,-3.052248,53.814481,On or near Hull Road,E01012736,Blackpool 010D,Public order,Unable to prosecute suspect,
a89ce5903b1624110a0ba4005b4b88e5cad03484b668c47223b666738ae1d096,2021-06,Lancashire Constabulary,Lancashire Constabulary,-3.048240,53.813329,On or near Livingstone Road,E01012736,Blackpool 010D,Public order,Investigation complete; no suspect identified,
5e1767cc64b51bca2c188c01112b703a3d0ec1eaa51dedc02b3d018949e6ced6,2021-06,Lancashire Constabulary,Lancashire Constabulary,-3.052248,53.814481,On or near Hull Road,E01012736,Blackpool 010D,Public order,Investigation complete; no suspect identified,
e9d2ed7b4991e491676cf758dd111a2b30b9986d4d0d1475f43630290e9df78b,2021-06,Lancashire Constabulary,Lancashire Constabulary,-3.050653,53.812032,On or near Chapel Street,E01012736,Blackpool 010D,Robbery,Formal action is not in the public interest,
7c04694c6051e330a24b054ffe7c3ac5e18a075917589d76b8d7c574f9cfae89,2021-06,Lancashire Constabulary,Lancashire Constabulary,-3.054410,53.817716,On or near Shopping Area,E01012736,Blackpool 010D,Robbery,Unable to prosecute suspect,
cc16d136dd44d1ee66935be59ab46e64feef5a7097f0b8a86b0f10a33d374774,2021-06,Lancashire Constabulary,Lancashire Constabulary,-3.053183,53.816019,On or near Parking Area,E01012736,Blackpool 010D,Shoplifting,Court result unavailable,
bf88849a996b60b6cb267e8c66c9a20eb262899f7d404f0d53036491c43612e7,2021-06,Lancashire Constabulary,Lancashire Constabulary,-3.053334,53.817222,On or near Theatre/Concert Hall,E01012736,Blackpool 010D,Shoplifting,Status update unavailable,
046f4943628bb1583db9e72fc265e9e2b3288e886822af9ba7924bed532a277e,2021-06,Lancashire Constabulary,Lancashire Constabulary,-3.054490,53.814857,On or near Bank Hey Street,E01012736,Blackpool 010D,Shoplifting,Court result unavailable,
3709b5277082f632519bd084852313ece658ff47cc70a8cbee597428d90ab529,2021-06,Lancashire Constabulary,Lancashire Constabulary,-3.053183,53.816019,On or near Parking Area,E01012736,Blackpool 010D,Shoplifting,Status update unavailable,
07e24b09b29bf19afb2d2536ed297e991dea38f8ccd1ea9af2694aa5be8135a5,2021-06,Lancashire Constabulary,Lancashire Constabulary,-3.052858,53.817001,On or near Shopping Area,E01012736,Blackpool 010D,Shoplifting,Further investigation is not in the public interest,
8c1bcabc91fae31776bd0d3b32738292a1a5137c0d117513e4d4bf47fd864c62,2021-06,Lancashire Constabulary,Lancashire Constabulary,-3.053183,53.816019,On or near Parking Area,E01012736,Blackpool 010D,Shoplifting,Status update unavailable,
b7ca9f02280d6fa94ef457db5ae31a33fec90be76f0013fea62e8ef982edc29b,2021-06,Lancashire Constabulary,Lancashire Constabulary,-3.053183,53.816019,On or near Parking Area,E01012736,Blackpool 010D,Shoplifting,Investigation complete; no suspect identified,
8c1bcabc91fae31776bd0d3b32738292a1a5137c0d117513e4d4bf47fd864c62,2021-06,Lancashire Constabulary,Lancashire Constabulary,-3.053183,53.816019,On or near Parking Area,E01012736,Blackpool 010D,Shoplifting,Status update unavailable,
69a7727053af7b498ca916c3b90b3a820ac9d201880480271b011c51108e92c7,2021-06,Lancashire Constabulary,Lancashire Constabulary,-3.054490,53.814857,On or near Bank Hey Street,E01012736,Blackpool 010D,Shoplifting,Unable to prosecute suspect,
ba05b91d970e5911f9ae0153ea1d8231cea7a1e6da58c73365b7dee918474c70,2021-06,Lancashire Constabulary,Lancashire Constabulary,-3.053183,53.816019,On or near Parking Area,E01012736,Blackpool 010D,Shoplifting,Status update unavailable,
8ea0a3bbe80a1dedafef0d99c00f9e363c371bd940c77207e857a0e067ddcd8f,2021-06,Lancashire Constabulary,Lancashire Constabulary,-3.053334,53.817222,On or near Theatre/Concert Hall,E01012736,Blackpool 010D,Shoplifting,Formal action is not in the public interest,
57346d3174afc0492e0e07975d0c1e8f6950a42a6c5fa009c8651fed0cb5507a,2021-06,Lancashire Constabulary,Lancashire Constabulary,-3.054490,53.814857,On or near Bank Hey Street,E01012736,Blackpool 010D,Shoplifting,Status update unavailable,
479ece962a47b1869c7876016216708bb02f5a853bbf452acc038497b2e24199,2021-06,Lancashire Constabulary,Lancashire Constabulary,-3.052858,53.817001,On or near Shopping Area,E01012736,Blackpool 010D,Shoplifting,Status update unavailable,
d96dd437164ac4ab71a0fe0174bd2cc96e44c1865fcf84290731ee18c4e42b88,2021-06,Lancashire Constabulary,Lancashire Constabulary,-3.052858,53.817001,On or near Shopping Area,E01012736,Blackpool 010D,Shoplifting,Status update unavailable,
f386456c033dde3c4cd22b2a4cd98911dd14cebcae37a76dd0e3f3813299f61f,2021-06,Lancashire Constabulary,Lancashire Constabulary,-3.053183,53.816019,On or near Parking Area,E01012736,Blackpool 010D,Shoplifting,Offender given penalty notice,
2a4b4ad7723ccaf2f647741cac8f36bc7362127422dfacde454c95f697dfff65,2021-06,Lancashire Constabulary,Lancashire Constabulary,-3.052858,53.817001,On or near Shopping Area,E01012736,Blackpool 010D,Shoplifting,Status update unavailable,
eca19af01be9eea33d9647440b43f88a95dec3a36bd39afd9856311809569e1f,2021-06,Lancashire Constabulary,Lancashire Constabulary,-3.053183,53.816019,On or near Parking Area,E01012736,Blackpool 010D,Shoplifting,Status update unavailable,
0bdcb5fa17930c858f1c4f12f5925a10c15ae86580a1c8fb6179dc1d6cca4436,2021-06,Lancashire Constabulary,Lancashire Constabulary,-3.052858,53.817001,On or near Shopping Area,E01012736,Blackpool 010D,Shoplifting,Status update unavailable,
c788e0b0247c0d92db3a7b2b724a742ae4b9f12ebc089e971adcf4389c651971,2021-06,Lancashire Constabulary,Lancashire Constabulary,-3.052858,53.817001,On or near Shopping Area,E01012736,Blackpool 010D,Shoplifting,Status update unavailable,
6a893332c48f3be7dad065009ad354878bcb4e27f846af57f3df15c5d55ac1bb,2021-06,Lancashire Constabulary,Lancashire Constabulary,-3.054410,53.817716,On or near Shopping Area,E01012736,Blackpool 010D,Shoplifting,Investigation complete; no suspect identified,
434afdbd5a365a17f0ff100a6f851b093bce64409c5b4ee1db90c4c46ee03408,2021-06,Lancashire Constabulary,Lancashire Constabulary,-3.052858,53.817001,On or near Shopping Area,E01012736,Blackpool 010D,Theft from the person,Investigation complete; no suspect identified,
d01a9c89b847b8bbc9f9985d6f548fcac9e3ec631709a745f1ed548fb1e1aad0,2021-06,Lancashire Constabulary,Lancashire Constabulary,-3.051110,53.816324,On or near Adelaide Street,E01012736,Blackpool 010D,Theft from the person,Unable to prosecute suspect,
a460a3296ba1159fca83c0e8392572a2d24db1ad5fbcb4f03c67ff3e57b692ff,2021-06,Lancashire Constabulary,Lancashire Constabulary,-3.052858,53.817001,On or near Shopping Area,E01012736,Blackpool 010D,Theft from the person,Investigation complete; no suspect identified,
bda5e8365d32f7db2c2742e1f824793d9faa35c01bf9cc9268681369f2115a63,2021-06,Lancashire Constabulary,Lancashire Constabulary,-3.052248,53.814481,On or near Hull Road,E01012736,Blackpool 010D,Theft from the person,Investigation complete; no suspect identified,
1190a8d93c944dd7ffda0f34db84339d98266675161c8a182578fb932f484ceb,2021-06,Lancashire Constabulary,Lancashire Constabulary,-3.053720,53.812625,On or near Parking Area,E01012736,Blackpool 010D,Vehicle crime,Investigation complete; no suspect identified,
59d7d295d1647c4d2463645fcbc075bef0f4e8ae55fa117aa2c44c7227c4f472,2021-06,Lancashire Constabulary,Lancashire Constabulary,-3.054490,53.814857,On or near Bank Hey Street,E01012736,Blackpool 010D,Vehicle crime,Investigation complete; no suspect identified,
2b41be6b03afbf01ad2ba97ac2702b4f27f158595e4260e51b4a0f75ac5a5cfa,2021-06,Lancashire Constabulary,Lancashire Constabulary,-3.048455,53.815251,On or near Charnley Road,E01012736,Blackpool 010D,Vehicle crime,Unable to prosecute suspect,
22aa20dbba1d9f8230023c37c70ea4dae96377b9ac1250d973cd9c6f6330d2c2,2021-06,Lancashire Constabulary,Lancashire Constabulary,-3.053720,53.812625,On or near Parking Area,E01012736,Blackpool 010D,Vehicle crime,Status update unavailable,
8dd446fe5718387aabca27f366248cdc9cfda9ea6974008a148dabd6aec1921f,2021-06,Lancashire Constabulary,Lancashire Constabulary,-3.051877,53.812417,On or near Seasiders Way,E01012736,Blackpool 010D,Vehicle crime,Investigation complete; no suspect identified,
fe5936e094ff368a0a84e8cb4872b72d62ab4e3bd9d8447c66d18cea8a83985d,2021-06,Lancashire Constabulary,Lancashire Constabulary,-3.052609,53.814927,On or near Albert Road,E01012736,Blackpool 010D,Violence and sexual offences,Unable to prosecute suspect,
0acaae4283418490c75057d9aae3231a52d51d652e7931fed820c39eb34863ae,2021-06,Lancashire Constabulary,Lancashire Constabulary,-3.050285,53.814318,On or near Supermarket,E01012736,Blackpool 010D,Violence and sexual offences,Court result unavailable,
8c6e4d289a80b00cf72af6d7e0e158ee73dcbb5803d77e72c3447b9946f64c75,2021-06,Lancashire Constabulary,Lancashire Constabulary,-3.049896,53.812740,On or near Read'S Avenue,E01012736,Blackpool 010D,Violence and sexual offences,Action to be taken by another organisation,
5fc849da002276af7b8d035f77ee021fd57e636fd33cf254c6cce6e90242abf5,2021-06,Lancashire Constabulary,Lancashire Constabulary,-3.054490,53.814857,On or near Bank Hey Street,E01012736,Blackpool 010D,Violence and sexual offences,Court result unavailable,
57c39ef4078b46d36948d0e06a393f14cae6f2bd5e1964cdfeda8837fb03a697,2021-06,Lancashire Constabulary,Lancashire Constabulary,-3.049896,53.812740,On or near Read'S Avenue,E01012736,Blackpool 010D,Violence and sexual offences,Unable to prosecute suspect,
cfbe701e6ffed40b3f962ca3c864533f002dbed97469db330289925d066ee5cc,2021-06,Lancashire Constabulary,Lancashire Constabulary,-3.051110,53.816324,On or near Adelaide Street,E01012736,Blackpool 010D,Violence and sexual offences,Unable to prosecute suspect,
910cb6ceecf4bba7b5a937a8853d00a4892b1c653c574a904881b9c4e16b21be,2021-06,Lancashire Constabulary,Lancashire Constabulary,-3.052609,53.814927,On or near Albert Road,E01012736,Blackpool 010D,Violence and sexual offences,Unable to prosecute suspect,
7f1103dda095764bd940a62f78e3c8f928eda4e765489ce995b38049027beb40,2021-06,Lancashire Constabulary,Lancashire Constabulary,-3.050621,53.813192,On or near Havelock Street,E01012736,Blackpool 010D,Violence and sexual offences,Unable to prosecute suspect,
8c76a5a7b79463bf9d8235e9ee07339ee4811fe10834263450f84832202c5f09,2021-06,Lancashire Constabulary,Lancashire Constabulary,-3.053183,53.816019,On or near Parking Area,E01012736,Blackpool 010D,Violence and sexual offences,Unable to prosecute suspect,
404d65bcc6cea0911ef56f5cdfa9ab0bd2bb23ef31be00009afd53ad6539e8ed,2021-06,Lancashire Constabulary,Lancashire Constabulary,-3.053313,53.812143,On or near Police Station,E01012736,Blackpool 010D,Violence and sexual offences,Status update unavailable,
bc4c9ba15bf60e599cef857505933ed94bffae1693e84511769c3859edcb956d,2021-06,Lancashire Constabulary,Lancashire Constabulary,-3.053061,53.817835,On or near Back Church Street,E01012736,Blackpool 010D,Violence and sexual offences,Further investigation is not in the public interest,
fa501b7b06bb57c62133d505ffa759dbd0c640e257cd7195b441613a8509c89b,2021-06,Lancashire Constabulary,Lancashire Constabulary,-3.053334,53.817222,On or near Theatre/Concert Hall,E01012736,Blackpool 010D,Violence and sexual offences,Investigation complete; no suspect identified,
b0023518fd27578e94454af3d9b1471b1d85f98f7d0f031f13de4f4a71633364,2021-06,Lancashire Constabulary,Lancashire Constabulary,-3.051737,53.814081,On or near Vance Road,E01012736,Blackpool 010D,Violence and sexual offences,Formal action is not in the public interest,
9cce29104e5625bb7b98bd195ec5836a5c58d0375d18e8444094e36ef65e849a,2021-06,Lancashire Constabulary,Lancashire Constabulary,-3.047069,53.813259,On or near Parking Area,E01012736,Blackpool 010D,Violence and sexual offences,Status update unavailable,
738af208b0bced7716fd5318f5e2a0a4d1f21df29480ed9c0e3a2f3147d2c203,2021-06,Lancashire Constabulary,Lancashire Constabulary,-3.050653,53.812032,On or near Chapel Street,E01012736,Blackpool 010D,Violence and sexual offences,Court result unavailable,
eba8657188be1124cad34e5a91e3f3cbd2ce7a6df49c300e3ab8232ec1c9e696,2021-06,Lancashire Constabulary,Lancashire Constabulary,-3.054490,53.814857,On or near Bank Hey Street,E01012736,Blackpool 010D,Violence and sexual offences,Court result unavailable,
d650907e1104e1aaf8ce8896fd14d98a27fc409fbbc83a02e989d5b2d0f42438,2021-06,Lancashire Constabulary,Lancashire Constabulary,-3.050653,53.812032,On or near Chapel Street,E01012736,Blackpool 010D,Violence and sexual offences,Court result unavailable,
c4ff3112cf14fbd2f64ca3fbe424b633615bb683fa499225ac9e9d56d6de7b13,2021-06,Lancashire Constabulary,Lancashire Constabulary,-3.049896,53.812740,On or near Read'S Avenue,E01012736,Blackpool 010D,Violence and sexual offences,Unable to prosecute suspect,
28b8a9cd4c6d3140cc628e17776ebbb83fb90a29f4cab9ed1af770f7d7b29ab4,2021-06,Lancashire Constabulary,Lancashire Constabulary,-3.048774,53.817091,On or near Alfred Street,E01012736,Blackpool 010D,Violence and sexual offences,Unable to prosecute suspect,
c79d826288a3356db485988cb671e88ed8ce1c6762de77d7b0e75617066d0f7e,2021-06,Lancashire Constabulary,Lancashire Constabulary,-3.048846,53.812668,On or near Rishton Street,E01012736,Blackpool 010D,Violence and sexual offences,Court result unavailable,
4cbc80b7297487f29e93a7bfca3f88e1cc0d43ace9cea9ce1b6b18df12364db7,2021-06,Lancashire Constabulary,Lancashire Constabulary,-3.052248,53.814481,On or near Hull Road,E01012736,Blackpool 010D,Violence and sexual offences,Investigation complete; no suspect identified,
253f26ea9493fc5e9f648b46655d9ec99139b69a0c6d3dc0d9b497f07ea8ea38,2021-06,Lancashire Constabulary,Lancashire Constabulary,-3.053183,53.816019,On or near Parking Area,E01012736,Blackpool 010D,Violence and sexual offences,Investigation complete; no suspect identified,
492ef0589f05e23fa21553157de4cc87f1e6894092ae0924e6194b07de4997e6,2021-06,Lancashire Constabulary,Lancashire Constabulary,-3.052858,53.817001,On or near Shopping Area,E01012736,Blackpool 010D,Violence and sexual offences,Investigation complete; no suspect identified,
2f06e33a7574ceeda0cb90746e783ddb6821ed3bcfa933b925bfd0a05c92d0fa,2021-06,Lancashire Constabulary,Lancashire Constabulary,-3.050653,53.812032,On or near Chapel Street,E01012736,Blackpool 010D,Violence and sexual offences,Court result unavailable,
8cf2b2e3e6016cf1134f68ddc9b5bb91d5fa02a5d2e946188dc9ff39748a8410,2021-06,Lancashire Constabulary,Lancashire Constabulary,-3.045452,53.814208,On or near Parking Area,E01012736,Blackpool 010D,Violence and sexual offences,Unable to prosecute suspect,
33a250e41f5166d27360034cb75b4e1e3a2e903d649d55a5ede941b306c51e42,2021-06,Lancashire Constabulary,Lancashire Constabulary,-3.050621,53.813192,On or near Havelock Street,E01012736,Blackpool 010D,Violence and sexual offences,Unable to prosecute suspect,
8cb8357adbd70161b3745bf9983d55eaa9e7234bb4c0fe139a214cd8d8a0e319,2021-06,Lancashire Constabulary,Lancashire Constabulary,-3.054490,53.814857,On or near Bank Hey Street,E01012736,Blackpool 010D,Violence and sexual offences,Court result unavailable,
22ba5954fcd4a6f212e3f857d343a6097eafbf773a89aa263ef2dc6cd36edd75,2021-06,Lancashire Constabulary,Lancashire Constabulary,-3.050621,53.813192,On or near Havelock Street,E01012736,Blackpool 010D,Violence and sexual offences,Unable to prosecute suspect,
75ca7859db7b375399af19f4cb43ec8bc815d5cd8c50abed86b63c2e990f5bc3,2021-06,Lancashire Constabulary,Lancashire Constabulary,-3.050653,53.812032,On or near Chapel Street,E01012736,Blackpool 010D,Violence and sexual offences,Investigation complete; no suspect identified,
ea8a033fe4616691afb8089de56d0164f218032aa85a29e4ffa437d994eeb55b,2021-06,Lancashire Constabulary,Lancashire Constabulary,-3.054410,53.817716,On or near Shopping Area,E01012736,Blackpool 010D,Violence and sexual offences,Unable to prosecute suspect,
d4a0ed14747994e04011251f7d4ef3389d29cc325ee55dce0b01a08a41ca5705,2021-06,Lancashire Constabulary,Lancashire Constabulary,-3.054490,53.814857,On or near Bank Hey Street,E01012736,Blackpool 010D,Violence and sexual offences,Court result unavailable,
4b019563842576d52b07fdb326ecddac3785426589f03478e801618f4731d344,2021-06,Lancashire Constabulary,Lancashire Constabulary,-3.053334,53.817222,On or near Theatre/Concert Hall,E01012736,Blackpool 010D,Violence and sexual offences,Unable to prosecute suspect,
cab16f5d841c71c1a54b3d8228f0e9bc3487faf027db7929f23d162956f87cdb,2021-06,Lancashire Constabulary,Lancashire Constabulary,-3.048779,53.816075,On or near Albert Road,E01012736,Blackpool 010D,Violence and sexual offences,Unable to prosecute suspect,
28805c43b33e9d3edf97004c1ac7fb0d6074d13116b29fb0cf52cfa5025e43c7,2021-06,Lancashire Constabulary,Lancashire Constabulary,-3.050285,53.814318,On or near Supermarket,E01012736,Blackpool 010D,Violence and sexual offences,Unable to prosecute suspect,
7e8fd2e8592eea8f3e6ae9d92118d8cc7c4d20ca1db4a0d82add196f2856c886,2021-06,Lancashire Constabulary,Lancashire Constabulary,-3.053183,53.816019,On or near Parking Area,E01012736,Blackpool 010D,Violence and sexual offences,Local resolution,
80ef45e55c987c5a7c6216802f260b48afbae48bdf41f9e2c16b26b964446508,2021-06,Lancashire Constabulary,Lancashire Constabulary,-3.054416,53.812484,On or near Bonny Street,E01012736,Blackpool 010D,Violence and sexual offences,Unable to prosecute suspect,
0d24c92d73d6c6157610aa7a9be8034ec6183383ac769b3c2ec5b3097cb16399,2021-06,Lancashire Constabulary,Lancashire Constabulary,-3.050653,53.812032,On or near Chapel Street,E01012736,Blackpool 010D,Violence and sexual offences,Investigation complete; no suspect identified,
509229a84f1d80092d523fc86ca732db151c5665fa54832b27df9f919ca18697,2021-06,Lancashire Constabulary,Lancashire Constabulary,-3.051021,53.815211,On or near Nightclub,E01012736,Blackpool 010D,Violence and sexual offences,Unable to prosecute suspect,
8a1e4d4c961cbddf1e6017aa4f41bd85f0c30d1c9b6dbb2be0c004679bb7fda2,2021-06,Lancashire Constabulary,Lancashire Constabulary,-3.050653,53.812032,On or near Chapel Street,E01012736,Blackpool 010D,Violence and sexual offences,Investigation complete; no suspect identified,
330c8b47cc0ebb737746fde73b07cd85aef929ab34dd2506cb7676c2221f635e,2021-06,Lancashire Constabulary,Lancashire Constabulary,-3.049896,53.812740,On or near Read'S Avenue,E01012736,Blackpool 010D,Violence and sexual offences,Unable to prosecute suspect,
570ef4dc5bfabb8f2ea56393af537abceb64f6fa645e6dc9df2bdcb2dc89af44,2021-06,Lancashire Constabulary,Lancashire Constabulary,-3.050400,53.814066,On or near Coronation Street,E01012736,Blackpool 010D,Violence and sexual offences,Unable to prosecute suspect,
37d0b5a10cfbfd37c7db27fa7bcbd907c2e0954b841c0727e4767b0f337c0f74,2021-06,Lancashire Constabulary,Lancashire Constabulary,-3.052609,53.814927,On or near Albert Road,E01012736,Blackpool 010D,Violence and sexual offences,Unable to prosecute suspect,
450cf4fdcf44263393093d66a65219011af9b013856106903e577ba356da346b,2021-06,Lancashire Constabulary,Lancashire Constabulary,-3.050653,53.812032,On or near Chapel Street,E01012736,Blackpool 010D,Violence and sexual offences,Unable to prosecute suspect,
3a06ee03be247dcb3818cde38228aaa3f64de04aacdf2208caddb3fd40636830,2021-06,Lancashire Constabulary,Lancashire Constabulary,-3.050400,53.814066,On or near Coronation Street,E01012736,Blackpool 010D,Violence and sexual offences,Unable to prosecute suspect,
2dcbf012dab62cdadcc6098116b7f7c05a9c486ec35280536a8114eb8c2b81c0,2021-06,Lancashire Constabulary,Lancashire Constabulary,-3.054416,53.812484,On or near Bonny Street,E01012736,Blackpool 010D,Violence and sexual offences,Investigation complete; no suspect identified,
470d4ac9f7352bd012467134064be3b02e1d3cee4d0bde10f6809f21ed7a0dab,2021-06,Lancashire Constabulary,Lancashire Constabulary,-3.049896,53.812740,On or near Read'S Avenue,E01012736,Blackpool 010D,Violence and sexual offences,Unable to prosecute suspect,
8ca77f1913167c260c3ff2ec47a957b6ae93f103b1a53d92f332c28b8a16fe8b,2021-06,Lancashire Constabulary,Lancashire Constabulary,-3.054490,53.814857,On or near Bank Hey Street,E01012736,Blackpool 010D,Violence and sexual offences,Investigation complete; no suspect identified,
9ec99ac6476c06475cd54960a887c31bd27f1cbd4ae0203d3214b4d59e29aeb9,2021-06,Lancashire Constabulary,Lancashire Constabulary,-3.053061,53.817835,On or near Back Church Street,E01012736,Blackpool 010D,Violence and sexual offences,Unable to prosecute suspect,
aa2124a480ebefae0b36632577c615fa629edb89848d83001ce4c4314d991e34,2021-06,Lancashire Constabulary,Lancashire Constabulary,-3.049896,53.812740,On or near Read'S Avenue,E01012736,Blackpool 010D,Violence and sexual offences,Unable to prosecute suspect,
ae8033d716a38427832dd35620a4d8d28fc1a3f632dd5937b494fd33bfde6784,2021-06,Lancashire Constabulary,Lancashire Constabulary,-3.051021,53.815211,On or near Nightclub,E01012736,Blackpool 010D,Violence and sexual offences,Unable to prosecute suspect,
d7a620a60dff0c468bcb7ff3ac815cdc8a01ab3cb83dc1a2ae9ea978da947ea6,2021-06,Lancashire Constabulary,Lancashire Constabulary,-3.050653,53.812032,On or near Chapel Street,E01012736,Blackpool 010D,Violence and sexual offences,Investigation complete; no suspect identified,
,2021-06,Lancashire Constabulary,Lancashire Constabulary,-3.053082,53.819282,On or near Parking Area,E01012737,Blackpool 010E,Anti-social behaviour,,
,2021-06,Lancashire Constabulary,Lancashire Constabulary,-3.047613,53.816822,On or near South King Street,E01012737,Blackpool 010E,Anti-social behaviour,,
,2021-06,Lancashire Constabulary,Lancashire Constabulary,-3.048851,53.818331,On or near Nightclub,E01012737,Blackpool 010E,Anti-social behaviour,,
,2021-06,Lancashire Constabulary,Lancashire Constabulary,-3.047771,53.820102,On or near George Street,E01012737,Blackpool 010E,Anti-social behaviour,,
,2021-06,Lancashire Constabulary,Lancashire Constabulary,-3.043681,53.818726,On or near Parker Street,E01012737,Blackpool 010E,Anti-social behaviour,,
,2021-06,Lancashire Constabulary,Lancashire Constabulary,-3.055318,53.818786,On or near Talbot Square,E01012737,Blackpool 010E,Anti-social behaviour,,
,2021-06,Lancashire Constabulary,Lancashire Constabulary,-3.053247,53.818598,On or near Nightclub,E01012737,Blackpool 010E,Anti-social behaviour,,
,2021-06,Lancashire Constabulary,Lancashire Constabulary,-3.055190,53.817933,On or near Nightclub,E01012737,Blackpool 010E,Anti-social behaviour,,
,2021-06,Lancashire Constabulary,Lancashire Constabulary,-3.045937,53.819030,On or near Caunce Street,E01012737,Blackpool 010E,Anti-social behaviour,,
,2021-06,Lancashire Constabulary,Lancashire Constabulary,-3.055413,53.817716,On or near Sports/Recreation Area,E01012737,Blackpool 010E,Anti-social behaviour,,
,2021-06,Lancashire Constabulary,Lancashire Constabulary,-3.044011,53.816728,On or near Raikes Parade,E01012737,Blackpool 010E,Anti-social behaviour,,
,2021-06,Lancashire Constabulary,Lancashire Constabulary,-3.055190,53.817933,On or near Nightclub,E01012737,Blackpool 010E,Anti-social behaviour,,
,2021-06,Lancashire Constabulary,Lancashire Constabulary,-3.047890,53.819382,On or near Cookson Street,E01012737,Blackpool 010E,Anti-social behaviour,,
,2021-06,Lancashire Constabulary,Lancashire Constabulary,-3.043831,53.819246,On or near Peter Street,E01012737,Blackpool 010E,Anti-social behaviour,,
,2021-06,Lancashire Constabulary,Lancashire Constabulary,-3.047771,53.820102,On or near George Street,E01012737,Blackpool 010E,Anti-social behaviour,,
,2021-06,Lancashire Constabulary,Lancashire Constabulary,-3.048851,53.818331,On or near Nightclub,E01012737,Blackpool 010E,Anti-social behaviour,,
,2021-06,Lancashire Constabulary,Lancashire Constabulary,-3.048592,53.818926,On or near King Street,E01012737,Blackpool 010E,Anti-social behaviour,,
,2021-06,Lancashire Constabulary,Lancashire Constabulary,-3.048208,53.820583,On or near Swainson Street,E01012737,Blackpool 010E,Anti-social behaviour,,
,2021-06,Lancashire Constabulary,Lancashire Constabulary,-3.055190,53.817933,On or near Nightclub,E01012737,Blackpool 010E,Anti-social behaviour,,
,2021-06,Lancashire Constabulary,Lancashire Constabulary,-3.045562,53.819851,On or near Milbourne Street,E01012737,Blackpool 010E,Anti-social behaviour,,
,2021-06,Lancashire Constabulary,Lancashire Constabulary,-3.048851,53.818331,On or near Nightclub,E01012737,Blackpool 010E,Anti-social behaviour,,
,2021-06,Lancashire Constabulary,Lancashire Constabulary,-3.053123,53.818473,On or near Cheapside,E01012737,Blackpool 010E,Anti-social behaviour,,
,2021-06,Lancashire Constabulary,Lancashire Constabulary,-3.047890,53.819382,On or near Cookson Street,E01012737,Blackpool 010E,Anti-social behaviour,,
,2021-06,Lancashire Constabulary,Lancashire Constabulary,-3.047771,53.820102,On or near George Street,E01012737,Blackpool 010E,Anti-social behaviour,,
,2021-06,Lancashire Constabulary,Lancashire Constabulary,-3.053247,53.818598,On or near Nightclub,E01012737,Blackpool 010E,Anti-social behaviour,,
,2021-06,Lancashire Constabulary,Lancashire Constabulary,-3.048851,53.818331,On or near Nightclub,E01012737,Blackpool 010E,Anti-social behaviour,,
,2021-06,Lancashire Constabulary,Lancashire Constabulary,-3.047890,53.819382,On or near Cookson Street,E01012737,Blackpool 010E,Anti-social behaviour,,
,2021-06,Lancashire Constabulary,Lancashire Constabulary,-3.053082,53.819282,On or near Parking Area,E01012737,Blackpool 010E,Anti-social behaviour,,
,2021-06,Lancashire Constabulary,Lancashire Constabulary,-3.047771,53.820102,On or near George Street,E01012737,Blackpool 010E,Anti-social behaviour,,
,2021-06,Lancashire Constabulary,Lancashire Constabulary,-3.053247,53.818598,On or near Nightclub,E01012737,Blackpool 010E,Anti-social behaviour,,
,2021-06,Lancashire Constabulary,Lancashire Constabulary,-3.055190,53.817933,On or near Nightclub,E01012737,Blackpool 010E,Anti-social behaviour,,
,2021-06,Lancashire Constabulary,Lancashire Constabulary,-3.050196,53.819865,On or near Supermarket,E01012737,Blackpool 010E,Anti-social behaviour,,
,2021-06,Lancashire Constabulary,Lancashire Constabulary,-3.055190,53.817933,On or near Nightclub,E01012737,Blackpool 010E,Anti-social behaviour,,
,2021-06,Lancashire Constabulary,Lancashire Constabulary,-3.048851,53.818331,On or near Nightclub,E01012737,Blackpool 010E,Anti-social behaviour,,
,2021-06,Lancashire Constabulary,Lancashire Constabulary,-3.046221,53.816403,On or near Regent Road,E01012737,Blackpool 010E,Anti-social behaviour,,
,2021-06,Lancashire Constabulary,Lancashire Constabulary,-3.055190,53.817933,On or near Nightclub,E01012737,Blackpool 010E,Anti-social behaviour,,
,2021-06,Lancashire Constabulary,Lancashire Constabulary,-3.046323,53.818703,On or near Shopping Area,E01012737,Blackpool 010E,Anti-social behaviour,,
,2021-06,Lancashire Constabulary,Lancashire Constabulary,-3.045832,53.820316,On or near Charles Street,E01012737,Blackpool 010E,Anti-social behaviour,,
,2021-06,Lancashire Constabulary,Lancashire Constabulary,-3.050056,53.817916,On or near Church Street,E01012737,Blackpool 010E,Anti-social behaviour,,
,2021-06,Lancashire Constabulary,Lancashire Constabulary,-3.045777,53.819328,On or near Grosvenor Street,E01012737,Blackpool 010E,Anti-social behaviour,,
,2021-06,Lancashire Constabulary,Lancashire Constabulary,-3.053082,53.819282,On or near Parking Area,E01012737,Blackpool 010E,Anti-social behaviour,,
,2021-06,Lancashire Constabulary,Lancashire Constabulary,-3.053082,53.819282,On or near Parking Area,E01012737,Blackpool 010E,Anti-social behaviour,,
,2021-06,Lancashire Constabulary,Lancashire Constabulary,-3.053082,53.819282,On or near Parking Area,E01012737,Blackpool 010E,Anti-social behaviour,,
,2021-06,Lancashire Constabulary,Lancashire Constabulary,-3.053082,53.819282,On or near Parking Area,E01012737,Blackpool 010E,Anti-social behaviour,,
,2021-06,Lancashire Constabulary,Lancashire Constabulary,-3.045777,53.819328,On or near Grosvenor Street,E01012737,Blackpool 010E,Anti-social behaviour,,
,2021-06,Lancashire Constabulary,Lancashire Constabulary,-3.048592,53.818926,On or near King Street,E01012737,Blackpool 010E,Anti-social behaviour,,
,2021-06,Lancashire Constabulary,Lancashire Constabulary,-3.045777,53.819328,On or near Grosvenor Street,E01012737,Blackpool 010E,Anti-social behaviour,,
,2021-06,Lancashire Constabulary,Lancashire Constabulary,-3.055318,53.818786,On or near Talbot Square,E01012737,Blackpool 010E,Anti-social behaviour,,
,2021-06,Lancashire Constabulary,Lancashire Constabulary,-3.047771,53.820102,On or near George Street,E01012737,Blackpool 010E,Anti-social behaviour,,
,2021-06,Lancashire Constabulary,Lancashire Constabulary,-3.050056,53.817916,On or near Church Street,E01012737,Blackpool 010E,Anti-social behaviour,,
,2021-06,Lancashire Constabulary,Lancashire Constabulary,-3.046221,53.816403,On or near Regent Road,E01012737,Blackpool 010E,Anti-social behaviour,,
,2021-06,Lancashire Constabulary,Lancashire Constabulary,-3.055318,53.818786,On or near Talbot Square,E01012737,Blackpool 010E,Anti-social behaviour,,
,2021-06,Lancashire Constabulary,Lancashire Constabulary,-3.048851,53.818331,On or near Nightclub,E01012737,Blackpool 010E,Anti-social behaviour,,
,2021-06,Lancashire Constabulary,Lancashire Constabulary,-3.055318,53.818786,On or near Talbot Square,E01012737,Blackpool 010E,Anti-social behaviour,,
,2021-06,Lancashire Constabulary,Lancashire Constabulary,-3.047771,53.820102,On or near George Street,E01012737,Blackpool 010E,Anti-social behaviour,,
,2021-06,Lancashire Constabulary,Lancashire Constabulary,-3.051284,53.818444,On or near Shopping Area,E01012737,Blackpool 010E,Anti-social behaviour,,
,2021-06,Lancashire Constabulary,Lancashire Constabulary,-3.053082,53.819282,On or near Parking Area,E01012737,Blackpool 010E,Anti-social behaviour,,
,2021-06,Lancashire Constabulary,Lancashire Constabulary,-3.055413,53.817716,On or near Sports/Recreation Area,E01012737,Blackpool 010E,Anti-social behaviour,,
,2021-06,Lancashire Constabulary,Lancashire Constabulary,-3.050673,53.820130,On or near Nightclub,E01012737,Blackpool 010E,Anti-social behaviour,,
,2021-06,Lancashire Constabulary,Lancashire Constabulary,-3.055413,53.817716,On or near Sports/Recreation Area,E01012737,Blackpool 010E,Anti-social behaviour,,
,2021-06,Lancashire Constabulary,Lancashire Constabulary,-3.046221,53.816403,On or near Regent Road,E01012737,Blackpool 010E,Anti-social behaviour,,
,2021-06,Lancashire Constabulary,Lancashire Constabulary,-3.050040,53.819102,On or near Topping Street,E01012737,Blackpool 010E,Anti-social behaviour,,
,2021-06,Lancashire Constabulary,Lancashire Constabulary,-3.055413,53.817716,On or near Sports/Recreation Area,E01012737,Blackpool 010E,Anti-social behaviour,,
,2021-06,Lancashire Constabulary,Lancashire Constabulary,-3.053082,53.819282,On or near Parking Area,E01012737,Blackpool 010E,Anti-social behaviour,,
,2021-06,Lancashire Constabulary,Lancashire Constabulary,-3.055190,53.817933,On or near Nightclub,E01012737,Blackpool 010E,Anti-social behaviour,,
,2021-06,Lancashire Constabulary,Lancashire Constabulary,-3.048851,53.818331,On or near Nightclub,E01012737,Blackpool 010E,Anti-social behaviour,,
,2021-06,Lancashire Constabulary,Lancashire Constabulary,-3.047771,53.820102,On or near George Street,E01012737,Blackpool 010E,Anti-social behaviour,,
,2021-06,Lancashire Constabulary,Lancashire Constabulary,-3.048851,53.818331,On or near Nightclub,E01012737,Blackpool 010E,Anti-social behaviour,,
,2021-06,Lancashire Constabulary,Lancashire Constabulary,-3.055318,53.818786,On or near Talbot Square,E01012737,Blackpool 010E,Anti-social behaviour,,
,2021-06,Lancashire Constabulary,Lancashire Constabulary,-3.055318,53.818786,On or near Talbot Square,E01012737,Blackpool 010E,Anti-social behaviour,,
,2021-06,Lancashire Constabulary,Lancashire Constabulary,-3.050040,53.819102,On or near Topping Street,E01012737,Blackpool 010E,Anti-social behaviour,,
ab3fc9a4495626c6e171a5217697375001a7861b453a4363edb5b6f0ca9b7a64,2021-06,Lancashire Constabulary,Lancashire Constabulary,-3.047493,53.821147,On or near Larkhill Street,E01012737,Blackpool 010E,Bicycle theft,Investigation complete; no suspect identified,
04fca0f55a96caa47a4fe2e5b8f02bf9be102a40c652ec5b398e71e18f05daae,2021-06,Lancashire Constabulary,Lancashire Constabulary,-3.050056,53.817916,On or near Church Street,E01012737,Blackpool 010E,Bicycle theft,Investigation complete; no suspect identified,
6b49487285a6f6aff4e3496b7b65629415b6743c187bb4ac14d0ceb249bcac1b,2021-06,Lancashire Constabulary,Lancashire Constabulary,-3.047890,53.819382,On or near Cookson Street,E01012737,Blackpool 010E,Burglary,Investigation complete; no suspect identified,
ec77f46b94d74b49082824b38812bec41a3c9df301f6355998c32d449c8fef15,2021-06,Lancashire Constabulary,Lancashire Constabulary,-3.047771,53.820102,On or near George Street,E01012737,Blackpool 010E,Burglary,Unable to prosecute suspect,
fb6b0a495369e94bce8677b6db2c2561036c994e1611658ba8c2cd9d54ae2059,2021-06,Lancashire Constabulary,Lancashire Constabulary,-3.047890,53.819382,On or near Cookson Street,E01012737,Blackpool 010E,Burglary,Investigation complete; no suspect identified,
f9871e912e52ae742bbd00f0d13ea8cfe2720be3e5a573d9a8b30f262777c746,2021-06,Lancashire Constabulary,Lancashire Constabulary,-3.047613,53.816822,On or near South King Street,E01012737,Blackpool 010E,Burglary,Status update unavailable,
afc608c8f0535c838f26b25cdb693657d18fdfa8521cc2c5a0cd701454987c26,2021-06,Lancashire Constabulary,Lancashire Constabulary,-3.053123,53.818473,On or near Cheapside,E01012737,Blackpool 010E,Burglary,Investigation complete; no suspect identified,
9a67ad40ff05e21ef2b27e87c3218c304f2eb4c8eb8c31392759d44c1c3f5fe1,2021-06,Lancashire Constabulary,Lancashire Constabulary,-3.047613,53.816822,On or near South King Street,E01012737,Blackpool 010E,Burglary,Investigation complete; no suspect identified,
1505d8caf8e08b8f34283b00a756a6ada9ada01f4ecd2254c34442d7699a2ef0,2021-06,Lancashire Constabulary,Lancashire Constabulary,-3.053636,53.818963,On or near Nightclub,E01012737,Blackpool 010E,Burglary,Investigation complete; no suspect identified,
e2cabe7bf6a917b74b6842a0d2b23d35afdb4256de1cf77011a0d275d8dcde14,2021-06,Lancashire Constabulary,Lancashire Constabulary,-3.047771,53.820102,On or near George Street,E01012737,Blackpool 010E,Burglary,Further investigation is not in the public interest,
2e0826c21c463ad26d6ccb72348a3e9e23fa7494d4abb65848b4d2b14777e98c,2021-06,Lancashire Constabulary,Lancashire Constabulary,-3.047771,53.820102,On or near George Street,E01012737,Blackpool 010E,Burglary,Investigation complete; no suspect identified,
70045f1480ac5b0fa56c63d13a30516bf60e7cc3bfb8822ed52ac014b801f8df,2021-06,Lancashire Constabulary,Lancashire Constabulary,-3.045198,53.820475,On or near Buchanan Street,E01012737,Blackpool 010E,Criminal damage and arson,Investigation complete; no suspect identified,
0bf4f194ebeb65e3ebf148d2d2677e0677a94acda5abb02f508ae08230116b10,2021-06,Lancashire Constabulary,Lancashire Constabulary,-3.050056,53.817916,On or near Church Street,E01012737,Blackpool 010E,Criminal damage and arson,Status update unavailable,
ff8bdb3615f9caa330288354f54abcff439e688ed4485e18737a274720b652ad,2021-06,Lancashire Constabulary,Lancashire Constabulary,-3.053247,53.818598,On or near Nightclub,E01012737,Blackpool 010E,Criminal damage and arson,Investigation complete; no suspect identified,
a36728556132558109361a407516f1cd63dd9e806ed632ff10132113e9660a43,2021-06,Lancashire Constabulary,Lancashire Constabulary,-3.048851,53.818331,On or near Nightclub,E01012737,Blackpool 010E,Criminal damage and arson,Unable to prosecute suspect,
d58f270d394d61ea01f6878a716658135075755a70c094424d073b18c46c308f,2021-06,Lancashire Constabulary,Lancashire Constabulary,-3.046323,53.818703,On or near Shopping Area,E01012737,Blackpool 010E,Criminal damage and arson,Status update unavailable,
0b94bfc89ebea619d51caecb79fa3cfc9689ef17711149060f4077a0c3ef7384,2021-06,Lancashire Constabulary,Lancashire Constabulary,-3.053082,53.819282,On or near Parking Area,E01012737,Blackpool 010E,Criminal damage and arson,Investigation complete; no suspect identified,
ab58534a8f25e61112ef4a888abab19ff87a898c0533f2c7a29d2642dbaef465,2021-06,Lancashire Constabulary,Lancashire Constabulary,-3.050673,53.820130,On or near Nightclub,E01012737,Blackpool 010E,Criminal damage and arson,Court result unavailable,
3221e01605a8270d71e4b5b6c5a8746b59e31a0687df710c50d6b692c3f83c0e,2021-06,Lancashire Constabulary,Lancashire Constabulary,-3.043831,53.819246,On or near Peter Street,E01012737,Blackpool 010E,Criminal damage and arson,Unable to prosecute suspect,
7a6a015f8ac2fabc496f6ac0f5cee8f12aa29fd7a2310caa189e711c5aa8996b,2021-06,Lancashire Constabulary,Lancashire Constabulary,-3.049954,53.818689,On or near Wood Street,E01012737,Blackpool 010E,Other theft,Investigation complete; no suspect identified,
d7fbd34e458d773228b305087da7c75706bc7364bf095a32820c2d306e24777f,2021-06,Lancashire Constabulary,Lancashire Constabulary,-3.048208,53.820583,On or near Swainson Street,E01012737,Blackpool 010E,Other theft,Investigation complete; no suspect identified,
f569a06ad31f70c92ec1c3d44d39df9597fcc2eba49793a297577b8d69a046ac,2021-06,Lancashire Constabulary,Lancashire Constabulary,-3.045562,53.819851,On or near Milbourne Street,E01012737,Blackpool 010E,Other theft,Further investigation is not in the public interest,
5cbb0afa7d8683b99b630e0eafa8cac89eb4372c713ac4262b9c54539b0a1a8c,2021-06,Lancashire Constabulary,Lancashire Constabulary,-3.051284,53.818444,On or near Shopping Area,E01012737,Blackpool 010E,Other theft,Status update unavailable,
cd786cee502b63686b139db9aebd8bd53d910a0aeefda90eac7c8c55c9d761f5,2021-06,Lancashire Constabulary,Lancashire Constabulary,-3.052412,53.819198,On or near Abingdon Street,E01012737,Blackpool 010E,Other theft,Investigation complete; no suspect identified,
5b23e036c19d5262f21ec85d2c6be4b6cc8098b8aeb1b39ad3a5d8f3ee56db1c,2021-06,Lancashire Constabulary,Lancashire Constabulary,-3.046221,53.816403,On or near Regent Road,E01012737,Blackpool 010E,Other theft,Unable to prosecute suspect,
fae665a70d2aee53887d3c8bc7e0a1cb61a614062f93cb60bc8d4346f36b5ec2,2021-06,Lancashire Constabulary,Lancashire Constabulary,-3.051284,53.818444,On or near Shopping Area,E01012737,Blackpool 010E,Possession of weapons,Formal action is not in the public interest,
e6a7b6784b1f2553660605049c76dee4315e9715494ca0058c93072cd283f7c5,2021-06,Lancashire Constabulary,Lancashire Constabulary,-3.048661,53.820462,On or near Parking Area,E01012737,Blackpool 010E,Possession of weapons,Court result unavailable,
cf1fc579d1d11f8407e55c478e838ba10e8cf3346b9f0d483aca835614ee33a6,2021-06,Lancashire Constabulary,Lancashire Constabulary,-3.044871,53.815867,On or near Park Road,E01012737,Blackpool 010E,Possession of weapons,Unable to prosecute suspect,
a8aa780e9fb9267614d205f27b97e297c9a41d28367039edbcdde9ce55b29d69,2021-06,Lancashire Constabulary,Lancashire Constabulary,-3.045777,53.819328,On or near Grosvenor Street,E01012737,Blackpool 010E,Public order,Unable to prosecute suspect,
6ddf3bb68357b2bacdac3b465ba93456e1c83b9340066d7f241aed1c0d2e7fd8,2021-06,Lancashire Constabulary,Lancashire Constabulary,-3.048661,53.820462,On or near Parking Area,E01012737,Blackpool 010E,Public order,Court result unavailable,
50fe58dbb7fc02d0d350198bbb58d202f88dc08ccfc2bb069b8a023574b92a05,2021-06,Lancashire Constabulary,Lancashire Constabulary,-3.055318,53.818786,On or near Talbot Square,E01012737,Blackpool 010E,Public order,Court result unavailable,
6d3beb2c8bfa6017adc31157fbee862b4c8692afce3d28c733cf586164e5a3cf,2021-06,Lancashire Constabulary,Lancashire Constabulary,-3.051284,53.818444,On or near Shopping Area,E01012737,Blackpool 010E,Public order,Investigation complete; no suspect identified,
2ffbeaa591a3bc1458ca99d16ee8f76367e47494b4c675bef7740b69498a82bf,2021-06,Lancashire Constabulary,Lancashire Constabulary,-3.047771,53.820102,On or near George Street,E01012737,Blackpool 010E,Public order,Court result unavailable,
b09317d33a81a442154c3c8d51c6641f216d3fd2c5f7a71eb4d9bac66e2295c0,2021-06,Lancashire Constabulary,Lancashire Constabulary,-3.050673,53.820130,On or near Nightclub,E01012737,Blackpool 010E,Public order,Investigation complete; no suspect identified,
284f819bcb9817e048ba4991bd83511e32db4f1d68b5f47136c482a6ff77663e,2021-06,Lancashire Constabulary,Lancashire Constabulary,-3.052412,53.819198,On or near Abingdon Street,E01012737,Blackpool 010E,Public order,Unable to prosecute suspect,
233a40e69387b65e973e6abfe2fbb686a6a2488eaf1e4cbb207809fa5bb18918,2021-06,Lancashire Constabulary,Lancashire Constabulary,-3.053082,53.819282,On or near Parking Area,E01012737,Blackpool 010E,Public order,Further investigation is not in the public interest,
c7abc7f5981ba6a155c6e05785ca62741d8108578fe6ff08a349314fddf68905,2021-06,Lancashire Constabulary,Lancashire Constabulary,-3.050056,53.817916,On or near Church Street,E01012737,Blackpool 010E,Public order,Further investigation is not in the public interest,
41df455caaaf1d5f2e55c91a8f852924faa285d4efdb279910353603a8011603,2021-06,Lancashire Constabulary,Lancashire Constabulary,-3.055190,53.817933,On or near Nightclub,E01012737,Blackpool 010E,Public order,Status update unavailable,
d57d1df1b5d67bc2a53483eb95285d50ce3e5a58cd2b5f9e6726e671c73508a0,2021-06,Lancashire Constabulary,Lancashire Constabulary,-3.051284,53.818444,On or near Shopping Area,E01012737,Blackpool 010E,Robbery,Unable to prosecute suspect,
55fd12087274b70f4eb3945a5c18d71bf576588e0a2f0fbdfae5018e8d0dd2a5,2021-06,Lancashire Constabulary,Lancashire Constabulary,-3.050196,53.819865,On or near Supermarket,E01012737,Blackpool 010E,Shoplifting,Unable to prosecute suspect,
7f9eab8ffae9239cf70cc855e757bb7d18649232d4f9ec08ab4a21299472278d,2021-06,Lancashire Constabulary,Lancashire Constabulary,-3.050196,53.819865,On or near Supermarket,E01012737,Blackpool 010E,Shoplifting,Further investigation is not in the public interest,
2ba44716280ae8bc8d45928cfc7b348b2cc71322fee5400a82cfc6b1c776964a,2021-06,Lancashire Constabulary,Lancashire Constabulary,-3.055190,53.817933,On or near Nightclub,E01012737,Blackpool 010E,Theft from the person,Investigation complete; no suspect identified,
1a24f61cf951524f9119e9c4f0b07b958c602ca5552cfd25d337cb0aa6c2b17b,2021-06,Lancashire Constabulary,Lancashire Constabulary,-3.055190,53.817933,On or near Nightclub,E01012737,Blackpool 010E,Theft from the person,Investigation complete; no suspect identified,
d00d00e5f052eb5a7d67a1e318d6d57656b035b622e187c3d9793041cfa3cf60,2021-06,Lancashire Constabulary,Lancashire Constabulary,-3.055318,53.818786,On or near Talbot Square,E01012737,Blackpool 010E,Theft from the person,Investigation complete; no suspect identified,
3f36d4bc81ed9e24711055fcc25882242debf80e0e714149999b3666fc23c371,2021-06,Lancashire Constabulary,Lancashire Constabulary,-3.048851,53.818331,On or near Nightclub,E01012737,Blackpool 010E,Vehicle crime,Investigation complete; no suspect identified,
958361b5215a4dec3603e7ce59fb23c7856b83c4d717a8321c4cd92c571c322a,2021-06,Lancashire Constabulary,Lancashire Constabulary,-3.053636,53.818963,On or near Nightclub,E01012737,Blackpool 010E,Vehicle crime,Investigation complete; no suspect identified,
6e7f9063319f8787733e9326525c3d9c347df5d8060742dfdb414c4935fe7644,2021-06,Lancashire Constabulary,Lancashire Constabulary,-3.048208,53.820583,On or near Swainson Street,E01012737,Blackpool 010E,Violence and sexual offences,Investigation complete; no suspect identified,
a4092e2d997ee07c4e1f105ddd9ec8fc00d0a1cb2f44d9f460aee81fae0bf30d,2021-06,Lancashire Constabulary,Lancashire Constabulary,-3.048851,53.818331,On or near Nightclub,E01012737,Blackpool 010E,Violence and sexual offences,Unable to prosecute suspect,
4e12bd1ce95f8d02bd5d44e96980d568159e1383321484f23341537b8320f7d8,2021-06,Lancashire Constabulary,Lancashire Constabulary,-3.053247,53.818598,On or near Nightclub,E01012737,Blackpool 010E,Violence and sexual offences,Unable to prosecute suspect,
06e79b9a71632305b87ad8c8e186ad11d8c46e756595dcf09991efe69de3ca89,2021-06,Lancashire Constabulary,Lancashire Constabulary,-3.055190,53.817933,On or near Nightclub,E01012737,Blackpool 010E,Violence and sexual offences,Offender given a caution,
917148883946744097ab26afec294bbb164652d2473c7ce05fe5e445a6081e65,2021-06,Lancashire Constabulary,Lancashire Constabulary,-3.046221,53.816403,On or near Regent Road,E01012737,Blackpool 010E,Violence and sexual offences,Unable to prosecute suspect,
8d23dfc8d38a086450ca5be9d6cb52fccb64bca87616839153754a42e6042985,2021-06,Lancashire Constabulary,Lancashire Constabulary,-3.045937,53.819030,On or near Caunce Street,E01012737,Blackpool 010E,Violence and sexual offences,Investigation complete; no suspect identified,
61f3ee3e514264bf3cef701d2cc5f94032a5b8ccef95670e013e3a545ba67543,2021-06,Lancashire Constabulary,Lancashire Constabulary,-3.046221,53.816403,On or near Regent Road,E01012737,Blackpool 010E,Violence and sexual offences,Unable to prosecute suspect,
3896871ee23fb02ae9f50bffadbf6920c74810d0cf7f419f04d28d55db318790,2021-06,Lancashire Constabulary,Lancashire Constabulary,-3.050056,53.817916,On or near Church Street,E01012737,Blackpool 010E,Violence and sexual offences,Unable to prosecute suspect,
fca7ce73d62e12606826be7bd3a24b0890ae9f1584eb683f3704c06055ba8a34,2021-06,Lancashire Constabulary,Lancashire Constabulary,-3.055413,53.817716,On or near Sports/Recreation Area,E01012737,Blackpool 010E,Violence and sexual offences,Unable to prosecute suspect,
60ac7cb52e16dca47d320b8c5e311b1997deef5d84c6cf379572242a80c0c6a3,2021-06,Lancashire Constabulary,Lancashire Constabulary,-3.046221,53.816403,On or near Regent Road,E01012737,Blackpool 010E,Violence and sexual offences,Unable to prosecute suspect,
1594cd7588d82c1f033b687945d3267c6b4605f3205fdb7edf033a847f8c6e61,2021-06,Lancashire Constabulary,Lancashire Constabulary,-3.053082,53.819282,On or near Parking Area,E01012737,Blackpool 010E,Violence and sexual offences,Offender given a caution,
a1c922e0d9b251dffa57460884cf7dfafd0c99a20b48cd876b89035631b90964,2021-06,Lancashire Constabulary,Lancashire Constabulary,-3.050673,53.820130,On or near Nightclub,E01012737,Blackpool 010E,Violence and sexual offences,Unable to prosecute suspect,
a63f8bda6ed4738b54115277e54c25224866fe43a8a8909c344149a61c8da4db,2021-06,Lancashire Constabulary,Lancashire Constabulary,-3.047771,53.820102,On or near George Street,E01012737,Blackpool 010E,Violence and sexual offences,Unable to prosecute suspect,
58fca4a3f56e38a92f5b0be0f44a78ca1a70d685b3534e0561bd2ba0a6d8cbd1,2021-06,Lancashire Constabulary,Lancashire Constabulary,-3.046221,53.816403,On or near Regent Road,E01012737,Blackpool 010E,Violence and sexual offences,Unable to prosecute suspect,
20cfcfe1d3d1581c78d4afed20fb392e4de3e6e9e4ee21f7ce7f71b4300b96cd,2021-06,Lancashire Constabulary,Lancashire Constabulary,-3.055190,53.817933,On or near Nightclub,E01012737,Blackpool 010E,Violence and sexual offences,Investigation complete; no suspect identified,
7d74c38b2316111e51d59ddba0e6b5a437ef84cb5b3aa2c9cc5e2c33ae1afee0,2021-06,Lancashire Constabulary,Lancashire Constabulary,-3.047493,53.821147,On or near Larkhill Street,E01012737,Blackpool 010E,Violence and sexual offences,Status update unavailable,
e7477a5da923189f2f7b7c61e18de9e8566cdfa52f1271c14cf3d673bc977b5b,2021-06,Lancashire Constabulary,Lancashire Constabulary,-3.055318,53.818786,On or near Talbot Square,E01012737,Blackpool 010E,Violence and sexual offences,Formal action is not in the public interest,
30bc0c386d9264b123bc71aa511fd38da7e978d122db6ae1d1f3f718aab1d2ac,2021-06,Lancashire Constabulary,Lancashire Constabulary,-3.053636,53.818963,On or near Nightclub,E01012737,Blackpool 010E,Violence and sexual offences,Investigation complete; no suspect identified,
c9fa6e4b6a8413673eeb11ee4e239286d1eeff619a35cdd89c9071b3d2508729,2021-06,Lancashire Constabulary,Lancashire Constabulary,-3.051284,53.818444,On or near Shopping Area,E01012737,Blackpool 010E,Violence and sexual offences,Unable to prosecute suspect,
2285d1dd645340793c5faafe64a56334303c12b4ba3c817b69862feab1c137a5,2021-06,Lancashire Constabulary,Lancashire Constabulary,-3.053082,53.819282,On or near Parking Area,E01012737,Blackpool 010E,Violence and sexual offences,Offender given a caution,
1f54f042d6bb15616303fc6cb445f6d735a6cd8ddfda35b17b48ba6c5ce52014,2021-06,Lancashire Constabulary,Lancashire Constabulary,-3.048661,53.820462,On or near Parking Area,E01012737,Blackpool 010E,Violence and sexual offences,Unable to prosecute suspect,
ad4153eed467a08a2715139f1b6414c24366effda930f7c3c5e577eb788aa864,2021-06,Lancashire Constabulary,Lancashire Constabulary,-3.044011,53.816728,On or near Raikes Parade,E01012737,Blackpool 010E,Violence and sexual offences,Unable to prosecute suspect,
3f97a5f4813949b52fa99abdfabe4a9f6d76237bcd050c49c5333476e648329f,2021-06,Lancashire Constabulary,Lancashire Constabulary,-3.055190,53.817933,On or near Nightclub,E01012737,Blackpool 010E,Violence and sexual offences,Investigation complete; no suspect identified,
4285f10b3dd3c61d63364c643b5e48ce2e37cc70efb44006b7e24d8e1109ceb4,2021-06,Lancashire Constabulary,Lancashire Constabulary,-3.050673,53.820130,On or near Nightclub,E01012737,Blackpool 010E,Violence and sexual offences,Unable to prosecute suspect,
f9ca0b8cdc358af38850055c1f8e07bc2c2101ab4583cdd54e9988952139281e,2021-06,Lancashire Constabulary,Lancashire Constabulary,-3.047613,53.816822,On or near South King Street,E01012737,Blackpool 010E,Violence and sexual offences,Action to be taken by another organisation,
b436b751bb108d0983565f2f6d1a89a2ab936b4172b462e8524a085a268d5d8c,2021-06,Lancashire Constabulary,Lancashire Constabulary,-3.055190,53.817933,On or near Nightclub,E01012737,Blackpool 010E,Violence and sexual offences,Offender given a caution,
022da4abb05d2808dd498fcaf7ae45315c2380c3417f1b27e90996fa049c65c8,2021-06,Lancashire Constabulary,Lancashire Constabulary,-3.048592,53.818926,On or near King Street,E01012737,Blackpool 010E,Violence and sexual offences,Unable to prosecute suspect,
1ef799172e41ef33ecd0666123e883f0c71d2bcccee8d7403091c8c9ad2ab9e3,2021-06,Lancashire Constabulary,Lancashire Constabulary,-3.055413,53.817716,On or near Sports/Recreation Area,E01012737,Blackpool 010E,Violence and sexual offences,Unable to prosecute suspect,
9b1caa6766504eea582adfcbd96d3642ff3f3469e009ee7b06f867c4bd2cb639,2021-06,Lancashire Constabulary,Lancashire Constabulary,-3.048851,53.818331,On or near Nightclub,E01012737,Blackpool 010E,Violence and sexual offences,Unable to prosecute suspect,
ed647586bccda00d424dbaf51e8cc0a1305edda356f52c58827270199e081b75,2021-06,Lancashire Constabulary,Lancashire Constabulary,-3.055318,53.818786,On or near Talbot Square,E01012737,Blackpool 010E,Violence and sexual offences,Unable to prosecute suspect,
962c15f70ccdb223a5b1382417ce490b29910182c009f8ee7efa6956f803b03f,2021-06,Lancashire Constabulary,Lancashire Constabulary,-3.055190,53.817933,On or near Nightclub,E01012737,Blackpool 010E,Violence and sexual offences,Unable to prosecute suspect,
ee795c27089b1175c3c1fe87d39b376ba7df59ad64c13fb1b967585822059fd8,2021-06,Lancashire Constabulary,Lancashire Constabulary,-3.045562,53.819851,On or near Milbourne Street,E01012737,Blackpool 010E,Violence and sexual offences,Investigation complete; no suspect identified,
de5092dc083d14cfd3e3dd27c856cf16210f8e396bc008cc4bb8be730c6edb68,2021-06,Lancashire Constabulary,Lancashire Constabulary,-3.055318,53.818786,On or near Talbot Square,E01012737,Blackpool 010E,Violence and sexual offences,Unable to prosecute suspect,
8002a95275ddce160cb5762467d114846bbc455024f6790b19c7406bfc735efa,2021-06,Lancashire Constabulary,Lancashire Constabulary,-3.053082,53.819282,On or near Parking Area,E01012737,Blackpool 010E,Violence and sexual offences,Investigation complete; no suspect identified,
b88d01efd4842362de900833a3e6cd7f61866276d71eca135515e02c03a977ee,2021-06,Lancashire Constabulary,Lancashire Constabulary,-3.048661,53.820462,On or near Parking Area,E01012737,Blackpool 010E,Violence and sexual offences,Investigation complete; no suspect identified,
20af163e50b517a7228dce3ddb06a44b8bfe825667bcaa417bb43bfb71d46385,2021-06,Lancashire Constabulary,Lancashire Constabulary,-3.055318,53.818786,On or near Talbot Square,E01012737,Blackpool 010E,Violence and sexual offences,Investigation complete; no suspect identified,
102a84ac908a267f3b4ae3a5ec9bf1abdfb0d3a4ccd7150370155b2438fdbba0,2021-06,Lancashire Constabulary,Lancashire Constabulary,-3.048592,53.818926,On or near King Street,E01012737,Blackpool 010E,Violence and sexual offences,Investigation complete; no suspect identified,
75b712fa87ae992927910dc587cb5d44c14c47662aaebb65fd3da4a552f06cf6,2021-06,Lancashire Constabulary,Lancashire Constabulary,-3.047890,53.819382,On or near Cookson Street,E01012737,Blackpool 010E,Violence and sexual offences,Unable to prosecute suspect,
20624df03c21246e6d7fd53c59a017af993c2e5c5ea550b326a1e451e461d1a7,2021-06,Lancashire Constabulary,Lancashire Constabulary,-3.050056,53.817916,On or near Church Street,E01012737,Blackpool 010E,Violence and sexual offences,Investigation complete; no suspect identified,
4a137b22744e35fefdaab2357f2524df1d22c3b36cd8cb9947896c1321c92431,2021-06,Lancashire Constabulary,Lancashire Constabulary,-3.047771,53.820102,On or near George Street,E01012737,Blackpool 010E,Violence and sexual offences,Unable to prosecute suspect,
4e215b266aa37c99aac01b3dccbe50aae5b96331160b8108c74bbf4079a632f7,2021-06,Lancashire Constabulary,Lancashire Constabulary,-3.055318,53.818786,On or near Talbot Square,E01012737,Blackpool 010E,Violence and sexual offences,Investigation complete; no suspect identified,
74d93fb7d8597e124c88bd84c10e95c9dae4d435837ba2bb85d71d2cadc1a2f0,2021-06,Lancashire Constabulary,Lancashire Constabulary,-3.055190,53.817933,On or near Nightclub,E01012737,Blackpool 010E,Violence and sexual offences,Unable to prosecute suspect,
8107ad2c123fe83f10a16aa7803032b76e9c4c278c05a58063ec2daee62184e7,2021-06,Lancashire Constabulary,Lancashire Constabulary,-3.046221,53.816403,On or near Regent Road,E01012737,Blackpool 010E,Violence and sexual offences,Unable to prosecute suspect,
2dc4e9a8c685b118ed94f3d858b2bdb6e8975d7634ffc3bfe06d464ae9a43cd0,2021-06,Lancashire Constabulary,Lancashire Constabulary,-3.047771,53.820102,On or near George Street,E01012737,Blackpool 010E,Violence and sexual offences,Status update unavailable,
6b3ff828318ec13860670c84dd30cdbe506d52444cfa9b5b571b4f608a013546,2021-06,Lancashire Constabulary,Lancashire Constabulary,-3.045562,53.819851,On or near Milbourne Street,E01012737,Blackpool 010E,Violence and sexual offences,Investigation complete; no suspect identified,
e3796e5d13d5de8ab59eae79f5aa5de24118ec61a690e737f28371ab63858a5f,2021-06,Lancashire Constabulary,Lancashire Constabulary,-3.046221,53.816403,On or near Regent Road,E01012737,Blackpool 010E,Violence and sexual offences,Investigation complete; no suspect identified,
97397dafc8b24f784e22324e287035f9679848f5b17785eee128b00a9375b301,2021-06,Lancashire Constabulary,Lancashire Constabulary,-3.046323,53.818703,On or near Shopping Area,E01012737,Blackpool 010E,Violence and sexual offences,Unable to prosecute suspect,
a7fee821759752a62bedc491341beb666aead3f6a902ee6285ff8508a3f09a4f,2021-06,Lancashire Constabulary,Lancashire Constabulary,-3.048287,53.819459,On or near Parking Area,E01012737,Blackpool 010E,Violence and sexual offences,Status update unavailable,
4b66f459f99790f5c128439e4f0368ad8b78be4f1b7db728776cd151aba0e5b0,2021-06,Lancashire Constabulary,Lancashire Constabulary,-3.050673,53.820130,On or near Nightclub,E01012737,Blackpool 010E,Violence and sexual offences,Investigation complete; no suspect identified,
ce82736aa048795d3baa11b8ed6496dde5537feba1f2c49fe5a7fa742d522b84,2021-06,Lancashire Constabulary,Lancashire Constabulary,-3.048851,53.818331,On or near Nightclub,E01012737,Blackpool 010E,Violence and sexual offences,Unable to prosecute suspect,
8cf4b97509e56b88e7e0633adee5f1d0311263c3b2cf6708580d156191e7e7bb,2021-06,Lancashire Constabulary,Lancashire Constabulary,-3.053247,53.818598,On or near Nightclub,E01012737,Blackpool 010E,Violence and sexual offences,Unable to prosecute suspect,
9eb39117b743b396e45648f93cbbc407dbf38a5b67b428671e75ab09d25b008d,2021-06,Lancashire Constabulary,Lancashire Constabulary,-3.047890,53.819382,On or near Cookson Street,E01012737,Blackpool 010E,Other crime,Further investigation is not in the public interest,
,2021-06,Lancashire Constabulary,Lancashire Constabulary,-3.043941,53.810859,On or near Freckleton Street,E01012670,Blackpool 011A,Anti-social behaviour,,
,2021-06,Lancashire Constabulary,Lancashire Constabulary,-3.045450,53.809237,On or near Grasmere Road,E01012670,Blackpool 011A,Anti-social behaviour,,
,2021-06,Lancashire Constabulary,Lancashire Constabulary,-3.044389,53.810568,On or near Harrison Street,E01012670,Blackpool 011A,Anti-social behaviour,,
,2021-06,Lancashire Constabulary,Lancashire Constabulary,-3.044564,53.809640,On or near Ashton Road,E01012670,Blackpool 011A,Anti-social behaviour,,
,2021-06,Lancashire Constabulary,Lancashire Constabulary,-3.043660,53.811167,On or near Orme Street,E01012670,Blackpool 011A,Anti-social behaviour,,
,2021-06,Lancashire Constabulary,Lancashire Constabulary,-3.044322,53.813355,On or near Palatine Road,E01012670,Blackpool 011A,Anti-social behaviour,,
,2021-06,Lancashire Constabulary,Lancashire Constabulary,-3.044564,53.809640,On or near Ashton Road,E01012670,Blackpool 011A,Anti-social behaviour,,
,2021-06,Lancashire Constabulary,Lancashire Constabulary,-3.043941,53.810859,On or near Freckleton Street,E01012670,Blackpool 011A,Anti-social behaviour,,
,2021-06,Lancashire Constabulary,Lancashire Constabulary,-3.046340,53.812061,On or near Ribble Road,E01012670,Blackpool 011A,Anti-social behaviour,,
,2021-06,Lancashire Constabulary,Lancashire Constabulary,-3.043243,53.810865,On or near Jameson Street,E01012670,Blackpool 011A,Anti-social behaviour,,
,2021-06,Lancashire Constabulary,Lancashire Constabulary,-3.046340,53.812061,On or near Ribble Road,E01012670,Blackpool 011A,Anti-social behaviour,,
,2021-06,Lancashire Constabulary,Lancashire Constabulary,-3.045450,53.809237,On or near Grasmere Road,E01012670,Blackpool 011A,Anti-social behaviour,,
,2021-06,Lancashire Constabulary,Lancashire Constabulary,-3.044322,53.813355,On or near Palatine Road,E01012670,Blackpool 011A,Anti-social behaviour,,
,2021-06,Lancashire Constabulary,Lancashire Constabulary,-3.043597,53.811698,On or near Woolman Road,E01012670,Blackpool 011A,Anti-social behaviour,,
,2021-06,Lancashire Constabulary,Lancashire Constabulary,-3.044564,53.809640,On or near Ashton Road,E01012670,Blackpool 011A,Anti-social behaviour,,
,2021-06,Lancashire Constabulary,Lancashire Constabulary,-3.043243,53.810865,On or near Jameson Street,E01012670,Blackpool 011A,Anti-social behaviour,,
,2021-06,Lancashire Constabulary,Lancashire Constabulary,-3.043243,53.810865,On or near Jameson Street,E01012670,Blackpool 011A,Anti-social behaviour,,
,2021-06,Lancashire Constabulary,Lancashire Constabulary,-3.043941,53.810859,On or near Freckleton Street,E01012670,Blackpool 011A,Anti-social behaviour,,
,2021-06,Lancashire Constabulary,Lancashire Constabulary,-3.043243,53.810865,On or near Jameson Street,E01012670,Blackpool 011A,Anti-social behaviour,,
,2021-06,Lancashire Constabulary,Lancashire Constabulary,-3.043660,53.811167,On or near Orme Street,E01012670,Blackpool 011A,Anti-social behaviour,,
,2021-06,Lancashire Constabulary,Lancashire Constabulary,-3.043597,53.811698,On or near Woolman Road,E01012670,Blackpool 011A,Anti-social behaviour,,
,2021-06,Lancashire Constabulary,Lancashire Constabulary,-3.043243,53.810865,On or near Jameson Street,E01012670,Blackpool 011A,Anti-social behaviour,,
,2021-06,Lancashire Constabulary,Lancashire Constabulary,-3.046340,53.812061,On or near Ribble Road,E01012670,Blackpool 011A,Anti-social behaviour,,
,2021-06,Lancashire Constabulary,Lancashire Constabulary,-3.044564,53.809640,On or near Ashton Road,E01012670,Blackpool 011A,Anti-social behaviour,,
,2021-06,Lancashire Constabulary,Lancashire Constabulary,-3.046340,53.812061,On or near Ribble Road,E01012670,Blackpool 011A,Anti-social behaviour,,
2a03b44f3ad7b5a766891ddc1b61e653b1e95452836123102a922e1782ed22c3,2021-06,Lancashire Constabulary,Lancashire Constabulary,-3.043243,53.810865,On or near Jameson Street,E01012670,Blackpool 011A,Burglary,Investigation complete; no suspect identified,
f174a6b2a35971ed793a2d11d4795d98102fc1cc3a94ac1beb9145832c84bba5,2021-06,Lancashire Constabulary,Lancashire Constabulary,-3.044564,53.809640,On or near Ashton Road,E01012670,Blackpool 011A,Criminal damage and arson,Investigation complete; no suspect identified,
bc0b63e842fa3ecf985da311b0f0f1509d04d89ec5594ddb746c3423bb733848,2021-06,Lancashire Constabulary,Lancashire Constabulary,-3.044322,53.813355,On or near Palatine Road,E01012670,Blackpool 011A,Criminal damage and arson,Investigation complete; no suspect identified,
ec7c166abd2bfcf2c20f8e435828214d2cad709322edde1d013a037320718a8d,2021-06,Lancashire Constabulary,Lancashire Constabulary,-3.043243,53.810865,On or near Jameson Street,E01012670,Blackpool 011A,Criminal damage and arson,Investigation complete; no suspect identified,
b806d0d96b15909ee9de75a407d6f0be8af9f9b575272e4f31e1071e5c0c1a45,2021-06,Lancashire Constabulary,Lancashire Constabulary,-3.044564,53.809640,On or near Ashton Road,E01012670,Blackpool 011A,Other theft,Further investigation is not in the public interest,
149a6d0b9e8a772bce44350fc16e27259be9f8bada3a2f3ba043264fb9040aee,2021-06,Lancashire Constabulary,Lancashire Constabulary,-3.044564,53.809640,On or near Ashton Road,E01012670,Blackpool 011A,Public order,Status update unavailable,
65f8ea2a03f2a09f354039a27cbc64a7e93505a278636c0eadb68128e29d0026,2021-06,Lancashire Constabulary,Lancashire Constabulary,-3.044564,53.809640,On or near Ashton Road,E01012670,Blackpool 011A,Public order,Unable to prosecute suspect,
7fffeb15ec51f27f4c984a2f3b3f2e9b059cf1dad12f65f1f2d1ed290bccb38c,2021-06,Lancashire Constabulary,Lancashire Constabulary,-3.046340,53.812061,On or near Ribble Road,E01012670,Blackpool 011A,Public order,Investigation complete; no suspect identified,
05cd56adfa9b47c2f76b1b44ae8bc488c7f769acb0b637dd5ca0ef698191b20c,2021-06,Lancashire Constabulary,Lancashire Constabulary,-3.043941,53.810859,On or near Freckleton Street,E01012670,Blackpool 011A,Violence and sexual offences,Unable to prosecute suspect,
1ed52751ea443d3a0e0b662b7967f28915137d646804c35a8c2030491a6b790c,2021-06,Lancashire Constabulary,Lancashire Constabulary,-3.043660,53.811167,On or near Orme Street,E01012670,Blackpool 011A,Violence and sexual offences,Local resolution,
862dfc046d6093a1e96a443750cbb85d215239b0674b41a2dc9737cb43cf4872,2021-06,Lancashire Constabulary,Lancashire Constabulary,-3.043941,53.810859,On or near Freckleton Street,E01012670,Blackpool 011A,Violence and sexual offences,Unable to prosecute suspect,
10ba97a0567da12296cb9e2d6d030ee67f32740c438654ce2e26c52d662e5707,2021-06,Lancashire Constabulary,Lancashire Constabulary,-3.044322,53.813355,On or near Palatine Road,E01012670,Blackpool 011A,Violence and sexual offences,Further investigation is not in the public interest,
f16dbc3a23827790c4255afbaeab2c11bdd7d52b52de6f02c0a019844c950aae,2021-06,Lancashire Constabulary,Lancashire Constabulary,-3.043012,53.811982,On or near Clinton Avenue,E01012670,Blackpool 011A,Violence and sexual offences,Unable to prosecute suspect,
0c933262309587b3e287738ce2851657b8d1cb0e31daf5712e3ecf22549ee3a1,2021-06,Lancashire Constabulary,Lancashire Constabulary,-3.044032,53.811452,On or near Anderson Street,E01012670,Blackpool 011A,Violence and sexual offences,Unable to prosecute suspect,
683fe0de9700e9471d1fcb21237575da0105a2f0e58f61cdc4c6262303f73ed8,2021-06,Lancashire Constabulary,Lancashire Constabulary,-3.045450,53.809237,On or near Grasmere Road,E01012670,Blackpool 011A,Violence and sexual offences,Unable to prosecute suspect,
f5203efeb2bc79b099db8d7f1669413a403eaab8dcb3ea16018d400b7c618ed7,2021-06,Lancashire Constabulary,Lancashire Constabulary,-3.044322,53.813355,On or near Palatine Road,E01012670,Blackpool 011A,Violence and sexual offences,Investigation complete; no suspect identified,
480169337c82fd50c6313d4b655f304e7a9b19fe284a6432bd6b9c928497fc13,2021-06,Lancashire Constabulary,Lancashire Constabulary,-3.044032,53.811452,On or near Anderson Street,E01012670,Blackpool 011A,Violence and sexual offences,Unable to prosecute suspect,
35a3b6905fd19a120db2ae167548cd34d0d8a12d9b03ca2bb89f285783451fb2,2021-06,Lancashire Constabulary,Lancashire Constabulary,-3.044322,53.813355,On or near Palatine Road,E01012670,Blackpool 011A,Violence and sexual offences,Investigation complete; no suspect identified,
a2f6f51f4c317de876681b7795e16626dec865dcb1a6eef4e8527343ed5fed7b,2021-06,Lancashire Constabulary,Lancashire Constabulary,-3.045666,53.809388,On or near Grasmere Road,E01012670,Blackpool 011A,Violence and sexual offences,Awaiting court outcome,
e40a6bb24189e24f96958868c3a84b88eca5e65f06e4285853f93571563d7c03,2021-06,Lancashire Constabulary,Lancashire Constabulary,-3.043660,53.811167,On or near Orme Street,E01012670,Blackpool 011A,Violence and sexual offences,Unable to prosecute suspect,
514fb5e63f017a25ee7486ed0f78c9b17ba368756a965dfd707db11aef86b214,2021-06,Lancashire Constabulary,Lancashire Constabulary,-3.045666,53.809388,On or near Grasmere Road,E01012670,Blackpool 011A,Violence and sexual offences,Court result unavailable,
8047e1d457eaa0b4eded6d560f014f5c8c90de5630c5d786fa640a8eb4e9a41c,2021-06,Lancashire Constabulary,Lancashire Constabulary,-3.043012,53.811982,On or near Clinton Avenue,E01012670,Blackpool 011A,Violence and sexual offences,Unable to prosecute suspect,
1e8ff00b4ab92a1040f1fd54df87a0d681c0ce3adb468b9825a6a6618223b202,2021-06,Lancashire Constabulary,Lancashire Constabulary,-3.044322,53.813355,On or near Palatine Road,E01012670,Blackpool 011A,Violence and sexual offences,Unable to prosecute suspect,
24dee74ccbd982a62157f090e3dda68ed1b2e9983268ffcbb19a612a9c25dae3,2021-06,Lancashire Constabulary,Lancashire Constabulary,-3.043243,53.810865,On or near Jameson Street,E01012670,Blackpool 011A,Violence and sexual offences,Unable to prosecute suspect,
,2021-06,Lancashire Constabulary,Lancashire Constabulary,-3.036684,53.816477,On or near Supermarket,E01012733,Blackpool 011B,Anti-social behaviour,,
,2021-06,Lancashire Constabulary,Lancashire Constabulary,-3.037940,53.814462,On or near Gainsborough Road,E01012733,Blackpool 011B,Anti-social behaviour,,
,2021-06,Lancashire Constabulary,Lancashire Constabulary,-3.035555,53.814428,On or near Whitegate Drive,E01012733,Blackpool 011B,Anti-social behaviour,,
,2021-06,Lancashire Constabulary,Lancashire Constabulary,-3.035555,53.814428,On or near Whitegate Drive,E01012733,Blackpool 011B,Anti-social behaviour,,
,2021-06,Lancashire Constabulary,Lancashire Constabulary,-3.039310,53.813335,On or near Ripon Road,E01012733,Blackpool 011B,Anti-social behaviour,,
,2021-06,Lancashire Constabulary,Lancashire Constabulary,-3.039310,53.813335,On or near Ripon Road,E01012733,Blackpool 011B,Anti-social behaviour,,
,2021-06,Lancashire Constabulary,Lancashire Constabulary,-3.039310,53.813335,On or near Ripon Road,E01012733,Blackpool 011B,Anti-social behaviour,,
,2021-06,Lancashire Constabulary,Lancashire Constabulary,-3.039310,53.813335,On or near Ripon Road,E01012733,Blackpool 011B,Anti-social behaviour,,
d900bc61452fb895682162a474b7c1cafdfc8a64224a888bd57e3ed8b241ab1c,2021-06,Lancashire Constabulary,Lancashire Constabulary,-3.039310,53.813335,On or near Ripon Road,E01012733,Blackpool 011B,Criminal damage and arson,Status update unavailable,
362ab3630e5d70648b92db8e45909f2ec7b1b20aa2812c0082e480e55eca4dba,2021-06,Lancashire Constabulary,Lancashire Constabulary,-3.037058,53.813166,On or near St Alban'S Road,E01012733,Blackpool 011B,Other theft,Unable to prosecute suspect,
bd1b3da45d92e6fd50e05df6de3ee881d8407bb56dcc677a3b488c261ec9b048,2021-06,Lancashire Constabulary,Lancashire Constabulary,-3.037940,53.814462,On or near Gainsborough Road,E01012733,Blackpool 011B,Violence and sexual offences,Investigation complete; no suspect identified,
2946f9a5840fdf80cce78128478733cd4b06b6164185f75226ed0315db4a9e1d,2021-06,Lancashire Constabulary,Lancashire Constabulary,-3.037940,53.814462,On or near Gainsborough Road,E01012733,Blackpool 011B,Violence and sexual offences,Further investigation is not in the public interest,
c7e2027398ea18b38b0323e94b66b287235665270e337256a2f4ee9f52e22764,2021-06,Lancashire Constabulary,Lancashire Constabulary,-3.035555,53.814428,On or near Whitegate Drive,E01012733,Blackpool 011B,Violence and sexual offences,Unable to prosecute suspect,
1048041d58bedfce925dc4577acdb2b5db081c00c9bc6954673d598c8ff305cb,2021-06,Lancashire Constabulary,Lancashire Constabulary,-3.037940,53.814462,On or near Gainsborough Road,E01012733,Blackpool 011B,Violence and sexual offences,Unable to prosecute suspect,
eac065cc7f50bb4634a256222e7359886a572a04f86fb562b67688d9248464a8,2021-06,Lancashire Constabulary,Lancashire Constabulary,-3.039310,53.813335,On or near Ripon Road,E01012733,Blackpool 011B,Violence and sexual offences,Unable to prosecute suspect,
b1c4b94310f2a871ce7e919574c42b91791758a676971454e33a0c28addbc311,2021-06,Lancashire Constabulary,Lancashire Constabulary,-3.036684,53.816477,On or near Supermarket,E01012733,Blackpool 011B,Violence and sexual offences,Unable to prosecute suspect,
,2021-06,Lancashire Constabulary,Lancashire Constabulary,-3.033804,53.813014,On or near Glen Street,E01012734,Blackpool 011C,Anti-social behaviour,,
,2021-06,Lancashire Constabulary,Lancashire Constabulary,-3.035304,53.814727,On or near Supermarket,E01012734,Blackpool 011C,Anti-social behaviour,,
,2021-06,Lancashire Constabulary,Lancashire Constabulary,-3.035273,53.815959,On or near Belle View Place,E01012734,Blackpool 011C,Anti-social behaviour,,
,2021-06,Lancashire Constabulary,Lancashire Constabulary,-3.033804,53.813014,On or near Glen Street,E01012734,Blackpool 011C,Anti-social behaviour,,
,2021-06,Lancashire Constabulary,Lancashire Constabulary,-3.035304,53.814727,On or near Supermarket,E01012734,Blackpool 011C,Anti-social behaviour,,
,2021-06,Lancashire Constabulary,Lancashire Constabulary,-3.033940,53.814245,On or near Marlboro Road,E01012734,Blackpool 011C,Anti-social behaviour,,
,2021-06,Lancashire Constabulary,Lancashire Constabulary,-3.035304,53.814727,On or near Supermarket,E01012734,Blackpool 011C,Anti-social behaviour,,
,2021-06,Lancashire Constabulary,Lancashire Constabulary,-3.035304,53.814727,On or near Supermarket,E01012734,Blackpool 011C,Anti-social behaviour,,
11e8e3acd7275cc315dd8f38b311ce5581e6f219d8b6bfb96ec901dddb39293b,2021-06,Lancashire Constabulary,Lancashire Constabulary,-3.035273,53.815959,On or near Belle View Place,E01012734,Blackpool 011C,Burglary,Further investigation is not in the public interest,
82fa0fe1f1fb34471e41be7a48be3f960471be57e4e0eb0f4cac925bf42c0f8a,2021-06,Lancashire Constabulary,Lancashire Constabulary,-3.032222,53.812929,On or near Woodland Grove,E01012734,Blackpool 011C,Public order,Status update unavailable,
56e5ecc1614a7a52df883d3723c1653468225a3b766e0006d71134a4ceddc1e2,2021-06,Lancashire Constabulary,Lancashire Constabulary,-3.034251,53.816399,On or near Mere Road,E01012734,Blackpool 011C,Vehicle crime,Investigation complete; no suspect identified,
3db9abfa97092f4abe47018d632caf68385fa46e0c5422bd61022d1a8444b595,2021-06,Lancashire Constabulary,Lancashire Constabulary,-3.037312,53.813640,On or near Portland Road,E01012734,Blackpool 011C,Vehicle crime,Investigation complete; no suspect identified,
e837b951702fa9405e3c7c7aa198bced772013a9dbad65ea18b569e6b3de565a,2021-06,Lancashire Constabulary,Lancashire Constabulary,-3.035304,53.814727,On or near Supermarket,E01012734,Blackpool 011C,Vehicle crime,Investigation complete; no suspect identified,
99eb9321a1a234f6085dca5bb3ca9e5b4f7222a55150715a0dde40abeaaa45ca,2021-06,Lancashire Constabulary,Lancashire Constabulary,-3.033804,53.813014,On or near Glen Street,E01012734,Blackpool 011C,Violence and sexual offences,Unable to prosecute suspect,
91185618554cf3a48f33515f330d87f853ff69d398b60433a34c5b539ced3c5c,2021-06,Lancashire Constabulary,Lancashire Constabulary,-3.035215,53.815456,On or near Lyceum Avenue,E01012734,Blackpool 011C,Violence and sexual offences,Unable to prosecute suspect,
,2021-06,Lancashire Constabulary,Lancashire Constabulary,-3.042718,53.809935,On or near Keswick Road,E01012738,Blackpool 011D,Anti-social behaviour,,
,2021-06,Lancashire Constabulary,Lancashire Constabulary,-3.040640,53.807580,On or near Levens Grove,E01012738,Blackpool 011D,Anti-social behaviour,,
,2021-06,Lancashire Constabulary,Lancashire Constabulary,-3.042288,53.809741,On or near Fern Grove,E01012738,Blackpool 011D,Anti-social behaviour,,
,2021-06,Lancashire Constabulary,Lancashire Constabulary,-3.042718,53.809935,On or near Keswick Road,E01012738,Blackpool 011D,Anti-social behaviour,,
a5dede56230c444eaf2e2ba214a43b1a89fe7b1e0c6b44eae2be3a093dd6b339,2021-06,Lancashire Constabulary,Lancashire Constabulary,-3.042718,53.809935,On or near Keswick Road,E01012738,Blackpool 011D,Public order,Investigation complete; no suspect identified,
404af06cea1834f877be640e39774f7cd49a0df95e3e3813641884ebca29ea16,2021-06,Lancashire Constabulary,Lancashire Constabulary,-3.042718,53.809935,On or near Keswick Road,E01012738,Blackpool 011D,Robbery,Investigation complete; no suspect identified,
28f3b92415fd6c6683034b8d66b1276f5ec6c597e43da7589e65e68dff8b05fb,2021-06,Lancashire Constabulary,Lancashire Constabulary,-3.042288,53.809741,On or near Fern Grove,E01012738,Blackpool 011D,Vehicle crime,Investigation complete; no suspect identified,
c4675542769c715e72d9e15de83438c87f521d61a28582e91a677f3b7b526671,2021-06,Lancashire Constabulary,Lancashire Constabulary,-3.041649,53.807850,On or near Wyre Grove,E01012738,Blackpool 011D,Vehicle crime,Investigation complete; no suspect identified,
b060d4ccefe0a73198fd67dc95d0c94c5c3e3b82e414017b3799ccc68b390412,2021-06,Lancashire Constabulary,Lancashire Constabulary,-3.041056,53.809042,On or near Lune Grove,E01012738,Blackpool 011D,Vehicle crime,Status update unavailable,
a18935f677e9be7a19317d9b7ad62952b78eead609661e154657f245130c6407,2021-06,Lancashire Constabulary,Lancashire Constabulary,-3.042718,53.809935,On or near Keswick Road,E01012738,Blackpool 011D,Violence and sexual offences,Unable to prosecute suspect,
ca569bb74ca3996386d358e8c12a4d339ec7abbc15fb543ccb1ad69ff46a2903,2021-06,Lancashire Constabulary,Lancashire Constabulary,-3.042288,53.809741,On or near Fern Grove,E01012738,Blackpool 011D,Violence and sexual offences,Unable to prosecute suspect,
22178d125241189345ad048ac51f897452b6c31557d6a1040041d4ba8fdf8736,2021-06,Lancashire Constabulary,Lancashire Constabulary,-3.042288,53.809741,On or near Fern Grove,E01012738,Blackpool 011D,Violence and sexual offences,Unable to prosecute suspect,
6cd321e14da873eb40e2e8b161c3eb575ad3dc470ae6d6c8ef9d70c60658ac7e,2021-06,Lancashire Constabulary,Lancashire Constabulary,-3.042288,53.809741,On or near Fern Grove,E01012738,Blackpool 011D,Violence and sexual offences,Unable to prosecute suspect,
03c7379b93a3ef76ab3eb8bac18880094eab271c064210e0fb8e600f7be80a5b,2021-06,Lancashire Constabulary,Lancashire Constabulary,-3.042673,53.812389,On or near Park Road,E01012738,Blackpool 011D,Violence and sexual offences,Unable to prosecute suspect,
624af55f99edd1a50a2142a0fa31c71ed3bd553f8d6074662c1e106c8116760a,2021-06,Lancashire Constabulary,Lancashire Constabulary,-3.042288,53.809741,On or near Fern Grove,E01012738,Blackpool 011D,Violence and sexual offences,Status update unavailable,
c1eefcf13d2392b581c50ac121d2f636d340073319b7570339c3b6f0323eabb3,2021-06,Lancashire Constabulary,Lancashire Constabulary,-3.042673,53.812389,On or near Park Road,E01012738,Blackpool 011D,Violence and sexual offences,Unable to prosecute suspect,
cd3263902115965ee6f6275e2c5dc9d12720f10593e35f733e95c61caf3e13a1,2021-06,Lancashire Constabulary,Lancashire Constabulary,-3.041056,53.809042,On or near Lune Grove,E01012738,Blackpool 011D,Violence and sexual offences,Unable to prosecute suspect,
cf416a84c85c53801d9d2d17c52e6ddfcf60792bd2c5cc4b7d9ef23d42023fde,2021-06,Lancashire Constabulary,Lancashire Constabulary,-3.042718,53.809935,On or near Keswick Road,E01012738,Blackpool 011D,Violence and sexual offences,Unable to prosecute suspect,
a4254d78e47ffb6ac12aecf06903c36cadc1a7035c4b9d57ec7bf8fcd4a6ace7,2021-06,Lancashire Constabulary,Lancashire Constabulary,-3.042718,53.809935,On or near Keswick Road,E01012738,Blackpool 011D,Violence and sexual offences,Status update unavailable,
d64b2a96baaae6a5a7ffd26070b08d24e57125b2808809a97e7615107c7e9c96,2021-06,Lancashire Constabulary,Lancashire Constabulary,-3.041056,53.809042,On or near Lune Grove,E01012738,Blackpool 011D,Violence and sexual offences,Status update unavailable,
579933dd26d7c6097e2b13e77d1834e1561f93e9c124790543915684605b9593,2021-06,Lancashire Constabulary,Lancashire Constabulary,-3.042718,53.809935,On or near Keswick Road,E01012738,Blackpool 011D,Violence and sexual offences,Offender given a caution,
befc3c9ce257eb78491e835bb39c55ce36040095c06c0a49a1af596c07f4f6d7,2021-06,Lancashire Constabulary,Lancashire Constabulary,-3.040640,53.807580,On or near Levens Grove,E01012738,Blackpool 011D,Other crime,Unable to prosecute suspect,
,2021-06,Lancashire Constabulary,Lancashire Constabulary,-3.034315,53.806655,On or near Cunliffe Road,E01012739,Blackpool 011E,Anti-social behaviour,,
,2021-06,Lancashire Constabulary,Lancashire Constabulary,-3.036522,53.806852,On or near Dinckley Grove,E01012739,Blackpool 011E,Anti-social behaviour,,
,2021-06,Lancashire Constabulary,Lancashire Constabulary,-3.035650,53.807201,On or near Kingsland Grove,E01012739,Blackpool 011E,Anti-social behaviour,,
,2021-06,Lancashire Constabulary,Lancashire Constabulary,-3.036637,53.805961,On or near Auburn Grove,E01012739,Blackpool 011E,Anti-social behaviour,,
,2021-06,Lancashire Constabulary,Lancashire Constabulary,-3.039915,53.807110,On or near Bela Grove,E01012739,Blackpool 011E,Anti-social behaviour,,
,2021-06,Lancashire Constabulary,Lancashire Constabulary,-3.039915,53.807110,On or near Bela Grove,E01012739,Blackpool 011E,Anti-social behaviour,,
e804f69846625a6f42268a77b063a4efbb6d16b094b6a8de5cb28fe1f2f8556b,2021-06,Lancashire Constabulary,Lancashire Constabulary,-3.039536,53.808983,On or near Jeffrey Square,E01012739,Blackpool 011E,Criminal damage and arson,Status update unavailable,
aada159e8ef6fc9b59a29777334e1b61e0a6942cda38358860d29e577d81f1dd,2021-06,Lancashire Constabulary,Lancashire Constabulary,-3.039789,53.808145,On or near Thornber Grove,E01012739,Blackpool 011E,Criminal damage and arson,Unable to prosecute suspect,
637d42017666f6924942d9cded3a574dccb42e2f680e12028e19b59f8d4996ba,2021-06,Lancashire Constabulary,Lancashire Constabulary,-3.039536,53.808983,On or near Jeffrey Square,E01012739,Blackpool 011E,Criminal damage and arson,Status update unavailable,
1883921d99e6cc4e91bd1813274400345e6aa78ba96772c2ca21d97bbe23f428,2021-06,Lancashire Constabulary,Lancashire Constabulary,-3.036637,53.805961,On or near Auburn Grove,E01012739,Blackpool 011E,Other theft,Further investigation is not in the public interest,
b7e477465d2b06894fa47cd64d3d154f4670b11589f0baa61183d578ee741547,2021-06,Lancashire Constabulary,Lancashire Constabulary,-3.034315,53.806655,On or near Cunliffe Road,E01012739,Blackpool 011E,Vehicle crime,Investigation complete; no suspect identified,
dc2cf34ebe3e2355f1b83dcf4b1d25e29827acdd0756c3fc53ee60b4250a53f9,2021-06,Lancashire Constabulary,Lancashire Constabulary,-3.038235,53.808590,On or near Knox Grove,E01012739,Blackpool 011E,Violence and sexual offences,Status update unavailable,
,2021-06,Lancashire Constabulary,Lancashire Constabulary,-3.035344,53.810206,On or near Somerset Avenue,E01012742,Blackpool 011F,Anti-social behaviour,,
,2021-06,Lancashire Constabulary,Lancashire Constabulary,-3.041055,53.813895,On or near Further/Higher Educational Building,E01012742,Blackpool 011F,Anti-social behaviour,,
,2021-06,Lancashire Constabulary,Lancashire Constabulary,-3.037831,53.810031,On or near Balmer Grove,E01012742,Blackpool 011F,Anti-social behaviour,,
,2021-06,Lancashire Constabulary,Lancashire Constabulary,-3.041328,53.812032,On or near Blenheim Avenue,E01012742,Blackpool 011F,Anti-social behaviour,,
,2021-06,Lancashire Constabulary,Lancashire Constabulary,-3.041921,53.813286,On or near Bennett Avenue,E01012742,Blackpool 011F,Anti-social behaviour,,
,2021-06,Lancashire Constabulary,Lancashire Constabulary,-3.038966,53.810489,On or near Westmorland Avenue,E01012742,Blackpool 011F,Anti-social behaviour,,
a6262647932adc6bb4294d7895d85d4d4173508d8582bf38858ee90e166be3ed,2021-06,Lancashire Constabulary,Lancashire Constabulary,-3.041921,53.813286,On or near Bennett Avenue,E01012742,Blackpool 011F,Bicycle theft,Investigation complete; no suspect identified,
db4663918a7d059dda10f586244c69489f850b3d14d061831e47952a0fcda2cc,2021-06,Lancashire Constabulary,Lancashire Constabulary,-3.040735,53.813853,On or near Montreal Avenue,E01012742,Blackpool 011F,Burglary,Unable to prosecute suspect,
07f4abff8c8e8e6398016ca4b7d2d90fc47cd9ac2e95fdafa6fd67d8acc55024,2021-06,Lancashire Constabulary,Lancashire Constabulary,-3.040735,53.813853,On or near Montreal Avenue,E01012742,Blackpool 011F,Criminal damage and arson,Unable to prosecute suspect,
205061a9813bdb435baca5cb2f03e1ec2362a5ce4666c484728b10e10352ecda,2021-06,Lancashire Constabulary,Lancashire Constabulary,-3.037473,53.811526,On or near Cumberland Avenue,E01012742,Blackpool 011F,Criminal damage and arson,Further investigation is not in the public interest,
ffec3fb5d3c723fe232d39692f05550fe4dbd6e32a00b93432cc0bfd1140fc4c,2021-06,Lancashire Constabulary,Lancashire Constabulary,-3.039351,53.811942,On or near Salisbury Road,E01012742,Blackpool 011F,Criminal damage and arson,Unable to prosecute suspect,
f4aec466f3ad7f22b07ca7e445d9d0ab5277621ec0593e7fc53761492bf1feb1,2021-06,Lancashire Constabulary,Lancashire Constabulary,-3.037831,53.810031,On or near Balmer Grove,E01012742,Blackpool 011F,Criminal damage and arson,Investigation complete; no suspect identified,
a9116093d9e560492e9431ddc79d76ecfe5ffd8a928cd35019f6891041a3b443,2021-06,Lancashire Constabulary,Lancashire Constabulary,-3.041328,53.812032,On or near Blenheim Avenue,E01012742,Blackpool 011F,Criminal damage and arson,Local resolution,
7496633ad7627c0f8e062c3b32e3482514c69b2135fc60415205cc9b7808b177,2021-06,Lancashire Constabulary,Lancashire Constabulary,-3.037473,53.811526,On or near Cumberland Avenue,E01012742,Blackpool 011F,Criminal damage and arson,Unable to prosecute suspect,
a9d1fe7fff4c2bedbc7f56738d1cb73cd476ceb85e65dfbdcc889e049fc621bf,2021-06,Lancashire Constabulary,Lancashire Constabulary,-3.040735,53.813853,On or near Montreal Avenue,E01012742,Blackpool 011F,Drugs,Unable to prosecute suspect,
0d55dcd78c520b6ee4061642220c90e36717c9833a5a0c781f7e59e763032349,2021-06,Lancashire Constabulary,Lancashire Constabulary,-3.040735,53.813853,On or near Montreal Avenue,E01012742,Blackpool 011F,Possession of weapons,Status update unavailable,
21a6f828c4b5896532884a102eb05c5ff7c7e27a16d0825872586fa55f651cca,2021-06,Lancashire Constabulary,Lancashire Constabulary,-3.041328,53.812032,On or near Blenheim Avenue,E01012742,Blackpool 011F,Vehicle crime,Investigation complete; no suspect identified,
c7d1a5066d131fea37d7ad036b78e3907a9e3d2feeac8a03cf7340dd957300e7,2021-06,Lancashire Constabulary,Lancashire Constabulary,-3.038748,53.810913,On or near Salisbury Road,E01012742,Blackpool 011F,Violence and sexual offences,Status update unavailable,
2371733fe387a84da86c7c861b01f80c598fcaf8b632b302c921fc9b9ce137fa,2021-06,Lancashire Constabulary,Lancashire Constabulary,-3.042979,53.813708,On or near Palatine Road,E01012742,Blackpool 011F,Violence and sexual offences,Further investigation is not in the public interest,
de122f73188b28465c31866348731df551d603da8b9aab2323c6e84994052f63,2021-06,Lancashire Constabulary,Lancashire Constabulary,-3.040735,53.813853,On or near Montreal Avenue,E01012742,Blackpool 011F,Violence and sexual offences,Further investigation is not in the public interest,
3013bd1e63200cd26cf60f5be6540cd4d41298201d76987055cf5d8bcd52e2ea,2021-06,Lancashire Constabulary,Lancashire Constabulary,-3.040735,53.813853,On or near Montreal Avenue,E01012742,Blackpool 011F,Violence and sexual offences,Unable to prosecute suspect,
,2021-06,Lancashire Constabulary,Lancashire Constabulary,-3.029324,53.816756,On or near Park/Open Space,E01012712,Blackpool 012A,Anti-social behaviour,,
,2021-06,Lancashire Constabulary,Lancashire Constabulary,-3.025449,53.815441,On or near Parking Area,E01012712,Blackpool 012A,Anti-social behaviour,,
,2021-06,Lancashire Constabulary,Lancashire Constabulary,-3.025449,53.815441,On or near Parking Area,E01012712,Blackpool 012A,Anti-social behaviour,,
,2021-06,Lancashire Constabulary,Lancashire Constabulary,-3.020039,53.809708,On or near Colchester Road,E01012712,Blackpool 012A,Anti-social behaviour,,
,2021-06,Lancashire Constabulary,Lancashire Constabulary,-3.020039,53.809708,On or near Colchester Road,E01012712,Blackpool 012A,Anti-social behaviour,,
,2021-06,Lancashire Constabulary,Lancashire Constabulary,-3.025449,53.815441,On or near Parking Area,E01012712,Blackpool 012A,Anti-social behaviour,,
,2021-06,Lancashire Constabulary,Lancashire Constabulary,-3.025449,53.815441,On or near Parking Area,E01012712,Blackpool 012A,Anti-social behaviour,,
,2021-06,Lancashire Constabulary,Lancashire Constabulary,-3.018100,53.813688,On or near East Park Drive,E01012712,Blackpool 012A,Anti-social behaviour,,
,2021-06,Lancashire Constabulary,Lancashire Constabulary,-3.029324,53.816756,On or near Park/Open Space,E01012712,Blackpool 012A,Anti-social behaviour,,
,2021-06,Lancashire Constabulary,Lancashire Constabulary,-3.025449,53.815441,On or near Parking Area,E01012712,Blackpool 012A,Anti-social behaviour,,
,2021-06,Lancashire Constabulary,Lancashire Constabulary,-3.020039,53.809708,On or near Colchester Road,E01012712,Blackpool 012A,Anti-social behaviour,,
,2021-06,Lancashire Constabulary,Lancashire Constabulary,-3.025449,53.815441,On or near Parking Area,E01012712,Blackpool 012A,Anti-social behaviour,,
73f5472b37718823807610d3d2c5123022b627bbe28521e9fd92b5bcc103c1e7,2021-06,Lancashire Constabulary,Lancashire Constabulary,-3.020293,53.807018,On or near Cadby Avenue,E01012712,Blackpool 012A,Burglary,Court result unavailable,
fd7c82558c668aa3f1ad7d0cb7fb4a0287cb0eeab44148b6d6e35e93e9130cf2,2021-06,Lancashire Constabulary,Lancashire Constabulary,-3.023006,53.804343,On or near Barclay Avenue,E01012712,Blackpool 012A,Criminal damage and arson,Unable to prosecute suspect,
740c9ed0b41a3229ca813e482b2b0449e848dec6395f29955a7b02773a07b116,2021-06,Lancashire Constabulary,Lancashire Constabulary,-3.029324,53.816756,On or near Park/Open Space,E01012712,Blackpool 012A,Criminal damage and arson,Status update unavailable,
69619fca2ea352c8f1329737738245934087ab0e8c77f3050d1b1fa83095c581,2021-06,Lancashire Constabulary,Lancashire Constabulary,-3.029324,53.816756,On or near Park/Open Space,E01012712,Blackpool 012A,Criminal damage and arson,Status update unavailable,
7f9af0b836ad682d45cf38b438ce18cc55268794878a2227c9153f7fd1368b39,2021-06,Lancashire Constabulary,Lancashire Constabulary,-3.025989,53.813297,On or near Sports/Recreation Area,E01012712,Blackpool 012A,Other theft,Investigation complete; no suspect identified,
7c51e4c6833678fca5c9f97f36c6bf218677974377c5fa14864b4691e7b6f4a7,2021-06,Lancashire Constabulary,Lancashire Constabulary,-3.025989,53.813297,On or near Sports/Recreation Area,E01012712,Blackpool 012A,Robbery,Investigation complete; no suspect identified,
5e9a2e1e3d81cb25c95abd68c1a3a72a4b19dc0d90f2f1b4c645ae897b32666d,2021-06,Lancashire Constabulary,Lancashire Constabulary,-3.030561,53.815199,On or near Barlow Crescent,E01012712,Blackpool 012A,Vehicle crime,Status update unavailable,
6bdf3eadc946751852b7a4b9c8031eff6684dcd4196a2fb99c96a113a528df1c,2021-06,Lancashire Constabulary,Lancashire Constabulary,-3.020039,53.809708,On or near Colchester Road,E01012712,Blackpool 012A,Vehicle crime,Unable to prosecute suspect,
a52e5f3d5bb64f3303fa57a4d3df554c6274ef6d8d6490a98c608c30093ed2c2,2021-06,Lancashire Constabulary,Lancashire Constabulary,-3.020039,53.809708,On or near Colchester Road,E01012712,Blackpool 012A,Violence and sexual offences,Further investigation is not in the public interest,
be3462f819fe2418f29415d0791155ec10aaee0e1c273e60e2df42a0d8673812,2021-06,Lancashire Constabulary,Lancashire Constabulary,-3.025989,53.813297,On or near Sports/Recreation Area,E01012712,Blackpool 012A,Violence and sexual offences,Investigation complete; no suspect identified,
ce1f9a12e7e53a3aa982e78922232cc8e6e95e4edd23f42cd481c9829f02654b,2021-06,Lancashire Constabulary,Lancashire Constabulary,-3.020039,53.809708,On or near Colchester Road,E01012712,Blackpool 012A,Violence and sexual offences,Further investigation is not in the public interest,
bba80b5c2b9ff62734045aa617d6150f414b604e7598f77a2f25a831d2ba54b4,2021-06,Lancashire Constabulary,Lancashire Constabulary,-3.026874,53.813460,On or near Sports/Recreation Area,E01012712,Blackpool 012A,Violence and sexual offences,Investigation complete; no suspect identified,
7356d72a5eb2f752e8967a98530a4c0e5e4b8c2abbd5f7bce4151fbb360a7b47,2021-06,Lancashire Constabulary,Lancashire Constabulary,-3.019511,53.807968,On or near Dryburgh Avenue,E01012712,Blackpool 012A,Violence and sexual offences,Action to be taken by another organisation,
f3c2cdf369b9cb248134b360b22731272108661525cd688025dfe84c68bad041,2021-06,Lancashire Constabulary,Lancashire Constabulary,-3.020293,53.807018,On or near Cadby Avenue,E01012712,Blackpool 012A,Violence and sexual offences,Court result unavailable,
3c04426c5b622ae9ef16ac203f8096a6acf8bc5187778c90c7d946db093afc67,2021-06,Lancashire Constabulary,Lancashire Constabulary,-3.019035,53.805869,On or near Preston Old Road,E01012712,Blackpool 012A,Violence and sexual offences,Further investigation is not in the public interest,
3fcf917f3c2185b8df7da065bbb87180b2c9056f2307e9ab40c781b3016fa7c2,2021-06,Lancashire Constabulary,Lancashire Constabulary,-3.025989,53.813297,On or near Sports/Recreation Area,E01012712,Blackpool 012A,Violence and sexual offences,Unable to prosecute suspect,
9174d2f6a415715698b7a47482c966bde517889fa24ac6cb0c372f158eb42199,2021-06,Lancashire Constabulary,Lancashire Constabulary,-3.021427,53.808105,On or near Goldsboro Avenue,E01012712,Blackpool 012A,Violence and sexual offences,Unable to prosecute suspect,
8c056ae03fe738670c96ea22160863a5825f6450c533c1151648d758ab9aa642,2021-06,Lancashire Constabulary,Lancashire Constabulary,-3.025989,53.813297,On or near Sports/Recreation Area,E01012712,Blackpool 012A,Violence and sexual offences,Investigation complete; no suspect identified,
99466e7de71d5bdde06981847a9e70444801d0657cd2a3400b0b1b2bdbba3c19,2021-06,Lancashire Constabulary,Lancashire Constabulary,-3.021427,53.808105,On or near Goldsboro Avenue,E01012712,Blackpool 012A,Violence and sexual offences,Unable to prosecute suspect,
54ac6a2ae9a156bbd046aa75628beed37ec739f34b58c0f6c91f39694a62a441,2021-06,Lancashire Constabulary,Lancashire Constabulary,-3.029324,53.816756,On or near Park/Open Space,E01012712,Blackpool 012A,Violence and sexual offences,Status update unavailable,
f25e08bc155f8d53cc06b00f5f565b9f1ea237dd0911e58d0e9d4aaa885be367,2021-06,Lancashire Constabulary,Lancashire Constabulary,-3.018644,53.816074,On or near Park/Open Space,E01012712,Blackpool 012A,Violence and sexual offences,Unable to prosecute suspect,
,2021-06,Lancashire Constabulary,Lancashire Constabulary,-3.013421,53.814267,On or near Park/Open Space,E01012713,Blackpool 012B,Anti-social behaviour,,
,2021-06,Lancashire Constabulary,Lancashire Constabulary,-3.018470,53.808247,On or near Supermarket,E01012713,Blackpool 012B,Anti-social behaviour,,
,2021-06,Lancashire Constabulary,Lancashire Constabulary,-3.013421,53.814267,On or near Park/Open Space,E01012713,Blackpool 012B,Anti-social behaviour,,
,2021-06,Lancashire Constabulary,Lancashire Constabulary,-3.013421,53.814267,On or near Park/Open Space,E01012713,Blackpool 012B,Anti-social behaviour,,
,2021-06,Lancashire Constabulary,Lancashire Constabulary,-3.017407,53.806386,On or near Southbourne Road,E01012713,Blackpool 012B,Anti-social behaviour,,
,2021-06,Lancashire Constabulary,Lancashire Constabulary,-3.011789,53.806398,On or near Garden Close,E01012713,Blackpool 012B,Anti-social behaviour,,
,2021-06,Lancashire Constabulary,Lancashire Constabulary,-3.013421,53.814267,On or near Park/Open Space,E01012713,Blackpool 012B,Anti-social behaviour,,
,2021-06,Lancashire Constabulary,Lancashire Constabulary,-3.013421,53.814267,On or near Park/Open Space,E01012713,Blackpool 012B,Anti-social behaviour,,
,2021-06,Lancashire Constabulary,Lancashire Constabulary,-3.008438,53.808529,On or near Lark Close,E01012713,Blackpool 012B,Anti-social behaviour,,
,2021-06,Lancashire Constabulary,Lancashire Constabulary,-3.013421,53.814267,On or near Park/Open Space,E01012713,Blackpool 012B,Anti-social behaviour,,
,2021-06,Lancashire Constabulary,Lancashire Constabulary,-3.013421,53.814267,On or near Park/Open Space,E01012713,Blackpool 012B,Anti-social behaviour,,
,2021-06,Lancashire Constabulary,Lancashire Constabulary,-3.018470,53.808247,On or near Supermarket,E01012713,Blackpool 012B,Anti-social behaviour,,
,2021-06,Lancashire Constabulary,Lancashire Constabulary,-3.015456,53.809216,On or near Lawson Road,E01012713,Blackpool 012B,Anti-social behaviour,,
b453a6755ea3d91632af4ffb7f779323679dace9e987c62d0e005960f466e4eb,2021-06,Lancashire Constabulary,Lancashire Constabulary,-3.013421,53.814267,On or near Park/Open Space,E01012713,Blackpool 012B,Criminal damage and arson,Status update unavailable,
4dc19c02d7f49286bb3fb8241f22d1457ecfa2b1cee3fc62621a15691801b86e,2021-06,Lancashire Constabulary,Lancashire Constabulary,-3.013421,53.814267,On or near Park/Open Space,E01012713,Blackpool 012B,Criminal damage and arson,Investigation complete; no suspect identified,
9868b9f7c377529ea4858339fd4fa7f623958476f9e66cc113f0491dd330153f,2021-06,Lancashire Constabulary,Lancashire Constabulary,-3.013316,53.805513,On or near Supermarket,E01012713,Blackpool 012B,Criminal damage and arson,Investigation complete; no suspect identified,
4f7eba65de018578af10659879c475cddb6b0950e7fc83bb9cec529e6e10415e,2021-06,Lancashire Constabulary,Lancashire Constabulary,-3.017407,53.806386,On or near Southbourne Road,E01012713,Blackpool 012B,Criminal damage and arson,Unable to prosecute suspect,
3ddc8fef405a067b0fa07c1015c77a6d5ecae2ded13c318acd877e9661e47880,2021-06,Lancashire Constabulary,Lancashire Constabulary,-3.018470,53.808247,On or near Supermarket,E01012713,Blackpool 012B,Drugs,Further investigation is not in the public interest,
7ef0ae6e9ded928ef629f2b5997dac9f446e67dfff66bced1646ba4715ec7cf7,2021-06,Lancashire Constabulary,Lancashire Constabulary,-3.018470,53.808247,On or near Supermarket,E01012713,Blackpool 012B,Drugs,Status update unavailable,
a8199071f2c867969dca83a33ab4ea29b0b5ceeaff9852b73365f626808292e8,2021-06,Lancashire Constabulary,Lancashire Constabulary,-3.013421,53.814267,On or near Park/Open Space,E01012713,Blackpool 012B,Other theft,Status update unavailable,
e7b99808e07300e7df38b52fc0f2ce9d555de10bc3446bff748961f2371cf17f,2021-06,Lancashire Constabulary,Lancashire Constabulary,-3.010751,53.816294,On or near Park/Open Space,E01012713,Blackpool 012B,Other theft,Investigation complete; no suspect identified,
6b2d7d5b2871b443acf819ff6b21d7b7281ee8762a7320ee98ba9f5aeafdf82f,2021-06,Lancashire Constabulary,Lancashire Constabulary,-3.012439,53.815740,On or near Park/Open Space,E01012713,Blackpool 012B,Other theft,Investigation complete; no suspect identified,
af0150ccdbdad57926bea4ee0182c99fd11408db17400f64d6844032c0ec4cf5,2021-06,Lancashire Constabulary,Lancashire Constabulary,-3.013421,53.814267,On or near Park/Open Space,E01012713,Blackpool 012B,Other theft,Status update unavailable,
8f5bd5537b7f42e4dd5a3ffbe8cd6902dbc5d7a79063331067de7c59bec28295,2021-06,Lancashire Constabulary,Lancashire Constabulary,-3.012506,53.805304,On or near Suffolk Road,E01012713,Blackpool 012B,Possession of weapons,Further investigation is not in the public interest,
3f26d3f25032c52ef0e6b38a768c32526a1e762cf44d5b4d7cf578e7f98ff48c,2021-06,Lancashire Constabulary,Lancashire Constabulary,-3.013421,53.814267,On or near Park/Open Space,E01012713,Blackpool 012B,Public order,Unable to prosecute suspect,
4bebd5ad5817d0010a07b6e44072e13bfa2ff96fa057f7ef6ec1487fa64df92b,2021-06,Lancashire Constabulary,Lancashire Constabulary,-3.013421,53.814267,On or near Park/Open Space,E01012713,Blackpool 012B,Public order,Investigation complete; no suspect identified,
ab54bacb41962f875d25fcb1346ff0d4c6502f115edda712b56094b5029835ac,2021-06,Lancashire Constabulary,Lancashire Constabulary,-3.013421,53.814267,On or near Park/Open Space,E01012713,Blackpool 012B,Robbery,Status update unavailable,
b20a465ecee51eade4fc4ff70774e040c87a7e08260811ce1e472d29267d6e69,2021-06,Lancashire Constabulary,Lancashire Constabulary,-3.013421,53.814267,On or near Park/Open Space,E01012713,Blackpool 012B,Robbery,Investigation complete; no suspect identified,
4a8ae9899990641bf0c372114ed333311bfb5c344a67daf46ccf27af51380bcb,2021-06,Lancashire Constabulary,Lancashire Constabulary,-3.012506,53.805304,On or near Suffolk Road,E01012713,Blackpool 012B,Vehicle crime,Unable to prosecute suspect,
575dbaba347cb67390ee269b2e71a24b39ff51b54510ed769bb1cac637a6688b,2021-06,Lancashire Constabulary,Lancashire Constabulary,-3.011789,53.806398,On or near Garden Close,E01012713,Blackpool 012B,Violence and sexual offences,Unable to prosecute suspect,
0a496e04589c4f807f403cd9184abf92049a43a34154f59be7ae4a6f46881b27,2021-06,Lancashire Constabulary,Lancashire Constabulary,-3.018470,53.808247,On or near Supermarket,E01012713,Blackpool 012B,Violence and sexual offences,Unable to prosecute suspect,
1a74b74021b0df876af8c751aed782d43c7d2562d4754420984a493acb1ecd68,2021-06,Lancashire Constabulary,Lancashire Constabulary,-3.014239,53.805973,On or near Mere Park Court,E01012713,Blackpool 012B,Violence and sexual offences,Further investigation is not in the public interest,
33e7e04f589aea21bc9e888388e53ee1d305a6bdc1d66fabfb38045ac5237b6c,2021-06,Lancashire Constabulary,Lancashire Constabulary,-3.015795,53.806930,On or near Torquay Avenue,E01012713,Blackpool 012B,Violence and sexual offences,Unable to prosecute suspect,
5ef5c79f6f73d004852061545380edbda206f55eff76356ff012ee3e3dd11421,2021-06,Lancashire Constabulary,Lancashire Constabulary,-3.011789,53.806398,On or near Garden Close,E01012713,Blackpool 012B,Violence and sexual offences,Investigation complete; no suspect identified,
e2a909800ef581a0985bbf09eea1fc23088516d30edf99187e4090229fb9bd40,2021-06,Lancashire Constabulary,Lancashire Constabulary,-3.013421,53.814267,On or near Park/Open Space,E01012713,Blackpool 012B,Violence and sexual offences,Unable to prosecute suspect,
33aa9778ac7ef8f5f6f50d01a6f98d7681e5a9c97ac716f6d8ebb6eb46ef69d2,2021-06,Lancashire Constabulary,Lancashire Constabulary,-3.013421,53.814267,On or near Park/Open Space,E01012713,Blackpool 012B,Violence and sexual offences,Court result unavailable,
df48c01d5febbae412dec41dccbb9b8026ef12b68fde3e34b4dbe4ebfdc3def5,2021-06,Lancashire Constabulary,Lancashire Constabulary,-3.013372,53.807202,On or near Lancaster Road,E01012713,Blackpool 012B,Violence and sexual offences,Unable to prosecute suspect,
ec74b4bedc1d0370f7aa5f065f125711c7d9baf97432b1b261769e2321b62daa,2021-06,Lancashire Constabulary,Lancashire Constabulary,-3.013421,53.814267,On or near Park/Open Space,E01012713,Blackpool 012B,Violence and sexual offences,Court result unavailable,
5d398af66d72ace4f616815fdfd13495e42a4996d88385859f9bad8f7909f0d3,2021-06,Lancashire Constabulary,Lancashire Constabulary,-3.012506,53.805304,On or near Suffolk Road,E01012713,Blackpool 012B,Violence and sexual offences,Further investigation is not in the public interest,
5fd0991814a3e2547f09ecbd80a89648cf13af3820747641fc16d165ab95deeb,2021-06,Lancashire Constabulary,Lancashire Constabulary,-3.013372,53.807202,On or near Lancaster Road,E01012713,Blackpool 012B,Violence and sexual offences,Unable to prosecute suspect,
,2021-06,Lancashire Constabulary,Lancashire Constabulary,-3.027912,53.806243,On or near Wren Grove,E01012715,Blackpool 012C,Anti-social behaviour,,
,2021-06,Lancashire Constabulary,Lancashire Constabulary,-3.026817,53.808661,On or near Aldwych Avenue,E01012715,Blackpool 012C,Anti-social behaviour,,
,2021-06,Lancashire Constabulary,Lancashire Constabulary,-3.025230,53.807120,On or near Canterbury Avenue,E01012715,Blackpool 012C,Anti-social behaviour,,
,2021-06,Lancashire Constabulary,Lancashire Constabulary,-3.028847,53.805974,On or near Greenwood Avenue,E01012715,Blackpool 012C,Anti-social behaviour,,
,2021-06,Lancashire Constabulary,Lancashire Constabulary,-3.028526,53.806498,On or near Petrol Station,E01012715,Blackpool 012C,Anti-social behaviour,,
,2021-06,Lancashire Constabulary,Lancashire Constabulary,-3.026348,53.805025,On or near Honister Avenue,E01012715,Blackpool 012C,Anti-social behaviour,,
,2021-06,Lancashire Constabulary,Lancashire Constabulary,-3.029944,53.806765,On or near Kirkham Avenue,E01012715,Blackpool 012C,Anti-social behaviour,,
,2021-06,Lancashire Constabulary,Lancashire Constabulary,-3.027912,53.806243,On or near Wren Grove,E01012715,Blackpool 012C,Anti-social behaviour,,
,2021-06,Lancashire Constabulary,Lancashire Constabulary,-3.027912,53.806243,On or near Wren Grove,E01012715,Blackpool 012C,Anti-social behaviour,,
,2021-06,Lancashire Constabulary,Lancashire Constabulary,-3.030165,53.807724,On or near Lightbown Avenue,E01012715,Blackpool 012C,Anti-social behaviour,,
08980f046105f5102173919d8e26390cd9ccfa1e4f1066fff5c795cc2856daa3,2021-06,Lancashire Constabulary,Lancashire Constabulary,-3.027912,53.806243,On or near Wren Grove,E01012715,Blackpool 012C,Criminal damage and arson,Unable to prosecute suspect,
5b05597f9af9e135f1d2f82c1e604e0d65b4d3d695e0640885d2da594adda820,2021-06,Lancashire Constabulary,Lancashire Constabulary,-3.029944,53.806765,On or near Kirkham Avenue,E01012715,Blackpool 012C,Other theft,Investigation complete; no suspect identified,
674550a59b7c1ea34ebc5434b11840287343626db592256339b8f061be4d1359,2021-06,Lancashire Constabulary,Lancashire Constabulary,-3.027923,53.807321,On or near Royal Bank Road,E01012715,Blackpool 012C,Public order,Action to be taken by another organisation,
c2e4f871af72078e545676295ca858a825108f1931660f91e4569f29490b896c,2021-06,Lancashire Constabulary,Lancashire Constabulary,-3.028847,53.805974,On or near Greenwood Avenue,E01012715,Blackpool 012C,Public order,Court result unavailable,
f1634896b2110eeb19cb29454b454fba9efcb7e31f35b6f5f94db461781c9aba,2021-06,Lancashire Constabulary,Lancashire Constabulary,-3.028721,53.808285,On or near Godwin Avenue,E01012715,Blackpool 012C,Public order,Action to be taken by another organisation,
e8623c97f008a234ee372977d35ca80591d5e17fe5c73e7fde41afc7a8b5225a,2021-06,Lancashire Constabulary,Lancashire Constabulary,-3.028847,53.805974,On or near Greenwood Avenue,E01012715,Blackpool 012C,Shoplifting,Status update unavailable,
6bb4e3c806cf41899eb749bc8dba5c343d3ab3ab7efc11c6c7f92cdaf6cc4471,2021-06,Lancashire Constabulary,Lancashire Constabulary,-3.028847,53.805974,On or near Greenwood Avenue,E01012715,Blackpool 012C,Shoplifting,Local resolution,
d3c7a90278ba2d41e9b27e35fa8d0e1ba11aa666f26d488d0e0a90d843cb49ba,2021-06,Lancashire Constabulary,Lancashire Constabulary,-3.028847,53.805974,On or near Greenwood Avenue,E01012715,Blackpool 012C,Shoplifting,Offender given penalty notice,
d813ed3727e63fe608bfc559cf0335effb23582d099abb2d2c9fcdbcfaf07fa5,2021-06,Lancashire Constabulary,Lancashire Constabulary,-3.030165,53.807724,On or near Lightbown Avenue,E01012715,Blackpool 012C,Violence and sexual offences,Investigation complete; no suspect identified,
0710739554330072ba3aafb15d797610a2e808fd587bba5fd90d8f312e1c1342,2021-06,Lancashire Constabulary,Lancashire Constabulary,-3.027912,53.806243,On or near Wren Grove,E01012715,Blackpool 012C,Violence and sexual offences,Investigation complete; no suspect identified,
403597fd01665d6a2cf2e8cb6e8e638edf57f1c7be8466f9dde1856d97addff0,2021-06,Lancashire Constabulary,Lancashire Constabulary,-3.026346,53.805546,On or near Newlands Avenue,E01012715,Blackpool 012C,Violence and sexual offences,Unable to prosecute suspect,
,2021-06,Lancashire Constabulary,Lancashire Constabulary,-3.031350,53.807741,On or near Whitegate Drive,E01012740,Blackpool 012D,Anti-social behaviour,,
,2021-06,Lancashire Constabulary,Lancashire Constabulary,-3.031350,53.807741,On or near Whitegate Drive,E01012740,Blackpool 012D,Anti-social behaviour,,
,2021-06,Lancashire Constabulary,Lancashire Constabulary,-3.027445,53.809492,On or near Beechfield Avenue,E01012740,Blackpool 012D,Anti-social behaviour,,
,2021-06,Lancashire Constabulary,Lancashire Constabulary,-3.031350,53.807741,On or near Whitegate Drive,E01012740,Blackpool 012D,Anti-social behaviour,,
e56b820c4258cf9e15ebb074f88fc4939113916e2c178286147766d37e020165,2021-06,Lancashire Constabulary,Lancashire Constabulary,-3.030596,53.812880,On or near Marton View,E01012740,Blackpool 012D,Criminal damage and arson,Status update unavailable,
f5605c696fc8b6d453b98f7a8c2b7f43efafde097a2553545eb444f00c67274e,2021-06,Lancashire Constabulary,Lancashire Constabulary,-3.033786,53.808610,On or near St Ives Avenue,E01012740,Blackpool 012D,Public order,Further investigation is not in the public interest,
78c0f6f27b88a0b5cdd4fc229a07ca5134a74ea7b04df6d55291833ee5c07483,2021-06,Lancashire Constabulary,Lancashire Constabulary,-3.030498,53.812629,On or near Wilkinson Avenue,E01012740,Blackpool 012D,Vehicle crime,Court result unavailable,
6c653b609d63f8a6d395477cd129aafa9f3e215aa317e439c7fd764d7e8d409d,2021-06,Lancashire Constabulary,Lancashire Constabulary,-3.030596,53.812880,On or near Marton View,E01012740,Blackpool 012D,Violence and sexual offences,Unable to prosecute suspect,
d77eabb428acb0367b739417111b6082314a6d665acf05c05457a0e64cac2020,2021-06,Lancashire Constabulary,Lancashire Constabulary,-3.030233,53.809854,On or near Elmslie Gardens,E01012740,Blackpool 012D,Violence and sexual offences,Investigation complete; no suspect identified,
ab717986c221253abf3e63dea6f78aa877172217a4e429945c60bd5f2ff82dd0,2021-06,Lancashire Constabulary,Lancashire Constabulary,-3.030596,53.812880,On or near Marton View,E01012740,Blackpool 012D,Violence and sexual offences,Further investigation is not in the public interest,
e25de8b0a34b2ed226d59930236ba78dadb369094e7b6bd616f43b1c1cd6c392,2021-06,Lancashire Constabulary,Lancashire Constabulary,-3.031744,53.806444,On or near Ferguson Road,E01012740,Blackpool 012D,Violence and sexual offences,Unable to prosecute suspect,
,2021-06,Lancashire Constabulary,Lancashire Constabulary,-3.034646,53.805268,On or near Bloomfield Road,E01012741,Blackpool 012E,Anti-social behaviour,,
,2021-06,Lancashire Constabulary,Lancashire Constabulary,-3.027004,53.803878,On or near Preston New Road,E01012741,Blackpool 012E,Anti-social behaviour,,
,2021-06,Lancashire Constabulary,Lancashire Constabulary,-3.027004,53.803878,On or near Preston New Road,E01012741,Blackpool 012E,Anti-social behaviour,,
,2021-06,Lancashire Constabulary,Lancashire Constabulary,-3.035603,53.804667,On or near Boardman Avenue,E01012741,Blackpool 012E,Anti-social behaviour,,
,2021-06,Lancashire Constabulary,Lancashire Constabulary,-3.027004,53.803878,On or near Preston New Road,E01012741,Blackpool 012E,Anti-social behaviour,,
,2021-06,Lancashire Constabulary,Lancashire Constabulary,-3.027004,53.803878,On or near Preston New Road,E01012741,Blackpool 012E,Anti-social behaviour,,
,2021-06,Lancashire Constabulary,Lancashire Constabulary,-3.027004,53.803878,On or near Preston New Road,E01012741,Blackpool 012E,Anti-social behaviour,,
,2021-06,Lancashire Constabulary,Lancashire Constabulary,-3.027004,53.803878,On or near Preston New Road,E01012741,Blackpool 012E,Anti-social behaviour,,
,2021-06,Lancashire Constabulary,Lancashire Constabulary,-3.027808,53.802612,On or near Waterloo Road,E01012741,Blackpool 012E,Anti-social behaviour,,
,2021-06,Lancashire Constabulary,Lancashire Constabulary,-3.027004,53.803878,On or near Preston New Road,E01012741,Blackpool 012E,Anti-social behaviour,,
,2021-06,Lancashire Constabulary,Lancashire Constabulary,-3.034563,53.804397,On or near Baldwin Grove,E01012741,Blackpool 012E,Anti-social behaviour,,
,2021-06,Lancashire Constabulary,Lancashire Constabulary,-3.027004,53.803878,On or near Preston New Road,E01012741,Blackpool 012E,Anti-social behaviour,,
,2021-06,Lancashire Constabulary,Lancashire Constabulary,-3.027004,53.803878,On or near Preston New Road,E01012741,Blackpool 012E,Anti-social behaviour,,
,2021-06,Lancashire Constabulary,Lancashire Constabulary,-3.030672,53.804251,On or near Glastonbury Avenue,E01012741,Blackpool 012E,Anti-social behaviour,,
c18f5e99a7c3e8deeeffb6011ab09b0d34a2febfe516d3af598ab1a0009dab06,2021-06,Lancashire Constabulary,Lancashire Constabulary,-3.027597,53.802686,On or near Vicarage Lane,E01012741,Blackpool 012E,Shoplifting,Status update unavailable,
49461ef2f0c0e2c4079bbe45448616367d283a4ba37f2c20e0fe945b83fe42c9,2021-06,Lancashire Constabulary,Lancashire Constabulary,-3.027597,53.802686,On or near Vicarage Lane,E01012741,Blackpool 012E,Shoplifting,Investigation complete; no suspect identified,
4e739708fd4700f926dbec82f64b852b54c182caceb36fda3cf8ec394431d39a,2021-06,Lancashire Constabulary,Lancashire Constabulary,-3.027597,53.802686,On or near Vicarage Lane,E01012741,Blackpool 012E,Shoplifting,Status update unavailable,
8354fe51e82ab3232e4a757ff48a96043e9495d693c91632a9b5374f6f773700,2021-06,Lancashire Constabulary,Lancashire Constabulary,-3.027597,53.802686,On or near Vicarage Lane,E01012741,Blackpool 012E,Shoplifting,Status update unavailable,
430eb3de1d1f67666b8f7902de67b49f39376950e1533243416688a815851f1a,2021-06,Lancashire Constabulary,Lancashire Constabulary,-3.034563,53.804397,On or near Baldwin Grove,E01012741,Blackpool 012E,Vehicle crime,Court result unavailable,
ffa541e55b664b7472d96adf7d2b49029dffb8020b1c0058c2b95d9838a9b28a,2021-06,Lancashire Constabulary,Lancashire Constabulary,-3.030284,53.805737,On or near Thorn Grove,E01012741,Blackpool 012E,Vehicle crime,Investigation complete; no suspect identified,
2acc62b4357d86ea6f3e432999854d3d0306dabc791709efcd1e25fc2762149b,2021-06,Lancashire Constabulary,Lancashire Constabulary,-3.027808,53.802612,On or near Waterloo Road,E01012741,Blackpool 012E,Violence and sexual offences,Unable to prosecute suspect,
4713544634203122c25376ee42498a4a80400886b46ab265fd7785b1e15a6c25,2021-06,Lancashire Constabulary,Lancashire Constabulary,-3.032248,53.802862,On or near Fir Grove,E01012741,Blackpool 012E,Violence and sexual offences,Unable to prosecute suspect,
f98e378205328caa7f81e84ee79221d3413a4140c5445661116c607845592ca9,2021-06,Lancashire Constabulary,Lancashire Constabulary,-3.035603,53.804667,On or near Boardman Avenue,E01012741,Blackpool 012E,Violence and sexual offences,Unable to prosecute suspect,
46a18da14a0e4beda482a8aa42d9b77de1b3c43cdf803a07a622496fc71726f0,2021-06,Lancashire Constabulary,Lancashire Constabulary,-3.034646,53.805268,On or near Bloomfield Road,E01012741,Blackpool 012E,Violence and sexual offences,Status update unavailable,
a0be62a607a4dc60a321938c8fd2a009712ba69f8544e5001e1639a2ab17486e,2021-06,Lancashire Constabulary,Lancashire Constabulary,-3.032248,53.802862,On or near Fir Grove,E01012741,Blackpool 012E,Violence and sexual offences,Unable to prosecute suspect,
054f4d91e1fb20472c2a9da4c3e80287d55ed45238cdd59230604361313065ac,2021-06,Lancashire Constabulary,Lancashire Constabulary,-3.032248,53.802862,On or near Fir Grove,E01012741,Blackpool 012E,Violence and sexual offences,Unable to prosecute suspect,
20ddff8e7b053b737ccf9357d444243b6be99e78715d38002b391560ccda5807,2021-06,Lancashire Constabulary,Lancashire Constabulary,-3.032248,53.802862,On or near Fir Grove,E01012741,Blackpool 012E,Violence and sexual offences,Status update unavailable,
ec96fb96f4f9b3f066f77fe96e53f5c43ce1baea116c0b9b89dcd2f824969b05,2021-06,Lancashire Constabulary,Lancashire Constabulary,-3.027808,53.802612,On or near Waterloo Road,E01012741,Blackpool 012E,Violence and sexual offences,Further investigation is not in the public interest,
bd60448e279b119dae839777ed1fa9fb69f4f5e0bec6e1dc4c2ab494780c48f5,2021-06,Lancashire Constabulary,Lancashire Constabulary,-3.027808,53.802612,On or near Waterloo Road,E01012741,Blackpool 012E,Violence and sexual offences,Investigation complete; no suspect identified,
edd45b0b130841c7d4165e3922c6537858bc1d3c866772dfd30367dde43c2eb9,2021-06,Lancashire Constabulary,Lancashire Constabulary,-3.035603,53.804667,On or near Boardman Avenue,E01012741,Blackpool 012E,Other crime,Unable to prosecute suspect,
,2021-06,Lancashire Constabulary,Lancashire Constabulary,-3.052499,53.799036,On or near St Bede'S Avenue,E01012671,Blackpool 013A,Anti-social behaviour,,
,2021-06,Lancashire Constabulary,Lancashire Constabulary,-3.050725,53.802755,On or near Lowrey Terrace,E01012671,Blackpool 013A,Anti-social behaviour,,
,2021-06,Lancashire Constabulary,Lancashire Constabulary,-3.050904,53.803266,On or near Amberbanks Grove,E01012671,Blackpool 013A,Anti-social behaviour,,
,2021-06,Lancashire Constabulary,Lancashire Constabulary,-3.052801,53.800778,On or near Adrian Street,E01012671,Blackpool 013A,Anti-social behaviour,,
,2021-06,Lancashire Constabulary,Lancashire Constabulary,-3.054240,53.801871,On or near Crystal Mews,E01012671,Blackpool 013A,Anti-social behaviour,,
,2021-06,Lancashire Constabulary,Lancashire Constabulary,-3.053983,53.800075,On or near Royle Street,E01012671,Blackpool 013A,Anti-social behaviour,,
,2021-06,Lancashire Constabulary,Lancashire Constabulary,-3.052499,53.799036,On or near St Bede'S Avenue,E01012671,Blackpool 013A,Anti-social behaviour,,
,2021-06,Lancashire Constabulary,Lancashire Constabulary,-3.052801,53.800778,On or near Adrian Street,E01012671,Blackpool 013A,Anti-social behaviour,,
,2021-06,Lancashire Constabulary,Lancashire Constabulary,-3.054542,53.802407,On or near Bolton Street,E01012671,Blackpool 013A,Anti-social behaviour,,
,2021-06,Lancashire Constabulary,Lancashire Constabulary,-3.052780,53.800562,On or near Haig Road,E01012671,Blackpool 013A,Anti-social behaviour,,
,2021-06,Lancashire Constabulary,Lancashire Constabulary,-3.054542,53.802407,On or near Bolton Street,E01012671,Blackpool 013A,Anti-social behaviour,,
,2021-06,Lancashire Constabulary,Lancashire Constabulary,-3.053983,53.800075,On or near Royle Street,E01012671,Blackpool 013A,Anti-social behaviour,,
,2021-06,Lancashire Constabulary,Lancashire Constabulary,-3.051377,53.799100,On or near Back Waterloo Road,E01012671,Blackpool 013A,Anti-social behaviour,,
,2021-06,Lancashire Constabulary,Lancashire Constabulary,-3.053983,53.800075,On or near Royle Street,E01012671,Blackpool 013A,Anti-social behaviour,,
,2021-06,Lancashire Constabulary,Lancashire Constabulary,-3.052801,53.800778,On or near Adrian Street,E01012671,Blackpool 013A,Anti-social behaviour,,
,2021-06,Lancashire Constabulary,Lancashire Constabulary,-3.050904,53.803266,On or near Amberbanks Grove,E01012671,Blackpool 013A,Anti-social behaviour,,
,2021-06,Lancashire Constabulary,Lancashire Constabulary,-3.055062,53.799544,On or near Britannia Place,E01012671,Blackpool 013A,Anti-social behaviour,,
,2021-06,Lancashire Constabulary,Lancashire Constabulary,-3.051377,53.799100,On or near Back Waterloo Road,E01012671,Blackpool 013A,Anti-social behaviour,,
,2021-06,Lancashire Constabulary,Lancashire Constabulary,-3.052499,53.799036,On or near St Bede'S Avenue,E01012671,Blackpool 013A,Anti-social behaviour,,
,2021-06,Lancashire Constabulary,Lancashire Constabulary,-3.051081,53.799399,On or near Supermarket,E01012671,Blackpool 013A,Anti-social behaviour,,
,2021-06,Lancashire Constabulary,Lancashire Constabulary,-3.054240,53.801871,On or near Crystal Mews,E01012671,Blackpool 013A,Anti-social behaviour,,
,2021-06,Lancashire Constabulary,Lancashire Constabulary,-3.054240,53.801871,On or near Crystal Mews,E01012671,Blackpool 013A,Anti-social behaviour,,
,2021-06,Lancashire Constabulary,Lancashire Constabulary,-3.052692,53.801273,On or near Alexandra Road,E01012671,Blackpool 013A,Anti-social behaviour,,
,2021-06,Lancashire Constabulary,Lancashire Constabulary,-3.050725,53.802755,On or near Lowrey Terrace,E01012671,Blackpool 013A,Anti-social behaviour,,
,2021-06,Lancashire Constabulary,Lancashire Constabulary,-3.052499,53.799036,On or near St Bede'S Avenue,E01012671,Blackpool 013A,Anti-social behaviour,,
,2021-06,Lancashire Constabulary,Lancashire Constabulary,-3.051377,53.799100,On or near Back Waterloo Road,E01012671,Blackpool 013A,Anti-social behaviour,,
,2021-06,Lancashire Constabulary,Lancashire Constabulary,-3.053473,53.802776,On or near St Chad'S Road,E01012671,Blackpool 013A,Anti-social behaviour,,
,2021-06,Lancashire Constabulary,Lancashire Constabulary,-3.052801,53.800778,On or near Adrian Street,E01012671,Blackpool 013A,Anti-social behaviour,,
,2021-06,Lancashire Constabulary,Lancashire Constabulary,-3.052780,53.800562,On or near Haig Road,E01012671,Blackpool 013A,Anti-social behaviour,,
,2021-06,Lancashire Constabulary,Lancashire Constabulary,-3.053983,53.800075,On or near Royle Street,E01012671,Blackpool 013A,Anti-social behaviour,,
,2021-06,Lancashire Constabulary,Lancashire Constabulary,-3.053983,53.800075,On or near Royle Street,E01012671,Blackpool 013A,Anti-social behaviour,,
,2021-06,Lancashire Constabulary,Lancashire Constabulary,-3.051377,53.799100,On or near Back Waterloo Road,E01012671,Blackpool 013A,Anti-social behaviour,,
,2021-06,Lancashire Constabulary,Lancashire Constabulary,-3.054679,53.799386,On or near Parking Area,E01012671,Blackpool 013A,Anti-social behaviour,,
,2021-06,Lancashire Constabulary,Lancashire Constabulary,-3.055513,53.801140,On or near Promenade,E01012671,Blackpool 013A,Anti-social behaviour,,
,2021-06,Lancashire Constabulary,Lancashire Constabulary,-3.052499,53.799036,On or near St Bede'S Avenue,E01012671,Blackpool 013A,Anti-social behaviour,,
,2021-06,Lancashire Constabulary,Lancashire Constabulary,-3.051192,53.801430,On or near Lytham Road,E01012671,Blackpool 013A,Anti-social behaviour,,
,2021-06,Lancashire Constabulary,Lancashire Constabulary,-3.053983,53.800075,On or near Royle Street,E01012671,Blackpool 013A,Anti-social behaviour,,
bb1fa33ea6c1c3bbf5bc7568bca7bf9449b0c61f3e5226712a5c9b276cfba718,2021-06,Lancashire Constabulary,Lancashire Constabulary,-3.054542,53.802407,On or near Bolton Street,E01012671,Blackpool 013A,Burglary,Status update unavailable,
ad97ce6b7b1748684b8449288891b8c9a20c2f17b9f1edd6b235985e363138df,2021-06,Lancashire Constabulary,Lancashire Constabulary,-3.054542,53.802407,On or near Bolton Street,E01012671,Blackpool 013A,Burglary,Unable to prosecute suspect,
439c19072050498c29bd5ac2a95cda0ab42778e0dc8ac6e65afdc201cc84277f,2021-06,Lancashire Constabulary,Lancashire Constabulary,-3.053473,53.802776,On or near St Chad'S Road,E01012671,Blackpool 013A,Criminal damage and arson,Unable to prosecute suspect,
cbf5614cb8d1a9332d0e67633bcf90f62749287ab2dbf86d0476d048b975be2f,2021-06,Lancashire Constabulary,Lancashire Constabulary,-3.054240,53.801871,On or near Crystal Mews,E01012671,Blackpool 013A,Criminal damage and arson,Status update unavailable,
fb689d396d7b233ea656d06b2671b9137f3a5ac411f235fbb1b7c78a4a938356,2021-06,Lancashire Constabulary,Lancashire Constabulary,-3.052692,53.801273,On or near Alexandra Road,E01012671,Blackpool 013A,Criminal damage and arson,Investigation complete; no suspect identified,
9918dd2a36731231d7b9bae89b7c38ea71e135cd0d8132d21fb0ef93730a029f,2021-06,Lancashire Constabulary,Lancashire Constabulary,-3.051377,53.799100,On or near Back Waterloo Road,E01012671,Blackpool 013A,Criminal damage and arson,Status update unavailable,
889994863ec98e3d3c21d11c2900cb808701a122c343b0cdea34340ca16d0be7,2021-06,Lancashire Constabulary,Lancashire Constabulary,-3.052499,53.799036,On or near St Bede'S Avenue,E01012671,Blackpool 013A,Criminal damage and arson,Investigation complete; no suspect identified,
71db580e1b2c0fd3bdaa6ee1b7cac2d8fac7f3c96d0c4247a2017c89d9e59de6,2021-06,Lancashire Constabulary,Lancashire Constabulary,-3.053473,53.802776,On or near St Chad'S Road,E01012671,Blackpool 013A,Criminal damage and arson,Investigation complete; no suspect identified,
80fff04c815e53ae6338fb193dc1b5786fd81f403f61b3a980553cd40c4d0baf,2021-06,Lancashire Constabulary,Lancashire Constabulary,-3.051192,53.801430,On or near Lytham Road,E01012671,Blackpool 013A,Drugs,Investigation complete; no suspect identified,
dcc77fcb474ad0217cf0abb55d883dd31d4724b6709d76b6ec5cccbccbbb0d61,2021-06,Lancashire Constabulary,Lancashire Constabulary,-3.054240,53.801871,On or near Crystal Mews,E01012671,Blackpool 013A,Other theft,Investigation complete; no suspect identified,
71903c7471cfbcb2f3cc0f24e7ad40cb293f6875abc36b28e515a81e78022954,2021-06,Lancashire Constabulary,Lancashire Constabulary,-3.052692,53.801273,On or near Alexandra Road,E01012671,Blackpool 013A,Other theft,Investigation complete; no suspect identified,
be643fb6750789e80a137c7dc83ebb14fa16442af11357bb92e46d39f9dcbe3d,2021-06,Lancashire Constabulary,Lancashire Constabulary,-3.051192,53.801430,On or near Lytham Road,E01012671,Blackpool 013A,Other theft,Court result unavailable,
c3521c7faf876f607ce96e4871ccd4967d644e9407d1d6b45d76e277b9a64a42,2021-06,Lancashire Constabulary,Lancashire Constabulary,-3.050904,53.803266,On or near Amberbanks Grove,E01012671,Blackpool 013A,Possession of weapons,Court result unavailable,
8e67d105735b20c7cac74f991a5ae3bbec15d4b9604ebbb5d614e3d7f0930b1b,2021-06,Lancashire Constabulary,Lancashire Constabulary,-3.052801,53.800778,On or near Adrian Street,E01012671,Blackpool 013A,Public order,Unable to prosecute suspect,
7457fc12b8c2375f234a65e5ab63b45ae172c31db3c87b59940311a222030fcf,2021-06,Lancashire Constabulary,Lancashire Constabulary,-3.054542,53.802407,On or near Bolton Street,E01012671,Blackpool 013A,Public order,Unable to prosecute suspect,
d28924f3b36180bcca6c385942e15e04f5bb56a8a5ec99a56eae54229b609c33,2021-06,Lancashire Constabulary,Lancashire Constabulary,-3.051377,53.799100,On or near Back Waterloo Road,E01012671,Blackpool 013A,Public order,Status update unavailable,
1149d1ed834f68d43808ec6d5e2ece978cf52355205bcd35158fd549879d670b,2021-06,Lancashire Constabulary,Lancashire Constabulary,-3.052499,53.799036,On or near St Bede'S Avenue,E01012671,Blackpool 013A,Public order,Further investigation is not in the public interest,
0d95265ac1db78b8738a612c1a847d8139e5384becf3fd70be3f7984b2977203,2021-06,Lancashire Constabulary,Lancashire Constabulary,-3.053983,53.800075,On or near Royle Street,E01012671,Blackpool 013A,Public order,Unable to prosecute suspect,
8f962731b7cdfc5ea4ea2735ccfd5d80664f17016381c2695205b0b13bd88259,2021-06,Lancashire Constabulary,Lancashire Constabulary,-3.052780,53.800562,On or near Haig Road,E01012671,Blackpool 013A,Public order,Unable to prosecute suspect,
133c7f54b52e58803eb2d81dd41c0ab33862613eec179033a97ac0a77890c9fb,2021-06,Lancashire Constabulary,Lancashire Constabulary,-3.051192,53.801430,On or near Lytham Road,E01012671,Blackpool 013A,Public order,Status update unavailable,
fb1b3c84153150aec585b769ef6b71b2b67f6e566f3bfd75cec57bc0935ade98,2021-06,Lancashire Constabulary,Lancashire Constabulary,-3.054240,53.801871,On or near Crystal Mews,E01012671,Blackpool 013A,Public order,Investigation complete; no suspect identified,
7f61bedfc723bf34cac50006ac786fefebc417560ed3eb39d6481e4e95403e59,2021-06,Lancashire Constabulary,Lancashire Constabulary,-3.055062,53.799544,On or near Britannia Place,E01012671,Blackpool 013A,Public order,Status update unavailable,
2b771df98e0c004074658db33e024ec45de6e2247e7db171d5796e4b0536be11,2021-06,Lancashire Constabulary,Lancashire Constabulary,-3.054240,53.801871,On or near Crystal Mews,E01012671,Blackpool 013A,Public order,Investigation complete; no suspect identified,
a4065efb22edbdc2ae8499b0f7d2079dfd57bc31988a57cadd1fef1e0227ad3d,2021-06,Lancashire Constabulary,Lancashire Constabulary,-3.054542,53.802407,On or near Bolton Street,E01012671,Blackpool 013A,Public order,Unable to prosecute suspect,
4dd9cdf9a54065b77e380777fbedbb26778088fe4c3e45805418013d09bd68b4,2021-06,Lancashire Constabulary,Lancashire Constabulary,-3.054240,53.801871,On or near Crystal Mews,E01012671,Blackpool 013A,Public order,Investigation complete; no suspect identified,
eddb3380e0b518dc783021db4ce43891555d052228feaacb5eb3f7081e3f1ca9,2021-06,Lancashire Constabulary,Lancashire Constabulary,-3.053427,53.802147,On or near Crystal Road,E01012671,Blackpool 013A,Robbery,Investigation complete; no suspect identified,
89e012928114c4e9b7e14de04146294bb1aeac3081e83ab3f29ccc729f532003,2021-06,Lancashire Constabulary,Lancashire Constabulary,-3.050725,53.802755,On or near Lowrey Terrace,E01012671,Blackpool 013A,Robbery,Further investigation is not in the public interest,
809b24072443bb6d336ff83693cf5edb0deb2a0fff00779283a6843c42fc67d3,2021-06,Lancashire Constabulary,Lancashire Constabulary,-3.052499,53.799036,On or near St Bede'S Avenue,E01012671,Blackpool 013A,Theft from the person,Investigation complete; no suspect identified,
2a775ed91712ab8400e4a65524892b18914269a16d40c658c0d0f21a85e5ed07,2021-06,Lancashire Constabulary,Lancashire Constabulary,-3.050904,53.803266,On or near Amberbanks Grove,E01012671,Blackpool 013A,Theft from the person,Investigation complete; no suspect identified,
1c11a703821b6a141cf0d7650533e1245ee2e51c48393e4360cb85daf42c20f6,2021-06,Lancashire Constabulary,Lancashire Constabulary,-3.052499,53.799036,On or near St Bede'S Avenue,E01012671,Blackpool 013A,Vehicle crime,Investigation complete; no suspect identified,
be9e4d51f9e117fbae474d5ed770fc9f03889e974b9c709db6e98aeeaa00af95,2021-06,Lancashire Constabulary,Lancashire Constabulary,-3.051192,53.801430,On or near Lytham Road,E01012671,Blackpool 013A,Violence and sexual offences,Unable to prosecute suspect,
1c019d769d25602aa114e4109d2151114244be29f156b153aafb136c8b28126c,2021-06,Lancashire Constabulary,Lancashire Constabulary,-3.051081,53.799399,On or near Supermarket,E01012671,Blackpool 013A,Violence and sexual offences,Unable to prosecute suspect,
71182f4082c4b7c6e0704f374c5001049f0a22b0069945f163c8f3074b2c5456,2021-06,Lancashire Constabulary,Lancashire Constabulary,-3.053406,53.801914,On or near Austin Grove,E01012671,Blackpool 013A,Violence and sexual offences,Unable to prosecute suspect,
b4875af1975603c6a880114d095ba214336a6acf480a73b062bcae8f58221daa,2021-06,Lancashire Constabulary,Lancashire Constabulary,-3.050725,53.802755,On or near Lowrey Terrace,E01012671,Blackpool 013A,Violence and sexual offences,Unable to prosecute suspect,
1d7a58d42b5b04982eba4ac50d063c5a7b6f98f00147275a87bead20258afb04,2021-06,Lancashire Constabulary,Lancashire Constabulary,-3.053406,53.801914,On or near Austin Grove,E01012671,Blackpool 013A,Violence and sexual offences,Unable to prosecute suspect,
2cd32c2c9a2d8fb4c20324701906398cd13aa46ae52b01badb45585daa46abd5,2021-06,Lancashire Constabulary,Lancashire Constabulary,-3.052499,53.799036,On or near St Bede'S Avenue,E01012671,Blackpool 013A,Violence and sexual offences,Unable to prosecute suspect,
b9fbff72141c352113b6ef7a3f651cea461f3ce011515b61a205ca5aa68bdec9,2021-06,Lancashire Constabulary,Lancashire Constabulary,-3.051739,53.799627,On or near Bagot Street,E01012671,Blackpool 013A,Violence and sexual offences,Unable to prosecute suspect,
5549a52422a3a42e0b87be47b4c87484c538114a5ac25310cd586d0c860bbe52,2021-06,Lancashire Constabulary,Lancashire Constabulary,-3.052692,53.801273,On or near Alexandra Road,E01012671,Blackpool 013A,Violence and sexual offences,Status update unavailable,
e464e2692cb20b1cbce67f843aed79cca4414bc4013c7e7c20aac6304dfebfcc,2021-06,Lancashire Constabulary,Lancashire Constabulary,-3.053983,53.800075,On or near Royle Street,E01012671,Blackpool 013A,Violence and sexual offences,Unable to prosecute suspect,
bbeece3f1705b82de971b25b512763f5f7d1563e6a9633b952bf14dbab7a7d87,2021-06,Lancashire Constabulary,Lancashire Constabulary,-3.050725,53.802755,On or near Lowrey Terrace,E01012671,Blackpool 013A,Violence and sexual offences,Further investigation is not in the public interest,
66b52c883a35ee6b5d2f8ea8cd8d37b3495f38a1d96c574fca6a47296d37924c,2021-06,Lancashire Constabulary,Lancashire Constabulary,-3.053473,53.802776,On or near St Chad'S Road,E01012671,Blackpool 013A,Violence and sexual offences,Investigation complete; no suspect identified,
9e6523769ecd92aa4df5d9ba9cf9fc30ad4c34090f764f0cd1288d84ae6dcb00,2021-06,Lancashire Constabulary,Lancashire Constabulary,-3.053983,53.800075,On or near Royle Street,E01012671,Blackpool 013A,Violence and sexual offences,Unable to prosecute suspect,
1dca63ca26d36ddf7a3c18de247b87a76a4b31bdc7e37905364c49091e255d25,2021-06,Lancashire Constabulary,Lancashire Constabulary,-3.051192,53.801430,On or near Lytham Road,E01012671,Blackpool 013A,Violence and sexual offences,Unable to prosecute suspect,
91aa85a03a9917aa14eaa57311ffccd22b2edc0336f1c21de7804036ef34c490,2021-06,Lancashire Constabulary,Lancashire Constabulary,-3.051081,53.799399,On or near Supermarket,E01012671,Blackpool 013A,Violence and sexual offences,Investigation complete; no suspect identified,
543e83005cf834b5c31315d2dece47e9664319aaf24d1dca58d0736c192436d8,2021-06,Lancashire Constabulary,Lancashire Constabulary,-3.053237,53.800001,On or near Shaw Road,E01012671,Blackpool 013A,Violence and sexual offences,Investigation complete; no suspect identified,
15e7dedeaf8f8f30f9a4b27cada699db705a4b611ab7b656ba7f5e2da0325a27,2021-06,Lancashire Constabulary,Lancashire Constabulary,-3.051192,53.801430,On or near Lytham Road,E01012671,Blackpool 013A,Violence and sexual offences,Unable to prosecute suspect,
08cdbd2f9545478abf0c294eb086410e21cf58e3c23a5421efebec63c32c9cd4,2021-06,Lancashire Constabulary,Lancashire Constabulary,-3.052499,53.799036,On or near St Bede'S Avenue,E01012671,Blackpool 013A,Violence and sexual offences,Unable to prosecute suspect,
42a0d30d313eb949dd5da4c7923ce14e07bcd3a8b19cc6e067ee865e54acd78c,2021-06,Lancashire Constabulary,Lancashire Constabulary,-3.050725,53.802755,On or near Lowrey Terrace,E01012671,Blackpool 013A,Violence and sexual offences,Unable to prosecute suspect,
b493b870cd5c08f43b372ecb1659f66ed645226c582fd1475323f976bcc473ea,2021-06,Lancashire Constabulary,Lancashire Constabulary,-3.054044,53.798906,On or near Price Street,E01012671,Blackpool 013A,Violence and sexual offences,Unable to prosecute suspect,
1015f611a92b06a22be128c43da64c56803ec99a696be648a40abece450af819,2021-06,Lancashire Constabulary,Lancashire Constabulary,-3.053473,53.802776,On or near St Chad'S Road,E01012671,Blackpool 013A,Violence and sexual offences,Offender given a caution,
f0c497646dd9424f2bcb597a2e5710abae90509cc0a710d0cebc12141d3457e1,2021-06,Lancashire Constabulary,Lancashire Constabulary,-3.053597,53.804060,On or near Wellington Road,E01012671,Blackpool 013A,Violence and sexual offences,Unable to prosecute suspect,
dd8dff64149408f1641a9d4ee6753bce69b89884d3b126ac8f93fe54baef9a57,2021-06,Lancashire Constabulary,Lancashire Constabulary,-3.053597,53.804060,On or near Wellington Road,E01012671,Blackpool 013A,Violence and sexual offences,Unable to prosecute suspect,
07559ed27a2e7a97b374dc1770f8990620a61520e0739590787e6c84c8ad1c3a,2021-06,Lancashire Constabulary,Lancashire Constabulary,-3.052780,53.800562,On or near Haig Road,E01012671,Blackpool 013A,Violence and sexual offences,Unable to prosecute suspect,
c13f2868d8697f7558d9a7504b1560befc1ced923dabd4d41ca219cb741b28a4,2021-06,Lancashire Constabulary,Lancashire Constabulary,-3.051192,53.801430,On or near Lytham Road,E01012671,Blackpool 013A,Violence and sexual offences,Unable to prosecute suspect,
902d3a8a6d9fc72c4748a93a94c3fae653d2456ed9b3b4c09e6e5d742610b54a,2021-06,Lancashire Constabulary,Lancashire Constabulary,-3.054542,53.802407,On or near Bolton Street,E01012671,Blackpool 013A,Violence and sexual offences,Investigation complete; no suspect identified,
a591c01bfe84e4918123f2867b6bff99874b849ecac0b047f4f15299c0f5c3fa,2021-06,Lancashire Constabulary,Lancashire Constabulary,-3.055513,53.801140,On or near Promenade,E01012671,Blackpool 013A,Violence and sexual offences,Unable to prosecute suspect,
31863bcc901106fc3c577bfc1efde6c01f34e4941b881e40cbe0ef6a01b48c02,2021-06,Lancashire Constabulary,Lancashire Constabulary,-3.051192,53.801430,On or near Lytham Road,E01012671,Blackpool 013A,Other crime,Status update unavailable,
8a30c68d2a7a87d6599c43e088d06c5a32461d6aab25f12adf5a343b33a90ca3,2021-06,Lancashire Constabulary,Lancashire Constabulary,-3.054240,53.801871,On or near Crystal Mews,E01012671,Blackpool 013A,Other crime,Investigation complete; no suspect identified,
,2021-06,Lancashire Constabulary,Lancashire Constabulary,-3.053115,53.803642,On or near Woodfield Avenue,E01012672,Blackpool 013B,Anti-social behaviour,,
,2021-06,Lancashire Constabulary,Lancashire Constabulary,-3.055241,53.807237,On or near Lytham Road,E01012672,Blackpool 013B,Anti-social behaviour,,
,2021-06,Lancashire Constabulary,Lancashire Constabulary,-3.054586,53.809606,On or near Dale Street Mews,E01012672,Blackpool 013B,Anti-social behaviour,,
,2021-06,Lancashire Constabulary,Lancashire Constabulary,-3.054238,53.805403,On or near Trafalgar Road,E01012672,Blackpool 013B,Anti-social behaviour,,
,2021-06,Lancashire Constabulary,Lancashire Constabulary,-3.052616,53.810379,On or near Back Shannon Street,E01012672,Blackpool 013B,Anti-social behaviour,,
,2021-06,Lancashire Constabulary,Lancashire Constabulary,-3.055241,53.807237,On or near Lytham Road,E01012672,Blackpool 013B,Anti-social behaviour,,
,2021-06,Lancashire Constabulary,Lancashire Constabulary,-3.055036,53.808749,On or near Nightclub,E01012672,Blackpool 013B,Anti-social behaviour,,
,2021-06,Lancashire Constabulary,Lancashire Constabulary,-3.050808,53.804283,On or near Barham Street,E01012672,Blackpool 013B,Anti-social behaviour,,
,2021-06,Lancashire Constabulary,Lancashire Constabulary,-3.052506,53.809634,On or near Caroline Street,E01012672,Blackpool 013B,Anti-social behaviour,,
,2021-06,Lancashire Constabulary,Lancashire Constabulary,-3.054061,53.806825,On or near Tyldesley Road,E01012672,Blackpool 013B,Anti-social behaviour,,
,2021-06,Lancashire Constabulary,Lancashire Constabulary,-3.051265,53.804935,On or near Back Clarendon Road,E01012672,Blackpool 013B,Anti-social behaviour,,
,2021-06,Lancashire Constabulary,Lancashire Constabulary,-3.054236,53.804747,On or near Barton Avenue,E01012672,Blackpool 013B,Anti-social behaviour,,
,2021-06,Lancashire Constabulary,Lancashire Constabulary,-3.052506,53.809634,On or near Caroline Street,E01012672,Blackpool 013B,Anti-social behaviour,,
,2021-06,Lancashire Constabulary,Lancashire Constabulary,-3.053784,53.810306,On or near Bickerstaffe Street,E01012672,Blackpool 013B,Anti-social behaviour,,
,2021-06,Lancashire Constabulary,Lancashire Constabulary,-3.054238,53.805403,On or near Trafalgar Road,E01012672,Blackpool 013B,Anti-social behaviour,,
,2021-06,Lancashire Constabulary,Lancashire Constabulary,-3.053173,53.804711,On or near Nelson Road,E01012672,Blackpool 013B,Anti-social behaviour,,
,2021-06,Lancashire Constabulary,Lancashire Constabulary,-3.053952,53.810942,On or near Cragg Street,E01012672,Blackpool 013B,Anti-social behaviour,,
,2021-06,Lancashire Constabulary,Lancashire Constabulary,-3.054061,53.806825,On or near Tyldesley Road,E01012672,Blackpool 013B,Anti-social behaviour,,
,2021-06,Lancashire Constabulary,Lancashire Constabulary,-3.052343,53.803730,On or near Back Woodfield Road,E01012672,Blackpool 013B,Anti-social behaviour,,
,2021-06,Lancashire Constabulary,Lancashire Constabulary,-3.054236,53.804747,On or near Barton Avenue,E01012672,Blackpool 013B,Anti-social behaviour,,
,2021-06,Lancashire Constabulary,Lancashire Constabulary,-3.052343,53.803730,On or near Back Woodfield Road,E01012672,Blackpool 013B,Anti-social behaviour,,
,2021-06,Lancashire Constabulary,Lancashire Constabulary,-3.054061,53.806825,On or near Tyldesley Road,E01012672,Blackpool 013B,Anti-social behaviour,,
,2021-06,Lancashire Constabulary,Lancashire Constabulary,-3.052343,53.803730,On or near Back Woodfield Road,E01012672,Blackpool 013B,Anti-social behaviour,,
,2021-06,Lancashire Constabulary,Lancashire Constabulary,-3.051265,53.804935,On or near Back Clarendon Road,E01012672,Blackpool 013B,Anti-social behaviour,,
,2021-06,Lancashire Constabulary,Lancashire Constabulary,-3.052616,53.810379,On or near Back Shannon Street,E01012672,Blackpool 013B,Anti-social behaviour,,
,2021-06,Lancashire Constabulary,Lancashire Constabulary,-3.051044,53.804002,On or near John Street,E01012672,Blackpool 013B,Anti-social behaviour,,
,2021-06,Lancashire Constabulary,Lancashire Constabulary,-3.051044,53.804002,On or near John Street,E01012672,Blackpool 013B,Anti-social behaviour,,
,2021-06,Lancashire Constabulary,Lancashire Constabulary,-3.055036,53.808749,On or near Nightclub,E01012672,Blackpool 013B,Anti-social behaviour,,
,2021-06,Lancashire Constabulary,Lancashire Constabulary,-3.050471,53.807782,On or near Rigby Road,E01012672,Blackpool 013B,Anti-social behaviour,,
,2021-06,Lancashire Constabulary,Lancashire Constabulary,-3.053115,53.803642,On or near Woodfield Avenue,E01012672,Blackpool 013B,Anti-social behaviour,,
,2021-06,Lancashire Constabulary,Lancashire Constabulary,-3.054238,53.805403,On or near Trafalgar Road,E01012672,Blackpool 013B,Anti-social behaviour,,
,2021-06,Lancashire Constabulary,Lancashire Constabulary,-3.053952,53.810942,On or near Cragg Street,E01012672,Blackpool 013B,Anti-social behaviour,,
,2021-06,Lancashire Constabulary,Lancashire Constabulary,-3.054236,53.804747,On or near Barton Avenue,E01012672,Blackpool 013B,Anti-social behaviour,,
,2021-06,Lancashire Constabulary,Lancashire Constabulary,-3.054236,53.804747,On or near Barton Avenue,E01012672,Blackpool 013B,Anti-social behaviour,,
,2021-06,Lancashire Constabulary,Lancashire Constabulary,-3.053155,53.808262,On or near Blundell Street,E01012672,Blackpool 013B,Anti-social behaviour,,
,2021-06,Lancashire Constabulary,Lancashire Constabulary,-3.051624,53.805309,On or near Lonsdale Road,E01012672,Blackpool 013B,Anti-social behaviour,,
,2021-06,Lancashire Constabulary,Lancashire Constabulary,-3.054061,53.806825,On or near Tyldesley Road,E01012672,Blackpool 013B,Anti-social behaviour,,
,2021-06,Lancashire Constabulary,Lancashire Constabulary,-3.053952,53.810942,On or near Cragg Street,E01012672,Blackpool 013B,Anti-social behaviour,,
,2021-06,Lancashire Constabulary,Lancashire Constabulary,-3.054061,53.806825,On or near Tyldesley Road,E01012672,Blackpool 013B,Anti-social behaviour,,
,2021-06,Lancashire Constabulary,Lancashire Constabulary,-3.050471,53.807782,On or near Rigby Road,E01012672,Blackpool 013B,Anti-social behaviour,,
,2021-06,Lancashire Constabulary,Lancashire Constabulary,-3.052835,53.806997,On or near Blundell Street,E01012672,Blackpool 013B,Anti-social behaviour,,
,2021-06,Lancashire Constabulary,Lancashire Constabulary,-3.055241,53.807237,On or near Lytham Road,E01012672,Blackpool 013B,Anti-social behaviour,,
,2021-06,Lancashire Constabulary,Lancashire Constabulary,-3.053784,53.810306,On or near Bickerstaffe Street,E01012672,Blackpool 013B,Anti-social behaviour,,
,2021-06,Lancashire Constabulary,Lancashire Constabulary,-3.052958,53.805846,On or near Kirby Road,E01012672,Blackpool 013B,Anti-social behaviour,,
,2021-06,Lancashire Constabulary,Lancashire Constabulary,-3.053366,53.806363,On or near Hopton Road,E01012672,Blackpool 013B,Anti-social behaviour,,
,2021-06,Lancashire Constabulary,Lancashire Constabulary,-3.054216,53.808163,On or near Tyldesley Road,E01012672,Blackpool 013B,Anti-social behaviour,,
,2021-06,Lancashire Constabulary,Lancashire Constabulary,-3.054059,53.809791,On or near Yorkshire Street,E01012672,Blackpool 013B,Anti-social behaviour,,
780d813b4eaac0325a5903f42e20877f5f4a76bb675c2d4540016890b18a0fac,2021-06,Lancashire Constabulary,Lancashire Constabulary,-3.054061,53.806825,On or near Tyldesley Road,E01012672,Blackpool 013B,Burglary,Status update unavailable,
d9ed3ef93e4e5c7d8244b1563e3f263a8fde0cd357a35033c5310dce4891c893,2021-06,Lancashire Constabulary,Lancashire Constabulary,-3.054061,53.806825,On or near Tyldesley Road,E01012672,Blackpool 013B,Burglary,Investigation complete; no suspect identified,
da0f5b9a7dbd6e95ed21f80bc88294bcdda705c16d67963e95ff065125a56642,2021-06,Lancashire Constabulary,Lancashire Constabulary,-3.054061,53.806825,On or near Tyldesley Road,E01012672,Blackpool 013B,Burglary,Investigation complete; no suspect identified,
372575676e0d67602ce8efc799be5c5376bd1bda9903360ae690937180777f3e,2021-06,Lancashire Constabulary,Lancashire Constabulary,-3.051265,53.804935,On or near Back Clarendon Road,E01012672,Blackpool 013B,Burglary,Unable to prosecute suspect,
5c16b2bcf0747e087e070f04f0b255fc57b799bcfaee7d98d6188c846a8dc962,2021-06,Lancashire Constabulary,Lancashire Constabulary,-3.054019,53.809405,On or near Bairstow Street,E01012672,Blackpool 013B,Burglary,Investigation complete; no suspect identified,
0aef4dea38ec22fbf5eead1e2dccc52cc5acf3bc48e3621f2867f961bede4527,2021-06,Lancashire Constabulary,Lancashire Constabulary,-3.054216,53.808163,On or near Tyldesley Road,E01012672,Blackpool 013B,Criminal damage and arson,Unable to prosecute suspect,
dfbf2ea09d0a98dc27eecccf5cadb8950b695e29ff4e01597c87e8cc4ac73245,2021-06,Lancashire Constabulary,Lancashire Constabulary,-3.054061,53.806825,On or near Tyldesley Road,E01012672,Blackpool 013B,Criminal damage and arson,Status update unavailable,
a90a9b3c4b8b0b72729ded7326e5ab5913a4efad5a7974611e6ff6cd87c42efa,2021-06,Lancashire Constabulary,Lancashire Constabulary,-3.055036,53.808749,On or near Nightclub,E01012672,Blackpool 013B,Criminal damage and arson,Investigation complete; no suspect identified,
b5b9626a8ca7bad69a3ea5f1d790e75d488c6a9fb87a8e8a16cdc21f7ec1a941,2021-06,Lancashire Constabulary,Lancashire Constabulary,-3.053366,53.806363,On or near Hopton Road,E01012672,Blackpool 013B,Criminal damage and arson,Investigation complete; no suspect identified,
cd727f75e4940ad6f997debf9b6eb46bb432ea6f182f45eb2a2f2d025aa4f846,2021-06,Lancashire Constabulary,Lancashire Constabulary,-3.053173,53.804711,On or near Nelson Road,E01012672,Blackpool 013B,Criminal damage and arson,Action to be taken by another organisation,
968c95522d0906567ef6d591fe4a9ed233dd2f92aec9c673336546a65d567dc2,2021-06,Lancashire Constabulary,Lancashire Constabulary,-3.053848,53.804409,On or near Gadsby Street,E01012672,Blackpool 013B,Criminal damage and arson,Investigation complete; no suspect identified,
cb081be9dc1a38e8b392cdc4d3913a8d701d3312b0da3edcf65e717e8cedba31,2021-06,Lancashire Constabulary,Lancashire Constabulary,-3.054238,53.805403,On or near Trafalgar Road,E01012672,Blackpool 013B,Criminal damage and arson,Investigation complete; no suspect identified,
e1f4b95f44e635a43264dcc2a0f208520d2bba6da547bed7b343c49c55ff7a73,2021-06,Lancashire Constabulary,Lancashire Constabulary,-3.054061,53.806825,On or near Tyldesley Road,E01012672,Blackpool 013B,Drugs,Status update unavailable,
eb854cd3b9d11fafd826fe017e1729b80f89bf06dea6d0c1d025bbfdf9cfbb9a,2021-06,Lancashire Constabulary,Lancashire Constabulary,-3.055036,53.808749,On or near Nightclub,E01012672,Blackpool 013B,Other theft,Investigation complete; no suspect identified,
36d960b435bca5e5d4f9b2a4208fb3b38c1bd0fb0bfe222789c3d503d445c84e,2021-06,Lancashire Constabulary,Lancashire Constabulary,-3.051228,53.804674,On or near Clarendon Road,E01012672,Blackpool 013B,Other theft,Status update unavailable,
9220931f9d431760fb3595d643e4b38fa033e173c44b93869ca994a3ec06d8d0,2021-06,Lancashire Constabulary,Lancashire Constabulary,-3.051624,53.805309,On or near Lonsdale Road,E01012672,Blackpool 013B,Other theft,Unable to prosecute suspect,
4f72956b07401aeb9ffe513ca617221ffa62dac613b4a951a362385526efdbb1,2021-06,Lancashire Constabulary,Lancashire Constabulary,-3.054061,53.806825,On or near Tyldesley Road,E01012672,Blackpool 013B,Other theft,Status update unavailable,
8b4220827bffa78cb5ad4d96d1a9d12916be6910ba201246bc770ec8be66a4c8,2021-06,Lancashire Constabulary,Lancashire Constabulary,-3.051265,53.804935,On or near Back Clarendon Road,E01012672,Blackpool 013B,Other theft,Investigation complete; no suspect identified,
c103440aa52ad4b385c5c0de17bf18872468c0aea566aac29a6c0c06ae6069fc,2021-06,Lancashire Constabulary,Lancashire Constabulary,-3.054061,53.806825,On or near Tyldesley Road,E01012672,Blackpool 013B,Other theft,Status update unavailable,
4193d0b3b67f5ccedbde3e0260724f68539e40e0fd1aeaae623c0ace0fd64b3f,2021-06,Lancashire Constabulary,Lancashire Constabulary,-3.052958,53.805846,On or near Kirby Road,E01012672,Blackpool 013B,Other theft,Investigation complete; no suspect identified,
1e422255ede6916a9a1a4968666708bff9200976e0c541d275e51265e97c585a,2021-06,Lancashire Constabulary,Lancashire Constabulary,-3.054061,53.806825,On or near Tyldesley Road,E01012672,Blackpool 013B,Public order,Investigation complete; no suspect identified,
5da29dfed2a6a160e2aa9ed2cd5358175b5dc7e9af9a226768777d2f816bcd0f,2021-06,Lancashire Constabulary,Lancashire Constabulary,-3.050471,53.807782,On or near Rigby Road,E01012672,Blackpool 013B,Public order,Further investigation is not in the public interest,
ddc0000a2cb64648d98d513ff420fe07a6c6e266d8bdff0619e90e17542b099b,2021-06,Lancashire Constabulary,Lancashire Constabulary,-3.054238,53.805403,On or near Trafalgar Road,E01012672,Blackpool 013B,Public order,Unable to prosecute suspect,
cba3abca6d938a42481aeaac607b1ff962b35f837a33e923fe3055de827d57d4,2021-06,Lancashire Constabulary,Lancashire Constabulary,-3.051044,53.804002,On or near John Street,E01012672,Blackpool 013B,Public order,Status update unavailable,
d9671b992e27741c10e89c5627110466f02ac218320457482bb2199d6d8fdc16,2021-06,Lancashire Constabulary,Lancashire Constabulary,-3.054238,53.805403,On or near Trafalgar Road,E01012672,Blackpool 013B,Public order,Unable to prosecute suspect,
52788e1d30cdf4d12ea061c926993278a0e1717b8c9e38fd3c431f503087c1d0,2021-06,Lancashire Constabulary,Lancashire Constabulary,-3.053784,53.810306,On or near Bickerstaffe Street,E01012672,Blackpool 013B,Public order,Status update unavailable,
9268f3f4ba8ae36ef9ba555f2aac2d0c63281fd95de198267c555649f7814679,2021-06,Lancashire Constabulary,Lancashire Constabulary,-3.052343,53.803730,On or near Back Woodfield Road,E01012672,Blackpool 013B,Public order,Unable to prosecute suspect,
6364da529e7d801f2af20ee69e2874fa3e829e048ce91d760ae20667c2be8d5d,2021-06,Lancashire Constabulary,Lancashire Constabulary,-3.051265,53.804935,On or near Back Clarendon Road,E01012672,Blackpool 013B,Public order,Court result unavailable,
38311d60a954bed7b3aea641865c9c4b37d4e59956ff47c2f5c7ffc310eac75d,2021-06,Lancashire Constabulary,Lancashire Constabulary,-3.054061,53.806825,On or near Tyldesley Road,E01012672,Blackpool 013B,Public order,Further investigation is not in the public interest,
de5cd13d6c8c720228869a9eeb2d0e45f5c46baecef8a36575ab35262b1066f3,2021-06,Lancashire Constabulary,Lancashire Constabulary,-3.051228,53.804674,On or near Clarendon Road,E01012672,Blackpool 013B,Public order,Status update unavailable,
ca2983dd7eea6bd30c53283166af101a2d356eae2d5a309dab23ad54d298cbf5,2021-06,Lancashire Constabulary,Lancashire Constabulary,-3.052506,53.809634,On or near Caroline Street,E01012672,Blackpool 013B,Public order,Offender given penalty notice,
9133a0cdb4eeac8268855e7f7367e466fde1409bf71de01407498afbb7ffb150,2021-06,Lancashire Constabulary,Lancashire Constabulary,-3.054238,53.805403,On or near Trafalgar Road,E01012672,Blackpool 013B,Public order,Status update unavailable,
005a117d93f67dc35164e34e5e30a9cbec0e8c8099b020b7b3533f01473e905b,2021-06,Lancashire Constabulary,Lancashire Constabulary,-3.055036,53.808749,On or near Nightclub,E01012672,Blackpool 013B,Shoplifting,Unable to prosecute suspect,
5fb5f9b4dd00be747ee1025325c773ff700949fd4bed20e944c97ab3b3faa2a7,2021-06,Lancashire Constabulary,Lancashire Constabulary,-3.051265,53.804935,On or near Back Clarendon Road,E01012672,Blackpool 013B,Shoplifting,Court result unavailable,
90d6ba510637bb2abd347ae372a99a732c3ac12b30ce1a9aa39e79582f21d31c,2021-06,Lancashire Constabulary,Lancashire Constabulary,-3.055036,53.808749,On or near Nightclub,E01012672,Blackpool 013B,Shoplifting,Further investigation is not in the public interest,
9de102fd174eca9f5106b3be120552169e9c82d08bda74b7f794363d427e67ac,2021-06,Lancashire Constabulary,Lancashire Constabulary,-3.055036,53.808749,On or near Nightclub,E01012672,Blackpool 013B,Shoplifting,Further investigation is not in the public interest,
c08543f5b6d5a748f59d84cfe111a14d441057579872e385574b24fb41910678,2021-06,Lancashire Constabulary,Lancashire Constabulary,-3.053784,53.810306,On or near Bickerstaffe Street,E01012672,Blackpool 013B,Vehicle crime,Unable to prosecute suspect,
20146d9173ba739a82c3a049f33af7b59f82f3e499957fa36b813ba1b5e3700b,2021-06,Lancashire Constabulary,Lancashire Constabulary,-3.055241,53.807237,On or near Lytham Road,E01012672,Blackpool 013B,Vehicle crime,Investigation complete; no suspect identified,
60f4887f5c5f133c8f4178046d9fcf9b3df44149f624689555944397f2901cad,2021-06,Lancashire Constabulary,Lancashire Constabulary,-3.054238,53.805403,On or near Trafalgar Road,E01012672,Blackpool 013B,Vehicle crime,Investigation complete; no suspect identified,
8940903e57e6ced6edd1bd26203a8051c35b82a1b2c07d09ff7dbc6e8fc14a37,2021-06,Lancashire Constabulary,Lancashire Constabulary,-3.053952,53.810942,On or near Cragg Street,E01012672,Blackpool 013B,Vehicle crime,Investigation complete; no suspect identified,
6ad7c68d024a1699acde328170d421097a83b73acc597d217e3173a94977b0ca,2021-06,Lancashire Constabulary,Lancashire Constabulary,-3.053155,53.808262,On or near Blundell Street,E01012672,Blackpool 013B,Vehicle crime,Investigation complete; no suspect identified,
963acb99f8504bfe087474f3a7743626be6c095420198071d85193a9aeb812c0,2021-06,Lancashire Constabulary,Lancashire Constabulary,-3.053784,53.810306,On or near Bickerstaffe Street,E01012672,Blackpool 013B,Violence and sexual offences,Unable to prosecute suspect,
a0437899560cd08aa8b3c07bba81faaee7487520ccea1821a5f6981d2a47e43c,2021-06,Lancashire Constabulary,Lancashire Constabulary,-3.053784,53.810306,On or near Bickerstaffe Street,E01012672,Blackpool 013B,Violence and sexual offences,Unable to prosecute suspect,
167d6f32ffc687b28e2b9380fcf137bd9ddc611478f530f9feb3b7d07da7e34e,2021-06,Lancashire Constabulary,Lancashire Constabulary,-3.054586,53.809606,On or near Dale Street Mews,E01012672,Blackpool 013B,Violence and sexual offences,Investigation complete; no suspect identified,
209010aaf57993fad25ad02d8879a4ec96de63e2c6bc4baede1360a11e7c1dae,2021-06,Lancashire Constabulary,Lancashire Constabulary,-3.054061,53.806825,On or near Tyldesley Road,E01012672,Blackpool 013B,Violence and sexual offences,Unable to prosecute suspect,
b3ee1928a8458eace264a70d15fb3129979bfe05bb8a1ef6a8a881bc5b169562,2021-06,Lancashire Constabulary,Lancashire Constabulary,-3.055241,53.807237,On or near Lytham Road,E01012672,Blackpool 013B,Violence and sexual offences,Investigation complete; no suspect identified,
ea4d4e65e7fbe42c45986e4454fec3303e16572bba6da7e6489fb9cee364a021,2021-06,Lancashire Constabulary,Lancashire Constabulary,-3.051265,53.804935,On or near Back Clarendon Road,E01012672,Blackpool 013B,Violence and sexual offences,Unable to prosecute suspect,
bf604743a403cd8a8e2b06a845de3318d38f98a9194d39bdfe516ee2dfb693cb,2021-06,Lancashire Constabulary,Lancashire Constabulary,-3.054059,53.809791,On or near Yorkshire Street,E01012672,Blackpool 013B,Violence and sexual offences,Unable to prosecute suspect,
c4cd2a78da04ba688da51cb95dd74cd056d79dd446cc4a02907447bdefb4c0e1,2021-06,Lancashire Constabulary,Lancashire Constabulary,-3.054216,53.808163,On or near Tyldesley Road,E01012672,Blackpool 013B,Violence and sexual offences,Unable to prosecute suspect,
120b92a859e042bc2f4a68b4568b7e0667a5244428479d3d36c9c1b2441a6b15,2021-06,Lancashire Constabulary,Lancashire Constabulary,-3.054061,53.806825,On or near Tyldesley Road,E01012672,Blackpool 013B,Violence and sexual offences,Court result unavailable,
53c467286494e6d1340d11020b3bcc4d2a084ee263a2fd40409ad482af141c36,2021-06,Lancashire Constabulary,Lancashire Constabulary,-3.053784,53.810306,On or near Bickerstaffe Street,E01012672,Blackpool 013B,Violence and sexual offences,Investigation complete; no suspect identified,
0fc6061f02c766feee2db7e24cf109fb6e7f5045df05bdd36fbec1adaa0989ea,2021-06,Lancashire Constabulary,Lancashire Constabulary,-3.054238,53.805403,On or near Trafalgar Road,E01012672,Blackpool 013B,Violence and sexual offences,Investigation complete; no suspect identified,
d973d34f0fc96a0dca90cf2a20d49d44bd83e4752b220d04e5d99605eafb9f92,2021-06,Lancashire Constabulary,Lancashire Constabulary,-3.053784,53.810306,On or near Bickerstaffe Street,E01012672,Blackpool 013B,Violence and sexual offences,Further investigation is not in the public interest,
17d8b736e02c97e001c4d1ed19b5c23891a7cb292ee91f477d55ea31337b12c1,2021-06,Lancashire Constabulary,Lancashire Constabulary,-3.054238,53.805403,On or near Trafalgar Road,E01012672,Blackpool 013B,Violence and sexual offences,Court result unavailable,
e7e3d37a5a7f8c3fd3d2303186fe7eb857a7f25d9dd1ddea4d404f5f4092af6e,2021-06,Lancashire Constabulary,Lancashire Constabulary,-3.054586,53.809606,On or near Dale Street Mews,E01012672,Blackpool 013B,Violence and sexual offences,Unable to prosecute suspect,
d051b2476b1782817062e67c79b4e5f02b31412ece5d8a0048414680a34f78a5,2021-06,Lancashire Constabulary,Lancashire Constabulary,-3.054236,53.804747,On or near Barton Avenue,E01012672,Blackpool 013B,Violence and sexual offences,Unable to prosecute suspect,
892596484930f0160bc26a9877916bce4a773503195b123fb88db885d058dcb3,2021-06,Lancashire Constabulary,Lancashire Constabulary,-3.051044,53.804002,On or near John Street,E01012672,Blackpool 013B,Violence and sexual offences,Further investigation is not in the public interest,
55d62332c37640a32a12c36fdec2f07c94272441938807396b1e48d2a8d5068f,2021-06,Lancashire Constabulary,Lancashire Constabulary,-3.054061,53.806825,On or near Tyldesley Road,E01012672,Blackpool 013B,Violence and sexual offences,Unable to prosecute suspect,
f42370cf2a21064d24f1892428e0d20c026924e0223c1be2579b7968ebad46f0,2021-06,Lancashire Constabulary,Lancashire Constabulary,-3.054061,53.806825,On or near Tyldesley Road,E01012672,Blackpool 013B,Violence and sexual offences,Status update unavailable,
d3010da9de1a6ef4e29432a9694deb2348d73dd788c29c751fc62eb4cf7998c5,2021-06,Lancashire Constabulary,Lancashire Constabulary,-3.053784,53.810306,On or near Bickerstaffe Street,E01012672,Blackpool 013B,Violence and sexual offences,Unable to prosecute suspect,
38880d4cb959f1b44e59a261e7579f7f6bc86068ab9c82cf82824158a89d62c3,2021-06,Lancashire Constabulary,Lancashire Constabulary,-3.055036,53.808749,On or near Nightclub,E01012672,Blackpool 013B,Violence and sexual offences,Status update unavailable,
efb9cfb4b1fbf7bc20ba5a7aaac1e7e1647621f7ce2db85d71f68e9afa2bfcea,2021-06,Lancashire Constabulary,Lancashire Constabulary,-3.054061,53.806825,On or near Tyldesley Road,E01012672,Blackpool 013B,Violence and sexual offences,Unable to prosecute suspect,
3db970c5bdd636139026d9227f0bb518257f3b5ae8a2e14a897c174fb7cd46db,2021-06,Lancashire Constabulary,Lancashire Constabulary,-3.055036,53.808749,On or near Nightclub,E01012672,Blackpool 013B,Violence and sexual offences,Investigation complete; no suspect identified,
ea31bcc82f0995920f13ee69d1cbf2be5e221dc5a5fdb2a3d9cdb416f7ba75d8,2021-06,Lancashire Constabulary,Lancashire Constabulary,-3.054238,53.805403,On or near Trafalgar Road,E01012672,Blackpool 013B,Violence and sexual offences,Unable to prosecute suspect,
f9ac3ad5bc896cebce6bdb2586b90fcf76ec0d5bf020437203b9e7b0bc375fc9,2021-06,Lancashire Constabulary,Lancashire Constabulary,-3.052616,53.810379,On or near Back Shannon Street,E01012672,Blackpool 013B,Violence and sexual offences,Further investigation is not in the public interest,
1630ccb054df4d29ce608e7049180503e75a61e7b5c997590173aa20f9096895,2021-06,Lancashire Constabulary,Lancashire Constabulary,-3.054216,53.808163,On or near Tyldesley Road,E01012672,Blackpool 013B,Violence and sexual offences,Court result unavailable,
5867aad3d139fee42a3e6ccfe4106f5c7ecc9bfa0e4269420851341a1ee93f47,2021-06,Lancashire Constabulary,Lancashire Constabulary,-3.053784,53.810306,On or near Bickerstaffe Street,E01012672,Blackpool 013B,Violence and sexual offences,Investigation complete; no suspect identified,
,2021-06,Lancashire Constabulary,Lancashire Constabulary,-3.049735,53.802036,On or near Elland Place,E01012674,Blackpool 013C,Anti-social behaviour,,
,2021-06,Lancashire Constabulary,Lancashire Constabulary,-3.048304,53.806147,On or near Parking Area,E01012674,Blackpool 013C,Anti-social behaviour,,
,2021-06,Lancashire Constabulary,Lancashire Constabulary,-3.046876,53.800038,On or near Westbourne Avenue,E01012674,Blackpool 013C,Anti-social behaviour,,
,2021-06,Lancashire Constabulary,Lancashire Constabulary,-3.046602,53.804895,On or near Henry Street,E01012674,Blackpool 013C,Anti-social behaviour,,
,2021-06,Lancashire Constabulary,Lancashire Constabulary,-3.050216,53.800638,On or near Ball Street,E01012674,Blackpool 013C,Anti-social behaviour,,
,2021-06,Lancashire Constabulary,Lancashire Constabulary,-3.049735,53.802036,On or near Elland Place,E01012674,Blackpool 013C,Anti-social behaviour,,
,2021-06,Lancashire Constabulary,Lancashire Constabulary,-3.046149,53.800710,On or near Stansfield Street,E01012674,Blackpool 013C,Anti-social behaviour,,
,2021-06,Lancashire Constabulary,Lancashire Constabulary,-3.045473,53.801633,On or near Saville Road,E01012674,Blackpool 013C,Anti-social behaviour,,
,2021-06,Lancashire Constabulary,Lancashire Constabulary,-3.050363,53.801042,On or near Duke Street,E01012674,Blackpool 013C,Anti-social behaviour,,
,2021-06,Lancashire Constabulary,Lancashire Constabulary,-3.046876,53.800038,On or near Westbourne Avenue,E01012674,Blackpool 013C,Anti-social behaviour,,
,2021-06,Lancashire Constabulary,Lancashire Constabulary,-3.050229,53.799928,On or near Ward Street,E01012674,Blackpool 013C,Anti-social behaviour,,
,2021-06,Lancashire Constabulary,Lancashire Constabulary,-3.049735,53.802036,On or near Elland Place,E01012674,Blackpool 013C,Anti-social behaviour,,
,2021-06,Lancashire Constabulary,Lancashire Constabulary,-3.046149,53.800710,On or near Stansfield Street,E01012674,Blackpool 013C,Anti-social behaviour,,
,2021-06,Lancashire Constabulary,Lancashire Constabulary,-3.048304,53.806147,On or near Parking Area,E01012674,Blackpool 013C,Anti-social behaviour,,
,2021-06,Lancashire Constabulary,Lancashire Constabulary,-3.049735,53.802036,On or near Elland Place,E01012674,Blackpool 013C,Anti-social behaviour,,
,2021-06,Lancashire Constabulary,Lancashire Constabulary,-3.046149,53.800710,On or near Stansfield Street,E01012674,Blackpool 013C,Anti-social behaviour,,
,2021-06,Lancashire Constabulary,Lancashire Constabulary,-3.050397,53.802399,On or near West View Avenue,E01012674,Blackpool 013C,Anti-social behaviour,,
,2021-06,Lancashire Constabulary,Lancashire Constabulary,-3.046876,53.800038,On or near Westbourne Avenue,E01012674,Blackpool 013C,Anti-social behaviour,,
,2021-06,Lancashire Constabulary,Lancashire Constabulary,-3.046602,53.804895,On or near Henry Street,E01012674,Blackpool 013C,Anti-social behaviour,,
,2021-06,Lancashire Constabulary,Lancashire Constabulary,-3.048022,53.804604,On or near Sports/Recreation Area,E01012674,Blackpool 013C,Anti-social behaviour,,
,2021-06,Lancashire Constabulary,Lancashire Constabulary,-3.046149,53.800710,On or near Stansfield Street,E01012674,Blackpool 013C,Anti-social behaviour,,
,2021-06,Lancashire Constabulary,Lancashire Constabulary,-3.046876,53.800038,On or near Westbourne Avenue,E01012674,Blackpool 013C,Anti-social behaviour,,
,2021-06,Lancashire Constabulary,Lancashire Constabulary,-3.047666,53.803115,On or near Seymour Road,E01012674,Blackpool 013C,Anti-social behaviour,,
,2021-06,Lancashire Constabulary,Lancashire Constabulary,-3.046602,53.804895,On or near Henry Street,E01012674,Blackpool 013C,Anti-social behaviour,,
,2021-06,Lancashire Constabulary,Lancashire Constabulary,-3.049217,53.806858,On or near Parking Area,E01012674,Blackpool 013C,Anti-social behaviour,,
,2021-06,Lancashire Constabulary,Lancashire Constabulary,-3.047666,53.803115,On or near Seymour Road,E01012674,Blackpool 013C,Anti-social behaviour,,
,2021-06,Lancashire Constabulary,Lancashire Constabulary,-3.047666,53.803115,On or near Seymour Road,E01012674,Blackpool 013C,Anti-social behaviour,,
,2021-06,Lancashire Constabulary,Lancashire Constabulary,-3.048304,53.806147,On or near Parking Area,E01012674,Blackpool 013C,Anti-social behaviour,,
,2021-06,Lancashire Constabulary,Lancashire Constabulary,-3.050229,53.799928,On or near Ward Street,E01012674,Blackpool 013C,Anti-social behaviour,,
,2021-06,Lancashire Constabulary,Lancashire Constabulary,-3.047666,53.803115,On or near Seymour Road,E01012674,Blackpool 013C,Anti-social behaviour,,
c54e94cc0833c7d945bcb8ea8edf93cdc4364d860d6fd578e372ba3e9b2e5a63,2021-06,Lancashire Constabulary,Lancashire Constabulary,-3.050229,53.799928,On or near Ward Street,E01012674,Blackpool 013C,Bicycle theft,Investigation complete; no suspect identified,
07b739604ae0e31d983bf9b7bc8c659d3afa586d2282f8bf24c4b2fc3c46ca7d,2021-06,Lancashire Constabulary,Lancashire Constabulary,-3.046149,53.800710,On or near Stansfield Street,E01012674,Blackpool 013C,Burglary,Court result unavailable,
f25dcbc10da3c0e6bb2fdd2b40e8765b4152192e100f540e056bc045b514c62a,2021-06,Lancashire Constabulary,Lancashire Constabulary,-3.045894,53.802663,On or near Maudland Road,E01012674,Blackpool 013C,Burglary,Investigation complete; no suspect identified,
9e6de007c3bbf62e31f103d5d2d07c34b066e2546a65cfecbc3e776a7af6fa68,2021-06,Lancashire Constabulary,Lancashire Constabulary,-3.050129,53.800181,On or near Castlegate,E01012674,Blackpool 013C,Burglary,Investigation complete; no suspect identified,
38f37d517f423e846e2c2220cf4445bd79fad62b67aee5eb5ca8298855107a31,2021-06,Lancashire Constabulary,Lancashire Constabulary,-3.046149,53.800710,On or near Stansfield Street,E01012674,Blackpool 013C,Criminal damage and arson,Investigation complete; no suspect identified,
75c28afa7cb3ada2efba17ece805ac6bf6b6441eaccc3efc80ae4980c141c0ff,2021-06,Lancashire Constabulary,Lancashire Constabulary,-3.046172,53.806525,On or near Petrol Station,E01012674,Blackpool 013C,Criminal damage and arson,Investigation complete; no suspect identified,
5dbc986b662e0bfd5543ce79b8005b7ddd01603960696845c995962b901ff78c,2021-06,Lancashire Constabulary,Lancashire Constabulary,-3.050229,53.799928,On or near Ward Street,E01012674,Blackpool 013C,Criminal damage and arson,Further investigation is not in the public interest,
142a6f98acfde21f34b23ac244f5a37a324435095cba77557f07e1d0d9b4d7a2,2021-06,Lancashire Constabulary,Lancashire Constabulary,-3.046149,53.800710,On or near Stansfield Street,E01012674,Blackpool 013C,Criminal damage and arson,Investigation complete; no suspect identified,
84ecb93e9d18fa7f164608086ffbb8cdbd8bd9ffdac07ff49c0437c8255c5312,2021-06,Lancashire Constabulary,Lancashire Constabulary,-3.046149,53.800710,On or near Stansfield Street,E01012674,Blackpool 013C,Criminal damage and arson,Court result unavailable,
c948bf809f27d23e0972a0a7aa0abbda2b29933389ab3b32ae541d9f42371a09,2021-06,Lancashire Constabulary,Lancashire Constabulary,-3.046398,53.801562,On or near St Heliers Road,E01012674,Blackpool 013C,Drugs,Status update unavailable,
e5d961158906be3ecd621d7635379d03a6b4becb7786a579cb46fcc509385e16,2021-06,Lancashire Constabulary,Lancashire Constabulary,-3.046876,53.800038,On or near Westbourne Avenue,E01012674,Blackpool 013C,Drugs,Further investigation is not in the public interest,
51fc25149ad9b2f1cc1a934de7fc6a46a7774132ffbd7ee093092fe8c475558f,2021-06,Lancashire Constabulary,Lancashire Constabulary,-3.048304,53.806147,On or near Parking Area,E01012674,Blackpool 013C,Drugs,Status update unavailable,
85113e3829191352b986e08f474b278a012e1987c420736f72462114674ccb49,2021-06,Lancashire Constabulary,Lancashire Constabulary,-3.046602,53.804895,On or near Henry Street,E01012674,Blackpool 013C,Other theft,Status update unavailable,
e905ea12703b4854c54e86df75bec70aa44a8947f99e59e8e19674ae81d30256,2021-06,Lancashire Constabulary,Lancashire Constabulary,-3.046172,53.806525,On or near Petrol Station,E01012674,Blackpool 013C,Other theft,Status update unavailable,
735e242fa03f3a522f4dba94dcf36bb2c094408d5e7ab0b032b5b0982d8684dc,2021-06,Lancashire Constabulary,Lancashire Constabulary,-3.046398,53.801562,On or near St Heliers Road,E01012674,Blackpool 013C,Public order,Court result unavailable,
f174dcaeb0440b960685eed20e6cbb468aefc89916777f8a17a1ce59fa7bed1a,2021-06,Lancashire Constabulary,Lancashire Constabulary,-3.050229,53.799928,On or near Ward Street,E01012674,Blackpool 013C,Public order,Investigation complete; no suspect identified,
fd8fee81df841179c8ea5cd4d6db28d1da2f1cb07d12a8a9dd9121932668cd30,2021-06,Lancashire Constabulary,Lancashire Constabulary,-3.049999,53.799238,On or near Hilton Avenue,E01012674,Blackpool 013C,Public order,Further investigation is not in the public interest,
853bffd0c7941c6058597435a73b9fc8632f1a0dda45b295fd2c897d5e076ae9,2021-06,Lancashire Constabulary,Lancashire Constabulary,-3.046642,53.805892,On or near Field Street,E01012674,Blackpool 013C,Vehicle crime,Investigation complete; no suspect identified,
dab362841927bfadc03a03e6b713fb73ad2c5c43b94494849c2ead00ad124edd,2021-06,Lancashire Constabulary,Lancashire Constabulary,-3.046602,53.804895,On or near Henry Street,E01012674,Blackpool 013C,Violence and sexual offences,Court result unavailable,
f9bb65b899193832cd6249659d81f70ead815d3069bff0fff750ad919eae6f86,2021-06,Lancashire Constabulary,Lancashire Constabulary,-3.050662,53.802073,On or near Ruskin Avenue,E01012674,Blackpool 013C,Violence and sexual offences,Unable to prosecute suspect,
c89d2ec1c956ce87b8b9c7ca3457d6f8a2365e2738ee13fae42076360f2d6759,2021-06,Lancashire Constabulary,Lancashire Constabulary,-3.049735,53.802036,On or near Elland Place,E01012674,Blackpool 013C,Violence and sexual offences,Further investigation is not in the public interest,
1302ca6574c63e8c8e2474a34049ef62e9c15f07654968a14fdb8852ac50e745,2021-06,Lancashire Constabulary,Lancashire Constabulary,-3.049735,53.802036,On or near Elland Place,E01012674,Blackpool 013C,Violence and sexual offences,Further investigation is not in the public interest,
d16e7f82246ec1f8abc097f3a7e0e89daea48d62d4503181f9f50dc31c3127fa,2021-06,Lancashire Constabulary,Lancashire Constabulary,-3.049735,53.802036,On or near Elland Place,E01012674,Blackpool 013C,Violence and sexual offences,Unable to prosecute suspect,
e5ebd107dd0bde7582a97522604a10987aae5b34775b468ccad0b20e4060783f,2021-06,Lancashire Constabulary,Lancashire Constabulary,-3.046149,53.800710,On or near Stansfield Street,E01012674,Blackpool 013C,Violence and sexual offences,Further investigation is not in the public interest,
c7f89e182eed1ed0c65bfb8543012306fda256ec689e5e5070cb65576049744e,2021-06,Lancashire Constabulary,Lancashire Constabulary,-3.046149,53.800710,On or near Stansfield Street,E01012674,Blackpool 013C,Violence and sexual offences,Investigation complete; no suspect identified,
9f6ce5e9bbeb97d12283dfbf86c2cf44940065acf52177273d33aba2f67d7d4c,2021-06,Lancashire Constabulary,Lancashire Constabulary,-3.047666,53.803115,On or near Seymour Road,E01012674,Blackpool 013C,Violence and sexual offences,Unable to prosecute suspect,
6371544496b32d1185acab25c77f496539999123373f8f2c6e5f13f0af75fdae,2021-06,Lancashire Constabulary,Lancashire Constabulary,-3.046602,53.804895,On or near Henry Street,E01012674,Blackpool 013C,Violence and sexual offences,Court result unavailable,
e53515b0ed2f932ee5c95d2f6de4d9dfe8f68976118f6dbe425cd858127317f9,2021-06,Lancashire Constabulary,Lancashire Constabulary,-3.049098,53.806922,On or near Sands Way,E01012674,Blackpool 013C,Violence and sexual offences,Further investigation is not in the public interest,
6a04cdf15019a91a798bdf3d37a1d3fa90abbf5d52e53caa917da6b93c810364,2021-06,Lancashire Constabulary,Lancashire Constabulary,-3.049999,53.799238,On or near Hilton Avenue,E01012674,Blackpool 013C,Violence and sexual offences,Unable to prosecute suspect,
ed8c613b31eccda0ac60ef24236ee057368f3dfe7fea04724de3ac165c2e56aa,2021-06,Lancashire Constabulary,Lancashire Constabulary,-3.049735,53.802036,On or near Elland Place,E01012674,Blackpool 013C,Violence and sexual offences,Investigation complete; no suspect identified,
141c9cd4d7b83392e95de08fa5465668abadaf27e2215a126fba25b79c8a0984,2021-06,Lancashire Constabulary,Lancashire Constabulary,-3.048304,53.806147,On or near Parking Area,E01012674,Blackpool 013C,Other crime,Court result unavailable,
,2021-06,Lancashire Constabulary,Lancashire Constabulary,-3.051148,53.797826,On or near Hill Street,E01012751,Blackpool 013D,Anti-social behaviour,,
,2021-06,Lancashire Constabulary,Lancashire Constabulary,-3.048172,53.796594,On or near Parking Area,E01012751,Blackpool 013D,Anti-social behaviour,,
,2021-06,Lancashire Constabulary,Lancashire Constabulary,-3.053125,53.794941,On or near Withnell Road,E01012751,Blackpool 013D,Anti-social behaviour,,
,2021-06,Lancashire Constabulary,Lancashire Constabulary,-3.051713,53.797983,On or near Byron Street,E01012751,Blackpool 013D,Anti-social behaviour,,
,2021-06,Lancashire Constabulary,Lancashire Constabulary,-3.050133,53.798518,On or near Lytham Road,E01012751,Blackpool 013D,Anti-social behaviour,,
,2021-06,Lancashire Constabulary,Lancashire Constabulary,-3.054873,53.798054,On or near Bath Street,E01012751,Blackpool 013D,Anti-social behaviour,,
,2021-06,Lancashire Constabulary,Lancashire Constabulary,-3.050014,53.795580,On or near Station Terrace,E01012751,Blackpool 013D,Anti-social behaviour,,
,2021-06,Lancashire Constabulary,Lancashire Constabulary,-3.050014,53.795580,On or near Station Terrace,E01012751,Blackpool 013D,Anti-social behaviour,,
,2021-06,Lancashire Constabulary,Lancashire Constabulary,-3.050014,53.795580,On or near Station Terrace,E01012751,Blackpool 013D,Anti-social behaviour,,
,2021-06,Lancashire Constabulary,Lancashire Constabulary,-3.052177,53.797700,On or near Moore Street,E01012751,Blackpool 013D,Anti-social behaviour,,
,2021-06,Lancashire Constabulary,Lancashire Constabulary,-3.047681,53.795771,On or near Petrol Station,E01012751,Blackpool 013D,Anti-social behaviour,,
,2021-06,Lancashire Constabulary,Lancashire Constabulary,-3.053163,53.797655,On or near Rawcliffe Street,E01012751,Blackpool 013D,Anti-social behaviour,,
,2021-06,Lancashire Constabulary,Lancashire Constabulary,-3.053144,53.795678,On or near Station Road,E01012751,Blackpool 013D,Anti-social behaviour,,
,2021-06,Lancashire Constabulary,Lancashire Constabulary,-3.050014,53.795580,On or near Station Terrace,E01012751,Blackpool 013D,Anti-social behaviour,,
,2021-06,Lancashire Constabulary,Lancashire Constabulary,-3.051148,53.797826,On or near Hill Street,E01012751,Blackpool 013D,Anti-social behaviour,,
,2021-06,Lancashire Constabulary,Lancashire Constabulary,-3.050133,53.798518,On or near Lytham Road,E01012751,Blackpool 013D,Anti-social behaviour,,
,2021-06,Lancashire Constabulary,Lancashire Constabulary,-3.050014,53.795580,On or near Station Terrace,E01012751,Blackpool 013D,Anti-social behaviour,,
,2021-06,Lancashire Constabulary,Lancashire Constabulary,-3.054873,53.798054,On or near Bath Street,E01012751,Blackpool 013D,Anti-social behaviour,,
,2021-06,Lancashire Constabulary,Lancashire Constabulary,-3.049393,53.798677,On or near Garden Terrace,E01012751,Blackpool 013D,Anti-social behaviour,,
,2021-06,Lancashire Constabulary,Lancashire Constabulary,-3.053163,53.797655,On or near Rawcliffe Street,E01012751,Blackpool 013D,Anti-social behaviour,,
,2021-06,Lancashire Constabulary,Lancashire Constabulary,-3.052177,53.797700,On or near Moore Street,E01012751,Blackpool 013D,Anti-social behaviour,,
,2021-06,Lancashire Constabulary,Lancashire Constabulary,-3.054721,53.798019,On or near Lawrence Street,E01012751,Blackpool 013D,Anti-social behaviour,,
,2021-06,Lancashire Constabulary,Lancashire Constabulary,-3.050014,53.795580,On or near Station Terrace,E01012751,Blackpool 013D,Anti-social behaviour,,
,2021-06,Lancashire Constabulary,Lancashire Constabulary,-3.055524,53.794965,On or near Simpson Street,E01012751,Blackpool 013D,Anti-social behaviour,,
,2021-06,Lancashire Constabulary,Lancashire Constabulary,-3.055524,53.794965,On or near Simpson Street,E01012751,Blackpool 013D,Anti-social behaviour,,
,2021-06,Lancashire Constabulary,Lancashire Constabulary,-3.055524,53.794965,On or near Simpson Street,E01012751,Blackpool 013D,Anti-social behaviour,,
,2021-06,Lancashire Constabulary,Lancashire Constabulary,-3.055524,53.794965,On or near Simpson Street,E01012751,Blackpool 013D,Anti-social behaviour,,
,2021-06,Lancashire Constabulary,Lancashire Constabulary,-3.053395,53.795397,On or near Parking Area,E01012751,Blackpool 013D,Anti-social behaviour,,
,2021-06,Lancashire Constabulary,Lancashire Constabulary,-3.051148,53.797826,On or near Hill Street,E01012751,Blackpool 013D,Anti-social behaviour,,
,2021-06,Lancashire Constabulary,Lancashire Constabulary,-3.051148,53.797826,On or near Hill Street,E01012751,Blackpool 013D,Anti-social behaviour,,
b30ed3fee9ef0dac147bbef80b0dd9a9dd90fea74a542fc2410b31086af27c64,2021-06,Lancashire Constabulary,Lancashire Constabulary,-3.053075,53.798393,On or near Shopping Area,E01012751,Blackpool 013D,Burglary,Investigation complete; no suspect identified,
f6732324cde0d83464d94cb37e133522282cddacb550294a059e5df2dd77f7d9,2021-06,Lancashire Constabulary,Lancashire Constabulary,-3.049393,53.798677,On or near Garden Terrace,E01012751,Blackpool 013D,Criminal damage and arson,Unable to prosecute suspect,
ec2fae3d8604f90dafe5b78099c02df8648fb492f2194307211425b22a0d5cdc,2021-06,Lancashire Constabulary,Lancashire Constabulary,-3.051713,53.797983,On or near Byron Street,E01012751,Blackpool 013D,Criminal damage and arson,Investigation complete; no suspect identified,
13a4f0d1f1ce54632462710a54500127c51552c00bd3b40c8b451a7de76354dc,2021-06,Lancashire Constabulary,Lancashire Constabulary,-3.050014,53.795580,On or near Station Terrace,E01012751,Blackpool 013D,Criminal damage and arson,Investigation complete; no suspect identified,
73521b4b0fd6a2ff2e76ac8528c4723fef9159d9c169d18b18a3fbd551e01569,2021-06,Lancashire Constabulary,Lancashire Constabulary,-3.051148,53.797826,On or near Hill Street,E01012751,Blackpool 013D,Criminal damage and arson,Investigation complete; no suspect identified,
b4f0198b72a4ac0da04ce811461d56301a0353afab3b5ea1e3e6c3eea2794c91,2021-06,Lancashire Constabulary,Lancashire Constabulary,-3.055524,53.794965,On or near Simpson Street,E01012751,Blackpool 013D,Criminal damage and arson,Formal action is not in the public interest,
f7b18e8dc1a5615782976b0954a3a104494f7c924889f127444e2def1123afa6,2021-06,Lancashire Constabulary,Lancashire Constabulary,-3.054844,53.796877,On or near Police Station,E01012751,Blackpool 013D,Criminal damage and arson,Further investigation is not in the public interest,
196f922ba60765a531a5d9cddae95c0b0b759615279c6af263abcca472be74b3,2021-06,Lancashire Constabulary,Lancashire Constabulary,-3.053395,53.795397,On or near Parking Area,E01012751,Blackpool 013D,Criminal damage and arson,Investigation complete; no suspect identified,
51bef63b775a3904632ed448b94c555581708a03ae996f2702c9ddf3f34205d0,2021-06,Lancashire Constabulary,Lancashire Constabulary,-3.050133,53.798518,On or near Lytham Road,E01012751,Blackpool 013D,Criminal damage and arson,Investigation complete; no suspect identified,
ac75eed4efcce71fc25081cc6c5ec0d838feac771e83004df52a5e23cacc7a8d,2021-06,Lancashire Constabulary,Lancashire Constabulary,-3.054844,53.796877,On or near Police Station,E01012751,Blackpool 013D,Criminal damage and arson,Investigation complete; no suspect identified,
64ed66b148a8ccab5e103ef6151533e43e56875356edd3a922b7e67e5fd9971e,2021-06,Lancashire Constabulary,Lancashire Constabulary,-3.053134,53.796505,On or near Dean Street,E01012751,Blackpool 013D,Drugs,Unable to prosecute suspect,
a95aa144a39f91b519b831d413175f161b491e9fa519949507c68359266f2d42,2021-06,Lancashire Constabulary,Lancashire Constabulary,-3.053163,53.797655,On or near Rawcliffe Street,E01012751,Blackpool 013D,Drugs,Status update unavailable,
b94f8943a2b06d5bd9f8330f41a3d9266f771362480c023d184501a8bdaed727,2021-06,Lancashire Constabulary,Lancashire Constabulary,-3.051148,53.797826,On or near Hill Street,E01012751,Blackpool 013D,Other theft,Unable to prosecute suspect,
54da23e7a1a7cccf78f8c4aa591d362e00a4acfeaef6bcecb21ad5e246b48dcd,2021-06,Lancashire Constabulary,Lancashire Constabulary,-3.053163,53.797655,On or near Rawcliffe Street,E01012751,Blackpool 013D,Other theft,Further investigation is not in the public interest,
fdd9dbade636c2351fcf183324bfe91e24d64f85921f7b7e198fa1b919fba5bd,2021-06,Lancashire Constabulary,Lancashire Constabulary,-3.053125,53.794941,On or near Withnell Road,E01012751,Blackpool 013D,Other theft,Investigation complete; no suspect identified,
86ad655360b2e621a551ac96aa4134d1d513aab20db60a994b5e8009fd5b0654,2021-06,Lancashire Constabulary,Lancashire Constabulary,-3.050014,53.795580,On or near Station Terrace,E01012751,Blackpool 013D,Other theft,Investigation complete; no suspect identified,
11d65b4f4417a3d89e6383ba2cb2f12366712645336a0e2f354853569fccc41f,2021-06,Lancashire Constabulary,Lancashire Constabulary,-3.049989,53.795202,On or near Station Terrace,E01012751,Blackpool 013D,Other theft,Investigation complete; no suspect identified,
283c372cbd21c64425e15cead04655ad182de1e962b81958da1a6659070969cc,2021-06,Lancashire Constabulary,Lancashire Constabulary,-3.053134,53.796505,On or near Dean Street,E01012751,Blackpool 013D,Possession of weapons,Unable to prosecute suspect,
cebb3c995f72803f299195eca5ef3719115f0db1d6ba14a28ee22164f9f59edf,2021-06,Lancashire Constabulary,Lancashire Constabulary,-3.055524,53.794965,On or near Simpson Street,E01012751,Blackpool 013D,Public order,Unable to prosecute suspect,
c36d401a6836dfd943857db04b9c5d31a2a83289be1166566bf8822d0f6f7d93,2021-06,Lancashire Constabulary,Lancashire Constabulary,-3.050014,53.795580,On or near Station Terrace,E01012751,Blackpool 013D,Public order,Status update unavailable,
716358612ef8aa056dfecdcfbd8271fb566af128250be66e4735783e9e4236b3,2021-06,Lancashire Constabulary,Lancashire Constabulary,-3.055524,53.794965,On or near Simpson Street,E01012751,Blackpool 013D,Public order,Unable to prosecute suspect,
f6e432b1ebf58ef90f7313b0e8a638981904adab23762594a3b6006b538db5a4,2021-06,Lancashire Constabulary,Lancashire Constabulary,-3.053144,53.795678,On or near Station Road,E01012751,Blackpool 013D,Public order,Unable to prosecute suspect,
8f4871d6fc836e77372fd668aee7d5fd3034dbb1e440b1700bdbe5c1e56fbd07,2021-06,Lancashire Constabulary,Lancashire Constabulary,-3.051148,53.797826,On or near Hill Street,E01012751,Blackpool 013D,Public order,Further investigation is not in the public interest,
ff276343fb47b9e05a10b1c25e32cbb7f185e43d5fa3e0b5efa01e3759a3f77f,2021-06,Lancashire Constabulary,Lancashire Constabulary,-3.054844,53.796877,On or near Police Station,E01012751,Blackpool 013D,Vehicle crime,Investigation complete; no suspect identified,
f668f9f22a438381cca49fd6752d9ebb5e64df0436c3e71c174784bb9af722aa,2021-06,Lancashire Constabulary,Lancashire Constabulary,-3.054721,53.798019,On or near Lawrence Street,E01012751,Blackpool 013D,Vehicle crime,Investigation complete; no suspect identified,
cc340acc8d08635f56df5bb6fadef46e72c1131b91aaf28ab070e4061b1e5543,2021-06,Lancashire Constabulary,Lancashire Constabulary,-3.055524,53.794965,On or near Simpson Street,E01012751,Blackpool 013D,Vehicle crime,Investigation complete; no suspect identified,
8149952f91307fd7090cbd2cd222ecde926a39a97aee4736cb44d1c5f23693c6,2021-06,Lancashire Constabulary,Lancashire Constabulary,-3.054721,53.798019,On or near Lawrence Street,E01012751,Blackpool 013D,Vehicle crime,Investigation complete; no suspect identified,
0b31f77f77168fd8a5b22cd94f708bb15d40fbe64187ff6a87e7cf53cc9d7e43,2021-06,Lancashire Constabulary,Lancashire Constabulary,-3.050014,53.795580,On or near Station Terrace,E01012751,Blackpool 013D,Violence and sexual offences,Unable to prosecute suspect,
aeb5331aa9e03e0f68faeadc4c36f79963e55a9bc0988a7631dba3b9c4cbbaf9,2021-06,Lancashire Constabulary,Lancashire Constabulary,-3.053621,53.798352,On or near Gordon Street,E01012751,Blackpool 013D,Violence and sexual offences,Unable to prosecute suspect,
dda2cdcaa61a766199c0a7b41d34d5858ab8cd49cec34e40089e01eaaaff77f0,2021-06,Lancashire Constabulary,Lancashire Constabulary,-3.052937,53.797109,On or near Bright Street,E01012751,Blackpool 013D,Violence and sexual offences,Investigation complete; no suspect identified,
69df95546b08e28468ebe5c6aceddc7cf3256ecf9ed7afb7d208c337925b92fe,2021-06,Lancashire Constabulary,Lancashire Constabulary,-3.053395,53.795397,On or near Parking Area,E01012751,Blackpool 013D,Violence and sexual offences,Further investigation is not in the public interest,
95cf9e857f6c836a2e214daaca14ec700a4f413c864c7195a6b15de320b3a6b2,2021-06,Lancashire Constabulary,Lancashire Constabulary,-3.055524,53.794965,On or near Simpson Street,E01012751,Blackpool 013D,Violence and sexual offences,Unable to prosecute suspect,
13cb333c582883e8e8c6bf8c4ace400296f6303ebba345d72ec46b15dae96168,2021-06,Lancashire Constabulary,Lancashire Constabulary,-3.054873,53.798054,On or near Bath Street,E01012751,Blackpool 013D,Violence and sexual offences,Unable to prosecute suspect,
d502d39789aba031ba72a4af80f48227e60dd42b8b3a7308d6588b9de4f7875d,2021-06,Lancashire Constabulary,Lancashire Constabulary,-3.055524,53.794965,On or near Simpson Street,E01012751,Blackpool 013D,Violence and sexual offences,Status update unavailable,
1feb503023a017b17d3ff99199a1c8d6504abcb1bdf641069d4e0c6712d39033,2021-06,Lancashire Constabulary,Lancashire Constabulary,-3.050014,53.795580,On or near Station Terrace,E01012751,Blackpool 013D,Violence and sexual offences,Unable to prosecute suspect,
c9619eff830b0aec396de824752b33c757f2f562ba56cbca12ddeba2f885678b,2021-06,Lancashire Constabulary,Lancashire Constabulary,-3.055524,53.794965,On or near Simpson Street,E01012751,Blackpool 013D,Violence and sexual offences,Status update unavailable,
220eb0a017466189475334cb196d3142fda04243052f916da39ce2c4603c99d1,2021-06,Lancashire Constabulary,Lancashire Constabulary,-3.051148,53.797826,On or near Hill Street,E01012751,Blackpool 013D,Violence and sexual offences,Investigation complete; no suspect identified,
f180e61ecb21a3b02d4b8bdff180c2219c74748419b44b086f302a749501761d,2021-06,Lancashire Constabulary,Lancashire Constabulary,-3.050133,53.798518,On or near Lytham Road,E01012751,Blackpool 013D,Violence and sexual offences,Status update unavailable,
a2f25b734c4200c08a313e3cba0aaeffda3a966e9caba84d5759bc39e4434180,2021-06,Lancashire Constabulary,Lancashire Constabulary,-3.051148,53.797826,On or near Hill Street,E01012751,Blackpool 013D,Violence and sexual offences,Further investigation is not in the public interest,
e3b5cc4cc1f4935c3c290862f6ff808ddef7046c8779ff9ad9842ecec6eabe48,2021-06,Lancashire Constabulary,Lancashire Constabulary,-3.050133,53.798518,On or near Lytham Road,E01012751,Blackpool 013D,Violence and sexual offences,Unable to prosecute suspect,
0072365cb2a489ad2bafb581ce983d247d0418193605c89497bf29dd120813c9,2021-06,Lancashire Constabulary,Lancashire Constabulary,-3.050014,53.795580,On or near Station Terrace,E01012751,Blackpool 013D,Violence and sexual offences,Unable to prosecute suspect,
e796a84573e0b451414563abf8af2c84d3a85a32b8ab84df690ee43b530bbd1d,2021-06,Lancashire Constabulary,Lancashire Constabulary,-3.053395,53.795397,On or near Parking Area,E01012751,Blackpool 013D,Violence and sexual offences,Unable to prosecute suspect,
c380a74162c8bf5008b5e2fc37d7f77686e40a270cae6d9bf016355b7e203dd9,2021-06,Lancashire Constabulary,Lancashire Constabulary,-3.050014,53.795580,On or near Station Terrace,E01012751,Blackpool 013D,Violence and sexual offences,Unable to prosecute suspect,
71eb8ae60e8d16a7bce3a5d245e0b330e3ad4938705033d394ec8e0a9e40babe,2021-06,Lancashire Constabulary,Lancashire Constabulary,-3.053134,53.796505,On or near Dean Street,E01012751,Blackpool 013D,Violence and sexual offences,Further investigation is not in the public interest,
a1b21a249d177e2df796db215d75a351ff9035b2b321c5ef6d156b002e8acd7c,2021-06,Lancashire Constabulary,Lancashire Constabulary,-3.052937,53.797109,On or near Bright Street,E01012751,Blackpool 013D,Violence and sexual offences,Investigation complete; no suspect identified,
9cc16a916feb147e3588d52446bd1e033fe4b1ae7447175b0761b527507f0f50,2021-06,Lancashire Constabulary,Lancashire Constabulary,-3.050014,53.795580,On or near Station Terrace,E01012751,Blackpool 013D,Violence and sexual offences,Further investigation is not in the public interest,
d33421c9eabe4012fcceb42a775ce655b66f19fcbb675ad56da73a36875c4f87,2021-06,Lancashire Constabulary,Lancashire Constabulary,-3.052937,53.797109,On or near Bright Street,E01012751,Blackpool 013D,Violence and sexual offences,Investigation complete; no suspect identified,
ea00524bfa00ce0bea1cc0a0b892f1008a7e068a5836f4b07db59aff489993ab,2021-06,Lancashire Constabulary,Lancashire Constabulary,-3.055147,53.796874,On or near Montague Street,E01012751,Blackpool 013D,Violence and sexual offences,Unable to prosecute suspect,
46c80efde806172adb46fd4a2ff236a5bc36d0ec6ae47b6c66242a2d42de4e02,2021-06,Lancashire Constabulary,Lancashire Constabulary,-3.053883,53.796723,On or near Bond Street,E01012751,Blackpool 013D,Violence and sexual offences,Investigation complete; no suspect identified,
d19fdda67e34a01d7e22a76dd8c62b484d86e2708f29ce7dce2bc5251f851d4c,2021-06,Lancashire Constabulary,Lancashire Constabulary,-3.050014,53.795580,On or near Station Terrace,E01012751,Blackpool 013D,Violence and sexual offences,Investigation complete; no suspect identified,
b080fa06bb0d92996f681f548ad054c2e7682ca9f807b0217fdc72ade2009c2b,2021-06,Lancashire Constabulary,Lancashire Constabulary,-3.049393,53.798677,On or near Garden Terrace,E01012751,Blackpool 013D,Violence and sexual offences,Unable to prosecute suspect,
ac683d515ea861ab26828e609738330374b4dad783bbad6a418dc4027779010a,2021-06,Lancashire Constabulary,Lancashire Constabulary,-3.053395,53.795397,On or near Parking Area,E01012751,Blackpool 013D,Violence and sexual offences,Unable to prosecute suspect,
98c8e51ea68d0707952b52daf71cb017044cda7feaafbfb3a74c0b113f2c97be,2021-06,Lancashire Constabulary,Lancashire Constabulary,-3.053125,53.794941,On or near Withnell Road,E01012751,Blackpool 013D,Other crime,Action to be taken by another organisation,
5cbc7e92641c010c7d3d034988130f7e702c7847088ec56f5fb48c3f0f3eac6c,2021-06,Lancashire Constabulary,Lancashire Constabulary,-3.053163,53.797655,On or near Rawcliffe Street,E01012751,Blackpool 013D,Other crime,Unable to prosecute suspect,
,2021-06,Lancashire Constabulary,Lancashire Constabulary,-2.997840,53.800924,On or near Loughrigg Terrace,E01012686,Blackpool 014A,Anti-social behaviour,,
,2021-06,Lancashire Constabulary,Lancashire Constabulary,-2.997199,53.799527,On or near Crummock Place,E01012686,Blackpool 014A,Anti-social behaviour,,
,2021-06,Lancashire Constabulary,Lancashire Constabulary,-3.001151,53.798407,On or near Deepdale Road,E01012686,Blackpool 014A,Anti-social behaviour,,
,2021-06,Lancashire Constabulary,Lancashire Constabulary,-2.997199,53.799527,On or near Crummock Place,E01012686,Blackpool 014A,Anti-social behaviour,,
,2021-06,Lancashire Constabulary,Lancashire Constabulary,-2.997199,53.799527,On or near Crummock Place,E01012686,Blackpool 014A,Anti-social behaviour,,
,2021-06,Lancashire Constabulary,Lancashire Constabulary,-2.997199,53.799527,On or near Crummock Place,E01012686,Blackpool 014A,Anti-social behaviour,,
,2021-06,Lancashire Constabulary,Lancashire Constabulary,-2.999208,53.799735,On or near Langdale Road,E01012686,Blackpool 014A,Anti-social behaviour,,
,2021-06,Lancashire Constabulary,Lancashire Constabulary,-2.997199,53.799527,On or near Crummock Place,E01012686,Blackpool 014A,Anti-social behaviour,,
,2021-06,Lancashire Constabulary,Lancashire Constabulary,-2.998905,53.801670,On or near Castlerigg Place,E01012686,Blackpool 014A,Anti-social behaviour,,
,2021-06,Lancashire Constabulary,Lancashire Constabulary,-2.999208,53.799735,On or near Langdale Road,E01012686,Blackpool 014A,Anti-social behaviour,,
,2021-06,Lancashire Constabulary,Lancashire Constabulary,-3.004643,53.799672,On or near Borrowdale Road,E01012686,Blackpool 014A,Anti-social behaviour,,
,2021-06,Lancashire Constabulary,Lancashire Constabulary,-3.001151,53.798407,On or near Deepdale Road,E01012686,Blackpool 014A,Anti-social behaviour,,
,2021-06,Lancashire Constabulary,Lancashire Constabulary,-2.999894,53.801114,On or near Seathwaite Avenue,E01012686,Blackpool 014A,Anti-social behaviour,,
,2021-06,Lancashire Constabulary,Lancashire Constabulary,-2.996072,53.799348,On or near Mickleden Road,E01012686,Blackpool 014A,Anti-social behaviour,,
12e130c90d5c0d9a016d8bf11fa3730ba2bfc37fd219853114130331be0f26ac,2021-06,Lancashire Constabulary,Lancashire Constabulary,-2.996072,53.799348,On or near Mickleden Road,E01012686,Blackpool 014A,Burglary,Unable to prosecute suspect,
32107577457599cf2c11a16b700ca67add390f844047514a13250ce2518e14c7,2021-06,Lancashire Constabulary,Lancashire Constabulary,-2.997842,53.800358,On or near Rossett Avenue,E01012686,Blackpool 014A,Criminal damage and arson,Investigation complete; no suspect identified,
651e7a0aed049d4185d59dbe7634bf964c529b65ba40f843e327bb637e76944a,2021-06,Lancashire Constabulary,Lancashire Constabulary,-3.002182,53.798982,On or near Dalegarth Close,E01012686,Blackpool 014A,Criminal damage and arson,Investigation complete; no suspect identified,
4ff4af885fb551027fc12c22c881749fb4a4492657cd1db34f7846be7dc96fcb,2021-06,Lancashire Constabulary,Lancashire Constabulary,-2.998417,53.799032,On or near Ennerdale Road,E01012686,Blackpool 014A,Criminal damage and arson,Unable to prosecute suspect,
726bfe020c9d2174a8f229460a14480e70490f2c0941a12017158eddd5bc2567,2021-06,Lancashire Constabulary,Lancashire Constabulary,-2.997161,53.802395,On or near Grizedale Road,E01012686,Blackpool 014A,Other theft,Unable to prosecute suspect,
06e4f50f53b2b03090ec4a07cf78041149b4e2b9e7faa92298b28b3eb19d378a,2021-06,Lancashire Constabulary,Lancashire Constabulary,-2.996692,53.801176,On or near Kentmere Drive,E01012686,Blackpool 014A,Public order,Unable to prosecute suspect,
8f9920db52980a96dda0ccbb45a7b8fd278b9924f9fabd877c1e5d71513594a5,2021-06,Lancashire Constabulary,Lancashire Constabulary,-2.997199,53.799527,On or near Crummock Place,E01012686,Blackpool 014A,Public order,Offender given a caution,
2cbc2aa9d90eab6109c7a5acd5b5ad11c52cb895cb832a33dc81ff38973a65b8,2021-06,Lancashire Constabulary,Lancashire Constabulary,-2.996692,53.801176,On or near Kentmere Drive,E01012686,Blackpool 014A,Public order,Unable to prosecute suspect,
f44f2415e6ab73f8c0d52fd777f19a49ac292d5177b6ab77c9fed1acf40ddf74,2021-06,Lancashire Constabulary,Lancashire Constabulary,-2.999783,53.799002,On or near Birkside Way,E01012686,Blackpool 014A,Vehicle crime,Investigation complete; no suspect identified,
e0dd9121f8b22dfb74007e9856c54c9cfd4653e3dd163cb08f7433b36a8e1606,2021-06,Lancashire Constabulary,Lancashire Constabulary,-2.998417,53.799032,On or near Ennerdale Road,E01012686,Blackpool 014A,Violence and sexual offences,Further investigation is not in the public interest,
ca53d8074b5e54c986cb80b50e452657d6dad1a755c0fffd6cfa64323f17da2e,2021-06,Lancashire Constabulary,Lancashire Constabulary,-2.996072,53.799348,On or near Mickleden Road,E01012686,Blackpool 014A,Violence and sexual offences,Unable to prosecute suspect,
1464066bcf79013f2aa27933fdf3fe536b0bb67b24a882d6d26065a5b1d39d03,2021-06,Lancashire Constabulary,Lancashire Constabulary,-2.998417,53.799032,On or near Ennerdale Road,E01012686,Blackpool 014A,Violence and sexual offences,Unable to prosecute suspect,
34e45d3e74a3c3d714314ec63460a06413e8ccfada72f2285c99241fdeeb70d0,2021-06,Lancashire Constabulary,Lancashire Constabulary,-2.996850,53.798883,On or near Mardale Avenue,E01012686,Blackpool 014A,Violence and sexual offences,Unable to prosecute suspect,
ce494c667c698dee5f32d2fc4ac426e51e2ef351c6df8d8a9332923062f7ed9c,2021-06,Lancashire Constabulary,Lancashire Constabulary,-2.997199,53.799527,On or near Crummock Place,E01012686,Blackpool 014A,Violence and sexual offences,Investigation complete; no suspect identified,
cbf50362c716f03f02b8c7727173169e62d63057f4cb5a5236f36cd366c02745,2021-06,Lancashire Constabulary,Lancashire Constabulary,-2.997840,53.800924,On or near Loughrigg Terrace,E01012686,Blackpool 014A,Violence and sexual offences,Unable to prosecute suspect,
495d7cadb97d2446afd46b7b5d1cf5ca3f39a43e2a87cde2d91dc28fe18b450a,2021-06,Lancashire Constabulary,Lancashire Constabulary,-2.996072,53.799348,On or near Mickleden Road,E01012686,Blackpool 014A,Violence and sexual offences,Further investigation is not in the public interest,
,2021-06,Lancashire Constabulary,Lancashire Constabulary,-2.988999,53.797510,On or near Hawkshead Terrace,E01012687,Blackpool 014B,Anti-social behaviour,,
,2021-06,Lancashire Constabulary,Lancashire Constabulary,-2.991065,53.800171,On or near Winster Place,E01012687,Blackpool 014B,Anti-social behaviour,,
,2021-06,Lancashire Constabulary,Lancashire Constabulary,-2.995516,53.800889,On or near Bowfell Close,E01012687,Blackpool 014B,Anti-social behaviour,,
,2021-06,Lancashire Constabulary,Lancashire Constabulary,-2.995638,53.798345,On or near Branstree Road,E01012687,Blackpool 014B,Anti-social behaviour,,
,2021-06,Lancashire Constabulary,Lancashire Constabulary,-2.991065,53.800171,On or near Winster Place,E01012687,Blackpool 014B,Anti-social behaviour,,
,2021-06,Lancashire Constabulary,Lancashire Constabulary,-2.991065,53.800171,On or near Winster Place,E01012687,Blackpool 014B,Anti-social behaviour,,
,2021-06,Lancashire Constabulary,Lancashire Constabulary,-2.995638,53.798345,On or near Branstree Road,E01012687,Blackpool 014B,Anti-social behaviour,,
,2021-06,Lancashire Constabulary,Lancashire Constabulary,-2.991065,53.800171,On or near Winster Place,E01012687,Blackpool 014B,Anti-social behaviour,,
,2021-06,Lancashire Constabulary,Lancashire Constabulary,-2.992775,53.796040,On or near Petrol Station,E01012687,Blackpool 014B,Anti-social behaviour,,
,2021-06,Lancashire Constabulary,Lancashire Constabulary,-2.991065,53.800171,On or near Winster Place,E01012687,Blackpool 014B,Anti-social behaviour,,
,2021-06,Lancashire Constabulary,Lancashire Constabulary,-2.991065,53.800171,On or near Winster Place,E01012687,Blackpool 014B,Anti-social behaviour,,
,2021-06,Lancashire Constabulary,Lancashire Constabulary,-2.995529,53.798229,On or near Bowness Avenue,E01012687,Blackpool 014B,Anti-social behaviour,,
,2021-06,Lancashire Constabulary,Lancashire Constabulary,-2.995529,53.798229,On or near Bowness Avenue,E01012687,Blackpool 014B,Anti-social behaviour,,
101ffc59513406184564f1e4e8cdfb06a9c1858e2b3c8aa203b6d07af6261de9,2021-06,Lancashire Constabulary,Lancashire Constabulary,-2.994901,53.800553,On or near Ambleside Road,E01012687,Blackpool 014B,Bicycle theft,Investigation complete; no suspect identified,
c77607f1e72e143f6c84e2f0a12c1dc1b303245b3d381be2d1667867c8c06ac3,2021-06,Lancashire Constabulary,Lancashire Constabulary,-2.988999,53.797510,On or near Hawkshead Terrace,E01012687,Blackpool 014B,Burglary,Status update unavailable,
beb412a65f83e030ee7e17ef94625016392efb83f8b47a8572bbaccd357cea9b,2021-06,Lancashire Constabulary,Lancashire Constabulary,-2.992775,53.796040,On or near Petrol Station,E01012687,Blackpool 014B,Criminal damage and arson,Court result unavailable,
9ee4c956773bef6f3dece287983effd001d0f27df8f24cb586e4b425134d8e59,2021-06,Lancashire Constabulary,Lancashire Constabulary,-2.988999,53.797510,On or near Hawkshead Terrace,E01012687,Blackpool 014B,Criminal damage and arson,Investigation complete; no suspect identified,
18e3eb887554fa1ae0bec2213106bbb094cacd6542f915ea0dd2476281eda795,2021-06,Lancashire Constabulary,Lancashire Constabulary,-2.992775,53.796040,On or near Petrol Station,E01012687,Blackpool 014B,Criminal damage and arson,Court result unavailable,
8f09b121e0a3d29dd9b6e2b09318b663943ab14a50c625987bebe890e1f4636c,2021-06,Lancashire Constabulary,Lancashire Constabulary,-2.992775,53.796040,On or near Petrol Station,E01012687,Blackpool 014B,Drugs,Awaiting court outcome,
30b28c41e7cebf9558c815a70e1c7fc82e278af8a9ee549c425401effd537230,2021-06,Lancashire Constabulary,Lancashire Constabulary,-2.992775,53.796040,On or near Petrol Station,E01012687,Blackpool 014B,Drugs,Status update unavailable,
2ab0ad19aec40843618b5657a700edda59ec67c3543e8f6f224e22d96d8c6fa4,2021-06,Lancashire Constabulary,Lancashire Constabulary,-2.992775,53.796040,On or near Petrol Station,E01012687,Blackpool 014B,Drugs,Offender given a caution,
30ed211359267d680024b0eed8df775ec7fc3a41ec2f07e96c0198b6beb951bb,2021-06,Lancashire Constabulary,Lancashire Constabulary,-2.991065,53.800171,On or near Winster Place,E01012687,Blackpool 014B,Other theft,Investigation complete; no suspect identified,
ba8bff9229f3a718803a5538b20cd6027156b3085499ff79d19ccf95923fabb8,2021-06,Lancashire Constabulary,Lancashire Constabulary,-2.992775,53.796040,On or near Petrol Station,E01012687,Blackpool 014B,Other theft,Status update unavailable,
c79052d1694e1e0b4781142a5136e16b276b9ed4714f370ae5c72dc19d372b8e,2021-06,Lancashire Constabulary,Lancashire Constabulary,-2.992775,53.796040,On or near Petrol Station,E01012687,Blackpool 014B,Other theft,Status update unavailable,
df00e515a869c683939ae5a39b74ec4917a59d90eec5a86206cca79457fb7f86,2021-06,Lancashire Constabulary,Lancashire Constabulary,-2.992775,53.796040,On or near Petrol Station,E01012687,Blackpool 014B,Other theft,Unable to prosecute suspect,
2613d9766493cb1961f899df8a722d45c09c55dbd9f4d7f137c4dd0c876a7c2f,2021-06,Lancashire Constabulary,Lancashire Constabulary,-2.992775,53.796040,On or near Petrol Station,E01012687,Blackpool 014B,Other theft,Further investigation is not in the public interest,
1327996a9b13ad836bf9d3ef9143cffef955c95dca41994c167e840f189fe90c,2021-06,Lancashire Constabulary,Lancashire Constabulary,-2.988056,53.797464,On or near Troutbeck Crescent,E01012687,Blackpool 014B,Other theft,Status update unavailable,
f4f15e533ab4507cce520b990be1d2ef64ec93a6fb8b625d22abc4948604e846,2021-06,Lancashire Constabulary,Lancashire Constabulary,-2.992775,53.796040,On or near Petrol Station,E01012687,Blackpool 014B,Other theft,Unable to prosecute suspect,
52a750129ebfe1c95298528083858a1bcc9d6f6ea2249759038c3bcf9da22eac,2021-06,Lancashire Constabulary,Lancashire Constabulary,-2.992775,53.796040,On or near Petrol Station,E01012687,Blackpool 014B,Other theft,Status update unavailable,
4d69c8a15c0162a0a03c03d23bc3e57422ab9900d57ec895b0cd666c1bb3e5d9,2021-06,Lancashire Constabulary,Lancashire Constabulary,-2.992775,53.796040,On or near Petrol Station,E01012687,Blackpool 014B,Possession of weapons,Awaiting court outcome,
5ad62e17971f95f76dbdca2d0f93855af97d31ebeaa6d1af2208c864d1f71c31,2021-06,Lancashire Constabulary,Lancashire Constabulary,-2.992775,53.796040,On or near Petrol Station,E01012687,Blackpool 014B,Public order,Court result unavailable,
77ea3876e8e47a174e958f78099166549b2d3c307954f96d4195aeabc38c3414,2021-06,Lancashire Constabulary,Lancashire Constabulary,-2.992775,53.796040,On or near Petrol Station,E01012687,Blackpool 014B,Public order,Court result unavailable,
6b52a743457001792a5f7aefb528b6f8cd97887106e5c713ba1f7bf92019b752,2021-06,Lancashire Constabulary,Lancashire Constabulary,-2.992775,53.796040,On or near Petrol Station,E01012687,Blackpool 014B,Public order,Offender given a caution,
397d7137b3b764f6531b04bd69720167efef70f3d505f221d3528b1cc30ba9b8,2021-06,Lancashire Constabulary,Lancashire Constabulary,-2.991065,53.800171,On or near Winster Place,E01012687,Blackpool 014B,Violence and sexual offences,Unable to prosecute suspect,
57fd67cda79194f235377c27989345465f47ff0d96a5527112a1ce965e37117c,2021-06,Lancashire Constabulary,Lancashire Constabulary,-2.993417,53.800745,On or near Acorn Mews,E01012687,Blackpool 014B,Violence and sexual offences,Further investigation is not in the public interest,
57a37158c74573f1a6ca1e7b612eeefe109d69232eba2234f2a279bae6877058,2021-06,Lancashire Constabulary,Lancashire Constabulary,-2.993417,53.800745,On or near Acorn Mews,E01012687,Blackpool 014B,Violence and sexual offences,Court result unavailable,
c4e703e0a7e371ba612bb39dbfb73b1338eaab61dea4ff840b6cacd39e2819a8,2021-06,Lancashire Constabulary,Lancashire Constabulary,-2.992775,53.796040,On or near Petrol Station,E01012687,Blackpool 014B,Violence and sexual offences,Status update unavailable,
8cbe218360dfa2c1403f4d77057cad8b7f35eba2a2807cdaac107a87ea442280,2021-06,Lancashire Constabulary,Lancashire Constabulary,-2.992775,53.796040,On or near Petrol Station,E01012687,Blackpool 014B,Violence and sexual offences,Investigation complete; no suspect identified,
42b0d079573b13ac89d3c3a476c698869e1e49bb282f5b908429ef47f2b74c8a,2021-06,Lancashire Constabulary,Lancashire Constabulary,-2.991065,53.800171,On or near Winster Place,E01012687,Blackpool 014B,Violence and sexual offences,Local resolution,
2d67ada1c599f08b0c867880196424969b008f7fe51a2964805cb2033bc90608,2021-06,Lancashire Constabulary,Lancashire Constabulary,-2.992860,53.800938,On or near Oakleaf Way,E01012687,Blackpool 014B,Violence and sexual offences,Unable to prosecute suspect,
ea750c6ff92d0b393e17cc42cf9da24ecaec264375301e73092eaa4b53553538,2021-06,Lancashire Constabulary,Lancashire Constabulary,-2.992775,53.796040,On or near Petrol Station,E01012687,Blackpool 014B,Violence and sexual offences,Unable to prosecute suspect,
4b38027b6d2f89ad66f60629dafa2bd8ae777c249af89a929a607567317a7467,2021-06,Lancashire Constabulary,Lancashire Constabulary,-2.992775,53.796040,On or near Petrol Station,E01012687,Blackpool 014B,Violence and sexual offences,Unable to prosecute suspect,
a9f88d564a51ca62a5f8776dfd179806df18c7c99e7b2936ca5f1a266be0d58b,2021-06,Lancashire Constabulary,Lancashire Constabulary,-2.992775,53.796040,On or near Petrol Station,E01012687,Blackpool 014B,Violence and sexual offences,Status update unavailable,
9a7ea5786cb314b3fecc9ccc1d692e43fc49eb356df99c71b4813c8663ccf0a4,2021-06,Lancashire Constabulary,Lancashire Constabulary,-2.995516,53.800889,On or near Bowfell Close,E01012687,Blackpool 014B,Violence and sexual offences,Unable to prosecute suspect,
a3d7b385241752369a5b5c666cc75ca91913c270cd51c5f11d37e99cd6b9defc,2021-06,Lancashire Constabulary,Lancashire Constabulary,-2.992860,53.800938,On or near Oakleaf Way,E01012687,Blackpool 014B,Violence and sexual offences,Unable to prosecute suspect,
dd77e1fdb0dc95d94dc797c04599dcc9bfa8127e9dc36034f1c633c9de9fd3dd,2021-06,Lancashire Constabulary,Lancashire Constabulary,-2.992860,53.800938,On or near Oakleaf Way,E01012687,Blackpool 014B,Violence and sexual offences,Unable to prosecute suspect,
72608588aaa606faeff2f5bea3a7480880baa70e61fd3a934a5392c3ac4ba1b5,2021-06,Lancashire Constabulary,Lancashire Constabulary,-2.992775,53.796040,On or near Petrol Station,E01012687,Blackpool 014B,Violence and sexual offences,Unable to prosecute suspect,
d2f7061b94ef183eb6fb0a93ace73f476300a66f13c8c4db30bd768b1e7e49d1,2021-06,Lancashire Constabulary,Lancashire Constabulary,-2.991065,53.800171,On or near Winster Place,E01012687,Blackpool 014B,Violence and sexual offences,Further investigation is not in the public interest,
fee8e73e74ca9f986db560d01d350474721b70f5cc5264e31c879b0fa86f68bf,2021-06,Lancashire Constabulary,Lancashire Constabulary,-2.991065,53.800171,On or near Winster Place,E01012687,Blackpool 014B,Violence and sexual offences,Unable to prosecute suspect,
,2021-06,Lancashire Constabulary,Lancashire Constabulary,-3.013896,53.800574,On or near Coral Close,E01012688,Blackpool 014C,Anti-social behaviour,,
,2021-06,Lancashire Constabulary,Lancashire Constabulary,-3.016695,53.800163,On or near Penrose Avenue,E01012688,Blackpool 014C,Anti-social behaviour,,
c135992541fdacb5bd5d710320e7f550ecac1e95e708f03a771ff10e197a4358,2021-06,Lancashire Constabulary,Lancashire Constabulary,-3.006174,53.798320,On or near Shopping Area,E01012688,Blackpool 014C,Burglary,Investigation complete; no suspect identified,
1e91b81ee3da058573e76797fe3282c02f31b90832b19bdd4416ed2ad818dd6a,2021-06,Lancashire Constabulary,Lancashire Constabulary,-3.017512,53.795042,On or near Moore Tree Drive,E01012688,Blackpool 014C,Public order,Unable to prosecute suspect,
8735c470e2c1e525339dbd8fbbd8ce77b13b68d3b34318d0bc2efc8e4db15318,2021-06,Lancashire Constabulary,Lancashire Constabulary,-3.017117,53.796286,On or near Wasdale Road,E01012688,Blackpool 014C,Shoplifting,Status update unavailable,
463ae8baf97b2a72f4b0b7509c652202680c3af0ecf09ea301a3385dc1354e87,2021-06,Lancashire Constabulary,Lancashire Constabulary,-3.017117,53.796286,On or near Wasdale Road,E01012688,Blackpool 014C,Shoplifting,Investigation complete; no suspect identified,
4d13764a38f78a796f9bcda9198abd9bb3359deae29a8f862e7c024260e715e3,2021-06,Lancashire Constabulary,Lancashire Constabulary,-3.017117,53.796286,On or near Wasdale Road,E01012688,Blackpool 014C,Shoplifting,Status update unavailable,
01dca4dd85e91b69f4e0cb9834bdb0a0c95f4b32d5a6e08163f32d118a418348,2021-06,Lancashire Constabulary,Lancashire Constabulary,-3.017117,53.796286,On or near Wasdale Road,E01012688,Blackpool 014C,Shoplifting,Status update unavailable,
ae073028171e363dde45aef97bddfb197d4d056b3a737b7c132b97194ef9a41b,2021-06,Lancashire Constabulary,Lancashire Constabulary,-3.017117,53.796286,On or near Wasdale Road,E01012688,Blackpool 014C,Shoplifting,Status update unavailable,
400169f95b80f23725c6b400973896291d0e04f308a42e5da83e5c5b72067d2c,2021-06,Lancashire Constabulary,Lancashire Constabulary,-3.006174,53.798320,On or near Shopping Area,E01012688,Blackpool 014C,Vehicle crime,Further investigation is not in the public interest,
bec23c056dc100b4428a58398595a3a41588f49f624e6509c29b945d9f90a8d5,2021-06,Lancashire Constabulary,Lancashire Constabulary,-3.015497,53.797108,On or near Cherry Tree Road,E01012688,Blackpool 014C,Violence and sexual offences,Action to be taken by another organisation,
06723ba515631832227623ce623e2a16696ac9682fed79aab49073c307914a9a,2021-06,Lancashire Constabulary,Lancashire Constabulary,-3.014427,53.794295,On or near Whalley Lane,E01012688,Blackpool 014C,Violence and sexual offences,Investigation complete; no suspect identified,
411433d3dc9c339eef058899cb4d907a565d0711738856b71cf9decf99e2a2ad,2021-06,Lancashire Constabulary,Lancashire Constabulary,-3.014277,53.796867,On or near Cherry Tree Gardens,E01012688,Blackpool 014C,Violence and sexual offences,Unable to prosecute suspect,
c57e7c8be6105a2e60af1503d0a0175f1e9b3c59ee38d28eee0fc7dcd427610f,2021-06,Lancashire Constabulary,Lancashire Constabulary,-3.016695,53.800163,On or near Penrose Avenue,E01012688,Blackpool 014C,Violence and sexual offences,Unable to prosecute suspect,
46a89af47de8df8c0c18279d3fabbb4cf204083b14f26d723404b87c80b208b2,2021-06,Lancashire Constabulary,Lancashire Constabulary,-3.013896,53.800574,On or near Coral Close,E01012688,Blackpool 014C,Violence and sexual offences,Further investigation is not in the public interest,
e4bf1a236f346a97b602d7675bca94b9fd8ca8a2395a3086b5b9f71be575d18f,2021-06,Lancashire Constabulary,Lancashire Constabulary,-3.015630,53.793827,On or near Highbank Avenue,E01012688,Blackpool 014C,Violence and sexual offences,Investigation complete; no suspect identified,
e1c2338e3c3d8dd60941d2dbdbc79d957c53eeae61b0408a545765b161974c1f,2021-06,Lancashire Constabulary,Lancashire Constabulary,-3.015630,53.793827,On or near Highbank Avenue,E01012688,Blackpool 014C,Violence and sexual offences,Investigation complete; no suspect identified,
,2021-06,Lancashire Constabulary,Lancashire Constabulary,-3.010235,53.801144,On or near Kumara Crescent,E01012689,Blackpool 014D,Anti-social behaviour,,
,2021-06,Lancashire Constabulary,Lancashire Constabulary,-3.011213,53.801405,On or near Cherry Tree Road North,E01012689,Blackpool 014D,Anti-social behaviour,,
,2021-06,Lancashire Constabulary,Lancashire Constabulary,-3.011544,53.801915,On or near Cornelian Way,E01012689,Blackpool 014D,Anti-social behaviour,,
,2021-06,Lancashire Constabulary,Lancashire Constabulary,-3.011213,53.801405,On or near Cherry Tree Road North,E01012689,Blackpool 014D,Anti-social behaviour,,
,2021-06,Lancashire Constabulary,Lancashire Constabulary,-3.011544,53.801915,On or near Cornelian Way,E01012689,Blackpool 014D,Anti-social behaviour,,
05266cbb615c633f81567f6a875d9c9c48c01d3ed6b9cf15998c27603dd2415b,2021-06,Lancashire Constabulary,Lancashire Constabulary,-3.011213,53.801405,On or near Cherry Tree Road North,E01012689,Blackpool 014D,Criminal damage and arson,Status update unavailable,
a8f0662e9627311577cf7495b90b292662df22823457a1b86786435d73d9ef68,2021-06,Lancashire Constabulary,Lancashire Constabulary,-3.016793,53.801727,On or near Winton Avenue,E01012689,Blackpool 014D,Criminal damage and arson,Unable to prosecute suspect,
150e577f8cbd2f3f38178077c4cb950911fdad980fb1eda8e5f95b223333327e,2021-06,Lancashire Constabulary,Lancashire Constabulary,-3.011213,53.801405,On or near Cherry Tree Road North,E01012689,Blackpool 014D,Criminal damage and arson,Unable to prosecute suspect,
6ee909e42ac2fff53179b05c27daffc230ea4912bcf424fb11e9ee0cba58c389,2021-06,Lancashire Constabulary,Lancashire Constabulary,-3.006573,53.799754,On or near Newby Place,E01012689,Blackpool 014D,Criminal damage and arson,Investigation complete; no suspect identified,
f473c6aa6c8e0f295c9f73273f7155b927eecbb36a16c9bd2a3b16f031647d0a,2021-06,Lancashire Constabulary,Lancashire Constabulary,-3.009275,53.801008,On or near Devona Avenue,E01012689,Blackpool 014D,Other theft,Investigation complete; no suspect identified,
b072e57dea7ad8d673ee3abca0b277e025a9bde6d3b6142ece522d1d4e2fc2d9,2021-06,Lancashire Constabulary,Lancashire Constabulary,-3.011544,53.801915,On or near Cornelian Way,E01012689,Blackpool 014D,Public order,Further investigation is not in the public interest,
30f3fda8c43ceadddafc452bc9970d93a3a32ca0e0976a4d31cd5a5f7b7d30ea,2021-06,Lancashire Constabulary,Lancashire Constabulary,-3.009275,53.801008,On or near Devona Avenue,E01012689,Blackpool 014D,Violence and sexual offences,Court result unavailable,
,2021-06,Lancashire Constabulary,Lancashire Constabulary,-2.990844,53.802995,On or near Mythop Road,E01012714,Blackpool 014E,Anti-social behaviour,,
,2021-06,Lancashire Constabulary,Lancashire Constabulary,-2.994398,53.816511,On or near Broad Oak Lane,E01012714,Blackpool 014E,Anti-social behaviour,,
,2021-06,Lancashire Constabulary,Lancashire Constabulary,-3.004179,53.805033,On or near Kipling Drive,E01012714,Blackpool 014E,Anti-social behaviour,,
,2021-06,Lancashire Constabulary,Lancashire Constabulary,-3.007978,53.805172,On or near Kelmarsh Close,E01012714,Blackpool 014E,Anti-social behaviour,,
,2021-06,Lancashire Constabulary,Lancashire Constabulary,-2.995873,53.802495,On or near Kentmere Drive,E01012714,Blackpool 014E,Anti-social behaviour,,
,2021-06,Lancashire Constabulary,Lancashire Constabulary,-2.994398,53.816511,On or near Broad Oak Lane,E01012714,Blackpool 014E,Anti-social behaviour,,
3a8e8e02d455e190e0b9d8645bca7aaa31f0528c196860641e12a020083855f4,2021-06,Lancashire Constabulary,Lancashire Constabulary,-2.985858,53.796286,On or near Petrol Station,E01012714,Blackpool 014E,Criminal damage and arson,Investigation complete; no suspect identified,
977a8289950a87b4200f8f3029d457ceb71fb727f3233989474e0c68bf0b5e9c,2021-06,Lancashire Constabulary,Lancashire Constabulary,-2.985858,53.796286,On or near Petrol Station,E01012714,Blackpool 014E,Criminal damage and arson,Investigation complete; no suspect identified,
2564d6b53d5de0a68657deb7d867f17418b787c83e79f6677b9033f2810d1d5d,2021-06,Lancashire Constabulary,Lancashire Constabulary,-2.985858,53.796286,On or near Petrol Station,E01012714,Blackpool 014E,Criminal damage and arson,Investigation complete; no suspect identified,
f4e4abecac6612411223ef6321b94afa59e8f2460d2525d91acc99b6b0a7e8ea,2021-06,Lancashire Constabulary,Lancashire Constabulary,-2.985858,53.796286,On or near Petrol Station,E01012714,Blackpool 014E,Criminal damage and arson,Investigation complete; no suspect identified,
e70ab9fb921a325d64ec7b141c0afb09e5a2fd6ad6f18874d68e7f320a8c6d46,2021-06,Lancashire Constabulary,Lancashire Constabulary,-3.003458,53.802846,On or near Clifton Avenue,E01012714,Blackpool 014E,Other theft,Status update unavailable,
de3ec751824624087c94f1fafcc2043758c124796c515760f3f2dc35faf01257,2021-06,Lancashire Constabulary,Lancashire Constabulary,-2.985858,53.796286,On or near Petrol Station,E01012714,Blackpool 014E,Other theft,Status update unavailable,
7b8fc1bcc6d69e3ee093faae61a3147419a6277a9a52a2c732bbb9cd3364a422,2021-06,Lancashire Constabulary,Lancashire Constabulary,-2.985858,53.796286,On or near Petrol Station,E01012714,Blackpool 014E,Other theft,Status update unavailable,
2fc37474cd01477cc690472e9d82a3806db93617873ed6289d9aa0247da8aca5,2021-06,Lancashire Constabulary,Lancashire Constabulary,-2.990844,53.802995,On or near Mythop Road,E01012714,Blackpool 014E,Other theft,Investigation complete; no suspect identified,
5660248a6c09efe65b13b18065c09d4fb6c78f23c1940c3eef644139c13b5216,2021-06,Lancashire Constabulary,Lancashire Constabulary,-3.007978,53.805172,On or near Kelmarsh Close,E01012714,Blackpool 014E,Public order,Unable to prosecute suspect,
12110038e65aa218827ba6681dc74f7f0b98f41b7df5871ec257b4177e86c054,2021-06,Lancashire Constabulary,Lancashire Constabulary,-3.009773,53.805282,On or near Kingsley Road,E01012714,Blackpool 014E,Violence and sexual offences,Court result unavailable,
e60ce0c64500688b3c7b279f7aafd83fdd4524ad424424f4b7bd97ebf1a6b935,2021-06,Lancashire Constabulary,Lancashire Constabulary,-3.003458,53.802846,On or near Clifton Avenue,E01012714,Blackpool 014E,Violence and sexual offences,Unable to prosecute suspect,
88646ca63cdf864b19561be4c0be8a9f989d748263113a24c159c304ce1d37d2,2021-06,Lancashire Constabulary,Lancashire Constabulary,-3.008425,53.806058,On or near Camborne Court,E01012714,Blackpool 014E,Violence and sexual offences,Unable to prosecute suspect,
2487c54a070c4b3edd93c639c72c8d41a2b3b684f0475eaed1e8dfc84bc75a67,2021-06,Lancashire Constabulary,Lancashire Constabulary,-2.995873,53.802495,On or near Kentmere Drive,E01012714,Blackpool 014E,Violence and sexual offences,Court result unavailable,
a4a847f484ffa970d8a1b3bedfcd474f9a5b4be250958ef49959ec86e00cbdaa,2021-06,Lancashire Constabulary,Lancashire Constabulary,-3.006507,53.803332,On or near Metropolitan Drive,E01012714,Blackpool 014E,Violence and sexual offences,Further investigation is not in the public interest,
0d93a0f073a599276009d1bd616f209af54408e2a222f7ba0374d8679c98cde9,2021-06,Lancashire Constabulary,Lancashire Constabulary,-2.990844,53.802995,On or near Mythop Road,E01012714,Blackpool 014E,Violence and sexual offences,Further investigation is not in the public interest,
8a28acb55180f1b3a16f0d7830923a64cbb9eaf05c8beda91ee00f0dbc9f7127,2021-06,Lancashire Constabulary,Lancashire Constabulary,-3.015906,53.804610,On or near Mereland Road,E01012714,Blackpool 014E,Violence and sexual offences,Status update unavailable,
d97485d63dfeaad4ed5a5b75e380696de15b87c82dd06b3e18179e3b9fccd0f7,2021-06,Lancashire Constabulary,Lancashire Constabulary,-3.004179,53.805033,On or near Kipling Drive,E01012714,Blackpool 014E,Violence and sexual offences,Unable to prosecute suspect,
beff4978c326bfad1538af5f9559865331efe369646dcbb2622c9b486bc30ef7,2021-06,Lancashire Constabulary,Lancashire Constabulary,-3.004179,53.805033,On or near Kipling Drive,E01012714,Blackpool 014E,Violence and sexual offences,Unable to prosecute suspect,
1ed95317a5301885686c844eed66216733d29f7074a4ce04d16806ad41f4b4c2,2021-06,Lancashire Constabulary,Lancashire Constabulary,-3.014202,53.804472,On or near Clifton Crescent,E01012714,Blackpool 014E,Other crime,Investigation complete; no suspect identified,
,2021-06,Lancashire Constabulary,Lancashire Constabulary,-3.036671,53.796873,On or near Marsden Road,E01012695,Blackpool 015A,Anti-social behaviour,,
,2021-06,Lancashire Constabulary,Lancashire Constabulary,-3.032422,53.796973,On or near Euxton Court,E01012695,Blackpool 015A,Anti-social behaviour,,
,2021-06,Lancashire Constabulary,Lancashire Constabulary,-3.031587,53.800665,On or near Dalewood Avenue,E01012695,Blackpool 015A,Anti-social behaviour,,
,2021-06,Lancashire Constabulary,Lancashire Constabulary,-3.029951,53.800841,On or near Rectory Road,E01012695,Blackpool 015A,Anti-social behaviour,,
,2021-06,Lancashire Constabulary,Lancashire Constabulary,-3.032180,53.798854,On or near Tranmere Road,E01012695,Blackpool 015A,Anti-social behaviour,,
a42b3cf5b8578496ad17c9afaddfa5632cee3c430b30aaa9e4e62631f5795251,2021-06,Lancashire Constabulary,Lancashire Constabulary,-3.031587,53.800665,On or near Dalewood Avenue,E01012695,Blackpool 015A,Criminal damage and arson,Status update unavailable,
97e58588bb9d1a67b08f6cea1929faa73d583935436f287d1abbe7de7f093cfe,2021-06,Lancashire Constabulary,Lancashire Constabulary,-3.032180,53.798854,On or near Tranmere Road,E01012695,Blackpool 015A,Drugs,Formal action is not in the public interest,
e65da2e27a7a32725e8516fde006e28f1e5b58b9fa6429b532bd3a07d58567f5,2021-06,Lancashire Constabulary,Lancashire Constabulary,-3.032422,53.796973,On or near Euxton Court,E01012695,Blackpool 015A,Possession of weapons,Status update unavailable,
e303e68050c498db2b86a93fae0299a9e9cb913862efed607678084ac4a960f0,2021-06,Lancashire Constabulary,Lancashire Constabulary,-3.034743,53.796890,On or near Malham Avenue,E01012695,Blackpool 015A,Vehicle crime,Unable to prosecute suspect,
715463cd205e7196d2b0e1f5af4db9dcaa7d7f31864e53556fa8b77c5a8ed6a4,2021-06,Lancashire Constabulary,Lancashire Constabulary,-3.035726,53.796729,On or near Swindon Avenue,E01012695,Blackpool 015A,Violence and sexual offences,Unable to prosecute suspect,
ce9c623913034a97eec9298030efbff4251e0f38d95c8dbb552c70dfe01dd575,2021-06,Lancashire Constabulary,Lancashire Constabulary,-3.033056,53.796185,On or near Pickmere Avenue,E01012695,Blackpool 015A,Violence and sexual offences,Unable to prosecute suspect,
59eb08f6d820e09538d204df69db785098d57098858a3aab10d8945ba7957c62,2021-06,Lancashire Constabulary,Lancashire Constabulary,-3.033056,53.796185,On or near Pickmere Avenue,E01012695,Blackpool 015A,Violence and sexual offences,Unable to prosecute suspect,
057932cd6da1f94f260646d6ffeb0ca562756fdf9387a415348860150e736f4b,2021-06,Lancashire Constabulary,Lancashire Constabulary,-3.033469,53.796928,On or near Pickmere Avenue,E01012695,Blackpool 015A,Other crime,Unable to prosecute suspect,
,2021-06,Lancashire Constabulary,Lancashire Constabulary,-3.044915,53.808478,On or near Revoe Street,E01012743,Blackpool 015B,Anti-social behaviour,,
,2021-06,Lancashire Constabulary,Lancashire Constabulary,-3.045091,53.803973,On or near Central Drive,E01012743,Blackpool 015B,Anti-social behaviour,,
,2021-06,Lancashire Constabulary,Lancashire Constabulary,-3.045091,53.803973,On or near Central Drive,E01012743,Blackpool 015B,Anti-social behaviour,,
,2021-06,Lancashire Constabulary,Lancashire Constabulary,-3.040776,53.805718,On or near Condor Grove,E01012743,Blackpool 015B,Anti-social behaviour,,
,2021-06,Lancashire Constabulary,Lancashire Constabulary,-3.044915,53.808478,On or near Revoe Street,E01012743,Blackpool 015B,Anti-social behaviour,,
,2021-06,Lancashire Constabulary,Lancashire Constabulary,-3.045091,53.803973,On or near Central Drive,E01012743,Blackpool 015B,Anti-social behaviour,,
,2021-06,Lancashire Constabulary,Lancashire Constabulary,-3.044387,53.808042,On or near Westmorland Avenue,E01012743,Blackpool 015B,Anti-social behaviour,,
,2021-06,Lancashire Constabulary,Lancashire Constabulary,-3.040159,53.804097,On or near Ansdell Road,E01012743,Blackpool 015B,Anti-social behaviour,,
,2021-06,Lancashire Constabulary,Lancashire Constabulary,-3.040353,53.805192,On or near Ansdell Road,E01012743,Blackpool 015B,Anti-social behaviour,,
,2021-06,Lancashire Constabulary,Lancashire Constabulary,-3.039887,53.802301,On or near Malvern Avenue,E01012743,Blackpool 015B,Anti-social behaviour,,
,2021-06,Lancashire Constabulary,Lancashire Constabulary,-3.044915,53.808478,On or near Revoe Street,E01012743,Blackpool 015B,Anti-social behaviour,,
,2021-06,Lancashire Constabulary,Lancashire Constabulary,-3.045091,53.803973,On or near Central Drive,E01012743,Blackpool 015B,Anti-social behaviour,,
,2021-06,Lancashire Constabulary,Lancashire Constabulary,-3.044183,53.804089,On or near Bloomfield Road,E01012743,Blackpool 015B,Anti-social behaviour,,
,2021-06,Lancashire Constabulary,Lancashire Constabulary,-3.041486,53.806171,On or near Bela Grove,E01012743,Blackpool 015B,Anti-social behaviour,,
,2021-06,Lancashire Constabulary,Lancashire Constabulary,-3.042226,53.806623,On or near Levens Grove,E01012743,Blackpool 015B,Anti-social behaviour,,
,2021-06,Lancashire Constabulary,Lancashire Constabulary,-3.040159,53.804097,On or near Ansdell Road,E01012743,Blackpool 015B,Anti-social behaviour,,
,2021-06,Lancashire Constabulary,Lancashire Constabulary,-3.044183,53.804089,On or near Bloomfield Road,E01012743,Blackpool 015B,Anti-social behaviour,,
,2021-06,Lancashire Constabulary,Lancashire Constabulary,-3.043386,53.805004,On or near Palmer Avenue,E01012743,Blackpool 015B,Anti-social behaviour,,
,2021-06,Lancashire Constabulary,Lancashire Constabulary,-3.039370,53.804131,On or near Marina Avenue,E01012743,Blackpool 015B,Anti-social behaviour,,
,2021-06,Lancashire Constabulary,Lancashire Constabulary,-3.044119,53.805806,On or near Sports/Recreation Area,E01012743,Blackpool 015B,Anti-social behaviour,,
,2021-06,Lancashire Constabulary,Lancashire Constabulary,-3.039638,53.805126,On or near Rose Avenue,E01012743,Blackpool 015B,Anti-social behaviour,,
,2021-06,Lancashire Constabulary,Lancashire Constabulary,-3.040353,53.805192,On or near Ansdell Road,E01012743,Blackpool 015B,Anti-social behaviour,,
,2021-06,Lancashire Constabulary,Lancashire Constabulary,-3.045091,53.803973,On or near Central Drive,E01012743,Blackpool 015B,Anti-social behaviour,,
,2021-06,Lancashire Constabulary,Lancashire Constabulary,-3.040776,53.805718,On or near Condor Grove,E01012743,Blackpool 015B,Anti-social behaviour,,
,2021-06,Lancashire Constabulary,Lancashire Constabulary,-3.039562,53.803886,On or near Supermarket,E01012743,Blackpool 015B,Anti-social behaviour,,
,2021-06,Lancashire Constabulary,Lancashire Constabulary,-3.041026,53.804754,On or near Supermarket,E01012743,Blackpool 015B,Anti-social behaviour,,
,2021-06,Lancashire Constabulary,Lancashire Constabulary,-3.044183,53.804089,On or near Bloomfield Road,E01012743,Blackpool 015B,Anti-social behaviour,,
,2021-06,Lancashire Constabulary,Lancashire Constabulary,-3.044387,53.808042,On or near Westmorland Avenue,E01012743,Blackpool 015B,Anti-social behaviour,,
,2021-06,Lancashire Constabulary,Lancashire Constabulary,-3.042743,53.805414,On or near Mayor Avenue,E01012743,Blackpool 015B,Anti-social behaviour,,
4dbb45b097c4e347e01d6a9a646e24369048898ade2b696b73ed378a68a04050,2021-06,Lancashire Constabulary,Lancashire Constabulary,-3.044119,53.805806,On or near Sports/Recreation Area,E01012743,Blackpool 015B,Bicycle theft,Status update unavailable,
f36ac14897a038ae1058a58714b199074dbda62c0b05d7d618087e6f570601de,2021-06,Lancashire Constabulary,Lancashire Constabulary,-3.040353,53.805192,On or near Ansdell Road,E01012743,Blackpool 015B,Criminal damage and arson,Investigation complete; no suspect identified,
2aaf6331313d617a71cf8a92a31023f66c791fc93fff96df2e4587bf551d9b45,2021-06,Lancashire Constabulary,Lancashire Constabulary,-3.044915,53.808478,On or near Revoe Street,E01012743,Blackpool 015B,Criminal damage and arson,Unable to prosecute suspect,
61e575902bc0995f9eabb79e8933f9cbd1abf4abdefcd5573d30d726748e06b5,2021-06,Lancashire Constabulary,Lancashire Constabulary,-3.044183,53.804089,On or near Bloomfield Road,E01012743,Blackpool 015B,Criminal damage and arson,Investigation complete; no suspect identified,
1e06182c547616a0d5002bb6a8eca62085afd1fd6a1cda92e67656be2c9235d3,2021-06,Lancashire Constabulary,Lancashire Constabulary,-3.044915,53.808478,On or near Revoe Street,E01012743,Blackpool 015B,Criminal damage and arson,Court result unavailable,
084b7c7ba2d4943f3bc3d60e02ae8e8fdff84d034b64c9ed93b7c9819bf4921d,2021-06,Lancashire Constabulary,Lancashire Constabulary,-3.040159,53.804097,On or near Ansdell Road,E01012743,Blackpool 015B,Other theft,Investigation complete; no suspect identified,
e8ebe50a7b37f4126189caa39b697ea8a3c0a50cc5e01203ca7fa6d64490c712,2021-06,Lancashire Constabulary,Lancashire Constabulary,-3.043386,53.805004,On or near Palmer Avenue,E01012743,Blackpool 015B,Public order,Offender given penalty notice,
94cd308047d7a074d86c4c23149646c7e3352a9d6f305b0f92cf622d49c457d1,2021-06,Lancashire Constabulary,Lancashire Constabulary,-3.040159,53.804097,On or near Ansdell Road,E01012743,Blackpool 015B,Public order,Unable to prosecute suspect,
df3413c0082fd37a2253c034bc9297d922dfc74ff0e3164daacb74fcf3fcc715,2021-06,Lancashire Constabulary,Lancashire Constabulary,-3.042631,53.807635,On or near Grasmere Road,E01012743,Blackpool 015B,Public order,Unable to prosecute suspect,
5b9e94b7540755b0d8850305f8f901a450c10d1db92fca7c534da2a29ef94bfd,2021-06,Lancashire Constabulary,Lancashire Constabulary,-3.040681,53.803706,On or near Durley Road,E01012743,Blackpool 015B,Public order,Further investigation is not in the public interest,
64f2e742d59e382442ad7682ea83ba6a854e83ed4541d647ea2449acbe9cc98d,2021-06,Lancashire Constabulary,Lancashire Constabulary,-3.039562,53.803886,On or near Supermarket,E01012743,Blackpool 015B,Shoplifting,Investigation complete; no suspect identified,
0be7a425358c4e175a99ad23a17d4ae58d433dbb98ae18c4f4ddb9a15fc77ece,2021-06,Lancashire Constabulary,Lancashire Constabulary,-3.044289,53.807144,On or near Lune Grove,E01012743,Blackpool 015B,Violence and sexual offences,Unable to prosecute suspect,
a14faf67d5ff55742382584b2ddb7631fa5eee0ce6d8ea49c285a94f5f67b583,2021-06,Lancashire Constabulary,Lancashire Constabulary,-3.044183,53.804089,On or near Bloomfield Road,E01012743,Blackpool 015B,Violence and sexual offences,Unable to prosecute suspect,
57cf40365f25f35a0fb54cee5862a7b8b46c899a4c6979eed14dd46aa41c1f5b,2021-06,Lancashire Constabulary,Lancashire Constabulary,-3.045091,53.803973,On or near Central Drive,E01012743,Blackpool 015B,Violence and sexual offences,Unable to prosecute suspect,
75d023ac8af60e9f26d2b4a398334fbaa4e1eb0d47efcb40394ca555c9a0df05,2021-06,Lancashire Constabulary,Lancashire Constabulary,-3.045091,53.803973,On or near Central Drive,E01012743,Blackpool 015B,Violence and sexual offences,Unable to prosecute suspect,
84a3b3faf451f276d67a7aa42cf63f88807b3b43483aed587951acf4c84613c4,2021-06,Lancashire Constabulary,Lancashire Constabulary,-3.044387,53.808042,On or near Westmorland Avenue,E01012743,Blackpool 015B,Violence and sexual offences,Investigation complete; no suspect identified,
9f814c6ca92ea790c69ca9f4b4cf0e49df47ee784753705c35b31a62b9a6135b,2021-06,Lancashire Constabulary,Lancashire Constabulary,-3.044387,53.808042,On or near Westmorland Avenue,E01012743,Blackpool 015B,Violence and sexual offences,Unable to prosecute suspect,
c951943e10f7684f6db879f269f4a4d716a4543172cf3745d1fe7c890c65ff29,2021-06,Lancashire Constabulary,Lancashire Constabulary,-3.043386,53.805004,On or near Palmer Avenue,E01012743,Blackpool 015B,Violence and sexual offences,Unable to prosecute suspect,
a42377dbd7a53af8a0f4fc4c67d628ef5a98ba1b44c9286e7bd3da446abe7ca2,2021-06,Lancashire Constabulary,Lancashire Constabulary,-3.044183,53.804089,On or near Bloomfield Road,E01012743,Blackpool 015B,Violence and sexual offences,Unable to prosecute suspect,
05cbeb8660e3bdd0eeff25579af4663cf1418c41daf8fe12046d8b1ad9a3b9f8,2021-06,Lancashire Constabulary,Lancashire Constabulary,-3.043386,53.805004,On or near Palmer Avenue,E01012743,Blackpool 015B,Violence and sexual offences,Unable to prosecute suspect,
bf0f52544b9c43d4b4b9ac67c96e7d6775cfba34621ce1ab9a550a9556c196a7,2021-06,Lancashire Constabulary,Lancashire Constabulary,-3.039638,53.805126,On or near Rose Avenue,E01012743,Blackpool 015B,Violence and sexual offences,Unable to prosecute suspect,
5ec2280a502f2c80ce4257e85c46ae85a325c7310a4c7a31d2706b44c94d83f9,2021-06,Lancashire Constabulary,Lancashire Constabulary,-3.044183,53.804089,On or near Bloomfield Road,E01012743,Blackpool 015B,Violence and sexual offences,Further investigation is not in the public interest,
4bdca055c3c3569f080ab3bb335ec744096afef74c2cb4834b64cad90d3d11c9,2021-06,Lancashire Constabulary,Lancashire Constabulary,-3.044119,53.805806,On or near Sports/Recreation Area,E01012743,Blackpool 015B,Violence and sexual offences,Unable to prosecute suspect,
40281af7146a4e6139a1d6645a684f81f4d74065d7dd708a45a427247f2a082e,2021-06,Lancashire Constabulary,Lancashire Constabulary,-3.039638,53.805126,On or near Rose Avenue,E01012743,Blackpool 015B,Violence and sexual offences,Action to be taken by another organisation,
189b6867152c4b8c4a6a91ddb18ec5cd6574d5a040a4ef9f63bf539a43a585f4,2021-06,Lancashire Constabulary,Lancashire Constabulary,-3.040776,53.805718,On or near Condor Grove,E01012743,Blackpool 015B,Violence and sexual offences,Court result unavailable,
41a22e3731b66f3a102516e0da2c667c732a3a8d507de3701ed4e6b407702736,2021-06,Lancashire Constabulary,Lancashire Constabulary,-3.044387,53.808042,On or near Westmorland Avenue,E01012743,Blackpool 015B,Violence and sexual offences,Further investigation is not in the public interest,
,2021-06,Lancashire Constabulary,Lancashire Constabulary,-3.038094,53.801625,On or near Threlfall Road,E01012744,Blackpool 015C,Anti-social behaviour,,
,2021-06,Lancashire Constabulary,Lancashire Constabulary,-3.035828,53.802103,On or near Dunsop Close,E01012744,Blackpool 015C,Anti-social behaviour,,
,2021-06,Lancashire Constabulary,Lancashire Constabulary,-3.033716,53.802651,On or near Dover Court,E01012744,Blackpool 015C,Anti-social behaviour,,
,2021-06,Lancashire Constabulary,Lancashire Constabulary,-3.038094,53.801625,On or near Threlfall Road,E01012744,Blackpool 015C,Anti-social behaviour,,
,2021-06,Lancashire Constabulary,Lancashire Constabulary,-3.033771,53.802435,On or near Dover Road,E01012744,Blackpool 015C,Anti-social behaviour,,
ce1119391d26639a2ef975e1615e26ca6974e9ddb90ca95f08e030736291c85d,2021-06,Lancashire Constabulary,Lancashire Constabulary,-3.036637,53.801044,On or near Sports/Recreation Area,E01012744,Blackpool 015C,Criminal damage and arson,Unable to prosecute suspect,
2d043f74867742d49c0ab8e182cab927d868a59d408cbb1e623f385fd7c6e189,2021-06,Lancashire Constabulary,Lancashire Constabulary,-3.035824,53.803173,On or near Beardshaw Avenue,E01012744,Blackpool 015C,Violence and sexual offences,Unable to prosecute suspect,
7a8920e90a08be5443533be986075cbe9c156bc6e7377f8c45b438e62606c221,2021-06,Lancashire Constabulary,Lancashire Constabulary,-3.037716,53.802311,On or near Nuttall Road,E01012744,Blackpool 015C,Violence and sexual offences,Unable to prosecute suspect,
5654e5b51e8f10da0882b102ae56faa0000df13d124a78957b30981c02539a4c,2021-06,Lancashire Constabulary,Lancashire Constabulary,-3.036843,53.802624,On or near Ansdell Road,E01012744,Blackpool 015C,Violence and sexual offences,Unable to prosecute suspect,
984231d2ce14b263be77a1cc495b474ce067646b0a32afc803491765fe618b6f,2021-06,Lancashire Constabulary,Lancashire Constabulary,-3.037716,53.802311,On or near Nuttall Road,E01012744,Blackpool 015C,Violence and sexual offences,Unable to prosecute suspect,
1aa09ded47fbe0b90bc08a4d9896dc9e5ed70ac2a954c9f31d1a240818f1fcd1,2021-06,Lancashire Constabulary,Lancashire Constabulary,-3.037104,53.803988,On or near Cunliffe Road,E01012744,Blackpool 015C,Violence and sexual offences,Unable to prosecute suspect,
e196217da18a0cc03d1ca4923867de1a590ff051f0929d74739dc159ab984a68,2021-06,Lancashire Constabulary,Lancashire Constabulary,-3.036637,53.801044,On or near Sports/Recreation Area,E01012744,Blackpool 015C,Violence and sexual offences,Unable to prosecute suspect,
eac2930ab425402d9344b79e156d2f309524dc788490860982855e105dcad0ac,2021-06,Lancashire Constabulary,Lancashire Constabulary,-3.037716,53.802311,On or near Nuttall Road,E01012744,Blackpool 015C,Violence and sexual offences,Unable to prosecute suspect,
5c58d7848f60661f5ffcca077fd5675c8a32c4d098c6e46f87c6c34b295e5098,2021-06,Lancashire Constabulary,Lancashire Constabulary,-3.037826,53.801852,On or near Hodder Avenue,E01012744,Blackpool 015C,Violence and sexual offences,Unable to prosecute suspect,
,2021-06,Lancashire Constabulary,Lancashire Constabulary,-3.038772,53.797754,On or near Newbury Avenue,E01012745,Blackpool 015D,Anti-social behaviour,,
,2021-06,Lancashire Constabulary,Lancashire Constabulary,-3.040355,53.797920,On or near Aintree Road,E01012745,Blackpool 015D,Anti-social behaviour,,
,2021-06,Lancashire Constabulary,Lancashire Constabulary,-3.039029,53.798291,On or near Rugby Street,E01012745,Blackpool 015D,Anti-social behaviour,,
,2021-06,Lancashire Constabulary,Lancashire Constabulary,-3.038772,53.797754,On or near Newbury Avenue,E01012745,Blackpool 015D,Anti-social behaviour,,
,2021-06,Lancashire Constabulary,Lancashire Constabulary,-3.041555,53.797910,On or near Exeter Street,E01012745,Blackpool 015D,Anti-social behaviour,,
,2021-06,Lancashire Constabulary,Lancashire Constabulary,-3.046995,53.798743,On or near Supermarket,E01012745,Blackpool 015D,Anti-social behaviour,,
,2021-06,Lancashire Constabulary,Lancashire Constabulary,-3.043422,53.797893,On or near Lightwood Avenue,E01012745,Blackpool 015D,Anti-social behaviour,,
,2021-06,Lancashire Constabulary,Lancashire Constabulary,-3.043882,53.798716,On or near Gladstone Street,E01012745,Blackpool 015D,Anti-social behaviour,,
,2021-06,Lancashire Constabulary,Lancashire Constabulary,-3.039664,53.798187,On or near Taunton Street,E01012745,Blackpool 015D,Anti-social behaviour,,
,2021-06,Lancashire Constabulary,Lancashire Constabulary,-3.041855,53.798986,On or near Hall Avenue,E01012745,Blackpool 015D,Anti-social behaviour,,
,2021-06,Lancashire Constabulary,Lancashire Constabulary,-3.038772,53.797754,On or near Newbury Avenue,E01012745,Blackpool 015D,Anti-social behaviour,,
,2021-06,Lancashire Constabulary,Lancashire Constabulary,-3.038772,53.797754,On or near Newbury Avenue,E01012745,Blackpool 015D,Anti-social behaviour,,
,2021-06,Lancashire Constabulary,Lancashire Constabulary,-3.039029,53.798291,On or near Rugby Street,E01012745,Blackpool 015D,Anti-social behaviour,,
,2021-06,Lancashire Constabulary,Lancashire Constabulary,-3.042330,53.802855,On or near Shetland Road,E01012745,Blackpool 015D,Anti-social behaviour,,
,2021-06,Lancashire Constabulary,Lancashire Constabulary,-3.040299,53.801786,On or near Arnside Avenue,E01012745,Blackpool 015D,Anti-social behaviour,,
5c17b9da476f470b9126aafe4a070138eb62adcdb59a639f1e7ce43e19e044f0,2021-06,Lancashire Constabulary,Lancashire Constabulary,-3.046479,53.798739,On or near Parkinson Way,E01012745,Blackpool 015D,Criminal damage and arson,Investigation complete; no suspect identified,
6e35d2f3acc9736116b7ad7da4707c29a2c3634d9dd18dc588b28ce80272f549,2021-06,Lancashire Constabulary,Lancashire Constabulary,-3.042064,53.800710,On or near Lunedale Avenue,E01012745,Blackpool 015D,Criminal damage and arson,Unable to prosecute suspect,
00601115ff8fb4c0f238a2c3e61ac9de760bff7fe94b4d23bf2de4227587ebae,2021-06,Lancashire Constabulary,Lancashire Constabulary,-3.039539,53.801756,On or near Westfield Road,E01012745,Blackpool 015D,Criminal damage and arson,Unable to prosecute suspect,
9d3569b1afac2f8fd6e7272e4ded1902ec5fcdcb6d188b63213115bbad30a44f,2021-06,Lancashire Constabulary,Lancashire Constabulary,-3.038999,53.798956,On or near Scudamore Crescent,E01012745,Blackpool 015D,Other theft,Investigation complete; no suspect identified,
6e82978916062252c05e93938faa464a1efc008425a2a663f4f8ee281f5e8afe,2021-06,Lancashire Constabulary,Lancashire Constabulary,-3.046479,53.798739,On or near Parkinson Way,E01012745,Blackpool 015D,Other theft,Investigation complete; no suspect identified,
7770aee20b36b50c034f49d2085757ddc9e57c8325e10058209d3d084dbcb022,2021-06,Lancashire Constabulary,Lancashire Constabulary,-3.041555,53.797910,On or near Exeter Street,E01012745,Blackpool 015D,Public order,Unable to prosecute suspect,
5229f98752ddaf8acd1cc61c7eca017257ddbfd48ceccf377b58e1366866d02a,2021-06,Lancashire Constabulary,Lancashire Constabulary,-3.046995,53.798743,On or near Supermarket,E01012745,Blackpool 015D,Shoplifting,Status update unavailable,
3f826a4ae6c0d1a0c257675677e9ef9a2a32bc2b1560e8436669fffdb746b440,2021-06,Lancashire Constabulary,Lancashire Constabulary,-3.041555,53.797910,On or near Exeter Street,E01012745,Blackpool 015D,Shoplifting,Status update unavailable,
5a606467c7cd0c509b567e375cf63eba2a291f7cec22384ce6b5f95142f4b842,2021-06,Lancashire Constabulary,Lancashire Constabulary,-3.046995,53.798743,On or near Supermarket,E01012745,Blackpool 015D,Violence and sexual offences,Investigation complete; no suspect identified,
06122ea7efa44a36195a9119fe4eeae79e2742c12c06980973db260ea812726a,2021-06,Lancashire Constabulary,Lancashire Constabulary,-3.043882,53.798716,On or near Gladstone Street,E01012745,Blackpool 015D,Violence and sexual offences,Unable to prosecute suspect,
07832e5029cedc5ab1a415c0e5fc99d4aac4905028558908afcf6bab2853d4d3,2021-06,Lancashire Constabulary,Lancashire Constabulary,-3.040887,53.797915,On or near Devon Street,E01012745,Blackpool 015D,Violence and sexual offences,Unable to prosecute suspect,
e0c940a4b7c06647e6bb82265c22534b616f8b33edce8e2365ca45fd71a34763,2021-06,Lancashire Constabulary,Lancashire Constabulary,-3.040839,53.799039,On or near Romney Avenue,E01012745,Blackpool 015D,Violence and sexual offences,Unable to prosecute suspect,
e0d7bda5860ce493a611d9a9f09e4385509184216f328f5d8e18ccee9a2ae4ba,2021-06,Lancashire Constabulary,Lancashire Constabulary,-3.041555,53.797910,On or near Exeter Street,E01012745,Blackpool 015D,Violence and sexual offences,Investigation complete; no suspect identified,
db08ae0e3ca1e683ca9023b9bc86427d41647c2ffe34b07309a78c952ac83f47,2021-06,Lancashire Constabulary,Lancashire Constabulary,-3.041555,53.797910,On or near Exeter Street,E01012745,Blackpool 015D,Violence and sexual offences,Investigation complete; no suspect identified,
f3b39b71b9811fae41142dcb6edeef09e688d6264267ef947d528b0619f07b71,2021-06,Lancashire Constabulary,Lancashire Constabulary,-3.042064,53.800710,On or near Lunedale Avenue,E01012745,Blackpool 015D,Violence and sexual offences,Unable to prosecute suspect,
ad732b2dc88e4790098a78a89173d6e2586387f1825c841360cfddae448e7495,2021-06,Lancashire Constabulary,Lancashire Constabulary,-3.038752,53.798770,On or near Chislehurst Avenue,E01012745,Blackpool 015D,Violence and sexual offences,Unable to prosecute suspect,
2980a931f9f34faaaa4e336e5c55ea0a30bb7b98215febd3197b25b4d83f90b1,2021-06,Lancashire Constabulary,Lancashire Constabulary,-3.039539,53.801756,On or near Westfield Road,E01012745,Blackpool 015D,Violence and sexual offences,Unable to prosecute suspect,
8458b80344b22a7a87f3c8d06677684ae64f7013e4f97808a4271a5eee338ea5,2021-06,Lancashire Constabulary,Lancashire Constabulary,-3.041855,53.798986,On or near Hall Avenue,E01012745,Blackpool 015D,Violence and sexual offences,Unable to prosecute suspect,
b06377a4066bc15bc6cf14e9fc535bfb1cac5c6128f84ed54dd0c98e942441ba,2021-06,Lancashire Constabulary,Lancashire Constabulary,-3.039539,53.801756,On or near Westfield Road,E01012745,Blackpool 015D,Violence and sexual offences,Action to be taken by another organisation,
178d400972534db37608c11805d2321de44b16cef4f61feb5075d0ab8b0337d1,2021-06,Lancashire Constabulary,Lancashire Constabulary,-3.040355,53.797920,On or near Aintree Road,E01012745,Blackpool 015D,Violence and sexual offences,Status update unavailable,
6e52d7502652cdc1972adcdc9e0abdb70a9e9a0d1a16dd9502c2f589e7e16743,2021-06,Lancashire Constabulary,Lancashire Constabulary,-3.040355,53.797920,On or near Aintree Road,E01012745,Blackpool 015D,Violence and sexual offences,Unable to prosecute suspect,
d6a745991ed149a810422cb2ffbb18ec4b9b91a3505c2d3f640804a78116ef3d,2021-06,Lancashire Constabulary,Lancashire Constabulary,-3.039664,53.798187,On or near Taunton Street,E01012745,Blackpool 015D,Violence and sexual offences,Unable to prosecute suspect,
5ef5a4b8e81d9bcfc4a2730e19d6add02cb38b53ddd5d9c90a4e41db53b3d9d7,2021-06,Lancashire Constabulary,Lancashire Constabulary,-3.043882,53.798716,On or near Gladstone Street,E01012745,Blackpool 015D,Other crime,Action to be taken by another organisation,
,2021-06,Lancashire Constabulary,Lancashire Constabulary,-3.036545,53.798537,On or near Fernhurst Avenue,E01012746,Blackpool 015E,Anti-social behaviour,,
,2021-06,Lancashire Constabulary,Lancashire Constabulary,-3.036555,53.799553,On or near Aylesbury Avenue,E01012746,Blackpool 015E,Anti-social behaviour,,
,2021-06,Lancashire Constabulary,Lancashire Constabulary,-3.039690,53.794978,On or near Lynton Avenue,E01012746,Blackpool 015E,Anti-social behaviour,,
,2021-06,Lancashire Constabulary,Lancashire Constabulary,-3.041872,53.796631,On or near St Annes Road,E01012746,Blackpool 015E,Anti-social behaviour,,
,2021-06,Lancashire Constabulary,Lancashire Constabulary,-3.036990,53.799981,On or near Waterloo Road,E01012746,Blackpool 015E,Anti-social behaviour,,
,2021-06,Lancashire Constabulary,Lancashire Constabulary,-3.036851,53.796818,On or near Marton Drive,E01012746,Blackpool 015E,Anti-social behaviour,,
,2021-06,Lancashire Constabulary,Lancashire Constabulary,-3.039377,53.797668,On or near Frederick Street,E01012746,Blackpool 015E,Anti-social behaviour,,
12850836bf678dc7c4d7dc936859671767d12b3261646ff185352a95ad6853ff,2021-06,Lancashire Constabulary,Lancashire Constabulary,-3.036990,53.799981,On or near Waterloo Road,E01012746,Blackpool 015E,Burglary,Unable to prosecute suspect,
ef9073ca1c07773edfd7e6692089c13b45567b4235e0026a0d69a34b254de664,2021-06,Lancashire Constabulary,Lancashire Constabulary,-3.036851,53.796818,On or near Marton Drive,E01012746,Blackpool 015E,Criminal damage and arson,Further investigation is not in the public interest,
fcc8975bcc1ae652b98d97758effc809b68fc539e2059c4e6ec01a40789d8ddf,2021-06,Lancashire Constabulary,Lancashire Constabulary,-3.036939,53.797887,On or near Starbeck Avenue,E01012746,Blackpool 015E,Criminal damage and arson,Unable to prosecute suspect,
56c2f32465e4f693ee40920df0beea432f4d643a72b50502269a28064df111d5,2021-06,Lancashire Constabulary,Lancashire Constabulary,-3.036990,53.799981,On or near Waterloo Road,E01012746,Blackpool 015E,Other theft,Further investigation is not in the public interest,
1a1a082b0c50265cb0126b8bb6cb4485c5f4aceaaa4957dba6d5ef3ca8dd7137,2021-06,Lancashire Constabulary,Lancashire Constabulary,-3.038387,53.796310,On or near Edwell Avenue,E01012746,Blackpool 015E,Public order,Further investigation is not in the public interest,
e21df76f23e07f4cc5ee0b1949507cca67eba141d2be9823f5200296d53a53d7,2021-06,Lancashire Constabulary,Lancashire Constabulary,-3.033792,53.800206,On or near Hawes Side Lane,E01012746,Blackpool 015E,Public order,Unable to prosecute suspect,
830a3bc40d5ec710f005ad1cb640e05b6d0d8f6b98631f4aa29d4f36969848b4,2021-06,Lancashire Constabulary,Lancashire Constabulary,-3.038387,53.796310,On or near Edwell Avenue,E01012746,Blackpool 015E,Public order,Status update unavailable,
16fa87656a2a79080abf673a99162776bbe0bbfe5b4eae13cf1edbcf7511734e,2021-06,Lancashire Constabulary,Lancashire Constabulary,-3.037806,53.798589,On or near Lyndhurst Avenue,E01012746,Blackpool 015E,Robbery,Investigation complete; no suspect identified,
30ff2bca7b47364f252f3b3c198ee4e6d22f61cbdd0af7bf8ef18d81b0fe57a6,2021-06,Lancashire Constabulary,Lancashire Constabulary,-3.036545,53.798537,On or near Fernhurst Avenue,E01012746,Blackpool 015E,Violence and sexual offences,Unable to prosecute suspect,
caddfa5675224dca577194a1043045673466fe402239f5486d01c3b27b36ebd4,2021-06,Lancashire Constabulary,Lancashire Constabulary,-3.038387,53.796310,On or near Edwell Avenue,E01012746,Blackpool 015E,Violence and sexual offences,Unable to prosecute suspect,
a9d81531ae12cba92091b089856cf977bca7b0c91048d4ac901965b4ebd28d11,2021-06,Lancashire Constabulary,Lancashire Constabulary,-3.040191,53.793131,On or near Watson Road,E01012746,Blackpool 015E,Violence and sexual offences,Unable to prosecute suspect,
e985e3ffc98e84eb769e6a9d05cf35fceba96de0e8edca2920f68a98eacebca7,2021-06,Lancashire Constabulary,Lancashire Constabulary,-3.033761,53.798346,On or near Tranmere Road,E01012746,Blackpool 015E,Violence and sexual offences,Further investigation is not in the public interest,
0840744b5394fb4a16a418e525e2913848c7d86ee44ef83bb8651d5c19239722,2021-06,Lancashire Constabulary,Lancashire Constabulary,-3.033761,53.798346,On or near Tranmere Road,E01012746,Blackpool 015E,Violence and sexual offences,Unable to prosecute suspect,
e0c717ae0d0d82f97fef5ccd82d6ec78537434a2f11c9515180c6b097c2e7f36,2021-06,Lancashire Constabulary,Lancashire Constabulary,-3.041872,53.796631,On or near St Annes Road,E01012746,Blackpool 015E,Violence and sexual offences,Action to be taken by another organisation,
a9f9dc462a96085b956620bf34778dacb2e21a3a40af6d619d1c4e3d8bb6e871,2021-06,Lancashire Constabulary,Lancashire Constabulary,-3.040354,53.796015,On or near Walverden Avenue,E01012746,Blackpool 015E,Violence and sexual offences,Unable to prosecute suspect,
88e37dcbe2108e20aac0eff3e77bde6a2da9ebfa87b51b539131280c92e8b302,2021-06,Lancashire Constabulary,Lancashire Constabulary,-3.041393,53.795673,On or near St Annes Road,E01012746,Blackpool 015E,Violence and sexual offences,Unable to prosecute suspect,
24e72ff28c80652ae8febfc01e4ef0eb1d67d5b275beb55503443230083de5a6,2021-06,Lancashire Constabulary,Lancashire Constabulary,-3.040354,53.796015,On or near Walverden Avenue,E01012746,Blackpool 015E,Violence and sexual offences,Unable to prosecute suspect,
4000056bb6f27a63253463439ff336d545364842f281a526a54c268deb47184b,2021-06,Lancashire Constabulary,Lancashire Constabulary,-3.033761,53.798346,On or near Tranmere Road,E01012746,Blackpool 015E,Violence and sexual offences,Unable to prosecute suspect,
4de754df98d063bda6844e552d1cc68898f48e92c42fa5481ccde6514669fa23,2021-06,Lancashire Constabulary,Lancashire Constabulary,-3.040354,53.796015,On or near Walverden Avenue,E01012746,Blackpool 015E,Violence and sexual offences,Unable to prosecute suspect,
9c7f800adf3626010c64f61a12018a467db67292271c2ce5fdd9776b126326f3,2021-06,Lancashire Constabulary,Lancashire Constabulary,-3.033761,53.798346,On or near Tranmere Road,E01012746,Blackpool 015E,Violence and sexual offences,Unable to prosecute suspect,
5819fa2812f1b5973660a8ceb28b3295214b5d61698e99fb2a917e01fb0f31f7,2021-06,Lancashire Constabulary,Lancashire Constabulary,-3.036851,53.796818,On or near Marton Drive,E01012746,Blackpool 015E,Violence and sexual offences,Status update unavailable,
f504b847ad10234ed343e71423ee4f8a794ea8a53070dfec79b8b15a82c8d172,2021-06,Lancashire Constabulary,Lancashire Constabulary,-3.040191,53.793131,On or near Watson Road,E01012746,Blackpool 015E,Violence and sexual offences,Unable to prosecute suspect,
87f52a23a65dfe4b5709719700b520c6b7bcbd2dcd60b983f10341724d80b951,2021-06,Lancashire Constabulary,Lancashire Constabulary,-3.040191,53.793131,On or near Watson Road,E01012746,Blackpool 015E,Violence and sexual offences,Further investigation is not in the public interest,
e327d0310088419643e7b80fbe983dfa29f5bdeb0c2666007992c61b4da5fb35,2021-06,Lancashire Constabulary,Lancashire Constabulary,-3.033761,53.798346,On or near Tranmere Road,E01012746,Blackpool 015E,Violence and sexual offences,Unable to prosecute suspect,
87cba860c65c615239d3d86a5d83cac1f701291507100d7e8147b250cba93097,2021-06,Lancashire Constabulary,Lancashire Constabulary,-3.041872,53.796631,On or near St Annes Road,E01012746,Blackpool 015E,Violence and sexual offences,Investigation complete; no suspect identified,
,2021-06,Lancashire Constabulary,Lancashire Constabulary,-3.019877,53.801143,On or near Senior Avenue,E01012685,Blackpool 016A,Anti-social behaviour,,
,2021-06,Lancashire Constabulary,Lancashire Constabulary,-3.020787,53.803634,On or near Ailsa Avenue,E01012685,Blackpool 016A,Anti-social behaviour,,
,2021-06,Lancashire Constabulary,Lancashire Constabulary,-3.020787,53.803634,On or near Ailsa Avenue,E01012685,Blackpool 016A,Anti-social behaviour,,
,2021-06,Lancashire Constabulary,Lancashire Constabulary,-3.016179,53.798325,On or near Petrol Station,E01012685,Blackpool 016A,Anti-social behaviour,,
,2021-06,Lancashire Constabulary,Lancashire Constabulary,-3.017561,53.803347,On or near Ryldon Place,E01012685,Blackpool 016A,Anti-social behaviour,,
,2021-06,Lancashire Constabulary,Lancashire Constabulary,-3.018664,53.803122,On or near Rosedale Avenue,E01012685,Blackpool 016A,Anti-social behaviour,,
0a4b89140d676513df7e574eff30b05e9420aa6988a5a918d319c318b5bcbbfb,2021-06,Lancashire Constabulary,Lancashire Constabulary,-3.016993,53.801833,On or near Newhouse Road,E01012685,Blackpool 016A,Criminal damage and arson,Investigation complete; no suspect identified,
c894f5fe5e53d3bd134b8395510a1c6348da601932d41735592bf56429fbc2df,2021-06,Lancashire Constabulary,Lancashire Constabulary,-3.016993,53.801833,On or near Newhouse Road,E01012685,Blackpool 016A,Other theft,Investigation complete; no suspect identified,
de908aef8bf526e4ef174a5a8a2b0c3f99c00fee365c398b2f940033c9299277,2021-06,Lancashire Constabulary,Lancashire Constabulary,-3.021004,53.800037,On or near Eskdale Close,E01012685,Blackpool 016A,Other theft,Court result unavailable,
442e3645964c789d4c08c990a57671d4d4af540fa68113679c1396e6ac664c56,2021-06,Lancashire Constabulary,Lancashire Constabulary,-3.016469,53.798997,On or near Supermarket,E01012685,Blackpool 016A,Shoplifting,Status update unavailable,
065fbccc6ef4e6b717ff8b88269346fc67af4b1e000213d71e5703bd4bc5b8af,2021-06,Lancashire Constabulary,Lancashire Constabulary,-3.016469,53.798997,On or near Supermarket,E01012685,Blackpool 016A,Shoplifting,Unable to prosecute suspect,
88bc86e97c8b31a6dc673822613229aef61403eec37c46fd40aade895c128964,2021-06,Lancashire Constabulary,Lancashire Constabulary,-3.016179,53.798325,On or near Petrol Station,E01012685,Blackpool 016A,Shoplifting,Status update unavailable,
ec640c69f9ed4ee2f35ec504aa9391493c6a0be1cd16126fbbbf338fa61d8cc0,2021-06,Lancashire Constabulary,Lancashire Constabulary,-3.016469,53.798997,On or near Supermarket,E01012685,Blackpool 016A,Shoplifting,Unable to prosecute suspect,
9a5c0fd6bf3a7f0ccd875ecbdf01380828a618dcd8e04a61ab6b4165242f055a,2021-06,Lancashire Constabulary,Lancashire Constabulary,-3.025466,53.798713,On or near Supermarket,E01012685,Blackpool 016A,Shoplifting,Status update unavailable,
221f189270b46263cda3c772f51ae0eb62d7a38f4dcfb648233e69e1a357a5cc,2021-06,Lancashire Constabulary,Lancashire Constabulary,-3.016993,53.801833,On or near Newhouse Road,E01012685,Blackpool 016A,Violence and sexual offences,Unable to prosecute suspect,
02b51333609a37da9a048d0b811d88cdb289009fe4d0af2e4f2eab77e7f1db46,2021-06,Lancashire Constabulary,Lancashire Constabulary,-3.019644,53.802808,On or near Falkland Avenue,E01012685,Blackpool 016A,Violence and sexual offences,Unable to prosecute suspect,
352b00a4242a4cd4eae1b3668c9ffc32f74c52175ee4c5ad65d988af1112cd85,2021-06,Lancashire Constabulary,Lancashire Constabulary,-3.019877,53.801143,On or near Senior Avenue,E01012685,Blackpool 016A,Violence and sexual offences,Unable to prosecute suspect,
93a4cd9813065c2b4a063d5f22d55f342c43334f654df1f88ccab2af93a62c35,2021-06,Lancashire Constabulary,Lancashire Constabulary,-3.016179,53.798325,On or near Petrol Station,E01012685,Blackpool 016A,Violence and sexual offences,Further investigation is not in the public interest,
e96d9f71074ebea387d57015109ae47a4fb3f6d7ebba9a84c65ddb434ddce2a3,2021-06,Lancashire Constabulary,Lancashire Constabulary,-3.016993,53.801833,On or near Newhouse Road,E01012685,Blackpool 016A,Violence and sexual offences,Unable to prosecute suspect,
329f6b5f4a4b9f05717000e57018826f80bc1415a5a385d2ba175cac4f0f4c03,2021-06,Lancashire Constabulary,Lancashire Constabulary,-3.019877,53.801143,On or near Senior Avenue,E01012685,Blackpool 016A,Violence and sexual offences,Investigation complete; no suspect identified,
1b3f031d3742e02083704033ada191eaeb00ba3dd82dd55cd0c534ba559665ca,2021-06,Lancashire Constabulary,Lancashire Constabulary,-3.021745,53.803662,On or near Joyce Avenue,E01012685,Blackpool 016A,Other crime,Status update unavailable,
,2021-06,Lancashire Constabulary,Lancashire Constabulary,-3.021702,53.801289,On or near James Avenue,E01012694,Blackpool 016B,Anti-social behaviour,,
,2021-06,Lancashire Constabulary,Lancashire Constabulary,-3.028931,53.801974,On or near Whittam Avenue,E01012694,Blackpool 016B,Anti-social behaviour,,
,2021-06,Lancashire Constabulary,Lancashire Constabulary,-3.022755,53.803375,On or near Barclay Avenue,E01012694,Blackpool 016B,Anti-social behaviour,,
,2021-06,Lancashire Constabulary,Lancashire Constabulary,-3.023005,53.800532,On or near Penrose Avenue,E01012694,Blackpool 016B,Anti-social behaviour,,
,2021-06,Lancashire Constabulary,Lancashire Constabulary,-3.025808,53.803402,On or near Maltby Place,E01012694,Blackpool 016B,Anti-social behaviour,,
972e5b237797caaaf70c0711893a14df6aa3e572534f5875fd12fb97112f72d6,2021-06,Lancashire Constabulary,Lancashire Constabulary,-3.024600,53.803062,On or near Newhouse Road,E01012694,Blackpool 016B,Criminal damage and arson,Court result unavailable,
8c785e19fe083162e4ab950cce0cfdb79f7f7b5181765f25889ed5cf1e848773,2021-06,Lancashire Constabulary,Lancashire Constabulary,-3.022755,53.803375,On or near Barclay Avenue,E01012694,Blackpool 016B,Public order,Further investigation is not in the public interest,
efcd6c6879a853696b427fdb030eef25d76325f8dc29ce1f5193227e452feec0,2021-06,Lancashire Constabulary,Lancashire Constabulary,-3.025808,53.803402,On or near Maltby Place,E01012694,Blackpool 016B,Vehicle crime,Investigation complete; no suspect identified,
3cb0df0df17f391b184d8b924f70f1466f9e5132f004d7b26f4d8fdc756128cf,2021-06,Lancashire Constabulary,Lancashire Constabulary,-3.029875,53.801471,On or near Ryburn Avenue,E01012694,Blackpool 016B,Violence and sexual offences,Unable to prosecute suspect,
3ec0962faca8a73030d2762244aa18d8877c7f5f7623a892aafce29b4aa0c2fc,2021-06,Lancashire Constabulary,Lancashire Constabulary,-3.022755,53.803375,On or near Barclay Avenue,E01012694,Blackpool 016B,Violence and sexual offences,Unable to prosecute suspect,
c1338cbf14492505c931102473bc5741e240d74e95f97c66c59b0755291f86b5,2021-06,Lancashire Constabulary,Lancashire Constabulary,-3.022755,53.803375,On or near Barclay Avenue,E01012694,Blackpool 016B,Violence and sexual offences,Investigation complete; no suspect identified,
68cca07fb8b56fbefa039b6e2783c01be274b9cb80a8bea39e33833f579b377c,2021-06,Lancashire Constabulary,Lancashire Constabulary,-3.023958,53.803508,On or near Johnson Road,E01012694,Blackpool 016B,Violence and sexual offences,Unable to prosecute suspect,
28e5791955efcf0a6065c9ef856fd5e54d4bf106d4f2b87cf72a7373339a73ee,2021-06,Lancashire Constabulary,Lancashire Constabulary,-3.025417,53.801716,On or near Anger'S Hill Road,E01012694,Blackpool 016B,Violence and sexual offences,Unable to prosecute suspect,
532c9461926afb110d328fde89bd55ab640ec2c3e0c193dca84fa206b32f6615,2021-06,Lancashire Constabulary,Lancashire Constabulary,-3.029875,53.801471,On or near Ryburn Avenue,E01012694,Blackpool 016B,Violence and sexual offences,Unable to prosecute suspect,
d653be57f0cd4a1121c453422e752501f0c5f9d569b99c7a0539f1da46535d6a,2021-06,Lancashire Constabulary,Lancashire Constabulary,-3.024265,53.803649,On or near Oscar Street,E01012694,Blackpool 016B,Other crime,Unable to prosecute suspect,
fedbbe04fd6beea8f08596425474a3d01eba2ec7c81089ee8ca10fdf1e4cd19e,2021-06,Lancashire Constabulary,Lancashire Constabulary,-3.024265,53.803649,On or near Oscar Street,E01012694,Blackpool 016B,Other crime,Investigation complete; no suspect identified,
,2021-06,Lancashire Constabulary,Lancashire Constabulary,-3.029889,53.798945,On or near Crossland Road,E01012696,Blackpool 016C,Anti-social behaviour,,
,2021-06,Lancashire Constabulary,Lancashire Constabulary,-3.027929,53.797650,On or near Terance Road,E01012696,Blackpool 016C,Anti-social behaviour,,
,2021-06,Lancashire Constabulary,Lancashire Constabulary,-3.027929,53.797650,On or near Terance Road,E01012696,Blackpool 016C,Anti-social behaviour,,
,2021-06,Lancashire Constabulary,Lancashire Constabulary,-3.029889,53.798945,On or near Crossland Road,E01012696,Blackpool 016C,Anti-social behaviour,,
,2021-06,Lancashire Constabulary,Lancashire Constabulary,-3.028456,53.798086,On or near Morley Road,E01012696,Blackpool 016C,Anti-social behaviour,,
,2021-06,Lancashire Constabulary,Lancashire Constabulary,-3.025865,53.800768,On or near Meadway,E01012696,Blackpool 016C,Anti-social behaviour,,
,2021-06,Lancashire Constabulary,Lancashire Constabulary,-3.027929,53.797650,On or near Terance Road,E01012696,Blackpool 016C,Anti-social behaviour,,
,2021-06,Lancashire Constabulary,Lancashire Constabulary,-3.029889,53.798945,On or near Crossland Road,E01012696,Blackpool 016C,Anti-social behaviour,,
a1cfef3080315c1518726fa5f3bd464c369e3067ca7283411c19a6e0fc1682a0,2021-06,Lancashire Constabulary,Lancashire Constabulary,-3.029889,53.798945,On or near Crossland Road,E01012696,Blackpool 016C,Criminal damage and arson,Unable to prosecute suspect,
785c23a00e156ed272adf8e2dedbb456961963e1442d84d398292c2020ba3355,2021-06,Lancashire Constabulary,Lancashire Constabulary,-3.028291,53.796298,On or near Thursfield Avenue,E01012696,Blackpool 016C,Criminal damage and arson,Unable to prosecute suspect,
99b756c3b82abdaf04b2724e0377b259da52bc39e293bdae714a1642c2ce773c,2021-06,Lancashire Constabulary,Lancashire Constabulary,-3.026981,53.797370,On or near Fairway Road,E01012696,Blackpool 016C,Other theft,Court result unavailable,
647fb0c30eb8280307f654cbaa3b50a0e5e1342497b25d9473a930ca68cb4e0c,2021-06,Lancashire Constabulary,Lancashire Constabulary,-3.028724,53.795387,On or near Townley Avenue,E01012696,Blackpool 016C,Shoplifting,Investigation complete; no suspect identified,
8fe727f00d5e76218fd65ad8c67c39ac40d160aab1df7d29d785401974fe3968,2021-06,Lancashire Constabulary,Lancashire Constabulary,-3.028291,53.796298,On or near Thursfield Avenue,E01012696,Blackpool 016C,Violence and sexual offences,Unable to prosecute suspect,
684f4106a66ab56e858b73e65ed76c17eaf0df234f0342f310513e68d23db4bb,2021-06,Lancashire Constabulary,Lancashire Constabulary,-3.029889,53.798945,On or near Crossland Road,E01012696,Blackpool 016C,Violence and sexual offences,Court result unavailable,
,2021-06,Lancashire Constabulary,Lancashire Constabulary,-3.025530,53.795756,On or near Longway,E01012697,Blackpool 016D,Anti-social behaviour,,
,2021-06,Lancashire Constabulary,Lancashire Constabulary,-3.018721,53.793567,On or near Roundhay,E01012697,Blackpool 016D,Anti-social behaviour,,
,2021-06,Lancashire Constabulary,Lancashire Constabulary,-3.025663,53.796240,On or near Bostonway,E01012697,Blackpool 016D,Anti-social behaviour,,
,2021-06,Lancashire Constabulary,Lancashire Constabulary,-3.024482,53.793877,On or near Spen Place,E01012697,Blackpool 016D,Anti-social behaviour,,
,2021-06,Lancashire Constabulary,Lancashire Constabulary,-3.025663,53.796240,On or near Bostonway,E01012697,Blackpool 016D,Anti-social behaviour,,
e4077fd83b0708e995e69c53665abfd9b6d21cac94b9fb9bdef4ca03e6fbeba3,2021-06,Lancashire Constabulary,Lancashire Constabulary,-3.023725,53.793335,On or near Bridge House Road,E01012697,Blackpool 016D,Criminal damage and arson,Unable to prosecute suspect,
8976ece61744c54759d7e4e842d2a823807fbac0c38b50f0bb3e0658656153ec,2021-06,Lancashire Constabulary,Lancashire Constabulary,-3.018721,53.793567,On or near Roundhay,E01012697,Blackpool 016D,Public order,Investigation complete; no suspect identified,
eae1f98d6fbe85e32fe55afdb07ed8d3fdfe4bc73279438f36bb0250a655c7fa,2021-06,Lancashire Constabulary,Lancashire Constabulary,-3.024482,53.793877,On or near Spen Place,E01012697,Blackpool 016D,Violence and sexual offences,Status update unavailable,
,2021-06,Lancashire Constabulary,Lancashire Constabulary,-3.034286,53.795600,On or near Powell Avenue,E01012698,Blackpool 016E,Anti-social behaviour,,
,2021-06,Lancashire Constabulary,Lancashire Constabulary,-3.030697,53.795343,On or near Bean Avenue,E01012698,Blackpool 016E,Anti-social behaviour,,
,2021-06,Lancashire Constabulary,Lancashire Constabulary,-3.034977,53.794066,On or near Watson Road,E01012698,Blackpool 016E,Anti-social behaviour,,
,2021-06,Lancashire Constabulary,Lancashire Constabulary,-3.030697,53.795343,On or near Bean Avenue,E01012698,Blackpool 016E,Anti-social behaviour,,
,2021-06,Lancashire Constabulary,Lancashire Constabulary,-3.038296,53.793219,On or near Watson Court,E01012698,Blackpool 016E,Anti-social behaviour,,
477aef38aaafc1b8eab89f978f19ed8ab7f43e2314f4c6aaf3fc393a4cd4b97b,2021-06,Lancashire Constabulary,Lancashire Constabulary,-3.034977,53.794066,On or near Watson Road,E01012698,Blackpool 016E,Criminal damage and arson,Investigation complete; no suspect identified,
485a845287a6f5ad4727a5e13298bd9649c22997e690b721c2a6cf4f63d16594,2021-06,Lancashire Constabulary,Lancashire Constabulary,-3.033604,53.795012,On or near Quayle Avenue,E01012698,Blackpool 016E,Criminal damage and arson,Unable to prosecute suspect,
09dc0721280013ac798ded78a734f90b975ecf78ea335f8f47364b8abfabcadb,2021-06,Lancashire Constabulary,Lancashire Constabulary,-3.030697,53.795343,On or near Bean Avenue,E01012698,Blackpool 016E,Criminal damage and arson,Unable to prosecute suspect,
f0bb9d1d90d7e8c1913cc87f00b64eb4bc84fdc03bf47932bef0d57eb0abd351,2021-06,Lancashire Constabulary,Lancashire Constabulary,-3.030697,53.795343,On or near Bean Avenue,E01012698,Blackpool 016E,Drugs,Offender given penalty notice,
9b3ec1a6697406bd818c364b4623ebfffaaa0f1a61c4ab21acd9968e18c9fa5b,2021-06,Lancashire Constabulary,Lancashire Constabulary,-3.036769,53.793493,On or near Oak Avenue,E01012698,Blackpool 016E,Other theft,Unable to prosecute suspect,
f32bfbb793f0826badb03803c43b4917a1ae167d238d283a01c3df6a0ec30b69,2021-06,Lancashire Constabulary,Lancashire Constabulary,-3.038296,53.793219,On or near Watson Court,E01012698,Blackpool 016E,Other theft,Unable to prosecute suspect,
e26fd8e3e538eb8e9634c9ab280e94815d654d8f9053af3df6bc565ef77604ab,2021-06,Lancashire Constabulary,Lancashire Constabulary,-3.036769,53.793493,On or near Oak Avenue,E01012698,Blackpool 016E,Violence and sexual offences,Unable to prosecute suspect,
1068884303ba14ad0d4f3ad8374b2da876b5740511a008a6915ee9ca661876be,2021-06,Lancashire Constabulary,Lancashire Constabulary,-3.031801,53.793949,On or near Dewhurst Avenue,E01012698,Blackpool 016E,Violence and sexual offences,Unable to prosecute suspect,
d1b3e9709e375966cfc9b83a7dd3edae74707e53728faf746b9dc2bc58e42952,2021-06,Lancashire Constabulary,Lancashire Constabulary,-3.030697,53.795343,On or near Bean Avenue,E01012698,Blackpool 016E,Violence and sexual offences,Unable to prosecute suspect,
dab7ffaa1ac776c91aff6f670c8aa1093bf888e9d69c8aa570f2fec1f388d6e9,2021-06,Lancashire Constabulary,Lancashire Constabulary,-3.033604,53.795012,On or near Quayle Avenue,E01012698,Blackpool 016E,Violence and sexual offences,Unable to prosecute suspect,
caa55370acdf31879603d3d78daebdd022f597e7949cdd79a33ec890b3b297c3,2021-06,Lancashire Constabulary,Lancashire Constabulary,-3.030697,53.795343,On or near Bean Avenue,E01012698,Blackpool 016E,Violence and sexual offences,Further investigation is not in the public interest,
c6b16d636e62442b8057b839aa6409515986b48fea86b06023f3d7c1704363bc,2021-06,Lancashire Constabulary,Lancashire Constabulary,-3.034286,53.795600,On or near Powell Avenue,E01012698,Blackpool 016E,Violence and sexual offences,Unable to prosecute suspect,
c5664b7a211b0218170f0d3db8287a53b035c2cc121a91b9cafddacfdefe1e97,2021-06,Lancashire Constabulary,Lancashire Constabulary,-3.031699,53.795352,On or near Millington Avenue,E01012698,Blackpool 016E,Violence and sexual offences,Action to be taken by another organisation,
e668f569b6e075299dc539e3fcba24f60851414f1cc698d810ccbdcad4f5479b,2021-06,Lancashire Constabulary,Lancashire Constabulary,-3.033817,53.793833,On or near Sowerby Avenue,E01012698,Blackpool 016E,Violence and sexual offences,Unable to prosecute suspect,
2b2f3a0045e191bf11f6b054cb809095be10d3946d926eb0a7b6facd72e88cc8,2021-06,Lancashire Constabulary,Lancashire Constabulary,-3.031801,53.793949,On or near Dewhurst Avenue,E01012698,Blackpool 016E,Violence and sexual offences,Unable to prosecute suspect,
d5b1a9809bee9643519d06245da378b663c23d17644d753a7c20989c132fa469,2021-06,Lancashire Constabulary,Lancashire Constabulary,-3.030697,53.795343,On or near Bean Avenue,E01012698,Blackpool 016E,Violence and sexual offences,Further investigation is not in the public interest,
bd43d511e4a903b5dcb7e10976e02a3cdf8f2659a08188a570902f8b190359ef,2021-06,Lancashire Constabulary,Lancashire Constabulary,-3.030264,53.796893,On or near Hawes Side Lane,E01012698,Blackpool 016E,Violence and sexual offences,Unable to prosecute suspect,
45e6013727aae9481f73cb2dae14bb6465a74e1bff4fdf584707be4cb728c2f3,2021-06,Lancashire Constabulary,Lancashire Constabulary,-3.030784,53.795783,On or near Howe Avenue,E01012698,Blackpool 016E,Violence and sexual offences,Court result unavailable,
,2021-06,Lancashire Constabulary,Lancashire Constabulary,-3.054835,53.783241,On or near Greystoke Place,E01012726,Blackpool 017A,Anti-social behaviour,,
,2021-06,Lancashire Constabulary,Lancashire Constabulary,-3.054835,53.783241,On or near Greystoke Place,E01012726,Blackpool 017A,Anti-social behaviour,,
,2021-06,Lancashire Constabulary,Lancashire Constabulary,-3.056915,53.782630,On or near Harrow Place,E01012726,Blackpool 017A,Anti-social behaviour,,
,2021-06,Lancashire Constabulary,Lancashire Constabulary,-3.052781,53.786046,On or near Wycombe Avenue,E01012726,Blackpool 017A,Anti-social behaviour,,
,2021-06,Lancashire Constabulary,Lancashire Constabulary,-3.057874,53.783978,On or near Harrowside West,E01012726,Blackpool 017A,Anti-social behaviour,,
,2021-06,Lancashire Constabulary,Lancashire Constabulary,-3.049462,53.785625,On or near Bournemouth Road,E01012726,Blackpool 017A,Anti-social behaviour,,
,2021-06,Lancashire Constabulary,Lancashire Constabulary,-3.054835,53.783241,On or near Greystoke Place,E01012726,Blackpool 017A,Anti-social behaviour,,
,2021-06,Lancashire Constabulary,Lancashire Constabulary,-3.051095,53.781737,On or near Wetherby Avenue,E01012726,Blackpool 017A,Anti-social behaviour,,
4c3c8da662084a40b5d289c40b56492da54eee3e650b22397d5174623937702f,2021-06,Lancashire Constabulary,Lancashire Constabulary,-3.054835,53.783241,On or near Greystoke Place,E01012726,Blackpool 017A,Criminal damage and arson,Investigation complete; no suspect identified,
ed2197ee7f8f0f6b2d140b399299d058f2e1f0dc7928942c18797e3876ef58f6,2021-06,Lancashire Constabulary,Lancashire Constabulary,-3.052781,53.786046,On or near Wycombe Avenue,E01012726,Blackpool 017A,Public order,Further investigation is not in the public interest,
62278512b9e5910025eba6174f2cc6c46abfcfb3fb2aa5f215ebc894784b5bab,2021-06,Lancashire Constabulary,Lancashire Constabulary,-3.051552,53.784241,On or near Supermarket,E01012726,Blackpool 017A,Shoplifting,Status update unavailable,
84e17bed3409363f9e95816dbf49d7bc145c1419472f65d224268173aabb057d,2021-06,Lancashire Constabulary,Lancashire Constabulary,-3.051552,53.784241,On or near Supermarket,E01012726,Blackpool 017A,Shoplifting,Investigation complete; no suspect identified,
a4505859f87eaf797fa14e06f0149fe39d0635f37a6e066694ab2fe25689efa9,2021-06,Lancashire Constabulary,Lancashire Constabulary,-3.053613,53.785346,On or near Ventnor Road,E01012726,Blackpool 017A,Vehicle crime,Investigation complete; no suspect identified,
badadeeb4e345a8071761629089308c7b739bffd0846ffb69d78033ddaf4b825,2021-06,Lancashire Constabulary,Lancashire Constabulary,-3.057874,53.783978,On or near Harrowside West,E01012726,Blackpool 017A,Violence and sexual offences,Unable to prosecute suspect,
1d7aeb7c231f3888c4be6248dd79b889cb34551306f8955cfc2bd52e0184373f,2021-06,Lancashire Constabulary,Lancashire Constabulary,-3.049462,53.785625,On or near Bournemouth Road,E01012726,Blackpool 017A,Violence and sexual offences,Unable to prosecute suspect,
3ea504cf396bf894f64e654e2d580e645f27ba80c19f7e0356890ab7b2386aec,2021-06,Lancashire Constabulary,Lancashire Constabulary,-3.054835,53.783241,On or near Greystoke Place,E01012726,Blackpool 017A,Violence and sexual offences,Investigation complete; no suspect identified,
edfc6b8d95d67031abba69271a5d373319bb708fcf9606ef4f1a1fe1a56b83c0,2021-06,Lancashire Constabulary,Lancashire Constabulary,-3.055404,53.780513,On or near Clifton Drive,E01012726,Blackpool 017A,Violence and sexual offences,Status update unavailable,
cff082ca7f5be379f3a78350a93f8d071542c86e084c6207ad951439ce3ed19b,2021-06,Lancashire Constabulary,Lancashire Constabulary,-3.054835,53.783241,On or near Greystoke Place,E01012726,Blackpool 017A,Violence and sexual offences,Investigation complete; no suspect identified,
,2021-06,Lancashire Constabulary,Lancashire Constabulary,-3.045782,53.784165,On or near Mayfield Avenue,E01012728,Blackpool 017B,Anti-social behaviour,,
,2021-06,Lancashire Constabulary,Lancashire Constabulary,-3.046801,53.786044,On or near St George'S Road,E01012728,Blackpool 017B,Anti-social behaviour,,
,2021-06,Lancashire Constabulary,Lancashire Constabulary,-3.043930,53.785350,On or near Everton Road,E01012728,Blackpool 017B,Anti-social behaviour,,
,2021-06,Lancashire Constabulary,Lancashire Constabulary,-3.044015,53.786329,On or near Lodore Road,E01012728,Blackpool 017B,Anti-social behaviour,,
,2021-06,Lancashire Constabulary,Lancashire Constabulary,-3.044705,53.785379,On or near Laurier Avenue,E01012728,Blackpool 017B,Anti-social behaviour,,
,2021-06,Lancashire Constabulary,Lancashire Constabulary,-3.044015,53.786329,On or near Lodore Road,E01012728,Blackpool 017B,Anti-social behaviour,,
,2021-06,Lancashire Constabulary,Lancashire Constabulary,-3.049738,53.786360,On or near Boscombe Road,E01012728,Blackpool 017B,Anti-social behaviour,,
,2021-06,Lancashire Constabulary,Lancashire Constabulary,-3.046344,53.782938,On or near Stony Croft Place,E01012728,Blackpool 017B,Anti-social behaviour,,
,2021-06,Lancashire Constabulary,Lancashire Constabulary,-3.044705,53.785379,On or near Laurier Avenue,E01012728,Blackpool 017B,Anti-social behaviour,,
,2021-06,Lancashire Constabulary,Lancashire Constabulary,-3.049738,53.786360,On or near Boscombe Road,E01012728,Blackpool 017B,Anti-social behaviour,,
63da7f620592f9a11f8d75b269186c44eca67791139c89fcc817e9c89258884c,2021-06,Lancashire Constabulary,Lancashire Constabulary,-3.045782,53.784165,On or near Mayfield Avenue,E01012728,Blackpool 017B,Burglary,Awaiting court outcome,
b8db0811fdca251bfa42b6fc10a2c584aa7aeaa260d3771bfe17a7dbdde0fb66,2021-06,Lancashire Constabulary,Lancashire Constabulary,-3.046801,53.786044,On or near St George'S Road,E01012728,Blackpool 017B,Criminal damage and arson,Unable to prosecute suspect,
ddc924bcf7ccff38e86c3b9d1fa3b09f6be63d93232303603618860b70730b5b,2021-06,Lancashire Constabulary,Lancashire Constabulary,-3.046168,53.786256,On or near St James Road,E01012728,Blackpool 017B,Criminal damage and arson,Unable to prosecute suspect,
e1d5f11440e867f8c25ef65d028a99510ea89c10a16384becb61654b8c103c0b,2021-06,Lancashire Constabulary,Lancashire Constabulary,-3.042645,53.785577,On or near Boome Street,E01012728,Blackpool 017B,Criminal damage and arson,Investigation complete; no suspect identified,
2976117e95aeba84a1131737dfc9dd407ee61fe24bae45f9c05d43c923962ac5,2021-06,Lancashire Constabulary,Lancashire Constabulary,-3.046801,53.786044,On or near St George'S Road,E01012728,Blackpool 017B,Other theft,Investigation complete; no suspect identified,
644c159d64194306cb5abdb139a8e0d2d041251e8ebca13a5eda0ea762001367,2021-06,Lancashire Constabulary,Lancashire Constabulary,-3.046801,53.786044,On or near St George'S Road,E01012728,Blackpool 017B,Other theft,Investigation complete; no suspect identified,
2735a3bc20a17693e830956765115d68a473c76df0249032adfe1896e86ffc91,2021-06,Lancashire Constabulary,Lancashire Constabulary,-3.046801,53.786044,On or near St George'S Road,E01012728,Blackpool 017B,Shoplifting,Local resolution,
87a9b7ed28855ccfef479b97d87b51b1235754715aeb00fcdab45ac0ba69d728,2021-06,Lancashire Constabulary,Lancashire Constabulary,-3.045631,53.785407,On or near Supermarket,E01012728,Blackpool 017B,Shoplifting,Status update unavailable,
667ece4aa76d6db59f141b11ce68b8c2e07d43cbcd7287d887c2f336729a3d6f,2021-06,Lancashire Constabulary,Lancashire Constabulary,-3.046168,53.786256,On or near St James Road,E01012728,Blackpool 017B,Violence and sexual offences,Unable to prosecute suspect,
dbc6ed442f0a00460003275284a732ddd7943985b891cded59cb2e750bfe058c,2021-06,Lancashire Constabulary,Lancashire Constabulary,-3.046801,53.786044,On or near St George'S Road,E01012728,Blackpool 017B,Violence and sexual offences,Unable to prosecute suspect,
185a1c84cccb201ec4dfabe3de05b556a514a76611176df5087a8baa01fe0a39,2021-06,Lancashire Constabulary,Lancashire Constabulary,-3.046801,53.786044,On or near St George'S Road,E01012728,Blackpool 017B,Violence and sexual offences,Unable to prosecute suspect,
aa5868b9047e019478e324a625325659dce265931431a4b981fd037982bb0f05,2021-06,Lancashire Constabulary,Lancashire Constabulary,-3.046801,53.786044,On or near St George'S Road,E01012728,Blackpool 017B,Violence and sexual offences,Unable to prosecute suspect,
aed95fb23de8bed6f910daa13ba6790052e79e467d52fa5c9069dd43f45b5028,2021-06,Lancashire Constabulary,Lancashire Constabulary,-3.046168,53.786256,On or near St James Road,E01012728,Blackpool 017B,Violence and sexual offences,Unable to prosecute suspect,
79039fbe09d18542cac196d0afe952eb2a06a9c39cb37253c294cea34e32e97c,2021-06,Lancashire Constabulary,Lancashire Constabulary,-3.044861,53.784326,On or near Orchard Avenue,E01012728,Blackpool 017B,Violence and sexual offences,Further investigation is not in the public interest,
29e8aaf24434b0417ae1230bed83deb01f7ac6a507a5fb231c57ed1466748467,2021-06,Lancashire Constabulary,Lancashire Constabulary,-3.043930,53.785350,On or near Everton Road,E01012728,Blackpool 017B,Violence and sexual offences,Unable to prosecute suspect,
9d22f8229967163030424eabbfae2d7c1fab22f4bc29516a2d440bd3e8e57006,2021-06,Lancashire Constabulary,Lancashire Constabulary,-3.042645,53.785577,On or near Boome Street,E01012728,Blackpool 017B,Violence and sexual offences,Investigation complete; no suspect identified,
574d1ccd82e72219225efdfed862162c27e89e76d86318606734439bb0a166b2,2021-06,Lancashire Constabulary,Lancashire Constabulary,-3.046168,53.786256,On or near St James Road,E01012728,Blackpool 017B,Violence and sexual offences,Unable to prosecute suspect,
23add5c336eb08d22eb0460fbe5186d8134798a03f334412f9126c9bbd0eb3ca,2021-06,Lancashire Constabulary,Lancashire Constabulary,-3.046168,53.786256,On or near St James Road,E01012728,Blackpool 017B,Other crime,Further investigation is not in the public interest,
,2021-06,Lancashire Constabulary,Lancashire Constabulary,-3.054105,53.793450,On or near Parking Area,E01012752,Blackpool 017C,Anti-social behaviour,,
,2021-06,Lancashire Constabulary,Lancashire Constabulary,-3.056653,53.787333,On or near Burlington Road West,E01012752,Blackpool 017C,Anti-social behaviour,,
,2021-06,Lancashire Constabulary,Lancashire Constabulary,-3.054201,53.786402,On or near Carlyle Avenue,E01012752,Blackpool 017C,Anti-social behaviour,,
,2021-06,Lancashire Constabulary,Lancashire Constabulary,-3.056653,53.787333,On or near Burlington Road West,E01012752,Blackpool 017C,Anti-social behaviour,,
,2021-06,Lancashire Constabulary,Lancashire Constabulary,-3.056653,53.787333,On or near Burlington Road West,E01012752,Blackpool 017C,Anti-social behaviour,,
,2021-06,Lancashire Constabulary,Lancashire Constabulary,-3.050898,53.788435,On or near Burlington Road,E01012752,Blackpool 017C,Anti-social behaviour,,
,2021-06,Lancashire Constabulary,Lancashire Constabulary,-3.050885,53.789118,On or near Kenilworth Gardens,E01012752,Blackpool 017C,Anti-social behaviour,,
,2021-06,Lancashire Constabulary,Lancashire Constabulary,-3.054105,53.793450,On or near Parking Area,E01012752,Blackpool 017C,Anti-social behaviour,,
,2021-06,Lancashire Constabulary,Lancashire Constabulary,-3.056653,53.787333,On or near Burlington Road West,E01012752,Blackpool 017C,Anti-social behaviour,,
,2021-06,Lancashire Constabulary,Lancashire Constabulary,-3.057330,53.794320,On or near Theme/Adventure Park,E01012752,Blackpool 017C,Anti-social behaviour,,
,2021-06,Lancashire Constabulary,Lancashire Constabulary,-3.054105,53.793450,On or near Parking Area,E01012752,Blackpool 017C,Anti-social behaviour,,
,2021-06,Lancashire Constabulary,Lancashire Constabulary,-3.050885,53.789118,On or near Kenilworth Gardens,E01012752,Blackpool 017C,Anti-social behaviour,,
,2021-06,Lancashire Constabulary,Lancashire Constabulary,-3.054105,53.793450,On or near Parking Area,E01012752,Blackpool 017C,Anti-social behaviour,,
,2021-06,Lancashire Constabulary,Lancashire Constabulary,-3.057330,53.794320,On or near Theme/Adventure Park,E01012752,Blackpool 017C,Anti-social behaviour,,
,2021-06,Lancashire Constabulary,Lancashire Constabulary,-3.050898,53.788435,On or near Burlington Road,E01012752,Blackpool 017C,Anti-social behaviour,,
,2021-06,Lancashire Constabulary,Lancashire Constabulary,-3.054105,53.793450,On or near Parking Area,E01012752,Blackpool 017C,Anti-social behaviour,,
,2021-06,Lancashire Constabulary,Lancashire Constabulary,-3.056653,53.787333,On or near Burlington Road West,E01012752,Blackpool 017C,Anti-social behaviour,,
,2021-06,Lancashire Constabulary,Lancashire Constabulary,-3.056653,53.787333,On or near Burlington Road West,E01012752,Blackpool 017C,Anti-social behaviour,,
,2021-06,Lancashire Constabulary,Lancashire Constabulary,-3.057330,53.794320,On or near Theme/Adventure Park,E01012752,Blackpool 017C,Anti-social behaviour,,
,2021-06,Lancashire Constabulary,Lancashire Constabulary,-3.057330,53.794320,On or near Theme/Adventure Park,E01012752,Blackpool 017C,Anti-social behaviour,,
,2021-06,Lancashire Constabulary,Lancashire Constabulary,-3.057175,53.790591,On or near Theme/Adventure Park,E01012752,Blackpool 017C,Anti-social behaviour,,
b08094ff87382a5e1dc410990112020cc7e306fb795dc1772e6db6c3201e5261,2021-06,Lancashire Constabulary,Lancashire Constabulary,-3.050898,53.788435,On or near Burlington Road,E01012752,Blackpool 017C,Burglary,Unable to prosecute suspect,
2b3ad37163ca5bda52f3d9b33707543e8a82b2d8ea5a387e5a52073ac6d75651,2021-06,Lancashire Constabulary,Lancashire Constabulary,-3.050898,53.788435,On or near Burlington Road,E01012752,Blackpool 017C,Criminal damage and arson,Further investigation is not in the public interest,
797161487452c57b93b9c066cf1782ca77ba93c74aba10d7c1cbe22c27510654,2021-06,Lancashire Constabulary,Lancashire Constabulary,-3.054105,53.793450,On or near Parking Area,E01012752,Blackpool 017C,Criminal damage and arson,Investigation complete; no suspect identified,
905b6c9a4a4a6bafce6a22ffc599adb93b55871f2f855e0690f89ee286e704ad,2021-06,Lancashire Constabulary,Lancashire Constabulary,-3.056653,53.787333,On or near Burlington Road West,E01012752,Blackpool 017C,Drugs,Offender given a caution,
4cb03094ab57cd25decd1f43b475a95b96a95a0ee5f21a4a1b9885e070f76bc8,2021-06,Lancashire Constabulary,Lancashire Constabulary,-3.057330,53.794320,On or near Theme/Adventure Park,E01012752,Blackpool 017C,Other theft,Investigation complete; no suspect identified,
456f0d1babbc3805cb452e5b2deeeea5ba23a27c36cc12fa916920afab245389,2021-06,Lancashire Constabulary,Lancashire Constabulary,-3.057461,53.792890,On or near Parking Area,E01012752,Blackpool 017C,Other theft,Investigation complete; no suspect identified,
96b5ba7a5a0c6548f86e54fb30e7078f54b3e4bdd9a7bc7a1072495cfa7b5315,2021-06,Lancashire Constabulary,Lancashire Constabulary,-3.054105,53.793450,On or near Parking Area,E01012752,Blackpool 017C,Other theft,Investigation complete; no suspect identified,
4f541f2d0cc726b834e1983155c0d45c2739a50d35200937cb502486301594de,2021-06,Lancashire Constabulary,Lancashire Constabulary,-3.057330,53.794320,On or near Theme/Adventure Park,E01012752,Blackpool 017C,Other theft,Status update unavailable,
ddede0405e17aac63314683f361cc4ef60dd39a12601223106f4aa5fc1355719,2021-06,Lancashire Constabulary,Lancashire Constabulary,-3.050785,53.786971,On or near Horncliffe Road,E01012752,Blackpool 017C,Other theft,Investigation complete; no suspect identified,
42b765adfd435cf2c8c53da6f16a83e9cd2b203aa82cb6f69edbf51a7a6276a7,2021-06,Lancashire Constabulary,Lancashire Constabulary,-3.054105,53.793450,On or near Parking Area,E01012752,Blackpool 017C,Other theft,Investigation complete; no suspect identified,
70468277ff2c34628ed1ccbde8ef04ff33870510a2e2ddf22ebe7ca05a8da58d,2021-06,Lancashire Constabulary,Lancashire Constabulary,-3.056653,53.787333,On or near Burlington Road West,E01012752,Blackpool 017C,Possession of weapons,Unable to prosecute suspect,
2a569804eb4c094536fc0d94356479f95605b97bf32e4ab8399c5a5099ae299a,2021-06,Lancashire Constabulary,Lancashire Constabulary,-3.050885,53.789118,On or near Kenilworth Gardens,E01012752,Blackpool 017C,Public order,Further investigation is not in the public interest,
1dde0676406d5590196889609076add28f9c1f924d141a2b3c34783f5cb52e1d,2021-06,Lancashire Constabulary,Lancashire Constabulary,-3.054105,53.793450,On or near Parking Area,E01012752,Blackpool 017C,Shoplifting,Status update unavailable,
85edb11a67e3a8004edd212966b9ea23c2944beb6d59c27b6c36667d525a043c,2021-06,Lancashire Constabulary,Lancashire Constabulary,-3.057461,53.792890,On or near Parking Area,E01012752,Blackpool 017C,Theft from the person,Investigation complete; no suspect identified,
bb380f403eb01cfef35383531f8e7aa098068eaed91fa129555225a5a5f6c913,2021-06,Lancashire Constabulary,Lancashire Constabulary,-3.054105,53.793450,On or near Parking Area,E01012752,Blackpool 017C,Violence and sexual offences,Investigation complete; no suspect identified,
4150038391339a15d424a72402bf48b1d48d8413170d0fbd4564d6ceb03fd00c,2021-06,Lancashire Constabulary,Lancashire Constabulary,-3.054378,53.788000,On or near Parking Area,E01012752,Blackpool 017C,Violence and sexual offences,Unable to prosecute suspect,
202d02900dd7927f428186fac9d3d1eadcc868503cba381e84ad87f6390fab46,2021-06,Lancashire Constabulary,Lancashire Constabulary,-3.057175,53.790591,On or near Theme/Adventure Park,E01012752,Blackpool 017C,Violence and sexual offences,Further investigation is not in the public interest,
56e4ddcaad278ff4c4fde1837b6b0a7778078c3b6073d0395165ae79bc116a35,2021-06,Lancashire Constabulary,Lancashire Constabulary,-3.050785,53.786971,On or near Horncliffe Road,E01012752,Blackpool 017C,Violence and sexual offences,Status update unavailable,
1a97377f5d7c29f55f2a33b20327be550d165d8a25afe9f5bcd06a2941b80d0a,2021-06,Lancashire Constabulary,Lancashire Constabulary,-3.057461,53.792890,On or near Parking Area,E01012752,Blackpool 017C,Violence and sexual offences,Unable to prosecute suspect,
232cc20c49144d86e2ad880dafcfc5f8ce4a16be1c806cfcbb68bf9854529c59,2021-06,Lancashire Constabulary,Lancashire Constabulary,-3.058121,53.791365,On or near Parking Area,E01012752,Blackpool 017C,Violence and sexual offences,Investigation complete; no suspect identified,
5041556f4b070b0dd4b53608a69dca0be82b7e37a711c2c92e024c032f6c7e8a,2021-06,Lancashire Constabulary,Lancashire Constabulary,-3.057175,53.790591,On or near Theme/Adventure Park,E01012752,Blackpool 017C,Violence and sexual offences,Unable to prosecute suspect,
6145fa1067352f66f5210ae18f36fd767d64f9c134553cff283a18d96e89fd0c,2021-06,Lancashire Constabulary,Lancashire Constabulary,-3.050785,53.786971,On or near Horncliffe Road,E01012752,Blackpool 017C,Violence and sexual offences,Unable to prosecute suspect,
553f53c69513f0819e1bc270c85539f533703ffd94be623100e12049dd9fb642,2021-06,Lancashire Constabulary,Lancashire Constabulary,-3.057330,53.794320,On or near Theme/Adventure Park,E01012752,Blackpool 017C,Violence and sexual offences,Further investigation is not in the public interest,
15b03b34579abcf10ba66f00f177853ca59062092a5903867c07511491ae8ece,2021-06,Lancashire Constabulary,Lancashire Constabulary,-3.057461,53.792890,On or near Parking Area,E01012752,Blackpool 017C,Violence and sexual offences,Unable to prosecute suspect,
210f265d80103305996f9210e70e86e7d27e7fdd398dc99fec2c024fec8a4680,2021-06,Lancashire Constabulary,Lancashire Constabulary,-3.050898,53.788435,On or near Burlington Road,E01012752,Blackpool 017C,Violence and sexual offences,Unable to prosecute suspect,
78f448af8d645fb9bf43e9dac7fcbc1236a889ac17ef6cc77d4b29bfdae14665,2021-06,Lancashire Constabulary,Lancashire Constabulary,-3.057330,53.794320,On or near Theme/Adventure Park,E01012752,Blackpool 017C,Violence and sexual offences,Investigation complete; no suspect identified,
9038e680d6d6529ce6fb3e4222d4f0469de4ff2bd5fb8fcf941c30893c8d498a,2021-06,Lancashire Constabulary,Lancashire Constabulary,-3.050885,53.789118,On or near Kenilworth Gardens,E01012752,Blackpool 017C,Violence and sexual offences,Further investigation is not in the public interest,
4403c676c65d794670e54e916c4563227c7bf767c28840f40bbcf7f32abb8947,2021-06,Lancashire Constabulary,Lancashire Constabulary,-3.054105,53.793450,On or near Parking Area,E01012752,Blackpool 017C,Violence and sexual offences,Further investigation is not in the public interest,
91b75b407f992f779b3ae37fd303e2efd8061b3272849ae1b80dc29abe81f71b,2021-06,Lancashire Constabulary,Lancashire Constabulary,-3.057330,53.794320,On or near Theme/Adventure Park,E01012752,Blackpool 017C,Other crime,Status update unavailable,
fe19dcdeed93ff0a0414d5fdcbe744699d14b06eb9f6768cf7a4ccdd906a5c77,2021-06,Lancashire Constabulary,Lancashire Constabulary,-3.055130,53.784695,On or near Tudor Place,E01012752,Blackpool 017C,Other crime,Unable to prosecute suspect,
,2021-06,Lancashire Constabulary,Lancashire Constabulary,-3.045334,53.790551,On or near Broadway,E01012753,Blackpool 017D,Anti-social behaviour,,
,2021-06,Lancashire Constabulary,Lancashire Constabulary,-3.048376,53.794453,On or near Hampton Road,E01012753,Blackpool 017D,Anti-social behaviour,,
,2021-06,Lancashire Constabulary,Lancashire Constabulary,-3.045334,53.790551,On or near Broadway,E01012753,Blackpool 017D,Anti-social behaviour,,
4cd819bb5683588b2721355a2486e86622c00f07d5c3f04b1143884deac37902,2021-06,Lancashire Constabulary,Lancashire Constabulary,-3.045334,53.790551,On or near Broadway,E01012753,Blackpool 017D,Criminal damage and arson,Local resolution,
5c7c7d820751d792961f35185cc349fba38566cc299ac4ff8a3abba1d01534a9,2021-06,Lancashire Constabulary,Lancashire Constabulary,-3.045164,53.791631,On or near Worsley Avenue,E01012753,Blackpool 017D,Public order,Investigation complete; no suspect identified,
c39292f124d176bbfce6d8c5a21f5d190aead6273f71a4923a33b52ea5f921c9,2021-06,Lancashire Constabulary,Lancashire Constabulary,-3.045164,53.791631,On or near Worsley Avenue,E01012753,Blackpool 017D,Violence and sexual offences,Unable to prosecute suspect,
d4b2f37c38ebcf0f5e15dbec4917090cc54428812f5a583d6b31e412a9f22319,2021-06,Lancashire Constabulary,Lancashire Constabulary,-3.043511,53.791709,On or near Fenber Avenue,E01012753,Blackpool 017D,Violence and sexual offences,Unable to prosecute suspect,
99702cd95afc4fc1fd09965269b8e835a417c176ed1bb8ef18e4cec27a5b27da,2021-06,Lancashire Constabulary,Lancashire Constabulary,-3.042807,53.792074,On or near Bamton Avenue,E01012753,Blackpool 017D,Violence and sexual offences,Unable to prosecute suspect,
e73a035fa92bc4f7735b7070dcfc05d47e39ecbe619bf69800fd58ee4ab2ed25,2021-06,Lancashire Constabulary,Lancashire Constabulary,-3.045334,53.790551,On or near Broadway,E01012753,Blackpool 017D,Violence and sexual offences,Investigation complete; no suspect identified,
,2021-06,Lancashire Constabulary,Lancashire Constabulary,-3.053185,53.794294,On or near Osbourne Road,E01012754,Blackpool 017E,Anti-social behaviour,,
,2021-06,Lancashire Constabulary,Lancashire Constabulary,-3.049730,53.790917,On or near Arlington Avenue,E01012754,Blackpool 017E,Anti-social behaviour,,
,2021-06,Lancashire Constabulary,Lancashire Constabulary,-3.049891,53.793702,On or near Mersey Road,E01012754,Blackpool 017E,Anti-social behaviour,,
,2021-06,Lancashire Constabulary,Lancashire Constabulary,-3.052092,53.790654,On or near Seabourne Avenue,E01012754,Blackpool 017E,Anti-social behaviour,,
,2021-06,Lancashire Constabulary,Lancashire Constabulary,-3.050175,53.792936,On or near Thames Road,E01012754,Blackpool 017E,Anti-social behaviour,,
,2021-06,Lancashire Constabulary,Lancashire Constabulary,-3.051486,53.790704,On or near The Crescent,E01012754,Blackpool 017E,Anti-social behaviour,,
,2021-06,Lancashire Constabulary,Lancashire Constabulary,-3.051486,53.790704,On or near The Crescent,E01012754,Blackpool 017E,Anti-social behaviour,,
,2021-06,Lancashire Constabulary,Lancashire Constabulary,-3.049891,53.793702,On or near Mersey Road,E01012754,Blackpool 017E,Anti-social behaviour,,
,2021-06,Lancashire Constabulary,Lancashire Constabulary,-3.050175,53.792936,On or near Thames Road,E01012754,Blackpool 017E,Anti-social behaviour,,
,2021-06,Lancashire Constabulary,Lancashire Constabulary,-3.052329,53.794067,On or near Windsor Avenue,E01012754,Blackpool 017E,Anti-social behaviour,,
,2021-06,Lancashire Constabulary,Lancashire Constabulary,-3.051486,53.790704,On or near The Crescent,E01012754,Blackpool 017E,Anti-social behaviour,,
5e0bf3ed8b6b9ee97fb81449a90d639674da260628db2ef7d9f43e633116be56,2021-06,Lancashire Constabulary,Lancashire Constabulary,-3.050175,53.792936,On or near Thames Road,E01012754,Blackpool 017E,Burglary,Unable to prosecute suspect,
b3a98a8e9dd1a9a8d1661022406890047438774656da3ecaa828eb06421c5377,2021-06,Lancashire Constabulary,Lancashire Constabulary,-3.051557,53.794173,On or near Brighton Avenue,E01012754,Blackpool 017E,Criminal damage and arson,Court result unavailable,
b7f32517b78915cc72d539358eea41e9720d8512a3b8dff3ddf0ba26551ee6a1,2021-06,Lancashire Constabulary,Lancashire Constabulary,-3.049891,53.793702,On or near Mersey Road,E01012754,Blackpool 017E,Criminal damage and arson,Further investigation is not in the public interest,
f9425d7e44ebd479aa7ffbc9718fe6dcf4263c444cee913bb651b447a48915ab,2021-06,Lancashire Constabulary,Lancashire Constabulary,-3.050855,53.789775,On or near Woodstock Gardens,E01012754,Blackpool 017E,Drugs,Further investigation is not in the public interest,
c7872187d007878bfb4734bac90428b279fe956a70df83916e93ab34c12f3890,2021-06,Lancashire Constabulary,Lancashire Constabulary,-3.050855,53.789775,On or near Woodstock Gardens,E01012754,Blackpool 017E,Drugs,Further investigation is not in the public interest,
8b0b7049459a78371e4a66f50308b597000b068e293629e2ca92b268695b1c72,2021-06,Lancashire Constabulary,Lancashire Constabulary,-3.053185,53.794294,On or near Osbourne Road,E01012754,Blackpool 017E,Other theft,Investigation complete; no suspect identified,
e2a4e1f060afd728e2901af039d95287fbcb27754c0a4cdb6f6160d307087727,2021-06,Lancashire Constabulary,Lancashire Constabulary,-3.052329,53.794067,On or near Windsor Avenue,E01012754,Blackpool 017E,Public order,Status update unavailable,
5fcc3520b21411bdd06819535c7fb0017db5a3d3843d7db10368a0a07fed964e,2021-06,Lancashire Constabulary,Lancashire Constabulary,-3.053185,53.794294,On or near Osbourne Road,E01012754,Blackpool 017E,Public order,Further investigation is not in the public interest,
b91075c00469bc715d8e2a64cfeaa040cfa8c2531e08469fffa7a1b2d086b99e,2021-06,Lancashire Constabulary,Lancashire Constabulary,-3.051557,53.794173,On or near Brighton Avenue,E01012754,Blackpool 017E,Public order,Status update unavailable,
9726dcf476f3464b3e39dc26c308a485641c5b845457585f3899c218658fac36,2021-06,Lancashire Constabulary,Lancashire Constabulary,-3.050855,53.789775,On or near Woodstock Gardens,E01012754,Blackpool 017E,Vehicle crime,Investigation complete; no suspect identified,
00b77fa41b38bc950b8335895f4c0378c5305d3eee707024673956131b600516,2021-06,Lancashire Constabulary,Lancashire Constabulary,-3.051557,53.794173,On or near Brighton Avenue,E01012754,Blackpool 017E,Violence and sexual offences,Unable to prosecute suspect,
0fc83096feb4002d6bc9ba4c3907cca111ee074f0166dbae04ecf1c71d2b5d7e,2021-06,Lancashire Constabulary,Lancashire Constabulary,-3.049891,53.793702,On or near Mersey Road,E01012754,Blackpool 017E,Violence and sexual offences,Unable to prosecute suspect,
8fab7bea5af833d617e333d7e72792e1cc751afb522cc622e48eb876df25eab0,2021-06,Lancashire Constabulary,Lancashire Constabulary,-3.049891,53.793702,On or near Mersey Road,E01012754,Blackpool 017E,Violence and sexual offences,Unable to prosecute suspect,
bafe8b76ce16d1fbf030abaefd4d2d2a815f334ebf1ac9fd3481e3868d91e08c,2021-06,Lancashire Constabulary,Lancashire Constabulary,-3.050284,53.791802,On or near Trent Road,E01012754,Blackpool 017E,Violence and sexual offences,Unable to prosecute suspect,
294f3a180baf923560bb79fba0aae38fb02d703cff336a44c8bcf442bebef6b1,2021-06,Lancashire Constabulary,Lancashire Constabulary,-3.051486,53.790704,On or near The Crescent,E01012754,Blackpool 017E,Violence and sexual offences,Unable to prosecute suspect,
a711b6bc6623ddcf3d78f6d32b0827209973078c31000c66acd9a7cea699bd2b,2021-06,Lancashire Constabulary,Lancashire Constabulary,-3.050855,53.789775,On or near Woodstock Gardens,E01012754,Blackpool 017E,Violence and sexual offences,Unable to prosecute suspect,
9550998607fe4e887be8ac4f3b65aea53feaed647419f0f120d55f3ae1d71e91,2021-06,Lancashire Constabulary,Lancashire Constabulary,-3.050399,53.792179,On or near Severn Road,E01012754,Blackpool 017E,Violence and sexual offences,Further action is not in the public interest,
412bb889dca489f72988e6f8054823e2ca69faa030f54b19e222603eb6ff5c2a,2021-06,Lancashire Constabulary,Lancashire Constabulary,-3.051557,53.794173,On or near Brighton Avenue,E01012754,Blackpool 017E,Violence and sexual offences,Unable to prosecute suspect,
2b9b864b5cb6f0c358399445dac36a6bcb72ad71704ab34a7965bb27d233e6b7,2021-06,Lancashire Constabulary,Lancashire Constabulary,-3.051486,53.790704,On or near The Crescent,E01012754,Blackpool 017E,Violence and sexual offences,Unable to prosecute suspect,
c9c201afd2e7c741c1848eca574240aef9071e872a7a034f2edafd6bc36a0ce3,2021-06,Lancashire Constabulary,Lancashire Constabulary,-3.051486,53.790704,On or near The Crescent,E01012754,Blackpool 017E,Violence and sexual offences,Unable to prosecute suspect,
09d6e28bb2eedc9f2073b682df940ab7fe8c7ab42dfc2586e9581f2c0278e654,2021-06,Lancashire Constabulary,Lancashire Constabulary,-3.052329,53.794067,On or near Windsor Avenue,E01012754,Blackpool 017E,Violence and sexual offences,Unable to prosecute suspect,
095d7313567fba77bab21619f524c1c2eceaa710e327de78daf81abcfbb455ed,2021-06,Lancashire Constabulary,Lancashire Constabulary,-3.052329,53.794067,On or near Windsor Avenue,E01012754,Blackpool 017E,Violence and sexual offences,Unable to prosecute suspect,
04d814f798b75ac80c9a4c38882bb798c1b777ec9dc7c59e7b96d69b125a6089,2021-06,Lancashire Constabulary,Lancashire Constabulary,-3.049730,53.790917,On or near Arlington Avenue,E01012754,Blackpool 017E,Violence and sexual offences,Court result unavailable,
2433023534211fca5ceca744bf5ebe797410b592a7a0bf36d0b456ca2c259542,2021-06,Lancashire Constabulary,Lancashire Constabulary,-3.049730,53.790917,On or near Arlington Avenue,E01012754,Blackpool 017E,Violence and sexual offences,Court result unavailable,
846ddf859f3cec78c4ac927fadfe5b45bfb1517ef5adff44377af1969afa9f0d,2021-06,Lancashire Constabulary,Lancashire Constabulary,-3.049891,53.793702,On or near Mersey Road,E01012754,Blackpool 017E,Violence and sexual offences,Further investigation is not in the public interest,
0d3d79dd391a39e925f718319fed7d04b3f6906338e1a5af061b8cbe7dd0cc1e,2021-06,Lancashire Constabulary,Lancashire Constabulary,-3.051486,53.790704,On or near The Crescent,E01012754,Blackpool 017E,Violence and sexual offences,Unable to prosecute suspect,
c5b8e53ead081dab42e3700d0144b1e71ccb9f1c423263d51930ce8843134c07,2021-06,Lancashire Constabulary,Lancashire Constabulary,-3.053185,53.794294,On or near Osbourne Road,E01012754,Blackpool 017E,Violence and sexual offences,Offender given a caution,
,2021-06,Lancashire Constabulary,Lancashire Constabulary,-3.046300,53.789725,On or near First Avenue,E01012755,Blackpool 017F,Anti-social behaviour,,
af085af2b211e36ad8f1c09a1a7c8c792c53d520626eee1cf1db75dd7e014bf2,2021-06,Lancashire Constabulary,Lancashire Constabulary,-3.048703,53.791115,On or near Lytham Road,E01012755,Blackpool 017F,Burglary,Status update unavailable,
cbae013ce3cb0c470a46e3f87297f43170e03e9787d36d848a05445978407373,2021-06,Lancashire Constabulary,Lancashire Constabulary,-3.046300,53.789725,On or near First Avenue,E01012755,Blackpool 017F,Public order,Investigation complete; no suspect identified,
4fa4657549a2ea02b92400f3efb77896e0ab55498e3da8312aa1f2b864a8400a,2021-06,Lancashire Constabulary,Lancashire Constabulary,-3.040641,53.791671,On or near Stamford Avenue,E01012755,Blackpool 017F,Vehicle crime,Investigation complete; no suspect identified,
44648c7c6e03341e628981fb9751b6aebfa25ddac6112cf228d4c1e41dbcacd8,2021-06,Lancashire Constabulary,Lancashire Constabulary,-3.040641,53.791671,On or near Stamford Avenue,E01012755,Blackpool 017F,Violence and sexual offences,Further investigation is not in the public interest,
39b1c2f9441da312444f9ebad6e067733fc8d2f5e174d519977936b7aeaf56e8,2021-06,Lancashire Constabulary,Lancashire Constabulary,-3.046630,53.787718,On or near St James Road,E01012755,Blackpool 017F,Violence and sexual offences,Unable to prosecute suspect,
ce9930c43e4329b89f98cca0e27c883a703cf186cac738b2742c2ce2574bcea6,2021-06,Lancashire Constabulary,Lancashire Constabulary,-3.046300,53.789725,On or near First Avenue,E01012755,Blackpool 017F,Violence and sexual offences,Action to be taken by another organisation,
f5dd260b602a4e11cb8ddd3a36e6835b68526a16a6443382f024fe22b9e9d2ca,2021-06,Lancashire Constabulary,Lancashire Constabulary,-3.046300,53.789725,On or near First Avenue,E01012755,Blackpool 017F,Violence and sexual offences,Unable to prosecute suspect,
5071bc081e153bc43558fb83e46603611917f2c910940c2ffeda0f0be6ba17c5,2021-06,Lancashire Constabulary,Lancashire Constabulary,-3.040641,53.791671,On or near Stamford Avenue,E01012755,Blackpool 017F,Violence and sexual offences,Investigation complete; no suspect identified,
,2021-06,Lancashire Constabulary,Lancashire Constabulary,-3.035785,53.789259,On or near Emerson Avenue,E01012701,Blackpool 018A,Anti-social behaviour,,
,2021-06,Lancashire Constabulary,Lancashire Constabulary,-3.038758,53.792280,On or near Chiltern Avenue,E01012701,Blackpool 018A,Anti-social behaviour,,
,2021-06,Lancashire Constabulary,Lancashire Constabulary,-3.036102,53.787980,On or near Sports/Recreation Area,E01012701,Blackpool 018A,Anti-social behaviour,,
,2021-06,Lancashire Constabulary,Lancashire Constabulary,-3.038758,53.792280,On or near Chiltern Avenue,E01012701,Blackpool 018A,Anti-social behaviour,,
,2021-06,Lancashire Constabulary,Lancashire Constabulary,-3.038758,53.792280,On or near Chiltern Avenue,E01012701,Blackpool 018A,Anti-social behaviour,,
2115120474ac238ff3e254aacf607eca28e0e316f13a54a146308a881a816303,2021-06,Lancashire Constabulary,Lancashire Constabulary,-3.037151,53.791746,On or near Ayrton Avenue,E01012701,Blackpool 018A,Criminal damage and arson,Investigation complete; no suspect identified,
bde7473c5e9c55f8158cc62905aa6354b80e538af82767797d19de35710e4e84,2021-06,Lancashire Constabulary,Lancashire Constabulary,-3.035785,53.789259,On or near Emerson Avenue,E01012701,Blackpool 018A,Criminal damage and arson,Local resolution,
4e6e4e1a6cd1755b8a3fd9687784692b0e2f176cf861bf8f163ea8ee50ba9f81,2021-06,Lancashire Constabulary,Lancashire Constabulary,-3.032488,53.787319,On or near Margate Avenue,E01012701,Blackpool 018A,Other theft,Investigation complete; no suspect identified,
3b83dc1fd7772daf0b5c746e3a3c3aa5e6fcea9df0e320fc7ea69d6ada6f352e,2021-06,Lancashire Constabulary,Lancashire Constabulary,-3.035711,53.786905,On or near Wyndham Gardens,E01012701,Blackpool 018A,Other theft,Action to be taken by another organisation,
91875af625c9eda94dce98338b7dadbe35ec0be1aed0d8864a957784135f2ff0,2021-06,Lancashire Constabulary,Lancashire Constabulary,-3.032134,53.787708,On or near Dorritt Road,E01012701,Blackpool 018A,Public order,Unable to prosecute suspect,
a070833c6ac48b940959e4757afd2d7ea9dc415973d0e99a4a019969ad450415,2021-06,Lancashire Constabulary,Lancashire Constabulary,-3.033559,53.786411,On or near Endsleigh Gardens,E01012701,Blackpool 018A,Violence and sexual offences,Unable to prosecute suspect,
0e58f4fb011e11c66e0456c8e14342c6cfc372024e676a5274ad21941f7d65d7,2021-06,Lancashire Constabulary,Lancashire Constabulary,-3.033559,53.786411,On or near Endsleigh Gardens,E01012701,Blackpool 018A,Violence and sexual offences,Unable to prosecute suspect,
b97479ef4602d901a40271cab508b8ca6b2e7f985c0444bd5b63fb84bbbd3d03,2021-06,Lancashire Constabulary,Lancashire Constabulary,-3.033559,53.786411,On or near Endsleigh Gardens,E01012701,Blackpool 018A,Violence and sexual offences,Unable to prosecute suspect,
5f007b047733baef80041914f5dea30a5c60e60f9abb63deec3180953b205afc,2021-06,Lancashire Constabulary,Lancashire Constabulary,-3.033559,53.786411,On or near Endsleigh Gardens,E01012701,Blackpool 018A,Violence and sexual offences,Unable to prosecute suspect,
afe714005bc79fc09ac7a83f4da88b84000444b22ed65d612930a6d473d4bd89,2021-06,Lancashire Constabulary,Lancashire Constabulary,-3.032519,53.789161,On or near Acre Gate,E01012701,Blackpool 018A,Violence and sexual offences,Formal action is not in the public interest,
11498e55a29182d1ec1744cae0153a787c45d29c8421da24d910211cb42ff561,2021-06,Lancashire Constabulary,Lancashire Constabulary,-3.033559,53.786411,On or near Endsleigh Gardens,E01012701,Blackpool 018A,Other crime,Formal action is not in the public interest,
,2021-06,Lancashire Constabulary,Lancashire Constabulary,-3.021748,53.789442,On or near Moss Way,E01012729,Blackpool 018B,Anti-social behaviour,,
,2021-06,Lancashire Constabulary,Lancashire Constabulary,-3.026149,53.788793,On or near Lowstead Place,E01012729,Blackpool 018B,Anti-social behaviour,,
,2021-06,Lancashire Constabulary,Lancashire Constabulary,-3.028300,53.791094,On or near Hawes Side Lane,E01012729,Blackpool 018B,Anti-social behaviour,,
1f45e6bba86526b341b39ec4a1823bf4675e89f5a73d2b47ca7de1d0996cfbfe,2021-06,Lancashire Constabulary,Lancashire Constabulary,-3.027870,53.791502,On or near Houseman Place,E01012729,Blackpool 018B,Criminal damage and arson,Status update unavailable,
08001401e143fc1bf3821fb3b9c8fe2e845128fbb03648afa8cf8b2e21812e35,2021-06,Lancashire Constabulary,Lancashire Constabulary,-3.030236,53.789549,On or near Johnsville Avenue,E01012729,Blackpool 018B,Vehicle crime,Investigation complete; no suspect identified,
f161e30e4e5f3f2231bbd637883cd777f7f8145e81cef4a9f35dcf2d70de20fb,2021-06,Lancashire Constabulary,Lancashire Constabulary,-3.024702,53.789830,On or near Wharfedale,E01012729,Blackpool 018B,Violence and sexual offences,Investigation complete; no suspect identified,
a4ddd8b784c9e334c5d0bb2da809cefdae0d642c94786ad90d6e58c2ce39cb49,2021-06,Lancashire Constabulary,Lancashire Constabulary,-3.024702,53.789830,On or near Wharfedale,E01012729,Blackpool 018B,Other crime,Further investigation is not in the public interest,
,2021-06,Lancashire Constabulary,Lancashire Constabulary,-3.012187,53.785748,On or near Limechase Close,E01012730,Blackpool 018C,Anti-social behaviour,,
,2021-06,Lancashire Constabulary,Lancashire Constabulary,-3.014633,53.787076,On or near Harold Avenue,E01012730,Blackpool 018C,Anti-social behaviour,,
,2021-06,Lancashire Constabulary,Lancashire Constabulary,-3.015454,53.788390,On or near Dunbar Close,E01012730,Blackpool 018C,Anti-social behaviour,,
cc26e3d2e06d0ecdddef12d07d10a0ff5079c6c6e393c683f73c34082969abb2,2021-06,Lancashire Constabulary,Lancashire Constabulary,-3.014633,53.787076,On or near Harold Avenue,E01012730,Blackpool 018C,Criminal damage and arson,Investigation complete; no suspect identified,
3452f9e826cdb6fb19b29c9bf958b9d03311d759bd3d4715fe0688a48ba9bee0,2021-06,Lancashire Constabulary,Lancashire Constabulary,-3.012187,53.785748,On or near Limechase Close,E01012730,Blackpool 018C,Violence and sexual offences,Further investigation is not in the public interest,
d9f1c320af309e90bdf51923aee685a5134919aad1a9b28971a11b1af62e241d,2021-06,Lancashire Constabulary,Lancashire Constabulary,-3.012187,53.785748,On or near Limechase Close,E01012730,Blackpool 018C,Violence and sexual offences,Status update unavailable,
b290d17db147f3c7e361b7102f9d5e96a135414f21029f12fb36e26ec844410d,2021-06,Lancashire Constabulary,Lancashire Constabulary,-3.019761,53.780120,On or near Common Edge Road,E01012730,Blackpool 018C,Violence and sexual offences,Unable to prosecute suspect,
,2021-06,Lancashire Constabulary,Lancashire Constabulary,-3.024248,53.784262,On or near Thornhill Close,E01012731,Blackpool 018D,Anti-social behaviour,,
,2021-06,Lancashire Constabulary,Lancashire Constabulary,-3.024248,53.784262,On or near Thornhill Close,E01012731,Blackpool 018D,Anti-social behaviour,,
,2021-06,Lancashire Constabulary,Lancashire Constabulary,-3.024248,53.784262,On or near Thornhill Close,E01012731,Blackpool 018D,Anti-social behaviour,,
,2021-06,Lancashire Constabulary,Lancashire Constabulary,-3.026558,53.783163,On or near Nateby Avenue,E01012731,Blackpool 018D,Anti-social behaviour,,
,2021-06,Lancashire Constabulary,Lancashire Constabulary,-3.024248,53.784262,On or near Thornhill Close,E01012731,Blackpool 018D,Anti-social behaviour,,
,2021-06,Lancashire Constabulary,Lancashire Constabulary,-3.024248,53.784262,On or near Thornhill Close,E01012731,Blackpool 018D,Anti-social behaviour,,
f86393e2a37d39827639e1f41c46e525ce6bb1970825001744a3d95af3cac767,2021-06,Lancashire Constabulary,Lancashire Constabulary,-3.024795,53.786153,On or near Drakelowe Avenue,E01012731,Blackpool 018D,Criminal damage and arson,Unable to prosecute suspect,
4b82c8229492bc051e7abe826de3beadab6834859d2b84bae6b947871bf4e085,2021-06,Lancashire Constabulary,Lancashire Constabulary,-3.029003,53.783825,On or near Lindale Gardens,E01012731,Blackpool 018D,Vehicle crime,Further investigation is not in the public interest,
dc4c1b693b6d97a81fac63e222b305b29ed822ddd750bca7cfa56d2c3027e864,2021-06,Lancashire Constabulary,Lancashire Constabulary,-3.018200,53.777680,On or near Jepson Way,E01012731,Blackpool 018D,Vehicle crime,Investigation complete; no suspect identified,
e19a456ffb1df6b8d9b90e41c3d7476ded00516a2601c201d6d1c0fcbacf3d18,2021-06,Lancashire Constabulary,Lancashire Constabulary,-3.009096,53.779653,On or near School Road,E01012731,Blackpool 018D,Violence and sexual offences,Offender given a caution,
395e4c562bb337586863e27a49bfbf22fcf48e29484963373e5177431b00508d,2021-06,Lancashire Constabulary,Lancashire Constabulary,-3.027151,53.786277,On or near Regal Avenue,E01012731,Blackpool 018D,Violence and sexual offences,Further investigation is not in the public interest,
b835e8509dc7cd81dbb6e12eaca3217eaffe282056d59cde36148911971bfb26,2021-06,Lancashire Constabulary,Lancashire Constabulary,-3.026140,53.784668,On or near Willowbank Avenue,E01012731,Blackpool 018D,Violence and sexual offences,Unable to prosecute suspect,
1f2da003c8cfea3d2bbc0396979de9c5b0a7101a557d33971415003b4fc196f6,2021-06,Lancashire Constabulary,Lancashire Constabulary,-3.005814,53.774396,On or near Division Lane,E01012731,Blackpool 018D,Violence and sexual offences,Further investigation is not in the public interest,
241864a18b6eabb6b95aebd95d561df0e181f4cef80ec777c2f437597f810f28,2021-06,Lancashire Constabulary,Lancashire Constabulary,-3.027151,53.786277,On or near Regal Avenue,E01012731,Blackpool 018D,Violence and sexual offences,Further investigation is not in the public interest,
,2021-06,Lancashire Constabulary,Lancashire Constabulary,-3.023109,53.787992,On or near Milldyke Close,E01012732,Blackpool 018E,Anti-social behaviour,,
,2021-06,Lancashire Constabulary,Lancashire Constabulary,-3.014851,53.792979,On or near Southbank Avenue,E01012732,Blackpool 018E,Anti-social behaviour,,
,2021-06,Lancashire Constabulary,Lancashire Constabulary,-3.021338,53.788187,On or near Rona Avenue,E01012732,Blackpool 018E,Anti-social behaviour,,
,2021-06,Lancashire Constabulary,Lancashire Constabulary,-3.023109,53.787992,On or near Milldyke Close,E01012732,Blackpool 018E,Anti-social behaviour,,
,2021-06,Lancashire Constabulary,Lancashire Constabulary,-3.013480,53.792155,On or near Eastbank Avenue,E01012732,Blackpool 018E,Anti-social behaviour,,
,2021-06,Lancashire Constabulary,Lancashire Constabulary,-3.014657,53.792505,On or near Westbank Avenue,E01012732,Blackpool 018E,Anti-social behaviour,,
,2021-06,Lancashire Constabulary,Lancashire Constabulary,-3.018326,53.792312,On or near Claytongate,E01012732,Blackpool 018E,Anti-social behaviour,,
8ebfdd0b00f03019bd036a3042c7b513cb452ebadc56e7625d0f8dd7bd860a14,2021-06,Lancashire Constabulary,Lancashire Constabulary,-3.017908,53.791335,On or near Carterville Close,E01012732,Blackpool 018E,Criminal damage and arson,Unable to prosecute suspect,
fb6284b1688d5647698fc0541a94554a5b481624cead623e3ce56e7f7e7b9bfb,2021-06,Lancashire Constabulary,Lancashire Constabulary,-3.020250,53.790875,On or near Aysgarth Court,E01012732,Blackpool 018E,Criminal damage and arson,Investigation complete; no suspect identified,
21cf220fbbce13d5903d9015470d096065fe4af709f4ec1b70a2834234ada1dc,2021-06,Lancashire Constabulary,Lancashire Constabulary,-3.016822,53.792882,On or near Vicarage Lane,E01012732,Blackpool 018E,Violence and sexual offences,Unable to prosecute suspect,
b7ee8df5ff475f4ac73626c1217e138d5f8159b6710a4abd3f2bd3ab1e8cc4c6,2021-06,Lancashire Constabulary,Lancashire Constabulary,-3.014851,53.792979,On or near Southbank Avenue,E01012732,Blackpool 018E,Violence and sexual offences,Unable to prosecute suspect,
39be1341a0286485d56dc0d2b516ad6e0a835f8694d3f2ff8b3b41ddaf8d9872,2021-06,Lancashire Constabulary,Lancashire Constabulary,-3.014657,53.792505,On or near Westbank Avenue,E01012732,Blackpool 018E,Violence and sexual offences,Unable to prosecute suspect,
4a0a78db6a2c120abc2784959d8a625e1358de740fae8306dd10d1871e8a4853,2021-06,Lancashire Constabulary,Lancashire Constabulary,-3.022993,53.788200,On or near Millfield Road,E01012732,Blackpool 018E,Violence and sexual offences,Unable to prosecute suspect,
2fdbc2cdc3b98e63aa643120d0310bbfc2b389e2cf7ce3d41453d34e1576d3c7,2021-06,Lancashire Constabulary,Lancashire Constabulary,-3.014851,53.792979,On or near Southbank Avenue,E01012732,Blackpool 018E,Violence and sexual offences,Unable to prosecute suspect,
03b609c036b39717a9efd0427a7196fb1c19bfdf98252b04d6aa2644a54fa894,2021-06,Lancashire Constabulary,Lancashire Constabulary,-3.017908,53.791335,On or near Carterville Close,E01012732,Blackpool 018E,Violence and sexual offences,Unable to prosecute suspect,
,2021-06,Lancashire Constabulary,Lancashire Constabulary,-3.032409,53.784075,On or near Stadium Avenue,E01012699,Blackpool 019A,Anti-social behaviour,,
,2021-06,Lancashire Constabulary,Lancashire Constabulary,-3.031041,53.783385,On or near Alpine Avenue,E01012699,Blackpool 019A,Anti-social behaviour,,
,2021-06,Lancashire Constabulary,Lancashire Constabulary,-3.029437,53.782330,On or near Westby Avenue,E01012699,Blackpool 019A,Anti-social behaviour,,
,2021-06,Lancashire Constabulary,Lancashire Constabulary,-3.032409,53.784075,On or near Stadium Avenue,E01012699,Blackpool 019A,Anti-social behaviour,,
ddfd29eeee3ec90e34a363c386ccad9358431d03b4fa803c59399d50c65ea79d,2021-06,Lancashire Constabulary,Lancashire Constabulary,-3.033733,53.781762,On or near Deeside,E01012699,Blackpool 019A,Vehicle crime,Unable to prosecute suspect,
,2021-06,Lancashire Constabulary,Lancashire Constabulary,-3.041257,53.786506,On or near Dayton Place,E01012700,Blackpool 019B,Anti-social behaviour,,
,2021-06,Lancashire Constabulary,Lancashire Constabulary,-3.038350,53.780671,On or near Highgate,E01012700,Blackpool 019B,Anti-social behaviour,,
,2021-06,Lancashire Constabulary,Lancashire Constabulary,-3.041257,53.786506,On or near Dayton Place,E01012700,Blackpool 019B,Anti-social behaviour,,
c2908d2709104da00097edc84c42da5e7577aedaadc08edb39f7a1d34389eba3,2021-06,Lancashire Constabulary,Lancashire Constabulary,-3.035744,53.781466,On or near Waltham Avenue,E01012700,Blackpool 019B,Violence and sexual offences,Status update unavailable,
db6d7f2f9ec36eddbcc80ad8f0885e27669b6234d4c3461148ab703cb05081ae,2021-06,Lancashire Constabulary,Lancashire Constabulary,-3.041257,53.786506,On or near Dayton Place,E01012700,Blackpool 019B,Violence and sexual offences,Investigation complete; no suspect identified,
f80be9436a30af30d53c3b436f93315595bc043f169dcb7caf1fbc6d5a3d3d61,2021-06,Lancashire Constabulary,Lancashire Constabulary,-3.041257,53.786506,On or near Dayton Place,E01012700,Blackpool 019B,Violence and sexual offences,Unable to prosecute suspect,
8c76ac3943ca81eb062b628984029afe7dfda78261879f96e4105a9f66dff8c4,2021-06,Lancashire Constabulary,Lancashire Constabulary,-3.041015,53.782868,On or near Abbey Road,E01012700,Blackpool 019B,Violence and sexual offences,Further investigation is not in the public interest,
39385054a45d264deee3280f8f4703d40677c0a3693730d9bf22f2c7ffb11ee0,2021-06,Lancashire Constabulary,Lancashire Constabulary,-3.036002,53.782057,On or near Tewkesbury Avenue,E01012700,Blackpool 019B,Violence and sexual offences,Unable to prosecute suspect,
,2021-06,Lancashire Constabulary,Lancashire Constabulary,-3.034749,53.790337,On or near Ferndale Avenue,E01012702,Blackpool 019C,Anti-social behaviour,,
,2021-06,Lancashire Constabulary,Lancashire Constabulary,-3.033830,53.785698,On or near Lostock Gardens,E01012702,Blackpool 019C,Anti-social behaviour,,
9c9308c3f3dc38a9a613b4276c988cb280b6ad17a39760a7ef8abe10c7bdd188,2021-06,Lancashire Constabulary,Lancashire Constabulary,-3.039992,53.786921,On or near Thursby Avenue,E01012702,Blackpool 019C,Vehicle crime,Investigation complete; no suspect identified,
159a7c23663ad79618dbd4783b565eb8bcfe71e1ad34536bdf847f678463d391,2021-06,Lancashire Constabulary,Lancashire Constabulary,-3.038501,53.785532,On or near Farnell Place,E01012702,Blackpool 019C,Vehicle crime,Investigation complete; no suspect identified,
d7228bc626255c12a9cf58b43d03377b8b82787a9ad0845ab7f011bccd6a5618,2021-06,Lancashire Constabulary,Lancashire Constabulary,-3.033333,53.785235,On or near Clayton Crescent,E01012702,Blackpool 019C,Violence and sexual offences,Unable to prosecute suspect,
223493ddd4203ccc51c0c4e0b441236f215bfee86f5bb3099cd208220377e5a4,2021-06,Lancashire Constabulary,Lancashire Constabulary,-3.038501,53.785532,On or near Farnell Place,E01012702,Blackpool 019C,Violence and sexual offences,Unable to prosecute suspect,
eb500e92c1e3f356836300b4dbfcafca62076da4381d62844e9c1d37b7762c1f,2021-06,Lancashire Constabulary,Lancashire Constabulary,-3.033333,53.785235,On or near Clayton Crescent,E01012702,Blackpool 019C,Violence and sexual offences,Investigation complete; no suspect identified,
29b72daca43e6e3024f68b8e5d4b7d91817b1f5deac09f420aedf699467244bb,2021-06,Lancashire Constabulary,Lancashire Constabulary,-3.033830,53.785698,On or near Lostock Gardens,E01012702,Blackpool 019C,Other crime,Status update unavailable,
,2021-06,Lancashire Constabulary,Lancashire Constabulary,-3.041694,53.780857,On or near Priory Gate,E01012725,Blackpool 019D,Anti-social behaviour,,
194930d8c3b23c6ef2f7199770c8a723b6bb4602d51993413ba3691c49b65baf,2021-06,Lancashire Constabulary,Lancashire Constabulary,-3.045482,53.781229,On or near Allandale,E01012725,Blackpool 019D,Criminal damage and arson,Court result unavailable,
8c8b825896684cb6793701b57f8705e759677884a5e84e66b07493aaafe7a730,2021-06,Lancashire Constabulary,Lancashire Constabulary,-3.043407,53.783233,On or near Langfield Avenue,E01012725,Blackpool 019D,Other theft,Investigation complete; no suspect identified,
c379109c706e12872257100a10fb222736178dbac6a74f8c4fda2a4ada6e6df0,2021-06,Lancashire Constabulary,Lancashire Constabulary,-3.042496,53.783826,On or near Roselyn Avenue,E01012725,Blackpool 019D,Vehicle crime,Unable to prosecute suspect,
b3d8e6b61845c2a05887866b900ce4afe69d56a0b4a99cef0fd175562f5f752b,2021-06,Lancashire Constabulary,Lancashire Constabulary,-3.045482,53.781229,On or near Allandale,E01012725,Blackpool 019D,Violence and sexual offences,Court result unavailable,
ef5a24331436e9a7396f35e053c337cfb44ebd02be46f432aa3a92e17f665ff5,2021-06,Lancashire Constabulary,Lancashire Constabulary,-3.042496,53.783826,On or near Roselyn Avenue,E01012725,Blackpool 019D,Violence and sexual offences,Unable to prosecute suspect,
37af357117f6e9440eb3ebce70b036afc2f0f9a8cdad82a666e01bb9679560ac,2021-06,Lancashire Constabulary,Lancashire Constabulary,-3.044572,53.780635,On or near Byland Close,E01012725,Blackpool 019D,Violence and sexual offences,Further investigation is not in the public interest,
a445cccac4bbbd19e093510cd2fd9f4bde09a8680739fec13be45e3cdf04a465,2021-06,Lancashire Constabulary,Lancashire Constabulary,-3.041983,53.783947,On or near Colville Avenue,E01012725,Blackpool 019D,Other crime,Action to be taken by another organisation,
,2021-06,Lancashire Constabulary,Lancashire Constabulary,-3.053467,53.777707,On or near Rutherford Place,E01012727,Blackpool 019E,Anti-social behaviour,,
,2021-06,Lancashire Constabulary,Lancashire Constabulary,-3.050055,53.777791,On or near Squires Gate Lane,E01012727,Blackpool 019E,Anti-social behaviour,,
b93a37cf1a8d3998178d58cdfaddb413f50f7c69219b150475e7d2f2ffac2057,2021-06,Lancashire Constabulary,Lancashire Constabulary,-3.052091,53.781540,On or near Alderley Avenue,E01012727,Blackpool 019E,Possession of weapons,Court result unavailable,
76273b435b5579469a1c61e3a507f379b16388ba6e151b6ef5f9bdf337328c0c,2021-06,Lancashire Constabulary,Lancashire Constabulary,-3.055972,53.778926,On or near Freemantle Avenue,E01012727,Blackpool 019E,Violence and sexual offences,Status update unavailable,
c76e8c89e266d72e93b60601f381532ea82451cf5cfc9db978dae4d5d3b16a06,2021-06,Lancashire Constabulary,Lancashire Constabulary,-3.050055,53.777791,On or near Squires Gate Lane,E01012727,Blackpool 019E,Violence and sexual offences,Further investigation is not in the public interest,
1c9885df5490afd8fcc7f6f8485de5dd7969ce8e1e0f5a34358e8a43e3b9b6f5,2021-06,Lancashire Constabulary,Lancashire Constabulary,-3.054738,53.779970,On or near Abercorn Place,E01012727,Blackpool 019E,Violence and sexual offences,Offender given a caution,
96af6b4b1678fce4f0ab397870dadc7bb3ace5678afaa0362898c4689e30253b,2021-06,Lancashire Constabulary,Lancashire Constabulary,-2.439325,53.562426,On or near Don Street,E01004847,Bolton 025B,Violence and sexual offences,Unable to prosecute suspect,
dad8923427c82050f48aa187d85178a20d68a3e417e86000f13e7c2c24a27cc6,2021-06,Lancashire Constabulary,Lancashire Constabulary,-2.533292,53.544471,On or near Gorsey Grove,E01004939,Bolton 031E,Public order,Status update unavailable,
,2021-06,Lancashire Constabulary,Lancashire Constabulary,-2.195684,53.813815,On or near Acre Street,E01024859,Burnley 001A,Anti-social behaviour,,
,2021-06,Lancashire Constabulary,Lancashire Constabulary,-2.204617,53.811167,On or near Townley Street,E01024859,Burnley 001A,Anti-social behaviour,,
,2021-06,Lancashire Constabulary,Lancashire Constabulary,-2.204617,53.811167,On or near Townley Street,E01024859,Burnley 001A,Anti-social behaviour,,
,2021-06,Lancashire Constabulary,Lancashire Constabulary,-2.204617,53.811167,On or near Townley Street,E01024859,Burnley 001A,Anti-social behaviour,,
0f6316dbf8278f355d1c00ceb514da4ad36aecbf34290404dc1e3dfdd142f182,2021-06,Lancashire Constabulary,Lancashire Constabulary,-2.204617,53.811167,On or near Townley Street,E01024859,Burnley 001A,Burglary,Awaiting court outcome,
0cc99e2f9e87ca57661671cc172528a82571631d2e8e42f673f369259c5784a0,2021-06,Lancashire Constabulary,Lancashire Constabulary,-2.203309,53.810782,On or near Church Street,E01024859,Burnley 001A,Other theft,Investigation complete; no suspect identified,
3d1d72475ce23d38d7ed27ee68d702b9c201360865ce3aaf02e3b73c6676ea64,2021-06,Lancashire Constabulary,Lancashire Constabulary,-2.195684,53.813815,On or near Acre Street,E01024859,Burnley 001A,Other theft,Investigation complete; no suspect identified,
8bdc4fe556dba2bc997d3ffc17da65cd549940c5a69e43c5734cf9f3dd298aae,2021-06,Lancashire Constabulary,Lancashire Constabulary,-2.204617,53.811167,On or near Townley Street,E01024859,Burnley 001A,Public order,Status update unavailable,
e7f6fc1186904f7fde0ed46d826f892372b7aa72c5e64ff48beb10049c09e4c9,2021-06,Lancashire Constabulary,Lancashire Constabulary,-2.203309,53.810782,On or near Church Street,E01024859,Burnley 001A,Vehicle crime,Investigation complete; no suspect identified,
8d739484175f65c5f7deb3d88030779f7d8e15690e4b6d41ba4185aed4b204a1,2021-06,Lancashire Constabulary,Lancashire Constabulary,-2.200735,53.812369,On or near Jubilee Street,E01024859,Burnley 001A,Vehicle crime,Investigation complete; no suspect identified,
6feec5c5418986f1292185f553340e727c5ed2566711bb50b5933017ad43c8ad,2021-06,Lancashire Constabulary,Lancashire Constabulary,-2.201814,53.812565,On or near Burnley Road,E01024859,Burnley 001A,Violence and sexual offences,Investigation complete; no suspect identified,
99ce644c27ac4ac4e4c9af283e47f9c8b295f98b1b61d8cce73f968df4fd6f99,2021-06,Lancashire Constabulary,Lancashire Constabulary,-2.206396,53.811667,On or near Supermarket,E01024859,Burnley 001A,Violence and sexual offences,Offender given a caution,
f15139a129047777ff320cb240d286e999585a6f70b5e8e54d1327b15880a3a3,2021-06,Lancashire Constabulary,Lancashire Constabulary,-2.203309,53.810782,On or near Church Street,E01024859,Burnley 001A,Violence and sexual offences,Unable to prosecute suspect,
6b2db2b5a7c93e40e142c5897763f5a79cde99e045c25db6b7491412c1bf60db,2021-06,Lancashire Constabulary,Lancashire Constabulary,-2.204617,53.811167,On or near Townley Street,E01024859,Burnley 001A,Violence and sexual offences,Further investigation is not in the public interest,
73d3b46a5fa0b0b00a8632628b06e3471f95f6681252d192f21e2595c8561b11,2021-06,Lancashire Constabulary,Lancashire Constabulary,-2.206396,53.811667,On or near Supermarket,E01024859,Burnley 001A,Violence and sexual offences,Offender given a caution,
,2021-06,Lancashire Constabulary,Lancashire Constabulary,-2.217312,53.811046,On or near Red Spar Road,E01024861,Burnley 001B,Anti-social behaviour,,
,2021-06,Lancashire Constabulary,Lancashire Constabulary,-2.212713,53.808564,On or near Wiswell Close,E01024861,Burnley 001B,Anti-social behaviour,,
,2021-06,Lancashire Constabulary,Lancashire Constabulary,-2.216590,53.812314,On or near Hillingdon Road,E01024861,Burnley 001B,Anti-social behaviour,,
,2021-06,Lancashire Constabulary,Lancashire Constabulary,-2.217312,53.811046,On or near Red Spar Road,E01024861,Burnley 001B,Anti-social behaviour,,
1bd815080250952d2ae0e0d88a776ea02ae24606a230b296585b4c1b090f6ac2,2021-06,Lancashire Constabulary,Lancashire Constabulary,-2.217312,53.811046,On or near Red Spar Road,E01024861,Burnley 001B,Burglary,Investigation complete; no suspect identified,
749d600e6d6a98ed042e99d29f373ca8ec06f1225cedbb87d3decd837ecfe532,2021-06,Lancashire Constabulary,Lancashire Constabulary,-2.212914,53.812114,On or near Standen Hall Drive,E01024861,Burnley 001B,Criminal damage and arson,Investigation complete; no suspect identified,
,2021-06,Lancashire Constabulary,Lancashire Constabulary,-2.213843,53.806818,On or near Balderstone Close,E01024862,Burnley 001C,Anti-social behaviour,,
053781183bc36a2373e30a694077c85f23e08a0193f00be7773f9ecd089b9a72,2021-06,Lancashire Constabulary,Lancashire Constabulary,-2.213843,53.806818,On or near Balderstone Close,E01024862,Burnley 001C,Other theft,Investigation complete; no suspect identified,
350d41f3c2c01d72a2e917891f014aa71f0e09542f6ed3da508786bffcd1334d,2021-06,Lancashire Constabulary,Lancashire Constabulary,-2.213843,53.806818,On or near Balderstone Close,E01024862,Burnley 001C,Public order,Unable to prosecute suspect,
d7ac2552ad17ffc2930bde23d77ab349a22c20641701ea02bb2d200b931f35be,2021-06,Lancashire Constabulary,Lancashire Constabulary,-2.209615,53.811536,On or near Higher Saxifield,E01024862,Burnley 001C,Violence and sexual offences,Unable to prosecute suspect,
,2021-06,Lancashire Constabulary,Lancashire Constabulary,-2.223141,53.810415,On or near Sedburgh Street,E01024891,Burnley 001D,Anti-social behaviour,,
,2021-06,Lancashire Constabulary,Lancashire Constabulary,-2.224746,53.812479,On or near New Ground Court,E01024891,Burnley 001D,Anti-social behaviour,,
,2021-06,Lancashire Constabulary,Lancashire Constabulary,-2.223141,53.810415,On or near Sedburgh Street,E01024891,Burnley 001D,Anti-social behaviour,,
,2021-06,Lancashire Constabulary,Lancashire Constabulary,-2.223141,53.810415,On or near Sedburgh Street,E01024891,Burnley 001D,Anti-social behaviour,,
,2021-06,Lancashire Constabulary,Lancashire Constabulary,-2.224746,53.812479,On or near New Ground Court,E01024891,Burnley 001D,Anti-social behaviour,,
,2021-06,Lancashire Constabulary,Lancashire Constabulary,-2.224746,53.812479,On or near New Ground Court,E01024891,Burnley 001D,Anti-social behaviour,,
,2021-06,Lancashire Constabulary,Lancashire Constabulary,-2.224746,53.812479,On or near New Ground Court,E01024891,Burnley 001D,Anti-social behaviour,,
,2021-06,Lancashire Constabulary,Lancashire Constabulary,-2.224746,53.812479,On or near New Ground Court,E01024891,Burnley 001D,Anti-social behaviour,,
,2021-06,Lancashire Constabulary,Lancashire Constabulary,-2.223141,53.810415,On or near Sedburgh Street,E01024891,Burnley 001D,Anti-social behaviour,,
,2021-06,Lancashire Constabulary,Lancashire Constabulary,-2.225507,53.812756,On or near Marsden Court,E01024891,Burnley 001D,Anti-social behaviour,,
,2021-06,Lancashire Constabulary,Lancashire Constabulary,-2.223141,53.810415,On or near Sedburgh Street,E01024891,Burnley 001D,Anti-social behaviour,,
,2021-06,Lancashire Constabulary,Lancashire Constabulary,-2.223141,53.810415,On or near Sedburgh Street,E01024891,Burnley 001D,Anti-social behaviour,,
9921ada245cd639a8ed154515ccc4cce9c0ca4c6cb3d40eb2e7b0f9701ab8b8a,2021-06,Lancashire Constabulary,Lancashire Constabulary,-2.225507,53.812756,On or near Marsden Court,E01024891,Burnley 001D,Burglary,Status update unavailable,
583a043ce7aab364cb388ed416216659997f01b3825d0003ef844b9e4e4790b7,2021-06,Lancashire Constabulary,Lancashire Constabulary,-2.223141,53.810415,On or near Sedburgh Street,E01024891,Burnley 001D,Criminal damage and arson,Investigation complete; no suspect identified,
81f85e414ef09349f03f29e409caa8f60bd3cc7179eb333bbc6664ea9b7c3ca4,2021-06,Lancashire Constabulary,Lancashire Constabulary,-2.223141,53.810415,On or near Sedburgh Street,E01024891,Burnley 001D,Criminal damage and arson,Unable to prosecute suspect,
8736944a223bcaea22b7ea0b3b73682d28e600a2e1f06b85875a6f267f7d008c,2021-06,Lancashire Constabulary,Lancashire Constabulary,-2.223141,53.810415,On or near Sedburgh Street,E01024891,Burnley 001D,Criminal damage and arson,Investigation complete; no suspect identified,
d750e7eb7db5337dcb16cf8d721106e43374f2c7c716fcb0f82ac008583128ea,2021-06,Lancashire Constabulary,Lancashire Constabulary,-2.225305,53.811939,On or near Brent Street,E01024891,Burnley 001D,Drugs,Unable to prosecute suspect,
d0e3f386c6365508ee658c1d470d8d661897a8937e5206d55f6938d99fd0fd51,2021-06,Lancashire Constabulary,Lancashire Constabulary,-2.224692,53.810906,On or near Ribble Avenue,E01024891,Burnley 001D,Other theft,Investigation complete; no suspect identified,
3a104dbca141b041f85fcd62b1c077b8b36482f7fcb8086ff25cc2a06d452654,2021-06,Lancashire Constabulary,Lancashire Constabulary,-2.223141,53.810415,On or near Sedburgh Street,E01024891,Burnley 001D,Shoplifting,Unable to prosecute suspect,
06d8ffa1b444ff2ef80d7b66c0c0c762eca1163bc1cb61e8bf24e19c1c9b5450,2021-06,Lancashire Constabulary,Lancashire Constabulary,-2.224692,53.810906,On or near Ribble Avenue,E01024891,Burnley 001D,Violence and sexual offences,Unable to prosecute suspect,
,2021-06,Lancashire Constabulary,Lancashire Constabulary,-2.224208,53.808318,On or near Briercliffe Road,E01024892,Burnley 001E,Anti-social behaviour,,
,2021-06,Lancashire Constabulary,Lancashire Constabulary,-2.221095,53.811344,On or near Parking Area,E01024892,Burnley 001E,Anti-social behaviour,,
,2021-06,Lancashire Constabulary,Lancashire Constabulary,-2.224208,53.808318,On or near Briercliffe Road,E01024892,Burnley 001E,Anti-social behaviour,,
,2021-06,Lancashire Constabulary,Lancashire Constabulary,-2.225695,53.805323,On or near Swanage Road,E01024892,Burnley 001E,Anti-social behaviour,,
,2021-06,Lancashire Constabulary,Lancashire Constabulary,-2.224208,53.808318,On or near Briercliffe Road,E01024892,Burnley 001E,Anti-social behaviour,,
,2021-06,Lancashire Constabulary,Lancashire Constabulary,-2.224208,53.808318,On or near Briercliffe Road,E01024892,Burnley 001E,Anti-social behaviour,,
9fba3ffa24a1abae3049ea6e0a05f801e9023c2fcfbba74edb41e64b441890d4,2021-06,Lancashire Constabulary,Lancashire Constabulary,-2.223326,53.802397,On or near Petrol Station,E01024892,Burnley 001E,Drugs,Status update unavailable,
aaed761336b24bedd21309c4e576682491d403b83716f45a1be06fbdb3685635,2021-06,Lancashire Constabulary,Lancashire Constabulary,-2.225695,53.805323,On or near Swanage Road,E01024892,Burnley 001E,Drugs,Offender given penalty notice,
db42e4f95ee72bf2ba211a9895b07443d1501f9a2a990124b7ddb36d8f9eb247,2021-06,Lancashire Constabulary,Lancashire Constabulary,-2.224208,53.808318,On or near Briercliffe Road,E01024892,Burnley 001E,Public order,Status update unavailable,
69b07dfedcab8dcf3fdadb779f12e088b07773c9d7f6592a4fe748cb767d9e39,2021-06,Lancashire Constabulary,Lancashire Constabulary,-2.221095,53.811344,On or near Parking Area,E01024892,Burnley 001E,Vehicle crime,Investigation complete; no suspect identified,
3b1913635252d31106f29db52e70c58073790aeaa4781f3839c8cc12bb4435f5,2021-06,Lancashire Constabulary,Lancashire Constabulary,-2.221095,53.811344,On or near Parking Area,E01024892,Burnley 001E,Vehicle crime,Investigation complete; no suspect identified,
8fbdc8f8db6d3b88387d2e4eb57f102a98c2bf9674d2107118945a2013ce8854,2021-06,Lancashire Constabulary,Lancashire Constabulary,-2.224208,53.808318,On or near Briercliffe Road,E01024892,Burnley 001E,Violence and sexual offences,Investigation complete; no suspect identified,
23a579ee48438e07053eb18c9aeb79ec182328b1bd39bf5918ad0e07988390e7,2021-06,Lancashire Constabulary,Lancashire Constabulary,-2.223230,53.804393,On or near Eastern Avenue,E01024892,Burnley 001E,Violence and sexual offences,Status update unavailable,
34cce5fac4de9ec992f99cd5e8b96b6c37162b74a92b781ea5c2f94dd86bbb1c,2021-06,Lancashire Constabulary,Lancashire Constabulary,-2.223326,53.802397,On or near Petrol Station,E01024892,Burnley 001E,Violence and sexual offences,Offender given a caution,
7129bc2be454b70a117f76a0a96e4e44b95cc19b5f56297cbfa8572e45293ba5,2021-06,Lancashire Constabulary,Lancashire Constabulary,-2.224208,53.808318,On or near Briercliffe Road,E01024892,Burnley 001E,Violence and sexual offences,Investigation complete; no suspect identified,
f1ad226aaed182c949d6835b8dcf3fc1ba03ec6eda2e58d42707036e6d6cf7ce,2021-06,Lancashire Constabulary,Lancashire Constabulary,-2.219325,53.815446,On or near Sunningdale Gardens,E01024894,Burnley 001F,Burglary,Investigation complete; no suspect identified,
9f0238ac1515f153380b76fa1b68e86cd760805a01216b0fa877a31a79616465,2021-06,Lancashire Constabulary,Lancashire Constabulary,-2.221360,53.815406,On or near Chingford Bank,E01024894,Burnley 001F,Criminal damage and arson,Investigation complete; no suspect identified,
040f1ec2556db2501f398fff3cd2f1337924e6b729ddb79174859523534b1786,2021-06,Lancashire Constabulary,Lancashire Constabulary,-2.219325,53.815446,On or near Sunningdale Gardens,E01024894,Burnley 001F,Other theft,Investigation complete; no suspect identified,
86c303331ec279b6d638153ea6b4dfb1820ed47ce496b2d965942c9b977c242b,2021-06,Lancashire Constabulary,Lancashire Constabulary,-2.221305,53.816476,On or near Chislehurst Grove,E01024894,Burnley 001F,Other theft,Unable to prosecute suspect,
399ad01e735324cffaff01fbb26dedc77694bc90d269cd85eebfeded05f5e215,2021-06,Lancashire Constabulary,Lancashire Constabulary,-2.221093,53.813798,On or near Aylesbury Walk,E01024894,Burnley 001F,Violence and sexual offences,Unable to prosecute suspect,
2ff91265b957d8ad59fc3e52c730fde8600af287e31712dfd17e68f0df545d10,2021-06,Lancashire Constabulary,Lancashire Constabulary,-2.221093,53.813798,On or near Aylesbury Walk,E01024894,Burnley 001F,Violence and sexual offences,Unable to prosecute suspect,
6a8addd3f751a3faef7361ce562c2ed79d799967791eb8d264d78c1e73200aa0,2021-06,Lancashire Constabulary,Lancashire Constabulary,-2.221305,53.816476,On or near Chislehurst Grove,E01024894,Burnley 001F,Violence and sexual offences,Investigation complete; no suspect identified,
2bcad5f3c9cb2a366fb36ea54f2c2e5fcecb57f4e74b6232a2ec47840b06ea17,2021-06,Lancashire Constabulary,Lancashire Constabulary,-2.221305,53.816476,On or near Chislehurst Grove,E01024894,Burnley 001F,Violence and sexual offences,Investigation complete; no suspect identified,
,2021-06,Lancashire Constabulary,Lancashire Constabulary,-2.225923,53.802500,On or near Basnett Street,E01024893,Burnley 002A,Anti-social behaviour,,
,2021-06,Lancashire Constabulary,Lancashire Constabulary,-2.226519,53.803362,On or near Thursby Road,E01024893,Burnley 002A,Anti-social behaviour,,
,2021-06,Lancashire Constabulary,Lancashire Constabulary,-2.227542,53.801517,On or near Ferndale Street,E01024893,Burnley 002A,Anti-social behaviour,,
,2021-06,Lancashire Constabulary,Lancashire Constabulary,-2.227991,53.800384,On or near Browhead Road,E01024893,Burnley 002A,Anti-social behaviour,,
,2021-06,Lancashire Constabulary,Lancashire Constabulary,-2.227641,53.805741,On or near Primrose Street,E01024893,Burnley 002A,Anti-social behaviour,,
,2021-06,Lancashire Constabulary,Lancashire Constabulary,-2.227542,53.801517,On or near Ferndale Street,E01024893,Burnley 002A,Anti-social behaviour,,
,2021-06,Lancashire Constabulary,Lancashire Constabulary,-2.227641,53.805741,On or near Primrose Street,E01024893,Burnley 002A,Anti-social behaviour,,
,2021-06,Lancashire Constabulary,Lancashire Constabulary,-2.227641,53.805741,On or near Primrose Street,E01024893,Burnley 002A,Anti-social behaviour,,
5622eb7d720e56286fd211f3171024c5b655e23c4a3683aac47838507b854006,2021-06,Lancashire Constabulary,Lancashire Constabulary,-2.226519,53.803362,On or near Thursby Road,E01024893,Burnley 002A,Burglary,Investigation complete; no suspect identified,
d580d3c69e6a085bd6df88e0048717275aca315157314c1e5159669e698bf3fc,2021-06,Lancashire Constabulary,Lancashire Constabulary,-2.228231,53.805345,On or near Towneley Street,E01024893,Burnley 002A,Burglary,Investigation complete; no suspect identified,
a72cb7c31f26bfe7962aea962309edde9b732f92c70c4c3599c3edcd02153d9a,2021-06,Lancashire Constabulary,Lancashire Constabulary,-2.228894,53.804382,On or near Haydock Street,E01024893,Burnley 002A,Criminal damage and arson,Investigation complete; no suspect identified,
a500a02324357e6c2efcbff38f2498f624ae7256b471bca33d197b0107151733,2021-06,Lancashire Constabulary,Lancashire Constabulary,-2.228894,53.804382,On or near Haydock Street,E01024893,Burnley 002A,Criminal damage and arson,Investigation complete; no suspect identified,
7f9a41ff3e6238993587a0ba0cff186fab8f228c4e7f133df02f49d612074cfa,2021-06,Lancashire Constabulary,Lancashire Constabulary,-2.225923,53.802500,On or near Basnett Street,E01024893,Burnley 002A,Criminal damage and arson,Unable to prosecute suspect,
d5cc9e587e5931aeebadb914c0ae88c8c9d998f313ad33e791d6991ab4469a61,2021-06,Lancashire Constabulary,Lancashire Constabulary,-2.227991,53.800384,On or near Browhead Road,E01024893,Burnley 002A,Criminal damage and arson,Investigation complete; no suspect identified,
67a937a97d111ce8e39ee58cf00ec351de54547bac8ec13d1906ddc73fa733ce,2021-06,Lancashire Constabulary,Lancashire Constabulary,-2.228231,53.805345,On or near Towneley Street,E01024893,Burnley 002A,Criminal damage and arson,Investigation complete; no suspect identified,
85cfa2d4db4ab512588cde4e8546531c0589bb1b9113ce89077750503dc45cfe,2021-06,Lancashire Constabulary,Lancashire Constabulary,-2.229759,53.804362,On or near Supermarket,E01024893,Burnley 002A,Criminal damage and arson,Status update unavailable,
954d10703005df4a77c1969151a56f204305812d6c83b58c0504f78fcc5fce95,2021-06,Lancashire Constabulary,Lancashire Constabulary,-2.229759,53.804362,On or near Supermarket,E01024893,Burnley 002A,Criminal damage and arson,Status update unavailable,
21ff1dd7747fcc4bd34bb9c6fbaec113367527f78ee46329771d0c7a79d4d6d9,2021-06,Lancashire Constabulary,Lancashire Constabulary,-2.228894,53.804382,On or near Haydock Street,E01024893,Burnley 002A,Drugs,Awaiting court outcome,
7b07ec868c3f43885afd5bfc081e0a5da94afd6eb91b9209892ab1b5adc3e90d,2021-06,Lancashire Constabulary,Lancashire Constabulary,-2.228894,53.804382,On or near Haydock Street,E01024893,Burnley 002A,Other theft,Unable to prosecute suspect,
35b4555910efa13a6b39a326b959eb01cc0dd741d554625ca489f3d22aacff62,2021-06,Lancashire Constabulary,Lancashire Constabulary,-2.228038,53.803386,On or near Thornber Court,E01024893,Burnley 002A,Other theft,Investigation complete; no suspect identified,
d7bb4d8a09584d8879e8649a30c917565bd4fdd267f530c454e19cca975b04e0,2021-06,Lancashire Constabulary,Lancashire Constabulary,-2.227542,53.801517,On or near Ferndale Street,E01024893,Burnley 002A,Other theft,Unable to prosecute suspect,
3bb04a52733f494023fcf675d809c0ca4d75c7d577ac6b7dfb1694e22c634009,2021-06,Lancashire Constabulary,Lancashire Constabulary,-2.228038,53.803386,On or near Thornber Court,E01024893,Burnley 002A,Other theft,Investigation complete; no suspect identified,
4fa7e4cd510d9a5739b3f7c92bfd4c5fa808cd48e39ddbe467ccc53c0242a301,2021-06,Lancashire Constabulary,Lancashire Constabulary,-2.228038,53.803386,On or near Thornber Court,E01024893,Burnley 002A,Other theft,Investigation complete; no suspect identified,
6c79190bc62c8166a54e7223c04adfc3eb865f72e9d9e9c5231605aa95c84a6b,2021-06,Lancashire Constabulary,Lancashire Constabulary,-2.228038,53.803386,On or near Thornber Court,E01024893,Burnley 002A,Other theft,Investigation complete; no suspect identified,
c2673315b319ef544c81dbac48ae5616fee2fd2c2f1050285117f8a4b9a8caaa,2021-06,Lancashire Constabulary,Lancashire Constabulary,-2.227116,53.804089,On or near Salus Street,E01024893,Burnley 002A,Possession of weapons,Unable to prosecute suspect,
f911e80c306f49cdb4f6a32c06e61744e94bfef28f5eef661971a9fcef9a8fe2,2021-06,Lancashire Constabulary,Lancashire Constabulary,-2.222098,53.800000,On or near Bancroft Road,E01024893,Burnley 002A,Public order,Unable to prosecute suspect,
fa821ef63e33dda8f9fe4cf2492f210d47d017fdfd89113bb4086ef843fe1df5,2021-06,Lancashire Constabulary,Lancashire Constabulary,-2.228894,53.804382,On or near Haydock Street,E01024893,Burnley 002A,Robbery,Status update unavailable,
ea823c8a53ee08cb4901bc9c4bdda66a9045cbe3ef1d3f98f673234ce242c5e9,2021-06,Lancashire Constabulary,Lancashire Constabulary,-2.227896,53.805247,On or near Eldwick Street,E01024893,Burnley 002A,Violence and sexual offences,Unable to prosecute suspect,
3be7411e6513ad3026ddeb4c5416ca7d554bd7efbc27f157ce899343ffe1ce3c,2021-06,Lancashire Constabulary,Lancashire Constabulary,-2.227393,53.801967,On or near Cleaver Street,E01024893,Burnley 002A,Violence and sexual offences,Unable to prosecute suspect,
5d4712f83fe8c81e20d44e389f9ce66e664ce307c71b877c29767c30ac16f36e,2021-06,Lancashire Constabulary,Lancashire Constabulary,-2.226519,53.803362,On or near Thursby Road,E01024893,Burnley 002A,Violence and sexual offences,Further investigation is not in the public interest,
c68a5fe56270defdb5911b2a408e588981b83a44900580af01fad78d84a1f761,2021-06,Lancashire Constabulary,Lancashire Constabulary,-2.225923,53.802500,On or near Basnett Street,E01024893,Burnley 002A,Violence and sexual offences,Unable to prosecute suspect,
e5d80974580eb90d31f8399d5f50e8b5527f18b4e257e0bb6071563f75a51905,2021-06,Lancashire Constabulary,Lancashire Constabulary,-2.228231,53.805345,On or near Towneley Street,E01024893,Burnley 002A,Violence and sexual offences,Formal action is not in the public interest,
94037596b62eef9668d084b11a57b5b9d87baf0c4b51d3186cd6a65d5a275c76,2021-06,Lancashire Constabulary,Lancashire Constabulary,-2.228231,53.805345,On or near Towneley Street,E01024893,Burnley 002A,Violence and sexual offences,Unable to prosecute suspect,
4ea2d6b37c9a3bd91a97b9ae25d7d218b85f49f6862834d0f68114c444e2ea7c,2021-06,Lancashire Constabulary,Lancashire Constabulary,-2.228038,53.803386,On or near Thornber Court,E01024893,Burnley 002A,Violence and sexual offences,Investigation complete; no suspect identified,
63c8dbe2dc16c1fe808e5d4437947e15d0d292897cf126cb851041d93349ce74,2021-06,Lancashire Constabulary,Lancashire Constabulary,-2.227896,53.805247,On or near Eldwick Street,E01024893,Burnley 002A,Violence and sexual offences,Action to be taken by another organisation,
4b0265c517cf82caa187339ca719d03fc5fe1d25bb5b044361b9242f0bacf4c7,2021-06,Lancashire Constabulary,Lancashire Constabulary,-2.228038,53.803386,On or near Thornber Court,E01024893,Burnley 002A,Violence and sexual offences,Investigation complete; no suspect identified,
f0650142656251a7016c5e93ea395941d6d9d586bca7c3b534e397bc45f771e6,2021-06,Lancashire Constabulary,Lancashire Constabulary,-2.228894,53.804382,On or near Haydock Street,E01024893,Burnley 002A,Violence and sexual offences,Awaiting court outcome,
cea4a9cdc3ce256da8936f9dabac337385b6925317ca4b0f0d5b183bb7152a6d,2021-06,Lancashire Constabulary,Lancashire Constabulary,-2.227641,53.805741,On or near Primrose Street,E01024893,Burnley 002A,Other crime,Unable to prosecute suspect,
,2021-06,Lancashire Constabulary,Lancashire Constabulary,-2.240210,53.807694,On or near Barden Lane,E01024896,Burnley 002B,Anti-social behaviour,,
,2021-06,Lancashire Constabulary,Lancashire Constabulary,-2.240210,53.807694,On or near Barden Lane,E01024896,Burnley 002B,Anti-social behaviour,,
,2021-06,Lancashire Constabulary,Lancashire Constabulary,-2.236980,53.808626,On or near Ruskin Street,E01024896,Burnley 002B,Anti-social behaviour,,
,2021-06,Lancashire Constabulary,Lancashire Constabulary,-2.238511,53.808093,On or near Thirlmere Avenue,E01024896,Burnley 002B,Anti-social behaviour,,
,2021-06,Lancashire Constabulary,Lancashire Constabulary,-2.244776,53.809537,On or near Garswood Close,E01024896,Burnley 002B,Anti-social behaviour,,
,2021-06,Lancashire Constabulary,Lancashire Constabulary,-2.240210,53.807694,On or near Barden Lane,E01024896,Burnley 002B,Anti-social behaviour,,
,2021-06,Lancashire Constabulary,Lancashire Constabulary,-2.247264,53.809109,On or near Lower Mead Drive,E01024896,Burnley 002B,Anti-social behaviour,,
f6cfed49e182226d47840351ae1731a9992358f941fe130303d0189158491401,2021-06,Lancashire Constabulary,Lancashire Constabulary,-2.239528,53.808019,On or near Derwent Avenue,E01024896,Burnley 002B,Burglary,Investigation complete; no suspect identified,
89dccc4e21ff004d7c02c967b922b998ef1c3698acafefec070e85436205be92,2021-06,Lancashire Constabulary,Lancashire Constabulary,-2.238511,53.808093,On or near Thirlmere Avenue,E01024896,Burnley 002B,Violence and sexual offences,Unable to prosecute suspect,
665b5a7f662d335bfcbb6fa676364588133b42c46401f8ee8e9dbe35d5327760,2021-06,Lancashire Constabulary,Lancashire Constabulary,-2.239528,53.808019,On or near Derwent Avenue,E01024896,Burnley 002B,Other crime,Unable to prosecute suspect,
,2021-06,Lancashire Constabulary,Lancashire Constabulary,-2.223709,53.808724,On or near Briercliffe Road,E01024897,Burnley 002C,Anti-social behaviour,,
,2021-06,Lancashire Constabulary,Lancashire Constabulary,-2.234006,53.809028,On or near Shuttleworth Street,E01024897,Burnley 002C,Anti-social behaviour,,
,2021-06,Lancashire Constabulary,Lancashire Constabulary,-2.232385,53.809732,On or near Haldane Street,E01024897,Burnley 002C,Anti-social behaviour,,
,2021-06,Lancashire Constabulary,Lancashire Constabulary,-2.225184,53.809117,On or near Killington Street,E01024897,Burnley 002C,Anti-social behaviour,,
,2021-06,Lancashire Constabulary,Lancashire Constabulary,-2.227395,53.810874,On or near Casterton Avenue,E01024897,Burnley 002C,Anti-social behaviour,,
,2021-06,Lancashire Constabulary,Lancashire Constabulary,-2.232385,53.809732,On or near Haldane Street,E01024897,Burnley 002C,Anti-social behaviour,,
,2021-06,Lancashire Constabulary,Lancashire Constabulary,-2.225184,53.809117,On or near Killington Street,E01024897,Burnley 002C,Anti-social behaviour,,
,2021-06,Lancashire Constabulary,Lancashire Constabulary,-2.231491,53.809994,On or near Ebor Street,E01024897,Burnley 002C,Anti-social behaviour,,
,2021-06,Lancashire Constabulary,Lancashire Constabulary,-2.225516,53.808783,On or near Barbon Street,E01024897,Burnley 002C,Anti-social behaviour,,
,2021-06,Lancashire Constabulary,Lancashire Constabulary,-2.231448,53.810507,On or near Laurier Road,E01024897,Burnley 002C,Anti-social behaviour,,
5ac4130c1c053b2aa178c32abed0d318e81db58c571343dda99d8daf2f056f65,2021-06,Lancashire Constabulary,Lancashire Constabulary,-2.237328,53.811070,On or near Shap Grove,E01024897,Burnley 002C,Burglary,Investigation complete; no suspect identified,
a6bedf1b78062063c4460c7cd386048ecce6006fb928312b21c4db77549ae024,2021-06,Lancashire Constabulary,Lancashire Constabulary,-2.227395,53.810874,On or near Casterton Avenue,E01024897,Burnley 002C,Criminal damage and arson,Unable to prosecute suspect,
99d2e90777f94b68bd1e777056ee28e646fa29be542e2d8fd410625b1dfcdb93,2021-06,Lancashire Constabulary,Lancashire Constabulary,-2.223709,53.808724,On or near Briercliffe Road,E01024897,Burnley 002C,Public order,Unable to prosecute suspect,
83d07698e52d23ab19f3021fa8f1a5270b068f9dc24be5fff46c4a1b23103133,2021-06,Lancashire Constabulary,Lancashire Constabulary,-2.225184,53.809117,On or near Killington Street,E01024897,Burnley 002C,Shoplifting,Status update unavailable,
d711ab90a7a3ca4e5b3bef1a516696c3f832d681a0d48f14448d7ebf8189bd89,2021-06,Lancashire Constabulary,Lancashire Constabulary,-2.225516,53.808783,On or near Barbon Street,E01024897,Burnley 002C,Violence and sexual offences,Further investigation is not in the public interest,
365d5c392d3fcbff3d4f72102734fd2708ed3e21bf1cbdfea2ec92bfcdfba7b3,2021-06,Lancashire Constabulary,Lancashire Constabulary,-2.237328,53.811070,On or near Shap Grove,E01024897,Burnley 002C,Violence and sexual offences,Status update unavailable,
3df4fd410765af91a93c90e54151e82bca7d67fe063285d686bd0f0b03cdcbc9,2021-06,Lancashire Constabulary,Lancashire Constabulary,-2.225184,53.809117,On or near Killington Street,E01024897,Burnley 002C,Violence and sexual offences,Local resolution,
c5d764a3ecf984183003eb3f08ce96457e244edcf9dbcc7b048925991e0f2002,2021-06,Lancashire Constabulary,Lancashire Constabulary,-2.225516,53.808783,On or near Barbon Street,E01024897,Burnley 002C,Violence and sexual offences,Unable to prosecute suspect,
7cd7be52e9b7ad06be1b231e3086b35870a43948d1729fb10d17ac73d795009c,2021-06,Lancashire Constabulary,Lancashire Constabulary,-2.227395,53.810874,On or near Casterton Avenue,E01024897,Burnley 002C,Other crime,Unable to prosecute suspect,
,2021-06,Lancashire Constabulary,Lancashire Constabulary,-2.228815,53.806701,On or near St Cuthbert Street,E01024898,Burnley 002D,Anti-social behaviour,,
,2021-06,Lancashire Constabulary,Lancashire Constabulary,-2.236312,53.808556,On or near Kyan Street,E01024898,Burnley 002D,Anti-social behaviour,,
,2021-06,Lancashire Constabulary,Lancashire Constabulary,-2.229662,53.806115,On or near Towneley Street,E01024898,Burnley 002D,Anti-social behaviour,,
,2021-06,Lancashire Constabulary,Lancashire Constabulary,-2.231259,53.806427,On or near Sharp Street,E01024898,Burnley 002D,Anti-social behaviour,,
,2021-06,Lancashire Constabulary,Lancashire Constabulary,-2.235024,53.809116,On or near Ivan Street,E01024898,Burnley 002D,Anti-social behaviour,,
,2021-06,Lancashire Constabulary,Lancashire Constabulary,-2.234135,53.807634,On or near Colne Road,E01024898,Burnley 002D,Anti-social behaviour,,
,2021-06,Lancashire Constabulary,Lancashire Constabulary,-2.231259,53.806427,On or near Sharp Street,E01024898,Burnley 002D,Anti-social behaviour,,
,2021-06,Lancashire Constabulary,Lancashire Constabulary,-2.232927,53.806037,On or near Martin Street,E01024898,Burnley 002D,Anti-social behaviour,,
,2021-06,Lancashire Constabulary,Lancashire Constabulary,-2.228934,53.806224,On or near Wynotham Street,E01024898,Burnley 002D,Anti-social behaviour,,
,2021-06,Lancashire Constabulary,Lancashire Constabulary,-2.235024,53.809116,On or near Ivan Street,E01024898,Burnley 002D,Anti-social behaviour,,
84aa648cfaed7b39e8dd09f83fa3ae103df78796e3c06da188b8a7a482a03a62,2021-06,Lancashire Constabulary,Lancashire Constabulary,-2.231259,53.806427,On or near Sharp Street,E01024898,Burnley 002D,Burglary,Investigation complete; no suspect identified,
104a4b83e615f05b438fabf4e2cfd174f4029080093987007e23adbe9bd29135,2021-06,Lancashire Constabulary,Lancashire Constabulary,-2.231256,53.805977,On or near Pembroke Street,E01024898,Burnley 002D,Criminal damage and arson,Status update unavailable,
2f0c7b8464a0e61ab2456f6d23237dd2aaa9435d0e328eb07ca70ad13743e684,2021-06,Lancashire Constabulary,Lancashire Constabulary,-2.234274,53.808083,On or near Rosebery Street,E01024898,Burnley 002D,Criminal damage and arson,Court result unavailable,
fff57beac3bbb47fbc60124df0a104326299424365145b0f20cdd95866e3b143,2021-06,Lancashire Constabulary,Lancashire Constabulary,-2.228815,53.806701,On or near St Cuthbert Street,E01024898,Burnley 002D,Criminal damage and arson,Investigation complete; no suspect identified,
90939815426483d494f4b239edabef97abcbedd9dfb15f8ab64af3b8e949dc99,2021-06,Lancashire Constabulary,Lancashire Constabulary,-2.228815,53.806701,On or near St Cuthbert Street,E01024898,Burnley 002D,Criminal damage and arson,Investigation complete; no suspect identified,
4134bff9a60c93b18739de8f58327b249698eedcf35961f1cce82e2e3426a400,2021-06,Lancashire Constabulary,Lancashire Constabulary,-2.228815,53.806701,On or near St Cuthbert Street,E01024898,Burnley 002D,Criminal damage and arson,Investigation complete; no suspect identified,
5af83e0526aa4ba908ab6ad34cd4171abf6a6a0df89df252d65ea8e815e0be09,2021-06,Lancashire Constabulary,Lancashire Constabulary,-2.228815,53.806701,On or near St Cuthbert Street,E01024898,Burnley 002D,Criminal damage and arson,Investigation complete; no suspect identified,
74986625e39f788384950cd4629ca200edad8f08be5cea264cfe5d9519a04852,2021-06,Lancashire Constabulary,Lancashire Constabulary,-2.230040,53.805827,On or near Fraser Street,E01024898,Burnley 002D,Criminal damage and arson,Investigation complete; no suspect identified,
b5708238aa6a2b3aae508136bab565b07818c9b27f2279b421e53a3f1a03177d,2021-06,Lancashire Constabulary,Lancashire Constabulary,-2.231710,53.805671,On or near Walpole Street,E01024898,Burnley 002D,Criminal damage and arson,Investigation complete; no suspect identified,
9c8f290252e52ec2d74c6bb586c000a7d821bdd8e3bdcc5b5defcac6789575d5,2021-06,Lancashire Constabulary,Lancashire Constabulary,-2.228815,53.806701,On or near St Cuthbert Street,E01024898,Burnley 002D,Criminal damage and arson,Investigation complete; no suspect identified,
14508910d9ad3e4216154e66d266c2caf6b5055498f4cd7942c4f604745bff21,2021-06,Lancashire Constabulary,Lancashire Constabulary,-2.236312,53.808556,On or near Kyan Street,E01024898,Burnley 002D,Public order,Further investigation is not in the public interest,
306508961db9b67a081a380d37ede808427f673558a2c431b8fdd212bcf358e7,2021-06,Lancashire Constabulary,Lancashire Constabulary,-2.235021,53.805835,On or near Murray Street,E01024898,Burnley 002D,Public order,Investigation complete; no suspect identified,
362d66740eef0f5f7cff8de8489e7e6ca342092897dab7a5a9cda612288b2a60,2021-06,Lancashire Constabulary,Lancashire Constabulary,-2.231259,53.806427,On or near Sharp Street,E01024898,Burnley 002D,Public order,Investigation complete; no suspect identified,
6525602e1746c896bd19901b36c0f0e6ab22457b2eeaffe6def51d5e9abba53d,2021-06,Lancashire Constabulary,Lancashire Constabulary,-2.228934,53.806224,On or near Wynotham Street,E01024898,Burnley 002D,Public order,Unable to prosecute suspect,
18f5d8472cdc96d38f6c6241c0d5519669ceb159c776e3925bc30c05abc1d255,2021-06,Lancashire Constabulary,Lancashire Constabulary,-2.234770,53.807103,On or near Holmby Street,E01024898,Burnley 002D,Public order,Court result unavailable,
ecaa62a300408bafebcb79a8fb60c196dfa96e60a3cefcc8d28b665f8ef24bdf,2021-06,Lancashire Constabulary,Lancashire Constabulary,-2.236312,53.808556,On or near Kyan Street,E01024898,Burnley 002D,Public order,Further investigation is not in the public interest,
49a5fe7c19f5802c0d129f541a53b2b1d957a30b4aecaf556e3367eab2506f5b,2021-06,Lancashire Constabulary,Lancashire Constabulary,-2.234770,53.807103,On or near Holmby Street,E01024898,Burnley 002D,Public order,Status update unavailable,
359c84ba2d8bb524dd681fec00ababe4ae0cd2a749c6e9cb8bad02a42b4e8b92,2021-06,Lancashire Constabulary,Lancashire Constabulary,-2.231256,53.805977,On or near Pembroke Street,E01024898,Burnley 002D,Public order,Unable to prosecute suspect,
4f3cfa742691dc0ce65dd04f8b4e243f0b35f9975adf3ef9ca734734130df227,2021-06,Lancashire Constabulary,Lancashire Constabulary,-2.229533,53.807365,On or near Hawes Terrace,E01024898,Burnley 002D,Theft from the person,Unable to prosecute suspect,
128123fc60dce03a0acf1093deee3aaddf1bc693e2b7f8db4552e83cc78030e1,2021-06,Lancashire Constabulary,Lancashire Constabulary,-2.234770,53.807103,On or near Holmby Street,E01024898,Burnley 002D,Violence and sexual offences,Unable to prosecute suspect,
eb5445e18f24e62e7eade9915d92fd73deb43feaeff80a18f33539c420cb410a,2021-06,Lancashire Constabulary,Lancashire Constabulary,-2.228934,53.806224,On or near Wynotham Street,E01024898,Burnley 002D,Violence and sexual offences,Unable to prosecute suspect,
f92f6d1bd4b8560bb5b76010d057add1cbc712d01902afe0784ecf8cab6e2cbb,2021-06,Lancashire Constabulary,Lancashire Constabulary,-2.232362,53.808294,On or near Roundel Street,E01024898,Burnley 002D,Violence and sexual offences,Unable to prosecute suspect,
5aaf37e887cf84d7ef3afe0db85398a819f40c0e64daf8363f5f10edeb70b18f,2021-06,Lancashire Constabulary,Lancashire Constabulary,-2.234135,53.807634,On or near Colne Road,E01024898,Burnley 002D,Violence and sexual offences,Unable to prosecute suspect,
087ef987fd43d3e64c524f79df07f3d00b6adb14b14834b3f870d8f479e0175e,2021-06,Lancashire Constabulary,Lancashire Constabulary,-2.234770,53.807103,On or near Holmby Street,E01024898,Burnley 002D,Violence and sexual offences,Court result unavailable,
8fd44bd70c6913bfb1d2ca3e2077005c400c1aa56f13bc42766d43bc2be5bd63,2021-06,Lancashire Constabulary,Lancashire Constabulary,-2.229662,53.806115,On or near Towneley Street,E01024898,Burnley 002D,Violence and sexual offences,Unable to prosecute suspect,
24cfe04b593dabaec901812ae9153ca838a129b50166220ca92b69927b392ff2,2021-06,Lancashire Constabulary,Lancashire Constabulary,-2.228934,53.806224,On or near Wynotham Street,E01024898,Burnley 002D,Violence and sexual offences,Unable to prosecute suspect,
1c45c68f49c4cb8fa3b50d5aad80625427f54975ac6e84e8ca8707a4b925c5eb,2021-06,Lancashire Constabulary,Lancashire Constabulary,-2.229662,53.806115,On or near Towneley Street,E01024898,Burnley 002D,Violence and sexual offences,Unable to prosecute suspect,
e1ea4f075dfc4fa9397b3ff3dd4eec7607fa5a0d047a393be0c07e36cec85563,2021-06,Lancashire Constabulary,Lancashire Constabulary,-2.236312,53.808556,On or near Kyan Street,E01024898,Burnley 002D,Violence and sexual offences,Unable to prosecute suspect,
12198b659cf5407ad44f53fcffee210586a7c471da4429ff2eea2a4e5a4fc4f9,2021-06,Lancashire Constabulary,Lancashire Constabulary,-2.229662,53.806115,On or near Towneley Street,E01024898,Burnley 002D,Violence and sexual offences,Unable to prosecute suspect,
d63cdae1d047ada018df41efc19d25a46810f89f38d7cc12166aaac9e4ac5e1b,2021-06,Lancashire Constabulary,Lancashire Constabulary,-2.236312,53.808556,On or near Kyan Street,E01024898,Burnley 002D,Violence and sexual offences,Unable to prosecute suspect,
bf1933809940696225b43c53bb242a5fabeee273e5fd9d4f3bd02be56a028a23,2021-06,Lancashire Constabulary,Lancashire Constabulary,-2.228815,53.806701,On or near St Cuthbert Street,E01024898,Burnley 002D,Violence and sexual offences,Unable to prosecute suspect,
f870116a450937207a3ccc81eae761372050f996e0598cac1b9aba4cdc11af04,2021-06,Lancashire Constabulary,Lancashire Constabulary,-2.228815,53.806701,On or near St Cuthbert Street,E01024898,Burnley 002D,Violence and sexual offences,Unable to prosecute suspect,
e8cd11126b874f78f8807d1c82614e77df4456398baf179da5f1483aa12947c4,2021-06,Lancashire Constabulary,Lancashire Constabulary,-2.229662,53.806115,On or near Towneley Street,E01024898,Burnley 002D,Violence and sexual offences,Unable to prosecute suspect,
ba307963676a0a28342ea82244ca3fa7283a903db44cc008c2999f801489a6be,2021-06,Lancashire Constabulary,Lancashire Constabulary,-2.233365,53.808400,On or near Soudan Street,E01024898,Burnley 002D,Violence and sexual offences,Unable to prosecute suspect,
9f6b7d2de4429edd97a81a0673500088e3d512d7f839285a3ce5f5b3cd8db70c,2021-06,Lancashire Constabulary,Lancashire Constabulary,-2.231259,53.806427,On or near Sharp Street,E01024898,Burnley 002D,Violence and sexual offences,Status update unavailable,
bbbf74f94c1801fce42f93b98370c53e705ad18e2fd30584333f533d0aa920e5,2021-06,Lancashire Constabulary,Lancashire Constabulary,-2.229662,53.806115,On or near Towneley Street,E01024898,Burnley 002D,Violence and sexual offences,Unable to prosecute suspect,
500029abf2b70c305774397bdc3c4685c1c56c79f595d8c55648f78b2cc66aff,2021-06,Lancashire Constabulary,Lancashire Constabulary,-2.234135,53.807634,On or near Colne Road,E01024898,Burnley 002D,Other crime,Unable to prosecute suspect,
,2021-06,Lancashire Constabulary,Lancashire Constabulary,-2.230513,53.803426,On or near Acre Street,E01024856,Burnley 003A,Anti-social behaviour,,
,2021-06,Lancashire Constabulary,Lancashire Constabulary,-2.229884,53.802187,On or near Claughton Street,E01024856,Burnley 003A,Anti-social behaviour,,
,2021-06,Lancashire Constabulary,Lancashire Constabulary,-2.232141,53.801194,On or near Cleaver Street,E01024856,Burnley 003A,Anti-social behaviour,,
bce30f8efc9d166b18d90db1661afeb7f3bf557c420bc72e3a4eebb35f728488,2021-06,Lancashire Constabulary,Lancashire Constabulary,-2.230513,53.803426,On or near Acre Street,E01024856,Burnley 003A,Burglary,Investigation complete; no suspect identified,
7eccd08f7d60e44b97fa6c0c9c3a4f52af68e3e68e0130e19278e4063f659fb1,2021-06,Lancashire Constabulary,Lancashire Constabulary,-2.230513,53.803426,On or near Acre Street,E01024856,Burnley 003A,Criminal damage and arson,Court result unavailable,
0f3a25b1ba04e5e2efb2b685aacd293062158f99deed0a7426344368c4a21f71,2021-06,Lancashire Constabulary,Lancashire Constabulary,-2.229884,53.802187,On or near Claughton Street,E01024856,Burnley 003A,Criminal damage and arson,Investigation complete; no suspect identified,
b3ca98a9f91f690ccd516fe60b0e9235a8ae7736eec80c388b6beeb9953a612a,2021-06,Lancashire Constabulary,Lancashire Constabulary,-2.229223,53.800786,On or near Vincit Street,E01024856,Burnley 003A,Criminal damage and arson,Investigation complete; no suspect identified,
297afbf70f66931a3bb711ac9e0e6c8a0423c24c501df3fd293f4893d571fb87,2021-06,Lancashire Constabulary,Lancashire Constabulary,-2.231963,53.801967,On or near Swinless Street,E01024856,Burnley 003A,Other theft,Investigation complete; no suspect identified,
5c35edc5cfefc10b710b669dd12543068ef193c0b7158183d67401cc29c77c2a,2021-06,Lancashire Constabulary,Lancashire Constabulary,-2.229884,53.802187,On or near Claughton Street,E01024856,Burnley 003A,Other theft,Investigation complete; no suspect identified,
fd5956faa1c7e8bd6c4aaeece752cdbb3526edd11aa3f4a062fc98376cb255a5,2021-06,Lancashire Constabulary,Lancashire Constabulary,-2.229884,53.802187,On or near Claughton Street,E01024856,Burnley 003A,Robbery,Investigation complete; no suspect identified,
c54565aebc8d054a86939da38b7e58790506267fb843ee5dac0755be0e14d26b,2021-06,Lancashire Constabulary,Lancashire Constabulary,-2.229884,53.802187,On or near Claughton Street,E01024856,Burnley 003A,Violence and sexual offences,Investigation complete; no suspect identified,
6ec3a185dc15bf6539465a89e1444eb2b4bbbeeef48d7ef9b29e9cf8ad09c445,2021-06,Lancashire Constabulary,Lancashire Constabulary,-2.229884,53.802187,On or near Claughton Street,E01024856,Burnley 003A,Violence and sexual offences,Unable to prosecute suspect,
4edc2a9430df445ac818805c0fc814867ee2caaa697a2aed9d809a3f56e11c5c,2021-06,Lancashire Constabulary,Lancashire Constabulary,-2.233320,53.800365,On or near Bromsgrove Road,E01024856,Burnley 003A,Other crime,Further investigation is not in the public interest,
,2021-06,Lancashire Constabulary,Lancashire Constabulary,-2.241284,53.801742,On or near Grey Street,E01024875,Burnley 003B,Anti-social behaviour,,
,2021-06,Lancashire Constabulary,Lancashire Constabulary,-2.242240,53.801677,On or near Milner Street,E01024875,Burnley 003B,Anti-social behaviour,,
598df0c8bf618ce7d85048597b76dda0f01cf4ed8e96eebb4aa88bab603a85ff,2021-06,Lancashire Constabulary,Lancashire Constabulary,-2.241787,53.804716,On or near Birkbeck Way,E01024875,Burnley 003B,Criminal damage and arson,Unable to prosecute suspect,
390bdadafe90cc423dc2a7c5492a7e17e1d4eb09706b152cbf9fa9742c5501eb,2021-06,Lancashire Constabulary,Lancashire Constabulary,-2.240177,53.801951,On or near Abel Street,E01024875,Burnley 003B,Public order,Status update unavailable,
60a5126beec473a19be635052f92437ebc989e6f99d3dfd4ad6a725fbdb09a92,2021-06,Lancashire Constabulary,Lancashire Constabulary,-2.241095,53.803154,On or near Violet Street,E01024875,Burnley 003B,Violence and sexual offences,Status update unavailable,
7eb89b3980ca459a6e67ba5d1fa163b54875c2f5c0fc170ba8bfc3dcb6fcc70c,2021-06,Lancashire Constabulary,Lancashire Constabulary,-2.242652,53.802090,On or near Whalley Street,E01024875,Burnley 003B,Other crime,Unable to prosecute suspect,
,2021-06,Lancashire Constabulary,Lancashire Constabulary,-2.238110,53.798962,On or near Colne Road,E01024876,Burnley 003C,Anti-social behaviour,,
,2021-06,Lancashire Constabulary,Lancashire Constabulary,-2.238229,53.801218,On or near Colville Street,E01024876,Burnley 003C,Anti-social behaviour,,
,2021-06,Lancashire Constabulary,Lancashire Constabulary,-2.240729,53.800359,On or near Old Hall Street,E01024876,Burnley 003C,Anti-social behaviour,,
,2021-06,Lancashire Constabulary,Lancashire Constabulary,-2.238110,53.798962,On or near Colne Road,E01024876,Burnley 003C,Anti-social behaviour,,
,2021-06,Lancashire Constabulary,Lancashire Constabulary,-2.238110,53.798962,On or near Colne Road,E01024876,Burnley 003C,Anti-social behaviour,,
,2021-06,Lancashire Constabulary,Lancashire Constabulary,-2.238110,53.798962,On or near Colne Road,E01024876,Burnley 003C,Anti-social behaviour,,
,2021-06,Lancashire Constabulary,Lancashire Constabulary,-2.239126,53.798663,On or near Hebrew Square,E01024876,Burnley 003C,Anti-social behaviour,,
,2021-06,Lancashire Constabulary,Lancashire Constabulary,-2.237024,53.802856,On or near Bramble Street,E01024876,Burnley 003C,Anti-social behaviour,,
,2021-06,Lancashire Constabulary,Lancashire Constabulary,-2.239618,53.797144,On or near Colne Road,E01024876,Burnley 003C,Anti-social behaviour,,
,2021-06,Lancashire Constabulary,Lancashire Constabulary,-2.239750,53.798968,On or near Bell'S Arcade,E01024876,Burnley 003C,Anti-social behaviour,,
,2021-06,Lancashire Constabulary,Lancashire Constabulary,-2.240729,53.800359,On or near Old Hall Street,E01024876,Burnley 003C,Anti-social behaviour,,
,2021-06,Lancashire Constabulary,Lancashire Constabulary,-2.237378,53.798352,On or near Lawn Street,E01024876,Burnley 003C,Anti-social behaviour,,
,2021-06,Lancashire Constabulary,Lancashire Constabulary,-2.237024,53.802856,On or near Bramble Street,E01024876,Burnley 003C,Anti-social behaviour,,
,2021-06,Lancashire Constabulary,Lancashire Constabulary,-2.238720,53.799365,On or near Lee Street,E01024876,Burnley 003C,Anti-social behaviour,,
,2021-06,Lancashire Constabulary,Lancashire Constabulary,-2.236680,53.801194,On or near Extwistle Street,E01024876,Burnley 003C,Anti-social behaviour,,
3fb233a8ebb3541d05ebd785121431815b66fe8465c4aec925125b9bb4b7dbd6,2021-06,Lancashire Constabulary,Lancashire Constabulary,-2.237378,53.798352,On or near Lawn Street,E01024876,Burnley 003C,Burglary,Investigation complete; no suspect identified,
ad4d86d4331a51656706262ebb9121c59c0028a3504cb0f824937955231ae696,2021-06,Lancashire Constabulary,Lancashire Constabulary,-2.239618,53.797144,On or near Colne Road,E01024876,Burnley 003C,Burglary,Investigation complete; no suspect identified,
e8944e8cb8d321a96c6213a47222ccc94e1d73c55cdf3806262738b7738482c2,2021-06,Lancashire Constabulary,Lancashire Constabulary,-2.239618,53.797144,On or near Colne Road,E01024876,Burnley 003C,Criminal damage and arson,Unable to prosecute suspect,
6e8990f87d282df32c9074611a7187080dbb867583ae4d4d31c87fbbef72f5f1,2021-06,Lancashire Constabulary,Lancashire Constabulary,-2.239224,53.797288,On or near Plantation Street,E01024876,Burnley 003C,Criminal damage and arson,Unable to prosecute suspect,
5c42c26c5483e9c7b8c22180eabf3fe0d1c9d5c82127a2d01739751220a5acae,2021-06,Lancashire Constabulary,Lancashire Constabulary,-2.239618,53.797144,On or near Colne Road,E01024876,Burnley 003C,Criminal damage and arson,Unable to prosecute suspect,
95969d1ae06d034f2b6ed684cf6334d3710e482132c725f71de6a85d5b20e9fc,2021-06,Lancashire Constabulary,Lancashire Constabulary,-2.236680,53.801194,On or near Extwistle Street,E01024876,Burnley 003C,Criminal damage and arson,Investigation complete; no suspect identified,
71d68ade0c33423917eb9d2d6b72ebccad1026e6f04236c9f4da7451850eb956,2021-06,Lancashire Constabulary,Lancashire Constabulary,-2.238720,53.799365,On or near Lee Street,E01024876,Burnley 003C,Drugs,Court result unavailable,
e647de6e51e73b946a1595815c0da00ac636412d31cc1747bf0c25f11181af60,2021-06,Lancashire Constabulary,Lancashire Constabulary,-2.241240,53.799441,On or near Travis Street,E01024876,Burnley 003C,Other theft,Investigation complete; no suspect identified,
f3ab9a7786f2fa4f9231ddf2837b87e75c686f9dcf36763b96481d6c3e6827fc,2021-06,Lancashire Constabulary,Lancashire Constabulary,-2.237378,53.798352,On or near Lawn Street,E01024876,Burnley 003C,Public order,Investigation complete; no suspect identified,
e73315d8191a27da38dbc489b113fdc4ab8eea2635b99136a1a580547f4ca137,2021-06,Lancashire Constabulary,Lancashire Constabulary,-2.239618,53.797144,On or near Colne Road,E01024876,Burnley 003C,Theft from the person,Status update unavailable,
68112e6481066584deaf8fd28515e327f18ccb6d92a4e6b8b3b1ff813d66eabb,2021-06,Lancashire Constabulary,Lancashire Constabulary,-2.237024,53.802856,On or near Bramble Street,E01024876,Burnley 003C,Violence and sexual offences,Further investigation is not in the public interest,
405a98a3adf9db55bfde624a65fcc5c4d83554cf8d1bf98285149c1b016ed43a,2021-06,Lancashire Constabulary,Lancashire Constabulary,-2.240729,53.800359,On or near Old Hall Street,E01024876,Burnley 003C,Violence and sexual offences,Status update unavailable,
2229e10feeb223b58bb3bd878ee1abb273e3dbaf79f3fbdce6e475727ffa677f,2021-06,Lancashire Constabulary,Lancashire Constabulary,-2.241266,53.798587,On or near Clegg Street,E01024876,Burnley 003C,Violence and sexual offences,Unable to prosecute suspect,
8e86c9b647fc43be7a665a01eb07a302d73e0b91e83dc0a31496dbc6eaccf50c,2021-06,Lancashire Constabulary,Lancashire Constabulary,-2.241266,53.798587,On or near Clegg Street,E01024876,Burnley 003C,Violence and sexual offences,Unable to prosecute suspect,
63c57d28d71044896713e03dd94278025bd82f27bff92cf2d705121d4fcdbabd,2021-06,Lancashire Constabulary,Lancashire Constabulary,-2.239618,53.797144,On or near Colne Road,E01024876,Burnley 003C,Violence and sexual offences,Unable to prosecute suspect,
1aa325b17e1f3c395f68f3672efdf25a01950b3f95ff1156fbfc26bbffacd229,2021-06,Lancashire Constabulary,Lancashire Constabulary,-2.240729,53.800359,On or near Old Hall Street,E01024876,Burnley 003C,Violence and sexual offences,Unable to prosecute suspect,
4f0e8d0fd86a90cecd3b6cb3b6acaee20a45c2e540f3d3250eb62389e65a6b44,2021-06,Lancashire Constabulary,Lancashire Constabulary,-2.237024,53.802856,On or near Bramble Street,E01024876,Burnley 003C,Violence and sexual offences,Unable to prosecute suspect,
7bfc948a00ee73422ad5168eecf4d47d1b47d0ef3cc69b40b53e6f2c666cdd06,2021-06,Lancashire Constabulary,Lancashire Constabulary,-2.237378,53.798352,On or near Lawn Street,E01024876,Burnley 003C,Violence and sexual offences,Unable to prosecute suspect,
,2021-06,Lancashire Constabulary,Lancashire Constabulary,-2.241433,53.787999,On or near Red Lion Street,E01024877,Burnley 003D,Anti-social behaviour,,
,2021-06,Lancashire Constabulary,Lancashire Constabulary,-2.243867,53.789064,On or near St James'S Lane,E01024877,Burnley 003D,Anti-social behaviour,,
,2021-06,Lancashire Constabulary,Lancashire Constabulary,-2.245170,53.796314,On or near Burns Street,E01024877,Burnley 003D,Anti-social behaviour,,
,2021-06,Lancashire Constabulary,Lancashire Constabulary,-2.244535,53.789044,On or near Coal Street,E01024877,Burnley 003D,Anti-social behaviour,,
,2021-06,Lancashire Constabulary,Lancashire Constabulary,-2.241433,53.787999,On or near Red Lion Street,E01024877,Burnley 003D,Anti-social behaviour,,
,2021-06,Lancashire Constabulary,Lancashire Constabulary,-2.244840,53.789304,On or near Paradise Street,E01024877,Burnley 003D,Anti-social behaviour,,
,2021-06,Lancashire Constabulary,Lancashire Constabulary,-2.244072,53.787742,On or near Manchester Road,E01024877,Burnley 003D,Anti-social behaviour,,
,2021-06,Lancashire Constabulary,Lancashire Constabulary,-2.241433,53.787999,On or near Red Lion Street,E01024877,Burnley 003D,Anti-social behaviour,,
,2021-06,Lancashire Constabulary,Lancashire Constabulary,-2.245104,53.790203,On or near Shopping Area,E01024877,Burnley 003D,Anti-social behaviour,,
,2021-06,Lancashire Constabulary,Lancashire Constabulary,-2.245170,53.796314,On or near Burns Street,E01024877,Burnley 003D,Anti-social behaviour,,
,2021-06,Lancashire Constabulary,Lancashire Constabulary,-2.246892,53.789714,On or near St James'S Street,E01024877,Burnley 003D,Anti-social behaviour,,
,2021-06,Lancashire Constabulary,Lancashire Constabulary,-2.245907,53.789985,On or near Nightclub,E01024877,Burnley 003D,Anti-social behaviour,,
,2021-06,Lancashire Constabulary,Lancashire Constabulary,-2.243638,53.788732,On or near Bull Street,E01024877,Burnley 003D,Anti-social behaviour,,
,2021-06,Lancashire Constabulary,Lancashire Constabulary,-2.245946,53.796627,On or near Belford Street,E01024877,Burnley 003D,Anti-social behaviour,,
,2021-06,Lancashire Constabulary,Lancashire Constabulary,-2.245170,53.796314,On or near Burns Street,E01024877,Burnley 003D,Anti-social behaviour,,
,2021-06,Lancashire Constabulary,Lancashire Constabulary,-2.242802,53.796427,On or near Cronkshaw Street,E01024877,Burnley 003D,Anti-social behaviour,,
,2021-06,Lancashire Constabulary,Lancashire Constabulary,-2.240194,53.789080,On or near Shopping Area,E01024877,Burnley 003D,Anti-social behaviour,,
,2021-06,Lancashire Constabulary,Lancashire Constabulary,-2.240834,53.789465,On or near Hall Street,E01024877,Burnley 003D,Anti-social behaviour,,
,2021-06,Lancashire Constabulary,Lancashire Constabulary,-2.240712,53.786679,On or near Centenary Way,E01024877,Burnley 003D,Anti-social behaviour,,
,2021-06,Lancashire Constabulary,Lancashire Constabulary,-2.239348,53.789702,On or near Keirby Walk,E01024877,Burnley 003D,Anti-social behaviour,,
,2021-06,Lancashire Constabulary,Lancashire Constabulary,-2.240194,53.789080,On or near Shopping Area,E01024877,Burnley 003D,Anti-social behaviour,,
,2021-06,Lancashire Constabulary,Lancashire Constabulary,-2.240712,53.786679,On or near Centenary Way,E01024877,Burnley 003D,Anti-social behaviour,,
,2021-06,Lancashire Constabulary,Lancashire Constabulary,-2.240712,53.786679,On or near Centenary Way,E01024877,Burnley 003D,Anti-social behaviour,,
,2021-06,Lancashire Constabulary,Lancashire Constabulary,-2.242932,53.787385,On or near Thomas Street,E01024877,Burnley 003D,Anti-social behaviour,,
,2021-06,Lancashire Constabulary,Lancashire Constabulary,-2.241886,53.790254,On or near Bridge Street,E01024877,Burnley 003D,Anti-social behaviour,,
,2021-06,Lancashire Constabulary,Lancashire Constabulary,-2.240712,53.786679,On or near Centenary Way,E01024877,Burnley 003D,Anti-social behaviour,,
,2021-06,Lancashire Constabulary,Lancashire Constabulary,-2.240712,53.786679,On or near Centenary Way,E01024877,Burnley 003D,Anti-social behaviour,,
,2021-06,Lancashire Constabulary,Lancashire Constabulary,-2.243867,53.789064,On or near St James'S Lane,E01024877,Burnley 003D,Anti-social behaviour,,
,2021-06,Lancashire Constabulary,Lancashire Constabulary,-2.242846,53.788221,On or near Dugdale Street,E01024877,Burnley 003D,Anti-social behaviour,,
,2021-06,Lancashire Constabulary,Lancashire Constabulary,-2.243308,53.797370,On or near Saxon Street,E01024877,Burnley 003D,Anti-social behaviour,,
,2021-06,Lancashire Constabulary,Lancashire Constabulary,-2.239348,53.789702,On or near Keirby Walk,E01024877,Burnley 003D,Anti-social behaviour,,
,2021-06,Lancashire Constabulary,Lancashire Constabulary,-2.240712,53.786679,On or near Centenary Way,E01024877,Burnley 003D,Anti-social behaviour,,
,2021-06,Lancashire Constabulary,Lancashire Constabulary,-2.243308,53.797370,On or near Saxon Street,E01024877,Burnley 003D,Anti-social behaviour,,
,2021-06,Lancashire Constabulary,Lancashire Constabulary,-2.242932,53.787385,On or near Thomas Street,E01024877,Burnley 003D,Anti-social behaviour,,
,2021-06,Lancashire Constabulary,Lancashire Constabulary,-2.245809,53.788844,On or near Hammerton Street,E01024877,Burnley 003D,Anti-social behaviour,,
,2021-06,Lancashire Constabulary,Lancashire Constabulary,-2.246980,53.789309,On or near Parking Area,E01024877,Burnley 003D,Anti-social behaviour,,
,2021-06,Lancashire Constabulary,Lancashire Constabulary,-2.245809,53.788844,On or near Hammerton Street,E01024877,Burnley 003D,Anti-social behaviour,,
,2021-06,Lancashire Constabulary,Lancashire Constabulary,-2.240712,53.786679,On or near Centenary Way,E01024877,Burnley 003D,Anti-social behaviour,,
,2021-06,Lancashire Constabulary,Lancashire Constabulary,-2.240712,53.786679,On or near Centenary Way,E01024877,Burnley 003D,Anti-social behaviour,,
,2021-06,Lancashire Constabulary,Lancashire Constabulary,-2.246980,53.789309,On or near Parking Area,E01024877,Burnley 003D,Anti-social behaviour,,
,2021-06,Lancashire Constabulary,Lancashire Constabulary,-2.241433,53.787999,On or near Red Lion Street,E01024877,Burnley 003D,Anti-social behaviour,,
,2021-06,Lancashire Constabulary,Lancashire Constabulary,-2.239348,53.789702,On or near Keirby Walk,E01024877,Burnley 003D,Anti-social behaviour,,
,2021-06,Lancashire Constabulary,Lancashire Constabulary,-2.242964,53.787771,On or near Nicholas Street,E01024877,Burnley 003D,Anti-social behaviour,,
,2021-06,Lancashire Constabulary,Lancashire Constabulary,-2.240194,53.789080,On or near Shopping Area,E01024877,Burnley 003D,Anti-social behaviour,,
,2021-06,Lancashire Constabulary,Lancashire Constabulary,-2.241886,53.790254,On or near Bridge Street,E01024877,Burnley 003D,Anti-social behaviour,,
,2021-06,Lancashire Constabulary,Lancashire Constabulary,-2.243308,53.797370,On or near Saxon Street,E01024877,Burnley 003D,Anti-social behaviour,,
,2021-06,Lancashire Constabulary,Lancashire Constabulary,-2.245907,53.789985,On or near Nightclub,E01024877,Burnley 003D,Anti-social behaviour,,
,2021-06,Lancashire Constabulary,Lancashire Constabulary,-2.244720,53.792172,On or near Active Way,E01024877,Burnley 003D,Anti-social behaviour,,
,2021-06,Lancashire Constabulary,Lancashire Constabulary,-2.247004,53.795888,On or near Belgrave Street,E01024877,Burnley 003D,Anti-social behaviour,,
,2021-06,Lancashire Constabulary,Lancashire Constabulary,-2.240712,53.786679,On or near Centenary Way,E01024877,Burnley 003D,Anti-social behaviour,,
,2021-06,Lancashire Constabulary,Lancashire Constabulary,-2.241433,53.787999,On or near Red Lion Street,E01024877,Burnley 003D,Anti-social behaviour,,
,2021-06,Lancashire Constabulary,Lancashire Constabulary,-2.240085,53.788496,On or near Croft Street,E01024877,Burnley 003D,Anti-social behaviour,,
,2021-06,Lancashire Constabulary,Lancashire Constabulary,-2.246980,53.789309,On or near Parking Area,E01024877,Burnley 003D,Anti-social behaviour,,
,2021-06,Lancashire Constabulary,Lancashire Constabulary,-2.240712,53.786679,On or near Centenary Way,E01024877,Burnley 003D,Anti-social behaviour,,
,2021-06,Lancashire Constabulary,Lancashire Constabulary,-2.245170,53.796314,On or near Burns Street,E01024877,Burnley 003D,Anti-social behaviour,,
,2021-06,Lancashire Constabulary,Lancashire Constabulary,-2.245104,53.790203,On or near Shopping Area,E01024877,Burnley 003D,Anti-social behaviour,,
,2021-06,Lancashire Constabulary,Lancashire Constabulary,-2.244840,53.789304,On or near Paradise Street,E01024877,Burnley 003D,Anti-social behaviour,,
,2021-06,Lancashire Constabulary,Lancashire Constabulary,-2.242932,53.787385,On or near Thomas Street,E01024877,Burnley 003D,Anti-social behaviour,,
,2021-06,Lancashire Constabulary,Lancashire Constabulary,-2.240712,53.786679,On or near Centenary Way,E01024877,Burnley 003D,Anti-social behaviour,,
,2021-06,Lancashire Constabulary,Lancashire Constabulary,-2.240712,53.786679,On or near Centenary Way,E01024877,Burnley 003D,Anti-social behaviour,,
,2021-06,Lancashire Constabulary,Lancashire Constabulary,-2.244382,53.788748,On or near St James'S Row,E01024877,Burnley 003D,Anti-social behaviour,,
e2eb6d8c93180f3245e4c345c2c07adfab58880572af46a94e4092ab9ea45203,2021-06,Lancashire Constabulary,Lancashire Constabulary,-2.243916,53.792147,On or near Bankhouse Street,E01024877,Burnley 003D,Burglary,Status update unavailable,
5fd3cf957ff7cb00b86247ff27b02b612a636d19efdfbf68f50354cb55b4d66a,2021-06,Lancashire Constabulary,Lancashire Constabulary,-2.243194,53.790656,On or near Bankfield,E01024877,Burnley 003D,Burglary,Investigation complete; no suspect identified,
eb19d707d33e92be9b5cd0226aaa35f5a2b2a78e028e70a36189d4500fa9fed5,2021-06,Lancashire Constabulary,Lancashire Constabulary,-2.243194,53.790656,On or near Bankfield,E01024877,Burnley 003D,Burglary,Offender given a caution,
96f68c9ae7c24b54999fc82e9ebb796c601d41dfe79a1ff270d52ad6f7c6e2f8,2021-06,Lancashire Constabulary,Lancashire Constabulary,-2.244840,53.789304,On or near Paradise Street,E01024877,Burnley 003D,Criminal damage and arson,Local resolution,
de65818e290bb9bad5afe6f6d9e30ba6d0ac47e0dc89ee93eca9e39d0ccefe2d,2021-06,Lancashire Constabulary,Lancashire Constabulary,-2.244720,53.792172,On or near Active Way,E01024877,Burnley 003D,Criminal damage and arson,Status update unavailable,
bb5709b1bafe991fe4e4c9ff309980c12f9792b2b6e6bd868d73448236a31a60,2021-06,Lancashire Constabulary,Lancashire Constabulary,-2.245170,53.796314,On or near Burns Street,E01024877,Burnley 003D,Criminal damage and arson,Investigation complete; no suspect identified,
a7bcece95406a861314ed30dd404b976f16292a65ddc3f6e838b4b16701f14e4,2021-06,Lancashire Constabulary,Lancashire Constabulary,-2.244474,53.796855,On or near Throstle Close,E01024877,Burnley 003D,Criminal damage and arson,Unable to prosecute suspect,
5be3c355b39fd6c141b2eb65e6f990297936097f8d5674596c7a0f6267d8d86b,2021-06,Lancashire Constabulary,Lancashire Constabulary,-2.244720,53.792172,On or near Active Way,E01024877,Burnley 003D,Criminal damage and arson,Investigation complete; no suspect identified,
449a45352373b80a983627205191e034db42f4f3a1bef97163aad50049e5e4bc,2021-06,Lancashire Constabulary,Lancashire Constabulary,-2.241886,53.790254,On or near Bridge Street,E01024877,Burnley 003D,Criminal damage and arson,Investigation complete; no suspect identified,
ec6b9441b1dfe2a5f44d2a36dc94fc6d632dfc587ab421bd36840bbe85c241bf,2021-06,Lancashire Constabulary,Lancashire Constabulary,-2.245170,53.796314,On or near Burns Street,E01024877,Burnley 003D,Criminal damage and arson,Investigation complete; no suspect identified,
d7929835cca5d4cd2c2b4c88e9e6d00aa3012faf0fc811ea5db14ed32a43bc4b,2021-06,Lancashire Constabulary,Lancashire Constabulary,-2.242151,53.791539,On or near Kingsway,E01024877,Burnley 003D,Criminal damage and arson,Status update unavailable,
6c312c02dff7a06718870d48bd0adf304ed120737069d62adee0af9d5bf5cfcc,2021-06,Lancashire Constabulary,Lancashire Constabulary,-2.242932,53.787385,On or near Thomas Street,E01024877,Burnley 003D,Criminal damage and arson,Investigation complete; no suspect identified,
bfad3849c62abaf4edfb028bc0d07ba4f2fea02d10fd1be1324273732be369d0,2021-06,Lancashire Constabulary,Lancashire Constabulary,-2.242932,53.787385,On or near Thomas Street,E01024877,Burnley 003D,Criminal damage and arson,Unable to prosecute suspect,
de4e6a6fb0a89cae260d17bba3cbc04f3f84c3f06d790add3eb083710b7e2eb6,2021-06,Lancashire Constabulary,Lancashire Constabulary,-2.241886,53.790254,On or near Bridge Street,E01024877,Burnley 003D,Criminal damage and arson,Status update unavailable,
e399ce75195a41a6da84609db2183459c445decba2d45ab21d49de6e7a7c238d,2021-06,Lancashire Constabulary,Lancashire Constabulary,-2.242151,53.791539,On or near Kingsway,E01024877,Burnley 003D,Criminal damage and arson,Status update unavailable,
f1101863802958183e1c6a5d698d2b169c88201c2ab06bc30c3a675bf9edda36,2021-06,Lancashire Constabulary,Lancashire Constabulary,-2.247004,53.795888,On or near Belgrave Street,E01024877,Burnley 003D,Drugs,Unable to prosecute suspect,
ed11096e4032b89796fda93cae78d8629ec5c47fd8a48506c1b01c97df35082c,2021-06,Lancashire Constabulary,Lancashire Constabulary,-2.247004,53.795888,On or near Belgrave Street,E01024877,Burnley 003D,Drugs,Court result unavailable,
0e242be49b7c120163070dd8f90465272c8f0e5179c8aeece12a765884718187,2021-06,Lancashire Constabulary,Lancashire Constabulary,-2.244072,53.787742,On or near Manchester Road,E01024877,Burnley 003D,Other theft,Further investigation is not in the public interest,
761c44180d1ba5513ec1c591f937851302f31155f82d79a16d6efd3a06dc61fd,2021-06,Lancashire Constabulary,Lancashire Constabulary,-2.239348,53.789702,On or near Keirby Walk,E01024877,Burnley 003D,Other theft,Investigation complete; no suspect identified,
3a782f26706f48217c9e19506990a7e7a2c8833faa82b70e1f7993be8355d9ad,2021-06,Lancashire Constabulary,Lancashire Constabulary,-2.240712,53.786679,On or near Centenary Way,E01024877,Burnley 003D,Other theft,Unable to prosecute suspect,
599043471de4acbefff5057d33dcf540fefcaccc390eab6901383be9b6688141,2021-06,Lancashire Constabulary,Lancashire Constabulary,-2.240712,53.786679,On or near Centenary Way,E01024877,Burnley 003D,Other theft,Status update unavailable,
8039bbb66788aa2bb9a886d401f978328904e2a53d238f7bd59c529325ba34f2,2021-06,Lancashire Constabulary,Lancashire Constabulary,-2.239348,53.789702,On or near Keirby Walk,E01024877,Burnley 003D,Other theft,Investigation complete; no suspect identified,
2250f76f6f8c1217c2c898f9558dc6667a36b2478c055be8e348f25bd54b65a0,2021-06,Lancashire Constabulary,Lancashire Constabulary,-2.245170,53.796314,On or near Burns Street,E01024877,Burnley 003D,Other theft,Unable to prosecute suspect,
375350c2bba4436837975fba016499d036314dc8441c3b5a213f415ff7c18549,2021-06,Lancashire Constabulary,Lancashire Constabulary,-2.245170,53.796314,On or near Burns Street,E01024877,Burnley 003D,Other theft,Status update unavailable,
bf3d2f19f89216b1cf8cc414e0af23a3b55306afb632f26cafca6741d7be7fce,2021-06,Lancashire Constabulary,Lancashire Constabulary,-2.241324,53.790291,On or near Parking Area,E01024877,Burnley 003D,Possession of weapons,Court result unavailable,
a1fd7a3f67039f50bd40f62f6454cdc9f46c4a9c32abb7a941770809c2885026,2021-06,Lancashire Constabulary,Lancashire Constabulary,-2.247004,53.795888,On or near Belgrave Street,E01024877,Burnley 003D,Public order,Unable to prosecute suspect,
5158d3624ad12cd6b3c859e3e186459189f02cd3b0992c5500e92b013fcd3ac7,2021-06,Lancashire Constabulary,Lancashire Constabulary,-2.240194,53.789080,On or near Shopping Area,E01024877,Burnley 003D,Public order,Unable to prosecute suspect,
b8f6c1988e3a2ada1ba38ff377d4e63e7d46fa1068e6559f185cb99996ffc343,2021-06,Lancashire Constabulary,Lancashire Constabulary,-2.242932,53.787385,On or near Thomas Street,E01024877,Burnley 003D,Public order,Unable to prosecute suspect,
1318bf28bf49681c25cfedc2cd5bd835b376118e64fdc1172403d24e288c3a9e,2021-06,Lancashire Constabulary,Lancashire Constabulary,-2.240712,53.786679,On or near Centenary Way,E01024877,Burnley 003D,Public order,Status update unavailable,
c601681f5ba49f72f5a65ff0912eeab5badee28889c62b66fbe85d9e9c344f8a,2021-06,Lancashire Constabulary,Lancashire Constabulary,-2.241886,53.790254,On or near Bridge Street,E01024877,Burnley 003D,Public order,Unable to prosecute suspect,
0a8fc2b100bfbd15593b188eb3c18639accf0a839ef73560dc76472254e64e64,2021-06,Lancashire Constabulary,Lancashire Constabulary,-2.245809,53.788844,On or near Hammerton Street,E01024877,Burnley 003D,Public order,Court result unavailable,
028bbb5a21d79523970df99beec9159fe2d303e6a77f511a9439312ae5d48492,2021-06,Lancashire Constabulary,Lancashire Constabulary,-2.245809,53.788844,On or near Hammerton Street,E01024877,Burnley 003D,Public order,Court result unavailable,
db3c895ce5398bd786638d68225f5d82172f7437d3c1bd1aec5de4ca6e9902b5,2021-06,Lancashire Constabulary,Lancashire Constabulary,-2.246892,53.789714,On or near St James'S Street,E01024877,Burnley 003D,Public order,Further action is not in the public interest,
94dfc78386e4826e233299f87bb76caae64c1815b40488ff3bc4d578f9b820bc,2021-06,Lancashire Constabulary,Lancashire Constabulary,-2.245809,53.788844,On or near Hammerton Street,E01024877,Burnley 003D,Public order,Unable to prosecute suspect,
82c1fd81d792805f40deb4ceaca17afa649daf80b6fa39703bead20c95adced0,2021-06,Lancashire Constabulary,Lancashire Constabulary,-2.241886,53.790254,On or near Bridge Street,E01024877,Burnley 003D,Public order,Unable to prosecute suspect,
ad3f87f4cc29efb6e84d2b6d80a2386d4735188db693e25b4408056cccbde9f7,2021-06,Lancashire Constabulary,Lancashire Constabulary,-2.240085,53.788496,On or near Croft Street,E01024877,Burnley 003D,Public order,Court result unavailable,
af69886738280d6a955c87d39a0332ce8ddc9dd5c16221619e8a133928ba8c28,2021-06,Lancashire Constabulary,Lancashire Constabulary,-2.244382,53.788748,On or near St James'S Row,E01024877,Burnley 003D,Public order,Unable to prosecute suspect,
759bab36e488813a57f92e1f29b6263941cb273e35c2966710d16078755d85c4,2021-06,Lancashire Constabulary,Lancashire Constabulary,-2.245809,53.788844,On or near Hammerton Street,E01024877,Burnley 003D,Public order,Unable to prosecute suspect,
7c5470f685dec9a37008df664331f9c9d603cc5edc2ac54675c38d3221d631b4,2021-06,Lancashire Constabulary,Lancashire Constabulary,-2.240194,53.789080,On or near Shopping Area,E01024877,Burnley 003D,Public order,Unable to prosecute suspect,
ba6ef54c9ed357d4c870e89c41af343f00262e31df1ef1c7a66e87976f03982c,2021-06,Lancashire Constabulary,Lancashire Constabulary,-2.243308,53.797370,On or near Saxon Street,E01024877,Burnley 003D,Public order,Unable to prosecute suspect,
6de63eb7550f69dffe7addc06e4a89cf5751ec420e40e8e855b445073c290190,2021-06,Lancashire Constabulary,Lancashire Constabulary,-2.242932,53.787385,On or near Thomas Street,E01024877,Burnley 003D,Public order,Status update unavailable,
ee5f1624a3e19d0faf3b524e0a8f7ac2e0bb2d38a7c84e7b73e25f8caec67f42,2021-06,Lancashire Constabulary,Lancashire Constabulary,-2.245104,53.790203,On or near Shopping Area,E01024877,Burnley 003D,Shoplifting,Court result unavailable,
de8e89be72eb6d8cf33616a64673fe68808bd03bd015bbfc24073f4513b24fc3,2021-06,Lancashire Constabulary,Lancashire Constabulary,-2.245104,53.790203,On or near Shopping Area,E01024877,Burnley 003D,Shoplifting,Status update unavailable,
7da302e2667abedab3754e60d265e7968081bbcbfede030b850d3d3c82fa92fd,2021-06,Lancashire Constabulary,Lancashire Constabulary,-2.241625,53.789814,On or near Parking Area,E01024877,Burnley 003D,Shoplifting,Court result unavailable,
793da4d706218d13ee3c3b8d99d14bf85240fa5092369ac2624754495af170ee,2021-06,Lancashire Constabulary,Lancashire Constabulary,-2.245104,53.790203,On or near Shopping Area,E01024877,Burnley 003D,Shoplifting,Court result unavailable,
931d2ef17e88b9f92f6f7172764aaa36f2005c601890c0422480f8a7701703cb,2021-06,Lancashire Constabulary,Lancashire Constabulary,-2.239348,53.789702,On or near Keirby Walk,E01024877,Burnley 003D,Shoplifting,Court result unavailable,
eef4c39934f2829557c5f0e85253ab0fb2c9f64ca3b3466ce724174632a58767,2021-06,Lancashire Constabulary,Lancashire Constabulary,-2.240712,53.786679,On or near Centenary Way,E01024877,Burnley 003D,Shoplifting,Status update unavailable,
d4dd7122a32b13a94c9c74c2c2559b5f2069a9986c723195cdf827ec525a225c,2021-06,Lancashire Constabulary,Lancashire Constabulary,-2.245104,53.790203,On or near Shopping Area,E01024877,Burnley 003D,Shoplifting,Court result unavailable,
837089c549aaaab068485d19b93396c6b4bb3511b67ff1cf03a479c0d6acc211,2021-06,Lancashire Constabulary,Lancashire Constabulary,-2.245104,53.790203,On or near Shopping Area,E01024877,Burnley 003D,Shoplifting,Status update unavailable,
32a21a321058eb235a9d5ed9ad4835b3009cd8a0b2f25299d5512f0c0a46a9b6,2021-06,Lancashire Constabulary,Lancashire Constabulary,-2.245104,53.790203,On or near Shopping Area,E01024877,Burnley 003D,Shoplifting,Status update unavailable,
9cda5751c156ee2f2a1520d16ec3b0022c914bf6ffd9f28045e85a1c4a384ce8,2021-06,Lancashire Constabulary,Lancashire Constabulary,-2.245104,53.790203,On or near Shopping Area,E01024877,Burnley 003D,Shoplifting,Status update unavailable,
3ed0b7b97b86c14b41d1db81b4317d479804445589e93a74326f2ec1c9fd39a7,2021-06,Lancashire Constabulary,Lancashire Constabulary,-2.239348,53.789702,On or near Keirby Walk,E01024877,Burnley 003D,Shoplifting,Status update unavailable,
30fc041661e64b62b33b73208cc4a8b180d3d217bcaa3aabcb5d4c1a9b453b9f,2021-06,Lancashire Constabulary,Lancashire Constabulary,-2.240712,53.786679,On or near Centenary Way,E01024877,Burnley 003D,Shoplifting,Status update unavailable,
19b52bed2b4af6d4929750537c3bc22f1f314b34c64b315170354b0164b5db45,2021-06,Lancashire Constabulary,Lancashire Constabulary,-2.240194,53.789080,On or near Shopping Area,E01024877,Burnley 003D,Shoplifting,Status update unavailable,
f88b7a6fbe330ea37d50d1d4be9f5494bec028acf0f2e3e978768e04687ff744,2021-06,Lancashire Constabulary,Lancashire Constabulary,-2.245104,53.790203,On or near Shopping Area,E01024877,Burnley 003D,Shoplifting,Status update unavailable,
cb3806ca8068b7bbbcc5241b11a95599186df788b35a167121fd4028b22a2eeb,2021-06,Lancashire Constabulary,Lancashire Constabulary,-2.245170,53.796314,On or near Burns Street,E01024877,Burnley 003D,Shoplifting,Status update unavailable,
c9a6bcd4be7529ef4fa74b879db46d297416118461db16a0bef528103c9aa5df,2021-06,Lancashire Constabulary,Lancashire Constabulary,-2.239348,53.789702,On or near Keirby Walk,E01024877,Burnley 003D,Shoplifting,Status update unavailable,
350d835b845832ccbd4699dc023a623c38d5fa5b1ff25282fbfb946401a24500,2021-06,Lancashire Constabulary,Lancashire Constabulary,-2.241625,53.789814,On or near Parking Area,E01024877,Burnley 003D,Shoplifting,Status update unavailable,
ef08853077597c86e1d1321280dcc89f259973b03bead5c15aa76ee563107f12,2021-06,Lancashire Constabulary,Lancashire Constabulary,-2.239348,53.789702,On or near Keirby Walk,E01024877,Burnley 003D,Shoplifting,Status update unavailable,
0dc1bb994ddf880ce150ff6b85043cbedaca0366ca4fca29f83cb6187f6c9143,2021-06,Lancashire Constabulary,Lancashire Constabulary,-2.243916,53.792147,On or near Bankhouse Street,E01024877,Burnley 003D,Shoplifting,Court result unavailable,
0b14c766d84ed0991b6e05277999205899f7631ef84c75c9d2090edb9bc2b9dd,2021-06,Lancashire Constabulary,Lancashire Constabulary,-2.241625,53.789814,On or near Parking Area,E01024877,Burnley 003D,Shoplifting,Status update unavailable,
c9cf864de0d82ee82c6186aa6ced85721a1e6838c0d4e4721a6c4a671897ded7,2021-06,Lancashire Constabulary,Lancashire Constabulary,-2.243867,53.789064,On or near St James'S Lane,E01024877,Burnley 003D,Shoplifting,Investigation complete; no suspect identified,
a0dea3d6d5ecee1fa9d48a93d1520d4786e451a31073a2474524a84976aa7be7,2021-06,Lancashire Constabulary,Lancashire Constabulary,-2.245809,53.788844,On or near Hammerton Street,E01024877,Burnley 003D,Theft from the person,Investigation complete; no suspect identified,
632cccbac395657d2a975022d182d8064c7f63ab151041fddeb44e09c354ed71,2021-06,Lancashire Constabulary,Lancashire Constabulary,-2.243194,53.790656,On or near Bankfield,E01024877,Burnley 003D,Vehicle crime,Investigation complete; no suspect identified,
3188e1ee5ab4587dbfc22d1dc127a7b804133c7013a416567eb3cfdb58bf62c0,2021-06,Lancashire Constabulary,Lancashire Constabulary,-2.246387,53.788978,On or near Parking Area,E01024877,Burnley 003D,Vehicle crime,Court result unavailable,
952e0066fa2a48047bcc5d0f9230edbc643a3d59af7f1a8ae7088de6025190cb,2021-06,Lancashire Constabulary,Lancashire Constabulary,-2.243638,53.788732,On or near Bull Street,E01024877,Burnley 003D,Violence and sexual offences,Status update unavailable,
6a8bf54a13fe7245195f639c879dacae2807a35a27725216c1facb9ad22088a6,2021-06,Lancashire Constabulary,Lancashire Constabulary,-2.242932,53.787385,On or near Thomas Street,E01024877,Burnley 003D,Violence and sexual offences,Unable to prosecute suspect,
fb2cc35b771e91b5d164d0a28ec5738fccf97df782404c2284ba0a4221027468,2021-06,Lancashire Constabulary,Lancashire Constabulary,-2.247495,53.796705,On or near Burleigh Street,E01024877,Burnley 003D,Violence and sexual offences,Unable to prosecute suspect,
199d816f47a01c980b95b3bbe3ab1fc45885f30abe8ed81d4ae08149f25da80a,2021-06,Lancashire Constabulary,Lancashire Constabulary,-2.246475,53.788519,On or near Holden Street,E01024877,Burnley 003D,Violence and sexual offences,Court result unavailable,
0a96bb7442646f24d7691b1a8b5130198d285e61f6ddbf053172834234e8538c,2021-06,Lancashire Constabulary,Lancashire Constabulary,-2.242932,53.787385,On or near Thomas Street,E01024877,Burnley 003D,Violence and sexual offences,Unable to prosecute suspect,
80ffbb7a68d33a346e17827f1e76f4156d2eb6c55f0defc3192dc35e09238479,2021-06,Lancashire Constabulary,Lancashire Constabulary,-2.245946,53.796627,On or near Belford Street,E01024877,Burnley 003D,Violence and sexual offences,Unable to prosecute suspect,
74b5ba0e35051333580718b73c345774f5a4cf9a45a754448935f93b860f6f19,2021-06,Lancashire Constabulary,Lancashire Constabulary,-2.245809,53.788844,On or near Hammerton Street,E01024877,Burnley 003D,Violence and sexual offences,Unable to prosecute suspect,
365ba91c74b6dce08eb72922afe894db6b99f0a0b580b31f37a7b0bd6d07e2b7,2021-06,Lancashire Constabulary,Lancashire Constabulary,-2.243638,53.788732,On or near Bull Street,E01024877,Burnley 003D,Violence and sexual offences,Unable to prosecute suspect,
bfde25ba7274aec1d63ff36c0b8aaf7382072ccd6849ce01e1c2894fb910c6e8,2021-06,Lancashire Constabulary,Lancashire Constabulary,-2.242932,53.787385,On or near Thomas Street,E01024877,Burnley 003D,Violence and sexual offences,Offender given penalty notice,
167fd860075e921d0755c24f3c4835383d1514e2fa8789dfe3d175c3a8b931ce,2021-06,Lancashire Constabulary,Lancashire Constabulary,-2.247004,53.795888,On or near Belgrave Street,E01024877,Burnley 003D,Violence and sexual offences,Court result unavailable,
0bf1073192896a3814923ba7f5d7ebf037ffeace121387b6ffad4f27558fee2f,2021-06,Lancashire Constabulary,Lancashire Constabulary,-2.240712,53.786679,On or near Centenary Way,E01024877,Burnley 003D,Violence and sexual offences,Formal action is not in the public interest,
f43da81356ce9901b4eb0d0a54baf7fdcb4587a504306f2a1a2fd89107fae6d4,2021-06,Lancashire Constabulary,Lancashire Constabulary,-2.245907,53.789985,On or near Nightclub,E01024877,Burnley 003D,Violence and sexual offences,Unable to prosecute suspect,
7f5222f39a9c21acb5203773a362c57285a2d77a37232d07cb2535123f8d3aa1,2021-06,Lancashire Constabulary,Lancashire Constabulary,-2.242846,53.788221,On or near Dugdale Street,E01024877,Burnley 003D,Violence and sexual offences,Court result unavailable,
5e16697310673ed33c5d242afe5a777004024f81cff21227ac65c423bbd4621f,2021-06,Lancashire Constabulary,Lancashire Constabulary,-2.243308,53.797370,On or near Saxon Street,E01024877,Burnley 003D,Violence and sexual offences,Unable to prosecute suspect,
74040c5e7bd06390d72ead898acbea584053cf11d3211cfac669a515af6fd82b,2021-06,Lancashire Constabulary,Lancashire Constabulary,-2.240835,53.797599,On or near Devonshire Road,E01024877,Burnley 003D,Violence and sexual offences,Unable to prosecute suspect,
1734574cb61b10c1d2fea990a39c54f4a0da8752b3227eaf7e11a2f71daa1229,2021-06,Lancashire Constabulary,Lancashire Constabulary,-2.242932,53.787385,On or near Thomas Street,E01024877,Burnley 003D,Violence and sexual offences,Unable to prosecute suspect,
ced9c2d7fab791e11b2966d6958a293b6d19aefe77f129139f4749f18b3ae7a4,2021-06,Lancashire Constabulary,Lancashire Constabulary,-2.246892,53.789714,On or near St James'S Street,E01024877,Burnley 003D,Violence and sexual offences,Unable to prosecute suspect,
6c6763dd6a8ea1e7ed88332bbb2d1b81daeb9cc3423a0611f861ac8dbb22e96f,2021-06,Lancashire Constabulary,Lancashire Constabulary,-2.246980,53.789309,On or near Parking Area,E01024877,Burnley 003D,Violence and sexual offences,Status update unavailable,
ea13ae66e1db0c8736e809b7c445e55c557dceb6e5b991e514a5987aca228cc3,2021-06,Lancashire Constabulary,Lancashire Constabulary,-2.240194,53.789080,On or near Shopping Area,E01024877,Burnley 003D,Violence and sexual offences,Status update unavailable,
3df5c47af3224a270093591e095df1e896cedf7a1defa3cfbbe85fac5748f5d6,2021-06,Lancashire Constabulary,Lancashire Constabulary,-2.245809,53.788844,On or near Hammerton Street,E01024877,Burnley 003D,Violence and sexual offences,Court result unavailable,
551be28c3dc0193c3eccc86b139ba67d4d7d73b4ec8c800ccc1860f928de66dd,2021-06,Lancashire Constabulary,Lancashire Constabulary,-2.240712,53.786679,On or near Centenary Way,E01024877,Burnley 003D,Violence and sexual offences,Unable to prosecute suspect,
,2021-06,Lancashire Constabulary,Lancashire Constabulary,-2.237416,53.802478,On or near Hilary Street,E01024878,Burnley 003E,Anti-social behaviour,,
,2021-06,Lancashire Constabulary,Lancashire Constabulary,-2.248216,53.797989,On or near March Street,E01024878,Burnley 003E,Anti-social behaviour,,
,2021-06,Lancashire Constabulary,Lancashire Constabulary,-2.246971,53.797964,On or near Clive Street,E01024878,Burnley 003E,Anti-social behaviour,,
,2021-06,Lancashire Constabulary,Lancashire Constabulary,-2.241873,53.803799,On or near Howsin Street,E01024878,Burnley 003E,Anti-social behaviour,,
,2021-06,Lancashire Constabulary,Lancashire Constabulary,-2.237416,53.802478,On or near Hilary Street,E01024878,Burnley 003E,Anti-social behaviour,,
52b32cb06b1f42b3106bc8e89d9064d644fdd0cb222214684a7c98ed8bfac980,2021-06,Lancashire Constabulary,Lancashire Constabulary,-2.241877,53.807089,On or near Further/Higher Educational Building,E01024878,Burnley 003E,Drugs,Unable to prosecute suspect,
3e08f50dcd1bdf8fd1a90cabe97247f9ccbf1dd812fe576fe7ba92dc6027ef25,2021-06,Lancashire Constabulary,Lancashire Constabulary,-2.241873,53.803799,On or near Howsin Street,E01024878,Burnley 003E,Public order,Court result unavailable,
b255588b8ac60b4e7427ef058a513498f2d582d5adeb18b8577d32443760ff8b,2021-06,Lancashire Constabulary,Lancashire Constabulary,-2.246971,53.797964,On or near Clive Street,E01024878,Burnley 003E,Violence and sexual offences,Unable to prosecute suspect,
5853ea657f3e61b99fb0fe2a29f1a58aec6ec9eca484724ea709c2f8c514c77b,2021-06,Lancashire Constabulary,Lancashire Constabulary,-2.246971,53.797964,On or near Clive Street,E01024878,Burnley 003E,Violence and sexual offences,Court result unavailable,
0c57dc0debcd5213724ac03481e3228336fd53f5ea8c15e522dc4d3ab2457369,2021-06,Lancashire Constabulary,Lancashire Constabulary,-2.246971,53.797964,On or near Clive Street,E01024878,Burnley 003E,Violence and sexual offences,Unable to prosecute suspect,
,2021-06,Lancashire Constabulary,Lancashire Constabulary,-2.236057,53.806489,On or near Pratt Street,E01024895,Burnley 003F,Anti-social behaviour,,
,2021-06,Lancashire Constabulary,Lancashire Constabulary,-2.231844,53.805203,On or near Brennand Street,E01024895,Burnley 003F,Anti-social behaviour,,
,2021-06,Lancashire Constabulary,Lancashire Constabulary,-2.229700,53.804623,On or near Briercliffe Road,E01024895,Burnley 003F,Anti-social behaviour,,
,2021-06,Lancashire Constabulary,Lancashire Constabulary,-2.234397,53.802762,On or near St Andrew'S Street,E01024895,Burnley 003F,Anti-social behaviour,,
,2021-06,Lancashire Constabulary,Lancashire Constabulary,-2.234397,53.802762,On or near St Andrew'S Street,E01024895,Burnley 003F,Anti-social behaviour,,
,2021-06,Lancashire Constabulary,Lancashire Constabulary,-2.233867,53.803051,On or near Rylands Street,E01024895,Burnley 003F,Anti-social behaviour,,
,2021-06,Lancashire Constabulary,Lancashire Constabulary,-2.234397,53.802762,On or near St Andrew'S Street,E01024895,Burnley 003F,Anti-social behaviour,,
,2021-06,Lancashire Constabulary,Lancashire Constabulary,-2.236445,53.805149,On or near Haslam Court,E01024895,Burnley 003F,Anti-social behaviour,,
,2021-06,Lancashire Constabulary,Lancashire Constabulary,-2.231382,53.804098,On or near Green Street,E01024895,Burnley 003F,Anti-social behaviour,,
,2021-06,Lancashire Constabulary,Lancashire Constabulary,-2.234397,53.802762,On or near St Andrew'S Street,E01024895,Burnley 003F,Anti-social behaviour,,
,2021-06,Lancashire Constabulary,Lancashire Constabulary,-2.232138,53.803522,On or near Rushworth Street East,E01024895,Burnley 003F,Anti-social behaviour,,
,2021-06,Lancashire Constabulary,Lancashire Constabulary,-2.234863,53.804802,On or near Waterbarn Street,E01024895,Burnley 003F,Anti-social behaviour,,
,2021-06,Lancashire Constabulary,Lancashire Constabulary,-2.236057,53.806489,On or near Pratt Street,E01024895,Burnley 003F,Anti-social behaviour,,
,2021-06,Lancashire Constabulary,Lancashire Constabulary,-2.234397,53.802762,On or near St Andrew'S Street,E01024895,Burnley 003F,Anti-social behaviour,,
,2021-06,Lancashire Constabulary,Lancashire Constabulary,-2.234397,53.802762,On or near St Andrew'S Street,E01024895,Burnley 003F,Anti-social behaviour,,
,2021-06,Lancashire Constabulary,Lancashire Constabulary,-2.235588,53.804108,On or near Newman Street,E01024895,Burnley 003F,Anti-social behaviour,,
,2021-06,Lancashire Constabulary,Lancashire Constabulary,-2.236057,53.806489,On or near Pratt Street,E01024895,Burnley 003F,Anti-social behaviour,,
,2021-06,Lancashire Constabulary,Lancashire Constabulary,-2.234184,53.802763,On or near Ford Street,E01024895,Burnley 003F,Anti-social behaviour,,
,2021-06,Lancashire Constabulary,Lancashire Constabulary,-2.234184,53.802763,On or near Ford Street,E01024895,Burnley 003F,Anti-social behaviour,,
,2021-06,Lancashire Constabulary,Lancashire Constabulary,-2.232796,53.804383,On or near Ivy Street,E01024895,Burnley 003F,Anti-social behaviour,,
,2021-06,Lancashire Constabulary,Lancashire Constabulary,-2.232227,53.803000,On or near Briercliffe Road,E01024895,Burnley 003F,Anti-social behaviour,,
,2021-06,Lancashire Constabulary,Lancashire Constabulary,-2.232227,53.803000,On or near Briercliffe Road,E01024895,Burnley 003F,Anti-social behaviour,,
,2021-06,Lancashire Constabulary,Lancashire Constabulary,-2.235588,53.804108,On or near Newman Street,E01024895,Burnley 003F,Anti-social behaviour,,
,2021-06,Lancashire Constabulary,Lancashire Constabulary,-2.234863,53.804802,On or near Waterbarn Street,E01024895,Burnley 003F,Anti-social behaviour,,
,2021-06,Lancashire Constabulary,Lancashire Constabulary,-2.234184,53.802763,On or near Ford Street,E01024895,Burnley 003F,Anti-social behaviour,,
68ceb346111ef7925fe1a7347914c6dae4d0e3be109dd989469d7c54008ab2de,2021-06,Lancashire Constabulary,Lancashire Constabulary,-2.229700,53.804623,On or near Briercliffe Road,E01024895,Burnley 003F,Burglary,Investigation complete; no suspect identified,
6d93b576aaa03d6c234d964551fc43950cd057e860f52643f62715056a52f893,2021-06,Lancashire Constabulary,Lancashire Constabulary,-2.231753,53.805239,On or near Bracewell Street,E01024895,Burnley 003F,Criminal damage and arson,Investigation complete; no suspect identified,
4ab797ddafde5a6409f8121203c524ef4f31d0dad3e0776732fdb63800b31698,2021-06,Lancashire Constabulary,Lancashire Constabulary,-2.233047,53.803107,On or near Edmund Street,E01024895,Burnley 003F,Other theft,Investigation complete; no suspect identified,
3b5ea1751b338d2b6a9946988a9ec95928c6920d18f3a58e47d5ddb463b50b2a,2021-06,Lancashire Constabulary,Lancashire Constabulary,-2.233047,53.803107,On or near Edmund Street,E01024895,Burnley 003F,Other theft,Unable to prosecute suspect,
7b93e7a537523e9502afe7eab09967a26a8d87053a6259d8271bca8b1f82b413,2021-06,Lancashire Constabulary,Lancashire Constabulary,-2.232227,53.803000,On or near Briercliffe Road,E01024895,Burnley 003F,Other theft,Status update unavailable,
2399c0953d2986b8116dae2a486045613b6a8e2a259bc329a0b85d28b41f6ce5,2021-06,Lancashire Constabulary,Lancashire Constabulary,-2.234184,53.802763,On or near Ford Street,E01024895,Burnley 003F,Other theft,Unable to prosecute suspect,
44c00acde2659526464278b0697f44312a5e29295b388125798b696da845f8b0,2021-06,Lancashire Constabulary,Lancashire Constabulary,-2.231753,53.805239,On or near Bracewell Street,E01024895,Burnley 003F,Possession of weapons,Court result unavailable,
8b0d96ea5d23f1a436ea3f69c05b39de759def800bc486785ba6b4453c751303,2021-06,Lancashire Constabulary,Lancashire Constabulary,-2.236920,53.805957,On or near Godiva Street,E01024895,Burnley 003F,Possession of weapons,Unable to prosecute suspect,
ccd22352756dccf63bdf6b0c9149f6524106674f66678f707f876b78aceed6ab,2021-06,Lancashire Constabulary,Lancashire Constabulary,-2.233047,53.803107,On or near Edmund Street,E01024895,Burnley 003F,Public order,Investigation complete; no suspect identified,
b9721ab2136991ab5a3a25f9551620f492d91e1d73632cf42b933046878d8cf2,2021-06,Lancashire Constabulary,Lancashire Constabulary,-2.234397,53.802762,On or near St Andrew'S Street,E01024895,Burnley 003F,Public order,Investigation complete; no suspect identified,
6ba5b7f8dbc5bb17fcdde87bb1e9803385ab81b380f0efdf745540de27691bb2,2021-06,Lancashire Constabulary,Lancashire Constabulary,-2.235588,53.804108,On or near Newman Street,E01024895,Burnley 003F,Public order,Investigation complete; no suspect identified,
8d8dd51dfff80c2b5bf3cdb5545687586b1462e3687db9c5f45ad152dadec75b,2021-06,Lancashire Constabulary,Lancashire Constabulary,-2.233867,53.803051,On or near Rylands Street,E01024895,Burnley 003F,Shoplifting,Status update unavailable,
463b883ffbb4f001d61ebdc9cabd4a6d883e8e645bb1a27070a09f6b2f206de2,2021-06,Lancashire Constabulary,Lancashire Constabulary,-2.233047,53.803107,On or near Edmund Street,E01024895,Burnley 003F,Shoplifting,Investigation complete; no suspect identified,
6bbf3dead7bdb38d4791deb3d64af5ac4928dd971e1ab7a02f88ed28b50cef3a,2021-06,Lancashire Constabulary,Lancashire Constabulary,-2.233047,53.803107,On or near Edmund Street,E01024895,Burnley 003F,Shoplifting,Investigation complete; no suspect identified,
3759128fce43dfa6cc782ae0e5fb89bf1c61f9f902cd407563217008665aa90d,2021-06,Lancashire Constabulary,Lancashire Constabulary,-2.236057,53.806489,On or near Pratt Street,E01024895,Burnley 003F,Vehicle crime,Investigation complete; no suspect identified,
2178647b503dd253a1bfd15b689a9f20ebff77dd836b12c7e652b70cdc0616e5,2021-06,Lancashire Constabulary,Lancashire Constabulary,-2.238628,53.807338,On or near Darwin Street,E01024895,Burnley 003F,Violence and sexual offences,Unable to prosecute suspect,
b4203e6618c1edf4a6e5448289ffafd31a9dd84a4fa724add237528f1481e06a,2021-06,Lancashire Constabulary,Lancashire Constabulary,-2.233301,53.805074,On or near Steer Street,E01024895,Burnley 003F,Violence and sexual offences,Unable to prosecute suspect,
865cfb89d642591ed28cf2abfe0c1174899c1fd80473cb63618fd1e5853c4cd1,2021-06,Lancashire Constabulary,Lancashire Constabulary,-2.236920,53.805957,On or near Godiva Street,E01024895,Burnley 003F,Violence and sexual offences,Local resolution,
e71081ee9a0bb7624327bf40245692a16f7e36ea2f754b7d64e92342732db985,2021-06,Lancashire Constabulary,Lancashire Constabulary,-2.238628,53.807338,On or near Darwin Street,E01024895,Burnley 003F,Violence and sexual offences,Unable to prosecute suspect,
01c7e6fe69eeeac3fb5c8d408d430a19e5fe563542e1003c967884d17ae842c8,2021-06,Lancashire Constabulary,Lancashire Constabulary,-2.235588,53.804108,On or near Newman Street,E01024895,Burnley 003F,Violence and sexual offences,Unable to prosecute suspect,
8e7aef40ccf79b4fda98aae5d7afb436ec6ef01045e4a0eb1b7e15c28e0a54fb,2021-06,Lancashire Constabulary,Lancashire Constabulary,-2.231382,53.804098,On or near Green Street,E01024895,Burnley 003F,Violence and sexual offences,Unable to prosecute suspect,
3cd743ec3de31c510bc867367f18acae136f16332022a9233f132c5d4418dfb3,2021-06,Lancashire Constabulary,Lancashire Constabulary,-2.232138,53.803522,On or near Rushworth Street East,E01024895,Burnley 003F,Violence and sexual offences,Investigation complete; no suspect identified,
709027c44615cfb788bea1ec52e00c72d381f022ba24d6d9b1cc87e3c645ff54,2021-06,Lancashire Constabulary,Lancashire Constabulary,-2.235588,53.804108,On or near Newman Street,E01024895,Burnley 003F,Other crime,Status update unavailable,
,2021-06,Lancashire Constabulary,Lancashire Constabulary,-2.314354,53.804871,On or near Berkeley Crescent,E01024883,Burnley 004A,Anti-social behaviour,,
,2021-06,Lancashire Constabulary,Lancashire Constabulary,-2.315814,53.807186,On or near Derwent Avenue,E01024883,Burnley 004A,Anti-social behaviour,,
,2021-06,Lancashire Constabulary,Lancashire Constabulary,-2.315652,53.803879,On or near Adamson Street,E01024883,Burnley 004A,Anti-social behaviour,,
a627a97fe210c7c975882ea4f581ff4f51f64191a9566396099dcfc780544d7c,2021-06,Lancashire Constabulary,Lancashire Constabulary,-2.314354,53.804871,On or near Berkeley Crescent,E01024883,Burnley 004A,Criminal damage and arson,Unable to prosecute suspect,
bf43f95f0f5cd349765fb40a4d046aa47489c4d17d510629deafc9c30dffb163,2021-06,Lancashire Constabulary,Lancashire Constabulary,-2.315266,53.802990,On or near Barbon Street,E01024883,Burnley 004A,Vehicle crime,Investigation complete; no suspect identified,
,2021-06,Lancashire Constabulary,Lancashire Constabulary,-2.304151,53.798768,On or near Stockbridge Drive,E01024884,Burnley 004B,Anti-social behaviour,,
bac4aaf18b94fef8806f02d90cf0b58d723fd21a26fbdb27ed06d3e01dfc0b3e,2021-06,Lancashire Constabulary,Lancashire Constabulary,-2.301566,53.796051,On or near Tennyson Avenue,E01024884,Burnley 004B,Burglary,Investigation complete; no suspect identified,
593811027cb8585d526dc4356c9240448bf4dca7600a01b169853e7264414612,2021-06,Lancashire Constabulary,Lancashire Constabulary,-2.304608,53.799009,On or near South Drive,E01024884,Burnley 004B,Burglary,Investigation complete; no suspect identified,
0d43adb4ecdc4d4c1589258251475cacde2fdd2b3c4f61bc64dd9c11fe701701,2021-06,Lancashire Constabulary,Lancashire Constabulary,-2.304932,53.799665,On or near Kenilworth Close,E01024884,Burnley 004B,Burglary,Investigation complete; no suspect identified,
843a8318ea24fd052d8aef94e4ee215f5326e288aceb75c3369244bdbf7dccfd,2021-06,Lancashire Constabulary,Lancashire Constabulary,-2.303469,53.794734,On or near Whitegate Close,E01024884,Burnley 004B,Criminal damage and arson,Investigation complete; no suspect identified,
469c139e1f7b8dcbf6c83bf0886cb2d7a0c2c2b0a343617415f011a0e959bb53,2021-06,Lancashire Constabulary,Lancashire Constabulary,-2.305969,53.796157,On or near Herbert Street,E01024884,Burnley 004B,Criminal damage and arson,Investigation complete; no suspect identified,
e725d658e2a6d53dad9447a32e1764a295a728fec9ae63544c12c92d8c00d56a,2021-06,Lancashire Constabulary,Lancashire Constabulary,-2.297596,53.794973,On or near Cowley Crescent,E01024884,Burnley 004B,Public order,Offender given penalty notice,
1e9344db3128d10482a2f3a6bb74df8b89f3936e025c625b16886e1426ff3213,2021-06,Lancashire Constabulary,Lancashire Constabulary,-2.301566,53.796051,On or near Tennyson Avenue,E01024884,Burnley 004B,Vehicle crime,Investigation complete; no suspect identified,
868cf09f4b4ad356963b70de191b1c8df06244a0d5259471c374b90b69bcc167,2021-06,Lancashire Constabulary,Lancashire Constabulary,-2.304978,53.795548,On or near Dryden Street,E01024884,Burnley 004B,Vehicle crime,Investigation complete; no suspect identified,
75a341ae1d29a2bf9768f490f348258fadc6f1954c2c306854d96fbbfd08d968,2021-06,Lancashire Constabulary,Lancashire Constabulary,-2.305969,53.796157,On or near Herbert Street,E01024884,Burnley 004B,Violence and sexual offences,Unable to prosecute suspect,
45cda6e726050b94b18f36223e2984482c7e124a0f75ec202d625f901068e621,2021-06,Lancashire Constabulary,Lancashire Constabulary,-2.305969,53.796157,On or near Herbert Street,E01024884,Burnley 004B,Violence and sexual offences,Unable to prosecute suspect,
1d2ed55fdf502bc7087c3aaffe7cc3ef973013b95de57f627e0c00b755e1a53d,2021-06,Lancashire Constabulary,Lancashire Constabulary,-2.304978,53.795548,On or near Dryden Street,E01024884,Burnley 004B,Violence and sexual offences,Unable to prosecute suspect,
0d4b6c5132bd58c2fd7d5f06e3894320c910902bc8ba7aca98f9bfb2bfb677a0,2021-06,Lancashire Constabulary,Lancashire Constabulary,-2.307660,53.798983,On or near Fountain Close,E01024884,Burnley 004B,Violence and sexual offences,Unable to prosecute suspect,
82d0a99b44f34b0789d9571464a95db389d3f3b51130de5f8ae01acffee9909f,2021-06,Lancashire Constabulary,Lancashire Constabulary,-2.304978,53.795548,On or near Dryden Street,E01024884,Burnley 004B,Violence and sexual offences,Unable to prosecute suspect,
4f92a6caed25a32dd28f16b73fa173184130bfa5a82b91421146eb8bc4c15d8b,2021-06,Lancashire Constabulary,Lancashire Constabulary,-2.302277,53.795681,On or near Wordsworth Avenue,E01024884,Burnley 004B,Violence and sexual offences,Unable to prosecute suspect,
,2021-06,Lancashire Constabulary,Lancashire Constabulary,-2.307961,53.800726,On or near Lune Street,E01024885,Burnley 004C,Anti-social behaviour,,
,2021-06,Lancashire Constabulary,Lancashire Constabulary,-2.309985,53.801359,On or near Wyre Street,E01024885,Burnley 004C,Anti-social behaviour,,
,2021-06,Lancashire Constabulary,Lancashire Constabulary,-2.309149,53.799132,On or near Spa Street,E01024885,Burnley 004C,Anti-social behaviour,,
,2021-06,Lancashire Constabulary,Lancashire Constabulary,-2.316184,53.799959,On or near Park View,E01024885,Burnley 004C,Anti-social behaviour,,
,2021-06,Lancashire Constabulary,Lancashire Constabulary,-2.312696,53.800462,On or near Morley Street,E01024885,Burnley 004C,Anti-social behaviour,,
,2021-06,Lancashire Constabulary,Lancashire Constabulary,-2.316173,53.800480,On or near Weir Close,E01024885,Burnley 004C,Anti-social behaviour,,
,2021-06,Lancashire Constabulary,Lancashire Constabulary,-2.316184,53.799959,On or near Park View,E01024885,Burnley 004C,Anti-social behaviour,,
,2021-06,Lancashire Constabulary,Lancashire Constabulary,-2.309149,53.799132,On or near Spa Street,E01024885,Burnley 004C,Anti-social behaviour,,
,2021-06,Lancashire Constabulary,Lancashire Constabulary,-2.310339,53.802032,On or near Partridge Hill Street,E01024885,Burnley 004C,Anti-social behaviour,,
,2021-06,Lancashire Constabulary,Lancashire Constabulary,-2.312696,53.800462,On or near Morley Street,E01024885,Burnley 004C,Anti-social behaviour,,
,2021-06,Lancashire Constabulary,Lancashire Constabulary,-2.309149,53.799132,On or near Spa Street,E01024885,Burnley 004C,Anti-social behaviour,,
,2021-06,Lancashire Constabulary,Lancashire Constabulary,-2.312020,53.803421,On or near Kay Street,E01024885,Burnley 004C,Anti-social behaviour,,
,2021-06,Lancashire Constabulary,Lancashire Constabulary,-2.309985,53.801359,On or near Wyre Street,E01024885,Burnley 004C,Anti-social behaviour,,
,2021-06,Lancashire Constabulary,Lancashire Constabulary,-2.309149,53.799132,On or near Spa Street,E01024885,Burnley 004C,Anti-social behaviour,,
,2021-06,Lancashire Constabulary,Lancashire Constabulary,-2.309236,53.802664,On or near Lawrence Street,E01024885,Burnley 004C,Anti-social behaviour,,
,2021-06,Lancashire Constabulary,Lancashire Constabulary,-2.316184,53.799959,On or near Park View,E01024885,Burnley 004C,Anti-social behaviour,,
,2021-06,Lancashire Constabulary,Lancashire Constabulary,-2.314593,53.802318,On or near Factory Lane,E01024885,Burnley 004C,Anti-social behaviour,,
,2021-06,Lancashire Constabulary,Lancashire Constabulary,-2.316184,53.799959,On or near Park View,E01024885,Burnley 004C,Anti-social behaviour,,
,2021-06,Lancashire Constabulary,Lancashire Constabulary,-2.309039,53.794576,On or near Wytham Street,E01024885,Burnley 004C,Anti-social behaviour,,
,2021-06,Lancashire Constabulary,Lancashire Constabulary,-2.314863,53.799846,On or near Police Station,E01024885,Burnley 004C,Anti-social behaviour,,
65d6d4a0e7798f4e3e5485ce4e8f30e0910e3f8a105fc2499474a0318116b673,2021-06,Lancashire Constabulary,Lancashire Constabulary,-2.309734,53.796192,On or near Palmerston Street,E01024885,Burnley 004C,Burglary,Investigation complete; no suspect identified,
b72958757a7ef0ed7f10a026b6dab74d227e772ddbbb2cf6b3d3b2836a2b55f8,2021-06,Lancashire Constabulary,Lancashire Constabulary,-2.311430,53.797617,On or near Hope Street,E01024885,Burnley 004C,Burglary,Investigation complete; no suspect identified,
494a2c692a89951f0da5150dfa70e6a5c8b635be66c78bf3edb848d5c93dd185,2021-06,Lancashire Constabulary,Lancashire Constabulary,-2.311430,53.797617,On or near Hope Street,E01024885,Burnley 004C,Burglary,Unable to prosecute suspect,
e4031eed6550a3ad345327089f1e115f56d545f0870189b83492a75bfac8db34,2021-06,Lancashire Constabulary,Lancashire Constabulary,-2.314863,53.799846,On or near Police Station,E01024885,Burnley 004C,Criminal damage and arson,Investigation complete; no suspect identified,
bde860a5c7bb7f8336a1d6d52861539aa5502b9b977576a10bf089661d4297f5,2021-06,Lancashire Constabulary,Lancashire Constabulary,-2.313003,53.800938,On or near Supermarket,E01024885,Burnley 004C,Criminal damage and arson,Investigation complete; no suspect identified,
84ec81f344b034634a905b91d924daa44790c1d61860b4c377bc98792c2ceaa4,2021-06,Lancashire Constabulary,Lancashire Constabulary,-2.314875,53.799441,On or near Station Road,E01024885,Burnley 004C,Criminal damage and arson,Investigation complete; no suspect identified,
597e6aaa9f1dc1caf35085660cba9732ccc6ce962687d6f3ac581efca005c242,2021-06,Lancashire Constabulary,Lancashire Constabulary,-2.309985,53.801359,On or near Wyre Street,E01024885,Burnley 004C,Other theft,Investigation complete; no suspect identified,
7c9de799e5598a772a4126a3f8c36ce11fe1a6a3f0cff607a2e786c922ff68c0,2021-06,Lancashire Constabulary,Lancashire Constabulary,-2.315344,53.799305,On or near Carrwood Green,E01024885,Burnley 004C,Other theft,Unable to prosecute suspect,
4e657a262b48af1d44802b8feaf2ddd35022125913c4de171d3cf3279231cfa1,2021-06,Lancashire Constabulary,Lancashire Constabulary,-2.309368,53.797927,On or near Pendle Street,E01024885,Burnley 004C,Public order,Court result unavailable,
fd534a0ebbbe8f42c2cf1656ad72571f868063de7da688da0c3f093c7ff4cb07,2021-06,Lancashire Constabulary,Lancashire Constabulary,-2.309765,53.802447,On or near Ingham Street,E01024885,Burnley 004C,Public order,Unable to prosecute suspect,
9e8200003a4f73533c92081bf0e4ca4d69a4051b4cc65d80591673a9b4baf8f5,2021-06,Lancashire Constabulary,Lancashire Constabulary,-2.309985,53.801359,On or near Wyre Street,E01024885,Burnley 004C,Shoplifting,Court result unavailable,
65bf6e0a43d0fc60a049b1fdc49abca0047aa51ee248c13065d8dc059c78415d,2021-06,Lancashire Constabulary,Lancashire Constabulary,-2.313674,53.803255,On or near Copthurst Street,E01024885,Burnley 004C,Vehicle crime,Investigation complete; no suspect identified,
1b051d1c0f15bef3e3fee57986fc9bf349b206c8a85ad5c4748d3e9024a78adc,2021-06,Lancashire Constabulary,Lancashire Constabulary,-2.309236,53.802664,On or near Lawrence Street,E01024885,Burnley 004C,Violence and sexual offences,Unable to prosecute suspect,
d87ef3af786ab6964c9fec97920a90558aca51f5a14ca7fb9912b90e01c5cb7d,2021-06,Lancashire Constabulary,Lancashire Constabulary,-2.313104,53.798142,On or near Green Lane,E01024885,Burnley 004C,Violence and sexual offences,Unable to prosecute suspect,
4324dba7a538167fd9c064fc7070e72d0a0a877d88329a34abf3a9db9963148a,2021-06,Lancashire Constabulary,Lancashire Constabulary,-2.309236,53.802664,On or near Lawrence Street,E01024885,Burnley 004C,Violence and sexual offences,Unable to prosecute suspect,
0c834b7846ee130b5cbbb59a51a8aeff7976c77d074661318d0ca7a7e80d44e6,2021-06,Lancashire Constabulary,Lancashire Constabulary,-2.309236,53.802664,On or near Lawrence Street,E01024885,Burnley 004C,Violence and sexual offences,Unable to prosecute suspect,
733c00df5104a83f628fdc5c477c43c00cecd8dc88550288c3ea28f433be7f9e,2021-06,Lancashire Constabulary,Lancashire Constabulary,-2.308607,53.799745,On or near Bendwood Close,E01024885,Burnley 004C,Violence and sexual offences,Status update unavailable,
9de3de9d27048b380f4030f83b46fb965564f49600242799244b7897e0b4bf0c,2021-06,Lancashire Constabulary,Lancashire Constabulary,-2.309236,53.802664,On or near Lawrence Street,E01024885,Burnley 004C,Violence and sexual offences,Unable to prosecute suspect,
bfbb4be67fd154541f6cae588c167678ac3befb9ea7f691f7b99ea48b73b46b1,2021-06,Lancashire Constabulary,Lancashire Constabulary,-2.310463,53.802356,On or near Partridge Hill,E01024885,Burnley 004C,Violence and sexual offences,Status update unavailable,
60ba2056c3d365e82cc763cf5207f38cfffc8d4dbb4281736e88d59e587f966c,2021-06,Lancashire Constabulary,Lancashire Constabulary,-2.309236,53.802664,On or near Lawrence Street,E01024885,Burnley 004C,Violence and sexual offences,Unable to prosecute suspect,
6f93a1eb48c0f9bbec57639676deded2c1f1514fd3beb22bf5d42b8c3af9d385,2021-06,Lancashire Constabulary,Lancashire Constabulary,-2.313768,53.801619,On or near Eccleshill Street,E01024885,Burnley 004C,Violence and sexual offences,Investigation complete; no suspect identified,
752865a6af025c818d56b3136397dfed5529120f483783456bfa533d69beb586,2021-06,Lancashire Constabulary,Lancashire Constabulary,-2.309236,53.802664,On or near Lawrence Street,E01024885,Burnley 004C,Violence and sexual offences,Unable to prosecute suspect,
93ea2cca04cace421b90569c59213ce33f01b5ca9ba70c775029d2990c4dbff2,2021-06,Lancashire Constabulary,Lancashire Constabulary,-2.310463,53.802356,On or near Partridge Hill,E01024885,Burnley 004C,Violence and sexual offences,Unable to prosecute suspect,
f0f38379e397229c53fafb133614ee7655e5bb13cfd7954a74488349c58f3e42,2021-06,Lancashire Constabulary,Lancashire Constabulary,-2.310463,53.802356,On or near Partridge Hill,E01024885,Burnley 004C,Violence and sexual offences,Status update unavailable,
5d080e965bf527df81e232b96b3bccdc7ee0c736c27a1c9a29bfc4ac563f5ebf,2021-06,Lancashire Constabulary,Lancashire Constabulary,-2.310463,53.802356,On or near Partridge Hill,E01024885,Burnley 004C,Violence and sexual offences,Unable to prosecute suspect,
,2021-06,Lancashire Constabulary,Lancashire Constabulary,-2.304817,53.796420,On or near Milton Street,E01024886,Burnley 004D,Anti-social behaviour,,
,2021-06,Lancashire Constabulary,Lancashire Constabulary,-2.307585,53.797060,On or near Villiers Street,E01024886,Burnley 004D,Anti-social behaviour,,
,2021-06,Lancashire Constabulary,Lancashire Constabulary,-2.306048,53.794503,On or near Burns Street,E01024886,Burnley 004D,Anti-social behaviour,,
,2021-06,Lancashire Constabulary,Lancashire Constabulary,-2.306048,53.794503,On or near Burns Street,E01024886,Burnley 004D,Anti-social behaviour,,
,2021-06,Lancashire Constabulary,Lancashire Constabulary,-2.305006,53.797274,On or near Raleigh Street,E01024886,Burnley 004D,Anti-social behaviour,,
,2021-06,Lancashire Constabulary,Lancashire Constabulary,-2.306048,53.794503,On or near Burns Street,E01024886,Burnley 004D,Anti-social behaviour,,
f9056baa491efb9d3fad3453bfb7dc269d687a3f54c5bdd34acd8b2d90fd92ce,2021-06,Lancashire Constabulary,Lancashire Constabulary,-2.307000,53.796010,On or near Cardwell Street,E01024886,Burnley 004D,Burglary,Investigation complete; no suspect identified,
c67fb9503053f8d06304f8dc051194b7276f452d578d7931caff6ca6552fdf6e,2021-06,Lancashire Constabulary,Lancashire Constabulary,-2.307000,53.796010,On or near Cardwell Street,E01024886,Burnley 004D,Burglary,Status update unavailable,
22ac2e2851ee01d4b619159b6f796e70dd042d405f111206275115f172b3117d,2021-06,Lancashire Constabulary,Lancashire Constabulary,-2.308753,53.794900,On or near Brook Street,E01024886,Burnley 004D,Drugs,Unable to prosecute suspect,
b21bbc8bd02b2eaf1d79417594d569247169bd757e8eab2ba2a125b0a0c42fc6,2021-06,Lancashire Constabulary,Lancashire Constabulary,-2.306493,53.797153,On or near Spenser Street,E01024886,Burnley 004D,Drugs,Status update unavailable,
462ab77781af09793c743f0823b99e4b82cc49cd212cc3f333ef3fd9e74709cc,2021-06,Lancashire Constabulary,Lancashire Constabulary,-2.307585,53.797060,On or near Villiers Street,E01024886,Burnley 004D,Other theft,Unable to prosecute suspect,
4ab2de07178bfbf672decb11ec26d4024d24218a68cabe9a7d92d9d578a14096,2021-06,Lancashire Constabulary,Lancashire Constabulary,-2.308925,53.797659,On or near Pitt Street,E01024886,Burnley 004D,Other theft,Investigation complete; no suspect identified,
09ddedbb843dc153cdce1403c1c702aad779590f50722ab2d6fc59dc5011ccc2,2021-06,Lancashire Constabulary,Lancashire Constabulary,-2.307585,53.797060,On or near Villiers Street,E01024886,Burnley 004D,Other theft,Unable to prosecute suspect,
6a6eb4db8d28aae8c032328113619afbdd4ec84cbb52775d2ee894edfc0d5a3d,2021-06,Lancashire Constabulary,Lancashire Constabulary,-2.309892,53.796973,On or near Stockbridge Road,E01024886,Burnley 004D,Public order,Unable to prosecute suspect,
1e879c1c98230946121e4babd93277c8aaf5426df46f6806d0fa945c880eb4e6,2021-06,Lancashire Constabulary,Lancashire Constabulary,-2.306493,53.797153,On or near Spenser Street,E01024886,Burnley 004D,Vehicle crime,Investigation complete; no suspect identified,
73d089568c4ad4e221e12673b79121d9c0a23009e7e3c61ddfd4ff38cf766258,2021-06,Lancashire Constabulary,Lancashire Constabulary,-2.307883,53.796242,On or near Russell Terrace,E01024886,Burnley 004D,Violence and sexual offences,Unable to prosecute suspect,
5df7b892e0b90cee9c2ebdb26392acc5cf12a7a2fdfd0b412b937cb013cc2a21,2021-06,Lancashire Constabulary,Lancashire Constabulary,-2.306775,53.796271,On or near Shakespeare Street,E01024886,Burnley 004D,Violence and sexual offences,Court result unavailable,
1bc0a5fa16a96508addde9a0b2b5fba95dd385401d380cb393c8db318ebdfe5e,2021-06,Lancashire Constabulary,Lancashire Constabulary,-2.308273,53.797697,On or near Peel Street,E01024886,Burnley 004D,Violence and sexual offences,Unable to prosecute suspect,
fdcc9eeb1da316be6711ee947c25a1c1d376cc66c2f206b6582ce59ed3c38187,2021-06,Lancashire Constabulary,Lancashire Constabulary,-2.308753,53.794900,On or near Brook Street,E01024886,Burnley 004D,Violence and sexual offences,Unable to prosecute suspect,
ad4f9e2d62dc83e580519fd8266ff14fc339e3e212fa413499edf841edbf4ec9,2021-06,Lancashire Constabulary,Lancashire Constabulary,-2.308273,53.797697,On or near Peel Street,E01024886,Burnley 004D,Violence and sexual offences,Unable to prosecute suspect,
76d7d3a7a290c62e62b24736fe779b69529cc2ca69bb2bd78e8e0d3a37218098,2021-06,Lancashire Constabulary,Lancashire Constabulary,-2.307000,53.796010,On or near Cardwell Street,E01024886,Burnley 004D,Violence and sexual offences,Unable to prosecute suspect,
e0ca575666e893ba9d1f93a12081218ceb03f78783feec9bead4aaebdff24f6e,2021-06,Lancashire Constabulary,Lancashire Constabulary,-2.307000,53.796010,On or near Cardwell Street,E01024886,Burnley 004D,Violence and sexual offences,Unable to prosecute suspect,
00132bf08d6564274659f09f8b748fee36033a12614ef59f6bae19bc65c27f02,2021-06,Lancashire Constabulary,Lancashire Constabulary,-2.319531,53.800777,On or near Queen Street,E01024889,Burnley 004E,Possession of weapons,Local resolution,
07a554e159f80831f7f6cf31197dfaad4dcbd48b2c894b826a4023a7cdf09774,2021-06,Lancashire Constabulary,Lancashire Constabulary,-2.321480,53.799603,On or near Bridge Street,E01024889,Burnley 004E,Public order,Investigation complete; no suspect identified,
d89fbb1dc19a60c9839320c01954b58a9b50cbb51db8069de733978a6299b76e,2021-06,Lancashire Constabulary,Lancashire Constabulary,-2.316150,53.801505,On or near Calder Street,E01024889,Burnley 004E,Public order,Unable to prosecute suspect,
8a8d3c1612cf152377b4b62491de7bb3e51985ee6d957fd4747d13225ea35058,2021-06,Lancashire Constabulary,Lancashire Constabulary,-2.327558,53.796252,On or near Meadway,E01024889,Burnley 004E,Violence and sexual offences,Status update unavailable,
9015f9ed66decde9f155ce148e697d8a290f382c251d3b7552546c0bf31b5148,2021-06,Lancashire Constabulary,Lancashire Constabulary,-2.321480,53.799603,On or near Bridge Street,E01024889,Burnley 004E,Violence and sexual offences,Investigation complete; no suspect identified,
88a0a849147293b38fd2461f331d1362687cd3319dea31637cd593a65e5e9099,2021-06,Lancashire Constabulary,Lancashire Constabulary,-2.315960,53.802386,On or near Gawthorpe Street,E01024889,Burnley 004E,Violence and sexual offences,Unable to prosecute suspect,
5e30a6cf82e2b3aaceb33e43ed8e92ef3aea0ebdea3017bae6a7aff3f8911216,2021-06,Lancashire Constabulary,Lancashire Constabulary,-2.323923,53.799408,On or near Arboury Street,E01024889,Burnley 004E,Violence and sexual offences,Unable to prosecute suspect,
e8c671a0fc42a79b8281e50b6153cb274920158c3498bbbb7f803c951faf10b0,2021-06,Lancashire Constabulary,Lancashire Constabulary,-2.322185,53.800428,On or near Arbories Avenue,E01024889,Burnley 004E,Violence and sexual offences,Unable to prosecute suspect,
35a26feaa23028608a9b3a91d8bae0b1565d41a7ddfdedc704f406b7c56c5871,2021-06,Lancashire Constabulary,Lancashire Constabulary,-2.318428,53.801463,On or near Church Street,E01024889,Burnley 004E,Violence and sexual offences,Unable to prosecute suspect,
1785b368dc2721f76f53a6eecb12eee3dc4a0589519501bb9df75748127647cc,2021-06,Lancashire Constabulary,Lancashire Constabulary,-2.323923,53.799408,On or near Arboury Street,E01024889,Burnley 004E,Violence and sexual offences,Unable to prosecute suspect,
23ec05f466345f6361f0258753f86b63830e1e10e419ebe059b12f36fb6a46ea,2021-06,Lancashire Constabulary,Lancashire Constabulary,-2.318229,53.801293,On or near Back Albert Street,E01024889,Burnley 004E,Violence and sexual offences,Unable to prosecute suspect,
1678f6a19358939fd382c53ea035dd694f358cebe4ceff2ff3fb9a8097da18f9,2021-06,Lancashire Constabulary,Lancashire Constabulary,-2.318214,53.801320,On or near Inkerman Street,E01024889,Burnley 004E,Violence and sexual offences,Unable to prosecute suspect,
,2021-06,Lancashire Constabulary,Lancashire Constabulary,-2.307695,53.793411,On or near Dorset Avenue,E01024890,Burnley 004F,Anti-social behaviour,,
,2021-06,Lancashire Constabulary,Lancashire Constabulary,-2.312264,53.795385,On or near Wheat Street,E01024890,Burnley 004F,Anti-social behaviour,,
,2021-06,Lancashire Constabulary,Lancashire Constabulary,-2.307695,53.793411,On or near Dorset Avenue,E01024890,Burnley 004F,Anti-social behaviour,,
,2021-06,Lancashire Constabulary,Lancashire Constabulary,-2.314449,53.793294,On or near St John'S Road,E01024890,Burnley 004F,Anti-social behaviour,,
,2021-06,Lancashire Constabulary,Lancashire Constabulary,-2.313888,53.797475,On or near Hill Street,E01024890,Burnley 004F,Anti-social behaviour,,
,2021-06,Lancashire Constabulary,Lancashire Constabulary,-2.314449,53.793294,On or near St John'S Road,E01024890,Burnley 004F,Anti-social behaviour,,
,2021-06,Lancashire Constabulary,Lancashire Constabulary,-2.312555,53.795744,On or near Oat Street,E01024890,Burnley 004F,Anti-social behaviour,,
,2021-06,Lancashire Constabulary,Lancashire Constabulary,-2.313888,53.797475,On or near Hill Street,E01024890,Burnley 004F,Anti-social behaviour,,
,2021-06,Lancashire Constabulary,Lancashire Constabulary,-2.314449,53.793294,On or near St John'S Road,E01024890,Burnley 004F,Anti-social behaviour,,
,2021-06,Lancashire Constabulary,Lancashire Constabulary,-2.307695,53.793411,On or near Dorset Avenue,E01024890,Burnley 004F,Anti-social behaviour,,
f11c661d4b3c4dcdb8b1fcc4ef00336b0e290aae300a5928cb47447f0216e5c2,2021-06,Lancashire Constabulary,Lancashire Constabulary,-2.315229,53.796115,On or near Cotton Street,E01024890,Burnley 004F,Burglary,Investigation complete; no suspect identified,
612e98ddc7157e55edcda4b845d1c1edd4a6acf0fc67bdd1733034f49293a95e,2021-06,Lancashire Constabulary,Lancashire Constabulary,-2.312264,53.795385,On or near Wheat Street,E01024890,Burnley 004F,Criminal damage and arson,Investigation complete; no suspect identified,
4daae91474d9b3e70b82f6a204e38c8498c84e86bdf874b36ecd516366be7dfb,2021-06,Lancashire Constabulary,Lancashire Constabulary,-2.306894,53.793862,On or near Beech Street,E01024890,Burnley 004F,Criminal damage and arson,Status update unavailable,
666b777b41252b50424e1340420702dcff66343bfe34eb5cffe553b143c5679b,2021-06,Lancashire Constabulary,Lancashire Constabulary,-2.308847,53.793228,On or near Cambridge Drive,E01024890,Burnley 004F,Public order,Investigation complete; no suspect identified,
6c8382e524812af6fa6751288b1b2a9a10dafa5088319e0a08f810a37bca8f88,2021-06,Lancashire Constabulary,Lancashire Constabulary,-2.313888,53.797475,On or near Hill Street,E01024890,Burnley 004F,Public order,Unable to prosecute suspect,
1fec2dc11e2ac42c14bc49971a1b1ef893d3edee89d63cb554619be3e7357acd,2021-06,Lancashire Constabulary,Lancashire Constabulary,-2.316387,53.796651,On or near Elizabeth Street,E01024890,Burnley 004F,Vehicle crime,Investigation complete; no suspect identified,
941704934671aaea2ce9151586c81226a56769d9e06fbc51a36a73506aad2558,2021-06,Lancashire Constabulary,Lancashire Constabulary,-2.313506,53.795077,On or near Cemetery Road,E01024890,Burnley 004F,Vehicle crime,Investigation complete; no suspect identified,
4eb5ae4e2223f3df51c46cdcd24cba719e85a37ae83374902c5a826a80c074fe,2021-06,Lancashire Constabulary,Lancashire Constabulary,-2.307889,53.792997,On or near Bedford Place,E01024890,Burnley 004F,Violence and sexual offences,Unable to prosecute suspect,
ab94adc70cc9343e2f8f53dfa3ddd0206cf16d3191b7d71350251f033e593ae8,2021-06,Lancashire Constabulary,Lancashire Constabulary,-2.312815,53.796076,On or near Barley Street,E01024890,Burnley 004F,Violence and sexual offences,Unable to prosecute suspect,
b6cff7604dd211c86b05ece6ea16dd34caee408c15062d6ca1e4ae9c03f0e623,2021-06,Lancashire Constabulary,Lancashire Constabulary,-2.309541,53.792579,On or near Norfolk Avenue,E01024890,Burnley 004F,Violence and sexual offences,Unable to prosecute suspect,
792d8cd2229388b85bd90f4efab4879fdf902c641f1f5746679030d70d980b5c,2021-06,Lancashire Constabulary,Lancashire Constabulary,-2.312264,53.795385,On or near Wheat Street,E01024890,Burnley 004F,Violence and sexual offences,Court result unavailable,
27c9f072c5517a631dc009aa7fc581e5c714a0c6f06cab17b05ed151908fe4fc,2021-06,Lancashire Constabulary,Lancashire Constabulary,-2.314449,53.793294,On or near St John'S Road,E01024890,Burnley 004F,Violence and sexual offences,Unable to prosecute suspect,
8926509ccfc47c1767669989df4dff9aadb502bece552a894d6bee42c3c99bfd,2021-06,Lancashire Constabulary,Lancashire Constabulary,-2.313888,53.797475,On or near Hill Street,E01024890,Burnley 004F,Violence and sexual offences,Unable to prosecute suspect,
4a1357e2d4616ea130339fa7533e9187fd25028ae3eac9f7c9007a28fc394026,2021-06,Lancashire Constabulary,Lancashire Constabulary,-2.307985,53.793680,On or near Rutland Place,E01024890,Burnley 004F,Violence and sexual offences,Unable to prosecute suspect,
16f9fd6240a73b348a5bb96c4999d97212979ae5958453aba2bbd198ccd9bd97,2021-06,Lancashire Constabulary,Lancashire Constabulary,-2.307985,53.793680,On or near Rutland Place,E01024890,Burnley 004F,Violence and sexual offences,Unable to prosecute suspect,
7a4ab1cb5988ab25239d6846741a8eb2a8372570d6f8445c4dd505c141cd3c7c,2021-06,Lancashire Constabulary,Lancashire Constabulary,-2.313888,53.797475,On or near Hill Street,E01024890,Burnley 004F,Violence and sexual offences,Unable to prosecute suspect,
36ce59d3797daaf94f5b2220fb78ff25088ecb491b92ab49d354ea198edd6edf,2021-06,Lancashire Constabulary,Lancashire Constabulary,-2.315020,53.796556,On or near Green Street,E01024890,Burnley 004F,Violence and sexual offences,Unable to prosecute suspect,
2bfd1f0b1a67becb369ec1dd0af5987a42258e5980d8a89805f902ef4ac133c1,2021-06,Lancashire Constabulary,Lancashire Constabulary,-2.307889,53.792997,On or near Bedford Place,E01024890,Burnley 004F,Violence and sexual offences,Local resolution,
,2021-06,Lancashire Constabulary,Lancashire Constabulary,-2.286313,53.794390,On or near Hewart Street,E01024879,Burnley 005A,Anti-social behaviour,,
,2021-06,Lancashire Constabulary,Lancashire Constabulary,-2.286313,53.794390,On or near Hewart Street,E01024879,Burnley 005A,Anti-social behaviour,,
,2021-06,Lancashire Constabulary,Lancashire Constabulary,-2.290624,53.796608,On or near Mercer Street,E01024879,Burnley 005A,Anti-social behaviour,,
,2021-06,Lancashire Constabulary,Lancashire Constabulary,-2.287807,53.795384,On or near Caernarvon Avenue,E01024879,Burnley 005A,Anti-social behaviour,,
27a5d7275131221ea8ae642a03d6e7e9733798be5663390ab74b5765cf16c17b,2021-06,Lancashire Constabulary,Lancashire Constabulary,-2.296801,53.794166,On or near Cowley Crescent,E01024879,Burnley 005A,Criminal damage and arson,Investigation complete; no suspect identified,
637e45d0440027b7a714a0a827c44d25cfa287e018d5a180489bca6854e9b64a,2021-06,Lancashire Constabulary,Lancashire Constabulary,-2.286356,53.796349,On or near Glamorgan Grove,E01024879,Burnley 005A,Violence and sexual offences,Unable to prosecute suspect,
d108deadb1eaa98930fc10963fc742368165a22ebe8fc9c9246e876b8420479b,2021-06,Lancashire Constabulary,Lancashire Constabulary,-2.296801,53.794166,On or near Cowley Crescent,E01024879,Burnley 005A,Violence and sexual offences,Investigation complete; no suspect identified,
7c03b42a446aa5c76e55ce1c8bfdd3962b630859afad1558c2e8155d3e815271,2021-06,Lancashire Constabulary,Lancashire Constabulary,-2.288593,53.794923,On or near Kiddrow Lane,E01024879,Burnley 005A,Violence and sexual offences,Unable to prosecute suspect,
289776ec9c75fc5075d789bcfb6b89a904e239e571574f1f32ae55752bb8efd0,2021-06,Lancashire Constabulary,Lancashire Constabulary,-2.288593,53.794923,On or near Kiddrow Lane,E01024879,Burnley 005A,Violence and sexual offences,Unable to prosecute suspect,
,2021-06,Lancashire Constabulary,Lancashire Constabulary,-2.283049,53.794451,On or near Devon Grove,E01024880,Burnley 005B,Anti-social behaviour,,
,2021-06,Lancashire Constabulary,Lancashire Constabulary,-2.272979,53.795913,On or near Watt Street,E01024880,Burnley 005B,Anti-social behaviour,,
,2021-06,Lancashire Constabulary,Lancashire Constabulary,-2.283726,53.795690,On or near Radnor Avenue,E01024880,Burnley 005B,Anti-social behaviour,,
,2021-06,Lancashire Constabulary,Lancashire Constabulary,-2.278372,53.794264,On or near Lockyer Avenue,E01024880,Burnley 005B,Anti-social behaviour,,
a12b39d9501911f12756f158697ea05e4fc18a79bc5920d2bda18d8bd4a2d72e,2021-06,Lancashire Constabulary,Lancashire Constabulary,-2.283049,53.794451,On or near Devon Grove,E01024880,Burnley 005B,Criminal damage and arson,Unable to prosecute suspect,
c622f7cc6b9aba6a20ee0288e358893b8802249e2febb95943463c91a458ccd1,2021-06,Lancashire Constabulary,Lancashire Constabulary,-2.277453,53.795228,On or near Durham Avenue,E01024880,Burnley 005B,Criminal damage and arson,Investigation complete; no suspect identified,
ab6add25a1687807e0ac5f46c295329fa1fd4339e755cc86da2bf56309ab9077,2021-06,Lancashire Constabulary,Lancashire Constabulary,-2.283726,53.795690,On or near Radnor Avenue,E01024880,Burnley 005B,Criminal damage and arson,Investigation complete; no suspect identified,
831576a9c58b8f355948cf5999c71671c07b84c85e51d4493dfe904592de7bde,2021-06,Lancashire Constabulary,Lancashire Constabulary,-2.273687,53.795111,On or near Woodbine Gardens,E01024880,Burnley 005B,Shoplifting,Investigation complete; no suspect identified,
8b22af5fcb897850d89ca245327f2910ea8b52b0dd3757388561ee322fd09b6b,2021-06,Lancashire Constabulary,Lancashire Constabulary,-2.281247,53.792838,On or near Sports/Recreation Area,E01024880,Burnley 005B,Theft from the person,Investigation complete; no suspect identified,
b9922106e80dcdf5b6846898ca5a8427d6ab138a35b984c6db1e84fb279617d1,2021-06,Lancashire Constabulary,Lancashire Constabulary,-2.283726,53.795690,On or near Radnor Avenue,E01024880,Burnley 005B,Vehicle crime,Investigation complete; no suspect identified,
9ce05a2c5d8aafd2422ad2cd3c4b66979f004973130b20e924769ce632725ff5,2021-06,Lancashire Constabulary,Lancashire Constabulary,-2.278284,53.794714,On or near Hereford Avenue,E01024880,Burnley 005B,Vehicle crime,Investigation complete; no suspect identified,
b57afebe932110028e8da166a848fc847666b3d42896163c0e766f286b664ae0,2021-06,Lancashire Constabulary,Lancashire Constabulary,-2.280540,53.793828,On or near Sycamore Avenue,E01024880,Burnley 005B,Violence and sexual offences,Status update unavailable,
ef52afa7f502125fc2b273ae938cec5812ffb1356efbc9e30cad12457d2910d1,2021-06,Lancashire Constabulary,Lancashire Constabulary,-2.278284,53.794714,On or near Hereford Avenue,E01024880,Burnley 005B,Violence and sexual offences,Unable to prosecute suspect,
6f3e79afa732e759f8f76bfa537eac3673bd39f827f61755def06363f4481066,2021-06,Lancashire Constabulary,Lancashire Constabulary,-2.274424,53.794076,On or near Dugdale Road,E01024880,Burnley 005B,Violence and sexual offences,Unable to prosecute suspect,
5aded1698f2f132e1ce989ba95e1d3d18ba2af3b696cbd4c7ab088997cc8760f,2021-06,Lancashire Constabulary,Lancashire Constabulary,-2.272979,53.795913,On or near Watt Street,E01024880,Burnley 005B,Violence and sexual offences,Unable to prosecute suspect,
51343e3165d624a9850b9634d5102f83029ec5bfa7d78b998236cba83f3f638d,2021-06,Lancashire Constabulary,Lancashire Constabulary,-2.276748,53.791985,On or near Sycamore Avenue,E01024880,Burnley 005B,Violence and sexual offences,Status update unavailable,
279148cf4bb36a1bc0c9549ceca5600a3f7d79eeba63626e04080699f0fbf5eb,2021-06,Lancashire Constabulary,Lancashire Constabulary,-2.278284,53.794714,On or near Hereford Avenue,E01024880,Burnley 005B,Violence and sexual offences,Unable to prosecute suspect,
,2021-06,Lancashire Constabulary,Lancashire Constabulary,-2.285164,53.797412,On or near Padiham Road,E01024912,Burnley 005C,Anti-social behaviour,,
,2021-06,Lancashire Constabulary,Lancashire Constabulary,-2.285164,53.797412,On or near Padiham Road,E01024912,Burnley 005C,Anti-social behaviour,,
1eec6c929d894702c7fd1f6b399b2ab1e38eca79b3469ce8a751fd7d056ba38e,2021-06,Lancashire Constabulary,Lancashire Constabulary,-2.292794,53.800773,On or near Park/Open Space,E01024912,Burnley 005C,Criminal damage and arson,Investigation complete; no suspect identified,
c5ab8ebc221a979ce5ddb56f990e6bf725816e29a4fa884132052e22e4fa844a,2021-06,Lancashire Constabulary,Lancashire Constabulary,-2.292794,53.800773,On or near Park/Open Space,E01024912,Burnley 005C,Criminal damage and arson,Status update unavailable,
7da0c526ff23dabebd5cf679982cf71bb9e380511b796cd447ef40c3835e661d,2021-06,Lancashire Constabulary,Lancashire Constabulary,-2.281623,53.799101,On or near Cartmel Drive,E01024912,Burnley 005C,Other theft,Investigation complete; no suspect identified,
0a80a240e2e6a7bb483bb7d91a106b3dc76e89c26ab3f7a54e5af90c62afff86,2021-06,Lancashire Constabulary,Lancashire Constabulary,-2.282620,53.798335,On or near Lingmoor Drive,E01024912,Burnley 005C,Vehicle crime,Investigation complete; no suspect identified,
e6ebfd20e87ebb110aa50849c83cbab31b35622948f7f7e1ad5da2a23553aada,2021-06,Lancashire Constabulary,Lancashire Constabulary,-2.289629,53.797572,On or near Habergham Drive,E01024912,Burnley 005C,Vehicle crime,Investigation complete; no suspect identified,
c73ab04c3d5d1b3ce25217134eff1c229d23be0bc651f08c1439277b68ea20a4,2021-06,Lancashire Constabulary,Lancashire Constabulary,-2.283520,53.798980,On or near Lingmoor Drive,E01024912,Burnley 005C,Violence and sexual offences,Further investigation is not in the public interest,
82fa2bf8e5e9b7ab5801845bd4931314a4ccfc717a266dcb300820b08f79196b,2021-06,Lancashire Constabulary,Lancashire Constabulary,-2.283520,53.798980,On or near Lingmoor Drive,E01024912,Burnley 005C,Violence and sexual offences,Unable to prosecute suspect,
fac4a60b0850507f6d5ce7e3acf532d995323f5798fa2b2c4d018d4cf8091f97,2021-06,Lancashire Constabulary,Lancashire Constabulary,-2.285164,53.797412,On or near Padiham Road,E01024912,Burnley 005C,Violence and sexual offences,Unable to prosecute suspect,
dc05ed6fa6e10b2da7566a26ed97bdefb5afddebf67fc854994c9b3e7e354835,2021-06,Lancashire Constabulary,Lancashire Constabulary,-2.263273,53.799898,On or near Clover Crescent,E01024913,Burnley 005D,Criminal damage and arson,Unable to prosecute suspect,
3eab9e0ffe5d2a77b8449c4fb16749a80ab1d967744bb04dac48d3c460caa5ea,2021-06,Lancashire Constabulary,Lancashire Constabulary,-2.260052,53.799492,On or near The Spinney,E01024913,Burnley 005D,Criminal damage and arson,Unable to prosecute suspect,
8933a3a562658bd906c96383790990e9c284405612e762ff59688e88ae5aca16,2021-06,Lancashire Constabulary,Lancashire Constabulary,-2.263273,53.799898,On or near Clover Crescent,E01024913,Burnley 005D,Drugs,Offender given a caution,
17a14873dbd33610c36797c4b025d96e58804e635b21b2318f463990f774b565,2021-06,Lancashire Constabulary,Lancashire Constabulary,-2.260419,53.800003,On or near The Meadows,E01024913,Burnley 005D,Violence and sexual offences,Unable to prosecute suspect,
,2021-06,Lancashire Constabulary,Lancashire Constabulary,-2.269914,53.798607,On or near Herschel Avenue,E01024914,Burnley 005E,Anti-social behaviour,,
,2021-06,Lancashire Constabulary,Lancashire Constabulary,-2.267627,53.799313,On or near Westwood Road,E01024914,Burnley 005E,Anti-social behaviour,,
,2021-06,Lancashire Constabulary,Lancashire Constabulary,-2.276092,53.798332,On or near Castlerigg Drive,E01024914,Burnley 005E,Anti-social behaviour,,
,2021-06,Lancashire Constabulary,Lancashire Constabulary,-2.267174,53.797382,On or near Wellfield Drive,E01024914,Burnley 005E,Anti-social behaviour,,
06d510ddcaa034fd0d8b72c0a2ecdac304d8f90eb264552d73837174a9766b46,2021-06,Lancashire Constabulary,Lancashire Constabulary,-2.271285,53.801606,On or near Fairbairn Avenue,E01024914,Burnley 005E,Violence and sexual offences,Unable to prosecute suspect,
c999439a88f05a0dda609653f6546f209e3c990cf3c80476fca0d63604bbb332,2021-06,Lancashire Constabulary,Lancashire Constabulary,-2.267314,53.795548,On or near Ighten Road,E01024914,Burnley 005E,Violence and sexual offences,Unable to prosecute suspect,
,2021-06,Lancashire Constabulary,Lancashire Constabulary,-2.268899,53.791796,On or near Harley Street,E01024881,Burnley 006A,Anti-social behaviour,,
,2021-06,Lancashire Constabulary,Lancashire Constabulary,-2.271034,53.795603,On or near Brassey Street,E01024881,Burnley 006A,Anti-social behaviour,,
,2021-06,Lancashire Constabulary,Lancashire Constabulary,-2.266596,53.792395,On or near Claremont Street,E01024881,Burnley 006A,Anti-social behaviour,,
,2021-06,Lancashire Constabulary,Lancashire Constabulary,-2.270649,53.794866,On or near Arkwright Street,E01024881,Burnley 006A,Anti-social behaviour,,
,2021-06,Lancashire Constabulary,Lancashire Constabulary,-2.272361,53.794278,On or near Olivant Street,E01024881,Burnley 006A,Anti-social behaviour,,
,2021-06,Lancashire Constabulary,Lancashire Constabulary,-2.271034,53.795603,On or near Brassey Street,E01024881,Burnley 006A,Anti-social behaviour,,
,2021-06,Lancashire Constabulary,Lancashire Constabulary,-2.268899,53.791796,On or near Harley Street,E01024881,Burnley 006A,Anti-social behaviour,,
e225c3a7d91cf7c54da7ab4cc0cbc089fab936870d20bcb2e15cec6a40fa1f49,2021-06,Lancashire Constabulary,Lancashire Constabulary,-2.268472,53.791438,On or near St John'S Road,E01024881,Burnley 006A,Criminal damage and arson,Investigation complete; no suspect identified,
fa1e114bf932c0e43893471ce4edf5648ea449efd9ab8d78ff31c29b4b31eb39,2021-06,Lancashire Constabulary,Lancashire Constabulary,-2.268899,53.791796,On or near Harley Street,E01024881,Burnley 006A,Violence and sexual offences,Unable to prosecute suspect,
bbbf5a6aa408cb3bfa67bb6d9fe7d96d4a3e02dde965e3924681fe289a11f1b0,2021-06,Lancashire Constabulary,Lancashire Constabulary,-2.270650,53.795019,On or near Brunel Street,E01024881,Burnley 006A,Violence and sexual offences,Unable to prosecute suspect,
116a88be7d6f616c5ced78109591dd3b196184f0d9075b6f33e19afd85e59833,2021-06,Lancashire Constabulary,Lancashire Constabulary,-2.268067,53.792257,On or near Windsor Street,E01024881,Burnley 006A,Violence and sexual offences,Court result unavailable,
6b28fe70ddbd236726bb7302c087fc586800ec1baf2b5b3a31a4b62589685d04,2021-06,Lancashire Constabulary,Lancashire Constabulary,-2.268067,53.792257,On or near Windsor Street,E01024881,Burnley 006A,Violence and sexual offences,Status update unavailable,
4944e4708df2ec274e37b30cbe7cc7602792179a404fd7ffab1d26e888eaba43,2021-06,Lancashire Constabulary,Lancashire Constabulary,-2.268067,53.792257,On or near Windsor Street,E01024881,Burnley 006A,Violence and sexual offences,Unable to prosecute suspect,
2193ade6d91555475e069a35fc692c1ecfd174139c9b6764441c17accd9dc1aa,2021-06,Lancashire Constabulary,Lancashire Constabulary,-2.266596,53.792395,On or near Claremont Street,E01024881,Burnley 006A,Violence and sexual offences,Unable to prosecute suspect,
d355bb20f85706338cdbe9c2227a2ebea1b477019be9e7d746238849d636973e,2021-06,Lancashire Constabulary,Lancashire Constabulary,-2.272894,53.794529,On or near Beatrice Avenue,E01024881,Burnley 006A,Violence and sexual offences,Unable to prosecute suspect,
,2021-06,Lancashire Constabulary,Lancashire Constabulary,-2.270256,53.790301,On or near Gannow Lane,E01024882,Burnley 006B,Anti-social behaviour,,
,2021-06,Lancashire Constabulary,Lancashire Constabulary,-2.269441,53.791067,On or near Adamson Street,E01024882,Burnley 006B,Anti-social behaviour,,
,2021-06,Lancashire Constabulary,Lancashire Constabulary,-2.270256,53.790301,On or near Gannow Lane,E01024882,Burnley 006B,Anti-social behaviour,,
,2021-06,Lancashire Constabulary,Lancashire Constabulary,-2.270708,53.792224,On or near Oak Street,E01024882,Burnley 006B,Anti-social behaviour,,
,2021-06,Lancashire Constabulary,Lancashire Constabulary,-2.270115,53.792090,On or near Coultate Street,E01024882,Burnley 006B,Anti-social behaviour,,
,2021-06,Lancashire Constabulary,Lancashire Constabulary,-2.270520,53.791334,On or near Woodbine Road,E01024882,Burnley 006B,Anti-social behaviour,,
,2021-06,Lancashire Constabulary,Lancashire Constabulary,-2.269441,53.791067,On or near Adamson Street,E01024882,Burnley 006B,Anti-social behaviour,,
,2021-06,Lancashire Constabulary,Lancashire Constabulary,-2.270520,53.791334,On or near Woodbine Road,E01024882,Burnley 006B,Anti-social behaviour,,
,2021-06,Lancashire Constabulary,Lancashire Constabulary,-2.270520,53.791334,On or near Woodbine Road,E01024882,Burnley 006B,Anti-social behaviour,,
,2021-06,Lancashire Constabulary,Lancashire Constabulary,-2.273827,53.790985,On or near Sycamore Close,E01024882,Burnley 006B,Anti-social behaviour,,
,2021-06,Lancashire Constabulary,Lancashire Constabulary,-2.270816,53.790048,On or near Dickson Street,E01024882,Burnley 006B,Anti-social behaviour,,
,2021-06,Lancashire Constabulary,Lancashire Constabulary,-2.270115,53.792090,On or near Coultate Street,E01024882,Burnley 006B,Anti-social behaviour,,
,2021-06,Lancashire Constabulary,Lancashire Constabulary,-2.270115,53.792090,On or near Coultate Street,E01024882,Burnley 006B,Anti-social behaviour,,
91a03991d58145ebaebd27a805634fd95c376b7fb82ddd57c4c38700b817781a,2021-06,Lancashire Constabulary,Lancashire Constabulary,-2.272061,53.792544,On or near Lionel Street,E01024882,Burnley 006B,Criminal damage and arson,Status update unavailable,
282f25b9f2ba1513d356a43e2920da48401cf1ffa21986371df4416f8254fd7a,2021-06,Lancashire Constabulary,Lancashire Constabulary,-2.270115,53.792090,On or near Coultate Street,E01024882,Burnley 006B,Criminal damage and arson,Investigation complete; no suspect identified,
eefde6eba5b122bde676052f64a82502dddc5123fcdcc9dfd0facb1753b84c67,2021-06,Lancashire Constabulary,Lancashire Constabulary,-2.269441,53.791067,On or near Adamson Street,E01024882,Burnley 006B,Criminal damage and arson,Local resolution,
33b9d98350b79d7398c95741c42f1a34e317f6192070a5bebb681d1f33175e31,2021-06,Lancashire Constabulary,Lancashire Constabulary,-2.270520,53.791334,On or near Woodbine Road,E01024882,Burnley 006B,Criminal damage and arson,Investigation complete; no suspect identified,
0dfac8995a1acf78c942c46269c02569496f0fad4fcba39f4265a0c53b040071,2021-06,Lancashire Constabulary,Lancashire Constabulary,-2.269441,53.791067,On or near Adamson Street,E01024882,Burnley 006B,Criminal damage and arson,Local resolution,
6eeee0b6c01cdacca6dd770f6ab582a591c9d8c5bf348719a91223e222f8e770,2021-06,Lancashire Constabulary,Lancashire Constabulary,-2.270520,53.791334,On or near Woodbine Road,E01024882,Burnley 006B,Public order,Unable to prosecute suspect,
e19b52aafd8c6afdc85468287fb166c411c1b5e111437b0e546a7addd975b91d,2021-06,Lancashire Constabulary,Lancashire Constabulary,-2.270520,53.791334,On or near Woodbine Road,E01024882,Burnley 006B,Public order,Investigation complete; no suspect identified,
d8c26af57dcb98ff0dd96c2423aa017e98807c64ca96067033221eabbedeb64c,2021-06,Lancashire Constabulary,Lancashire Constabulary,-2.265970,53.791884,On or near Plover Street,E01024882,Burnley 006B,Public order,Court result unavailable,
5b093f9b511e9a31098b81f06c8cc8c89db91b3804b208105c02d19069a1f3b2,2021-06,Lancashire Constabulary,Lancashire Constabulary,-2.272121,53.790072,On or near Southwark,E01024882,Burnley 006B,Violence and sexual offences,Unable to prosecute suspect,
5c9be418a749dd87b084305dee15446266c1faeb93963d3bdc297a6bae6b8064,2021-06,Lancashire Constabulary,Lancashire Constabulary,-2.269987,53.793322,On or near Larch Street,E01024882,Burnley 006B,Violence and sexual offences,Unable to prosecute suspect,
f6bd0b1e29678284b525663ea06ab73756baf8acedd5d9ecb5f30c7dda857559,2021-06,Lancashire Constabulary,Lancashire Constabulary,-2.270708,53.792224,On or near Oak Street,E01024882,Burnley 006B,Violence and sexual offences,Unable to prosecute suspect,
e1f490dbf5c6534734bb76db078cc0024921c7d6199dbb5dde819b6e2de8cca7,2021-06,Lancashire Constabulary,Lancashire Constabulary,-2.270708,53.792224,On or near Oak Street,E01024882,Burnley 006B,Violence and sexual offences,Unable to prosecute suspect,
b265f0cb9f2d3c44df76b63c3cd75739047faf7865797593b23b5246c5758c81,2021-06,Lancashire Constabulary,Lancashire Constabulary,-2.269441,53.791067,On or near Adamson Street,E01024882,Burnley 006B,Violence and sexual offences,Unable to prosecute suspect,
97166952bdf1c985589c7170c770543f651940fbd89f9e8d30acf8cd53511360,2021-06,Lancashire Constabulary,Lancashire Constabulary,-2.265970,53.791884,On or near Plover Street,E01024882,Burnley 006B,Violence and sexual offences,Unable to prosecute suspect,
432e87efb5ccb4ff9be9e1389264139cc81df4943c734cce3532beec9e2af211,2021-06,Lancashire Constabulary,Lancashire Constabulary,-2.270708,53.792224,On or near Oak Street,E01024882,Burnley 006B,Violence and sexual offences,Unable to prosecute suspect,
43a584d250fe02455a357d269f8301cddcdeade67ad3616162847e2ac6d83198,2021-06,Lancashire Constabulary,Lancashire Constabulary,-2.271412,53.790712,On or near Wren Street,E01024882,Burnley 006B,Violence and sexual offences,Unable to prosecute suspect,
9227945ca584e2be03b22530ca7d4d03d2f62f6b888785bb3cfa5d461fab80b8,2021-06,Lancashire Constabulary,Lancashire Constabulary,-2.270708,53.792224,On or near Oak Street,E01024882,Burnley 006B,Violence and sexual offences,Unable to prosecute suspect,
63fa68a171c93c869d074c72b3d5e879c33c63ec9bc27c2bfda9214d4b9422b0,2021-06,Lancashire Constabulary,Lancashire Constabulary,-2.270708,53.792224,On or near Oak Street,E01024882,Burnley 006B,Violence and sexual offences,Unable to prosecute suspect,
c24029db7fe5e76bbe475a35d41c763317a505c4651e0dec7f8312a8ad0e4b1a,2021-06,Lancashire Constabulary,Lancashire Constabulary,-2.270816,53.790048,On or near Dickson Street,E01024882,Burnley 006B,Violence and sexual offences,Unable to prosecute suspect,
,2021-06,Lancashire Constabulary,Lancashire Constabulary,-2.278976,53.789158,On or near Saltburn Street,E01024902,Burnley 006C,Anti-social behaviour,,
,2021-06,Lancashire Constabulary,Lancashire Constabulary,-2.278713,53.788404,On or near Bradley Gardens,E01024902,Burnley 006C,Anti-social behaviour,,
,2021-06,Lancashire Constabulary,Lancashire Constabulary,-2.281642,53.788271,On or near Metcalfe Street,E01024902,Burnley 006C,Anti-social behaviour,,
,2021-06,Lancashire Constabulary,Lancashire Constabulary,-2.281467,53.791642,On or near Lockyer Avenue,E01024902,Burnley 006C,Anti-social behaviour,,
,2021-06,Lancashire Constabulary,Lancashire Constabulary,-2.285627,53.791758,On or near Lowerhouse Lane,E01024902,Burnley 006C,Anti-social behaviour,,
,2021-06,Lancashire Constabulary,Lancashire Constabulary,-2.278976,53.789158,On or near Saltburn Street,E01024902,Burnley 006C,Anti-social behaviour,,
,2021-06,Lancashire Constabulary,Lancashire Constabulary,-2.277020,53.789405,On or near Gannow Lane,E01024902,Burnley 006C,Anti-social behaviour,,
0d94787662d88fb626075a09c549e3b06679947879f5c3e1c55e680fef9281e4,2021-06,Lancashire Constabulary,Lancashire Constabulary,-2.278976,53.789158,On or near Saltburn Street,E01024902,Burnley 006C,Burglary,Investigation complete; no suspect identified,
90a01f13307a002012a9044970a20799d4b7c0c35d7b4779c6d4730a0828d40a,2021-06,Lancashire Constabulary,Lancashire Constabulary,-2.284009,53.790458,On or near Groveside Park,E01024902,Burnley 006C,Burglary,Status update unavailable,
019c39834c291b12b3bc87782019cb8e7bb2b91818383d01abec051e418fd6a0,2021-06,Lancashire Constabulary,Lancashire Constabulary,-2.278976,53.789158,On or near Saltburn Street,E01024902,Burnley 006C,Criminal damage and arson,Investigation complete; no suspect identified,
59b29816dae72c97bce65f47694a9c95165a67bd0b3cc1482fa6be3d1e4d9704,2021-06,Lancashire Constabulary,Lancashire Constabulary,-2.282543,53.789186,On or near Dorset Street,E01024902,Burnley 006C,Criminal damage and arson,Unable to prosecute suspect,
764d50828e11cdec4dfbaa22e9bbf18d56127f4386715a9b5c981b0039fcb513,2021-06,Lancashire Constabulary,Lancashire Constabulary,-2.278976,53.789158,On or near Saltburn Street,E01024902,Burnley 006C,Other theft,Status update unavailable,
cccc0619168b4bca94a9ee84731754f82c2690ca23f7f91c1c65721bf9caa1ba,2021-06,Lancashire Constabulary,Lancashire Constabulary,-2.285627,53.791758,On or near Lowerhouse Lane,E01024902,Burnley 006C,Public order,Offender given penalty notice,
e349fe7f62ca6c9c3cf6e669ff98bb6c2151cfcf5782f20c07b0ab30e2e2c65b,2021-06,Lancashire Constabulary,Lancashire Constabulary,-2.285627,53.791758,On or near Lowerhouse Lane,E01024902,Burnley 006C,Public order,Unable to prosecute suspect,
514fe6c8ab30aded7245a763a54c0adff1ea1708eaa7e46f3dc84ac52176b486,2021-06,Lancashire Constabulary,Lancashire Constabulary,-2.281467,53.791642,On or near Lockyer Avenue,E01024902,Burnley 006C,Vehicle crime,Investigation complete; no suspect identified,
a7edae52add3b3146cb84a1f5c173caedb9d2e1f1b83087db9571a2b1d4e5d8f,2021-06,Lancashire Constabulary,Lancashire Constabulary,-2.281615,53.788792,On or near The Grove,E01024902,Burnley 006C,Violence and sexual offences,Unable to prosecute suspect,
5c16683eb7712e79f17e0aebf996a07fc3d46a7a408c3b3a7d3af4487bc9c361,2021-06,Lancashire Constabulary,Lancashire Constabulary,-2.279620,53.790172,On or near Wilson Fold,E01024902,Burnley 006C,Violence and sexual offences,Unable to prosecute suspect,
2b8f5b29e087be4df1cb7c9a4a8978b5a21274a4da3558544357d09cf786ee19,2021-06,Lancashire Constabulary,Lancashire Constabulary,-2.278713,53.788404,On or near Bradley Gardens,E01024902,Burnley 006C,Violence and sexual offences,Court result unavailable,
35e6b0c2f1aec725b6eab7f38be34a437f6dc74daa06a7322a1ee3f61fb2bdd8,2021-06,Lancashire Constabulary,Lancashire Constabulary,-2.282543,53.789186,On or near Dorset Street,E01024902,Burnley 006C,Violence and sexual offences,Status update unavailable,
6d753230118ff9a8a7fdc6d4d4bb9e8753b91f36dab083c01abd76b729126152,2021-06,Lancashire Constabulary,Lancashire Constabulary,-2.279620,53.790172,On or near Wilson Fold,E01024902,Burnley 006C,Violence and sexual offences,Unable to prosecute suspect,
a82c2512035b5ecfcd0ccaf365608397a730d5b83443fc3a4d154670463e58b2,2021-06,Lancashire Constabulary,Lancashire Constabulary,-2.281615,53.788792,On or near The Grove,E01024902,Burnley 006C,Violence and sexual offences,Unable to prosecute suspect,
cced83420f41fe546ffda4b4b82077fa93343631e72a982c3a307d1f8d3e1e73,2021-06,Lancashire Constabulary,Lancashire Constabulary,-2.285627,53.791758,On or near Lowerhouse Lane,E01024902,Burnley 006C,Violence and sexual offences,Unable to prosecute suspect,
,2021-06,Lancashire Constabulary,Lancashire Constabulary,-2.264175,53.791250,On or near Bread Street,E01024911,Burnley 006D,Anti-social behaviour,,
,2021-06,Lancashire Constabulary,Lancashire Constabulary,-2.259613,53.797237,On or near Beachley Square,E01024911,Burnley 006D,Anti-social behaviour,,
,2021-06,Lancashire Constabulary,Lancashire Constabulary,-2.258648,53.795909,On or near Kielder Drive,E01024911,Burnley 006D,Anti-social behaviour,,
,2021-06,Lancashire Constabulary,Lancashire Constabulary,-2.262196,53.792719,On or near Cairo Street,E01024911,Burnley 006D,Anti-social behaviour,,
,2021-06,Lancashire Constabulary,Lancashire Constabulary,-2.264175,53.791250,On or near Bread Street,E01024911,Burnley 006D,Anti-social behaviour,,
,2021-06,Lancashire Constabulary,Lancashire Constabulary,-2.262196,53.792719,On or near Cairo Street,E01024911,Burnley 006D,Anti-social behaviour,,
,2021-06,Lancashire Constabulary,Lancashire Constabulary,-2.264175,53.791250,On or near Bread Street,E01024911,Burnley 006D,Anti-social behaviour,,
,2021-06,Lancashire Constabulary,Lancashire Constabulary,-2.259285,53.793346,On or near Junction Street,E01024911,Burnley 006D,Anti-social behaviour,,
,2021-06,Lancashire Constabulary,Lancashire Constabulary,-2.264175,53.791250,On or near Bread Street,E01024911,Burnley 006D,Anti-social behaviour,,
c068f284633ec8bfff7f3f9c594ec0f00fd51fe0c4810d6bd4cca1e3975c97e6,2021-06,Lancashire Constabulary,Lancashire Constabulary,-2.261219,53.796730,On or near Avon Court,E01024911,Burnley 006D,Burglary,Status update unavailable,
edb34f9cafb487dabdb76031d4de3e76085d3dab8b542b681cb1c7af4c347de5,2021-06,Lancashire Constabulary,Lancashire Constabulary,-2.263331,53.792213,On or near Granby Street,E01024911,Burnley 006D,Other theft,Unable to prosecute suspect,
ab4010b2d797ce306d68ce1630cfb50a827feb1fa6d423178bc624ef90203711,2021-06,Lancashire Constabulary,Lancashire Constabulary,-2.261219,53.796730,On or near Avon Court,E01024911,Burnley 006D,Other theft,Unable to prosecute suspect,
dd3ac57498572570f329614d496be2d48e282110715680b8886c9a0dd5b50d40,2021-06,Lancashire Constabulary,Lancashire Constabulary,-2.261766,53.792037,On or near Dale Close,E01024911,Burnley 006D,Other theft,Status update unavailable,
a8c0107ff6bd6e3c7657c4ffee69565ded6b6e48218418373bcde43573a804a9,2021-06,Lancashire Constabulary,Lancashire Constabulary,-2.265981,53.791228,On or near Pendle Way,E01024911,Burnley 006D,Public order,Unable to prosecute suspect,
2b5a38757e9bc7395635ce5e0c7ebc308e330b74e6445f63e1af3596be7c9045,2021-06,Lancashire Constabulary,Lancashire Constabulary,-2.260953,53.793054,On or near Cotton Street,E01024911,Burnley 006D,Violence and sexual offences,Unable to prosecute suspect,
a224d63950f9b849685299ac9d4b5e8286f02d4208a2034a3561c46919b1ff3a,2021-06,Lancashire Constabulary,Lancashire Constabulary,-2.262196,53.792719,On or near Cairo Street,E01024911,Burnley 006D,Violence and sexual offences,Unable to prosecute suspect,
cde3b098a350d3719adff41fcb4e081568f8053435d2b083e0da02a92583ab31,2021-06,Lancashire Constabulary,Lancashire Constabulary,-2.262196,53.792719,On or near Cairo Street,E01024911,Burnley 006D,Violence and sexual offences,Unable to prosecute suspect,
82d85b1fee82059157571c9d544c94959ee3868c7da504e87ef47def0bf74f3b,2021-06,Lancashire Constabulary,Lancashire Constabulary,-2.261726,53.792918,On or near Pickles Street,E01024911,Burnley 006D,Violence and sexual offences,Unable to prosecute suspect,
d9661df00e444ebcebca67bae1de0cd900ee2486b84901a680ce370f9cbed9ba,2021-06,Lancashire Constabulary,Lancashire Constabulary,-2.259285,53.793346,On or near Junction Street,E01024911,Burnley 006D,Violence and sexual offences,Unable to prosecute suspect,
74dafb33f8159a8950d7bc73782598bd15dd4f2291310f32461d0e7eb3789b09,2021-06,Lancashire Constabulary,Lancashire Constabulary,-2.262196,53.792719,On or near Cairo Street,E01024911,Burnley 006D,Violence and sexual offences,Status update unavailable,
c3a6fb104a27484fd3725c8b83614bc3bcde35ca34e8f03b6b1ec2ed932c5ce1,2021-06,Lancashire Constabulary,Lancashire Constabulary,-2.263661,53.791592,On or near Shale Street,E01024911,Burnley 006D,Violence and sexual offences,Unable to prosecute suspect,
b260e2f35b2a1a5fde57a85b65c01838319d76be7daceddc09ce73ed470a63bd,2021-06,Lancashire Constabulary,Lancashire Constabulary,-2.261726,53.792918,On or near Pickles Street,E01024911,Burnley 006D,Violence and sexual offences,Unable to prosecute suspect,
,2021-06,Lancashire Constabulary,Lancashire Constabulary,-2.231776,53.787398,On or near Mary Street,E01024855,Burnley 007A,Anti-social behaviour,,
,2021-06,Lancashire Constabulary,Lancashire Constabulary,-2.231364,53.787012,On or near Eastham Street,E01024855,Burnley 007A,Anti-social behaviour,,
,2021-06,Lancashire Constabulary,Lancashire Constabulary,-2.229859,53.786566,On or near Hinton Street,E01024855,Burnley 007A,Anti-social behaviour,,
,2021-06,Lancashire Constabulary,Lancashire Constabulary,-2.230425,53.787437,On or near Holly Street,E01024855,Burnley 007A,Anti-social behaviour,,
,2021-06,Lancashire Constabulary,Lancashire Constabulary,-2.228181,53.785014,On or near Sports/Recreation Area,E01024855,Burnley 007A,Anti-social behaviour,,
,2021-06,Lancashire Constabulary,Lancashire Constabulary,-2.231095,53.787750,On or near Helena Street,E01024855,Burnley 007A,Anti-social behaviour,,
,2021-06,Lancashire Constabulary,Lancashire Constabulary,-2.227368,53.786157,On or near Mitella Street,E01024855,Burnley 007A,Anti-social behaviour,,
,2021-06,Lancashire Constabulary,Lancashire Constabulary,-2.228850,53.788033,On or near Brunshaw Road,E01024855,Burnley 007A,Anti-social behaviour,,
,2021-06,Lancashire Constabulary,Lancashire Constabulary,-2.230903,53.786016,On or near Linby Street,E01024855,Burnley 007A,Anti-social behaviour,,
,2021-06,Lancashire Constabulary,Lancashire Constabulary,-2.231364,53.787012,On or near Eastham Street,E01024855,Burnley 007A,Anti-social behaviour,,
,2021-06,Lancashire Constabulary,Lancashire Constabulary,-2.231510,53.785898,On or near Linden Street,E01024855,Burnley 007A,Anti-social behaviour,,
,2021-06,Lancashire Constabulary,Lancashire Constabulary,-2.234383,53.786674,On or near Lower Tentre,E01024855,Burnley 007A,Anti-social behaviour,,
f561c146ed27a6c2f5b2c1a226eb9b112afa0d6046d46d8aa322f299cd7551b9,2021-06,Lancashire Constabulary,Lancashire Constabulary,-2.231494,53.788513,On or near Harry Potts Way,E01024855,Burnley 007A,Burglary,Investigation complete; no suspect identified,
ba9fda6451ef586b31e92de0e364d8a641cd8c4fc5af8f54549d6e524b7679a5,2021-06,Lancashire Constabulary,Lancashire Constabulary,-2.231776,53.787398,On or near Mary Street,E01024855,Burnley 007A,Criminal damage and arson,Unable to prosecute suspect,
320deb79dd3ac8ba7197f322e211b5ab07c034aa88fa2d882e2969c817e72fa5,2021-06,Lancashire Constabulary,Lancashire Constabulary,-2.229834,53.787474,On or near Higgin Street,E01024855,Burnley 007A,Criminal damage and arson,Unable to prosecute suspect,
03fb5a5b4a2181af7d7e29fe025de18f0d938d12563c3060e54a5e2b4bc07784,2021-06,Lancashire Constabulary,Lancashire Constabulary,-2.228755,53.787215,On or near Celia Street,E01024855,Burnley 007A,Drugs,Court result unavailable,
f32a69c437546be5ae2a25799b0f243c1c5373a1151b56c76b627957693ce977,2021-06,Lancashire Constabulary,Lancashire Constabulary,-2.228755,53.787215,On or near Celia Street,E01024855,Burnley 007A,Other theft,Unable to prosecute suspect,
df456d5f45f291ec2268fa79433b55f35837a1f964bde5764a7b13837905cd96,2021-06,Lancashire Constabulary,Lancashire Constabulary,-2.234383,53.786674,On or near Lower Tentre,E01024855,Burnley 007A,Public order,Unable to prosecute suspect,
5f1b52642eda71122fc1f17afccb04ea48f0b430d3f92129d0657387f99a916f,2021-06,Lancashire Constabulary,Lancashire Constabulary,-2.230903,53.786016,On or near Linby Street,E01024855,Burnley 007A,Public order,Unable to prosecute suspect,
ce97ef81329b11c51d21f2ced04154e87daf1a9105471cd1726eab4bc53ddbb2,2021-06,Lancashire Constabulary,Lancashire Constabulary,-2.229834,53.787474,On or near Higgin Street,E01024855,Burnley 007A,Public order,Unable to prosecute suspect,
9dd756b207ab55e0a577ff1ba9fa41979771e9a9548c2f13a173fdb9df5e81cd,2021-06,Lancashire Constabulary,Lancashire Constabulary,-2.229834,53.787474,On or near Higgin Street,E01024855,Burnley 007A,Public order,Unable to prosecute suspect,
ead64f1954ee8e1c1784f91b93395a7a648ad1315665833853dfe008770eabf1,2021-06,Lancashire Constabulary,Lancashire Constabulary,-2.231510,53.785898,On or near Linden Street,E01024855,Burnley 007A,Public order,Offender given penalty notice,
2a22d6d4f83e2520b32437dfd06912a23cde5d7d30bfdbee6a03b7c5e8e3c577,2021-06,Lancashire Constabulary,Lancashire Constabulary,-2.231510,53.785898,On or near Linden Street,E01024855,Burnley 007A,Shoplifting,Status update unavailable,
f1f75c3e929b838156fdbab40009bb93c6e7d65af79c128eae7dcab90c1086f0,2021-06,Lancashire Constabulary,Lancashire Constabulary,-2.231364,53.787012,On or near Eastham Street,E01024855,Burnley 007A,Violence and sexual offences,Investigation complete; no suspect identified,
39feea31d0322f73f7c11329ca7830d270410fc23e153fde2bf0fd047ec3883f,2021-06,Lancashire Constabulary,Lancashire Constabulary,-2.234383,53.786674,On or near Lower Tentre,E01024855,Burnley 007A,Violence and sexual offences,Unable to prosecute suspect,
998c737397a01d5aff484ec8990ad301eb7d5c2a59c6b92441110ac9373dff6e,2021-06,Lancashire Constabulary,Lancashire Constabulary,-2.227368,53.786157,On or near Mitella Street,E01024855,Burnley 007A,Violence and sexual offences,Unable to prosecute suspect,
55faae27051a1abe536507992c882cad55cd386d233793327b1a1e6bfdd1de7e,2021-06,Lancashire Constabulary,Lancashire Constabulary,-2.230903,53.786016,On or near Linby Street,E01024855,Burnley 007A,Violence and sexual offences,Unable to prosecute suspect,
ceac9439bd7f7c2b4db40e234c5eab6b01fadb7c00edde157d06c91951586d04,2021-06,Lancashire Constabulary,Lancashire Constabulary,-2.230206,53.788983,On or near Sports/Recreation Area,E01024855,Burnley 007A,Violence and sexual offences,Investigation complete; no suspect identified,
703361c39a9db466d27057f147ffb610ffbf8c5b8074e0aee12791d633bd1abb,2021-06,Lancashire Constabulary,Lancashire Constabulary,-2.230071,53.786529,On or near Lyndhurst Road,E01024855,Burnley 007A,Violence and sexual offences,Unable to prosecute suspect,
441dfccc5ce05069b6f317fa24e1a1c5032c42c066bebbead9f2774fc7d6bf0e,2021-06,Lancashire Constabulary,Lancashire Constabulary,-2.231510,53.785898,On or near Linden Street,E01024855,Burnley 007A,Violence and sexual offences,Unable to prosecute suspect,
,2021-06,Lancashire Constabulary,Lancashire Constabulary,-2.239246,53.793100,On or near Dawson Square,E01024857,Burnley 007B,Anti-social behaviour,,
,2021-06,Lancashire Constabulary,Lancashire Constabulary,-2.230460,53.790942,On or near Holcombe Drive,E01024857,Burnley 007B,Anti-social behaviour,,
,2021-06,Lancashire Constabulary,Lancashire Constabulary,-2.235580,53.799920,On or near Pheasantford Green,E01024857,Burnley 007B,Anti-social behaviour,,
,2021-06,Lancashire Constabulary,Lancashire Constabulary,-2.239246,53.793100,On or near Dawson Square,E01024857,Burnley 007B,Anti-social behaviour,,
,2021-06,Lancashire Constabulary,Lancashire Constabulary,-2.236585,53.800511,On or near Earl Street,E01024857,Burnley 007B,Anti-social behaviour,,
,2021-06,Lancashire Constabulary,Lancashire Constabulary,-2.239246,53.793100,On or near Dawson Square,E01024857,Burnley 007B,Anti-social behaviour,,
,2021-06,Lancashire Constabulary,Lancashire Constabulary,-2.235650,53.801493,On or near Briercliffe Road,E01024857,Burnley 007B,Anti-social behaviour,,
,2021-06,Lancashire Constabulary,Lancashire Constabulary,-2.235650,53.801493,On or near Briercliffe Road,E01024857,Burnley 007B,Anti-social behaviour,,
ee5aa8e9c115843093a0aacbe12372971cc91c6c2df979312e7440147227d6ec,2021-06,Lancashire Constabulary,Lancashire Constabulary,-2.233676,53.793353,On or near Straight Mile Court,E01024857,Burnley 007B,Criminal damage and arson,Status update unavailable,
7c2d58af49b16e14d84ac14914fe0d0b7a9aeb74448b5a81d5dda1a960bcaad8,2021-06,Lancashire Constabulary,Lancashire Constabulary,-2.230460,53.790942,On or near Holcombe Drive,E01024857,Burnley 007B,Criminal damage and arson,Unable to prosecute suspect,
59476fc808c1d99ccfba39d3f2cc4d2dd88d17776610b638ce1262be16998075,2021-06,Lancashire Constabulary,Lancashire Constabulary,-2.230460,53.790942,On or near Holcombe Drive,E01024857,Burnley 007B,Criminal damage and arson,Unable to prosecute suspect,
7928ecf6ae7d606e16911b1444a3369eaf28ebbaf82f24b0316f07cc42831754,2021-06,Lancashire Constabulary,Lancashire Constabulary,-2.235580,53.799920,On or near Pheasantford Green,E01024857,Burnley 007B,Possession of weapons,Court result unavailable,
8bbdaa44909d2b94f03fc817e7decebd0bcf9d8e12f2856ec9906a2a56e7a230,2021-06,Lancashire Constabulary,Lancashire Constabulary,-2.235650,53.801493,On or near Briercliffe Road,E01024857,Burnley 007B,Public order,Court result unavailable,
97d4b39d30ebec77b636fd5a69ffe54b343099129e87624a894d2bb35a722527,2021-06,Lancashire Constabulary,Lancashire Constabulary,-2.239246,53.793100,On or near Dawson Square,E01024857,Burnley 007B,Shoplifting,Status update unavailable,
6610b56e8e3037f170a8172a19151f74469a7c8f2bdda38cd5653c24048207f7,2021-06,Lancashire Constabulary,Lancashire Constabulary,-2.235650,53.801493,On or near Briercliffe Road,E01024857,Burnley 007B,Theft from the person,Investigation complete; no suspect identified,
e7fd62210e21462c1080120b7019681c4b1bae37966329cbc486ac28fb8960a4,2021-06,Lancashire Constabulary,Lancashire Constabulary,-2.230460,53.790942,On or near Holcombe Drive,E01024857,Burnley 007B,Violence and sexual offences,Status update unavailable,
918c0ebd7c5d4706200851baad512bd9a1d9a5e6c973d2d257382a617e788762,2021-06,Lancashire Constabulary,Lancashire Constabulary,-2.233676,53.793353,On or near Straight Mile Court,E01024857,Burnley 007B,Violence and sexual offences,Unable to prosecute suspect,
0e979dcd00de0697292709e1bd13550c15ebccec7bbddd6c0edb32400fb1d7a0,2021-06,Lancashire Constabulary,Lancashire Constabulary,-2.230460,53.790942,On or near Holcombe Drive,E01024857,Burnley 007B,Violence and sexual offences,Unable to prosecute suspect,
49d5d5ec3e6f61384edc9155148b1a766870108921e5e914cf8dc831f7ca3343,2021-06,Lancashire Constabulary,Lancashire Constabulary,-2.233676,53.793353,On or near Straight Mile Court,E01024857,Burnley 007B,Violence and sexual offences,Local resolution,
cd824bf805f11c30f72b6ebeddb05bfb35c2e78d182448ea96fb5e5dea2f57c0,2021-06,Lancashire Constabulary,Lancashire Constabulary,-2.238349,53.792922,On or near Shorey Bank,E01024857,Burnley 007B,Violence and sexual offences,Unable to prosecute suspect,
6858c2acc5f0da6b0123349a536dc9784a7175f6785a9222b5ef4011c0533335,2021-06,Lancashire Constabulary,Lancashire Constabulary,-2.225981,53.793521,On or near Aspen Drive,E01024857,Burnley 007B,Violence and sexual offences,Investigation complete; no suspect identified,
046a1faa111bf5f779955174b9ed78d058c21afc243a143e5b9adf65e0c6eabc,2021-06,Lancashire Constabulary,Lancashire Constabulary,-2.235650,53.801493,On or near Briercliffe Road,E01024857,Burnley 007B,Violence and sexual offences,Unable to prosecute suspect,
131bf13c06a6ba475799c357ee09e38eb3467be4e0c975f806798ac86d9b32ff,2021-06,Lancashire Constabulary,Lancashire Constabulary,-2.230460,53.790942,On or near Holcombe Drive,E01024857,Burnley 007B,Violence and sexual offences,Unable to prosecute suspect,
27312d9820be3a0a74f74cb1af9607ab155e2dab64ebdc6aaa63ae884ecb86e5,2021-06,Lancashire Constabulary,Lancashire Constabulary,-2.238349,53.792922,On or near Shorey Bank,E01024857,Burnley 007B,Violence and sexual offences,Unable to prosecute suspect,
787d08610411dcefecc6f57025493bcbf719a5cfac2168e2b4387c1721c79c26,2021-06,Lancashire Constabulary,Lancashire Constabulary,-2.233676,53.793353,On or near Straight Mile Court,E01024857,Burnley 007B,Violence and sexual offences,Unable to prosecute suspect,
df99c3ccc59899e721f1f1c0b25c95d428b683f84b52ea3b9432f89cf1a4c43f,2021-06,Lancashire Constabulary,Lancashire Constabulary,-2.238349,53.792922,On or near Shorey Bank,E01024857,Burnley 007B,Violence and sexual offences,Unable to prosecute suspect,
af3fa0b33cdf7016143122ad51d86b5197c3cb7da3747be6ddf3dfb5fe80f604,2021-06,Lancashire Constabulary,Lancashire Constabulary,-2.238349,53.792922,On or near Shorey Bank,E01024857,Burnley 007B,Violence and sexual offences,Unable to prosecute suspect,
c8f597e97aa666f960d7169e5eb98587df6ceb5631d82cf6cbf58d684d2198fc,2021-06,Lancashire Constabulary,Lancashire Constabulary,-2.239246,53.793100,On or near Dawson Square,E01024857,Burnley 007B,Violence and sexual offences,Unable to prosecute suspect,
640ebdf086205747b0e48b318dce65c95cf7c8b45719fb6d36cacd9a154ff9cf,2021-06,Lancashire Constabulary,Lancashire Constabulary,-2.235650,53.801493,On or near Briercliffe Road,E01024857,Burnley 007B,Violence and sexual offences,Unable to prosecute suspect,
a0a069f8b30a41935a998b1dccc80769602f80329db9f33970d7eecb033b3abe,2021-06,Lancashire Constabulary,Lancashire Constabulary,-2.233676,53.793353,On or near Straight Mile Court,E01024857,Burnley 007B,Violence and sexual offences,Unable to prosecute suspect,
d878b4b0fd5b34438efabea435c41cd03a99765912284a3ef06a968db4f8c26b,2021-06,Lancashire Constabulary,Lancashire Constabulary,-2.238349,53.792922,On or near Shorey Bank,E01024857,Burnley 007B,Violence and sexual offences,Further action is not in the public interest,
f72386cc7992cec06a4ea7f8406a9fe20826607996b641a5838441738360aab5,2021-06,Lancashire Constabulary,Lancashire Constabulary,-2.233676,53.793353,On or near Straight Mile Court,E01024857,Burnley 007B,Violence and sexual offences,Unable to prosecute suspect,
,2021-06,Lancashire Constabulary,Lancashire Constabulary,-2.235094,53.786286,On or near Hull Street,E01024858,Burnley 007C,Anti-social behaviour,,
,2021-06,Lancashire Constabulary,Lancashire Constabulary,-2.233716,53.792284,On or near Thurston Street,E01024858,Burnley 007C,Anti-social behaviour,,
,2021-06,Lancashire Constabulary,Lancashire Constabulary,-2.234834,53.791383,On or near Sandhurst Street,E01024858,Burnley 007C,Anti-social behaviour,,
,2021-06,Lancashire Constabulary,Lancashire Constabulary,-2.236398,53.788746,On or near Turf Street,E01024858,Burnley 007C,Anti-social behaviour,,
,2021-06,Lancashire Constabulary,Lancashire Constabulary,-2.237372,53.791935,On or near Hawk Street,E01024858,Burnley 007C,Anti-social behaviour,,
,2021-06,Lancashire Constabulary,Lancashire Constabulary,-2.234488,53.792040,On or near Hunslet Street,E01024858,Burnley 007C,Anti-social behaviour,,
,2021-06,Lancashire Constabulary,Lancashire Constabulary,-2.235874,53.787327,On or near Pine Street,E01024858,Burnley 007C,Anti-social behaviour,,
,2021-06,Lancashire Constabulary,Lancashire Constabulary,-2.234834,53.791383,On or near Sandhurst Street,E01024858,Burnley 007C,Anti-social behaviour,,
,2021-06,Lancashire Constabulary,Lancashire Constabulary,-2.237372,53.791935,On or near Hawk Street,E01024858,Burnley 007C,Anti-social behaviour,,
,2021-06,Lancashire Constabulary,Lancashire Constabulary,-2.235571,53.792963,On or near Talbot Street,E01024858,Burnley 007C,Anti-social behaviour,,
,2021-06,Lancashire Constabulary,Lancashire Constabulary,-2.235845,53.787660,On or near Ash Street,E01024858,Burnley 007C,Anti-social behaviour,,
,2021-06,Lancashire Constabulary,Lancashire Constabulary,-2.236398,53.788746,On or near Turf Street,E01024858,Burnley 007C,Anti-social behaviour,,
,2021-06,Lancashire Constabulary,Lancashire Constabulary,-2.233484,53.786055,On or near Holmes Street,E01024858,Burnley 007C,Anti-social behaviour,,
,2021-06,Lancashire Constabulary,Lancashire Constabulary,-2.233238,53.793714,On or near Felix Street,E01024858,Burnley 007C,Anti-social behaviour,,
,2021-06,Lancashire Constabulary,Lancashire Constabulary,-2.233716,53.792284,On or near Thurston Street,E01024858,Burnley 007C,Anti-social behaviour,,
,2021-06,Lancashire Constabulary,Lancashire Constabulary,-2.235874,53.787327,On or near Pine Street,E01024858,Burnley 007C,Anti-social behaviour,,
,2021-06,Lancashire Constabulary,Lancashire Constabulary,-2.233716,53.792284,On or near Thurston Street,E01024858,Burnley 007C,Anti-social behaviour,,
,2021-06,Lancashire Constabulary,Lancashire Constabulary,-2.236398,53.788746,On or near Turf Street,E01024858,Burnley 007C,Anti-social behaviour,,
,2021-06,Lancashire Constabulary,Lancashire Constabulary,-2.234488,53.792040,On or near Hunslet Street,E01024858,Burnley 007C,Anti-social behaviour,,
,2021-06,Lancashire Constabulary,Lancashire Constabulary,-2.235874,53.787327,On or near Pine Street,E01024858,Burnley 007C,Anti-social behaviour,,
,2021-06,Lancashire Constabulary,Lancashire Constabulary,-2.232446,53.793185,On or near Doris Street,E01024858,Burnley 007C,Anti-social behaviour,,
,2021-06,Lancashire Constabulary,Lancashire Constabulary,-2.233238,53.793714,On or near Felix Street,E01024858,Burnley 007C,Anti-social behaviour,,
b7d0a6f3909c22837f6f0337e2beffe965cc880b359cc7ba94dcc871ce7e1990,2021-06,Lancashire Constabulary,Lancashire Constabulary,-2.232446,53.793185,On or near Doris Street,E01024858,Burnley 007C,Bicycle theft,Unable to prosecute suspect,
446d24aec4c18e10837a1f3d99bba7bd387ef3100d85dbf5d6659c3be371f1bd,2021-06,Lancashire Constabulary,Lancashire Constabulary,-2.237327,53.792016,On or near Lindsay Street,E01024858,Burnley 007C,Burglary,Status update unavailable,
335af8e1dcb2acff62c3a0a68b7067731bb90a30a3f7abb623216cb9b19bec4c,2021-06,Lancashire Constabulary,Lancashire Constabulary,-2.235845,53.787660,On or near Ash Street,E01024858,Burnley 007C,Burglary,Investigation complete; no suspect identified,
a3648517eff7ffdbca9b3290f3474386a664ee02f0532841ccc2197c9af5af32,2021-06,Lancashire Constabulary,Lancashire Constabulary,-2.235845,53.787660,On or near Ash Street,E01024858,Burnley 007C,Burglary,Investigation complete; no suspect identified,
d166fba926d981e285aa8dbe040ee2824d1ebad088d840afb5c1961e06965a53,2021-06,Lancashire Constabulary,Lancashire Constabulary,-2.236479,53.792404,On or near Forest Street,E01024858,Burnley 007C,Burglary,Investigation complete; no suspect identified,
9ded9e2e4302e5ede327463a80a1736a0e43071182cc85c51c4a847552cd9b35,2021-06,Lancashire Constabulary,Lancashire Constabulary,-2.233484,53.786055,On or near Holmes Street,E01024858,Burnley 007C,Criminal damage and arson,Investigation complete; no suspect identified,
b441eacaa2b502d33d0989ee9cdeba0c63946e300b9396b5d3c8047a3c2b2a20,2021-06,Lancashire Constabulary,Lancashire Constabulary,-2.234177,53.790548,On or near Ridge Road,E01024858,Burnley 007C,Criminal damage and arson,Investigation complete; no suspect identified,
84fc927568751d85957b4f4b77d3e84c0a8a2f04de078ab82dd52027f42a1286,2021-06,Lancashire Constabulary,Lancashire Constabulary,-2.236050,53.789025,On or near Yorkshire Street,E01024858,Burnley 007C,Criminal damage and arson,Court result unavailable,
eb5af242fc7ec625bd0d321622b241dfeaf0b1b499f1990770f01e831da5a5a9,2021-06,Lancashire Constabulary,Lancashire Constabulary,-2.234177,53.790548,On or near Ridge Road,E01024858,Burnley 007C,Criminal damage and arson,Court result unavailable,
65340ab38e5088edd4a240ca23db033ee834db73232213c96e898800c1df807a,2021-06,Lancashire Constabulary,Lancashire Constabulary,-2.236479,53.792404,On or near Forest Street,E01024858,Burnley 007C,Criminal damage and arson,Unable to prosecute suspect,
15700a27bbbf311bf04ce0437773a29f216ab028868704ddc25a5599e5a578c4,2021-06,Lancashire Constabulary,Lancashire Constabulary,-2.235845,53.787660,On or near Ash Street,E01024858,Burnley 007C,Criminal damage and arson,Investigation complete; no suspect identified,
1f5bb41e1f4145793d64448ea9f36e9037872da7351908b9aaa70f9364bb9c68,2021-06,Lancashire Constabulary,Lancashire Constabulary,-2.238815,53.792040,On or near Church Street,E01024858,Burnley 007C,Criminal damage and arson,Unable to prosecute suspect,
b8f9897378b3dc13d7806b2e8bbc41ec63806e84fa397a2e30b437170e0b4b1f,2021-06,Lancashire Constabulary,Lancashire Constabulary,-2.235094,53.786286,On or near Hull Street,E01024858,Burnley 007C,Criminal damage and arson,Further investigation is not in the public interest,
a43fa7e1ae3d621baa86b6793540bff73464b9e4366a22e35c7c6cc86908205e,2021-06,Lancashire Constabulary,Lancashire Constabulary,-2.235845,53.787660,On or near Ash Street,E01024858,Burnley 007C,Drugs,Status update unavailable,
7f5e56557b6c9cc9b9d1896d11570bbdfb9872b59d8f3cb341028a041b90a3ce,2021-06,Lancashire Constabulary,Lancashire Constabulary,-2.234716,53.789316,On or near Blakey Street,E01024858,Burnley 007C,Drugs,Offender given penalty notice,
403a0d87ee8163f1fb8f7fed549e5e88120aeeb392c982a72ab76c2124478a91,2021-06,Lancashire Constabulary,Lancashire Constabulary,-2.233439,53.791754,On or near Leyland Road,E01024858,Burnley 007C,Drugs,Court result unavailable,
105eb42f22fd927024ddac11319caaf80198691d0a6dc40023d952c1992db8b1,2021-06,Lancashire Constabulary,Lancashire Constabulary,-2.237975,53.791278,On or near Adlington Street,E01024858,Burnley 007C,Other theft,Investigation complete; no suspect identified,
7b973ba145cd923f467eddcc265a308a04f912d9f3a954ad9bf5674b1e4678b5,2021-06,Lancashire Constabulary,Lancashire Constabulary,-2.234488,53.792040,On or near Hunslet Street,E01024858,Burnley 007C,Public order,Investigation complete; no suspect identified,
9d3d246846280ede36fcc41f29994074673d06277e728dac21e5ab2041828ab1,2021-06,Lancashire Constabulary,Lancashire Constabulary,-2.234177,53.790548,On or near Ridge Road,E01024858,Burnley 007C,Public order,Unable to prosecute suspect,
6acb9af9e1332764454a4de13a3c1b17d0c3e1e526d78eb01a653f46e6cfe758,2021-06,Lancashire Constabulary,Lancashire Constabulary,-2.234834,53.791383,On or near Sandhurst Street,E01024858,Burnley 007C,Public order,Status update unavailable,
56884aca6834bfa6be4fcc75816326e687fbfc417524f2dcc85c66a202694b80,2021-06,Lancashire Constabulary,Lancashire Constabulary,-2.234716,53.789316,On or near Blakey Street,E01024858,Burnley 007C,Public order,Investigation complete; no suspect identified,
dfbd5e9017b612c1e58d8bae57ef0df32b94ed7144513b625ea4555ebc87e1bd,2021-06,Lancashire Constabulary,Lancashire Constabulary,-2.236050,53.789025,On or near Yorkshire Street,E01024858,Burnley 007C,Public order,Status update unavailable,
116872e302667ae5b604ea9bead1991ccb60e38c8d1683e41a2ea96c7d0f20ee,2021-06,Lancashire Constabulary,Lancashire Constabulary,-2.236398,53.788746,On or near Turf Street,E01024858,Burnley 007C,Public order,Court result unavailable,
53369d4214362bc72579af085bcde96070deea800b1920aab80f19b4faaeaafb,2021-06,Lancashire Constabulary,Lancashire Constabulary,-2.234177,53.790548,On or near Ridge Road,E01024858,Burnley 007C,Public order,Court result unavailable,
9644220d169e4b227b7b954cbb6bd17be0ff5cf585855cb0f0ff53b52dd3ae9d,2021-06,Lancashire Constabulary,Lancashire Constabulary,-2.233439,53.791754,On or near Leyland Road,E01024858,Burnley 007C,Public order,Unable to prosecute suspect,
12a3c22c7be8fccd160bca5ccd62ff21da55701575b840348d47fd35d1aa110e,2021-06,Lancashire Constabulary,Lancashire Constabulary,-2.236050,53.789025,On or near Yorkshire Street,E01024858,Burnley 007C,Robbery,Unable to prosecute suspect,
b90213f658f0a5aab6c11e245a143627875c6db304a4a94ee56395d1dabee10c,2021-06,Lancashire Constabulary,Lancashire Constabulary,-2.233484,53.786055,On or near Holmes Street,E01024858,Burnley 007C,Shoplifting,Status update unavailable,
006a29b757618111235d948fde249399ae62dfedf080bff774b3fa1c24fe4a72,2021-06,Lancashire Constabulary,Lancashire Constabulary,-2.236050,53.789025,On or near Yorkshire Street,E01024858,Burnley 007C,Vehicle crime,Court result unavailable,
6a1b3c6af7de0d8f9372b3f1d69f27517ec04b34198daa3df45a7197edf8c4e5,2021-06,Lancashire Constabulary,Lancashire Constabulary,-2.236050,53.789025,On or near Yorkshire Street,E01024858,Burnley 007C,Vehicle crime,Status update unavailable,
3ea5297dd8033628bc6aca736c2f3e4dc22fe63cae36f3d16aff59c0cbc8f1a1,2021-06,Lancashire Constabulary,Lancashire Constabulary,-2.233439,53.791754,On or near Leyland Road,E01024858,Burnley 007C,Violence and sexual offences,Unable to prosecute suspect,
e5960b50b2f0f89a39196f121b1125f571b66b6457a004c31eaa2a5376377ea4,2021-06,Lancashire Constabulary,Lancashire Constabulary,-2.234716,53.789316,On or near Blakey Street,E01024858,Burnley 007C,Violence and sexual offences,Unable to prosecute suspect,
d42b7d6030ae6a1ea03a488f841e3a02b43f2e61cf54730dbb9cd14405279589,2021-06,Lancashire Constabulary,Lancashire Constabulary,-2.237975,53.791278,On or near Adlington Street,E01024858,Burnley 007C,Violence and sexual offences,Unable to prosecute suspect,
6c503e62e95f2a4db31e393cf76390579376b85d0dbb29414252c48702f673b5,2021-06,Lancashire Constabulary,Lancashire Constabulary,-2.236050,53.789025,On or near Yorkshire Street,E01024858,Burnley 007C,Violence and sexual offences,Court result unavailable,
5c34ae2046904e8c21bf349d6351ce8d6c6f43d402b3b277745f10c7126f3a62,2021-06,Lancashire Constabulary,Lancashire Constabulary,-2.234834,53.791383,On or near Sandhurst Street,E01024858,Burnley 007C,Violence and sexual offences,Unable to prosecute suspect,
518cc8f7d2385cfb4dfcbe18b7e701ea9324e34300b018f0a6f30d83ccdb6b7b,2021-06,Lancashire Constabulary,Lancashire Constabulary,-2.237327,53.792016,On or near Lindsay Street,E01024858,Burnley 007C,Violence and sexual offences,Status update unavailable,
e7f80dd894a398c031cf139d03ac64cddf7449a9c3c5177e69d66984dc380b66,2021-06,Lancashire Constabulary,Lancashire Constabulary,-2.233238,53.793714,On or near Felix Street,E01024858,Burnley 007C,Violence and sexual offences,Unable to prosecute suspect,
67934afc5745c50f105a43d50b1b1395f7c6ce986cf5b0963eee9cb3f9acff3d,2021-06,Lancashire Constabulary,Lancashire Constabulary,-2.234177,53.790548,On or near Ridge Road,E01024858,Burnley 007C,Violence and sexual offences,Unable to prosecute suspect,
3472c42aad8fa986223663a8d7f2b9906c4e46d45ba53a21ee81ce6d48002cd5,2021-06,Lancashire Constabulary,Lancashire Constabulary,-2.234177,53.790548,On or near Ridge Road,E01024858,Burnley 007C,Violence and sexual offences,Court result unavailable,
1f764ccf5bf1ee83a4c853d0345edbbf556f2f569f5e3f895631c7b09482bb86,2021-06,Lancashire Constabulary,Lancashire Constabulary,-2.237975,53.791278,On or near Adlington Street,E01024858,Burnley 007C,Violence and sexual offences,Unable to prosecute suspect,
21a4506460db965b9716eaaee1653a9a8b269d4f3b2d43f4e1b235f9971a3558,2021-06,Lancashire Constabulary,Lancashire Constabulary,-2.237327,53.792016,On or near Lindsay Street,E01024858,Burnley 007C,Violence and sexual offences,Court result unavailable,
2e37d59e9e1d3b551f60266234cf789aa6e435fb04ea178e8ee6a26ed8423751,2021-06,Lancashire Constabulary,Lancashire Constabulary,-2.233716,53.792284,On or near Thurston Street,E01024858,Burnley 007C,Violence and sexual offences,Unable to prosecute suspect,
9dfe7abe41bbab40641448a9a921493e72dfd7b2b3c1228aa19aa123b1166aa9,2021-06,Lancashire Constabulary,Lancashire Constabulary,-2.239367,53.787662,On or near Centenary Way,E01024858,Burnley 007C,Violence and sexual offences,Unable to prosecute suspect,
9f5a487d11eb75ef87fc9df160d05f7718e29b0f0b44118187780c5ae55c847f,2021-06,Lancashire Constabulary,Lancashire Constabulary,-2.238815,53.792040,On or near Church Street,E01024858,Burnley 007C,Violence and sexual offences,Unable to prosecute suspect,
e03f2c521dbf03cca0ea0f5e00a442a83c3232ece74ef5f9c1467892e16e8a39,2021-06,Lancashire Constabulary,Lancashire Constabulary,-2.234488,53.792040,On or near Hunslet Street,E01024858,Burnley 007C,Violence and sexual offences,Unable to prosecute suspect,
8e0d0a5116fddde46ac62038a39e7f6f28556e53291b02105aedb270f27fe88e,2021-06,Lancashire Constabulary,Lancashire Constabulary,-2.234488,53.792040,On or near Hunslet Street,E01024858,Burnley 007C,Violence and sexual offences,Unable to prosecute suspect,
222aeb82e25c70db13b8dded1f5ec9a28692960480d956ad4f029f1c0ea3c6ac,2021-06,Lancashire Constabulary,Lancashire Constabulary,-2.234716,53.789316,On or near Blakey Street,E01024858,Burnley 007C,Violence and sexual offences,Unable to prosecute suspect,
88f57d297e0baeb588aebbdba63d0259f99b65be919dc6be2f4655409ff63b22,2021-06,Lancashire Constabulary,Lancashire Constabulary,-2.237327,53.792016,On or near Lindsay Street,E01024858,Burnley 007C,Violence and sexual offences,Court result unavailable,
60303175ca93aaf7792fdadafed26512155214586c8275671845e519d588512e,2021-06,Lancashire Constabulary,Lancashire Constabulary,-2.234177,53.790548,On or near Ridge Road,E01024858,Burnley 007C,Violence and sexual offences,Investigation complete; no suspect identified,
be4c659fd4d578905d39d063a4bfad32d0413b5d78edad62426b25185ccc2ed2,2021-06,Lancashire Constabulary,Lancashire Constabulary,-2.236479,53.792404,On or near Forest Street,E01024858,Burnley 007C,Violence and sexual offences,Unable to prosecute suspect,
cde2ac585d39b7ccda4dea1ae57e37539ca752318b91bb1245d06438ccb55ebf,2021-06,Lancashire Constabulary,Lancashire Constabulary,-2.233716,53.792284,On or near Thurston Street,E01024858,Burnley 007C,Violence and sexual offences,Unable to prosecute suspect,
a3e2938d9dafc432a1eae456b521febaf155ff0d250ce5be7fd55022c1c18c42,2021-06,Lancashire Constabulary,Lancashire Constabulary,-2.236479,53.792404,On or near Forest Street,E01024858,Burnley 007C,Violence and sexual offences,Unable to prosecute suspect,
a0b9171d264bb7fc4e53d24cef34ea5417020fe7ac66f319fba4d5e483cbce2b,2021-06,Lancashire Constabulary,Lancashire Constabulary,-2.234177,53.790548,On or near Ridge Road,E01024858,Burnley 007C,Violence and sexual offences,Further investigation is not in the public interest,
27564cc969b01140f368065ab49700be59802de1d26174fa0607b43e66ba4aa5,2021-06,Lancashire Constabulary,Lancashire Constabulary,-2.234834,53.791383,On or near Sandhurst Street,E01024858,Burnley 007C,Violence and sexual offences,Unable to prosecute suspect,
0d0bdaef0e49cb4b72a7b1af8f987f76d5757d718d5e08c9e6a1a4b2be4d0b04,2021-06,Lancashire Constabulary,Lancashire Constabulary,-2.234834,53.791383,On or near Sandhurst Street,E01024858,Burnley 007C,Violence and sexual offences,Status update unavailable,
de0000cc4085e7c34b35aa9ff9f9ceb9e34c78d6d5c7e06221fd1d55d9601177,2021-06,Lancashire Constabulary,Lancashire Constabulary,-2.234488,53.792040,On or near Hunslet Street,E01024858,Burnley 007C,Violence and sexual offences,Unable to prosecute suspect,
4a781d3a2822a1465ddbda2675222a8d6109003f46072f5710bd6aac1faaedc1,2021-06,Lancashire Constabulary,Lancashire Constabulary,-2.233439,53.791754,On or near Leyland Road,E01024858,Burnley 007C,Violence and sexual offences,Investigation complete; no suspect identified,
babac2e833373c2e5ebfebb5811b90f4b27bc75736ce9073a793460c984f9cc0,2021-06,Lancashire Constabulary,Lancashire Constabulary,-2.233439,53.791754,On or near Leyland Road,E01024858,Burnley 007C,Violence and sexual offences,Unable to prosecute suspect,
ca1b6db8eccbc4dc8454e39a49d539c8fda690f667d7f3e0b1fd6b8bf6622816,2021-06,Lancashire Constabulary,Lancashire Constabulary,-2.234177,53.790548,On or near Ridge Road,E01024858,Burnley 007C,Violence and sexual offences,Investigation complete; no suspect identified,
bfe1cd12855089783b0a50d7021e164296ca8f480c20ac6e00dd13e1f1d8daf7,2021-06,Lancashire Constabulary,Lancashire Constabulary,-2.236050,53.789025,On or near Yorkshire Street,E01024858,Burnley 007C,Other crime,Court result unavailable,
,2021-06,Lancashire Constabulary,Lancashire Constabulary,-2.225613,53.787302,On or near Lyndhurst Road,E01024864,Burnley 007D,Anti-social behaviour,,
,2021-06,Lancashire Constabulary,Lancashire Constabulary,-2.224908,53.786027,On or near Athletic Street,E01024864,Burnley 007D,Anti-social behaviour,,
,2021-06,Lancashire Constabulary,Lancashire Constabulary,-2.227421,53.787532,On or near Mizpah Street,E01024864,Burnley 007D,Anti-social behaviour,,
9e273228e78a69d6833d118077851b419451d13feb9057af37b939db60840747,2021-06,Lancashire Constabulary,Lancashire Constabulary,-2.224908,53.786027,On or near Athletic Street,E01024864,Burnley 007D,Burglary,Court result unavailable,
,2021-06,Lancashire Constabulary,Lancashire Constabulary,-2.217710,53.788161,On or near Waddington Avenue,E01024863,Burnley 008A,Anti-social behaviour,,
,2021-06,Lancashire Constabulary,Lancashire Constabulary,-2.221565,53.785305,On or near Morse Street,E01024863,Burnley 008A,Anti-social behaviour,,
,2021-06,Lancashire Constabulary,Lancashire Constabulary,-2.217710,53.788161,On or near Waddington Avenue,E01024863,Burnley 008A,Anti-social behaviour,,
,2021-06,Lancashire Constabulary,Lancashire Constabulary,-2.217710,53.788161,On or near Waddington Avenue,E01024863,Burnley 008A,Anti-social behaviour,,
,2021-06,Lancashire Constabulary,Lancashire Constabulary,-2.217710,53.788161,On or near Waddington Avenue,E01024863,Burnley 008A,Anti-social behaviour,,
,2021-06,Lancashire Constabulary,Lancashire Constabulary,-2.217710,53.788161,On or near Waddington Avenue,E01024863,Burnley 008A,Anti-social behaviour,,
,2021-06,Lancashire Constabulary,Lancashire Constabulary,-2.217576,53.785708,On or near Paythorne Avenue,E01024863,Burnley 008A,Anti-social behaviour,,
,2021-06,Lancashire Constabulary,Lancashire Constabulary,-2.217576,53.785708,On or near Paythorne Avenue,E01024863,Burnley 008A,Anti-social behaviour,,
184e467b1ddeddaf1df2141d0673901ae3dd7da8bfc0ba62cdefe17665d67ff6,2021-06,Lancashire Constabulary,Lancashire Constabulary,-2.217576,53.785708,On or near Paythorne Avenue,E01024863,Burnley 008A,Burglary,Unable to prosecute suspect,
d8e888e864486fbc43fe1cd8a0bbe6466c7913e51ca8f7bf4439770b916ab042,2021-06,Lancashire Constabulary,Lancashire Constabulary,-2.221565,53.785305,On or near Morse Street,E01024863,Burnley 008A,Drugs,Local resolution,
ec7e8d499d7684a9d667fbf0bce5af352c3464fb8ea1ba5ac6bec1482480d125,2021-06,Lancashire Constabulary,Lancashire Constabulary,-2.218706,53.787135,On or near Roughlee Grove,E01024863,Burnley 008A,Other theft,Investigation complete; no suspect identified,
aa3b9a3b1e309fd23149dd75840353c05abb2e03dc41540093a07d70c87d1040,2021-06,Lancashire Constabulary,Lancashire Constabulary,-2.221018,53.788056,On or near Downham Grove,E01024863,Burnley 008A,Violence and sexual offences,Unable to prosecute suspect,
4e260eb0b059ebdac95b1f680969b89436c145137d1846cfc991a22eb212faf9,2021-06,Lancashire Constabulary,Lancashire Constabulary,-2.222021,53.785313,On or near Culshaw Street,E01024863,Burnley 008A,Violence and sexual offences,Unable to prosecute suspect,
fd84691b1848bd6994488b58c21c844a906b77cc36cb8adaa1c48a2f5389e35c,2021-06,Lancashire Constabulary,Lancashire Constabulary,-2.219151,53.785103,On or near Ribchester Avenue,E01024863,Burnley 008A,Violence and sexual offences,Court result unavailable,
198a67c0e5f44146b885470a5d902a80fee5c0016e9fa1a519b7f4b1b511b52c,2021-06,Lancashire Constabulary,Lancashire Constabulary,-2.219151,53.785103,On or near Ribchester Avenue,E01024863,Burnley 008A,Violence and sexual offences,Unable to prosecute suspect,
0c3e973da99e12f0741822b69e448dd36f01c9f37d27aac06c0ec93b37afaf76,2021-06,Lancashire Constabulary,Lancashire Constabulary,-2.218706,53.787135,On or near Roughlee Grove,E01024863,Burnley 008A,Violence and sexual offences,Unable to prosecute suspect,
762faf2a385ff59b499f022d98126e229408fa4f0c5fc008581c29d4edcfa21a,2021-06,Lancashire Constabulary,Lancashire Constabulary,-2.217576,53.785708,On or near Paythorne Avenue,E01024863,Burnley 008A,Violence and sexual offences,Unable to prosecute suspect,
,2021-06,Lancashire Constabulary,Lancashire Constabulary,-2.222021,53.791048,On or near Edgeworth Grove,E01024865,Burnley 008B,Anti-social behaviour,,
,2021-06,Lancashire Constabulary,Lancashire Constabulary,-2.225153,53.789271,On or near Barley Grove,E01024865,Burnley 008B,Anti-social behaviour,,
,2021-06,Lancashire Constabulary,Lancashire Constabulary,-2.224511,53.791259,On or near Brownhill Avenue,E01024865,Burnley 008B,Anti-social behaviour,,
,2021-06,Lancashire Constabulary,Lancashire Constabulary,-2.221133,53.789647,On or near Turton Grove,E01024865,Burnley 008B,Anti-social behaviour,,
,2021-06,Lancashire Constabulary,Lancashire Constabulary,-2.224511,53.791259,On or near Brownhill Avenue,E01024865,Burnley 008B,Anti-social behaviour,,
,2021-06,Lancashire Constabulary,Lancashire Constabulary,-2.225153,53.789271,On or near Barley Grove,E01024865,Burnley 008B,Anti-social behaviour,,
,2021-06,Lancashire Constabulary,Lancashire Constabulary,-2.221133,53.789647,On or near Turton Grove,E01024865,Burnley 008B,Anti-social behaviour,,
48ecd22e0f5e2acb48cb8145ba4eaf70509b8075efd5337d3b8be8e8bbb6af31,2021-06,Lancashire Constabulary,Lancashire Constabulary,-2.222021,53.791048,On or near Edgeworth Grove,E01024865,Burnley 008B,Burglary,Investigation complete; no suspect identified,
ae883b0d202a0553afafd22c22c24429a0f9921941af34531108e66636c2033f,2021-06,Lancashire Constabulary,Lancashire Constabulary,-2.222021,53.791048,On or near Edgeworth Grove,E01024865,Burnley 008B,Other theft,Investigation complete; no suspect identified,
d9b05cff7bd5e4ef5a88ca7faf147a1008608a3491bf92488e115c35af6cf986,2021-06,Lancashire Constabulary,Lancashire Constabulary,-2.220614,53.792084,On or near Ridge Avenue,E01024865,Burnley 008B,Theft from the person,Investigation complete; no suspect identified,
8b62bf4f430aaa5a74a78b3176f328a20b11f50df57cb5b98657fd79e2552ae1,2021-06,Lancashire Constabulary,Lancashire Constabulary,-2.221133,53.789647,On or near Turton Grove,E01024865,Burnley 008B,Vehicle crime,Investigation complete; no suspect identified,
1e954ed1c9ec8a1aca4cf8b820529e445993860b93fb7d57a073d22577fdd519,2021-06,Lancashire Constabulary,Lancashire Constabulary,-2.227601,53.790057,On or near Browsholme Avenue,E01024865,Burnley 008B,Violence and sexual offences,Unable to prosecute suspect,
8becf9eca4641d212073af026fa4cd48dd6e055d9dd5bf9eea660e3b41e11be2,2021-06,Lancashire Constabulary,Lancashire Constabulary,-2.222021,53.791048,On or near Edgeworth Grove,E01024865,Burnley 008B,Violence and sexual offences,Unable to prosecute suspect,
27002e14817632200c61865d256ef3f9834e3d31ab164f69b9ad9168df41c5e4,2021-06,Lancashire Constabulary,Lancashire Constabulary,-2.227601,53.790057,On or near Browsholme Avenue,E01024865,Burnley 008B,Violence and sexual offences,Unable to prosecute suspect,
7ed09fea72d837aede1f58488ba6f5aaf1d998eed5fd22f5e3242d21872ba77f,2021-06,Lancashire Constabulary,Lancashire Constabulary,-2.222896,53.790039,On or near Walsden Grove,E01024865,Burnley 008B,Violence and sexual offences,Unable to prosecute suspect,
c29ee9d7c5ecdb1a79bf8131797d7b655a81b4086f182f6eae757dd6db32be7c,2021-06,Lancashire Constabulary,Lancashire Constabulary,-2.220614,53.792084,On or near Ridge Avenue,E01024865,Burnley 008B,Violence and sexual offences,Unable to prosecute suspect,
ff6b827d1599f44e10dd9cc7544886151d43943ea04905e81a56e80aba758b0f,2021-06,Lancashire Constabulary,Lancashire Constabulary,-2.221133,53.789647,On or near Turton Grove,E01024865,Burnley 008B,Violence and sexual offences,Unable to prosecute suspect,
a81f03d58a493c9cd85c56681b23ce428f9e43bfa02d4082e757c5f461e3167b,2021-06,Lancashire Constabulary,Lancashire Constabulary,-2.221133,53.789647,On or near Turton Grove,E01024865,Burnley 008B,Other crime,Court result unavailable,
,2021-06,Lancashire Constabulary,Lancashire Constabulary,-2.223211,53.783747,On or near Mary Towneley Fold,E01024866,Burnley 008C,Anti-social behaviour,,
,2021-06,Lancashire Constabulary,Lancashire Constabulary,-2.221869,53.779507,On or near Sports/Recreation Area,E01024866,Burnley 008C,Anti-social behaviour,,
,2021-06,Lancashire Constabulary,Lancashire Constabulary,-2.212558,53.786867,On or near Chiltern Avenue,E01024866,Burnley 008C,Anti-social behaviour,,
,2021-06,Lancashire Constabulary,Lancashire Constabulary,-2.212558,53.786867,On or near Chiltern Avenue,E01024866,Burnley 008C,Anti-social behaviour,,
,2021-06,Lancashire Constabulary,Lancashire Constabulary,-2.216051,53.784246,On or near Grindleton Grove,E01024866,Burnley 008C,Anti-social behaviour,,
,2021-06,Lancashire Constabulary,Lancashire Constabulary,-2.212558,53.786867,On or near Chiltern Avenue,E01024866,Burnley 008C,Anti-social behaviour,,
,2021-06,Lancashire Constabulary,Lancashire Constabulary,-2.222759,53.781348,On or near Sports/Recreation Area,E01024866,Burnley 008C,Anti-social behaviour,,
,2021-06,Lancashire Constabulary,Lancashire Constabulary,-2.212558,53.786867,On or near Chiltern Avenue,E01024866,Burnley 008C,Anti-social behaviour,,
,2021-06,Lancashire Constabulary,Lancashire Constabulary,-2.212558,53.786867,On or near Chiltern Avenue,E01024866,Burnley 008C,Anti-social behaviour,,
7aeaff1ac90d20f608eec3a01dd89c7daf3d7685a16a5360727001036b3a53f5,2021-06,Lancashire Constabulary,Lancashire Constabulary,-2.216369,53.787085,On or near Gisburn Grove,E01024866,Burnley 008C,Burglary,Investigation complete; no suspect identified,
db393a4bf6e28724ee6d8691610e68aef73506012314b34be702fed69593c350,2021-06,Lancashire Constabulary,Lancashire Constabulary,-2.214310,53.785121,On or near Belmont Grove,E01024866,Burnley 008C,Criminal damage and arson,Unable to prosecute suspect,
65f16726e30de8ff2c32e7654c1fd9e6701463988a2442d128bc3bb495c6ecb6,2021-06,Lancashire Constabulary,Lancashire Constabulary,-2.223211,53.783747,On or near Mary Towneley Fold,E01024866,Burnley 008C,Criminal damage and arson,Unable to prosecute suspect,
0a209f6de60aacc842eed2d8522fb053448b30b92c48487a46ed46547e0df3b6,2021-06,Lancashire Constabulary,Lancashire Constabulary,-2.212558,53.786867,On or near Chiltern Avenue,E01024866,Burnley 008C,Other theft,Unable to prosecute suspect,
d20c16930fba55421471015af3fce2f69c5508ce0b5386e6ab229fb7b536992a,2021-06,Lancashire Constabulary,Lancashire Constabulary,-2.212558,53.786867,On or near Chiltern Avenue,E01024866,Burnley 008C,Public order,Offender given a caution,
a27037e29ca12c058cb9342591f7166a9a78afb25d60f0ab699df21eedc68907,2021-06,Lancashire Constabulary,Lancashire Constabulary,-2.212558,53.786867,On or near Chiltern Avenue,E01024866,Burnley 008C,Robbery,Unable to prosecute suspect,
6b6f2ff726f2131721fb7851c82bda0aa8714705d2c49cf8520f7b79c01ef437,2021-06,Lancashire Constabulary,Lancashire Constabulary,-2.216051,53.784246,On or near Grindleton Grove,E01024866,Burnley 008C,Violence and sexual offences,Unable to prosecute suspect,
d35d7a8f753701722bce9a5db3603e3c6897f8e437fa66702f9ef3c3f6ceb489,2021-06,Lancashire Constabulary,Lancashire Constabulary,-2.212673,53.785573,On or near Sheddon Grove,E01024866,Burnley 008C,Violence and sexual offences,Unable to prosecute suspect,
ccb41ada98a732883c952f8c7c808e9405e820c7ec9fad0f12d8ccdbeaabf01e,2021-06,Lancashire Constabulary,Lancashire Constabulary,-2.223211,53.783747,On or near Mary Towneley Fold,E01024866,Burnley 008C,Violence and sexual offences,Unable to prosecute suspect,
c9ad09e534611d4cfd8686172529cc80d548b0868ff45d575ff0dfc28880edb3,2021-06,Lancashire Constabulary,Lancashire Constabulary,-2.217327,53.784522,On or near Slaidburn Avenue,E01024866,Burnley 008C,Violence and sexual offences,Unable to prosecute suspect,
67dc9f39dae42a276de66684fb298b2eb1cdb90bf022ae1481cee7a8ea87e4e8,2021-06,Lancashire Constabulary,Lancashire Constabulary,-2.214310,53.785121,On or near Belmont Grove,E01024866,Burnley 008C,Violence and sexual offences,Unable to prosecute suspect,
62bccce55a87040a6ad85c1c329f1fd58ed27624f4ad5d84a3346a2b6f8cab58,2021-06,Lancashire Constabulary,Lancashire Constabulary,-2.212673,53.785573,On or near Sheddon Grove,E01024866,Burnley 008C,Violence and sexual offences,Court result unavailable,
,2021-06,Lancashire Constabulary,Lancashire Constabulary,-2.208749,53.786982,On or near Thornton Crescent,E01024867,Burnley 008D,Anti-social behaviour,,
,2021-06,Lancashire Constabulary,Lancashire Constabulary,-2.179183,53.819009,On or near Robin House Lane,E01024860,Burnley 009A,Anti-social behaviour,,
8ee1eb4b4eeae51b0aa61dde342d5abef7033a33bf6dcf67d30f5c18f6dfb47f,2021-06,Lancashire Constabulary,Lancashire Constabulary,-2.204599,53.813719,On or near Sandiway Drive,E01024860,Burnley 009A,Burglary,Investigation complete; no suspect identified,
01d050b66a531d476016dfa4d453465ada27b58b90b72db922230291b9eee3f5,2021-06,Lancashire Constabulary,Lancashire Constabulary,-2.202904,53.814909,On or near Christleton Close,E01024860,Burnley 009A,Violence and sexual offences,Investigation complete; no suspect identified,
0cfa54c58e57e2e712bee2c0b3476ba7d8e9a3d0e4f2dfba7a5363681ea3fcf0,2021-06,Lancashire Constabulary,Lancashire Constabulary,-2.204599,53.813719,On or near Sandiway Drive,E01024860,Burnley 009A,Violence and sexual offences,Unable to prosecute suspect,
869cf9c829182bf96ebcd666295c8f5cfee32dc386b145c46715d2c6262dcc78,2021-06,Lancashire Constabulary,Lancashire Constabulary,-2.204599,53.813719,On or near Sandiway Drive,E01024860,Burnley 009A,Violence and sexual offences,Unable to prosecute suspect,
bfcac2a5140b1c75f07248f6e9508cb424280ef8f2c04b363e298401f5988ab3,2021-06,Lancashire Constabulary,Lancashire Constabulary,-2.200731,53.811470,On or near Thursden Avenue,E01024860,Burnley 009A,Violence and sexual offences,Unable to prosecute suspect,
,2021-06,Lancashire Constabulary,Lancashire Constabulary,-2.190413,53.786689,On or near Raven Oak Lane,E01024868,Burnley 009B,Anti-social behaviour,,
9c1d9162bad1eb31274601049d590a20a3d7f7d4a00ce3f8d3a671304099e82c,2021-06,Lancashire Constabulary,Lancashire Constabulary,-2.192052,53.786632,On or near Stoneycroft,E01024868,Burnley 009B,Criminal damage and arson,Investigation complete; no suspect identified,
,2021-06,Lancashire Constabulary,Lancashire Constabulary,-2.208250,53.787414,On or near Delma Road,E01024869,Burnley 009C,Anti-social behaviour,,
,2021-06,Lancashire Constabulary,Lancashire Constabulary,-2.205144,53.782234,On or near Hall Park Avenue,E01024869,Burnley 009C,Anti-social behaviour,,
548582f4c341cb0f8665391ebe1a05f5e0d63ed6afc4644e791660d4b03f0e05,2021-06,Lancashire Constabulary,Lancashire Constabulary,-2.202768,53.780485,On or near Richmond Avenue,E01024869,Burnley 009C,Violence and sexual offences,Unable to prosecute suspect,
bb88649124184e07a2dfddef142b13e905631fc26631ad0db612a6d6ad0a1ae1,2021-06,Lancashire Constabulary,Lancashire Constabulary,-2.203427,53.781931,On or near Hill Crest Avenue,E01024869,Burnley 009C,Violence and sexual offences,Unable to prosecute suspect,
8f471ec97d64d2b9538a40fb2b3291952c48e336dd3ecbf359e480245ff1b5fd,2021-06,Lancashire Constabulary,Lancashire Constabulary,-2.216812,53.758314,On or near Bacup Road,E01024870,Burnley 009D,Drugs,Offender given penalty notice,
,2021-06,Lancashire Constabulary,Lancashire Constabulary,-2.262903,53.782085,On or near Melrose Avenue,E01024872,Burnley 010A,Anti-social behaviour,,
,2021-06,Lancashire Constabulary,Lancashire Constabulary,-2.264039,53.781714,On or near Greenock Street,E01024872,Burnley 010A,Anti-social behaviour,,
,2021-06,Lancashire Constabulary,Lancashire Constabulary,-2.265008,53.783671,On or near Lanark Street,E01024872,Burnley 010A,Anti-social behaviour,,
,2021-06,Lancashire Constabulary,Lancashire Constabulary,-2.266547,53.777565,On or near Fenwick Street,E01024872,Burnley 010A,Anti-social behaviour,,
,2021-06,Lancashire Constabulary,Lancashire Constabulary,-2.265008,53.783671,On or near Lanark Street,E01024872,Burnley 010A,Anti-social behaviour,,
,2021-06,Lancashire Constabulary,Lancashire Constabulary,-2.263428,53.781104,On or near Selkirk Street,E01024872,Burnley 010A,Anti-social behaviour,,
,2021-06,Lancashire Constabulary,Lancashire Constabulary,-2.263339,53.779046,On or near Cog Lane,E01024872,Burnley 010A,Anti-social behaviour,,
,2021-06,Lancashire Constabulary,Lancashire Constabulary,-2.264039,53.781714,On or near Greenock Street,E01024872,Burnley 010A,Anti-social behaviour,,
,2021-06,Lancashire Constabulary,Lancashire Constabulary,-2.265008,53.783671,On or near Lanark Street,E01024872,Burnley 010A,Anti-social behaviour,,
,2021-06,Lancashire Constabulary,Lancashire Constabulary,-2.264039,53.781714,On or near Greenock Street,E01024872,Burnley 010A,Anti-social behaviour,,
,2021-06,Lancashire Constabulary,Lancashire Constabulary,-2.263428,53.781104,On or near Selkirk Street,E01024872,Burnley 010A,Anti-social behaviour,,
,2021-06,Lancashire Constabulary,Lancashire Constabulary,-2.263428,53.781104,On or near Selkirk Street,E01024872,Burnley 010A,Anti-social behaviour,,
,2021-06,Lancashire Constabulary,Lancashire Constabulary,-2.264039,53.781714,On or near Greenock Street,E01024872,Burnley 010A,Anti-social behaviour,,
af74c8152534fcb845ffd28999bdcc34bd105503d715d5a36b72c98528805e8a,2021-06,Lancashire Constabulary,Lancashire Constabulary,-2.264039,53.781714,On or near Greenock Street,E01024872,Burnley 010A,Criminal damage and arson,Further investigation is not in the public interest,
4c2472ad02d26b063f638a2535f44ec404e45e35da97d79bed988e5e3220d486,2021-06,Lancashire Constabulary,Lancashire Constabulary,-2.265008,53.783671,On or near Lanark Street,E01024872,Burnley 010A,Criminal damage and arson,Investigation complete; no suspect identified,
52b744e79a957fb8b971ba4b6a409901a6e8535f9e1f4b647447d60a4c02d680,2021-06,Lancashire Constabulary,Lancashire Constabulary,-2.263428,53.781104,On or near Selkirk Street,E01024872,Burnley 010A,Other theft,Further investigation is not in the public interest,
4c0bbf97e3f061443da4ee04d2caf6f4604268ecd68a6fb11f3ff7dc19c01224,2021-06,Lancashire Constabulary,Lancashire Constabulary,-2.263428,53.781104,On or near Selkirk Street,E01024872,Burnley 010A,Public order,Court result unavailable,
f009d0bd7b0edd63f993a046687f891e64e5bba3861635b60e9eef26c04ba751,2021-06,Lancashire Constabulary,Lancashire Constabulary,-2.266027,53.784010,On or near Harold Street,E01024872,Burnley 010A,Public order,Unable to prosecute suspect,
61b14e613eb3c5f386334ba3372c4c20336f718044524acba2c91629db0c1fda,2021-06,Lancashire Constabulary,Lancashire Constabulary,-2.266027,53.784010,On or near Harold Street,E01024872,Burnley 010A,Robbery,Status update unavailable,
f01e08fa130cd9dd155f03574e71dd2bf9c26f858af1b9996351bfa1a5451abd,2021-06,Lancashire Constabulary,Lancashire Constabulary,-2.264039,53.781714,On or near Greenock Street,E01024872,Burnley 010A,Violence and sexual offences,Further investigation is not in the public interest,
9b84ff2b9b0a12d851ba1e282c7aae1b88687ffb53cac7596f07db9a0d18a22b,2021-06,Lancashire Constabulary,Lancashire Constabulary,-2.264039,53.781714,On or near Greenock Street,E01024872,Burnley 010A,Violence and sexual offences,Investigation complete; no suspect identified,
0baa9d07ada3d1a32951796330ae140a7facc5ad839d9555372b673f405a49c4,2021-06,Lancashire Constabulary,Lancashire Constabulary,-2.266027,53.784010,On or near Harold Street,E01024872,Burnley 010A,Violence and sexual offences,Status update unavailable,
2ff7ee8c1a50527a8cbd37a3e96bc3cb7bda50b6f3c915e8efea9bb76799beee,2021-06,Lancashire Constabulary,Lancashire Constabulary,-2.265008,53.783671,On or near Lanark Street,E01024872,Burnley 010A,Violence and sexual offences,Investigation complete; no suspect identified,
860299b301bfb489ec9cd2d522abaf3cfc5fdfa033fcd4515bd29af9ead928ed,2021-06,Lancashire Constabulary,Lancashire Constabulary,-2.264039,53.781714,On or near Greenock Street,E01024872,Burnley 010A,Violence and sexual offences,Status update unavailable,
4799dc8e6f86bcb2ebc19dba274133615073c93df7f94f42f985f021ef1cf734,2021-06,Lancashire Constabulary,Lancashire Constabulary,-2.264039,53.781714,On or near Greenock Street,E01024872,Burnley 010A,Violence and sexual offences,Status update unavailable,
0277a05ea3d1827d6ffc3ff7d090fe38307fbe44404b043d21f7d00f3fdd4db1,2021-06,Lancashire Constabulary,Lancashire Constabulary,-2.262993,53.781824,On or near Greenock Close,E01024872,Burnley 010A,Other crime,Court result unavailable,
,2021-06,Lancashire Constabulary,Lancashire Constabulary,-2.279875,53.785156,On or near Stansfield Street,E01024899,Burnley 010B,Anti-social behaviour,,
,2021-06,Lancashire Constabulary,Lancashire Constabulary,-2.279875,53.785156,On or near Stansfield Street,E01024899,Burnley 010B,Anti-social behaviour,,
,2021-06,Lancashire Constabulary,Lancashire Constabulary,-2.276786,53.783905,On or near Mere Court,E01024899,Burnley 010B,Anti-social behaviour,,
,2021-06,Lancashire Constabulary,Lancashire Constabulary,-2.277543,53.783544,On or near Padgate Place,E01024899,Burnley 010B,Anti-social behaviour,,
,2021-06,Lancashire Constabulary,Lancashire Constabulary,-2.276786,53.783905,On or near Mere Court,E01024899,Burnley 010B,Anti-social behaviour,,
,2021-06,Lancashire Constabulary,Lancashire Constabulary,-2.277543,53.783544,On or near Padgate Place,E01024899,Burnley 010B,Anti-social behaviour,,
,2021-06,Lancashire Constabulary,Lancashire Constabulary,-2.278095,53.784477,On or near Drammen Avenue,E01024899,Burnley 010B,Anti-social behaviour,,
,2021-06,Lancashire Constabulary,Lancashire Constabulary,-2.278785,53.785590,On or near Accrington Road,E01024899,Burnley 010B,Anti-social behaviour,,
,2021-06,Lancashire Constabulary,Lancashire Constabulary,-2.270893,53.785500,On or near Villiers Street,E01024899,Burnley 010B,Anti-social behaviour,,
,2021-06,Lancashire Constabulary,Lancashire Constabulary,-2.271354,53.784043,On or near Woodpecker Hill,E01024899,Burnley 010B,Anti-social behaviour,,
,2021-06,Lancashire Constabulary,Lancashire Constabulary,-2.278785,53.785590,On or near Accrington Road,E01024899,Burnley 010B,Anti-social behaviour,,
,2021-06,Lancashire Constabulary,Lancashire Constabulary,-2.278038,53.782788,On or near Orchid Court,E01024899,Burnley 010B,Anti-social behaviour,,
247dec6663041f6a985d25c47b7be50b8de705ddc18819983266b2a6522bb13c,2021-06,Lancashire Constabulary,Lancashire Constabulary,-2.277543,53.783544,On or near Padgate Place,E01024899,Burnley 010B,Criminal damage and arson,Investigation complete; no suspect identified,
ca8f31e6026d1446b1c8f4fb2299e5f06b586f6f212e6f62f6c6b3602f0d0e70,2021-06,Lancashire Constabulary,Lancashire Constabulary,-2.277543,53.783544,On or near Padgate Place,E01024899,Burnley 010B,Criminal damage and arson,Investigation complete; no suspect identified,
2585871d00cc75372e734fa96f62c28081c1f885b47dc0faf6182e149f6eecf8,2021-06,Lancashire Constabulary,Lancashire Constabulary,-2.278785,53.785590,On or near Accrington Road,E01024899,Burnley 010B,Criminal damage and arson,Status update unavailable,
fa414d3ae85dd514d89b2fd0476e158faa969c4e71653b87d23b1ff3d3c5afe2,2021-06,Lancashire Constabulary,Lancashire Constabulary,-2.278785,53.785590,On or near Accrington Road,E01024899,Burnley 010B,Criminal damage and arson,Status update unavailable,
ad68d6e3712038be4c361bf1c8949cbce707142511735249bf2f9b1258b16ee1,2021-06,Lancashire Constabulary,Lancashire Constabulary,-2.276554,53.783222,On or near Helston Close,E01024899,Burnley 010B,Criminal damage and arson,Investigation complete; no suspect identified,
738ae35d277c2e3dfba922e01f82144b7078e2822fbe3ea9a16fcba87c166cd2,2021-06,Lancashire Constabulary,Lancashire Constabulary,-2.278038,53.782788,On or near Orchid Court,E01024899,Burnley 010B,Criminal damage and arson,Investigation complete; no suspect identified,
fb7e05b21638865a5c308fe68acf469314e32e1cf6f9bf08ccf695de1a35b1de,2021-06,Lancashire Constabulary,Lancashire Constabulary,-2.279875,53.785156,On or near Stansfield Street,E01024899,Burnley 010B,Criminal damage and arson,Investigation complete; no suspect identified,
00702440039cf73ba2bbac0bf9a23e2d90e51ae99ff4980e130dd3f727aecaa3,2021-06,Lancashire Constabulary,Lancashire Constabulary,-2.279875,53.785156,On or near Stansfield Street,E01024899,Burnley 010B,Public order,Unable to prosecute suspect,
62a6bdddf30965ce06abe82b10a47566f21c1f2d4b15e84ecb9540c5664b141f,2021-06,Lancashire Constabulary,Lancashire Constabulary,-2.279875,53.785156,On or near Stansfield Street,E01024899,Burnley 010B,Public order,Unable to prosecute suspect,
ca89e1524c7b5cf28a086aab10f1d5e73f8165c63932f235abbd9ce83ff5408e,2021-06,Lancashire Constabulary,Lancashire Constabulary,-2.271354,53.784043,On or near Woodpecker Hill,E01024899,Burnley 010B,Vehicle crime,Investigation complete; no suspect identified,
5683417b101ffd6acb715d0d0ca647af35c655b540212932bb10d43d022af627,2021-06,Lancashire Constabulary,Lancashire Constabulary,-2.278038,53.782788,On or near Orchid Court,E01024899,Burnley 010B,Violence and sexual offences,Unable to prosecute suspect,
8c6f2196e6d3826ea07fa9800b64faf9cfc710367704f3eae0be233cb9c21b66,2021-06,Lancashire Constabulary,Lancashire Constabulary,-2.279875,53.785156,On or near Stansfield Street,E01024899,Burnley 010B,Violence and sexual offences,Status update unavailable,
63a2cf8e0a229479d3a1aafa15b83cd2d89c0a4e4a397865209aeefb405d9ce3,2021-06,Lancashire Constabulary,Lancashire Constabulary,-2.277543,53.783544,On or near Padgate Place,E01024899,Burnley 010B,Violence and sexual offences,Unable to prosecute suspect,
d51a52a56d75e897ae1ac4e77c98689793ddad733dfaafcf4afb1c837a400e63,2021-06,Lancashire Constabulary,Lancashire Constabulary,-2.278038,53.782788,On or near Orchid Court,E01024899,Burnley 010B,Violence and sexual offences,Unable to prosecute suspect,
8df916707b45c9ba8d2ad18990943a3a83751cbdd11ee1b5e132fe1328834db1,2021-06,Lancashire Constabulary,Lancashire Constabulary,-2.271354,53.784043,On or near Woodpecker Hill,E01024899,Burnley 010B,Violence and sexual offences,Unable to prosecute suspect,
6fb604a78381b5dd4b0b4f4cd05815a618e311d1e3bf1bbdc418853b5842ad9f,2021-06,Lancashire Constabulary,Lancashire Constabulary,-2.283076,53.787189,On or near Ronald Street,E01024899,Burnley 010B,Violence and sexual offences,Unable to prosecute suspect,
5623d34032a47e9a8df37273b3a526bca811d8396f25f396eb4ea57a5a325551,2021-06,Lancashire Constabulary,Lancashire Constabulary,-2.276554,53.783222,On or near Helston Close,E01024899,Burnley 010B,Violence and sexual offences,Investigation complete; no suspect identified,
28da18a96321b9b954a4c6714dc97c23ad4cebc2045b0592985b009c32ee9501,2021-06,Lancashire Constabulary,Lancashire Constabulary,-2.283076,53.787189,On or near Ronald Street,E01024899,Burnley 010B,Violence and sexual offences,Status update unavailable,
4b8b43c886bfb0e551ed878c3c91993b9d70e0c0b007464491f5f8754a28b51a,2021-06,Lancashire Constabulary,Lancashire Constabulary,-2.276354,53.785119,On or near Milbrook Close,E01024899,Burnley 010B,Violence and sexual offences,Unable to prosecute suspect,
c57125ff46cefc36287e6b3a4d106e6d59c9f1d6f7b5d87c448059ea80daa30a,2021-06,Lancashire Constabulary,Lancashire Constabulary,-2.278038,53.782788,On or near Orchid Court,E01024899,Burnley 010B,Violence and sexual offences,Unable to prosecute suspect,
bc6fbb35252b9c71303a26cfb1517c134653dbdafff0649a306ffdc70c137ddf,2021-06,Lancashire Constabulary,Lancashire Constabulary,-2.276354,53.785119,On or near Milbrook Close,E01024899,Burnley 010B,Violence and sexual offences,Unable to prosecute suspect,
52984f7ce7109fbc370dd2114a931009a834c7a967bc0989161577f27fe310fe,2021-06,Lancashire Constabulary,Lancashire Constabulary,-2.277031,53.784228,On or near Griffin Close,E01024899,Burnley 010B,Violence and sexual offences,Unable to prosecute suspect,
37376606f973df442df43d7b3429b2635feba3759e773048ecd968253b5f417f,2021-06,Lancashire Constabulary,Lancashire Constabulary,-2.278785,53.785590,On or near Accrington Road,E01024899,Burnley 010B,Other crime,Unable to prosecute suspect,
bb87185b478b789ba52a28a82d1a5eb62003f1c2c8c2acd40c6f35be22d8572f,2021-06,Lancashire Constabulary,Lancashire Constabulary,-2.278095,53.784477,On or near Drammen Avenue,E01024899,Burnley 010B,Other crime,Unable to prosecute suspect,
,2021-06,Lancashire Constabulary,Lancashire Constabulary,-2.272292,53.785992,On or near Petrol Station,E01024900,Burnley 010C,Anti-social behaviour,,
,2021-06,Lancashire Constabulary,Lancashire Constabulary,-2.268474,53.782306,On or near Cornel Grove,E01024900,Burnley 010C,Anti-social behaviour,,
,2021-06,Lancashire Constabulary,Lancashire Constabulary,-2.272292,53.785992,On or near Petrol Station,E01024900,Burnley 010C,Anti-social behaviour,,
,2021-06,Lancashire Constabulary,Lancashire Constabulary,-2.267750,53.787692,On or near Cowper Street,E01024900,Burnley 010C,Anti-social behaviour,,
,2021-06,Lancashire Constabulary,Lancashire Constabulary,-2.270857,53.782256,On or near Harold Avenue,E01024900,Burnley 010C,Anti-social behaviour,,
,2021-06,Lancashire Constabulary,Lancashire Constabulary,-2.266337,53.780298,On or near Sports/Recreation Area,E01024900,Burnley 010C,Anti-social behaviour,,
,2021-06,Lancashire Constabulary,Lancashire Constabulary,-2.272292,53.785992,On or near Petrol Station,E01024900,Burnley 010C,Anti-social behaviour,,
,2021-06,Lancashire Constabulary,Lancashire Constabulary,-2.266337,53.780298,On or near Sports/Recreation Area,E01024900,Burnley 010C,Anti-social behaviour,,
,2021-06,Lancashire Constabulary,Lancashire Constabulary,-2.272473,53.781138,On or near Rome Avenue,E01024900,Burnley 010C,Anti-social behaviour,,
15eaebad9c910a69b97ab92b6c501a9b2a964eea9adefb9ac2ad6e55d5bdc9ba,2021-06,Lancashire Constabulary,Lancashire Constabulary,-2.272292,53.785992,On or near Petrol Station,E01024900,Burnley 010C,Burglary,Status update unavailable,
aeea4a4569eadcc7f4c0ecec55ba0e43d6c342881995fdce700ab068bd2a8bfe,2021-06,Lancashire Constabulary,Lancashire Constabulary,-2.266337,53.780298,On or near Sports/Recreation Area,E01024900,Burnley 010C,Burglary,Further investigation is not in the public interest,
d39215500e04d7730432df63f871ed5ec559473ea1df445de2fb7f5f1af59fc2,2021-06,Lancashire Constabulary,Lancashire Constabulary,-2.275073,53.781869,On or near Valley Street,E01024900,Burnley 010C,Burglary,Unable to prosecute suspect,
808a858672ff5f8286dfd9c94055fcacbce5dedd3a9cb7d4031cb63fdcea5888,2021-06,Lancashire Constabulary,Lancashire Constabulary,-2.266337,53.780298,On or near Sports/Recreation Area,E01024900,Burnley 010C,Criminal damage and arson,Unable to prosecute suspect,
6597609439b861deb9f7e49b44829a55d743b85eba870cb674820b025386855c,2021-06,Lancashire Constabulary,Lancashire Constabulary,-2.271939,53.783008,On or near Barclay Avenue,E01024900,Burnley 010C,Criminal damage and arson,Court result unavailable,
7fa97c0b9723081be6e5809aedae0d09f4090abcab7e04a001b5e3f3a5c6d909,2021-06,Lancashire Constabulary,Lancashire Constabulary,-2.266337,53.780298,On or near Sports/Recreation Area,E01024900,Burnley 010C,Criminal damage and arson,Status update unavailable,
ae561f3a5f8f9cdf92fc91aab099b749c7cda42376972c3f1196bb32e197f928,2021-06,Lancashire Constabulary,Lancashire Constabulary,-2.272292,53.785992,On or near Petrol Station,E01024900,Burnley 010C,Criminal damage and arson,Investigation complete; no suspect identified,
28ff034ee727f36f3c68ed59254575c35728a7727e3b0494d699ee1de264ae33,2021-06,Lancashire Constabulary,Lancashire Constabulary,-2.266337,53.780298,On or near Sports/Recreation Area,E01024900,Burnley 010C,Criminal damage and arson,Unable to prosecute suspect,
7261342ad2525daa7e83bbac1be8b108d447288c2bbf597bdf518c5c9afbbb7c,2021-06,Lancashire Constabulary,Lancashire Constabulary,-2.272473,53.781138,On or near Rome Avenue,E01024900,Burnley 010C,Drugs,Court result unavailable,
bfeb13547c5d57dcadf5b656a6785be118dd88d3106c1a6272349e2605df4944,2021-06,Lancashire Constabulary,Lancashire Constabulary,-2.269000,53.786242,On or near Hartley Street,E01024900,Burnley 010C,Other theft,Court result unavailable,
c6a8801777cda2b6d81fce88161f353fa9595b27f8b6ba508f355e413637e4c8,2021-06,Lancashire Constabulary,Lancashire Constabulary,-2.272473,53.781138,On or near Rome Avenue,E01024900,Burnley 010C,Other theft,Court result unavailable,
0a0ba552356d43dc6e0369742f05ee83f30c5f2e53de8263b8e082931c1aec9e,2021-06,Lancashire Constabulary,Lancashire Constabulary,-2.270758,53.781097,On or near Tiber Avenue,E01024900,Burnley 010C,Other theft,Investigation complete; no suspect identified,
b3959a48200ec8559aeaf8532040772bdc88a02b8fbe1ed610c3db15f7ed38f5,2021-06,Lancashire Constabulary,Lancashire Constabulary,-2.267750,53.787692,On or near Cowper Street,E01024900,Burnley 010C,Other theft,Status update unavailable,
5deb400d43190a72b5bf484f42a23ecfbdc80cfec101b67baf490b4bf680c92d,2021-06,Lancashire Constabulary,Lancashire Constabulary,-2.271939,53.783008,On or near Barclay Avenue,E01024900,Burnley 010C,Other theft,Court result unavailable,
417de23a2cee6a9c80eec797c1eed43dedbcd3f9d5a11f1048a6dc8f47a672b2,2021-06,Lancashire Constabulary,Lancashire Constabulary,-2.275073,53.781869,On or near Valley Street,E01024900,Burnley 010C,Public order,Status update unavailable,
5710fa31b679edf39efee142ec8213279cf5925dc1851d10019ad82e110ef318,2021-06,Lancashire Constabulary,Lancashire Constabulary,-2.266243,53.782284,On or near Myrtle Avenue,E01024900,Burnley 010C,Vehicle crime,Unable to prosecute suspect,
c1acd1c334017cb42c824c818efd95fa3b325705655c8906f9c743cf8f2f78f7,2021-06,Lancashire Constabulary,Lancashire Constabulary,-2.272292,53.785992,On or near Petrol Station,E01024900,Burnley 010C,Violence and sexual offences,Unable to prosecute suspect,
040faea0ebfd1880ab0be688dabec343ca9b279a4a746e415202efe0b8235b1f,2021-06,Lancashire Constabulary,Lancashire Constabulary,-2.271939,53.783008,On or near Barclay Avenue,E01024900,Burnley 010C,Violence and sexual offences,Unable to prosecute suspect,
81e9a84f594ffc4e1c3b2546a2229f04b453974cd87791324fdf1e458f3ef24d,2021-06,Lancashire Constabulary,Lancashire Constabulary,-2.271939,53.783008,On or near Barclay Avenue,E01024900,Burnley 010C,Violence and sexual offences,Court result unavailable,
45dfe17b8a09ad68021c23a90a475b1bf8371153278e84731cd61f8cd3b606cb,2021-06,Lancashire Constabulary,Lancashire Constabulary,-2.269274,53.781630,On or near Venice Avenue,E01024900,Burnley 010C,Violence and sexual offences,Status update unavailable,
b9c25878f597420011f6df274a3c63b987a285e25cc64d80636c58e4fbb52b7b,2021-06,Lancashire Constabulary,Lancashire Constabulary,-2.269000,53.786242,On or near Hartley Street,E01024900,Burnley 010C,Violence and sexual offences,Unable to prosecute suspect,
e32c57710371e501312c4ba926d07b006ebfed6c93114659aee92bc7684c373c,2021-06,Lancashire Constabulary,Lancashire Constabulary,-2.269965,53.785206,On or near Macauley Street,E01024900,Burnley 010C,Violence and sexual offences,Status update unavailable,
35a63581c4e38b4871beca6d8449df12af0be30a41d8a8fb249d2ddde35cacfe,2021-06,Lancashire Constabulary,Lancashire Constabulary,-2.271939,53.783008,On or near Barclay Avenue,E01024900,Burnley 010C,Violence and sexual offences,Unable to prosecute suspect,
e5b9b89d94326e6dc5898060c0d2c4cd1058ae7a3da61fb6c65d4cfeded12910,2021-06,Lancashire Constabulary,Lancashire Constabulary,-2.267898,53.787080,On or near Homer Street,E01024900,Burnley 010C,Violence and sexual offences,Local resolution,
31aa0190dcf7d5a4949ce6521e509ab7db71e2f8bf5609c4cf9276087d1c54be,2021-06,Lancashire Constabulary,Lancashire Constabulary,-2.271939,53.783008,On or near Barclay Avenue,E01024900,Burnley 010C,Violence and sexual offences,Status update unavailable,
b1557b290485a19148ecbe6ba09f35f7c6594776df960ac2f06631fb68452cfe,2021-06,Lancashire Constabulary,Lancashire Constabulary,-2.269274,53.781630,On or near Venice Avenue,E01024900,Burnley 010C,Violence and sexual offences,Investigation complete; no suspect identified,
498e21c853232c976f05eb47fe147f897e40c1a883d1a1959d69f7810cd508b6,2021-06,Lancashire Constabulary,Lancashire Constabulary,-2.269965,53.785206,On or near Macauley Street,E01024900,Burnley 010C,Violence and sexual offences,Unable to prosecute suspect,
17432def99d9ddf8ebdb7777f58f26cf4675e7b33b596e6bc3a2e505885fd0c3,2021-06,Lancashire Constabulary,Lancashire Constabulary,-2.268474,53.782306,On or near Cornel Grove,E01024900,Burnley 010C,Violence and sexual offences,Investigation complete; no suspect identified,
fc68e85345c23338b12d92b36f990fad1db272599bd9d8e55f88500881c8ba94,2021-06,Lancashire Constabulary,Lancashire Constabulary,-2.271939,53.783008,On or near Barclay Avenue,E01024900,Burnley 010C,Violence and sexual offences,Unable to prosecute suspect,
d525aa8b9f8d98b1b627487aa08cd49c67f8a67c63c930713a9555b102f72a1c,2021-06,Lancashire Constabulary,Lancashire Constabulary,-2.271939,53.783008,On or near Barclay Avenue,E01024900,Burnley 010C,Violence and sexual offences,Unable to prosecute suspect,
,2021-06,Lancashire Constabulary,Lancashire Constabulary,-2.259195,53.783747,On or near Nairne Street,E01024907,Burnley 010D,Anti-social behaviour,,
,2021-06,Lancashire Constabulary,Lancashire Constabulary,-2.257542,53.786330,On or near Grant Street,E01024907,Burnley 010D,Anti-social behaviour,,
,2021-06,Lancashire Constabulary,Lancashire Constabulary,-2.263933,53.789039,On or near Pedestrian Subway,E01024907,Burnley 010D,Anti-social behaviour,,
,2021-06,Lancashire Constabulary,Lancashire Constabulary,-2.258776,53.784709,On or near Prince Street,E01024907,Burnley 010D,Anti-social behaviour,,
,2021-06,Lancashire Constabulary,Lancashire Constabulary,-2.259818,53.788788,On or near Accrington Road,E01024907,Burnley 010D,Anti-social behaviour,,
,2021-06,Lancashire Constabulary,Lancashire Constabulary,-2.259538,53.790145,On or near Westway,E01024907,Burnley 010D,Anti-social behaviour,,
,2021-06,Lancashire Constabulary,Lancashire Constabulary,-2.255867,53.785453,On or near Raglan Road,E01024907,Burnley 010D,Anti-social behaviour,,
,2021-06,Lancashire Constabulary,Lancashire Constabulary,-2.259227,53.788870,On or near Waverley Street,E01024907,Burnley 010D,Anti-social behaviour,,
,2021-06,Lancashire Constabulary,Lancashire Constabulary,-2.259195,53.783747,On or near Nairne Street,E01024907,Burnley 010D,Anti-social behaviour,,
,2021-06,Lancashire Constabulary,Lancashire Constabulary,-2.258771,53.786246,On or near Whitehaven Street,E01024907,Burnley 010D,Anti-social behaviour,,
,2021-06,Lancashire Constabulary,Lancashire Constabulary,-2.258776,53.784709,On or near Prince Street,E01024907,Burnley 010D,Anti-social behaviour,,
,2021-06,Lancashire Constabulary,Lancashire Constabulary,-2.255568,53.788644,On or near Keppel Place,E01024907,Burnley 010D,Anti-social behaviour,,
,2021-06,Lancashire Constabulary,Lancashire Constabulary,-2.259818,53.788788,On or near Accrington Road,E01024907,Burnley 010D,Anti-social behaviour,,
,2021-06,Lancashire Constabulary,Lancashire Constabulary,-2.258180,53.786418,On or near Buccleuch Street,E01024907,Burnley 010D,Anti-social behaviour,,
75cf9c368855b5c162bd94f4b85620377528f83b883d39ed87f50dc339f98fdc,2021-06,Lancashire Constabulary,Lancashire Constabulary,-2.257271,53.789162,On or near Dean Street,E01024907,Burnley 010D,Bicycle theft,Investigation complete; no suspect identified,
e9aeab451c3f17b8fc3a77e9edcd112ef2f993ffb2d8790376b669cc41120f78,2021-06,Lancashire Constabulary,Lancashire Constabulary,-2.259195,53.783747,On or near Nairne Street,E01024907,Burnley 010D,Burglary,Local resolution,
03a323a2f44cd6ac520d7e54ff6056b39af4ef726a3b8740fd915bc17f3b7651,2021-06,Lancashire Constabulary,Lancashire Constabulary,-2.255867,53.785453,On or near Raglan Road,E01024907,Burnley 010D,Criminal damage and arson,Investigation complete; no suspect identified,
7988c20435a505c49210530a3531731ef47366835bb33af10b8930048c35db16,2021-06,Lancashire Constabulary,Lancashire Constabulary,-2.259818,53.788788,On or near Accrington Road,E01024907,Burnley 010D,Drugs,Formal action is not in the public interest,
44a134c4861ad08aeb28475f0ae6ed965083e753a8e47b26f1415df7ac114973,2021-06,Lancashire Constabulary,Lancashire Constabulary,-2.263933,53.789039,On or near Pedestrian Subway,E01024907,Burnley 010D,Drugs,Status update unavailable,
cf1a43a830d6fa53b36a6f517bdfa0faa013fb084b54b56021362f7f45eb0b49,2021-06,Lancashire Constabulary,Lancashire Constabulary,-2.257271,53.789162,On or near Dean Street,E01024907,Burnley 010D,Other theft,Status update unavailable,
784189fcb11f35c24dc3ae7c077854019165aad8eb7800ed850a2d3383320150,2021-06,Lancashire Constabulary,Lancashire Constabulary,-2.255867,53.785453,On or near Raglan Road,E01024907,Burnley 010D,Public order,Investigation complete; no suspect identified,
7bf511183b971111596b9ff12b5605b131b0ff6ae47935c1ca7238a3d11a58f3,2021-06,Lancashire Constabulary,Lancashire Constabulary,-2.255867,53.785453,On or near Raglan Road,E01024907,Burnley 010D,Public order,Unable to prosecute suspect,
d64953f1da8bad9722b50f44ecb20f6150facd22c73962390d29220820db944f,2021-06,Lancashire Constabulary,Lancashire Constabulary,-2.258776,53.784709,On or near Prince Street,E01024907,Burnley 010D,Public order,Unable to prosecute suspect,
b6d7b332118e0b51994db880b4aaecdaeee2b9a8af567812dd17d705b1e92b0e,2021-06,Lancashire Constabulary,Lancashire Constabulary,-2.255867,53.785453,On or near Raglan Road,E01024907,Burnley 010D,Public order,Investigation complete; no suspect identified,
1f4bf26668386a55c0d50d419c14857fbcda666644b9c198296a6955ca7e5504,2021-06,Lancashire Constabulary,Lancashire Constabulary,-2.257271,53.789162,On or near Dean Street,E01024907,Burnley 010D,Violence and sexual offences,Unable to prosecute suspect,
e8c3b57e38253b99b980a681741de5656b3be9d6006619cbc048e74a72cf61cd,2021-06,Lancashire Constabulary,Lancashire Constabulary,-2.258776,53.784709,On or near Prince Street,E01024907,Burnley 010D,Violence and sexual offences,Unable to prosecute suspect,
8c6c16cd02110040ee183b4358b6fcfbcff34ea9a251f445040661e7361964d6,2021-06,Lancashire Constabulary,Lancashire Constabulary,-2.259538,53.790145,On or near Westway,E01024907,Burnley 010D,Violence and sexual offences,Unable to prosecute suspect,
213258610ef22d6bd2b169e7bc783e0d8c749fd05aae281627cec42f62253070,2021-06,Lancashire Constabulary,Lancashire Constabulary,-2.255728,53.785003,On or near Grange Street,E01024907,Burnley 010D,Violence and sexual offences,Unable to prosecute suspect,
9cf1c0e5553c913d8ba1212e55e79e87c230f5968fb56bce32683396209514b6,2021-06,Lancashire Constabulary,Lancashire Constabulary,-2.257475,53.785305,On or near Scarlett Street,E01024907,Burnley 010D,Violence and sexual offences,Unable to prosecute suspect,
300ef5d123b5fe513116f4905c486ecf68858ef9b32d82455de695e06998a1e0,2021-06,Lancashire Constabulary,Lancashire Constabulary,-2.255815,53.784383,On or near Pritchard Street,E01024907,Burnley 010D,Violence and sexual offences,Unable to prosecute suspect,
a0761b846a72954f4dfc1fdab387279d17a15b039378c89162119404cfe8f30e,2021-06,Lancashire Constabulary,Lancashire Constabulary,-2.257475,53.785305,On or near Scarlett Street,E01024907,Burnley 010D,Violence and sexual offences,Unable to prosecute suspect,
6139bfebd970a1a72307d8ff3b8716c2d0738a4900d30848f942c2d36672e15e,2021-06,Lancashire Constabulary,Lancashire Constabulary,-2.255867,53.785453,On or near Raglan Road,E01024907,Burnley 010D,Violence and sexual offences,Unable to prosecute suspect,
09ccf4b9859d3dce76cd3334045b2b30bd684eb3cd50b46415de55a0634b10f1,2021-06,Lancashire Constabulary,Lancashire Constabulary,-2.259538,53.790145,On or near Westway,E01024907,Burnley 010D,Violence and sexual offences,Unable to prosecute suspect,
9411ab764fabb9102b9a642892d56b8678bed5b03293b88fe6cf61d2de2d321b,2021-06,Lancashire Constabulary,Lancashire Constabulary,-2.258771,53.786246,On or near Whitehaven Street,E01024907,Burnley 010D,Violence and sexual offences,Unable to prosecute suspect,
767dbffdfc7180daec8244ebcf563233a44405ec8fdea310eec3ddbeb01dd0e5,2021-06,Lancashire Constabulary,Lancashire Constabulary,-2.258180,53.786418,On or near Buccleuch Street,E01024907,Burnley 010D,Violence and sexual offences,Local resolution,
cec954f7b020452834b145cbe21f93f76dd32c91ec6f7a15925ea29bff1c4f94,2021-06,Lancashire Constabulary,Lancashire Constabulary,-2.259818,53.788788,On or near Accrington Road,E01024907,Burnley 010D,Violence and sexual offences,Unable to prosecute suspect,
85026b4ae7e3a3ef62e545d2a0e347ef49757f928114e6eb217e532dfad3cb05,2021-06,Lancashire Constabulary,Lancashire Constabulary,-2.259538,53.790145,On or near Westway,E01024907,Burnley 010D,Violence and sexual offences,Court result unavailable,
bfc13be54cc534753b32a1afda4d499e4a31daaa3ecad02de3fa6cf7be9e909e,2021-06,Lancashire Constabulary,Lancashire Constabulary,-2.255728,53.785003,On or near Grange Street,E01024907,Burnley 010D,Violence and sexual offences,Status update unavailable,
c8b4731e947f98a72d477c07f76cb05e1fb832b79105553369683a0d2149522c,2021-06,Lancashire Constabulary,Lancashire Constabulary,-2.256428,53.785316,On or near Queensberry Road,E01024907,Burnley 010D,Violence and sexual offences,Unable to prosecute suspect,
12df26303bbe4c4f6310294e5ac4ce5c7b1f24592e1a884138ba8d78e75e8d6e,2021-06,Lancashire Constabulary,Lancashire Constabulary,-2.255728,53.785003,On or near Grange Street,E01024907,Burnley 010D,Violence and sexual offences,Unable to prosecute suspect,
132b8e4318ee9c27381b6f9f9822d669fb576178c9b943d890eed0977f73d08b,2021-06,Lancashire Constabulary,Lancashire Constabulary,-2.255728,53.785003,On or near Grange Street,E01024907,Burnley 010D,Violence and sexual offences,Unable to prosecute suspect,
8084fe1c7c3c0167dd224462c116708127322ccf427ede0884fe62a9a2487c79,2021-06,Lancashire Constabulary,Lancashire Constabulary,-2.257636,53.784379,On or near Beverley Street,E01024907,Burnley 010D,Violence and sexual offences,Unable to prosecute suspect,
ad6ab3c9ebf0944e0100992d5096604d875dd69cc8b9d542cb0ed00beb765e7b,2021-06,Lancashire Constabulary,Lancashire Constabulary,-2.255728,53.785003,On or near Grange Street,E01024907,Burnley 010D,Violence and sexual offences,Unable to prosecute suspect,
888550f021d3c0f55d0c3c2f30ae18065a81c0d106921bf94e6a90af95a5d228,2021-06,Lancashire Constabulary,Lancashire Constabulary,-2.258776,53.784709,On or near Prince Street,E01024907,Burnley 010D,Violence and sexual offences,Unable to prosecute suspect,
7bd7e379b70b5f87c042519f32e939ffe8db4967d3af37e4380ab25a8f322130,2021-06,Lancashire Constabulary,Lancashire Constabulary,-2.258324,53.785223,On or near Coal Clough Lane,E01024907,Burnley 010D,Violence and sexual offences,Unable to prosecute suspect,
70dcfcb30219ae4fbc4c7bd966d72e179078afd77ac6567ca5532825c077237c,2021-06,Lancashire Constabulary,Lancashire Constabulary,-2.258776,53.784709,On or near Prince Street,E01024907,Burnley 010D,Violence and sexual offences,Unable to prosecute suspect,
c4149f0bcee1310d79c3b1c62e1933a0e4cea845c248c67d02f936c1a64c5261,2021-06,Lancashire Constabulary,Lancashire Constabulary,-2.257475,53.785305,On or near Scarlett Street,E01024907,Burnley 010D,Other crime,Action to be taken by another organisation,
82561df1aad5a138eefb2d2acc3b807927aa5637c4b979fd9149d5d9ec742b7f,2021-06,Lancashire Constabulary,Lancashire Constabulary,-2.257271,53.789162,On or near Dean Street,E01024907,Burnley 010D,Other crime,Unable to prosecute suspect,
,2021-06,Lancashire Constabulary,Lancashire Constabulary,-2.261781,53.787049,On or near Athol Street North,E01024908,Burnley 010E,Anti-social behaviour,,
,2021-06,Lancashire Constabulary,Lancashire Constabulary,-2.263518,53.788186,On or near Peace Street,E01024908,Burnley 010E,Anti-social behaviour,,
,2021-06,Lancashire Constabulary,Lancashire Constabulary,-2.262210,53.785358,On or near Paisley Street,E01024908,Burnley 010E,Anti-social behaviour,,
,2021-06,Lancashire Constabulary,Lancashire Constabulary,-2.263768,53.786954,On or near Perth Street,E01024908,Burnley 010E,Anti-social behaviour,,
,2021-06,Lancashire Constabulary,Lancashire Constabulary,-2.263407,53.784951,On or near Dunoon Street,E01024908,Burnley 010E,Anti-social behaviour,,
,2021-06,Lancashire Constabulary,Lancashire Constabulary,-2.262687,53.786319,On or near Arran Street,E01024908,Burnley 010E,Anti-social behaviour,,
,2021-06,Lancashire Constabulary,Lancashire Constabulary,-2.267195,53.786327,On or near Cog Lane,E01024908,Burnley 010E,Anti-social behaviour,,
,2021-06,Lancashire Constabulary,Lancashire Constabulary,-2.263518,53.788186,On or near Peace Street,E01024908,Burnley 010E,Anti-social behaviour,,
,2021-06,Lancashire Constabulary,Lancashire Constabulary,-2.263518,53.788186,On or near Peace Street,E01024908,Burnley 010E,Anti-social behaviour,,
,2021-06,Lancashire Constabulary,Lancashire Constabulary,-2.262210,53.785358,On or near Paisley Street,E01024908,Burnley 010E,Anti-social behaviour,,
,2021-06,Lancashire Constabulary,Lancashire Constabulary,-2.260557,53.785586,On or near Nairne Street,E01024908,Burnley 010E,Anti-social behaviour,,
,2021-06,Lancashire Constabulary,Lancashire Constabulary,-2.263407,53.784951,On or near Dunoon Street,E01024908,Burnley 010E,Anti-social behaviour,,
,2021-06,Lancashire Constabulary,Lancashire Constabulary,-2.262687,53.786319,On or near Arran Street,E01024908,Burnley 010E,Anti-social behaviour,,
,2021-06,Lancashire Constabulary,Lancashire Constabulary,-2.259260,53.786766,On or near Buck Street,E01024908,Burnley 010E,Anti-social behaviour,,
,2021-06,Lancashire Constabulary,Lancashire Constabulary,-2.259260,53.786766,On or near Buck Street,E01024908,Burnley 010E,Anti-social behaviour,,
,2021-06,Lancashire Constabulary,Lancashire Constabulary,-2.264516,53.787510,On or near Clough Street,E01024908,Burnley 010E,Anti-social behaviour,,
,2021-06,Lancashire Constabulary,Lancashire Constabulary,-2.262687,53.786319,On or near Arran Street,E01024908,Burnley 010E,Anti-social behaviour,,
,2021-06,Lancashire Constabulary,Lancashire Constabulary,-2.263263,53.786245,On or near Bruce Street,E01024908,Burnley 010E,Anti-social behaviour,,
,2021-06,Lancashire Constabulary,Lancashire Constabulary,-2.264516,53.787510,On or near Clough Street,E01024908,Burnley 010E,Anti-social behaviour,,
,2021-06,Lancashire Constabulary,Lancashire Constabulary,-2.262539,53.784539,On or near Harold Street,E01024908,Burnley 010E,Anti-social behaviour,,
295a84c3b8e8a8c91e4484dd0189d98284073f3e8bcac1ec5091c46cd053527f,2021-06,Lancashire Constabulary,Lancashire Constabulary,-2.260557,53.785586,On or near Nairne Street,E01024908,Burnley 010E,Burglary,Investigation complete; no suspect identified,
c8c53fd12216a460383973f6520e0d0e8a04f91d6aa663d58b5f7abec719b66a,2021-06,Lancashire Constabulary,Lancashire Constabulary,-2.263407,53.784951,On or near Dunoon Street,E01024908,Burnley 010E,Criminal damage and arson,Status update unavailable,
f03ae64c7b964b10543a317b4ddeaba1aa51a1826067632862882369e84f0691,2021-06,Lancashire Constabulary,Lancashire Constabulary,-2.263407,53.784951,On or near Dunoon Street,E01024908,Burnley 010E,Criminal damage and arson,Local resolution,
ebca007764db302322c535aa291b3de69c08c3ab98f7e1871e81a2423249a049,2021-06,Lancashire Constabulary,Lancashire Constabulary,-2.263407,53.784951,On or near Dunoon Street,E01024908,Burnley 010E,Criminal damage and arson,Unable to prosecute suspect,
b9f37684dc08c32145f569ccf57154ef08dd533100cce9dc635f93cfa0201744,2021-06,Lancashire Constabulary,Lancashire Constabulary,-2.259552,53.784977,On or near Ulster Street,E01024908,Burnley 010E,Drugs,Status update unavailable,
ce286e03db210f039bb03e6c54001f26764254d7998a246b2c3703e35902cc7a,2021-06,Lancashire Constabulary,Lancashire Constabulary,-2.262210,53.785358,On or near Paisley Street,E01024908,Burnley 010E,Other theft,Investigation complete; no suspect identified,
c1ad8709d5b6556690e010e4da42cf14200fea2148221b959924588c3e8ce571,2021-06,Lancashire Constabulary,Lancashire Constabulary,-2.263518,53.788186,On or near Peace Street,E01024908,Burnley 010E,Other theft,Status update unavailable,
9ee5b26bb4e37fb43437ab2a9149bf65f9b915e41aa712644d9600848bffdd5f,2021-06,Lancashire Constabulary,Lancashire Constabulary,-2.263518,53.788186,On or near Peace Street,E01024908,Burnley 010E,Other theft,Investigation complete; no suspect identified,
fad5fb26da79c909008d85acebf6f4181f11b35adbab3d7a50e84f8c42cf5dc2,2021-06,Lancashire Constabulary,Lancashire Constabulary,-2.263768,53.786954,On or near Perth Street,E01024908,Burnley 010E,Public order,Unable to prosecute suspect,
58f13cb2dcbdafe4621bd00eedf30dd3f5963a2abd0fb7f1a3d6339b6b3b282f,2021-06,Lancashire Constabulary,Lancashire Constabulary,-2.260911,53.786295,On or near Colin Street,E01024908,Burnley 010E,Public order,Unable to prosecute suspect,
a85ba5c245043cd1350563a48ff550f2b4bc1c981c82a636cdfc0363b72df7cd,2021-06,Lancashire Constabulary,Lancashire Constabulary,-2.263518,53.788186,On or near Peace Street,E01024908,Burnley 010E,Shoplifting,Status update unavailable,
5c7c82950409f6eadbf24bfa5b5a47ce877b2f65302cba7e59e1ff1985f8e485,2021-06,Lancashire Constabulary,Lancashire Constabulary,-2.263518,53.788186,On or near Peace Street,E01024908,Burnley 010E,Shoplifting,Status update unavailable,
af0b2bf2cd77aa6ca3a7246891307ac12553d3378ba5c86a4b7787c538c25018,2021-06,Lancashire Constabulary,Lancashire Constabulary,-2.263518,53.788186,On or near Peace Street,E01024908,Burnley 010E,Shoplifting,Status update unavailable,
589c17a8da924a5ebb8c2deac80c39d7f909c5d939f997c10e44ae3f3861ac48,2021-06,Lancashire Constabulary,Lancashire Constabulary,-2.263518,53.788186,On or near Peace Street,E01024908,Burnley 010E,Vehicle crime,Investigation complete; no suspect identified,
120d71f602bc3d12d4fc69a0ec71bcd1d8ca2498d6a4ad3e5a4c3c3ec6a9dd8a,2021-06,Lancashire Constabulary,Lancashire Constabulary,-2.265350,53.787481,On or near Grove Street,E01024908,Burnley 010E,Vehicle crime,Investigation complete; no suspect identified,
51b77324096204490419e78cf2ab8285fecd5984d75de007278f58b6ee544cff,2021-06,Lancashire Constabulary,Lancashire Constabulary,-2.262687,53.786319,On or near Arran Street,E01024908,Burnley 010E,Violence and sexual offences,Unable to prosecute suspect,
31352293cc387acaf65743c2c452c31e9376cf06a09ca8d641fe6ca3843c3fb1,2021-06,Lancashire Constabulary,Lancashire Constabulary,-2.260911,53.786295,On or near Colin Street,E01024908,Burnley 010E,Violence and sexual offences,Action to be taken by another organisation,
65bdfbb0274eee547e49a6ac4ada3ced587e1d9350b5e82cc9a007e234bd7844,2021-06,Lancashire Constabulary,Lancashire Constabulary,-2.259260,53.786766,On or near Buck Street,E01024908,Burnley 010E,Violence and sexual offences,Investigation complete; no suspect identified,
8807a94047b801ebbb5ae329c63b840e44fa50995dd9e39097b9e27f18a2af83,2021-06,Lancashire Constabulary,Lancashire Constabulary,-2.261781,53.787049,On or near Athol Street North,E01024908,Burnley 010E,Violence and sexual offences,Court result unavailable,
5719a1dccde60ed988ab8aba352b8e52ee17b261736ebaad1539ec4c436dc212,2021-06,Lancashire Constabulary,Lancashire Constabulary,-2.260911,53.786295,On or near Colin Street,E01024908,Burnley 010E,Violence and sexual offences,Unable to prosecute suspect,
dac8825fb858f1dcc3d4a5102e53be65a45648f293576b518d14775b48fc614e,2021-06,Lancashire Constabulary,Lancashire Constabulary,-2.259552,53.784977,On or near Ulster Street,E01024908,Burnley 010E,Violence and sexual offences,Investigation complete; no suspect identified,
3c50b794e25ae03d4609a12a1a73383b1891a8b111578ba63c7bfc3a46757f46,2021-06,Lancashire Constabulary,Lancashire Constabulary,-2.262687,53.786319,On or near Arran Street,E01024908,Burnley 010E,Violence and sexual offences,Unable to prosecute suspect,
7c376febadfd20f1525abbd7189c05613b900807982e802561b54514c3c65e2d,2021-06,Lancashire Constabulary,Lancashire Constabulary,-2.262687,53.786319,On or near Arran Street,E01024908,Burnley 010E,Violence and sexual offences,Court result unavailable,
73bc30a97cb97413f56eb3d91f5f0895e42f697b3564ccb5e1688fa03062ced5,2021-06,Lancashire Constabulary,Lancashire Constabulary,-2.265350,53.787481,On or near Grove Street,E01024908,Burnley 010E,Violence and sexual offences,Offender given a caution,
469cb8eec94adabc0a236f034c9dfefceeb5f33f59d7881d326a1a7136850d59,2021-06,Lancashire Constabulary,Lancashire Constabulary,-2.262687,53.786319,On or near Arran Street,E01024908,Burnley 010E,Other crime,Further investigation is not in the public interest,
,2021-06,Lancashire Constabulary,Lancashire Constabulary,-2.253565,53.786293,On or near Piccadilly Road,E01024909,Burnley 010F,Anti-social behaviour,,
,2021-06,Lancashire Constabulary,Lancashire Constabulary,-2.250690,53.787791,On or near Petrol Station,E01024909,Burnley 010F,Anti-social behaviour,,
,2021-06,Lancashire Constabulary,Lancashire Constabulary,-2.249041,53.786078,On or near Escar Street,E01024909,Burnley 010F,Anti-social behaviour,,
,2021-06,Lancashire Constabulary,Lancashire Constabulary,-2.250690,53.787791,On or near Petrol Station,E01024909,Burnley 010F,Anti-social behaviour,,
,2021-06,Lancashire Constabulary,Lancashire Constabulary,-2.250690,53.787791,On or near Petrol Station,E01024909,Burnley 010F,Anti-social behaviour,,
,2021-06,Lancashire Constabulary,Lancashire Constabulary,-2.250690,53.787791,On or near Petrol Station,E01024909,Burnley 010F,Anti-social behaviour,,
,2021-06,Lancashire Constabulary,Lancashire Constabulary,-2.256455,53.789765,On or near Cranmer Street,E01024909,Burnley 010F,Anti-social behaviour,,
,2021-06,Lancashire Constabulary,Lancashire Constabulary,-2.250690,53.787791,On or near Petrol Station,E01024909,Burnley 010F,Anti-social behaviour,,
,2021-06,Lancashire Constabulary,Lancashire Constabulary,-2.252761,53.786394,On or near Baker Street,E01024909,Burnley 010F,Anti-social behaviour,,
,2021-06,Lancashire Constabulary,Lancashire Constabulary,-2.256455,53.789765,On or near Cranmer Street,E01024909,Burnley 010F,Anti-social behaviour,,
,2021-06,Lancashire Constabulary,Lancashire Constabulary,-2.250690,53.787791,On or near Petrol Station,E01024909,Burnley 010F,Anti-social behaviour,,
,2021-06,Lancashire Constabulary,Lancashire Constabulary,-2.248481,53.783796,On or near Chestnut Rise,E01024909,Burnley 010F,Anti-social behaviour,,
,2021-06,Lancashire Constabulary,Lancashire Constabulary,-2.248481,53.783796,On or near Chestnut Rise,E01024909,Burnley 010F,Anti-social behaviour,,
,2021-06,Lancashire Constabulary,Lancashire Constabulary,-2.255225,53.787225,On or near Ellis Street,E01024909,Burnley 010F,Anti-social behaviour,,
,2021-06,Lancashire Constabulary,Lancashire Constabulary,-2.250690,53.787791,On or near Petrol Station,E01024909,Burnley 010F,Anti-social behaviour,,
,2021-06,Lancashire Constabulary,Lancashire Constabulary,-2.252761,53.786394,On or near Baker Street,E01024909,Burnley 010F,Anti-social behaviour,,
,2021-06,Lancashire Constabulary,Lancashire Constabulary,-2.254001,53.785609,On or near Palatine Square,E01024909,Burnley 010F,Anti-social behaviour,,
,2021-06,Lancashire Constabulary,Lancashire Constabulary,-2.250690,53.787791,On or near Petrol Station,E01024909,Burnley 010F,Anti-social behaviour,,
,2021-06,Lancashire Constabulary,Lancashire Constabulary,-2.248481,53.783796,On or near Chestnut Rise,E01024909,Burnley 010F,Anti-social behaviour,,
,2021-06,Lancashire Constabulary,Lancashire Constabulary,-2.254001,53.785609,On or near Palatine Square,E01024909,Burnley 010F,Anti-social behaviour,,
,2021-06,Lancashire Constabulary,Lancashire Constabulary,-2.250690,53.787791,On or near Petrol Station,E01024909,Burnley 010F,Anti-social behaviour,,
,2021-06,Lancashire Constabulary,Lancashire Constabulary,-2.250690,53.787791,On or near Petrol Station,E01024909,Burnley 010F,Anti-social behaviour,,
,2021-06,Lancashire Constabulary,Lancashire Constabulary,-2.250690,53.787791,On or near Petrol Station,E01024909,Burnley 010F,Anti-social behaviour,,
,2021-06,Lancashire Constabulary,Lancashire Constabulary,-2.252116,53.785101,On or near Carlton Road,E01024909,Burnley 010F,Anti-social behaviour,,
,2021-06,Lancashire Constabulary,Lancashire Constabulary,-2.254894,53.790272,On or near Belle Vue Place,E01024909,Burnley 010F,Anti-social behaviour,,
,2021-06,Lancashire Constabulary,Lancashire Constabulary,-2.251389,53.790477,On or near Shopping Area,E01024909,Burnley 010F,Anti-social behaviour,,
,2021-06,Lancashire Constabulary,Lancashire Constabulary,-2.250690,53.787791,On or near Petrol Station,E01024909,Burnley 010F,Anti-social behaviour,,
,2021-06,Lancashire Constabulary,Lancashire Constabulary,-2.249145,53.788289,On or near George Street,E01024909,Burnley 010F,Anti-social behaviour,,
,2021-06,Lancashire Constabulary,Lancashire Constabulary,-2.253529,53.792962,On or near Back Willow Street,E01024909,Burnley 010F,Anti-social behaviour,,
fa7def7b001a4043224d597d07db973dfbad24fbc91c7685c190b019cafae8a3,2021-06,Lancashire Constabulary,Lancashire Constabulary,-2.255225,53.787225,On or near Ellis Street,E01024909,Burnley 010F,Burglary,Status update unavailable,
25734fdc117b0b7f7d2379c47ddc6b23f74000d7181286a911c0271432100ff3,2021-06,Lancashire Constabulary,Lancashire Constabulary,-2.249173,53.790464,On or near Supermarket,E01024909,Burnley 010F,Criminal damage and arson,Investigation complete; no suspect identified,
a1358fef65c4aaf425eec170e94f05451bd9f1681e503d2eb85df0dd7bd19329,2021-06,Lancashire Constabulary,Lancashire Constabulary,-2.252761,53.786394,On or near Baker Street,E01024909,Burnley 010F,Criminal damage and arson,Investigation complete; no suspect identified,
b78610d5c1ec146b64092674fee8f70143824c7043e8e2072e362d7a23290c15,2021-06,Lancashire Constabulary,Lancashire Constabulary,-2.252116,53.785101,On or near Carlton Road,E01024909,Burnley 010F,Criminal damage and arson,Unable to prosecute suspect,
cbcd90a70409957ffbdb70930e8d9284ad0a884e5f5794cda26135fa64b69b11,2021-06,Lancashire Constabulary,Lancashire Constabulary,-2.252231,53.786611,On or near Sefton Avenue,E01024909,Burnley 010F,Criminal damage and arson,Investigation complete; no suspect identified,
565be8fbd3991ad93659a49aed0ca161ea3748ee8fbe64c14a8c3bbe4332b12c,2021-06,Lancashire Constabulary,Lancashire Constabulary,-2.255663,53.786900,On or near Bailey Street,E01024909,Burnley 010F,Criminal damage and arson,Unable to prosecute suspect,
d18e10f286adf57954c9292829f4bb5958e0b7d1f8db08b0abeb21f39125d650,2021-06,Lancashire Constabulary,Lancashire Constabulary,-2.254894,53.790272,On or near Belle Vue Place,E01024909,Burnley 010F,Drugs,Status update unavailable,
f06341a72a01a65b36ce3e92737483e6a860223e2e2074086d37cb6ed6844140,2021-06,Lancashire Constabulary,Lancashire Constabulary,-2.250690,53.787791,On or near Petrol Station,E01024909,Burnley 010F,Other theft,Further investigation is not in the public interest,
369ebcbd1be5c7adbcd90e2c3179c99d36653ceaf29a2e06922265b8216bd407,2021-06,Lancashire Constabulary,Lancashire Constabulary,-2.250690,53.787791,On or near Petrol Station,E01024909,Burnley 010F,Other theft,Status update unavailable,
774e6ae1c0f34c1ff2012452280a5f5c07366c572ecacb7bf94bfdc129ecf1a2,2021-06,Lancashire Constabulary,Lancashire Constabulary,-2.252116,53.785101,On or near Carlton Road,E01024909,Burnley 010F,Other theft,Status update unavailable,
0006177278e47c1a9f4b30da541a9c7a807dc8733cb73f24621c2e8740bc48a2,2021-06,Lancashire Constabulary,Lancashire Constabulary,-2.253701,53.786131,On or near Willis Street,E01024909,Burnley 010F,Other theft,Status update unavailable,
2195efec81daa7a19598207131061f9f3fadad1e60c6f7b24e3138c441d19d16,2021-06,Lancashire Constabulary,Lancashire Constabulary,-2.252451,53.792866,On or near Gill Street,E01024909,Burnley 010F,Other theft,Investigation complete; no suspect identified,
970450891d8badb004094fc007396a6b1fc98a2369ed065c34feded9458d5ec6,2021-06,Lancashire Constabulary,Lancashire Constabulary,-2.252116,53.785101,On or near Carlton Road,E01024909,Burnley 010F,Possession of weapons,Unable to prosecute suspect,
ffeb01ad235906fcf75391ab3b3c6c4b4905671352045d21b384bf87f36a6a8f,2021-06,Lancashire Constabulary,Lancashire Constabulary,-2.254894,53.790272,On or near Belle Vue Place,E01024909,Burnley 010F,Possession of weapons,Court result unavailable,
b18e798942caa80dc0606411980a6cd3334136531586f822ad1598eb61b82dd0,2021-06,Lancashire Constabulary,Lancashire Constabulary,-2.248481,53.783796,On or near Chestnut Rise,E01024909,Burnley 010F,Public order,Unable to prosecute suspect,
b74430e6afc6e145b119bb58d94f7d81edec45ff6f33472066fabba96ccf843b,2021-06,Lancashire Constabulary,Lancashire Constabulary,-2.256455,53.789765,On or near Cranmer Street,E01024909,Burnley 010F,Public order,Court result unavailable,
c4914cf38f3cc691754f0155cce4ef9feed2beaa802e78250002b08629e99a17,2021-06,Lancashire Constabulary,Lancashire Constabulary,-2.257798,53.791039,On or near Junction Street,E01024909,Burnley 010F,Public order,Further investigation is not in the public interest,
c1a8ebb4d395bb51b5bc1ba5dd51157f179f9e035dedc3d6f42936ef40a30db8,2021-06,Lancashire Constabulary,Lancashire Constabulary,-2.249173,53.790464,On or near Supermarket,E01024909,Burnley 010F,Public order,Unable to prosecute suspect,
5f0414adb045064a4a48f30a7fd9c183977f28dcd0d074e3e00aeeb4010d4cd0,2021-06,Lancashire Constabulary,Lancashire Constabulary,-2.257798,53.791039,On or near Junction Street,E01024909,Burnley 010F,Public order,Further investigation is not in the public interest,
c3df113f8b875e8bd624768ece7c53f6ddd589f631106b45383fa3103f7400a0,2021-06,Lancashire Constabulary,Lancashire Constabulary,-2.253529,53.792962,On or near Back Willow Street,E01024909,Burnley 010F,Robbery,Status update unavailable,
e8dff00e6b3f5b0ee1dae045db913cef5c7531c08624a0770b8c86801ee9951b,2021-06,Lancashire Constabulary,Lancashire Constabulary,-2.253529,53.792962,On or near Back Willow Street,E01024909,Burnley 010F,Robbery,Unable to prosecute suspect,
bf1e8bfdde7d7e64181a95724d0a14485849aa0785e4e3ada96bebf786f632c5,2021-06,Lancashire Constabulary,Lancashire Constabulary,-2.250690,53.787791,On or near Petrol Station,E01024909,Burnley 010F,Shoplifting,Investigation complete; no suspect identified,
1b7ffb898bbfc88e06d1b1eb43519cb6895c9f9aaafcf6f0d6962076e5da206c,2021-06,Lancashire Constabulary,Lancashire Constabulary,-2.249173,53.790464,On or near Supermarket,E01024909,Burnley 010F,Shoplifting,Status update unavailable,
3ffd55bd1c9d3a1213a5a8f441e30faf0265284e0fe72983ec2803ea1b0e96fa,2021-06,Lancashire Constabulary,Lancashire Constabulary,-2.255663,53.786900,On or near Bailey Street,E01024909,Burnley 010F,Vehicle crime,Unable to prosecute suspect,
349817eb2285bec91a1b1cf02a765f26c7175770624718398b52a71cf526921a,2021-06,Lancashire Constabulary,Lancashire Constabulary,-2.246234,53.786183,On or near Manchester Road,E01024909,Burnley 010F,Violence and sexual offences,Investigation complete; no suspect identified,
7cfdc514b7458d15beef4499245cb8d58069be93f4878f56a7cd0cb32bb1f544,2021-06,Lancashire Constabulary,Lancashire Constabulary,-2.252451,53.792866,On or near Gill Street,E01024909,Burnley 010F,Violence and sexual offences,Unable to prosecute suspect,
08ef48016a56b8a5c96d0e672ab4bfed1c7ddb9c80aca7791329bcb31f7208c0,2021-06,Lancashire Constabulary,Lancashire Constabulary,-2.249041,53.786078,On or near Escar Street,E01024909,Burnley 010F,Violence and sexual offences,Offender given a caution,
40f8a710e6eea015a8b452734ba8c423984ff4ee23a5d4c052ed51f527862926,2021-06,Lancashire Constabulary,Lancashire Constabulary,-2.255225,53.787225,On or near Ellis Street,E01024909,Burnley 010F,Violence and sexual offences,Unable to prosecute suspect,
66c46e474ea2b545311556ba03d0a708cf97490f3805a869310a3760913b4e6c,2021-06,Lancashire Constabulary,Lancashire Constabulary,-2.254187,53.786319,On or near Austin Street,E01024909,Burnley 010F,Violence and sexual offences,Awaiting court outcome,
c4d1785fc699fc658f38c8306cfca2ca30a3afb2e4685bee18e1a95a38462c50,2021-06,Lancashire Constabulary,Lancashire Constabulary,-2.249173,53.790464,On or near Supermarket,E01024909,Burnley 010F,Violence and sexual offences,Court result unavailable,
2d6824b1110ad62a1ee6d863267be252df24a14bb647529c9606c4f938703237,2021-06,Lancashire Constabulary,Lancashire Constabulary,-2.252116,53.785101,On or near Carlton Road,E01024909,Burnley 010F,Violence and sexual offences,Status update unavailable,
646b7ddd67175aaff268c96a80a922e41f0b11f30fcd7507bc7b663da583a631,2021-06,Lancashire Constabulary,Lancashire Constabulary,-2.249173,53.790464,On or near Supermarket,E01024909,Burnley 010F,Violence and sexual offences,Status update unavailable,
0521f4043114e3c07dffe54e3bb8ba1bd27897787cd9da1ffab8614f2ff8a3fd,2021-06,Lancashire Constabulary,Lancashire Constabulary,-2.249173,53.790464,On or near Supermarket,E01024909,Burnley 010F,Violence and sexual offences,Court result unavailable,
617f506cff006b37d4694e9406447210ef98a5032b58de2a40f46b118b807930,2021-06,Lancashire Constabulary,Lancashire Constabulary,-2.255225,53.787225,On or near Ellis Street,E01024909,Burnley 010F,Violence and sexual offences,Unable to prosecute suspect,
aa74449be9172119a614a9e91d69215fdbdcd58703c0d241850e0ede31a14587,2021-06,Lancashire Constabulary,Lancashire Constabulary,-2.257798,53.791039,On or near Junction Street,E01024909,Burnley 010F,Violence and sexual offences,Unable to prosecute suspect,
dd40500a0d89f8ace9b348bb0038a88f72913a83536044876f0109a2f23552cb,2021-06,Lancashire Constabulary,Lancashire Constabulary,-2.253701,53.786131,On or near Willis Street,E01024909,Burnley 010F,Violence and sexual offences,Unable to prosecute suspect,
e2a95d3f340831af142dc8e071a969888f44800483947664b4a376cf5ecf31fb,2021-06,Lancashire Constabulary,Lancashire Constabulary,-2.253701,53.786131,On or near Willis Street,E01024909,Burnley 010F,Violence and sexual offences,Unable to prosecute suspect,
6eb3325c87b527ebd83f784c026bfb7bf62bd1bd2bff02198b0b9ac7d93b3fe9,2021-06,Lancashire Constabulary,Lancashire Constabulary,-2.253881,53.788288,On or near Lisbon Drive,E01024909,Burnley 010F,Violence and sexual offences,Unable to prosecute suspect,
cff8f657486d70582f03630bcce3eada5ba5bfe53bc9bb8a20028767cf290eca,2021-06,Lancashire Constabulary,Lancashire Constabulary,-2.256455,53.789765,On or near Cranmer Street,E01024909,Burnley 010F,Violence and sexual offences,Unable to prosecute suspect,
4a147237e74227220a772f159d57099b1df6f11830dd7c21e705cb5b62def240,2021-06,Lancashire Constabulary,Lancashire Constabulary,-2.246234,53.786183,On or near Manchester Road,E01024909,Burnley 010F,Violence and sexual offences,Investigation complete; no suspect identified,
,2021-06,Lancashire Constabulary,Lancashire Constabulary,-2.238276,53.774676,On or near Lower Timber Hill Lane,E01024874,Burnley 011A,Anti-social behaviour,,
,2021-06,Lancashire Constabulary,Lancashire Constabulary,-2.278869,53.745602,On or near Oak Street,E01024874,Burnley 011A,Anti-social behaviour,,
,2021-06,Lancashire Constabulary,Lancashire Constabulary,-2.275184,53.778022,On or near Farrington Road,E01024874,Burnley 011A,Anti-social behaviour,,
e5cad024aa34a9c31c501278f313c93a4b4922b198313b66e550ea3abe2ce84d,2021-06,Lancashire Constabulary,Lancashire Constabulary,-2.278869,53.745602,On or near Oak Street,E01024874,Burnley 011A,Criminal damage and arson,Unable to prosecute suspect,
2b2c8f5c17eae5cb81fbda4004bfa91d3c703277f41d68ccf1b86c8becbd45b3,2021-06,Lancashire Constabulary,Lancashire Constabulary,-2.278869,53.745602,On or near Oak Street,E01024874,Burnley 011A,Violence and sexual offences,Status update unavailable,
,2021-06,Lancashire Constabulary,Lancashire Constabulary,-2.311045,53.790697,On or near Malvern Avenue,E01024887,Burnley 011B,Anti-social behaviour,,
,2021-06,Lancashire Constabulary,Lancashire Constabulary,-2.307344,53.791057,On or near College Close,E01024887,Burnley 011B,Anti-social behaviour,,
,2021-06,Lancashire Constabulary,Lancashire Constabulary,-2.309004,53.791817,On or near Oxford Close,E01024887,Burnley 011B,Anti-social behaviour,,
,2021-06,Lancashire Constabulary,Lancashire Constabulary,-2.307344,53.791057,On or near College Close,E01024887,Burnley 011B,Anti-social behaviour,,
,2021-06,Lancashire Constabulary,Lancashire Constabulary,-2.311045,53.790697,On or near Malvern Avenue,E01024887,Burnley 011B,Anti-social behaviour,,
,2021-06,Lancashire Constabulary,Lancashire Constabulary,-2.307344,53.791057,On or near College Close,E01024887,Burnley 011B,Anti-social behaviour,,
,2021-06,Lancashire Constabulary,Lancashire Constabulary,-2.311045,53.790697,On or near Malvern Avenue,E01024887,Burnley 011B,Anti-social behaviour,,
,2021-06,Lancashire Constabulary,Lancashire Constabulary,-2.311045,53.790697,On or near Malvern Avenue,E01024887,Burnley 011B,Anti-social behaviour,,
,2021-06,Lancashire Constabulary,Lancashire Constabulary,-2.305150,53.790002,On or near Balliol Close,E01024887,Burnley 011B,Anti-social behaviour,,
,2021-06,Lancashire Constabulary,Lancashire Constabulary,-2.315047,53.783972,On or near North Street,E01024887,Burnley 011B,Anti-social behaviour,,
,2021-06,Lancashire Constabulary,Lancashire Constabulary,-2.311045,53.790697,On or near Malvern Avenue,E01024887,Burnley 011B,Anti-social behaviour,,
,2021-06,Lancashire Constabulary,Lancashire Constabulary,-2.315771,53.783395,On or near Back Church Street,E01024887,Burnley 011B,Anti-social behaviour,,
,2021-06,Lancashire Constabulary,Lancashire Constabulary,-2.311045,53.790697,On or near Malvern Avenue,E01024887,Burnley 011B,Anti-social behaviour,,
,2021-06,Lancashire Constabulary,Lancashire Constabulary,-2.307344,53.791057,On or near College Close,E01024887,Burnley 011B,Anti-social behaviour,,
,2021-06,Lancashire Constabulary,Lancashire Constabulary,-2.307344,53.791057,On or near College Close,E01024887,Burnley 011B,Anti-social behaviour,,
7ad2d1352f232820a1b7f8f2fa80b6a324ec1be54fb6ffa7c491cad5d9b65cd0,2021-06,Lancashire Constabulary,Lancashire Constabulary,-2.305150,53.790002,On or near Balliol Close,E01024887,Burnley 011B,Burglary,Investigation complete; no suspect identified,
213f17a471ca1400877762259f8202602d8fa2dbcc4bc1afb08db6af7a6d30c8,2021-06,Lancashire Constabulary,Lancashire Constabulary,-2.307488,53.792126,On or near Trinity Close,E01024887,Burnley 011B,Criminal damage and arson,Investigation complete; no suspect identified,
ab2315e50ed64ed7f772e7e6d0e5a5ba5a627b8c5ff379ea584a759ed67ecd4d,2021-06,Lancashire Constabulary,Lancashire Constabulary,-2.322788,53.784042,On or near Scarth Lane,E01024887,Burnley 011B,Criminal damage and arson,Investigation complete; no suspect identified,
33b331b99a7056597b140766027ff6ced7a6130dfbab0ec958f5e585756e00cb,2021-06,Lancashire Constabulary,Lancashire Constabulary,-2.311045,53.790697,On or near Malvern Avenue,E01024887,Burnley 011B,Criminal damage and arson,Investigation complete; no suspect identified,
127816d8fd53c5ee1e488bb19c84aaea83addd9f7d918c99c6c3dd25009139b1,2021-06,Lancashire Constabulary,Lancashire Constabulary,-2.309004,53.791817,On or near Oxford Close,E01024887,Burnley 011B,Possession of weapons,Court result unavailable,
7e5a703c7c16ddcadb69ba96fec12ad572255e188d37206d01e5bc006c005687,2021-06,Lancashire Constabulary,Lancashire Constabulary,-2.307488,53.792126,On or near Trinity Close,E01024887,Burnley 011B,Public order,Status update unavailable,
bcf2085c22ba9343c15fb486902bacee211c78ba8c2f6bf67f317f2023a76cb9,2021-06,Lancashire Constabulary,Lancashire Constabulary,-2.315815,53.783107,On or near Manchester Road,E01024887,Burnley 011B,Violence and sexual offences,Unable to prosecute suspect,
346046cb2fe6938212fde97298db6b4cdbc6f5ea7960d651e3de10c1ac53d315,2021-06,Lancashire Constabulary,Lancashire Constabulary,-2.307488,53.792126,On or near Trinity Close,E01024887,Burnley 011B,Violence and sexual offences,Status update unavailable,
5a38348837f3a45dc435923426a4500624feb5e2153277829aea466b79359b87,2021-06,Lancashire Constabulary,Lancashire Constabulary,-2.308424,53.791333,On or near Cambridge Close,E01024887,Burnley 011B,Violence and sexual offences,Unable to prosecute suspect,
851403835d2ada053faf940282d6d9383f669b64785062d8b123733830e7d250,2021-06,Lancashire Constabulary,Lancashire Constabulary,-2.307344,53.791057,On or near College Close,E01024887,Burnley 011B,Violence and sexual offences,Unable to prosecute suspect,
aec1d05440fead71c588a027ca7076397d44c97595a54a448ca2fa42d8f6fcc2,2021-06,Lancashire Constabulary,Lancashire Constabulary,-2.307344,53.791057,On or near College Close,E01024887,Burnley 011B,Violence and sexual offences,Status update unavailable,
1b70a11486f5c7a334fa220a87e23c0de9ace267f5de021c2a0479c1381e20f7,2021-06,Lancashire Constabulary,Lancashire Constabulary,-2.307488,53.792126,On or near Trinity Close,E01024887,Burnley 011B,Violence and sexual offences,Unable to prosecute suspect,
e831f825beafaa6b85a12f3d63027254a7418474edf86cdab4907a1816ec3ba3,2021-06,Lancashire Constabulary,Lancashire Constabulary,-2.305576,53.792167,On or near Kings Drive,E01024887,Burnley 011B,Violence and sexual offences,Unable to prosecute suspect,
d7f24ae49e6ec073613525ea849d40a507ff9e3ea8da35e6a1817daffc95ce2f,2021-06,Lancashire Constabulary,Lancashire Constabulary,-2.305576,53.792167,On or near Kings Drive,E01024887,Burnley 011B,Violence and sexual offences,Unable to prosecute suspect,
4316643b7d535e2acf77a27ca9636a8f43d674eeff306852f6d44fe0ad736c25,2021-06,Lancashire Constabulary,Lancashire Constabulary,-2.315815,53.783107,On or near Manchester Road,E01024887,Burnley 011B,Violence and sexual offences,Unable to prosecute suspect,
,2021-06,Lancashire Constabulary,Lancashire Constabulary,-2.312549,53.772474,On or near Hameldon Road,E01024888,Burnley 011C,Anti-social behaviour,,
,2021-06,Lancashire Constabulary,Lancashire Constabulary,-2.316284,53.780985,On or near Shawbrook Close,E01024888,Burnley 011C,Anti-social behaviour,,
e33f2d3026a007a5d2011994aee497ad9fa07fff8dd600e68d3448808531c8a8,2021-06,Lancashire Constabulary,Lancashire Constabulary,-2.316648,53.774863,On or near Hameldon Close,E01024888,Burnley 011C,Other theft,Unable to prosecute suspect,
b7903b224fd92202733be10373d78888a36d9faec26e075c8b125c65873aea3a,2021-06,Lancashire Constabulary,Lancashire Constabulary,-2.318495,53.780377,On or near Carter Avenue,E01024888,Burnley 011C,Other theft,Investigation complete; no suspect identified,
537c9e53aed52be7309e29769e342036c45cbde11f49d6b1babb76168fcb7812,2021-06,Lancashire Constabulary,Lancashire Constabulary,-2.317542,53.782734,On or near Castle Street,E01024888,Burnley 011C,Vehicle crime,Status update unavailable,
93cf6b0ff5e51d499187376e9d316f523b68967bc1352dd79e0aba3b6e3fb12e,2021-06,Lancashire Constabulary,Lancashire Constabulary,-2.318237,53.782310,On or near Tennyson Street,E01024888,Burnley 011C,Violence and sexual offences,Unable to prosecute suspect,
9e566495a157f351020f8bbf2ba20b8655fc2aa8d75a8e4c3fd799b5c050eab9,2021-06,Lancashire Constabulary,Lancashire Constabulary,-2.318566,53.783612,On or near Hampden Street,E01024888,Burnley 011C,Violence and sexual offences,Status update unavailable,
984486360573b5cc8126e1a105b1fcbca8c26cf28af134feb9812cbc23d441b8,2021-06,Lancashire Constabulary,Lancashire Constabulary,-2.318566,53.783612,On or near Hampden Street,E01024888,Burnley 011C,Violence and sexual offences,Offender given a caution,
750d4f1503e447103488d68ebc7f90c10551f8bb2d3370ebd98f9478d162b13c,2021-06,Lancashire Constabulary,Lancashire Constabulary,-2.318566,53.783612,On or near Hampden Street,E01024888,Burnley 011C,Violence and sexual offences,Action to be taken by another organisation,
593f343dedf2ad62393723073b72a5b27d161cd2e35e38386441f84c06ac78d5,2021-06,Lancashire Constabulary,Lancashire Constabulary,-2.317542,53.782734,On or near Castle Street,E01024888,Burnley 011C,Violence and sexual offences,Unable to prosecute suspect,
fef28220c46e7fb65389312c0df1cd018e2a01e033e3924776ce6ac7d4aaba3e,2021-06,Lancashire Constabulary,Lancashire Constabulary,-2.318217,53.779650,On or near Ruskin Grove,E01024888,Burnley 011C,Violence and sexual offences,Investigation complete; no suspect identified,
2cef6c69a3fce8bd3abe0a6780ad81cee61f9f06381239aa40ce0bd717709cfc,2021-06,Lancashire Constabulary,Lancashire Constabulary,-2.318566,53.783612,On or near Hampden Street,E01024888,Burnley 011C,Other crime,Unable to prosecute suspect,
,2021-06,Lancashire Constabulary,Lancashire Constabulary,-2.300904,53.792700,On or near Low Bank,E01024901,Burnley 011D,Anti-social behaviour,,
,2021-06,Lancashire Constabulary,Lancashire Constabulary,-2.292410,53.791463,On or near Sweetclough Drive,E01024901,Burnley 011D,Anti-social behaviour,,
,2021-06,Lancashire Constabulary,Lancashire Constabulary,-2.289670,53.790364,On or near Holyoake Street,E01024901,Burnley 011D,Anti-social behaviour,,
f20b4742f1e1ac928c43c4d5cf01f4ce9bf6c80a66286cec6e5e0ad684ee1a73,2021-06,Lancashire Constabulary,Lancashire Constabulary,-2.289145,53.791228,On or near Lowerhouse Lane,E01024901,Burnley 011D,Burglary,Investigation complete; no suspect identified,
a5ea9a756847ffffa4b23a1f26b08cd986d06ffb16cfa2cd70ebb2f2a36b317f,2021-06,Lancashire Constabulary,Lancashire Constabulary,-2.289670,53.790364,On or near Holyoake Street,E01024901,Burnley 011D,Criminal damage and arson,Status update unavailable,
8c7bc5933220162a5d2d85cd26df5320039ad8574dc06cb139d4e5e6134238a3,2021-06,Lancashire Constabulary,Lancashire Constabulary,-2.294758,53.790720,On or near Fox Street,E01024901,Burnley 011D,Violence and sexual offences,Unable to prosecute suspect,
,2021-06,Lancashire Constabulary,Lancashire Constabulary,-2.231172,53.782357,On or near Smalley Street,E01024904,Burnley 014A,Anti-social behaviour,,
,2021-06,Lancashire Constabulary,Lancashire Constabulary,-2.219360,53.775638,On or near The Avenue,E01024904,Burnley 014A,Anti-social behaviour,,
,2021-06,Lancashire Constabulary,Lancashire Constabulary,-2.230636,53.781540,On or near Stewart Street,E01024904,Burnley 014A,Anti-social behaviour,,
,2021-06,Lancashire Constabulary,Lancashire Constabulary,-2.219360,53.775638,On or near The Avenue,E01024904,Burnley 014A,Anti-social behaviour,,
,2021-06,Lancashire Constabulary,Lancashire Constabulary,-2.230636,53.781540,On or near Stewart Street,E01024904,Burnley 014A,Anti-social behaviour,,
,2021-06,Lancashire Constabulary,Lancashire Constabulary,-2.236396,53.780315,On or near Glebe Street,E01024904,Burnley 014A,Anti-social behaviour,,
,2021-06,Lancashire Constabulary,Lancashire Constabulary,-2.219360,53.775638,On or near The Avenue,E01024904,Burnley 014A,Anti-social behaviour,,
,2021-06,Lancashire Constabulary,Lancashire Constabulary,-2.231752,53.782994,On or near Tarleton Street,E01024904,Burnley 014A,Anti-social behaviour,,
,2021-06,Lancashire Constabulary,Lancashire Constabulary,-2.230636,53.781540,On or near Stewart Street,E01024904,Burnley 014A,Anti-social behaviour,,
,2021-06,Lancashire Constabulary,Lancashire Constabulary,-2.219360,53.775638,On or near The Avenue,E01024904,Burnley 014A,Anti-social behaviour,,
844e5d8250b88c7fb0008d40a6e7ad34e631934818182d5cbb72338071addb1e,2021-06,Lancashire Constabulary,Lancashire Constabulary,-2.231172,53.782357,On or near Smalley Street,E01024904,Burnley 014A,Burglary,Status update unavailable,
d7498e6181550700f430ccdadbd4cb2e561500be6855215f64bfae64a2f37f63,2021-06,Lancashire Constabulary,Lancashire Constabulary,-2.233145,53.777059,On or near Foxglove Close,E01024904,Burnley 014A,Burglary,Court result unavailable,
91869cf54d070c87226c43e9f56f90d1befe35da7a96fa0c339824a30bcd21cc,2021-06,Lancashire Constabulary,Lancashire Constabulary,-2.235648,53.776812,On or near Hollin Hill,E01024904,Burnley 014A,Burglary,Court result unavailable,
c63f699a568e1ffec3b55395140e7fc17b248343e1527a9fea25a4e7d49e0386,2021-06,Lancashire Constabulary,Lancashire Constabulary,-2.234375,53.779825,On or near Stoney Street,E01024904,Burnley 014A,Other theft,Unable to prosecute suspect,
d720d8f2fb131d181ea20e9d138aab7b751b7ca72b89eeeadd9e518feb83102c,2021-06,Lancashire Constabulary,Lancashire Constabulary,-2.219360,53.775638,On or near The Avenue,E01024904,Burnley 014A,Possession of weapons,Unable to prosecute suspect,
733886426f2234b1ca67abe8b59e80f371e5ca6a5fc11371c08b3c4f976d9bb9,2021-06,Lancashire Constabulary,Lancashire Constabulary,-2.231752,53.782994,On or near Tarleton Street,E01024904,Burnley 014A,Public order,Unable to prosecute suspect,
eeae6f7df832ca2c3d8ac416346e611c60a6cbc568066ab199c2c1bffa0d1aec,2021-06,Lancashire Constabulary,Lancashire Constabulary,-2.219360,53.775638,On or near The Avenue,E01024904,Burnley 014A,Violence and sexual offences,Unable to prosecute suspect,
079dd7ab210ff60fa09115c201c41b464cc98dd7552f17ec0ae6297fa5fe3ade,2021-06,Lancashire Constabulary,Lancashire Constabulary,-2.234375,53.779825,On or near Stoney Street,E01024904,Burnley 014A,Violence and sexual offences,Unable to prosecute suspect,
3d8d605147e624627d6fef163e75780562c28d952ad616c82b6790534723f427,2021-06,Lancashire Constabulary,Lancashire Constabulary,-2.234375,53.779825,On or near Stoney Street,E01024904,Burnley 014A,Violence and sexual offences,Unable to prosecute suspect,
9782e6bfea12b66afe4227a1dc07cb8dd948b471ec58b5720778deb980ba5cb0,2021-06,Lancashire Constabulary,Lancashire Constabulary,-2.232773,53.781113,On or near Nuttall Street,E01024904,Burnley 014A,Violence and sexual offences,Unable to prosecute suspect,
af9ec35b9b6849312264743798c6b2f2a0d34240d48d75d7482982533dcd2ee1,2021-06,Lancashire Constabulary,Lancashire Constabulary,-2.234375,53.779825,On or near Stoney Street,E01024904,Burnley 014A,Violence and sexual offences,Unable to prosecute suspect,
7c8dc3131adcd8b6ecf6004cd5d1e635160344c0b1840fdaae4083e63acbc925,2021-06,Lancashire Constabulary,Lancashire Constabulary,-2.234375,53.779825,On or near Stoney Street,E01024904,Burnley 014A,Violence and sexual offences,Unable to prosecute suspect,
57d37329e255d6f4fc2a300e5bb1497e589878f6ab5828984cc35fd72d0c0074,2021-06,Lancashire Constabulary,Lancashire Constabulary,-2.230636,53.781540,On or near Stewart Street,E01024904,Burnley 014A,Violence and sexual offences,Action to be taken by another organisation,
dec9b2d6a0b5963cfa8e0ca68c8473e2dcf8df45efb9da5b822de322b8429211,2021-06,Lancashire Constabulary,Lancashire Constabulary,-2.231208,53.780784,On or near Outwood Road,E01024904,Burnley 014A,Violence and sexual offences,Unable to prosecute suspect,
,2021-06,Lancashire Constabulary,Lancashire Constabulary,-2.236394,53.785448,On or near Springfield Bank,E01024906,Burnley 014B,Anti-social behaviour,,
,2021-06,Lancashire Constabulary,Lancashire Constabulary,-2.237594,53.782956,On or near Reed Street,E01024906,Burnley 014B,Anti-social behaviour,,
,2021-06,Lancashire Constabulary,Lancashire Constabulary,-2.236394,53.785448,On or near Springfield Bank,E01024906,Burnley 014B,Anti-social behaviour,,
,2021-06,Lancashire Constabulary,Lancashire Constabulary,-2.236742,53.782508,On or near Parkinson Street,E01024906,Burnley 014B,Anti-social behaviour,,
,2021-06,Lancashire Constabulary,Lancashire Constabulary,-2.238032,53.782451,On or near Dall Street,E01024906,Burnley 014B,Anti-social behaviour,,
,2021-06,Lancashire Constabulary,Lancashire Constabulary,-2.236742,53.782508,On or near Parkinson Street,E01024906,Burnley 014B,Anti-social behaviour,,
,2021-06,Lancashire Constabulary,Lancashire Constabulary,-2.238032,53.782451,On or near Dall Street,E01024906,Burnley 014B,Anti-social behaviour,,
,2021-06,Lancashire Constabulary,Lancashire Constabulary,-2.235928,53.783561,On or near Crowther Street,E01024906,Burnley 014B,Anti-social behaviour,,
,2021-06,Lancashire Constabulary,Lancashire Constabulary,-2.232760,53.781437,On or near Hampden Street,E01024906,Burnley 014B,Anti-social behaviour,,
,2021-06,Lancashire Constabulary,Lancashire Constabulary,-2.235928,53.783561,On or near Crowther Street,E01024906,Burnley 014B,Anti-social behaviour,,
,2021-06,Lancashire Constabulary,Lancashire Constabulary,-2.234414,53.781470,On or near Duke Street,E01024906,Burnley 014B,Anti-social behaviour,,
,2021-06,Lancashire Constabulary,Lancashire Constabulary,-2.238032,53.782451,On or near Dall Street,E01024906,Burnley 014B,Anti-social behaviour,,
,2021-06,Lancashire Constabulary,Lancashire Constabulary,-2.237594,53.782956,On or near Reed Street,E01024906,Burnley 014B,Anti-social behaviour,,
,2021-06,Lancashire Constabulary,Lancashire Constabulary,-2.237594,53.782956,On or near Reed Street,E01024906,Burnley 014B,Anti-social behaviour,,
,2021-06,Lancashire Constabulary,Lancashire Constabulary,-2.239151,53.781856,On or near Emily Street,E01024906,Burnley 014B,Anti-social behaviour,,
,2021-06,Lancashire Constabulary,Lancashire Constabulary,-2.238032,53.782451,On or near Dall Street,E01024906,Burnley 014B,Anti-social behaviour,,
,2021-06,Lancashire Constabulary,Lancashire Constabulary,-2.238407,53.781642,On or near Hollingreave Road,E01024906,Burnley 014B,Anti-social behaviour,,
,2021-06,Lancashire Constabulary,Lancashire Constabulary,-2.236394,53.785448,On or near Springfield Bank,E01024906,Burnley 014B,Anti-social behaviour,,
,2021-06,Lancashire Constabulary,Lancashire Constabulary,-2.236394,53.785448,On or near Springfield Bank,E01024906,Burnley 014B,Anti-social behaviour,,
,2021-06,Lancashire Constabulary,Lancashire Constabulary,-2.238032,53.782451,On or near Dall Street,E01024906,Burnley 014B,Anti-social behaviour,,
,2021-06,Lancashire Constabulary,Lancashire Constabulary,-2.236394,53.785448,On or near Springfield Bank,E01024906,Burnley 014B,Anti-social behaviour,,
,2021-06,Lancashire Constabulary,Lancashire Constabulary,-2.236742,53.782508,On or near Parkinson Street,E01024906,Burnley 014B,Anti-social behaviour,,
b62b348b9c66d707b96c0bac7d7074ea309fbe26b501bc037b90d7ac74138b17,2021-06,Lancashire Constabulary,Lancashire Constabulary,-2.235928,53.783561,On or near Crowther Street,E01024906,Burnley 014B,Burglary,Investigation complete; no suspect identified,
b23acaf69ca57317f56d9776b59c6d9c5be104275bf8f5c9300fafc13b189e8c,2021-06,Lancashire Constabulary,Lancashire Constabulary,-2.238032,53.782451,On or near Dall Street,E01024906,Burnley 014B,Burglary,Investigation complete; no suspect identified,
270000e89b371cc41555ab69c680609ce6a81f8c18acc81cea5a51cabec1d4a4,2021-06,Lancashire Constabulary,Lancashire Constabulary,-2.238032,53.782451,On or near Dall Street,E01024906,Burnley 014B,Burglary,Status update unavailable,
ec34352686df79427ab91ed4a00dda54955ec95b4cc6780e4ba3f5e80d8230a2,2021-06,Lancashire Constabulary,Lancashire Constabulary,-2.237594,53.782956,On or near Reed Street,E01024906,Burnley 014B,Criminal damage and arson,Unable to prosecute suspect,
f5dafc414c57a8ce5cf9ef593454a83c690ae18b05efcbfb268f0959034840aa,2021-06,Lancashire Constabulary,Lancashire Constabulary,-2.233272,53.783377,On or near Oxford Road,E01024906,Burnley 014B,Criminal damage and arson,Court result unavailable,
6f51346602f286130c4dde0f08f2507258291017d29fb979fb30222c8d290d25,2021-06,Lancashire Constabulary,Lancashire Constabulary,-2.238032,53.782451,On or near Dall Street,E01024906,Burnley 014B,Criminal damage and arson,Court result unavailable,
668636d733b5b3ef410ff7f05396c304bb721d968276a044446104c20b4cccd4,2021-06,Lancashire Constabulary,Lancashire Constabulary,-2.235928,53.783561,On or near Crowther Street,E01024906,Burnley 014B,Criminal damage and arson,Status update unavailable,
4c983a8987f7b93c943bdb6d812ae624797b19adb252d3003977dfa02150d08a,2021-06,Lancashire Constabulary,Lancashire Constabulary,-2.238032,53.782451,On or near Dall Street,E01024906,Burnley 014B,Criminal damage and arson,Unable to prosecute suspect,
f1c7e0571c7fa8e675d30cc972b93284a978df085592928e5da10dbb3fe29071,2021-06,Lancashire Constabulary,Lancashire Constabulary,-2.238407,53.781642,On or near Hollingreave Road,E01024906,Burnley 014B,Other theft,Unable to prosecute suspect,
5ed2961010db66c854af846097dcd526f1c847b8a7d2cc1ca3e3e20d4368e560,2021-06,Lancashire Constabulary,Lancashire Constabulary,-2.243376,53.785523,On or near Exmouth Street,E01024906,Burnley 014B,Possession of weapons,Court result unavailable,
f72d6c1b2c770a251debb5fca2705ca6ab1ef4fdd9e2b3682afa17d8eb23b2a8,2021-06,Lancashire Constabulary,Lancashire Constabulary,-2.236742,53.782508,On or near Parkinson Street,E01024906,Burnley 014B,Public order,Unable to prosecute suspect,
12ed7d6008744041c0d30f7962c67463724fddd65241cf487a5c56c7f39fbbf8,2021-06,Lancashire Constabulary,Lancashire Constabulary,-2.236394,53.785448,On or near Springfield Bank,E01024906,Burnley 014B,Public order,Investigation complete; no suspect identified,
ab477598f17111ba71cda20b25598f941d478b9b70079119e2961358b6939d7a,2021-06,Lancashire Constabulary,Lancashire Constabulary,-2.238032,53.782451,On or near Dall Street,E01024906,Burnley 014B,Public order,Investigation complete; no suspect identified,
e6a403e7462ddc2113f9a2a2140442b1af8390873f1f3cb22e474dce25aa4e92,2021-06,Lancashire Constabulary,Lancashire Constabulary,-2.237594,53.782956,On or near Reed Street,E01024906,Burnley 014B,Public order,Unable to prosecute suspect,
495f92c479183484728a520b60534eef0506155516e906cabf97fe684e89636c,2021-06,Lancashire Constabulary,Lancashire Constabulary,-2.232760,53.781437,On or near Hampden Street,E01024906,Burnley 014B,Violence and sexual offences,Status update unavailable,
fd6df2d191373c2144b9aff80ce1418721e29061c7c69aaf7e6666f68b679bfa,2021-06,Lancashire Constabulary,Lancashire Constabulary,-2.238032,53.782451,On or near Dall Street,E01024906,Burnley 014B,Violence and sexual offences,Unable to prosecute suspect,
b7df3b6b39d4448db60f7ee72a759926f53d4853474bdefde8d852eb9382ea65,2021-06,Lancashire Constabulary,Lancashire Constabulary,-2.238032,53.782451,On or near Dall Street,E01024906,Burnley 014B,Violence and sexual offences,Court result unavailable,
dbad38492c967c67d8f317f2a3f57856fe6ac1c136be2ec943d0d38a0b299df3,2021-06,Lancashire Constabulary,Lancashire Constabulary,-2.238407,53.781642,On or near Hollingreave Road,E01024906,Burnley 014B,Violence and sexual offences,Unable to prosecute suspect,
e8e8e58eeb93cdfe8162b6f80c9b2a3e364bd74721fa1fcdeb8989fbe49802f9,2021-06,Lancashire Constabulary,Lancashire Constabulary,-2.236742,53.782508,On or near Parkinson Street,E01024906,Burnley 014B,Violence and sexual offences,Status update unavailable,
556159f5d48477d2e1b858ec6b5396fd049ee1bdf9a1dd951d35150c5744097c,2021-06,Lancashire Constabulary,Lancashire Constabulary,-2.236742,53.782508,On or near Parkinson Street,E01024906,Burnley 014B,Violence and sexual offences,Investigation complete; no suspect identified,
cea1a956d434b9cb6b94a5aa308d68429ab24d32aae6e74585c2e276c0f95420,2021-06,Lancashire Constabulary,Lancashire Constabulary,-2.240234,53.782672,On or near Rumley Road,E01024906,Burnley 014B,Violence and sexual offences,Unable to prosecute suspect,
85b6476626bfef2b72493016d24ac42fcce9051e6ca8f62aac65c7e552e00dfa,2021-06,Lancashire Constabulary,Lancashire Constabulary,-2.238032,53.782451,On or near Dall Street,E01024906,Burnley 014B,Violence and sexual offences,Unable to prosecute suspect,
f3fcce2a2c571a85021d9a7cebfbafa8c75c72392492bfa5946579051014df52,2021-06,Lancashire Constabulary,Lancashire Constabulary,-2.236742,53.782508,On or near Parkinson Street,E01024906,Burnley 014B,Violence and sexual offences,Investigation complete; no suspect identified,
a832eb4041d0e3d36b390b6b903294213705b6d6e9c4ee515a5bd8ac29c81743,2021-06,Lancashire Constabulary,Lancashire Constabulary,-2.238032,53.782451,On or near Dall Street,E01024906,Burnley 014B,Violence and sexual offences,Court result unavailable,
1de6150b8b32671dcfd2efdc5250f2dcf303b566fcfdb694aed0bd28cffc45f4,2021-06,Lancashire Constabulary,Lancashire Constabulary,-2.236742,53.782508,On or near Parkinson Street,E01024906,Burnley 014B,Violence and sexual offences,Status update unavailable,
b1089afae7809b3de2f441cc4a7e5b736da231cda2d6d75c822434907f5a55d6,2021-06,Lancashire Constabulary,Lancashire Constabulary,-2.237594,53.782956,On or near Reed Street,E01024906,Burnley 014B,Violence and sexual offences,Local resolution,
9cede028fbd8c61ed856fad313bd7e0bdba6a89b3f5d4f9159213492a4362b61,2021-06,Lancashire Constabulary,Lancashire Constabulary,-2.237594,53.782956,On or near Reed Street,E01024906,Burnley 014B,Violence and sexual offences,Unable to prosecute suspect,
dfa8f425146931e70cc596af0a0d2ffc21f7652813cb4d46c127d9fae72ed193,2021-06,Lancashire Constabulary,Lancashire Constabulary,-2.238817,53.784355,On or near Hornby Street,E01024906,Burnley 014B,Violence and sexual offences,Unable to prosecute suspect,
22fe7c8b01d52ab158aef127c1b4797540b77e42104c1ca36c68f94a4ca5829d,2021-06,Lancashire Constabulary,Lancashire Constabulary,-2.238032,53.782451,On or near Dall Street,E01024906,Burnley 014B,Violence and sexual offences,Status update unavailable,
78d21e26b50edaf38bd1085b4f5df464e0409276aeb33e0d561468ecc5cba2c5,2021-06,Lancashire Constabulary,Lancashire Constabulary,-2.238032,53.782451,On or near Dall Street,E01024906,Burnley 014B,Violence and sexual offences,Unable to prosecute suspect,
b694c1d09817260ff35a723776da4f5694134ab330d3587bf1a5c58dec7dbe08,2021-06,Lancashire Constabulary,Lancashire Constabulary,-2.238032,53.782451,On or near Dall Street,E01024906,Burnley 014B,Violence and sexual offences,Court result unavailable,
c71c4bcfecca35fc638c8e6f306d06ab194761c2555ea59b5416ffa20d8a4af1,2021-06,Lancashire Constabulary,Lancashire Constabulary,-2.238407,53.781642,On or near Hollingreave Road,E01024906,Burnley 014B,Violence and sexual offences,Unable to prosecute suspect,
d3f56166ff35fc2d7e9293a8e50c6dd00b5c33552821a9319ee64ed53eea1730,2021-06,Lancashire Constabulary,Lancashire Constabulary,-2.238817,53.784355,On or near Hornby Street,E01024906,Burnley 014B,Violence and sexual offences,Unable to prosecute suspect,
2e0ff27411c019c47d4dafd6ca59d68c4949aa6bb7c7c7eb7fccd7e2df2365e1,2021-06,Lancashire Constabulary,Lancashire Constabulary,-2.238817,53.784355,On or near Hornby Street,E01024906,Burnley 014B,Violence and sexual offences,Unable to prosecute suspect,
c96e173f14c5572966282ccf87448e471fa3fe31fffa6f73bafb04592400731b,2021-06,Lancashire Constabulary,Lancashire Constabulary,-2.237621,53.785050,On or near Plumbe Street,E01024906,Burnley 014B,Violence and sexual offences,Status update unavailable,
d532713ee93b2444b570e36cbe38b6053e50041496a45eab9853abec1aaa7a35,2021-06,Lancashire Constabulary,Lancashire Constabulary,-2.237594,53.782956,On or near Reed Street,E01024906,Burnley 014B,Violence and sexual offences,Unable to prosecute suspect,
329387645e9cbe08b3626ab5757aada19cbac9e1eb42fd2de9c537d9b18c0e19,2021-06,Lancashire Constabulary,Lancashire Constabulary,-2.235928,53.783561,On or near Crowther Street,E01024906,Burnley 014B,Violence and sexual offences,Unable to prosecute suspect,
8358a8e207cbfbf273abdf970b7c42649e62e2b3e8253b88a06451e1900c8271,2021-06,Lancashire Constabulary,Lancashire Constabulary,-2.238032,53.782451,On or near Dall Street,E01024906,Burnley 014B,Violence and sexual offences,Court result unavailable,
99f30c66d9ec71849edf8d0e6c6c84880c2c560cdb99adffe696a7947c0e73c1,2021-06,Lancashire Constabulary,Lancashire Constabulary,-2.237621,53.785050,On or near Plumbe Street,E01024906,Burnley 014B,Violence and sexual offences,Court result unavailable,
8b8f159c6a5c2dca969e781ffa9c75c416e60b5505345f4b4cb353815f0b65e5,2021-06,Lancashire Constabulary,Lancashire Constabulary,-2.233706,53.782370,On or near Waterloo Road,E01024906,Burnley 014B,Violence and sexual offences,Unable to prosecute suspect,
0ec0834bd2e8155f277d66464bfba710c83a509a38004e55c6de3bc9556f356e,2021-06,Lancashire Constabulary,Lancashire Constabulary,-2.240234,53.782672,On or near Rumley Road,E01024906,Burnley 014B,Violence and sexual offences,Investigation complete; no suspect identified,
,2021-06,Lancashire Constabulary,Lancashire Constabulary,-2.254860,53.784637,On or near Herbert Street,E01024910,Burnley 014C,Anti-social behaviour,,
,2021-06,Lancashire Constabulary,Lancashire Constabulary,-2.247006,53.783377,On or near Spring Hill Road,E01024910,Burnley 014C,Anti-social behaviour,,
,2021-06,Lancashire Constabulary,Lancashire Constabulary,-2.247006,53.783377,On or near Spring Hill Road,E01024910,Burnley 014C,Anti-social behaviour,,
,2021-06,Lancashire Constabulary,Lancashire Constabulary,-2.254860,53.784637,On or near Herbert Street,E01024910,Burnley 014C,Anti-social behaviour,,
78ce4c61ee05ffae6f34f0a726401e55da0ea46814e6280ad77ce07fb8d41836,2021-06,Lancashire Constabulary,Lancashire Constabulary,-2.255844,53.784140,On or near St Matthew Street,E01024910,Burnley 014C,Criminal damage and arson,Status update unavailable,
902a8b220f0ddb2bfc75b3bc44ed05a615188feecb89645e6111190824796aa9,2021-06,Lancashire Constabulary,Lancashire Constabulary,-2.245921,53.782085,On or near Laithe Street,E01024910,Burnley 014C,Violence and sexual offences,Unable to prosecute suspect,
6f4e0e23610c007cc7d15aa207f06ea5defc97dd0791cc7f648dc8d49e6f6c15,2021-06,Lancashire Constabulary,Lancashire Constabulary,-2.245921,53.782085,On or near Laithe Street,E01024910,Burnley 014C,Violence and sexual offences,Unable to prosecute suspect,
cc140534ec7c5659b478b265ddca42b21e512e4c04e3d5ab43cbc6a476e54e19,2021-06,Lancashire Constabulary,Lancashire Constabulary,-2.247627,53.780562,On or near David Street,E01024910,Burnley 014C,Violence and sexual offences,Unable to prosecute suspect,
d098c64ed5de669529c07675aa1f0b7b8cf6b33a89ac8aea6acda7f49900d644,2021-06,Lancashire Constabulary,Lancashire Constabulary,-2.245921,53.782085,On or near Laithe Street,E01024910,Burnley 014C,Violence and sexual offences,Unable to prosecute suspect,
9d018654b42a3a5233a227703a9ea2af97208ce64a4e37b566493d750286d974,2021-06,Lancashire Constabulary,Lancashire Constabulary,-2.244803,53.782932,On or near Healey Wood Road,E01024910,Burnley 014C,Violence and sexual offences,Action to be taken by another organisation,
d7bd09deb480894900617a31c32c8144c6258e2ffbfef4dd01726a1b789a3a44,2021-06,Lancashire Constabulary,Lancashire Constabulary,-2.245921,53.782085,On or near Laithe Street,E01024910,Burnley 014C,Violence and sexual offences,Unable to prosecute suspect,
a367550336e1559362a4f33a4562148f584dd3e23671a2151a05ba83489a848a,2021-06,Lancashire Constabulary,Lancashire Constabulary,-2.246147,53.781833,On or near Reservoir Street,E01024910,Burnley 014C,Violence and sexual offences,Unable to prosecute suspect,
,2021-06,Lancashire Constabulary,Lancashire Constabulary,-2.259417,53.780322,On or near Pasturegate Avenue,E01024871,Burnley 014D,Anti-social behaviour,,
,2021-06,Lancashire Constabulary,Lancashire Constabulary,-2.254108,53.778212,On or near Manchester Road,E01024871,Burnley 014D,Anti-social behaviour,,
,2021-06,Lancashire Constabulary,Lancashire Constabulary,-2.254244,53.773151,On or near Herkomer Avenue,E01024871,Burnley 014D,Anti-social behaviour,,
45231eab981ee97176c9bc151d252af09edfb70615ca786c3226c27c94652495,2021-06,Lancashire Constabulary,Lancashire Constabulary,-2.259521,53.782344,On or near Kensington Place,E01024871,Burnley 014D,Criminal damage and arson,Status update unavailable,
36ce02dfba50c436ca40536745d406fb3dfcbb9f1b851d4e21a538f974ce5923,2021-06,Lancashire Constabulary,Lancashire Constabulary,-2.256201,53.782935,On or near Scott Park Road,E01024871,Burnley 014D,Criminal damage and arson,Status update unavailable,
c1ee35614c519237da68bca15e4e8423b19778b86aa7dd23b6a61c0772568081,2021-06,Lancashire Constabulary,Lancashire Constabulary,-2.254108,53.778212,On or near Manchester Road,E01024871,Burnley 014D,Vehicle crime,Investigation complete; no suspect identified,
74f4e33c964cb7db17f7965a2d352165aff1c4b15a44c49402a46b47efdf2e14,2021-06,Lancashire Constabulary,Lancashire Constabulary,-2.253944,53.773646,On or near Herkomer Avenue,E01024871,Burnley 014D,Vehicle crime,Investigation complete; no suspect identified,
292feea696d457a6a5f6ec47ce0fc0c661b23a390e355ba621313547df3666dd,2021-06,Lancashire Constabulary,Lancashire Constabulary,-2.256624,53.775160,On or near Parkland View,E01024871,Burnley 014D,Violence and sexual offences,Unable to prosecute suspect,
351d6b9677063209cde6306b17185316a5a14d7f231e99bfde5c098c3535e372,2021-06,Lancashire Constabulary,Lancashire Constabulary,-2.256624,53.775160,On or near Parkland View,E01024871,Burnley 014D,Violence and sexual offences,Status update unavailable,
c66888ec15aa999c55d138474a02803193285999b98f97478e420ef49dc94a1d,2021-06,Lancashire Constabulary,Lancashire Constabulary,-2.255014,53.782533,On or near Scott Park Road,E01024871,Burnley 014D,Violence and sexual offences,Local resolution,
32e2adea4160b95db2d278279eee5fe9b33eb6f33960198118d3190ca810248b,2021-06,Lancashire Constabulary,Lancashire Constabulary,-2.256201,53.782935,On or near Scott Park Road,E01024871,Burnley 014D,Violence and sexual offences,Local resolution,
fb00f22ed5b4e3e825cb86ee31f8b94e42c52fff72d81be9a8755ebaa57bc34b,2021-06,Lancashire Constabulary,Lancashire Constabulary,-2.256201,53.782935,On or near Scott Park Road,E01024871,Burnley 014D,Violence and sexual offences,Investigation complete; no suspect identified,
d970a326dbb508090b97a71d42386b03b1854e56ecc2727e4181d2003e96a8ea,2021-06,Lancashire Constabulary,Lancashire Constabulary,-2.256624,53.775160,On or near Parkland View,E01024871,Burnley 014D,Violence and sexual offences,Unable to prosecute suspect,
6c442a3e624fd60ff0b2cc72c5ab365df404996693d5e30ee4aeec92b077f300,2021-06,Lancashire Constabulary,Lancashire Constabulary,-2.256201,53.782935,On or near Scott Park Road,E01024871,Burnley 014D,Violence and sexual offences,Unable to prosecute suspect,
f92510f178d4a4426e6533e5869d11c1ea72ef20c7e7cc36334d88c9968ea122,2021-06,Lancashire Constabulary,Lancashire Constabulary,-2.258042,53.773853,On or near Calcott Street,E01024871,Burnley 014D,Violence and sexual offences,Unable to prosecute suspect,
3d27ff4033114ba85ec658401e177a3b807e53cfd0fa449d317066151974d125,2021-06,Lancashire Constabulary,Lancashire Constabulary,-2.255014,53.782533,On or near Scott Park Road,E01024871,Burnley 014D,Violence and sexual offences,Unable to prosecute suspect,
a9ad9e816eae3d5f00d14afe4ded73427937b76ad3b476bead751847d5ece5cd,2021-06,Lancashire Constabulary,Lancashire Constabulary,-2.255785,53.777040,On or near Marton Drive,E01024871,Burnley 014D,Violence and sexual offences,Unable to prosecute suspect,
57e69a030052d24dcbd963f5d89ad0ba7e5c1c6c32548c262e4721284f691480,2021-06,Lancashire Constabulary,Lancashire Constabulary,-2.256624,53.775160,On or near Parkland View,E01024871,Burnley 014D,Violence and sexual offences,Status update unavailable,
3a0e5a118e26ce1b61e1e3b1f990897aeed1e92ca7ba42278037f4f848652803,2021-06,Lancashire Constabulary,Lancashire Constabulary,-2.258042,53.773853,On or near Calcott Street,E01024871,Burnley 014D,Violence and sexual offences,Unable to prosecute suspect,
ac0e9631543fd9c54549c6cd67671cec20f04b1d18aa06509598314b335e4aea,2021-06,Lancashire Constabulary,Lancashire Constabulary,-2.256624,53.775160,On or near Parkland View,E01024871,Burnley 014D,Violence and sexual offences,Status update unavailable,
dbabce98ed1731eb68338c81951d76bcbcd45537449790e9f72f66f1e2d94b60,2021-06,Lancashire Constabulary,Lancashire Constabulary,-2.256624,53.775160,On or near Parkland View,E01024871,Burnley 014D,Other crime,Unable to prosecute suspect,
,2021-06,Lancashire Constabulary,Lancashire Constabulary,-2.263311,53.776952,On or near Woodcourt Avenue,E01024873,Burnley 014E,Anti-social behaviour,,
,2021-06,Lancashire Constabulary,Lancashire Constabulary,-2.261736,53.777423,On or near Forfar Street,E01024873,Burnley 014E,Anti-social behaviour,,
,2021-06,Lancashire Constabulary,Lancashire Constabulary,-2.250536,53.774633,On or near Tadema Grove,E01024903,Burnley 014F,Anti-social behaviour,,
,2021-06,Lancashire Constabulary,Lancashire Constabulary,-2.245681,53.774688,On or near Woodplumpton Road,E01024903,Burnley 014F,Anti-social behaviour,,
,2021-06,Lancashire Constabulary,Lancashire Constabulary,-2.253309,53.776506,On or near Romney Avenue,E01024903,Burnley 014F,Anti-social behaviour,,
,2021-06,Lancashire Constabulary,Lancashire Constabulary,-2.249415,53.777476,On or near Creswick Close,E01024903,Burnley 014F,Anti-social behaviour,,
,2021-06,Lancashire Constabulary,Lancashire Constabulary,-2.251559,53.775674,On or near Hogarth Avenue,E01024903,Burnley 014F,Anti-social behaviour,,
,2021-06,Lancashire Constabulary,Lancashire Constabulary,-2.245681,53.774688,On or near Woodplumpton Road,E01024903,Burnley 014F,Anti-social behaviour,,
6bae4757e538da03b4c76476f7cd337db391671f8956889eff2efd5db7eff74d,2021-06,Lancashire Constabulary,Lancashire Constabulary,-2.245681,53.774688,On or near Woodplumpton Road,E01024903,Burnley 014F,Burglary,Status update unavailable,
5e4923ce4c171cc7dba17f8fafc26b4f86afdef3ae9b0c0f0dae3516839ca924,2021-06,Lancashire Constabulary,Lancashire Constabulary,-2.245681,53.774688,On or near Woodplumpton Road,E01024903,Burnley 014F,Public order,Unable to prosecute suspect,
82178af7f43820f82c00273e280bcfb78f515f0c1e262815e39e1b67f5c0879b,2021-06,Lancashire Constabulary,Lancashire Constabulary,-2.245681,53.774688,On or near Woodplumpton Road,E01024903,Burnley 014F,Public order,Unable to prosecute suspect,
f63ac85fcbae790c2d53d800e0a6aae802f28875744df180ea786d447e1721ef,2021-06,Lancashire Constabulary,Lancashire Constabulary,-2.245681,53.774688,On or near Woodplumpton Road,E01024903,Burnley 014F,Public order,Unable to prosecute suspect,
8153d9e4421cbf7e076591c3ea6ea672f2224599ca40e25adb555477b901a5aa,2021-06,Lancashire Constabulary,Lancashire Constabulary,-2.245681,53.774688,On or near Woodplumpton Road,E01024903,Burnley 014F,Public order,Unable to prosecute suspect,
d7225dbdd422a80972438438e106ce6e7f6f56b1b361659a48cc3e1f5d352caf,2021-06,Lancashire Constabulary,Lancashire Constabulary,-2.245681,53.774688,On or near Woodplumpton Road,E01024903,Burnley 014F,Violence and sexual offences,Unable to prosecute suspect,
fc37214a01d0ac3b4d02f00c49b6100c30f599cff3822cbe446f7d5f9a324dcf,2021-06,Lancashire Constabulary,Lancashire Constabulary,-2.245681,53.774688,On or near Woodplumpton Road,E01024903,Burnley 014F,Violence and sexual offences,Unable to prosecute suspect,
a0c5fa49e6d028f9d65ac110e967943a3aa6d3acd8df9bf34be7cfd3d948a9ac,2021-06,Lancashire Constabulary,Lancashire Constabulary,-2.251244,53.773814,On or near Glen Square,E01024903,Burnley 014F,Violence and sexual offences,Unable to prosecute suspect,
85f82b10b14daf08f13d45650f274410b3abbf749d766c60f2f4e4b4decf1248,2021-06,Lancashire Constabulary,Lancashire Constabulary,-2.246408,53.774597,On or near Glen View Road,E01024903,Burnley 014F,Violence and sexual offences,Unable to prosecute suspect,
,2021-06,Lancashire Constabulary,Lancashire Constabulary,-2.252448,53.779734,On or near Rosehill Avenue,E01024905,Burnley 014G,Anti-social behaviour,,
,2021-06,Lancashire Constabulary,Lancashire Constabulary,-2.250579,53.779334,On or near Shaftesbury Avenue,E01024905,Burnley 014G,Anti-social behaviour,,
,2021-06,Lancashire Constabulary,Lancashire Constabulary,-2.251880,53.778729,On or near Brentwood Avenue,E01024905,Burnley 014G,Anti-social behaviour,,
,2021-06,Lancashire Constabulary,Lancashire Constabulary,-2.250579,53.779334,On or near Shaftesbury Avenue,E01024905,Burnley 014G,Anti-social behaviour,,
,2021-06,Lancashire Constabulary,Lancashire Constabulary,-2.255443,53.775719,On or near Parkland View,E01024905,Burnley 014G,Anti-social behaviour,,
,2021-06,Lancashire Constabulary,Lancashire Constabulary,-2.250579,53.779334,On or near Shaftesbury Avenue,E01024905,Burnley 014G,Anti-social behaviour,,
,2021-06,Lancashire Constabulary,Lancashire Constabulary,-2.251880,53.778729,On or near Brentwood Avenue,E01024905,Burnley 014G,Anti-social behaviour,,
346ad9f086005a7accedc0242065a66e15dd0637d3ac23367e6e9c25750321fc,2021-06,Lancashire Constabulary,Lancashire Constabulary,-2.254971,53.780367,On or near Pendlehurst Street,E01024905,Burnley 014G,Criminal damage and arson,Local resolution,
40d1a40d14a4e2254d41a0d6ec3cf34dfe15ff4f1e3c46e13c66e34124b48b49,2021-06,Lancashire Constabulary,Lancashire Constabulary,-2.248587,53.778637,On or near Rosehill Road,E01024905,Burnley 014G,Other theft,Status update unavailable,
532327e814809512f38e4e69c732b898be7cf9c111a435b857bce2870ed2ad63,2021-06,Lancashire Constabulary,Lancashire Constabulary,-2.252448,53.779734,On or near Rosehill Avenue,E01024905,Burnley 014G,Violence and sexual offences,Unable to prosecute suspect,
b0645c9534aa5b0cb61adfd3a0ba138ec32806cd3b6a4c09b6b5cf2c4a65d8ad,2021-06,Lancashire Constabulary,Lancashire Constabulary,-1.891021,53.744332,On or near Cousin Lane,E01010941,Calderdale 005C,Violence and sexual offences,Unable to prosecute suspect,
5d8b2e109159e0575264af407e5e284c4d1ad1bfc0adc3d23d79f50f59b57d6a,2021-06,Lancashire Constabulary,Lancashire Constabulary,-2.936191,54.905698,On or near Mulcaster Crescent,E01019242,Carlisle 006F,Violence and sexual offences,Investigation complete; no suspect identified,
827e74655c05fd532741379f86d2988afd8890e679755db3cd94343997bbd5f5,2021-06,Lancashire Constabulary,Lancashire Constabulary,-2.936191,54.905698,On or near Mulcaster Crescent,E01019242,Carlisle 006F,Violence and sexual offences,Unable to prosecute suspect,
fb3c7e5b3eded2048ca284278682f3c79fd8b34bdb440c5b8a3a8182fdde4d34,2021-06,Lancashire Constabulary,Lancashire Constabulary,-2.936191,54.905698,On or near Mulcaster Crescent,E01019242,Carlisle 006F,Violence and sexual offences,Investigation complete; no suspect identified,
9678314e687b91177147fbbee501617a901c45e03ff45efcedfe7ce3a78fa100,2021-06,Lancashire Constabulary,Lancashire Constabulary,-2.950198,54.891840,On or near Finn Avenue,E01019215,Carlisle 008C,Violence and sexual offences,Status update unavailable,
71a6feee808a9d7f046f4dc05ffe6694175411ffff95d700ef7d256e3222153c,2021-06,Lancashire Constabulary,Lancashire Constabulary,-2.435534,53.083402,On or near Gresty Road,E01018445,Cheshire East 045A,Violence and sexual offences,Status update unavailable,
,2021-06,Lancashire Constabulary,Lancashire Constabulary,-2.645199,53.713297,On or near Petrol Station,E01024951,Chorley 001A,Anti-social behaviour,,
adc5bf170a426e99915fc3e5e0b18d6c56c3fda3231a492c00fa63095e6e71e1,2021-06,Lancashire Constabulary,Lancashire Constabulary,-2.639960,53.716516,On or near Brow Hey,E01024951,Chorley 001A,Burglary,Status update unavailable,
92384b57c593e7407662e7980de7ecb02e6b434df6a9a4a4b282b4d6dce2d704,2021-06,Lancashire Constabulary,Lancashire Constabulary,-2.639960,53.716516,On or near Brow Hey,E01024951,Chorley 001A,Violence and sexual offences,Unable to prosecute suspect,
4de574d1a04073e432ddeee6198fe9268cf89585184a4907b7c5238e0ca0889e,2021-06,Lancashire Constabulary,Lancashire Constabulary,-2.643807,53.714473,On or near Daisy Meadow,E01024951,Chorley 001A,Violence and sexual offences,Unable to prosecute suspect,
837e18f0b2f95c46ae26ba4e6d88a92c0da08020604801da5095fd3031f0d236,2021-06,Lancashire Constabulary,Lancashire Constabulary,-2.639960,53.716516,On or near Brow Hey,E01024951,Chorley 001A,Violence and sexual offences,Unable to prosecute suspect,
,2021-06,Lancashire Constabulary,Lancashire Constabulary,-2.647289,53.715227,On or near Ambledene,E01024952,Chorley 001B,Anti-social behaviour,,
,2021-06,Lancashire Constabulary,Lancashire Constabulary,-2.647289,53.715227,On or near Ambledene,E01024952,Chorley 001B,Anti-social behaviour,,
,2021-06,Lancashire Constabulary,Lancashire Constabulary,-2.643931,53.710661,On or near Greenwood,E01024952,Chorley 001B,Anti-social behaviour,,
,2021-06,Lancashire Constabulary,Lancashire Constabulary,-2.646400,53.712616,On or near Maypark,E01024952,Chorley 001B,Anti-social behaviour,,
7ca8143ab2042b54353a4c3ffedb7437e7876907a18ce4f3ad3dc1a3ea0d11a6,2021-06,Lancashire Constabulary,Lancashire Constabulary,-2.643041,53.706972,On or near Petrol Station,E01024952,Chorley 001B,Shoplifting,Unable to prosecute suspect,
c44b8df5913c1926e139328913b473a0f2ed5c33652d7b18c805971d754dae50,2021-06,Lancashire Constabulary,Lancashire Constabulary,-2.643041,53.706972,On or near Petrol Station,E01024952,Chorley 001B,Shoplifting,Status update unavailable,
da43c170280babf347fe167be5d30f7189b7bb2b103e08b74848a15afb5c9679,2021-06,Lancashire Constabulary,Lancashire Constabulary,-2.643041,53.706972,On or near Petrol Station,E01024952,Chorley 001B,Shoplifting,Investigation complete; no suspect identified,
c771c7f359ac64414b6e6393122462e390e4e403c1aa4fa916d8f0c623f5caa7,2021-06,Lancashire Constabulary,Lancashire Constabulary,-2.641497,53.707016,On or near Library Road,E01024952,Chorley 001B,Vehicle crime,Status update unavailable,
e8ff9e7415bf62b79149becdc41a12857d1b46328819e60fcc254450f1e73c16,2021-06,Lancashire Constabulary,Lancashire Constabulary,-2.647289,53.715227,On or near Ambledene,E01024952,Chorley 001B,Violence and sexual offences,Unable to prosecute suspect,
,2021-06,Lancashire Constabulary,Lancashire Constabulary,-2.636240,53.711996,On or near Great Greens Lane,E01024953,Chorley 001C,Anti-social behaviour,,
,2021-06,Lancashire Constabulary,Lancashire Constabulary,-2.633669,53.712361,On or near Long Acre,E01024953,Chorley 001C,Anti-social behaviour,,
,2021-06,Lancashire Constabulary,Lancashire Constabulary,-2.634419,53.710829,On or near Seven Acres,E01024953,Chorley 001C,Anti-social behaviour,,
,2021-06,Lancashire Constabulary,Lancashire Constabulary,-2.636796,53.715751,On or near Woodfield,E01024953,Chorley 001C,Anti-social behaviour,,
,2021-06,Lancashire Constabulary,Lancashire Constabulary,-2.636240,53.711996,On or near Great Greens Lane,E01024953,Chorley 001C,Anti-social behaviour,,
,2021-06,Lancashire Constabulary,Lancashire Constabulary,-2.634419,53.710829,On or near Seven Acres,E01024953,Chorley 001C,Anti-social behaviour,,
eb1f1beb201b7da19a96818285b46496b98b1814480ee09258040f1a0b7fd0a4,2021-06,Lancashire Constabulary,Lancashire Constabulary,-2.633669,53.712361,On or near Long Acre,E01024953,Chorley 001C,Burglary,Investigation complete; no suspect identified,
1e49060ee7c73ef865a7b3804aae0326d1b75bbf58df655ebaf3812423f5e3e4,2021-06,Lancashire Constabulary,Lancashire Constabulary,-2.632771,53.714064,On or near Three Nooks,E01024953,Chorley 001C,Burglary,Unable to prosecute suspect,
c34db650d1c6de1cc0635924ec2c3931908893cfc501db573b384c202d8cebe5,2021-06,Lancashire Constabulary,Lancashire Constabulary,-2.633669,53.712361,On or near Long Acre,E01024953,Chorley 001C,Criminal damage and arson,Investigation complete; no suspect identified,
23ab393be077c8c3ae25eb982a59bfea79fe2a5b5e596f01866dfd24795f83bd,2021-06,Lancashire Constabulary,Lancashire Constabulary,-2.633669,53.712361,On or near Long Acre,E01024953,Chorley 001C,Criminal damage and arson,Investigation complete; no suspect identified,
df511938859381e29788af4580d2412021ab61f73bda2eb8b5680f5eb4fa45ab,2021-06,Lancashire Constabulary,Lancashire Constabulary,-2.633669,53.712361,On or near Long Acre,E01024953,Chorley 001C,Criminal damage and arson,Investigation complete; no suspect identified,
93d15046a2433244c8ab1425c084db3a4b2c253de5d52a10047a43a66d0280d0,2021-06,Lancashire Constabulary,Lancashire Constabulary,-2.632771,53.714064,On or near Three Nooks,E01024953,Chorley 001C,Public order,Unable to prosecute suspect,
0513aa4c559bfd1ea2368229580a45b6b78275ce0997d05cde77151d2be04dbf,2021-06,Lancashire Constabulary,Lancashire Constabulary,-2.633669,53.712361,On or near Long Acre,E01024953,Chorley 001C,Vehicle crime,Unable to prosecute suspect,
8afe5c2ea227763a695f7ec009bfde841a495cd7d67b75d9d92ebf3ec65351f0,2021-06,Lancashire Constabulary,Lancashire Constabulary,-2.632771,53.714064,On or near Three Nooks,E01024953,Chorley 001C,Violence and sexual offences,Status update unavailable,
42c8692313c34d51aed6ccb96a7aefd6ff4bec39964da1c844b64fd9c1a450a4,2021-06,Lancashire Constabulary,Lancashire Constabulary,-2.635089,53.717072,On or near Carr Meadow,E01024953,Chorley 001C,Violence and sexual offences,Unable to prosecute suspect,
24739f7ac5507124621538ba1d3173a72d8e05b1ee009f3b65d8293ce705c962,2021-06,Lancashire Constabulary,Lancashire Constabulary,-2.637143,53.714634,On or near Gough Lane,E01024953,Chorley 001C,Violence and sexual offences,Unable to prosecute suspect,
d580b742d0cfee0f7bb19077244487ca6d740f5d1246ac22abcf4da11069f714,2021-06,Lancashire Constabulary,Lancashire Constabulary,-2.632803,53.715178,On or near Carr Barn Brow,E01024953,Chorley 001C,Violence and sexual offences,Local resolution,
06a3fdd1106d9e284700e01f9afce966fad336a76c82ca0814bcd6a9d18d2db5,2021-06,Lancashire Constabulary,Lancashire Constabulary,-2.634419,53.710829,On or near Seven Acres,E01024953,Chorley 001C,Violence and sexual offences,Unable to prosecute suspect,
2d3980e5878d3f2e713d86f8b58906348ca2d48822f41ea77122e7fa3c062921,2021-06,Lancashire Constabulary,Lancashire Constabulary,-2.632803,53.715178,On or near Carr Barn Brow,E01024953,Chorley 001C,Violence and sexual offences,Local resolution,
38ff332351999edfbe1801ce7a6f667cd197fc14325c3004be422ca2bc1ad75b,2021-06,Lancashire Constabulary,Lancashire Constabulary,-2.632771,53.714064,On or near Three Nooks,E01024953,Chorley 001C,Violence and sexual offences,Unable to prosecute suspect,
a007f6dd6a54b057fc7f681fb12a3b0dc7aee7ac5cc5b81bbbe06bc56f6311b6,2021-06,Lancashire Constabulary,Lancashire Constabulary,-2.635089,53.717072,On or near Carr Meadow,E01024953,Chorley 001C,Violence and sexual offences,Unable to prosecute suspect,
ae4f00a2658aad4b671133ab4a4035d69ae40d98de06c3f9ceaa6367c551d02c,2021-06,Lancashire Constabulary,Lancashire Constabulary,-2.632771,53.714064,On or near Three Nooks,E01024953,Chorley 001C,Violence and sexual offences,Court result unavailable,
61d438fe97229c3960a64571f3b7e2403970ceb673bfa47018875290defc5c6c,2021-06,Lancashire Constabulary,Lancashire Constabulary,-2.634419,53.710829,On or near Seven Acres,E01024953,Chorley 001C,Violence and sexual offences,Unable to prosecute suspect,
674d8e903cec093cc3eb6cf72cf045613310ef20e27d60fb977060b5204bd1f7,2021-06,Lancashire Constabulary,Lancashire Constabulary,-2.634419,53.710829,On or near Seven Acres,E01024953,Chorley 001C,Violence and sexual offences,Court result unavailable,
,2021-06,Lancashire Constabulary,Lancashire Constabulary,-2.634558,53.706001,On or near Barleyfield,E01024954,Chorley 001D,Anti-social behaviour,,
,2021-06,Lancashire Constabulary,Lancashire Constabulary,-2.637874,53.711898,On or near Hospital,E01024954,Chorley 001D,Anti-social behaviour,,
,2021-06,Lancashire Constabulary,Lancashire Constabulary,-2.637874,53.711898,On or near Hospital,E01024954,Chorley 001D,Anti-social behaviour,,
,2021-06,Lancashire Constabulary,Lancashire Constabulary,-2.637667,53.711207,On or near Tunley Holme,E01024954,Chorley 001D,Anti-social behaviour,,
9278e7ef7f3929d029f867d5e6e78084d00cb314bc9d97ca5fffdeba2202b4b8,2021-06,Lancashire Constabulary,Lancashire Constabulary,-2.641462,53.713694,On or near Clayton Brook Road,E01024954,Chorley 001D,Criminal damage and arson,Unable to prosecute suspect,
7fdbe0c03858d0ad5c61a0aaa22802e31730193e299d52ae75e45a04e05b9a11,2021-06,Lancashire Constabulary,Lancashire Constabulary,-2.635937,53.710030,On or near Reedfield,E01024954,Chorley 001D,Criminal damage and arson,Investigation complete; no suspect identified,
3ca3ae0ce36b2f1facd445f1570918065e8d26ed6b70ab6e6a05c3460b86ae9f,2021-06,Lancashire Constabulary,Lancashire Constabulary,-2.633929,53.709456,On or near The Heathers,E01024954,Chorley 001D,Other theft,Unable to prosecute suspect,
5b3d9f814721c880d37cf9c4fc33709d828b3ffa7fd01357d75c9a708ffa861c,2021-06,Lancashire Constabulary,Lancashire Constabulary,-2.637874,53.711898,On or near Hospital,E01024954,Chorley 001D,Possession of weapons,Investigation complete; no suspect identified,
636bcc2c1141b5fcf2f8c8b5e8227359986803c020308301e5aeca8fb202c93f,2021-06,Lancashire Constabulary,Lancashire Constabulary,-2.634558,53.706001,On or near Barleyfield,E01024954,Chorley 001D,Violence and sexual offences,Unable to prosecute suspect,
6a907a77538a0aafa2ede67099150194dfd0fd7e28a47740f6cbb82c9c11f365,2021-06,Lancashire Constabulary,Lancashire Constabulary,-2.637874,53.711898,On or near Hospital,E01024954,Chorley 001D,Violence and sexual offences,Unable to prosecute suspect,
d9af2d3eb5f7d42d45cc318bbed1305880f291b30ad8a24e5cae01b05ea09e77,2021-06,Lancashire Constabulary,Lancashire Constabulary,-2.636738,53.711913,On or near Parking Area,E01024954,Chorley 001D,Violence and sexual offences,Investigation complete; no suspect identified,
113b50d0bb8925e96aad318406583adaf517e1e15fa0c16540e7d4259d47d24b,2021-06,Lancashire Constabulary,Lancashire Constabulary,-2.637667,53.711207,On or near Tunley Holme,E01024954,Chorley 001D,Violence and sexual offences,Investigation complete; no suspect identified,
c5d5144eab0049c388ed78182ed5f273e2a8cea99953f27a59347c98dd8066fd,2021-06,Lancashire Constabulary,Lancashire Constabulary,-2.637874,53.711898,On or near Hospital,E01024954,Chorley 001D,Violence and sexual offences,Unable to prosecute suspect,
b787f53faa39dca044a3052791901591c229ab8a8ab912fb39ee59f6a7ae8cab,2021-06,Lancashire Constabulary,Lancashire Constabulary,-2.640299,53.712928,On or near School Field,E01024954,Chorley 001D,Other crime,Further investigation is not in the public interest,
,2021-06,Lancashire Constabulary,Lancashire Constabulary,-2.608238,53.713913,On or near Sandy Lane,E01024921,Chorley 002A,Anti-social behaviour,,
,2021-06,Lancashire Constabulary,Lancashire Constabulary,-2.554444,53.710084,On or near Stanworth Brow,E01024921,Chorley 002A,Anti-social behaviour,,
,2021-06,Lancashire Constabulary,Lancashire Constabulary,-2.575617,53.725048,On or near Green Lane,E01024921,Chorley 002A,Anti-social behaviour,,
407c48460eb5fe639c8faecaf17c20801250c2f617b0e72ae391daadb05e2299,2021-06,Lancashire Constabulary,Lancashire Constabulary,-2.587681,53.734841,On or near Blackburn Old Road,E01024921,Chorley 002A,Other theft,Investigation complete; no suspect identified,
ccc69f9fb5fba1323a673f42486cd63d6cfc8b3a307b935e4334e6b2cb522ec9,2021-06,Lancashire Constabulary,Lancashire Constabulary,-2.575617,53.725048,On or near Green Lane,E01024921,Chorley 002A,Violence and sexual offences,Unable to prosecute suspect,
d41de23b6542e30e744471eb9abe00c8608c2aeedaffb34ad563673753d19ae1,2021-06,Lancashire Constabulary,Lancashire Constabulary,-2.559757,53.718841,On or near Finnington Lane,E01024921,Chorley 002A,Violence and sexual offences,Court result unavailable,
40b4988c7c2cf7cd17692aebc46670a24f412f54f06385cb3faf18e89d655ce8,2021-06,Lancashire Constabulary,Lancashire Constabulary,-2.586434,53.730200,On or near Hoghton Lane,E01024921,Chorley 002A,Violence and sexual offences,Unable to prosecute suspect,
,2021-06,Lancashire Constabulary,Lancashire Constabulary,-2.556543,53.694659,On or near Higher Bank Street,E01024978,Chorley 002B,Anti-social behaviour,,
,2021-06,Lancashire Constabulary,Lancashire Constabulary,-2.557484,53.694763,On or near Bloomfield Road,E01024978,Chorley 002B,Anti-social behaviour,,
,2021-06,Lancashire Constabulary,Lancashire Constabulary,-2.545317,53.699061,On or near Bolton Road,E01024978,Chorley 002B,Anti-social behaviour,,
,2021-06,Lancashire Constabulary,Lancashire Constabulary,-2.557484,53.694763,On or near Bloomfield Road,E01024978,Chorley 002B,Anti-social behaviour,,
,2021-06,Lancashire Constabulary,Lancashire Constabulary,-2.559976,53.690823,On or near Derby Street,E01024978,Chorley 002B,Anti-social behaviour,,
21e2b22eb28b1c24ccb2e4bb9b3324ef1ab37d956437e850fdf41bffb5c2eda9,2021-06,Lancashire Constabulary,Lancashire Constabulary,-2.562431,53.689859,On or near New Street,E01024978,Chorley 002B,Drugs,Further investigation is not in the public interest,
49786d0b21287637ab5840a7eab2f04b0d22640a5de476fd56f4574f318ac824,2021-06,Lancashire Constabulary,Lancashire Constabulary,-2.545265,53.698486,On or near Garden Street,E01024978,Chorley 002B,Violence and sexual offences,Unable to prosecute suspect,
de1793ada3bddb78aab4e89de6a43509e54b128b6b16fb26e14d74e09e7a52a0,2021-06,Lancashire Constabulary,Lancashire Constabulary,-2.559976,53.690823,On or near Derby Street,E01024978,Chorley 002B,Violence and sexual offences,Unable to prosecute suspect,
79c75c025f1d99f47f02fb75852fc8a0310ceff42b3238263971b8c054755f63,2021-06,Lancashire Constabulary,Lancashire Constabulary,-2.562431,53.689859,On or near New Street,E01024978,Chorley 002B,Violence and sexual offences,Unable to prosecute suspect,
73f58406962c8a85c3b861c60fb45d6d2277d6e72f6025a2413108ab70d8f750,2021-06,Lancashire Constabulary,Lancashire Constabulary,-2.559976,53.690823,On or near Derby Street,E01024978,Chorley 002B,Violence and sexual offences,Unable to prosecute suspect,
7700c155cf7999daf4e1e410d7ba7b13bc833a0e54b7f31165f6cac9962a61e0,2021-06,Lancashire Constabulary,Lancashire Constabulary,-2.557484,53.694763,On or near Bloomfield Road,E01024978,Chorley 002B,Violence and sexual offences,Unable to prosecute suspect,
2bd8d9558cc262cf8a408a0ab5118aa568023d703b3fc3819e9a6e2a9ba99166,2021-06,Lancashire Constabulary,Lancashire Constabulary,-2.562431,53.689859,On or near New Street,E01024978,Chorley 002B,Violence and sexual offences,Unable to prosecute suspect,
b6b371d02e6196f9ec4880bc7b033d1461dfb5372936c9ad52a45cc4d741fc36,2021-06,Lancashire Constabulary,Lancashire Constabulary,-2.559976,53.690823,On or near Derby Street,E01024978,Chorley 002B,Other crime,Investigation complete; no suspect identified,
3d405c560d7e5bad493977b2bc8bdb931641380050bd23615ba2db7bd2e57ed1,2021-06,Lancashire Constabulary,Lancashire Constabulary,-2.545265,53.698486,On or near Garden Street,E01024978,Chorley 002B,Other crime,Status update unavailable,
,2021-06,Lancashire Constabulary,Lancashire Constabulary,-2.593245,53.696173,On or near Lawton Close,E01024979,Chorley 002C,Anti-social behaviour,,
,2021-06,Lancashire Constabulary,Lancashire Constabulary,-2.604519,53.685978,On or near West View,E01024979,Chorley 002C,Anti-social behaviour,,
44a41f9de81d262397e1b4be066509bace9d94985f56ec7cea152ded9dc0a110,2021-06,Lancashire Constabulary,Lancashire Constabulary,-2.595004,53.695239,On or near Stocks Close,E01024979,Chorley 002C,Criminal damage and arson,Court result unavailable,
73104585f58b4b8e7a11f617ad55c2d215762bca6877275434a73b77fecfcb33,2021-06,Lancashire Constabulary,Lancashire Constabulary,-2.585091,53.702289,On or near The Close,E01024979,Chorley 002C,Other theft,Investigation complete; no suspect identified,
0d158ed501370034a4f6f7e202929de701de93958737bb27fd04024065cb5c63,2021-06,Lancashire Constabulary,Lancashire Constabulary,-2.603299,53.685355,On or near Stable Lane,E01024979,Chorley 002C,Public order,Status update unavailable,
f474ac85ca07a53b9e41c25aa1ac1b6f7d7967f72e29202aa509640bebaf6282,2021-06,Lancashire Constabulary,Lancashire Constabulary,-2.601922,53.685434,On or near Albert Street,E01024979,Chorley 002C,Violence and sexual offences,Unable to prosecute suspect,
94d279fb88f5ac4cc5adc7df7d6e2892d62eb5534d66eab032770f7046d5a0a4,2021-06,Lancashire Constabulary,Lancashire Constabulary,-2.589850,53.695965,On or near Jenny Lane,E01024979,Chorley 002C,Other crime,Court result unavailable,
,2021-06,Lancashire Constabulary,Lancashire Constabulary,-2.569056,53.689280,On or near Chapel Street,E01024980,Chorley 002D,Anti-social behaviour,,
07af1d7feeebb62a8bf4a2317dd2a1993f95fbdaf7d4e0bfa773a73d0017d07b,2021-06,Lancashire Constabulary,Lancashire Constabulary,-2.568195,53.689463,On or near Highfield,E01024980,Chorley 002D,Violence and sexual offences,Local resolution,
7bfbedbb769aee79b7eb0680ce60299da660d3b831debcb1df86282f0444cd5f,2021-06,Lancashire Constabulary,Lancashire Constabulary,-2.640170,53.699419,On or near The Heyes,E01024946,Chorley 003A,Other theft,Investigation complete; no suspect identified,
c05175c58abb5a2338461822b14b5e32ccce0dfa559f7120dac8a3d1bf2a9272,2021-06,Lancashire Constabulary,Lancashire Constabulary,-2.641311,53.703790,On or near Meadway,E01024946,Chorley 003A,Public order,Unable to prosecute suspect,
0e60d1b76ec1a42a90505ff321d7e1ed80f934737a019944bcfa2810be255805,2021-06,Lancashire Constabulary,Lancashire Constabulary,-2.637813,53.699818,On or near Clover Field,E01024946,Chorley 003A,Violence and sexual offences,Unable to prosecute suspect,
73a1799b6e3176e8dfee0cc46d3b30036abc561f5967d7e61fc110048afd0488,2021-06,Lancashire Constabulary,Lancashire Constabulary,-2.637813,53.699818,On or near Clover Field,E01024946,Chorley 003A,Other crime,Status update unavailable,
,2021-06,Lancashire Constabulary,Lancashire Constabulary,-2.636439,53.703151,On or near Ash Field,E01024947,Chorley 003B,Anti-social behaviour,,
,2021-06,Lancashire Constabulary,Lancashire Constabulary,-2.635611,53.701456,On or near Fern Meadow,E01024947,Chorley 003B,Anti-social behaviour,,
,2021-06,Lancashire Constabulary,Lancashire Constabulary,-2.636439,53.703151,On or near Ash Field,E01024947,Chorley 003B,Anti-social behaviour,,
deb8ca44b3b9e9f86a963ba374bcd3d748417c6c72cb82d4c47d4230ef0e5102,2021-06,Lancashire Constabulary,Lancashire Constabulary,-2.638013,53.703026,On or near Birch Field,E01024947,Chorley 003B,Burglary,Investigation complete; no suspect identified,
ce9f618ffbfdfe17eddf7b24568f8197bbd2e86308fcdc7d552def684825a780,2021-06,Lancashire Constabulary,Lancashire Constabulary,-2.633049,53.697273,On or near Wilderswood Close,E01024947,Chorley 003B,Violence and sexual offences,Unable to prosecute suspect,
26a8f65e137f1f3d284410ac0c682bdd65138fcf9c1bd25c8d021331b6f27d59,2021-06,Lancashire Constabulary,Lancashire Constabulary,-2.636439,53.703151,On or near Ash Field,E01024947,Chorley 003B,Violence and sexual offences,Unable to prosecute suspect,
7aafc6c1a00535dffa44217ddc72fa09f150f6f5e2e87450ac36d32db3b20b07,2021-06,Lancashire Constabulary,Lancashire Constabulary,-2.633049,53.697273,On or near Wilderswood Close,E01024947,Chorley 003B,Violence and sexual offences,Unable to prosecute suspect,
,2021-06,Lancashire Constabulary,Lancashire Constabulary,-2.643893,53.706176,On or near Woodale Road,E01024955,Chorley 003C,Anti-social behaviour,,
,2021-06,Lancashire Constabulary,Lancashire Constabulary,-2.644278,53.704628,On or near Black Croft,E01024955,Chorley 003C,Anti-social behaviour,,
,2021-06,Lancashire Constabulary,Lancashire Constabulary,-2.643893,53.706176,On or near Woodale Road,E01024955,Chorley 003C,Anti-social behaviour,,
,2021-06,Lancashire Constabulary,Lancashire Constabulary,-2.643193,53.699996,On or near Oak Croft,E01024955,Chorley 003C,Anti-social behaviour,,
,2021-06,Lancashire Constabulary,Lancashire Constabulary,-2.644278,53.704628,On or near Black Croft,E01024955,Chorley 003C,Anti-social behaviour,,
,2021-06,Lancashire Constabulary,Lancashire Constabulary,-2.646622,53.705343,On or near Cam Wood Fold,E01024955,Chorley 003C,Anti-social behaviour,,
,2021-06,Lancashire Constabulary,Lancashire Constabulary,-2.643193,53.699996,On or near Oak Croft,E01024955,Chorley 003C,Anti-social behaviour,,
,2021-06,Lancashire Constabulary,Lancashire Constabulary,-2.643893,53.706176,On or near Woodale Road,E01024955,Chorley 003C,Anti-social behaviour,,
,2021-06,Lancashire Constabulary,Lancashire Constabulary,-2.643733,53.705656,On or near Clayton Green Road,E01024955,Chorley 003C,Anti-social behaviour,,
68d4e1283557d10b857e251c9773283f8d2336e9783c63dcafdf97dea5a21cde,2021-06,Lancashire Constabulary,Lancashire Constabulary,-2.641182,53.708231,On or near Wood Beech Gardens,E01024955,Chorley 003C,Bicycle theft,Investigation complete; no suspect identified,
32caeba0ec0634a000410fb73b87db8809051402260503f34c4ab7bfaa30a088,2021-06,Lancashire Constabulary,Lancashire Constabulary,-2.644278,53.704628,On or near Black Croft,E01024955,Chorley 003C,Criminal damage and arson,Unable to prosecute suspect,
c8e0aefe1f73c2b173cdc79c3d36401cb0e231cbc9fd783c13de1017e928d171,2021-06,Lancashire Constabulary,Lancashire Constabulary,-2.643893,53.706176,On or near Woodale Road,E01024955,Chorley 003C,Public order,Investigation complete; no suspect identified,
b0597c1c8e0eca05443a017fdd36d884fbb29737e3575890dc761b87a45e1168,2021-06,Lancashire Constabulary,Lancashire Constabulary,-2.643733,53.705656,On or near Clayton Green Road,E01024955,Chorley 003C,Violence and sexual offences,Unable to prosecute suspect,
79d94f985825dd339f972fa27c1c811cebc1512cbbe8e5020ac413294e750ca6,2021-06,Lancashire Constabulary,Lancashire Constabulary,-2.643893,53.706176,On or near Woodale Road,E01024955,Chorley 003C,Violence and sexual offences,Unable to prosecute suspect,
a4fe94d4da501c50c2d2754d612984216398e41988755ba76c339ec458375f92,2021-06,Lancashire Constabulary,Lancashire Constabulary,-2.644278,53.704628,On or near Black Croft,E01024955,Chorley 003C,Violence and sexual offences,Court result unavailable,
6bb6d72eb98a2e1e4a6ba54dd6c04701d757c0e1019f907e16cbf8ed2a07e61f,2021-06,Lancashire Constabulary,Lancashire Constabulary,-2.643193,53.699996,On or near Oak Croft,E01024955,Chorley 003C,Violence and sexual offences,Status update unavailable,
ae2d2a4b998c5781f4cdbc870876c49d1a441e9754bff7dc87779c7b6b662a4c,2021-06,Lancashire Constabulary,Lancashire Constabulary,-2.644278,53.704628,On or near Black Croft,E01024955,Chorley 003C,Violence and sexual offences,Unable to prosecute suspect,
f1b03473a897135c3ee662ff62a19a8cb5a8cb6ab1198290e83eb82468cab409,2021-06,Lancashire Constabulary,Lancashire Constabulary,-2.644432,53.701841,On or near Bone Croft,E01024955,Chorley 003C,Violence and sexual offences,Unable to prosecute suspect,
fe48841d3c44fba20998d1284427eb9712f0c9f996f3620dd8a8033db790b6b1,2021-06,Lancashire Constabulary,Lancashire Constabulary,-2.643893,53.706176,On or near Woodale Road,E01024955,Chorley 003C,Violence and sexual offences,Unable to prosecute suspect,
73dd090e909fbb786fb69c180cf4ad6b0ee794a057642fcff8e34845c33cc57a,2021-06,Lancashire Constabulary,Lancashire Constabulary,-2.643893,53.706176,On or near Woodale Road,E01024955,Chorley 003C,Violence and sexual offences,Unable to prosecute suspect,
f5313bb9755660d054e03a46a0cfac7e4c8e399c81b84013b3061fd2ad30244a,2021-06,Lancashire Constabulary,Lancashire Constabulary,-2.643193,53.699996,On or near Oak Croft,E01024955,Chorley 003C,Violence and sexual offences,Unable to prosecute suspect,
08fedf7fe8ed1182e0e6fad2caae2da65f9beae2c4178b5a25dd685296e27427,2021-06,Lancashire Constabulary,Lancashire Constabulary,-2.643893,53.706176,On or near Woodale Road,E01024955,Chorley 003C,Violence and sexual offences,Unable to prosecute suspect,
,2021-06,Lancashire Constabulary,Lancashire Constabulary,-2.664366,53.693175,On or near Higher Meadow,E01024956,Chorley 003D,Anti-social behaviour,,
,2021-06,Lancashire Constabulary,Lancashire Constabulary,-2.663048,53.695061,On or near Stoney Holt,E01024956,Chorley 003D,Anti-social behaviour,,
,2021-06,Lancashire Constabulary,Lancashire Constabulary,-2.664366,53.693175,On or near Higher Meadow,E01024956,Chorley 003D,Anti-social behaviour,,
,2021-06,Lancashire Constabulary,Lancashire Constabulary,-2.667645,53.697489,On or near Newby Drive,E01024956,Chorley 003D,Anti-social behaviour,,
,2021-06,Lancashire Constabulary,Lancashire Constabulary,-2.661815,53.698501,On or near Azalea Close,E01024956,Chorley 003D,Anti-social behaviour,,
,2021-06,Lancashire Constabulary,Lancashire Constabulary,-2.664281,53.700258,On or near Ivy Close,E01024956,Chorley 003D,Anti-social behaviour,,
0dc6869596b7b9825c628609c8284f5773266ae737b5edc1f7844a0609d16824,2021-06,Lancashire Constabulary,Lancashire Constabulary,-2.664370,53.698217,On or near Lune Drive,E01024956,Chorley 003D,Criminal damage and arson,Investigation complete; no suspect identified,
,2021-06,Lancashire Constabulary,Lancashire Constabulary,-2.673840,53.706020,On or near Lydiate Lane,E01024957,Chorley 003E,Anti-social behaviour,,
,2021-06,Lancashire Constabulary,Lancashire Constabulary,-2.673840,53.706020,On or near Lydiate Lane,E01024957,Chorley 003E,Anti-social behaviour,,
,2021-06,Lancashire Constabulary,Lancashire Constabulary,-2.668378,53.706437,On or near Oaktree Avenue,E01024957,Chorley 003E,Anti-social behaviour,,
,2021-06,Lancashire Constabulary,Lancashire Constabulary,-2.673086,53.699607,On or near Wigan Road,E01024957,Chorley 003E,Anti-social behaviour,,
,2021-06,Lancashire Constabulary,Lancashire Constabulary,-2.659115,53.715693,On or near M65,E01024957,Chorley 003E,Anti-social behaviour,,
,2021-06,Lancashire Constabulary,Lancashire Constabulary,-2.673840,53.706020,On or near Lydiate Lane,E01024957,Chorley 003E,Anti-social behaviour,,
6668b86ee7a06d76e2f46366aea0a1dd9bf068ee6675f3f447f60cbdab7bee75,2021-06,Lancashire Constabulary,Lancashire Constabulary,-2.673840,53.706020,On or near Lydiate Lane,E01024957,Chorley 003E,Criminal damage and arson,Unable to prosecute suspect,
40b2e7ef471635a37836eccae9904c09f70cf76dafa6f6596fbe810bbe2e1cc3,2021-06,Lancashire Constabulary,Lancashire Constabulary,-2.673840,53.706020,On or near Lydiate Lane,E01024957,Chorley 003E,Criminal damage and arson,Investigation complete; no suspect identified,
95efbcfc75a988f09135f8b23eada12311b03088c6ab78507d20328e3daba173,2021-06,Lancashire Constabulary,Lancashire Constabulary,-2.673840,53.706020,On or near Lydiate Lane,E01024957,Chorley 003E,Criminal damage and arson,Investigation complete; no suspect identified,
0fa6e850a1b7cadec9fd92cb535562bd5c34a0968b7164a0f791c1b4d5272746,2021-06,Lancashire Constabulary,Lancashire Constabulary,-2.673840,53.706020,On or near Lydiate Lane,E01024957,Chorley 003E,Criminal damage and arson,Investigation complete; no suspect identified,
bd1ec54a00d7702ea3fdd33f0311828d2bb1d40128606d6c53e21e35361c350d,2021-06,Lancashire Constabulary,Lancashire Constabulary,-2.668378,53.706437,On or near Oaktree Avenue,E01024957,Chorley 003E,Other theft,Unable to prosecute suspect,
a4650f0eb54a323288ee756773859d809b38190b8a75a9b9e4cc2a43e9ef46d6,2021-06,Lancashire Constabulary,Lancashire Constabulary,-2.673086,53.699607,On or near Wigan Road,E01024957,Chorley 003E,Other theft,Investigation complete; no suspect identified,
b66d1e785fbdbba5e2284812644a082c072ad390e94cf999a69002a10260edfd,2021-06,Lancashire Constabulary,Lancashire Constabulary,-2.673086,53.699607,On or near Wigan Road,E01024957,Chorley 003E,Public order,Investigation complete; no suspect identified,
5a0cbd74621ca9cde6b76140ac94b0c219bcd0357e4cbfc18093abe93cce9abe,2021-06,Lancashire Constabulary,Lancashire Constabulary,-2.671137,53.704660,On or near Willow Crescent,E01024957,Chorley 003E,Public order,Unable to prosecute suspect,
bc8637ddcd2c3d171f4d6ced8d69fcb65329f2fb235da9d2946ba234df51997c,2021-06,Lancashire Constabulary,Lancashire Constabulary,-2.669129,53.705076,On or near Birch Avenue,E01024957,Chorley 003E,Violence and sexual offences,Unable to prosecute suspect,
77ea3a3d2029369e5d27469d7e027265cfc0aaedf6cae7d6e636afcbca5595aa,2021-06,Lancashire Constabulary,Lancashire Constabulary,-2.673840,53.706020,On or near Lydiate Lane,E01024957,Chorley 003E,Violence and sexual offences,Status update unavailable,
39226cc9a68821acab2f19d578c7332d20b2c7f043a81b19ce471d6572073fd7,2021-06,Lancashire Constabulary,Lancashire Constabulary,-2.673840,53.706020,On or near Lydiate Lane,E01024957,Chorley 003E,Violence and sexual offences,Unable to prosecute suspect,
,2021-06,Lancashire Constabulary,Lancashire Constabulary,-2.670334,53.693250,On or near Mendip Road,E01024958,Chorley 003F,Anti-social behaviour,,
,2021-06,Lancashire Constabulary,Lancashire Constabulary,-2.668600,53.695623,On or near Kellet Avenue,E01024958,Chorley 003F,Anti-social behaviour,,
,2021-06,Lancashire Constabulary,Lancashire Constabulary,-2.670334,53.693250,On or near Mendip Road,E01024958,Chorley 003F,Anti-social behaviour,,
,2021-06,Lancashire Constabulary,Lancashire Constabulary,-2.670773,53.694164,On or near Hunters Road,E01024958,Chorley 003F,Anti-social behaviour,,
,2021-06,Lancashire Constabulary,Lancashire Constabulary,-2.670580,53.695334,On or near Ashurst Road,E01024958,Chorley 003F,Anti-social behaviour,,
,2021-06,Lancashire Constabulary,Lancashire Constabulary,-2.667535,53.694335,On or near Sports/Recreation Area,E01024958,Chorley 003F,Anti-social behaviour,,
,2021-06,Lancashire Constabulary,Lancashire Constabulary,-2.668600,53.695623,On or near Kellet Avenue,E01024958,Chorley 003F,Anti-social behaviour,,
,2021-06,Lancashire Constabulary,Lancashire Constabulary,-2.668600,53.695623,On or near Kellet Avenue,E01024958,Chorley 003F,Anti-social behaviour,,
,2021-06,Lancashire Constabulary,Lancashire Constabulary,-2.670334,53.693250,On or near Mendip Road,E01024958,Chorley 003F,Anti-social behaviour,,
666db2d7d9b9ef9e8021b189e8792f6417b5018d0065f0d67e7f4e612983db6d,2021-06,Lancashire Constabulary,Lancashire Constabulary,-2.670334,53.693250,On or near Mendip Road,E01024958,Chorley 003F,Criminal damage and arson,Investigation complete; no suspect identified,
494bad6f3f1cd5ba71dd0132d01bd19bce5fa7d2b4e4ebc985c2af6d56d62ee0,2021-06,Lancashire Constabulary,Lancashire Constabulary,-2.670334,53.693250,On or near Mendip Road,E01024958,Chorley 003F,Other theft,Investigation complete; no suspect identified,
a7f3f829b8a9295c5481b9a7c15f94eac90edc60d50aa5b6cc48d97a0e5ff5e8,2021-06,Lancashire Constabulary,Lancashire Constabulary,-2.672662,53.693884,On or near Chiltern Meadow,E01024958,Chorley 003F,Other theft,Unable to prosecute suspect,
00b0c0131ea9a81fb06e46e15144e1f6384654dd8efd6e1fc4e5c038662e2ed8,2021-06,Lancashire Constabulary,Lancashire Constabulary,-2.667535,53.694335,On or near Sports/Recreation Area,E01024958,Chorley 003F,Other theft,Investigation complete; no suspect identified,
61ccfe5da7eb54b7b94ce14083d8cbd81b68fe4dd158a569497596271711e129,2021-06,Lancashire Constabulary,Lancashire Constabulary,-2.670334,53.693250,On or near Mendip Road,E01024958,Chorley 003F,Other theft,Investigation complete; no suspect identified,
4e2fd2fca6e43b3bc51d303f7c28b2eb912802804c3a344599ed3e8fd7ad3720,2021-06,Lancashire Constabulary,Lancashire Constabulary,-2.672662,53.693884,On or near Chiltern Meadow,E01024958,Chorley 003F,Public order,Unable to prosecute suspect,
fc656deb53a9ca17f8a2b8e3afab2477c4104c8ac0ace18e312cd1a32bfd1280,2021-06,Lancashire Constabulary,Lancashire Constabulary,-2.670334,53.693250,On or near Mendip Road,E01024958,Chorley 003F,Public order,Unable to prosecute suspect,
a5783ad09c9b4b92ad9342d215f03b9c92b965bbd1ce1c86e05d0c41a61e8d4f,2021-06,Lancashire Constabulary,Lancashire Constabulary,-2.670334,53.693250,On or near Mendip Road,E01024958,Chorley 003F,Theft from the person,Investigation complete; no suspect identified,
13479fab690280f7a638d5d8ff593749aeba34f373bc6e33e025f78d8afcd02c,2021-06,Lancashire Constabulary,Lancashire Constabulary,-2.670334,53.693250,On or near Mendip Road,E01024958,Chorley 003F,Violence and sexual offences,Offender given a caution,
,2021-06,Lancashire Constabulary,Lancashire Constabulary,-2.639481,53.693949,On or near Woodside Avenue,E01024948,Chorley 004A,Anti-social behaviour,,
da6a4abb5baec8e245a1d0df1d3b787b6862c8a140b289aeb6fb2c26e17fc225,2021-06,Lancashire Constabulary,Lancashire Constabulary,-2.639481,53.693949,On or near Woodside Avenue,E01024948,Chorley 004A,Vehicle crime,Investigation complete; no suspect identified,
ce4096ad8fe3982d9020aa58ba92fb177314871a56b11a7e3721ac5067c1356a,2021-06,Lancashire Constabulary,Lancashire Constabulary,-2.639481,53.693949,On or near Woodside Avenue,E01024948,Chorley 004A,Vehicle crime,Investigation complete; no suspect identified,
811be8fb5f901d662571a4deb9076344a6dc72f0176a20d3b7690944d59ec084,2021-06,Lancashire Constabulary,Lancashire Constabulary,-2.638207,53.695870,On or near Copperfield Vale,E01024948,Chorley 004A,Other crime,Unable to prosecute suspect,
88ee732e7738e633acf6fdd78932abaef5811d6d7817b2c8b9a4a00242521bd3,2021-06,Lancashire Constabulary,Lancashire Constabulary,-2.639481,53.693949,On or near Woodside Avenue,E01024948,Chorley 004A,Other crime,Court result unavailable,
,2021-06,Lancashire Constabulary,Lancashire Constabulary,-2.636410,53.692203,On or near Hillside Crescent,E01024949,Chorley 004B,Anti-social behaviour,,
,2021-06,Lancashire Constabulary,Lancashire Constabulary,-2.633738,53.687687,On or near Delph Way,E01024949,Chorley 004B,Anti-social behaviour,,
,2021-06,Lancashire Constabulary,Lancashire Constabulary,-2.658876,53.681979,On or near Marine Crescent,E01024949,Chorley 004B,Anti-social behaviour,,
,2021-06,Lancashire Constabulary,Lancashire Constabulary,-2.635933,53.690642,On or near Chorley Old Road,E01024949,Chorley 004B,Anti-social behaviour,,
,2021-06,Lancashire Constabulary,Lancashire Constabulary,-2.636410,53.692203,On or near Hillside Crescent,E01024949,Chorley 004B,Anti-social behaviour,,
14d6031a37c0be2f93bcaade7b738b9a1b02447f50ec1688252878a87f6e2614,2021-06,Lancashire Constabulary,Lancashire Constabulary,-2.653518,53.682116,On or near Lancers Close,E01024949,Chorley 004B,Burglary,Investigation complete; no suspect identified,
7a2a5178d2610060033bd0f09b592d4a574ff0c63a441474ff492d29af6a7453,2021-06,Lancashire Constabulary,Lancashire Constabulary,-2.656471,53.684095,On or near Old Worden Avenue,E01024949,Chorley 004B,Other theft,Investigation complete; no suspect identified,
8b61be4c5b5f61baac36c2b7956b7955747def5598dd37e57522e6fb9196c6bb,2021-06,Lancashire Constabulary,Lancashire Constabulary,-2.636410,53.692203,On or near Hillside Crescent,E01024949,Chorley 004B,Public order,Unable to prosecute suspect,
5590fc0ac6257bcf08b448cd4bbd4d98ab1788408faa3e9e9e1ad18efead7109,2021-06,Lancashire Constabulary,Lancashire Constabulary,-2.636980,53.687823,On or near Church Hill,E01024949,Chorley 004B,Public order,Unable to prosecute suspect,
15d4d6c8df5f5597cfd0723c6a7f99da79c7e391eaa4cf635b55036bbacb1614,2021-06,Lancashire Constabulary,Lancashire Constabulary,-2.654422,53.681824,On or near Sutherland Place,E01024949,Chorley 004B,Vehicle crime,Investigation complete; no suspect identified,
df28b907ef82a3a93bd1b9e2b0098feacebc8db2f5dd4c0626adc9afde67a526,2021-06,Lancashire Constabulary,Lancashire Constabulary,-2.636980,53.687823,On or near Church Hill,E01024949,Chorley 004B,Violence and sexual offences,Unable to prosecute suspect,
,2021-06,Lancashire Constabulary,Lancashire Constabulary,-2.638786,53.686043,On or near School Brow,E01024950,Chorley 004C,Anti-social behaviour,,
ad98a12dc6714592c38d280df3b9ec469e47329dcbc40cf84e0440ff3557748e,2021-06,Lancashire Constabulary,Lancashire Constabulary,-2.637462,53.686643,On or near Langdale Grove,E01024950,Chorley 004C,Burglary,Status update unavailable,
9f7352044a81796513b47baad493fc21f6cbda30e235bd33851ae8177f37e16f,2021-06,Lancashire Constabulary,Lancashire Constabulary,-2.638621,53.680165,On or near Parkside Drive,E01024950,Chorley 004C,Violence and sexual offences,Unable to prosecute suspect,
,2021-06,Lancashire Constabulary,Lancashire Constabulary,-2.624313,53.676043,On or near Moss Lane,E01024977,Chorley 004D,Anti-social behaviour,,
,2021-06,Lancashire Constabulary,Lancashire Constabulary,-2.606699,53.683855,On or near Ryefield,E01024977,Chorley 004D,Anti-social behaviour,,
,2021-06,Lancashire Constabulary,Lancashire Constabulary,-2.617636,53.678019,On or near A674,E01024977,Chorley 004D,Anti-social behaviour,,
f86a5d24a24852fffab0554390480554aa1daa8c2d10a564264ccfc86e85930a,2021-06,Lancashire Constabulary,Lancashire Constabulary,-2.614548,53.684291,On or near Copthurst Lane,E01024977,Chorley 004D,Burglary,Investigation complete; no suspect identified,
50b50fd532578afca9adf32644cf767f078b52b7d2694e85f0daa3292b38f8c7,2021-06,Lancashire Constabulary,Lancashire Constabulary,-2.624313,53.676043,On or near Moss Lane,E01024977,Chorley 004D,Drugs,Further investigation is not in the public interest,
f32e0e8ad3557b0d12f90cdfcbbb2948dd768971d5d3269836d977c1a7cc3ed1,2021-06,Lancashire Constabulary,Lancashire Constabulary,-2.590070,53.656496,On or near Heapey Fold Lane,E01024977,Chorley 004D,Drugs,Local resolution,
6608a403cbd2c33115f351756079822ffffac12619e698d4d695e1a5ed77d9f8,2021-06,Lancashire Constabulary,Lancashire Constabulary,-2.617636,53.678019,On or near A674,E01024977,Chorley 004D,Other theft,Investigation complete; no suspect identified,
4cca6d677b800c6d983864fadb6a182937bf4957a1a60f1f3371d960226df9db,2021-06,Lancashire Constabulary,Lancashire Constabulary,-2.584826,53.666814,On or near Coppice Lane,E01024977,Chorley 004D,Other theft,Status update unavailable,
28710a2c6f6cf06f2c140daeef81516835c12d8dab54a29bbdad91326d807aa4,2021-06,Lancashire Constabulary,Lancashire Constabulary,-2.632182,53.676847,On or near Springside Gardens,E01024977,Chorley 004D,Violence and sexual offences,Unable to prosecute suspect,
b0cc9653e5ad96d241933fb1679a18f59cb981b208f3b491bbd17a946b390654,2021-06,Lancashire Constabulary,Lancashire Constabulary,-2.624313,53.676043,On or near Moss Lane,E01024977,Chorley 004D,Violence and sexual offences,Unable to prosecute suspect,
87dde5f075a68f1d546b070c8d249b67bea8dbdf7e352789a67de25c7b7ebd98,2021-06,Lancashire Constabulary,Lancashire Constabulary,-2.584826,53.666814,On or near Coppice Lane,E01024977,Chorley 004D,Violence and sexual offences,Court result unavailable,
c13727457b477cd5523a3b5d46b74ccf7c991e96e6d72de5e71911c3d4be7cd3,2021-06,Lancashire Constabulary,Lancashire Constabulary,-2.584826,53.666814,On or near Coppice Lane,E01024977,Chorley 004D,Violence and sexual offences,Status update unavailable,
503f1604e4bcd2860ae2850a85cf354b3369766b4688b9b0757544976c9f87b6,2021-06,Lancashire Constabulary,Lancashire Constabulary,-2.632182,53.676847,On or near Springside Gardens,E01024977,Chorley 004D,Violence and sexual offences,Status update unavailable,
dd49e3281131c24f81d82b7b3cb9a76058460ef98c1623f475194aad26e7a0ac,2021-06,Lancashire Constabulary,Lancashire Constabulary,-2.632182,53.676847,On or near Springside Gardens,E01024977,Chorley 004D,Violence and sexual offences,Investigation complete; no suspect identified,
f83b094cd0afd63e5dcb15a42b525665a5049841436e9241abee45256e20b932,2021-06,Lancashire Constabulary,Lancashire Constabulary,-2.603837,53.665875,On or near Tormore Close,E01024977,Chorley 004D,Violence and sexual offences,Unable to prosecute suspect,
,2021-06,Lancashire Constabulary,Lancashire Constabulary,-2.678542,53.671568,On or near Briar Avenue,E01024967,Chorley 005A,Anti-social behaviour,,
,2021-06,Lancashire Constabulary,Lancashire Constabulary,-2.679747,53.671175,On or near Yew Tree Avenue,E01024967,Chorley 005A,Anti-social behaviour,,
3b0c0f63d592e034aac5779ba2cba0dbc0d3b68976a8be6b28cb402b12ad5c94,2021-06,Lancashire Constabulary,Lancashire Constabulary,-2.680725,53.671736,On or near Cedar Avenue,E01024967,Chorley 005A,Public order,Investigation complete; no suspect identified,
,2021-06,Lancashire Constabulary,Lancashire Constabulary,-2.670945,53.673562,On or near Mile Stone Meadow,E01024968,Chorley 005B,Anti-social behaviour,,
,2021-06,Lancashire Constabulary,Lancashire Constabulary,-2.667940,53.672087,On or near East Terrace,E01024968,Chorley 005B,Anti-social behaviour,,
,2021-06,Lancashire Constabulary,Lancashire Constabulary,-2.670945,53.673562,On or near Mile Stone Meadow,E01024968,Chorley 005B,Anti-social behaviour,,
,2021-06,Lancashire Constabulary,Lancashire Constabulary,-2.675428,53.667101,On or near Wigan Road,E01024968,Chorley 005B,Anti-social behaviour,,
,2021-06,Lancashire Constabulary,Lancashire Constabulary,-2.673170,53.671635,On or near Cherryfields,E01024968,Chorley 005B,Anti-social behaviour,,
,2021-06,Lancashire Constabulary,Lancashire Constabulary,-2.671392,53.674081,On or near Troon Close,E01024968,Chorley 005B,Anti-social behaviour,,
,2021-06,Lancashire Constabulary,Lancashire Constabulary,-2.667940,53.672087,On or near East Terrace,E01024968,Chorley 005B,Anti-social behaviour,,
,2021-06,Lancashire Constabulary,Lancashire Constabulary,-2.671392,53.674081,On or near Troon Close,E01024968,Chorley 005B,Anti-social behaviour,,
,2021-06,Lancashire Constabulary,Lancashire Constabulary,-2.674245,53.673579,On or near Carnoustie Drive,E01024968,Chorley 005B,Anti-social behaviour,,
,2021-06,Lancashire Constabulary,Lancashire Constabulary,-2.672608,53.669625,On or near Orchard Close,E01024968,Chorley 005B,Anti-social behaviour,,
,2021-06,Lancashire Constabulary,Lancashire Constabulary,-2.672608,53.669625,On or near Orchard Close,E01024968,Chorley 005B,Anti-social behaviour,,
55e0478c0b312bc0075b0cad7fc5708ac2291864a900c13a83de949ff77aee03,2021-06,Lancashire Constabulary,Lancashire Constabulary,-2.675763,53.671962,On or near Grange Drive,E01024968,Chorley 005B,Burglary,Investigation complete; no suspect identified,
c92c4cf1d8b0825745f7deea8c31693dfdd39b2132d443c5c2ea96c01889a556,2021-06,Lancashire Constabulary,Lancashire Constabulary,-2.671392,53.674081,On or near Troon Close,E01024968,Chorley 005B,Public order,Court result unavailable,
5db9a6a52a0425635655ed6d8e13e773437874922dcb970936cb81fb46972f1f,2021-06,Lancashire Constabulary,Lancashire Constabulary,-2.671392,53.674081,On or near Troon Close,E01024968,Chorley 005B,Public order,Court result unavailable,
128627fc1e5b6c109a690887a45120947aaec29951dcb9e21b5de0d94ad4fc55,2021-06,Lancashire Constabulary,Lancashire Constabulary,-2.671392,53.674081,On or near Troon Close,E01024968,Chorley 005B,Public order,Court result unavailable,
58fb11d44123e1a3ad9251b0ec83c2b380f44ff8312bd0eb35a1aa9303ad33cf,2021-06,Lancashire Constabulary,Lancashire Constabulary,-2.671392,53.674081,On or near Troon Close,E01024968,Chorley 005B,Vehicle crime,Unable to prosecute suspect,
94b9a2caeca42e8a3db782c2d5c4b72e8af1889fe193499c04ac8a8d4b4b9952,2021-06,Lancashire Constabulary,Lancashire Constabulary,-2.670494,53.673771,On or near St Andrews Close,E01024968,Chorley 005B,Violence and sexual offences,Unable to prosecute suspect,
e49ee101100ba2b06912754a57ec7eabb0ad8605ccf30c12c95a888e4bc5326e,2021-06,Lancashire Constabulary,Lancashire Constabulary,-2.671392,53.674081,On or near Troon Close,E01024968,Chorley 005B,Violence and sexual offences,Status update unavailable,
f6480f5cadab53fafb241d289f5a599233d350091ead90c483e189a486ee197a,2021-06,Lancashire Constabulary,Lancashire Constabulary,-2.669130,53.673653,On or near Belfry Close,E01024968,Chorley 005B,Violence and sexual offences,Unable to prosecute suspect,
5197ba6f9ae95de8408e149c0513d49130b874367dc636ea8f81ea4ef1b8ecea,2021-06,Lancashire Constabulary,Lancashire Constabulary,-2.673810,53.674768,On or near Hunstanton Close,E01024968,Chorley 005B,Violence and sexual offences,Status update unavailable,
9e4ffd6da55cf3ef2aafc7b4fad696270d67439893858548ac2487c3e771570d,2021-06,Lancashire Constabulary,Lancashire Constabulary,-2.671392,53.674081,On or near Troon Close,E01024968,Chorley 005B,Violence and sexual offences,Unable to prosecute suspect,
0b5e01e19a07cdb5837cbf099387b639128edfa2ca53248919ff43d66ba70930,2021-06,Lancashire Constabulary,Lancashire Constabulary,-2.671392,53.674081,On or near Troon Close,E01024968,Chorley 005B,Violence and sexual offences,Unable to prosecute suspect,
54f3db73b95481258830e75972ab12497a206507687ea0897bb3e4049676bc34,2021-06,Lancashire Constabulary,Lancashire Constabulary,-2.669130,53.673653,On or near Belfry Close,E01024968,Chorley 005B,Violence and sexual offences,Unable to prosecute suspect,
e456030825b339a66518f61e8e9761d0a046402d4936eccd18d793cad0bfe76d,2021-06,Lancashire Constabulary,Lancashire Constabulary,-2.671289,53.672346,On or near Birkdale Close,E01024968,Chorley 005B,Violence and sexual offences,Status update unavailable,
2e4e1d6d23fa5069d5f24be7446c4548452f99ef0c08f39189da6f56278ecdff,2021-06,Lancashire Constabulary,Lancashire Constabulary,-2.673810,53.674768,On or near Hunstanton Close,E01024968,Chorley 005B,Violence and sexual offences,Unable to prosecute suspect,
,2021-06,Lancashire Constabulary,Lancashire Constabulary,-2.678546,53.668027,On or near Southside,E01024969,Chorley 005C,Anti-social behaviour,,
,2021-06,Lancashire Constabulary,Lancashire Constabulary,-2.679406,53.667860,On or near Woodside,E01024969,Chorley 005C,Anti-social behaviour,,
e55ba4a5ff1bca92950486306ee3907f5765318f4179f60593c62ee7a149c9e1,2021-06,Lancashire Constabulary,Lancashire Constabulary,-2.684645,53.669898,On or near Sports/Recreation Area,E01024969,Chorley 005C,Other theft,Status update unavailable,
65a510b1f42db973aaa192be4d607134c236b0b809b554b41c99380910612afc,2021-06,Lancashire Constabulary,Lancashire Constabulary,-2.683246,53.668549,On or near Glencroft,E01024969,Chorley 005C,Public order,Investigation complete; no suspect identified,
85dbdd90c6369aa6f53aa3f9fdd5571136d548a77546f76deff3a2512ae26350,2021-06,Lancashire Constabulary,Lancashire Constabulary,-2.679406,53.667860,On or near Woodside,E01024969,Chorley 005C,Robbery,Unable to prosecute suspect,
20a392e7d3f2aba8b2db4a15d80dbb00e314fa0aed695917e90fc1230db45bad,2021-06,Lancashire Constabulary,Lancashire Constabulary,-2.679406,53.667860,On or near Woodside,E01024969,Chorley 005C,Vehicle crime,Investigation complete; no suspect identified,
cf9276e7e59ab6fc86d21e4c749890cdce85c0cf0ffa989ea17e7734ef40fdbb,2021-06,Lancashire Constabulary,Lancashire Constabulary,-2.685609,53.666800,On or near The Croft,E01024969,Chorley 005C,Violence and sexual offences,Investigation complete; no suspect identified,
,2021-06,Lancashire Constabulary,Lancashire Constabulary,-2.670836,53.660062,On or near Pennine Avenue,E01024970,Chorley 005D,Anti-social behaviour,,
,2021-06,Lancashire Constabulary,Lancashire Constabulary,-2.673517,53.659265,On or near Anderton Road,E01024971,Chorley 005E,Anti-social behaviour,,
905bf272c51fa6b2df09fec7bec2e0171f71d1cc75ebda948a724bbd7e1baeb6,2021-06,Lancashire Constabulary,Lancashire Constabulary,-2.697448,53.659649,On or near Dawber'S Lane,E01024971,Chorley 005E,Burglary,Further investigation is not in the public interest,
689225830d7b0a646ab97a2b6bd8d88ec37f58aa889f9a00c438eed90572a0f4,2021-06,Lancashire Constabulary,Lancashire Constabulary,-2.672176,53.659605,On or near Regency Gardens,E01024971,Chorley 005E,Violence and sexual offences,Status update unavailable,
,2021-06,Lancashire Constabulary,Lancashire Constabulary,-2.671122,53.663764,On or near Earls Way,E01024972,Chorley 005F,Anti-social behaviour,,
45fd57ed315611b11423fa77edffcb892f648ed8988a357a4074f3be4d3f741b,2021-06,Lancashire Constabulary,Lancashire Constabulary,-2.664865,53.661363,On or near Kingsway,E01024972,Chorley 005F,Criminal damage and arson,Investigation complete; no suspect identified,
f6f920de362e5ad8db921dfe0ecc2ac5301aa923164aee90e5dd4111aef9eeb4,2021-06,Lancashire Constabulary,Lancashire Constabulary,-2.671122,53.663764,On or near Earls Way,E01024972,Chorley 005F,Other theft,Investigation complete; no suspect identified,
,2021-06,Lancashire Constabulary,Lancashire Constabulary,-2.622750,53.664474,On or near Cornflower Close,E01024929,Chorley 006A,Anti-social behaviour,,
,2021-06,Lancashire Constabulary,Lancashire Constabulary,-2.618845,53.663389,On or near Larch Avenue,E01024929,Chorley 006A,Anti-social behaviour,,
,2021-06,Lancashire Constabulary,Lancashire Constabulary,-2.622527,53.663711,On or near Sycamore Road,E01024929,Chorley 006A,Anti-social behaviour,,
845292513fedf200ca5a5aca33af39744cb9cda717e67749e2ce73faf9755bf5,2021-06,Lancashire Constabulary,Lancashire Constabulary,-2.624469,53.663009,On or near Wordsworth Terrace,E01024929,Chorley 006A,Criminal damage and arson,Investigation complete; no suspect identified,
7be099d7ffb07d8eed6798238ee8dee21349e04de67fb3533b45604d4f363494,2021-06,Lancashire Constabulary,Lancashire Constabulary,-2.622527,53.663711,On or near Sycamore Road,E01024929,Chorley 006A,Criminal damage and arson,Unable to prosecute suspect,
aafd3a7a4e5cff253251061d601e8cf0604f498c818162010463e95659ebe292,2021-06,Lancashire Constabulary,Lancashire Constabulary,-2.622513,53.662777,On or near Thornhill Road,E01024929,Chorley 006A,Public order,Investigation complete; no suspect identified,
ebba2795745b08a7a2334980b4c39e8ee0d214a65c3892c45a3ef6820e535ad1,2021-06,Lancashire Constabulary,Lancashire Constabulary,-2.618845,53.663389,On or near Larch Avenue,E01024929,Chorley 006A,Violence and sexual offences,Status update unavailable,
47bb751bbacc30da31e3eae3fb4df10931fa0ab1ef4b47384d93e955605c48f5,2021-06,Lancashire Constabulary,Lancashire Constabulary,-2.621863,53.664865,On or near Clayburn Close,E01024929,Chorley 006A,Violence and sexual offences,Unable to prosecute suspect,
ece059ac13d5febe34bc1cc33d8f0c1d7208b16091b85b7b025efe5d13a3525b,2021-06,Lancashire Constabulary,Lancashire Constabulary,-2.620339,53.662069,On or near Willow Road,E01024929,Chorley 006A,Violence and sexual offences,Court result unavailable,
070b441457a4a86c182a95ce1da435c328acbaea87454d73f4fb7737eb903953,2021-06,Lancashire Constabulary,Lancashire Constabulary,-2.618216,53.662826,On or near Botany Brow,E01024929,Chorley 006A,Violence and sexual offences,Unable to prosecute suspect,
931298c613772ebc95c4af7262c278087d6302480f5f862e684772a259b2868d,2021-06,Lancashire Constabulary,Lancashire Constabulary,-2.618845,53.663389,On or near Larch Avenue,E01024929,Chorley 006A,Violence and sexual offences,Unable to prosecute suspect,
5c8d9daedc8a64a8de7517e03a54dbf8e604f2d609d4c1a2a2ef54e48f9275ff,2021-06,Lancashire Constabulary,Lancashire Constabulary,-2.621863,53.664865,On or near Clayburn Close,E01024929,Chorley 006A,Violence and sexual offences,Unable to prosecute suspect,
,2021-06,Lancashire Constabulary,Lancashire Constabulary,-2.623549,53.661207,On or near Harper'S Lane,E01024930,Chorley 006B,Anti-social behaviour,,
,2021-06,Lancashire Constabulary,Lancashire Constabulary,-2.623549,53.661207,On or near Harper'S Lane,E01024930,Chorley 006B,Anti-social behaviour,,
,2021-06,Lancashire Constabulary,Lancashire Constabulary,-2.623549,53.661207,On or near Harper'S Lane,E01024930,Chorley 006B,Anti-social behaviour,,
,2021-06,Lancashire Constabulary,Lancashire Constabulary,-2.621745,53.659940,On or near Sports/Recreation Area,E01024930,Chorley 006B,Anti-social behaviour,,
,2021-06,Lancashire Constabulary,Lancashire Constabulary,-2.621745,53.659940,On or near Sports/Recreation Area,E01024930,Chorley 006B,Anti-social behaviour,,
,2021-06,Lancashire Constabulary,Lancashire Constabulary,-2.621745,53.659940,On or near Sports/Recreation Area,E01024930,Chorley 006B,Anti-social behaviour,,
faad95f73baff29c24e355063328014dcf76840b0d5d9f44547aca2f8f500884,2021-06,Lancashire Constabulary,Lancashire Constabulary,-2.622353,53.659110,On or near Corporation Street,E01024930,Chorley 006B,Criminal damage and arson,Investigation complete; no suspect identified,
681462f7bb8b3c71e51094faefa673e7ab3c390b69252e2f3b1446971b145302,2021-06,Lancashire Constabulary,Lancashire Constabulary,-2.623549,53.661207,On or near Harper'S Lane,E01024930,Chorley 006B,Violence and sexual offences,Court result unavailable,
4cbb8101cafa2b831a937fff6832598399979b102ef271408d267865c3d36a90,2021-06,Lancashire Constabulary,Lancashire Constabulary,-2.620069,53.660192,On or near Marlborough Street,E01024930,Chorley 006B,Violence and sexual offences,Unable to prosecute suspect,
aae34f0a05a7b0f635bd9250454fe91d5c09dc182ec0b294184d5626ec164b0e,2021-06,Lancashire Constabulary,Lancashire Constabulary,-2.621526,53.660490,On or near Erskine Road,E01024930,Chorley 006B,Violence and sexual offences,Unable to prosecute suspect,
2d52895d067e8876ef69e7a1cea6d07af9f66058ffcbb8dee8c3e342fa016960,2021-06,Lancashire Constabulary,Lancashire Constabulary,-2.617291,53.662732,On or near Daisy Fold,E01024930,Chorley 006B,Violence and sexual offences,Unable to prosecute suspect,
,2021-06,Lancashire Constabulary,Lancashire Constabulary,-2.630856,53.658014,On or near Parker Street,E01024931,Chorley 006C,Anti-social behaviour,,
,2021-06,Lancashire Constabulary,Lancashire Constabulary,-2.625546,53.657089,On or near Briercliffe Road,E01024931,Chorley 006C,Anti-social behaviour,,
,2021-06,Lancashire Constabulary,Lancashire Constabulary,-2.629361,53.660260,On or near Waterloo Street,E01024931,Chorley 006C,Anti-social behaviour,,
,2021-06,Lancashire Constabulary,Lancashire Constabulary,-2.631848,53.655501,On or near Parking Area,E01024931,Chorley 006C,Anti-social behaviour,,
,2021-06,Lancashire Constabulary,Lancashire Constabulary,-2.630856,53.658014,On or near Parker Street,E01024931,Chorley 006C,Anti-social behaviour,,
,2021-06,Lancashire Constabulary,Lancashire Constabulary,-2.631848,53.655501,On or near Parking Area,E01024931,Chorley 006C,Anti-social behaviour,,
,2021-06,Lancashire Constabulary,Lancashire Constabulary,-2.630856,53.658014,On or near Parker Street,E01024931,Chorley 006C,Anti-social behaviour,,
,2021-06,Lancashire Constabulary,Lancashire Constabulary,-2.625546,53.657089,On or near Briercliffe Road,E01024931,Chorley 006C,Anti-social behaviour,,
,2021-06,Lancashire Constabulary,Lancashire Constabulary,-2.630856,53.658014,On or near Parker Street,E01024931,Chorley 006C,Anti-social behaviour,,
,2021-06,Lancashire Constabulary,Lancashire Constabulary,-2.625546,53.657089,On or near Briercliffe Road,E01024931,Chorley 006C,Anti-social behaviour,,
,2021-06,Lancashire Constabulary,Lancashire Constabulary,-2.625546,53.657089,On or near Briercliffe Road,E01024931,Chorley 006C,Anti-social behaviour,,
,2021-06,Lancashire Constabulary,Lancashire Constabulary,-2.631848,53.655501,On or near Parking Area,E01024931,Chorley 006C,Anti-social behaviour,,
,2021-06,Lancashire Constabulary,Lancashire Constabulary,-2.625546,53.657089,On or near Briercliffe Road,E01024931,Chorley 006C,Anti-social behaviour,,
,2021-06,Lancashire Constabulary,Lancashire Constabulary,-2.621954,53.658726,On or near Geoffrey Street,E01024931,Chorley 006C,Anti-social behaviour,,
,2021-06,Lancashire Constabulary,Lancashire Constabulary,-2.631848,53.655501,On or near Parking Area,E01024931,Chorley 006C,Anti-social behaviour,,
,2021-06,Lancashire Constabulary,Lancashire Constabulary,-2.631848,53.655501,On or near Parking Area,E01024931,Chorley 006C,Anti-social behaviour,,
,2021-06,Lancashire Constabulary,Lancashire Constabulary,-2.630105,53.657353,On or near Water Street,E01024931,Chorley 006C,Anti-social behaviour,,
,2021-06,Lancashire Constabulary,Lancashire Constabulary,-2.630105,53.657353,On or near Water Street,E01024931,Chorley 006C,Anti-social behaviour,,
,2021-06,Lancashire Constabulary,Lancashire Constabulary,-2.631848,53.655501,On or near Parking Area,E01024931,Chorley 006C,Anti-social behaviour,,
,2021-06,Lancashire Constabulary,Lancashire Constabulary,-2.630856,53.658014,On or near Parker Street,E01024931,Chorley 006C,Anti-social behaviour,,
,2021-06,Lancashire Constabulary,Lancashire Constabulary,-2.625546,53.657089,On or near Briercliffe Road,E01024931,Chorley 006C,Anti-social behaviour,,
,2021-06,Lancashire Constabulary,Lancashire Constabulary,-2.631443,53.657822,On or near Nichol Street,E01024931,Chorley 006C,Anti-social behaviour,,
e1441daf3be5cde5341d93fc006cc57dbb87ba6eca3ed42a04d0699485721432,2021-06,Lancashire Constabulary,Lancashire Constabulary,-2.631848,53.655501,On or near Parking Area,E01024931,Chorley 006C,Burglary,Investigation complete; no suspect identified,
695a2a2360b36ef185350db105f402aa82cb4a2a53e1141d3a8e6e5738157c95,2021-06,Lancashire Constabulary,Lancashire Constabulary,-2.621684,53.658898,On or near Curate Street,E01024931,Chorley 006C,Burglary,Unable to prosecute suspect,
b2fd2ee005dc9a5857b17528cceba0fe02bd4b630f0be4ae7a73c17d9879f806,2021-06,Lancashire Constabulary,Lancashire Constabulary,-2.629844,53.659134,On or near Commercial Road,E01024931,Chorley 006C,Criminal damage and arson,Investigation complete; no suspect identified,
bf37d47da41fe3909f2dc45a8144e6de8b5b22a69b91113d0afe75de0c4b4b14,2021-06,Lancashire Constabulary,Lancashire Constabulary,-2.631848,53.655501,On or near Parking Area,E01024931,Chorley 006C,Criminal damage and arson,Unable to prosecute suspect,
f43e982d4c757aaee99ad97f22dfaa5f001407d389b0b9e9b77bdbb70c436dde,2021-06,Lancashire Constabulary,Lancashire Constabulary,-2.631848,53.655501,On or near Parking Area,E01024931,Chorley 006C,Criminal damage and arson,Court result unavailable,
1cffa9042e1948d77aab586f1f89d8eabe2428684d1da6d01f0b478ad8b07c8d,2021-06,Lancashire Constabulary,Lancashire Constabulary,-2.630856,53.658014,On or near Parker Street,E01024931,Chorley 006C,Criminal damage and arson,Unable to prosecute suspect,
3e14efa397b8cbb0d7d55b0064ff9e5d89d30b4902ad6a307812425ae1382515,2021-06,Lancashire Constabulary,Lancashire Constabulary,-2.629844,53.659134,On or near Commercial Road,E01024931,Chorley 006C,Criminal damage and arson,Status update unavailable,
78f9d2392d526bc9bec7d6dbd558da4032fb874c598a294fbc68f2430e955e9f,2021-06,Lancashire Constabulary,Lancashire Constabulary,-2.629844,53.659134,On or near Commercial Road,E01024931,Chorley 006C,Public order,Investigation complete; no suspect identified,
64f36096ff0d21542c5ee577aa6fa379b1d425b95e869fd65f2484faa2af7dcc,2021-06,Lancashire Constabulary,Lancashire Constabulary,-2.631848,53.655501,On or near Parking Area,E01024931,Chorley 006C,Public order,Unable to prosecute suspect,
0efeee6714082f1c2d39a21afad76fe008b015ee95e3d557f6c66de0863a8b68,2021-06,Lancashire Constabulary,Lancashire Constabulary,-2.627865,53.658318,On or near Supermarket,E01024931,Chorley 006C,Shoplifting,Status update unavailable,
cbf11693bad5690478c635e6426e33d474304de9dbc83adc20a0a73a194f1367,2021-06,Lancashire Constabulary,Lancashire Constabulary,-2.624775,53.657093,On or near Mayfield Road,E01024931,Chorley 006C,Vehicle crime,Investigation complete; no suspect identified,
23d376ed6ad7798454f26eee9ca13a7fc8738b39104ddb7b55569199340a3b79,2021-06,Lancashire Constabulary,Lancashire Constabulary,-2.630856,53.658014,On or near Parker Street,E01024931,Chorley 006C,Vehicle crime,Status update unavailable,
9f400376b64ae05b398e00dfee3b243b1e8b51aba52599829bdd5f576a3f1844,2021-06,Lancashire Constabulary,Lancashire Constabulary,-2.621858,53.657324,On or near Russell Square,E01024931,Chorley 006C,Vehicle crime,Investigation complete; no suspect identified,
eb2a84746d17d4377e548e85c6201f8fcfb58acecb0b8104b1c9786ee58f9166,2021-06,Lancashire Constabulary,Lancashire Constabulary,-2.625546,53.657089,On or near Briercliffe Road,E01024931,Chorley 006C,Vehicle crime,Investigation complete; no suspect identified,
1fdae675dd86a8d77c29e12543214f144d35b5e19f01c96d9794e2589e165db0,2021-06,Lancashire Constabulary,Lancashire Constabulary,-2.629759,53.659539,On or near Congress Street,E01024931,Chorley 006C,Vehicle crime,Investigation complete; no suspect identified,
c0855f6acbd4a148ebacd0052a77c13b50b2e03754cbdc52d8851bd3fc0a4391,2021-06,Lancashire Constabulary,Lancashire Constabulary,-2.624756,53.657893,On or near Brock Road,E01024931,Chorley 006C,Violence and sexual offences,Unable to prosecute suspect,
56bccbd1cd75b45c356a52c03e425eb85e9d8e728c575b01d60de46e74ecf274,2021-06,Lancashire Constabulary,Lancashire Constabulary,-2.624447,53.658470,On or near Doris Street,E01024931,Chorley 006C,Violence and sexual offences,Status update unavailable,
50db6db93fca579abad19f7e4d2c4e6b01e83683f8a332858396274d7f24cb96,2021-06,Lancashire Constabulary,Lancashire Constabulary,-2.630856,53.658014,On or near Parker Street,E01024931,Chorley 006C,Violence and sexual offences,Unable to prosecute suspect,
0b8e73c94b563f03dcc5fe69e1801de9fc9344a10204dc878c6cc3e5930c50f9,2021-06,Lancashire Constabulary,Lancashire Constabulary,-2.624756,53.657893,On or near Brock Road,E01024931,Chorley 006C,Other crime,Unable to prosecute suspect,
18732d5f317ebb623955b62c6c72c8a454c78e0f2528fbe8d075a10d317e354f,2021-06,Lancashire Constabulary,Lancashire Constabulary,-2.629844,53.659134,On or near Commercial Road,E01024931,Chorley 006C,Other crime,Unable to prosecute suspect,
,2021-06,Lancashire Constabulary,Lancashire Constabulary,-2.609424,53.665990,On or near Heapey Road,E01024932,Chorley 006D,Anti-social behaviour,,
,2021-06,Lancashire Constabulary,Lancashire Constabulary,-2.615782,53.666083,On or near Blackburn Brow,E01024932,Chorley 006D,Anti-social behaviour,,
22c0d706ea74f2441463947946b344d7c3ce20a96f6b0620e6a7b8c6d44f7bfc,2021-06,Lancashire Constabulary,Lancashire Constabulary,-2.615782,53.666083,On or near Blackburn Brow,E01024932,Chorley 006D,Criminal damage and arson,Status update unavailable,
47237ac3ecd6eadcf39328e5744d50f63a982a2cd24ddf786aeb704f08701173,2021-06,Lancashire Constabulary,Lancashire Constabulary,-2.615782,53.666083,On or near Blackburn Brow,E01024932,Chorley 006D,Criminal damage and arson,Unable to prosecute suspect,
9c1592e2f8d32e4c798e374b9486171f9e79c35dee6b5ff7b57258ad4969cc38,2021-06,Lancashire Constabulary,Lancashire Constabulary,-2.612840,53.671941,On or near Ewell Close,E01024932,Chorley 006D,Other theft,Unable to prosecute suspect,
e822df589abaca85979b601633dfde9682b910b38641782b625918956f997ee0,2021-06,Lancashire Constabulary,Lancashire Constabulary,-2.615782,53.666083,On or near Blackburn Brow,E01024932,Chorley 006D,Violence and sexual offences,Unable to prosecute suspect,
cf1b99f410b37352b5d8e0719460f793eb5871e79487aef2f39d29c90ff93c07,2021-06,Lancashire Constabulary,Lancashire Constabulary,-2.615782,53.666083,On or near Blackburn Brow,E01024932,Chorley 006D,Violence and sexual offences,Unable to prosecute suspect,
,2021-06,Lancashire Constabulary,Lancashire Constabulary,-2.626248,53.661571,On or near Morrison Street,E01024933,Chorley 006E,Anti-social behaviour,,
,2021-06,Lancashire Constabulary,Lancashire Constabulary,-2.629423,53.667442,On or near Laburnum Road,E01024933,Chorley 006E,Anti-social behaviour,,
,2021-06,Lancashire Constabulary,Lancashire Constabulary,-2.626248,53.661571,On or near Morrison Street,E01024933,Chorley 006E,Anti-social behaviour,,
,2021-06,Lancashire Constabulary,Lancashire Constabulary,-2.630538,53.662016,On or near Petrol Station,E01024933,Chorley 006E,Anti-social behaviour,,
,2021-06,Lancashire Constabulary,Lancashire Constabulary,-2.626917,53.662790,On or near Springs Road,E01024933,Chorley 006E,Anti-social behaviour,,
,2021-06,Lancashire Constabulary,Lancashire Constabulary,-2.630538,53.662016,On or near Petrol Station,E01024933,Chorley 006E,Anti-social behaviour,,
,2021-06,Lancashire Constabulary,Lancashire Constabulary,-2.626917,53.662790,On or near Springs Road,E01024933,Chorley 006E,Anti-social behaviour,,
,2021-06,Lancashire Constabulary,Lancashire Constabulary,-2.630538,53.662016,On or near Petrol Station,E01024933,Chorley 006E,Anti-social behaviour,,
f32e2aa04ee2c8ecec406d4c97924406cae455af0b6ecdbbf4566f035b40c790,2021-06,Lancashire Constabulary,Lancashire Constabulary,-2.629423,53.667442,On or near Laburnum Road,E01024933,Chorley 006E,Criminal damage and arson,Status update unavailable,
6cf029d7e3cacce9444fe53f3b0e3cef7fb4821434489b511d8b30ecb72f012e,2021-06,Lancashire Constabulary,Lancashire Constabulary,-2.626207,53.660798,On or near Old Bridge Way,E01024933,Chorley 006E,Criminal damage and arson,Investigation complete; no suspect identified,
b2732c59258e1cb0f242237999cc6e3112bb2a4845d631f919d93c58612a8b40,2021-06,Lancashire Constabulary,Lancashire Constabulary,-2.625866,53.662301,On or near Garfield Terrace,E01024933,Chorley 006E,Criminal damage and arson,Investigation complete; no suspect identified,
08709811594df942a709526d25d8812ef699f315e0a5a2176c166d9dcc65de5a,2021-06,Lancashire Constabulary,Lancashire Constabulary,-2.630538,53.662016,On or near Petrol Station,E01024933,Chorley 006E,Other theft,Investigation complete; no suspect identified,
a416353aa11db2821bda57e54aceee4bbebe54817c0e09ed8b5d612906e6e23c,2021-06,Lancashire Constabulary,Lancashire Constabulary,-2.630538,53.662016,On or near Petrol Station,E01024933,Chorley 006E,Other theft,Status update unavailable,
7760fcd628483d17f52dc32aba1984a35e6a9615340672e16952eaf61551e0b7,2021-06,Lancashire Constabulary,Lancashire Constabulary,-2.630538,53.662016,On or near Petrol Station,E01024933,Chorley 006E,Other theft,Status update unavailable,
cf1a4836b2b4e6c17c3649c7e1d50043bbf54ef1947afaacede34c83349b95b7,2021-06,Lancashire Constabulary,Lancashire Constabulary,-2.630538,53.662016,On or near Petrol Station,E01024933,Chorley 006E,Other theft,Action to be taken by another organisation,
a0413adba203f56e214336b40261e573b508918e62b3d5d8de8280c6c2113dc6,2021-06,Lancashire Constabulary,Lancashire Constabulary,-2.630538,53.662016,On or near Petrol Station,E01024933,Chorley 006E,Other theft,Status update unavailable,
094120517c65049bf96c1c0edb47939821bec17e6d7c33d47ec59eb2179c93bb,2021-06,Lancashire Constabulary,Lancashire Constabulary,-2.627924,53.668429,On or near Linden Grove,E01024933,Chorley 006E,Public order,Investigation complete; no suspect identified,
1703745833eba5fc23ba2ef8a28223d13f0a151c50058162533a9c58f0ea5127,2021-06,Lancashire Constabulary,Lancashire Constabulary,-2.629125,53.660621,On or near Trafalgar Street,E01024933,Chorley 006E,Vehicle crime,Investigation complete; no suspect identified,
8aaf76b10c960aaa32bb449a2997893c0181f6fab3a4b7914bf04a7fa29c4ba1,2021-06,Lancashire Constabulary,Lancashire Constabulary,-2.625387,53.663679,On or near Shakespeare Terrace,E01024933,Chorley 006E,Violence and sexual offences,Unable to prosecute suspect,
d756589a563017fe105ca7793948dde33898b4e7956a750877c43c65a0f04bf9,2021-06,Lancashire Constabulary,Lancashire Constabulary,-2.625641,53.662455,On or near Beaconsfield Terrace,E01024933,Chorley 006E,Violence and sexual offences,Unable to prosecute suspect,
d368541d4be2459976416cea9146ffd8b8df071c8f1af6c565c2bb4f4eea0460,2021-06,Lancashire Constabulary,Lancashire Constabulary,-2.626441,53.663305,On or near Milton Terrace,E01024933,Chorley 006E,Violence and sexual offences,Unable to prosecute suspect,
ea472337e5d05a0834504c2fb2fc09dfda7f4d45e7ed98a0811fb8f3f6b32a95,2021-06,Lancashire Constabulary,Lancashire Constabulary,-2.626441,53.663305,On or near Milton Terrace,E01024933,Chorley 006E,Violence and sexual offences,Unable to prosecute suspect,
a635d32b5cb44bc97fb50a0df7ca70c079c3985356d10471f993dd096a67fbf7,2021-06,Lancashire Constabulary,Lancashire Constabulary,-2.629125,53.660621,On or near Trafalgar Street,E01024933,Chorley 006E,Violence and sexual offences,Unable to prosecute suspect,
193568306b6072cc64b34abdc702900dd44ca0e7bea4ec4ab1b74372d6bd885f,2021-06,Lancashire Constabulary,Lancashire Constabulary,-2.626207,53.660798,On or near Old Bridge Way,E01024933,Chorley 006E,Other crime,Court result unavailable,
,2021-06,Lancashire Constabulary,Lancashire Constabulary,-2.636029,53.657861,On or near Sports/Recreation Area,E01024937,Chorley 006F,Anti-social behaviour,,
,2021-06,Lancashire Constabulary,Lancashire Constabulary,-2.636029,53.657861,On or near Sports/Recreation Area,E01024937,Chorley 006F,Anti-social behaviour,,
,2021-06,Lancashire Constabulary,Lancashire Constabulary,-2.635766,53.665538,On or near Hospital,E01024937,Chorley 006F,Anti-social behaviour,,
,2021-06,Lancashire Constabulary,Lancashire Constabulary,-2.636029,53.657861,On or near Sports/Recreation Area,E01024937,Chorley 006F,Anti-social behaviour,,
,2021-06,Lancashire Constabulary,Lancashire Constabulary,-2.636029,53.657861,On or near Sports/Recreation Area,E01024937,Chorley 006F,Anti-social behaviour,,
d61c1c6388cb930a77f134b4a3b20c53cae79010780527b5f5849b8abdf583fd,2021-06,Lancashire Constabulary,Lancashire Constabulary,-2.635766,53.665538,On or near Hospital,E01024937,Chorley 006F,Criminal damage and arson,Unable to prosecute suspect,
fae78ede24ad944f221a0ecb20dc483e32d62f09569a079758ecbcda4de2a4bf,2021-06,Lancashire Constabulary,Lancashire Constabulary,-2.635766,53.665538,On or near Hospital,E01024937,Chorley 006F,Criminal damage and arson,Unable to prosecute suspect,
f1a3e58c871cc199b4daa64ec8d90cfaa1fc6b958a46f1b795f112020fb757e9,2021-06,Lancashire Constabulary,Lancashire Constabulary,-2.635766,53.665538,On or near Hospital,E01024937,Chorley 006F,Other theft,Unable to prosecute suspect,
99849e35fc83b0eccd28ac89a48c348e6cafcdbe843902997af1ba6f2f3f8677,2021-06,Lancashire Constabulary,Lancashire Constabulary,-2.630828,53.659183,On or near Park Road,E01024937,Chorley 006F,Other theft,Investigation complete; no suspect identified,
1e2c6788bf4f0e041e5f3804912deb96906ca7973772ccc83a53817e0d0b323a,2021-06,Lancashire Constabulary,Lancashire Constabulary,-2.635766,53.665538,On or near Hospital,E01024937,Chorley 006F,Public order,Investigation complete; no suspect identified,
3abb1ae710d25f1582503b23aa8b5d77a0eba3017c1b5b048189613eed59e96a,2021-06,Lancashire Constabulary,Lancashire Constabulary,-2.635766,53.665538,On or near Hospital,E01024937,Chorley 006F,Vehicle crime,Investigation complete; no suspect identified,
eeff2d33c132165661d400c27fba621232d35fc8f2ced0f49e354bc95a96b645,2021-06,Lancashire Constabulary,Lancashire Constabulary,-2.637717,53.654436,On or near Harrington Road,E01024937,Chorley 006F,Violence and sexual offences,Further investigation is not in the public interest,
0e02b1d181921c71c149b8d8d24da0e6a62c25d7cb9bb06579d9b6f16a24178a,2021-06,Lancashire Constabulary,Lancashire Constabulary,-2.635766,53.665538,On or near Hospital,E01024937,Chorley 006F,Violence and sexual offences,Unable to prosecute suspect,
6f09d7d1f1513116faca3f5273e0efcfbeaa2861c575471d5569be6029d69c90,2021-06,Lancashire Constabulary,Lancashire Constabulary,-2.632422,53.667579,On or near Preston Road,E01024937,Chorley 006F,Violence and sexual offences,Unable to prosecute suspect,
c36e9a526f8eded2d533fd199121fa9bccdff48a0447335ee3b8e518b0ab9fba,2021-06,Lancashire Constabulary,Lancashire Constabulary,-2.635766,53.665538,On or near Hospital,E01024937,Chorley 006F,Violence and sexual offences,Unable to prosecute suspect,
ec30e02efa36815c163bb098d8f4b24cddfff2a6adb140c1e247338d6a362f55,2021-06,Lancashire Constabulary,Lancashire Constabulary,-2.637270,53.664883,On or near Dutch Barn Close,E01024937,Chorley 006F,Violence and sexual offences,Unable to prosecute suspect,
816536070c0560a300ff81e6caaf33e228395855d5a1481ec1fb8c525e1ed9cc,2021-06,Lancashire Constabulary,Lancashire Constabulary,-2.635766,53.665538,On or near Hospital,E01024937,Chorley 006F,Violence and sexual offences,Unable to prosecute suspect,
,2021-06,Lancashire Constabulary,Lancashire Constabulary,-2.769054,53.628884,On or near Hurst Green,E01024964,Chorley 007A,Anti-social behaviour,,
,2021-06,Lancashire Constabulary,Lancashire Constabulary,-2.780875,53.623746,On or near Sandy Lane,E01024964,Chorley 007A,Anti-social behaviour,,
,2021-06,Lancashire Constabulary,Lancashire Constabulary,-2.770334,53.627761,On or near The Willows,E01024964,Chorley 007A,Anti-social behaviour,,
dc9b3d66493bfffb811a2e6dae0f281cdaa17c713c4c999417804fe0e4b29ce7,2021-06,Lancashire Constabulary,Lancashire Constabulary,-2.773349,53.622285,On or near Sports/Recreation Area,E01024964,Chorley 007A,Criminal damage and arson,Investigation complete; no suspect identified,
d0b9a7aa92b16094321be8452cc26fc147aa8fc4bee7d7e092cfe10ac84a5e7a,2021-06,Lancashire Constabulary,Lancashire Constabulary,-2.762647,53.661804,On or near Highfield Road,E01024974,Chorley 007B,Other theft,Investigation complete; no suspect identified,
d6ccb2d4a5599e045c9ec9325bc9c75a1bb61c8313bfdb0180ecc24b6d85b9cb,2021-06,Lancashire Constabulary,Lancashire Constabulary,-2.774126,53.660598,On or near Town Road,E01024974,Chorley 007B,Other crime,Status update unavailable,
b57503d76e3ebbc07eb41aace02ad08e7ddc2bc62da13d15aca196331bca75b0,2021-06,Lancashire Constabulary,Lancashire Constabulary,-2.771108,53.662712,On or near Out Lane,E01024974,Chorley 007B,Other crime,Further investigation is not in the public interest,
,2021-06,Lancashire Constabulary,Lancashire Constabulary,-2.775930,53.668182,On or near Jubilee Way,E01024975,Chorley 007C,Anti-social behaviour,,
,2021-06,Lancashire Constabulary,Lancashire Constabulary,-2.775930,53.668182,On or near Jubilee Way,E01024975,Chorley 007C,Anti-social behaviour,,
,2021-06,Lancashire Constabulary,Lancashire Constabulary,-2.749494,53.663424,On or near Sarscow Lane,E01024975,Chorley 007C,Anti-social behaviour,,
,2021-06,Lancashire Constabulary,Lancashire Constabulary,-2.738318,53.662972,On or near Petrol Station,E01024975,Chorley 007C,Anti-social behaviour,,
,2021-06,Lancashire Constabulary,Lancashire Constabulary,-2.743462,53.681834,On or near Wade Brook Road,E01024975,Chorley 007C,Anti-social behaviour,,
,2021-06,Lancashire Constabulary,Lancashire Constabulary,-2.777395,53.667228,On or near Station Road,E01024975,Chorley 007C,Anti-social behaviour,,
21ccfdc184f7cf18478d97b2c3c7509599cabfa49441c4923378183122b1d113,2021-06,Lancashire Constabulary,Lancashire Constabulary,-2.752184,53.678490,On or near Prison,E01024975,Chorley 007C,Criminal damage and arson,Formal action is not in the public interest,
c3cc0cdaededdb72e72581da4700fcd5d2b5d31d0d3b82f0b218a358b5393c39,2021-06,Lancashire Constabulary,Lancashire Constabulary,-2.746413,53.680863,On or near Willow Road,E01024975,Chorley 007C,Other theft,Investigation complete; no suspect identified,
47b39ab7dc43026580215a769297e0d01ded56af6ee1bba62cc6cd0145549245,2021-06,Lancashire Constabulary,Lancashire Constabulary,-2.746413,53.680863,On or near Willow Road,E01024975,Chorley 007C,Other theft,Status update unavailable,
c95112e821c3ba277be4f90dd63ea7b22b8a9fc07153b6f44b185c3173067008,2021-06,Lancashire Constabulary,Lancashire Constabulary,-2.746413,53.680863,On or near Willow Road,E01024975,Chorley 007C,Other theft,Status update unavailable,
f30affbcded6691214419ad900768609859d3e8aa8e6a713c54108a85da41b43,2021-06,Lancashire Constabulary,Lancashire Constabulary,-2.746413,53.680863,On or near Willow Road,E01024975,Chorley 007C,Other theft,Investigation complete; no suspect identified,
b8674e5abb7096c7d702305adc1814fd81e1a17f02108d3858c34910350a1463,2021-06,Lancashire Constabulary,Lancashire Constabulary,-2.746413,53.680863,On or near Willow Road,E01024975,Chorley 007C,Other theft,Investigation complete; no suspect identified,
dafe199ab3022d2127fcf74d2b1c179ef05247f72d8162618dbc0e9f0ad06c41,2021-06,Lancashire Constabulary,Lancashire Constabulary,-2.738746,53.663203,On or near New Lane,E01024975,Chorley 007C,Possession of weapons,Offender given a caution,
3ef725e1e2f971dfa1e076ca415567cf665d85f14d8124f745b1f3c26c426539,2021-06,Lancashire Constabulary,Lancashire Constabulary,-2.756382,53.679551,On or near Prison,E01024975,Chorley 007C,Public order,Unable to prosecute suspect,
d3310b496b85ce250afc948128bb6336945a75937f25e52afc8bbd0891df979d,2021-06,Lancashire Constabulary,Lancashire Constabulary,-2.752184,53.678490,On or near Prison,E01024975,Chorley 007C,Violence and sexual offences,Unable to prosecute suspect,
ed44b30d9f04be93b97dd359a6307bba9cb441427adc4a65476e205fe48b3543,2021-06,Lancashire Constabulary,Lancashire Constabulary,-2.756382,53.679551,On or near Prison,E01024975,Chorley 007C,Violence and sexual offences,Court result unavailable,
84e33416f2191fc84530f57ec7e29e361af81d7e9cc96dba23071d9e03f517dc,2021-06,Lancashire Constabulary,Lancashire Constabulary,-2.756382,53.679551,On or near Prison,E01024975,Chorley 007C,Violence and sexual offences,Court result unavailable,
ef75b27833740bd65f01313853ae0f209174be4edccd4f6590fedc94066140cb,2021-06,Lancashire Constabulary,Lancashire Constabulary,-2.756382,53.679551,On or near Prison,E01024975,Chorley 007C,Violence and sexual offences,Court result unavailable,
168ff682078eb2f95ec50b061eca83d305002aa106d6a5e18007e1bf9d76ad55,2021-06,Lancashire Constabulary,Lancashire Constabulary,-2.756382,53.679551,On or near Prison,E01024975,Chorley 007C,Violence and sexual offences,Unable to prosecute suspect,
d18522223d55964606f31bb2f020a7a6fcfe311751ebb30e62658a6c9531f128,2021-06,Lancashire Constabulary,Lancashire Constabulary,-2.741573,53.663060,On or near Southport Road,E01024975,Chorley 007C,Violence and sexual offences,Unable to prosecute suspect,
25efc2479c7747a1e17b8c25381b545f71f861daa4de8bbd6dcca9eb64933973,2021-06,Lancashire Constabulary,Lancashire Constabulary,-2.756382,53.679551,On or near Prison,E01024975,Chorley 007C,Violence and sexual offences,Unable to prosecute suspect,
d28e69e6f5e62b20f0741c378c7719ae321ecf594f5e9d2c4f9d0d1bc16386b5,2021-06,Lancashire Constabulary,Lancashire Constabulary,-2.756382,53.679551,On or near Prison,E01024975,Chorley 007C,Violence and sexual offences,Unable to prosecute suspect,
48a98e68317860ae059af6bd8a88c5427f5aaa16fe4c95a9e65a1de46cc3972c,2021-06,Lancashire Constabulary,Lancashire Constabulary,-2.756382,53.679551,On or near Prison,E01024975,Chorley 007C,Violence and sexual offences,Unable to prosecute suspect,
81ecfec3078a511cdb841e8bcf177849e4ef680194e7008850771d54c0ce77af,2021-06,Lancashire Constabulary,Lancashire Constabulary,-2.756382,53.679551,On or near Prison,E01024975,Chorley 007C,Other crime,Formal action is not in the public interest,
fdd713b67b18bc8a91a14f54379593121f9665d412c0d547031d5e1e969fecbc,2021-06,Lancashire Constabulary,Lancashire Constabulary,-2.756382,53.679551,On or near Prison,E01024975,Chorley 007C,Other crime,Action to be taken by another organisation,
928604d948f390f93b189d46c6c1259f8678c8eabbaaed7dbd9110f3f8e46b60,2021-06,Lancashire Constabulary,Lancashire Constabulary,-2.756382,53.679551,On or near Prison,E01024975,Chorley 007C,Other crime,Unable to prosecute suspect,
f009824320a971ee552503e709365502b3dcc6ab5770588e1b1985dc4c786015,2021-06,Lancashire Constabulary,Lancashire Constabulary,-2.756382,53.679551,On or near Prison,E01024975,Chorley 007C,Other crime,Investigation complete; no suspect identified,
a2105c02a17a6f9b0c319c01bffa3a31bd7dd439a7e5d0f429d86ba01d4e1173,2021-06,Lancashire Constabulary,Lancashire Constabulary,-2.756382,53.679551,On or near Prison,E01024975,Chorley 007C,Other crime,Status update unavailable,
a426fad7ac86c23dd15a5b40e1c33b6f62895f6925868b51133ae8fafbcd236d,2021-06,Lancashire Constabulary,Lancashire Constabulary,-2.756382,53.679551,On or near Prison,E01024975,Chorley 007C,Other crime,Status update unavailable,
158e646d3744148e554ed979a3fecb3e9810c22389bea3cb0c63d02b30c24823,2021-06,Lancashire Constabulary,Lancashire Constabulary,-2.756382,53.679551,On or near Prison,E01024975,Chorley 007C,Other crime,Status update unavailable,
03be98621368ada011417d5981cf6f4888ab981d678e58567dc3ac479ecf24c7,2021-06,Lancashire Constabulary,Lancashire Constabulary,-2.756382,53.679551,On or near Prison,E01024975,Chorley 007C,Other crime,Status update unavailable,
550f12514cdff4027b2cebee6c68ed35fd945661b061f6bdb13ace5ee1389290,2021-06,Lancashire Constabulary,Lancashire Constabulary,-2.756382,53.679551,On or near Prison,E01024975,Chorley 007C,Other crime,Further investigation is not in the public interest,
,2021-06,Lancashire Constabulary,Lancashire Constabulary,-2.773923,53.666882,On or near Peartree Road,E01024976,Chorley 007D,Anti-social behaviour,,
,2021-06,Lancashire Constabulary,Lancashire Constabulary,-2.772680,53.666773,On or near The Orchard,E01024976,Chorley 007D,Anti-social behaviour,,
,2021-06,Lancashire Constabulary,Lancashire Constabulary,-2.774546,53.661206,On or near Parking Area,E01024976,Chorley 007D,Anti-social behaviour,,
,2021-06,Lancashire Constabulary,Lancashire Constabulary,-2.774417,53.663293,On or near Sports/Recreation Area,E01024976,Chorley 007D,Anti-social behaviour,,
dba405613752b4e27f21093c2272ebfa021e22c9680a970d68b27b5aafb6264f,2021-06,Lancashire Constabulary,Lancashire Constabulary,-2.773418,53.659982,On or near Church Street,E01024976,Chorley 007D,Vehicle crime,Unable to prosecute suspect,
bb7e9664e8b9899ad97772c318478d62479a85f46d2fce9848c1d5f550a499f2,2021-06,Lancashire Constabulary,Lancashire Constabulary,-2.773418,53.659982,On or near Church Street,E01024976,Chorley 007D,Violence and sexual offences,Unable to prosecute suspect,
2ab4e9b7ec97527bb45224345bf6298774a08ec2fcacfa0b3c039d36898cc556,2021-06,Lancashire Constabulary,Lancashire Constabulary,-2.774417,53.663293,On or near Sports/Recreation Area,E01024976,Chorley 007D,Violence and sexual offences,Status update unavailable,
027b4014baa6e0e13f4791ff147f8d1ec654276baf88d12ec01a48761cdf8c55,2021-06,Lancashire Constabulary,Lancashire Constabulary,-2.776762,53.666531,On or near Supermarket,E01024976,Chorley 007D,Other crime,Investigation complete; no suspect identified,
,2021-06,Lancashire Constabulary,Lancashire Constabulary,-2.660861,53.672413,On or near Further/Higher Educational Building,E01024919,Chorley 008A,Anti-social behaviour,,
,2021-06,Lancashire Constabulary,Lancashire Constabulary,-2.661993,53.675104,On or near Park/Open Space,E01024919,Chorley 008A,Anti-social behaviour,,
,2021-06,Lancashire Constabulary,Lancashire Constabulary,-2.660861,53.672413,On or near Further/Higher Educational Building,E01024919,Chorley 008A,Anti-social behaviour,,
,2021-06,Lancashire Constabulary,Lancashire Constabulary,-2.660861,53.672413,On or near Further/Higher Educational Building,E01024919,Chorley 008A,Anti-social behaviour,,
,2021-06,Lancashire Constabulary,Lancashire Constabulary,-2.673350,53.678168,On or near Park/Open Space,E01024919,Chorley 008A,Anti-social behaviour,,
,2021-06,Lancashire Constabulary,Lancashire Constabulary,-2.673350,53.678168,On or near Park/Open Space,E01024919,Chorley 008A,Anti-social behaviour,,
,2021-06,Lancashire Constabulary,Lancashire Constabulary,-2.660861,53.672413,On or near Further/Higher Educational Building,E01024919,Chorley 008A,Anti-social behaviour,,
,2021-06,Lancashire Constabulary,Lancashire Constabulary,-2.655567,53.677530,On or near Bishopton Crescent,E01024919,Chorley 008A,Anti-social behaviour,,
,2021-06,Lancashire Constabulary,Lancashire Constabulary,-2.661993,53.675104,On or near Park/Open Space,E01024919,Chorley 008A,Anti-social behaviour,,
,2021-06,Lancashire Constabulary,Lancashire Constabulary,-2.643894,53.665558,On or near Buckshaw Hall Close,E01024919,Chorley 008A,Anti-social behaviour,,
65b595a54d66288af32628836eca56d322d506f111fbfcbba2f26e51da59aa3d,2021-06,Lancashire Constabulary,Lancashire Constabulary,-2.660877,53.679280,On or near Darwen Fold Close,E01024919,Chorley 008A,Burglary,Unable to prosecute suspect,
bb79c354d25fe56973913fbe4fc2c1c4aa04a212dba95161f5a5b0630b0f1747,2021-06,Lancashire Constabulary,Lancashire Constabulary,-2.660148,53.677181,On or near Sharrock Street,E01024919,Chorley 008A,Burglary,Court result unavailable,
bab77fdf8799118033f4bd53712f5fea989fbc77f1b435fc690cc24e8d4b6ef7,2021-06,Lancashire Constabulary,Lancashire Constabulary,-2.660258,53.680326,On or near Coopers Place,E01024919,Chorley 008A,Other theft,Unable to prosecute suspect,
41649ae2b1cc27f2f405370072beb7347b1aa685cb58415947ccb1d46153aa0f,2021-06,Lancashire Constabulary,Lancashire Constabulary,-2.666207,53.681228,On or near Worden Brook Close,E01024919,Chorley 008A,Public order,Further investigation is not in the public interest,
7beb4c726720cdd03c686a871aff9e10845834588985cfd1e51fac93104fc573,2021-06,Lancashire Constabulary,Lancashire Constabulary,-2.666207,53.681228,On or near Worden Brook Close,E01024919,Chorley 008A,Public order,Further investigation is not in the public interest,
d6a5ea335620b502d0cf37da4eaffca22ca801e170304edd89df165a100fcbfe,2021-06,Lancashire Constabulary,Lancashire Constabulary,-2.661993,53.675104,On or near Park/Open Space,E01024919,Chorley 008A,Vehicle crime,Investigation complete; no suspect identified,
9172f2decba0ba51dccf9ce8a2e72ac33a6d355b69c3197628e94f42d028e8b0,2021-06,Lancashire Constabulary,Lancashire Constabulary,-2.661993,53.675104,On or near Park/Open Space,E01024919,Chorley 008A,Vehicle crime,Investigation complete; no suspect identified,
e1ee496e6a4b7334e085aca3ffc918e6876ba3d9437bb13ccf77c5bbe9e15855,2021-06,Lancashire Constabulary,Lancashire Constabulary,-2.673350,53.678168,On or near Park/Open Space,E01024919,Chorley 008A,Violence and sexual offences,Unable to prosecute suspect,
e103638cd1c3c80df16c3ba64818f1850f833f39a7975e61dace3520edf52b34,2021-06,Lancashire Constabulary,Lancashire Constabulary,-2.660877,53.679280,On or near Darwen Fold Close,E01024919,Chorley 008A,Violence and sexual offences,Unable to prosecute suspect,
14ff4aefbbee513a310ed1f3d87eeb2b7ea240cb5528b23dea845a01235489fa,2021-06,Lancashire Constabulary,Lancashire Constabulary,-2.661638,53.678548,On or near Holland House Way,E01024919,Chorley 008A,Violence and sexual offences,Status update unavailable,
9ca66dfca9468c04e0e44ea73dd205dd3f8a5f88e67bd6606c76b0180ef38032,2021-06,Lancashire Constabulary,Lancashire Constabulary,-2.665865,53.679693,On or near Oakbridge Drive,E01024919,Chorley 008A,Violence and sexual offences,Unable to prosecute suspect,
87798a3a25185215d9145e5c359e05ce9bc2115600b50fccc367cec3f558134a,2021-06,Lancashire Constabulary,Lancashire Constabulary,-2.645803,53.663723,On or near Banastre,E01024919,Chorley 008A,Violence and sexual offences,Status update unavailable,
50c242db619fd6277aa42b708772aa2f62b61020938d6e2ca2ed8ff778da305a,2021-06,Lancashire Constabulary,Lancashire Constabulary,-2.665865,53.679693,On or near Oakbridge Drive,E01024919,Chorley 008A,Violence and sexual offences,Unable to prosecute suspect,
9a164ad58a569e8e2a4ed03c655eaf2725ba9e54dae1fe09896287a9d40b6a9d,2021-06,Lancashire Constabulary,Lancashire Constabulary,-2.665865,53.679693,On or near Oakbridge Drive,E01024919,Chorley 008A,Violence and sexual offences,Unable to prosecute suspect,
8806a80b59e2901bc51d87e339c47a605e7e4df7988c6f28572912d044735e2e,2021-06,Lancashire Constabulary,Lancashire Constabulary,-2.663242,53.677515,On or near Park/Open Space,E01024919,Chorley 008A,Violence and sexual offences,Unable to prosecute suspect,
692a1eaa9b54b658ee0fe595c9de7473171ed39661323ce26ce0b4b12d20b73c,2021-06,Lancashire Constabulary,Lancashire Constabulary,-2.660861,53.672413,On or near Further/Higher Educational Building,E01024919,Chorley 008A,Violence and sexual offences,Status update unavailable,
089ae3cecc30be9cdb5ec4e6956896acf501ce4906ca7ca69b05922b0c45c8d3,2021-06,Lancashire Constabulary,Lancashire Constabulary,-2.661638,53.678548,On or near Holland House Way,E01024919,Chorley 008A,Violence and sexual offences,Unable to prosecute suspect,
234811b28f86c71262f7eca074ca42c4d3acc13bbee9e2bf5133bc8dad0d03dd,2021-06,Lancashire Constabulary,Lancashire Constabulary,-2.673350,53.678168,On or near Park/Open Space,E01024919,Chorley 008A,Violence and sexual offences,Offender given a caution,
e2ecb45db2428fb01d08eba568b5f921a7074ef0f0d6aa11b6b281a526eeaa3d,2021-06,Lancashire Constabulary,Lancashire Constabulary,-2.661638,53.678548,On or near Holland House Way,E01024919,Chorley 008A,Violence and sexual offences,Unable to prosecute suspect,
b61b5e6c7c21bd219e3645be650a9f3b7849ee91f5bc0bc171d563561735316f,2021-06,Lancashire Constabulary,Lancashire Constabulary,-2.660258,53.680326,On or near Coopers Place,E01024919,Chorley 008A,Violence and sexual offences,Unable to prosecute suspect,
,2021-06,Lancashire Constabulary,Lancashire Constabulary,-2.640322,53.663555,On or near Studfold,E01024920,Chorley 008B,Anti-social behaviour,,
,2021-06,Lancashire Constabulary,Lancashire Constabulary,-2.645191,53.661335,On or near Hall Gate,E01024920,Chorley 008B,Anti-social behaviour,,
,2021-06,Lancashire Constabulary,Lancashire Constabulary,-2.646765,53.661309,On or near Pedestrian Subway,E01024920,Chorley 008B,Anti-social behaviour,,
,2021-06,Lancashire Constabulary,Lancashire Constabulary,-2.646765,53.661309,On or near Pedestrian Subway,E01024920,Chorley 008B,Anti-social behaviour,,
,2021-06,Lancashire Constabulary,Lancashire Constabulary,-2.652929,53.659658,On or near Long Copse,E01024920,Chorley 008B,Anti-social behaviour,,
627c09c582c1392e8bf6013ad5d75439e84d68f446d2eae65a074821bd330862,2021-06,Lancashire Constabulary,Lancashire Constabulary,-2.646765,53.661309,On or near Pedestrian Subway,E01024920,Chorley 008B,Other theft,Unable to prosecute suspect,
fc45628930ecd21ad6647dc4a7faa0e05ac744a2c15886685658ed0a3a73f165,2021-06,Lancashire Constabulary,Lancashire Constabulary,-2.652929,53.659658,On or near Long Copse,E01024920,Chorley 008B,Violence and sexual offences,Unable to prosecute suspect,
dd02222376393a41be299cf43106eb9d28a0c137b9bd8b543e9b75c3f05dfbb5,2021-06,Lancashire Constabulary,Lancashire Constabulary,-2.645191,53.661335,On or near Hall Gate,E01024920,Chorley 008B,Violence and sexual offences,Investigation complete; no suspect identified,
644bf05e2c7a93126278906c3b15c0b9b7edb9c2b50621628ec89195e75a697a,2021-06,Lancashire Constabulary,Lancashire Constabulary,-2.646765,53.661309,On or near Pedestrian Subway,E01024920,Chorley 008B,Violence and sexual offences,Unable to prosecute suspect,
b44f7df769a8d386f1dc9f49cb5e6b3433b8e630f840bfd4cd9d057b2055455b,2021-06,Lancashire Constabulary,Lancashire Constabulary,-2.652929,53.659658,On or near Long Copse,E01024920,Chorley 008B,Other crime,Court result unavailable,
,2021-06,Lancashire Constabulary,Lancashire Constabulary,-2.642684,53.648729,On or near Queensgate,E01024934,Chorley 008C,Anti-social behaviour,,
,2021-06,Lancashire Constabulary,Lancashire Constabulary,-2.643855,53.656039,On or near Hampton Close,E01024934,Chorley 008C,Anti-social behaviour,,
72fd4529bd101fb0942de30d2136a21ab1d6ac01f2d6e7e02caaaa46a5d34f91,2021-06,Lancashire Constabulary,Lancashire Constabulary,-2.641465,53.649158,On or near Isleworth Drive,E01024934,Chorley 008C,Criminal damage and arson,Unable to prosecute suspect,
,2021-06,Lancashire Constabulary,Lancashire Constabulary,-2.658868,53.656254,On or near Supermarket,E01024935,Chorley 008D,Anti-social behaviour,,
,2021-06,Lancashire Constabulary,Lancashire Constabulary,-2.658868,53.656254,On or near Supermarket,E01024935,Chorley 008D,Anti-social behaviour,,
,2021-06,Lancashire Constabulary,Lancashire Constabulary,-2.657275,53.655994,On or near Foxhole Road,E01024935,Chorley 008D,Anti-social behaviour,,
,2021-06,Lancashire Constabulary,Lancashire Constabulary,-2.658868,53.656254,On or near Supermarket,E01024935,Chorley 008D,Anti-social behaviour,,
,2021-06,Lancashire Constabulary,Lancashire Constabulary,-2.658868,53.656254,On or near Supermarket,E01024935,Chorley 008D,Anti-social behaviour,,
,2021-06,Lancashire Constabulary,Lancashire Constabulary,-2.651406,53.649212,On or near Woodford Copse,E01024935,Chorley 008D,Anti-social behaviour,,
,2021-06,Lancashire Constabulary,Lancashire Constabulary,-2.644958,53.649059,On or near Collingwood Road,E01024935,Chorley 008D,Anti-social behaviour,,
19b41a321f57da16de25397aa992ba755aca2dca030fa191323f6ae4391a7301,2021-06,Lancashire Constabulary,Lancashire Constabulary,-2.658868,53.656254,On or near Supermarket,E01024935,Chorley 008D,Other theft,Status update unavailable,
cb3cec700ace0ad7145eaa26dda251036f03261c7deef4e6972c2a1fbb6ca083,2021-06,Lancashire Constabulary,Lancashire Constabulary,-2.644605,53.649717,On or near Haigh Close,E01024935,Chorley 008D,Other theft,Investigation complete; no suspect identified,
b4336bbbf44cc08dc8547c53c4349871374d0a35bf9e7fdfe8416f0c80eda851,2021-06,Lancashire Constabulary,Lancashire Constabulary,-2.658868,53.656254,On or near Supermarket,E01024935,Chorley 008D,Shoplifting,Court result unavailable,
,2021-06,Lancashire Constabulary,Lancashire Constabulary,-2.625351,53.655158,On or near Primrose Street,E01024925,Chorley 009A,Anti-social behaviour,,
,2021-06,Lancashire Constabulary,Lancashire Constabulary,-2.626427,53.652204,On or near Pedestrian Subway,E01024925,Chorley 009A,Anti-social behaviour,,
,2021-06,Lancashire Constabulary,Lancashire Constabulary,-2.625351,53.655158,On or near Primrose Street,E01024925,Chorley 009A,Anti-social behaviour,,
,2021-06,Lancashire Constabulary,Lancashire Constabulary,-2.625351,53.655158,On or near Primrose Street,E01024925,Chorley 009A,Anti-social behaviour,,
,2021-06,Lancashire Constabulary,Lancashire Constabulary,-2.626427,53.652204,On or near Pedestrian Subway,E01024925,Chorley 009A,Anti-social behaviour,,
,2021-06,Lancashire Constabulary,Lancashire Constabulary,-2.621371,53.652006,On or near Cavendish Street,E01024925,Chorley 009A,Anti-social behaviour,,
,2021-06,Lancashire Constabulary,Lancashire Constabulary,-2.622972,53.653840,On or near Delamere Place,E01024925,Chorley 009A,Anti-social behaviour,,
,2021-06,Lancashire Constabulary,Lancashire Constabulary,-2.620599,53.653007,On or near Fielden Street,E01024925,Chorley 009A,Anti-social behaviour,,
,2021-06,Lancashire Constabulary,Lancashire Constabulary,-2.622972,53.653840,On or near Delamere Place,E01024925,Chorley 009A,Anti-social behaviour,,
d45ea8fa96ec2815252a40ba62c05bb8e9c9654f49d8119d78668854cf34ddf0,2021-06,Lancashire Constabulary,Lancashire Constabulary,-2.625351,53.655158,On or near Primrose Street,E01024925,Chorley 009A,Criminal damage and arson,Status update unavailable,
9713e0f40b78ea2691602c46cccb206f7ffa65d9dbd5827f3122a8fb05aa4f13,2021-06,Lancashire Constabulary,Lancashire Constabulary,-2.626427,53.652204,On or near Pedestrian Subway,E01024925,Chorley 009A,Criminal damage and arson,Investigation complete; no suspect identified,
e891d1ea43e6c86ba6a65f9e96fd9b83f5725439242559f4d8626ce6288f1aaa,2021-06,Lancashire Constabulary,Lancashire Constabulary,-2.625351,53.655158,On or near Primrose Street,E01024925,Chorley 009A,Criminal damage and arson,Investigation complete; no suspect identified,
dc245b94022ed962d9400e749df94c9e62e673a8bbfbd06af1b61d527c6c969c,2021-06,Lancashire Constabulary,Lancashire Constabulary,-2.625351,53.655158,On or near Primrose Street,E01024925,Chorley 009A,Criminal damage and arson,Investigation complete; no suspect identified,
a53a6917a7b73bff10d87e1a4dec1830b326f4758e111ba4ec3865c944785f8d,2021-06,Lancashire Constabulary,Lancashire Constabulary,-2.620668,53.652549,On or near Seymour Street,E01024925,Chorley 009A,Other theft,Investigation complete; no suspect identified,
ed08edd4497d87441b76cae11ae5974eac05866570591466d1b70e988ea0c2bc,2021-06,Lancashire Constabulary,Lancashire Constabulary,-2.624495,53.655603,On or near Stratford Road,E01024925,Chorley 009A,Other theft,Investigation complete; no suspect identified,
44eb03099c3e292d5e933ce35bd755253d468834a47275d5d0bbd71fde050bdf,2021-06,Lancashire Constabulary,Lancashire Constabulary,-2.620599,53.653007,On or near Fielden Street,E01024925,Chorley 009A,Public order,Investigation complete; no suspect identified,
05c3fcfac5bccedf56b9e117396f7fdd8b797aa9973a7a1dee8270bcb13c2665,2021-06,Lancashire Constabulary,Lancashire Constabulary,-2.622308,53.652936,On or near Mackenzle Close,E01024925,Chorley 009A,Theft from the person,Investigation complete; no suspect identified,
b5e8560ccee28acbe3824338216e7debbd32b4658bc09fc565cc634703474d8b,2021-06,Lancashire Constabulary,Lancashire Constabulary,-2.623130,53.650235,On or near Charnock Street,E01024925,Chorley 009A,Violence and sexual offences,Unable to prosecute suspect,
3dafc9edfabc1aa5fd53b2076a86c2ab3e5eef272eaef8e1eb314a11a7dc4cb6,2021-06,Lancashire Constabulary,Lancashire Constabulary,-2.622308,53.652936,On or near Mackenzle Close,E01024925,Chorley 009A,Violence and sexual offences,Unable to prosecute suspect,
6bad15db84c359982cd70e37aa43b78901a3d5084f65467bf67f275cba662a84,2021-06,Lancashire Constabulary,Lancashire Constabulary,-2.618790,53.654500,On or near Moss Close,E01024925,Chorley 009A,Violence and sexual offences,Unable to prosecute suspect,
75235f734a80261e146611bdfaa04e788418db5bf04ce9e9cb44d5174f24a87f,2021-06,Lancashire Constabulary,Lancashire Constabulary,-2.620813,53.652099,On or near Stephenson Street,E01024925,Chorley 009A,Violence and sexual offences,Unable to prosecute suspect,
429965b653bea8f6e86ccc07f7bdc0f6122e3e20e895513df8b5d9693bf23d9c,2021-06,Lancashire Constabulary,Lancashire Constabulary,-2.622308,53.652936,On or near Mackenzle Close,E01024925,Chorley 009A,Violence and sexual offences,Local resolution,
b0b3f19919761b3ed0ebe082251e426ea53695ca9cfcc3b9af388fb0c3d47df5,2021-06,Lancashire Constabulary,Lancashire Constabulary,-2.618790,53.654500,On or near Moss Close,E01024925,Chorley 009A,Violence and sexual offences,Unable to prosecute suspect,
561bd2ae4ee60f08f65c920d475ee457bb72b0fd75ada65087ab0bf789a16ed2,2021-06,Lancashire Constabulary,Lancashire Constabulary,-2.620599,53.653007,On or near Fielden Street,E01024925,Chorley 009A,Violence and sexual offences,Unable to prosecute suspect,
bf418ba74b2c713cffb17d763401ec7fc91eedcd1cd3c5ad92cd3e0b5b98a69d,2021-06,Lancashire Constabulary,Lancashire Constabulary,-2.624914,53.652203,On or near Steeley Lane,E01024925,Chorley 009A,Other crime,Action to be taken by another organisation,
1addf6d86ac32ba1c7d8eed0e2a73e7c351810b1014a25c49ae5097d43427b45,2021-06,Lancashire Constabulary,Lancashire Constabulary,-2.625621,53.651903,On or near Edward Street,E01024925,Chorley 009A,Other crime,Unable to prosecute suspect,
,2021-06,Lancashire Constabulary,Lancashire Constabulary,-2.616120,53.647790,On or near Fell View,E01024926,Chorley 009B,Anti-social behaviour,,
,2021-06,Lancashire Constabulary,Lancashire Constabulary,-2.620676,53.654140,On or near Wright Street,E01024926,Chorley 009B,Anti-social behaviour,,
,2021-06,Lancashire Constabulary,Lancashire Constabulary,-2.612130,53.656404,On or near Froom Street,E01024926,Chorley 009B,Anti-social behaviour,,
,2021-06,Lancashire Constabulary,Lancashire Constabulary,-2.619422,53.653211,On or near Temperance Street,E01024926,Chorley 009B,Anti-social behaviour,,
,2021-06,Lancashire Constabulary,Lancashire Constabulary,-2.615759,53.654183,On or near Colyton Road East,E01024926,Chorley 009B,Anti-social behaviour,,
,2021-06,Lancashire Constabulary,Lancashire Constabulary,-2.616213,53.650019,On or near Frederick Street,E01024926,Chorley 009B,Anti-social behaviour,,
,2021-06,Lancashire Constabulary,Lancashire Constabulary,-2.616120,53.647790,On or near Fell View,E01024926,Chorley 009B,Anti-social behaviour,,
a4ae9ef5c3aa084c230015c6b4a1fbeac2a5d32d836c918b2542b24119db10c8,2021-06,Lancashire Constabulary,Lancashire Constabulary,-2.618854,53.652630,On or near Heald Street,E01024926,Chorley 009B,Burglary,Investigation complete; no suspect identified,
8201801e25efee5af52f242b1500e7956867dcc6193b3dab2078825300d1144a,2021-06,Lancashire Constabulary,Lancashire Constabulary,-2.611843,53.643884,On or near Hogg'S Lane,E01024926,Chorley 009B,Criminal damage and arson,Unable to prosecute suspect,
8d6476c9fe2e19e3cfb6d5c10b23aeac73f838866599fa4a99aac2659fa32abc,2021-06,Lancashire Constabulary,Lancashire Constabulary,-2.618854,53.652630,On or near Heald Street,E01024926,Chorley 009B,Criminal damage and arson,Investigation complete; no suspect identified,
60da2265284fa8fd07da3ee1971a45dae690ff1c87c0dbb2d025524bc5e0406c,2021-06,Lancashire Constabulary,Lancashire Constabulary,-2.616120,53.647790,On or near Fell View,E01024926,Chorley 009B,Criminal damage and arson,Unable to prosecute suspect,
dbb70a3515179b75ecab332851ae1c557774281ed041725a523eb154763cd50e,2021-06,Lancashire Constabulary,Lancashire Constabulary,-2.620676,53.654140,On or near Wright Street,E01024926,Chorley 009B,Other theft,Unable to prosecute suspect,
c2fc85cde524d163c0729588c80cd77fdb369370fedc51a0c16286f5bb256c74,2021-06,Lancashire Constabulary,Lancashire Constabulary,-2.616213,53.650019,On or near Frederick Street,E01024926,Chorley 009B,Other theft,Status update unavailable,
8c5b8510d65e6bacc7630f72f449430f0e340266a4bd4e5c732a2a2f4dae04ec,2021-06,Lancashire Constabulary,Lancashire Constabulary,-2.616120,53.647790,On or near Fell View,E01024926,Chorley 009B,Public order,Investigation complete; no suspect identified,
1b68933e08c39f703d46ddcb530248cb3bd17b5f16c34c51819ae30cbadf1d1b,2021-06,Lancashire Constabulary,Lancashire Constabulary,-2.616213,53.650019,On or near Frederick Street,E01024926,Chorley 009B,Vehicle crime,Investigation complete; no suspect identified,
ea3d7c1992f596ff97f4fd3d26ccfa79aa2685837cab7ab0687683375ae97144,2021-06,Lancashire Constabulary,Lancashire Constabulary,-2.617482,53.654012,On or near Colyton Road,E01024926,Chorley 009B,Violence and sexual offences,Further investigation is not in the public interest,
e7e9a4b9c1e582f21f9debee8dce382f04e4b88627f87afb6b23727176246dc4,2021-06,Lancashire Constabulary,Lancashire Constabulary,-2.617412,53.652323,On or near Albany Court,E01024926,Chorley 009B,Violence and sexual offences,Unable to prosecute suspect,
dc4e25a7fa7697548c0c175d2ac010ff9873710d901360f18453a8b798455546,2021-06,Lancashire Constabulary,Lancashire Constabulary,-2.620676,53.654140,On or near Wright Street,E01024926,Chorley 009B,Violence and sexual offences,Unable to prosecute suspect,
277252a375650ea55a72478191b6e2a21f64c53d020bb646f8793da0d89162af,2021-06,Lancashire Constabulary,Lancashire Constabulary,-2.617482,53.654012,On or near Colyton Road,E01024926,Chorley 009B,Violence and sexual offences,Unable to prosecute suspect,
6cb463fbbe8bf85e10662fba46a21878e7d05a6e2bdea07649abc0889087d29c,2021-06,Lancashire Constabulary,Lancashire Constabulary,-2.615759,53.654183,On or near Colyton Road East,E01024926,Chorley 009B,Violence and sexual offences,Unable to prosecute suspect,
d6de55e68874fa7332f78ae9857f55b439055f67dc2993f49533087631b1dc16,2021-06,Lancashire Constabulary,Lancashire Constabulary,-2.615759,53.654183,On or near Colyton Road East,E01024926,Chorley 009B,Violence and sexual offences,Court result unavailable,
8b2f08f23af0348440b0aa9dada87fc297199f82ea6e0ad1bed6bb6afe3f2459,2021-06,Lancashire Constabulary,Lancashire Constabulary,-2.619422,53.653211,On or near Temperance Street,E01024926,Chorley 009B,Violence and sexual offences,Investigation complete; no suspect identified,
,2021-06,Lancashire Constabulary,Lancashire Constabulary,-2.616508,53.648445,On or near Limbrick Road,E01024927,Chorley 009C,Anti-social behaviour,,
,2021-06,Lancashire Constabulary,Lancashire Constabulary,-2.616508,53.648445,On or near Limbrick Road,E01024927,Chorley 009C,Anti-social behaviour,,
99f4fcc03ae55bf7ead6af55fde210e73595e263cc186f9f1baa22f2ef354860,2021-06,Lancashire Constabulary,Lancashire Constabulary,-2.616530,53.648957,On or near Croft Road,E01024927,Chorley 009C,Burglary,Investigation complete; no suspect identified,
190a6b5784bbc0f6b3e7044cff32d26e3a750a64d023f7a7c6e58967ff08ced4,2021-06,Lancashire Constabulary,Lancashire Constabulary,-2.616530,53.648957,On or near Croft Road,E01024927,Chorley 009C,Burglary,Status update unavailable,
75b56c5f7e2195042802bf7e017f9d25d79802b22a490513a06305cbd03de4e8,2021-06,Lancashire Constabulary,Lancashire Constabulary,-2.619112,53.651712,On or near Southport Terrace,E01024927,Chorley 009C,Criminal damage and arson,Investigation complete; no suspect identified,
9b3ca39b2d20dea63ef775da4a3daa8cee415766a4d7e1ac7941fbb5a46c037a,2021-06,Lancashire Constabulary,Lancashire Constabulary,-2.620200,53.649549,On or near Clarendon Street,E01024927,Chorley 009C,Other theft,Investigation complete; no suspect identified,
44702f3c864d070f75346f2dcd159b753f30e60ca3d9f533b9c37fbb74bc3558,2021-06,Lancashire Constabulary,Lancashire Constabulary,-2.621981,53.650277,On or near Buchanan Street,E01024927,Chorley 009C,Violence and sexual offences,Unable to prosecute suspect,
45c3c306606450c8c2aedf2e9706082538c00637efd60e99640e5c9b043a27f2,2021-06,Lancashire Constabulary,Lancashire Constabulary,-2.618329,53.647833,On or near Canterbury Street,E01024927,Chorley 009C,Violence and sexual offences,Unable to prosecute suspect,
8be89ba2fd5aa2211d6d2d86bb3033f65d9a3f9266076cf15fd3bbaaa21af652,2021-06,Lancashire Constabulary,Lancashire Constabulary,-2.618337,53.651446,On or near Lytham Street,E01024927,Chorley 009C,Violence and sexual offences,Unable to prosecute suspect,
,2021-06,Lancashire Constabulary,Lancashire Constabulary,-2.618704,53.658959,On or near Talbot Street,E01024928,Chorley 009D,Anti-social behaviour,,
a3c132d6da5a69c32e705e7c9ef7d17caebe1a7f7469ff695fcf696ff5947cbb,2021-06,Lancashire Constabulary,Lancashire Constabulary,-2.620437,53.658473,On or near Carr Street,E01024928,Chorley 009D,Criminal damage and arson,Unable to prosecute suspect,
83e56b939a244124f43ab51f557fccdf73b07ff4b63d53f6a3c49771d48ba076,2021-06,Lancashire Constabulary,Lancashire Constabulary,-2.617703,53.657759,On or near Rivington Road,E01024928,Chorley 009D,Criminal damage and arson,Status update unavailable,
1e7760ff58639d7947282d7225c946ec186eadecf4f4119e3d62bead07a04c5a,2021-06,Lancashire Constabulary,Lancashire Constabulary,-2.617770,53.657166,On or near Pennine Road,E01024928,Chorley 009D,Public order,Unable to prosecute suspect,
2ec36382eab21cf0cab545b4c894a6256236d47cb3b01a165e0e1beebbbbe199,2021-06,Lancashire Constabulary,Lancashire Constabulary,-2.617770,53.657166,On or near Pennine Road,E01024928,Chorley 009D,Public order,Unable to prosecute suspect,
6e8d86bfbca275619e57d158743fae0d074399389db48367ea91c266056728b6,2021-06,Lancashire Constabulary,Lancashire Constabulary,-2.615496,53.657914,On or near Montcliffe Road,E01024928,Chorley 009D,Violence and sexual offences,Unable to prosecute suspect,
6a3dc8f8b148840b0c81af7a01c8e5921b2446a1535ed9fb74836023c96584a6,2021-06,Lancashire Constabulary,Lancashire Constabulary,-2.618915,53.655812,On or near Eaves Lane,E01024928,Chorley 009D,Violence and sexual offences,Unable to prosecute suspect,
99855271fb27d07db7dea7d1062e56e7fc8afd99f5a6fc50fbb54b77f368a0e7,2021-06,Lancashire Constabulary,Lancashire Constabulary,-2.618915,53.655812,On or near Eaves Lane,E01024928,Chorley 009D,Violence and sexual offences,Unable to prosecute suspect,
e68b20f983adaaf35d6bae2ead27efe1b2b8d9a953be9e7d05543117d17f9b6f,2021-06,Lancashire Constabulary,Lancashire Constabulary,-2.619962,53.656993,On or near Kershaw Street,E01024928,Chorley 009D,Violence and sexual offences,Investigation complete; no suspect identified,
58e3ac7a15106c3200d7613d70e7cace58d737a8c5565d4245d9f977924d7be2,2021-06,Lancashire Constabulary,Lancashire Constabulary,-2.620437,53.658473,On or near Carr Street,E01024928,Chorley 009D,Violence and sexual offences,Unable to prosecute suspect,
,2021-06,Lancashire Constabulary,Lancashire Constabulary,-2.632687,53.651946,On or near West Street,E01024936,Chorley 010A,Anti-social behaviour,,
,2021-06,Lancashire Constabulary,Lancashire Constabulary,-2.636989,53.649299,On or near Lawrence Road,E01024936,Chorley 010A,Anti-social behaviour,,
,2021-06,Lancashire Constabulary,Lancashire Constabulary,-2.636989,53.649299,On or near Lawrence Road,E01024936,Chorley 010A,Anti-social behaviour,,
,2021-06,Lancashire Constabulary,Lancashire Constabulary,-2.636989,53.649299,On or near Lawrence Road,E01024936,Chorley 010A,Anti-social behaviour,,
,2021-06,Lancashire Constabulary,Lancashire Constabulary,-2.634706,53.647352,On or near Knowles Street,E01024936,Chorley 010A,Anti-social behaviour,,
,2021-06,Lancashire Constabulary,Lancashire Constabulary,-2.634273,53.648729,On or near Gillibrand Walks,E01024936,Chorley 010A,Anti-social behaviour,,
,2021-06,Lancashire Constabulary,Lancashire Constabulary,-2.636989,53.649299,On or near Lawrence Road,E01024936,Chorley 010A,Anti-social behaviour,,
,2021-06,Lancashire Constabulary,Lancashire Constabulary,-2.636989,53.649299,On or near Lawrence Road,E01024936,Chorley 010A,Anti-social behaviour,,
,2021-06,Lancashire Constabulary,Lancashire Constabulary,-2.631931,53.650935,On or near Whalley Street,E01024936,Chorley 010A,Anti-social behaviour,,
,2021-06,Lancashire Constabulary,Lancashire Constabulary,-2.636989,53.649299,On or near Lawrence Road,E01024936,Chorley 010A,Anti-social behaviour,,
,2021-06,Lancashire Constabulary,Lancashire Constabulary,-2.631931,53.650935,On or near Whalley Street,E01024936,Chorley 010A,Anti-social behaviour,,
,2021-06,Lancashire Constabulary,Lancashire Constabulary,-2.632348,53.652532,On or near Market Street,E01024936,Chorley 010A,Anti-social behaviour,,
,2021-06,Lancashire Constabulary,Lancashire Constabulary,-2.636989,53.649299,On or near Lawrence Road,E01024936,Chorley 010A,Anti-social behaviour,,
,2021-06,Lancashire Constabulary,Lancashire Constabulary,-2.634439,53.647695,On or near Lupton Street,E01024936,Chorley 010A,Anti-social behaviour,,
,2021-06,Lancashire Constabulary,Lancashire Constabulary,-2.632153,53.651662,On or near Parson'S Brow,E01024936,Chorley 010A,Anti-social behaviour,,
,2021-06,Lancashire Constabulary,Lancashire Constabulary,-2.631981,53.650287,On or near Cheapside,E01024936,Chorley 010A,Anti-social behaviour,,
,2021-06,Lancashire Constabulary,Lancashire Constabulary,-2.633615,53.653263,On or near Theatre/Concert Hall,E01024936,Chorley 010A,Anti-social behaviour,,
,2021-06,Lancashire Constabulary,Lancashire Constabulary,-2.632153,53.651662,On or near Parson'S Brow,E01024936,Chorley 010A,Anti-social behaviour,,
,2021-06,Lancashire Constabulary,Lancashire Constabulary,-2.635653,53.654016,On or near Woodville Road,E01024936,Chorley 010A,Anti-social behaviour,,
,2021-06,Lancashire Constabulary,Lancashire Constabulary,-2.633249,53.654128,On or near Mealhouse Lane,E01024936,Chorley 010A,Anti-social behaviour,,
,2021-06,Lancashire Constabulary,Lancashire Constabulary,-2.631931,53.650935,On or near Whalley Street,E01024936,Chorley 010A,Anti-social behaviour,,
,2021-06,Lancashire Constabulary,Lancashire Constabulary,-2.635347,53.648750,On or near Nelson Road,E01024936,Chorley 010A,Anti-social behaviour,,
1427ac1e8656129e55948a0a1eb394a783f949b9cd5ae928c73635be54811e84,2021-06,Lancashire Constabulary,Lancashire Constabulary,-2.632395,53.649629,On or near Parking Area,E01024936,Chorley 010A,Burglary,Status update unavailable,
9357e9398066e93c7806e5d3d7cdf14a67d157da2e84dc4461377fad004e7c45,2021-06,Lancashire Constabulary,Lancashire Constabulary,-2.636994,53.648580,On or near Trinity Road,E01024936,Chorley 010A,Criminal damage and arson,Investigation complete; no suspect identified,
be21a35a69c1620e924d26d9371f4779090be62498a3b4df2add54e3820a4d3a,2021-06,Lancashire Constabulary,Lancashire Constabulary,-2.633127,53.651000,On or near Peel Street,E01024936,Chorley 010A,Criminal damage and arson,Unable to prosecute suspect,
c7468ca682d1e3083a079118eea63f9f3fd3a00a09cf1e5e3603e627f44b9c7b,2021-06,Lancashire Constabulary,Lancashire Constabulary,-2.632687,53.651946,On or near West Street,E01024936,Chorley 010A,Criminal damage and arson,Investigation complete; no suspect identified,
c1eb2e37b9736d3a8c14632bf84fda2a10e8eeb520f0afd1d8fa955af32e708e,2021-06,Lancashire Constabulary,Lancashire Constabulary,-2.632153,53.651662,On or near Parson'S Brow,E01024936,Chorley 010A,Criminal damage and arson,Investigation complete; no suspect identified,
48a4993fe891993a07ef000dbb6d9f3e8b539d6d8bc707155ac94896b07bddc5,2021-06,Lancashire Constabulary,Lancashire Constabulary,-2.636309,53.653329,On or near West Bank,E01024936,Chorley 010A,Drugs,Status update unavailable,
a50778376c79a5111e3b5860b7804e5980d127a7f71de3092117876390ab48cd,2021-06,Lancashire Constabulary,Lancashire Constabulary,-2.632395,53.649629,On or near Parking Area,E01024936,Chorley 010A,Other theft,Investigation complete; no suspect identified,
87b257a387d4a2f7f5b2534429771c51cc518d6b3513952da5f2f2da212a277a,2021-06,Lancashire Constabulary,Lancashire Constabulary,-2.634248,53.648118,On or near Rawcliffe Road,E01024936,Chorley 010A,Other theft,Further investigation is not in the public interest,
78988faf3e87a27a6ac8586612f925e3adb229128ee60715b39624c57d4e9e1b,2021-06,Lancashire Constabulary,Lancashire Constabulary,-2.634439,53.647695,On or near Lupton Street,E01024936,Chorley 010A,Other theft,Investigation complete; no suspect identified,
2fd601f6990fcbfa4a26c49298ac4a6b3775767292a0d82afeb07da829e3df41,2021-06,Lancashire Constabulary,Lancashire Constabulary,-2.635035,53.654118,On or near Crown Street,E01024936,Chorley 010A,Public order,Unable to prosecute suspect,
f37bbdf2e5880b8d75ab76a257f847f5db10a137a08ec1ed521804733996a529,2021-06,Lancashire Constabulary,Lancashire Constabulary,-2.631931,53.650935,On or near Whalley Street,E01024936,Chorley 010A,Public order,Unable to prosecute suspect,
01cb151a03283837117f5b207fc8fc920b1403fc387094440431f8d1cad57de7,2021-06,Lancashire Constabulary,Lancashire Constabulary,-2.633127,53.651000,On or near Peel Street,E01024936,Chorley 010A,Public order,Unable to prosecute suspect,
3d51e0a19dd6bc51760a38ec633d39aa665e338286a993441a0fb221169e2e1a,2021-06,Lancashire Constabulary,Lancashire Constabulary,-2.636989,53.649299,On or near Lawrence Road,E01024936,Chorley 010A,Violence and sexual offences,Unable to prosecute suspect,
31260672161f50d3e3c79cca8dd01676fa9a388bf9ed1f3627c80fea38f21f7a,2021-06,Lancashire Constabulary,Lancashire Constabulary,-2.631981,53.650287,On or near Cheapside,E01024936,Chorley 010A,Violence and sexual offences,Unable to prosecute suspect,
ad471edef9be903c20e4ff7c84bd329d226587beeaed8b32671635b07a14bc37,2021-06,Lancashire Constabulary,Lancashire Constabulary,-2.634706,53.647352,On or near Knowles Street,E01024936,Chorley 010A,Violence and sexual offences,Unable to prosecute suspect,
030d9beaf6a84c40da3d71df4a64f77a4862011020c7dae20544f28e998255e8,2021-06,Lancashire Constabulary,Lancashire Constabulary,-2.632153,53.651662,On or near Parson'S Brow,E01024936,Chorley 010A,Violence and sexual offences,Unable to prosecute suspect,
963050b53de9398e77aad4f07cd08605945b7d396dcfb36557e948a5918af012,2021-06,Lancashire Constabulary,Lancashire Constabulary,-2.636989,53.649299,On or near Lawrence Road,E01024936,Chorley 010A,Violence and sexual offences,Unable to prosecute suspect,
af96faed08f125a4b7ca4f27b6ea3f167f30a20f01518bcf29ca279be1e2d0ca,2021-06,Lancashire Constabulary,Lancashire Constabulary,-2.631981,53.650287,On or near Cheapside,E01024936,Chorley 010A,Violence and sexual offences,Further investigation is not in the public interest,
c78fbd4bac6a9c7a86dc757f228441292ebdd04f3825362c78c31f9e10345faa,2021-06,Lancashire Constabulary,Lancashire Constabulary,-2.635594,53.650043,On or near Hamilton Road,E01024936,Chorley 010A,Violence and sexual offences,Unable to prosecute suspect,
7c048e184a79358d3daef56ecb63114c0f910e7ecae0c78a81390dcbabfa0924,2021-06,Lancashire Constabulary,Lancashire Constabulary,-2.633631,53.651357,On or near Gillibrand Street,E01024936,Chorley 010A,Violence and sexual offences,Investigation complete; no suspect identified,
,2021-06,Lancashire Constabulary,Lancashire Constabulary,-2.632465,53.644209,On or near Harrison Road,E01024938,Chorley 010B,Anti-social behaviour,,
,2021-06,Lancashire Constabulary,Lancashire Constabulary,-2.632465,53.644209,On or near Harrison Road,E01024938,Chorley 010B,Anti-social behaviour,,
,2021-06,Lancashire Constabulary,Lancashire Constabulary,-2.632465,53.644209,On or near Harrison Road,E01024938,Chorley 010B,Anti-social behaviour,,
,2021-06,Lancashire Constabulary,Lancashire Constabulary,-2.632465,53.644209,On or near Harrison Road,E01024938,Chorley 010B,Anti-social behaviour,,
,2021-06,Lancashire Constabulary,Lancashire Constabulary,-2.628676,53.642692,On or near Sandgate,E01024938,Chorley 010B,Anti-social behaviour,,
,2021-06,Lancashire Constabulary,Lancashire Constabulary,-2.630300,53.640040,On or near Kingsmead,E01024938,Chorley 010B,Anti-social behaviour,,
,2021-06,Lancashire Constabulary,Lancashire Constabulary,-2.632465,53.644209,On or near Harrison Road,E01024938,Chorley 010B,Anti-social behaviour,,
,2021-06,Lancashire Constabulary,Lancashire Constabulary,-2.632592,53.642572,On or near Ash Grove,E01024938,Chorley 010B,Anti-social behaviour,,
,2021-06,Lancashire Constabulary,Lancashire Constabulary,-2.628676,53.642692,On or near Sandgate,E01024938,Chorley 010B,Anti-social behaviour,,
,2021-06,Lancashire Constabulary,Lancashire Constabulary,-2.630300,53.640040,On or near Kingsmead,E01024938,Chorley 010B,Anti-social behaviour,,
,2021-06,Lancashire Constabulary,Lancashire Constabulary,-2.632465,53.644209,On or near Harrison Road,E01024938,Chorley 010B,Anti-social behaviour,,
aeb4c061ead141df8f70ddad9fb34531beba579a43d233e7e22fcd913bf59948,2021-06,Lancashire Constabulary,Lancashire Constabulary,-2.632465,53.644209,On or near Harrison Road,E01024938,Chorley 010B,Burglary,Status update unavailable,
fb1c125b9603b52dd982e8e57d3e8dc59a424e9b37c65780b527eb10e0242540,2021-06,Lancashire Constabulary,Lancashire Constabulary,-2.631542,53.641148,On or near Weld Avenue,E01024938,Chorley 010B,Criminal damage and arson,Investigation complete; no suspect identified,
9ea7cff802fbfe408682a82f5b9b685463ba15e0a6faa419168a2eb678605d77,2021-06,Lancashire Constabulary,Lancashire Constabulary,-2.629138,53.641215,On or near Lighthurst Lane,E01024938,Chorley 010B,Criminal damage and arson,Investigation complete; no suspect identified,
9380f6899709e50609faf30ef46609484e2f7dfa3fd23cc434668c83a8678569,2021-06,Lancashire Constabulary,Lancashire Constabulary,-2.623751,53.642079,On or near Melrose Way,E01024938,Chorley 010B,Violence and sexual offences,Unable to prosecute suspect,
bac138ba29df00bb19b94fa7fc064afdf52fc2a07a4e5afe748ae2413b9f4031,2021-06,Lancashire Constabulary,Lancashire Constabulary,-2.634180,53.641530,On or near Weldbank Lane,E01024938,Chorley 010B,Violence and sexual offences,Further investigation is not in the public interest,
18ae42e93f24ab2cabc76f1fd4b2d520e048621df321fbb96efd9aace77f02fb,2021-06,Lancashire Constabulary,Lancashire Constabulary,-2.633079,53.640745,On or near Weldbank Street,E01024938,Chorley 010B,Violence and sexual offences,Unable to prosecute suspect,
2088288b2a321764a374d47cb3aa5c23399d83170cc3c8d0ac17f265ecc3e1ea,2021-06,Lancashire Constabulary,Lancashire Constabulary,-2.632465,53.644209,On or near Harrison Road,E01024938,Chorley 010B,Other crime,Unable to prosecute suspect,
624a79992d4d40f1afffe1c380d85ce37c866244b23f285421986dc6f4314020,2021-06,Lancashire Constabulary,Lancashire Constabulary,-2.632465,53.644209,On or near Harrison Road,E01024938,Chorley 010B,Other crime,Further investigation is not in the public interest,
,2021-06,Lancashire Constabulary,Lancashire Constabulary,-2.617008,53.639211,On or near Springwood Drive,E01024939,Chorley 010C,Anti-social behaviour,,
,2021-06,Lancashire Constabulary,Lancashire Constabulary,-2.619729,53.644239,On or near Yarrow Gate,E01024939,Chorley 010C,Anti-social behaviour,,
,2021-06,Lancashire Constabulary,Lancashire Constabulary,-2.617008,53.639211,On or near Springwood Drive,E01024939,Chorley 010C,Anti-social behaviour,,
5dcbf4619bf3c1e545086b9bae32f89a77adf143a7c0d2bf3f99eec590c964cc,2021-06,Lancashire Constabulary,Lancashire Constabulary,-2.628146,53.638560,On or near The Bowers,E01024939,Chorley 010C,Criminal damage and arson,Unable to prosecute suspect,
53bbe07c1d9ffb07da430a05d1920df646ff375643c1220f6ac7062a6f02d8f5,2021-06,Lancashire Constabulary,Lancashire Constabulary,-2.619108,53.633852,On or near Duxbury Hall Road,E01024939,Chorley 010C,Criminal damage and arson,Investigation complete; no suspect identified,
,2021-06,Lancashire Constabulary,Lancashire Constabulary,-2.631503,53.653696,On or near High Street,E01024940,Chorley 010D,Anti-social behaviour,,
,2021-06,Lancashire Constabulary,Lancashire Constabulary,-2.630069,53.647835,On or near Gin Bow,E01024940,Chorley 010D,Anti-social behaviour,,
,2021-06,Lancashire Constabulary,Lancashire Constabulary,-2.630069,53.647835,On or near Gin Bow,E01024940,Chorley 010D,Anti-social behaviour,,
,2021-06,Lancashire Constabulary,Lancashire Constabulary,-2.626491,53.645310,On or near Poplar Street,E01024940,Chorley 010D,Anti-social behaviour,,
,2021-06,Lancashire Constabulary,Lancashire Constabulary,-2.627306,53.647193,On or near Bolton Street,E01024940,Chorley 010D,Anti-social behaviour,,
,2021-06,Lancashire Constabulary,Lancashire Constabulary,-2.628448,53.655852,On or near Arley Street,E01024940,Chorley 010D,Anti-social behaviour,,
,2021-06,Lancashire Constabulary,Lancashire Constabulary,-2.627584,53.650625,On or near Clarence Street,E01024940,Chorley 010D,Anti-social behaviour,,
,2021-06,Lancashire Constabulary,Lancashire Constabulary,-2.626331,53.647746,On or near King Street,E01024940,Chorley 010D,Anti-social behaviour,,
,2021-06,Lancashire Constabulary,Lancashire Constabulary,-2.625767,53.648495,On or near Supermarket,E01024940,Chorley 010D,Anti-social behaviour,,
,2021-06,Lancashire Constabulary,Lancashire Constabulary,-2.629067,53.653736,On or near Supermarket,E01024940,Chorley 010D,Anti-social behaviour,,
,2021-06,Lancashire Constabulary,Lancashire Constabulary,-2.625897,53.647066,On or near Princess Street,E01024940,Chorley 010D,Anti-social behaviour,,
,2021-06,Lancashire Constabulary,Lancashire Constabulary,-2.630069,53.647835,On or near Gin Bow,E01024940,Chorley 010D,Anti-social behaviour,,
,2021-06,Lancashire Constabulary,Lancashire Constabulary,-2.630402,53.653927,On or near New Market Street,E01024940,Chorley 010D,Anti-social behaviour,,
,2021-06,Lancashire Constabulary,Lancashire Constabulary,-2.630069,53.647835,On or near Gin Bow,E01024940,Chorley 010D,Anti-social behaviour,,
,2021-06,Lancashire Constabulary,Lancashire Constabulary,-2.628293,53.648428,On or near Beacon Street,E01024940,Chorley 010D,Anti-social behaviour,,
,2021-06,Lancashire Constabulary,Lancashire Constabulary,-2.628277,53.652437,On or near Chapel Street,E01024940,Chorley 010D,Anti-social behaviour,,
,2021-06,Lancashire Constabulary,Lancashire Constabulary,-2.629818,53.652339,On or near Church Street,E01024940,Chorley 010D,Anti-social behaviour,,
,2021-06,Lancashire Constabulary,Lancashire Constabulary,-2.628478,53.648697,On or near Burlington Street,E01024940,Chorley 010D,Anti-social behaviour,,
,2021-06,Lancashire Constabulary,Lancashire Constabulary,-2.627127,53.651463,On or near Railway Street,E01024940,Chorley 010D,Anti-social behaviour,,
,2021-06,Lancashire Constabulary,Lancashire Constabulary,-2.630402,53.653927,On or near New Market Street,E01024940,Chorley 010D,Anti-social behaviour,,
,2021-06,Lancashire Constabulary,Lancashire Constabulary,-2.629770,53.654164,On or near Parking Area,E01024940,Chorley 010D,Anti-social behaviour,,
,2021-06,Lancashire Constabulary,Lancashire Constabulary,-2.630069,53.647835,On or near Gin Bow,E01024940,Chorley 010D,Anti-social behaviour,,
,2021-06,Lancashire Constabulary,Lancashire Constabulary,-2.632699,53.647713,On or near Silvester Road,E01024940,Chorley 010D,Anti-social behaviour,,
,2021-06,Lancashire Constabulary,Lancashire Constabulary,-2.625421,53.645540,On or near Grime Street,E01024940,Chorley 010D,Anti-social behaviour,,
,2021-06,Lancashire Constabulary,Lancashire Constabulary,-2.632376,53.648326,On or near Shaw Hill Street,E01024940,Chorley 010D,Anti-social behaviour,,
,2021-06,Lancashire Constabulary,Lancashire Constabulary,-2.631503,53.653696,On or near High Street,E01024940,Chorley 010D,Anti-social behaviour,,
,2021-06,Lancashire Constabulary,Lancashire Constabulary,-2.632699,53.647713,On or near Silvester Road,E01024940,Chorley 010D,Anti-social behaviour,,
,2021-06,Lancashire Constabulary,Lancashire Constabulary,-2.630069,53.647835,On or near Gin Bow,E01024940,Chorley 010D,Anti-social behaviour,,
,2021-06,Lancashire Constabulary,Lancashire Constabulary,-2.631503,53.653696,On or near High Street,E01024940,Chorley 010D,Anti-social behaviour,,
,2021-06,Lancashire Constabulary,Lancashire Constabulary,-2.630069,53.647835,On or near Gin Bow,E01024940,Chorley 010D,Anti-social behaviour,,
,2021-06,Lancashire Constabulary,Lancashire Constabulary,-2.630069,53.647835,On or near Gin Bow,E01024940,Chorley 010D,Anti-social behaviour,,
,2021-06,Lancashire Constabulary,Lancashire Constabulary,-2.630554,53.655014,On or near Fellery Street,E01024940,Chorley 010D,Anti-social behaviour,,
,2021-06,Lancashire Constabulary,Lancashire Constabulary,-2.629818,53.652339,On or near Church Street,E01024940,Chorley 010D,Anti-social behaviour,,
,2021-06,Lancashire Constabulary,Lancashire Constabulary,-2.630069,53.647835,On or near Gin Bow,E01024940,Chorley 010D,Anti-social behaviour,,
,2021-06,Lancashire Constabulary,Lancashire Constabulary,-2.632376,53.648326,On or near Shaw Hill Street,E01024940,Chorley 010D,Anti-social behaviour,,
,2021-06,Lancashire Constabulary,Lancashire Constabulary,-2.630069,53.647835,On or near Gin Bow,E01024940,Chorley 010D,Anti-social behaviour,,
,2021-06,Lancashire Constabulary,Lancashire Constabulary,-2.631503,53.653696,On or near High Street,E01024940,Chorley 010D,Anti-social behaviour,,
,2021-06,Lancashire Constabulary,Lancashire Constabulary,-2.629770,53.654164,On or near Parking Area,E01024940,Chorley 010D,Anti-social behaviour,,
,2021-06,Lancashire Constabulary,Lancashire Constabulary,-2.627584,53.650625,On or near Clarence Street,E01024940,Chorley 010D,Anti-social behaviour,,
,2021-06,Lancashire Constabulary,Lancashire Constabulary,-2.630402,53.653927,On or near New Market Street,E01024940,Chorley 010D,Anti-social behaviour,,
,2021-06,Lancashire Constabulary,Lancashire Constabulary,-2.628478,53.648697,On or near Burlington Street,E01024940,Chorley 010D,Anti-social behaviour,,
,2021-06,Lancashire Constabulary,Lancashire Constabulary,-2.628277,53.652437,On or near Chapel Street,E01024940,Chorley 010D,Anti-social behaviour,,
,2021-06,Lancashire Constabulary,Lancashire Constabulary,-2.625767,53.648495,On or near Supermarket,E01024940,Chorley 010D,Anti-social behaviour,,
,2021-06,Lancashire Constabulary,Lancashire Constabulary,-2.628277,53.652437,On or near Chapel Street,E01024940,Chorley 010D,Anti-social behaviour,,
,2021-06,Lancashire Constabulary,Lancashire Constabulary,-2.632376,53.648326,On or near Shaw Hill Street,E01024940,Chorley 010D,Anti-social behaviour,,
,2021-06,Lancashire Constabulary,Lancashire Constabulary,-2.630980,53.652108,On or near St George'S Street,E01024940,Chorley 010D,Anti-social behaviour,,
35363e2aa5b91aefe8a86335757f4557ddddf00e0d4a70be721202fe5fb35646,2021-06,Lancashire Constabulary,Lancashire Constabulary,-2.626046,53.645851,On or near Goulding Street,E01024940,Chorley 010D,Burglary,Status update unavailable,
de106d8510acef45f8ac4b3513032f66655627c9a9831e105492231ac53f78f8,2021-06,Lancashire Constabulary,Lancashire Constabulary,-2.626046,53.645851,On or near Goulding Street,E01024940,Chorley 010D,Criminal damage and arson,Unable to prosecute suspect,
e7e81bf706296a5b5079107ce02c3a3faf3de948c2829103729bdbed6bf52189,2021-06,Lancashire Constabulary,Lancashire Constabulary,-2.630980,53.652108,On or near St George'S Street,E01024940,Chorley 010D,Criminal damage and arson,Status update unavailable,
085c80e6f99c6b0112cabd88726cdfa0bccb6fb15db215ef12e2add9f5493252,2021-06,Lancashire Constabulary,Lancashire Constabulary,-2.629067,53.653736,On or near Supermarket,E01024940,Chorley 010D,Criminal damage and arson,Investigation complete; no suspect identified,
2ca690b163fd8d035c2ce35d6e2ada152696cd36c9e38f05f8ad3f539687704f,2021-06,Lancashire Constabulary,Lancashire Constabulary,-2.630980,53.652108,On or near St George'S Street,E01024940,Chorley 010D,Criminal damage and arson,Investigation complete; no suspect identified,
196b62640c8da59db548754e78c24d90fa0807dcedb7b632946f772f26c5e972,2021-06,Lancashire Constabulary,Lancashire Constabulary,-2.625752,53.648495,On or near Petrol Station,E01024940,Chorley 010D,Criminal damage and arson,Investigation complete; no suspect identified,
4f766ac27595ceb7c7f6995564a189c43862baa78f7c404e77d88ea44f5f3a84,2021-06,Lancashire Constabulary,Lancashire Constabulary,-2.631503,53.653696,On or near High Street,E01024940,Chorley 010D,Criminal damage and arson,Status update unavailable,
903bcf7b1529b3fc830565c3f7530a0b2ab59977714d183203946e142f2c041c,2021-06,Lancashire Constabulary,Lancashire Constabulary,-2.630980,53.652108,On or near St George'S Street,E01024940,Chorley 010D,Criminal damage and arson,Status update unavailable,
2772fc850f2438d3335410a25c61af0766174faad4fcd831abce4ae67727ca78,2021-06,Lancashire Constabulary,Lancashire Constabulary,-2.629067,53.653736,On or near Supermarket,E01024940,Chorley 010D,Other theft,Unable to prosecute suspect,
03b3e4883b81e35d913e8ef245b50c5d108aceb3d1b63255e5795e9af8579211,2021-06,Lancashire Constabulary,Lancashire Constabulary,-2.625752,53.648495,On or near Petrol Station,E01024940,Chorley 010D,Other theft,Status update unavailable,
4e38b26c4518a6455b68447048fb9c005ba08bfd4e5e7d945ec98b5bb53c97fa,2021-06,Lancashire Constabulary,Lancashire Constabulary,-2.625752,53.648495,On or near Petrol Station,E01024940,Chorley 010D,Other theft,Investigation complete; no suspect identified,
cdf6373f6e66ede8db929745f4692eb07a8f6a8020d29850ad251916282b4ccb,2021-06,Lancashire Constabulary,Lancashire Constabulary,-2.631503,53.653696,On or near High Street,E01024940,Chorley 010D,Other theft,Investigation complete; no suspect identified,
aab0f2d1a94218b7d12ed235e78b3c1e19bfa84cdeb5d71e3279ea2c587c8dc8,2021-06,Lancashire Constabulary,Lancashire Constabulary,-2.625752,53.648495,On or near Petrol Station,E01024940,Chorley 010D,Other theft,Status update unavailable,
92e13930ccfaa721fe81718ad6802120ec68501c43f636ef4a167efe63b33526,2021-06,Lancashire Constabulary,Lancashire Constabulary,-2.630069,53.647835,On or near Gin Bow,E01024940,Chorley 010D,Other theft,Investigation complete; no suspect identified,
fcbef5467317aa9690e7285dc69de2f4e2a3ae9e6f797eb82f5eb0a8435f94f6,2021-06,Lancashire Constabulary,Lancashire Constabulary,-2.629067,53.653736,On or near Supermarket,E01024940,Chorley 010D,Other theft,Status update unavailable,
b45be96a04909f0b43b7a4c499b5a60c02f2abc92f5ec0650ea16b7f635b7caa,2021-06,Lancashire Constabulary,Lancashire Constabulary,-2.628268,53.650837,On or near Salisbury Street,E01024940,Chorley 010D,Possession of weapons,Status update unavailable,
56694dc518da3a191457b4b552b878e0f34346ee6502cd49492fc74d6aede49b,2021-06,Lancashire Constabulary,Lancashire Constabulary,-2.630069,53.647835,On or near Gin Bow,E01024940,Chorley 010D,Public order,Unable to prosecute suspect,
446d2a9246405fa3f1e261c69993028f89b01649e2f3c99ca02f204eefec690e,2021-06,Lancashire Constabulary,Lancashire Constabulary,-2.628268,53.650837,On or near Salisbury Street,E01024940,Chorley 010D,Public order,Further investigation is not in the public interest,
c3252beb63af32dec0f713b4d2e1dc7a7eb5c97cf93f20775b2abc8735a2b4cc,2021-06,Lancashire Constabulary,Lancashire Constabulary,-2.632376,53.648326,On or near Shaw Hill Street,E01024940,Chorley 010D,Public order,Unable to prosecute suspect,
8144b12111e898ac9ab884f4996cfc786a89525d9063243aa9db8bc7599cae71,2021-06,Lancashire Constabulary,Lancashire Constabulary,-2.627584,53.650625,On or near Clarence Street,E01024940,Chorley 010D,Public order,Status update unavailable,
e4a2b06d96f1a4edb114df38399a31a4917af4396310596c0e728af09246b169,2021-06,Lancashire Constabulary,Lancashire Constabulary,-2.630069,53.647835,On or near Gin Bow,E01024940,Chorley 010D,Shoplifting,Investigation complete; no suspect identified,
4e173f691c8d3a1d963388e0e3da27808b14ac743b544e379b3591e2450c17c6,2021-06,Lancashire Constabulary,Lancashire Constabulary,-2.630069,53.647835,On or near Gin Bow,E01024940,Chorley 010D,Shoplifting,Further action is not in the public interest,
b458b34afb3721c578892f64a24cc562a71b08d4b59c35f77d48d243a24fc173,2021-06,Lancashire Constabulary,Lancashire Constabulary,-2.629067,53.653736,On or near Supermarket,E01024940,Chorley 010D,Shoplifting,Unable to prosecute suspect,
1c3b665e24d8436f946af9e71fc81e56ab86dbbb2f39c0f4fe20ec220984fb7a,2021-06,Lancashire Constabulary,Lancashire Constabulary,-2.629067,53.653736,On or near Supermarket,E01024940,Chorley 010D,Shoplifting,Status update unavailable,
2aa775542433964209d40c51b05c417884f0efa39b8b09d422dfaeb0b1fc4e0a,2021-06,Lancashire Constabulary,Lancashire Constabulary,-2.630069,53.647835,On or near Gin Bow,E01024940,Chorley 010D,Shoplifting,Local resolution,
7ba82ae96366ce35b0e9cf63d775d69544780d6e5c2375be57bb31fec5b48ccc,2021-06,Lancashire Constabulary,Lancashire Constabulary,-2.630069,53.647835,On or near Gin Bow,E01024940,Chorley 010D,Shoplifting,Status update unavailable,
d49347b7a7c7a438300b35e01724f5e95e6643074f64ac12a560a5c8b38f4736,2021-06,Lancashire Constabulary,Lancashire Constabulary,-2.629067,53.653736,On or near Supermarket,E01024940,Chorley 010D,Shoplifting,Unable to prosecute suspect,
54a632438653714215c2cc9ce6d37fdf73aaec1cca37635168d89f51bd3f0c15,2021-06,Lancashire Constabulary,Lancashire Constabulary,-2.630069,53.647835,On or near Gin Bow,E01024940,Chorley 010D,Shoplifting,Status update unavailable,
ff51368eb30d6cfa7f39de77ff1a55331579e27e9f712ce917e3ca54a50a361f,2021-06,Lancashire Constabulary,Lancashire Constabulary,-2.630069,53.647835,On or near Gin Bow,E01024940,Chorley 010D,Shoplifting,Status update unavailable,
8dd236941944f65b7329d1fbe07f7496a35405fd24df2cd1e1f9c6de68c382d1,2021-06,Lancashire Constabulary,Lancashire Constabulary,-2.630069,53.647835,On or near Gin Bow,E01024940,Chorley 010D,Shoplifting,Status update unavailable,
9fb2ab47ff372af7a4583da92dbadada085dbec8f3a837436383937748cf10fd,2021-06,Lancashire Constabulary,Lancashire Constabulary,-2.630069,53.647835,On or near Gin Bow,E01024940,Chorley 010D,Shoplifting,Status update unavailable,
453d873ec361fb783964881cd0f72f5942d8100a2b2362f8f1e71f38616677b1,2021-06,Lancashire Constabulary,Lancashire Constabulary,-2.629770,53.654164,On or near Parking Area,E01024940,Chorley 010D,Shoplifting,Status update unavailable,
514463ad8af7a51a1890e5e6c934801df63265121d3ffde7e3f13048a04931a0,2021-06,Lancashire Constabulary,Lancashire Constabulary,-2.630402,53.653927,On or near New Market Street,E01024940,Chorley 010D,Shoplifting,Status update unavailable,
851369093e9dfbb0f464107da9cde03366b9dd5a4adb2bc3b79b6b34e622ce91,2021-06,Lancashire Constabulary,Lancashire Constabulary,-2.630069,53.647835,On or near Gin Bow,E01024940,Chorley 010D,Shoplifting,Status update unavailable,
59ef76430d77b6520150e99bf2534badfb8d75348efdfcf4caef6f290d4317f4,2021-06,Lancashire Constabulary,Lancashire Constabulary,-2.627759,53.654264,On or near Parking Area,E01024940,Chorley 010D,Vehicle crime,Investigation complete; no suspect identified,
713bd8717f948ca650854aa0b4e934966cd80d7dab59d78a50c7457fbc13b798,2021-06,Lancashire Constabulary,Lancashire Constabulary,-2.626491,53.645310,On or near Poplar Street,E01024940,Chorley 010D,Vehicle crime,Investigation complete; no suspect identified,
efa73e061cc9fc8b005e27725a6f6aa532a67194d91e436433b0740794e407e2,2021-06,Lancashire Constabulary,Lancashire Constabulary,-2.629334,53.651326,On or near Anderton Street,E01024940,Chorley 010D,Vehicle crime,Investigation complete; no suspect identified,
feaf8624c17eb43c41eaf6a657931962cab7ed19a4b501c78dc1e7cbfbfb0933,2021-06,Lancashire Constabulary,Lancashire Constabulary,-2.628268,53.650837,On or near Salisbury Street,E01024940,Chorley 010D,Violence and sexual offences,Unable to prosecute suspect,
9276c0d9c5ec81a58f408b17161bc381e6d2492e7c55d163fe3332276c1da9b1,2021-06,Lancashire Constabulary,Lancashire Constabulary,-2.631503,53.653696,On or near High Street,E01024940,Chorley 010D,Violence and sexual offences,Further investigation is not in the public interest,
216ac43a09111e1b4c8aedee4dc5d5f3395e385b1f25b83f69987b31af5d134f,2021-06,Lancashire Constabulary,Lancashire Constabulary,-2.632699,53.647713,On or near Silvester Road,E01024940,Chorley 010D,Violence and sexual offences,Status update unavailable,
cf7c018703f8c00abe213ef105f339d863af858a61adfdf2f76d46e985ad94a5,2021-06,Lancashire Constabulary,Lancashire Constabulary,-2.631503,53.653696,On or near High Street,E01024940,Chorley 010D,Violence and sexual offences,Unable to prosecute suspect,
8ddc540c4bf8da062dad83034e8058bebeae4ec815974e85c3d44f48861a3b5f,2021-06,Lancashire Constabulary,Lancashire Constabulary,-2.628277,53.652437,On or near Chapel Street,E01024940,Chorley 010D,Violence and sexual offences,Unable to prosecute suspect,
e6688a833654bc4594bcff773976652c158c02c36dced43bd5b5b0c544e0d6d0,2021-06,Lancashire Constabulary,Lancashire Constabulary,-2.630069,53.647835,On or near Gin Bow,E01024940,Chorley 010D,Violence and sexual offences,Investigation complete; no suspect identified,
c7b92246f9955e16758145d4d341846c165209c6d5c5d54293c8ceefe5792bdd,2021-06,Lancashire Constabulary,Lancashire Constabulary,-2.630402,53.653927,On or near New Market Street,E01024940,Chorley 010D,Violence and sexual offences,Unable to prosecute suspect,
ab7e263b54db6dee7f480c7450eeb931ca394423b2db0ef9973ad801ea5d5bfc,2021-06,Lancashire Constabulary,Lancashire Constabulary,-2.628478,53.648697,On or near Burlington Street,E01024940,Chorley 010D,Violence and sexual offences,Unable to prosecute suspect,
64910a49194fc8f5adc3369ad2a101574e302523e017bad2a2bb0edd38e6eb5f,2021-06,Lancashire Constabulary,Lancashire Constabulary,-2.630069,53.647835,On or near Gin Bow,E01024940,Chorley 010D,Violence and sexual offences,Status update unavailable,
963707d60af2269f496896748c8dae41fb791d4fd8d41b49a39ca67f8426e58f,2021-06,Lancashire Constabulary,Lancashire Constabulary,-2.629630,53.648862,On or near Bolton Street,E01024940,Chorley 010D,Violence and sexual offences,Unable to prosecute suspect,
9c0ab1e3da28748fc017fc388cef7c4540a25faf721e62879aa88a04c57e7b52,2021-06,Lancashire Constabulary,Lancashire Constabulary,-2.625767,53.648495,On or near Supermarket,E01024940,Chorley 010D,Other crime,Court result unavailable,
,2021-06,Lancashire Constabulary,Lancashire Constabulary,-2.634809,53.646129,On or near Norris Street,E01024941,Chorley 010E,Anti-social behaviour,,
,2021-06,Lancashire Constabulary,Lancashire Constabulary,-2.632616,53.645197,On or near Brindle Street,E01024941,Chorley 010E,Anti-social behaviour,,
,2021-06,Lancashire Constabulary,Lancashire Constabulary,-2.628926,53.647256,On or near Back Ashby Street,E01024941,Chorley 010E,Anti-social behaviour,,
,2021-06,Lancashire Constabulary,Lancashire Constabulary,-2.626884,53.644256,On or near Sumner Close,E01024941,Chorley 010E,Anti-social behaviour,,
,2021-06,Lancashire Constabulary,Lancashire Constabulary,-2.635567,53.644246,On or near Cotswold Road,E01024941,Chorley 010E,Anti-social behaviour,,
,2021-06,Lancashire Constabulary,Lancashire Constabulary,-2.635567,53.644246,On or near Cotswold Road,E01024941,Chorley 010E,Anti-social behaviour,,
,2021-06,Lancashire Constabulary,Lancashire Constabulary,-2.636315,53.642705,On or near Howard Road,E01024941,Chorley 010E,Anti-social behaviour,,
,2021-06,Lancashire Constabulary,Lancashire Constabulary,-2.635567,53.644246,On or near Cotswold Road,E01024941,Chorley 010E,Anti-social behaviour,,
,2021-06,Lancashire Constabulary,Lancashire Constabulary,-2.635567,53.644246,On or near Cotswold Road,E01024941,Chorley 010E,Anti-social behaviour,,
,2021-06,Lancashire Constabulary,Lancashire Constabulary,-2.635567,53.644246,On or near Cotswold Road,E01024941,Chorley 010E,Anti-social behaviour,,
,2021-06,Lancashire Constabulary,Lancashire Constabulary,-2.635567,53.644246,On or near Cotswold Road,E01024941,Chorley 010E,Anti-social behaviour,,
,2021-06,Lancashire Constabulary,Lancashire Constabulary,-2.634809,53.646129,On or near Norris Street,E01024941,Chorley 010E,Anti-social behaviour,,
,2021-06,Lancashire Constabulary,Lancashire Constabulary,-2.629263,53.645502,On or near Sports/Recreation Area,E01024941,Chorley 010E,Anti-social behaviour,,
,2021-06,Lancashire Constabulary,Lancashire Constabulary,-2.635567,53.644246,On or near Cotswold Road,E01024941,Chorley 010E,Anti-social behaviour,,
,2021-06,Lancashire Constabulary,Lancashire Constabulary,-2.635567,53.644246,On or near Cotswold Road,E01024941,Chorley 010E,Anti-social behaviour,,
16713673860780d936c66df6a7d4c654e3bf28a739454d159c7d5067b980ea69,2021-06,Lancashire Constabulary,Lancashire Constabulary,-2.630858,53.643921,On or near Tennyson Avenue,E01024941,Chorley 010E,Burglary,Investigation complete; no suspect identified,
4b6b9de3fa15e76f1ec88e96c928f328d082409a3d88527de3dd700b3f3df362,2021-06,Lancashire Constabulary,Lancashire Constabulary,-2.634809,53.646129,On or near Norris Street,E01024941,Chorley 010E,Criminal damage and arson,Offender given a caution,
c9db2cc7687f846161f9fe069863629152e21bca524ba2d63d943ada14437e95,2021-06,Lancashire Constabulary,Lancashire Constabulary,-2.629870,53.643629,On or near Lighthurst Avenue,E01024941,Chorley 010E,Criminal damage and arson,Investigation complete; no suspect identified,
15e73d034b099b1a8276a00380f793ab484c9d4c71ba8df81908f5d11a46165a,2021-06,Lancashire Constabulary,Lancashire Constabulary,-2.628926,53.647256,On or near Back Ashby Street,E01024941,Chorley 010E,Criminal damage and arson,Investigation complete; no suspect identified,
8cc967d221902960a31a896dfa078052bfb28c9d8173d9ca9534ec0a1e7f88db,2021-06,Lancashire Constabulary,Lancashire Constabulary,-2.629870,53.643629,On or near Lighthurst Avenue,E01024941,Chorley 010E,Criminal damage and arson,Investigation complete; no suspect identified,
e0bc7614997bde8436ea331a48e97a27c1493662e52c9705359e8cc106e9da2f,2021-06,Lancashire Constabulary,Lancashire Constabulary,-2.628926,53.647256,On or near Back Ashby Street,E01024941,Chorley 010E,Drugs,Offender given a caution,
d53382f49fbfa600722ba82aebb2a02dbf263bb3ff39debb83b2d3a593aa3ece,2021-06,Lancashire Constabulary,Lancashire Constabulary,-2.635567,53.644246,On or near Cotswold Road,E01024941,Chorley 010E,Other theft,Investigation complete; no suspect identified,
2f152605cc317e8da6565ec38796183aeff150e1dab0e2719aa6c064f39abbe1,2021-06,Lancashire Constabulary,Lancashire Constabulary,-2.635345,53.643573,On or near Gloucester Road,E01024941,Chorley 010E,Other theft,Status update unavailable,
177def04f467f5960c7316cb3aa2aa36faaff37303cd0d110bb0c127290ad865,2021-06,Lancashire Constabulary,Lancashire Constabulary,-2.634087,53.646420,On or near Richmond Court,E01024941,Chorley 010E,Public order,Unable to prosecute suspect,
220bb2201c492cc08cc86fcf735a8970b3ec036b8378ffe2a070f08279143a93,2021-06,Lancashire Constabulary,Lancashire Constabulary,-2.635567,53.644246,On or near Cotswold Road,E01024941,Chorley 010E,Public order,Unable to prosecute suspect,
25fe53ef58966b00c304d0f40961e8cba5ace5cb31d2795bee1413f7eb2191ca,2021-06,Lancashire Constabulary,Lancashire Constabulary,-2.636315,53.642705,On or near Howard Road,E01024941,Chorley 010E,Public order,Unable to prosecute suspect,
dc36e70b8127f60dcb56cf1a0d80878ce93aaaa06432ce1b9b59e1e2e02e89af,2021-06,Lancashire Constabulary,Lancashire Constabulary,-2.635345,53.643573,On or near Gloucester Road,E01024941,Chorley 010E,Public order,Court result unavailable,
0bd4a4057244c96034cba5efc76a170b3167e257dadde3f6af6e32e81286a7c1,2021-06,Lancashire Constabulary,Lancashire Constabulary,-2.628671,53.646386,On or near Ashby Street,E01024941,Chorley 010E,Vehicle crime,Investigation complete; no suspect identified,
ed2ddb3026b1a27b210b6e20176f06e9f68ab94eef91cd696705f7babc84f046,2021-06,Lancashire Constabulary,Lancashire Constabulary,-2.635345,53.643573,On or near Gloucester Road,E01024941,Chorley 010E,Violence and sexual offences,Unable to prosecute suspect,
70e6b2d43d4fe099e977535d12b6137d29e943570a74e3968ae3cc8032d5cf90,2021-06,Lancashire Constabulary,Lancashire Constabulary,-2.635345,53.643573,On or near Gloucester Road,E01024941,Chorley 010E,Violence and sexual offences,Unable to prosecute suspect,
68faaaa233a70e269ea9ce5329a6dc7395e36ece70dfecfc666713d4cc59d3fb,2021-06,Lancashire Constabulary,Lancashire Constabulary,-2.635345,53.643573,On or near Gloucester Road,E01024941,Chorley 010E,Violence and sexual offences,Unable to prosecute suspect,
a2d5b502d885eb5c30c87206d58b8565d0dd2f9409aa1e1d74017b40ff41c469,2021-06,Lancashire Constabulary,Lancashire Constabulary,-2.635567,53.644246,On or near Cotswold Road,E01024941,Chorley 010E,Violence and sexual offences,Unable to prosecute suspect,
c6ba5fa3e0e5686f7474cd5e0fcc8b94453830bb0a242e34ef4945b53d9bad40,2021-06,Lancashire Constabulary,Lancashire Constabulary,-2.627103,53.646754,On or near Petrol Station,E01024941,Chorley 010E,Violence and sexual offences,Unable to prosecute suspect,
c4c24863b2b225fa338b35c361229e352dee7f26873b0fd375d2c0c7d129e022,2021-06,Lancashire Constabulary,Lancashire Constabulary,-2.626985,53.644966,On or near Smith Street,E01024941,Chorley 010E,Violence and sexual offences,Unable to prosecute suspect,
93dad5fd87b004e9302f0af8c17f886a6f7d34cb861091e999a763f895a19bf6,2021-06,Lancashire Constabulary,Lancashire Constabulary,-2.626884,53.644256,On or near Sumner Close,E01024941,Chorley 010E,Violence and sexual offences,Investigation complete; no suspect identified,
363ba2e16ce15bc469adbefcce107f6d34c2cc6baf7ff0b70766809ddbb87635,2021-06,Lancashire Constabulary,Lancashire Constabulary,-2.635567,53.644246,On or near Cotswold Road,E01024941,Chorley 010E,Violence and sexual offences,Unable to prosecute suspect,
66d3aa4e9c5f6e86f093fd45730019dcaff4c08d4981e9dc417a77f703761d52,2021-06,Lancashire Constabulary,Lancashire Constabulary,-2.627103,53.646754,On or near Petrol Station,E01024941,Chorley 010E,Violence and sexual offences,Unable to prosecute suspect,
13c59e8e275a8aebee455766f615ae048cde8833dd397e56d76ef4224a3203c7,2021-06,Lancashire Constabulary,Lancashire Constabulary,-2.628671,53.646386,On or near Ashby Street,E01024941,Chorley 010E,Violence and sexual offences,Investigation complete; no suspect identified,
,2021-06,Lancashire Constabulary,Lancashire Constabulary,-2.669955,53.635942,On or near Church Lane,E01024923,Chorley 011A,Anti-social behaviour,,
,2021-06,Lancashire Constabulary,Lancashire Constabulary,-2.694438,53.636719,On or near Parking Area,E01024923,Chorley 011A,Anti-social behaviour,,
538a1d61030b367cfc35f5a12f9a608b6f1a9b258915cd8af0d2e20a0ce4caf7,2021-06,Lancashire Constabulary,Lancashire Constabulary,-2.678114,53.639276,On or near Preston Road,E01024923,Chorley 011A,Drugs,Court result unavailable,
922be334b1554c34c7e5f281dedc6090658157aef5eed8e4505876ea2d35be4e,2021-06,Lancashire Constabulary,Lancashire Constabulary,-2.678114,53.639276,On or near Preston Road,E01024923,Chorley 011A,Vehicle crime,Offender given a caution,
bbe3aa8ddf1a2c94218c51434355fc7d9fc014c6be029e315a8e9b543c3757b0,2021-06,Lancashire Constabulary,Lancashire Constabulary,-2.693849,53.634943,On or near Parking Area,E01024923,Chorley 011A,Violence and sexual offences,Unable to prosecute suspect,
,2021-06,Lancashire Constabulary,Lancashire Constabulary,-2.667236,53.636155,On or near Meadowlands,E01024924,Chorley 011B,Anti-social behaviour,,
,2021-06,Lancashire Constabulary,Lancashire Constabulary,-2.692006,53.631385,On or near Motorway Service Area,E01024924,Chorley 011B,Anti-social behaviour,,
,2021-06,Lancashire Constabulary,Lancashire Constabulary,-2.679985,53.624857,On or near The Foxwood,E01024924,Chorley 011B,Anti-social behaviour,,
,2021-06,Lancashire Constabulary,Lancashire Constabulary,-2.685886,53.626081,On or near Croston Lane,E01024924,Chorley 011B,Anti-social behaviour,,
,2021-06,Lancashire Constabulary,Lancashire Constabulary,-2.679985,53.624857,On or near The Foxwood,E01024924,Chorley 011B,Anti-social behaviour,,
,2021-06,Lancashire Constabulary,Lancashire Constabulary,-2.662770,53.635883,On or near Church Fold,E01024924,Chorley 011B,Anti-social behaviour,,
a5e67b400289197a7ca810013eb496848363edf73e410a4183d7c86b65a62536,2021-06,Lancashire Constabulary,Lancashire Constabulary,-2.692006,53.631385,On or near Motorway Service Area,E01024924,Chorley 011B,Other theft,Investigation complete; no suspect identified,
e4b19df86438221738dba2921a2dbbf50f4078c34f182118ece56f7366e0032a,2021-06,Lancashire Constabulary,Lancashire Constabulary,-2.666285,53.635342,On or near Nursery Close,E01024924,Chorley 011B,Public order,Further investigation is not in the public interest,
b7ee281ca326480b649909a014c4fcba017844687270cc66ae77f09d55227ba8,2021-06,Lancashire Constabulary,Lancashire Constabulary,-2.679985,53.624857,On or near The Foxwood,E01024924,Chorley 011B,Public order,Unable to prosecute suspect,
69cebce56fd7c752ae8589b4a9d846077f2750396d9ae4170bc87341620b91f6,2021-06,Lancashire Constabulary,Lancashire Constabulary,-2.692006,53.631385,On or near Motorway Service Area,E01024924,Chorley 011B,Vehicle crime,Status update unavailable,
db7064901460dc4eb571cd7d611cbeb76b7e6a0f2a5ac6f6623e62e004a7cdc2,2021-06,Lancashire Constabulary,Lancashire Constabulary,-2.662770,53.635883,On or near Church Fold,E01024924,Chorley 011B,Violence and sexual offences,Unable to prosecute suspect,
03ab5d4ee0369f8acde528553381110ab95050f29d5f8f5657c20507cdbcb33c,2021-06,Lancashire Constabulary,Lancashire Constabulary,-2.692594,53.631247,On or near Petrol Station,E01024924,Chorley 011B,Other crime,Status update unavailable,
,2021-06,Lancashire Constabulary,Lancashire Constabulary,-2.726197,53.648099,On or near Supermarket,E01024963,Chorley 011C,Anti-social behaviour,,
,2021-06,Lancashire Constabulary,Lancashire Constabulary,-2.730858,53.649904,On or near Towngate,E01024963,Chorley 011C,Anti-social behaviour,,
,2021-06,Lancashire Constabulary,Lancashire Constabulary,-2.730858,53.649904,On or near Towngate,E01024963,Chorley 011C,Anti-social behaviour,,
,2021-06,Lancashire Constabulary,Lancashire Constabulary,-2.726197,53.648099,On or near Supermarket,E01024963,Chorley 011C,Anti-social behaviour,,
1fc2a8779be73e6a9dccc2ba1c97f7b87df68f480069eae8680560c27b4fdc96,2021-06,Lancashire Constabulary,Lancashire Constabulary,-2.726197,53.648099,On or near Supermarket,E01024963,Chorley 011C,Bicycle theft,Investigation complete; no suspect identified,
7f064692427c22b4700141ab50ee7950ce60eb122351fbe93e78c1a010e92cad,2021-06,Lancashire Constabulary,Lancashire Constabulary,-2.725202,53.646514,On or near Petrol Station,E01024963,Chorley 011C,Other theft,Investigation complete; no suspect identified,
15c3d2e924a3b5a463fe6b399eb67f7954aa36dcb90d6b6337e1f7dcccd63086,2021-06,Lancashire Constabulary,Lancashire Constabulary,-2.728261,53.648473,On or near Greenway,E01024963,Chorley 011C,Violence and sexual offences,Unable to prosecute suspect,
a63ac30c6bbf1f3185902fa53130250a6dd2db3dc9a36fec34ec73c8ffde2f24,2021-06,Lancashire Constabulary,Lancashire Constabulary,-2.725202,53.646514,On or near Petrol Station,E01024963,Chorley 011C,Violence and sexual offences,Unable to prosecute suspect,
,2021-06,Lancashire Constabulary,Lancashire Constabulary,-2.724808,53.662336,On or near Leyland Lane,E01024965,Chorley 011D,Anti-social behaviour,,
c47362389149c898c2b21d4c1e56d55e8740b46050308af037a7a9d99b716fe7,2021-06,Lancashire Constabulary,Lancashire Constabulary,-2.723386,53.650021,On or near Woodcock Fold,E01024965,Chorley 011D,Criminal damage and arson,Investigation complete; no suspect identified,
2f85098726e6837f4cca27183bc0cced4ba479c9d2bc59beacc44816f9ea90cc,2021-06,Lancashire Constabulary,Lancashire Constabulary,-2.724808,53.662336,On or near Leyland Lane,E01024965,Chorley 011D,Violence and sexual offences,Investigation complete; no suspect identified,
,2021-06,Lancashire Constabulary,Lancashire Constabulary,-2.720253,53.641960,On or near Lord Street,E01024966,Chorley 011E,Anti-social behaviour,,
,2021-06,Lancashire Constabulary,Lancashire Constabulary,-2.724711,53.646103,On or near Supermarket,E01024966,Chorley 011E,Anti-social behaviour,,
,2021-06,Lancashire Constabulary,Lancashire Constabulary,-2.720384,53.643406,On or near New Street,E01024966,Chorley 011E,Anti-social behaviour,,
,2021-06,Lancashire Constabulary,Lancashire Constabulary,-2.724697,53.644423,On or near The Briers,E01024966,Chorley 011E,Anti-social behaviour,,
73ad069f46a2b506eb390593fe45eba6346d63b18d7b7fa68a619b2b5dfb56f9,2021-06,Lancashire Constabulary,Lancashire Constabulary,-2.716153,53.640097,On or near Keats Close,E01024966,Chorley 011E,Burglary,Investigation complete; no suspect identified,
d452ff6e95467068309975eac5ff0fde9a3ef39f60e8bafeb0eef1fadf67a3af,2021-06,Lancashire Constabulary,Lancashire Constabulary,-2.729203,53.644323,On or near Rookwood,E01024966,Chorley 011E,Criminal damage and arson,Investigation complete; no suspect identified,
575a30426c965c23028346ff6d61e6af9058c7eb85b7436ae5894da475172fd3,2021-06,Lancashire Constabulary,Lancashire Constabulary,-2.720253,53.641960,On or near Lord Street,E01024966,Chorley 011E,Violence and sexual offences,Investigation complete; no suspect identified,
,2021-06,Lancashire Constabulary,Lancashire Constabulary,-2.634567,53.640099,On or near St Gregory'S Place,E01024942,Chorley 012A,Anti-social behaviour,,
,2021-06,Lancashire Constabulary,Lancashire Constabulary,-2.638741,53.643079,On or near Yates Street,E01024942,Chorley 012A,Anti-social behaviour,,
,2021-06,Lancashire Constabulary,Lancashire Constabulary,-2.634567,53.640099,On or near St Gregory'S Place,E01024942,Chorley 012A,Anti-social behaviour,,
,2021-06,Lancashire Constabulary,Lancashire Constabulary,-2.638741,53.643079,On or near Yates Street,E01024942,Chorley 012A,Anti-social behaviour,,
,2021-06,Lancashire Constabulary,Lancashire Constabulary,-2.642456,53.641702,On or near Grisedale Place,E01024942,Chorley 012A,Anti-social behaviour,,
,2021-06,Lancashire Constabulary,Lancashire Constabulary,-2.642039,53.641093,On or near Supermarket,E01024942,Chorley 012A,Anti-social behaviour,,
,2021-06,Lancashire Constabulary,Lancashire Constabulary,-2.642095,53.640796,On or near Moor Road,E01024942,Chorley 012A,Anti-social behaviour,,
,2021-06,Lancashire Constabulary,Lancashire Constabulary,-2.642456,53.641702,On or near Grisedale Place,E01024942,Chorley 012A,Anti-social behaviour,,
,2021-06,Lancashire Constabulary,Lancashire Constabulary,-2.641346,53.642301,On or near Scawfell Road,E01024942,Chorley 012A,Anti-social behaviour,,
,2021-06,Lancashire Constabulary,Lancashire Constabulary,-2.643132,53.642399,On or near Troutbeck Road,E01024942,Chorley 012A,Anti-social behaviour,,
,2021-06,Lancashire Constabulary,Lancashire Constabulary,-2.643132,53.642399,On or near Troutbeck Road,E01024942,Chorley 012A,Anti-social behaviour,,
,2021-06,Lancashire Constabulary,Lancashire Constabulary,-2.642039,53.641093,On or near Supermarket,E01024942,Chorley 012A,Anti-social behaviour,,
,2021-06,Lancashire Constabulary,Lancashire Constabulary,-2.643132,53.642399,On or near Troutbeck Road,E01024942,Chorley 012A,Anti-social behaviour,,
,2021-06,Lancashire Constabulary,Lancashire Constabulary,-2.642095,53.640796,On or near Moor Road,E01024942,Chorley 012A,Anti-social behaviour,,
,2021-06,Lancashire Constabulary,Lancashire Constabulary,-2.644667,53.640872,On or near Hallwood Road,E01024942,Chorley 012A,Anti-social behaviour,,
,2021-06,Lancashire Constabulary,Lancashire Constabulary,-2.634567,53.640099,On or near St Gregory'S Place,E01024942,Chorley 012A,Anti-social behaviour,,
,2021-06,Lancashire Constabulary,Lancashire Constabulary,-2.642456,53.641702,On or near Grisedale Place,E01024942,Chorley 012A,Anti-social behaviour,,
,2021-06,Lancashire Constabulary,Lancashire Constabulary,-2.642095,53.640796,On or near Moor Road,E01024942,Chorley 012A,Anti-social behaviour,,
7c1ece4c467149e5c91b3017004fd1d46e514c45e2e424ccbbbd00093a5e7696,2021-06,Lancashire Constabulary,Lancashire Constabulary,-2.643132,53.642399,On or near Troutbeck Road,E01024942,Chorley 012A,Criminal damage and arson,Unable to prosecute suspect,
67f693e703b35f2c155b5775c799f6e2a087d4f6f619b27f4e3bc23c20161a81,2021-06,Lancashire Constabulary,Lancashire Constabulary,-2.643132,53.642399,On or near Troutbeck Road,E01024942,Chorley 012A,Criminal damage and arson,Unable to prosecute suspect,
7a2921f153622d88019b15269862e89df99ca6c39beab861e6b89d72a5b2c74e,2021-06,Lancashire Constabulary,Lancashire Constabulary,-2.643132,53.642399,On or near Troutbeck Road,E01024942,Chorley 012A,Other theft,Unable to prosecute suspect,
6247313b6a69bcdc6d5f662ab656c6a0241ff8cd1808b9800d0d3738a8b688c9,2021-06,Lancashire Constabulary,Lancashire Constabulary,-2.637074,53.640859,On or near Evergreen Close,E01024942,Chorley 012A,Public order,Unable to prosecute suspect,
9c6b3805b127827a81ee3788bed5ef7f3866b975df841d5ee9543d10be17a23e,2021-06,Lancashire Constabulary,Lancashire Constabulary,-2.639422,53.643120,On or near Derwent Road,E01024942,Chorley 012A,Public order,Investigation complete; no suspect identified,
e405586299b5178e2767d774d0bc932a9a5bbbed84b09bf93c436242cdf26861,2021-06,Lancashire Constabulary,Lancashire Constabulary,-2.643132,53.642399,On or near Troutbeck Road,E01024942,Chorley 012A,Violence and sexual offences,Unable to prosecute suspect,
a7a7478067179f9ef8c7c94469276fbec8b89e5aa607fbf8dbb21b204bf6939e,2021-06,Lancashire Constabulary,Lancashire Constabulary,-2.639374,53.641898,On or near Bamber Street,E01024942,Chorley 012A,Violence and sexual offences,Unable to prosecute suspect,
001378ed6cbda7f7074df8135631fe0fdda3754515a4aacab6eec6ff0b8dec58,2021-06,Lancashire Constabulary,Lancashire Constabulary,-2.639374,53.641898,On or near Bamber Street,E01024942,Chorley 012A,Violence and sexual offences,Unable to prosecute suspect,
789ea44ee6c17d7cd4c83f42a7b618b82f105afccf7ba313fcd9d9f18f51d5f9,2021-06,Lancashire Constabulary,Lancashire Constabulary,-2.639374,53.641898,On or near Bamber Street,E01024942,Chorley 012A,Violence and sexual offences,Unable to prosecute suspect,
73980ba554fee5a5fe2f77df316aaee7e775ab9bc086e77337a5b87a168c4d84,2021-06,Lancashire Constabulary,Lancashire Constabulary,-2.640548,53.641568,On or near Taylor Street,E01024942,Chorley 012A,Violence and sexual offences,Unable to prosecute suspect,
,2021-06,Lancashire Constabulary,Lancashire Constabulary,-2.643890,53.643483,On or near Buttermere Avenue,E01024943,Chorley 012B,Anti-social behaviour,,
,2021-06,Lancashire Constabulary,Lancashire Constabulary,-2.646450,53.640763,On or near Liptrott Road,E01024943,Chorley 012B,Anti-social behaviour,,
,2021-06,Lancashire Constabulary,Lancashire Constabulary,-2.654744,53.642075,On or near Gold Finch Court,E01024943,Chorley 012B,Anti-social behaviour,,
,2021-06,Lancashire Constabulary,Lancashire Constabulary,-2.648648,53.640068,On or near Arnold Place,E01024943,Chorley 012B,Anti-social behaviour,,
,2021-06,Lancashire Constabulary,Lancashire Constabulary,-2.648208,53.641967,On or near Kingsley Drive,E01024943,Chorley 012B,Anti-social behaviour,,
02dc3e2ca42d22ff898456384af3fb8212d701dfac8faf32ffbf20a16533b4bb,2021-06,Lancashire Constabulary,Lancashire Constabulary,-2.646129,53.639561,On or near Green Street,E01024943,Chorley 012B,Criminal damage and arson,Unable to prosecute suspect,
61d777b84c70b2a0511136c43808ecd9f6121112661e6879b659ac6fc2a05ac5,2021-06,Lancashire Constabulary,Lancashire Constabulary,-2.646073,53.642779,On or near Lakeland Gardens,E01024943,Chorley 012B,Other theft,Investigation complete; no suspect identified,
5d8694d38d3f1c4677b929e6f97ab5370e2522efd9f123c31ad4b1730e29e791,2021-06,Lancashire Constabulary,Lancashire Constabulary,-2.651077,53.636756,On or near Coppull Road,E01024943,Chorley 012B,Other theft,Court result unavailable,
2a286f665043cc4de5ec17cc8d27724eecfefb73861fb3d007a0a1f24ad6df14,2021-06,Lancashire Constabulary,Lancashire Constabulary,-2.648208,53.641967,On or near Kingsley Drive,E01024943,Chorley 012B,Possession of weapons,Local resolution,
d31ce90816c5e81636a9de67f35982be5e87e62b4574db1e4adcbe21f36c8b43,2021-06,Lancashire Constabulary,Lancashire Constabulary,-2.643895,53.637856,On or near Lower Burgh Way,E01024943,Chorley 012B,Public order,Unable to prosecute suspect,
5d471aaa15ff01681fa28ec8c9cb73936281b8bd559236bcf18793922e89a366,2021-06,Lancashire Constabulary,Lancashire Constabulary,-2.648648,53.640068,On or near Arnold Place,E01024943,Chorley 012B,Public order,Unable to prosecute suspect,
51cc62b535ac34e15a92642c938a15b87a556eb53a98c9b62a4f894c1ab10881,2021-06,Lancashire Constabulary,Lancashire Constabulary,-2.648208,53.641967,On or near Kingsley Drive,E01024943,Chorley 012B,Public order,Unable to prosecute suspect,
782ff645e51d2ec23b026be202d87504e0d57d7a56a98a0a0d67fdba9099e068,2021-06,Lancashire Constabulary,Lancashire Constabulary,-2.647653,53.642249,On or near Lawnwood Avenue,E01024943,Chorley 012B,Public order,Unable to prosecute suspect,
25d181861e5cc8fdc03b1bb40f4a020fe427627e351accf818d9c3ded142c9b7,2021-06,Lancashire Constabulary,Lancashire Constabulary,-2.644740,53.639712,On or near Swords Cross Close,E01024943,Chorley 012B,Violence and sexual offences,Unable to prosecute suspect,
331076b007dbf08225b6a259614f4e85d1cab202a631ccefdc75995c893a3cb0,2021-06,Lancashire Constabulary,Lancashire Constabulary,-2.644740,53.639712,On or near Swords Cross Close,E01024943,Chorley 012B,Violence and sexual offences,Unable to prosecute suspect,
24b1a08a424daad98e780afdd1b0ccff7c8836f57160432c3e0c63492d2317f6,2021-06,Lancashire Constabulary,Lancashire Constabulary,-2.644740,53.639712,On or near Swords Cross Close,E01024943,Chorley 012B,Violence and sexual offences,Status update unavailable,
0dc50705c2597a6c3ef7f4b665c7e3a95e2e05ab6138f89020cb56197e929d34,2021-06,Lancashire Constabulary,Lancashire Constabulary,-2.644740,53.639712,On or near Swords Cross Close,E01024943,Chorley 012B,Violence and sexual offences,Unable to prosecute suspect,
7003f31b5f83aaaa4eb926d054fc5f9d0d32a92e18df4688f3b6325adc9fc0dd,2021-06,Lancashire Constabulary,Lancashire Constabulary,-2.654210,53.642770,On or near Woodchat Court,E01024943,Chorley 012B,Violence and sexual offences,Court result unavailable,
,2021-06,Lancashire Constabulary,Lancashire Constabulary,-2.634986,53.632762,On or near Firtree Close,E01024944,Chorley 012C,Anti-social behaviour,,
,2021-06,Lancashire Constabulary,Lancashire Constabulary,-2.636146,53.637484,On or near Burgh Meadows,E01024944,Chorley 012C,Anti-social behaviour,,
,2021-06,Lancashire Constabulary,Lancashire Constabulary,-2.637533,53.637198,On or near The Oaks,E01024944,Chorley 012C,Anti-social behaviour,,
61479fa727117a41f6c038617616349bb5afeaff93a5e4cfe23a0793f658da12,2021-06,Lancashire Constabulary,Lancashire Constabulary,-2.639425,53.632298,On or near Rufford Close,E01024944,Chorley 012C,Criminal damage and arson,Unable to prosecute suspect,
57340308a023808d7489a9580d739cdc82cce9f894aad299e3c1e657c5c20b2b,2021-06,Lancashire Constabulary,Lancashire Constabulary,-2.634004,53.633819,On or near Woodlands Meadow,E01024944,Chorley 012C,Criminal damage and arson,Unable to prosecute suspect,
d995030128136431678d79fc8c16038e2ba8ac292f0ebd1bb9835dd6d7284d1d,2021-06,Lancashire Constabulary,Lancashire Constabulary,-2.637976,53.639478,On or near Eaves Green Road,E01024944,Chorley 012C,Other theft,Unable to prosecute suspect,
13517f8a90e5e885e017fb5842c93431332cd75980d2bfea714744dabee2f687,2021-06,Lancashire Constabulary,Lancashire Constabulary,-2.638078,53.632206,On or near Capesthorne Drive,E01024944,Chorley 012C,Public order,Investigation complete; no suspect identified,
c7e069198e1b11134dddea4c125fe544f6d787841e110f29b0c37064d6c4d04d,2021-06,Lancashire Constabulary,Lancashire Constabulary,-2.637976,53.639478,On or near Eaves Green Road,E01024944,Chorley 012C,Violence and sexual offences,Unable to prosecute suspect,
59096018e33784e75598fa3f1bfbe122e131f5b840cd83c70454738169852a48,2021-06,Lancashire Constabulary,Lancashire Constabulary,-2.634986,53.632762,On or near Firtree Close,E01024944,Chorley 012C,Violence and sexual offences,Unable to prosecute suspect,
f96c31764ded3d17d80a73509bccb850e2da701908b07b6deb756f14695c19a5,2021-06,Lancashire Constabulary,Lancashire Constabulary,-2.637533,53.637198,On or near The Oaks,E01024944,Chorley 012C,Violence and sexual offences,Unable to prosecute suspect,
,2021-06,Lancashire Constabulary,Lancashire Constabulary,-2.638448,53.646694,On or near Ventnor Road,E01024945,Chorley 012D,Anti-social behaviour,,
,2021-06,Lancashire Constabulary,Lancashire Constabulary,-2.641584,53.645023,On or near Haweswater Avenue,E01024945,Chorley 012D,Anti-social behaviour,,
,2021-06,Lancashire Constabulary,Lancashire Constabulary,-2.651300,53.644341,On or near Keepers Wood Way,E01024945,Chorley 012D,Anti-social behaviour,,
,2021-06,Lancashire Constabulary,Lancashire Constabulary,-2.637051,53.645344,On or near Longworth Street,E01024945,Chorley 012D,Anti-social behaviour,,
,2021-06,Lancashire Constabulary,Lancashire Constabulary,-2.634700,53.646956,On or near Devonshire Road,E01024945,Chorley 012D,Anti-social behaviour,,
,2021-06,Lancashire Constabulary,Lancashire Constabulary,-2.636713,53.647044,On or near Lichfield Road,E01024945,Chorley 012D,Anti-social behaviour,,
,2021-06,Lancashire Constabulary,Lancashire Constabulary,-2.641400,53.643864,On or near Ullswater Road,E01024945,Chorley 012D,Anti-social behaviour,,
,2021-06,Lancashire Constabulary,Lancashire Constabulary,-2.634700,53.646956,On or near Devonshire Road,E01024945,Chorley 012D,Anti-social behaviour,,
,2021-06,Lancashire Constabulary,Lancashire Constabulary,-2.651718,53.643953,On or near Bow Wood Close,E01024945,Chorley 012D,Anti-social behaviour,,
,2021-06,Lancashire Constabulary,Lancashire Constabulary,-2.652923,53.644638,On or near Denham Wood Close,E01024945,Chorley 012D,Anti-social behaviour,,
9c2e3bde54b5902a89850c971f5587845b17338bda00921da17f97381442dcca,2021-06,Lancashire Constabulary,Lancashire Constabulary,-2.651718,53.643953,On or near Bow Wood Close,E01024945,Chorley 012D,Public order,Unable to prosecute suspect,
8bbc1a5086ba8a64a46ff7e1001c4c31e23a9d5cee08f1a6a154195338356eef,2021-06,Lancashire Constabulary,Lancashire Constabulary,-2.634700,53.646956,On or near Devonshire Road,E01024945,Chorley 012D,Public order,Unable to prosecute suspect,
340466425bc31a8311337c88db115d6cd0c68249d7256b1a9408c2d95eef6bb7,2021-06,Lancashire Constabulary,Lancashire Constabulary,-2.643574,53.644608,On or near Thirlmere Road,E01024945,Chorley 012D,Robbery,Unable to prosecute suspect,
f0a8cf5214717339e9e6714a0c87fd6b9c8046ab3c0c71d4ece58943e5f34917,2021-06,Lancashire Constabulary,Lancashire Constabulary,-2.637051,53.645344,On or near Longworth Street,E01024945,Chorley 012D,Violence and sexual offences,Unable to prosecute suspect,
bbd006c265353dfa4c684913455034a92baade2656b5598eab624b826526de3f,2021-06,Lancashire Constabulary,Lancashire Constabulary,-2.651737,53.647134,On or near Parkers Wood Close,E01024945,Chorley 012D,Violence and sexual offences,Investigation complete; no suspect identified,
cf716b6f24eba1f9b7ae146274fb131d04fe4d7c2b5ed4f0efa9ef67dc0e9c54,2021-06,Lancashire Constabulary,Lancashire Constabulary,-2.637051,53.645344,On or near Longworth Street,E01024945,Chorley 012D,Violence and sexual offences,Unable to prosecute suspect,
4c61ad31e8d546f32ff4c3e75be1d05b1a34a393e397dac289ce1909e0bb4e51,2021-06,Lancashire Constabulary,Lancashire Constabulary,-2.634700,53.646956,On or near Devonshire Road,E01024945,Chorley 012D,Violence and sexual offences,Unable to prosecute suspect,
88875177509aef9cfb341bd18caeacf3db026f7becc3005ac5ab82390b51370f,2021-06,Lancashire Constabulary,Lancashire Constabulary,-2.648129,53.644727,On or near Juniper Wood Close,E01024945,Chorley 012D,Violence and sexual offences,Unable to prosecute suspect,
0f121e047a076fc94fbd80f540a26e8f60fac75f4b31c5a5917f5f7d635bed6b,2021-06,Lancashire Constabulary,Lancashire Constabulary,-2.637449,53.643688,On or near Pall Mall,E01024945,Chorley 012D,Violence and sexual offences,Unable to prosecute suspect,
122c4c11f29691bcc88c2f307d63048297b6160136c53f6810cc1d73c4fad1b9,2021-06,Lancashire Constabulary,Lancashire Constabulary,-2.634700,53.646956,On or near Devonshire Road,E01024945,Chorley 012D,Violence and sexual offences,Further investigation is not in the public interest,
93f6ca4c9c4b56b2ebef4952cf4285d3505a46229b4fe4cf7819e05ceb86e2e0,2021-06,Lancashire Constabulary,Lancashire Constabulary,-2.643574,53.644608,On or near Thirlmere Road,E01024945,Chorley 012D,Other crime,Status update unavailable,
,2021-06,Lancashire Constabulary,Lancashire Constabulary,-2.674121,53.610805,On or near Belmont Place,E01024922,Chorley 013A,Anti-social behaviour,,
,2021-06,Lancashire Constabulary,Lancashire Constabulary,-2.670288,53.620732,On or near Westend Avenue,E01024922,Chorley 013A,Anti-social behaviour,,
64846a7a5175c23d99afcea89ce44115d5bc8b3264f0f80693c155ed9af50898,2021-06,Lancashire Constabulary,Lancashire Constabulary,-2.672197,53.620029,On or near Burwell Avenue,E01024922,Chorley 013A,Violence and sexual offences,Offender given a caution,
c6445c6a563aba7087456b35af83b4ac4022933f134d3089f3699e4f642019d2,2021-06,Lancashire Constabulary,Lancashire Constabulary,-2.671803,53.620912,On or near Tansley Avenue,E01024922,Chorley 013A,Violence and sexual offences,Status update unavailable,
,2021-06,Lancashire Constabulary,Lancashire Constabulary,-2.658832,53.619996,On or near Byron Crescent,E01024959,Chorley 013B,Anti-social behaviour,,
,2021-06,Lancashire Constabulary,Lancashire Constabulary,-2.658832,53.619996,On or near Byron Crescent,E01024959,Chorley 013B,Anti-social behaviour,,
,2021-06,Lancashire Constabulary,Lancashire Constabulary,-2.658832,53.619996,On or near Byron Crescent,E01024959,Chorley 013B,Anti-social behaviour,,
,2021-06,Lancashire Constabulary,Lancashire Constabulary,-2.661162,53.620108,On or near Milton Road,E01024959,Chorley 013B,Anti-social behaviour,,
,2021-06,Lancashire Constabulary,Lancashire Constabulary,-2.658832,53.619996,On or near Byron Crescent,E01024959,Chorley 013B,Anti-social behaviour,,
,2021-06,Lancashire Constabulary,Lancashire Constabulary,-2.658494,53.618667,On or near Shelley Close,E01024959,Chorley 013B,Anti-social behaviour,,
,2021-06,Lancashire Constabulary,Lancashire Constabulary,-2.658832,53.619996,On or near Byron Crescent,E01024959,Chorley 013B,Anti-social behaviour,,
,2021-06,Lancashire Constabulary,Lancashire Constabulary,-2.661955,53.622486,On or near Kimberley Street,E01024959,Chorley 013B,Anti-social behaviour,,
,2021-06,Lancashire Constabulary,Lancashire Constabulary,-2.658832,53.619996,On or near Byron Crescent,E01024959,Chorley 013B,Anti-social behaviour,,
,2021-06,Lancashire Constabulary,Lancashire Constabulary,-2.656054,53.620244,On or near Chapel Way,E01024959,Chorley 013B,Anti-social behaviour,,
,2021-06,Lancashire Constabulary,Lancashire Constabulary,-2.663166,53.621598,On or near Spendmore Lane,E01024959,Chorley 013B,Anti-social behaviour,,
,2021-06,Lancashire Constabulary,Lancashire Constabulary,-2.658832,53.619996,On or near Byron Crescent,E01024959,Chorley 013B,Anti-social behaviour,,
,2021-06,Lancashire Constabulary,Lancashire Constabulary,-2.661955,53.622486,On or near Kimberley Street,E01024959,Chorley 013B,Anti-social behaviour,,
bdbaad3625b835700ecb7ffc2aaec4d344d02d5ff3c2fe5b344bf6f1fbb07709,2021-06,Lancashire Constabulary,Lancashire Constabulary,-2.658832,53.619996,On or near Byron Crescent,E01024959,Chorley 013B,Burglary,Investigation complete; no suspect identified,
65e44cb530d629c8aaf906f8701ea6579de950adda19dee1230d21473e0693eb,2021-06,Lancashire Constabulary,Lancashire Constabulary,-2.659827,53.621734,On or near South Road,E01024959,Chorley 013B,Criminal damage and arson,Investigation complete; no suspect identified,
866b27c8e1866f026674824ddb93df8ca4956735d984ade67c9f3cf5b64dfc37,2021-06,Lancashire Constabulary,Lancashire Constabulary,-2.660152,53.619359,On or near Dickens Road,E01024959,Chorley 013B,Criminal damage and arson,Investigation complete; no suspect identified,
219a0bd9794c4d58a3d877cc925f32f332842b51be7b07dc6c11d62527cfd6c7,2021-06,Lancashire Constabulary,Lancashire Constabulary,-2.659827,53.621734,On or near South Road,E01024959,Chorley 013B,Criminal damage and arson,Investigation complete; no suspect identified,
76646e7b9bab65aa511e45a9af0a0a1818aa5f6643084c11eff3f8b54e6e5da0,2021-06,Lancashire Constabulary,Lancashire Constabulary,-2.659827,53.621734,On or near South Road,E01024959,Chorley 013B,Criminal damage and arson,Status update unavailable,
925f561a84cabb6bc4ebe776342b17ce627591c5e0833b6273204f27c6a85bb8,2021-06,Lancashire Constabulary,Lancashire Constabulary,-2.660152,53.619359,On or near Dickens Road,E01024959,Chorley 013B,Public order,Unable to prosecute suspect,
b5ec5e49f79e32be3c0967309ca6b4f7360d09df0dd2cc03b834d8db1a21a73e,2021-06,Lancashire Constabulary,Lancashire Constabulary,-2.658832,53.619996,On or near Byron Crescent,E01024959,Chorley 013B,Public order,Local resolution,
a3f9aba40b45a746525e3b9ab987a74b9b178a75aabfc256ed3a79e9770df3e2,2021-06,Lancashire Constabulary,Lancashire Constabulary,-2.658832,53.619996,On or near Byron Crescent,E01024959,Chorley 013B,Public order,Unable to prosecute suspect,
8f3713a58cb080ea3bd9771b7dd3605cac5b19b39b6703ac16a0f24cf4214d6e,2021-06,Lancashire Constabulary,Lancashire Constabulary,-2.658832,53.619996,On or near Byron Crescent,E01024959,Chorley 013B,Public order,Court result unavailable,
e20444c929809157322e31cd90c8f9cd97cd17a6173a1b653bfc4449bd9c1a04,2021-06,Lancashire Constabulary,Lancashire Constabulary,-2.663166,53.621598,On or near Spendmore Lane,E01024959,Chorley 013B,Shoplifting,Unable to prosecute suspect,
8e1405db19cda98f630af4e5171eaa717ce8a219e2c4cb0a67d74aa5f383104f,2021-06,Lancashire Constabulary,Lancashire Constabulary,-2.663166,53.621598,On or near Spendmore Lane,E01024959,Chorley 013B,Shoplifting,Status update unavailable,
6f96fc32eb7d80645dcdb967e462acab46542760115a58cef322101a4897f203,2021-06,Lancashire Constabulary,Lancashire Constabulary,-2.661955,53.622486,On or near Kimberley Street,E01024959,Chorley 013B,Vehicle crime,Investigation complete; no suspect identified,
4779c4fe2d5ac5940dc40b31e6d599f1f33bd0439729daca3c583d3fc564a00a,2021-06,Lancashire Constabulary,Lancashire Constabulary,-2.658494,53.618667,On or near Shelley Close,E01024959,Chorley 013B,Vehicle crime,Investigation complete; no suspect identified,
b4f475e423d00f1350982aa57748b220e2abc94075aee8c7cf4794948cf3d644,2021-06,Lancashire Constabulary,Lancashire Constabulary,-2.656054,53.620244,On or near Chapel Way,E01024959,Chorley 013B,Violence and sexual offences,Unable to prosecute suspect,
6cf9f25365222db8c5cf58f852870d7b2579b8152d5e764e350352b413da1728,2021-06,Lancashire Constabulary,Lancashire Constabulary,-2.656054,53.620244,On or near Chapel Way,E01024959,Chorley 013B,Violence and sexual offences,Court result unavailable,
40ae03c1d1d8d25eb81be6ca96ea9f53f37e87912f40782e938f3ee30be0d453,2021-06,Lancashire Constabulary,Lancashire Constabulary,-2.656054,53.620244,On or near Chapel Way,E01024959,Chorley 013B,Violence and sexual offences,Unable to prosecute suspect,
163dc21489d3217a8c204ebfefacfca76373c2c42d91280ecc42660dcb5203f3,2021-06,Lancashire Constabulary,Lancashire Constabulary,-2.658832,53.619996,On or near Byron Crescent,E01024959,Chorley 013B,Violence and sexual offences,Offender given a caution,
,2021-06,Lancashire Constabulary,Lancashire Constabulary,-2.656484,53.624592,On or near Lancaster Street,E01024960,Chorley 013C,Anti-social behaviour,,
,2021-06,Lancashire Constabulary,Lancashire Constabulary,-2.656251,53.627111,On or near B5251,E01024960,Chorley 013C,Anti-social behaviour,,
,2021-06,Lancashire Constabulary,Lancashire Constabulary,-2.661668,53.626353,On or near Park/Open Space,E01024960,Chorley 013C,Anti-social behaviour,,
,2021-06,Lancashire Constabulary,Lancashire Constabulary,-2.658005,53.624162,On or near Alder Grove,E01024960,Chorley 013C,Anti-social behaviour,,
,2021-06,Lancashire Constabulary,Lancashire Constabulary,-2.656251,53.627111,On or near B5251,E01024960,Chorley 013C,Anti-social behaviour,,
,2021-06,Lancashire Constabulary,Lancashire Constabulary,-2.658005,53.624162,On or near Alder Grove,E01024960,Chorley 013C,Anti-social behaviour,,
c64daf417d0cc609902358ab5af84ff865b30df22e9d17e9a74c9040f8fcb8a7,2021-06,Lancashire Constabulary,Lancashire Constabulary,-2.654355,53.627696,On or near Longworth Avenue,E01024960,Chorley 013C,Criminal damage and arson,Investigation complete; no suspect identified,
0f31ef217ddc35325a84ba3a1b20d674a5e520f7d60c1788edef0d89f2204499,2021-06,Lancashire Constabulary,Lancashire Constabulary,-2.659575,53.624045,On or near Pedestrian Subway,E01024960,Chorley 013C,Criminal damage and arson,Unable to prosecute suspect,
2c009bdddfa57fa5b778d062608fe8f6da1e692f2f7ede610e26fa8b446dbec5,2021-06,Lancashire Constabulary,Lancashire Constabulary,-2.654955,53.628322,On or near Oakwood Road,E01024960,Chorley 013C,Other theft,Investigation complete; no suspect identified,
e0d8400156b043059bf91381b103692b16fc7040dfc809f52dfecaf5eb5b65ae,2021-06,Lancashire Constabulary,Lancashire Constabulary,-2.663596,53.624913,On or near Mavis Drive,E01024960,Chorley 013C,Violence and sexual offences,Unable to prosecute suspect,
6c2d600467479ad1fc11128244cdb5aaea5ff43f259b5d1fda5b09f3ee944632,2021-06,Lancashire Constabulary,Lancashire Constabulary,-2.658412,53.627009,On or near The Heys,E01024960,Chorley 013C,Violence and sexual offences,Court result unavailable,
d3f59c2d48cd8cdaa555d16f552ea1c25c6caf7d0e45cb8dc32c30868918bf2f,2021-06,Lancashire Constabulary,Lancashire Constabulary,-2.656251,53.627111,On or near B5251,E01024960,Chorley 013C,Violence and sexual offences,Investigation complete; no suspect identified,
,2021-06,Lancashire Constabulary,Lancashire Constabulary,-2.665783,53.621692,On or near John Street,E01024961,Chorley 013D,Anti-social behaviour,,
,2021-06,Lancashire Constabulary,Lancashire Constabulary,-2.664071,53.619580,On or near Mountain Road,E01024961,Chorley 013D,Anti-social behaviour,,
,2021-06,Lancashire Constabulary,Lancashire Constabulary,-2.628704,53.612014,On or near Wigan Lane,E01024961,Chorley 013D,Anti-social behaviour,,
,2021-06,Lancashire Constabulary,Lancashire Constabulary,-2.649377,53.616623,On or near Green Lane,E01024961,Chorley 013D,Anti-social behaviour,,
,2021-06,Lancashire Constabulary,Lancashire Constabulary,-2.654980,53.615289,On or near Summerfields,E01024961,Chorley 013D,Anti-social behaviour,,
,2021-06,Lancashire Constabulary,Lancashire Constabulary,-2.664854,53.620313,On or near Sports/Recreation Area,E01024961,Chorley 013D,Anti-social behaviour,,
,2021-06,Lancashire Constabulary,Lancashire Constabulary,-2.654980,53.615289,On or near Summerfields,E01024961,Chorley 013D,Anti-social behaviour,,
24d1723486545328a821309c27134611447f41e46d6dd49d39b22f89eb640759,2021-06,Lancashire Constabulary,Lancashire Constabulary,-2.665783,53.621692,On or near John Street,E01024961,Chorley 013D,Burglary,Unable to prosecute suspect,
66dbdae17776f29430cb8301bbe08656798671d386416e1434a601a8d30ce9e2,2021-06,Lancashire Constabulary,Lancashire Constabulary,-2.664174,53.622285,On or near Bentham Street,E01024961,Chorley 013D,Violence and sexual offences,Unable to prosecute suspect,
7a9032b658c9f37d54b5f0892d36651908370bcca06e05cfe810563622e67526,2021-06,Lancashire Constabulary,Lancashire Constabulary,-2.665783,53.621692,On or near John Street,E01024961,Chorley 013D,Violence and sexual offences,Unable to prosecute suspect,
868bdb432c219e02ad00e890b5981c2f475a1c65ddc9c129bf2a98920d71e3a2,2021-06,Lancashire Constabulary,Lancashire Constabulary,-2.665783,53.621692,On or near John Street,E01024961,Chorley 013D,Violence and sexual offences,Unable to prosecute suspect,
,2021-06,Lancashire Constabulary,Lancashire Constabulary,-2.658058,53.628521,On or near Clancut Lane,E01024962,Chorley 013E,Anti-social behaviour,,
a3e179bfe2d2a12bd3f0636fe15ed08bb479a9d148ef8e7989ceb28ef9ffbbb0,2021-06,Lancashire Constabulary,Lancashire Constabulary,-2.658058,53.628521,On or near Clancut Lane,E01024962,Chorley 013E,Criminal damage and arson,Investigation complete; no suspect identified,
5e3934454c8f3cb05682ec6829aaf9e3edd6326149ebfff7eb484eb10b4555c4,2021-06,Lancashire Constabulary,Lancashire Constabulary,-2.656093,53.625700,On or near Roe Hey Drive,E01024962,Chorley 013E,Public order,Further investigation is not in the public interest,
42a5b6d0ded17f19c22fe5d6d95d5f0920e6a57f7dfc338adc29181f3d07bcdf,2021-06,Lancashire Constabulary,Lancashire Constabulary,-2.655804,53.626529,On or near The Chestnuts,E01024962,Chorley 013E,Violence and sexual offences,Unable to prosecute suspect,
b8b7dc723755bc017f2963a4000d6edace4a85334460d0ea385bbd7882e7c208,2021-06,Lancashire Constabulary,Lancashire Constabulary,-2.655804,53.626529,On or near The Chestnuts,E01024962,Chorley 013E,Violence and sexual offences,Unable to prosecute suspect,
a18b9ccfce995c51d1503359cee7d6dd6b7af5d465eff1f327ce77c8501bc182,2021-06,Lancashire Constabulary,Lancashire Constabulary,-2.655804,53.626529,On or near The Chestnuts,E01024962,Chorley 013E,Violence and sexual offences,Further investigation is not in the public interest,
97ee8c21eb7929a80ac81d16459f9631c1336ba0cb385153b78b0099b2866d4a,2021-06,Lancashire Constabulary,Lancashire Constabulary,-2.660085,53.630532,On or near Clancutt Lane,E01024962,Chorley 013E,Violence and sexual offences,Unable to prosecute suspect,
,2021-06,Lancashire Constabulary,Lancashire Constabulary,-2.597395,53.617019,On or near Chorley Street,E01024915,Chorley 014A,Anti-social behaviour,,
,2021-06,Lancashire Constabulary,Lancashire Constabulary,-2.604546,53.618080,On or near Croston Avenue,E01024915,Chorley 014A,Anti-social behaviour,,
,2021-06,Lancashire Constabulary,Lancashire Constabulary,-2.597395,53.617019,On or near Chorley Street,E01024915,Chorley 014A,Anti-social behaviour,,
,2021-06,Lancashire Constabulary,Lancashire Constabulary,-2.600665,53.619466,On or near Chorley Road,E01024915,Chorley 014A,Anti-social behaviour,,
,2021-06,Lancashire Constabulary,Lancashire Constabulary,-2.606122,53.620454,On or near Fairview Drive,E01024915,Chorley 014A,Anti-social behaviour,,
,2021-06,Lancashire Constabulary,Lancashire Constabulary,-2.600899,53.619959,On or near The Rowans,E01024915,Chorley 014A,Anti-social behaviour,,
02982a7d3837c8612a72094bee12bbd398850d418b71586f276ac1ea0353f982,2021-06,Lancashire Constabulary,Lancashire Constabulary,-2.598385,53.613239,On or near Abbey Grove,E01024915,Chorley 014A,Bicycle theft,Investigation complete; no suspect identified,
1cd1745f8b8ffcdbe87c0c26c1fc0285a4b11f22620d98ed94b84fa7e77e1e8c,2021-06,Lancashire Constabulary,Lancashire Constabulary,-2.597395,53.617019,On or near Chorley Street,E01024915,Chorley 014A,Criminal damage and arson,Status update unavailable,
090a5f136f9608c277934f55a761b03bb94b1e05b7e487ea17d327442a71d24a,2021-06,Lancashire Constabulary,Lancashire Constabulary,-2.606946,53.619955,On or near Byre View,E01024915,Chorley 014A,Criminal damage and arson,Unable to prosecute suspect,
f40aee9847148485c463e5f213fe6d39367e6a982db0aaeefcd8d493d59d995d,2021-06,Lancashire Constabulary,Lancashire Constabulary,-2.605420,53.617905,On or near Highfield Road North,E01024915,Chorley 014A,Criminal damage and arson,Unable to prosecute suspect,
d4faabec1988d14ff90b87be759c8d747f2b22b87a89950c1cd9d18c23d81907,2021-06,Lancashire Constabulary,Lancashire Constabulary,-2.598385,53.613239,On or near Abbey Grove,E01024915,Chorley 014A,Public order,Court result unavailable,
d6f5a679de7417c5e22291b587ebeab992c745f44fd8da8738f31ad39adc3e9f,2021-06,Lancashire Constabulary,Lancashire Constabulary,-2.606122,53.620454,On or near Fairview Drive,E01024915,Chorley 014A,Public order,Unable to prosecute suspect,
95da0fb7690790735891586a633654b574b81d05c872e90256cc3b8bc7bf712d,2021-06,Lancashire Constabulary,Lancashire Constabulary,-2.606946,53.619955,On or near Byre View,E01024915,Chorley 014A,Violence and sexual offences,Unable to prosecute suspect,
dc5138878d4fdd095da9247195f75054f6c31539f39a649b2a699ffe6e252468,2021-06,Lancashire Constabulary,Lancashire Constabulary,-2.598385,53.613239,On or near Abbey Grove,E01024915,Chorley 014A,Violence and sexual offences,Unable to prosecute suspect,
2b5898640a34050d5c829d22568e6db45e7bc1e00995b369755b09405aa89068,2021-06,Lancashire Constabulary,Lancashire Constabulary,-2.601800,53.620584,On or near Nightingale Street,E01024915,Chorley 014A,Violence and sexual offences,Unable to prosecute suspect,
68b858d032839af2616accd0bb2e4d00062e80ee995e7dea1ad8d3a37b7da35e,2021-06,Lancashire Constabulary,Lancashire Constabulary,-2.600665,53.619466,On or near Chorley Road,E01024915,Chorley 014A,Violence and sexual offences,Unable to prosecute suspect,
ad27989b74d4c3ecfc4e50d4c1cb88d31400e842dc5f271e560ffd0e50bf4820,2021-06,Lancashire Constabulary,Lancashire Constabulary,-2.606122,53.620454,On or near Fairview Drive,E01024915,Chorley 014A,Violence and sexual offences,Unable to prosecute suspect,
6696fbc96cd4a9554e9b63b1419071f659d47dcd17d739ac02d5035180b01560,2021-06,Lancashire Constabulary,Lancashire Constabulary,-2.603458,53.618130,On or near Chester Place,E01024915,Chorley 014A,Violence and sexual offences,Further investigation is not in the public interest,
,2021-06,Lancashire Constabulary,Lancashire Constabulary,-2.616038,53.610013,On or near Castle House Lane,E01024916,Chorley 014B,Anti-social behaviour,,
,2021-06,Lancashire Constabulary,Lancashire Constabulary,-2.602567,53.616059,On or near Highfield Road,E01024916,Chorley 014B,Anti-social behaviour,,
,2021-06,Lancashire Constabulary,Lancashire Constabulary,-2.616038,53.610013,On or near Castle House Lane,E01024916,Chorley 014B,Anti-social behaviour,,
,2021-06,Lancashire Constabulary,Lancashire Constabulary,-2.616038,53.610013,On or near Castle House Lane,E01024916,Chorley 014B,Anti-social behaviour,,
,2021-06,Lancashire Constabulary,Lancashire Constabulary,-2.616038,53.610013,On or near Castle House Lane,E01024916,Chorley 014B,Anti-social behaviour,,
,2021-06,Lancashire Constabulary,Lancashire Constabulary,-2.616038,53.610013,On or near Castle House Lane,E01024916,Chorley 014B,Anti-social behaviour,,
08fe16c12fd628b2892acda0ece66da959c1fbafa7b4b485ceef7a1cdc136d2c,2021-06,Lancashire Constabulary,Lancashire Constabulary,-2.598883,53.615322,On or near Granville Street,E01024916,Chorley 014B,Burglary,Court result unavailable,
feb56d9d0a7005271715e452762242bb31ce230dc4a875c2949e3e6da1b1214c,2021-06,Lancashire Constabulary,Lancashire Constabulary,-2.616038,53.610013,On or near Castle House Lane,E01024916,Chorley 014B,Criminal damage and arson,Action to be taken by another organisation,
92874bda4c40c46e71544bfdc4f013ced4370abe4bda21f8c189c6176d1ee527,2021-06,Lancashire Constabulary,Lancashire Constabulary,-2.616038,53.610013,On or near Castle House Lane,E01024916,Chorley 014B,Criminal damage and arson,Unable to prosecute suspect,
8f9800be482f5441cda39639a5b067c39a9ce7238c2191b3f81af61528612e9f,2021-06,Lancashire Constabulary,Lancashire Constabulary,-2.600934,53.614970,On or near Railway Road,E01024916,Chorley 014B,Other theft,Investigation complete; no suspect identified,
0882fc9dd0e073ef96cffc049a44e2139e64f471c985d04024ab917c905e8765,2021-06,Lancashire Constabulary,Lancashire Constabulary,-2.598883,53.615322,On or near Granville Street,E01024916,Chorley 014B,Violence and sexual offences,Court result unavailable,
47b2c08c1f55dc401b9503e540e4f34fc6ee13245f7f0b5e64ed0844e574bc3c,2021-06,Lancashire Constabulary,Lancashire Constabulary,-2.598883,53.615322,On or near Granville Street,E01024916,Chorley 014B,Violence and sexual offences,Unable to prosecute suspect,
92f6e262083572ba419a106f1d2b78436bc61e464e904928dfc9801da6109529,2021-06,Lancashire Constabulary,Lancashire Constabulary,-2.606344,53.619114,On or near Meadow View,E01024916,Chorley 014B,Violence and sexual offences,Unable to prosecute suspect,
,2021-06,Lancashire Constabulary,Lancashire Constabulary,-2.606886,53.608406,On or near The Poplars,E01024917,Chorley 014C,Anti-social behaviour,,
,2021-06,Lancashire Constabulary,Lancashire Constabulary,-2.607885,53.611663,On or near Smith Street,E01024917,Chorley 014C,Anti-social behaviour,,
,2021-06,Lancashire Constabulary,Lancashire Constabulary,-2.605468,53.608584,On or near Harrison Road,E01024917,Chorley 014C,Anti-social behaviour,,
4129504483d9320786898d20fb16dc6501becfd4849b5afdd5d57eab0bd6b6b8,2021-06,Lancashire Constabulary,Lancashire Constabulary,-2.605319,53.613995,On or near Gabbot Street,E01024917,Chorley 014C,Criminal damage and arson,Status update unavailable,
603326eefe20255aa3afb27c90f2f0308c07e630902c73616e8af4be12e93a13,2021-06,Lancashire Constabulary,Lancashire Constabulary,-2.605545,53.610767,On or near Canal Street,E01024917,Chorley 014C,Other theft,Investigation complete; no suspect identified,
a48213ebed45eb789e0a86b6ffd51472bd4d2b9673f7f94a2497e7b907147549,2021-06,Lancashire Constabulary,Lancashire Constabulary,-2.607885,53.611663,On or near Smith Street,E01024917,Chorley 014C,Possession of weapons,Further investigation is not in the public interest,
7345116ad48f3c745394a7272d42c57648878e3bbb1924212f31945f73cbef84,2021-06,Lancashire Constabulary,Lancashire Constabulary,-2.607885,53.611663,On or near Smith Street,E01024917,Chorley 014C,Possession of weapons,Offender given a caution,
43dedb14ecefb3029aa4da638fd6ad49e43f15ec1858b0a78b0288ed7d0d7846,2021-06,Lancashire Constabulary,Lancashire Constabulary,-2.604907,53.612694,On or near Bank Street,E01024917,Chorley 014C,Public order,Unable to prosecute suspect,
a92f61e92542ea6d1a116bbaedf7e2dc2fb7954c6a52545a5a97a0f1533ffceb,2021-06,Lancashire Constabulary,Lancashire Constabulary,-2.605477,53.611298,On or near Walton Street,E01024917,Chorley 014C,Public order,Unable to prosecute suspect,
950f13f550f67e43edbe3eb2ba58c08fb3fb1f26a3f4b3d60147549ee1464101,2021-06,Lancashire Constabulary,Lancashire Constabulary,-2.604907,53.612694,On or near Bank Street,E01024917,Chorley 014C,Violence and sexual offences,Investigation complete; no suspect identified,
068a424bce9b1ec9f5b6d6b0d651a72b38f572f242763c3f302a81ade10b31b8,2021-06,Lancashire Constabulary,Lancashire Constabulary,-2.613058,53.611880,On or near Sandy Lane,E01024917,Chorley 014C,Violence and sexual offences,Unable to prosecute suspect,
fc60d18f0fe4a44e1b723a567a3a437bbba0061b02153dd2c4f9cd508e5fd328,2021-06,Lancashire Constabulary,Lancashire Constabulary,-2.613058,53.611880,On or near Sandy Lane,E01024917,Chorley 014C,Violence and sexual offences,Unable to prosecute suspect,
659817ed3b866bd4c0aa0361236a1967ecc23f152d7853dccffa6e7c85ea3d0d,2021-06,Lancashire Constabulary,Lancashire Constabulary,-2.612797,53.610578,On or near Acresfield,E01024917,Chorley 014C,Violence and sexual offences,Unable to prosecute suspect,
2e06300cdf688f076166bb0affe844eb19ca1ff2d648e610f449fa6adbb0c8a2,2021-06,Lancashire Constabulary,Lancashire Constabulary,-2.611806,53.610016,On or near Windsor Avenue,E01024917,Chorley 014C,Violence and sexual offences,Status update unavailable,
,2021-06,Lancashire Constabulary,Lancashire Constabulary,-2.572392,53.599192,On or near Petrol Station,E01024918,Chorley 014D,Anti-social behaviour,,
,2021-06,Lancashire Constabulary,Lancashire Constabulary,-2.572131,53.600011,On or near Parking Area,E01024918,Chorley 014D,Anti-social behaviour,,
,2021-06,Lancashire Constabulary,Lancashire Constabulary,-2.572131,53.600011,On or near Parking Area,E01024918,Chorley 014D,Anti-social behaviour,,
37588d5f50f3a8f250154bb1af79e1bc72c6ef3d5c547928315ea7cc7a03786b,2021-06,Lancashire Constabulary,Lancashire Constabulary,-2.572131,53.600011,On or near Parking Area,E01024918,Chorley 014D,Drugs,Court result unavailable,
0a0c178063fd66afbc4e6aca96a5a8ae68fab7a9df0f448ba08f595d6a1e6228,2021-06,Lancashire Constabulary,Lancashire Constabulary,-2.572131,53.600011,On or near Parking Area,E01024918,Chorley 014D,Other theft,Status update unavailable,
b2c71941aa3a6e5527fc6a1fcb54d2ea74b1254ca120c3bc1a2d80b176b726b8,2021-06,Lancashire Constabulary,Lancashire Constabulary,-2.597072,53.620877,On or near Sutton Lane,E01024918,Chorley 014D,Public order,Unable to prosecute suspect,
,2021-06,Lancashire Constabulary,Lancashire Constabulary,-2.578667,53.634818,On or near Knowsley Lane,E01024973,Chorley 014E,Anti-social behaviour,,
,2021-06,Lancashire Constabulary,Lancashire Constabulary,-2.553610,53.610740,On or near Parking Area,E01024973,Chorley 014E,Anti-social behaviour,,
,2021-06,Lancashire Constabulary,Lancashire Constabulary,-2.607430,53.622065,On or near Heathfield,E01024973,Chorley 014E,Anti-social behaviour,,
,2021-06,Lancashire Constabulary,Lancashire Constabulary,-2.578667,53.634818,On or near Knowsley Lane,E01024973,Chorley 014E,Anti-social behaviour,,
,2021-06,Lancashire Constabulary,Lancashire Constabulary,-2.584579,53.624894,On or near New Road,E01024973,Chorley 014E,Anti-social behaviour,,
,2021-06,Lancashire Constabulary,Lancashire Constabulary,-2.606395,53.621612,On or near Eller Brook Close,E01024973,Chorley 014E,Anti-social behaviour,,
,2021-06,Lancashire Constabulary,Lancashire Constabulary,-2.607725,53.622603,On or near Woodville Road,E01024973,Chorley 014E,Anti-social behaviour,,
,2021-06,Lancashire Constabulary,Lancashire Constabulary,-2.616106,53.627117,On or near Gilbertson Road,E01024973,Chorley 014E,Anti-social behaviour,,
,2021-06,Lancashire Constabulary,Lancashire Constabulary,-2.542445,53.626467,On or near Belmont Road,E01024973,Chorley 014E,Anti-social behaviour,,
,2021-06,Lancashire Constabulary,Lancashire Constabulary,-2.574054,53.637034,On or near Knowsley Lane,E01024973,Chorley 014E,Anti-social behaviour,,
,2021-06,Lancashire Constabulary,Lancashire Constabulary,-2.553610,53.610740,On or near Parking Area,E01024973,Chorley 014E,Anti-social behaviour,,
,2021-06,Lancashire Constabulary,Lancashire Constabulary,-2.563715,53.638602,On or near Hodge Brow,E01024973,Chorley 014E,Anti-social behaviour,,
,2021-06,Lancashire Constabulary,Lancashire Constabulary,-2.607733,53.623142,On or near North Vale,E01024973,Chorley 014E,Anti-social behaviour,,
,2021-06,Lancashire Constabulary,Lancashire Constabulary,-2.616106,53.627117,On or near Gilbertson Road,E01024973,Chorley 014E,Anti-social behaviour,,
,2021-06,Lancashire Constabulary,Lancashire Constabulary,-2.542445,53.626467,On or near Belmont Road,E01024973,Chorley 014E,Anti-social behaviour,,
c1153db4ba36c285ae7038ec2d399a79445f1a6f07b2ba58e0cb6791f25b2346,2021-06,Lancashire Constabulary,Lancashire Constabulary,-2.609344,53.641560,On or near Flag Lane,E01024973,Chorley 014E,Other theft,Status update unavailable,
8981aecb579f99980ec015d0119aab6f1d041960d391592a512d269b34de0552,2021-06,Lancashire Constabulary,Lancashire Constabulary,-2.578667,53.634818,On or near Knowsley Lane,E01024973,Chorley 014E,Public order,Unable to prosecute suspect,
a2f60e686ec334bc9c6ab51ed4f374258b6d18118607959bb50404b1728843b5,2021-06,Lancashire Constabulary,Lancashire Constabulary,-2.553610,53.610740,On or near Parking Area,E01024973,Chorley 014E,Violence and sexual offences,Unable to prosecute suspect,
c9b72f92f0b702703a69b2dd4f105b34a521a3d9045f7e8437e8ddc4f747f7fa,2021-06,Lancashire Constabulary,Lancashire Constabulary,-2.606395,53.621612,On or near Eller Brook Close,E01024973,Chorley 014E,Violence and sexual offences,Investigation complete; no suspect identified,
6f24e44cee1e47a32a6913f5a8505be434b9e178d6f94874ba993bdff9a016ba,2021-06,Lancashire Constabulary,Lancashire Constabulary,-2.553610,53.610740,On or near Parking Area,E01024973,Chorley 014E,Violence and sexual offences,Unable to prosecute suspect,
beafab8e29f60b3ad6ba001a933dc6b0757bf516cae43b0031690e87f888a290,2021-06,Lancashire Constabulary,Lancashire Constabulary,-2.578667,53.634818,On or near Knowsley Lane,E01024973,Chorley 014E,Violence and sexual offences,Status update unavailable,
e96abc79dcdd59acd10510b35a058ea33739331064a553c38bad230f987047c9,2021-06,Lancashire Constabulary,Lancashire Constabulary,-2.553610,53.610740,On or near Parking Area,E01024973,Chorley 014E,Other crime,Status update unavailable,
d233ddb791ff8ea13a545bd0aeac77bc7952573b0e6721c5e183f81c5ae276b7,2021-06,Lancashire Constabulary,Lancashire Constabulary,-1.566953,54.773361,On or near Prison,E01033197,County Durham 030F,Public order,Status update unavailable,
216f4a8c225350ca253438b462a436fa2b7ac3c40fa5a811bacd137c38c58631,2021-06,Lancashire Constabulary,Lancashire Constabulary,-1.566953,54.773361,On or near Prison,E01033197,County Durham 030F,Violence and sexual offences,Status update unavailable,
,2021-06,Lancashire Constabulary,Lancashire Constabulary,-2.884527,53.837020,On or near Cedar Walk,E01024993,Fylde 001A,Anti-social behaviour,,
,2021-06,Lancashire Constabulary,Lancashire Constabulary,-2.882930,53.836951,On or near Wilson Drive,E01024993,Fylde 001A,Anti-social behaviour,,
8535f75432a3f1c62f0a5d3b811d87f72ff953841099d5f0b86e6282f7460d8b,2021-06,Lancashire Constabulary,Lancashire Constabulary,-2.882718,53.858659,On or near Gillow Park,E01024993,Fylde 001A,Other theft,Investigation complete; no suspect identified,
cec0259ca5e04584dd1dfb8fcb0d0df83c250f062b33142431a0b4ab2236097e,2021-06,Lancashire Constabulary,Lancashire Constabulary,-2.892459,53.851280,On or near Meagles Lane,E01024993,Fylde 001A,Other crime,Unable to prosecute suspect,
,2021-06,Lancashire Constabulary,Lancashire Constabulary,-2.948704,53.847900,On or near Garstang Road,E01025026,Fylde 001B,Anti-social behaviour,,
ee6c0c06accb9727a9335da68180246aff148b029f6255b62ac6b03bc9e164bd,2021-06,Lancashire Constabulary,Lancashire Constabulary,-2.949756,53.848009,On or near Petrol Station,E01025026,Fylde 001B,Other theft,Status update unavailable,
5822feef0a10702d6c4a90a622dded28c652b52111d7ce5775086d64ce0000a3,2021-06,Lancashire Constabulary,Lancashire Constabulary,-2.895413,53.815907,On or near Petrol Station,E01025026,Fylde 001B,Other theft,Status update unavailable,
8deced5075c7dd0b8d1462886dd0c2d8f0a0db891d0a2fe08bd24c8df9efcd1f,2021-06,Lancashire Constabulary,Lancashire Constabulary,-2.929055,53.851568,On or near Sports/Recreation Area,E01025026,Fylde 001B,Other theft,Status update unavailable,
8010b6837a1ae626b213ff0ce524ffd51fd1ca7089d93a366830e1b2a2fa1072,2021-06,Lancashire Constabulary,Lancashire Constabulary,-2.895413,53.815907,On or near Petrol Station,E01025026,Fylde 001B,Other theft,Investigation complete; no suspect identified,
989de8d418fc6a0b57dea2a740b6428441319142e4ce32ab532c188303a35f21,2021-06,Lancashire Constabulary,Lancashire Constabulary,-2.888814,53.806959,On or near A585,E01025026,Fylde 001B,Public order,Court result unavailable,
2e74cab6aa96d605683f769a307a1aebbf389e3db52c6e2cbd32caf32fddae96,2021-06,Lancashire Constabulary,Lancashire Constabulary,-2.929055,53.851568,On or near Sports/Recreation Area,E01025026,Fylde 001B,Vehicle crime,Investigation complete; no suspect identified,
a7e1c3aa9293e5a7320872d501ffba28cb4fe728a995f5ac7f3aeaabfb2e4fb4,2021-06,Lancashire Constabulary,Lancashire Constabulary,-2.949522,53.849107,On or near Occupation Lane,E01025026,Fylde 001B,Violence and sexual offences,Unable to prosecute suspect,
7d635d494c6a31dac5b3435d55d14b7fd8ce6abe3bd41924266d057a508ad366,2021-06,Lancashire Constabulary,Lancashire Constabulary,-2.948906,53.842703,On or near Lodge Lane,E01025026,Fylde 001B,Violence and sexual offences,Unable to prosecute suspect,
,2021-06,Lancashire Constabulary,Lancashire Constabulary,-2.942498,53.822656,On or near Aston Street,E01025027,Fylde 001C,Anti-social behaviour,,
,2021-06,Lancashire Constabulary,Lancashire Constabulary,-3.004297,53.824599,On or near Shaftesbury Avenue,E01025027,Fylde 001C,Anti-social behaviour,,
,2021-06,Lancashire Constabulary,Lancashire Constabulary,-3.004297,53.824599,On or near Shaftesbury Avenue,E01025027,Fylde 001C,Anti-social behaviour,,
,2021-06,Lancashire Constabulary,Lancashire Constabulary,-2.934757,53.805243,On or near Elmwood Court,E01025027,Fylde 001C,Anti-social behaviour,,
7f35161dde607e8673983f65cee3103500c263b18f775e229234ae24efbb04f8,2021-06,Lancashire Constabulary,Lancashire Constabulary,-3.004297,53.824599,On or near Shaftesbury Avenue,E01025027,Fylde 001C,Burglary,Investigation complete; no suspect identified,
ecbfa5e9c91c2b5de66706b0b54417acd2a4ff0d083e3c9f7d5216df1aedda5c,2021-06,Lancashire Constabulary,Lancashire Constabulary,-2.941196,53.821498,On or near Henderson Road,E01025027,Fylde 001C,Criminal damage and arson,Investigation complete; no suspect identified,
6030bede06bc1f956b2160df19bd640a9cb0df5062e6c21b66cc943f0fa20043,2021-06,Lancashire Constabulary,Lancashire Constabulary,-3.002868,53.824548,On or near Palatine Close,E01025027,Fylde 001C,Drugs,Unable to prosecute suspect,
8fef114f5cfdfa9c4cd409f9da0feefe5bea2da4d5175309c0d6e168d0c251e6,2021-06,Lancashire Constabulary,Lancashire Constabulary,-3.004297,53.824599,On or near Shaftesbury Avenue,E01025027,Fylde 001C,Drugs,Further investigation is not in the public interest,
7eee6236d7a97a3800035ff3484fec6cbcba909f93ea3e898595b0de88d52f9e,2021-06,Lancashire Constabulary,Lancashire Constabulary,-3.004297,53.824599,On or near Shaftesbury Avenue,E01025027,Fylde 001C,Possession of weapons,Unable to prosecute suspect,
4a1d7b10f2adefa5c25365b771e7531cf8b727184bb0494b244b311ef7dc97d7,2021-06,Lancashire Constabulary,Lancashire Constabulary,-2.916653,53.808520,On or near Back Lane,E01025027,Fylde 001C,Public order,Investigation complete; no suspect identified,
c8916da54c231ce073bca7de5a0a33e482c03a757b3f730d3242ddbb30099031,2021-06,Lancashire Constabulary,Lancashire Constabulary,-3.005885,53.825557,On or near Westfield Avenue,E01025027,Fylde 001C,Theft from the person,Unable to prosecute suspect,
dffc3dfc5fa4fc0f21c8b405a96b11452371d25b019d2c7c62e9062c4ea58b7f,2021-06,Lancashire Constabulary,Lancashire Constabulary,-3.007507,53.825399,On or near Whitemoss Avenue,E01025027,Fylde 001C,Violence and sexual offences,Unable to prosecute suspect,
b4f14ac9645e80d97ad4b47599f8f6b5c13df68ede1436f6159975bf68740151,2021-06,Lancashire Constabulary,Lancashire Constabulary,-2.992613,53.830961,On or near Leehouse Drive,E01025027,Fylde 001C,Violence and sexual offences,Unable to prosecute suspect,
,2021-06,Lancashire Constabulary,Lancashire Constabulary,-2.985973,53.817381,On or near Supermarket,E01025028,Fylde 001D,Anti-social behaviour,,
,2021-06,Lancashire Constabulary,Lancashire Constabulary,-2.992301,53.816484,On or near Whitehead Close,E01025028,Fylde 001D,Anti-social behaviour,,
,2021-06,Lancashire Constabulary,Lancashire Constabulary,-2.985973,53.817381,On or near Supermarket,E01025028,Fylde 001D,Anti-social behaviour,,
1896031a6e014fa345a8540d123ab0cfa95db1bed77b30ce424dc2d3fb68e07a,2021-06,Lancashire Constabulary,Lancashire Constabulary,-2.987972,53.816484,On or near Queens Drive,E01025028,Fylde 001D,Criminal damage and arson,Investigation complete; no suspect identified,
124090726622e7521f94bbd0108c235f661113ff1d99cd1db5dcc449a73dbd25,2021-06,Lancashire Constabulary,Lancashire Constabulary,-2.991498,53.816562,On or near Elizabeth Close,E01025028,Fylde 001D,Vehicle crime,Investigation complete; no suspect identified,
ba421e7e6946ca60cb47b17bbd0dc29f49b00a2d0959abe35aaddb2beafdac16,2021-06,Lancashire Constabulary,Lancashire Constabulary,-2.993161,53.817528,On or near Eddleston Close,E01025028,Fylde 001D,Vehicle crime,Investigation complete; no suspect identified,
85f9714337140283ef02b3ac0e060b4c5c7c63f266d008488488f2125bec9372,2021-06,Lancashire Constabulary,Lancashire Constabulary,-2.989805,53.817565,On or near Meadow Park,E01025028,Fylde 001D,Vehicle crime,Investigation complete; no suspect identified,
447b3a87775cfc0925d38cfa6d1d76d0fa3dc8016035a9b098c362b5c991217e,2021-06,Lancashire Constabulary,Lancashire Constabulary,-2.987972,53.816484,On or near Queens Drive,E01025028,Fylde 001D,Vehicle crime,Status update unavailable,
1a8d063cca6670e3e2a538421d2da12a4d613ce138cc8253cca13daeb235348a,2021-06,Lancashire Constabulary,Lancashire Constabulary,-2.989805,53.817565,On or near Meadow Park,E01025028,Fylde 001D,Vehicle crime,Investigation complete; no suspect identified,
f966287c7b3e1092efb6cf5be932fd38795d9cb4c8e3691648855352538920d5,2021-06,Lancashire Constabulary,Lancashire Constabulary,-2.987972,53.816484,On or near Queens Drive,E01025028,Fylde 001D,Violence and sexual offences,Further investigation is not in the public interest,
c9aae3403f2370c76743017af4365afd43ec77f274e91af90ebb0968f3a3844b,2021-06,Lancashire Constabulary,Lancashire Constabulary,-2.989805,53.817565,On or near Meadow Park,E01025028,Fylde 001D,Violence and sexual offences,Status update unavailable,
a10414a8e14e3cdf9f4cee618b7fffbe9fffa2a71d5dc2d6a44416d5efa15366,2021-06,Lancashire Constabulary,Lancashire Constabulary,-2.985973,53.817381,On or near Supermarket,E01025028,Fylde 001D,Violence and sexual offences,Unable to prosecute suspect,
d5ccebe9742ddee985e6ff00945ff5633b02daced2d1d88d3531001fe6eac80f,2021-06,Lancashire Constabulary,Lancashire Constabulary,-2.989805,53.817565,On or near Meadow Park,E01025028,Fylde 001D,Violence and sexual offences,Investigation complete; no suspect identified,
7791c020d5813a42fb5bb898e0d77e9b39778a9a2b5627142e33c0d1abafddee,2021-06,Lancashire Constabulary,Lancashire Constabulary,-2.986925,53.816528,On or near Whalley Crescent,E01025028,Fylde 001D,Violence and sexual offences,Action to be taken by another organisation,
933dfdc51252e247659948c78ff5410a77301de021e76854e220c991df965f85,2021-06,Lancashire Constabulary,Lancashire Constabulary,-2.989805,53.817565,On or near Meadow Park,E01025028,Fylde 001D,Violence and sexual offences,Unable to prosecute suspect,
,2021-06,Lancashire Constabulary,Lancashire Constabulary,-2.987793,53.786931,On or near B5410,E01025031,Fylde 001E,Anti-social behaviour,,
,2021-06,Lancashire Constabulary,Lancashire Constabulary,-2.987793,53.786931,On or near B5410,E01025031,Fylde 001E,Anti-social behaviour,,
,2021-06,Lancashire Constabulary,Lancashire Constabulary,-2.987793,53.786931,On or near B5410,E01025031,Fylde 001E,Anti-social behaviour,,
,2021-06,Lancashire Constabulary,Lancashire Constabulary,-2.981705,53.793992,On or near M55,E01025031,Fylde 001E,Anti-social behaviour,,
,2021-06,Lancashire Constabulary,Lancashire Constabulary,-2.987793,53.786931,On or near B5410,E01025031,Fylde 001E,Anti-social behaviour,,
,2021-06,Lancashire Constabulary,Lancashire Constabulary,-2.972190,53.787589,On or near Jensen Drive,E01025031,Fylde 001E,Anti-social behaviour,,
,2021-06,Lancashire Constabulary,Lancashire Constabulary,-2.976838,53.765503,On or near West Moss Lane,E01025031,Fylde 001E,Anti-social behaviour,,
,2021-06,Lancashire Constabulary,Lancashire Constabulary,-2.982742,53.792249,On or near Peel Hill,E01025031,Fylde 001E,Anti-social behaviour,,
,2021-06,Lancashire Constabulary,Lancashire Constabulary,-2.986515,53.791939,On or near Woodside,E01025031,Fylde 001E,Anti-social behaviour,,
ebaf80813f535c8e2e23ce4fb7d1dc38cc4f0b7ee920da2718bda0aad563d091,2021-06,Lancashire Constabulary,Lancashire Constabulary,-2.976838,53.765503,On or near West Moss Lane,E01025031,Fylde 001E,Burglary,Investigation complete; no suspect identified,
f96e5c431ef715371c2d6643cde5e85ad96178c97906aa110d7ecfbe39ab1900,2021-06,Lancashire Constabulary,Lancashire Constabulary,-2.970925,53.787375,On or near Lotus Drive,E01025031,Fylde 001E,Burglary,Investigation complete; no suspect identified,
80169d448678935e7e2c739ebcb9cb7702bd5df8931b3f0af86e6bd0d3630cea,2021-06,Lancashire Constabulary,Lancashire Constabulary,-3.004050,53.790131,On or near Dickie'S Lane,E01025031,Fylde 001E,Other theft,Investigation complete; no suspect identified,
4ec1bb9037e463e7386d15a7a70c0e310ebc7548bb4352b5bd32b8104a948e0d,2021-06,Lancashire Constabulary,Lancashire Constabulary,-2.982742,53.792249,On or near Peel Hill,E01025031,Fylde 001E,Other theft,Investigation complete; no suspect identified,
72b05d6151949bb7624d069040b0482271b9f86481f6330dd5a753c6f968ad1c,2021-06,Lancashire Constabulary,Lancashire Constabulary,-2.958039,53.758734,On or near Peg'S Lane,E01025031,Fylde 001E,Possession of weapons,Further investigation is not in the public interest,
c7e99dd19c0495f3d914641d9e05d22a5e35cffc3dd2a1e96035d39b33075685,2021-06,Lancashire Constabulary,Lancashire Constabulary,-2.987793,53.786931,On or near B5410,E01025031,Fylde 001E,Public order,Unable to prosecute suspect,
d0246004acb8e08c824348f4cf272b53b4b39701ea1fd11227b2c6bbc22320f9,2021-06,Lancashire Constabulary,Lancashire Constabulary,-2.910925,53.786003,On or near Blackpool Road,E01025031,Fylde 001E,Violence and sexual offences,Investigation complete; no suspect identified,
,2021-06,Lancashire Constabulary,Lancashire Constabulary,-2.897570,53.783237,On or near Blackpool Road,E01025007,Fylde 002A,Anti-social behaviour,,
,2021-06,Lancashire Constabulary,Lancashire Constabulary,-2.897570,53.783237,On or near Blackpool Road,E01025007,Fylde 002A,Anti-social behaviour,,
,2021-06,Lancashire Constabulary,Lancashire Constabulary,-2.897570,53.783237,On or near Blackpool Road,E01025007,Fylde 002A,Anti-social behaviour,,
,2021-06,Lancashire Constabulary,Lancashire Constabulary,-2.897570,53.783237,On or near Blackpool Road,E01025007,Fylde 002A,Anti-social behaviour,,
,2021-06,Lancashire Constabulary,Lancashire Constabulary,-2.897570,53.783237,On or near Blackpool Road,E01025007,Fylde 002A,Anti-social behaviour,,
8335c7c6e1cfaeb68e2b7f61c4e899a301c8202f70d412fac31ae423033ff4e8,2021-06,Lancashire Constabulary,Lancashire Constabulary,-2.897570,53.783237,On or near Blackpool Road,E01025007,Fylde 002A,Violence and sexual offences,Unable to prosecute suspect,
124f37551df88f34e9a76ffcb0bcf67995695707e5d97576f897b5ac1467273b,2021-06,Lancashire Constabulary,Lancashire Constabulary,-2.891536,53.781376,On or near Cherry Close,E01025007,Fylde 002A,Violence and sexual offences,Action to be taken by another organisation,
,2021-06,Lancashire Constabulary,Lancashire Constabulary,-2.862288,53.782723,On or near Vale Royal,E01025008,Fylde 002B,Anti-social behaviour,,
,2021-06,Lancashire Constabulary,Lancashire Constabulary,-2.862277,53.779936,On or near Dowbridge,E01025008,Fylde 002B,Anti-social behaviour,,
adc974a29cd681a0aa7941bfdad5299a5826e8aba7945b765c747db01b63e440,2021-06,Lancashire Constabulary,Lancashire Constabulary,-2.859234,53.778826,On or near Glebe Lane,E01025008,Fylde 002B,Violence and sexual offences,Unable to prosecute suspect,
,2021-06,Lancashire Constabulary,Lancashire Constabulary,-2.879107,53.782852,On or near Parking Area,E01025009,Fylde 002C,Anti-social behaviour,,
,2021-06,Lancashire Constabulary,Lancashire Constabulary,-2.870729,53.783560,On or near Ancenis Court,E01025009,Fylde 002C,Anti-social behaviour,,
,2021-06,Lancashire Constabulary,Lancashire Constabulary,-2.870729,53.783560,On or near Ancenis Court,E01025009,Fylde 002C,Anti-social behaviour,,
,2021-06,Lancashire Constabulary,Lancashire Constabulary,-2.884639,53.784645,On or near Sunny Bank,E01025009,Fylde 002C,Anti-social behaviour,,
,2021-06,Lancashire Constabulary,Lancashire Constabulary,-2.879467,53.785555,On or near Greenmount Avenue,E01025009,Fylde 002C,Anti-social behaviour,,
,2021-06,Lancashire Constabulary,Lancashire Constabulary,-2.871655,53.782871,On or near Supermarket,E01025009,Fylde 002C,Anti-social behaviour,,
,2021-06,Lancashire Constabulary,Lancashire Constabulary,-2.871655,53.782871,On or near Supermarket,E01025009,Fylde 002C,Anti-social behaviour,,
,2021-06,Lancashire Constabulary,Lancashire Constabulary,-2.871655,53.782871,On or near Supermarket,E01025009,Fylde 002C,Anti-social behaviour,,
,2021-06,Lancashire Constabulary,Lancashire Constabulary,-2.883450,53.784438,On or near Wellington Street,E01025009,Fylde 002C,Anti-social behaviour,,
,2021-06,Lancashire Constabulary,Lancashire Constabulary,-2.884639,53.784645,On or near Sunny Bank,E01025009,Fylde 002C,Anti-social behaviour,,
,2021-06,Lancashire Constabulary,Lancashire Constabulary,-2.875009,53.784320,On or near Milton Crescent,E01025009,Fylde 002C,Anti-social behaviour,,
,2021-06,Lancashire Constabulary,Lancashire Constabulary,-2.883450,53.784438,On or near Wellington Street,E01025009,Fylde 002C,Anti-social behaviour,,
,2021-06,Lancashire Constabulary,Lancashire Constabulary,-2.875009,53.784320,On or near Milton Crescent,E01025009,Fylde 002C,Anti-social behaviour,,
,2021-06,Lancashire Constabulary,Lancashire Constabulary,-2.882660,53.784372,On or near Nelson Street,E01025009,Fylde 002C,Anti-social behaviour,,
,2021-06,Lancashire Constabulary,Lancashire Constabulary,-2.883450,53.784438,On or near Wellington Street,E01025009,Fylde 002C,Anti-social behaviour,,
624161ae5c603f3db858770fdd0a00177d52345f8a20ff076686367a299176d8,2021-06,Lancashire Constabulary,Lancashire Constabulary,-2.876560,53.782997,On or near Langton Road,E01025009,Fylde 002C,Bicycle theft,Investigation complete; no suspect identified,
9407010dd6f0df703a6b42a84486a89b09f31ea9150c3b47c5538b3b67ad8721,2021-06,Lancashire Constabulary,Lancashire Constabulary,-2.884639,53.784645,On or near Sunny Bank,E01025009,Fylde 002C,Criminal damage and arson,Investigation complete; no suspect identified,
b28c0f25db0ef802578959960ef2c1a475ec9dafc3e6a4be29542decb5629ff2,2021-06,Lancashire Constabulary,Lancashire Constabulary,-2.871655,53.782871,On or near Supermarket,E01025009,Fylde 002C,Public order,Further investigation is not in the public interest,
b7032daef2c9844ea37a988675e9fadd35b1e43dac3a4cb3775d4ca62839c7ed,2021-06,Lancashire Constabulary,Lancashire Constabulary,-2.872852,53.782754,On or near Birley Street,E01025009,Fylde 002C,Robbery,Unable to prosecute suspect,
289ad3b5d5cc69263446abde623267da910afe4ef4da8560132983b2555ed547,2021-06,Lancashire Constabulary,Lancashire Constabulary,-2.880768,53.785339,On or near Bleasdale Avenue,E01025009,Fylde 002C,Violence and sexual offences,Investigation complete; no suspect identified,
2ee15c276446290b5224e5ca918dc1b864dc45db819f855cc6feef0c79138bbe,2021-06,Lancashire Constabulary,Lancashire Constabulary,-2.871655,53.782871,On or near Supermarket,E01025009,Fylde 002C,Violence and sexual offences,Unable to prosecute suspect,
cc3e76a4fb1c57a812eba5fab53cee9cab348e3a5534f6975a73583b10534c8e,2021-06,Lancashire Constabulary,Lancashire Constabulary,-2.882660,53.784372,On or near Nelson Street,E01025009,Fylde 002C,Violence and sexual offences,Further investigation is not in the public interest,
6196c596f6dd1d8d53e84fe0143e38dd6c1c6b2f6ee4fe14500ee58c103a67f7,2021-06,Lancashire Constabulary,Lancashire Constabulary,-2.871655,53.782871,On or near Supermarket,E01025009,Fylde 002C,Violence and sexual offences,Unable to prosecute suspect,
dcfba3e1be35d00b0671528df89607a4c0164e19aaaf2f7fe5883c223d90449e,2021-06,Lancashire Constabulary,Lancashire Constabulary,-2.871655,53.782871,On or near Supermarket,E01025009,Fylde 002C,Violence and sexual offences,Investigation complete; no suspect identified,
,2021-06,Lancashire Constabulary,Lancashire Constabulary,-2.870721,53.780244,On or near Old Row,E01025011,Fylde 002D,Anti-social behaviour,,
,2021-06,Lancashire Constabulary,Lancashire Constabulary,-2.876331,53.781470,On or near Parking Area,E01025011,Fylde 002D,Anti-social behaviour,,
,2021-06,Lancashire Constabulary,Lancashire Constabulary,-2.874729,53.781806,On or near Union Passage,E01025011,Fylde 002D,Anti-social behaviour,,
,2021-06,Lancashire Constabulary,Lancashire Constabulary,-2.878255,53.780602,On or near Fylde Street,E01025011,Fylde 002D,Anti-social behaviour,,
,2021-06,Lancashire Constabulary,Lancashire Constabulary,-2.874729,53.781806,On or near Union Passage,E01025011,Fylde 002D,Anti-social behaviour,,
,2021-06,Lancashire Constabulary,Lancashire Constabulary,-2.876331,53.781470,On or near Parking Area,E01025011,Fylde 002D,Anti-social behaviour,,
,2021-06,Lancashire Constabulary,Lancashire Constabulary,-2.869284,53.779760,On or near Carr Road,E01025011,Fylde 002D,Anti-social behaviour,,
,2021-06,Lancashire Constabulary,Lancashire Constabulary,-2.870298,53.780355,On or near Freckleton Street,E01025011,Fylde 002D,Anti-social behaviour,,
,2021-06,Lancashire Constabulary,Lancashire Constabulary,-2.876331,53.781470,On or near Parking Area,E01025011,Fylde 002D,Anti-social behaviour,,
,2021-06,Lancashire Constabulary,Lancashire Constabulary,-2.878704,53.781013,On or near Swarbrick Street,E01025011,Fylde 002D,Anti-social behaviour,,
,2021-06,Lancashire Constabulary,Lancashire Constabulary,-2.873979,53.782216,On or near Poulton Street,E01025011,Fylde 002D,Anti-social behaviour,,
,2021-06,Lancashire Constabulary,Lancashire Constabulary,-2.868877,53.782109,On or near Preston Street,E01025011,Fylde 002D,Anti-social behaviour,,
d0229699b709d25b16f8c78f4d8353badcb0c941edf92cf11f4f5fe0978f80a7,2021-06,Lancashire Constabulary,Lancashire Constabulary,-2.874209,53.781585,On or near Marsden Street,E01025011,Fylde 002D,Criminal damage and arson,Investigation complete; no suspect identified,
5a9578d232cabf76a8485d30358033f5b0a8f535f5bcdf7225a866c1b57e5911,2021-06,Lancashire Constabulary,Lancashire Constabulary,-2.873025,53.780856,On or near Kirkgate,E01025011,Fylde 002D,Other theft,Investigation complete; no suspect identified,
2287367760d69189a5cac4313a11cc4935b719f5a41d01ac7e84493250728ae2,2021-06,Lancashire Constabulary,Lancashire Constabulary,-2.876331,53.781470,On or near Parking Area,E01025011,Fylde 002D,Public order,Further investigation is not in the public interest,
7af7e82f57117f203bd39e518b0c5a86e3601554e952df4b62f2449766ac528a,2021-06,Lancashire Constabulary,Lancashire Constabulary,-2.873979,53.782216,On or near Poulton Street,E01025011,Fylde 002D,Shoplifting,Further investigation is not in the public interest,
6a47e1dfa5e41cbbc7003a8410138c05cd5b52869bbb7d2fab5da16778bdf2bc,2021-06,Lancashire Constabulary,Lancashire Constabulary,-2.873979,53.782216,On or near Poulton Street,E01025011,Fylde 002D,Shoplifting,Further investigation is not in the public interest,
4901227c75dfe15fad288f334267412dc193e9d6542738cf84dbc41afac257a0,2021-06,Lancashire Constabulary,Lancashire Constabulary,-2.870721,53.780244,On or near Old Row,E01025011,Fylde 002D,Theft from the person,Status update unavailable,
07c7d855cf4112a97fedad0109187a3da9af462a37e535cfa110f11a323c6849,2021-06,Lancashire Constabulary,Lancashire Constabulary,-2.873979,53.782216,On or near Poulton Street,E01025011,Fylde 002D,Theft from the person,Status update unavailable,
4a6c6084a63d358c810d16df2fc5c0e7f41f613d51e65c9dd600c0723f19294a,2021-06,Lancashire Constabulary,Lancashire Constabulary,-2.869335,53.780038,On or near Philip Avenue,E01025011,Fylde 002D,Violence and sexual offences,Local resolution,
22a1751a529471b61d9825a409c91431a99b3a5a89e84be7e7b465da303093d5,2021-06,Lancashire Constabulary,Lancashire Constabulary,-2.876331,53.781470,On or near Parking Area,E01025011,Fylde 002D,Violence and sexual offences,Unable to prosecute suspect,
b9fad14b3f5a53fdecc04e380ed1aa597005ef3e0a9346a4197468790e178e2f,2021-06,Lancashire Constabulary,Lancashire Constabulary,-2.869335,53.780038,On or near Philip Avenue,E01025011,Fylde 002D,Violence and sexual offences,Unable to prosecute suspect,
03515549dbce18e9a394d75c4cfdf390a8c554b14861714f169671de52d5b520,2021-06,Lancashire Constabulary,Lancashire Constabulary,-2.870566,53.781575,On or near Police Station,E01025011,Fylde 002D,Violence and sexual offences,Court result unavailable,
b07ae5d149b9e0d9807294e381f1793d75e509355af3e04a5fb81fef4752589c,2021-06,Lancashire Constabulary,Lancashire Constabulary,-2.878704,53.781013,On or near Swarbrick Street,E01025011,Fylde 002D,Violence and sexual offences,Unable to prosecute suspect,
2d8350bc276493c0b444de9e39e58f9c6ce5e87633ad5aa43feb421917e830f8,2021-06,Lancashire Constabulary,Lancashire Constabulary,-2.878255,53.780602,On or near Fylde Street,E01025011,Fylde 002D,Violence and sexual offences,Status update unavailable,
fd51c33871f7c826b56b72a2daf6d111cc2509f789bba1de9734be2eed52e90f,2021-06,Lancashire Constabulary,Lancashire Constabulary,-2.876331,53.781470,On or near Parking Area,E01025011,Fylde 002D,Violence and sexual offences,Unable to prosecute suspect,
f5e81ed0e3ab424141e3e1d06b18aded7bf9fa9e84a215b4a18e1581924a804e,2021-06,Lancashire Constabulary,Lancashire Constabulary,-2.870566,53.781575,On or near Police Station,E01025011,Fylde 002D,Violence and sexual offences,Unable to prosecute suspect,
c3e3e2da883ee328ef2e3427116b185578ee84af606c2e50dc57df77a9098f0d,2021-06,Lancashire Constabulary,Lancashire Constabulary,-2.869335,53.780038,On or near Philip Avenue,E01025011,Fylde 002D,Violence and sexual offences,Unable to prosecute suspect,
6ca5f3c3a1c11be8c053fe588b6d20b5315d00d7a40e3627c835cbad072315c4,2021-06,Lancashire Constabulary,Lancashire Constabulary,-2.878255,53.780602,On or near Fylde Street,E01025011,Fylde 002D,Violence and sexual offences,Unable to prosecute suspect,
8580955930855ef5975ee7898a50c44c82598cdba7218ca19d6884b7403b93f0,2021-06,Lancashire Constabulary,Lancashire Constabulary,-2.869335,53.780038,On or near Philip Avenue,E01025011,Fylde 002D,Violence and sexual offences,Unable to prosecute suspect,
e0fc73692e01f8cd1bdb741e69e40db64f1198cfba033af584140bb446fbb69e,2021-06,Lancashire Constabulary,Lancashire Constabulary,-2.871874,53.780964,On or near Chestnut Close,E01025011,Fylde 002D,Other crime,Unable to prosecute suspect,
,2021-06,Lancashire Constabulary,Lancashire Constabulary,-2.887341,53.791178,On or near West View,E01025012,Fylde 002E,Anti-social behaviour,,
,2021-06,Lancashire Constabulary,Lancashire Constabulary,-2.872051,53.793177,On or near Manor Wood,E01025012,Fylde 002E,Anti-social behaviour,,
,2021-06,Lancashire Constabulary,Lancashire Constabulary,-2.887341,53.791178,On or near West View,E01025012,Fylde 002E,Anti-social behaviour,,
,2021-06,Lancashire Constabulary,Lancashire Constabulary,-2.884414,53.812942,On or near Medlar Lane,E01025012,Fylde 002E,Anti-social behaviour,,
,2021-06,Lancashire Constabulary,Lancashire Constabulary,-2.883266,53.790111,On or near Wesham Park Drive,E01025012,Fylde 002E,Anti-social behaviour,,
03d58de61406961de0b6e78702d310ae2336c69bf26314c4781db9430b7a623a,2021-06,Lancashire Constabulary,Lancashire Constabulary,-2.888912,53.791534,On or near Morland Avenue,E01025012,Fylde 002E,Criminal damage and arson,Investigation complete; no suspect identified,
8a462dad11e70134b2bd7c348c77d37f527750c7df83e98c4b4fde76924cdf20,2021-06,Lancashire Constabulary,Lancashire Constabulary,-2.889677,53.793956,On or near Fairfield Way,E01025012,Fylde 002E,Other theft,Status update unavailable,
0151bdb6778d55012d66c4928195f91895acbbd619b6e5218bdf5834bb2d4c3e,2021-06,Lancashire Constabulary,Lancashire Constabulary,-2.890290,53.792765,On or near Douglas Avenue,E01025012,Fylde 002E,Other theft,Status update unavailable,
6b7146d44ddb1b8c5d6a0bec236bb3361d8d984d351ef9e5342dd35ee4ae1573,2021-06,Lancashire Constabulary,Lancashire Constabulary,-2.888339,53.798172,On or near Fleetwood Road,E01025012,Fylde 002E,Other theft,Status update unavailable,
b9ee6df86a49d1f5afabe89ee72b74525301f0298cd96bea3f355d3f95c70618,2021-06,Lancashire Constabulary,Lancashire Constabulary,-2.889677,53.793956,On or near Fairfield Way,E01025012,Fylde 002E,Other theft,Status update unavailable,
097757dfbf9a91486e48b6f14a77b014573f5a3d524a75683a5c46323ed56742,2021-06,Lancashire Constabulary,Lancashire Constabulary,-2.884352,53.792665,On or near Chapel Close,E01025012,Fylde 002E,Violence and sexual offences,Unable to prosecute suspect,
1fac6c359907751099bb367b7a0cc29905c681361f213f5524dc375f1dcfdc6e,2021-06,Lancashire Constabulary,Lancashire Constabulary,-2.884414,53.812942,On or near Medlar Lane,E01025012,Fylde 002E,Violence and sexual offences,Status update unavailable,
a93d59439021b9dadee19854b02390b8a07a4250ed58ffe73c47b5bfb472adef,2021-06,Lancashire Constabulary,Lancashire Constabulary,-2.888420,53.792635,On or near Queens Place,E01025012,Fylde 002E,Violence and sexual offences,Unable to prosecute suspect,
f210cba3142809e5d3d72728b11645e4ea3e760b9455213396c34d9c600f7515,2021-06,Lancashire Constabulary,Lancashire Constabulary,-2.884352,53.792665,On or near Chapel Close,E01025012,Fylde 002E,Violence and sexual offences,Unable to prosecute suspect,
,2021-06,Lancashire Constabulary,Lancashire Constabulary,-2.885058,53.789433,On or near Wyre Street,E01025013,Fylde 002F,Anti-social behaviour,,
,2021-06,Lancashire Constabulary,Lancashire Constabulary,-2.885354,53.788343,On or near Garstang Road South,E01025013,Fylde 002F,Anti-social behaviour,,
,2021-06,Lancashire Constabulary,Lancashire Constabulary,-2.884319,53.787515,On or near Wright Street,E01025013,Fylde 002F,Anti-social behaviour,,
,2021-06,Lancashire Constabulary,Lancashire Constabulary,-2.884319,53.787515,On or near Wright Street,E01025013,Fylde 002F,Anti-social behaviour,,
,2021-06,Lancashire Constabulary,Lancashire Constabulary,-2.882870,53.787885,On or near Thompson Street,E01025013,Fylde 002F,Anti-social behaviour,,
,2021-06,Lancashire Constabulary,Lancashire Constabulary,-2.882301,53.787512,On or near Railway Terrace,E01025013,Fylde 002F,Anti-social behaviour,,
1400a6d15917c2aa98236abe1a0f8f6f0ce08b79b8bd1b4c2ab8e0c2b8416404,2021-06,Lancashire Constabulary,Lancashire Constabulary,-2.883865,53.788282,On or near Station Road,E01025013,Fylde 002F,Possession of weapons,Court result unavailable,
0d036014c7c17d0b86de62b0034c7edfce7e8da8134ff159ebc39198cb11baf0,2021-06,Lancashire Constabulary,Lancashire Constabulary,-2.887145,53.789076,On or near Catherine Street,E01025013,Fylde 002F,Public order,Unable to prosecute suspect,
59bc0b8e21f8b6a11140f1bfff2c8038ecca6b1ecaf148ad9615aac3ddd014ca,2021-06,Lancashire Constabulary,Lancashire Constabulary,-2.878717,53.790360,On or near Ravenglass Close,E01025013,Fylde 002F,Violence and sexual offences,Unable to prosecute suspect,
49a6e69dab1c8a17698384f9eced15d01e757a3c57a87bbff202c06d634d4c33,2021-06,Lancashire Constabulary,Lancashire Constabulary,-2.887977,53.788207,On or near Market Street,E01025013,Fylde 002F,Violence and sexual offences,Status update unavailable,
b450ccca8b149b5eef32df1cfddd8d164bed8188bff0e31bcccdd57cd074137a,2021-06,Lancashire Constabulary,Lancashire Constabulary,-2.878717,53.790360,On or near Ravenglass Close,E01025013,Fylde 002F,Violence and sexual offences,Unable to prosecute suspect,
dbd413234609ed8dc5e86af2b269201dd2f95169018fbd158e1b0bde3cd99286,2021-06,Lancashire Constabulary,Lancashire Constabulary,-2.878208,53.787766,On or near Wesham Hall Road,E01025013,Fylde 002F,Violence and sexual offences,Unable to prosecute suspect,
b9dc4a7694244a52b018c51a65b79a6153616b85ff88600aba6a887eb9047602,2021-06,Lancashire Constabulary,Lancashire Constabulary,-2.887145,53.789076,On or near Catherine Street,E01025013,Fylde 002F,Violence and sexual offences,Unable to prosecute suspect,
,2021-06,Lancashire Constabulary,Lancashire Constabulary,-2.910024,53.776644,On or near Willow Drive,E01025019,Fylde 002G,Anti-social behaviour,,
,2021-06,Lancashire Constabulary,Lancashire Constabulary,-2.895002,53.778106,On or near Oak Tree Drive,E01025019,Fylde 002G,Anti-social behaviour,,
4e1d79ad17d64d7831d096079da2bc068ddef92c4c67f9d822deb3265981f3e1,2021-06,Lancashire Constabulary,Lancashire Constabulary,-2.895002,53.778106,On or near Oak Tree Drive,E01025019,Fylde 002G,Criminal damage and arson,Unable to prosecute suspect,
6b0f0de71f06ef4d693addbd6a1b6aa475f454996a01893bd73566fa4ae90860,2021-06,Lancashire Constabulary,Lancashire Constabulary,-2.912309,53.775647,On or near Meadow Close,E01025019,Fylde 002G,Criminal damage and arson,Investigation complete; no suspect identified,
1f613b6f28008e49f04b92d82562dbc50e1df4d62dabe528e838e5aa407055cd,2021-06,Lancashire Constabulary,Lancashire Constabulary,-2.910525,53.775229,On or near Ash Grove,E01025019,Fylde 002G,Violence and sexual offences,Further investigation is not in the public interest,
fb96220a655faf1fc26d9dc79256db5d7322dc79aa5a51fa9e112d112330b9c6,2021-06,Lancashire Constabulary,Lancashire Constabulary,-2.898275,53.778593,On or near Willow Chase,E01025019,Fylde 002G,Violence and sexual offences,Unable to prosecute suspect,
4397bb2b1c6e6a0b76aa4a94e0c85b1cb9125a52293ddf94e8c4f508c37c1c1f,2021-06,Lancashire Constabulary,Lancashire Constabulary,-2.895002,53.778106,On or near Oak Tree Drive,E01025019,Fylde 002G,Violence and sexual offences,Unable to prosecute suspect,
35ce9d2daa086e355a3059794535083cbbfd31e26b99a1890416f480e30c58eb,2021-06,Lancashire Constabulary,Lancashire Constabulary,-2.917577,53.777845,On or near First Avenue,E01025019,Fylde 002G,Violence and sexual offences,Unable to prosecute suspect,
,2021-06,Lancashire Constabulary,Lancashire Constabulary,-2.868679,53.768826,On or near York Drive,E01024998,Fylde 003A,Anti-social behaviour,,
,2021-06,Lancashire Constabulary,Lancashire Constabulary,-2.870296,53.769263,On or near Shackleton Road,E01024998,Fylde 003A,Anti-social behaviour,,
,2021-06,Lancashire Constabulary,Lancashire Constabulary,-2.835214,53.758349,On or near Parking Area,E01024998,Fylde 003A,Anti-social behaviour,,
,2021-06,Lancashire Constabulary,Lancashire Constabulary,-2.868679,53.768826,On or near York Drive,E01024998,Fylde 003A,Anti-social behaviour,,
,2021-06,Lancashire Constabulary,Lancashire Constabulary,-2.870296,53.769263,On or near Shackleton Road,E01024998,Fylde 003A,Anti-social behaviour,,
,2021-06,Lancashire Constabulary,Lancashire Constabulary,-2.868679,53.768826,On or near York Drive,E01024998,Fylde 003A,Anti-social behaviour,,
,2021-06,Lancashire Constabulary,Lancashire Constabulary,-2.872077,53.768064,On or near Hunter Road,E01024998,Fylde 003A,Anti-social behaviour,,
a1c614f57a5cf91b8bbea203e964797243167b74effdf817f895b299707490b1,2021-06,Lancashire Constabulary,Lancashire Constabulary,-2.869658,53.768468,On or near Heron Way,E01024998,Fylde 003A,Other theft,Unable to prosecute suspect,
3e67d35a0f9538c5071b20ac7d9b2d094cfb9a527237e2a9046ac24033edc922,2021-06,Lancashire Constabulary,Lancashire Constabulary,-2.868679,53.768826,On or near York Drive,E01024998,Fylde 003A,Other theft,Investigation complete; no suspect identified,
0c94a41b7c1cf1f94d828d16a8a0299361af4a149bf84c5b98b75f30449f54f6,2021-06,Lancashire Constabulary,Lancashire Constabulary,-2.870296,53.769263,On or near Shackleton Road,E01024998,Fylde 003A,Public order,Unable to prosecute suspect,
168240a3d1a7ca8bcb4ec05e2da299357045df5eacb1e1f1ca95fd5496dcca37,2021-06,Lancashire Constabulary,Lancashire Constabulary,-2.870296,53.769263,On or near Shackleton Road,E01024998,Fylde 003A,Public order,Investigation complete; no suspect identified,
68b2696ae01673ab7972189e8e89310aec8e1f45553782beda4b77428727009a,2021-06,Lancashire Constabulary,Lancashire Constabulary,-2.872077,53.768064,On or near Hunter Road,E01024998,Fylde 003A,Violence and sexual offences,Further investigation is not in the public interest,
becab4f8f1ccca0b815d8bc2ee2f91c89879868947d643ae26bb118e34084096,2021-06,Lancashire Constabulary,Lancashire Constabulary,-2.856172,53.756646,On or near Spring Hill,E01024998,Fylde 003A,Violence and sexual offences,Further investigation is not in the public interest,
98c610f6c68b993b6fb7e3a1bf240dbab377c47f91f49e1f4f5e9c7c938acc1a,2021-06,Lancashire Constabulary,Lancashire Constabulary,-2.835214,53.758349,On or near Parking Area,E01024998,Fylde 003A,Violence and sexual offences,Unable to prosecute suspect,
13f2dcbfacdeacfc9f7af1d52eb3058562c255b6c70e5c9a7f972d81e081efce,2021-06,Lancashire Constabulary,Lancashire Constabulary,-2.856172,53.756646,On or near Spring Hill,E01024998,Fylde 003A,Violence and sexual offences,Further investigation is not in the public interest,
7c8d94e3b0bf115626b784e7b257290ac06dc4671e0d877b2813da42699f6336,2021-06,Lancashire Constabulary,Lancashire Constabulary,-2.859849,53.757681,On or near Waxy Lane,E01024998,Fylde 003A,Violence and sexual offences,Unable to prosecute suspect,
33c667aefe6d4b814c20c1b77ba9203ad5ba7c24991bd5b3db9e39adf11ee856,2021-06,Lancashire Constabulary,Lancashire Constabulary,-2.872077,53.768064,On or near Hunter Road,E01024998,Fylde 003A,Violence and sexual offences,Unable to prosecute suspect,
,2021-06,Lancashire Constabulary,Lancashire Constabulary,-2.872798,53.779420,On or near The Close,E01025010,Fylde 003B,Anti-social behaviour,,
,2021-06,Lancashire Constabulary,Lancashire Constabulary,-2.868937,53.779115,On or near Queen'S Crescent,E01025010,Fylde 003B,Anti-social behaviour,,
,2021-06,Lancashire Constabulary,Lancashire Constabulary,-2.864415,53.779849,On or near Roman Way,E01025010,Fylde 003B,Anti-social behaviour,,
,2021-06,Lancashire Constabulary,Lancashire Constabulary,-2.881971,53.779757,On or near St Johns Avenue,E01025010,Fylde 003B,Anti-social behaviour,,
29302bb190807fcd2226e7139dfb30c62fcf70931f48a791c6a305a34b010ed9,2021-06,Lancashire Constabulary,Lancashire Constabulary,-2.870206,53.776643,On or near Freckleton Road,E01025010,Fylde 003B,Burglary,Investigation complete; no suspect identified,
7ab20d1795aae135e23336b4be8b855718bc5bbed77891d2a9a6ad3b8db70e7f,2021-06,Lancashire Constabulary,Lancashire Constabulary,-2.883966,53.780084,On or near Bryning Fern Lane,E01025010,Fylde 003B,Criminal damage and arson,Investigation complete; no suspect identified,
cff8485cc8328d1c783f19168dfbd9e598a9e80feac398a3c13835d585fde892,2021-06,Lancashire Constabulary,Lancashire Constabulary,-2.872798,53.779420,On or near The Close,E01025010,Fylde 003B,Criminal damage and arson,Investigation complete; no suspect identified,
b05bec24e5be8f4e8b5a3bc7b25264cfe5996036a249804cd6b946f597a131b2,2021-06,Lancashire Constabulary,Lancashire Constabulary,-2.868937,53.779115,On or near Queen'S Crescent,E01025010,Fylde 003B,Violence and sexual offences,Unable to prosecute suspect,
04d616d4a9c465782d48f85e90813d55e2bcc34b7c10068afc06fbe3a7e3b580,2021-06,Lancashire Constabulary,Lancashire Constabulary,-2.866882,53.781009,On or near Carrwood Drive,E01025010,Fylde 003B,Violence and sexual offences,Unable to prosecute suspect,
7dd5ce9353c7de504907f76853e62fba87c662f3996a12a04e12fa259135d392,2021-06,Lancashire Constabulary,Lancashire Constabulary,-2.868937,53.779115,On or near Queen'S Crescent,E01025010,Fylde 003B,Violence and sexual offences,Unable to prosecute suspect,
b44125c59b94e608c34342e40b72bcf9dd27949820edf3a2c29d62e72e748a7d,2021-06,Lancashire Constabulary,Lancashire Constabulary,-2.873234,53.774860,On or near Prison,E01025010,Fylde 003B,Other crime,Court result unavailable,
16fb3705edc9f5f7f91989b62034d408da25a02f324fd606f4afacb2203afc60,2021-06,Lancashire Constabulary,Lancashire Constabulary,-2.873234,53.774860,On or near Prison,E01025010,Fylde 003B,Other crime,Court result unavailable,
,2021-06,Lancashire Constabulary,Lancashire Constabulary,-2.813988,53.768185,On or near Clifton Green,E01025014,Fylde 003C,Anti-social behaviour,,
,2021-06,Lancashire Constabulary,Lancashire Constabulary,-2.816194,53.791207,On or near Dagger Road,E01025014,Fylde 003C,Anti-social behaviour,,
,2021-06,Lancashire Constabulary,Lancashire Constabulary,-2.813862,53.767206,On or near First Avenue,E01025014,Fylde 003C,Anti-social behaviour,,
a78609daa6c9f925c519444b03ffffa73b3070278d6fe8514f6d1d1967614a09,2021-06,Lancashire Constabulary,Lancashire Constabulary,-2.842158,53.792259,On or near Moss Lane West,E01025014,Fylde 003C,Criminal damage and arson,Investigation complete; no suspect identified,
9aa4b51428092238e8a3b62b01835087f3439cf5679eaf6bc3dd3329691b41f6,2021-06,Lancashire Constabulary,Lancashire Constabulary,-2.813862,53.767206,On or near First Avenue,E01025014,Fylde 003C,Theft from the person,Unable to prosecute suspect,
1aabf8b0d36cb6f6d8f4c1fc1e4e66db52a0e3bb290fa2e55d942f63ae9b598a,2021-06,Lancashire Constabulary,Lancashire Constabulary,-2.844487,53.775236,On or near Petrol Station,E01025014,Fylde 003C,Vehicle crime,Unable to prosecute suspect,
9c8145505d0640c38156b8b5cbd1b9436bee10ad6399f5dd44eae780152572c4,2021-06,Lancashire Constabulary,Lancashire Constabulary,-2.810289,53.768354,On or near Meadow Close,E01025014,Fylde 003C,Violence and sexual offences,Unable to prosecute suspect,
cab7c33195516c26c6f260df3746d9f8ee00f37255e45d16c71de54c7d54e7c5,2021-06,Lancashire Constabulary,Lancashire Constabulary,-2.857146,53.824510,On or near Roseacre Road,E01025014,Fylde 003C,Violence and sexual offences,Unable to prosecute suspect,
5c3374dd35f6ff5ab65fdc0685f234e906ff7f2f8ab74848d1ae33fdc4bee905,2021-06,Lancashire Constabulary,Lancashire Constabulary,-2.815951,53.790417,On or near Treales Road,E01025014,Fylde 003C,Violence and sexual offences,Formal action is not in the public interest,
,2021-06,Lancashire Constabulary,Lancashire Constabulary,-2.842401,53.773336,On or near Woodlands Close,E01025015,Fylde 003D,Anti-social behaviour,,
,2021-06,Lancashire Constabulary,Lancashire Constabulary,-2.838965,53.770736,On or near Marsh View,E01025015,Fylde 003D,Anti-social behaviour,,
,2021-06,Lancashire Constabulary,Lancashire Constabulary,-2.841397,53.771726,On or near Bryning Lane,E01025015,Fylde 003D,Anti-social behaviour,,
3caf0455c005f99470a1082ac1a27f2f7153a289ddc4623e744bcf6388e88aef,2021-06,Lancashire Constabulary,Lancashire Constabulary,-2.838965,53.770736,On or near Marsh View,E01025015,Fylde 003D,Criminal damage and arson,Investigation complete; no suspect identified,
,2021-06,Lancashire Constabulary,Lancashire Constabulary,-3.022177,53.762114,On or near Kingsmere Avenue,E01025004,Fylde 004A,Anti-social behaviour,,
,2021-06,Lancashire Constabulary,Lancashire Constabulary,-3.016158,53.766021,On or near Derwent Road,E01025006,Fylde 004B,Anti-social behaviour,,
,2021-06,Lancashire Constabulary,Lancashire Constabulary,-3.024669,53.769148,On or near Hoghton Close,E01025006,Fylde 004B,Anti-social behaviour,,
,2021-06,Lancashire Constabulary,Lancashire Constabulary,-3.016745,53.767104,On or near Lawson Road,E01025006,Fylde 004B,Anti-social behaviour,,
,2021-06,Lancashire Constabulary,Lancashire Constabulary,-3.014795,53.768648,On or near Snowdon Road,E01025006,Fylde 004B,Anti-social behaviour,,
089d608a9023232f306e6a955fdb8723f74ef83d8eb551c969dc02bbd0e45d21,2021-06,Lancashire Constabulary,Lancashire Constabulary,-3.019434,53.766640,On or near Hoyle Avenue,E01025006,Fylde 004B,Criminal damage and arson,Investigation complete; no suspect identified,
a60f4bc20fcc57395f2de4df74929eaa04a92ddabd1e2136df939548424ec76f,2021-06,Lancashire Constabulary,Lancashire Constabulary,-3.016158,53.766021,On or near Derwent Road,E01025006,Fylde 004B,Criminal damage and arson,Investigation complete; no suspect identified,
7ec58af8975a2d39cd834ef2c6ff87dc2922c83702fd7a1534ca52a9e161b349,2021-06,Lancashire Constabulary,Lancashire Constabulary,-3.016745,53.767104,On or near Lawson Road,E01025006,Fylde 004B,Vehicle crime,Status update unavailable,
fd87b23f2c45d391ed0471b469cf03ccb6792088b82a0ddef45350ac8a3d7b7c,2021-06,Lancashire Constabulary,Lancashire Constabulary,-3.016158,53.766021,On or near Derwent Road,E01025006,Fylde 004B,Violence and sexual offences,Further investigation is not in the public interest,
cb3215e89154ddfda6b83ec32048bcb24b50fa1754fcf5181c64621c222e59bf,2021-06,Lancashire Constabulary,Lancashire Constabulary,-3.019974,53.767013,On or near Bowness Avenue,E01025006,Fylde 004B,Violence and sexual offences,Unable to prosecute suspect,
8649aca165556964a4a0692973d8b6dbc2617c643d774c84a69052faa1367d0c,2021-06,Lancashire Constabulary,Lancashire Constabulary,-3.016158,53.766021,On or near Derwent Road,E01025006,Fylde 004B,Violence and sexual offences,Unable to prosecute suspect,
fdabbeda65f46efbd532a818e42af05d41d7f8da3c66990ded8c66ed31f60643,2021-06,Lancashire Constabulary,Lancashire Constabulary,-3.028589,53.765654,On or near Howard Close,E01025023,Fylde 004C,Other theft,Investigation complete; no suspect identified,
6bb9a2c3f8b66991067236183f796604640eee07daf1ecd10b570479c6924bc2,2021-06,Lancashire Constabulary,Lancashire Constabulary,-3.026479,53.765591,On or near Collingwood Avenue,E01025023,Fylde 004C,Violence and sexual offences,Further investigation is not in the public interest,
,2021-06,Lancashire Constabulary,Lancashire Constabulary,-3.035396,53.779033,On or near Supermarket,E01025024,Fylde 004D,Anti-social behaviour,,
,2021-06,Lancashire Constabulary,Lancashire Constabulary,-3.048727,53.776868,On or near Hornsey Avenue,E01025024,Fylde 004D,Anti-social behaviour,,
,2021-06,Lancashire Constabulary,Lancashire Constabulary,-3.035396,53.779033,On or near Supermarket,E01025024,Fylde 004D,Anti-social behaviour,,
,2021-06,Lancashire Constabulary,Lancashire Constabulary,-3.035396,53.779033,On or near Supermarket,E01025024,Fylde 004D,Anti-social behaviour,,
,2021-06,Lancashire Constabulary,Lancashire Constabulary,-3.043403,53.778793,On or near Squires Gate Lane,E01025024,Fylde 004D,Anti-social behaviour,,
,2021-06,Lancashire Constabulary,Lancashire Constabulary,-3.033784,53.762212,On or near Langdale Road,E01025024,Fylde 004D,Anti-social behaviour,,
,2021-06,Lancashire Constabulary,Lancashire Constabulary,-3.033784,53.762212,On or near Langdale Road,E01025024,Fylde 004D,Anti-social behaviour,,
,2021-06,Lancashire Constabulary,Lancashire Constabulary,-3.048727,53.776868,On or near Hornsey Avenue,E01025024,Fylde 004D,Anti-social behaviour,,
,2021-06,Lancashire Constabulary,Lancashire Constabulary,-3.033784,53.762212,On or near Langdale Road,E01025024,Fylde 004D,Anti-social behaviour,,
,2021-06,Lancashire Constabulary,Lancashire Constabulary,-3.045610,53.778459,On or near Lytham Road,E01025024,Fylde 004D,Anti-social behaviour,,
,2021-06,Lancashire Constabulary,Lancashire Constabulary,-3.048727,53.776868,On or near Hornsey Avenue,E01025024,Fylde 004D,Anti-social behaviour,,
8e12d97e5d089b7fcb6ad6d4e5ebc453b74610280154f8a5690f9e90fee58a66,2021-06,Lancashire Constabulary,Lancashire Constabulary,-3.046584,53.776743,On or near Westgate Road,E01025024,Fylde 004D,Criminal damage and arson,Offender given a caution,
3ddcc5f494ac22dcb60871f43b1803662f0fce7cb14311f07a2d562948959b0e,2021-06,Lancashire Constabulary,Lancashire Constabulary,-3.038037,53.761231,On or near Barton Road,E01025024,Fylde 004D,Criminal damage and arson,Unable to prosecute suspect,
1c9687c07e13f0628ebe05ec01ad6b3883782d26bc3bb1cd2b773f752e6dd8ce,2021-06,Lancashire Constabulary,Lancashire Constabulary,-3.035396,53.779033,On or near Supermarket,E01025024,Fylde 004D,Other theft,Investigation complete; no suspect identified,
2ce7a3dd084b7dc7b3392c763409d62c9911d9b59b71d3bed23adb1d97afc5b8,2021-06,Lancashire Constabulary,Lancashire Constabulary,-3.046584,53.776743,On or near Westgate Road,E01025024,Fylde 004D,Public order,Unable to prosecute suspect,
07436e52e8262922a891630a4af50a78afea31a65ae53517e2366768864f34a0,2021-06,Lancashire Constabulary,Lancashire Constabulary,-3.048727,53.776868,On or near Hornsey Avenue,E01025024,Fylde 004D,Public order,Further investigation is not in the public interest,
537f45bdae90a5da04a8d9135609e86651b980e8bd56af1691fc77a45e65f488,2021-06,Lancashire Constabulary,Lancashire Constabulary,-3.041843,53.761783,On or near Seaton Crescent,E01025024,Fylde 004D,Vehicle crime,Investigation complete; no suspect identified,
2a2cc0ea9300e869c89b76c83ee35ed793aa67c0cf1a94c0c1068342279d3cfc,2021-06,Lancashire Constabulary,Lancashire Constabulary,-3.033784,53.762212,On or near Langdale Road,E01025024,Fylde 004D,Vehicle crime,Investigation complete; no suspect identified,
1e8dc7f9c5bf49e091199733ba3bb611d5bfbd8c01ebee169d4dc337b7022f66,2021-06,Lancashire Constabulary,Lancashire Constabulary,-3.044026,53.762923,On or near Salcombe Road,E01025024,Fylde 004D,Violence and sexual offences,Unable to prosecute suspect,
c291c7cb657fc6d024eba89f0a320f76fb90fe7a9d8f34c6f42f69eb87944ebf,2021-06,Lancashire Constabulary,Lancashire Constabulary,-3.044026,53.762923,On or near Salcombe Road,E01025024,Fylde 004D,Violence and sexual offences,Unable to prosecute suspect,
20a412f3bdd6f04741f65531b28ca59a18ebf7b529fd107d164c94262f6c7262,2021-06,Lancashire Constabulary,Lancashire Constabulary,-3.038037,53.761231,On or near Barton Road,E01025024,Fylde 004D,Violence and sexual offences,Unable to prosecute suspect,
ea511caaeaa38774a4aad21534065a8234ca0d6b9eeb45f3a2bedfac8cae2b3d,2021-06,Lancashire Constabulary,Lancashire Constabulary,-3.048727,53.776868,On or near Hornsey Avenue,E01025024,Fylde 004D,Violence and sexual offences,Local resolution,
a9f0f1feabc4221889f5c65e0f755ee8c1300d5cf3215218c99301f5474ac68f,2021-06,Lancashire Constabulary,Lancashire Constabulary,-3.045610,53.778459,On or near Lytham Road,E01025024,Fylde 004D,Other crime,Unable to prosecute suspect,
,2021-06,Lancashire Constabulary,Lancashire Constabulary,-3.035487,53.758683,On or near Press Road,E01025025,Fylde 004E,Anti-social behaviour,,
,2021-06,Lancashire Constabulary,Lancashire Constabulary,-3.035487,53.758683,On or near Press Road,E01025025,Fylde 004E,Anti-social behaviour,,
8e2f457f44991602c4c51d70fa5913978949309d544ed5ce03c36e83afa9976e,2021-06,Lancashire Constabulary,Lancashire Constabulary,-3.030824,53.760907,On or near Harwood Avenue,E01025025,Fylde 004E,Criminal damage and arson,Investigation complete; no suspect identified,
f5e1e2f04d24927c58123d1a7734ce1cf5e64af86b6572be584c90a24208857d,2021-06,Lancashire Constabulary,Lancashire Constabulary,-3.024511,53.762040,On or near Supermarket,E01025025,Fylde 004E,Violence and sexual offences,Status update unavailable,
71e239b05ad9187f241645aa7c8f4e68a150f00879039685c09be4b2105ab4f3,2021-06,Lancashire Constabulary,Lancashire Constabulary,-3.034384,53.760715,On or near Myerscough Avenue,E01025025,Fylde 004E,Violence and sexual offences,Investigation complete; no suspect identified,
e0e4dc8e8673e727648b8de5e2d64849cbd8ddce2637c9518b6b47f4daab6816,2021-06,Lancashire Constabulary,Lancashire Constabulary,-3.024511,53.762040,On or near Supermarket,E01025025,Fylde 004E,Violence and sexual offences,Unable to prosecute suspect,
b1e2fa7ccbc54942633c303c7cc38abc98013936b21c70b6b01a817f7db707f7,2021-06,Lancashire Constabulary,Lancashire Constabulary,-3.024511,53.762040,On or near Supermarket,E01025025,Fylde 004E,Violence and sexual offences,Unable to prosecute suspect,
61a61c9d18a29f3476d1d8b6cd6975a153dc77097835a7cfe7920b0fcbb5c001,2021-06,Lancashire Constabulary,Lancashire Constabulary,-3.032852,53.761941,On or near Ambleside Road,E01025025,Fylde 004E,Violence and sexual offences,Unable to prosecute suspect,
81696c1003e2d4903b555d1e42110add1014d2ef30c620441cf563eeb45888d9,2021-06,Lancashire Constabulary,Lancashire Constabulary,-3.004511,53.754138,On or near Thirsk Avenue,E01025001,Fylde 005A,Other theft,Investigation complete; no suspect identified,
9c8dcf1d07b9a4f2faa69aa193389914722223bcc41ada7d013965ada96a9696,2021-06,Lancashire Constabulary,Lancashire Constabulary,-3.010125,53.762477,On or near The Croft,E01025001,Fylde 005A,Theft from the person,Unable to prosecute suspect,
cedec16ca216dee100fa10283670d3656c22175130a768a4e971162570b87206,2021-06,Lancashire Constabulary,Lancashire Constabulary,-3.004511,53.754138,On or near Thirsk Avenue,E01025001,Fylde 005A,Other crime,Further investigation is not in the public interest,
,2021-06,Lancashire Constabulary,Lancashire Constabulary,-3.013108,53.754038,On or near Petrol Station,E01025002,Fylde 005B,Anti-social behaviour,,
,2021-06,Lancashire Constabulary,Lancashire Constabulary,-3.015350,53.755835,On or near Wyre Street,E01025002,Fylde 005B,Anti-social behaviour,,
82959b0d4b069e1a38c46e13b3bad181fc9f1ca827c340f1da552b215741f239,2021-06,Lancashire Constabulary,Lancashire Constabulary,-3.017231,53.755208,On or near Church Road,E01025002,Fylde 005B,Criminal damage and arson,Investigation complete; no suspect identified,
ffc3d53560de26fe1ebac7509030c8c5f8b60b412f490a304dcec7f8f0c7bcc8,2021-06,Lancashire Constabulary,Lancashire Constabulary,-3.013108,53.754038,On or near Petrol Station,E01025002,Fylde 005B,Other theft,Status update unavailable,
ce4b0423054417604291b737db39a749c5a36a568a8cda931429d7e8a1aad834,2021-06,Lancashire Constabulary,Lancashire Constabulary,-3.015242,53.756357,On or near Alexandra Road,E01025002,Fylde 005B,Vehicle crime,Court result unavailable,
3813a58c2b7fde6dac3866a5381dbd680ff4ac777a49dea29c882c97e596dc72,2021-06,Lancashire Constabulary,Lancashire Constabulary,-3.010392,53.754007,On or near Moorland Road,E01025002,Fylde 005B,Violence and sexual offences,Unable to prosecute suspect,
,2021-06,Lancashire Constabulary,Lancashire Constabulary,-3.013614,53.764335,On or near Eaves Road,E01025005,Fylde 005C,Anti-social behaviour,,
,2021-06,Lancashire Constabulary,Lancashire Constabulary,-3.017287,53.760016,On or near Ramsgate Road,E01025005,Fylde 005C,Anti-social behaviour,,
9262dd883a53108dd324f94878df87db36e048640df5bbf351c6c7e76b0d00f0,2021-06,Lancashire Constabulary,Lancashire Constabulary,-3.013791,53.762859,On or near Scarborough Road,E01025005,Fylde 005C,Bicycle theft,Investigation complete; no suspect identified,
9a22b9c62a530fe673459cb72996a1a01333b5a3b21f180037274959eaf28908,2021-06,Lancashire Constabulary,Lancashire Constabulary,-3.014800,53.765718,On or near Meadowcroft,E01025005,Fylde 005C,Other theft,Further investigation is not in the public interest,
792271d95255371ba89651e9361689d311c131748d2a4f07c2d4d762a585e2fb,2021-06,Lancashire Constabulary,Lancashire Constabulary,-3.012228,53.761578,On or near Beverley Road North,E01025005,Fylde 005C,Other theft,Status update unavailable,
69b3deeee63f92539341cddd7838ff85cac56b5d0685ae251a767407231a24f5,2021-06,Lancashire Constabulary,Lancashire Constabulary,-3.014107,53.765930,On or near Everest Close,E01025005,Fylde 005C,Public order,Further investigation is not in the public interest,
25fa5c303275d39b48fc902e8e2685298a12765fb26b6e52c3be395768e18577,2021-06,Lancashire Constabulary,Lancashire Constabulary,-3.014107,53.765930,On or near Everest Close,E01025005,Fylde 005C,Public order,Further investigation is not in the public interest,
ec455c213ae00e35152a80ff8f6489a8674a9979a77658a5bee72804426e952d,2021-06,Lancashire Constabulary,Lancashire Constabulary,-3.015755,53.759409,On or near St Anne'S Road East,E01025005,Fylde 005C,Vehicle crime,Investigation complete; no suspect identified,
fc1f6b2ddec9c97d365c2e33e7b3053aa2fa2fb195cd99d4bd6e3bc7257d4420,2021-06,Lancashire Constabulary,Lancashire Constabulary,-3.015755,53.759409,On or near St Anne'S Road East,E01025005,Fylde 005C,Violence and sexual offences,Further investigation is not in the public interest,
e6ad1a19592630e82a64098c6723acc8ec6d1b56cf56aba8b1600b399c40e469,2021-06,Lancashire Constabulary,Lancashire Constabulary,-3.014107,53.765930,On or near Everest Close,E01025005,Fylde 005C,Violence and sexual offences,Local resolution,
1509a9711a1e6096d809195d05d2a2096218bc365b4033eae8b999f2184e15ef,2021-06,Lancashire Constabulary,Lancashire Constabulary,-3.011145,53.760715,On or near Beverley Road South,E01025005,Fylde 005C,Violence and sexual offences,Investigation complete; no suspect identified,
,2021-06,Lancashire Constabulary,Lancashire Constabulary,-2.990278,53.748683,On or near Brompton Close,E01025016,Fylde 005D,Anti-social behaviour,,
,2021-06,Lancashire Constabulary,Lancashire Constabulary,-2.989585,53.754693,On or near Grand Manor Drive,E01025016,Fylde 005D,Anti-social behaviour,,
,2021-06,Lancashire Constabulary,Lancashire Constabulary,-2.985708,53.754303,On or near Oystercatcher Gate,E01025016,Fylde 005D,Anti-social behaviour,,
20f34e19f25ba181b285056be04517b263c708b74eb255ded0537294d357c151,2021-06,Lancashire Constabulary,Lancashire Constabulary,-2.993108,53.752309,On or near Heyhouses Lane,E01025016,Fylde 005D,Violence and sexual offences,Unable to prosecute suspect,
,2021-06,Lancashire Constabulary,Lancashire Constabulary,-2.997986,53.751433,On or near Smithy Lane,E01025018,Fylde 005E,Anti-social behaviour,,
,2021-06,Lancashire Constabulary,Lancashire Constabulary,-2.997986,53.751433,On or near Smithy Lane,E01025018,Fylde 005E,Anti-social behaviour,,
,2021-06,Lancashire Constabulary,Lancashire Constabulary,-2.997986,53.751433,On or near Smithy Lane,E01025018,Fylde 005E,Anti-social behaviour,,
,2021-06,Lancashire Constabulary,Lancashire Constabulary,-2.997986,53.751433,On or near Smithy Lane,E01025018,Fylde 005E,Anti-social behaviour,,
,2021-06,Lancashire Constabulary,Lancashire Constabulary,-2.997986,53.751433,On or near Smithy Lane,E01025018,Fylde 005E,Anti-social behaviour,,
,2021-06,Lancashire Constabulary,Lancashire Constabulary,-2.997986,53.751433,On or near Smithy Lane,E01025018,Fylde 005E,Anti-social behaviour,,
15851101463d6258dea9eb3d977c3d1b43ed8ef104e8aadf2e0b81172216c889,2021-06,Lancashire Constabulary,Lancashire Constabulary,-2.997986,53.751433,On or near Smithy Lane,E01025018,Fylde 005E,Criminal damage and arson,Unable to prosecute suspect,
f44ed0b38667bc53f06f1a4f386b4f22d163a467033d67ee50a7e563796ebaaa,2021-06,Lancashire Constabulary,Lancashire Constabulary,-2.998226,53.753237,On or near Harrogate Road,E01025018,Fylde 005E,Vehicle crime,Investigation complete; no suspect identified,
756b8ea519c318ad7b709ef195ec6275ff28dd8548ae07f4ee20a223fe500fe3,2021-06,Lancashire Constabulary,Lancashire Constabulary,-3.003894,53.758179,On or near Heyhouses Lane,E01025018,Fylde 005E,Violence and sexual offences,Unable to prosecute suspect,
,2021-06,Lancashire Constabulary,Lancashire Constabulary,-3.039720,53.758745,On or near Cavendish Road,E01024984,Fylde 006A,Anti-social behaviour,,
2fc353b95971d196ec963cab2f642773022a713d3bc5cf1a235b575d0ee95e4f,2021-06,Lancashire Constabulary,Lancashire Constabulary,-3.039423,53.757768,On or near St Hilda'S Road,E01024984,Fylde 006A,Violence and sexual offences,Unable to prosecute suspect,
881025218985646d89018406df572f1957b2ba5c754a2ee376b25620aacd7e7d,2021-06,Lancashire Constabulary,Lancashire Constabulary,-3.036062,53.756161,On or near Chatsworth Road,E01024984,Fylde 006A,Other crime,Unable to prosecute suspect,
,2021-06,Lancashire Constabulary,Lancashire Constabulary,-3.028306,53.758430,On or near Mayfield Road,E01024985,Fylde 006B,Anti-social behaviour,,
,2021-06,Lancashire Constabulary,Lancashire Constabulary,-3.027739,53.758183,On or near Oxford Road,E01024985,Fylde 006B,Anti-social behaviour,,
,2021-06,Lancashire Constabulary,Lancashire Constabulary,-3.032676,53.756019,On or near Cambell'S Court,E01024985,Fylde 006B,Anti-social behaviour,,
967406908803ed368f8acb8d2d4726e11e014895e1c2955c4eff425c5feae1d2,2021-06,Lancashire Constabulary,Lancashire Constabulary,-3.032367,53.756391,On or near Lord Street,E01024985,Fylde 006B,Violence and sexual offences,Status update unavailable,
ea9a5562760be18a984acfbc861cb892f09da08ac3f3ed18d76611000017efba,2021-06,Lancashire Constabulary,Lancashire Constabulary,-3.032367,53.756391,On or near Lord Street,E01024985,Fylde 006B,Violence and sexual offences,Unable to prosecute suspect,
43d8053f2a6f6ec2358f2c7729f64da573b0629cfdcb893b04af9abcafa8e8c0,2021-06,Lancashire Constabulary,Lancashire Constabulary,-3.032367,53.756391,On or near Lord Street,E01024985,Fylde 006B,Violence and sexual offences,Investigation complete; no suspect identified,
,2021-06,Lancashire Constabulary,Lancashire Constabulary,-3.036543,53.753532,On or near Clifton Drive North,E01024986,Fylde 006C,Anti-social behaviour,,
,2021-06,Lancashire Constabulary,Lancashire Constabulary,-3.030689,53.755380,On or near Stephen Street,E01024986,Fylde 006C,Anti-social behaviour,,
,2021-06,Lancashire Constabulary,Lancashire Constabulary,-3.027460,53.754204,On or near Back Glen Eldon Road,E01024986,Fylde 006C,Anti-social behaviour,,
,2021-06,Lancashire Constabulary,Lancashire Constabulary,-3.030689,53.755380,On or near Stephen Street,E01024986,Fylde 006C,Anti-social behaviour,,
,2021-06,Lancashire Constabulary,Lancashire Constabulary,-3.034331,53.751160,On or near Dove Street,E01024986,Fylde 006C,Anti-social behaviour,,
,2021-06,Lancashire Constabulary,Lancashire Constabulary,-3.036543,53.753532,On or near Clifton Drive North,E01024986,Fylde 006C,Anti-social behaviour,,
,2021-06,Lancashire Constabulary,Lancashire Constabulary,-3.027460,53.754204,On or near Back Glen Eldon Road,E01024986,Fylde 006C,Anti-social behaviour,,
,2021-06,Lancashire Constabulary,Lancashire Constabulary,-3.035833,53.754239,On or near Beach Road,E01024986,Fylde 006C,Anti-social behaviour,,
,2021-06,Lancashire Constabulary,Lancashire Constabulary,-3.027460,53.754204,On or near Back Glen Eldon Road,E01024986,Fylde 006C,Anti-social behaviour,,
,2021-06,Lancashire Constabulary,Lancashire Constabulary,-3.029958,53.753400,On or near Supermarket,E01024986,Fylde 006C,Anti-social behaviour,,
,2021-06,Lancashire Constabulary,Lancashire Constabulary,-3.027460,53.754204,On or near Back Glen Eldon Road,E01024986,Fylde 006C,Anti-social behaviour,,
,2021-06,Lancashire Constabulary,Lancashire Constabulary,-3.032324,53.750926,On or near St Anne'S Road West,E01024986,Fylde 006C,Anti-social behaviour,,
,2021-06,Lancashire Constabulary,Lancashire Constabulary,-3.029958,53.753400,On or near Supermarket,E01024986,Fylde 006C,Anti-social behaviour,,
,2021-06,Lancashire Constabulary,Lancashire Constabulary,-3.029190,53.753029,On or near Parking Area,E01024986,Fylde 006C,Anti-social behaviour,,
,2021-06,Lancashire Constabulary,Lancashire Constabulary,-3.031637,53.752011,On or near St George'S Lane,E01024986,Fylde 006C,Anti-social behaviour,,
,2021-06,Lancashire Constabulary,Lancashire Constabulary,-3.031259,53.752050,On or near Shopping Area,E01024986,Fylde 006C,Anti-social behaviour,,
,2021-06,Lancashire Constabulary,Lancashire Constabulary,-3.032324,53.750926,On or near St Anne'S Road West,E01024986,Fylde 006C,Anti-social behaviour,,
,2021-06,Lancashire Constabulary,Lancashire Constabulary,-3.036543,53.753532,On or near Clifton Drive North,E01024986,Fylde 006C,Anti-social behaviour,,
,2021-06,Lancashire Constabulary,Lancashire Constabulary,-3.035805,53.751903,On or near Ribble Street,E01024986,Fylde 006C,Anti-social behaviour,,
,2021-06,Lancashire Constabulary,Lancashire Constabulary,-3.031637,53.752011,On or near St George'S Lane,E01024986,Fylde 006C,Anti-social behaviour,,
61e772803989d2b527573b7c333e8192bd3f8282accb39f9594eb6ef03702488,2021-06,Lancashire Constabulary,Lancashire Constabulary,-3.031637,53.752011,On or near St George'S Lane,E01024986,Fylde 006C,Criminal damage and arson,Unable to prosecute suspect,
2eebe0487586da7da0ed1924c575e034d86b38cb7af8c8e5557ec6156ff60c50,2021-06,Lancashire Constabulary,Lancashire Constabulary,-3.034331,53.751160,On or near Dove Street,E01024986,Fylde 006C,Criminal damage and arson,Investigation complete; no suspect identified,
5b3c8bdec4eeeb12e24334ea4dcd8808654ac0b5a7368a1914ae834c9a2b8786,2021-06,Lancashire Constabulary,Lancashire Constabulary,-3.025865,53.754730,On or near Parking Area,E01024986,Fylde 006C,Criminal damage and arson,Investigation complete; no suspect identified,
5b8c0e27dbe640212b3857be3a5080cd5eb28278d4082e72aa9ab202f194dce7,2021-06,Lancashire Constabulary,Lancashire Constabulary,-3.035137,53.751855,On or near Douglas Street,E01024986,Fylde 006C,Other theft,Investigation complete; no suspect identified,
b4e9df7f2b6edd06580e0518ec318edcfef7d64cf91263ca38e813652db3a8be,2021-06,Lancashire Constabulary,Lancashire Constabulary,-3.034380,53.753776,On or near St George'S Square,E01024986,Fylde 006C,Other theft,Investigation complete; no suspect identified,
5dc6b9f90a1332e6cfc935b631fea322703323ccb4189dbca1528610c0b43334,2021-06,Lancashire Constabulary,Lancashire Constabulary,-3.029958,53.753400,On or near Supermarket,E01024986,Fylde 006C,Other theft,Investigation complete; no suspect identified,
4ac08ae42de98df94a9506213f57e2ecad0effeeaaec43999843d878d695ceea,2021-06,Lancashire Constabulary,Lancashire Constabulary,-3.031259,53.752050,On or near Shopping Area,E01024986,Fylde 006C,Possession of weapons,Status update unavailable,
6dd0f9177a6a5295267a4e9793bcd41887899f4b24ffaa8a477bb4a407302a82,2021-06,Lancashire Constabulary,Lancashire Constabulary,-3.029958,53.753400,On or near Supermarket,E01024986,Fylde 006C,Public order,Court result unavailable,
0bafa74c1a387e90e9e94e03c0011cf2d788adb5dc50f0166ed3aeac0809cf5e,2021-06,Lancashire Constabulary,Lancashire Constabulary,-3.029958,53.753400,On or near Supermarket,E01024986,Fylde 006C,Public order,Status update unavailable,
6436a8e431103bb27e13ba860c530b6b0c9e7c4f2eaac30a060c9d421975d752,2021-06,Lancashire Constabulary,Lancashire Constabulary,-3.034331,53.751160,On or near Dove Street,E01024986,Fylde 006C,Public order,Status update unavailable,
caa918045f7ae6b727d567694f94938c6400b0fb52a487b799638904e3f9b756,2021-06,Lancashire Constabulary,Lancashire Constabulary,-3.031351,53.751447,On or near St Anne'S Road West,E01024986,Fylde 006C,Public order,Status update unavailable,
598ff6096d80d808906de941514ce09e5ec8fa570c0f6e67daaf95ddaeab6e04,2021-06,Lancashire Constabulary,Lancashire Constabulary,-3.031259,53.752050,On or near Shopping Area,E01024986,Fylde 006C,Shoplifting,Status update unavailable,
d0acbb0c065768d61d9a6dc199c4080a4f74e4cb3fee43175195360da71f65f7,2021-06,Lancashire Constabulary,Lancashire Constabulary,-3.029717,53.752234,On or near St Andrew'S Road North,E01024986,Fylde 006C,Shoplifting,Status update unavailable,
1db563e2de648aa54853df2cef5ac7d2c37dd10f4d4956f724982e3c668d9ff2,2021-06,Lancashire Constabulary,Lancashire Constabulary,-3.034331,53.751160,On or near Dove Street,E01024986,Fylde 006C,Shoplifting,Unable to prosecute suspect,
259b2515c4ca3966ac52edee39447ab9065fa96cc4727a1234008288f944e96e,2021-06,Lancashire Constabulary,Lancashire Constabulary,-3.029958,53.753400,On or near Supermarket,E01024986,Fylde 006C,Shoplifting,Status update unavailable,
e2ff08e803461983265dd6755d11ebb970300cdca88c310cbdcdfb34a0ca11dc,2021-06,Lancashire Constabulary,Lancashire Constabulary,-3.032324,53.750926,On or near St Anne'S Road West,E01024986,Fylde 006C,Shoplifting,Status update unavailable,
de8ae296aff07c6f37d10cb71cdba30790128a3423bb6fab1f9aaf8b63ecf99b,2021-06,Lancashire Constabulary,Lancashire Constabulary,-3.031351,53.751447,On or near St Anne'S Road West,E01024986,Fylde 006C,Shoplifting,Status update unavailable,
3d60cab56af02ceec46e6239bd911239b2ed324ea3414cdbdf4d6033521b9e80,2021-06,Lancashire Constabulary,Lancashire Constabulary,-3.032324,53.750926,On or near St Anne'S Road West,E01024986,Fylde 006C,Shoplifting,Status update unavailable,
d1bc88c7fa1a2f98e818f7113e1b02b12c3c111e03528ce82ea6005105e335c5,2021-06,Lancashire Constabulary,Lancashire Constabulary,-3.029717,53.752234,On or near St Andrew'S Road North,E01024986,Fylde 006C,Shoplifting,Status update unavailable,
6705514fa43c94da451cf803033e041586b79e6e2cab36d0bc9497d02df2b0e9,2021-06,Lancashire Constabulary,Lancashire Constabulary,-3.029681,53.754508,On or near Durham Avenue,E01024986,Fylde 006C,Violence and sexual offences,Further investigation is not in the public interest,
6fa11830b1d4f840a25622d74c944b2d88520aad3bd42d47f360d628a208d497,2021-06,Lancashire Constabulary,Lancashire Constabulary,-3.031351,53.751447,On or near St Anne'S Road West,E01024986,Fylde 006C,Violence and sexual offences,Unable to prosecute suspect,
cc419ee21f39d88f9aa138ebf2047775dd9667711586dde1140739915074fefb,2021-06,Lancashire Constabulary,Lancashire Constabulary,-3.031259,53.752050,On or near Shopping Area,E01024986,Fylde 006C,Violence and sexual offences,Court result unavailable,
43cd7b8c629065cf20a2ff0304c0c21ac462c5fe7ea13085e09e3abb39ac9c4d,2021-06,Lancashire Constabulary,Lancashire Constabulary,-3.031637,53.752011,On or near St George'S Lane,E01024986,Fylde 006C,Violence and sexual offences,Status update unavailable,
78771c085d2ac92b803a76e78bae5ef9163c1ef829143f8a19164d3ccef2cae2,2021-06,Lancashire Constabulary,Lancashire Constabulary,-3.031351,53.751447,On or near St Anne'S Road West,E01024986,Fylde 006C,Violence and sexual offences,Action to be taken by another organisation,
d0730139ca1d52f5010bf656483992cc600d606c763f0452cd84a3983f4587df,2021-06,Lancashire Constabulary,Lancashire Constabulary,-3.031637,53.752011,On or near St George'S Lane,E01024986,Fylde 006C,Violence and sexual offences,Unable to prosecute suspect,
20a00c941188693e98ae204a152d2ddfe1fb711550d7c90785c0386d69d1ebc5,2021-06,Lancashire Constabulary,Lancashire Constabulary,-3.031259,53.752050,On or near Shopping Area,E01024986,Fylde 006C,Violence and sexual offences,Court result unavailable,
446fdefa97921c14a51dccb7516b34d9c155bae1dce0e5f9187d3f2f3adfc2f5,2021-06,Lancashire Constabulary,Lancashire Constabulary,-3.029958,53.753400,On or near Supermarket,E01024986,Fylde 006C,Violence and sexual offences,Court result unavailable,
33e8b3e00a7b419313310f01209da310880fca5410c6587285767fa816dd6dea,2021-06,Lancashire Constabulary,Lancashire Constabulary,-3.037052,53.755721,On or near Rowsley Road,E01024986,Fylde 006C,Violence and sexual offences,Unable to prosecute suspect,
4c0b10d5bb5d0556f8be5a67f880ba95dc4c6e6cb151fc6905b16bfbf608254e,2021-06,Lancashire Constabulary,Lancashire Constabulary,-3.034331,53.751160,On or near Dove Street,E01024986,Fylde 006C,Violence and sexual offences,Unable to prosecute suspect,
85099d209fad322e87388ccd9eda882237b2b47a468fbf7058cd12fdd934cbad,2021-06,Lancashire Constabulary,Lancashire Constabulary,-3.027460,53.754204,On or near Back Glen Eldon Road,E01024986,Fylde 006C,Violence and sexual offences,Unable to prosecute suspect,
f47fc2f5423c8ff40b435109f0b3069c6752609b4e498f7edca0f442d3112a21,2021-06,Lancashire Constabulary,Lancashire Constabulary,-3.031259,53.752050,On or near Shopping Area,E01024986,Fylde 006C,Other crime,Further investigation is not in the public interest,
,2021-06,Lancashire Constabulary,Lancashire Constabulary,-3.027076,53.752769,On or near Back North Crescent,E01024987,Fylde 006D,Anti-social behaviour,,
,2021-06,Lancashire Constabulary,Lancashire Constabulary,-3.026649,53.751451,On or near Tweed Street,E01024987,Fylde 006D,Anti-social behaviour,,
,2021-06,Lancashire Constabulary,Lancashire Constabulary,-3.028195,53.752651,On or near The Crescent,E01024987,Fylde 006D,Anti-social behaviour,,
,2021-06,Lancashire Constabulary,Lancashire Constabulary,-3.029026,53.751889,On or near Back West Crescent,E01024987,Fylde 006D,Anti-social behaviour,,
,2021-06,Lancashire Constabulary,Lancashire Constabulary,-3.024176,53.754528,On or near Sefton Road,E01024987,Fylde 006D,Anti-social behaviour,,
,2021-06,Lancashire Constabulary,Lancashire Constabulary,-3.023408,53.754131,On or near St Alban'S Road,E01024987,Fylde 006D,Anti-social behaviour,,
,2021-06,Lancashire Constabulary,Lancashire Constabulary,-3.027201,53.753532,On or near St David'S Road North,E01024987,Fylde 006D,Anti-social behaviour,,
,2021-06,Lancashire Constabulary,Lancashire Constabulary,-3.029712,53.750805,On or near Wood Street,E01024987,Fylde 006D,Anti-social behaviour,,
,2021-06,Lancashire Constabulary,Lancashire Constabulary,-3.024176,53.754528,On or near Sefton Road,E01024987,Fylde 006D,Anti-social behaviour,,
,2021-06,Lancashire Constabulary,Lancashire Constabulary,-3.024176,53.754528,On or near Sefton Road,E01024987,Fylde 006D,Anti-social behaviour,,
,2021-06,Lancashire Constabulary,Lancashire Constabulary,-3.029712,53.750805,On or near Wood Street,E01024987,Fylde 006D,Anti-social behaviour,,
,2021-06,Lancashire Constabulary,Lancashire Constabulary,-3.027076,53.752769,On or near Back North Crescent,E01024987,Fylde 006D,Anti-social behaviour,,
,2021-06,Lancashire Constabulary,Lancashire Constabulary,-3.028840,53.749868,On or near Orchard Road,E01024987,Fylde 006D,Anti-social behaviour,,
,2021-06,Lancashire Constabulary,Lancashire Constabulary,-3.029712,53.750805,On or near Wood Street,E01024987,Fylde 006D,Anti-social behaviour,,
,2021-06,Lancashire Constabulary,Lancashire Constabulary,-3.026269,53.752030,On or near Back Springfield Road North,E01024987,Fylde 006D,Anti-social behaviour,,
,2021-06,Lancashire Constabulary,Lancashire Constabulary,-3.027076,53.752769,On or near Back North Crescent,E01024987,Fylde 006D,Anti-social behaviour,,
,2021-06,Lancashire Constabulary,Lancashire Constabulary,-3.024176,53.754528,On or near Sefton Road,E01024987,Fylde 006D,Anti-social behaviour,,
,2021-06,Lancashire Constabulary,Lancashire Constabulary,-3.025433,53.753817,On or near Don Street,E01024987,Fylde 006D,Anti-social behaviour,,
,2021-06,Lancashire Constabulary,Lancashire Constabulary,-3.029026,53.751889,On or near Back West Crescent,E01024987,Fylde 006D,Anti-social behaviour,,
3d1587d7a987efbf2989b1602c65193dfd3623646c26faa3c189c0ad7c43bab3,2021-06,Lancashire Constabulary,Lancashire Constabulary,-3.028840,53.749868,On or near Orchard Road,E01024987,Fylde 006D,Burglary,Investigation complete; no suspect identified,
1d5d435feaed183f426b7875a4966419d88c793a5ffe4184da8ef48d802d846b,2021-06,Lancashire Constabulary,Lancashire Constabulary,-3.023408,53.754131,On or near St Alban'S Road,E01024987,Fylde 006D,Criminal damage and arson,Investigation complete; no suspect identified,
b87c56303ebccd29149110083e81b8791ba4782cfa1f8a54894d381382cd45fc,2021-06,Lancashire Constabulary,Lancashire Constabulary,-3.028840,53.749868,On or near Orchard Road,E01024987,Fylde 006D,Criminal damage and arson,Unable to prosecute suspect,
232c374e849b1273c6f0066036280ec0fff6214dea059a403b4e0ea324c20a42,2021-06,Lancashire Constabulary,Lancashire Constabulary,-3.028840,53.749868,On or near Orchard Road,E01024987,Fylde 006D,Criminal damage and arson,Investigation complete; no suspect identified,
a157a7a361380c8684cc9c801b4a329ee0aa5efafc1c1a79ce16ed1213487a68,2021-06,Lancashire Constabulary,Lancashire Constabulary,-3.028502,53.751561,On or near Parking Area,E01024987,Fylde 006D,Criminal damage and arson,Unable to prosecute suspect,
01b9f3b637eaa5468c55df8520a56bc65519c83ca511b7969bc49d748b96c52a,2021-06,Lancashire Constabulary,Lancashire Constabulary,-3.027076,53.752769,On or near Back North Crescent,E01024987,Fylde 006D,Criminal damage and arson,Investigation complete; no suspect identified,
d814a9eacf842bb5cc7b57b2f902894860e8866b1f92174c654aff1c145b6a44,2021-06,Lancashire Constabulary,Lancashire Constabulary,-3.023408,53.754131,On or near St Alban'S Road,E01024987,Fylde 006D,Other theft,Investigation complete; no suspect identified,
55c4a976f8bb0e2e30714284c3a2663730c5b9b139bc6a6d86fa7202c499498a,2021-06,Lancashire Constabulary,Lancashire Constabulary,-3.029026,53.751889,On or near Back West Crescent,E01024987,Fylde 006D,Other theft,Further investigation is not in the public interest,
53eda8eab39788618264bcec160d532cecb088a09ac33e91b730a0cbcde495b7,2021-06,Lancashire Constabulary,Lancashire Constabulary,-3.025433,53.753817,On or near Don Street,E01024987,Fylde 006D,Other theft,Further investigation is not in the public interest,
d2f37167ab007d53bc8a40ae9c1aa0c3929b0e6b9a3c2ec9831dcb7bb4700b70,2021-06,Lancashire Constabulary,Lancashire Constabulary,-3.027076,53.752769,On or near Back North Crescent,E01024987,Fylde 006D,Public order,Further investigation is not in the public interest,
662a8af071fb52d79c2068ef56e0545e623d67a9062b2d3a19fe62f3955b27a5,2021-06,Lancashire Constabulary,Lancashire Constabulary,-3.029712,53.750805,On or near Wood Street,E01024987,Fylde 006D,Public order,Investigation complete; no suspect identified,
84c062be1657d27356ad47911de37c2ede05b2f105f0abb5ba8be5c6d44723bb,2021-06,Lancashire Constabulary,Lancashire Constabulary,-3.028840,53.749868,On or near Orchard Road,E01024987,Fylde 006D,Violence and sexual offences,Investigation complete; no suspect identified,
9dca95a954df70504670e87efca9eb909dbe571dcc39a3090b03e74ca75869a1,2021-06,Lancashire Constabulary,Lancashire Constabulary,-3.023408,53.754131,On or near St Alban'S Road,E01024987,Fylde 006D,Violence and sexual offences,Unable to prosecute suspect,
278d0c1c5f4d90d4a176684d6c4b92e4329f9d59790e59f6d964656eb11d2708,2021-06,Lancashire Constabulary,Lancashire Constabulary,-3.027076,53.752769,On or near Back North Crescent,E01024987,Fylde 006D,Violence and sexual offences,Offender given a caution,
09258cfed7a8f3aff2c55a00b8ea21bec50f9a1d3297c4400cc103bbba13a418,2021-06,Lancashire Constabulary,Lancashire Constabulary,-3.027187,53.750503,On or near Park Road,E01024987,Fylde 006D,Violence and sexual offences,Further investigation is not in the public interest,
9478f2e506f7656afe3f354a300eadd77f958ce1ff196c5bc3158480665a0809,2021-06,Lancashire Constabulary,Lancashire Constabulary,-3.023408,53.754131,On or near St Alban'S Road,E01024987,Fylde 006D,Violence and sexual offences,Unable to prosecute suspect,
a8155424bccc3e94ec34238f6c5dde76d196674fcf088db7f7688101de7a0e76,2021-06,Lancashire Constabulary,Lancashire Constabulary,-3.024171,53.752452,On or near Sydney Street,E01024987,Fylde 006D,Violence and sexual offences,Unable to prosecute suspect,
a45a312dcccf6a5e63210f55ed2da9abd0dccc82d9af118770504b00ea1dd29c,2021-06,Lancashire Constabulary,Lancashire Constabulary,-3.023408,53.754131,On or near St Alban'S Road,E01024987,Fylde 006D,Violence and sexual offences,Unable to prosecute suspect,
49e531a109856a96bea2a3b0752212e3a5dcaba908ffa2014e7e766a7aa5b179,2021-06,Lancashire Constabulary,Lancashire Constabulary,-3.028840,53.749868,On or near Orchard Road,E01024987,Fylde 006D,Violence and sexual offences,Court result unavailable,
55dfe2f6d7322641e027aacd13ac3e41c389d7a54819f1e9fe320b9b791bb2ee,2021-06,Lancashire Constabulary,Lancashire Constabulary,-3.024171,53.752452,On or near Sydney Street,E01024987,Fylde 006D,Violence and sexual offences,Status update unavailable,
a47ae503a2965bef2a01d486fb20745ed97feef31e92d864f2c3b4c67930fa7e,2021-06,Lancashire Constabulary,Lancashire Constabulary,-3.027076,53.752769,On or near Back North Crescent,E01024987,Fylde 006D,Violence and sexual offences,Unable to prosecute suspect,
808fdd2e051fac1323095469c4a96ddf35398dc9efa399ff510bb4f48c52dcab,2021-06,Lancashire Constabulary,Lancashire Constabulary,-3.027187,53.750503,On or near Park Road,E01024987,Fylde 006D,Violence and sexual offences,Unable to prosecute suspect,
ae3323e0c7c099fe1bc5b63134461db1d9229d7fe499df5e8ad7152fa14cbf7f,2021-06,Lancashire Constabulary,Lancashire Constabulary,-3.031626,53.750321,On or near Shopping Area,E01024987,Fylde 006D,Violence and sexual offences,Unable to prosecute suspect,
801292a5d599fe79946bb003533877cc41eef32bbd6ce83445bc041df6111de5,2021-06,Lancashire Constabulary,Lancashire Constabulary,-3.023408,53.754131,On or near St Alban'S Road,E01024987,Fylde 006D,Violence and sexual offences,Status update unavailable,
669c51ede60e738b1feed8d3022902f3ba80883d220226528de43a8314ed41da,2021-06,Lancashire Constabulary,Lancashire Constabulary,-3.023408,53.754131,On or near St Alban'S Road,E01024987,Fylde 006D,Violence and sexual offences,Further investigation is not in the public interest,
11bf2c810eab03cceb388cd939c5a185f13fbebf02a352853edbf5add7c52390,2021-06,Lancashire Constabulary,Lancashire Constabulary,-3.029712,53.750805,On or near Wood Street,E01024987,Fylde 006D,Violence and sexual offences,Unable to prosecute suspect,
d6c6d08f03eb5ad80001a12d1bb61ad3dbe09f59afefcba77549580865952b2e,2021-06,Lancashire Constabulary,Lancashire Constabulary,-3.029712,53.750805,On or near Wood Street,E01024987,Fylde 006D,Violence and sexual offences,Unable to prosecute suspect,
0c024b808d54ee315e4956ba357f449250daff8d098d707580c9fb72a1422b79,2021-06,Lancashire Constabulary,Lancashire Constabulary,-3.023408,53.754131,On or near St Alban'S Road,E01024987,Fylde 006D,Violence and sexual offences,Further investigation is not in the public interest,
4660ec5516f844325ec0cdf633eac9abc2469c9ce3dc635e3a598d9d6ce1af6a,2021-06,Lancashire Constabulary,Lancashire Constabulary,-3.028840,53.749868,On or near Orchard Road,E01024987,Fylde 006D,Violence and sexual offences,Investigation complete; no suspect identified,
82f88f655a58781e2aa390075b4118fa4e9ba7a30566d214cb0d8239df1cfe63,2021-06,Lancashire Constabulary,Lancashire Constabulary,-3.023408,53.754131,On or near St Alban'S Road,E01024987,Fylde 006D,Violence and sexual offences,Investigation complete; no suspect identified,
333761e8cd7f9860159374df3574db3ea229fb12b95cea6e7c5511eb25187cc5,2021-06,Lancashire Constabulary,Lancashire Constabulary,-3.026649,53.751451,On or near Tweed Street,E01024987,Fylde 006D,Violence and sexual offences,Further investigation is not in the public interest,
2832d60fc321cbbb876ee47b67d7fe45fc7bec7b58a483883d1a138ec0d72b32,2021-06,Lancashire Constabulary,Lancashire Constabulary,-3.023408,53.754131,On or near St Alban'S Road,E01024987,Fylde 006D,Violence and sexual offences,Further investigation is not in the public interest,
5276b89780151c130936524205e32313d4000a2dfba2e06e370d90f2ef381b8b,2021-06,Lancashire Constabulary,Lancashire Constabulary,-3.024171,53.752452,On or near Sydney Street,E01024987,Fylde 006D,Other crime,Further investigation is not in the public interest,
,2021-06,Lancashire Constabulary,Lancashire Constabulary,-3.033656,53.750231,On or near St Anne'S Road West,E01024988,Fylde 006E,Anti-social behaviour,,
,2021-06,Lancashire Constabulary,Lancashire Constabulary,-3.033656,53.750231,On or near St Anne'S Road West,E01024988,Fylde 006E,Anti-social behaviour,,
,2021-06,Lancashire Constabulary,Lancashire Constabulary,-3.030189,53.747987,On or near East Bank Road,E01024988,Fylde 006E,Anti-social behaviour,,
,2021-06,Lancashire Constabulary,Lancashire Constabulary,-3.023554,53.748287,On or near St Thomas' Road,E01024988,Fylde 006E,Anti-social behaviour,,
,2021-06,Lancashire Constabulary,Lancashire Constabulary,-3.025522,53.750625,On or near St Andrew'S Road South,E01024988,Fylde 006E,Anti-social behaviour,,
,2021-06,Lancashire Constabulary,Lancashire Constabulary,-3.025533,53.745456,On or near Fairhaven Lane,E01024988,Fylde 006E,Anti-social behaviour,,
68d501eeac095051d783884cb16c0d3f5f0f5b746a7b1932e768c78d2a904a7d,2021-06,Lancashire Constabulary,Lancashire Constabulary,-3.025522,53.750625,On or near St Andrew'S Road South,E01024988,Fylde 006E,Criminal damage and arson,Investigation complete; no suspect identified,
ca1d85afc458428fce8b5c61c67f8a3f2696a78d4ae33e5fab02b8f0deb196ee,2021-06,Lancashire Constabulary,Lancashire Constabulary,-3.033656,53.750231,On or near St Anne'S Road West,E01024988,Fylde 006E,Public order,Status update unavailable,
ee7991c23f5a3c7d8d2b3156d68caf561626f75f3f65c431b4149db3e3ba8ba2,2021-06,Lancashire Constabulary,Lancashire Constabulary,-3.024942,53.748598,On or near Bromley Road,E01024988,Fylde 006E,Violence and sexual offences,Unable to prosecute suspect,
c03e325003a9639b54763298e230c1fa92213017c8a30452eabf80d910935fd8,2021-06,Lancashire Constabulary,Lancashire Constabulary,-3.025522,53.750625,On or near St Andrew'S Road South,E01024988,Fylde 006E,Violence and sexual offences,Unable to prosecute suspect,
,2021-06,Lancashire Constabulary,Lancashire Constabulary,-3.019019,53.756370,On or near St Alban'S Road,E01024989,Fylde 006F,Anti-social behaviour,,
,2021-06,Lancashire Constabulary,Lancashire Constabulary,-3.018478,53.754712,On or near Alexandra Road,E01024989,Fylde 006F,Anti-social behaviour,,
,2021-06,Lancashire Constabulary,Lancashire Constabulary,-3.020961,53.755760,On or near Kirkdale Avenue,E01024989,Fylde 006F,Anti-social behaviour,,
01f785c18803d9be53197bfb7cd69fdadc7c365ae94a9d89920b60e3ba09d796,2021-06,Lancashire Constabulary,Lancashire Constabulary,-3.020961,53.755760,On or near Kirkdale Avenue,E01024989,Fylde 006F,Criminal damage and arson,Investigation complete; no suspect identified,
547dda80a2b94a663b2c06fead0b09f5636674bb0062f7887f96766cdf81178c,2021-06,Lancashire Constabulary,Lancashire Constabulary,-3.022213,53.755498,On or near Grove Street,E01024989,Fylde 006F,Public order,Court result unavailable,
55165e4f3d93b5d4c0617890d8b67e3578d2bcba246eae694e6b90bb9c07564c,2021-06,Lancashire Constabulary,Lancashire Constabulary,-3.020961,53.755760,On or near Kirkdale Avenue,E01024989,Fylde 006F,Public order,Court result unavailable,
14cce1c6dfffd9c5d35a4d8514a6da5336db90df3b920ae2ea60437f90bfeda9,2021-06,Lancashire Constabulary,Lancashire Constabulary,-3.020961,53.755760,On or near Kirkdale Avenue,E01024989,Fylde 006F,Public order,Further investigation is not in the public interest,
61129a3c62541d22dbb2dc9e747e3d7f03257806db4d7c5918d213048595075b,2021-06,Lancashire Constabulary,Lancashire Constabulary,-3.020961,53.755760,On or near Kirkdale Avenue,E01024989,Fylde 006F,Shoplifting,Status update unavailable,
3a41ce1f2a208d593a4bfe5840ad72b39fbbf7a13bdc8e74f34c933d9748cda0,2021-06,Lancashire Constabulary,Lancashire Constabulary,-3.020961,53.755760,On or near Kirkdale Avenue,E01024989,Fylde 006F,Vehicle crime,Investigation complete; no suspect identified,
dffb0090ad5bc2bf22f0f14f80247284f51c96593b97fa7bef277e2a5842153a,2021-06,Lancashire Constabulary,Lancashire Constabulary,-3.022661,53.755207,On or near Carlton Road,E01024989,Fylde 006F,Vehicle crime,Status update unavailable,
0dba45a96957b7061bde7400529875eaf18a6fd23577c52f4f3ea9b1a67691cc,2021-06,Lancashire Constabulary,Lancashire Constabulary,-3.018478,53.754712,On or near Alexandra Road,E01024989,Fylde 006F,Vehicle crime,Unable to prosecute suspect,
fd4b8cb20124075b19c0ccc457700727acc7ccc6350ec1e99a16cf8fe6646835,2021-06,Lancashire Constabulary,Lancashire Constabulary,-3.016667,53.757603,On or near St Alban'S Road,E01024989,Fylde 006F,Vehicle crime,Investigation complete; no suspect identified,
7c81c970fec1b65997f5b508966742f183a5facbcef9ea3298eb7e63456ebdb3,2021-06,Lancashire Constabulary,Lancashire Constabulary,-3.024646,53.755765,On or near Irwell Street,E01024989,Fylde 006F,Violence and sexual offences,Status update unavailable,
16c1ce61b9c0f59945aede10dd62aa5c421c491171e51375e1b0ca080a09cc8f,2021-06,Lancashire Constabulary,Lancashire Constabulary,-3.023407,53.756575,On or near Headroomgate Road,E01024989,Fylde 006F,Violence and sexual offences,Further investigation is not in the public interest,
ce1bd7d0196ddb236582a738be0e7fa4e68d0d34b9be2b0ff8a974738106c601,2021-06,Lancashire Constabulary,Lancashire Constabulary,-3.024646,53.755765,On or near Irwell Street,E01024989,Fylde 006F,Violence and sexual offences,Status update unavailable,
52a2536aff550757793da22bd87acc2eb8fc71ca7ffa934848dac0856b2d1190,2021-06,Lancashire Constabulary,Lancashire Constabulary,-3.019019,53.756370,On or near St Alban'S Road,E01024989,Fylde 006F,Violence and sexual offences,Investigation complete; no suspect identified,
01be00959d451197f6e6b52d47f12cf0e61c9f4ae281f6b2d50c0ae402c79635,2021-06,Lancashire Constabulary,Lancashire Constabulary,-3.022661,53.755207,On or near Carlton Road,E01024989,Fylde 006F,Violence and sexual offences,Offender given a caution,
15b69ef509b7a7707d896de33b66c2c39a558b3303cc876a5e83f36765111c8c,2021-06,Lancashire Constabulary,Lancashire Constabulary,-3.020961,53.755760,On or near Kirkdale Avenue,E01024989,Fylde 006F,Violence and sexual offences,Unable to prosecute suspect,
,2021-06,Lancashire Constabulary,Lancashire Constabulary,-3.022374,53.747749,On or near Victoria Road,E01024996,Fylde 006G,Anti-social behaviour,,
,2021-06,Lancashire Constabulary,Lancashire Constabulary,-3.024768,53.745814,On or near Fairhaven Road,E01024996,Fylde 006G,Anti-social behaviour,,
,2021-06,Lancashire Constabulary,Lancashire Constabulary,-3.022374,53.747749,On or near Victoria Road,E01024996,Fylde 006G,Anti-social behaviour,,
,2021-06,Lancashire Constabulary,Lancashire Constabulary,-3.024768,53.745814,On or near Fairhaven Road,E01024996,Fylde 006G,Anti-social behaviour,,
74e803a7420937e93b685683c0bb2faf4513d24c852bcd6c147d00855d3ba6a0,2021-06,Lancashire Constabulary,Lancashire Constabulary,-3.024281,53.743885,On or near South Promenade,E01024996,Fylde 006G,Criminal damage and arson,Investigation complete; no suspect identified,
81ee188a7fff736ecc32b956cf698dcbf1600aebc9ab771c1c80692df1f2742a,2021-06,Lancashire Constabulary,Lancashire Constabulary,-3.024768,53.745814,On or near Fairhaven Road,E01024996,Fylde 006G,Criminal damage and arson,Further investigation is not in the public interest,
1fa13037c4a78795e9371001db7073d4675fb18ec100a5dd076ea8d5ca34b4e6,2021-06,Lancashire Constabulary,Lancashire Constabulary,-3.022395,53.744899,On or near Alexandria Drive,E01024996,Fylde 006G,Violence and sexual offences,Unable to prosecute suspect,
09094a1683422e41796838cc8655f22de0181c7e2d2229222988abf36529bf14,2021-06,Lancashire Constabulary,Lancashire Constabulary,-3.022374,53.747749,On or near Victoria Road,E01024996,Fylde 006G,Violence and sexual offences,Unable to prosecute suspect,
,2021-06,Lancashire Constabulary,Lancashire Constabulary,-2.859578,53.753323,On or near Rigby Close,E01024997,Fylde 007A,Anti-social behaviour,,
da7cbbcd513d3b304aa06cb4c746457dc35d1a9ad94988a9d7dba30461892447,2021-06,Lancashire Constabulary,Lancashire Constabulary,-2.859656,53.751966,On or near Parking Area,E01024997,Fylde 007A,Public order,Investigation complete; no suspect identified,
31ee5648625ca73a218acad6e0fda4f519a1ef559ed53f59e6c08904daffbc02,2021-06,Lancashire Constabulary,Lancashire Constabulary,-2.866174,53.752539,On or near Sports/Recreation Area,E01024997,Fylde 007A,Violence and sexual offences,Court result unavailable,
0fb8b6f22542b672eaf1bfbe6f6fda0d8069fb94421af7d5ff38acfcf2275505,2021-06,Lancashire Constabulary,Lancashire Constabulary,-2.860741,53.753108,On or near Preston Old Road,E01024997,Fylde 007A,Violence and sexual offences,Unable to prosecute suspect,
97800988593b9d36de77864dbd9cab9d53c7d76296707da90f52410b667f7ca9,2021-06,Lancashire Constabulary,Lancashire Constabulary,-2.860741,53.753108,On or near Preston Old Road,E01024997,Fylde 007A,Violence and sexual offences,Unable to prosecute suspect,
2604d8d4ac6f1035e453255993d2594ffa64c5b6eb71aea4b8fc1890bcdf5c3d,2021-06,Lancashire Constabulary,Lancashire Constabulary,-2.867535,53.753068,On or near Wyndene Grove,E01024997,Fylde 007A,Violence and sexual offences,Unable to prosecute suspect,
2b1a573c49582d00923612a167458eff1c48984578339c76aa59e955bee72af7,2021-06,Lancashire Constabulary,Lancashire Constabulary,-2.860741,53.753108,On or near Preston Old Road,E01024997,Fylde 007A,Violence and sexual offences,Unable to prosecute suspect,
14b5d3b4f8d1d85789ccd40adbc06cc7611c0638a20119fa53ef40fd586e327f,2021-06,Lancashire Constabulary,Lancashire Constabulary,-2.867535,53.753068,On or near Wyndene Grove,E01024997,Fylde 007A,Violence and sexual offences,Unable to prosecute suspect,
,2021-06,Lancashire Constabulary,Lancashire Constabulary,-2.868604,53.751973,On or near Clitheroes Lane,E01024999,Fylde 007B,Anti-social behaviour,,
,2021-06,Lancashire Constabulary,Lancashire Constabulary,-2.866496,53.751233,On or near Further Ends Road,E01024999,Fylde 007B,Anti-social behaviour,,
,2021-06,Lancashire Constabulary,Lancashire Constabulary,-2.867612,53.747279,On or near Stoney Lane,E01024999,Fylde 007B,Anti-social behaviour,,
,2021-06,Lancashire Constabulary,Lancashire Constabulary,-2.866886,53.750314,On or near Cookson Close,E01024999,Fylde 007B,Anti-social behaviour,,
,2021-06,Lancashire Constabulary,Lancashire Constabulary,-2.867612,53.747279,On or near Stoney Lane,E01024999,Fylde 007B,Anti-social behaviour,,
,2021-06,Lancashire Constabulary,Lancashire Constabulary,-2.867612,53.747279,On or near Stoney Lane,E01024999,Fylde 007B,Anti-social behaviour,,
,2021-06,Lancashire Constabulary,Lancashire Constabulary,-2.867612,53.747279,On or near Stoney Lane,E01024999,Fylde 007B,Anti-social behaviour,,
59fef7d8eb9445c407711c4431b0d7a070ad7781ba2fd205e3a373d5d862d609,2021-06,Lancashire Constabulary,Lancashire Constabulary,-2.873107,53.750466,On or near Sports/Recreation Area,E01024999,Fylde 007B,Criminal damage and arson,Status update unavailable,
13c46cd4c2da03a70c37a0ac42a623c73e3e1286757b77644eee6ab24469dbfc,2021-06,Lancashire Constabulary,Lancashire Constabulary,-2.871841,53.749388,On or near Green Lane West,E01024999,Fylde 007B,Criminal damage and arson,Status update unavailable,
,2021-06,Lancashire Constabulary,Lancashire Constabulary,-2.879999,53.749337,On or near Calder Avenue,E01025000,Fylde 007C,Anti-social behaviour,,
0ef00dce048532e737ece526d503e40a25fe52fc09f52c78ca08e1c698fb7dfb,2021-06,Lancashire Constabulary,Lancashire Constabulary,-2.870133,53.754020,On or near Supermarket,E01025000,Fylde 007C,Criminal damage and arson,Investigation complete; no suspect identified,
57f1cc0fe64a56280b8bb5c6575fa53f2889aee7ef483d54083d10ad8c5293f9,2021-06,Lancashire Constabulary,Lancashire Constabulary,-2.870133,53.754020,On or near Supermarket,E01025000,Fylde 007C,Other theft,Status update unavailable,
31f53dd881fbb8ea985cfa0f5ed394d7cafa95058b263c53ffa1438da90162e6,2021-06,Lancashire Constabulary,Lancashire Constabulary,-2.868702,53.754534,On or near Memory Close,E01025000,Fylde 007C,Shoplifting,Local resolution,
,2021-06,Lancashire Constabulary,Lancashire Constabulary,-2.894523,53.750587,On or near The Orchard,E01025029,Fylde 007D,Anti-social behaviour,,
,2021-06,Lancashire Constabulary,Lancashire Constabulary,-2.899615,53.751825,On or near Elm Avenue,E01025029,Fylde 007D,Anti-social behaviour,,
,2021-06,Lancashire Constabulary,Lancashire Constabulary,-2.899073,53.747766,On or near Cardwell Close,E01025029,Fylde 007D,Anti-social behaviour,,
,2021-06,Lancashire Constabulary,Lancashire Constabulary,-2.909919,53.759855,On or near Bryning Lane,E01025029,Fylde 007D,Anti-social behaviour,,
e85c23119ab94df38dfb944dd17dee09b6c3647c74e6f0c0b3a79a332ddc0411,2021-06,Lancashire Constabulary,Lancashire Constabulary,-2.894586,53.754263,On or near Moorhead Gardens,E01025029,Fylde 007D,Criminal damage and arson,Investigation complete; no suspect identified,
43abad3c0a62e39281cf679959b429b0f23ca5da17e33a0a0fabdab8f092b657,2021-06,Lancashire Constabulary,Lancashire Constabulary,-2.894523,53.750587,On or near The Orchard,E01025029,Fylde 007D,Other theft,Investigation complete; no suspect identified,
f7dacee838a10e7717746e32596249e15f18a6e558680510d9e7604eebd3759a,2021-06,Lancashire Constabulary,Lancashire Constabulary,-2.894343,53.752808,On or near Byron Avenue,E01025029,Fylde 007D,Other theft,Investigation complete; no suspect identified,
bec8351dd8b9c0d92a00d4e10ba2b66dfe371a71fa9963371f8280e437c1e578,2021-06,Lancashire Constabulary,Lancashire Constabulary,-2.894523,53.750587,On or near The Orchard,E01025029,Fylde 007D,Other theft,Unable to prosecute suspect,
f72481506ba57c24e237e46080d9a6de7f46020580dcea411eb6cb9434e77e69,2021-06,Lancashire Constabulary,Lancashire Constabulary,-2.894523,53.750587,On or near The Orchard,E01025029,Fylde 007D,Other theft,Status update unavailable,
9beaa91605552c5f25dd1b312f4313e6bb33a67717bd4b447c6cce2adee27067,2021-06,Lancashire Constabulary,Lancashire Constabulary,-2.894523,53.750587,On or near The Orchard,E01025029,Fylde 007D,Other theft,Status update unavailable,
d9262dbdd73e326a1a0773f7fe711a08ae719b6d9b0db1e539354bb31c045a6e,2021-06,Lancashire Constabulary,Lancashire Constabulary,-2.894523,53.750587,On or near The Orchard,E01025029,Fylde 007D,Other theft,Status update unavailable,
5e2c627255888ef25e92c424fc51bf0e2fa8c5d1bd442038b6888fdb34790a49,2021-06,Lancashire Constabulary,Lancashire Constabulary,-2.894523,53.750587,On or near The Orchard,E01025029,Fylde 007D,Shoplifting,Status update unavailable,
dd621ff10fe11f33d2b48523fcaf60dbc0550c8ff7dc4cb8ec475f0b0c2421e0,2021-06,Lancashire Constabulary,Lancashire Constabulary,-2.898635,53.752794,On or near Marlborough Avenue,E01025029,Fylde 007D,Vehicle crime,Investigation complete; no suspect identified,
bc322ec8fa6841ed2711b3e6968db40eb2a442f3ebd84d183217ba4a5be1546c,2021-06,Lancashire Constabulary,Lancashire Constabulary,-2.910337,53.748329,On or near Meadow Drive,E01025029,Fylde 007D,Violence and sexual offences,Unable to prosecute suspect,
3416a58a006e21a99ca1da972f8fab24945ec88d3ff41b96011d901d445d2687,2021-06,Lancashire Constabulary,Lancashire Constabulary,-2.899073,53.747766,On or near Cardwell Close,E01025029,Fylde 007D,Violence and sexual offences,Investigation complete; no suspect identified,
666ba5004ce0d29094ad4e5a8905b3222ce1524ffb8c78cb5ce024814c8219c5,2021-06,Lancashire Constabulary,Lancashire Constabulary,-2.894586,53.754263,On or near Moorhead Gardens,E01025029,Fylde 007D,Violence and sexual offences,Unable to prosecute suspect,
36bbed86700d20b4db349bd9ec07f12bdc81acc8321043b3644dcc1e56f234ca,2021-06,Lancashire Constabulary,Lancashire Constabulary,-2.899073,53.747766,On or near Cardwell Close,E01025029,Fylde 007D,Violence and sexual offences,Investigation complete; no suspect identified,
ceec952e307fd4bc46336f15280e65d0c10232665bd28da70e5ea483a1e5216e,2021-06,Lancashire Constabulary,Lancashire Constabulary,-2.894817,53.753695,On or near Keats Avenue,E01025029,Fylde 007D,Violence and sexual offences,Unable to prosecute suspect,
8a380f1f08fe0cb6279f75b61587892dae52037522b2d7be7b655e4e1da1d144,2021-06,Lancashire Constabulary,Lancashire Constabulary,-2.898635,53.752794,On or near Marlborough Avenue,E01025029,Fylde 007D,Violence and sexual offences,Unable to prosecute suspect,
689a07068ea3255443d928a2eb297b88cc3d2473be6b38f2de9fca662524ccb5,2021-06,Lancashire Constabulary,Lancashire Constabulary,-2.894817,53.753695,On or near Keats Avenue,E01025029,Fylde 007D,Violence and sexual offences,Status update unavailable,
3371bdd0a3793fd1a0a71ced321efca57ff27216c07435e51b2e7a8ec1a85698,2021-06,Lancashire Constabulary,Lancashire Constabulary,-2.923917,53.751433,On or near Lodge Lane,E01025029,Fylde 007D,Violence and sexual offences,Court result unavailable,
a1d920f97c9fc11133a0c8e7e348e3059330438a3bfe654fb153898436831877,2021-06,Lancashire Constabulary,Lancashire Constabulary,-2.899073,53.747766,On or near Cardwell Close,E01025029,Fylde 007D,Violence and sexual offences,Investigation complete; no suspect identified,
,2021-06,Lancashire Constabulary,Lancashire Constabulary,-2.892587,53.751554,On or near Supermarket,E01025030,Fylde 007E,Anti-social behaviour,,
,2021-06,Lancashire Constabulary,Lancashire Constabulary,-2.886209,53.749705,On or near Mill Lane,E01025030,Fylde 007E,Anti-social behaviour,,
,2021-06,Lancashire Constabulary,Lancashire Constabulary,-2.893411,53.753939,On or near Harbour Lane,E01025030,Fylde 007E,Anti-social behaviour,,
,2021-06,Lancashire Constabulary,Lancashire Constabulary,-2.893411,53.753939,On or near Harbour Lane,E01025030,Fylde 007E,Anti-social behaviour,,
2d24b1d2dfa3bfad3fd10cebbd93826f1f429decafe92a1734bfdc9e1094e115,2021-06,Lancashire Constabulary,Lancashire Constabulary,-2.885340,53.750943,On or near Peg Way,E01025030,Fylde 007E,Burglary,Unable to prosecute suspect,
fd439238ecfdbaddd5d9c91e1b1050fe303bb4d21a3d85202f82392aa23ecf06,2021-06,Lancashire Constabulary,Lancashire Constabulary,-2.882668,53.751484,On or near Lytham Road,E01025030,Fylde 007E,Public order,Investigation complete; no suspect identified,
c8f094a8ba55d2b033081ec31a2a77942499919d66200a877bbde0e2dac7aeab,2021-06,Lancashire Constabulary,Lancashire Constabulary,-2.892587,53.751554,On or near Supermarket,E01025030,Fylde 007E,Violence and sexual offences,Unable to prosecute suspect,
f238646de5c4fb24b6a8e6fe90707e5c91a7d9692d36f4e653058cbd2940fc3e,2021-06,Lancashire Constabulary,Lancashire Constabulary,-2.892587,53.751554,On or near Supermarket,E01025030,Fylde 007E,Violence and sexual offences,Unable to prosecute suspect,
2025cfcf9cc2f5de30abae9cbecb354648d26612dcff143e594a1b0dba0944a9,2021-06,Lancashire Constabulary,Lancashire Constabulary,-2.892345,53.755870,On or near Dover Close,E01025030,Fylde 007E,Violence and sexual offences,Unable to prosecute suspect,
ea31f0c4e54ec5cf9e0412087af72c8cb73080d8f8577c9804c0d3884788f38b,2021-06,Lancashire Constabulary,Lancashire Constabulary,-2.885557,53.750429,On or near Post Lane,E01025030,Fylde 007E,Violence and sexual offences,Unable to prosecute suspect,
,2021-06,Lancashire Constabulary,Lancashire Constabulary,-2.986433,53.742531,On or near Firswood Close,E01024981,Fylde 008A,Anti-social behaviour,,
34ff9ecbc50b26a1e13869709d9bdf4c0854c90503c1a1a8c045ef353d736a12,2021-06,Lancashire Constabulary,Lancashire Constabulary,-2.978539,53.736879,On or near Fairlawn Road,E01024981,Fylde 008A,Vehicle crime,Investigation complete; no suspect identified,
0f93d19c8031d0633dabcb3883efde389c54c8d4112f23849323b34f1f9b7a19,2021-06,Lancashire Constabulary,Lancashire Constabulary,-2.989726,53.745883,On or near Blackpool Road,E01024981,Fylde 008A,Violence and sexual offences,Unable to prosecute suspect,
502584dd8eb83ba9f1d52b65302d2be12dfd004784e4a12e995b1653b8f45871,2021-06,Lancashire Constabulary,Lancashire Constabulary,-2.985424,53.740247,On or near Bridge Road,E01024981,Fylde 008A,Violence and sexual offences,Court result unavailable,
,2021-06,Lancashire Constabulary,Lancashire Constabulary,-2.991877,53.742549,On or near Woodlands Road,E01024982,Fylde 008B,Anti-social behaviour,,
,2021-06,Lancashire Constabulary,Lancashire Constabulary,-2.991877,53.742549,On or near Woodlands Road,E01024982,Fylde 008B,Anti-social behaviour,,
e38441feec43a9c3e5bf41a5603c49c371ddc0e82bdbec341ebc7d60cfd56675,2021-06,Lancashire Constabulary,Lancashire Constabulary,-2.990677,53.740509,On or near Sandringham Court,E01024982,Fylde 008B,Other theft,Investigation complete; no suspect identified,
3468a5bc184f10a7b2fa6c8f6dffe96e398d89274db8593e1ea1976df97bcb0c,2021-06,Lancashire Constabulary,Lancashire Constabulary,-2.994191,53.739087,On or near Marine Drive,E01024982,Fylde 008B,Violence and sexual offences,Unable to prosecute suspect,
db3fd1e9f6d0842fcdb796be22d727e7d1fecbc7c21c011408ebee90c79dfbc0,2021-06,Lancashire Constabulary,Lancashire Constabulary,-2.992209,53.739913,On or near Pembroke Road,E01024982,Fylde 008B,Violence and sexual offences,Unable to prosecute suspect,
,2021-06,Lancashire Constabulary,Lancashire Constabulary,-2.996616,53.744829,On or near Belmont Road,E01024983,Fylde 008C,Anti-social behaviour,,
,2021-06,Lancashire Constabulary,Lancashire Constabulary,-2.997675,53.747283,On or near Sports/Recreation Area,E01024983,Fylde 008C,Anti-social behaviour,,
,2021-06,Lancashire Constabulary,Lancashire Constabulary,-2.990861,53.743843,On or near Seymour Road,E01024983,Fylde 008C,Anti-social behaviour,,
,2021-06,Lancashire Constabulary,Lancashire Constabulary,-2.997675,53.747283,On or near Sports/Recreation Area,E01024983,Fylde 008C,Anti-social behaviour,,
6e19395aa7bcececa7ab2530e8f62343f32cf5c63b7044e8639b5e53e4e0ae66,2021-06,Lancashire Constabulary,Lancashire Constabulary,-2.995591,53.744460,On or near Derby Road,E01024983,Fylde 008C,Criminal damage and arson,Investigation complete; no suspect identified,
367dcbb8202a5208f89117bacd4806eafddd207b364c83971015aaf7412e28e5,2021-06,Lancashire Constabulary,Lancashire Constabulary,-2.997675,53.747283,On or near Sports/Recreation Area,E01024983,Fylde 008C,Violence and sexual offences,Action to be taken by another organisation,
,2021-06,Lancashire Constabulary,Lancashire Constabulary,-3.007432,53.744388,On or near Hospital,E01024994,Fylde 008D,Anti-social behaviour,,
,2021-06,Lancashire Constabulary,Lancashire Constabulary,-3.007432,53.744388,On or near Hospital,E01024994,Fylde 008D,Anti-social behaviour,,
2a1f4beefd459700e425d4171c181e3768b0a2f533ec4af27f1d705c6b114eff,2021-06,Lancashire Constabulary,Lancashire Constabulary,-3.019919,53.744066,On or near Cartmell Road,E01024994,Fylde 008D,Theft from the person,Investigation complete; no suspect identified,
12259c8137b776c7b528557deff0c406021c16196915394fdf9e54218079b6ba,2021-06,Lancashire Constabulary,Lancashire Constabulary,-3.016635,53.746206,On or near Balmoral Road,E01024994,Fylde 008D,Violence and sexual offences,Further investigation is not in the public interest,
17560a2fd3a11b8dd39c050e67bfb59eabff17c431bf56df575bfbbcb816c18b,2021-06,Lancashire Constabulary,Lancashire Constabulary,-3.018264,53.746489,On or near Osborne Road,E01024994,Fylde 008D,Violence and sexual offences,Unable to prosecute suspect,
fab7ee9e5b191b183810c7ce176709c94d67b68c5b85d23a373c990fc249b335,2021-06,Lancashire Constabulary,Lancashire Constabulary,-3.011717,53.742868,On or near Bailey Avenue,E01024994,Fylde 008D,Violence and sexual offences,Unable to prosecute suspect,
,2021-06,Lancashire Constabulary,Lancashire Constabulary,-3.010239,53.740049,On or near Inner Promenade,E01024995,Fylde 008E,Anti-social behaviour,,
,2021-06,Lancashire Constabulary,Lancashire Constabulary,-2.999445,53.738154,On or near Park/Open Space,E01024995,Fylde 008E,Anti-social behaviour,,
0fe2f7d7915e5ad2dcd814233b32adac1bf4848bfe07662a25286e37a90149ba,2021-06,Lancashire Constabulary,Lancashire Constabulary,-2.998871,53.742733,On or near Arundel Road,E01024995,Fylde 008E,Criminal damage and arson,Investigation complete; no suspect identified,
803cfcfbc50c1aba036f06e5933a744c9525310359ded310b0a70ba0fe85a66c,2021-06,Lancashire Constabulary,Lancashire Constabulary,-2.994331,53.741189,On or near Princes Road,E01024995,Fylde 008E,Other theft,Investigation complete; no suspect identified,
938d214c59a655a3cdc9d645a1f4d8106199f34f8b89b57481345577abc961a2,2021-06,Lancashire Constabulary,Lancashire Constabulary,-2.999445,53.738154,On or near Park/Open Space,E01024995,Fylde 008E,Theft from the person,Further investigation is not in the public interest,
cb7eca3b8ecf2fb8509e618a53dfe45d9d4a0cf46ea73cecfb67043600313d9f,2021-06,Lancashire Constabulary,Lancashire Constabulary,-3.005061,53.740956,On or near Myra Road,E01024995,Fylde 008E,Vehicle crime,Investigation complete; no suspect identified,
1dcf8cd5edd52769edf7b63152bf16abce75855bab244e6968e2767aef803737,2021-06,Lancashire Constabulary,Lancashire Constabulary,-3.001271,53.740349,On or near Coronation Road,E01024995,Fylde 008E,Violence and sexual offences,Unable to prosecute suspect,
a5a9bb27bccdcf813b6f784faebbeb6560baa69817d2efc4e0b8b7c04a958739,2021-06,Lancashire Constabulary,Lancashire Constabulary,-3.001271,53.740349,On or near Coronation Road,E01024995,Fylde 008E,Violence and sexual offences,Unable to prosecute suspect,
,2021-06,Lancashire Constabulary,Lancashire Constabulary,-3.024209,53.751490,On or near St David'S Road South,E01025003,Fylde 008F,Anti-social behaviour,,
,2021-06,Lancashire Constabulary,Lancashire Constabulary,-3.016200,53.750830,On or near Links Gate,E01025003,Fylde 008F,Anti-social behaviour,,
,2021-06,Lancashire Constabulary,Lancashire Constabulary,-3.016200,53.750830,On or near Links Gate,E01025003,Fylde 008F,Anti-social behaviour,,
f1a956460f0128f481c4ba893f5689ccf7dfd0121e87be4c7492f5c8281eeee9,2021-06,Lancashire Constabulary,Lancashire Constabulary,-3.012608,53.752793,On or near Lawrence Avenue,E01025003,Fylde 008F,Public order,Unable to prosecute suspect,
,2021-06,Lancashire Constabulary,Lancashire Constabulary,-2.997118,53.750020,On or near Fallowfield Road,E01025017,Fylde 008G,Anti-social behaviour,,
54a5a201327eb7ea57c106622dfb5dc1297a28420ec3fcd3a56c6fdfcce3a32f,2021-06,Lancashire Constabulary,Lancashire Constabulary,-2.997902,53.749186,On or near Hilton Avenue,E01025017,Fylde 008G,Violence and sexual offences,Further investigation is not in the public interest,
690fdbfd123188bd347df24a9fe4d5ecd18f70de3540f43447986201101bb2f7,2021-06,Lancashire Constabulary,Lancashire Constabulary,-3.000181,53.751271,On or near Ilkley Avenue,E01025017,Fylde 008G,Violence and sexual offences,Unable to prosecute suspect,
7ef6d35d9e19cf1350d3c1d9c3be6a0dcc40d4d13bd308f1817e9deb80bb947c,2021-06,Lancashire Constabulary,Lancashire Constabulary,-3.000181,53.751271,On or near Ilkley Avenue,E01025017,Fylde 008G,Violence and sexual offences,Unable to prosecute suspect,
7127d4c1354d54ec5b26605b8cffd2fca34bef8768ec059eeda7773f96736ece,2021-06,Lancashire Constabulary,Lancashire Constabulary,-2.997118,53.750020,On or near Fallowfield Road,E01025017,Fylde 008G,Violence and sexual offences,Investigation complete; no suspect identified,
2c63558bacc0f4fb72aae95940274c7842dc6697017cd7eef9140c28eb27ad47,2021-06,Lancashire Constabulary,Lancashire Constabulary,-3.000181,53.751271,On or near Ilkley Avenue,E01025017,Fylde 008G,Violence and sexual offences,Unable to prosecute suspect,
501c7aa0fbd4d16f57d387371f8a40fb3d8f165cbc5cc27557abedcb5a2b4fa9,2021-06,Lancashire Constabulary,Lancashire Constabulary,-3.000553,53.750342,On or near Clifton Gardens,E01025017,Fylde 008G,Violence and sexual offences,Unable to prosecute suspect,
,2021-06,Lancashire Constabulary,Lancashire Constabulary,-2.958386,53.740008,On or near Sports/Recreation Area,E01024990,Fylde 009A,Anti-social behaviour,,
,2021-06,Lancashire Constabulary,Lancashire Constabulary,-2.953983,53.737068,On or near St John'S Street,E01024990,Fylde 009A,Anti-social behaviour,,
,2021-06,Lancashire Constabulary,Lancashire Constabulary,-2.956336,53.738550,On or near Haven Road,E01024990,Fylde 009A,Anti-social behaviour,,
,2021-06,Lancashire Constabulary,Lancashire Constabulary,-2.957122,53.738445,On or near Park View Road,E01024990,Fylde 009A,Anti-social behaviour,,
,2021-06,Lancashire Constabulary,Lancashire Constabulary,-2.958386,53.740008,On or near Sports/Recreation Area,E01024990,Fylde 009A,Anti-social behaviour,,
,2021-06,Lancashire Constabulary,Lancashire Constabulary,-2.962572,53.738734,On or near Talbot Terrace,E01024990,Fylde 009A,Anti-social behaviour,,
,2021-06,Lancashire Constabulary,Lancashire Constabulary,-2.956336,53.738550,On or near Haven Road,E01024990,Fylde 009A,Anti-social behaviour,,
,2021-06,Lancashire Constabulary,Lancashire Constabulary,-2.957004,53.737925,On or near Station Road,E01024990,Fylde 009A,Anti-social behaviour,,
,2021-06,Lancashire Constabulary,Lancashire Constabulary,-2.957122,53.738445,On or near Park View Road,E01024990,Fylde 009A,Anti-social behaviour,,
,2021-06,Lancashire Constabulary,Lancashire Constabulary,-2.962276,53.736417,On or near Bath Road,E01024990,Fylde 009A,Anti-social behaviour,,
4943afd5814e344cdc4f229f3b02101ea5bf09289a493da82097bd3942a42245,2021-06,Lancashire Constabulary,Lancashire Constabulary,-2.959573,53.736871,On or near South Clifton Street,E01024990,Fylde 009A,Burglary,Investigation complete; no suspect identified,
77e379edbb9db4bd4718a6ea8a625dda6986fccdb1ba3e9241cf057e104a2623,2021-06,Lancashire Constabulary,Lancashire Constabulary,-2.962276,53.736417,On or near Bath Road,E01024990,Fylde 009A,Other theft,Unable to prosecute suspect,
1d2984944419d19c6c89170697210da51a369e7d3fd69df74271ba9c0ca095bc,2021-06,Lancashire Constabulary,Lancashire Constabulary,-2.964876,53.738725,On or near Station Square,E01024990,Fylde 009A,Public order,Unable to prosecute suspect,
dfca5227044d5b9a7bbdfcfd709f64e2079ef9390dc127e5d37f21ded612738a,2021-06,Lancashire Constabulary,Lancashire Constabulary,-2.956336,53.738550,On or near Haven Road,E01024990,Fylde 009A,Shoplifting,Court result unavailable,
c25c2d1ff64651f20a967c4a4caca7b0d1a0e060661b844cada44f06c16965ab,2021-06,Lancashire Constabulary,Lancashire Constabulary,-2.962276,53.736417,On or near Bath Road,E01024990,Fylde 009A,Shoplifting,Status update unavailable,
6b6d81080aa4050af4c7505dea26bf87e3738023c7079a24a75bed25f4edc4cd,2021-06,Lancashire Constabulary,Lancashire Constabulary,-2.952517,53.737286,On or near South Warton Street,E01024990,Fylde 009A,Vehicle crime,Investigation complete; no suspect identified,
8216c2d1f0505961d82794562ec6652689b879f625046510963a88f02a292aef,2021-06,Lancashire Constabulary,Lancashire Constabulary,-2.957404,53.739522,On or near Park View Road,E01024990,Fylde 009A,Violence and sexual offences,Investigation complete; no suspect identified,
ccc80e4399928f7bf2126b93f391e886fb2673a4f2fe65feab30aca39ac564a9,2021-06,Lancashire Constabulary,Lancashire Constabulary,-2.952517,53.737286,On or near South Warton Street,E01024990,Fylde 009A,Violence and sexual offences,Unable to prosecute suspect,
916d4c9883f44f00ebb179033743e6f401fd09b939e666b4ca6ff7d0798b2dee,2021-06,Lancashire Constabulary,Lancashire Constabulary,-2.962276,53.736417,On or near Bath Road,E01024990,Fylde 009A,Violence and sexual offences,Investigation complete; no suspect identified,
ccb08727abdaf7205c98d0b03e4d7b0bddb1c193502ffe79f70a3c5568556bd7,2021-06,Lancashire Constabulary,Lancashire Constabulary,-2.957004,53.737925,On or near Station Road,E01024990,Fylde 009A,Violence and sexual offences,Court result unavailable,
8e96cc478ca6037dda1e13819b18b126bc27ce5121835e39ea0552e6767b13b1,2021-06,Lancashire Constabulary,Lancashire Constabulary,-2.960522,53.736593,On or near Bath Street,E01024990,Fylde 009A,Violence and sexual offences,Unable to prosecute suspect,
,2021-06,Lancashire Constabulary,Lancashire Constabulary,-2.962411,53.737693,On or near Pleasant Street,E01024991,Fylde 009B,Anti-social behaviour,,
,2021-06,Lancashire Constabulary,Lancashire Constabulary,-2.964267,53.736608,On or near Green Street,E01024991,Fylde 009B,Anti-social behaviour,,
,2021-06,Lancashire Constabulary,Lancashire Constabulary,-2.966482,53.738002,On or near Agnew Street,E01024991,Fylde 009B,Anti-social behaviour,,
,2021-06,Lancashire Constabulary,Lancashire Constabulary,-2.968467,53.736646,On or near Ashton Street,E01024991,Fylde 009B,Anti-social behaviour,,
,2021-06,Lancashire Constabulary,Lancashire Constabulary,-2.964267,53.736608,On or near Green Street,E01024991,Fylde 009B,Anti-social behaviour,,
,2021-06,Lancashire Constabulary,Lancashire Constabulary,-2.968467,53.736646,On or near Ashton Street,E01024991,Fylde 009B,Anti-social behaviour,,
,2021-06,Lancashire Constabulary,Lancashire Constabulary,-2.964267,53.736608,On or near Green Street,E01024991,Fylde 009B,Anti-social behaviour,,
,2021-06,Lancashire Constabulary,Lancashire Constabulary,-2.964757,53.737503,On or near Hastings Place,E01024991,Fylde 009B,Anti-social behaviour,,
,2021-06,Lancashire Constabulary,Lancashire Constabulary,-2.975075,53.735901,On or near Swainson Street,E01024991,Fylde 009B,Anti-social behaviour,,
,2021-06,Lancashire Constabulary,Lancashire Constabulary,-2.974456,53.735393,On or near The Leylands,E01024991,Fylde 009B,Anti-social behaviour,,
,2021-06,Lancashire Constabulary,Lancashire Constabulary,-2.968668,53.738128,On or near School Lane,E01024991,Fylde 009B,Anti-social behaviour,,
7e52dad6fef3b9982f5e19acb6a669a2583ed734d68a41beab7db7b896850fb7,2021-06,Lancashire Constabulary,Lancashire Constabulary,-2.967017,53.736244,On or near Beach Street,E01024991,Fylde 009B,Criminal damage and arson,Unable to prosecute suspect,
45639e54ed755f67dfb7a938f9043afda6771947b9afae152e0827a4855b4989,2021-06,Lancashire Constabulary,Lancashire Constabulary,-2.974456,53.735393,On or near The Leylands,E01024991,Fylde 009B,Other theft,Investigation complete; no suspect identified,
3f40aafd4f668aa1e962406439f104cf579dadb8e7a33870afdc71dba89c7e0b,2021-06,Lancashire Constabulary,Lancashire Constabulary,-2.964267,53.736608,On or near Green Street,E01024991,Fylde 009B,Theft from the person,Investigation complete; no suspect identified,
730ad0df54b432bce9ce386d1c9847ebefe04ba72be98137d8a3e36c577481fc,2021-06,Lancashire Constabulary,Lancashire Constabulary,-2.975075,53.735901,On or near Swainson Street,E01024991,Fylde 009B,Violence and sexual offences,Court result unavailable,
fde9783a3029084ffb25ab761d0505b1463254b7d52ea69e3fc2e69014dc8a1c,2021-06,Lancashire Constabulary,Lancashire Constabulary,-2.963119,53.736150,On or near Dicconson Terrace,E01024991,Fylde 009B,Violence and sexual offences,Unable to prosecute suspect,
ef270051ce0bbb6a6ab53e79e4b640ce6a6c2abfd1b05d76b2421cf9090217e1,2021-06,Lancashire Constabulary,Lancashire Constabulary,-2.972737,53.741663,On or near Broadlands Place,E01024992,Fylde 009C,Burglary,Investigation complete; no suspect identified,
,2021-06,Lancashire Constabulary,Lancashire Constabulary,-2.937988,53.745868,On or near Boundary Road,E01025020,Fylde 009D,Anti-social behaviour,,
,2021-06,Lancashire Constabulary,Lancashire Constabulary,-2.940233,53.744565,On or near Mornington Road,E01025020,Fylde 009D,Anti-social behaviour,,
,2021-06,Lancashire Constabulary,Lancashire Constabulary,-2.940233,53.744565,On or near Mornington Road,E01025020,Fylde 009D,Anti-social behaviour,,
61859a0d8dec15ca9177820f70126d1006ff924f89e8c0dfd39cb9a3a94ac093,2021-06,Lancashire Constabulary,Lancashire Constabulary,-2.942085,53.740569,On or near Hardy Court,E01025020,Fylde 009D,Criminal damage and arson,Offender given a caution,
3798abf72494a69560bae87ccf75c3370c470bd64ae019f07fbbd081b05d0581,2021-06,Lancashire Constabulary,Lancashire Constabulary,-2.943693,53.746722,On or near The Belfry,E01025020,Fylde 009D,Other theft,Unable to prosecute suspect,
5603fd780b8b298acf0e4de64e48baa5170148422bb6c7fefb05441d8607e772,2021-06,Lancashire Constabulary,Lancashire Constabulary,-2.942085,53.740569,On or near Hardy Court,E01025020,Fylde 009D,Public order,Investigation complete; no suspect identified,
402c8f811974299cc038265fabd7812c56169f3ffe937a32c607a6ec499f3559,2021-06,Lancashire Constabulary,Lancashire Constabulary,-2.943709,53.744044,On or near Saltcotes Place,E01025020,Fylde 009D,Violence and sexual offences,Unable to prosecute suspect,
1fa81da8ec7591f95a92c49e12d3b9c38735aef95ef1b8ad6078e16cc4c0b335,2021-06,Lancashire Constabulary,Lancashire Constabulary,-2.942479,53.746687,On or near Howgill Way,E01025020,Fylde 009D,Violence and sexual offences,Further investigation is not in the public interest,
,2021-06,Lancashire Constabulary,Lancashire Constabulary,-2.956979,53.744127,On or near Bellingham Road,E01025021,Fylde 009E,Anti-social behaviour,,
,2021-06,Lancashire Constabulary,Lancashire Constabulary,-2.956301,53.739683,On or near Badgers Walk West,E01025021,Fylde 009E,Anti-social behaviour,,
a80bdfec40ed5c0a2304264eb43f8e19d5038f6a0e3a1a88fe511f92730d26fe,2021-06,Lancashire Constabulary,Lancashire Constabulary,-2.955510,53.744229,On or near Talbot Road,E01025021,Fylde 009E,Bicycle theft,Investigation complete; no suspect identified,
c973f66189ba500c09ba8d11b281664d9c71ce0d4a3b0fc2f528bf852206b937,2021-06,Lancashire Constabulary,Lancashire Constabulary,-2.947537,53.744355,On or near Green Hey,E01025021,Fylde 009E,Violence and sexual offences,Unable to prosecute suspect,
3d5367d8343fcbb8c874346fa94e81b91b456a17c7b8b895e40ca84269089506,2021-06,Lancashire Constabulary,Lancashire Constabulary,-2.947537,53.744355,On or near Green Hey,E01025021,Fylde 009E,Violence and sexual offences,Unable to prosecute suspect,
,2021-06,Lancashire Constabulary,Lancashire Constabulary,-2.945285,53.741982,On or near Wordsworth Avenue,E01025022,Fylde 009F,Anti-social behaviour,,
,2021-06,Lancashire Constabulary,Lancashire Constabulary,-2.945285,53.741982,On or near Wordsworth Avenue,E01025022,Fylde 009F,Anti-social behaviour,,
,2021-06,Lancashire Constabulary,Lancashire Constabulary,-2.945285,53.741982,On or near Wordsworth Avenue,E01025022,Fylde 009F,Anti-social behaviour,,
,2021-06,Lancashire Constabulary,Lancashire Constabulary,-2.947342,53.738361,On or near Hospital,E01025022,Fylde 009F,Anti-social behaviour,,
f939020af6b0e1ac5cc10bc547576dbc007ee09444dac7e5a9dc0c0af218161c,2021-06,Lancashire Constabulary,Lancashire Constabulary,-2.950004,53.737405,On or near Grosvenor Street,E01025022,Fylde 009F,Criminal damage and arson,Further investigation is not in the public interest,
95d5127d2a71158d8ac7ad029c5f28dea812ee09679d4fc96e9f3d131d0ecbff,2021-06,Lancashire Constabulary,Lancashire Constabulary,-2.947342,53.738361,On or near Hospital,E01025022,Fylde 009F,Criminal damage and arson,Investigation complete; no suspect identified,
d44fbd5cec06b45e8284b37e21aef19f137ba9d725a680cd625efa6b1756d2cb,2021-06,Lancashire Constabulary,Lancashire Constabulary,-2.942417,53.738499,On or near Sports/Recreation Area,E01025022,Fylde 009F,Violence and sexual offences,Action to be taken by another organisation,
7aea2e9947edb01e3b0cd45857b5e2ee26716693d7b51307d8178a6f66065392,2021-06,Lancashire Constabulary,Lancashire Constabulary,-2.947633,53.741226,On or near Byron Avenue,E01025022,Fylde 009F,Violence and sexual offences,Unable to prosecute suspect,
54a12fc4b3f2549cd8993461fd1f4db69bf5b8cd1b330c6af9bddf8620d206a0,2021-06,Lancashire Constabulary,Lancashire Constabulary,-2.942417,53.738499,On or near Sports/Recreation Area,E01025022,Fylde 009F,Violence and sexual offences,Action to be taken by another organisation,
39ce18e0c0d8f2f2c9bfa9632c56d9f0141b7203d8bea0fd6207c2a11850327c,2021-06,Lancashire Constabulary,Lancashire Constabulary,-2.949276,53.739433,On or near Victoria Street,E01025022,Fylde 009F,Violence and sexual offences,Court result unavailable,
6cb3ab8098f80d61226e4956af3a52c1371201774796db8e022a388c30bf4762,2021-06,Lancashire Constabulary,Lancashire Constabulary,-1.993138,53.364436,On or near Sports/Recreation Area,E01019745,High Peak 006E,Violence and sexual offences,Status update unavailable,
,2021-06,Lancashire Constabulary,Lancashire Constabulary,-2.405455,53.782316,On or near School Street,E01025060,Hyndburn 001A,Anti-social behaviour,,
,2021-06,Lancashire Constabulary,Lancashire Constabulary,-2.405525,53.783359,On or near St Hubert'S Road,E01025060,Hyndburn 001A,Anti-social behaviour,,
,2021-06,Lancashire Constabulary,Lancashire Constabulary,-2.407607,53.782003,On or near Garden Street,E01025060,Hyndburn 001A,Anti-social behaviour,,
,2021-06,Lancashire Constabulary,Lancashire Constabulary,-2.408985,53.781702,On or near Elm Street,E01025060,Hyndburn 001A,Anti-social behaviour,,
,2021-06,Lancashire Constabulary,Lancashire Constabulary,-2.403070,53.783682,On or near Prospect Street,E01025060,Hyndburn 001A,Anti-social behaviour,,
,2021-06,Lancashire Constabulary,Lancashire Constabulary,-2.403070,53.783682,On or near Prospect Street,E01025060,Hyndburn 001A,Anti-social behaviour,,
5bea2f09c6fd7eb956d2d0710778d9688e52548eb1403afadf0b1d5c94906ca3,2021-06,Lancashire Constabulary,Lancashire Constabulary,-2.408840,53.780885,On or near Hope Street,E01025060,Hyndburn 001A,Criminal damage and arson,Unable to prosecute suspect,
68d7016d99471aa974c373357be44766f6d39949d3d3180ff68e5a3ff8cc23a7,2021-06,Lancashire Constabulary,Lancashire Constabulary,-2.408840,53.780885,On or near Hope Street,E01025060,Hyndburn 001A,Criminal damage and arson,Unable to prosecute suspect,
4d5a54425447f44eb22d52ff86110fea7fbd87ad52bab4adeb7ea059b69a0c14,2021-06,Lancashire Constabulary,Lancashire Constabulary,-2.408840,53.780885,On or near Hope Street,E01025060,Hyndburn 001A,Criminal damage and arson,Unable to prosecute suspect,
0d383de12a23ab63d97e81bf263525d4537285d43055ce5d2b9b89da1fa48699,2021-06,Lancashire Constabulary,Lancashire Constabulary,-2.408840,53.780885,On or near Hope Street,E01025060,Hyndburn 001A,Criminal damage and arson,Unable to prosecute suspect,
87938b80315c1b2bfa239ab4eaf03caa02fc7a8510c4bba2d5dbe2031de3e1a7,2021-06,Lancashire Constabulary,Lancashire Constabulary,-2.409731,53.780396,On or near Blackburn Road,E01025060,Hyndburn 001A,Drugs,Court result unavailable,
042d385736200d1ab59bf6877ba5fec63464cff5493d823122be2ae894c53e59,2021-06,Lancashire Constabulary,Lancashire Constabulary,-2.405455,53.782316,On or near School Street,E01025060,Hyndburn 001A,Other theft,Investigation complete; no suspect identified,
1dbb348115d537e4d86717555ffd6ac1619fdb9a5900f23e50e33c4042eca083,2021-06,Lancashire Constabulary,Lancashire Constabulary,-2.404552,53.783173,On or near Orchard Street,E01025060,Hyndburn 001A,Public order,Unable to prosecute suspect,
9be9c8579e4eb958048f641c93148f8a65b054027e0a1d0592946f815d2a0cf7,2021-06,Lancashire Constabulary,Lancashire Constabulary,-2.405455,53.782316,On or near School Street,E01025060,Hyndburn 001A,Vehicle crime,Unable to prosecute suspect,
b73ec3f8b67e4b8fdc9e5d815e26caf394ff375d1d81ea477ac72aee53a02044,2021-06,Lancashire Constabulary,Lancashire Constabulary,-2.403070,53.783682,On or near Prospect Street,E01025060,Hyndburn 001A,Vehicle crime,Investigation complete; no suspect identified,
6277973458631bafd382eb9c3c906c64338cb44bca78f54851cd09deee338336,2021-06,Lancashire Constabulary,Lancashire Constabulary,-2.403070,53.783682,On or near Prospect Street,E01025060,Hyndburn 001A,Violence and sexual offences,Unable to prosecute suspect,
311b4380857576acb27b845a877e936f96b489abe63eb2cd6e1ed015ae180395,2021-06,Lancashire Constabulary,Lancashire Constabulary,-2.408840,53.780885,On or near Hope Street,E01025060,Hyndburn 001A,Violence and sexual offences,Unable to prosecute suspect,
1a1e3d5bcc38aa916044113a24c472b1a19f125fe807a82d684fec7f733a1b58,2021-06,Lancashire Constabulary,Lancashire Constabulary,-2.409731,53.780396,On or near Blackburn Road,E01025060,Hyndburn 001A,Violence and sexual offences,Unable to prosecute suspect,
2929de85ab8c316abde655ebdd4ac05ccd8fdf9b0f59789adca129c627933115,2021-06,Lancashire Constabulary,Lancashire Constabulary,-2.406440,53.782160,On or near St John'S Street,E01025060,Hyndburn 001A,Violence and sexual offences,Status update unavailable,
17424747dbd611e32db41a132b071a4fccaa500774c0822f05449faf79fe584d,2021-06,Lancashire Constabulary,Lancashire Constabulary,-2.408985,53.781702,On or near Elm Street,E01025060,Hyndburn 001A,Violence and sexual offences,Unable to prosecute suspect,
,2021-06,Lancashire Constabulary,Lancashire Constabulary,-2.395787,53.785521,On or near Station Road,E01025061,Hyndburn 001B,Anti-social behaviour,,
,2021-06,Lancashire Constabulary,Lancashire Constabulary,-2.395787,53.785521,On or near Station Road,E01025061,Hyndburn 001B,Anti-social behaviour,,
,2021-06,Lancashire Constabulary,Lancashire Constabulary,-2.395787,53.785521,On or near Station Road,E01025061,Hyndburn 001B,Anti-social behaviour,,
,2021-06,Lancashire Constabulary,Lancashire Constabulary,-2.395787,53.785521,On or near Station Road,E01025061,Hyndburn 001B,Anti-social behaviour,,
,2021-06,Lancashire Constabulary,Lancashire Constabulary,-2.395787,53.785521,On or near Station Road,E01025061,Hyndburn 001B,Anti-social behaviour,,
6c8af520de6cdaa5d1aa79f37710eb714b3d1d72b76bafcde03d44d16b894710,2021-06,Lancashire Constabulary,Lancashire Constabulary,-2.392758,53.786223,On or near Heys Lane,E01025061,Hyndburn 001B,Burglary,Status update unavailable,
,2021-06,Lancashire Constabulary,Lancashire Constabulary,-2.403772,53.785702,On or near Ward Street,E01025062,Hyndburn 001C,Anti-social behaviour,,
,2021-06,Lancashire Constabulary,Lancashire Constabulary,-2.403704,53.784884,On or near Grimshaw Street,E01025062,Hyndburn 001C,Anti-social behaviour,,
,2021-06,Lancashire Constabulary,Lancashire Constabulary,-2.404691,53.784979,On or near Clayton Street,E01025062,Hyndburn 001C,Anti-social behaviour,,
,2021-06,Lancashire Constabulary,Lancashire Constabulary,-2.404691,53.784979,On or near Clayton Street,E01025062,Hyndburn 001C,Anti-social behaviour,,
,2021-06,Lancashire Constabulary,Lancashire Constabulary,-2.406303,53.783752,On or near Segar Street,E01025062,Hyndburn 001C,Anti-social behaviour,,
,2021-06,Lancashire Constabulary,Lancashire Constabulary,-2.401032,53.784821,On or near St Hubert'S Street,E01025062,Hyndburn 001C,Anti-social behaviour,,
,2021-06,Lancashire Constabulary,Lancashire Constabulary,-2.403772,53.785702,On or near Ward Street,E01025062,Hyndburn 001C,Anti-social behaviour,,
,2021-06,Lancashire Constabulary,Lancashire Constabulary,-2.406380,53.785414,On or near Loynd Street,E01025062,Hyndburn 001C,Anti-social behaviour,,
,2021-06,Lancashire Constabulary,Lancashire Constabulary,-2.403704,53.784884,On or near Grimshaw Street,E01025062,Hyndburn 001C,Anti-social behaviour,,
c4def61360093bee3d4589a8a94af87888b26d0789558466f3b645dfead6783a,2021-06,Lancashire Constabulary,Lancashire Constabulary,-2.403704,53.784884,On or near Grimshaw Street,E01025062,Hyndburn 001C,Burglary,Investigation complete; no suspect identified,
7b94cebc716ce9f7a6ea23908f67e632a859e01192227b46840908e2373b32f5,2021-06,Lancashire Constabulary,Lancashire Constabulary,-2.403704,53.784884,On or near Grimshaw Street,E01025062,Hyndburn 001C,Burglary,Investigation complete; no suspect identified,
b2672ab20f8eace02661514b465a2f5be75c847cb88c435f6fa0e889b5a2b657,2021-06,Lancashire Constabulary,Lancashire Constabulary,-2.403704,53.784884,On or near Grimshaw Street,E01025062,Hyndburn 001C,Burglary,Investigation complete; no suspect identified,
b3a8816c0283be7952a828da55b14a4a42e3b40ba718151172ab3489324908ed,2021-06,Lancashire Constabulary,Lancashire Constabulary,-2.407866,53.785238,On or near Town Hall Street,E01025062,Hyndburn 001C,Criminal damage and arson,Investigation complete; no suspect identified,
8b865343cb36f3e90c561585410e7a00fd134233af2cfda938006f033e75e971,2021-06,Lancashire Constabulary,Lancashire Constabulary,-2.403772,53.785702,On or near Ward Street,E01025062,Hyndburn 001C,Other theft,Unable to prosecute suspect,
4528514b1136cd65e1a572b1888e6e15c255b295d46a8feeeebcd4af884a43f3,2021-06,Lancashire Constabulary,Lancashire Constabulary,-2.401032,53.784821,On or near St Hubert'S Street,E01025062,Hyndburn 001C,Public order,Unable to prosecute suspect,
4926ff684127935d37e26a15a8493d00205d466771931bfd75da39de08fed320,2021-06,Lancashire Constabulary,Lancashire Constabulary,-2.404691,53.784979,On or near Clayton Street,E01025062,Hyndburn 001C,Violence and sexual offences,Unable to prosecute suspect,
7c0131941762ca18337db64289c9c8ed70f6870ed7009393029be5c122ce06d7,2021-06,Lancashire Constabulary,Lancashire Constabulary,-2.408055,53.785975,On or near Queen Street,E01025062,Hyndburn 001C,Violence and sexual offences,Investigation complete; no suspect identified,
2449365ddc68f6564a33dd0503fa780b227ba272dbc97abad0194d4387b33603,2021-06,Lancashire Constabulary,Lancashire Constabulary,-2.408055,53.785975,On or near Queen Street,E01025062,Hyndburn 001C,Violence and sexual offences,Investigation complete; no suspect identified,
7ef7c17e720c94ce6beb71d6a9bae6e598069554d6ff12f2d0a470b1e41855d5,2021-06,Lancashire Constabulary,Lancashire Constabulary,-2.408055,53.785975,On or near Queen Street,E01025062,Hyndburn 001C,Violence and sexual offences,Investigation complete; no suspect identified,
66ce687bc8a6f827db079e0e3bed1c1617f7222f8a4f3759d5fd4573c0315d8a,2021-06,Lancashire Constabulary,Lancashire Constabulary,-2.398031,53.785271,On or near Lewis Street,E01025062,Hyndburn 001C,Violence and sexual offences,Unable to prosecute suspect,
89f79ea69b7daa2fde7736206014c4f0112c29cc23475c49e25ab276b1379c58,2021-06,Lancashire Constabulary,Lancashire Constabulary,-2.403726,53.782484,On or near Meadow Street,E01025062,Hyndburn 001C,Violence and sexual offences,Unable to prosecute suspect,
1f1811335e9ad950c249836b55241ba486d0ac476ec578d3cff2526f23881d40,2021-06,Lancashire Constabulary,Lancashire Constabulary,-2.404691,53.784979,On or near Clayton Street,E01025062,Hyndburn 001C,Violence and sexual offences,Unable to prosecute suspect,
207babd9894eff2a188c47d74890ea21e2d6dc5b4785b56ba5172bc7a1b01fe6,2021-06,Lancashire Constabulary,Lancashire Constabulary,-2.408055,53.785975,On or near Queen Street,E01025062,Hyndburn 001C,Violence and sexual offences,Investigation complete; no suspect identified,
50ca4257daabafddb27e663f608c7c48cebd1e4ef25b22ca2674b2b4270965fc,2021-06,Lancashire Constabulary,Lancashire Constabulary,-2.400345,53.782846,On or near Union Court,E01025062,Hyndburn 001C,Other crime,Unable to prosecute suspect,
,2021-06,Lancashire Constabulary,Lancashire Constabulary,-2.416725,53.784776,On or near Highfield,E01025063,Hyndburn 001D,Anti-social behaviour,,
,2021-06,Lancashire Constabulary,Lancashire Constabulary,-2.415642,53.782767,On or near Kipling Place,E01025063,Hyndburn 001D,Anti-social behaviour,,
,2021-06,Lancashire Constabulary,Lancashire Constabulary,-2.417193,53.786123,On or near Bostons,E01025063,Hyndburn 001D,Anti-social behaviour,,
,2021-06,Lancashire Constabulary,Lancashire Constabulary,-2.412578,53.781303,On or near Byron Square,E01025063,Hyndburn 001D,Anti-social behaviour,,
,2021-06,Lancashire Constabulary,Lancashire Constabulary,-2.415642,53.782767,On or near Kipling Place,E01025063,Hyndburn 001D,Anti-social behaviour,,
,2021-06,Lancashire Constabulary,Lancashire Constabulary,-2.415642,53.782767,On or near Kipling Place,E01025063,Hyndburn 001D,Anti-social behaviour,,
,2021-06,Lancashire Constabulary,Lancashire Constabulary,-2.414323,53.785899,On or near Edge End Road,E01025063,Hyndburn 001D,Anti-social behaviour,,
,2021-06,Lancashire Constabulary,Lancashire Constabulary,-2.413807,53.781362,On or near Burns Way,E01025063,Hyndburn 001D,Anti-social behaviour,,
815aa8ac9b90b19b10ef68fc781ea2544cc2ce622e8d8bd7bff290de0e8206bf,2021-06,Lancashire Constabulary,Lancashire Constabulary,-2.415642,53.782767,On or near Kipling Place,E01025063,Hyndburn 001D,Other theft,Investigation complete; no suspect identified,
ba246431814a6174153fadd4b39bd35e2c24e07a22806c209044eaf0271029ed,2021-06,Lancashire Constabulary,Lancashire Constabulary,-2.414323,53.785899,On or near Edge End Road,E01025063,Hyndburn 001D,Public order,Investigation complete; no suspect identified,
4907634f139a20cbc6575bd5ff9808d06f06714985bfe4127b054f3e142e2e9d,2021-06,Lancashire Constabulary,Lancashire Constabulary,-2.414837,53.784235,On or near James Avenue,E01025063,Hyndburn 001D,Violence and sexual offences,Investigation complete; no suspect identified,
95062e6faaa16e57fef2593738b55cb6540c43d1b8546d5098455162acd25377,2021-06,Lancashire Constabulary,Lancashire Constabulary,-2.415324,53.785842,On or near Edgeside,E01025063,Hyndburn 001D,Violence and sexual offences,Unable to prosecute suspect,
22a1c9e686fb1a485dcc8379a90bcd5c026700222f72f54fa607d8fef2fd0978,2021-06,Lancashire Constabulary,Lancashire Constabulary,-2.415204,53.781411,On or near Milton Close,E01025063,Hyndburn 001D,Violence and sexual offences,Investigation complete; no suspect identified,
40ab1f55b06a26ea65e0c267bf1b3a970dd97ae22aea298aa6f8a272428ac2fd,2021-06,Lancashire Constabulary,Lancashire Constabulary,-2.415324,53.785842,On or near Edgeside,E01025063,Hyndburn 001D,Violence and sexual offences,Unable to prosecute suspect,
,2021-06,Lancashire Constabulary,Lancashire Constabulary,-2.409134,53.792370,On or near Upper Cliffe (Bersham Drive),E01025064,Hyndburn 001E,Anti-social behaviour,,
,2021-06,Lancashire Constabulary,Lancashire Constabulary,-2.411101,53.791654,On or near Clifton Drive,E01025064,Hyndburn 001E,Anti-social behaviour,,
,2021-06,Lancashire Constabulary,Lancashire Constabulary,-2.409611,53.791497,On or near Cliffe Lane,E01025064,Hyndburn 001E,Anti-social behaviour,,
,2021-06,Lancashire Constabulary,Lancashire Constabulary,-2.409134,53.792370,On or near Upper Cliffe (Bersham Drive),E01025064,Hyndburn 001E,Anti-social behaviour,,
,2021-06,Lancashire Constabulary,Lancashire Constabulary,-2.410049,53.789644,On or near Lowerfold,E01025064,Hyndburn 001E,Anti-social behaviour,,
08baabd1545c86ae98746c0e1ceb3a7bef2e8324f29bddd688059f8e83809221,2021-06,Lancashire Constabulary,Lancashire Constabulary,-2.401871,53.789986,On or near Park Lane,E01025064,Hyndburn 001E,Burglary,Status update unavailable,
61a166d781bc33e4cb9ed5a3f918d165ab54a3359d05cc25ded0b95c4da47091,2021-06,Lancashire Constabulary,Lancashire Constabulary,-2.413923,53.791545,On or near Northcliffe,E01025064,Hyndburn 001E,Other theft,Investigation complete; no suspect identified,
4d91cefa136285c20dbc00b56be81d13611cc0835acd6663f661f7ed35ab56e3,2021-06,Lancashire Constabulary,Lancashire Constabulary,-2.401871,53.789986,On or near Park Lane,E01025064,Hyndburn 001E,Vehicle crime,Unable to prosecute suspect,
af54e7a49f8a0d0175c68da7462387300e074d1ecb4ad32844d93d0c63baacb9,2021-06,Lancashire Constabulary,Lancashire Constabulary,-2.414049,53.790475,On or near Ravenswood,E01025064,Hyndburn 001E,Violence and sexual offences,Further investigation is not in the public interest,
,2021-06,Lancashire Constabulary,Lancashire Constabulary,-2.407057,53.787955,On or near Church Street,E01025065,Hyndburn 001F,Anti-social behaviour,,
,2021-06,Lancashire Constabulary,Lancashire Constabulary,-2.407057,53.787955,On or near Church Street,E01025065,Hyndburn 001F,Anti-social behaviour,,
,2021-06,Lancashire Constabulary,Lancashire Constabulary,-2.406765,53.789107,On or near Ash Street,E01025065,Hyndburn 001F,Anti-social behaviour,,
,2021-06,Lancashire Constabulary,Lancashire Constabulary,-2.410212,53.781482,On or near West Street,E01025065,Hyndburn 001F,Anti-social behaviour,,
,2021-06,Lancashire Constabulary,Lancashire Constabulary,-2.406163,53.788030,On or near St Lawrence Street,E01025065,Hyndburn 001F,Anti-social behaviour,,
ffa941d9baa72c9b1338adba54deb8395b04e8092e310da85205e82c25915f06,2021-06,Lancashire Constabulary,Lancashire Constabulary,-2.409463,53.784082,On or near Nowell Street,E01025065,Hyndburn 001F,Burglary,Unable to prosecute suspect,
8ea4d20d1f34321877669a9be742ae154666a3b21165479a994c265f83f8c5ae,2021-06,Lancashire Constabulary,Lancashire Constabulary,-2.409463,53.784082,On or near Nowell Street,E01025065,Hyndburn 001F,Burglary,Unable to prosecute suspect,
40c88f5c90190aec8582575cc4d401cdfb97f564c7b813221c68b87703440f0c,2021-06,Lancashire Constabulary,Lancashire Constabulary,-2.409463,53.784082,On or near Nowell Street,E01025065,Hyndburn 001F,Other theft,Unable to prosecute suspect,
12f295715ed63a0ffa7bdfde93bc4f979a9001aeff342b68d62f44e2ac3ba54f,2021-06,Lancashire Constabulary,Lancashire Constabulary,-2.411612,53.783437,On or near Rushton Street,E01025065,Hyndburn 001F,Vehicle crime,Status update unavailable,
0af134d5cbe3921ba3adc910d0660b1b80886660adf66a2bb90ba88fd6767c14,2021-06,Lancashire Constabulary,Lancashire Constabulary,-2.409175,53.785602,On or near Edward Street,E01025065,Hyndburn 001F,Violence and sexual offences,Offender given a caution,
5c10b89e8228c884b88abc69cb64461c8dc0bfbb4e12126e168c179f3dde01af,2021-06,Lancashire Constabulary,Lancashire Constabulary,-2.413307,53.784483,On or near Earl Street,E01025065,Hyndburn 001F,Violence and sexual offences,Unable to prosecute suspect,
c2efebcf0cc3c48db909e8f7a7545531594b0811e9652412fc828a7eb93d337e,2021-06,Lancashire Constabulary,Lancashire Constabulary,-2.406163,53.788030,On or near St Lawrence Street,E01025065,Hyndburn 001F,Violence and sexual offences,Unable to prosecute suspect,
3eaa90cc8ead845d164b3e7547f12ce0651674cba1030da8b613e69dbb04a80f,2021-06,Lancashire Constabulary,Lancashire Constabulary,-2.413307,53.784483,On or near Earl Street,E01025065,Hyndburn 001F,Violence and sexual offences,Unable to prosecute suspect,
,2021-06,Lancashire Constabulary,Lancashire Constabulary,-2.394430,53.789714,On or near Shaftesbury Avenue,E01025066,Hyndburn 001G,Anti-social behaviour,,
,2021-06,Lancashire Constabulary,Lancashire Constabulary,-2.402189,53.788385,On or near Poplar Avenue,E01025066,Hyndburn 001G,Anti-social behaviour,,
,2021-06,Lancashire Constabulary,Lancashire Constabulary,-2.400177,53.787529,On or near Sports/Recreation Area,E01025066,Hyndburn 001G,Anti-social behaviour,,
,2021-06,Lancashire Constabulary,Lancashire Constabulary,-2.403492,53.786556,On or near Parking Area,E01025066,Hyndburn 001G,Anti-social behaviour,,
,2021-06,Lancashire Constabulary,Lancashire Constabulary,-2.399909,53.788006,On or near Hartley Street,E01025066,Hyndburn 001G,Anti-social behaviour,,
1f7cf96696a331eea0be52913fba609b89bf8d21876c1f0846140be4a00da3b8,2021-06,Lancashire Constabulary,Lancashire Constabulary,-2.394962,53.789749,On or near Calder Place,E01025066,Hyndburn 001G,Criminal damage and arson,Investigation complete; no suspect identified,
e46b030618bbc7a809154baf3586d4c1a6dc4d7cc9a7a1539c2041a7004eb68a,2021-06,Lancashire Constabulary,Lancashire Constabulary,-2.402189,53.788385,On or near Poplar Avenue,E01025066,Hyndburn 001G,Drugs,Unable to prosecute suspect,
8f26bea043a23f2bb2dee3d42acd0b93eee68df5b9c901cfe02c9acc5ebc45c3,2021-06,Lancashire Constabulary,Lancashire Constabulary,-2.403492,53.786556,On or near Parking Area,E01025066,Hyndburn 001G,Other theft,Status update unavailable,
17663edd759dee0ec85bbb9dce754285835e2d37621f3e7a7c4c0ad77f907998,2021-06,Lancashire Constabulary,Lancashire Constabulary,-2.403492,53.786556,On or near Parking Area,E01025066,Hyndburn 001G,Other theft,Investigation complete; no suspect identified,
9493c9f3282b0be30ac8de94b6db3704007963ccf8904c2a69b81deeac2ce61e,2021-06,Lancashire Constabulary,Lancashire Constabulary,-2.400894,53.786277,On or near Victoria Street,E01025066,Hyndburn 001G,Public order,Unable to prosecute suspect,
ebc47491c4a85952732fcade56c1f4271ab98e6482eff67776a5cc563486ed6b,2021-06,Lancashire Constabulary,Lancashire Constabulary,-2.400177,53.787529,On or near Sports/Recreation Area,E01025066,Hyndburn 001G,Shoplifting,Status update unavailable,
b2863d6b6d42fc7da938663a42f2a355c6def2822a5c0272a0d67601244c8bfd,2021-06,Lancashire Constabulary,Lancashire Constabulary,-2.402189,53.788385,On or near Poplar Avenue,E01025066,Hyndburn 001G,Theft from the person,Investigation complete; no suspect identified,
,2021-06,Lancashire Constabulary,Lancashire Constabulary,-2.383883,53.778289,On or near Whalley Road,E01025032,Hyndburn 002A,Anti-social behaviour,,
,2021-06,Lancashire Constabulary,Lancashire Constabulary,-2.383049,53.775038,On or near Whalley Road,E01025032,Hyndburn 002A,Anti-social behaviour,,
,2021-06,Lancashire Constabulary,Lancashire Constabulary,-2.380408,53.776682,On or near Devonshire Drive,E01025032,Hyndburn 002A,Anti-social behaviour,,
,2021-06,Lancashire Constabulary,Lancashire Constabulary,-2.382706,53.777322,On or near York Close,E01025032,Hyndburn 002A,Anti-social behaviour,,
,2021-06,Lancashire Constabulary,Lancashire Constabulary,-2.383049,53.775038,On or near Whalley Road,E01025032,Hyndburn 002A,Anti-social behaviour,,
,2021-06,Lancashire Constabulary,Lancashire Constabulary,-2.380403,53.777734,On or near Lancaster Drive,E01025032,Hyndburn 002A,Anti-social behaviour,,
,2021-06,Lancashire Constabulary,Lancashire Constabulary,-2.381519,53.777047,On or near Gloucester Avenue,E01025032,Hyndburn 002A,Anti-social behaviour,,
b139ebf0bb52cbe4eb471d54b6c8a042f766f90ff2606688b5c634b0523e7d68,2021-06,Lancashire Constabulary,Lancashire Constabulary,-2.383883,53.778289,On or near Whalley Road,E01025032,Hyndburn 002A,Burglary,Investigation complete; no suspect identified,
256f5bdc8ada3e3fd8316b7888169b7ed2404de5834df930b940a37237ed2415,2021-06,Lancashire Constabulary,Lancashire Constabulary,-2.381277,53.777084,On or near Rutland Close,E01025032,Hyndburn 002A,Possession of weapons,Further action is not in the public interest,
afb06490ab1d4ee97b28061e246960a27eb7ad78d980e8a405051876bed4f42a,2021-06,Lancashire Constabulary,Lancashire Constabulary,-2.382706,53.777322,On or near York Close,E01025032,Hyndburn 002A,Public order,Court result unavailable,
b2a618eed8f9596b8a932182e471b19090923bc938a0c419271b0627202d72c1,2021-06,Lancashire Constabulary,Lancashire Constabulary,-2.381277,53.777084,On or near Rutland Close,E01025032,Hyndburn 002A,Violence and sexual offences,Unable to prosecute suspect,
5dc50caa8b601691aeddb3d9b2dadb33bc5b63d9647595efd036370f7183e3c0,2021-06,Lancashire Constabulary,Lancashire Constabulary,-2.382706,53.777322,On or near York Close,E01025032,Hyndburn 002A,Violence and sexual offences,Court result unavailable,
78135a7907aa5fbda127389d104e63d11e876163374e02bbee67237f1efbfcd1,2021-06,Lancashire Constabulary,Lancashire Constabulary,-2.381979,53.772552,On or near King Street,E01025032,Hyndburn 002A,Violence and sexual offences,Unable to prosecute suspect,
42b3f0b00a1584a67074f42b7a8ba7e08475a8e8711593f60f2a2208d0c59aa0,2021-06,Lancashire Constabulary,Lancashire Constabulary,-2.382201,53.778528,On or near Warwick Avenue,E01025032,Hyndburn 002A,Violence and sexual offences,Unable to prosecute suspect,
,2021-06,Lancashire Constabulary,Lancashire Constabulary,-2.378014,53.775332,On or near Simmons Way,E01025033,Hyndburn 002B,Anti-social behaviour,,
,2021-06,Lancashire Constabulary,Lancashire Constabulary,-2.373625,53.768021,On or near Sherwood Way,E01025033,Hyndburn 002B,Anti-social behaviour,,
7bc59dcc20b80f2793cbefd058719117f276a2f49163e8bd2cc78526422c92b0,2021-06,Lancashire Constabulary,Lancashire Constabulary,-2.371206,53.767354,On or near Tunstall Drive,E01025033,Hyndburn 002B,Burglary,Investigation complete; no suspect identified,
c522b3ad9b7bed361a7bfcea375892bf2fc7b2f3208dc3c31ac4a4a6b1c9568d,2021-06,Lancashire Constabulary,Lancashire Constabulary,-2.380032,53.772018,On or near Mount Street,E01025033,Hyndburn 002B,Criminal damage and arson,Investigation complete; no suspect identified,
0d6aad3f2038c08adf7774351f341cb8a4c869923b47067967919c692f0e28a3,2021-06,Lancashire Constabulary,Lancashire Constabulary,-2.380032,53.772018,On or near Mount Street,E01025033,Hyndburn 002B,Vehicle crime,Investigation complete; no suspect identified,
95651c17ca2bc54786e1b6c9577f0827582f4c02a9940ce7d7b895fa19d94de9,2021-06,Lancashire Constabulary,Lancashire Constabulary,-2.378643,53.774369,On or near Moorside Drive,E01025033,Hyndburn 002B,Violence and sexual offences,Status update unavailable,
,2021-06,Lancashire Constabulary,Lancashire Constabulary,-2.378292,53.767395,On or near Harrington Street,E01025034,Hyndburn 002C,Anti-social behaviour,,
,2021-06,Lancashire Constabulary,Lancashire Constabulary,-2.377464,53.768153,On or near Brisbane Street,E01025034,Hyndburn 002C,Anti-social behaviour,,
,2021-06,Lancashire Constabulary,Lancashire Constabulary,-2.379371,53.760929,On or near Queens Road West,E01025034,Hyndburn 002C,Anti-social behaviour,,
,2021-06,Lancashire Constabulary,Lancashire Constabulary,-2.379981,53.769664,On or near Read Street,E01025034,Hyndburn 002C,Anti-social behaviour,,
,2021-06,Lancashire Constabulary,Lancashire Constabulary,-2.379371,53.760929,On or near Queens Road West,E01025034,Hyndburn 002C,Anti-social behaviour,,
9365b1e29db060af2339e66687904d6211d981ca5be88618f936b5d601b6ce9b,2021-06,Lancashire Constabulary,Lancashire Constabulary,-2.379013,53.770053,On or near Hill Street,E01025034,Hyndburn 002C,Other theft,Status update unavailable,
f27c71df4bb47dbb64fa10dabbc5861493c2118e27a606408e37b279feaa35fb,2021-06,Lancashire Constabulary,Lancashire Constabulary,-2.376724,53.768515,On or near Jubilee Street,E01025034,Hyndburn 002C,Other theft,Unable to prosecute suspect,
720ba1d9d41ea71406cf19b87a8dd4a6a57945265db32eda72c1e32f20a68a44,2021-06,Lancashire Constabulary,Lancashire Constabulary,-2.379981,53.769664,On or near Read Street,E01025034,Hyndburn 002C,Violence and sexual offences,Unable to prosecute suspect,
2481342ecb4069f508f793857086ed04236e4741953551fe3a314a7b6965953c,2021-06,Lancashire Constabulary,Lancashire Constabulary,-2.378028,53.768492,On or near Adelaide Street,E01025034,Hyndburn 002C,Violence and sexual offences,Unable to prosecute suspect,
ec454dba2bfb36b0d7d911ca8955bdf5e2eae707776ba2ab694d0ade0171ab22,2021-06,Lancashire Constabulary,Lancashire Constabulary,-2.379981,53.769664,On or near Read Street,E01025034,Hyndburn 002C,Violence and sexual offences,Investigation complete; no suspect identified,
4336b5077776f43c9eb1c6c31cb68af4732400f5db578b417ffca0fd9c21b6ee,2021-06,Lancashire Constabulary,Lancashire Constabulary,-2.379828,53.769574,On or near Waterloo Street,E01025034,Hyndburn 002C,Violence and sexual offences,Unable to prosecute suspect,
94842b0f18945118b6043304a06f19cf053e2a883abdd38c02e25d1e592467f8,2021-06,Lancashire Constabulary,Lancashire Constabulary,-2.379111,53.769154,On or near Sydney Street,E01025034,Hyndburn 002C,Violence and sexual offences,Unable to prosecute suspect,
7141523966c03cd0d9f1b720fca3e8d966b89b5078d6045c69a9bf577cd355c5,2021-06,Lancashire Constabulary,Lancashire Constabulary,-2.379013,53.770053,On or near Hill Street,E01025034,Hyndburn 002C,Other crime,Unable to prosecute suspect,
,2021-06,Lancashire Constabulary,Lancashire Constabulary,-2.391204,53.780611,On or near Riverside View,E01025048,Hyndburn 002D,Anti-social behaviour,,
,2021-06,Lancashire Constabulary,Lancashire Constabulary,-2.385463,53.780135,On or near The Coppice,E01025048,Hyndburn 002D,Anti-social behaviour,,
,2021-06,Lancashire Constabulary,Lancashire Constabulary,-2.392172,53.780275,On or near Iris Close,E01025048,Hyndburn 002D,Anti-social behaviour,,
,2021-06,Lancashire Constabulary,Lancashire Constabulary,-2.384891,53.780721,On or near Lynwood Avenue,E01025048,Hyndburn 002D,Anti-social behaviour,,
5db57e949de2d216c5c0e6bc917b811c57fb6856b2b159824c8cffb6d1c2f19d,2021-06,Lancashire Constabulary,Lancashire Constabulary,-2.388482,53.781716,On or near Bridge Croft,E01025048,Hyndburn 002D,Criminal damage and arson,Investigation complete; no suspect identified,
93f325928625d59dedc79183cbd90ba20c6d64bdad756c0d50555f22098e05cd,2021-06,Lancashire Constabulary,Lancashire Constabulary,-2.391140,53.780279,On or near Sweet Briar Close,E01025048,Hyndburn 002D,Public order,Unable to prosecute suspect,
ffa6de33ce5a711e4b467b50761217144898629c1ea95cdea25a6122cf364c09,2021-06,Lancashire Constabulary,Lancashire Constabulary,-2.391204,53.780611,On or near Riverside View,E01025048,Hyndburn 002D,Violence and sexual offences,Unable to prosecute suspect,
291acb5039f082ecd3a18a18a5e7587cea953f711bf61b6dd554a73b203b391a,2021-06,Lancashire Constabulary,Lancashire Constabulary,-2.391140,53.780279,On or near Sweet Briar Close,E01025048,Hyndburn 002D,Violence and sexual offences,Unable to prosecute suspect,
1f575dd4776638efc81e45b52b9e2b8fdb650f442e8927a1996d28f17bd74ca4,2021-06,Lancashire Constabulary,Lancashire Constabulary,-2.391204,53.780611,On or near Riverside View,E01025048,Hyndburn 002D,Violence and sexual offences,Unable to prosecute suspect,
bcf1a11cf48488aa8edd8634d361c452dfe991147918e060acb5006ef8923328,2021-06,Lancashire Constabulary,Lancashire Constabulary,-2.391140,53.780279,On or near Sweet Briar Close,E01025048,Hyndburn 002D,Violence and sexual offences,Unable to prosecute suspect,
,2021-06,Lancashire Constabulary,Lancashire Constabulary,-2.385947,53.778327,On or near Ann Street,E01025049,Hyndburn 002E,Anti-social behaviour,,
,2021-06,Lancashire Constabulary,Lancashire Constabulary,-2.384678,53.777325,On or near Owen Court,E01025049,Hyndburn 002E,Anti-social behaviour,,
,2021-06,Lancashire Constabulary,Lancashire Constabulary,-2.389672,53.777506,On or near Chapel Street,E01025049,Hyndburn 002E,Anti-social behaviour,,
,2021-06,Lancashire Constabulary,Lancashire Constabulary,-2.385947,53.778327,On or near Ann Street,E01025049,Hyndburn 002E,Anti-social behaviour,,
,2021-06,Lancashire Constabulary,Lancashire Constabulary,-2.387874,53.776676,On or near Alma Street,E01025049,Hyndburn 002E,Anti-social behaviour,,
,2021-06,Lancashire Constabulary,Lancashire Constabulary,-2.384055,53.775520,On or near Mercer Street,E01025049,Hyndburn 002E,Anti-social behaviour,,
,2021-06,Lancashire Constabulary,Lancashire Constabulary,-2.385193,53.775579,On or near Victor Street,E01025049,Hyndburn 002E,Anti-social behaviour,,
,2021-06,Lancashire Constabulary,Lancashire Constabulary,-2.385947,53.778327,On or near Ann Street,E01025049,Hyndburn 002E,Anti-social behaviour,,
,2021-06,Lancashire Constabulary,Lancashire Constabulary,-2.389672,53.777506,On or near Chapel Street,E01025049,Hyndburn 002E,Anti-social behaviour,,
,2021-06,Lancashire Constabulary,Lancashire Constabulary,-2.389672,53.777506,On or near Chapel Street,E01025049,Hyndburn 002E,Anti-social behaviour,,
,2021-06,Lancashire Constabulary,Lancashire Constabulary,-2.385947,53.778327,On or near Ann Street,E01025049,Hyndburn 002E,Anti-social behaviour,,
,2021-06,Lancashire Constabulary,Lancashire Constabulary,-2.384275,53.774674,On or near Parking Area,E01025049,Hyndburn 002E,Anti-social behaviour,,
,2021-06,Lancashire Constabulary,Lancashire Constabulary,-2.385947,53.778327,On or near Ann Street,E01025049,Hyndburn 002E,Anti-social behaviour,,
,2021-06,Lancashire Constabulary,Lancashire Constabulary,-2.390728,53.778411,On or near Crowther Street,E01025049,Hyndburn 002E,Anti-social behaviour,,
,2021-06,Lancashire Constabulary,Lancashire Constabulary,-2.385947,53.778327,On or near Ann Street,E01025049,Hyndburn 002E,Anti-social behaviour,,
,2021-06,Lancashire Constabulary,Lancashire Constabulary,-2.384275,53.774674,On or near Parking Area,E01025049,Hyndburn 002E,Anti-social behaviour,,
,2021-06,Lancashire Constabulary,Lancashire Constabulary,-2.385947,53.778327,On or near Ann Street,E01025049,Hyndburn 002E,Anti-social behaviour,,
,2021-06,Lancashire Constabulary,Lancashire Constabulary,-2.388744,53.775550,On or near Grange Street,E01025049,Hyndburn 002E,Anti-social behaviour,,
,2021-06,Lancashire Constabulary,Lancashire Constabulary,-2.386938,53.775547,On or near James Street,E01025049,Hyndburn 002E,Anti-social behaviour,,
,2021-06,Lancashire Constabulary,Lancashire Constabulary,-2.387655,53.777576,On or near Branch Road,E01025049,Hyndburn 002E,Anti-social behaviour,,
,2021-06,Lancashire Constabulary,Lancashire Constabulary,-2.384275,53.774674,On or near Parking Area,E01025049,Hyndburn 002E,Anti-social behaviour,,
,2021-06,Lancashire Constabulary,Lancashire Constabulary,-2.385947,53.778327,On or near Ann Street,E01025049,Hyndburn 002E,Anti-social behaviour,,
,2021-06,Lancashire Constabulary,Lancashire Constabulary,-2.384055,53.775520,On or near Mercer Street,E01025049,Hyndburn 002E,Anti-social behaviour,,
,2021-06,Lancashire Constabulary,Lancashire Constabulary,-2.384678,53.777325,On or near Owen Court,E01025049,Hyndburn 002E,Anti-social behaviour,,
,2021-06,Lancashire Constabulary,Lancashire Constabulary,-2.390728,53.778411,On or near Crowther Street,E01025049,Hyndburn 002E,Anti-social behaviour,,
4ce9fdd699be512d72f056f62e8a20852bd882daa8993bdfb190bc196ea2688e,2021-06,Lancashire Constabulary,Lancashire Constabulary,-2.384055,53.775520,On or near Mercer Street,E01025049,Hyndburn 002E,Burglary,Investigation complete; no suspect identified,
e7b5cb60f0843521c4d2046930cfb2159d2707c0931bec5f20eca3faa4859935,2021-06,Lancashire Constabulary,Lancashire Constabulary,-2.390728,53.778411,On or near Crowther Street,E01025049,Hyndburn 002E,Burglary,Investigation complete; no suspect identified,
2137750b8f339b74d72521701f6982fe93fcb41726aea95acb5a02dbe1c0db3e,2021-06,Lancashire Constabulary,Lancashire Constabulary,-2.385947,53.778327,On or near Ann Street,E01025049,Hyndburn 002E,Criminal damage and arson,Unable to prosecute suspect,
162031d25c0c4a5a5c92641dc97e9af2a9a28a237a7753a41c66c824bc5c6a07,2021-06,Lancashire Constabulary,Lancashire Constabulary,-2.385947,53.778327,On or near Ann Street,E01025049,Hyndburn 002E,Criminal damage and arson,Local resolution,
47f684525869d6c27229576c49f50a0fb22441698ee0c5d78a8ae361064cd302,2021-06,Lancashire Constabulary,Lancashire Constabulary,-2.385947,53.778327,On or near Ann Street,E01025049,Hyndburn 002E,Criminal damage and arson,Unable to prosecute suspect,
001434a5e0f190be5c24b10a5f6f7315be9a03ac438dece160316ab44c14f8b9,2021-06,Lancashire Constabulary,Lancashire Constabulary,-2.387655,53.777576,On or near Branch Road,E01025049,Hyndburn 002E,Public order,Status update unavailable,
fcc04d70905242381cafd2b182bdb26adae20bdda02421e6be0c7cc7f5f7c93d,2021-06,Lancashire Constabulary,Lancashire Constabulary,-2.390728,53.778411,On or near Crowther Street,E01025049,Hyndburn 002E,Public order,Unable to prosecute suspect,
c61bbf287776780e94960c1829083f00c7e8985014998e440ac83072f586927f,2021-06,Lancashire Constabulary,Lancashire Constabulary,-2.386917,53.778216,On or near Sparth Road,E01025049,Hyndburn 002E,Public order,Further investigation is not in the public interest,
52a5f8f6fbc3a6c4585dcc3184302f2049f6cbb9bb072da403c61be7e00c1930,2021-06,Lancashire Constabulary,Lancashire Constabulary,-2.385947,53.778327,On or near Ann Street,E01025049,Hyndburn 002E,Public order,Unable to prosecute suspect,
48eee8ff817f6f2871ca3c66cc81e70d7b553d560eadd4c4ec9c24f7061de987,2021-06,Lancashire Constabulary,Lancashire Constabulary,-2.386917,53.778216,On or near Sparth Road,E01025049,Hyndburn 002E,Public order,Unable to prosecute suspect,
018e0ec815ac13913ede7af0f2b5fe686e16635992def132849ad5226d13d69a,2021-06,Lancashire Constabulary,Lancashire Constabulary,-2.388744,53.775550,On or near Grange Street,E01025049,Hyndburn 002E,Public order,Unable to prosecute suspect,
a4fb1ba2e1f273ffa36a2fe0999cb829258ddc8d427e699552bf510812a6afe0,2021-06,Lancashire Constabulary,Lancashire Constabulary,-2.385947,53.778327,On or near Ann Street,E01025049,Hyndburn 002E,Public order,Local resolution,
de1d71989b52eb6897604c166002b51f73e5ff54a3df40bdc4434fb4a6838e81,2021-06,Lancashire Constabulary,Lancashire Constabulary,-2.387655,53.777576,On or near Branch Road,E01025049,Hyndburn 002E,Public order,Further investigation is not in the public interest,
13751b02621da73f7914bd7c3a18c09f60d63855519355d0afa0ce508b6a6933,2021-06,Lancashire Constabulary,Lancashire Constabulary,-2.386138,53.776017,On or near George Street,E01025049,Hyndburn 002E,Public order,Local resolution,
b2a44376818d21410bb834306a4f2a8e9b69878532dbef345c62afcf59e6d10a,2021-06,Lancashire Constabulary,Lancashire Constabulary,-2.384275,53.774674,On or near Parking Area,E01025049,Hyndburn 002E,Public order,Unable to prosecute suspect,
5dea975f53e94044bd9ecccbfd3cdcd565494a5928e34c4d0ddba69e35d2de67,2021-06,Lancashire Constabulary,Lancashire Constabulary,-2.385193,53.775579,On or near Victor Street,E01025049,Hyndburn 002E,Violence and sexual offences,Investigation complete; no suspect identified,
5a67196a64523e0531cab947a393aa8b3ac890db3b8b72a840b8284f02130c75,2021-06,Lancashire Constabulary,Lancashire Constabulary,-2.384915,53.778277,On or near Milton Street,E01025049,Hyndburn 002E,Violence and sexual offences,Unable to prosecute suspect,
360dd1f2b1b352a6dcf6bb049f537833ba378df5d847d5bb98c8066ebbe33d97,2021-06,Lancashire Constabulary,Lancashire Constabulary,-2.385947,53.778327,On or near Ann Street,E01025049,Hyndburn 002E,Violence and sexual offences,Unable to prosecute suspect,
e034e1b36a21090a9d49dbea83742dcc20b2eb29d177f64eceec340ec70da580,2021-06,Lancashire Constabulary,Lancashire Constabulary,-2.385947,53.778327,On or near Ann Street,E01025049,Hyndburn 002E,Violence and sexual offences,Unable to prosecute suspect,
e70f8916fff061aab902a00590f3db2020f4aca231488302c8896b90e80718f5,2021-06,Lancashire Constabulary,Lancashire Constabulary,-2.390728,53.778411,On or near Crowther Street,E01025049,Hyndburn 002E,Violence and sexual offences,Unable to prosecute suspect,
39807442ee1dc4505a1a511cfebebc23f0908e0013cc5d83ccff17294bdeee6d,2021-06,Lancashire Constabulary,Lancashire Constabulary,-2.387874,53.776676,On or near Alma Street,E01025049,Hyndburn 002E,Violence and sexual offences,Unable to prosecute suspect,
02226a438fcf5fdefa8e8720606645c73a6623fdf57805fd8db55340996c4365,2021-06,Lancashire Constabulary,Lancashire Constabulary,-2.384915,53.778277,On or near Milton Street,E01025049,Hyndburn 002E,Violence and sexual offences,Unable to prosecute suspect,
7486b61f61b5b17613c1babe6e0056c199603732c8e1bab430dffdd67d85e719,2021-06,Lancashire Constabulary,Lancashire Constabulary,-2.387048,53.775897,On or near Barnes Street,E01025049,Hyndburn 002E,Violence and sexual offences,Investigation complete; no suspect identified,
0749efee95040776fdd0491966502bbae835f11e843eec7d91a4b54f4c0e077d,2021-06,Lancashire Constabulary,Lancashire Constabulary,-2.385947,53.778327,On or near Ann Street,E01025049,Hyndburn 002E,Violence and sexual offences,Unable to prosecute suspect,
f94ef5639c2c884709892de48c9e7f4c8eb15eb22b19dacd8d6a952a90ffbc89,2021-06,Lancashire Constabulary,Lancashire Constabulary,-2.385947,53.778327,On or near Ann Street,E01025049,Hyndburn 002E,Violence and sexual offences,Action to be taken by another organisation,
97df1c4cf1f6bb078de8c97bf2ce76fd36dc13f5df69c6bbab61da0b29157135,2021-06,Lancashire Constabulary,Lancashire Constabulary,-2.387874,53.776676,On or near Alma Street,E01025049,Hyndburn 002E,Violence and sexual offences,Unable to prosecute suspect,
f3b9e55a74d9e2355c6561ea9c12a39d02e7251b913c6a4feb4174481d0e161a,2021-06,Lancashire Constabulary,Lancashire Constabulary,-2.385947,53.778327,On or near Ann Street,E01025049,Hyndburn 002E,Violence and sexual offences,Further investigation is not in the public interest,
15048d33d1cbd99aba61561070553d4946888a0b9ffc8c818679fe8496a3f17e,2021-06,Lancashire Constabulary,Lancashire Constabulary,-2.388309,53.776081,On or near Daniel Street,E01025049,Hyndburn 002E,Violence and sexual offences,Unable to prosecute suspect,
4dc0b4dd4391b6f0d3a42946330b5195ef25ada297b5ea2b1dc37ee84a0a22f1,2021-06,Lancashire Constabulary,Lancashire Constabulary,-2.387874,53.776676,On or near Alma Street,E01025049,Hyndburn 002E,Violence and sexual offences,Unable to prosecute suspect,
b5508949b3d7080122773b55048f164b109f574d2b5a6c96210b8e4ca2ac8236,2021-06,Lancashire Constabulary,Lancashire Constabulary,-2.388744,53.775550,On or near Grange Street,E01025049,Hyndburn 002E,Violence and sexual offences,Unable to prosecute suspect,
1ee2c6a331a52b14604beebedc5a5cae8ff27ff1ccc873a6497a89a8a4498d7f,2021-06,Lancashire Constabulary,Lancashire Constabulary,-2.387874,53.776676,On or near Alma Street,E01025049,Hyndburn 002E,Other crime,Further investigation is not in the public interest,
,2021-06,Lancashire Constabulary,Lancashire Constabulary,-2.385782,53.773627,On or near Albert Street,E01025050,Hyndburn 002F,Anti-social behaviour,,
,2021-06,Lancashire Constabulary,Lancashire Constabulary,-2.382775,53.773304,On or near Corn Mill Yard,E01025050,Hyndburn 002F,Anti-social behaviour,,
,2021-06,Lancashire Constabulary,Lancashire Constabulary,-2.391459,53.768917,On or near Conference/Exhibition Centre,E01025050,Hyndburn 002F,Anti-social behaviour,,
,2021-06,Lancashire Constabulary,Lancashire Constabulary,-2.385782,53.773627,On or near Albert Street,E01025050,Hyndburn 002F,Anti-social behaviour,,
,2021-06,Lancashire Constabulary,Lancashire Constabulary,-2.392529,53.773093,On or near Arnside Close,E01025050,Hyndburn 002F,Anti-social behaviour,,
,2021-06,Lancashire Constabulary,Lancashire Constabulary,-2.385413,53.772999,On or near Chequers,E01025050,Hyndburn 002F,Anti-social behaviour,,
,2021-06,Lancashire Constabulary,Lancashire Constabulary,-2.385782,53.773627,On or near Albert Street,E01025050,Hyndburn 002F,Anti-social behaviour,,
,2021-06,Lancashire Constabulary,Lancashire Constabulary,-2.387669,53.774160,On or near Church Street,E01025050,Hyndburn 002F,Anti-social behaviour,,
,2021-06,Lancashire Constabulary,Lancashire Constabulary,-2.385782,53.773627,On or near Albert Street,E01025050,Hyndburn 002F,Anti-social behaviour,,
c6edf5ba67c20a1ee907c220ccca0574f6ae2cc284494b2d5051c953a4f251ee,2021-06,Lancashire Constabulary,Lancashire Constabulary,-2.382276,53.771841,On or near Mill Street,E01025050,Hyndburn 002F,Criminal damage and arson,Court result unavailable,
f1fe9cd43ed02cdc43284a3a4875099b1d1932ce37797c0e41f23eb0a889bc60,2021-06,Lancashire Constabulary,Lancashire Constabulary,-2.385782,53.773627,On or near Albert Street,E01025050,Hyndburn 002F,Criminal damage and arson,Unable to prosecute suspect,
40ee375ddf705690e4eb11f112b7f87c9797a928b6b779f90683b236241ace72,2021-06,Lancashire Constabulary,Lancashire Constabulary,-2.381937,53.771248,On or near Parking Area,E01025050,Hyndburn 002F,Criminal damage and arson,Status update unavailable,
8e546d2f3e8e586b82dc68c0133b4f92d9c7460fcbd134b6136e5f0afee5c1cc,2021-06,Lancashire Constabulary,Lancashire Constabulary,-2.382171,53.770241,On or near Blackburn Road,E01025050,Hyndburn 002F,Other theft,Investigation complete; no suspect identified,
4474b1a7a210b8fd1e5bcda5d4d7189e94159d3953e34111aed4e34f3cbe5801,2021-06,Lancashire Constabulary,Lancashire Constabulary,-2.382775,53.773304,On or near Corn Mill Yard,E01025050,Hyndburn 002F,Other theft,Investigation complete; no suspect identified,
660243409c096c0e7f99cd67c5b57f29e0ce0e4084d81c8a0b38d8b2c8f55925,2021-06,Lancashire Constabulary,Lancashire Constabulary,-2.390030,53.768580,On or near Blackburn Road,E01025050,Hyndburn 002F,Public order,Investigation complete; no suspect identified,
ab934bb546429f2ccbbef8343f23f1d31e90192151f7148781b58152e23cf0a8,2021-06,Lancashire Constabulary,Lancashire Constabulary,-2.382171,53.770241,On or near Blackburn Road,E01025050,Hyndburn 002F,Robbery,Unable to prosecute suspect,
11838f3ecdfa242c68058ad094a5653dccb786c2662830545207a3727b2ed0a3,2021-06,Lancashire Constabulary,Lancashire Constabulary,-2.387686,53.771059,On or near Cuncliffe Court,E01025050,Hyndburn 002F,Vehicle crime,Status update unavailable,
d22aad7c0b255b5132c54df807349b06cd85f6f2ef46a2f28dce2dfb23fd8482,2021-06,Lancashire Constabulary,Lancashire Constabulary,-2.381937,53.771248,On or near Parking Area,E01025050,Hyndburn 002F,Violence and sexual offences,Unable to prosecute suspect,
ea4fe77da288e27984f0419b631dbf4fdd33b4bf682999b848beb58ba27493a1,2021-06,Lancashire Constabulary,Lancashire Constabulary,-2.391459,53.768917,On or near Conference/Exhibition Centre,E01025050,Hyndburn 002F,Violence and sexual offences,Unable to prosecute suspect,
c69e3ad7578a8415b3743f8b7276789d6a7dabf0976ea6b3e28eb5e9bde86adc,2021-06,Lancashire Constabulary,Lancashire Constabulary,-2.382463,53.770689,On or near St Mary'S Court,E01025050,Hyndburn 002F,Violence and sexual offences,Unable to prosecute suspect,
1c6504bd5e332d07b9ea973e6c0b03030ecfd2db50768ff5037c5b82db248ccb,2021-06,Lancashire Constabulary,Lancashire Constabulary,-2.387056,53.773551,On or near Winckley Road,E01025050,Hyndburn 002F,Violence and sexual offences,Unable to prosecute suspect,
ce803500805a61be87ae09ce3deff52c88a59aa16ac0ccf188f71e91140cd5c9,2021-06,Lancashire Constabulary,Lancashire Constabulary,-2.387056,53.773551,On or near Winckley Road,E01025050,Hyndburn 002F,Violence and sexual offences,Unable to prosecute suspect,
aec240229a257fb21e02f26708655c079e2602935e2671a7849c07560b4ab34a,2021-06,Lancashire Constabulary,Lancashire Constabulary,-2.393810,53.773727,On or near Brigsteer Close,E01025050,Hyndburn 002F,Violence and sexual offences,Status update unavailable,
67ec50fa93d9e1a5140141d6a2359734d4982f7a30ea39e3ad9c8ba554330174,2021-06,Lancashire Constabulary,Lancashire Constabulary,-2.385782,53.773627,On or near Albert Street,E01025050,Hyndburn 002F,Violence and sexual offences,Further action is not in the public interest,
131d968353cab7327fc0cfa13fd8238d3b0665553f4f7b9eb9fdbd7f697f937c,2021-06,Lancashire Constabulary,Lancashire Constabulary,-2.382276,53.771841,On or near Mill Street,E01025050,Hyndburn 002F,Violence and sexual offences,Unable to prosecute suspect,
1033a8c214606df3d5304b12ea8e24d38752f39c8f534e0c45e57a6074260a11,2021-06,Lancashire Constabulary,Lancashire Constabulary,-2.387538,53.769846,On or near Walmsley Court,E01025050,Hyndburn 002F,Other crime,Status update unavailable,
,2021-06,Lancashire Constabulary,Lancashire Constabulary,-2.334869,53.780332,On or near M65,E01025053,Hyndburn 002G,Anti-social behaviour,,
bfa784b5a5671bb749df3f9260645f8c62f5be1b0b2443ccf8c6bba3348f7279,2021-06,Lancashire Constabulary,Lancashire Constabulary,-2.343326,53.771473,On or near Lynwood Road,E01025053,Hyndburn 002G,Violence and sexual offences,Status update unavailable,
a202f1c54f83b5b2fbe672ba0ee59f3c4fd7f88ebbcb34cced17d83c2e821185,2021-06,Lancashire Constabulary,Lancashire Constabulary,-2.346863,53.771760,On or near Yorkshire Street,E01025053,Hyndburn 002G,Violence and sexual offences,Unable to prosecute suspect,
bce44fca5b8d9a76aa26294d2d8a3c2197bf65253867d6b76054a74d9b39714b,2021-06,Lancashire Constabulary,Lancashire Constabulary,-2.339011,53.768843,On or near Eaves Close,E01025053,Hyndburn 002G,Violence and sexual offences,Status update unavailable,
2490cfe5e978bde7974b23772980d53420bd525b132198cc10937e1c7c89bfd7,2021-06,Lancashire Constabulary,Lancashire Constabulary,-2.340844,53.770456,On or near Highergate Close,E01025053,Hyndburn 002G,Violence and sexual offences,Unable to prosecute suspect,
324635815aaf74ca5b8f9570f8258f6a55517a8d67070fccafcde41184493051,2021-06,Lancashire Constabulary,Lancashire Constabulary,-2.340844,53.770456,On or near Highergate Close,E01025053,Hyndburn 002G,Violence and sexual offences,Unable to prosecute suspect,
,2021-06,Lancashire Constabulary,Lancashire Constabulary,-2.415862,53.772717,On or near Allan Critchlow Way,E01025070,Hyndburn 003A,Anti-social behaviour,,
,2021-06,Lancashire Constabulary,Lancashire Constabulary,-2.414727,53.771526,On or near Sands Road,E01025070,Hyndburn 003A,Anti-social behaviour,,
,2021-06,Lancashire Constabulary,Lancashire Constabulary,-2.414727,53.771526,On or near Sands Road,E01025070,Hyndburn 003A,Anti-social behaviour,,
f754de91eef11ed3317d1ca0cff239ce2f5d15829c18413a530bb61ae29b4599,2021-06,Lancashire Constabulary,Lancashire Constabulary,-2.418522,53.768690,On or near St Paul'S Road,E01025070,Hyndburn 003A,Other theft,Unable to prosecute suspect,
b93c9e02a587f2add989e62131c3d04aa0483272a33e424652433c49aa99f8ff,2021-06,Lancashire Constabulary,Lancashire Constabulary,-2.413585,53.771044,On or near Well Street,E01025070,Hyndburn 003A,Public order,Unable to prosecute suspect,
868445911d535b8c9ed682dcebb301c92900ccc7b2a4f43690b7a64fe7ea1f4a,2021-06,Lancashire Constabulary,Lancashire Constabulary,-2.418772,53.770955,On or near Stourton Street,E01025070,Hyndburn 003A,Public order,Unable to prosecute suspect,
a666fae6bb717b0f28095bfec63c355d37a8358f7913823d5dbda72c86dc4ca0,2021-06,Lancashire Constabulary,Lancashire Constabulary,-2.418522,53.768690,On or near St Paul'S Road,E01025070,Hyndburn 003A,Shoplifting,Status update unavailable,
56b3f97eb80de6c1fcdb2bda4174a0fa2f742f22325f846cbf4a851dfcf35341,2021-06,Lancashire Constabulary,Lancashire Constabulary,-2.418522,53.768690,On or near St Paul'S Road,E01025070,Hyndburn 003A,Shoplifting,Further investigation is not in the public interest,
0624c58bb28169cbd3c866b41c12c6bf262c7acb27c84676dac4afc480d2a5f0,2021-06,Lancashire Constabulary,Lancashire Constabulary,-2.418522,53.768690,On or near St Paul'S Road,E01025070,Hyndburn 003A,Shoplifting,Status update unavailable,
1375e24f7a21b10528824dfa8eafb541e73e8ec7fabddc6a423fdd0e32816e6b,2021-06,Lancashire Constabulary,Lancashire Constabulary,-2.414727,53.771526,On or near Sands Road,E01025070,Hyndburn 003A,Vehicle crime,Investigation complete; no suspect identified,
cbe1bf697ce0c1a3a1cbfefaec95f57a1976668d6739c137892f329ac47a95cf,2021-06,Lancashire Constabulary,Lancashire Constabulary,-2.414186,53.770548,On or near Spring Street,E01025070,Hyndburn 003A,Violence and sexual offences,Unable to prosecute suspect,
92323d97a045e0bb209646d1e1a74eca03a9eae797ee5b06c70b0088ffbd347e,2021-06,Lancashire Constabulary,Lancashire Constabulary,-2.418772,53.770955,On or near Stourton Street,E01025070,Hyndburn 003A,Violence and sexual offences,Unable to prosecute suspect,
59ec9c7a31f5e0603312dd4f1134df5947c68163ac389a51be2736d0e4768f7e,2021-06,Lancashire Constabulary,Lancashire Constabulary,-2.414186,53.770548,On or near Spring Street,E01025070,Hyndburn 003A,Violence and sexual offences,Unable to prosecute suspect,
33fcf400f4e51f5ca3f3934d113666385f8c7eb5132c1ce67007f05f57b89106,2021-06,Lancashire Constabulary,Lancashire Constabulary,-2.414727,53.771526,On or near Sands Road,E01025070,Hyndburn 003A,Violence and sexual offences,Unable to prosecute suspect,
,2021-06,Lancashire Constabulary,Lancashire Constabulary,-2.413145,53.766507,On or near Princes Street,E01025071,Hyndburn 003B,Anti-social behaviour,,
0ef779145c361df6753953f25b04081e5a37daf06f3e238695a4710ad17f6678,2021-06,Lancashire Constabulary,Lancashire Constabulary,-2.414781,53.767715,On or near Edward Street,E01025071,Hyndburn 003B,Criminal damage and arson,Investigation complete; no suspect identified,
91e2ed6edd9e3e65d4cc796c37b5f49e9f4a9d718707d730387a8e8159a2db93,2021-06,Lancashire Constabulary,Lancashire Constabulary,-2.412584,53.768046,On or near Victoria Street,E01025071,Hyndburn 003B,Criminal damage and arson,Investigation complete; no suspect identified,
e3f8dc497d1c57eb1730dce462423e0b6e299735cc5922b681c23d1ae8128b47,2021-06,Lancashire Constabulary,Lancashire Constabulary,-2.412584,53.768046,On or near Victoria Street,E01025071,Hyndburn 003B,Criminal damage and arson,Investigation complete; no suspect identified,
00171e7ee535140cabae8b4161ddd0bc7b9950e1720f6a9268b45bc5db128991,2021-06,Lancashire Constabulary,Lancashire Constabulary,-2.412584,53.768046,On or near Victoria Street,E01025071,Hyndburn 003B,Public order,Status update unavailable,
0beaa89c80c69f42865b2a8f471651bd2ece72a4aaf72b26066c799947cfe813,2021-06,Lancashire Constabulary,Lancashire Constabulary,-2.416214,53.765400,On or near Eachill Gardens,E01025071,Hyndburn 003B,Vehicle crime,Investigation complete; no suspect identified,
7142e431a61986eac1918b0e81112bb19f9ff9d9ab05bd3de83f20e22ecd9a23,2021-06,Lancashire Constabulary,Lancashire Constabulary,-2.413145,53.766507,On or near Princes Street,E01025071,Hyndburn 003B,Violence and sexual offences,Unable to prosecute suspect,
83425f4301d1f446c2a588dd3613c8dc0c42b7c882fe73022d66f440159e3f05,2021-06,Lancashire Constabulary,Lancashire Constabulary,-2.414271,53.766800,On or near Albert Street,E01025071,Hyndburn 003B,Violence and sexual offences,Unable to prosecute suspect,
db3319e9b529da0a21ad13bff9f1af0df186990d0295c7a9c8ce4acef8bd3120,2021-06,Lancashire Constabulary,Lancashire Constabulary,-2.412584,53.768046,On or near Victoria Street,E01025071,Hyndburn 003B,Violence and sexual offences,Investigation complete; no suspect identified,
a86ad72ba488cc0477dfb4befadc76bfdd0376c491604d6bc7c0684c58f5adf8,2021-06,Lancashire Constabulary,Lancashire Constabulary,-2.413352,53.767495,On or near Company Street,E01025071,Hyndburn 003B,Violence and sexual offences,Unable to prosecute suspect,
0db1b9846d83822901f9b314a60d0911253cbb6b98e589cc89f78d4d71485a87,2021-06,Lancashire Constabulary,Lancashire Constabulary,-2.413352,53.767495,On or near Company Street,E01025071,Hyndburn 003B,Violence and sexual offences,Unable to prosecute suspect,
e7ba4a36a9a77d4318fbe3d7c104467de69aef5e1c7fc304e0e13ec19002b413,2021-06,Lancashire Constabulary,Lancashire Constabulary,-2.414534,53.767293,On or near Clarke Street,E01025071,Hyndburn 003B,Other crime,Unable to prosecute suspect,
,2021-06,Lancashire Constabulary,Lancashire Constabulary,-2.407747,53.769869,On or near Holt Street,E01025072,Hyndburn 003C,Anti-social behaviour,,
,2021-06,Lancashire Constabulary,Lancashire Constabulary,-2.411122,53.770613,On or near Parker Street,E01025072,Hyndburn 003C,Anti-social behaviour,,
,2021-06,Lancashire Constabulary,Lancashire Constabulary,-2.411122,53.770613,On or near Parker Street,E01025072,Hyndburn 003C,Anti-social behaviour,,
,2021-06,Lancashire Constabulary,Lancashire Constabulary,-2.409734,53.768307,On or near Derby Street,E01025072,Hyndburn 003C,Anti-social behaviour,,
,2021-06,Lancashire Constabulary,Lancashire Constabulary,-2.407747,53.769869,On or near Holt Street,E01025072,Hyndburn 003C,Anti-social behaviour,,
aea86c9ebd02b656770398607513ff0182a97edc8a20d79c111218241bef8582,2021-06,Lancashire Constabulary,Lancashire Constabulary,-2.413607,53.768716,On or near Parking Area,E01025072,Hyndburn 003C,Burglary,Status update unavailable,
e696714396a92d0c828afb1ec2be27102e92005d09e4ee987ff4632c3828b26f,2021-06,Lancashire Constabulary,Lancashire Constabulary,-2.409220,53.769981,On or near Talbot Street,E01025072,Hyndburn 003C,Burglary,Unable to prosecute suspect,
08eb7f500a8b64211154e234db956f22f1b444addf7339eb9e89b873ba2af627,2021-06,Lancashire Constabulary,Lancashire Constabulary,-2.416227,53.768258,On or near Shopping Area,E01025072,Hyndburn 003C,Other theft,Unable to prosecute suspect,
954ddf29140df7e44eb888cf2bdc47942ec38ba321043471c9a26f9458b7d415,2021-06,Lancashire Constabulary,Lancashire Constabulary,-2.416834,53.769802,On or near Lord Street,E01025072,Hyndburn 003C,Possession of weapons,Investigation complete; no suspect identified,
0c50ce8fb79eb829829977c2457a507200e6b6d36a9aba45f731d3133d6c176e,2021-06,Lancashire Constabulary,Lancashire Constabulary,-2.416834,53.769802,On or near Lord Street,E01025072,Hyndburn 003C,Public order,Offender given penalty notice,
49ea313446fc878c1cd131a560148ad52851325aed52bfa6ea18c4c4c4502610,2021-06,Lancashire Constabulary,Lancashire Constabulary,-2.416227,53.768258,On or near Shopping Area,E01025072,Hyndburn 003C,Vehicle crime,Investigation complete; no suspect identified,
d573e811fb7e2a3f559b5de1276b654df2b531b30a381a2d7943d7c645e013d0,2021-06,Lancashire Constabulary,Lancashire Constabulary,-2.409734,53.768307,On or near Derby Street,E01025072,Hyndburn 003C,Violence and sexual offences,Status update unavailable,
c8ea0850b6e20705cd8c8d0b3f327e7bf39479affebc87c7e414cf0e44333315,2021-06,Lancashire Constabulary,Lancashire Constabulary,-2.409276,53.769495,On or near Burton Street,E01025072,Hyndburn 003C,Violence and sexual offences,Unable to prosecute suspect,
,2021-06,Lancashire Constabulary,Lancashire Constabulary,-2.420237,53.764181,On or near Station Close,E01025073,Hyndburn 003D,Anti-social behaviour,,
,2021-06,Lancashire Constabulary,Lancashire Constabulary,-2.415183,53.766985,On or near Walmsley Street,E01025073,Hyndburn 003D,Anti-social behaviour,,
,2021-06,Lancashire Constabulary,Lancashire Constabulary,-2.421130,53.765500,On or near Sports/Recreation Area,E01025073,Hyndburn 003D,Anti-social behaviour,,
,2021-06,Lancashire Constabulary,Lancashire Constabulary,-2.420349,53.764774,On or near Shaw Brook Close,E01025073,Hyndburn 003D,Anti-social behaviour,,
,2021-06,Lancashire Constabulary,Lancashire Constabulary,-2.421130,53.765500,On or near Sports/Recreation Area,E01025073,Hyndburn 003D,Anti-social behaviour,,
,2021-06,Lancashire Constabulary,Lancashire Constabulary,-2.418207,53.766004,On or near St Charles' Road,E01025073,Hyndburn 003D,Anti-social behaviour,,
dec891ff910994b961867b906c00df81b46c7a5abd7441b62aa7491769d8077c,2021-06,Lancashire Constabulary,Lancashire Constabulary,-2.417838,53.765484,On or near Sports/Recreation Area,E01025073,Hyndburn 003D,Violence and sexual offences,Unable to prosecute suspect,
fdea33ccd5f782688852e94b47c5107eb29d171fe3d8e8de05009e4fe1c89827,2021-06,Lancashire Constabulary,Lancashire Constabulary,-2.420349,53.764774,On or near Shaw Brook Close,E01025073,Hyndburn 003D,Violence and sexual offences,Unable to prosecute suspect,
,2021-06,Lancashire Constabulary,Lancashire Constabulary,-2.426074,53.763837,On or near Woodside Avenue,E01025074,Hyndburn 003E,Anti-social behaviour,,
,2021-06,Lancashire Constabulary,Lancashire Constabulary,-2.445483,53.758814,On or near Parking Area,E01025074,Hyndburn 003E,Anti-social behaviour,,
,2021-06,Lancashire Constabulary,Lancashire Constabulary,-2.445483,53.758814,On or near Parking Area,E01025074,Hyndburn 003E,Anti-social behaviour,,
,2021-06,Lancashire Constabulary,Lancashire Constabulary,-2.445483,53.758814,On or near Parking Area,E01025074,Hyndburn 003E,Anti-social behaviour,,
,2021-06,Lancashire Constabulary,Lancashire Constabulary,-2.423400,53.767918,On or near Windermere Drive,E01025074,Hyndburn 003E,Anti-social behaviour,,
5d54f947d89f05f00c7b4a253e86fad0c9b1f54b82356d957723c693470d0771,2021-06,Lancashire Constabulary,Lancashire Constabulary,-2.448604,53.776976,On or near Blackburn Old Road,E01025074,Hyndburn 003E,Criminal damage and arson,Unable to prosecute suspect,
04c5aac7fa931cf5b21015d821240eeefda74c215a98de741927e011bf64fa48,2021-06,Lancashire Constabulary,Lancashire Constabulary,-2.445483,53.758814,On or near Parking Area,E01025074,Hyndburn 003E,Criminal damage and arson,Unable to prosecute suspect,
8af6d172df1ee1a3f3298707202d0fdc2d553858729565dcc15571ffe3b2b0d8,2021-06,Lancashire Constabulary,Lancashire Constabulary,-2.445483,53.758814,On or near Parking Area,E01025074,Hyndburn 003E,Drugs,Court result unavailable,
4a2558b39c3a2cb04f462a21818a50b82413b9c758e0dd10240789313bc8d964,2021-06,Lancashire Constabulary,Lancashire Constabulary,-2.419213,53.768005,On or near Church Street,E01025074,Hyndburn 003E,Drugs,Local resolution,
126ccc41e676ec5192b583551f554e4a4ff093181864642e0a507b76ee8edc16,2021-06,Lancashire Constabulary,Lancashire Constabulary,-2.445483,53.758814,On or near Parking Area,E01025074,Hyndburn 003E,Public order,Investigation complete; no suspect identified,
fdaf0d369fd46fe288eed675af8ffbb62d2f19b32ba55acbbbf213eb39f3fce9,2021-06,Lancashire Constabulary,Lancashire Constabulary,-2.445483,53.758814,On or near Parking Area,E01025074,Hyndburn 003E,Public order,Unable to prosecute suspect,
b5c10755b80dbeff1a06b617c0f3bc8fe0847834f0c1c1cd28b5a603d3fa429d,2021-06,Lancashire Constabulary,Lancashire Constabulary,-2.445483,53.758814,On or near Parking Area,E01025074,Hyndburn 003E,Shoplifting,Investigation complete; no suspect identified,
fa0ff3bb70f093f31708f45242c7d0536ca0eb2b0f83b8c00721a57d78f93c6b,2021-06,Lancashire Constabulary,Lancashire Constabulary,-2.445483,53.758814,On or near Parking Area,E01025074,Hyndburn 003E,Shoplifting,Status update unavailable,
26e49041b440e523040c21e671adc440182e632e824f6063920a556777871944,2021-06,Lancashire Constabulary,Lancashire Constabulary,-2.445483,53.758814,On or near Parking Area,E01025074,Hyndburn 003E,Shoplifting,Unable to prosecute suspect,
7b0a741520657a3e85b20764f60bd3b3a8f6422c51e872a0183ef18d2e4577e0,2021-06,Lancashire Constabulary,Lancashire Constabulary,-2.445483,53.758814,On or near Parking Area,E01025074,Hyndburn 003E,Shoplifting,Unable to prosecute suspect,
e8366900a397f7ca9ab0f84e695107b0e7f00d0935281d51f270ca28f55de2f3,2021-06,Lancashire Constabulary,Lancashire Constabulary,-2.445483,53.758814,On or near Parking Area,E01025074,Hyndburn 003E,Violence and sexual offences,Unable to prosecute suspect,
9f267fb1ca4a0bce5bf85900c7e47671d52f4b27e4345d1411d3778bc39b1244,2021-06,Lancashire Constabulary,Lancashire Constabulary,-2.445483,53.758814,On or near Parking Area,E01025074,Hyndburn 003E,Violence and sexual offences,Status update unavailable,
e05a6f67cc291bba1fbd5c682cf2bbecbdcd50b65baf4cebc37aaa32974464f6,2021-06,Lancashire Constabulary,Lancashire Constabulary,-2.421732,53.768050,On or near Hampshire Road,E01025074,Hyndburn 003E,Violence and sexual offences,Unable to prosecute suspect,
,2021-06,Lancashire Constabulary,Lancashire Constabulary,-2.346463,53.765487,On or near Brown Birks Road,E01025051,Hyndburn 004A,Anti-social behaviour,,
,2021-06,Lancashire Constabulary,Lancashire Constabulary,-2.344573,53.764441,On or near Burnley Road,E01025051,Hyndburn 004A,Anti-social behaviour,,
,2021-06,Lancashire Constabulary,Lancashire Constabulary,-2.346463,53.765487,On or near Brown Birks Road,E01025051,Hyndburn 004A,Anti-social behaviour,,
b398d732d13a639e35928e06dc545dd54b5b073db19226768925514e3a4e03cc,2021-06,Lancashire Constabulary,Lancashire Constabulary,-2.354492,53.762354,On or near Whitewell Road,E01025051,Hyndburn 004A,Burglary,Investigation complete; no suspect identified,
5aafe19769c49dbc7b9c162e231b229935897a61f883c61c6b4fb0939803b619,2021-06,Lancashire Constabulary,Lancashire Constabulary,-2.344254,53.766230,On or near Oakdene Avenue,E01025051,Hyndburn 004A,Criminal damage and arson,Unable to prosecute suspect,
658a9339f78169329b55ea7bb3b58ad410cfd96cd5a099e2a7e70748eeb55bf8,2021-06,Lancashire Constabulary,Lancashire Constabulary,-2.344254,53.766230,On or near Oakdene Avenue,E01025051,Hyndburn 004A,Criminal damage and arson,Unable to prosecute suspect,
6222142824bdb60322d32da786ea44d8f35add3f54a06b790bcab8890774ef00,2021-06,Lancashire Constabulary,Lancashire Constabulary,-2.351047,53.767721,On or near Haweswater Road,E01025051,Hyndburn 004A,Public order,Unable to prosecute suspect,
38641db597f68b986bc25c1476ed3fb1e0beccb50628c98d6c36942efe6373aa,2021-06,Lancashire Constabulary,Lancashire Constabulary,-2.340865,53.765566,On or near Moorfield Avenue,E01025051,Hyndburn 004A,Vehicle crime,Investigation complete; no suspect identified,
0ee1960fc3dc43d5851d2578985aeed07518aa5e9263ab612282d6c37df7d604,2021-06,Lancashire Constabulary,Lancashire Constabulary,-2.342676,53.766181,On or near Winterley Drive,E01025051,Hyndburn 004A,Violence and sexual offences,Unable to prosecute suspect,
163f95f508a10f0186bc0856108454154ab6e6dc7a90f587009c7d6e728426f6,2021-06,Lancashire Constabulary,Lancashire Constabulary,-2.342676,53.766181,On or near Winterley Drive,E01025051,Hyndburn 004A,Violence and sexual offences,Unable to prosecute suspect,
a9c9c380ed1acf045c26933ef9badf4c02f51fa93cdb77e93d0142f7568b3b7b,2021-06,Lancashire Constabulary,Lancashire Constabulary,-2.350467,53.765457,On or near Grasmere Close,E01025051,Hyndburn 004A,Violence and sexual offences,Unable to prosecute suspect,
,2021-06,Lancashire Constabulary,Lancashire Constabulary,-2.346445,53.763348,On or near Foxwood Chase,E01025052,Hyndburn 004B,Anti-social behaviour,,
,2021-06,Lancashire Constabulary,Lancashire Constabulary,-2.354773,53.761508,On or near Heaning Avenue,E01025052,Hyndburn 004B,Anti-social behaviour,,
,2021-06,Lancashire Constabulary,Lancashire Constabulary,-2.350745,53.756900,On or near Pinewood Drive,E01025052,Hyndburn 004B,Anti-social behaviour,,
8dc004f1b80553d74665fa568b2c257c7ff8ffc556cfd02e94268c8a60de9008,2021-06,Lancashire Constabulary,Lancashire Constabulary,-2.353556,53.757539,On or near Water Street,E01025052,Hyndburn 004B,Burglary,Investigation complete; no suspect identified,
f71d3f39824402c8aaa41ca1998e693e1af087fa3e7dc32da2adb143b0501742,2021-06,Lancashire Constabulary,Lancashire Constabulary,-2.349182,53.762351,On or near Parker Street,E01025052,Hyndburn 004B,Other theft,Unable to prosecute suspect,
33954b416167657758c8fd3e4c793668825b101f1a4baea9264dd003b4bbdf0d,2021-06,Lancashire Constabulary,Lancashire Constabulary,-2.349182,53.762351,On or near Parker Street,E01025052,Hyndburn 004B,Other theft,Investigation complete; no suspect identified,
,2021-06,Lancashire Constabulary,Lancashire Constabulary,-2.359016,53.762817,On or near Sports/Recreation Area,E01025057,Hyndburn 004C,Anti-social behaviour,,
,2021-06,Lancashire Constabulary,Lancashire Constabulary,-2.362574,53.758572,On or near Pollard Street,E01025057,Hyndburn 004C,Anti-social behaviour,,
,2021-06,Lancashire Constabulary,Lancashire Constabulary,-2.359016,53.762817,On or near Sports/Recreation Area,E01025057,Hyndburn 004C,Anti-social behaviour,,
,2021-06,Lancashire Constabulary,Lancashire Constabulary,-2.366440,53.758273,On or near Ramsbottom Street,E01025057,Hyndburn 004C,Anti-social behaviour,,
,2021-06,Lancashire Constabulary,Lancashire Constabulary,-2.359016,53.762817,On or near Sports/Recreation Area,E01025057,Hyndburn 004C,Anti-social behaviour,,
,2021-06,Lancashire Constabulary,Lancashire Constabulary,-2.365766,53.761026,On or near King'S Road,E01025057,Hyndburn 004C,Anti-social behaviour,,
b3833effe716110c6f44d644b067d5e8f385ccd6841a210325a98313d82add65,2021-06,Lancashire Constabulary,Lancashire Constabulary,-2.364746,53.758898,On or near Aitken Street,E01025057,Hyndburn 004C,Burglary,Investigation complete; no suspect identified,
7b8d0cb1dc5c7bc8be50ff33bfc215dd09ffc03ec3cb3bbe7625a7075d29a004,2021-06,Lancashire Constabulary,Lancashire Constabulary,-2.364466,53.759816,On or near Queen'S Road,E01025057,Hyndburn 004C,Burglary,Investigation complete; no suspect identified,
bb28da26252e49e945e0d92b9b61b9394395369f883b665ae945ceb7780e91ad,2021-06,Lancashire Constabulary,Lancashire Constabulary,-2.366440,53.758273,On or near Ramsbottom Street,E01025057,Hyndburn 004C,Criminal damage and arson,Investigation complete; no suspect identified,
67620dcad0688bbb53f067b38bebb0bbf1cf4549373ac4b63e3af48ef2cbe8a4,2021-06,Lancashire Constabulary,Lancashire Constabulary,-2.363004,53.759155,On or near Nutter Road,E01025057,Hyndburn 004C,Criminal damage and arson,Status update unavailable,
0f62eb83fc3e369827f637fe25c18e63551f04a23459e61757d273a571e0056a,2021-06,Lancashire Constabulary,Lancashire Constabulary,-2.364963,53.757675,On or near Owen Street,E01025057,Hyndburn 004C,Criminal damage and arson,Unable to prosecute suspect,
9c58c0e894fac475892c4fc671327087477d247cc830e25bdbc67258cf75843e,2021-06,Lancashire Constabulary,Lancashire Constabulary,-2.361838,53.759330,On or near Belgarth Road,E01025057,Hyndburn 004C,Other theft,Investigation complete; no suspect identified,
b7f11adff398747605d59a54630370b574d0e3c6c84eeda74549c572043ff16a,2021-06,Lancashire Constabulary,Lancashire Constabulary,-2.364746,53.758898,On or near Aitken Street,E01025057,Hyndburn 004C,Other theft,Unable to prosecute suspect,
96c039fa54ad6ac00d89048a5475eda2a12e0c99738494f0c7c73d45024e8cbd,2021-06,Lancashire Constabulary,Lancashire Constabulary,-2.364466,53.759816,On or near Queen'S Road,E01025057,Hyndburn 004C,Violence and sexual offences,Unable to prosecute suspect,
96bc33645455c3b076555636ef1246a2456d98e5034811a51ef65c799bd720cd,2021-06,Lancashire Constabulary,Lancashire Constabulary,-2.364466,53.759816,On or near Queen'S Road,E01025057,Hyndburn 004C,Violence and sexual offences,Unable to prosecute suspect,
7320b7a425ca967acc0548f30eeaf48b7fd8befaaf6f14ceeb7d2cc257749f5a,2021-06,Lancashire Constabulary,Lancashire Constabulary,-2.363004,53.759155,On or near Nutter Road,E01025057,Hyndburn 004C,Violence and sexual offences,Status update unavailable,
e432b2fa592f151ba6a5ce963d539facd0824dbe8186848b5d6d7f2972a53ffb,2021-06,Lancashire Constabulary,Lancashire Constabulary,-2.366440,53.758273,On or near Ramsbottom Street,E01025057,Hyndburn 004C,Violence and sexual offences,Unable to prosecute suspect,
24c4c37a4305db1ab7e5d224f4d854423462d37815bf320030f91d682c6569b7,2021-06,Lancashire Constabulary,Lancashire Constabulary,-2.363534,53.760844,On or near Winchester Avenue,E01025057,Hyndburn 004C,Violence and sexual offences,Status update unavailable,
0942141d0319f54dbdda2ab1c0d7410114657f97cfe3ac2e8f592552a29fa9dc,2021-06,Lancashire Constabulary,Lancashire Constabulary,-2.363004,53.759155,On or near Nutter Road,E01025057,Hyndburn 004C,Violence and sexual offences,Unable to prosecute suspect,
33c1e5b04355013a051479af6cb650c34707d31baf647a206e2b62521b6743b1,2021-06,Lancashire Constabulary,Lancashire Constabulary,-2.364746,53.758898,On or near Aitken Street,E01025057,Hyndburn 004C,Violence and sexual offences,Unable to prosecute suspect,
68b97a849cfaef0816ca17a65832c572e022976fdb5ec77921b872683fd37070,2021-06,Lancashire Constabulary,Lancashire Constabulary,-2.364466,53.759816,On or near Queen'S Road,E01025057,Hyndburn 004C,Violence and sexual offences,Unable to prosecute suspect,
,2021-06,Lancashire Constabulary,Lancashire Constabulary,-2.369172,53.758489,On or near Eccles Street,E01025058,Hyndburn 004D,Anti-social behaviour,,
,2021-06,Lancashire Constabulary,Lancashire Constabulary,-2.375617,53.758380,On or near Lancaster Avenue,E01025058,Hyndburn 004D,Anti-social behaviour,,
,2021-06,Lancashire Constabulary,Lancashire Constabulary,-2.368656,53.758491,On or near Devonshire Street,E01025058,Hyndburn 004D,Anti-social behaviour,,
,2021-06,Lancashire Constabulary,Lancashire Constabulary,-2.373401,53.758243,On or near Lupin Close,E01025058,Hyndburn 004D,Anti-social behaviour,,
,2021-06,Lancashire Constabulary,Lancashire Constabulary,-2.375019,53.759361,On or near Worcester Avenue,E01025058,Hyndburn 004D,Anti-social behaviour,,
850e398934fb9e76adacf9d7d06c2c773fd365a51544ef4e4444b4b7cae78615,2021-06,Lancashire Constabulary,Lancashire Constabulary,-2.376246,53.759213,On or near Gloucester Avenue,E01025058,Hyndburn 004D,Burglary,Investigation complete; no suspect identified,
29da930920a196f00b8b8fc27b6519d52f371d4b3ecea8234d7b2a70f78195fa,2021-06,Lancashire Constabulary,Lancashire Constabulary,-2.370108,53.758010,On or near Pansy Street South,E01025058,Hyndburn 004D,Criminal damage and arson,Investigation complete; no suspect identified,
cf6ea2e05f9d6a89aff9c9ffb0a85bb02ef8bb2e25b289b107acdf0b9d535035,2021-06,Lancashire Constabulary,Lancashire Constabulary,-2.369172,53.758489,On or near Eccles Street,E01025058,Hyndburn 004D,Criminal damage and arson,Investigation complete; no suspect identified,
ecef6b0267919ba998c3f90fa7c0b321c581943ec4c85288a53da3f460ed8e1c,2021-06,Lancashire Constabulary,Lancashire Constabulary,-2.368656,53.758491,On or near Devonshire Street,E01025058,Hyndburn 004D,Possession of weapons,Unable to prosecute suspect,
72f3fdebb6ea87771bdbdcf8233a339f9abdcd1d61f0f11c5fa1e3a175fb90a1,2021-06,Lancashire Constabulary,Lancashire Constabulary,-2.376246,53.759213,On or near Gloucester Avenue,E01025058,Hyndburn 004D,Violence and sexual offences,Unable to prosecute suspect,
2270eccb0ea1a30dd1ce737025e79ccbe89608fb390a030d144371dfb7a0acde,2021-06,Lancashire Constabulary,Lancashire Constabulary,-2.376246,53.759213,On or near Gloucester Avenue,E01025058,Hyndburn 004D,Violence and sexual offences,Unable to prosecute suspect,
2ffd77cd36f995d25e37afc9c478d6715cbfc2fc9bd08fe7388f98be35bade6b,2021-06,Lancashire Constabulary,Lancashire Constabulary,-2.376246,53.759213,On or near Gloucester Avenue,E01025058,Hyndburn 004D,Violence and sexual offences,Unable to prosecute suspect,
d8081c1d714a8c4eefdf4a7e30ba2fb3a938140b5cb4f4fff11ccacd406add29,2021-06,Lancashire Constabulary,Lancashire Constabulary,-2.376246,53.759213,On or near Gloucester Avenue,E01025058,Hyndburn 004D,Violence and sexual offences,Unable to prosecute suspect,
b084beaa3aae46ee812866a45f57a7e9d5ee277352bc117756a7736fb60de606,2021-06,Lancashire Constabulary,Lancashire Constabulary,-2.368656,53.758491,On or near Devonshire Street,E01025058,Hyndburn 004D,Violence and sexual offences,Court result unavailable,
,2021-06,Lancashire Constabulary,Lancashire Constabulary,-2.369173,53.763837,On or near West Crescent,E01025059,Hyndburn 004E,Anti-social behaviour,,
,2021-06,Lancashire Constabulary,Lancashire Constabulary,-2.369173,53.763837,On or near West Crescent,E01025059,Hyndburn 004E,Anti-social behaviour,,
,2021-06,Lancashire Constabulary,Lancashire Constabulary,-2.369173,53.763837,On or near West Crescent,E01025059,Hyndburn 004E,Anti-social behaviour,,
,2021-06,Lancashire Constabulary,Lancashire Constabulary,-2.366291,53.762174,On or near Mather Avenue,E01025059,Hyndburn 004E,Anti-social behaviour,,
,2021-06,Lancashire Constabulary,Lancashire Constabulary,-2.366015,53.763523,On or near Ribblesdale Avenue,E01025059,Hyndburn 004E,Anti-social behaviour,,
,2021-06,Lancashire Constabulary,Lancashire Constabulary,-2.363469,53.762003,On or near Ralph Street,E01025059,Hyndburn 004E,Anti-social behaviour,,
,2021-06,Lancashire Constabulary,Lancashire Constabulary,-2.369173,53.763837,On or near West Crescent,E01025059,Hyndburn 004E,Anti-social behaviour,,
537abe5fe1c193c3ac3b21d48654dead0aaf7a19ee12e9456a8b24dfae6ad753,2021-06,Lancashire Constabulary,Lancashire Constabulary,-2.369173,53.763837,On or near West Crescent,E01025059,Hyndburn 004E,Burglary,Investigation complete; no suspect identified,
819d7e1e639d0d7f31d4c5ec929d4a3eb251e10bf9097ce042eb607bc6bcc213,2021-06,Lancashire Constabulary,Lancashire Constabulary,-2.370734,53.761963,On or near Cromwell Street,E01025059,Hyndburn 004E,Vehicle crime,Investigation complete; no suspect identified,
723a3d1db1552b25790ed2b4cd1159c05c24f250196959ca76c788d5247ee9b5,2021-06,Lancashire Constabulary,Lancashire Constabulary,-2.370734,53.761963,On or near Cromwell Street,E01025059,Hyndburn 004E,Vehicle crime,Status update unavailable,
14ff7cd3520874e716dbf1403e534bc0b42c3b3424e860532a8ec50ca5b3d6fa,2021-06,Lancashire Constabulary,Lancashire Constabulary,-2.369058,53.764557,On or near Livingstone Road,E01025059,Hyndburn 004E,Violence and sexual offences,Unable to prosecute suspect,
2cad5e21c896132b237811581d97bc0d589a9344e6030209e6f2c8b5f5533842,2021-06,Lancashire Constabulary,Lancashire Constabulary,-2.363469,53.762003,On or near Ralph Street,E01025059,Hyndburn 004E,Violence and sexual offences,Unable to prosecute suspect,
7e4d155a012a67904db710b2a250c66f5c5482eb0720a98e3a1ef559b44fe949,2021-06,Lancashire Constabulary,Lancashire Constabulary,-2.369173,53.763837,On or near West Crescent,E01025059,Hyndburn 004E,Violence and sexual offences,Unable to prosecute suspect,
4f89541f4e3f0295929707b15a88e4571bc67e56f337b14fa39817775f9bdcfd,2021-06,Lancashire Constabulary,Lancashire Constabulary,-2.369173,53.763837,On or near West Crescent,E01025059,Hyndburn 004E,Violence and sexual offences,Unable to prosecute suspect,
40781223b69db596f183f2d973d3ddcffb8b3c6115590767fbf2ba9c59295047,2021-06,Lancashire Constabulary,Lancashire Constabulary,-2.367916,53.762394,On or near Hawksworth Road,E01025059,Hyndburn 004E,Violence and sexual offences,Unable to prosecute suspect,
2661c79617811ff5bb1befca4e4bf15f296263bf29e57062e69f103d2bbf564d,2021-06,Lancashire Constabulary,Lancashire Constabulary,-2.370488,53.761523,On or near Orange Street,E01025059,Hyndburn 004E,Violence and sexual offences,Court result unavailable,
01ba337bb2864bcf0d4b2445e8365aa46c387422dc414630597c61ebb00fa2b9,2021-06,Lancashire Constabulary,Lancashire Constabulary,-2.369173,53.763837,On or near West Crescent,E01025059,Hyndburn 004E,Violence and sexual offences,Unable to prosecute suspect,
,2021-06,Lancashire Constabulary,Lancashire Constabulary,-2.363334,53.756970,On or near Horne Street,E01025067,Hyndburn 004F,Anti-social behaviour,,
,2021-06,Lancashire Constabulary,Lancashire Constabulary,-2.355942,53.758116,On or near Alice Street,E01025067,Hyndburn 004F,Anti-social behaviour,,
,2021-06,Lancashire Constabulary,Lancashire Constabulary,-2.362543,53.756721,On or near Maudsley Street,E01025067,Hyndburn 004F,Anti-social behaviour,,
,2021-06,Lancashire Constabulary,Lancashire Constabulary,-2.358869,53.756274,On or near Petrol Station,E01025067,Hyndburn 004F,Anti-social behaviour,,
,2021-06,Lancashire Constabulary,Lancashire Constabulary,-2.363923,53.756645,On or near Hood Street,E01025067,Hyndburn 004F,Anti-social behaviour,,
,2021-06,Lancashire Constabulary,Lancashire Constabulary,-2.361679,53.756751,On or near Arnold Street,E01025067,Hyndburn 004F,Anti-social behaviour,,
dce5f0b3c28ffc79c8ba6d1bfe0461d9110ae8ad506015390bed5a425098feef,2021-06,Lancashire Constabulary,Lancashire Constabulary,-2.363164,53.754805,On or near Burnley Road,E01025067,Hyndburn 004F,Burglary,Investigation complete; no suspect identified,
cc6142f7ddf63280d24d0eab2feac0c20db7b1b3e68fc1aef9544d10a5dc50cc,2021-06,Lancashire Constabulary,Lancashire Constabulary,-2.363923,53.756645,On or near Hood Street,E01025067,Hyndburn 004F,Burglary,Unable to prosecute suspect,
a0ed8782777316c668b4cb9effcd7a2da414c40cebea290501da14d5898200b2,2021-06,Lancashire Constabulary,Lancashire Constabulary,-2.358116,53.758694,On or near Penny House Lane,E01025067,Hyndburn 004F,Burglary,Investigation complete; no suspect identified,
203e21bf47e3f994bab174429caf12a0ea4f0ff197ced11e34354e2df6d0e7ee,2021-06,Lancashire Constabulary,Lancashire Constabulary,-2.363164,53.754805,On or near Burnley Road,E01025067,Hyndburn 004F,Criminal damage and arson,Investigation complete; no suspect identified,
39fee7ed949636fbeb06c7f4a8047572c88bfe8ccc7d8ead9045fc9de535efcf,2021-06,Lancashire Constabulary,Lancashire Constabulary,-2.361679,53.756751,On or near Arnold Street,E01025067,Hyndburn 004F,Criminal damage and arson,Unable to prosecute suspect,
683ea61134b03a0ed48ade708378eab6523f2c36274ba3bf6678eed4c86c8b89,2021-06,Lancashire Constabulary,Lancashire Constabulary,-2.360911,53.757445,On or near Addison Street,E01025067,Hyndburn 004F,Criminal damage and arson,Status update unavailable,
daa33c96b9ba13146d66df2f0c91b057a4903a51534b56fc734d42f2f84a64ca,2021-06,Lancashire Constabulary,Lancashire Constabulary,-2.358122,53.757633,On or near Manor Street,E01025067,Hyndburn 004F,Other theft,Investigation complete; no suspect identified,
0157687a901647005cc1aebbd510272a7f3ca0554427ac7609cf8d4b391406e8,2021-06,Lancashire Constabulary,Lancashire Constabulary,-2.363334,53.756970,On or near Horne Street,E01025067,Hyndburn 004F,Public order,Unable to prosecute suspect,
b450f2fa3b66b02d0d296e1379dc93ded63e3ef14c332f5dc3abb83ca2ddfbbd,2021-06,Lancashire Constabulary,Lancashire Constabulary,-2.358697,53.757479,On or near Petrol Station,E01025067,Hyndburn 004F,Public order,Status update unavailable,
6b479f4214606b473a4563e5ae183db9c56b489b9bcb024637b8ba3d3a29f2c4,2021-06,Lancashire Constabulary,Lancashire Constabulary,-2.360148,53.756881,On or near Burnley Road,E01025067,Hyndburn 004F,Public order,Investigation complete; no suspect identified,
2f5bef406ebd78e490dde430164b8efd1fbd1220b85519736eb8cc97b30e2f54,2021-06,Lancashire Constabulary,Lancashire Constabulary,-2.360148,53.756881,On or near Burnley Road,E01025067,Hyndburn 004F,Shoplifting,Status update unavailable,
7e389bbe21c18b8e9f8aa50f55df2f2c5483c978ccebae3c298f25835b838104,2021-06,Lancashire Constabulary,Lancashire Constabulary,-2.358697,53.757479,On or near Petrol Station,E01025067,Hyndburn 004F,Shoplifting,Investigation complete; no suspect identified,
92365e805a2a7b1ca6b23232639d2b8c4e332b8084085db64d5c172369aa9979,2021-06,Lancashire Constabulary,Lancashire Constabulary,-2.358122,53.757633,On or near Manor Street,E01025067,Hyndburn 004F,Vehicle crime,Court result unavailable,
95d2bc62d0c79acfb34e8135ea0d110898da176a9b0c715fbe93fceee379f553,2021-06,Lancashire Constabulary,Lancashire Constabulary,-2.358697,53.757479,On or near Petrol Station,E01025067,Hyndburn 004F,Violence and sexual offences,Unable to prosecute suspect,
302631caad117b64126faea838268b1ee09614d8b10dc14a74d3fcaf6e94b8f6,2021-06,Lancashire Constabulary,Lancashire Constabulary,-2.357507,53.756637,On or near Cambridge Street,E01025067,Hyndburn 004F,Violence and sexual offences,Unable to prosecute suspect,
9c8f909292f560c0dc68d7194bec51e9ba8328c4f560b9c2ffeb2c9a8eae5d2a,2021-06,Lancashire Constabulary,Lancashire Constabulary,-2.363334,53.756970,On or near Horne Street,E01025067,Hyndburn 004F,Violence and sexual offences,Investigation complete; no suspect identified,
61651be5f5f924e6b5ff41996dd95fd9dab21979fd4b2aee3092a8a7a1a75c02,2021-06,Lancashire Constabulary,Lancashire Constabulary,-2.364985,53.756732,On or near Railway View,E01025067,Hyndburn 004F,Violence and sexual offences,Unable to prosecute suspect,
166074108474f2dbd8ec6bd1224c09e77707d1604083e5612857bdc55c452437,2021-06,Lancashire Constabulary,Lancashire Constabulary,-2.364012,53.756447,On or near Meadow Street,E01025067,Hyndburn 004F,Violence and sexual offences,Investigation complete; no suspect identified,
3e83ac7d9c4f8b2666b4a52605135d372b45c129fbceb0636baa4eecd2589551,2021-06,Lancashire Constabulary,Lancashire Constabulary,-2.363923,53.756645,On or near Hood Street,E01025067,Hyndburn 004F,Violence and sexual offences,Unable to prosecute suspect,
f4c345f481fcf5ee38c3245338fed8c8449038d441354f64362da8e2d57c050b,2021-06,Lancashire Constabulary,Lancashire Constabulary,-2.360911,53.757445,On or near Addison Street,E01025067,Hyndburn 004F,Violence and sexual offences,Unable to prosecute suspect,
f1819297add02d0125b44a01a65b7583cf554a48787eefbaa701ef85f99d317d,2021-06,Lancashire Constabulary,Lancashire Constabulary,-2.363923,53.756645,On or near Hood Street,E01025067,Hyndburn 004F,Violence and sexual offences,Unable to prosecute suspect,
27802b6ab06c4a3afbce25b3b02c8400976c80a5dc096ef56cd4e2bed65351ac,2021-06,Lancashire Constabulary,Lancashire Constabulary,-2.364012,53.756447,On or near Meadow Street,E01025067,Hyndburn 004F,Violence and sexual offences,Court result unavailable,
8c771096ab88058f67fce77eaa4cf115db16103e175ac2354cf5133f03d523cb,2021-06,Lancashire Constabulary,Lancashire Constabulary,-2.363923,53.756645,On or near Hood Street,E01025067,Hyndburn 004F,Violence and sexual offences,Unable to prosecute suspect,
65e94f9ce91d49da1b4c6087920506ce12b19643abf3670d6a3e9eb6943ed351,2021-06,Lancashire Constabulary,Lancashire Constabulary,-2.359281,53.758385,On or near Robert Street,E01025067,Hyndburn 004F,Violence and sexual offences,Unable to prosecute suspect,
94dc08ce3291b7832113e747c458892dfcb0e8c765621792b3c89aef5445015b,2021-06,Lancashire Constabulary,Lancashire Constabulary,-2.362543,53.756721,On or near Maudsley Street,E01025067,Hyndburn 004F,Violence and sexual offences,Investigation complete; no suspect identified,
c0000f2dadb023bc1fd508c2bd060f3d9d109e5b9d5c7d6b40dff2b3a230fadd,2021-06,Lancashire Constabulary,Lancashire Constabulary,-2.362543,53.756721,On or near Maudsley Street,E01025067,Hyndburn 004F,Violence and sexual offences,Investigation complete; no suspect identified,
9a56eb273b8e4c13c90f32c57b8d14b5219a088e238b27f6e521ddec8fd1d44c,2021-06,Lancashire Constabulary,Lancashire Constabulary,-2.358122,53.757633,On or near Manor Street,E01025067,Hyndburn 004F,Violence and sexual offences,Court result unavailable,
22cac1f806e35bf36cf1cd5d66cdb6c91c72d26c5e41aeac6e96524a1eecc873,2021-06,Lancashire Constabulary,Lancashire Constabulary,-2.363923,53.756645,On or near Hood Street,E01025067,Hyndburn 004F,Other crime,Unable to prosecute suspect,
,2021-06,Lancashire Constabulary,Lancashire Constabulary,-2.360140,53.755964,On or near Sydney Street,E01025068,Hyndburn 004G,Anti-social behaviour,,
,2021-06,Lancashire Constabulary,Lancashire Constabulary,-2.359317,53.753684,On or near Park Street,E01025068,Hyndburn 004G,Anti-social behaviour,,
,2021-06,Lancashire Constabulary,Lancashire Constabulary,-2.359317,53.753684,On or near Park Street,E01025068,Hyndburn 004G,Anti-social behaviour,,
,2021-06,Lancashire Constabulary,Lancashire Constabulary,-2.361003,53.752223,On or near Parking Area,E01025068,Hyndburn 004G,Anti-social behaviour,,
,2021-06,Lancashire Constabulary,Lancashire Constabulary,-2.359317,53.753684,On or near Park Street,E01025068,Hyndburn 004G,Anti-social behaviour,,
,2021-06,Lancashire Constabulary,Lancashire Constabulary,-2.359291,53.752462,On or near Gillies Street,E01025068,Hyndburn 004G,Anti-social behaviour,,
,2021-06,Lancashire Constabulary,Lancashire Constabulary,-2.362552,53.754249,On or near Back Water Street,E01025068,Hyndburn 004G,Anti-social behaviour,,
,2021-06,Lancashire Constabulary,Lancashire Constabulary,-2.358493,53.753138,On or near Parking Area,E01025068,Hyndburn 004G,Anti-social behaviour,,
,2021-06,Lancashire Constabulary,Lancashire Constabulary,-2.357550,53.752781,On or near Percy Street,E01025068,Hyndburn 004G,Anti-social behaviour,,
,2021-06,Lancashire Constabulary,Lancashire Constabulary,-2.357433,53.755020,On or near Stanley Street,E01025068,Hyndburn 004G,Anti-social behaviour,,
,2021-06,Lancashire Constabulary,Lancashire Constabulary,-2.362371,53.756101,On or near Bradshaw Street East,E01025068,Hyndburn 004G,Anti-social behaviour,,
,2021-06,Lancashire Constabulary,Lancashire Constabulary,-2.359317,53.753684,On or near Park Street,E01025068,Hyndburn 004G,Anti-social behaviour,,
,2021-06,Lancashire Constabulary,Lancashire Constabulary,-2.359317,53.753684,On or near Park Street,E01025068,Hyndburn 004G,Anti-social behaviour,,
,2021-06,Lancashire Constabulary,Lancashire Constabulary,-2.359317,53.753684,On or near Park Street,E01025068,Hyndburn 004G,Anti-social behaviour,,
,2021-06,Lancashire Constabulary,Lancashire Constabulary,-2.359291,53.752462,On or near Gillies Street,E01025068,Hyndburn 004G,Anti-social behaviour,,
,2021-06,Lancashire Constabulary,Lancashire Constabulary,-2.361914,53.754134,On or near Eastgate,E01025068,Hyndburn 004G,Anti-social behaviour,,
7daa83dc243c3ec26f50941b0639aef40f73c28314b4fcc92811c0d39117a0af,2021-06,Lancashire Constabulary,Lancashire Constabulary,-2.358638,53.755825,On or near Water Street,E01025068,Hyndburn 004G,Burglary,Investigation complete; no suspect identified,
d1809e35d2d2aa79d7be0adf1bae2b7b5739fb02c790cb610b4bba2f4f577bee,2021-06,Lancashire Constabulary,Lancashire Constabulary,-2.360140,53.755964,On or near Sydney Street,E01025068,Hyndburn 004G,Criminal damage and arson,Unable to prosecute suspect,
7b4b9d4fe149392cffdcdd3a870f4522b012a65d7724c60443cfe781dbca2792,2021-06,Lancashire Constabulary,Lancashire Constabulary,-2.361110,53.755872,On or near Back Burnley Road,E01025068,Hyndburn 004G,Criminal damage and arson,Offender given a caution,
08c580b1900f5f00fec9177fbe57b960d819861e510acfc99491214fff30bca4,2021-06,Lancashire Constabulary,Lancashire Constabulary,-2.359317,53.753684,On or near Park Street,E01025068,Hyndburn 004G,Other theft,Unable to prosecute suspect,
e9769dbd38d276ec93af80d2c9cd3e2ad38395cf7c8300df57e11c3402d463df,2021-06,Lancashire Constabulary,Lancashire Constabulary,-2.359317,53.753684,On or near Park Street,E01025068,Hyndburn 004G,Public order,Status update unavailable,
61204bae289ab483e71b15ba6249f37f69a0b5dbca8ce8676e03b0857759b3c6,2021-06,Lancashire Constabulary,Lancashire Constabulary,-2.361110,53.755872,On or near Back Burnley Road,E01025068,Hyndburn 004G,Public order,Offender given penalty notice,
7bf9c5a8ed2e55940252fec599ebd0313f080f482ebcceb83571dee21fb799f2,2021-06,Lancashire Constabulary,Lancashire Constabulary,-2.359317,53.753684,On or near Park Street,E01025068,Hyndburn 004G,Public order,Status update unavailable,
6e52fb6eb1c9192906f1701162330c63700373e3809fa6cbadf74ee8c8cf41ad,2021-06,Lancashire Constabulary,Lancashire Constabulary,-2.362371,53.756101,On or near Bradshaw Street East,E01025068,Hyndburn 004G,Robbery,Investigation complete; no suspect identified,
11b40f8bd873d49ba13626461d6e8078dbdf57a1f9c41fa68d680633d9257c96,2021-06,Lancashire Constabulary,Lancashire Constabulary,-2.359317,53.753684,On or near Park Street,E01025068,Hyndburn 004G,Shoplifting,Status update unavailable,
7cfc691388fb47c0a8c8856861d608c4d4a9b96a951b499d26fc385823c2e1c9,2021-06,Lancashire Constabulary,Lancashire Constabulary,-2.359317,53.753684,On or near Park Street,E01025068,Hyndburn 004G,Shoplifting,Further investigation is not in the public interest,
4246213804801a75693b3f14d8655c306d27ecf1b6c2320378701ad21ddda823,2021-06,Lancashire Constabulary,Lancashire Constabulary,-2.359317,53.753684,On or near Park Street,E01025068,Hyndburn 004G,Shoplifting,Status update unavailable,
619070c3ce48d9f6381ca8b7cf60eb515e903176045ca7e25a9d01c715592fc8,2021-06,Lancashire Constabulary,Lancashire Constabulary,-2.359317,53.753684,On or near Park Street,E01025068,Hyndburn 004G,Shoplifting,Status update unavailable,
0a36f6268f053fbb1a24d681bf73f1c0c420ca3f0741f80fb05050ee9b2ca290,2021-06,Lancashire Constabulary,Lancashire Constabulary,-2.359317,53.753684,On or near Park Street,E01025068,Hyndburn 004G,Shoplifting,Status update unavailable,
d1d989b121026794665c6c567b8865513259b609db2a012b4dcbf111b1088ac8,2021-06,Lancashire Constabulary,Lancashire Constabulary,-2.359317,53.753684,On or near Park Street,E01025068,Hyndburn 004G,Shoplifting,Status update unavailable,
bd7dfb59a7a17382a12286375c61e04733813cf1f36d5cceb69e48f2d81aac0f,2021-06,Lancashire Constabulary,Lancashire Constabulary,-2.359317,53.753684,On or near Park Street,E01025068,Hyndburn 004G,Shoplifting,Status update unavailable,
07944c04a6704bcc14e0b04bf8dbac6d1d194eb585c5157332a5acc35d01154b,2021-06,Lancashire Constabulary,Lancashire Constabulary,-2.359317,53.753684,On or near Park Street,E01025068,Hyndburn 004G,Shoplifting,Status update unavailable,
0a327a731bd430e892be6672864718e2ff561dfea8005ba2693b190a09312956,2021-06,Lancashire Constabulary,Lancashire Constabulary,-2.359317,53.753684,On or near Park Street,E01025068,Hyndburn 004G,Shoplifting,Unable to prosecute suspect,
0851f6d3910932e7622fef26dbdd8e1a6306d353464ab6d4f0aa10cc290eb6a2,2021-06,Lancashire Constabulary,Lancashire Constabulary,-2.359317,53.753684,On or near Park Street,E01025068,Hyndburn 004G,Shoplifting,Status update unavailable,
ff70b2a18b861ee7d6bc396f0d3665f98422c5486f3aeed04b12ab07426cd6fe,2021-06,Lancashire Constabulary,Lancashire Constabulary,-2.360140,53.755964,On or near Sydney Street,E01025068,Hyndburn 004G,Violence and sexual offences,Investigation complete; no suspect identified,
fcc9d993d3023ba73c1b87c63de2cfa05a710a1eacf6bd4afb6cc1689b85b118,2021-06,Lancashire Constabulary,Lancashire Constabulary,-2.355557,53.757389,On or near Turkey Street,E01025068,Hyndburn 004G,Violence and sexual offences,Status update unavailable,
23773b8a9d205f941647a8f578c3d9d91bdac51ce8cd15b979e9befb5671d240,2021-06,Lancashire Constabulary,Lancashire Constabulary,-2.359317,53.753684,On or near Park Street,E01025068,Hyndburn 004G,Violence and sexual offences,Investigation complete; no suspect identified,
935eeb4d32023fc86882ab79b9c9aa439fb79d2a8c7a26db199d8e7a98ba0bcc,2021-06,Lancashire Constabulary,Lancashire Constabulary,-2.358149,53.755386,On or near Avenue Parade,E01025068,Hyndburn 004G,Violence and sexual offences,Status update unavailable,
1e079edbb04ed4e5a6b5e1d528095a3486c1712e9e972e988592d4eef52af708,2021-06,Lancashire Constabulary,Lancashire Constabulary,-2.361633,53.756679,On or near Dowry Street,E01025068,Hyndburn 004G,Violence and sexual offences,Unable to prosecute suspect,
6b73984be92c541acdf102abe09f539b5950b7b65097f3ca2b77f524ab85dfb7,2021-06,Lancashire Constabulary,Lancashire Constabulary,-2.362371,53.756101,On or near Bradshaw Street East,E01025068,Hyndburn 004G,Violence and sexual offences,Unable to prosecute suspect,
5dd2642e6e5bfc1bdc1eae8e5a7d0005313742afda53669360b18984d6b4b754,2021-06,Lancashire Constabulary,Lancashire Constabulary,-2.355557,53.757389,On or near Turkey Street,E01025068,Hyndburn 004G,Violence and sexual offences,Unable to prosecute suspect,
aad5a9eeda634dea50cdbfddb8a2ef7d79739ce6169f84f85acae3871b9928c2,2021-06,Lancashire Constabulary,Lancashire Constabulary,-2.355557,53.757389,On or near Turkey Street,E01025068,Hyndburn 004G,Violence and sexual offences,Unable to prosecute suspect,
,2021-06,Lancashire Constabulary,Lancashire Constabulary,-2.356188,53.754844,On or near Bold Street,E01025069,Hyndburn 004H,Anti-social behaviour,,
,2021-06,Lancashire Constabulary,Lancashire Constabulary,-2.356143,53.753127,On or near Mansion Street South,E01025069,Hyndburn 004H,Anti-social behaviour,,
,2021-06,Lancashire Constabulary,Lancashire Constabulary,-2.356935,53.753511,On or near Cedar Street,E01025069,Hyndburn 004H,Anti-social behaviour,,
6ce5f4fcd08509e51560fdc94bd44592b413c98788246103f59032535f047929,2021-06,Lancashire Constabulary,Lancashire Constabulary,-2.354034,53.754904,On or near Spencer Street,E01025069,Hyndburn 004H,Burglary,Investigation complete; no suspect identified,
b082b026fe09bee896ec328739cd26d514ab5c03fee78f721dee59cf4b6efe10,2021-06,Lancashire Constabulary,Lancashire Constabulary,-2.356188,53.754844,On or near Bold Street,E01025069,Hyndburn 004H,Violence and sexual offences,Unable to prosecute suspect,
,2021-06,Lancashire Constabulary,Lancashire Constabulary,-2.388208,53.755283,On or near Barnes Street,E01025044,Hyndburn 005A,Anti-social behaviour,,
,2021-06,Lancashire Constabulary,Lancashire Constabulary,-2.383024,53.757340,On or near Elmfield Street,E01025044,Hyndburn 005A,Anti-social behaviour,,
,2021-06,Lancashire Constabulary,Lancashire Constabulary,-2.384371,53.758612,On or near St Nicholas Road,E01025044,Hyndburn 005A,Anti-social behaviour,,
,2021-06,Lancashire Constabulary,Lancashire Constabulary,-2.389668,53.755764,On or near Lion Street,E01025044,Hyndburn 005A,Anti-social behaviour,,
,2021-06,Lancashire Constabulary,Lancashire Constabulary,-2.389668,53.755764,On or near Lion Street,E01025044,Hyndburn 005A,Anti-social behaviour,,
c1f2cffd773987e9857fca8525ab706ea33491ee15e106f1ad684aa0e4111725,2021-06,Lancashire Constabulary,Lancashire Constabulary,-2.389668,53.755764,On or near Lion Street,E01025044,Hyndburn 005A,Public order,Unable to prosecute suspect,
6b36c52e75379d92563f3f097de189c022c5f4182d04fa09b9754462fabba8ce,2021-06,Lancashire Constabulary,Lancashire Constabulary,-2.389668,53.755764,On or near Lion Street,E01025044,Hyndburn 005A,Public order,Unable to prosecute suspect,
05949342fade4c812e872b571c788c73d91afce438f67e93eea072350ed2c0f7,2021-06,Lancashire Constabulary,Lancashire Constabulary,-2.382332,53.754565,On or near Emma Street,E01025044,Hyndburn 005A,Violence and sexual offences,Unable to prosecute suspect,
98671897dc5a56836f3f0ec1939c314010dc5fc5d407b7f7c48aaeb03ce5d008,2021-06,Lancashire Constabulary,Lancashire Constabulary,-2.386546,53.755963,On or near Mill Street,E01025044,Hyndburn 005A,Violence and sexual offences,Unable to prosecute suspect,
a4ebd59333890839ebdfac69847defd7d500a8f977436ab3c9bc82f36c51498c,2021-06,Lancashire Constabulary,Lancashire Constabulary,-2.386546,53.755963,On or near Mill Street,E01025044,Hyndburn 005A,Violence and sexual offences,Unable to prosecute suspect,
,2021-06,Lancashire Constabulary,Lancashire Constabulary,-2.379787,53.759930,On or near Meadoway,E01025045,Hyndburn 005B,Anti-social behaviour,,
,2021-06,Lancashire Constabulary,Lancashire Constabulary,-2.381830,53.761065,On or near Kingsley Close,E01025045,Hyndburn 005B,Anti-social behaviour,,
,2021-06,Lancashire Constabulary,Lancashire Constabulary,-2.382164,53.757757,On or near Howarth Avenue,E01025045,Hyndburn 005B,Anti-social behaviour,,
,2021-06,Lancashire Constabulary,Lancashire Constabulary,-2.378608,53.758775,On or near Norfolk Grove,E01025045,Hyndburn 005B,Anti-social behaviour,,
,2021-06,Lancashire Constabulary,Lancashire Constabulary,-2.378608,53.758775,On or near Norfolk Grove,E01025045,Hyndburn 005B,Anti-social behaviour,,
,2021-06,Lancashire Constabulary,Lancashire Constabulary,-2.382164,53.757757,On or near Howarth Avenue,E01025045,Hyndburn 005B,Anti-social behaviour,,
,2021-06,Lancashire Constabulary,Lancashire Constabulary,-2.378608,53.758775,On or near Norfolk Grove,E01025045,Hyndburn 005B,Anti-social behaviour,,
,2021-06,Lancashire Constabulary,Lancashire Constabulary,-2.378608,53.758775,On or near Norfolk Grove,E01025045,Hyndburn 005B,Anti-social behaviour,,
2c7319737b96718c2cbe000c3a81300716206bdfbce8c5d603fe4b23735d0a56,2021-06,Lancashire Constabulary,Lancashire Constabulary,-2.379787,53.759930,On or near Meadoway,E01025045,Hyndburn 005B,Criminal damage and arson,Unable to prosecute suspect,
34ea6bf564df729b6dca085e470852628b766073dfb9bf5c832d2a99bf002052,2021-06,Lancashire Constabulary,Lancashire Constabulary,-2.383298,53.759119,On or near Warwick Street,E01025045,Hyndburn 005B,Other theft,Unable to prosecute suspect,
31bde9e8f6b72131ab51ba4b0652d81b83658fea6c501676a1cbe972916cc139,2021-06,Lancashire Constabulary,Lancashire Constabulary,-2.378608,53.758775,On or near Norfolk Grove,E01025045,Hyndburn 005B,Violence and sexual offences,Local resolution,
df34d7d45f385c1a79a6ea72ab2da513a729250d7aea1653bb80b7c274639ae4,2021-06,Lancashire Constabulary,Lancashire Constabulary,-2.379787,53.759930,On or near Meadoway,E01025045,Hyndburn 005B,Violence and sexual offences,Further investigation is not in the public interest,
395c9159feb63ba29ca463226cba87465266b09441712d2bea2b81336fff859f,2021-06,Lancashire Constabulary,Lancashire Constabulary,-2.379787,53.759930,On or near Meadoway,E01025045,Hyndburn 005B,Violence and sexual offences,Unable to prosecute suspect,
97f83bb95e3bb595ab0d1b493b62b8e191587c82eab06ae5830a3386ac95dc8b,2021-06,Lancashire Constabulary,Lancashire Constabulary,-2.382599,53.758969,On or near Barrington Court,E01025045,Hyndburn 005B,Violence and sexual offences,Unable to prosecute suspect,
,2021-06,Lancashire Constabulary,Lancashire Constabulary,-2.393346,53.756561,On or near Canal Street,E01025046,Hyndburn 005C,Anti-social behaviour,,
,2021-06,Lancashire Constabulary,Lancashire Constabulary,-2.389568,53.751477,On or near Knotwood Court,E01025046,Hyndburn 005C,Anti-social behaviour,,
19b8828641dc366aad6f3ff8da5b3c7afb4aa9d150688fe7a1527e53ec27acc1,2021-06,Lancashire Constabulary,Lancashire Constabulary,-2.390235,53.756328,On or near France Street,E01025046,Hyndburn 005C,Criminal damage and arson,Investigation complete; no suspect identified,
3aa49da8e2f1cfe73a2daba5a497b2f4c7f5f47db92c116e9fc752a7f8eea01b,2021-06,Lancashire Constabulary,Lancashire Constabulary,-2.393346,53.756561,On or near Canal Street,E01025046,Hyndburn 005C,Criminal damage and arson,Investigation complete; no suspect identified,
9fc0b7f8b38af4d16b5dd9a2fcb8bef8c648a16d7d9ee6d97ef524377ed07059,2021-06,Lancashire Constabulary,Lancashire Constabulary,-2.390638,53.755698,On or near York Street,E01025046,Hyndburn 005C,Other theft,Investigation complete; no suspect identified,
f9d53a95022056ee1d8ed68aa55cf74388038347646ee8ce41a7d301f4e0d171,2021-06,Lancashire Constabulary,Lancashire Constabulary,-2.390825,53.751365,On or near Devon Place,E01025046,Hyndburn 005C,Other theft,Unable to prosecute suspect,
67b9cd24aa7ec974371c9e921fad2c90c7c51ac5048487619437d0304014ad7c,2021-06,Lancashire Constabulary,Lancashire Constabulary,-2.392488,53.757283,On or near Kirk Road,E01025046,Hyndburn 005C,Other theft,Investigation complete; no suspect identified,
9a8c292b9aa67a76c8fcc080739bd866169aaae944eb4708a34a83429ed6caf3,2021-06,Lancashire Constabulary,Lancashire Constabulary,-2.388789,53.754221,On or near Bank Street,E01025046,Hyndburn 005C,Violence and sexual offences,Unable to prosecute suspect,
d0ee52f7dbbd12dbb9afb2468e32ba834e98a1c304e15399586ff065b1fc2438,2021-06,Lancashire Constabulary,Lancashire Constabulary,-2.390235,53.756328,On or near France Street,E01025046,Hyndburn 005C,Violence and sexual offences,Unable to prosecute suspect,
7f005f8e18be3def176b1469ed4ff98221986d749bff55f0063e187784486c08,2021-06,Lancashire Constabulary,Lancashire Constabulary,-2.393346,53.756561,On or near Canal Street,E01025046,Hyndburn 005C,Violence and sexual offences,Unable to prosecute suspect,
3b74cb9965c9fcd18ab85f35df33973e61075ca2c24a7fea8c5c1f059ffe8f4f,2021-06,Lancashire Constabulary,Lancashire Constabulary,-2.393346,53.756561,On or near Canal Street,E01025046,Hyndburn 005C,Violence and sexual offences,Unable to prosecute suspect,
fa4c64eca2637b776ff8457abf619b8a563ffa0449329f51a9914e8e1eab7b88,2021-06,Lancashire Constabulary,Lancashire Constabulary,-2.388789,53.754221,On or near Bank Street,E01025046,Hyndburn 005C,Violence and sexual offences,Unable to prosecute suspect,
,2021-06,Lancashire Constabulary,Lancashire Constabulary,-2.414336,53.745731,On or near Peel Bank Road,E01025081,Hyndburn 005D,Anti-social behaviour,,
,2021-06,Lancashire Constabulary,Lancashire Constabulary,-2.410542,53.743749,On or near Brookside View,E01025081,Hyndburn 005D,Anti-social behaviour,,
,2021-06,Lancashire Constabulary,Lancashire Constabulary,-2.413761,53.750452,On or near Aspen Fold,E01025081,Hyndburn 005D,Anti-social behaviour,,
3e1fef888ea4dd2e5f620b3bfb72b3d2cad90e8c960bb96ce8faaf9e178bd76a,2021-06,Lancashire Constabulary,Lancashire Constabulary,-2.408910,53.742802,On or near New Bury Close,E01025081,Hyndburn 005D,Other theft,Status update unavailable,
ad5b57272a3a6d1153cd0cd7d3c38a76f3dec9eb06832f9e375dd556f058dfba,2021-06,Lancashire Constabulary,Lancashire Constabulary,-2.413761,53.750452,On or near Aspen Fold,E01025081,Hyndburn 005D,Public order,Investigation complete; no suspect identified,
96651c7d7455b66db78230d9a1d52c7ba99f1825e2cb69939dcba51c4580bfb5,2021-06,Lancashire Constabulary,Lancashire Constabulary,-2.410101,53.749899,On or near Spread Eagle Street,E01025081,Hyndburn 005D,Public order,Court result unavailable,
d6d61dc647711892ebf440474929018e37a459ec67fe61d87563bbbc145bbd47,2021-06,Lancashire Constabulary,Lancashire Constabulary,-2.415932,53.744539,On or near Nab Lane,E01025081,Hyndburn 005D,Vehicle crime,Investigation complete; no suspect identified,
cc5a1e2495fd99ad2a8d482b76154930272a817b7a6f2922d3a5b0d22c9c73b1,2021-06,Lancashire Constabulary,Lancashire Constabulary,-2.410101,53.749899,On or near Spread Eagle Street,E01025081,Hyndburn 005D,Violence and sexual offences,Unable to prosecute suspect,
dc8dd9b772fee9236a5ef468fa3e54e314b3c83585840d9339c0383afedb1585,2021-06,Lancashire Constabulary,Lancashire Constabulary,-2.410101,53.749899,On or near Spread Eagle Street,E01025081,Hyndburn 005D,Violence and sexual offences,Unable to prosecute suspect,
57e40169de7651582f9d43c6244979b0d75905431d008fdeceb2afa5ecd1d223,2021-06,Lancashire Constabulary,Lancashire Constabulary,-2.410542,53.743749,On or near Brookside View,E01025081,Hyndburn 005D,Violence and sexual offences,Unable to prosecute suspect,
,2021-06,Lancashire Constabulary,Lancashire Constabulary,-2.372596,53.756412,On or near Supermarket,E01025041,Hyndburn 006A,Anti-social behaviour,,
,2021-06,Lancashire Constabulary,Lancashire Constabulary,-2.372052,53.753187,On or near Brunswick Terrace,E01025041,Hyndburn 006A,Anti-social behaviour,,
,2021-06,Lancashire Constabulary,Lancashire Constabulary,-2.372596,53.756412,On or near Supermarket,E01025041,Hyndburn 006A,Anti-social behaviour,,
,2021-06,Lancashire Constabulary,Lancashire Constabulary,-2.374006,53.752965,On or near Little Street,E01025041,Hyndburn 006A,Anti-social behaviour,,
,2021-06,Lancashire Constabulary,Lancashire Constabulary,-2.372596,53.756412,On or near Supermarket,E01025041,Hyndburn 006A,Anti-social behaviour,,
,2021-06,Lancashire Constabulary,Lancashire Constabulary,-2.372596,53.756412,On or near Supermarket,E01025041,Hyndburn 006A,Anti-social behaviour,,
,2021-06,Lancashire Constabulary,Lancashire Constabulary,-2.372596,53.756412,On or near Supermarket,E01025041,Hyndburn 006A,Anti-social behaviour,,
,2021-06,Lancashire Constabulary,Lancashire Constabulary,-2.372596,53.756412,On or near Supermarket,E01025041,Hyndburn 006A,Anti-social behaviour,,
,2021-06,Lancashire Constabulary,Lancashire Constabulary,-2.368456,53.753009,On or near Parking Area,E01025041,Hyndburn 006A,Anti-social behaviour,,
,2021-06,Lancashire Constabulary,Lancashire Constabulary,-2.374260,53.754177,On or near Steiner Street,E01025041,Hyndburn 006A,Anti-social behaviour,,
,2021-06,Lancashire Constabulary,Lancashire Constabulary,-2.374260,53.754177,On or near Steiner Street,E01025041,Hyndburn 006A,Anti-social behaviour,,
,2021-06,Lancashire Constabulary,Lancashire Constabulary,-2.372596,53.756412,On or near Supermarket,E01025041,Hyndburn 006A,Anti-social behaviour,,
,2021-06,Lancashire Constabulary,Lancashire Constabulary,-2.368102,53.755895,On or near Parking Area,E01025041,Hyndburn 006A,Anti-social behaviour,,
,2021-06,Lancashire Constabulary,Lancashire Constabulary,-2.372596,53.756412,On or near Supermarket,E01025041,Hyndburn 006A,Anti-social behaviour,,
,2021-06,Lancashire Constabulary,Lancashire Constabulary,-2.369084,53.757186,On or near Westwood Street,E01025041,Hyndburn 006A,Anti-social behaviour,,
,2021-06,Lancashire Constabulary,Lancashire Constabulary,-2.372596,53.756412,On or near Supermarket,E01025041,Hyndburn 006A,Anti-social behaviour,,
,2021-06,Lancashire Constabulary,Lancashire Constabulary,-2.371103,53.757351,On or near Horsfall Close,E01025041,Hyndburn 006A,Anti-social behaviour,,
,2021-06,Lancashire Constabulary,Lancashire Constabulary,-2.368456,53.753009,On or near Parking Area,E01025041,Hyndburn 006A,Anti-social behaviour,,
,2021-06,Lancashire Constabulary,Lancashire Constabulary,-2.370249,53.753372,On or near Paxton Street,E01025041,Hyndburn 006A,Anti-social behaviour,,
,2021-06,Lancashire Constabulary,Lancashire Constabulary,-2.372596,53.756412,On or near Supermarket,E01025041,Hyndburn 006A,Anti-social behaviour,,
,2021-06,Lancashire Constabulary,Lancashire Constabulary,-2.368286,53.757782,On or near York Street,E01025041,Hyndburn 006A,Anti-social behaviour,,
,2021-06,Lancashire Constabulary,Lancashire Constabulary,-2.372596,53.756412,On or near Supermarket,E01025041,Hyndburn 006A,Anti-social behaviour,,
,2021-06,Lancashire Constabulary,Lancashire Constabulary,-2.367521,53.757038,On or near Malt Street,E01025041,Hyndburn 006A,Anti-social behaviour,,
,2021-06,Lancashire Constabulary,Lancashire Constabulary,-2.374700,53.754176,On or near Vine Street,E01025041,Hyndburn 006A,Anti-social behaviour,,
957add1c2855727821c3f7bbd3a00625c9905f5105bea22c4efc51b1de812fcb,2021-06,Lancashire Constabulary,Lancashire Constabulary,-2.372052,53.753187,On or near Brunswick Terrace,E01025041,Hyndburn 006A,Burglary,Investigation complete; no suspect identified,
6bb55b50d7a8be247c6d0521d07992de1b7ee7660ce9cae10d0346c77960e014,2021-06,Lancashire Constabulary,Lancashire Constabulary,-2.377581,53.752504,On or near Shuttle Close,E01025041,Hyndburn 006A,Criminal damage and arson,Court result unavailable,
1a00afc7d4d32dec66dd4ac73cf7695346df8c195875884192659cefac827fa5,2021-06,Lancashire Constabulary,Lancashire Constabulary,-2.368418,53.755553,On or near Petrol Station,E01025041,Hyndburn 006A,Public order,Unable to prosecute suspect,
7ef535d510c9509c51e4b9078c98cb2366242ca8ed1f699f86a6c15820fee0cd,2021-06,Lancashire Constabulary,Lancashire Constabulary,-2.374006,53.752965,On or near Little Street,E01025041,Hyndburn 006A,Public order,Unable to prosecute suspect,
6f7f16366f03adc33c059fa8cdaf832e79903fd8b68dbfbc81da3b49996cf55d,2021-06,Lancashire Constabulary,Lancashire Constabulary,-2.371103,53.757351,On or near Horsfall Close,E01025041,Hyndburn 006A,Public order,Unable to prosecute suspect,
beb1abbc89f8038298dedb5e5631ce3afd484461e038254c75f3bfbad7c30c21,2021-06,Lancashire Constabulary,Lancashire Constabulary,-2.374700,53.754176,On or near Vine Street,E01025041,Hyndburn 006A,Public order,Unable to prosecute suspect,
d30eb5a3c1451c66d2e24acd13ad8a1b4f307cbb9b14e4b40e8d8bbca067987f,2021-06,Lancashire Constabulary,Lancashire Constabulary,-2.374006,53.752965,On or near Little Street,E01025041,Hyndburn 006A,Public order,Status update unavailable,
afb64c5efe493b13498c029c7d2dceb845d1c7c3056ac73bea6c7ab3f19da703,2021-06,Lancashire Constabulary,Lancashire Constabulary,-2.369996,53.753975,On or near Parking Area,E01025041,Hyndburn 006A,Public order,Status update unavailable,
f9ab6bc45d105535fb001b34b527218272498ddfa18fe1b3be3e1776086c400c,2021-06,Lancashire Constabulary,Lancashire Constabulary,-2.372596,53.756412,On or near Supermarket,E01025041,Hyndburn 006A,Shoplifting,Further investigation is not in the public interest,
67da50058bd9cff85372b45ff2b7fc4a89c69b7dc59365c35d12cde64c426fac,2021-06,Lancashire Constabulary,Lancashire Constabulary,-2.369996,53.753975,On or near Parking Area,E01025041,Hyndburn 006A,Shoplifting,Court result unavailable,
25ef765b856190ae8947bfadc38c317ebfae83f8798f33aef8b6c658553b7892,2021-06,Lancashire Constabulary,Lancashire Constabulary,-2.369996,53.753975,On or near Parking Area,E01025041,Hyndburn 006A,Shoplifting,Unable to prosecute suspect,
1484f56004bd4eada8ab2cb86c7294f7965af0416df7deeeab76584a204b6a0a,2021-06,Lancashire Constabulary,Lancashire Constabulary,-2.368442,53.756532,On or near Argyle Street,E01025041,Hyndburn 006A,Shoplifting,Status update unavailable,
bb026029871310f581781e4badc2424986f94377e81d2aac2eb6d0ffbc4f82fa,2021-06,Lancashire Constabulary,Lancashire Constabulary,-2.375352,53.755909,On or near Park/Open Space,E01025041,Hyndburn 006A,Shoplifting,Status update unavailable,
6a920902dd988b7774d27f58c395074ff6a139a044bc8030c61ddb677916f7c5,2021-06,Lancashire Constabulary,Lancashire Constabulary,-2.375352,53.755909,On or near Park/Open Space,E01025041,Hyndburn 006A,Shoplifting,Unable to prosecute suspect,
fb7f14e4a9361ac3198483d37f77212f016b6bb7cfe7dbc04fadfdd771d3badd,2021-06,Lancashire Constabulary,Lancashire Constabulary,-2.369996,53.753975,On or near Parking Area,E01025041,Hyndburn 006A,Shoplifting,Status update unavailable,
0f5291a87bd1b2d5cdfa4c95086cc3ecd15e2ff334cdf5c31808bf3c67378925,2021-06,Lancashire Constabulary,Lancashire Constabulary,-2.368102,53.755895,On or near Parking Area,E01025041,Hyndburn 006A,Shoplifting,Status update unavailable,
d52d0ff21f8a5a7b38af8030189e94db9eb8769173031c0474102d38c9b4651d,2021-06,Lancashire Constabulary,Lancashire Constabulary,-2.368456,53.753009,On or near Parking Area,E01025041,Hyndburn 006A,Shoplifting,Investigation complete; no suspect identified,
7fa5ba35b3f62bd03e5ee976eb8d7026e94ae351ed68be349773e77a8ff2cda5,2021-06,Lancashire Constabulary,Lancashire Constabulary,-2.372596,53.756412,On or near Supermarket,E01025041,Hyndburn 006A,Shoplifting,Unable to prosecute suspect,
72cf2c2bf0c6702331b2789f6f0d0a62c6d2e8de80114eaba896b19f1b61b4d4,2021-06,Lancashire Constabulary,Lancashire Constabulary,-2.368102,53.755895,On or near Parking Area,E01025041,Hyndburn 006A,Theft from the person,Investigation complete; no suspect identified,
e215daffbbbc062d2fd8f58187f98420ca15c0afd067811af593f3e1c40a23b5,2021-06,Lancashire Constabulary,Lancashire Constabulary,-2.368456,53.753009,On or near Parking Area,E01025041,Hyndburn 006A,Vehicle crime,Status update unavailable,
d0255f9b8ba83bddfec5d8505f2963a2b0c856bb0eefe66ae1c5ae82a487e8e3,2021-06,Lancashire Constabulary,Lancashire Constabulary,-2.374204,53.753063,On or near Blackburn Road,E01025041,Hyndburn 006A,Vehicle crime,Investigation complete; no suspect identified,
a4663568c2e187955d6c21c5cd1d5968986cb3df2fa3b489e2df4c80c7a78cef,2021-06,Lancashire Constabulary,Lancashire Constabulary,-2.367843,53.753946,On or near Edgar Street,E01025041,Hyndburn 006A,Violence and sexual offences,Unable to prosecute suspect,
c0e5bdd1f535536b3d5c81ab996680f41b197d42e39be1f24ae75a6cc2f95f5e,2021-06,Lancashire Constabulary,Lancashire Constabulary,-2.375093,53.754094,On or near Portland Street,E01025041,Hyndburn 006A,Violence and sexual offences,Investigation complete; no suspect identified,
7bf14407f343be05c0e82a4c4d5d9626a90735747253701c0a8d8a427b67be9e,2021-06,Lancashire Constabulary,Lancashire Constabulary,-2.367843,53.753946,On or near Edgar Street,E01025041,Hyndburn 006A,Violence and sexual offences,Unable to prosecute suspect,
cd55b26aa0c691f0f650c72144ebff2eed35a1a30a910322db8cf17ad85455a0,2021-06,Lancashire Constabulary,Lancashire Constabulary,-2.367995,53.754071,On or near Parking Area,E01025041,Hyndburn 006A,Violence and sexual offences,Unable to prosecute suspect,
bf7d38acd06158422ea0de5579b2efe39d32ab18de62f9d5f4d0839eefb0261b,2021-06,Lancashire Constabulary,Lancashire Constabulary,-2.371117,53.750358,On or near Richmond Avenue,E01025041,Hyndburn 006A,Violence and sexual offences,Unable to prosecute suspect,
213ec61e4b3b4a7d1c32d8adeaec9078b51f38d66bc39068d791d7e06b43d474,2021-06,Lancashire Constabulary,Lancashire Constabulary,-2.373409,53.750603,On or near Bullough Close,E01025041,Hyndburn 006A,Violence and sexual offences,Unable to prosecute suspect,
300f3e620cc0426d5a97e39d745d231a969a2ac495338b0db987ab6377ac2ab6,2021-06,Lancashire Constabulary,Lancashire Constabulary,-2.374204,53.753063,On or near Blackburn Road,E01025041,Hyndburn 006A,Violence and sexual offences,Unable to prosecute suspect,
0fcd6dcfc10115ff96ca301bf92df412a0f940f3acd6da6453eabb2af5d5c0f7,2021-06,Lancashire Constabulary,Lancashire Constabulary,-2.367995,53.754071,On or near Parking Area,E01025041,Hyndburn 006A,Violence and sexual offences,Unable to prosecute suspect,
5afb08401c7e5373e4f977b161935da514daac08855d74113f034456f5696a55,2021-06,Lancashire Constabulary,Lancashire Constabulary,-2.368280,53.757099,On or near Devonshire Street,E01025041,Hyndburn 006A,Violence and sexual offences,Unable to prosecute suspect,
338b5fc7669a13fb49905a5f6a76738f36f17dee905555614454398894bbc887,2021-06,Lancashire Constabulary,Lancashire Constabulary,-2.367995,53.754071,On or near Parking Area,E01025041,Hyndburn 006A,Violence and sexual offences,Investigation complete; no suspect identified,
0f7970ab777af00076115173914292805e0c70bb9a616bfedba29c17094927e4,2021-06,Lancashire Constabulary,Lancashire Constabulary,-2.374700,53.754176,On or near Vine Street,E01025041,Hyndburn 006A,Violence and sexual offences,Unable to prosecute suspect,
200bc16ab3a3b510c79b30321eb5a4965f00ecb2a3cbdfe12666556932a9297f,2021-06,Lancashire Constabulary,Lancashire Constabulary,-2.367843,53.753946,On or near Edgar Street,E01025041,Hyndburn 006A,Violence and sexual offences,Unable to prosecute suspect,
757380aa49f73fbaacd58a6dd1386958ba5d5592257bd24809d3ec8ccecf4d3d,2021-06,Lancashire Constabulary,Lancashire Constabulary,-2.371103,53.757351,On or near Horsfall Close,E01025041,Hyndburn 006A,Other crime,Investigation complete; no suspect identified,
,2021-06,Lancashire Constabulary,Lancashire Constabulary,-2.371534,53.749512,On or near Hannah Street,E01025042,Hyndburn 006B,Anti-social behaviour,,
,2021-06,Lancashire Constabulary,Lancashire Constabulary,-2.373382,53.747592,On or near Garbett Street,E01025042,Hyndburn 006B,Anti-social behaviour,,
,2021-06,Lancashire Constabulary,Lancashire Constabulary,-2.373729,53.750737,On or near Platt Close,E01025042,Hyndburn 006B,Anti-social behaviour,,
,2021-06,Lancashire Constabulary,Lancashire Constabulary,-2.375256,53.750201,On or near Willows Lane,E01025042,Hyndburn 006B,Anti-social behaviour,,
,2021-06,Lancashire Constabulary,Lancashire Constabulary,-2.373346,53.748608,On or near Fountain Street,E01025042,Hyndburn 006B,Anti-social behaviour,,
,2021-06,Lancashire Constabulary,Lancashire Constabulary,-2.377343,53.749584,On or near Craven Street,E01025042,Hyndburn 006B,Anti-social behaviour,,
,2021-06,Lancashire Constabulary,Lancashire Constabulary,-2.371534,53.749512,On or near Hannah Street,E01025042,Hyndburn 006B,Anti-social behaviour,,
,2021-06,Lancashire Constabulary,Lancashire Constabulary,-2.377343,53.749584,On or near Craven Street,E01025042,Hyndburn 006B,Anti-social behaviour,,
104f522ca997da58b50cb0c70fea342187d4344dcfd61a7248f0913a5b135244,2021-06,Lancashire Constabulary,Lancashire Constabulary,-2.376846,53.749954,On or near Buxton Street,E01025042,Hyndburn 006B,Drugs,Unable to prosecute suspect,
76199db3170993c423bcb2f1773bfc6a7721e84b0d3c47311e297c2e0c26081a,2021-06,Lancashire Constabulary,Lancashire Constabulary,-2.374572,53.748370,On or near Pendle Street,E01025042,Hyndburn 006B,Other theft,Unable to prosecute suspect,
4bb37c5d205c9223cde4a4f50141bf4715a184ba8dd7b539f63e044da08c153e,2021-06,Lancashire Constabulary,Lancashire Constabulary,-2.371394,53.749108,On or near Holden Street,E01025042,Hyndburn 006B,Other theft,Investigation complete; no suspect identified,
a517b28c7d7b64c582b97bd3fb6e0eadf723c866c7e7b04369caa04a4b29f2fa,2021-06,Lancashire Constabulary,Lancashire Constabulary,-2.373382,53.747592,On or near Garbett Street,E01025042,Hyndburn 006B,Other theft,Investigation complete; no suspect identified,
c086cefcaa7b981200d4d89ed9cd8101f40e3cde1fe32d219ab3d46b5b16aad5,2021-06,Lancashire Constabulary,Lancashire Constabulary,-2.371394,53.749108,On or near Holden Street,E01025042,Hyndburn 006B,Other theft,Investigation complete; no suspect identified,
86eb5a476ca52e9654fbccf9fbd1b1fc6ba6003e157cdd8ad9b718f706dc7fce,2021-06,Lancashire Constabulary,Lancashire Constabulary,-2.376846,53.749954,On or near Buxton Street,E01025042,Hyndburn 006B,Possession of weapons,Status update unavailable,
37d5332d7be0550bb9a56efc588390afbf5a769b566d430b8d7d03f695e018a3,2021-06,Lancashire Constabulary,Lancashire Constabulary,-2.377343,53.749584,On or near Craven Street,E01025042,Hyndburn 006B,Violence and sexual offences,Unable to prosecute suspect,
8bd5742eb9c463b03705d52ac477e67672dbda63b00166b4e2d86e35a6566c4f,2021-06,Lancashire Constabulary,Lancashire Constabulary,-2.374572,53.748370,On or near Pendle Street,E01025042,Hyndburn 006B,Violence and sexual offences,Unable to prosecute suspect,
f06e9155faed891595d160189fc0363ea768e32190630a3b806c20f556e11669,2021-06,Lancashire Constabulary,Lancashire Constabulary,-2.377718,53.749178,On or near Chester Street,E01025042,Hyndburn 006B,Violence and sexual offences,Unable to prosecute suspect,
519ed9c89c0cb08102f8caa1adede3ee71618d23ac63f35932bb244b099e014f,2021-06,Lancashire Constabulary,Lancashire Constabulary,-2.373382,53.747592,On or near Garbett Street,E01025042,Hyndburn 006B,Violence and sexual offences,Unable to prosecute suspect,
cc50d6c0c9fdb743d2e62e3e79ad03f82e642dedfed48673ba41a6b9a0de24c8,2021-06,Lancashire Constabulary,Lancashire Constabulary,-2.377343,53.749584,On or near Craven Street,E01025042,Hyndburn 006B,Violence and sexual offences,Unable to prosecute suspect,
5f8470c569818e64e02e640bcfbcb2f03c0610a81a90a1c4533552d45ad5c8e3,2021-06,Lancashire Constabulary,Lancashire Constabulary,-2.375256,53.750201,On or near Willows Lane,E01025042,Hyndburn 006B,Violence and sexual offences,Unable to prosecute suspect,
735cbd1d72ce9784372e2165727027ba4fc14c33e60b4887fc84addc8ef27292,2021-06,Lancashire Constabulary,Lancashire Constabulary,-2.377718,53.749178,On or near Chester Street,E01025042,Hyndburn 006B,Violence and sexual offences,Unable to prosecute suspect,
1c3a3e4478720f0600b94e382432e1ca95af36c4d3dc126a9c6044ce15bdff75,2021-06,Lancashire Constabulary,Lancashire Constabulary,-2.373382,53.747592,On or near Garbett Street,E01025042,Hyndburn 006B,Violence and sexual offences,Unable to prosecute suspect,
70d8d0b6adb462131e3ed0ff3131a05172433c31c76b07637255ded42dfd210c,2021-06,Lancashire Constabulary,Lancashire Constabulary,-2.373346,53.748608,On or near Fountain Street,E01025042,Hyndburn 006B,Violence and sexual offences,Unable to prosecute suspect,
ce998292fbdccd0a598bfba6d82692eae8919af1fcbf5ca24b0ac54645b86ef4,2021-06,Lancashire Constabulary,Lancashire Constabulary,-2.374572,53.748370,On or near Pendle Street,E01025042,Hyndburn 006B,Violence and sexual offences,Unable to prosecute suspect,
ee74c62ed07b132ad9e24a376dd2d64670ac6949571f17dc8e96fddb6c4e8090,2021-06,Lancashire Constabulary,Lancashire Constabulary,-2.374572,53.748370,On or near Pendle Street,E01025042,Hyndburn 006B,Violence and sexual offences,Status update unavailable,
,2021-06,Lancashire Constabulary,Lancashire Constabulary,-2.377779,53.740684,On or near Downham Drive,E01025082,Hyndburn 006E,Anti-social behaviour,,
,2021-06,Lancashire Constabulary,Lancashire Constabulary,-2.377260,53.747085,On or near Fife Street,E01025082,Hyndburn 006E,Anti-social behaviour,,
,2021-06,Lancashire Constabulary,Lancashire Constabulary,-2.377352,53.743786,On or near Wordsworth Road,E01025082,Hyndburn 006E,Anti-social behaviour,,
,2021-06,Lancashire Constabulary,Lancashire Constabulary,-2.377260,53.747085,On or near Fife Street,E01025082,Hyndburn 006E,Anti-social behaviour,,
,2021-06,Lancashire Constabulary,Lancashire Constabulary,-2.380662,53.744396,On or near Malham Avenue,E01025082,Hyndburn 006E,Anti-social behaviour,,
,2021-06,Lancashire Constabulary,Lancashire Constabulary,-2.377260,53.747085,On or near Fife Street,E01025082,Hyndburn 006E,Anti-social behaviour,,
,2021-06,Lancashire Constabulary,Lancashire Constabulary,-2.377260,53.747085,On or near Fife Street,E01025082,Hyndburn 006E,Anti-social behaviour,,
,2021-06,Lancashire Constabulary,Lancashire Constabulary,-2.377260,53.747085,On or near Fife Street,E01025082,Hyndburn 006E,Anti-social behaviour,,
,2021-06,Lancashire Constabulary,Lancashire Constabulary,-2.378406,53.746336,On or near Walker Avenue,E01025082,Hyndburn 006E,Anti-social behaviour,,
,2021-06,Lancashire Constabulary,Lancashire Constabulary,-2.380662,53.744396,On or near Malham Avenue,E01025082,Hyndburn 006E,Anti-social behaviour,,
,2021-06,Lancashire Constabulary,Lancashire Constabulary,-2.376645,53.741065,On or near Rimington Avenue,E01025082,Hyndburn 006E,Anti-social behaviour,,
,2021-06,Lancashire Constabulary,Lancashire Constabulary,-2.377252,53.746187,On or near Gordon Avenue,E01025082,Hyndburn 006E,Anti-social behaviour,,
,2021-06,Lancashire Constabulary,Lancashire Constabulary,-2.377260,53.747085,On or near Fife Street,E01025082,Hyndburn 006E,Anti-social behaviour,,
,2021-06,Lancashire Constabulary,Lancashire Constabulary,-2.377260,53.747085,On or near Fife Street,E01025082,Hyndburn 006E,Anti-social behaviour,,
,2021-06,Lancashire Constabulary,Lancashire Constabulary,-2.377260,53.747085,On or near Fife Street,E01025082,Hyndburn 006E,Anti-social behaviour,,
,2021-06,Lancashire Constabulary,Lancashire Constabulary,-2.379675,53.745882,On or near Richmond Road,E01025082,Hyndburn 006E,Anti-social behaviour,,
,2021-06,Lancashire Constabulary,Lancashire Constabulary,-2.376084,53.739377,On or near Cartmel Avenue,E01025082,Hyndburn 006E,Anti-social behaviour,,
,2021-06,Lancashire Constabulary,Lancashire Constabulary,-2.380662,53.744396,On or near Malham Avenue,E01025082,Hyndburn 006E,Anti-social behaviour,,
,2021-06,Lancashire Constabulary,Lancashire Constabulary,-2.377252,53.746187,On or near Gordon Avenue,E01025082,Hyndburn 006E,Anti-social behaviour,,
,2021-06,Lancashire Constabulary,Lancashire Constabulary,-2.376084,53.739377,On or near Cartmel Avenue,E01025082,Hyndburn 006E,Anti-social behaviour,,
,2021-06,Lancashire Constabulary,Lancashire Constabulary,-2.377260,53.747085,On or near Fife Street,E01025082,Hyndburn 006E,Anti-social behaviour,,
,2021-06,Lancashire Constabulary,Lancashire Constabulary,-2.377260,53.747085,On or near Fife Street,E01025082,Hyndburn 006E,Anti-social behaviour,,
,2021-06,Lancashire Constabulary,Lancashire Constabulary,-2.376645,53.741065,On or near Rimington Avenue,E01025082,Hyndburn 006E,Anti-social behaviour,,
,2021-06,Lancashire Constabulary,Lancashire Constabulary,-2.379305,53.746854,On or near Rawson Avenue,E01025082,Hyndburn 006E,Anti-social behaviour,,
,2021-06,Lancashire Constabulary,Lancashire Constabulary,-2.379675,53.745882,On or near Richmond Road,E01025082,Hyndburn 006E,Anti-social behaviour,,
,2021-06,Lancashire Constabulary,Lancashire Constabulary,-2.377260,53.747085,On or near Fife Street,E01025082,Hyndburn 006E,Anti-social behaviour,,
,2021-06,Lancashire Constabulary,Lancashire Constabulary,-2.377156,53.742232,On or near Fern Gore Avenue,E01025082,Hyndburn 006E,Anti-social behaviour,,
,2021-06,Lancashire Constabulary,Lancashire Constabulary,-2.378096,53.745672,On or near Moorhouse Avenue,E01025082,Hyndburn 006E,Anti-social behaviour,,
f6135ffcca0be03ce0c6b80197abcd9eeb8c7424d894ea249bae1331d364b921,2021-06,Lancashire Constabulary,Lancashire Constabulary,-2.377260,53.747085,On or near Fife Street,E01025082,Hyndburn 006E,Drugs,Status update unavailable,
b60a52657266eefa4f750b946cd8edf7436f047a52176e3603de0e47a4337cc0,2021-06,Lancashire Constabulary,Lancashire Constabulary,-2.379305,53.746854,On or near Rawson Avenue,E01025082,Hyndburn 006E,Other theft,Investigation complete; no suspect identified,
c64040df652ac81e11df15303737455304e10b55ee55facb19eb0024fdb70ddd,2021-06,Lancashire Constabulary,Lancashire Constabulary,-2.383509,53.744010,On or near Worston Close,E01025082,Hyndburn 006E,Violence and sexual offences,Unable to prosecute suspect,
fae0f07eed197be1038312e5c9bfc5791c21b88f504807a99cec364e53ae1c0c,2021-06,Lancashire Constabulary,Lancashire Constabulary,-2.377779,53.740684,On or near Downham Drive,E01025082,Hyndburn 006E,Violence and sexual offences,Unable to prosecute suspect,
541248071782434786a456aaf500efa610e9f29fdf1092bba9894c2123e39b86,2021-06,Lancashire Constabulary,Lancashire Constabulary,-2.377779,53.740684,On or near Downham Drive,E01025082,Hyndburn 006E,Violence and sexual offences,Unable to prosecute suspect,
6224075581026591401783eabae2d7f63035d093af541d5a1ce291027297cdd0,2021-06,Lancashire Constabulary,Lancashire Constabulary,-2.383509,53.744010,On or near Worston Close,E01025082,Hyndburn 006E,Violence and sexual offences,Unable to prosecute suspect,
110ca172c1e39d6280625b1b9930e907ef25e55dfbe0729cbeeb7da50b74f4d0,2021-06,Lancashire Constabulary,Lancashire Constabulary,-2.374691,53.744712,On or near Dunny Shop Avenue,E01025082,Hyndburn 006E,Violence and sexual offences,Offender given a caution,
9a7a74430a8c813a5f18cd99ddf59abed0e28b5ea6deff7f3af7e5d7f91346e6,2021-06,Lancashire Constabulary,Lancashire Constabulary,-2.378096,53.745672,On or near Moorhouse Avenue,E01025082,Hyndburn 006E,Violence and sexual offences,Unable to prosecute suspect,
895e626b69493755c2675db614a6c517fcde523d54210ef85af31d096875101a,2021-06,Lancashire Constabulary,Lancashire Constabulary,-2.380453,53.744729,On or near Slaidburn Drive,E01025082,Hyndburn 006E,Violence and sexual offences,Further investigation is not in the public interest,
e0d2e72b78ff693be512759059865b7e22725c3cf2af652dfa782fa4436bc4e8,2021-06,Lancashire Constabulary,Lancashire Constabulary,-2.375822,53.744043,On or near Clarence Road,E01025082,Hyndburn 006E,Violence and sexual offences,Unable to prosecute suspect,
,2021-06,Lancashire Constabulary,Lancashire Constabulary,-2.384771,53.749317,On or near Charter Street,E01025083,Hyndburn 006F,Anti-social behaviour,,
,2021-06,Lancashire Constabulary,Lancashire Constabulary,-2.386964,53.746991,On or near Coal Pit Lane,E01025083,Hyndburn 006F,Anti-social behaviour,,
,2021-06,Lancashire Constabulary,Lancashire Constabulary,-2.376227,53.746918,On or near Primrose Street,E01025083,Hyndburn 006F,Anti-social behaviour,,
,2021-06,Lancashire Constabulary,Lancashire Constabulary,-2.384771,53.749317,On or near Charter Street,E01025083,Hyndburn 006F,Anti-social behaviour,,
,2021-06,Lancashire Constabulary,Lancashire Constabulary,-2.386964,53.746991,On or near Coal Pit Lane,E01025083,Hyndburn 006F,Anti-social behaviour,,
,2021-06,Lancashire Constabulary,Lancashire Constabulary,-2.385422,53.747491,On or near George Street,E01025083,Hyndburn 006F,Anti-social behaviour,,
,2021-06,Lancashire Constabulary,Lancashire Constabulary,-2.384889,53.747295,On or near Spring Street,E01025083,Hyndburn 006F,Anti-social behaviour,,
,2021-06,Lancashire Constabulary,Lancashire Constabulary,-2.386019,53.748145,On or near Pickup Street,E01025083,Hyndburn 006F,Anti-social behaviour,,
,2021-06,Lancashire Constabulary,Lancashire Constabulary,-2.384889,53.747295,On or near Spring Street,E01025083,Hyndburn 006F,Anti-social behaviour,,
,2021-06,Lancashire Constabulary,Lancashire Constabulary,-2.383742,53.747847,On or near Stevenson Street West,E01025083,Hyndburn 006F,Anti-social behaviour,,
,2021-06,Lancashire Constabulary,Lancashire Constabulary,-2.384595,53.748275,On or near Sharples Street,E01025083,Hyndburn 006F,Anti-social behaviour,,
,2021-06,Lancashire Constabulary,Lancashire Constabulary,-2.384955,53.746225,On or near Springfield Avenue,E01025083,Hyndburn 006F,Anti-social behaviour,,
,2021-06,Lancashire Constabulary,Lancashire Constabulary,-2.376227,53.746918,On or near Primrose Street,E01025083,Hyndburn 006F,Anti-social behaviour,,
,2021-06,Lancashire Constabulary,Lancashire Constabulary,-2.384771,53.749317,On or near Charter Street,E01025083,Hyndburn 006F,Anti-social behaviour,,
,2021-06,Lancashire Constabulary,Lancashire Constabulary,-2.385422,53.747491,On or near George Street,E01025083,Hyndburn 006F,Anti-social behaviour,,
ee735271563e2434b85be226431fb45ad8db3e27a2ab61d9087629ebeb4be6ea,2021-06,Lancashire Constabulary,Lancashire Constabulary,-2.383155,53.745035,On or near Lynton Road,E01025083,Hyndburn 006F,Burglary,Investigation complete; no suspect identified,
ce0a154ee1b5871f3940d8cc85d8976459bdc0755a65d4bca78b4323976b94a0,2021-06,Lancashire Constabulary,Lancashire Constabulary,-2.385422,53.747491,On or near George Street,E01025083,Hyndburn 006F,Criminal damage and arson,Status update unavailable,
72bc3aebef19bedba3f57cf369a15951e3b99603b7a5bf759612a213ea27901d,2021-06,Lancashire Constabulary,Lancashire Constabulary,-2.385422,53.747491,On or near George Street,E01025083,Hyndburn 006F,Criminal damage and arson,Unable to prosecute suspect,
e3cc837164a78225c0046a7e2aded21cfdc1f97ee55e0509ee2e0098e1e04ba9,2021-06,Lancashire Constabulary,Lancashire Constabulary,-2.383742,53.747847,On or near Stevenson Street West,E01025083,Hyndburn 006F,Criminal damage and arson,Status update unavailable,
522f8515a74c9fffeff99d988188b5746d4944a740c14ebdbb678b0f72b14393,2021-06,Lancashire Constabulary,Lancashire Constabulary,-2.379645,53.747563,On or near Dover Street,E01025083,Hyndburn 006F,Criminal damage and arson,Action to be taken by another organisation,
45f4224d711935abfd9cd94f21706bbb3bdb7c9cbe39512c3d0d5d68fb498af2,2021-06,Lancashire Constabulary,Lancashire Constabulary,-2.378187,53.747352,On or near Laurel Close,E01025083,Hyndburn 006F,Criminal damage and arson,Investigation complete; no suspect identified,
6fabc22f4265528ab8472642ced46d4c34122899c922a945e2c1da70fcf456cf,2021-06,Lancashire Constabulary,Lancashire Constabulary,-2.383742,53.747847,On or near Stevenson Street West,E01025083,Hyndburn 006F,Criminal damage and arson,Unable to prosecute suspect,
924042ab1e1979aa8d6d7391023b7d928a7609002749e3e5ebc9420453b8371f,2021-06,Lancashire Constabulary,Lancashire Constabulary,-2.385422,53.747491,On or near George Street,E01025083,Hyndburn 006F,Criminal damage and arson,Unable to prosecute suspect,
942d7e645bd4abe8238f655c5a7617144ca94a31e384481fccefafd32dd083fe,2021-06,Lancashire Constabulary,Lancashire Constabulary,-2.381182,53.748133,On or near Exchange Street,E01025083,Hyndburn 006F,Other theft,Unable to prosecute suspect,
bad9ecd0e9ed79c4fc58c082d44a65187d5f0e79e18182f2635f6e4ab50d7612,2021-06,Lancashire Constabulary,Lancashire Constabulary,-2.384955,53.746225,On or near Springfield Avenue,E01025083,Hyndburn 006F,Other theft,Status update unavailable,
f27e248e075ea8296081cd2b6f05758790128522b47c7ab08e17733f590ba0ca,2021-06,Lancashire Constabulary,Lancashire Constabulary,-2.384771,53.749317,On or near Charter Street,E01025083,Hyndburn 006F,Other theft,Investigation complete; no suspect identified,
182961a8fa3f774361d005faa54438e3c7c15acaaf769d3029fe25ab443b8809,2021-06,Lancashire Constabulary,Lancashire Constabulary,-2.384889,53.747295,On or near Spring Street,E01025083,Hyndburn 006F,Possession of weapons,Unable to prosecute suspect,
61c6fba8c8ebd35533f34ebb1465164a5a50aef50f7766e399779d8d04469a6e,2021-06,Lancashire Constabulary,Lancashire Constabulary,-2.381182,53.748133,On or near Exchange Street,E01025083,Hyndburn 006F,Public order,Unable to prosecute suspect,
0c3dd929c4300db6d3a6b9a0d3a40ae654cf81c062ef735e17c25c3136bfa37a,2021-06,Lancashire Constabulary,Lancashire Constabulary,-2.384889,53.747295,On or near Spring Street,E01025083,Hyndburn 006F,Public order,Status update unavailable,
df76a87e822a241c2a1d6bccd5eefa2cbb7dee86e9d5cdf17388572c6ffdb9a2,2021-06,Lancashire Constabulary,Lancashire Constabulary,-2.384771,53.749317,On or near Charter Street,E01025083,Hyndburn 006F,Public order,Status update unavailable,
b0451cc6fa2379ef064cd68e6f13aa7cb4ef6ca9ebd4fa27a5d410c3a35cb65a,2021-06,Lancashire Constabulary,Lancashire Constabulary,-2.386964,53.746991,On or near Coal Pit Lane,E01025083,Hyndburn 006F,Shoplifting,Status update unavailable,
2ca5c7a56a62dc6e44dc8efdc73debb8f1ae902a4eff5b17ac17999954186b77,2021-06,Lancashire Constabulary,Lancashire Constabulary,-2.385422,53.747491,On or near George Street,E01025083,Hyndburn 006F,Violence and sexual offences,Unable to prosecute suspect,
29accb4d6b929eb175da3bf325ab333ddbf801845768dbf032392019e6f198e1,2021-06,Lancashire Constabulary,Lancashire Constabulary,-2.384204,53.748690,On or near Elizabeth Street,E01025083,Hyndburn 006F,Violence and sexual offences,Unable to prosecute suspect,
b12f5f543ba09ecc84eb6aa0cd546b28efb5eb323430a2464c624d0fe072ecd7,2021-06,Lancashire Constabulary,Lancashire Constabulary,-2.383742,53.747847,On or near Stevenson Street West,E01025083,Hyndburn 006F,Violence and sexual offences,Unable to prosecute suspect,
0944fcb92ec58e517861c7309dfa1f827bff1d0fd8b016e3be822a190cc4bf3b,2021-06,Lancashire Constabulary,Lancashire Constabulary,-2.385275,53.749666,On or near Lonsdale Street,E01025083,Hyndburn 006F,Violence and sexual offences,Unable to prosecute suspect,
e66f6cc5210dc0c73453fc5ae671d870083e38a30806f9c80252146f85e6d3a3,2021-06,Lancashire Constabulary,Lancashire Constabulary,-2.385422,53.747491,On or near George Street,E01025083,Hyndburn 006F,Violence and sexual offences,Unable to prosecute suspect,
0c0501fea7c796521f58bfd63d4cc1794b2075b103d990bf522249bf4bed9e3c,2021-06,Lancashire Constabulary,Lancashire Constabulary,-2.384889,53.747295,On or near Spring Street,E01025083,Hyndburn 006F,Violence and sexual offences,Status update unavailable,
cdd7bfdc0ec7394f1dfd8edf160f7387f91612efbaf129b6125823b932267e86,2021-06,Lancashire Constabulary,Lancashire Constabulary,-2.385422,53.747491,On or near George Street,E01025083,Hyndburn 006F,Violence and sexual offences,Unable to prosecute suspect,
b635eb48395c2669410c4a0c00ddaac54e016e3a7f74a09b9426402cd1b0b5cc,2021-06,Lancashire Constabulary,Lancashire Constabulary,-2.385422,53.747491,On or near George Street,E01025083,Hyndburn 006F,Violence and sexual offences,Unable to prosecute suspect,
2232b263be00caba9569ea336e34e22592eff418a5da84dad746b07b187be310,2021-06,Lancashire Constabulary,Lancashire Constabulary,-2.384889,53.747295,On or near Spring Street,E01025083,Hyndburn 006F,Violence and sexual offences,Unable to prosecute suspect,
f8737852a47657b74362e6befe301e70f0fddc2824f39362622d5d12896d5f53,2021-06,Lancashire Constabulary,Lancashire Constabulary,-2.385275,53.749666,On or near Lonsdale Street,E01025083,Hyndburn 006F,Violence and sexual offences,Unable to prosecute suspect,
a99764e557663b6ccb8b625921064ee561f851734ac96b3f78cb65f79cabd961,2021-06,Lancashire Constabulary,Lancashire Constabulary,-2.383155,53.745035,On or near Lynton Road,E01025083,Hyndburn 006F,Violence and sexual offences,Status update unavailable,
d8475ff2a26d82eafcd32e5bdca20899d7f57f41d463574c1499b00e43cbd058,2021-06,Lancashire Constabulary,Lancashire Constabulary,-2.384595,53.748275,On or near Sharples Street,E01025083,Hyndburn 006F,Violence and sexual offences,Further investigation is not in the public interest,
923399d3ecb6bc05f39c7ffaa4a2e983c2e434efaa1008381e6743dadbf8165d,2021-06,Lancashire Constabulary,Lancashire Constabulary,-2.384595,53.748275,On or near Sharples Street,E01025083,Hyndburn 006F,Violence and sexual offences,Further investigation is not in the public interest,
,2021-06,Lancashire Constabulary,Lancashire Constabulary,-2.373417,53.746315,On or near Clifton Street,E01025084,Hyndburn 006G,Anti-social behaviour,,
,2021-06,Lancashire Constabulary,Lancashire Constabulary,-2.373417,53.746315,On or near Clifton Street,E01025084,Hyndburn 006G,Anti-social behaviour,,
,2021-06,Lancashire Constabulary,Lancashire Constabulary,-2.373417,53.746315,On or near Clifton Street,E01025084,Hyndburn 006G,Anti-social behaviour,,
,2021-06,Lancashire Constabulary,Lancashire Constabulary,-2.367131,53.748860,On or near Park/Open Space,E01025084,Hyndburn 006G,Anti-social behaviour,,
,2021-06,Lancashire Constabulary,Lancashire Constabulary,-2.372134,53.746993,On or near Hopwood Street,E01025084,Hyndburn 006G,Anti-social behaviour,,
,2021-06,Lancashire Constabulary,Lancashire Constabulary,-2.369082,53.746554,On or near Lydia Street,E01025084,Hyndburn 006G,Anti-social behaviour,,
,2021-06,Lancashire Constabulary,Lancashire Constabulary,-2.371421,53.747014,On or near Perth Street,E01025084,Hyndburn 006G,Anti-social behaviour,,
,2021-06,Lancashire Constabulary,Lancashire Constabulary,-2.373417,53.746315,On or near Clifton Street,E01025084,Hyndburn 006G,Anti-social behaviour,,
,2021-06,Lancashire Constabulary,Lancashire Constabulary,-2.369237,53.746975,On or near Carter Street,E01025084,Hyndburn 006G,Anti-social behaviour,,
,2021-06,Lancashire Constabulary,Lancashire Constabulary,-2.374011,53.743222,On or near Sports/Recreation Area,E01025084,Hyndburn 006G,Anti-social behaviour,,
db3aeda9ac506c6d18151da6e8de5e2ee387dca8af716e2a4531f55abbe7f211,2021-06,Lancashire Constabulary,Lancashire Constabulary,-2.367131,53.748860,On or near Park/Open Space,E01025084,Hyndburn 006G,Other theft,Unable to prosecute suspect,
49f61992a8227860068d6a93485d9b59daaac68987c9e59ef9e900dfa2a6ea36,2021-06,Lancashire Constabulary,Lancashire Constabulary,-2.367131,53.748860,On or near Park/Open Space,E01025084,Hyndburn 006G,Other theft,Status update unavailable,
cb3b08aef01f5690db9f50b563cc830c07aa3a534afce7f7ad3ad70b62de359b,2021-06,Lancashire Constabulary,Lancashire Constabulary,-2.374585,53.741242,On or near Lindadale Close,E01025084,Hyndburn 006G,Other theft,Status update unavailable,
dad8990dee3b190bdd64e75aa067a0f903dda007dde369a70875ac25d95b9cdc,2021-06,Lancashire Constabulary,Lancashire Constabulary,-2.369082,53.746554,On or near Lydia Street,E01025084,Hyndburn 006G,Public order,Unable to prosecute suspect,
99cc59513441a236fafdb3f8691d3da0d5e6d233f03b894001906179c2b424cd,2021-06,Lancashire Constabulary,Lancashire Constabulary,-2.369954,53.749175,On or near Parking Area,E01025084,Hyndburn 006G,Public order,Status update unavailable,
b28a108e8a16cedb962cfbbf509bae40c92e18fa18b1bf807c8fd31c0cc163c3,2021-06,Lancashire Constabulary,Lancashire Constabulary,-2.369082,53.746554,On or near Lydia Street,E01025084,Hyndburn 006G,Violence and sexual offences,Offender given a caution,
c9bd3f159673cb9c8ad60f7d160e3e6dff5b791ae30c1d54fd2e4bbf14165da3,2021-06,Lancashire Constabulary,Lancashire Constabulary,-2.373417,53.746315,On or near Clifton Street,E01025084,Hyndburn 006G,Violence and sexual offences,Unable to prosecute suspect,
ae60959bc38b8da1eb15a0354f7340c2b93dd6251e55f5a9215bf7213b5e8d7f,2021-06,Lancashire Constabulary,Lancashire Constabulary,-2.367131,53.748860,On or near Park/Open Space,E01025084,Hyndburn 006G,Violence and sexual offences,Unable to prosecute suspect,
e37fdd948ed929f6d55bc30f7d2f94a82cecbf1151a19ba46e8109182a653255,2021-06,Lancashire Constabulary,Lancashire Constabulary,-2.373417,53.746315,On or near Clifton Street,E01025084,Hyndburn 006G,Violence and sexual offences,Unable to prosecute suspect,
b8b99057bdd7dbdabb5bf5c8acbe627cb9af62ae8128b1ee52f501ff8f9ffc28,2021-06,Lancashire Constabulary,Lancashire Constabulary,-2.369888,53.748564,On or near Hope Street,E01025084,Hyndburn 006G,Violence and sexual offences,Unable to prosecute suspect,
17bbb22d91da5398a97cd21174a5351c2e9c9f84ff87bf1fa20dcc149d83ae6e,2021-06,Lancashire Constabulary,Lancashire Constabulary,-2.370317,53.747368,On or near Higher Antley Street,E01025084,Hyndburn 006G,Violence and sexual offences,Unable to prosecute suspect,
64bd893d954eccd04ec74f9395deefd3d0963713e91a4c976971b0ea69af73b6,2021-06,Lancashire Constabulary,Lancashire Constabulary,-2.371665,53.740272,On or near Brocklehurst Avenue,E01025084,Hyndburn 006G,Violence and sexual offences,Unable to prosecute suspect,
1bb1034bea5b5ced31d2e9c6582f4d328feb135183688e15a31aa075da3119d2,2021-06,Lancashire Constabulary,Lancashire Constabulary,-2.369082,53.746554,On or near Lydia Street,E01025084,Hyndburn 006G,Violence and sexual offences,Unable to prosecute suspect,
3239d4ade03fd444d8e1295643f1ae5d620dd0bcd66cbf56c2ad77c0ae5514df,2021-06,Lancashire Constabulary,Lancashire Constabulary,-2.367131,53.748860,On or near Park/Open Space,E01025084,Hyndburn 006G,Violence and sexual offences,Unable to prosecute suspect,
485d35dd3a1df6b5ae0dc4014b9505b22ac226999b950eb26697613059a912d1,2021-06,Lancashire Constabulary,Lancashire Constabulary,-2.369888,53.748564,On or near Hope Street,E01025084,Hyndburn 006G,Violence and sexual offences,Unable to prosecute suspect,
f4791e4b2545b5ca5e56e8927b0a90b736c81a126ac1e42b436fa2a396740523,2021-06,Lancashire Constabulary,Lancashire Constabulary,-2.371665,53.740272,On or near Brocklehurst Avenue,E01025084,Hyndburn 006G,Other crime,Status update unavailable,
f42a5e13581fcd81a23b2ad5d21a02c71d6a8ec2f8a006baedfe3a8485b84b6c,2021-06,Lancashire Constabulary,Lancashire Constabulary,-2.374585,53.741242,On or near Lindadale Close,E01025084,Hyndburn 006G,Other crime,Investigation complete; no suspect identified,
,2021-06,Lancashire Constabulary,Lancashire Constabulary,-2.384565,53.753354,On or near Hyndburn Street,E01033231,Hyndburn 006H,Anti-social behaviour,,
,2021-06,Lancashire Constabulary,Lancashire Constabulary,-2.379397,53.755428,On or near Park Road,E01033231,Hyndburn 006H,Anti-social behaviour,,
,2021-06,Lancashire Constabulary,Lancashire Constabulary,-2.384565,53.753354,On or near Hyndburn Street,E01033231,Hyndburn 006H,Anti-social behaviour,,
,2021-06,Lancashire Constabulary,Lancashire Constabulary,-2.383005,53.753601,On or near Russia Street,E01033231,Hyndburn 006H,Anti-social behaviour,,
,2021-06,Lancashire Constabulary,Lancashire Constabulary,-2.383077,53.753080,On or near Empress Street,E01033231,Hyndburn 006H,Anti-social behaviour,,
,2021-06,Lancashire Constabulary,Lancashire Constabulary,-2.384565,53.753354,On or near Hyndburn Street,E01033231,Hyndburn 006H,Anti-social behaviour,,
,2021-06,Lancashire Constabulary,Lancashire Constabulary,-2.384565,53.753354,On or near Hyndburn Street,E01033231,Hyndburn 006H,Anti-social behaviour,,
,2021-06,Lancashire Constabulary,Lancashire Constabulary,-2.384565,53.753354,On or near Hyndburn Street,E01033231,Hyndburn 006H,Anti-social behaviour,,
,2021-06,Lancashire Constabulary,Lancashire Constabulary,-2.384565,53.753354,On or near Hyndburn Street,E01033231,Hyndburn 006H,Anti-social behaviour,,
,2021-06,Lancashire Constabulary,Lancashire Constabulary,-2.379397,53.755428,On or near Park Road,E01033231,Hyndburn 006H,Anti-social behaviour,,
,2021-06,Lancashire Constabulary,Lancashire Constabulary,-2.384565,53.753354,On or near Hyndburn Street,E01033231,Hyndburn 006H,Anti-social behaviour,,
,2021-06,Lancashire Constabulary,Lancashire Constabulary,-2.386140,53.753079,On or near China Street,E01033231,Hyndburn 006H,Anti-social behaviour,,
,2021-06,Lancashire Constabulary,Lancashire Constabulary,-2.384565,53.753354,On or near Hyndburn Street,E01033231,Hyndburn 006H,Anti-social behaviour,,
,2021-06,Lancashire Constabulary,Lancashire Constabulary,-2.384565,53.753354,On or near Hyndburn Street,E01033231,Hyndburn 006H,Anti-social behaviour,,
,2021-06,Lancashire Constabulary,Lancashire Constabulary,-2.384565,53.753354,On or near Hyndburn Street,E01033231,Hyndburn 006H,Anti-social behaviour,,
,2021-06,Lancashire Constabulary,Lancashire Constabulary,-2.378685,53.752087,On or near Bobbin Close,E01033231,Hyndburn 006H,Anti-social behaviour,,
,2021-06,Lancashire Constabulary,Lancashire Constabulary,-2.377366,53.753826,On or near Lister Street,E01033231,Hyndburn 006H,Anti-social behaviour,,
,2021-06,Lancashire Constabulary,Lancashire Constabulary,-2.379397,53.755428,On or near Park Road,E01033231,Hyndburn 006H,Anti-social behaviour,,
,2021-06,Lancashire Constabulary,Lancashire Constabulary,-2.377366,53.753826,On or near Lister Street,E01033231,Hyndburn 006H,Anti-social behaviour,,
,2021-06,Lancashire Constabulary,Lancashire Constabulary,-2.383086,53.754113,On or near Countess Street,E01033231,Hyndburn 006H,Anti-social behaviour,,
,2021-06,Lancashire Constabulary,Lancashire Constabulary,-2.379308,53.753910,On or near Park Road,E01033231,Hyndburn 006H,Anti-social behaviour,,
,2021-06,Lancashire Constabulary,Lancashire Constabulary,-2.382400,53.750386,On or near Howard Close,E01033231,Hyndburn 006H,Anti-social behaviour,,
,2021-06,Lancashire Constabulary,Lancashire Constabulary,-2.384565,53.753354,On or near Hyndburn Street,E01033231,Hyndburn 006H,Anti-social behaviour,,
,2021-06,Lancashire Constabulary,Lancashire Constabulary,-2.384565,53.753354,On or near Hyndburn Street,E01033231,Hyndburn 006H,Anti-social behaviour,,
,2021-06,Lancashire Constabulary,Lancashire Constabulary,-2.377366,53.753826,On or near Lister Street,E01033231,Hyndburn 006H,Anti-social behaviour,,
,2021-06,Lancashire Constabulary,Lancashire Constabulary,-2.384565,53.753354,On or near Hyndburn Street,E01033231,Hyndburn 006H,Anti-social behaviour,,
d373f2f7f82c5479e520b31b15acd593e01b99e8b47e9bb7f5a5872c20fa5fc4,2021-06,Lancashire Constabulary,Lancashire Constabulary,-2.386357,53.753609,On or near Wesley Street,E01033231,Hyndburn 006H,Burglary,Unable to prosecute suspect,
a6a250d263964a058c2e29b27d96ae68947bbd5873409b2079d490ae489e67b8,2021-06,Lancashire Constabulary,Lancashire Constabulary,-2.384565,53.753354,On or near Hyndburn Street,E01033231,Hyndburn 006H,Criminal damage and arson,Unable to prosecute suspect,
37adcc11f8210df2169543ade69363464f293a7e3eb4afff7e4f4615385fcf41,2021-06,Lancashire Constabulary,Lancashire Constabulary,-2.379397,53.755428,On or near Park Road,E01033231,Hyndburn 006H,Criminal damage and arson,Unable to prosecute suspect,
2a0391c6e21f651083b15d3033499a18e7d3cd8388ad1d0db58099e1a20db35c,2021-06,Lancashire Constabulary,Lancashire Constabulary,-2.382400,53.750386,On or near Howard Close,E01033231,Hyndburn 006H,Other theft,Investigation complete; no suspect identified,
3b764138122eaf3b9b9245ae1f5f94a46023ad9cd13f013ca1aa0ec388967098,2021-06,Lancashire Constabulary,Lancashire Constabulary,-2.383005,53.753601,On or near Russia Street,E01033231,Hyndburn 006H,Public order,Status update unavailable,
ec733a6a72ffe9d7a5713459b1887564bf894d846b602d3ddf7e47927d418625,2021-06,Lancashire Constabulary,Lancashire Constabulary,-2.384565,53.753354,On or near Hyndburn Street,E01033231,Hyndburn 006H,Public order,Unable to prosecute suspect,
73b5508072753eb77b01ebbd5a32d90958881fd0de0f62937ebaef45862e04de,2021-06,Lancashire Constabulary,Lancashire Constabulary,-2.383044,53.752819,On or near Poland Street,E01033231,Hyndburn 006H,Shoplifting,Status update unavailable,
f865791f35b266d9c473b575c471334ad9d8f70d0cc585e9176200155567e985,2021-06,Lancashire Constabulary,Lancashire Constabulary,-2.379397,53.755428,On or near Park Road,E01033231,Hyndburn 006H,Vehicle crime,Investigation complete; no suspect identified,
0d2e0701267574c9f005ab385126fba524ae4fa55a01a5f0d42942905537f90d,2021-06,Lancashire Constabulary,Lancashire Constabulary,-2.378627,53.752465,On or near Wheat Street,E01033231,Hyndburn 006H,Violence and sexual offences,Court result unavailable,
320914fc7b232025b3bbdcefd9711f0cb1777660d02dbc505fc71a8b7ee81052,2021-06,Lancashire Constabulary,Lancashire Constabulary,-2.383779,53.753599,On or near Persia Street,E01033231,Hyndburn 006H,Violence and sexual offences,Status update unavailable,
2e116e276ebd8020deeb3529571230c6f622b965ec3332280536bb1a00e9ab0e,2021-06,Lancashire Constabulary,Lancashire Constabulary,-2.388657,53.751426,On or near Stonecross Close,E01033231,Hyndburn 006H,Violence and sexual offences,Unable to prosecute suspect,
3630e3490f7856085c16ff5086968f570ee8bdfaa469fc267944497abfd9a64a,2021-06,Lancashire Constabulary,Lancashire Constabulary,-2.384565,53.753354,On or near Hyndburn Street,E01033231,Hyndburn 006H,Violence and sexual offences,Unable to prosecute suspect,
05e00fd43a1b69394705db77f3a71f88816030bc5fbead7a92312671bba2562a,2021-06,Lancashire Constabulary,Lancashire Constabulary,-2.378290,53.753778,On or near Tremellen Street,E01033231,Hyndburn 006H,Violence and sexual offences,Unable to prosecute suspect,
4445f9c49e4d0b06f9b1e9c40c5bad09b4d6a2414a37556006d94c203f6efb9b,2021-06,Lancashire Constabulary,Lancashire Constabulary,-2.380096,53.753889,On or near Monk Street,E01033231,Hyndburn 006H,Other crime,Unable to prosecute suspect,
,2021-06,Lancashire Constabulary,Lancashire Constabulary,-2.399326,53.740983,On or near Victoria Street,E01025055,Hyndburn 007A,Anti-social behaviour,,
2f1adedcf4c4177624ebe0aaafd863cb18d65c6076463ebe73939b648d0c1e5d,2021-06,Lancashire Constabulary,Lancashire Constabulary,-2.399542,53.741467,On or near Oak Street,E01025055,Hyndburn 007A,Burglary,Investigation complete; no suspect identified,
5f2f9d752ed0da7825c5da3c62a580d5e53959870b50d8af924e1ea4cfc5495a,2021-06,Lancashire Constabulary,Lancashire Constabulary,-2.400595,53.740520,On or near Plant Street,E01025055,Hyndburn 007A,Public order,Investigation complete; no suspect identified,
7963accfaa1d63457cf977304cf3e59adc83b764c64fbaeff5e12b4410aa5613,2021-06,Lancashire Constabulary,Lancashire Constabulary,-2.402475,53.740559,On or near Church Street,E01025055,Hyndburn 007A,Violence and sexual offences,Unable to prosecute suspect,
511b14f0e85b11b11ad7aa6ecc8b8542085fd553c51f25fb308e5c35919ab894,2021-06,Lancashire Constabulary,Lancashire Constabulary,-2.402475,53.740559,On or near Church Street,E01025055,Hyndburn 007A,Violence and sexual offences,Unable to prosecute suspect,
4059cd55d5b77ec288942aaa11c34b8cf00181cf4ee3f998fa0ec7fc003001b1,2021-06,Lancashire Constabulary,Lancashire Constabulary,-2.398833,53.741784,On or near Havelock Street,E01025055,Hyndburn 007A,Violence and sexual offences,Unable to prosecute suspect,
1bb9b070abd4d78f80966bf519da8cc0ebb3434f61d4a8c2f370ef79a3d97caa,2021-06,Lancashire Constabulary,Lancashire Constabulary,-2.398833,53.741784,On or near Havelock Street,E01025055,Hyndburn 007A,Violence and sexual offences,Unable to prosecute suspect,
,2021-06,Lancashire Constabulary,Lancashire Constabulary,-2.392538,53.747962,On or near Badge Brow,E01025075,Hyndburn 007B,Anti-social behaviour,,
,2021-06,Lancashire Constabulary,Lancashire Constabulary,-2.390921,53.750196,On or near St Annes Close,E01025075,Hyndburn 007B,Anti-social behaviour,,
,2021-06,Lancashire Constabulary,Lancashire Constabulary,-2.392968,53.746972,On or near Backhouse Street,E01025075,Hyndburn 007B,Anti-social behaviour,,
,2021-06,Lancashire Constabulary,Lancashire Constabulary,-2.394172,53.744352,On or near Chapel Street,E01025075,Hyndburn 007B,Anti-social behaviour,,
,2021-06,Lancashire Constabulary,Lancashire Constabulary,-2.391397,53.747561,On or near Queen Street,E01025075,Hyndburn 007B,Anti-social behaviour,,
,2021-06,Lancashire Constabulary,Lancashire Constabulary,-2.392524,53.743261,On or near Rhyddings Street,E01025075,Hyndburn 007B,Anti-social behaviour,,
,2021-06,Lancashire Constabulary,Lancashire Constabulary,-2.388992,53.748234,On or near George Street,E01025075,Hyndburn 007B,Anti-social behaviour,,
,2021-06,Lancashire Constabulary,Lancashire Constabulary,-2.392343,53.749859,On or near Parsonage Street,E01025075,Hyndburn 007B,Anti-social behaviour,,
,2021-06,Lancashire Constabulary,Lancashire Constabulary,-2.393992,53.746169,On or near Hodgson Street,E01025075,Hyndburn 007B,Anti-social behaviour,,
,2021-06,Lancashire Constabulary,Lancashire Constabulary,-2.392343,53.749859,On or near Parsonage Street,E01025075,Hyndburn 007B,Anti-social behaviour,,
,2021-06,Lancashire Constabulary,Lancashire Constabulary,-2.393492,53.744579,On or near Off Mount Pleasant Street,E01025075,Hyndburn 007B,Anti-social behaviour,,
3d2c108df1f121cc2da170798e6dea77e2f6be46cd405f28afc17d1076cfbe19,2021-06,Lancashire Constabulary,Lancashire Constabulary,-2.392968,53.746972,On or near Backhouse Street,E01025075,Hyndburn 007B,Criminal damage and arson,Investigation complete; no suspect identified,
59e1a2ef0fd39be4cc4688f771537a0f8e9b650c531b3c3782c5af936e424a44,2021-06,Lancashire Constabulary,Lancashire Constabulary,-2.391143,53.749593,On or near South Shore Street,E01025075,Hyndburn 007B,Criminal damage and arson,Unable to prosecute suspect,
7a3e96e60f6bc9c044088684f7720007105047eb853cd33418ab7aef6a737e50,2021-06,Lancashire Constabulary,Lancashire Constabulary,-2.391397,53.747561,On or near Queen Street,E01025075,Hyndburn 007B,Drugs,Court result unavailable,
3150a493e8509c233ba5343003331c2abcd77119f75d0c4b03ca02c6d07a3dba,2021-06,Lancashire Constabulary,Lancashire Constabulary,-2.392329,53.746695,On or near St Paul'S Street,E01025075,Hyndburn 007B,Other theft,Investigation complete; no suspect identified,
3cccdaecb2a05064b7aa0901d15520f41b19dcd3767749b32e285e52bdfbcd21,2021-06,Lancashire Constabulary,Lancashire Constabulary,-2.389766,53.748349,On or near Wesley Street,E01025075,Hyndburn 007B,Public order,Unable to prosecute suspect,
8a28d22189346a51fea60e166418938c99a4ccf298d9d3e4a8f2d139b7210885,2021-06,Lancashire Constabulary,Lancashire Constabulary,-2.390887,53.749837,On or near Blackpool Street,E01025075,Hyndburn 007B,Public order,Unable to prosecute suspect,
b24b4da2d38492ed1fc8b5e5e6242930110b8b64ee735e9dd49dbdb6d9d2685f,2021-06,Lancashire Constabulary,Lancashire Constabulary,-2.393992,53.746169,On or near Hodgson Street,E01025075,Hyndburn 007B,Public order,Unable to prosecute suspect,
bb43aa67ab111da5e33c7d07680dab20febf3fd69843975df465aeca8cec96de,2021-06,Lancashire Constabulary,Lancashire Constabulary,-2.393992,53.746169,On or near Hodgson Street,E01025075,Hyndburn 007B,Public order,Unable to prosecute suspect,
7cff21bdd09533f8d3f760814f300fbc7cf5bfa73de6173f00dcd7fd7c7b1aec,2021-06,Lancashire Constabulary,Lancashire Constabulary,-2.391397,53.747561,On or near Queen Street,E01025075,Hyndburn 007B,Robbery,Status update unavailable,
f2fa977758a72c1fa66014327230bf3a2aa337be216dc2549f577220525e171b,2021-06,Lancashire Constabulary,Lancashire Constabulary,-2.391397,53.747561,On or near Queen Street,E01025075,Hyndburn 007B,Shoplifting,Court result unavailable,
e9139d7750eee5c553759f815501a66e71c01892680f3c389d70610b697145da,2021-06,Lancashire Constabulary,Lancashire Constabulary,-2.387634,53.748967,On or near Orchard Drive,E01025075,Hyndburn 007B,Vehicle crime,Investigation complete; no suspect identified,
904ffd9138a93c87eddf73fdb19f38301ee0c6953d3fe8bdf3bce16979f65230,2021-06,Lancashire Constabulary,Lancashire Constabulary,-2.392743,53.743998,On or near Watson Street,E01025075,Hyndburn 007B,Violence and sexual offences,Unable to prosecute suspect,
4f2987908cdc2ce3dc38e2262c66e3c35104572a970e0624c121512aa49d1ec6,2021-06,Lancashire Constabulary,Lancashire Constabulary,-2.391143,53.749593,On or near South Shore Street,E01025075,Hyndburn 007B,Violence and sexual offences,Unable to prosecute suspect,
16c0890fa4f336f19dd06931b9d73cd2d028a44f7ff3ac39a795582a409fa532,2021-06,Lancashire Constabulary,Lancashire Constabulary,-2.391169,53.749207,On or near Clayton Street,E01025075,Hyndburn 007B,Violence and sexual offences,Investigation complete; no suspect identified,
8c6fac875398bbc47567d372a494d63c08bbe3bcf63855069bee9360203daf91,2021-06,Lancashire Constabulary,Lancashire Constabulary,-2.393480,53.744957,On or near Parking Area,E01025075,Hyndburn 007B,Violence and sexual offences,Unable to prosecute suspect,
dbe3a2b775ce18da04c9ae2b9cd02e4f08603963a492eb5319cb9429dc71f8a7,2021-06,Lancashire Constabulary,Lancashire Constabulary,-2.392968,53.746972,On or near Backhouse Street,E01025075,Hyndburn 007B,Violence and sexual offences,Unable to prosecute suspect,
3f61984b3066c4ab48090919e2ee83f01c5d83431ec02bd4a30cec4aa200df33,2021-06,Lancashire Constabulary,Lancashire Constabulary,-2.391397,53.747561,On or near Queen Street,E01025075,Hyndburn 007B,Violence and sexual offences,Investigation complete; no suspect identified,
bc15619e951e6d51760959085f0c2fd309809da0b607a03e55f2760594465406,2021-06,Lancashire Constabulary,Lancashire Constabulary,-2.394027,53.746654,On or near Albert Street,E01025075,Hyndburn 007B,Violence and sexual offences,Investigation complete; no suspect identified,
,2021-06,Lancashire Constabulary,Lancashire Constabulary,-2.391137,53.742430,On or near Hornby Street,E01025076,Hyndburn 007C,Anti-social behaviour,,
,2021-06,Lancashire Constabulary,Lancashire Constabulary,-2.399043,53.743141,On or near James Street,E01025076,Hyndburn 007C,Anti-social behaviour,,
,2021-06,Lancashire Constabulary,Lancashire Constabulary,-2.396817,53.743418,On or near Garden Street,E01025076,Hyndburn 007C,Anti-social behaviour,,
,2021-06,Lancashire Constabulary,Lancashire Constabulary,-2.394602,53.744980,On or near Dale Street,E01025076,Hyndburn 007C,Anti-social behaviour,,
,2021-06,Lancashire Constabulary,Lancashire Constabulary,-2.396817,53.743418,On or near Garden Street,E01025076,Hyndburn 007C,Anti-social behaviour,,
1c82a0185262b44fdf824b8f8f3c186e59735292eb0854dff5050252b1cabe01,2021-06,Lancashire Constabulary,Lancashire Constabulary,-2.398158,53.742533,On or near Supermarket,E01025076,Hyndburn 007C,Burglary,Investigation complete; no suspect identified,
36b8f0dd38d3e2608ad6002c3bf8ed46a14de02ab2e2894edd6159d73ef190b5,2021-06,Lancashire Constabulary,Lancashire Constabulary,-2.398158,53.742533,On or near Supermarket,E01025076,Hyndburn 007C,Criminal damage and arson,Further investigation is not in the public interest,
4b07543b093b1de7f860ad4383a78437a86239526b34a9213b669dc4317b7ddc,2021-06,Lancashire Constabulary,Lancashire Constabulary,-2.396817,53.743418,On or near Garden Street,E01025076,Hyndburn 007C,Criminal damage and arson,Investigation complete; no suspect identified,
1cc5ace1e5270f0344710d40d28b59aec8939e7aedec66bc7c8cac829158cf93,2021-06,Lancashire Constabulary,Lancashire Constabulary,-2.398729,53.743609,On or near Cross Street,E01025076,Hyndburn 007C,Public order,Status update unavailable,
994771fa4028a9a61ea4815894f595ca398f7ea846dc9ba827b52ee6f445c29a,2021-06,Lancashire Constabulary,Lancashire Constabulary,-2.396817,53.743418,On or near Garden Street,E01025076,Hyndburn 007C,Robbery,Investigation complete; no suspect identified,
9a53f81c94f2ad293989622f48d80563e47c55a4e97201e69c66536d8687f047,2021-06,Lancashire Constabulary,Lancashire Constabulary,-2.396817,53.743418,On or near Garden Street,E01025076,Hyndburn 007C,Shoplifting,Unable to prosecute suspect,
fb3fb9fe4145ef261a825257c37381ac55bc975b45d2f80c872b25bcc6f20194,2021-06,Lancashire Constabulary,Lancashire Constabulary,-2.398158,53.742533,On or near Supermarket,E01025076,Hyndburn 007C,Shoplifting,Investigation complete; no suspect identified,
0cff2b53ea42c7a7941ba9cf6b37764baa4d0a8322ab4b6ee1ea5194a9643f6c,2021-06,Lancashire Constabulary,Lancashire Constabulary,-2.398158,53.742533,On or near Supermarket,E01025076,Hyndburn 007C,Violence and sexual offences,Further investigation is not in the public interest,
986cf58103e0ffbbfaead824041be130ef84f74206cf6b725d3eaa6dd8f6b7cb,2021-06,Lancashire Constabulary,Lancashire Constabulary,-2.400889,53.742811,On or near The Cooperage,E01025076,Hyndburn 007C,Violence and sexual offences,Unable to prosecute suspect,
87f3666642dd28a682d11381eaa91e122076c5e02dbe48d3c311521340529318,2021-06,Lancashire Constabulary,Lancashire Constabulary,-2.398158,53.742533,On or near Supermarket,E01025076,Hyndburn 007C,Violence and sexual offences,Further investigation is not in the public interest,
14d132c39706a0f1d635092b7a7245c169da956463d9070470b78cf843819877,2021-06,Lancashire Constabulary,Lancashire Constabulary,-2.398158,53.742533,On or near Supermarket,E01025076,Hyndburn 007C,Violence and sexual offences,Unable to prosecute suspect,
06ea5b84b4b539bf9ee3fe0cb6271ead5b8ab9c4d34551b82da3eb878f993d85,2021-06,Lancashire Constabulary,Lancashire Constabulary,-2.394602,53.744980,On or near Dale Street,E01025076,Hyndburn 007C,Violence and sexual offences,Unable to prosecute suspect,
,2021-06,Lancashire Constabulary,Lancashire Constabulary,-2.404516,53.749414,On or near Browning Avenue,E01025077,Hyndburn 007D,Anti-social behaviour,,
656c76809a9c914841a19b555e22a81b384fa6c64b220343a1f4dcda5b691fed,2021-06,Lancashire Constabulary,Lancashire Constabulary,-2.394579,53.745699,On or near Monarch Street,E01025077,Hyndburn 007D,Criminal damage and arson,Unable to prosecute suspect,
59fd0b1b71a6e8b51fb2f1fe1e2613c3805b00d5ac1955d9e7910bc10e7d8164,2021-06,Lancashire Constabulary,Lancashire Constabulary,-2.404998,53.745907,On or near Wordsworth Close,E01025077,Hyndburn 007D,Criminal damage and arson,Investigation complete; no suspect identified,
91bad8121b69151b72e6fc8c9ea5b9bab211aae35a3ac574ec76683cb8bef8ca,2021-06,Lancashire Constabulary,Lancashire Constabulary,-2.404200,53.741775,On or near Ward Avenue,E01025077,Hyndburn 007D,Criminal damage and arson,Investigation complete; no suspect identified,
5b2bd4ad6a1473f0df3e218553d6064d6416a95b9ed58b2ffec422d4d483ea4c,2021-06,Lancashire Constabulary,Lancashire Constabulary,-2.402623,53.741718,On or near Smithy Bridge Street,E01025077,Hyndburn 007D,Public order,Court result unavailable,
3a3dffa1d7c0cd6e68c1e16836e6d6e5bed246aeb819bf47cbb4c92405393381,2021-06,Lancashire Constabulary,Lancashire Constabulary,-2.404516,53.749414,On or near Browning Avenue,E01025077,Hyndburn 007D,Vehicle crime,Investigation complete; no suspect identified,
3cec1423170f8a85fbdf9126e7ee480fa255357641d911add0f3c4f63da380c4,2021-06,Lancashire Constabulary,Lancashire Constabulary,-2.394395,53.747174,On or near West View,E01025077,Hyndburn 007D,Violence and sexual offences,Unable to prosecute suspect,
7c789be40472817aaeaab36cf1737d051743c9a71b4f6dcb9a00f3bf6b97e89e,2021-06,Lancashire Constabulary,Lancashire Constabulary,-2.394579,53.745699,On or near Monarch Street,E01025077,Hyndburn 007D,Violence and sexual offences,Court result unavailable,
17b0e2f15980b554741bc36b6236fea6982777a6eed1cadbd604da23b2f619fe,2021-06,Lancashire Constabulary,Lancashire Constabulary,-2.405337,53.741772,On or near Stanhill Lane,E01025077,Hyndburn 007D,Violence and sexual offences,Investigation complete; no suspect identified,
323791bc0e57c055c2146450ab4c42ab9892f070d680260fb2c9f20973e6480f,2021-06,Lancashire Constabulary,Lancashire Constabulary,-2.405337,53.741772,On or near Stanhill Lane,E01025077,Hyndburn 007D,Violence and sexual offences,Unable to prosecute suspect,
,2021-06,Lancashire Constabulary,Lancashire Constabulary,-2.408605,53.747297,On or near Dorchester Avenue,E01025078,Hyndburn 007E,Anti-social behaviour,,
,2021-06,Lancashire Constabulary,Lancashire Constabulary,-2.350589,53.752802,On or near Aysgarth Drive,E01025035,Hyndburn 008A,Anti-social behaviour,,
,2021-06,Lancashire Constabulary,Lancashire Constabulary,-2.357653,53.748862,On or near Broad Oak Road,E01025035,Hyndburn 008A,Anti-social behaviour,,
,2021-06,Lancashire Constabulary,Lancashire Constabulary,-2.359367,53.750610,On or near Chapel Street,E01025035,Hyndburn 008A,Anti-social behaviour,,
,2021-06,Lancashire Constabulary,Lancashire Constabulary,-2.356925,53.752406,On or near Plantation Street,E01025035,Hyndburn 008A,Anti-social behaviour,,
,2021-06,Lancashire Constabulary,Lancashire Constabulary,-2.356925,53.752406,On or near Plantation Street,E01025035,Hyndburn 008A,Anti-social behaviour,,
2438f32b0c489438bf0d3de7187ccedc634319bab1f22a1cfea8bc02492586e8,2021-06,Lancashire Constabulary,Lancashire Constabulary,-2.350038,53.752210,On or near Askrigg Close,E01025035,Hyndburn 008A,Criminal damage and arson,Investigation complete; no suspect identified,
a021f76480bea769cc086261f83cab335cb032e44ccb6209e61252451cac5765,2021-06,Lancashire Constabulary,Lancashire Constabulary,-2.360523,53.751029,On or near Petrol Station,E01025035,Hyndburn 008A,Other theft,Status update unavailable,
6853227eb8e499d6449edf82c78e30675b60060c0ca175c076e92fe4cfb06498,2021-06,Lancashire Constabulary,Lancashire Constabulary,-2.360523,53.751029,On or near Petrol Station,E01025035,Hyndburn 008A,Other theft,Status update unavailable,
25486e821e7f7b508e2470066fe057d3b791ce88463a91f74111fb6aeba9de92,2021-06,Lancashire Constabulary,Lancashire Constabulary,-2.360523,53.751029,On or near Petrol Station,E01025035,Hyndburn 008A,Shoplifting,Court result unavailable,
64aa6149cce2b4592b047cd1f1333d154379ba102de15596b21776cf82a72b07,2021-06,Lancashire Constabulary,Lancashire Constabulary,-2.360523,53.751029,On or near Petrol Station,E01025035,Hyndburn 008A,Shoplifting,Status update unavailable,
c8205e7e4b37da6d5d86930bcd1caadc8a89c5fd9c8a6675adf60d705dad038f,2021-06,Lancashire Constabulary,Lancashire Constabulary,-2.360523,53.751029,On or near Petrol Station,E01025035,Hyndburn 008A,Shoplifting,Formal action is not in the public interest,
4911d17b8fdabdbe2bedbfc920b22432dd34a1cb735f9dc0ca3ddbf91d2edaeb,2021-06,Lancashire Constabulary,Lancashire Constabulary,-2.360523,53.751029,On or near Petrol Station,E01025035,Hyndburn 008A,Shoplifting,Court result unavailable,
29115cc6ba758bab896fd92d74c08f50558007be926fb12c81abd723680791c0,2021-06,Lancashire Constabulary,Lancashire Constabulary,-2.360523,53.751029,On or near Petrol Station,E01025035,Hyndburn 008A,Shoplifting,Court result unavailable,
a02d4b88cfd9f5a22f90ea3e1b95ff4a6713e7008cefb9b9b3110c13c4dd8b65,2021-06,Lancashire Constabulary,Lancashire Constabulary,-2.353027,53.748705,On or near Sports/Recreation Area,E01025035,Hyndburn 008A,Vehicle crime,Investigation complete; no suspect identified,
88bf17eaf0564a43d356a51f5af47197fd0ea2b94e3e8f6a6cabc56a85e8c74b,2021-06,Lancashire Constabulary,Lancashire Constabulary,-2.360523,53.751029,On or near Petrol Station,E01025035,Hyndburn 008A,Violence and sexual offences,Court result unavailable,
284c09da0e582d20f61ce3e040b24eb8b0b64267cbef60a68ed939f55c8deafb,2021-06,Lancashire Constabulary,Lancashire Constabulary,-2.356925,53.752406,On or near Plantation Street,E01025035,Hyndburn 008A,Violence and sexual offences,Status update unavailable,
,2021-06,Lancashire Constabulary,Lancashire Constabulary,-2.365699,53.753305,On or near Broadway,E01025036,Hyndburn 008B,Anti-social behaviour,,
,2021-06,Lancashire Constabulary,Lancashire Constabulary,-2.365341,53.752299,On or near Holme Street,E01025036,Hyndburn 008B,Anti-social behaviour,,
,2021-06,Lancashire Constabulary,Lancashire Constabulary,-2.366968,53.752834,On or near Willow Street,E01025036,Hyndburn 008B,Anti-social behaviour,,
,2021-06,Lancashire Constabulary,Lancashire Constabulary,-2.364701,53.753695,On or near Shopping Area,E01025036,Hyndburn 008B,Anti-social behaviour,,
,2021-06,Lancashire Constabulary,Lancashire Constabulary,-2.363124,53.751929,On or near Warner Street,E01025036,Hyndburn 008B,Anti-social behaviour,,
,2021-06,Lancashire Constabulary,Lancashire Constabulary,-2.366968,53.752834,On or near Willow Street,E01025036,Hyndburn 008B,Anti-social behaviour,,
,2021-06,Lancashire Constabulary,Lancashire Constabulary,-2.361894,53.748283,On or near South Street,E01025036,Hyndburn 008B,Anti-social behaviour,,
,2021-06,Lancashire Constabulary,Lancashire Constabulary,-2.361894,53.748283,On or near South Street,E01025036,Hyndburn 008B,Anti-social behaviour,,
,2021-06,Lancashire Constabulary,Lancashire Constabulary,-2.364701,53.753695,On or near Shopping Area,E01025036,Hyndburn 008B,Anti-social behaviour,,
,2021-06,Lancashire Constabulary,Lancashire Constabulary,-2.361629,53.749129,On or near Parking Area,E01025036,Hyndburn 008B,Anti-social behaviour,,
,2021-06,Lancashire Constabulary,Lancashire Constabulary,-2.364701,53.753695,On or near Shopping Area,E01025036,Hyndburn 008B,Anti-social behaviour,,
,2021-06,Lancashire Constabulary,Lancashire Constabulary,-2.362547,53.753692,On or near Supermarket,E01025036,Hyndburn 008B,Anti-social behaviour,,
,2021-06,Lancashire Constabulary,Lancashire Constabulary,-2.363373,53.752746,On or near Bridge Street,E01025036,Hyndburn 008B,Anti-social behaviour,,
,2021-06,Lancashire Constabulary,Lancashire Constabulary,-2.366961,53.753715,On or near Parking Area,E01025036,Hyndburn 008B,Anti-social behaviour,,
,2021-06,Lancashire Constabulary,Lancashire Constabulary,-2.365699,53.753305,On or near Broadway,E01025036,Hyndburn 008B,Anti-social behaviour,,
,2021-06,Lancashire Constabulary,Lancashire Constabulary,-2.364577,53.748140,On or near Edmund Street,E01025036,Hyndburn 008B,Anti-social behaviour,,
,2021-06,Lancashire Constabulary,Lancashire Constabulary,-2.365341,53.752299,On or near Holme Street,E01025036,Hyndburn 008B,Anti-social behaviour,,
,2021-06,Lancashire Constabulary,Lancashire Constabulary,-2.359635,53.750124,On or near Adelaide Lane,E01025036,Hyndburn 008B,Anti-social behaviour,,
,2021-06,Lancashire Constabulary,Lancashire Constabulary,-2.366968,53.752834,On or near Willow Street,E01025036,Hyndburn 008B,Anti-social behaviour,,
,2021-06,Lancashire Constabulary,Lancashire Constabulary,-2.366968,53.752834,On or near Willow Street,E01025036,Hyndburn 008B,Anti-social behaviour,,
,2021-06,Lancashire Constabulary,Lancashire Constabulary,-2.359635,53.750124,On or near Adelaide Lane,E01025036,Hyndburn 008B,Anti-social behaviour,,
,2021-06,Lancashire Constabulary,Lancashire Constabulary,-2.363669,53.748296,On or near Nuttall Street,E01025036,Hyndburn 008B,Anti-social behaviour,,
,2021-06,Lancashire Constabulary,Lancashire Constabulary,-2.366968,53.752834,On or near Willow Street,E01025036,Hyndburn 008B,Anti-social behaviour,,
,2021-06,Lancashire Constabulary,Lancashire Constabulary,-2.366968,53.752834,On or near Willow Street,E01025036,Hyndburn 008B,Anti-social behaviour,,
,2021-06,Lancashire Constabulary,Lancashire Constabulary,-2.364577,53.748140,On or near Edmund Street,E01025036,Hyndburn 008B,Anti-social behaviour,,
,2021-06,Lancashire Constabulary,Lancashire Constabulary,-2.366968,53.752834,On or near Willow Street,E01025036,Hyndburn 008B,Anti-social behaviour,,
,2021-06,Lancashire Constabulary,Lancashire Constabulary,-2.365376,53.751041,On or near Parking Area,E01025036,Hyndburn 008B,Anti-social behaviour,,
,2021-06,Lancashire Constabulary,Lancashire Constabulary,-2.364925,53.749802,On or near Grange Street,E01025036,Hyndburn 008B,Anti-social behaviour,,
,2021-06,Lancashire Constabulary,Lancashire Constabulary,-2.366968,53.752834,On or near Willow Street,E01025036,Hyndburn 008B,Anti-social behaviour,,
,2021-06,Lancashire Constabulary,Lancashire Constabulary,-2.365621,53.749647,On or near Cotton Street,E01025036,Hyndburn 008B,Anti-social behaviour,,
,2021-06,Lancashire Constabulary,Lancashire Constabulary,-2.365376,53.751041,On or near Parking Area,E01025036,Hyndburn 008B,Anti-social behaviour,,
,2021-06,Lancashire Constabulary,Lancashire Constabulary,-2.364701,53.753695,On or near Shopping Area,E01025036,Hyndburn 008B,Anti-social behaviour,,
2c15864c00b2301801ab30ad2bc294dec68176d068cd0efa6c98b24aecf42c68,2021-06,Lancashire Constabulary,Lancashire Constabulary,-2.363834,53.751621,On or near Croos Street,E01025036,Hyndburn 008B,Burglary,Investigation complete; no suspect identified,
a7f147b8dbf5cca70c4f46eb3b87136c44957c93706a58ab66cdd449a68ed2c5,2021-06,Lancashire Constabulary,Lancashire Constabulary,-2.365238,53.752623,On or near Dutton Street,E01025036,Hyndburn 008B,Burglary,Status update unavailable,
0c755767065cf43dc6f224164807dc95ad7ce595793831fe94d64219267acca3,2021-06,Lancashire Constabulary,Lancashire Constabulary,-2.364577,53.748140,On or near Edmund Street,E01025036,Hyndburn 008B,Burglary,Investigation complete; no suspect identified,
895671c943013bcab31ea85771cbc8d9824fcef811146d0b1afed0f9703d3742,2021-06,Lancashire Constabulary,Lancashire Constabulary,-2.360958,53.748708,On or near Russell Street,E01025036,Hyndburn 008B,Burglary,Status update unavailable,
0881de855d9ed48c139d9b8274335c5702ba547905fcc55a8ef4647d7c3316ca,2021-06,Lancashire Constabulary,Lancashire Constabulary,-2.363373,53.752746,On or near Bridge Street,E01025036,Hyndburn 008B,Criminal damage and arson,Unable to prosecute suspect,
56b3c01de3312bf1d5a796d65f93fd91e365d476f83bba9c6eb650d408da136c,2021-06,Lancashire Constabulary,Lancashire Constabulary,-2.363669,53.748296,On or near Nuttall Street,E01025036,Hyndburn 008B,Criminal damage and arson,Offender given a caution,
c86f4651a741a50d085e344491b0910f349d301be988990233428b95eb7d5365,2021-06,Lancashire Constabulary,Lancashire Constabulary,-2.364701,53.753695,On or near Shopping Area,E01025036,Hyndburn 008B,Criminal damage and arson,Action to be taken by another organisation,
bc6792809752e9aba6a7350ed5b645454bc8f34f8bb558e2d860d6a5ecbbe6c6,2021-06,Lancashire Constabulary,Lancashire Constabulary,-2.364701,53.753695,On or near Shopping Area,E01025036,Hyndburn 008B,Criminal damage and arson,Action to be taken by another organisation,
8f4f949f8b3693b4ed65d2d8c52b795e2b7581e25bb7df1d7e75c8f8448f9df3,2021-06,Lancashire Constabulary,Lancashire Constabulary,-2.363471,53.749941,On or near Parking Area,E01025036,Hyndburn 008B,Criminal damage and arson,Investigation complete; no suspect identified,
1b88395b4fc676f0d9a7fdc07c4d7cf5ed980ed20061194df05f5d32512a7406,2021-06,Lancashire Constabulary,Lancashire Constabulary,-2.363471,53.749941,On or near Parking Area,E01025036,Hyndburn 008B,Criminal damage and arson,Status update unavailable,
58179fd14497e0973b5db4c3ad08a1bbf0d13e68070c8a674ea75d75e166f587,2021-06,Lancashire Constabulary,Lancashire Constabulary,-2.361629,53.749129,On or near Parking Area,E01025036,Hyndburn 008B,Criminal damage and arson,Unable to prosecute suspect,
d55d715f24e177666e3606747489faba82d54e7dae7b24e4f7aa1ad47ff54173,2021-06,Lancashire Constabulary,Lancashire Constabulary,-2.360958,53.748708,On or near Russell Street,E01025036,Hyndburn 008B,Criminal damage and arson,Investigation complete; no suspect identified,
2428cc808f9da5df15b634a5bc211717879196459e51bd61c4430090c350352e,2021-06,Lancashire Constabulary,Lancashire Constabulary,-2.363562,53.753464,On or near Peel Street,E01025036,Hyndburn 008B,Criminal damage and arson,Status update unavailable,
291ade1c1c09414191ab8b8377e68d660fbf72ddc72c6c850f4debae81f6df5b,2021-06,Lancashire Constabulary,Lancashire Constabulary,-2.364577,53.748140,On or near Edmund Street,E01025036,Hyndburn 008B,Criminal damage and arson,Investigation complete; no suspect identified,
bcb6fdbfb0e058a0a372f0872fd009b32c6a66b7185b481fdd584b6e3c597486,2021-06,Lancashire Constabulary,Lancashire Constabulary,-2.363669,53.748296,On or near Nuttall Street,E01025036,Hyndburn 008B,Other theft,Unable to prosecute suspect,
984a8ff115a7327da68e2b5e65719a25cc8f34792f840f5a1799f9089e578376,2021-06,Lancashire Constabulary,Lancashire Constabulary,-2.364701,53.753695,On or near Shopping Area,E01025036,Hyndburn 008B,Other theft,Court result unavailable,
589fb99616be808ffdda7c6e5f90f44193b67c7e80cd3e33c58655b61684aec4,2021-06,Lancashire Constabulary,Lancashire Constabulary,-2.363471,53.749941,On or near Parking Area,E01025036,Hyndburn 008B,Other theft,Investigation complete; no suspect identified,
7513d914c4f6c961986a8bab239ab45438f15296710f0a990b9c59cb889e4ef2,2021-06,Lancashire Constabulary,Lancashire Constabulary,-2.364267,53.749148,On or near Nelson Street,E01025036,Hyndburn 008B,Other theft,Investigation complete; no suspect identified,
0a05a4f93a9ccc136ddf01e58c0448df897b9d134de046e839f9fd05e1ff9fe4,2021-06,Lancashire Constabulary,Lancashire Constabulary,-2.364701,53.753695,On or near Shopping Area,E01025036,Hyndburn 008B,Other theft,Investigation complete; no suspect identified,
867295c2c80326985a76d144cc40260ffe06460c6e106ccd39160ce49057c999,2021-06,Lancashire Constabulary,Lancashire Constabulary,-2.364964,53.749083,On or near Napier Street,E01025036,Hyndburn 008B,Public order,Further investigation is not in the public interest,
820f4fe78375d95bdbd8ef89ac93379732cf55a344d51113d5be3e00c94cb9dd,2021-06,Lancashire Constabulary,Lancashire Constabulary,-2.364701,53.753695,On or near Shopping Area,E01025036,Hyndburn 008B,Public order,Court result unavailable,
050a752fe2655c7ecb3fdbcd400e1aa56ca7a5e0699363e382ab89502beaf189,2021-06,Lancashire Constabulary,Lancashire Constabulary,-2.366968,53.752834,On or near Willow Street,E01025036,Hyndburn 008B,Public order,Status update unavailable,
34e5283db1124618ade679a69df270b3ad4748f5e113d7e07d68e5317976201a,2021-06,Lancashire Constabulary,Lancashire Constabulary,-2.364701,53.753695,On or near Shopping Area,E01025036,Hyndburn 008B,Public order,Status update unavailable,
7feee8d6e20f7107eb63cc367c15808a9344debc53fd09b38721f26ed18db0c2,2021-06,Lancashire Constabulary,Lancashire Constabulary,-2.365243,53.753261,On or near Theatre/Concert Hall,E01025036,Hyndburn 008B,Public order,Unable to prosecute suspect,
533df02eef343c3cace7adddfc07942304571dd8cb7ba4d53365ed9846fa00a0,2021-06,Lancashire Constabulary,Lancashire Constabulary,-2.365591,53.754878,On or near Supermarket,E01025036,Hyndburn 008B,Public order,Status update unavailable,
153fc678c712b9dec1df7d35e41f9f4fc66013691e480ba60200739bfacddf1e,2021-06,Lancashire Constabulary,Lancashire Constabulary,-2.365621,53.749647,On or near Cotton Street,E01025036,Hyndburn 008B,Public order,Unable to prosecute suspect,
23ef43837d050daa70ad078e4a88659c624dab0aa74ac029d9988aaa6e26c49d,2021-06,Lancashire Constabulary,Lancashire Constabulary,-2.366968,53.752834,On or near Willow Street,E01025036,Hyndburn 008B,Public order,Status update unavailable,
f45c355fa086da0bb8cc1e3844c0b4b7e0b5d060ba614eb26127a82572b1ab05,2021-06,Lancashire Constabulary,Lancashire Constabulary,-2.365591,53.754878,On or near Supermarket,E01025036,Hyndburn 008B,Shoplifting,Investigation complete; no suspect identified,
8e18a26010df3cb1adbe757f115169658dc2ff15096f26f0e52c3b752f91b366,2021-06,Lancashire Constabulary,Lancashire Constabulary,-2.365591,53.754878,On or near Supermarket,E01025036,Hyndburn 008B,Shoplifting,Status update unavailable,
3c0b53a7b4699eb89efc2d38b1bdafdf85b1630eaebf52f5c3f55978fdd0abb0,2021-06,Lancashire Constabulary,Lancashire Constabulary,-2.364701,53.753695,On or near Shopping Area,E01025036,Hyndburn 008B,Shoplifting,Offender given penalty notice,
a0054f9849c1e51791e1d9d645098cc59dfea1ec657b4b43118a0c75f0fa0c56,2021-06,Lancashire Constabulary,Lancashire Constabulary,-2.364701,53.753695,On or near Shopping Area,E01025036,Hyndburn 008B,Shoplifting,Status update unavailable,
681993852a847f7daf1ac09ce9d6efa9adc4c08bdbe2c961ebae7209b83468a3,2021-06,Lancashire Constabulary,Lancashire Constabulary,-2.365591,53.754878,On or near Supermarket,E01025036,Hyndburn 008B,Shoplifting,Court result unavailable,
dac529add77e3220fd4f5874011a542cdd8b108c1f45fe7b91fc5df758379f41,2021-06,Lancashire Constabulary,Lancashire Constabulary,-2.363669,53.748296,On or near Nuttall Street,E01025036,Hyndburn 008B,Vehicle crime,Investigation complete; no suspect identified,
2f820e7a8c5b738389dc6c578769f9de113841f69fc3662cfbe77064bd37d148,2021-06,Lancashire Constabulary,Lancashire Constabulary,-2.365621,53.749647,On or near Cotton Street,E01025036,Hyndburn 008B,Violence and sexual offences,Court result unavailable,
a9884a51c53dc91103961c880e0632a65a8f3c37ac60ac6472d36429618c6e91,2021-06,Lancashire Constabulary,Lancashire Constabulary,-2.364577,53.748140,On or near Edmund Street,E01025036,Hyndburn 008B,Violence and sexual offences,Status update unavailable,
1f91afb04e7e22f8ca53414794accc25774d8dd532a90e032d4c888b1e4f5146,2021-06,Lancashire Constabulary,Lancashire Constabulary,-2.358836,53.750584,On or near Quarry Street,E01025036,Hyndburn 008B,Violence and sexual offences,Unable to prosecute suspect,
c47e523982cc8247990cb023841173255ec561fa0c64e474cdd251639ad61557,2021-06,Lancashire Constabulary,Lancashire Constabulary,-2.361629,53.749129,On or near Parking Area,E01025036,Hyndburn 008B,Violence and sexual offences,Unable to prosecute suspect,
ca75d3c009b0c37bcf79f689f988457e8d11708a2c9c2e1e6135816b4f01163d,2021-06,Lancashire Constabulary,Lancashire Constabulary,-2.365699,53.753305,On or near Broadway,E01025036,Hyndburn 008B,Violence and sexual offences,Investigation complete; no suspect identified,
ca8895d11ed9595d97242aa8de55d9812efa9bf08b631019f445d6dee963972a,2021-06,Lancashire Constabulary,Lancashire Constabulary,-2.363105,53.748001,On or near Clement Street,E01025036,Hyndburn 008B,Violence and sexual offences,Unable to prosecute suspect,
24e6c1b17e39ae8fcaef86bcdb3705d57bd8fb7c731190e79fc099a1b932f142,2021-06,Lancashire Constabulary,Lancashire Constabulary,-2.366968,53.752834,On or near Willow Street,E01025036,Hyndburn 008B,Violence and sexual offences,Investigation complete; no suspect identified,
8175c9299a87cf133951a000c89aa3795ceb0369f8e390277f3a52f2df1f061d,2021-06,Lancashire Constabulary,Lancashire Constabulary,-2.365699,53.753305,On or near Broadway,E01025036,Hyndburn 008B,Violence and sexual offences,Unable to prosecute suspect,
96748d82e1d04e03daf1b51aec24860ab15aa1faf5c8691ab8df4a365ceba43c,2021-06,Lancashire Constabulary,Lancashire Constabulary,-2.363124,53.751929,On or near Warner Street,E01025036,Hyndburn 008B,Violence and sexual offences,Investigation complete; no suspect identified,
272fb39b296e63da7a47581cba959924b9f5c069d99e7c322841bcfcd1108104,2021-06,Lancashire Constabulary,Lancashire Constabulary,-2.358836,53.750584,On or near Quarry Street,E01025036,Hyndburn 008B,Violence and sexual offences,Unable to prosecute suspect,
359a5dea7532959d006d475824ee1128449dc9a9ea4c6bbc7d1be78ed84fbc34,2021-06,Lancashire Constabulary,Lancashire Constabulary,-2.366968,53.752834,On or near Willow Street,E01025036,Hyndburn 008B,Violence and sexual offences,Investigation complete; no suspect identified,
b517cbc31b99565e7516c99b417c8218a9a9c96d8eb8f1d8388d60c98866db18,2021-06,Lancashire Constabulary,Lancashire Constabulary,-2.365621,53.749647,On or near Cotton Street,E01025036,Hyndburn 008B,Violence and sexual offences,Unable to prosecute suspect,
417597b7563d98210c9ab6d5c02fa3b2e1049f3dfafa38cd458a2813801bfb2f,2021-06,Lancashire Constabulary,Lancashire Constabulary,-2.363373,53.752746,On or near Bridge Street,E01025036,Hyndburn 008B,Violence and sexual offences,Unable to prosecute suspect,
5f02a2d6951166a16133386d380fcd3cfdffe819bb248484f7d55ad70e8ecdb3,2021-06,Lancashire Constabulary,Lancashire Constabulary,-2.366731,53.751657,On or near St James' Street,E01025036,Hyndburn 008B,Violence and sexual offences,Action to be taken by another organisation,
365be3ee32b23137c17b1b2fedbfb6341e6a2e69823a3011ce0f07c145502097,2021-06,Lancashire Constabulary,Lancashire Constabulary,-2.366961,53.753715,On or near Parking Area,E01025036,Hyndburn 008B,Violence and sexual offences,Unable to prosecute suspect,
4dfc6e29fdb3931ca5d09c3d6c5e798fb2598bf6ac6334f3d780e3f04400cbe1,2021-06,Lancashire Constabulary,Lancashire Constabulary,-2.365621,53.749647,On or near Cotton Street,E01025036,Hyndburn 008B,Violence and sexual offences,Unable to prosecute suspect,
bddd66869685d48d106bcbbcd55edb72a61aa790b7d3b3d1fa61a7f3c6fec350,2021-06,Lancashire Constabulary,Lancashire Constabulary,-2.365699,53.753305,On or near Broadway,E01025036,Hyndburn 008B,Violence and sexual offences,Unable to prosecute suspect,
666e6e134892fdb8b45bc733269c279531a841cc4e3fd1afbfe71ee2789195ec,2021-06,Lancashire Constabulary,Lancashire Constabulary,-2.365621,53.749647,On or near Cotton Street,E01025036,Hyndburn 008B,Violence and sexual offences,Unable to prosecute suspect,
644a80c7841b18c24606e3993e519ad8c4394684581eb5294b8f6e089a8292c1,2021-06,Lancashire Constabulary,Lancashire Constabulary,-2.363373,53.752746,On or near Bridge Street,E01025036,Hyndburn 008B,Violence and sexual offences,Unable to prosecute suspect,
46146f429fba220c85c3aec9a0a887d18108dc7af82aaa74b657d1607abae42a,2021-06,Lancashire Constabulary,Lancashire Constabulary,-2.364577,53.748140,On or near Edmund Street,E01025036,Hyndburn 008B,Violence and sexual offences,Unable to prosecute suspect,
ed4a222d297da929267f373d6f9a7c08674ce2f731063bc7eb3fa8e25c219943,2021-06,Lancashire Constabulary,Lancashire Constabulary,-2.364577,53.748140,On or near Edmund Street,E01025036,Hyndburn 008B,Violence and sexual offences,Unable to prosecute suspect,
904a5901941995250ec4af571cde86425ba8c68a498db8c6ee1b7a85d4faf27a,2021-06,Lancashire Constabulary,Lancashire Constabulary,-2.363373,53.752746,On or near Bridge Street,E01025036,Hyndburn 008B,Violence and sexual offences,Unable to prosecute suspect,
8c3d3102ce2702aa6ca9269d21919fe94be7a395684ad0e3123c20491d46e5ae,2021-06,Lancashire Constabulary,Lancashire Constabulary,-2.366968,53.752834,On or near Willow Street,E01025036,Hyndburn 008B,Violence and sexual offences,Investigation complete; no suspect identified,
ef7c65a4313549d55ab306da04764dca5fa28b71b6ca9709db77b6b57007bc81,2021-06,Lancashire Constabulary,Lancashire Constabulary,-2.364964,53.749083,On or near Napier Street,E01025036,Hyndburn 008B,Violence and sexual offences,Status update unavailable,
5eee27ebedede79064edd167692c5573cca9d4ce5700c46c0d62f87a97955fdb,2021-06,Lancashire Constabulary,Lancashire Constabulary,-2.366968,53.752834,On or near Willow Street,E01025036,Hyndburn 008B,Violence and sexual offences,Unable to prosecute suspect,
1dd9a5ddab0dd4b0d68a2d913f0b8fac847d3a061a86a96affef91f3eddbf8ff,2021-06,Lancashire Constabulary,Lancashire Constabulary,-2.366968,53.752834,On or near Willow Street,E01025036,Hyndburn 008B,Violence and sexual offences,Status update unavailable,
a2ed2565a1628e2e1df53e07e63c6bfd9dcb8e3f44fc746d4a51dbbc7d7b1fea,2021-06,Lancashire Constabulary,Lancashire Constabulary,-2.362547,53.753692,On or near Supermarket,E01025036,Hyndburn 008B,Violence and sexual offences,Unable to prosecute suspect,
ecff9a8220339399218c0f3b5b7d7a75c81ba99c0f8a1d97bd95a85d738cb44e,2021-06,Lancashire Constabulary,Lancashire Constabulary,-2.361629,53.749129,On or near Parking Area,E01025036,Hyndburn 008B,Violence and sexual offences,Unable to prosecute suspect,
c3d5bbc5c32569a235635c697cb974b75ce3af69a7e7d5ebfd14d994114ab7fa,2021-06,Lancashire Constabulary,Lancashire Constabulary,-2.361894,53.748283,On or near South Street,E01025036,Hyndburn 008B,Violence and sexual offences,Unable to prosecute suspect,
f769e2b9305ae72c28dded5c690ddc14a7d3a59ede6d8b3df2b1b8d7bae0f657,2021-06,Lancashire Constabulary,Lancashire Constabulary,-2.361894,53.748283,On or near South Street,E01025036,Hyndburn 008B,Violence and sexual offences,Court result unavailable,
78f5ed85d35691e19857d2aecbcd50c93fb9323e07994c63fa4965a7bae33a58,2021-06,Lancashire Constabulary,Lancashire Constabulary,-2.364925,53.749802,On or near Grange Street,E01025036,Hyndburn 008B,Violence and sexual offences,Unable to prosecute suspect,
490be7808cd1bbde3f32b350e281bd4675322eb9a2bfa5418a3a52cc036b43cd,2021-06,Lancashire Constabulary,Lancashire Constabulary,-2.364964,53.749083,On or near Napier Street,E01025036,Hyndburn 008B,Violence and sexual offences,Unable to prosecute suspect,
0e61fa524efec6b98ec864205058bcddd4389251fbc8b2d31820a594488d4bda,2021-06,Lancashire Constabulary,Lancashire Constabulary,-2.365699,53.753305,On or near Broadway,E01025036,Hyndburn 008B,Other crime,Unable to prosecute suspect,
a5247fe8ce91ed9289759f73aa5a0a3632924c75929f988233954ac0907ca9d6,2021-06,Lancashire Constabulary,Lancashire Constabulary,-2.363471,53.749941,On or near Parking Area,E01025036,Hyndburn 008B,Other crime,Unable to prosecute suspect,
,2021-06,Lancashire Constabulary,Lancashire Constabulary,-2.364201,53.744996,On or near Rothwell Avenue,E01025037,Hyndburn 008C,Anti-social behaviour,,
,2021-06,Lancashire Constabulary,Lancashire Constabulary,-2.363834,53.746417,On or near Belfield Road,E01025037,Hyndburn 008C,Anti-social behaviour,,
,2021-06,Lancashire Constabulary,Lancashire Constabulary,-2.359623,53.746906,On or near Rough Lee Road,E01025037,Hyndburn 008C,Anti-social behaviour,,
,2021-06,Lancashire Constabulary,Lancashire Constabulary,-2.358740,53.742873,On or near Royds Avenue,E01025037,Hyndburn 008C,Anti-social behaviour,,
,2021-06,Lancashire Constabulary,Lancashire Constabulary,-2.364201,53.744996,On or near Rothwell Avenue,E01025037,Hyndburn 008C,Anti-social behaviour,,
,2021-06,Lancashire Constabulary,Lancashire Constabulary,-2.359394,53.748506,On or near Timber Street,E01025037,Hyndburn 008C,Anti-social behaviour,,
,2021-06,Lancashire Constabulary,Lancashire Constabulary,-2.363834,53.746417,On or near Belfield Road,E01025037,Hyndburn 008C,Anti-social behaviour,,
66e49998cafff2118127a0c1189c05bc8d5edd51ecbd34a718baea2430e2a6b2,2021-06,Lancashire Constabulary,Lancashire Constabulary,-2.361276,53.746964,On or near Lemonius Street,E01025037,Hyndburn 008C,Criminal damage and arson,Investigation complete; no suspect identified,
2bad03a1003a170e279cd6cfa51ea14182572ac9da9c0c9ab16e993db79ec39f,2021-06,Lancashire Constabulary,Lancashire Constabulary,-2.358740,53.742873,On or near Royds Avenue,E01025037,Hyndburn 008C,Criminal damage and arson,Investigation complete; no suspect identified,
c134704c03e0fb2e5d2c9b9ce9ee35db1539c41f710377c199e9e579de6401d0,2021-06,Lancashire Constabulary,Lancashire Constabulary,-2.358594,53.747161,On or near Holly Bank,E01025037,Hyndburn 008C,Other theft,Unable to prosecute suspect,
514c664704a24e164c1a5e4514086d20ec9da776684cd47b57214fd82bbaba5c,2021-06,Lancashire Constabulary,Lancashire Constabulary,-2.358594,53.747161,On or near Holly Bank,E01025037,Hyndburn 008C,Other theft,Investigation complete; no suspect identified,
b373c61189966b95228e9d2e51daa0613e7a95a84c761b08595a15240a686401,2021-06,Lancashire Constabulary,Lancashire Constabulary,-2.357295,53.742383,On or near Granville Road,E01025037,Hyndburn 008C,Public order,Court result unavailable,
b28289c6beeaded2d84dd8f2cbb163fd80b82d7ce1770a52850618983b3916b0,2021-06,Lancashire Constabulary,Lancashire Constabulary,-2.362490,53.747023,On or near Hudson Street,E01025037,Hyndburn 008C,Public order,Unable to prosecute suspect,
be3e3ba091cf26a50508499b6f8399b7d9ca3f1a993786212c16dac497516b24,2021-06,Lancashire Constabulary,Lancashire Constabulary,-2.364201,53.744996,On or near Rothwell Avenue,E01025037,Hyndburn 008C,Theft from the person,Unable to prosecute suspect,
ac9fcbe6e8ad0d00bedafb4e25374e72148fcd696af2413d22901c2ff53517df,2021-06,Lancashire Constabulary,Lancashire Constabulary,-2.364201,53.744996,On or near Rothwell Avenue,E01025037,Hyndburn 008C,Violence and sexual offences,Unable to prosecute suspect,
f7ae74b5f2a94cc74d87c5960e1e6e782b1c4586f98172f0f23a548a1eb64f3d,2021-06,Lancashire Constabulary,Lancashire Constabulary,-2.362602,53.745890,On or near Yorkshire Street,E01025037,Hyndburn 008C,Violence and sexual offences,Unable to prosecute suspect,
14150ca79ce8f9b2c22f64ceeeece5eb24aca6dd061a92ae4c5f9ffe11b8b9cf,2021-06,Lancashire Constabulary,Lancashire Constabulary,-2.362602,53.745890,On or near Yorkshire Street,E01025037,Hyndburn 008C,Violence and sexual offences,Status update unavailable,
a545f11e2a3e6beb724c5aea2ad3fd051734c4ea3d1f375c2e598e6ea114c52e,2021-06,Lancashire Constabulary,Lancashire Constabulary,-2.363834,53.746417,On or near Belfield Road,E01025037,Hyndburn 008C,Violence and sexual offences,Unable to prosecute suspect,
716932341f639fef517a600bf7934b8b531eb4d6fb288ef51ab7fc7b9cc3194d,2021-06,Lancashire Constabulary,Lancashire Constabulary,-2.359394,53.748506,On or near Timber Street,E01025037,Hyndburn 008C,Violence and sexual offences,Court result unavailable,
571d93148247d5b5a52df0c84d8229e72ee8fdb3e558d1e9b1d55278901fac0e,2021-06,Lancashire Constabulary,Lancashire Constabulary,-2.363834,53.746417,On or near Belfield Road,E01025037,Hyndburn 008C,Violence and sexual offences,Unable to prosecute suspect,
9ec0c9f0cb91121e36e6e44e014ee3ffa35a71565b588394eb41256f42704708,2021-06,Lancashire Constabulary,Lancashire Constabulary,-2.363834,53.746417,On or near Belfield Road,E01025037,Hyndburn 008C,Violence and sexual offences,Unable to prosecute suspect,
dbaf1ddab9e35d9a3fc5fa6199e6b07145f413a1ffa7ec71e12fe802b83563a5,2021-06,Lancashire Constabulary,Lancashire Constabulary,-2.362602,53.745890,On or near Yorkshire Street,E01025037,Hyndburn 008C,Violence and sexual offences,Unable to prosecute suspect,
ad500fef2775119452355cbe48b0bb420ffa01b59eee501d9be3e63c052a6bb0,2021-06,Lancashire Constabulary,Lancashire Constabulary,-2.359394,53.748506,On or near Timber Street,E01025037,Hyndburn 008C,Violence and sexual offences,Unable to prosecute suspect,
dfe58a30dc4bf78ef2a45dde61a386fe838302a34c331f8e993c864b3af6942c,2021-06,Lancashire Constabulary,Lancashire Constabulary,-2.349220,53.737625,On or near Ashworth Street,E01025038,Hyndburn 008D,Burglary,Investigation complete; no suspect identified,
f5af8f90b3eaf94389a7e9cc3c34aa4328a90ff3343de7deb6b9428eeb91b1b1,2021-06,Lancashire Constabulary,Lancashire Constabulary,-2.350256,53.738323,On or near Pocklington Street,E01025038,Hyndburn 008D,Burglary,Investigation complete; no suspect identified,
f4d0ed1a1baf2f07f5e7d6daf2293ecf3b09b158b72c6ca4b87823197da80372,2021-06,Lancashire Constabulary,Lancashire Constabulary,-2.348598,53.737627,On or near Glenmore Close,E01025038,Hyndburn 008D,Criminal damage and arson,Investigation complete; no suspect identified,
,2021-06,Lancashire Constabulary,Lancashire Constabulary,-2.349986,53.734917,On or near Icconhurst Close,E01025039,Hyndburn 008E,Anti-social behaviour,,
6e8951e0a4c8466bb00c33781c8928771c0bb51586aee74d841d1ab192001d71,2021-06,Lancashire Constabulary,Lancashire Constabulary,-2.349986,53.734917,On or near Icconhurst Close,E01025039,Hyndburn 008E,Vehicle crime,Investigation complete; no suspect identified,
,2021-06,Lancashire Constabulary,Lancashire Constabulary,-2.354104,53.743318,On or near Henry Street,E01025040,Hyndburn 008F,Anti-social behaviour,,
,2021-06,Lancashire Constabulary,Lancashire Constabulary,-2.352452,53.741660,On or near Oakwood Road,E01025040,Hyndburn 008F,Anti-social behaviour,,
,2021-06,Lancashire Constabulary,Lancashire Constabulary,-2.348767,53.741482,On or near Shap Close,E01025040,Hyndburn 008F,Anti-social behaviour,,
,2021-06,Lancashire Constabulary,Lancashire Constabulary,-2.352452,53.741660,On or near Oakwood Road,E01025040,Hyndburn 008F,Anti-social behaviour,,
,2021-06,Lancashire Constabulary,Lancashire Constabulary,-2.356413,53.740291,On or near Royds Avenue,E01025040,Hyndburn 008F,Anti-social behaviour,,
e989f8a8970e5bb858e8fbc258c2df98f8972064533b494b7c5b43a798a94fb8,2021-06,Lancashire Constabulary,Lancashire Constabulary,-2.352452,53.741660,On or near Oakwood Road,E01025040,Hyndburn 008F,Criminal damage and arson,Unable to prosecute suspect,
66b07d975972ec084cdc8a3cc33791ac70eab95b1ac9c776335ca0dc25a1a2b8,2021-06,Lancashire Constabulary,Lancashire Constabulary,-2.352452,53.741660,On or near Oakwood Road,E01025040,Hyndburn 008F,Public order,Investigation complete; no suspect identified,
888d295b870862bae5c275ae2d97552f4579d15a39e56bbee0e420f359da2e91,2021-06,Lancashire Constabulary,Lancashire Constabulary,-2.352452,53.741660,On or near Oakwood Road,E01025040,Hyndburn 008F,Violence and sexual offences,Unable to prosecute suspect,
19603451e2e73038848ba6da60207bcedd403048805ff8ec3c9da4760c205603,2021-06,Lancashire Constabulary,Lancashire Constabulary,-2.353086,53.739438,On or near Newton Drive,E01025040,Hyndburn 008F,Violence and sexual offences,Unable to prosecute suspect,
,2021-06,Lancashire Constabulary,Lancashire Constabulary,-2.397006,53.739355,On or near Curlew Close,E01025054,Hyndburn 009A,Anti-social behaviour,,
,2021-06,Lancashire Constabulary,Lancashire Constabulary,-2.399832,53.738401,On or near Roe Greave Road,E01025054,Hyndburn 009A,Anti-social behaviour,,
,2021-06,Lancashire Constabulary,Lancashire Constabulary,-2.399832,53.738401,On or near Roe Greave Road,E01025054,Hyndburn 009A,Anti-social behaviour,,
ed74b6fec7e1a71c9a1b073cb94dab45b84a60ee9e93173d7ee16692d62724be,2021-06,Lancashire Constabulary,Lancashire Constabulary,-2.404178,53.736329,On or near Willow Park,E01025054,Hyndburn 009A,Criminal damage and arson,Local resolution,
69e945b65b4e4b1fa45824536fd8a850b45111a09926b123a213487395f81ef8,2021-06,Lancashire Constabulary,Lancashire Constabulary,-2.403241,53.738228,On or near Beech Close,E01025054,Hyndburn 009A,Drugs,Court result unavailable,
d573a50fcb884a316a5e175f666bfddf886f3a34e08953b8de7daebf72fe5ed2,2021-06,Lancashire Constabulary,Lancashire Constabulary,-2.397006,53.739355,On or near Curlew Close,E01025054,Hyndburn 009A,Public order,Unable to prosecute suspect,
2fd3c00acb63ce8a7c530d14ede53db152134f57c4e14883a45faf256e2f91e4,2021-06,Lancashire Constabulary,Lancashire Constabulary,-2.404178,53.736329,On or near Willow Park,E01025054,Hyndburn 009A,Public order,Local resolution,
80f55eb3bab95529a03b9db8858232d517dd988200f7d5db314064fdcba74662,2021-06,Lancashire Constabulary,Lancashire Constabulary,-2.375211,53.726491,On or near Rams Clough Lane,E01025054,Hyndburn 009A,Violence and sexual offences,Status update unavailable,
066666a1239d556ab34c2872f714da59e67f1c2eb5df6b58ffa0b31e246101d9,2021-06,Lancashire Constabulary,Lancashire Constabulary,-2.397006,53.739355,On or near Curlew Close,E01025054,Hyndburn 009A,Violence and sexual offences,Unable to prosecute suspect,
9fb2092bae90b59fd3d6c5883f8777d0901366b413071494afa5356c589c1331,2021-06,Lancashire Constabulary,Lancashire Constabulary,-2.397006,53.739355,On or near Curlew Close,E01025054,Hyndburn 009A,Violence and sexual offences,Unable to prosecute suspect,
,2021-06,Lancashire Constabulary,Lancashire Constabulary,-2.389087,53.740459,On or near Fielding Lane,E01025056,Hyndburn 009B,Anti-social behaviour,,
e2e542c1ee7d664174a2266d1a0a5097e452475a0b4258df002ec39f62f25338,2021-06,Lancashire Constabulary,Lancashire Constabulary,-2.386329,53.740657,On or near Queen'S Drive,E01025056,Hyndburn 009B,Vehicle crime,Status update unavailable,
815da1dcdd6109e7434a1725c6b9d399e27040ad1e906c8bd7a26ee550d2daaf,2021-06,Lancashire Constabulary,Lancashire Constabulary,-2.389087,53.740459,On or near Fielding Lane,E01025056,Hyndburn 009B,Violence and sexual offences,Investigation complete; no suspect identified,
a917ee78ce00c14d2d3b3f56782fd436072ee6fe8ae555370a10418cdcce8033,2021-06,Lancashire Constabulary,Lancashire Constabulary,-2.380893,53.741357,On or near Larch Road,E01025056,Hyndburn 009B,Violence and sexual offences,Unable to prosecute suspect,
bbc20b25fe5e5cb90a5877ee93b8760a78953123f3b125322b16dec857178a17,2021-06,Lancashire Constabulary,Lancashire Constabulary,-2.392532,53.740879,On or near Alice Street,E01025056,Hyndburn 009B,Violence and sexual offences,Unable to prosecute suspect,
,2021-06,Lancashire Constabulary,Lancashire Constabulary,-2.433541,53.748027,On or near Hazel Grove,E01025079,Hyndburn 009C,Anti-social behaviour,,
,2021-06,Lancashire Constabulary,Lancashire Constabulary,-2.433541,53.748027,On or near Hazel Grove,E01025079,Hyndburn 009C,Anti-social behaviour,,
,2021-06,Lancashire Constabulary,Lancashire Constabulary,-2.437075,53.748059,On or near Lyndhurst Avenue,E01025079,Hyndburn 009C,Anti-social behaviour,,
,2021-06,Lancashire Constabulary,Lancashire Constabulary,-2.433541,53.748027,On or near Hazel Grove,E01025079,Hyndburn 009C,Anti-social behaviour,,
,2021-06,Lancashire Constabulary,Lancashire Constabulary,-2.433541,53.748027,On or near Hazel Grove,E01025079,Hyndburn 009C,Anti-social behaviour,,
,2021-06,Lancashire Constabulary,Lancashire Constabulary,-2.433541,53.748027,On or near Hazel Grove,E01025079,Hyndburn 009C,Anti-social behaviour,,
,2021-06,Lancashire Constabulary,Lancashire Constabulary,-2.433541,53.748027,On or near Hazel Grove,E01025079,Hyndburn 009C,Anti-social behaviour,,
,2021-06,Lancashire Constabulary,Lancashire Constabulary,-2.440895,53.745070,On or near Cornwall Avenue,E01025079,Hyndburn 009C,Anti-social behaviour,,
,2021-06,Lancashire Constabulary,Lancashire Constabulary,-2.433541,53.748027,On or near Hazel Grove,E01025079,Hyndburn 009C,Anti-social behaviour,,
,2021-06,Lancashire Constabulary,Lancashire Constabulary,-2.433541,53.748027,On or near Hazel Grove,E01025079,Hyndburn 009C,Anti-social behaviour,,
c6d653775ea723b6a78fe757db8d2b60e08b56671fe1c245efc67a44c1472129,2021-06,Lancashire Constabulary,Lancashire Constabulary,-2.433117,53.745135,On or near Hardman Close,E01025079,Hyndburn 009C,Criminal damage and arson,Status update unavailable,
9e200528807d33a55436730cf0ef6e92643e693296ed9bde769020c82d861792,2021-06,Lancashire Constabulary,Lancashire Constabulary,-2.437075,53.748059,On or near Lyndhurst Avenue,E01025079,Hyndburn 009C,Public order,Unable to prosecute suspect,
904545fbc26665b4477f0813e25db2a11b855012acbf9a52602ba9015d5f81d2,2021-06,Lancashire Constabulary,Lancashire Constabulary,-2.437075,53.748059,On or near Lyndhurst Avenue,E01025079,Hyndburn 009C,Public order,Unable to prosecute suspect,
1c693d84638b9f314d961e1e7b73e47ad0a40142c774708263a426affbcd069d,2021-06,Lancashire Constabulary,Lancashire Constabulary,-2.433541,53.748027,On or near Hazel Grove,E01025079,Hyndburn 009C,Public order,Unable to prosecute suspect,
13cb26cc2927d399136ae1e50ac6a3706521f624222606512e5c877bc57b3b84,2021-06,Lancashire Constabulary,Lancashire Constabulary,-2.440895,53.745070,On or near Cornwall Avenue,E01025079,Hyndburn 009C,Vehicle crime,Investigation complete; no suspect identified,
1ae7e1e42acbc28d5ad6305b58290147ad4a484fc8926590c442095d3c4cf822,2021-06,Lancashire Constabulary,Lancashire Constabulary,-2.433887,53.749195,On or near Richmond Crescent,E01025079,Hyndburn 009C,Violence and sexual offences,Unable to prosecute suspect,
dacf4619e6006f1ffc63d6a837e849f9fa5828cad9a26db1b2cf7d8c54349c90,2021-06,Lancashire Constabulary,Lancashire Constabulary,-2.434722,53.747852,On or near Avondale Avenue,E01025079,Hyndburn 009C,Violence and sexual offences,Further investigation is not in the public interest,
,2021-06,Lancashire Constabulary,Lancashire Constabulary,-2.422481,53.733875,On or near Duckworth Hall Brow,E01025080,Hyndburn 009D,Anti-social behaviour,,
,2021-06,Lancashire Constabulary,Lancashire Constabulary,-2.422481,53.733875,On or near Duckworth Hall Brow,E01025080,Hyndburn 009D,Anti-social behaviour,,
,2021-06,Lancashire Constabulary,Lancashire Constabulary,-2.430126,53.718046,On or near James Street,E01025080,Hyndburn 009D,Anti-social behaviour,,
,2021-06,Lancashire Constabulary,Lancashire Constabulary,-2.434861,53.739295,On or near Shopping Area,E01025080,Hyndburn 009D,Anti-social behaviour,,
,2021-06,Lancashire Constabulary,Lancashire Constabulary,-2.441081,53.743964,On or near Knuzden Brook,E01025080,Hyndburn 009D,Anti-social behaviour,,
,2021-06,Lancashire Constabulary,Lancashire Constabulary,-2.430126,53.718046,On or near James Street,E01025080,Hyndburn 009D,Anti-social behaviour,,
a8bbc1a6f085a89c15ce6f44fe57363ade672ff27c9538d09e86ad76f3baa328,2021-06,Lancashire Constabulary,Lancashire Constabulary,-2.413963,53.724683,On or near Red Shell Lane,E01025080,Hyndburn 009D,Burglary,Court result unavailable,
9c4259aaf7a12e75747df133ec07b8568c405d8d240efa3c61301066e0304dd2,2021-06,Lancashire Constabulary,Lancashire Constabulary,-2.436073,53.745061,On or near Kent Drive,E01025080,Hyndburn 009D,Vehicle crime,Investigation complete; no suspect identified,
2d4b190f7ecde0c0cc10f49a0578f6d52a0d0f83fe7983878009c907ebca29a4,2021-06,Lancashire Constabulary,Lancashire Constabulary,-2.407711,53.742671,On or near Stanhill Street,E01025080,Hyndburn 009D,Violence and sexual offences,Unable to prosecute suspect,
846e3eeaa392f4f30efc0d4456243064799faef16cadea5f9287608f2cfd0568,2021-06,Lancashire Constabulary,Lancashire Constabulary,-2.406852,53.744804,On or near Central Avenue,E01025080,Hyndburn 009D,Violence and sexual offences,Unable to prosecute suspect,
c78914c0077239ceee0446c828a77b69db55c688602a654d26f423f4bb48bdc7,2021-06,Lancashire Constabulary,Lancashire Constabulary,-2.407711,53.742671,On or near Stanhill Street,E01025080,Hyndburn 009D,Violence and sexual offences,Unable to prosecute suspect,
d8bd5b1c6f46520f3978f4b12246d68f1b92aea701c052fa64038aa9fe45fc57,2021-06,Lancashire Constabulary,Lancashire Constabulary,-2.430126,53.718046,On or near James Street,E01025080,Hyndburn 009D,Violence and sexual offences,Unable to prosecute suspect,
60f6f3f1f228a0ce58ea6c4da27d14271fba323b8625b9a5fcf9da7202ab773c,2021-06,Lancashire Constabulary,Lancashire Constabulary,-2.778856,54.122473,On or near Crag Bank Road,E01025088,Lancaster 001A,Criminal damage and arson,Investigation complete; no suspect identified,
d48d276abcfc7f4ab040a5b1739e84fc1e2d0f3ce996ea9dc6a87dadc075fabf,2021-06,Lancashire Constabulary,Lancashire Constabulary,-2.777783,54.126462,On or near Bowland Close,E01025088,Lancaster 001A,Violence and sexual offences,Unable to prosecute suspect,
a03d8b08792b9fe9d72469cdac8c604859557dbdf930e718e5077b0d54cedbba,2021-06,Lancashire Constabulary,Lancashire Constabulary,-2.778856,54.122473,On or near Crag Bank Road,E01025088,Lancaster 001A,Violence and sexual offences,Unable to prosecute suspect,
,2021-06,Lancashire Constabulary,Lancashire Constabulary,-2.774705,54.126320,On or near Grosvenor Place,E01025096,Lancaster 001B,Anti-social behaviour,,
,2021-06,Lancashire Constabulary,Lancashire Constabulary,-2.774705,54.126320,On or near Grosvenor Place,E01025096,Lancaster 001B,Anti-social behaviour,,
31f81000488b259a410cf3ad2fb535558cee3a899dc8e0ce608e5e70349b9ba4,2021-06,Lancashire Constabulary,Lancashire Constabulary,-2.769468,54.128591,On or near Preston Street,E01025096,Lancaster 001B,Criminal damage and arson,Investigation complete; no suspect identified,
2371a47fb87642bd331cc6d525df994cc9ea7fb2fc3f9280803dc2674c4d8172,2021-06,Lancashire Constabulary,Lancashire Constabulary,-2.774685,54.124459,On or near Sports/Recreation Area,E01025096,Lancaster 001B,Violence and sexual offences,Investigation complete; no suspect identified,
51aa691367d15603c11b093b310b9592a51224c216811cb0d9216686bf1d80d0,2021-06,Lancashire Constabulary,Lancashire Constabulary,-2.769645,54.125768,On or near Hill Street,E01025096,Lancaster 001B,Violence and sexual offences,Unable to prosecute suspect,
7d1803195a026134180c9998fefb2b24cec35f791f31df69a01d4fc1bd69080c,2021-06,Lancashire Constabulary,Lancashire Constabulary,-2.769645,54.125768,On or near Hill Street,E01025096,Lancaster 001B,Violence and sexual offences,Unable to prosecute suspect,
2766d7dc9ee9870f5214403438f9cac821b4b066ecac2cb9705769a291e22a00,2021-06,Lancashire Constabulary,Lancashire Constabulary,-2.774705,54.126320,On or near Grosvenor Place,E01025096,Lancaster 001B,Violence and sexual offences,Awaiting court outcome,
1cb3e4f66d89e6a5362352bfd9091e48b61c340a793a8e6a217c6a9c25945986,2021-06,Lancashire Constabulary,Lancashire Constabulary,-2.775864,54.121198,On or near Longmere Crescent,E01025096,Lancaster 001B,Violence and sexual offences,Court result unavailable,
78937a18c4838b78b1b0d1957f3bb3e368fb0e8cff279739b3953eb5c1888c99,2021-06,Lancashire Constabulary,Lancashire Constabulary,-2.769981,54.128192,On or near New Street,E01025096,Lancaster 001B,Violence and sexual offences,Status update unavailable,
,2021-06,Lancashire Constabulary,Lancashire Constabulary,-2.763820,54.124376,On or near Alamein Road,E01025097,Lancaster 001C,Anti-social behaviour,,
,2021-06,Lancashire Constabulary,Lancashire Constabulary,-2.763820,54.124376,On or near Alamein Road,E01025097,Lancaster 001C,Anti-social behaviour,,
,2021-06,Lancashire Constabulary,Lancashire Constabulary,-2.760379,54.124470,On or near Fairfield Close,E01025097,Lancaster 001C,Anti-social behaviour,,
,2021-06,Lancashire Constabulary,Lancashire Constabulary,-2.761164,54.124725,On or near Russell Road,E01025097,Lancaster 001C,Anti-social behaviour,,
,2021-06,Lancashire Constabulary,Lancashire Constabulary,-2.766732,54.121311,On or near Sports/Recreation Area,E01025097,Lancaster 001C,Anti-social behaviour,,
e60d3ffdb2ca7a0e355715540d9815f16d34a1e891f5f8c8973d773fb2fcb758,2021-06,Lancashire Constabulary,Lancashire Constabulary,-2.763009,54.121047,On or near Windermere Road,E01025097,Lancaster 001C,Burglary,Investigation complete; no suspect identified,
fbb02090ea48adde5fdb7260a697fc22af52cb74a8fadd11bab59b60435c5501,2021-06,Lancashire Constabulary,Lancashire Constabulary,-2.761652,54.122970,On or near Highfield Road,E01025097,Lancaster 001C,Criminal damage and arson,Court result unavailable,
c3def244f22c58b52f0c041165c9f108ffa2ff9c8c44d832e1853c869c4d07b5,2021-06,Lancashire Constabulary,Lancashire Constabulary,-2.761652,54.122970,On or near Highfield Road,E01025097,Lancaster 001C,Drugs,Unable to prosecute suspect,
7496c1d04f2f04af3f39e4b632632c647964c5b7ef18552e4af506266e3b6f6a,2021-06,Lancashire Constabulary,Lancashire Constabulary,-2.761652,54.122970,On or near Highfield Road,E01025097,Lancaster 001C,Drugs,Status update unavailable,
2ee9068036a6f3caef20d41ac120e84777f4ba69dd404f2c9f635efa31b44e5a,2021-06,Lancashire Constabulary,Lancashire Constabulary,-2.761652,54.122970,On or near Highfield Road,E01025097,Lancaster 001C,Other theft,Unable to prosecute suspect,
fd3a76076ac273c3691473d368219a15828d6980e79f7c6dd5a6c2eef9547c1e,2021-06,Lancashire Constabulary,Lancashire Constabulary,-2.761666,54.125414,On or near Kellet Road,E01025097,Lancaster 001C,Other theft,Unable to prosecute suspect,
f8bccfbec8281630f909f462b896202fec057e5205f87ed59f4e0cce8ce5dc6f,2021-06,Lancashire Constabulary,Lancashire Constabulary,-2.761666,54.125414,On or near Kellet Road,E01025097,Lancaster 001C,Public order,Unable to prosecute suspect,
2f67adbaaf31eed78e2754218379050a8c8dbf109f0a7b4957ffedf3a9e30ec4,2021-06,Lancashire Constabulary,Lancashire Constabulary,-2.761652,54.122970,On or near Highfield Road,E01025097,Lancaster 001C,Violence and sexual offences,Court result unavailable,
a4d6d8734da45c9d3ddc2be9ab5eda00b5fee67027272e98dc4b1ec5990235c9,2021-06,Lancashire Constabulary,Lancashire Constabulary,-2.763820,54.124376,On or near Alamein Road,E01025097,Lancaster 001C,Violence and sexual offences,Unable to prosecute suspect,
3f04fc132cd4bea88f7362853219e34eec04cab193c14b4c17666917321abb42,2021-06,Lancashire Constabulary,Lancashire Constabulary,-2.763820,54.124376,On or near Alamein Road,E01025097,Lancaster 001C,Violence and sexual offences,Unable to prosecute suspect,
e32cd76c7c8017a0ee57407eb4f0f2679e17af19b0d2046b8affb16e2f4d6a6d,2021-06,Lancashire Constabulary,Lancashire Constabulary,-2.761652,54.122970,On or near Highfield Road,E01025097,Lancaster 001C,Other crime,Court result unavailable,
,2021-06,Lancashire Constabulary,Lancashire Constabulary,-2.761439,54.128903,On or near Yealand Grove,E01025098,Lancaster 001D,Anti-social behaviour,,
,2021-06,Lancashire Constabulary,Lancashire Constabulary,-2.765990,54.129216,On or near Oliver Place,E01025098,Lancaster 001D,Anti-social behaviour,,
,2021-06,Lancashire Constabulary,Lancashire Constabulary,-2.768848,54.128991,On or near Market Street,E01025098,Lancaster 001D,Anti-social behaviour,,
,2021-06,Lancashire Constabulary,Lancashire Constabulary,-2.763877,54.125823,On or near Prince Avenue,E01025098,Lancaster 001D,Anti-social behaviour,,
,2021-06,Lancashire Constabulary,Lancashire Constabulary,-2.770921,54.131862,On or near Warton Road,E01025098,Lancaster 001D,Anti-social behaviour,,
,2021-06,Lancashire Constabulary,Lancashire Constabulary,-2.769244,54.128916,On or near Supermarket,E01025098,Lancaster 001D,Anti-social behaviour,,
,2021-06,Lancashire Constabulary,Lancashire Constabulary,-2.770921,54.131862,On or near Warton Road,E01025098,Lancaster 001D,Anti-social behaviour,,
,2021-06,Lancashire Constabulary,Lancashire Constabulary,-2.763877,54.125823,On or near Prince Avenue,E01025098,Lancaster 001D,Anti-social behaviour,,
a86c12c48220eefcb083b3672cdc40b7d5547b243da0b35e8e641a3294977e26,2021-06,Lancashire Constabulary,Lancashire Constabulary,-2.769244,54.128916,On or near Supermarket,E01025098,Lancaster 001D,Criminal damage and arson,Status update unavailable,
380167d88381bdc1ff619918936ee67508bee12c8694c53387168c188963d888,2021-06,Lancashire Constabulary,Lancashire Constabulary,-2.768848,54.128991,On or near Market Street,E01025098,Lancaster 001D,Criminal damage and arson,Status update unavailable,
34dfcff9279412684f49e7f1216602467024c013e1332e7c79aacb5cf82bcae1,2021-06,Lancashire Constabulary,Lancashire Constabulary,-2.766168,54.128055,On or near Market Street,E01025098,Lancaster 001D,Criminal damage and arson,Unable to prosecute suspect,
bfc772459a09e57d3da944edfc8bdeeed6225ffa6524bc3b3c12eb304be1537f,2021-06,Lancashire Constabulary,Lancashire Constabulary,-2.768743,54.129944,On or near Ramsden Street,E01025098,Lancaster 001D,Shoplifting,Status update unavailable,
2c441c653e3c4859fac7c6732740b880df169388dc28c2bdb62f296fa48ebf00,2021-06,Lancashire Constabulary,Lancashire Constabulary,-2.770921,54.131862,On or near Warton Road,E01025098,Lancaster 001D,Vehicle crime,Investigation complete; no suspect identified,
7b02cde85920deddbffae753e913e0997ccfbb9528c8f7bb35ac90721868d61a,2021-06,Lancashire Constabulary,Lancashire Constabulary,-2.770921,54.131862,On or near Warton Road,E01025098,Lancaster 001D,Vehicle crime,Further investigation is not in the public interest,
b761c1e87c2a246d09c5b70558073134755693239d01c132e90780a7477c4283,2021-06,Lancashire Constabulary,Lancashire Constabulary,-2.746590,54.135377,On or near Nether Beck,E01025098,Lancaster 001D,Violence and sexual offences,Unable to prosecute suspect,
86da473a6a4fe7576fc56c1a0cac110b2bcdc4ed9c72f6d2a893862209b798f9,2021-06,Lancashire Constabulary,Lancashire Constabulary,-2.770769,54.134380,On or near Mill Lane,E01025098,Lancaster 001D,Violence and sexual offences,Unable to prosecute suspect,
71296f4af3cc4b5dc40b24eefdeed9f53e802cd2f8a3535f97f4559aa001c0f4,2021-06,Lancashire Constabulary,Lancashire Constabulary,-2.763877,54.125823,On or near Prince Avenue,E01025098,Lancaster 001D,Violence and sexual offences,Status update unavailable,
3b01595d26db675b7f7c6246929ee7118c1fb39ed5c2387357534dc96cd20c60,2021-06,Lancashire Constabulary,Lancashire Constabulary,-2.770921,54.131862,On or near Warton Road,E01025098,Lancaster 001D,Other crime,Court result unavailable,
81c403f30ca8350764299cb7f7b139691fc6d9c22988f3a9eef84acff9e7c7f4,2021-06,Lancashire Constabulary,Lancashire Constabulary,-2.811914,54.182373,On or near Waterslack Road,E01025148,Lancaster 001E,Criminal damage and arson,Investigation complete; no suspect identified,
3fb66bf2cd08258a7c8af64b381e40040ff2e9b627c4c9d79861b121ddd1211d,2021-06,Lancashire Constabulary,Lancashire Constabulary,-2.742758,54.180375,On or near Hilderstone Lane,E01025148,Lancaster 001E,Drugs,Offender given penalty notice,
1d1febbf44f4943ab88518eef2f10753d3885597aaefc52e7b5b36f825ae5830,2021-06,Lancashire Constabulary,Lancashire Constabulary,-2.784649,54.190140,On or near Brackenthwaite Road,E01025148,Lancaster 001E,Vehicle crime,Investigation complete; no suspect identified,
c8d6528a232d2e084809cccdf049f2eaadf84ff7f3dac8d14fb6fe3ac79f4e36,2021-06,Lancashire Constabulary,Lancashire Constabulary,-2.826067,54.173649,On or near Townsfield,E01025148,Lancaster 001E,Violence and sexual offences,Investigation complete; no suspect identified,
2fb45087dde220577bc514dbc3da3f319d00899fad6a7b35b7a491122b9ded5b,2021-06,Lancashire Constabulary,Lancashire Constabulary,-2.827105,54.168842,On or near Bank House Lane,E01025148,Lancaster 001E,Violence and sexual offences,Unable to prosecute suspect,
,2021-06,Lancashire Constabulary,Lancashire Constabulary,-2.771136,54.136004,On or near Mary Street,E01025168,Lancaster 001F,Anti-social behaviour,,
,2021-06,Lancashire Constabulary,Lancashire Constabulary,-2.771136,54.136004,On or near Mary Street,E01025168,Lancaster 001F,Anti-social behaviour,,
d741de2496e0732f648092b34fda36f6d10ef6f88e800593e1c84b8d42bc3a79,2021-06,Lancashire Constabulary,Lancashire Constabulary,-2.775754,54.141502,On or near Farleton Close,E01025168,Lancaster 001F,Violence and sexual offences,Unable to prosecute suspect,
26f3fc8a50617455ca8740fbe29193238fcaff123ea2dd031ed6ce3ff063e5ff,2021-06,Lancashire Constabulary,Lancashire Constabulary,-2.770604,54.135379,On or near Albert Street,E01025168,Lancaster 001F,Violence and sexual offences,Further investigation is not in the public interest,
5150b0bfbbcb71be1f1acf6298caf66abc4dcfce11aa30be933efbf249cd5f5e,2021-06,Lancashire Constabulary,Lancashire Constabulary,-2.764190,54.146951,On or near Chapel Walk,E01025168,Lancaster 001F,Violence and sexual offences,Unable to prosecute suspect,
,2021-06,Lancashire Constabulary,Lancashire Constabulary,-2.773537,54.136726,On or near Greendale Drive,E01025169,Lancaster 001G,Anti-social behaviour,,
,2021-06,Lancashire Constabulary,Lancashire Constabulary,-2.772979,54.135516,On or near Hazelmount Drive,E01025169,Lancaster 001G,Anti-social behaviour,,
,2021-06,Lancashire Constabulary,Lancashire Constabulary,-2.761914,54.148915,On or near The Roods,E01025169,Lancaster 001G,Anti-social behaviour,,
20801e302a873404fc5a6307ae93b88c100b8b66a90496a1528dd55669f9674f,2021-06,Lancashire Constabulary,Lancashire Constabulary,-2.756526,54.137212,On or near Petrol Station,E01025169,Lancaster 001G,Other theft,Status update unavailable,
89b22937e0fb9f2b78f05d25ee9bbc80419ca403bfdbac8a3bc71bdfe651462b,2021-06,Lancashire Constabulary,Lancashire Constabulary,-2.769717,54.145334,On or near Holly Bank,E01025169,Lancaster 001G,Violence and sexual offences,Unable to prosecute suspect,
,2021-06,Lancashire Constabulary,Lancashire Constabulary,-2.722743,54.136188,On or near Park/Open Space,E01025130,Lancaster 002A,Anti-social behaviour,,
,2021-06,Lancashire Constabulary,Lancashire Constabulary,-2.733613,54.122506,On or near Woodlands View,E01025130,Lancaster 002A,Anti-social behaviour,,
,2021-06,Lancashire Constabulary,Lancashire Constabulary,-2.758499,54.107818,On or near Church Hill,E01025130,Lancaster 002A,Anti-social behaviour,,
76360fbe1114a103da002ad1bceb8d432b20c1b51ee1c483c9823241870d5123,2021-06,Lancashire Constabulary,Lancashire Constabulary,-2.735473,54.155812,On or near Kellet Lane,E01025130,Lancaster 002A,Public order,Unable to prosecute suspect,
,2021-06,Lancashire Constabulary,Lancashire Constabulary,-2.683920,54.079972,On or near Rakes Road,E01025132,Lancaster 002B,Anti-social behaviour,,
b1741be838463fd525696cf3fb34db2ba109e3297058cb074141193abcc018ee,2021-06,Lancashire Constabulary,Lancashire Constabulary,-2.672809,54.090434,On or near A683,E01025132,Lancaster 002B,Criminal damage and arson,Court result unavailable,
7ba4034a74faba4f86049def785b3463287e231e4cd4c1107a04e9ea751f6292,2021-06,Lancashire Constabulary,Lancashire Constabulary,-2.672809,54.090434,On or near A683,E01025132,Lancaster 002B,Criminal damage and arson,Court result unavailable,
42a10f186dd8195ca034d4be0802a9a574c9a9a36057affb7dc6fe7c3a51883f,2021-06,Lancashire Constabulary,Lancashire Constabulary,-2.534043,54.094698,On or near Thwaite Lane,E01025132,Lancaster 002B,Other theft,Investigation complete; no suspect identified,
79fea4a61a638a00b58817a80a36c6d46101c28127740aedfd7e4577ece91cac,2021-06,Lancashire Constabulary,Lancashire Constabulary,-2.591276,54.104496,On or near Trinket Lane,E01025132,Lancaster 002B,Other theft,Investigation complete; no suspect identified,
d909eb82c615a0c2aae793989e2d9b5b33f79b506a14569f472017a798cbbe22,2021-06,Lancashire Constabulary,Lancashire Constabulary,-2.672809,54.090434,On or near A683,E01025132,Lancaster 002B,Public order,Court result unavailable,
48f2af509af3adf94ec11164f16f72f4390768cde5e47c0d251794d24ff372fd,2021-06,Lancashire Constabulary,Lancashire Constabulary,-2.608582,54.101929,On or near The Orchard,E01025132,Lancaster 002B,Violence and sexual offences,Unable to prosecute suspect,
,2021-06,Lancashire Constabulary,Lancashire Constabulary,-2.614969,54.135636,On or near Gillison Close,E01025166,Lancaster 002C,Anti-social behaviour,,
,2021-06,Lancashire Constabulary,Lancashire Constabulary,-2.553570,54.181951,On or near Coulter Beck Lane,E01025167,Lancaster 002D,Anti-social behaviour,,
,2021-06,Lancashire Constabulary,Lancashire Constabulary,-2.592729,54.128046,On or near Lodge Lane,E01025167,Lancaster 002D,Anti-social behaviour,,
,2021-06,Lancashire Constabulary,Lancashire Constabulary,-2.563587,54.180583,On or near Woodman Lane,E01025167,Lancaster 002D,Anti-social behaviour,,
05270503a0df83075f31ab6cccb6923ec304261ee0e52350f716b6597539780f,2021-06,Lancashire Constabulary,Lancashire Constabulary,-2.613058,54.181357,On or near Manor Farm,E01025167,Lancaster 002D,Violence and sexual offences,Unable to prosecute suspect,
9497e297b7afc202ae0fa6999ec2cf222ef89c378f373b0f82ff50f8505009a9,2021-06,Lancashire Constabulary,Lancashire Constabulary,-2.792182,54.102379,On or near Main Road,E01025089,Lancaster 003A,Criminal damage and arson,Local resolution,
e0393d93199836485bf8eb74817090a25f536d1f06aa1910a49b28b5103d952b,2021-06,Lancashire Constabulary,Lancashire Constabulary,-2.791516,54.106734,On or near Sports/Recreation Area,E01025089,Lancaster 003A,Possession of weapons,Formal action is not in the public interest,
ac48a334192974d5a27a7a9a17186d256e08e1a4f1d7318ea95f3841c3ca1d20,2021-06,Lancashire Constabulary,Lancashire Constabulary,-2.795157,54.106027,On or near St Michael'S Lane,E01025089,Lancaster 003A,Violence and sexual offences,Unable to prosecute suspect,
,2021-06,Lancashire Constabulary,Lancashire Constabulary,-2.791331,54.112298,On or near Alpine View,E01025090,Lancaster 003B,Anti-social behaviour,,
,2021-06,Lancashire Constabulary,Lancashire Constabulary,-2.787177,54.111867,On or near Whin Drive,E01025090,Lancaster 003B,Anti-social behaviour,,
39ee593f6af0112db145aa37a97e88890addf50f6c51b307980599403809542f,2021-06,Lancashire Constabulary,Lancashire Constabulary,-2.786457,54.110982,On or near Canal Gardens,E01025090,Lancaster 003B,Vehicle crime,Court result unavailable,
98cd445f335b73eb01d54774479c147a9484531d2d2a0dc5242e8c436cb742b7,2021-06,Lancashire Constabulary,Lancashire Constabulary,-2.792945,54.107911,On or near Tennyson Close,E01025090,Lancaster 003B,Violence and sexual offences,Unable to prosecute suspect,
eee875f75909d184a24bfe916f45cd2a5fa16a2247cc71b4665c4465d3d37732,2021-06,Lancashire Constabulary,Lancashire Constabulary,-2.812190,54.087749,On or near Sunningdale Avenue,E01025158,Lancaster 003C,Other theft,Investigation complete; no suspect identified,
b6ccf1e2be2a4f69df0499224136c84cb074272235a350620ee60441ac1d6a0c,2021-06,Lancashire Constabulary,Lancashire Constabulary,-2.808814,54.088670,On or near Prospect Avenue,E01025158,Lancaster 003C,Violence and sexual offences,Unable to prosecute suspect,
2f9dc27f2e9b4d755eb759b13feb3fef2ab1935f1958ecd511279754ca56418b,2021-06,Lancashire Constabulary,Lancashire Constabulary,-2.810927,54.090382,On or near Peacock Crescent,E01025158,Lancaster 003C,Violence and sexual offences,Status update unavailable,
68b31a8cd236db6f040a45d500b8728a1212fadff30225dda03f75856de37293,2021-06,Lancashire Constabulary,Lancashire Constabulary,-2.812190,54.087749,On or near Sunningdale Avenue,E01025158,Lancaster 003C,Violence and sexual offences,Unable to prosecute suspect,
,2021-06,Lancashire Constabulary,Lancashire Constabulary,-2.804734,54.087170,On or near Manor Drive,E01025159,Lancaster 003D,Anti-social behaviour,,
,2021-06,Lancashire Constabulary,Lancashire Constabulary,-2.814723,54.089862,On or near Lonsdale Road,E01025159,Lancaster 003D,Anti-social behaviour,,
,2021-06,Lancashire Constabulary,Lancashire Constabulary,-2.816772,54.088293,On or near Marine Drive,E01025159,Lancaster 003D,Anti-social behaviour,,
85765cd6a39f24a681b725133b29a2a4a05bd70944c7f54346e0ade6a99623a2,2021-06,Lancashire Constabulary,Lancashire Constabulary,-2.802471,54.068149,On or near Further/Higher Educational Building,E01025159,Lancaster 003D,Burglary,Investigation complete; no suspect identified,
d60178353622529d0e19ff168d4d1be58144000c1834d8927dc9dd0f178cc140,2021-06,Lancashire Constabulary,Lancashire Constabulary,-2.802471,54.068149,On or near Further/Higher Educational Building,E01025159,Lancaster 003D,Burglary,Status update unavailable,
50575362b2ab151daf5be266d0912033adac24510bb8f226818cf7a40b256fcf,2021-06,Lancashire Constabulary,Lancashire Constabulary,-2.802471,54.068149,On or near Further/Higher Educational Building,E01025159,Lancaster 003D,Burglary,Status update unavailable,
68858e00cf2889c36b6943eaed31b2f4b5f8bd771628fdcc2a8c68e66882e2b8,2021-06,Lancashire Constabulary,Lancashire Constabulary,-2.805862,54.087009,On or near Manor Close,E01025159,Lancaster 003D,Other theft,Investigation complete; no suspect identified,
b0729272ab7ec1179491e8b30655a70e42f8ec53c1882df3312084b6d4d51d24,2021-06,Lancashire Constabulary,Lancashire Constabulary,-2.800494,54.085301,On or near Orchard Close,E01025159,Lancaster 003D,Violence and sexual offences,Status update unavailable,
73c75a76bf8db7e2547208c5df75e2289ee2a89e69b75636cc2bedcdc25ba69d,2021-06,Lancashire Constabulary,Lancashire Constabulary,-2.800494,54.085301,On or near Orchard Close,E01025159,Lancaster 003D,Violence and sexual offences,Unable to prosecute suspect,
a4f77c143181005d2f371813067c880fbbe657ff76995afc1821a61a73c9f5b7,2021-06,Lancashire Constabulary,Lancashire Constabulary,-2.799943,54.095605,On or near Cherry Tree Close,E01025160,Lancaster 003E,Criminal damage and arson,Local resolution,
a43c2eb8b10e62e20076857ca1d25f9ff88bf329040610c4a8f45a39de159d2a,2021-06,Lancashire Constabulary,Lancashire Constabulary,-2.797498,54.099666,On or near Grange View,E01025160,Lancaster 003E,Vehicle crime,Investigation complete; no suspect identified,
,2021-06,Lancashire Constabulary,Lancashire Constabulary,-2.843666,54.077097,On or near St Margaret'S Road,E01025085,Lancaster 004A,Anti-social behaviour,,
aaeb6167eb20fa32aedb3c87e3cf2eb6c6e7a997dc503a7058585c6985afbf05,2021-06,Lancashire Constabulary,Lancashire Constabulary,-2.833234,54.075947,On or near Oak Avenue,E01025086,Lancaster 004B,Violence and sexual offences,Unable to prosecute suspect,
69fa203a400a11df2b611a8e2ab8ca1100074e035d2441b8ab7302ce614a696f,2021-06,Lancashire Constabulary,Lancashire Constabulary,-2.832836,54.076642,On or near Taylor Grove,E01025086,Lancaster 004B,Violence and sexual offences,Investigation complete; no suspect identified,
,2021-06,Lancashire Constabulary,Lancashire Constabulary,-2.842230,54.077898,On or near Park Street,E01025087,Lancaster 004C,Anti-social behaviour,,
,2021-06,Lancashire Constabulary,Lancashire Constabulary,-2.842230,54.077898,On or near Park Street,E01025087,Lancaster 004C,Anti-social behaviour,,
,2021-06,Lancashire Constabulary,Lancashire Constabulary,-2.842230,54.077898,On or near Park Street,E01025087,Lancaster 004C,Anti-social behaviour,,
,2021-06,Lancashire Constabulary,Lancashire Constabulary,-2.840433,54.078234,On or near Beach Street,E01025087,Lancaster 004C,Anti-social behaviour,,
79c9336d1f4f62efe984f25c5467ce49a4dd9458d50bd3dcc46c007fc2caef85,2021-06,Lancashire Constabulary,Lancashire Constabulary,-2.838675,54.078984,On or near Lansdowne Road,E01025087,Lancaster 004C,Burglary,Status update unavailable,
8a581798f32194b04347cf99cd4b4441ab73480042c3d6fa93e58cfab596bf3d,2021-06,Lancashire Constabulary,Lancashire Constabulary,-2.842230,54.077898,On or near Park Street,E01025087,Lancaster 004C,Criminal damage and arson,Investigation complete; no suspect identified,
0b877452b5ee408406fbca7379c69303c5fb799b4b29fa616046e3f4c3930d1e,2021-06,Lancashire Constabulary,Lancashire Constabulary,-2.838675,54.078984,On or near Lansdowne Road,E01025087,Lancaster 004C,Criminal damage and arson,Unable to prosecute suspect,
795225828e242a8597ec837c2d11ee0787a47c79538c8735a6dce287e8cbebca,2021-06,Lancashire Constabulary,Lancashire Constabulary,-2.851145,54.076613,On or near Royal Road,E01025087,Lancaster 004C,Other theft,Status update unavailable,
3fa29f478a01f92181e534f3c3a653fe44370fb437ac13f776792fe57e1fbeba,2021-06,Lancashire Constabulary,Lancashire Constabulary,-2.842230,54.077898,On or near Park Street,E01025087,Lancaster 004C,Public order,Unable to prosecute suspect,
cc380c5ef3f663263d89c3fdae3f42f70af5c30fb22c491240c78881f4a02990,2021-06,Lancashire Constabulary,Lancashire Constabulary,-2.839583,54.078501,On or near Princes Crescent,E01025087,Lancaster 004C,Vehicle crime,Court result unavailable,
d1092fcf8066dafe9f04e86d7166ff514be9219dd2adabb4979eef7bc62bfd79,2021-06,Lancashire Constabulary,Lancashire Constabulary,-2.848202,54.076966,On or near Broadway,E01025087,Lancaster 004C,Vehicle crime,Action to be taken by another organisation,
b6302218643ce4498153f8e037ac4f09f5e7e49610ad309e4ba242934ddc4bcb,2021-06,Lancashire Constabulary,Lancashire Constabulary,-2.851642,54.076268,On or near Dallam Avenue,E01025087,Lancaster 004C,Violence and sexual offences,Unable to prosecute suspect,
502b8f3ac8b96228505f95c37721f1116a4113905f85bdd7236fc7386e63fd5e,2021-06,Lancashire Constabulary,Lancashire Constabulary,-2.838675,54.078984,On or near Lansdowne Road,E01025087,Lancaster 004C,Violence and sexual offences,Unable to prosecute suspect,
e87eabdb7faf1b660e54a20c6212c98d14a8a0a191551c26101c38af337994c5,2021-06,Lancashire Constabulary,Lancashire Constabulary,-2.840433,54.078234,On or near Beach Street,E01025087,Lancaster 004C,Violence and sexual offences,Action to be taken by another organisation,
1ca6cefafc2140b7e918e3d4685a851a791be41df9c5429f4de2f27fc4756381,2021-06,Lancashire Constabulary,Lancashire Constabulary,-2.838675,54.078984,On or near Lansdowne Road,E01025087,Lancaster 004C,Violence and sexual offences,Unable to prosecute suspect,
ae45fb3e1703d9ee168c3b8ee68cfeb1f1ab5fe1bd879a3d5ef7ce45de2fb673,2021-06,Lancashire Constabulary,Lancashire Constabulary,-2.839583,54.078501,On or near Princes Crescent,E01025087,Lancaster 004C,Other crime,Court result unavailable,
,2021-06,Lancashire Constabulary,Lancashire Constabulary,-2.831014,54.074210,On or near Marton Drive,E01025161,Lancaster 004D,Anti-social behaviour,,
,2021-06,Lancashire Constabulary,Lancashire Constabulary,-2.762420,54.076480,On or near Riverside Close,E01025108,Lancaster 005A,Anti-social behaviour,,
,2021-06,Lancashire Constabulary,Lancashire Constabulary,-2.761061,54.076543,On or near Lune View,E01025108,Lancaster 005A,Anti-social behaviour,,
,2021-06,Lancashire Constabulary,Lancashire Constabulary,-2.761984,54.078505,On or near New Street,E01025108,Lancaster 005A,Anti-social behaviour,,
48d20f108c9af105ebcc0552c09bbee45716d7e0a76801653b9842331cc2e3ff,2021-06,Lancashire Constabulary,Lancashire Constabulary,-2.760929,54.079339,On or near Waltham Court,E01025108,Lancaster 005A,Burglary,Investigation complete; no suspect identified,
6545cbdcab3b8710787346b3e88dcb65bcdc8265518643306b94192f928f2501,2021-06,Lancashire Constabulary,Lancashire Constabulary,-2.761061,54.076543,On or near Lune View,E01025108,Lancaster 005A,Other theft,Investigation complete; no suspect identified,
18bde37592d140b463787c98ae2221edd8a45b7bc6b44d142115b4bfaa39f5d4,2021-06,Lancashire Constabulary,Lancashire Constabulary,-2.754031,54.079086,On or near Thrushgill Drive,E01025108,Lancaster 005A,Public order,Unable to prosecute suspect,
4e3aa9e90f0ab1abc653e79766fa830966f81c1817a68656978e13b0fc10b310,2021-06,Lancashire Constabulary,Lancashire Constabulary,-2.758339,54.076461,On or near Mill Lane,E01025108,Lancaster 005A,Vehicle crime,Unable to prosecute suspect,
76ee9462ea3bd94a161de75cc824462153e4f98165c6e0877f667c124c75002e,2021-06,Lancashire Constabulary,Lancashire Constabulary,-2.757201,54.081915,On or near Oak Drive,E01025108,Lancaster 005A,Violence and sexual offences,Status update unavailable,
855e23eef69c7c77a49fbc8a460a41132c45455b699929662d74f96c8edf1d1a,2021-06,Lancashire Constabulary,Lancashire Constabulary,-2.758339,54.076461,On or near Mill Lane,E01025108,Lancaster 005A,Violence and sexual offences,Unable to prosecute suspect,
,2021-06,Lancashire Constabulary,Lancashire Constabulary,-2.756787,54.080165,On or near Sykelands Avenue,E01025109,Lancaster 005B,Anti-social behaviour,,
,2021-06,Lancashire Constabulary,Lancashire Constabulary,-2.751263,54.078168,On or near Forgewood Drive,E01025109,Lancaster 005B,Anti-social behaviour,,
,2021-06,Lancashire Constabulary,Lancashire Constabulary,-2.748516,54.079219,On or near Low Road,E01025109,Lancaster 005B,Anti-social behaviour,,
9a93f4fd6a58cead2055570a83da9acaf818a1fb4e41bd193d0330928c250751,2021-06,Lancashire Constabulary,Lancashire Constabulary,-2.689186,54.098870,On or near Aughton Brow,E01025109,Lancaster 005B,Criminal damage and arson,Investigation complete; no suspect identified,
a9baef3af40b93a483d2af485f358aa74a91edafcbf351c330b03442d65b64ce,2021-06,Lancashire Constabulary,Lancashire Constabulary,-2.750058,54.078302,On or near Forgewood Close,E01025109,Lancaster 005B,Violence and sexual offences,Unable to prosecute suspect,
,2021-06,Lancashire Constabulary,Lancashire Constabulary,-2.778118,54.069180,On or near Mannin Way,E01025131,Lancaster 005C,Anti-social behaviour,,
603481d3f77f3a555b953c5090d2c17a1b14d2cdc22776b6dfe328ca59765031,2021-06,Lancashire Constabulary,Lancashire Constabulary,-2.715014,54.073994,On or near Beck Side,E01025131,Lancaster 005C,Other theft,Investigation complete; no suspect identified,
3068872df77863e8a867c0c3beadd4f4570a66821c2a77b0b171475c2689deaa,2021-06,Lancashire Constabulary,Lancashire Constabulary,-2.779796,54.069035,On or near Caton Road,E01025131,Lancaster 005C,Other theft,Investigation complete; no suspect identified,
5db4e1b66179b5d654cfc8a9b441c8b11d86d18d5d423ce61f3eaa9901b16dcf,2021-06,Lancashire Constabulary,Lancashire Constabulary,-2.778118,54.069180,On or near Mannin Way,E01025131,Lancaster 005C,Robbery,Court result unavailable,
fbcdb1254839632f3b6d107c319c0cdeaad95c44a0c89188bb93b950b5061efa,2021-06,Lancashire Constabulary,Lancashire Constabulary,-2.778118,54.069180,On or near Mannin Way,E01025131,Lancaster 005C,Violence and sexual offences,Investigation complete; no suspect identified,
,2021-06,Lancashire Constabulary,Lancashire Constabulary,-2.730067,54.074865,On or near Low Road,E01025133,Lancaster 005D,Anti-social behaviour,,
,2021-06,Lancashire Constabulary,Lancashire Constabulary,-2.713942,54.076535,On or near Hornby Road,E01025133,Lancaster 005D,Anti-social behaviour,,
50b6fd3b8ac376e252ff8e74433cd97f27b642d8ee6d9fdf3ece113e112e8027,2021-06,Lancashire Constabulary,Lancashire Constabulary,-2.717789,54.076296,On or near Supermarket,E01025133,Lancaster 005D,Public order,Unable to prosecute suspect,
,2021-06,Lancashire Constabulary,Lancashire Constabulary,-2.877710,54.067281,On or near West End Road,E01025112,Lancaster 006A,Anti-social behaviour,,
,2021-06,Lancashire Constabulary,Lancashire Constabulary,-2.870145,54.069413,On or near Baycliffe Crescent,E01025112,Lancaster 006A,Anti-social behaviour,,
,2021-06,Lancashire Constabulary,Lancashire Constabulary,-2.875882,54.067546,On or near Grove Street,E01025112,Lancaster 006A,Anti-social behaviour,,
,2021-06,Lancashire Constabulary,Lancashire Constabulary,-2.869682,54.069946,On or near Longmire Way,E01025112,Lancaster 006A,Anti-social behaviour,,
,2021-06,Lancashire Constabulary,Lancashire Constabulary,-2.875882,54.067546,On or near Grove Street,E01025112,Lancaster 006A,Anti-social behaviour,,
,2021-06,Lancashire Constabulary,Lancashire Constabulary,-2.875882,54.067546,On or near Grove Street,E01025112,Lancaster 006A,Anti-social behaviour,,
,2021-06,Lancashire Constabulary,Lancashire Constabulary,-2.877710,54.067281,On or near West End Road,E01025112,Lancaster 006A,Anti-social behaviour,,
,2021-06,Lancashire Constabulary,Lancashire Constabulary,-2.873136,54.067036,On or near Westminster Avenue,E01025112,Lancaster 006A,Anti-social behaviour,,
,2021-06,Lancashire Constabulary,Lancashire Constabulary,-2.875882,54.067546,On or near Grove Street,E01025112,Lancaster 006A,Anti-social behaviour,,
,2021-06,Lancashire Constabulary,Lancashire Constabulary,-2.874146,54.069312,On or near Supermarket,E01025112,Lancaster 006A,Anti-social behaviour,,
afdde06c0e3f0c85c205123343f8a4ea4eb7e74472f337b8e06ccccd7c326305,2021-06,Lancashire Constabulary,Lancashire Constabulary,-2.870145,54.069413,On or near Baycliffe Crescent,E01025112,Lancaster 006A,Criminal damage and arson,Status update unavailable,
5aadf7887cedcb5f405c8eb934c34d8018924e026e9ba1cca34ece072b7e1091,2021-06,Lancashire Constabulary,Lancashire Constabulary,-2.877710,54.067281,On or near West End Road,E01025112,Lancaster 006A,Criminal damage and arson,Status update unavailable,
c2f4a06c89eb76e3720dbfcccf7d638910abe3e733c8df011a44556bd3e7aeaf,2021-06,Lancashire Constabulary,Lancashire Constabulary,-2.870145,54.069413,On or near Baycliffe Crescent,E01025112,Lancaster 006A,Criminal damage and arson,Status update unavailable,
20f74d6207eacf000b11ddcdf1809f18b78fd3629a0ed5c8a02cbc1a336d7593,2021-06,Lancashire Constabulary,Lancashire Constabulary,-2.871639,54.065618,On or near Westfield Grove,E01025112,Lancaster 006A,Criminal damage and arson,Investigation complete; no suspect identified,
8e0ab90d601dcf1b839fe05f0a86a7cc3f1ec029ccc3ff44ba396754c4deadcd,2021-06,Lancashire Constabulary,Lancashire Constabulary,-2.872417,54.067014,On or near Balmoral Road,E01025112,Lancaster 006A,Drugs,Court result unavailable,
9f7bba71f05b854d1af0adabdffb8c3790aabc124e5a2632471f38b7f60e9931,2021-06,Lancashire Constabulary,Lancashire Constabulary,-2.869682,54.069946,On or near Longmire Way,E01025112,Lancaster 006A,Drugs,Offender given a caution,
95080072793b883c4bae47dee9b63cd3f36b017691ddae3294991cc8ab0a71df,2021-06,Lancashire Constabulary,Lancashire Constabulary,-2.872417,54.067014,On or near Balmoral Road,E01025112,Lancaster 006A,Drugs,Court result unavailable,
d640e10c6e4ead1fbb69d71cc82db35845f2479fe57bbf6e21708dd6dae9c899,2021-06,Lancashire Constabulary,Lancashire Constabulary,-2.874146,54.069312,On or near Supermarket,E01025112,Lancaster 006A,Other theft,Status update unavailable,
4a2736549366f891212f2a15eb2111c9b5a363681508a1a7bc89fd8568e8ce12,2021-06,Lancashire Constabulary,Lancashire Constabulary,-2.874146,54.069312,On or near Supermarket,E01025112,Lancaster 006A,Other theft,Unable to prosecute suspect,
f35eb040045971709480408b29a68088ad2a2f67d719a37fde29fe0ea2bd9642,2021-06,Lancashire Constabulary,Lancashire Constabulary,-2.875882,54.067546,On or near Grove Street,E01025112,Lancaster 006A,Possession of weapons,Court result unavailable,
d44ec9dbd29e664db7b25461d1ca01cb9bddebc5827a1923496f4f957031f7dc,2021-06,Lancashire Constabulary,Lancashire Constabulary,-2.875882,54.067546,On or near Grove Street,E01025112,Lancaster 006A,Public order,Court result unavailable,
975b96391425efa1d939cf5a9337edf51346a203f7755f2866c968192111aeeb,2021-06,Lancashire Constabulary,Lancashire Constabulary,-2.874146,54.069312,On or near Supermarket,E01025112,Lancaster 006A,Public order,Investigation complete; no suspect identified,
22da1de8d80459da939f50c82bf7cfd668377ded091736ca9fad17c4ecff32c6,2021-06,Lancashire Constabulary,Lancashire Constabulary,-2.874146,54.069312,On or near Supermarket,E01025112,Lancaster 006A,Public order,Status update unavailable,
2b72019b21c9ffc01af23bd3f406583accd5360c8c961a6e1816c8be4870b599,2021-06,Lancashire Constabulary,Lancashire Constabulary,-2.874146,54.069312,On or near Supermarket,E01025112,Lancaster 006A,Shoplifting,Further investigation is not in the public interest,
f7ced628bb5501552f7f002c1e8627000db55a0a9c71e5575ae091450ac4b45c,2021-06,Lancashire Constabulary,Lancashire Constabulary,-2.874146,54.069312,On or near Supermarket,E01025112,Lancaster 006A,Shoplifting,Status update unavailable,
5658fa8bd92b8bc13066781ad87b8cc5227f3712fb3a2f8b87ad32575e3f817c,2021-06,Lancashire Constabulary,Lancashire Constabulary,-2.874146,54.069312,On or near Supermarket,E01025112,Lancaster 006A,Shoplifting,Status update unavailable,
c56d25e3459c9e169e20e384efe18a585d91a2e30ddb85247ddff80883d84dd5,2021-06,Lancashire Constabulary,Lancashire Constabulary,-2.874146,54.069312,On or near Supermarket,E01025112,Lancaster 006A,Shoplifting,Status update unavailable,
b20f3dad65ce2dd2a74750459b97960f619210e23fc63adc051e2a0ccac462f2,2021-06,Lancashire Constabulary,Lancashire Constabulary,-2.874146,54.069312,On or near Supermarket,E01025112,Lancaster 006A,Shoplifting,Status update unavailable,
44c1a0d02d80617dabbcea5918c85720d1d4a3618b638de2a1a73850346f14c7,2021-06,Lancashire Constabulary,Lancashire Constabulary,-2.874146,54.069312,On or near Supermarket,E01025112,Lancaster 006A,Shoplifting,Court result unavailable,
90c7ba3667481962e9c90ee6529a91cbb215f8c592964f9d7d1e7999c626eb86,2021-06,Lancashire Constabulary,Lancashire Constabulary,-2.874146,54.069312,On or near Supermarket,E01025112,Lancaster 006A,Shoplifting,Status update unavailable,
df5a62709f79a4210b418f50c60284a39499a893bde0869457f41c458b67568d,2021-06,Lancashire Constabulary,Lancashire Constabulary,-2.870145,54.069413,On or near Baycliffe Crescent,E01025112,Lancaster 006A,Shoplifting,Status update unavailable,
9f1dfb5f49292457f1ce52e78df935039a7f02a388ffd4702b670f9dd233c698,2021-06,Lancashire Constabulary,Lancashire Constabulary,-2.870145,54.069413,On or near Baycliffe Crescent,E01025112,Lancaster 006A,Shoplifting,Investigation complete; no suspect identified,
8d74027b943f4861ffb35706cd2087e7153a51062a07e8cb47ad35075901b200,2021-06,Lancashire Constabulary,Lancashire Constabulary,-2.874146,54.069312,On or near Supermarket,E01025112,Lancaster 006A,Shoplifting,Investigation complete; no suspect identified,
44fac36804bc0fc3cf3b20ce0ce2ea211c8666cc2cc53a8448ca0b923b3220b4,2021-06,Lancashire Constabulary,Lancashire Constabulary,-2.868743,54.069602,On or near Kilnbank Avenue,E01025112,Lancaster 006A,Violence and sexual offences,Unable to prosecute suspect,
f5b95dafa92753956972fb46f999ce2022d4cbf36358b16b69b2f3b6f5d493ff,2021-06,Lancashire Constabulary,Lancashire Constabulary,-2.869682,54.069946,On or near Longmire Way,E01025112,Lancaster 006A,Violence and sexual offences,Unable to prosecute suspect,
fc5c5c06ed224336ff4b1d407328c5a4ba8627ffff68a0019bd5d1d4602a3a89,2021-06,Lancashire Constabulary,Lancashire Constabulary,-2.874146,54.069312,On or near Supermarket,E01025112,Lancaster 006A,Violence and sexual offences,Investigation complete; no suspect identified,
99d05641b27798e7308a8fbe616044af4511327cdae2731a13b384c3756b6cf6,2021-06,Lancashire Constabulary,Lancashire Constabulary,-2.870145,54.069413,On or near Baycliffe Crescent,E01025112,Lancaster 006A,Violence and sexual offences,Unable to prosecute suspect,
9490878df02938f1d86ff9ab257e25228c03396fed4bc4e7eadbedc33bbee9f5,2021-06,Lancashire Constabulary,Lancashire Constabulary,-2.868743,54.069602,On or near Kilnbank Avenue,E01025112,Lancaster 006A,Violence and sexual offences,Unable to prosecute suspect,
52f3c42f8989cd682b8293bc1694624c0571514e2941ebd094d85da6fc1a6041,2021-06,Lancashire Constabulary,Lancashire Constabulary,-2.877710,54.067281,On or near West End Road,E01025112,Lancaster 006A,Violence and sexual offences,Unable to prosecute suspect,
a5002f3450374fdc845def7575adee31431b7d14bf62fbd9c4fd3492bc16508f,2021-06,Lancashire Constabulary,Lancashire Constabulary,-2.875371,54.067245,On or near West End Road,E01025112,Lancaster 006A,Violence and sexual offences,Unable to prosecute suspect,
3745f40881df330e94766eecd20138125442d543ed3aae621b0e756865dbaad7,2021-06,Lancashire Constabulary,Lancashire Constabulary,-2.873136,54.067036,On or near Westminster Avenue,E01025112,Lancaster 006A,Violence and sexual offences,Unable to prosecute suspect,
2fef735b984e951aaa691a5c7818d5ede637cbd3665aed08350d22caa3ae5ceb,2021-06,Lancashire Constabulary,Lancashire Constabulary,-2.877710,54.067281,On or near West End Road,E01025112,Lancaster 006A,Violence and sexual offences,Status update unavailable,
,2021-06,Lancashire Constabulary,Lancashire Constabulary,-2.862294,54.071824,On or near Queen Street,E01025136,Lancaster 006B,Anti-social behaviour,,
,2021-06,Lancashire Constabulary,Lancashire Constabulary,-2.867221,54.070629,On or near Central Drive,E01025136,Lancaster 006B,Anti-social behaviour,,
,2021-06,Lancashire Constabulary,Lancashire Constabulary,-2.857039,54.070414,On or near York Place,E01025136,Lancaster 006B,Anti-social behaviour,,
,2021-06,Lancashire Constabulary,Lancashire Constabulary,-2.857039,54.070414,On or near York Place,E01025136,Lancaster 006B,Anti-social behaviour,,
,2021-06,Lancashire Constabulary,Lancashire Constabulary,-2.862294,54.071824,On or near Queen Street,E01025136,Lancaster 006B,Anti-social behaviour,,
,2021-06,Lancashire Constabulary,Lancashire Constabulary,-2.858860,54.073520,On or near New Inn Yard,E01025136,Lancaster 006B,Anti-social behaviour,,
,2021-06,Lancashire Constabulary,Lancashire Constabulary,-2.861221,54.073836,On or near Old Market Court,E01025136,Lancaster 006B,Anti-social behaviour,,
,2021-06,Lancashire Constabulary,Lancashire Constabulary,-2.860108,54.073224,On or near Poulton Road,E01025136,Lancaster 006B,Anti-social behaviour,,
,2021-06,Lancashire Constabulary,Lancashire Constabulary,-2.859501,54.071979,On or near Westover Street,E01025136,Lancaster 006B,Anti-social behaviour,,
,2021-06,Lancashire Constabulary,Lancashire Constabulary,-2.859501,54.071979,On or near Westover Street,E01025136,Lancaster 006B,Anti-social behaviour,,
,2021-06,Lancashire Constabulary,Lancashire Constabulary,-2.861729,54.074012,On or near Townley Street,E01025136,Lancaster 006B,Anti-social behaviour,,
,2021-06,Lancashire Constabulary,Lancashire Constabulary,-2.859825,54.072857,On or near Hanover Street,E01025136,Lancaster 006B,Anti-social behaviour,,
,2021-06,Lancashire Constabulary,Lancashire Constabulary,-2.861961,54.074190,On or near Lucy Street,E01025136,Lancaster 006B,Anti-social behaviour,,
,2021-06,Lancashire Constabulary,Lancashire Constabulary,-2.856539,54.072117,On or near Alice Street,E01025136,Lancaster 006B,Anti-social behaviour,,
,2021-06,Lancashire Constabulary,Lancashire Constabulary,-2.861729,54.074012,On or near Townley Street,E01025136,Lancaster 006B,Anti-social behaviour,,
,2021-06,Lancashire Constabulary,Lancashire Constabulary,-2.862294,54.071824,On or near Queen Street,E01025136,Lancaster 006B,Anti-social behaviour,,
,2021-06,Lancashire Constabulary,Lancashire Constabulary,-2.859669,54.069731,On or near Whitmoor Close,E01025136,Lancaster 006B,Anti-social behaviour,,
,2021-06,Lancashire Constabulary,Lancashire Constabulary,-2.859825,54.072857,On or near Hanover Street,E01025136,Lancaster 006B,Anti-social behaviour,,
,2021-06,Lancashire Constabulary,Lancashire Constabulary,-2.861221,54.073836,On or near Old Market Court,E01025136,Lancaster 006B,Anti-social behaviour,,
17a01dc61418763189cc772584d56bd9af1ae3f59d78e96bfce1e4fd54cca85d,2021-06,Lancashire Constabulary,Lancashire Constabulary,-2.864713,54.070530,On or near West End Road,E01025136,Lancaster 006B,Criminal damage and arson,Unable to prosecute suspect,
00412ca3575f8e92698b381e5897bd99f2830a0c2d2a6ab9ad9558da083179d6,2021-06,Lancashire Constabulary,Lancashire Constabulary,-2.861729,54.074012,On or near Townley Street,E01025136,Lancaster 006B,Drugs,Status update unavailable,
64f3620d68d658e469ab4ff9a1f7b6080818306017ba1bfcf2a4f938b1a38743,2021-06,Lancashire Constabulary,Lancashire Constabulary,-2.857100,54.072625,On or near Ashton Road,E01025136,Lancaster 006B,Drugs,Status update unavailable,
ab6f40dfb2553fbd2289a90b4f1b039ed6e03f450f527323f75cfa30548f3103,2021-06,Lancashire Constabulary,Lancashire Constabulary,-2.857100,54.072625,On or near Ashton Road,E01025136,Lancaster 006B,Other theft,Investigation complete; no suspect identified,
ed54eceda55e0a1065a09f61c4a737333aca024f943b05f1b58bdce51a7d53ba,2021-06,Lancashire Constabulary,Lancashire Constabulary,-2.861221,54.073836,On or near Old Market Court,E01025136,Lancaster 006B,Other theft,Investigation complete; no suspect identified,
366ed2b283915538ad72923da1e43a0194fd55efa7d53bdc4d467af3bdcfe77c,2021-06,Lancashire Constabulary,Lancashire Constabulary,-2.864713,54.070530,On or near West End Road,E01025136,Lancaster 006B,Other theft,Further investigation is not in the public interest,
90c5c21df530e005500a10b2df512bdab7420f339b0d77f6554e3a2e2a47de52,2021-06,Lancashire Constabulary,Lancashire Constabulary,-2.859651,54.068868,On or near Whinsfell View,E01025136,Lancaster 006B,Other theft,Investigation complete; no suspect identified,
6d1b869d96bf0fb949aaf5d7658cbb8ec8aed568d65fdacb66a1097cde184883,2021-06,Lancashire Constabulary,Lancashire Constabulary,-2.859651,54.068868,On or near Whinsfell View,E01025136,Lancaster 006B,Public order,Unable to prosecute suspect,
d03515c5afd0c3524d8da3b95e3bf1b2d1322a1019f4b10262801db1a7a4dccc,2021-06,Lancashire Constabulary,Lancashire Constabulary,-2.863917,54.071192,On or near Euston Grove,E01025136,Lancaster 006B,Public order,Unable to prosecute suspect,
6561f75975947e679c8f8318af54e623329130ed0912a7ae05200a9136f4dcbb,2021-06,Lancashire Constabulary,Lancashire Constabulary,-2.861729,54.074012,On or near Townley Street,E01025136,Lancaster 006B,Public order,Unable to prosecute suspect,
d8ef9ff1686c99985ecf17d467149c76ec89150effdd5c0ecaf0b5abcb4562c8,2021-06,Lancashire Constabulary,Lancashire Constabulary,-2.862294,54.071824,On or near Queen Street,E01025136,Lancaster 006B,Vehicle crime,Investigation complete; no suspect identified,
7d4eddadc12aed2e8dcad304efdf7b27adc07f96705470c183f9d838b194948b,2021-06,Lancashire Constabulary,Lancashire Constabulary,-2.861729,54.074012,On or near Townley Street,E01025136,Lancaster 006B,Vehicle crime,Court result unavailable,
afa7dec1990ae9eebe1a20b667fcbcfcc3675f2fd3caa9061cf2376fb9251a9a,2021-06,Lancashire Constabulary,Lancashire Constabulary,-2.862294,54.071824,On or near Queen Street,E01025136,Lancaster 006B,Violence and sexual offences,Court result unavailable,
976ed9c3d2c72541dd5b2d9cdfa097f381c7b5afe3e8cace1186b80e4f4971f8,2021-06,Lancashire Constabulary,Lancashire Constabulary,-2.861729,54.074012,On or near Townley Street,E01025136,Lancaster 006B,Violence and sexual offences,Unable to prosecute suspect,
3bb30094f60e5f194788f7212c898a70fadc6c0cb6e35a7acc96be1c43e90949,2021-06,Lancashire Constabulary,Lancashire Constabulary,-2.859501,54.071979,On or near Westover Street,E01025136,Lancaster 006B,Violence and sexual offences,Status update unavailable,
a30ed3a5e7db84faca65a2b8d7fba1ca905f1a92cb6e249a49ab7f7ada815b22,2021-06,Lancashire Constabulary,Lancashire Constabulary,-2.863917,54.071192,On or near Euston Grove,E01025136,Lancaster 006B,Violence and sexual offences,Investigation complete; no suspect identified,
4a83fb5f7818a8c6ffb35354499221c0830512d5b3771ac5bc8db35ba8eecf37,2021-06,Lancashire Constabulary,Lancashire Constabulary,-2.862294,54.071824,On or near Queen Street,E01025136,Lancaster 006B,Violence and sexual offences,Court result unavailable,
07638db0f0bed3b045f8253217935ed2f878b224bb9bade58764db5c6277a27c,2021-06,Lancashire Constabulary,Lancashire Constabulary,-2.861729,54.074012,On or near Townley Street,E01025136,Lancaster 006B,Violence and sexual offences,Unable to prosecute suspect,
af0de180a50923e5140fb97af1b45ce2400fb74ba8e250e9b912bd5d0c56c6a4,2021-06,Lancashire Constabulary,Lancashire Constabulary,-2.861729,54.074012,On or near Townley Street,E01025136,Lancaster 006B,Violence and sexual offences,Further investigation is not in the public interest,
82c3719aeda86e22bf7f887985a24e64e7385e98381e718792a9ea931641c279,2021-06,Lancashire Constabulary,Lancashire Constabulary,-2.862294,54.071824,On or near Queen Street,E01025136,Lancaster 006B,Violence and sexual offences,Unable to prosecute suspect,
79b18c185d5bc003499c79b654e574e54e43feee748e02f33ff9fbcb0ea3a3a7,2021-06,Lancashire Constabulary,Lancashire Constabulary,-2.862562,54.073674,On or near Green Street,E01025136,Lancaster 006B,Violence and sexual offences,Unable to prosecute suspect,
7c2ad83ee4e3a27d210fbcd5a05d43be927073a9915b134ed750d6e881073340,2021-06,Lancashire Constabulary,Lancashire Constabulary,-2.862294,54.071824,On or near Queen Street,E01025136,Lancaster 006B,Violence and sexual offences,Unable to prosecute suspect,
5422ee922da886b9dd0c1531b4ec01a994d7919cd4e3115d314a97bad67f0d65,2021-06,Lancashire Constabulary,Lancashire Constabulary,-2.859501,54.071979,On or near Westover Street,E01025136,Lancaster 006B,Violence and sexual offences,Investigation complete; no suspect identified,
1b261c732b380d4026a8fb2aedcd28894f2bb43e66694c03f65055b39554d4bf,2021-06,Lancashire Constabulary,Lancashire Constabulary,-2.859501,54.071979,On or near Westover Street,E01025136,Lancaster 006B,Violence and sexual offences,Unable to prosecute suspect,
,2021-06,Lancashire Constabulary,Lancashire Constabulary,-2.852774,54.068090,On or near Netherlands Road,E01025138,Lancaster 006C,Anti-social behaviour,,
,2021-06,Lancashire Constabulary,Lancashire Constabulary,-2.855161,54.069772,On or near George Street,E01025138,Lancaster 006C,Anti-social behaviour,,
,2021-06,Lancashire Constabulary,Lancashire Constabulary,-2.856554,54.067632,On or near Sports/Recreation Area,E01025138,Lancaster 006C,Anti-social behaviour,,
,2021-06,Lancashire Constabulary,Lancashire Constabulary,-2.855161,54.069772,On or near George Street,E01025138,Lancaster 006C,Anti-social behaviour,,
,2021-06,Lancashire Constabulary,Lancashire Constabulary,-2.856554,54.067632,On or near Sports/Recreation Area,E01025138,Lancaster 006C,Anti-social behaviour,,
,2021-06,Lancashire Constabulary,Lancashire Constabulary,-2.852774,54.068090,On or near Netherlands Road,E01025138,Lancaster 006C,Anti-social behaviour,,
,2021-06,Lancashire Constabulary,Lancashire Constabulary,-2.852774,54.068090,On or near Netherlands Road,E01025138,Lancaster 006C,Anti-social behaviour,,
,2021-06,Lancashire Constabulary,Lancashire Constabulary,-2.850915,54.067609,On or near Brendjean Road,E01025138,Lancaster 006C,Anti-social behaviour,,
,2021-06,Lancashire Constabulary,Lancashire Constabulary,-2.852774,54.068090,On or near Netherlands Road,E01025138,Lancaster 006C,Anti-social behaviour,,
5691434166b686e09f0e1ea129ae2adf37b25e6eb6ba55d6f9c91608ff83678e,2021-06,Lancashire Constabulary,Lancashire Constabulary,-2.852774,54.068090,On or near Netherlands Road,E01025138,Lancaster 006C,Criminal damage and arson,Unable to prosecute suspect,
2e0ea93ffb37f6ea1e9d1cf1907c91ab8f09742fcec85eed4dd011e828823af8,2021-06,Lancashire Constabulary,Lancashire Constabulary,-2.852774,54.068090,On or near Netherlands Road,E01025138,Lancaster 006C,Other theft,Unable to prosecute suspect,
4fb737a282daab7d7f9d52ee8af2fed1316f8cc9721a36fc0741eac9ea1f6a7a,2021-06,Lancashire Constabulary,Lancashire Constabulary,-2.852152,54.069811,On or near Supermarket,E01025138,Lancaster 006C,Public order,Court result unavailable,
ace953498541dcdb37c6338444ca8473ff001e381fa6705c1cdb9fe428ddda2f,2021-06,Lancashire Constabulary,Lancashire Constabulary,-2.852152,54.069811,On or near Supermarket,E01025138,Lancaster 006C,Shoplifting,Status update unavailable,
b11567a417b1a47d393e1db5435e88694c8c991ce0a6d637af467255c91de6c0,2021-06,Lancashire Constabulary,Lancashire Constabulary,-2.850457,54.070623,On or near South Grove,E01025138,Lancaster 006C,Vehicle crime,Status update unavailable,
f6b2be95263f09f8831ca9bb5e3c56eb5e181825d033505b7d50e2b2e1d083f3,2021-06,Lancashire Constabulary,Lancashire Constabulary,-2.852774,54.068090,On or near Netherlands Road,E01025138,Lancaster 006C,Violence and sexual offences,Court result unavailable,
f092d9124f2ce3a6967b9ff49bf496b4789f92e6c1e1c7c7845630648db552c0,2021-06,Lancashire Constabulary,Lancashire Constabulary,-2.855161,54.069772,On or near George Street,E01025138,Lancaster 006C,Violence and sexual offences,Further investigation is not in the public interest,
a3af0219f4c4a3261b13459eaed220dfd9775e59015c43a4042136e7133377cc,2021-06,Lancashire Constabulary,Lancashire Constabulary,-2.856068,54.070008,On or near James Street,E01025138,Lancaster 006C,Violence and sexual offences,Investigation complete; no suspect identified,
,2021-06,Lancashire Constabulary,Lancashire Constabulary,-2.866850,54.072609,On or near Back Crescent Street,E01025139,Lancaster 006D,Anti-social behaviour,,
,2021-06,Lancashire Constabulary,Lancashire Constabulary,-2.866850,54.072609,On or near Back Crescent Street,E01025139,Lancaster 006D,Anti-social behaviour,,
,2021-06,Lancashire Constabulary,Lancashire Constabulary,-2.861490,54.072072,On or near Station Road,E01025139,Lancaster 006D,Anti-social behaviour,,
,2021-06,Lancashire Constabulary,Lancashire Constabulary,-2.862631,54.072585,On or near Lines Street,E01025139,Lancaster 006D,Anti-social behaviour,,
,2021-06,Lancashire Constabulary,Lancashire Constabulary,-2.866850,54.072609,On or near Back Crescent Street,E01025139,Lancaster 006D,Anti-social behaviour,,
,2021-06,Lancashire Constabulary,Lancashire Constabulary,-2.867419,54.072812,On or near Marine Road Central,E01025139,Lancaster 006D,Anti-social behaviour,,
,2021-06,Lancashire Constabulary,Lancashire Constabulary,-2.860289,54.073852,On or near Oxford Street,E01025139,Lancaster 006D,Anti-social behaviour,,
,2021-06,Lancashire Constabulary,Lancashire Constabulary,-2.860629,54.071099,On or near Wellington Terrace,E01025139,Lancaster 006D,Anti-social behaviour,,
,2021-06,Lancashire Constabulary,Lancashire Constabulary,-2.868105,54.071243,On or near Edward Street,E01025139,Lancaster 006D,Anti-social behaviour,,
,2021-06,Lancashire Constabulary,Lancashire Constabulary,-2.864399,54.072339,On or near Parking Area,E01025139,Lancaster 006D,Anti-social behaviour,,
,2021-06,Lancashire Constabulary,Lancashire Constabulary,-2.872759,54.070904,On or near Parking Area,E01025139,Lancaster 006D,Anti-social behaviour,,
,2021-06,Lancashire Constabulary,Lancashire Constabulary,-2.864399,54.072339,On or near Parking Area,E01025139,Lancaster 006D,Anti-social behaviour,,
,2021-06,Lancashire Constabulary,Lancashire Constabulary,-2.864261,54.073050,On or near Queen Street,E01025139,Lancaster 006D,Anti-social behaviour,,
,2021-06,Lancashire Constabulary,Lancashire Constabulary,-2.867419,54.072812,On or near Marine Road Central,E01025139,Lancaster 006D,Anti-social behaviour,,
,2021-06,Lancashire Constabulary,Lancashire Constabulary,-2.865300,54.073043,On or near Nelson Street,E01025139,Lancaster 006D,Anti-social behaviour,,
,2021-06,Lancashire Constabulary,Lancashire Constabulary,-2.866850,54.072609,On or near Back Crescent Street,E01025139,Lancaster 006D,Anti-social behaviour,,
,2021-06,Lancashire Constabulary,Lancashire Constabulary,-2.872759,54.070904,On or near Parking Area,E01025139,Lancaster 006D,Anti-social behaviour,,
,2021-06,Lancashire Constabulary,Lancashire Constabulary,-2.864261,54.073050,On or near Queen Street,E01025139,Lancaster 006D,Anti-social behaviour,,
,2021-06,Lancashire Constabulary,Lancashire Constabulary,-2.862631,54.072585,On or near Lines Street,E01025139,Lancaster 006D,Anti-social behaviour,,
,2021-06,Lancashire Constabulary,Lancashire Constabulary,-2.864986,54.071921,On or near Shopping Area,E01025139,Lancaster 006D,Anti-social behaviour,,
,2021-06,Lancashire Constabulary,Lancashire Constabulary,-2.863901,54.072639,On or near Back Queen Street,E01025139,Lancaster 006D,Anti-social behaviour,,
,2021-06,Lancashire Constabulary,Lancashire Constabulary,-2.864399,54.072339,On or near Parking Area,E01025139,Lancaster 006D,Anti-social behaviour,,
,2021-06,Lancashire Constabulary,Lancashire Constabulary,-2.860289,54.073852,On or near Oxford Street,E01025139,Lancaster 006D,Anti-social behaviour,,
,2021-06,Lancashire Constabulary,Lancashire Constabulary,-2.860629,54.071099,On or near Wellington Terrace,E01025139,Lancaster 006D,Anti-social behaviour,,
,2021-06,Lancashire Constabulary,Lancashire Constabulary,-2.860289,54.073852,On or near Oxford Street,E01025139,Lancaster 006D,Anti-social behaviour,,
,2021-06,Lancashire Constabulary,Lancashire Constabulary,-2.864986,54.071921,On or near Shopping Area,E01025139,Lancaster 006D,Anti-social behaviour,,
,2021-06,Lancashire Constabulary,Lancashire Constabulary,-2.864986,54.071921,On or near Shopping Area,E01025139,Lancaster 006D,Anti-social behaviour,,
,2021-06,Lancashire Constabulary,Lancashire Constabulary,-2.865300,54.073043,On or near Nelson Street,E01025139,Lancaster 006D,Anti-social behaviour,,
,2021-06,Lancashire Constabulary,Lancashire Constabulary,-2.866850,54.072609,On or near Back Crescent Street,E01025139,Lancaster 006D,Anti-social behaviour,,
,2021-06,Lancashire Constabulary,Lancashire Constabulary,-2.862337,54.074592,On or near Eidsforth Road,E01025139,Lancaster 006D,Anti-social behaviour,,
,2021-06,Lancashire Constabulary,Lancashire Constabulary,-2.859912,54.074870,On or near Lord Street,E01025139,Lancaster 006D,Anti-social behaviour,,
,2021-06,Lancashire Constabulary,Lancashire Constabulary,-2.860629,54.071099,On or near Wellington Terrace,E01025139,Lancaster 006D,Anti-social behaviour,,
,2021-06,Lancashire Constabulary,Lancashire Constabulary,-2.870454,54.071792,On or near Bath Street,E01025139,Lancaster 006D,Anti-social behaviour,,
,2021-06,Lancashire Constabulary,Lancashire Constabulary,-2.872759,54.070904,On or near Parking Area,E01025139,Lancaster 006D,Anti-social behaviour,,
,2021-06,Lancashire Constabulary,Lancashire Constabulary,-2.869381,54.072348,On or near West View Road,E01025139,Lancaster 006D,Anti-social behaviour,,
,2021-06,Lancashire Constabulary,Lancashire Constabulary,-2.866850,54.072609,On or near Back Crescent Street,E01025139,Lancaster 006D,Anti-social behaviour,,
,2021-06,Lancashire Constabulary,Lancashire Constabulary,-2.868538,54.072210,On or near Skipton Street,E01025139,Lancaster 006D,Anti-social behaviour,,
,2021-06,Lancashire Constabulary,Lancashire Constabulary,-2.862787,54.073447,On or near Back Green Street,E01025139,Lancaster 006D,Anti-social behaviour,,
,2021-06,Lancashire Constabulary,Lancashire Constabulary,-2.868538,54.072210,On or near Skipton Street,E01025139,Lancaster 006D,Anti-social behaviour,,
,2021-06,Lancashire Constabulary,Lancashire Constabulary,-2.860629,54.071099,On or near Wellington Terrace,E01025139,Lancaster 006D,Anti-social behaviour,,
,2021-06,Lancashire Constabulary,Lancashire Constabulary,-2.864986,54.071921,On or near Shopping Area,E01025139,Lancaster 006D,Anti-social behaviour,,
c6eb043ae1e2d66a38d6fcaf312924ebaff35e73a75984b34359d7843e049217,2021-06,Lancashire Constabulary,Lancashire Constabulary,-2.866850,54.072609,On or near Back Crescent Street,E01025139,Lancaster 006D,Bicycle theft,Investigation complete; no suspect identified,
e7e1b0631047b4b0319eb4b9b8fb9c8066cb796c6ee807dd795120062446c11f,2021-06,Lancashire Constabulary,Lancashire Constabulary,-2.862631,54.072585,On or near Lines Street,E01025139,Lancaster 006D,Bicycle theft,Investigation complete; no suspect identified,
0e72075dac88757ec78d0e056bf7505179f64d8650ed97024c43d3dad3b5ea6a,2021-06,Lancashire Constabulary,Lancashire Constabulary,-2.867651,54.072199,On or near Graham Street,E01025139,Lancaster 006D,Criminal damage and arson,Status update unavailable,
79db1e0afe9c9bd9a749a8d58e4f566a212bfe569b104bc1d511e3b9a94a438a,2021-06,Lancashire Constabulary,Lancashire Constabulary,-2.864399,54.072339,On or near Parking Area,E01025139,Lancaster 006D,Criminal damage and arson,Unable to prosecute suspect,
d39e206b835200ed39d19efce038b9dca3b3f668e7c8c4defae7e4399392c235,2021-06,Lancashire Constabulary,Lancashire Constabulary,-2.863374,54.073758,On or near Hall Street,E01025139,Lancaster 006D,Criminal damage and arson,Investigation complete; no suspect identified,
73c809e901c514400376af528d71091d016c48d68e525b1fd542354341d19555,2021-06,Lancashire Constabulary,Lancashire Constabulary,-2.862787,54.073447,On or near Back Green Street,E01025139,Lancaster 006D,Drugs,Further investigation is not in the public interest,
e66e99ddb1fa5584080be777fcdfa52216549987a40b7d968be2a0226294a7cf,2021-06,Lancashire Constabulary,Lancashire Constabulary,-2.864384,54.073831,On or near Back Morecambe Street,E01025139,Lancaster 006D,Drugs,Further investigation is not in the public interest,
c3ed38b926beb9a06b5b3d089f063a51d0cc03f2f1d0ece4f395286eb27b9bbc,2021-06,Lancashire Constabulary,Lancashire Constabulary,-2.871061,54.070826,On or near Parking Area,E01025139,Lancaster 006D,Drugs,Unable to prosecute suspect,
b80fcb2c2937244555c3e55efd3d99d868349b16b7ffc048c0861bdf39697a62,2021-06,Lancashire Constabulary,Lancashire Constabulary,-2.873269,54.070450,On or near Central Drive,E01025139,Lancaster 006D,Other theft,Investigation complete; no suspect identified,
6ac28278a71bd2a728281fd24433357e268c99b4f483c0ebb362634d3dae71f7,2021-06,Lancashire Constabulary,Lancashire Constabulary,-2.864261,54.073050,On or near Queen Street,E01025139,Lancaster 006D,Other theft,Status update unavailable,
39b8705c4663c7238ba4fac2fe26d70f1ddfef16683cc4c98f31fcbfb07b33ee,2021-06,Lancashire Constabulary,Lancashire Constabulary,-2.865300,54.073043,On or near Nelson Street,E01025139,Lancaster 006D,Other theft,Investigation complete; no suspect identified,
e7ab2a81dc83be386ee597cd42d2cf68ab1cb29e906ea100bbb60501d96d7345,2021-06,Lancashire Constabulary,Lancashire Constabulary,-2.862631,54.072585,On or near Lines Street,E01025139,Lancaster 006D,Other theft,Investigation complete; no suspect identified,
46d9b6f5e8f69704d06d9cc26b409ddb663e046e89f4518ecc50700b94092305,2021-06,Lancashire Constabulary,Lancashire Constabulary,-2.862337,54.074592,On or near Eidsforth Road,E01025139,Lancaster 006D,Other theft,Investigation complete; no suspect identified,
a2cb478a20cd111d15e42b9c6a57aa5b8a55382c62770223492ac3bfc1c54ddd,2021-06,Lancashire Constabulary,Lancashire Constabulary,-2.866850,54.072609,On or near Back Crescent Street,E01025139,Lancaster 006D,Possession of weapons,Unable to prosecute suspect,
54f407a59c78a109e330f916278b2d7681a1d4d33495fda09c7c3bf721185642,2021-06,Lancashire Constabulary,Lancashire Constabulary,-2.870454,54.071792,On or near Bath Street,E01025139,Lancaster 006D,Public order,Investigation complete; no suspect identified,
6714f7790d584df7754cbedb75d166d2bb6c0adae52fac5bd61c6b7eed7d4d51,2021-06,Lancashire Constabulary,Lancashire Constabulary,-2.861649,54.074579,On or near Clark Street,E01025139,Lancaster 006D,Public order,Status update unavailable,
73669bd4daf205737bb3cbd828f11b71b6dc4530290743a38c98ea325508bab3,2021-06,Lancashire Constabulary,Lancashire Constabulary,-2.863094,54.072771,On or near Theatre/Concert Hall,E01025139,Lancaster 006D,Public order,Offender given penalty notice,
73d1944ca33c5b0d538851c8da63cbf5b41565d5c736b88703f2ca3996491850,2021-06,Lancashire Constabulary,Lancashire Constabulary,-2.865300,54.073043,On or near Nelson Street,E01025139,Lancaster 006D,Public order,Investigation complete; no suspect identified,
1ce136f76d8233da1501db163c4076cdd7c82779161619a95e6540661ddec2df,2021-06,Lancashire Constabulary,Lancashire Constabulary,-2.863094,54.072771,On or near Theatre/Concert Hall,E01025139,Lancaster 006D,Public order,Investigation complete; no suspect identified,
c38a8316a0d04e8eadfb1df697302519dff5d14e23e5c4633b192f7f4662364d,2021-06,Lancashire Constabulary,Lancashire Constabulary,-2.866850,54.072609,On or near Back Crescent Street,E01025139,Lancaster 006D,Robbery,Investigation complete; no suspect identified,
cc101d48e5b1f47099388362a9dc5e62c9a26422e865c92b56e36539d03c63f5,2021-06,Lancashire Constabulary,Lancashire Constabulary,-2.864399,54.072339,On or near Parking Area,E01025139,Lancaster 006D,Robbery,Court result unavailable,
7028b7a52ca757558d4a57136b9abb9afc3ca2be12cbf7d4fdcce0436b5b726d,2021-06,Lancashire Constabulary,Lancashire Constabulary,-2.866850,54.072609,On or near Back Crescent Street,E01025139,Lancaster 006D,Robbery,Unable to prosecute suspect,
adf90183faf674a93065eed17ed4312b13ed01871ab644e61e296ac6e78a9d04,2021-06,Lancashire Constabulary,Lancashire Constabulary,-2.864986,54.071921,On or near Shopping Area,E01025139,Lancaster 006D,Shoplifting,Investigation complete; no suspect identified,
b1cd1247af25dbbd7d6011e4feac00f9f1300fd793685806d33c9f3ed8a643b7,2021-06,Lancashire Constabulary,Lancashire Constabulary,-2.864399,54.072339,On or near Parking Area,E01025139,Lancaster 006D,Shoplifting,Investigation complete; no suspect identified,
60801e806f18bf4823f19110b5698db9524a335c6df4d3ddb786a12c9c8ecf68,2021-06,Lancashire Constabulary,Lancashire Constabulary,-2.873269,54.070450,On or near Central Drive,E01025139,Lancaster 006D,Shoplifting,Status update unavailable,
3c10b77789071bd9cf8e2e1f9f68b87a7ea67717b77529c883a381b42629b8ee,2021-06,Lancashire Constabulary,Lancashire Constabulary,-2.866249,54.071634,On or near Supermarket,E01025139,Lancaster 006D,Shoplifting,Investigation complete; no suspect identified,
8211dced6a6a285be9d6cc4e219dc68dc5145f88d73d10e57d2b0ffc3eb8987d,2021-06,Lancashire Constabulary,Lancashire Constabulary,-2.873269,54.070450,On or near Central Drive,E01025139,Lancaster 006D,Shoplifting,Status update unavailable,
ee50eb5961aa40f448b72403252d4906ac5d6b5a9f9263bc6ee253d4c5b7f962,2021-06,Lancashire Constabulary,Lancashire Constabulary,-2.863094,54.072771,On or near Theatre/Concert Hall,E01025139,Lancaster 006D,Shoplifting,Status update unavailable,
42541fdc8cf118cfd9ee03325fdcb1c116fb62f1bd5f88e72283fbeb87eda7ce,2021-06,Lancashire Constabulary,Lancashire Constabulary,-2.866850,54.072609,On or near Back Crescent Street,E01025139,Lancaster 006D,Theft from the person,Unable to prosecute suspect,
b719d329739d254c41475c1ef290725b4f20f1904bd97eb253a85dcfbe9924be,2021-06,Lancashire Constabulary,Lancashire Constabulary,-2.866850,54.072609,On or near Back Crescent Street,E01025139,Lancaster 006D,Theft from the person,Investigation complete; no suspect identified,
4f0502b3e6aaaea0fd649b8f602820e6a0f70ff9ec5a53cb5b8df0ebf2d1634b,2021-06,Lancashire Constabulary,Lancashire Constabulary,-2.871061,54.070826,On or near Parking Area,E01025139,Lancaster 006D,Vehicle crime,Investigation complete; no suspect identified,
1decaf0f990d25e5ee883cc84d12a1f6be092c69ed670b7a03ce64593ea6ba01,2021-06,Lancashire Constabulary,Lancashire Constabulary,-2.866850,54.072609,On or near Back Crescent Street,E01025139,Lancaster 006D,Violence and sexual offences,Unable to prosecute suspect,
0b56b5a5f7ffd7a7acf92bed33cc27c7eb1e1e80cba8f34d6f359b585f5a4157,2021-06,Lancashire Constabulary,Lancashire Constabulary,-2.871061,54.070826,On or near Parking Area,E01025139,Lancaster 006D,Violence and sexual offences,Investigation complete; no suspect identified,
0ecd16e0e8a4e464463ab9b140a11e011537b43ac1bee8f69dbb105f64a73cbb,2021-06,Lancashire Constabulary,Lancashire Constabulary,-2.868538,54.072210,On or near Skipton Street,E01025139,Lancaster 006D,Violence and sexual offences,Court result unavailable,
7758a7a12137dc83dbd0a8a43b16df795afab8cf426a06fdd1427ea9d54fca3a,2021-06,Lancashire Constabulary,Lancashire Constabulary,-2.863944,54.073969,On or near Oldham Street,E01025139,Lancaster 006D,Violence and sexual offences,Unable to prosecute suspect,
38786719d5f8ef0fb53634a26890e8b0d7c6d3a07017636cf71144e588f117cc,2021-06,Lancashire Constabulary,Lancashire Constabulary,-2.862631,54.072585,On or near Lines Street,E01025139,Lancaster 006D,Violence and sexual offences,Unable to prosecute suspect,
766caf9a05913fa28d954c0e980f79d46897f341fbaccf431825e2648b25831a,2021-06,Lancashire Constabulary,Lancashire Constabulary,-2.864399,54.072339,On or near Parking Area,E01025139,Lancaster 006D,Violence and sexual offences,Unable to prosecute suspect,
ed93ab088df3d4a9d869e0ce490584acb2fda17ba17e61de26640bdecf17c915,2021-06,Lancashire Constabulary,Lancashire Constabulary,-2.867410,54.071625,On or near Union Street,E01025139,Lancaster 006D,Violence and sexual offences,Unable to prosecute suspect,
b657f41cb7aac4ff60f98819fd1b7d614754d988558998b53015bf171385d090,2021-06,Lancashire Constabulary,Lancashire Constabulary,-2.865300,54.073043,On or near Nelson Street,E01025139,Lancaster 006D,Violence and sexual offences,Unable to prosecute suspect,
c7b81f2b87c0e6a95e059275b8d9dd1b5dda2a70d730a31fce60640f2f020c0c,2021-06,Lancashire Constabulary,Lancashire Constabulary,-2.869381,54.072348,On or near West View Road,E01025139,Lancaster 006D,Violence and sexual offences,Unable to prosecute suspect,
8b1f1284f42c9ef276a107f15b16167f15b97017e15ccbc3870d39fb197317a7,2021-06,Lancashire Constabulary,Lancashire Constabulary,-2.862631,54.072585,On or near Lines Street,E01025139,Lancaster 006D,Violence and sexual offences,Court result unavailable,
7abbbd6f5fd57a04f4b7a61172099964c6fc660be29873bf146bf2f250b5cf9a,2021-06,Lancashire Constabulary,Lancashire Constabulary,-2.863901,54.072639,On or near Back Queen Street,E01025139,Lancaster 006D,Violence and sexual offences,Unable to prosecute suspect,
c171306eda059f5eb8797d2eec572985b2a94aa1521a06cf330a839d4cc57ea5,2021-06,Lancashire Constabulary,Lancashire Constabulary,-2.862631,54.072585,On or near Lines Street,E01025139,Lancaster 006D,Violence and sexual offences,Action to be taken by another organisation,
97254c3d906aba64416d512ec1ea50e924f1dfc76d9c71a0cef81a7926486f87,2021-06,Lancashire Constabulary,Lancashire Constabulary,-2.872759,54.070904,On or near Parking Area,E01025139,Lancaster 006D,Violence and sexual offences,Formal action is not in the public interest,
3ce3258c6b6881e94d983f124d768d3b022f5ac11caed8b6a67716dbe5177baf,2021-06,Lancashire Constabulary,Lancashire Constabulary,-2.864261,54.073050,On or near Queen Street,E01025139,Lancaster 006D,Violence and sexual offences,Investigation complete; no suspect identified,
3d6a6b7cc8f5086bc94c6c3228d28dcf4b0580060c585320fd8d5d64f0af8ff2,2021-06,Lancashire Constabulary,Lancashire Constabulary,-2.870454,54.071792,On or near Bath Street,E01025139,Lancaster 006D,Violence and sexual offences,Unable to prosecute suspect,
cf4e775e0ddd1a892b53728eaeecb19091e91186976b678f26708c601a20157d,2021-06,Lancashire Constabulary,Lancashire Constabulary,-2.862631,54.072585,On or near Lines Street,E01025139,Lancaster 006D,Violence and sexual offences,Investigation complete; no suspect identified,
b48199381861065cb1ff4740383bf757395843ed6ba34b334fa89553ca53814e,2021-06,Lancashire Constabulary,Lancashire Constabulary,-2.864399,54.072339,On or near Parking Area,E01025139,Lancaster 006D,Violence and sexual offences,Court result unavailable,
648b6d7bc428b1096e47293e129f661048cc154b975aab4cad893bdc0bfb85f9,2021-06,Lancashire Constabulary,Lancashire Constabulary,-2.862631,54.072585,On or near Lines Street,E01025139,Lancaster 006D,Violence and sexual offences,Unable to prosecute suspect,
e20b84e58a64d2eba45f9939354d0f81797ec281f297fcde5462ea62d5fe6349,2021-06,Lancashire Constabulary,Lancashire Constabulary,-2.860134,54.072271,On or near Kensington Road,E01025139,Lancaster 006D,Violence and sexual offences,Unable to prosecute suspect,
f6cdeec554bb939de2f85beda5d0b98b1993029c31e6412da0fdbbc789184261,2021-06,Lancashire Constabulary,Lancashire Constabulary,-2.862631,54.072585,On or near Lines Street,E01025139,Lancaster 006D,Violence and sexual offences,Unable to prosecute suspect,
4e676d13155dc03693e11fc247fc116e0e04ef155bce8cbef692d0aad20c4bbd,2021-06,Lancashire Constabulary,Lancashire Constabulary,-2.863901,54.072639,On or near Back Queen Street,E01025139,Lancaster 006D,Violence and sexual offences,Investigation complete; no suspect identified,
dbfd43ee06afea6a0d4efbe8de0dd1548d47119a3d7a6e0d76667765fdad5671,2021-06,Lancashire Constabulary,Lancashire Constabulary,-2.864261,54.073050,On or near Queen Street,E01025139,Lancaster 006D,Other crime,Further investigation is not in the public interest,
,2021-06,Lancashire Constabulary,Lancashire Constabulary,-2.855118,54.075821,On or near Victoria Parade,E01025140,Lancaster 006E,Anti-social behaviour,,
,2021-06,Lancashire Constabulary,Lancashire Constabulary,-2.854561,54.075519,On or near Thornton Avenue,E01025140,Lancaster 006E,Anti-social behaviour,,
,2021-06,Lancashire Constabulary,Lancashire Constabulary,-2.855118,54.075821,On or near Victoria Parade,E01025140,Lancaster 006E,Anti-social behaviour,,
,2021-06,Lancashire Constabulary,Lancashire Constabulary,-2.854561,54.075519,On or near Thornton Avenue,E01025140,Lancaster 006E,Anti-social behaviour,,
,2021-06,Lancashire Constabulary,Lancashire Constabulary,-2.855118,54.075821,On or near Victoria Parade,E01025140,Lancaster 006E,Anti-social behaviour,,
,2021-06,Lancashire Constabulary,Lancashire Constabulary,-2.854561,54.075519,On or near Thornton Avenue,E01025140,Lancaster 006E,Anti-social behaviour,,
,2021-06,Lancashire Constabulary,Lancashire Constabulary,-2.855118,54.075821,On or near Victoria Parade,E01025140,Lancaster 006E,Anti-social behaviour,,
,2021-06,Lancashire Constabulary,Lancashire Constabulary,-2.858869,54.075435,On or near Parking Area,E01025140,Lancaster 006E,Anti-social behaviour,,
,2021-06,Lancashire Constabulary,Lancashire Constabulary,-2.854561,54.075519,On or near Thornton Avenue,E01025140,Lancaster 006E,Anti-social behaviour,,
,2021-06,Lancashire Constabulary,Lancashire Constabulary,-2.858869,54.075435,On or near Parking Area,E01025140,Lancaster 006E,Anti-social behaviour,,
,2021-06,Lancashire Constabulary,Lancashire Constabulary,-2.855118,54.075821,On or near Victoria Parade,E01025140,Lancaster 006E,Anti-social behaviour,,
,2021-06,Lancashire Constabulary,Lancashire Constabulary,-2.854014,54.071946,On or near Bellfield Road,E01025140,Lancaster 006E,Anti-social behaviour,,
,2021-06,Lancashire Constabulary,Lancashire Constabulary,-2.854014,54.071946,On or near Bellfield Road,E01025140,Lancaster 006E,Anti-social behaviour,,
,2021-06,Lancashire Constabulary,Lancashire Constabulary,-2.855118,54.075821,On or near Victoria Parade,E01025140,Lancaster 006E,Anti-social behaviour,,
,2021-06,Lancashire Constabulary,Lancashire Constabulary,-2.855118,54.075821,On or near Victoria Parade,E01025140,Lancaster 006E,Anti-social behaviour,,
,2021-06,Lancashire Constabulary,Lancashire Constabulary,-2.855118,54.075821,On or near Victoria Parade,E01025140,Lancaster 006E,Anti-social behaviour,,
,2021-06,Lancashire Constabulary,Lancashire Constabulary,-2.858869,54.075435,On or near Parking Area,E01025140,Lancaster 006E,Anti-social behaviour,,
ef3815df7f3946fec8f34829d0e5a2038f535763c7c47c1c30dea896ecc3f973,2021-06,Lancashire Constabulary,Lancashire Constabulary,-2.854459,54.077237,On or near Marine Road East,E01025140,Lancaster 006E,Burglary,Status update unavailable,
b2a7c2fd30fefe18c8ec3f7f09e84d001a956d1106b7994d5d35686a00a20f58,2021-06,Lancashire Constabulary,Lancashire Constabulary,-2.858869,54.075435,On or near Parking Area,E01025140,Lancaster 006E,Criminal damage and arson,Investigation complete; no suspect identified,
82b830616a09af02e8e3563f2a8d6d9a88bd35dae4346e7c0c5182c6d0e30128,2021-06,Lancashire Constabulary,Lancashire Constabulary,-2.855118,54.075821,On or near Victoria Parade,E01025140,Lancaster 006E,Public order,Unable to prosecute suspect,
f947a8e1afda9e1eacd50e23e9c2434cf06640ee04f2d62e35d64ca7db9123ef,2021-06,Lancashire Constabulary,Lancashire Constabulary,-2.854287,54.074065,On or near Thornton Road,E01025140,Lancaster 006E,Public order,Status update unavailable,
33dd3e082149b29792e04eb12029798e9935d28feb8aa34bce066a085a7e0783,2021-06,Lancashire Constabulary,Lancashire Constabulary,-2.854561,54.075519,On or near Thornton Avenue,E01025140,Lancaster 006E,Public order,Action to be taken by another organisation,
07c3cfbc97308fe44c673e86f7cf9a10cea985f6caff8725710482371f5e8451,2021-06,Lancashire Constabulary,Lancashire Constabulary,-2.858869,54.075435,On or near Parking Area,E01025140,Lancaster 006E,Theft from the person,Unable to prosecute suspect,
7e57f2f05201077a677db5ef75f51d67a59961067dd15d227541c5fa9641e271,2021-06,Lancashire Constabulary,Lancashire Constabulary,-2.854561,54.075519,On or near Thornton Avenue,E01025140,Lancaster 006E,Violence and sexual offences,Action to be taken by another organisation,
323297b61150cf50d8b921b0a32135a795a6eec593c6bfe21bbbb311a2f2a65c,2021-06,Lancashire Constabulary,Lancashire Constabulary,-2.853771,54.073521,On or near Arnside Crescent,E01025140,Lancaster 006E,Violence and sexual offences,Court result unavailable,
97dde01ed3a01d5fc9b496ff295ce573f28bf50d1e991bb9501defe8aae5683d,2021-06,Lancashire Constabulary,Lancashire Constabulary,-2.853771,54.073521,On or near Arnside Crescent,E01025140,Lancaster 006E,Violence and sexual offences,Unable to prosecute suspect,
6f28032c3903b5f66923b3254dfbeddda5d83b0a3604e9bdee4fa7d90099bb57,2021-06,Lancashire Constabulary,Lancashire Constabulary,-2.854561,54.075519,On or near Thornton Avenue,E01025140,Lancaster 006E,Violence and sexual offences,Unable to prosecute suspect,
b80086e349f05c0f32010ef143bb2830e24a01e0dcfe2045b3a98cb927fbb74c,2021-06,Lancashire Constabulary,Lancashire Constabulary,-2.854561,54.075519,On or near Thornton Avenue,E01025140,Lancaster 006E,Violence and sexual offences,Unable to prosecute suspect,
661721154488480e859560e3b4cae96e951b67c50f1489bdda366828c656a424,2021-06,Lancashire Constabulary,Lancashire Constabulary,-2.857654,54.073538,On or near Police Station,E01025140,Lancaster 006E,Violence and sexual offences,Unable to prosecute suspect,
909426b1c7f97f706cb93d8f476f66a73dfb675ce3b3f1fcba7657d26ae602e0,2021-06,Lancashire Constabulary,Lancashire Constabulary,-2.854767,54.071401,On or near Melrose Avenue,E01025140,Lancaster 006E,Violence and sexual offences,Action to be taken by another organisation,
c4fe28a031434bd8bb8b1c8d37e679f9df09d8ac2b7bb02020c141e4048f34e3,2021-06,Lancashire Constabulary,Lancashire Constabulary,-2.857654,54.073538,On or near Police Station,E01025140,Lancaster 006E,Violence and sexual offences,Unable to prosecute suspect,
293fa4c2240303430ffa4fdf5bfd069382e7579277abe8e03b8297eb3945bda9,2021-06,Lancashire Constabulary,Lancashire Constabulary,-2.853771,54.073521,On or near Arnside Crescent,E01025140,Lancaster 006E,Violence and sexual offences,Unable to prosecute suspect,
b4acbca996fc37ee8e297f014bdc814458b6946a2039590f43c171ef7281bf3c,2021-06,Lancashire Constabulary,Lancashire Constabulary,-2.855715,54.074388,On or near Victoria Mews,E01025140,Lancaster 006E,Violence and sexual offences,Court result unavailable,
0f794979e46e872588721be0b700fa4bffbeb2661351dd8dc30780651a5c5cb1,2021-06,Lancashire Constabulary,Lancashire Constabulary,-2.855118,54.075821,On or near Victoria Parade,E01025140,Lancaster 006E,Violence and sexual offences,Status update unavailable,
,2021-06,Lancashire Constabulary,Lancashire Constabulary,-2.861502,54.066778,On or near Hestham Parade,E01025111,Lancaster 008A,Anti-social behaviour,,
,2021-06,Lancashire Constabulary,Lancashire Constabulary,-2.863424,54.066621,On or near Hidings Court Lane,E01025111,Lancaster 008A,Anti-social behaviour,,
,2021-06,Lancashire Constabulary,Lancashire Constabulary,-2.864885,54.067069,On or near Essington Avenue,E01025111,Lancaster 008A,Anti-social behaviour,,
,2021-06,Lancashire Constabulary,Lancashire Constabulary,-2.864885,54.067069,On or near Essington Avenue,E01025111,Lancaster 008A,Anti-social behaviour,,
46cdbdaea76d23a37dbb68d26a5230c97b6ca0dca52c713f316eec019d757626,2021-06,Lancashire Constabulary,Lancashire Constabulary,-2.866229,54.068470,On or near Sanders Grove,E01025111,Lancaster 008A,Criminal damage and arson,Unable to prosecute suspect,
18de2aceb5de6db1f858c5a39063a9278fbc8a6cc0a9fd7c6a124cba6b538dc5,2021-06,Lancashire Constabulary,Lancashire Constabulary,-2.867996,54.066031,On or near Janine Close,E01025111,Lancaster 008A,Other theft,Investigation complete; no suspect identified,
122746c56808994914fc0582e259afe07a01006110c6e60b6aad1b9d5b527118,2021-06,Lancashire Constabulary,Lancashire Constabulary,-2.864885,54.067069,On or near Essington Avenue,E01025111,Lancaster 008A,Public order,Further investigation is not in the public interest,
69b010bfd0da04ccd7601e603b777b5fcabdf9746b9cfeeaeadb250404185b30,2021-06,Lancashire Constabulary,Lancashire Constabulary,-2.865083,54.067741,On or near Carleton Street,E01025111,Lancaster 008A,Violence and sexual offences,Unable to prosecute suspect,
7fdd086fa03494b9091a24310dd855e6fa2b9b74947729c1ba56d0c9b876edcc,2021-06,Lancashire Constabulary,Lancashire Constabulary,-2.866229,54.068470,On or near Sanders Grove,E01025111,Lancaster 008A,Violence and sexual offences,Unable to prosecute suspect,
,2021-06,Lancashire Constabulary,Lancashire Constabulary,-2.869290,54.062157,On or near Fairbank Grove,E01025113,Lancaster 008B,Anti-social behaviour,,
,2021-06,Lancashire Constabulary,Lancashire Constabulary,-2.874487,54.062236,On or near Windsor Road,E01025113,Lancaster 008B,Anti-social behaviour,,
,2021-06,Lancashire Constabulary,Lancashire Constabulary,-2.869290,54.062157,On or near Fairbank Grove,E01025113,Lancaster 008B,Anti-social behaviour,,
,2021-06,Lancashire Constabulary,Lancashire Constabulary,-2.874487,54.062236,On or near Windsor Road,E01025113,Lancaster 008B,Anti-social behaviour,,
,2021-06,Lancashire Constabulary,Lancashire Constabulary,-2.872456,54.060848,On or near Buckingham Place,E01025113,Lancaster 008B,Anti-social behaviour,,
,2021-06,Lancashire Constabulary,Lancashire Constabulary,-2.872456,54.060848,On or near Buckingham Place,E01025113,Lancaster 008B,Anti-social behaviour,,
,2021-06,Lancashire Constabulary,Lancashire Constabulary,-2.869290,54.062157,On or near Fairbank Grove,E01025113,Lancaster 008B,Anti-social behaviour,,
,2021-06,Lancashire Constabulary,Lancashire Constabulary,-2.873315,54.065354,On or near Regent Park Grove,E01025113,Lancaster 008B,Anti-social behaviour,,
,2021-06,Lancashire Constabulary,Lancashire Constabulary,-2.871272,54.061962,On or near Bellamy Avenue,E01025113,Lancaster 008B,Anti-social behaviour,,
,2021-06,Lancashire Constabulary,Lancashire Constabulary,-2.869290,54.062157,On or near Fairbank Grove,E01025113,Lancaster 008B,Anti-social behaviour,,
,2021-06,Lancashire Constabulary,Lancashire Constabulary,-2.867130,54.063341,On or near Needham Avenue,E01025113,Lancaster 008B,Anti-social behaviour,,
9201cd91ff6351f6cd833e8c5b47c413d4e15a44e48feaade0d31f65c688b877,2021-06,Lancashire Constabulary,Lancashire Constabulary,-2.875634,54.062299,On or near Scott Road,E01025113,Lancaster 008B,Criminal damage and arson,Investigation complete; no suspect identified,
8c9280389c93776635d87e9be03ec2594c4473a8b4424d41a9c01bf269ca9a15,2021-06,Lancashire Constabulary,Lancashire Constabulary,-2.869290,54.062157,On or near Fairbank Grove,E01025113,Lancaster 008B,Other theft,Status update unavailable,
feed1e654e7b9b9a0dfd8dd6f328317a9629be74bef23632583727a9f62eddbf,2021-06,Lancashire Constabulary,Lancashire Constabulary,-2.869290,54.062157,On or near Fairbank Grove,E01025113,Lancaster 008B,Public order,Investigation complete; no suspect identified,
7ef04392a6eecb2269d329fe861163f8f670a2f254d259d13c15d82c4a327745,2021-06,Lancashire Constabulary,Lancashire Constabulary,-2.869290,54.062157,On or near Fairbank Grove,E01025113,Lancaster 008B,Vehicle crime,Investigation complete; no suspect identified,
5e0190af9ade9cc310ae1a0d57f47323684880215f8f040f8ca479fe33271db4,2021-06,Lancashire Constabulary,Lancashire Constabulary,-2.869614,54.065965,On or near Acre Moss Lane,E01025113,Lancaster 008B,Vehicle crime,Investigation complete; no suspect identified,
1c64539489411cc15896254254497db3d957b79ffca9884abfcfb3e43d2d948e,2021-06,Lancashire Constabulary,Lancashire Constabulary,-2.872456,54.060848,On or near Buckingham Place,E01025113,Lancaster 008B,Violence and sexual offences,Unable to prosecute suspect,
72f72784d9464d3151367bc2a683f8de76711fd90d51a98957844f961039b9ec,2021-06,Lancashire Constabulary,Lancashire Constabulary,-2.874487,54.062236,On or near Windsor Road,E01025113,Lancaster 008B,Violence and sexual offences,Further investigation is not in the public interest,
097d29a8b9eab207e080154e2b94fa49499e96668e6049e2d7833e2a1958c433,2021-06,Lancashire Constabulary,Lancashire Constabulary,-2.874487,54.062236,On or near Windsor Road,E01025113,Lancaster 008B,Violence and sexual offences,Further investigation is not in the public interest,
9cc659c774723bf425e78e6c1a00ee433438a5a037126767e2f13c6ce83eb126,2021-06,Lancashire Constabulary,Lancashire Constabulary,-2.873657,54.061999,On or near Osborne Road,E01025113,Lancaster 008B,Violence and sexual offences,Unable to prosecute suspect,
a8911befae58d41a44cdc9445920f45fe84f920fcdb3cd368a31f6eee7dbf8df,2021-06,Lancashire Constabulary,Lancashire Constabulary,-2.873315,54.065354,On or near Regent Park Grove,E01025113,Lancaster 008B,Violence and sexual offences,Unable to prosecute suspect,
d530f21d68bd7cfe1d6b89cc8cb2985616a6b721afbc50f2a6a57eecece5791a,2021-06,Lancashire Constabulary,Lancashire Constabulary,-2.872665,54.064999,On or near Lake Grove,E01025113,Lancaster 008B,Violence and sexual offences,Further investigation is not in the public interest,
,2021-06,Lancashire Constabulary,Lancashire Constabulary,-2.879067,54.062076,On or near Clevelands Walk,E01025118,Lancaster 008C,Anti-social behaviour,,
,2021-06,Lancashire Constabulary,Lancashire Constabulary,-2.878393,54.061299,On or near Clevelands Avenue,E01025118,Lancaster 008C,Anti-social behaviour,,
,2021-06,Lancashire Constabulary,Lancashire Constabulary,-2.879067,54.062076,On or near Clevelands Walk,E01025118,Lancaster 008C,Anti-social behaviour,,
,2021-06,Lancashire Constabulary,Lancashire Constabulary,-2.880390,54.062534,On or near Back Avondale Road (East),E01025118,Lancaster 008C,Anti-social behaviour,,
,2021-06,Lancashire Constabulary,Lancashire Constabulary,-2.880390,54.062534,On or near Back Avondale Road (East),E01025118,Lancaster 008C,Anti-social behaviour,,
,2021-06,Lancashire Constabulary,Lancashire Constabulary,-2.880390,54.062534,On or near Back Avondale Road (East),E01025118,Lancaster 008C,Anti-social behaviour,,
267418b9b2e235f2133974a71f97599bf10f9c7ddb905a7c2f20af194fd6dd8d,2021-06,Lancashire Constabulary,Lancashire Constabulary,-2.880390,54.062534,On or near Back Avondale Road (East),E01025118,Lancaster 008C,Criminal damage and arson,Unable to prosecute suspect,
2e2e2667d433f26ef66c78ab16713d89fd6a5a8527ae2e3eb1f3f5a48e51c970,2021-06,Lancashire Constabulary,Lancashire Constabulary,-2.880390,54.062534,On or near Back Avondale Road (East),E01025118,Lancaster 008C,Public order,Court result unavailable,
91a54f57e8fb77235c2e530774c63eca1d1c8e44801b83d17b24270e66171793,2021-06,Lancashire Constabulary,Lancashire Constabulary,-2.880390,54.062534,On or near Back Avondale Road (East),E01025118,Lancaster 008C,Public order,Status update unavailable,
c8942f9fb9946b45038f31b8dd4b49ce24263606eca4a8a16df64d0cb5c6dde5,2021-06,Lancashire Constabulary,Lancashire Constabulary,-2.880390,54.062534,On or near Back Avondale Road (East),E01025118,Lancaster 008C,Shoplifting,Investigation complete; no suspect identified,
fd06e6c954fed67ea97059d77e882d864067a26dfa9446dbf77b40124f2d7165,2021-06,Lancashire Constabulary,Lancashire Constabulary,-2.876575,54.062742,On or near Devonshire Road,E01025118,Lancaster 008C,Violence and sexual offences,Unable to prosecute suspect,
e0b13423edf539222ea50c12520f8e9aad270d066c5effedeebf6261fa84fe8e,2021-06,Lancashire Constabulary,Lancashire Constabulary,-2.880390,54.062534,On or near Back Avondale Road (East),E01025118,Lancaster 008C,Violence and sexual offences,Unable to prosecute suspect,
7349d0596316a53fcdd2113156b240399e6fcdeb41005fe1517aef98717e9f6e,2021-06,Lancashire Constabulary,Lancashire Constabulary,-2.877819,54.061600,On or near Clevelands Grove,E01025118,Lancaster 008C,Violence and sexual offences,Unable to prosecute suspect,
a8636ced6abd974d390509070f9897695332899baa9749b423dcb45e473f4065,2021-06,Lancashire Constabulary,Lancashire Constabulary,-2.877819,54.061600,On or near Clevelands Grove,E01025118,Lancaster 008C,Violence and sexual offences,Unable to prosecute suspect,
9cdbf8de415b4657e6f95aa1ff73fdd8b299cc8ae5767979eeee4b9c8cbdda4c,2021-06,Lancashire Constabulary,Lancashire Constabulary,-2.876575,54.062742,On or near Devonshire Road,E01025118,Lancaster 008C,Violence and sexual offences,Status update unavailable,
f17f1160fae530c5ed938919ce78424b3523e00f8fef3a617cf26c5e620390b1,2021-06,Lancashire Constabulary,Lancashire Constabulary,-2.879067,54.062076,On or near Clevelands Walk,E01025118,Lancaster 008C,Violence and sexual offences,Unable to prosecute suspect,
1b3b0847d4c787544ff89b4b4a04db2fe26591034976585fb67cb43869e7f826,2021-06,Lancashire Constabulary,Lancashire Constabulary,-2.877819,54.061600,On or near Clevelands Grove,E01025118,Lancaster 008C,Violence and sexual offences,Unable to prosecute suspect,
ad831611b5e448b6dd541a49f5023b9a9075e1515aa1fc406e251ff6f06e88a2,2021-06,Lancashire Constabulary,Lancashire Constabulary,-2.880390,54.062534,On or near Back Avondale Road (East),E01025118,Lancaster 008C,Violence and sexual offences,Local resolution,
0753765338d6e26f27e2a9cfaecaff78cc2e6817f3c32c728d4b08c1f156fee4,2021-06,Lancashire Constabulary,Lancashire Constabulary,-2.873549,54.060499,On or near Buckingham Grove,E01025118,Lancaster 008C,Violence and sexual offences,Unable to prosecute suspect,
0757cd7eeb9aff671b72d90c14434463ff67ad7af80e05da3b14f46b97f0178e,2021-06,Lancashire Constabulary,Lancashire Constabulary,-2.879067,54.062076,On or near Clevelands Walk,E01025118,Lancaster 008C,Violence and sexual offences,Unable to prosecute suspect,
1926f20d2d3b7ab410e5b07a01742f3c81f654d01d1fc4a504c67c6e3249a984,2021-06,Lancashire Constabulary,Lancashire Constabulary,-2.881003,54.062611,On or near Back Avondale Road (East),E01025118,Lancaster 008C,Violence and sexual offences,Unable to prosecute suspect,
e525ff284f30ba513440448e40eaaa1d48ae0c5f1b61b7bbb1e8945848d64a7f,2021-06,Lancashire Constabulary,Lancashire Constabulary,-2.879067,54.062076,On or near Clevelands Walk,E01025118,Lancaster 008C,Violence and sexual offences,Action to be taken by another organisation,
6b938d09ed00bff95c3ff263e28c284b0acd592567aa4e850d8cb779707d6e8a,2021-06,Lancashire Constabulary,Lancashire Constabulary,-2.877819,54.061600,On or near Clevelands Grove,E01025118,Lancaster 008C,Violence and sexual offences,Unable to prosecute suspect,
2e0a80a30d646c035a2a5c93fa0fbf5e831166ac2f33f5dbf8c392c3e0cf3f11,2021-06,Lancashire Constabulary,Lancashire Constabulary,-2.880390,54.062534,On or near Back Avondale Road (East),E01025118,Lancaster 008C,Violence and sexual offences,Unable to prosecute suspect,
,2021-06,Lancashire Constabulary,Lancashire Constabulary,-2.884376,54.060995,On or near Hampton Road,E01025119,Lancaster 008D,Anti-social behaviour,,
,2021-06,Lancashire Constabulary,Lancashire Constabulary,-2.884376,54.060995,On or near Hampton Road,E01025119,Lancaster 008D,Anti-social behaviour,,
,2021-06,Lancashire Constabulary,Lancashire Constabulary,-2.882347,54.058242,On or near Lordsome Road,E01025119,Lancaster 008D,Anti-social behaviour,,
,2021-06,Lancashire Constabulary,Lancashire Constabulary,-2.880618,54.059584,On or near Maple Avenue,E01025119,Lancaster 008D,Anti-social behaviour,,
,2021-06,Lancashire Constabulary,Lancashire Constabulary,-2.884319,54.058326,On or near Seathwaite Avenue,E01025119,Lancaster 008D,Anti-social behaviour,,
,2021-06,Lancashire Constabulary,Lancashire Constabulary,-2.884096,54.061455,On or near Westminster Road,E01025119,Lancaster 008D,Anti-social behaviour,,
,2021-06,Lancashire Constabulary,Lancashire Constabulary,-2.884319,54.058326,On or near Seathwaite Avenue,E01025119,Lancaster 008D,Anti-social behaviour,,
,2021-06,Lancashire Constabulary,Lancashire Constabulary,-2.880618,54.059584,On or near Maple Avenue,E01025119,Lancaster 008D,Anti-social behaviour,,
,2021-06,Lancashire Constabulary,Lancashire Constabulary,-2.883191,54.054128,On or near Burnham Court,E01025119,Lancaster 008D,Anti-social behaviour,,
,2021-06,Lancashire Constabulary,Lancashire Constabulary,-2.879788,54.060058,On or near Myrtle Grove,E01025119,Lancaster 008D,Anti-social behaviour,,
,2021-06,Lancashire Constabulary,Lancashire Constabulary,-2.882347,54.058242,On or near Lordsome Road,E01025119,Lancaster 008D,Anti-social behaviour,,
,2021-06,Lancashire Constabulary,Lancashire Constabulary,-2.884319,54.058326,On or near Seathwaite Avenue,E01025119,Lancaster 008D,Anti-social behaviour,,
,2021-06,Lancashire Constabulary,Lancashire Constabulary,-2.884096,54.061455,On or near Westminster Road,E01025119,Lancaster 008D,Anti-social behaviour,,
cd511553ec1c6e9cf2fe7736eefecf82464061616b16e23b122e3e52bb8c39e7,2021-06,Lancashire Constabulary,Lancashire Constabulary,-2.879788,54.060058,On or near Myrtle Grove,E01025119,Lancaster 008D,Burglary,Unable to prosecute suspect,
7851bacbd1f1967844c0f62ed9ab073786ccfa926579fd438cec4abb6a33c1c3,2021-06,Lancashire Constabulary,Lancashire Constabulary,-2.884096,54.061455,On or near Westminster Road,E01025119,Lancaster 008D,Criminal damage and arson,Unable to prosecute suspect,
5726298eb70e68f808c49378ffbbc4d8f326a8f214cd3bca1bda59fa76ff241e,2021-06,Lancashire Constabulary,Lancashire Constabulary,-2.884547,54.058962,On or near Fairfield Grove,E01025119,Lancaster 008D,Drugs,Court result unavailable,
60645eeea2ed50af9c6f5a3e60b4ff9dd9cd061edcd799f2650bf3239b07fa2e,2021-06,Lancashire Constabulary,Lancashire Constabulary,-2.882234,54.059429,On or near Norfolk Avenue,E01025119,Lancaster 008D,Other theft,Investigation complete; no suspect identified,
1b30f00356672960f1c12b38583c500ad545fac00ff8e3c10435087e04eccf66,2021-06,Lancashire Constabulary,Lancashire Constabulary,-2.879788,54.060058,On or near Myrtle Grove,E01025119,Lancaster 008D,Other theft,Unable to prosecute suspect,
136978201eb436ecd928c313c0a70cf3b6427710878937ab0eb45fde51d13acb,2021-06,Lancashire Constabulary,Lancashire Constabulary,-2.884099,54.060170,On or near Moorlands Grove,E01025119,Lancaster 008D,Violence and sexual offences,Unable to prosecute suspect,
6bfbfa6e887b54602f0c1b4950304829e1718e8033d62ee1e8ab51adb6284d6a,2021-06,Lancashire Constabulary,Lancashire Constabulary,-2.882234,54.059429,On or near Norfolk Avenue,E01025119,Lancaster 008D,Violence and sexual offences,Investigation complete; no suspect identified,
6e92888ca0ccc08be1bf052dfbd352ebdcff7bd81f1ace8f467fc5670f897d72,2021-06,Lancashire Constabulary,Lancashire Constabulary,-2.879788,54.060058,On or near Myrtle Grove,E01025119,Lancaster 008D,Violence and sexual offences,Status update unavailable,
3ea4af7a63ce4144e0fcf5d52ddcc201b68fa6aa498897447e11d545bbea2bf0,2021-06,Lancashire Constabulary,Lancashire Constabulary,-2.883191,54.054128,On or near Burnham Court,E01025119,Lancaster 008D,Violence and sexual offences,Unable to prosecute suspect,
9df1ab2aaaef46b9c9b78bc3cdfa0388d811d3b01e2f74d6bb4d7e937cee43e6,2021-06,Lancashire Constabulary,Lancashire Constabulary,-2.879788,54.060058,On or near Myrtle Grove,E01025119,Lancaster 008D,Violence and sexual offences,Status update unavailable,
4d7d7b6f2fb74d3a4bbbf03695b17519bdf51a22b57d2067bcc5cc43c115e657,2021-06,Lancashire Constabulary,Lancashire Constabulary,-2.879788,54.060058,On or near Myrtle Grove,E01025119,Lancaster 008D,Violence and sexual offences,Unable to prosecute suspect,
81e33f923a6e347c9443666caf0cfb2a75d4f507081a67b62a906e706986c029,2021-06,Lancashire Constabulary,Lancashire Constabulary,-2.879788,54.060058,On or near Myrtle Grove,E01025119,Lancaster 008D,Violence and sexual offences,Unable to prosecute suspect,
71666b0d8ad982d9c5b9f11a689d74d6aed45701fb2aa1a4c41de566df136da6,2021-06,Lancashire Constabulary,Lancashire Constabulary,-2.879788,54.060058,On or near Myrtle Grove,E01025119,Lancaster 008D,Violence and sexual offences,Local resolution,
,2021-06,Lancashire Constabulary,Lancashire Constabulary,-2.881439,54.065861,On or near Marine Road West,E01025110,Lancaster 009A,Anti-social behaviour,,
,2021-06,Lancashire Constabulary,Lancashire Constabulary,-2.876879,54.064834,On or near Chatsworth Road,E01025110,Lancaster 009A,Anti-social behaviour,,
,2021-06,Lancashire Constabulary,Lancashire Constabulary,-2.876754,54.063963,On or near Balmoral Road,E01025110,Lancaster 009A,Anti-social behaviour,,
,2021-06,Lancashire Constabulary,Lancashire Constabulary,-2.875846,54.062954,On or near Lake Road,E01025110,Lancaster 009A,Anti-social behaviour,,
,2021-06,Lancashire Constabulary,Lancashire Constabulary,-2.876879,54.064834,On or near Chatsworth Road,E01025110,Lancaster 009A,Anti-social behaviour,,
,2021-06,Lancashire Constabulary,Lancashire Constabulary,-2.881439,54.065861,On or near Marine Road West,E01025110,Lancaster 009A,Anti-social behaviour,,
,2021-06,Lancashire Constabulary,Lancashire Constabulary,-2.876754,54.063963,On or near Balmoral Road,E01025110,Lancaster 009A,Anti-social behaviour,,
,2021-06,Lancashire Constabulary,Lancashire Constabulary,-2.880468,54.064754,On or near East Street,E01025110,Lancaster 009A,Anti-social behaviour,,
,2021-06,Lancashire Constabulary,Lancashire Constabulary,-2.879908,54.065710,On or near Regent Road,E01025110,Lancaster 009A,Anti-social behaviour,,
,2021-06,Lancashire Constabulary,Lancashire Constabulary,-2.878329,54.064769,On or near Westminster Road,E01025110,Lancaster 009A,Anti-social behaviour,,
,2021-06,Lancashire Constabulary,Lancashire Constabulary,-2.878329,54.064769,On or near Westminster Road,E01025110,Lancaster 009A,Anti-social behaviour,,
,2021-06,Lancashire Constabulary,Lancashire Constabulary,-2.878329,54.064769,On or near Westminster Road,E01025110,Lancaster 009A,Anti-social behaviour,,
,2021-06,Lancashire Constabulary,Lancashire Constabulary,-2.879597,54.066180,On or near Yorkshire Street East,E01025110,Lancaster 009A,Anti-social behaviour,,
,2021-06,Lancashire Constabulary,Lancashire Constabulary,-2.881439,54.065861,On or near Marine Road West,E01025110,Lancaster 009A,Anti-social behaviour,,
,2021-06,Lancashire Constabulary,Lancashire Constabulary,-2.876754,54.063963,On or near Balmoral Road,E01025110,Lancaster 009A,Anti-social behaviour,,
,2021-06,Lancashire Constabulary,Lancashire Constabulary,-2.878329,54.064769,On or near Westminster Road,E01025110,Lancaster 009A,Anti-social behaviour,,
,2021-06,Lancashire Constabulary,Lancashire Constabulary,-2.878329,54.064769,On or near Westminster Road,E01025110,Lancaster 009A,Anti-social behaviour,,
,2021-06,Lancashire Constabulary,Lancashire Constabulary,-2.878728,54.067022,On or near Back Marine Road,E01025110,Lancaster 009A,Anti-social behaviour,,
,2021-06,Lancashire Constabulary,Lancashire Constabulary,-2.876754,54.063963,On or near Balmoral Road,E01025110,Lancaster 009A,Anti-social behaviour,,
,2021-06,Lancashire Constabulary,Lancashire Constabulary,-2.875037,54.064407,On or near Albert Road,E01025110,Lancaster 009A,Anti-social behaviour,,
,2021-06,Lancashire Constabulary,Lancashire Constabulary,-2.876315,54.063445,On or near Regent Park Avenue,E01025110,Lancaster 009A,Anti-social behaviour,,
,2021-06,Lancashire Constabulary,Lancashire Constabulary,-2.879597,54.066180,On or near Yorkshire Street East,E01025110,Lancaster 009A,Anti-social behaviour,,
484a9f9b611470069dc50268820916fd4a9d464e524887c68e053df583687d51,2021-06,Lancashire Constabulary,Lancashire Constabulary,-2.876879,54.064834,On or near Chatsworth Road,E01025110,Lancaster 009A,Bicycle theft,Investigation complete; no suspect identified,
e2a9a42d89e14c1bbc90211aacdd69c1b26e9353a1f72aa456bd7ef82e3f9ed2,2021-06,Lancashire Constabulary,Lancashire Constabulary,-2.879118,54.065923,On or near Claremont Road,E01025110,Lancaster 009A,Burglary,Investigation complete; no suspect identified,
7eab983ca76840d34ac7f5abaa62c74202aad0dceb435d21cf8463295d2f18f8,2021-06,Lancashire Constabulary,Lancashire Constabulary,-2.880074,54.066338,On or near Lancashire Street,E01025110,Lancaster 009A,Criminal damage and arson,Investigation complete; no suspect identified,
7bed8cc3469b84d2d095c5a2366865ab63c6e1df0b5fb615227f547bc074a06f,2021-06,Lancashire Constabulary,Lancashire Constabulary,-2.876754,54.063963,On or near Balmoral Road,E01025110,Lancaster 009A,Criminal damage and arson,Status update unavailable,
3376c64dcf6f02f68530423efc0bc58014d54c5f7d5641e0580325aeefbf6400,2021-06,Lancashire Constabulary,Lancashire Constabulary,-2.876754,54.063963,On or near Balmoral Road,E01025110,Lancaster 009A,Criminal damage and arson,Investigation complete; no suspect identified,
10a516b71623384da8a013c05786fbc6322867b73b62a55789d695a9a829ec34,2021-06,Lancashire Constabulary,Lancashire Constabulary,-2.876754,54.063963,On or near Balmoral Road,E01025110,Lancaster 009A,Criminal damage and arson,Status update unavailable,
20c2c526134fee6acdb96a0658282d1385c7c7e1ea7d3a0eb5f2588d884c9ce5,2021-06,Lancashire Constabulary,Lancashire Constabulary,-2.876754,54.063963,On or near Balmoral Road,E01025110,Lancaster 009A,Drugs,Further investigation is not in the public interest,
ef937dc8218a8a5483c0dcd5b9990db4b05bc01c09501311ffee7fcb765218fb,2021-06,Lancashire Constabulary,Lancashire Constabulary,-2.876982,54.067565,On or near Back West End Road North,E01025110,Lancaster 009A,Public order,Status update unavailable,
93d5eeeb36943a6c663611beb61cb3000df3c03ac3db26e3c984f6102ec0ae04,2021-06,Lancashire Constabulary,Lancashire Constabulary,-2.877577,54.066069,On or near Clarendon Road East,E01025110,Lancaster 009A,Public order,Unable to prosecute suspect,
d1b99346d10252ec7b0fe30ebf8c0675483e38fe0328a05482460da05da35420,2021-06,Lancashire Constabulary,Lancashire Constabulary,-2.876754,54.063963,On or near Balmoral Road,E01025110,Lancaster 009A,Public order,Unable to prosecute suspect,
0e636b255965aa6f6c2ebde0c8e2c97e48f042dd06a6b33d57a5a8055d7ad7b4,2021-06,Lancashire Constabulary,Lancashire Constabulary,-2.878682,54.064830,On or near Supermarket,E01025110,Lancaster 009A,Public order,Unable to prosecute suspect,
2522497490e9646797b7c223d39d761f87b6dd21bada418ed47f82dce0a9afc6,2021-06,Lancashire Constabulary,Lancashire Constabulary,-2.878682,54.064830,On or near Supermarket,E01025110,Lancaster 009A,Public order,Unable to prosecute suspect,
a5e3cb0db1478507d03401b4fd31f35d8a8d9d011355e55e5adb4b2e17a4ffb2,2021-06,Lancashire Constabulary,Lancashire Constabulary,-2.876315,54.063445,On or near Regent Park Avenue,E01025110,Lancaster 009A,Robbery,Unable to prosecute suspect,
690410b91312ef1debced770f967b4bde903b644a7ffdcacc7607bfbb5acc697,2021-06,Lancashire Constabulary,Lancashire Constabulary,-2.876754,54.063963,On or near Balmoral Road,E01025110,Lancaster 009A,Vehicle crime,Investigation complete; no suspect identified,
175617939144d66c8327cefab7ef72a4c1a1523673c4ee10aaf384e269149360,2021-06,Lancashire Constabulary,Lancashire Constabulary,-2.877577,54.066069,On or near Clarendon Road East,E01025110,Lancaster 009A,Violence and sexual offences,Unable to prosecute suspect,
c6846a0f01fef49ec7165504ffc3d32833f547f9cbcd2c21d84fd6e6a8d25db6,2021-06,Lancashire Constabulary,Lancashire Constabulary,-2.876879,54.064834,On or near Chatsworth Road,E01025110,Lancaster 009A,Violence and sexual offences,Unable to prosecute suspect,
2ec2901739d832594f674b1e47e2c686bcc8449d73d84844b12a42090ac1b6f5,2021-06,Lancashire Constabulary,Lancashire Constabulary,-2.876879,54.064834,On or near Chatsworth Road,E01025110,Lancaster 009A,Violence and sexual offences,Unable to prosecute suspect,
69a7c5876be9d6cbcbc70133c9b97ea56c0dc7ba9d39f652f70bbd1049d7b4f3,2021-06,Lancashire Constabulary,Lancashire Constabulary,-2.876879,54.064834,On or near Chatsworth Road,E01025110,Lancaster 009A,Violence and sexual offences,Unable to prosecute suspect,
e8334f593967b78e7ceb32e759cc37274f8cd3db28720a23f468d6b56ad1b3af,2021-06,Lancashire Constabulary,Lancashire Constabulary,-2.879118,54.065923,On or near Claremont Road,E01025110,Lancaster 009A,Violence and sexual offences,Unable to prosecute suspect,
232be83975c13f42ef90258b3891aa122daa0fb232583a2087e5c84a7252ce76,2021-06,Lancashire Constabulary,Lancashire Constabulary,-2.877577,54.066069,On or near Clarendon Road East,E01025110,Lancaster 009A,Violence and sexual offences,Investigation complete; no suspect identified,
2a450dda8531cce6b82625e3af2cefaa42f076d1730d2d36bab59e00adde3b51,2021-06,Lancashire Constabulary,Lancashire Constabulary,-2.876879,54.064834,On or near Chatsworth Road,E01025110,Lancaster 009A,Violence and sexual offences,Unable to prosecute suspect,
f8a9dcd2d3ea4adc543d0fcff45d8ba4ef6310107b2237ded019fe020e2146a8,2021-06,Lancashire Constabulary,Lancashire Constabulary,-2.877577,54.066069,On or near Clarendon Road East,E01025110,Lancaster 009A,Violence and sexual offences,Status update unavailable,
efb197cef84ae23042777332aab8f971c048f2ac19e5b7dd3e53219978e33b7c,2021-06,Lancashire Constabulary,Lancashire Constabulary,-2.876754,54.063963,On or near Balmoral Road,E01025110,Lancaster 009A,Violence and sexual offences,Unable to prosecute suspect,
dc074239c0382571a4eea4e8a43c3685f5ed3d35d29cb2c1de535eed5e61cfa1,2021-06,Lancashire Constabulary,Lancashire Constabulary,-2.878329,54.064769,On or near Westminster Road,E01025110,Lancaster 009A,Violence and sexual offences,Status update unavailable,
588d70c4308721d2d4e559423c7921158ec7f61c48396e1f9f15af94e6dab628,2021-06,Lancashire Constabulary,Lancashire Constabulary,-2.877577,54.066069,On or near Clarendon Road East,E01025110,Lancaster 009A,Violence and sexual offences,Local resolution,
5e01f8a9958815ac7fd1cade6d32c181f05d538093a9759cb704d1a099fea767,2021-06,Lancashire Constabulary,Lancashire Constabulary,-2.877577,54.066069,On or near Clarendon Road East,E01025110,Lancaster 009A,Violence and sexual offences,Unable to prosecute suspect,
bab80276dfd52f7e699fc73f685999c6a0773bb63372694192676065e2d99e8d,2021-06,Lancashire Constabulary,Lancashire Constabulary,-2.876879,54.064834,On or near Chatsworth Road,E01025110,Lancaster 009A,Violence and sexual offences,Unable to prosecute suspect,
6e61997f273694190f22633e2a0ac2e139ae9a459eae6d90a00f0419d6226286,2021-06,Lancashire Constabulary,Lancashire Constabulary,-2.879908,54.065710,On or near Regent Road,E01025110,Lancaster 009A,Violence and sexual offences,Investigation complete; no suspect identified,
407c7f86cd41bf528a217a913010ded3f79da3a950877223608529d35746ff22,2021-06,Lancashire Constabulary,Lancashire Constabulary,-2.876879,54.064834,On or near Chatsworth Road,E01025110,Lancaster 009A,Violence and sexual offences,Investigation complete; no suspect identified,
91486de142ddb8cca4f0d789d19000ed417f01254c2ef5a560c1aadab8561688,2021-06,Lancashire Constabulary,Lancashire Constabulary,-2.876879,54.064834,On or near Chatsworth Road,E01025110,Lancaster 009A,Violence and sexual offences,Status update unavailable,
e15ddaf0231b17c21b73260082d1599a5be575afe284e6ab00d72eb92a1fff5a,2021-06,Lancashire Constabulary,Lancashire Constabulary,-2.876754,54.063963,On or near Balmoral Road,E01025110,Lancaster 009A,Violence and sexual offences,Unable to prosecute suspect,
675f48af54e2ef72d0814eaae5f8fdaf07aa63ed36d36b0417995009e190daa7,2021-06,Lancashire Constabulary,Lancashire Constabulary,-2.876754,54.063963,On or near Balmoral Road,E01025110,Lancaster 009A,Violence and sexual offences,Unable to prosecute suspect,
ac1437a1892feaf0c4f7304b4da0a685b7f58aa4743f8add88ad88bbc106a645,2021-06,Lancashire Constabulary,Lancashire Constabulary,-2.876982,54.067565,On or near Back West End Road North,E01025110,Lancaster 009A,Other crime,Investigation complete; no suspect identified,
c72c70dff264521f6341923471d5a33296a424fbf197e61677d2a6e7118b9dd5,2021-06,Lancashire Constabulary,Lancashire Constabulary,-2.876982,54.067565,On or near Back West End Road North,E01025110,Lancaster 009A,Other crime,Court result unavailable,
,2021-06,Lancashire Constabulary,Lancashire Constabulary,-2.886523,54.058507,On or near St John'S Grove,E01025116,Lancaster 009B,Anti-social behaviour,,
,2021-06,Lancashire Constabulary,Lancashire Constabulary,-2.889653,54.061280,On or near Craig Street,E01025116,Lancaster 009B,Anti-social behaviour,,
,2021-06,Lancashire Constabulary,Lancashire Constabulary,-2.889009,54.059720,On or near Dalton Road,E01025116,Lancaster 009B,Anti-social behaviour,,
,2021-06,Lancashire Constabulary,Lancashire Constabulary,-2.889212,54.056349,On or near Norton Place,E01025116,Lancaster 009B,Anti-social behaviour,,
,2021-06,Lancashire Constabulary,Lancashire Constabulary,-2.889009,54.059720,On or near Dalton Road,E01025116,Lancaster 009B,Anti-social behaviour,,
,2021-06,Lancashire Constabulary,Lancashire Constabulary,-2.889009,54.059720,On or near Dalton Road,E01025116,Lancaster 009B,Anti-social behaviour,,
,2021-06,Lancashire Constabulary,Lancashire Constabulary,-2.889009,54.059720,On or near Dalton Road,E01025116,Lancaster 009B,Anti-social behaviour,,
103ed74332e1307d5031861ef5282a79d4ddfdbb99dd9944ee42a95d7e2b0267,2021-06,Lancashire Constabulary,Lancashire Constabulary,-2.888533,54.056749,On or near Norton Grove,E01025116,Lancaster 009B,Public order,Court result unavailable,
d502423b0b4b0a419056f338348ecc0ff61a4eafe7130b559cc3ed4a1b2f4d3d,2021-06,Lancashire Constabulary,Lancashire Constabulary,-2.885512,54.056951,On or near Fairfield Road,E01025116,Lancaster 009B,Public order,Unable to prosecute suspect,
025870f0568a2a2701fcc36dc5f0a5cd1be7d2d41eb50bf02df989ba1e18a873,2021-06,Lancashire Constabulary,Lancashire Constabulary,-2.889009,54.059720,On or near Dalton Road,E01025116,Lancaster 009B,Violence and sexual offences,Action to be taken by another organisation,
f5442c6efb3b4c2cf56dd208addb919704183a5891a881c9daf2a04ccc8f13c0,2021-06,Lancashire Constabulary,Lancashire Constabulary,-2.889009,54.059720,On or near Dalton Road,E01025116,Lancaster 009B,Violence and sexual offences,Unable to prosecute suspect,
ec2775cb9ffa24ede0fe1a8d1abe29548908c64d56ae6ece9add74774f581f54,2021-06,Lancashire Constabulary,Lancashire Constabulary,-2.891085,54.060388,On or near Sandylands Promenade,E01025116,Lancaster 009B,Violence and sexual offences,Unable to prosecute suspect,
2dde2dccc7b4f8cdc3ed73fce308f471bbe2b32fd9de6ad579b5ba48211c5fd8,2021-06,Lancashire Constabulary,Lancashire Constabulary,-2.891085,54.060388,On or near Sandylands Promenade,E01025116,Lancaster 009B,Violence and sexual offences,Unable to prosecute suspect,
,2021-06,Lancashire Constabulary,Lancashire Constabulary,-2.882788,54.063919,On or near Brunswick Road,E01025117,Lancaster 009C,Anti-social behaviour,,
,2021-06,Lancashire Constabulary,Lancashire Constabulary,-2.886017,54.064156,On or near Supermarket,E01025117,Lancaster 009C,Anti-social behaviour,,
,2021-06,Lancashire Constabulary,Lancashire Constabulary,-2.885545,54.063521,On or near Cavendish Road,E01025117,Lancaster 009C,Anti-social behaviour,,
,2021-06,Lancashire Constabulary,Lancashire Constabulary,-2.882532,54.063363,On or near Cambridge Road,E01025117,Lancaster 009C,Anti-social behaviour,,
,2021-06,Lancashire Constabulary,Lancashire Constabulary,-2.886017,54.064156,On or near Supermarket,E01025117,Lancaster 009C,Anti-social behaviour,,
,2021-06,Lancashire Constabulary,Lancashire Constabulary,-2.883436,54.064229,On or near Marlborough Road,E01025117,Lancaster 009C,Anti-social behaviour,,
,2021-06,Lancashire Constabulary,Lancashire Constabulary,-2.883436,54.064229,On or near Marlborough Road,E01025117,Lancaster 009C,Anti-social behaviour,,
,2021-06,Lancashire Constabulary,Lancashire Constabulary,-2.882788,54.063919,On or near Brunswick Road,E01025117,Lancaster 009C,Anti-social behaviour,,
,2021-06,Lancashire Constabulary,Lancashire Constabulary,-2.882788,54.063919,On or near Brunswick Road,E01025117,Lancaster 009C,Anti-social behaviour,,
,2021-06,Lancashire Constabulary,Lancashire Constabulary,-2.880958,54.064813,On or near Parliament Street,E01025117,Lancaster 009C,Anti-social behaviour,,
,2021-06,Lancashire Constabulary,Lancashire Constabulary,-2.880170,54.064396,On or near Clarendon Road West,E01025117,Lancaster 009C,Anti-social behaviour,,
,2021-06,Lancashire Constabulary,Lancashire Constabulary,-2.880170,54.064396,On or near Clarendon Road West,E01025117,Lancaster 009C,Anti-social behaviour,,
b29414e02793a83674063afb5ed4e1b7cf96bc082d8211d6bbab4241a8357703,2021-06,Lancashire Constabulary,Lancashire Constabulary,-2.883436,54.064229,On or near Marlborough Road,E01025117,Lancaster 009C,Criminal damage and arson,Further investigation is not in the public interest,
07edc4c495519c0a8effa58b90c6aaf84412933982f0670cf3cb79eb46451eaf,2021-06,Lancashire Constabulary,Lancashire Constabulary,-2.886017,54.064156,On or near Supermarket,E01025117,Lancaster 009C,Criminal damage and arson,Unable to prosecute suspect,
77bd218ac7a651eb38f4a33932e0fc2a012dc83f5d198a0b7f00c33a1109507d,2021-06,Lancashire Constabulary,Lancashire Constabulary,-2.883436,54.064229,On or near Marlborough Road,E01025117,Lancaster 009C,Criminal damage and arson,Further investigation is not in the public interest,
5e1c33ed91d06afe081c686b42fa1794e23a529d573a7b80882dd6c0a63e793e,2021-06,Lancashire Constabulary,Lancashire Constabulary,-2.882788,54.063919,On or near Brunswick Road,E01025117,Lancaster 009C,Drugs,Court result unavailable,
247ca085fcc0c7e034797e87b9482de65e46015db44fc93c997964e7454db2b4,2021-06,Lancashire Constabulary,Lancashire Constabulary,-2.880958,54.064813,On or near Parliament Street,E01025117,Lancaster 009C,Drugs,Offender given penalty notice,
7848cbc62022bbad4a0f62152f8913ffa2486b1ba36f5526580d04aab2d44a0e,2021-06,Lancashire Constabulary,Lancashire Constabulary,-2.882788,54.063919,On or near Brunswick Road,E01025117,Lancaster 009C,Drugs,Status update unavailable,
a3c7fec9426dd0fffd7062bfc9fbacb67a21aa4c51a164312c9a71f41b3252ff,2021-06,Lancashire Constabulary,Lancashire Constabulary,-2.880958,54.064813,On or near Parliament Street,E01025117,Lancaster 009C,Public order,Offender given penalty notice,
fd13d89df8e61808268eef7ae470faadf7d8e841c275eff185b4c071a0759a5c,2021-06,Lancashire Constabulary,Lancashire Constabulary,-2.885545,54.063521,On or near Cavendish Road,E01025117,Lancaster 009C,Vehicle crime,Investigation complete; no suspect identified,
9b04b1a9a3c3cd31120a0de88f9502e191fe656c8158c735d1b0740e896e807a,2021-06,Lancashire Constabulary,Lancashire Constabulary,-2.886017,54.064156,On or near Supermarket,E01025117,Lancaster 009C,Vehicle crime,Investigation complete; no suspect identified,
30d7fe44b49feb6b7a98b4c3e9b780cbc198c45074577f77950b2726fe2b4719,2021-06,Lancashire Constabulary,Lancashire Constabulary,-2.886017,54.064156,On or near Supermarket,E01025117,Lancaster 009C,Violence and sexual offences,Further investigation is not in the public interest,
2eda26564da1d2bdfc27acf881d40c93c700138481128c4c242e0d3b71c6b7fb,2021-06,Lancashire Constabulary,Lancashire Constabulary,-2.882156,54.064391,On or near West Street,E01025117,Lancaster 009C,Violence and sexual offences,Unable to prosecute suspect,
a75ee5b2198554e1f9452fa5d20df9876bcbd00d6a20d729e5d7622596c29eca,2021-06,Lancashire Constabulary,Lancashire Constabulary,-2.882156,54.064391,On or near West Street,E01025117,Lancaster 009C,Violence and sexual offences,Further investigation is not in the public interest,
acc3796f487d2ae2422b85eb1db82affc97ee190cb797b7afe09ae6d15e66b9e,2021-06,Lancashire Constabulary,Lancashire Constabulary,-2.886017,54.064156,On or near Supermarket,E01025117,Lancaster 009C,Violence and sexual offences,Investigation complete; no suspect identified,
e67049fa15df3be289dabaf156b5e666698040e2a99499f6b3e589961deb9e2a,2021-06,Lancashire Constabulary,Lancashire Constabulary,-2.882156,54.064391,On or near West Street,E01025117,Lancaster 009C,Violence and sexual offences,Unable to prosecute suspect,
460fa0d3fe8668041928412e570ca2ba1db46901a591932b77cf24f7def5801b,2021-06,Lancashire Constabulary,Lancashire Constabulary,-2.885545,54.063521,On or near Cavendish Road,E01025117,Lancaster 009C,Violence and sexual offences,Action to be taken by another organisation,
3502267b52782599b63ca4bc3e889d0161e13a15eda584b084cbe1aec05bbd95,2021-06,Lancashire Constabulary,Lancashire Constabulary,-2.882156,54.064391,On or near West Street,E01025117,Lancaster 009C,Violence and sexual offences,Unable to prosecute suspect,
206c2b1e4664520de563a2876fd3c6ce043a481ffbb6a93357f94c3ca13c878b,2021-06,Lancashire Constabulary,Lancashire Constabulary,-2.882788,54.063919,On or near Brunswick Road,E01025117,Lancaster 009C,Violence and sexual offences,Unable to prosecute suspect,
48cf6bafe5570eb019427f8a047f02954309d272d4c5a1e700617659c4d43202,2021-06,Lancashire Constabulary,Lancashire Constabulary,-2.882156,54.064391,On or near West Street,E01025117,Lancaster 009C,Violence and sexual offences,Unable to prosecute suspect,
89379fa5acdc4e8023e805b3e5cda181519b7e88351fb49c840cf7e34971fefb,2021-06,Lancashire Constabulary,Lancashire Constabulary,-2.883436,54.064229,On or near Marlborough Road,E01025117,Lancaster 009C,Violence and sexual offences,Further investigation is not in the public interest,
9749e8832f82262caa834b6574ef5e90df24c47c394c38a8f1a946a51d865e92,2021-06,Lancashire Constabulary,Lancashire Constabulary,-2.880170,54.064396,On or near Clarendon Road West,E01025117,Lancaster 009C,Violence and sexual offences,Status update unavailable,
2777a598fecb6760f20e1c13a5b5cd4a2360948143f29307d345a9547e6b894f,2021-06,Lancashire Constabulary,Lancashire Constabulary,-2.882788,54.063919,On or near Brunswick Road,E01025117,Lancaster 009C,Violence and sexual offences,Unable to prosecute suspect,
e5b5cdbc07a56421f2d92df03100a0099d77e9af5cf2b984ce68932bdfcdec15,2021-06,Lancashire Constabulary,Lancashire Constabulary,-2.885545,54.063521,On or near Cavendish Road,E01025117,Lancaster 009C,Violence and sexual offences,Unable to prosecute suspect,
422f4e644edfe49d0fdfe00ec1b87a61cb6005450590fd9a29783b547231845a,2021-06,Lancashire Constabulary,Lancashire Constabulary,-2.885545,54.063521,On or near Cavendish Road,E01025117,Lancaster 009C,Violence and sexual offences,Action to be taken by another organisation,
,2021-06,Lancashire Constabulary,Lancashire Constabulary,-2.884894,54.061656,On or near Harrington Road,E01025120,Lancaster 009D,Anti-social behaviour,,
,2021-06,Lancashire Constabulary,Lancashire Constabulary,-2.887672,54.061537,On or near Cumberland View Road,E01025120,Lancaster 009D,Anti-social behaviour,,
,2021-06,Lancashire Constabulary,Lancashire Constabulary,-2.887672,54.061537,On or near Cumberland View Road,E01025120,Lancaster 009D,Anti-social behaviour,,
,2021-06,Lancashire Constabulary,Lancashire Constabulary,-2.886629,54.061347,On or near Granville Road,E01025120,Lancaster 009D,Anti-social behaviour,,
,2021-06,Lancashire Constabulary,Lancashire Constabulary,-2.884128,54.063001,On or near Brunswick Road,E01025120,Lancaster 009D,Anti-social behaviour,,
,2021-06,Lancashire Constabulary,Lancashire Constabulary,-2.888311,54.060678,On or near Norton Avenue,E01025120,Lancaster 009D,Anti-social behaviour,,
,2021-06,Lancashire Constabulary,Lancashire Constabulary,-2.884791,54.063275,On or near Marlborough Road,E01025120,Lancaster 009D,Anti-social behaviour,,
,2021-06,Lancashire Constabulary,Lancashire Constabulary,-2.884791,54.063275,On or near Marlborough Road,E01025120,Lancaster 009D,Anti-social behaviour,,
,2021-06,Lancashire Constabulary,Lancashire Constabulary,-2.884791,54.063275,On or near Marlborough Road,E01025120,Lancaster 009D,Anti-social behaviour,,
,2021-06,Lancashire Constabulary,Lancashire Constabulary,-2.886629,54.061347,On or near Granville Road,E01025120,Lancaster 009D,Anti-social behaviour,,
,2021-06,Lancashire Constabulary,Lancashire Constabulary,-2.884791,54.063275,On or near Marlborough Road,E01025120,Lancaster 009D,Anti-social behaviour,,
,2021-06,Lancashire Constabulary,Lancashire Constabulary,-2.884894,54.061656,On or near Harrington Road,E01025120,Lancaster 009D,Anti-social behaviour,,
fd5561cf4bac15e9fd02a5da2b8fca82506308c6f7dc110b3e25e02ffbc90e12,2021-06,Lancashire Constabulary,Lancashire Constabulary,-2.884894,54.061656,On or near Harrington Road,E01025120,Lancaster 009D,Criminal damage and arson,Investigation complete; no suspect identified,
6a63c4e60ec80b896b8fbd3a9b8a2435aaad99a6a0ea58bd2c9d7568d4302a23,2021-06,Lancashire Constabulary,Lancashire Constabulary,-2.884128,54.063001,On or near Brunswick Road,E01025120,Lancaster 009D,Criminal damage and arson,Investigation complete; no suspect identified,
7d80ca8636fd646c4e0ad72613868f3eba68bfdbe5c3cb268ce1bb3420999944,2021-06,Lancashire Constabulary,Lancashire Constabulary,-2.884128,54.063001,On or near Brunswick Road,E01025120,Lancaster 009D,Criminal damage and arson,Unable to prosecute suspect,
c044d0fbde7dfb51eabafd9a7a6f372f5bc91d179642ab828d277bd4b8d598c8,2021-06,Lancashire Constabulary,Lancashire Constabulary,-2.886629,54.061347,On or near Granville Road,E01025120,Lancaster 009D,Criminal damage and arson,Investigation complete; no suspect identified,
3515bf48b8919724b4646ed36b5ceca5f9d98eea263faf6a4258dfbf0f5f2951,2021-06,Lancashire Constabulary,Lancashire Constabulary,-2.884752,54.062152,On or near Stanley Road,E01025120,Lancaster 009D,Criminal damage and arson,Investigation complete; no suspect identified,
be0dbf76313d563f8d17745ff9cbf8602e9479b332d3df9d1f587a33a2950c27,2021-06,Lancashire Constabulary,Lancashire Constabulary,-2.886629,54.061347,On or near Granville Road,E01025120,Lancaster 009D,Other theft,Court result unavailable,
441d1196b22029c439fa086f19ebf6de06fe7d09b0cebe2c82f6a937bd77d64f,2021-06,Lancashire Constabulary,Lancashire Constabulary,-2.887061,54.062251,On or near Mears Besk Close,E01025120,Lancaster 009D,Violence and sexual offences,Status update unavailable,
8f564c840b7a3c2daf5e53ecb102e373968cfac8f89d4bc46cceb4df69a7fe55,2021-06,Lancashire Constabulary,Lancashire Constabulary,-2.888311,54.060678,On or near Norton Avenue,E01025120,Lancaster 009D,Violence and sexual offences,Unable to prosecute suspect,
acbc43406a515de949cae8e17c655db5d5c14488e8dc999769b0319f2f093225,2021-06,Lancashire Constabulary,Lancashire Constabulary,-2.885508,54.064663,On or near Marine Road West,E01025120,Lancaster 009D,Violence and sexual offences,Investigation complete; no suspect identified,
579909c282231c7cc598dc1b5f6809e499a017eefdb03b1628062a88f4ac05ff,2021-06,Lancashire Constabulary,Lancashire Constabulary,-2.886629,54.061347,On or near Granville Road,E01025120,Lancaster 009D,Violence and sexual offences,Unable to prosecute suspect,
438fa1667cb24e64f77e9e0d8e297924e79c6fa259df3d0856d135cf3fa38b8d,2021-06,Lancashire Constabulary,Lancashire Constabulary,-2.888311,54.060678,On or near Norton Avenue,E01025120,Lancaster 009D,Violence and sexual offences,Unable to prosecute suspect,
1c8ab5d337407464e3fac87227cfd133f1ac5ceee64f652c1d8f1de096af81b0,2021-06,Lancashire Constabulary,Lancashire Constabulary,-2.887061,54.062251,On or near Mears Besk Close,E01025120,Lancaster 009D,Violence and sexual offences,Unable to prosecute suspect,
2a2d8d1a31ef3d30ba26b57a793e4fd147662a160822ccbd0bb231e407f34dd7,2021-06,Lancashire Constabulary,Lancashire Constabulary,-2.888887,54.061887,On or near Snowden Avenue,E01025120,Lancaster 009D,Violence and sexual offences,Unable to prosecute suspect,
44df9778bdb4e3a59f2f0768e2a796bfe5a1e5dbaa3075dadb3eff311e1f4dcd,2021-06,Lancashire Constabulary,Lancashire Constabulary,-2.888887,54.061887,On or near Snowden Avenue,E01025120,Lancaster 009D,Violence and sexual offences,Unable to prosecute suspect,
a0687014ea793817f6e3a032072b8d1a1ff4bee55453587f95eb1d658102d86a,2021-06,Lancashire Constabulary,Lancashire Constabulary,-2.884438,54.063197,On or near Sefton Road,E01025120,Lancaster 009D,Violence and sexual offences,Further investigation is not in the public interest,
ca751f6004c88d9794074fff7337f81d47c502543e47e213495e6303be78e1b2,2021-06,Lancashire Constabulary,Lancashire Constabulary,-2.884791,54.063275,On or near Marlborough Road,E01025120,Lancaster 009D,Violence and sexual offences,Unable to prosecute suspect,
,2021-06,Lancashire Constabulary,Lancashire Constabulary,-2.858039,54.064089,On or near Grayrigg Drive,E01025170,Lancaster 010A,Anti-social behaviour,,
,2021-06,Lancashire Constabulary,Lancashire Constabulary,-2.853531,54.061784,On or near Helmside Avenue,E01025170,Lancaster 010A,Anti-social behaviour,,
,2021-06,Lancashire Constabulary,Lancashire Constabulary,-2.860005,54.065288,On or near Out Moss Lane,E01025170,Lancaster 010A,Anti-social behaviour,,
,2021-06,Lancashire Constabulary,Lancashire Constabulary,-2.853531,54.061784,On or near Helmside Avenue,E01025170,Lancaster 010A,Anti-social behaviour,,
,2021-06,Lancashire Constabulary,Lancashire Constabulary,-2.850905,54.064868,On or near Somerby Road,E01025170,Lancaster 010A,Anti-social behaviour,,
,2021-06,Lancashire Constabulary,Lancashire Constabulary,-2.853531,54.061784,On or near Helmside Avenue,E01025170,Lancaster 010A,Anti-social behaviour,,
,2021-06,Lancashire Constabulary,Lancashire Constabulary,-2.855296,54.064441,On or near Burneside Close,E01025170,Lancaster 010A,Anti-social behaviour,,
d5c4cde054304235f55fe83f7844f623f97680583031d08aebfd0e878d15ff00,2021-06,Lancashire Constabulary,Lancashire Constabulary,-2.853531,54.061784,On or near Helmside Avenue,E01025170,Lancaster 010A,Shoplifting,Investigation complete; no suspect identified,
3ba7e32861c9ba2639931e0787480ca0984f5e0b7104ce05af158272a7ff2a8c,2021-06,Lancashire Constabulary,Lancashire Constabulary,-2.853531,54.061784,On or near Helmside Avenue,E01025170,Lancaster 010A,Violence and sexual offences,Unable to prosecute suspect,
12e0a6944f6b83cabdf9ca00953245ac6582f06a960be5b0722097dfe6338b32,2021-06,Lancashire Constabulary,Lancashire Constabulary,-2.856556,54.062563,On or near Hayfell Avenue,E01025170,Lancaster 010A,Violence and sexual offences,Unable to prosecute suspect,
9b8e83f7efaa6976f81acfafce7d13470adb0886bc052b5e152598e0906fc436,2021-06,Lancashire Constabulary,Lancashire Constabulary,-2.859797,54.064112,On or near Hampsfell Drive,E01025170,Lancaster 010A,Violence and sexual offences,Unable to prosecute suspect,
53724af663c301442fd0cce150abcbdb6b2b578a18725054042a1062a91d5605,2021-06,Lancashire Constabulary,Lancashire Constabulary,-2.854116,54.065726,On or near Wiseman Close,E01025170,Lancaster 010A,Violence and sexual offences,Unable to prosecute suspect,
bbe8b6a118c41298f6d38afab55a7c1ee46ae117526fc22af8a4514776a690ea,2021-06,Lancashire Constabulary,Lancashire Constabulary,-2.858039,54.064089,On or near Grayrigg Drive,E01025170,Lancaster 010A,Violence and sexual offences,Court result unavailable,
596ec169cf3505046abb6a2dfe36374d5b75c1e566c3d2fc76e1b0eb8696420f,2021-06,Lancashire Constabulary,Lancashire Constabulary,-2.858039,54.064089,On or near Grayrigg Drive,E01025170,Lancaster 010A,Violence and sexual offences,Court result unavailable,
aadc55cfe8829057870140a44892719611ccb35fac54855bb4df70af07b5eb0e,2021-06,Lancashire Constabulary,Lancashire Constabulary,-2.854116,54.065726,On or near Wiseman Close,E01025170,Lancaster 010A,Violence and sexual offences,Unable to prosecute suspect,
,2021-06,Lancashire Constabulary,Lancashire Constabulary,-2.857447,54.061298,On or near Parkview Close,E01025171,Lancaster 010B,Anti-social behaviour,,
,2021-06,Lancashire Constabulary,Lancashire Constabulary,-2.863920,54.060335,On or near Halton Court,E01025171,Lancaster 010B,Anti-social behaviour,,
,2021-06,Lancashire Constabulary,Lancashire Constabulary,-2.857447,54.061298,On or near Parkview Close,E01025171,Lancaster 010B,Anti-social behaviour,,
,2021-06,Lancashire Constabulary,Lancashire Constabulary,-2.869699,54.058307,On or near Westcliffe Drive,E01025171,Lancaster 010B,Anti-social behaviour,,
,2021-06,Lancashire Constabulary,Lancashire Constabulary,-2.862871,54.060549,On or near Aldcliffe Court,E01025171,Lancaster 010B,Anti-social behaviour,,
,2021-06,Lancashire Constabulary,Lancashire Constabulary,-2.864146,54.060881,On or near Borwick Court,E01025171,Lancaster 010B,Anti-social behaviour,,
,2021-06,Lancashire Constabulary,Lancashire Constabulary,-2.860887,54.062145,On or near Gaisgill Avenue,E01025171,Lancaster 010B,Anti-social behaviour,,
,2021-06,Lancashire Constabulary,Lancashire Constabulary,-2.858473,54.061407,On or near Meadowside Road,E01025171,Lancaster 010B,Anti-social behaviour,,
,2021-06,Lancashire Constabulary,Lancashire Constabulary,-2.864827,54.061344,On or near Thurland Court,E01025171,Lancaster 010B,Anti-social behaviour,,
,2021-06,Lancashire Constabulary,Lancashire Constabulary,-2.858473,54.061407,On or near Meadowside Road,E01025171,Lancaster 010B,Anti-social behaviour,,
,2021-06,Lancashire Constabulary,Lancashire Constabulary,-2.858473,54.061407,On or near Meadowside Road,E01025171,Lancaster 010B,Anti-social behaviour,,
,2021-06,Lancashire Constabulary,Lancashire Constabulary,-2.859205,54.061366,On or near Riverview Court,E01025171,Lancaster 010B,Anti-social behaviour,,
903e67a2ef1969abbb7b6cafbce24c45182530260d55385b38fa8a2036c0c95b,2021-06,Lancashire Constabulary,Lancashire Constabulary,-2.863920,54.060335,On or near Halton Court,E01025171,Lancaster 010B,Criminal damage and arson,Investigation complete; no suspect identified,
e75177934d04fc9c812dc21b51a4eb22e9f4186c80a79abe694ad9771beeb691,2021-06,Lancashire Constabulary,Lancashire Constabulary,-2.862871,54.060549,On or near Aldcliffe Court,E01025171,Lancaster 010B,Criminal damage and arson,Status update unavailable,
8890064759a76445048ef540ad8dfbc3c153fd20abb48a537e8885fd5025e5ac,2021-06,Lancashire Constabulary,Lancashire Constabulary,-2.863920,54.060335,On or near Halton Court,E01025171,Lancaster 010B,Criminal damage and arson,Investigation complete; no suspect identified,
ae19b3508603e1d8b11be51fa1eaa7a555263c1dbdc8df32c14e58ccb53e5ba3,2021-06,Lancashire Constabulary,Lancashire Constabulary,-2.864834,54.060912,On or near Melling Court,E01025171,Lancaster 010B,Public order,Investigation complete; no suspect identified,
9b5969a0f9793a4285d207deccc243ec438c06afbc19ba15383b72adaeb85c58,2021-06,Lancashire Constabulary,Lancashire Constabulary,-2.863168,54.057221,On or near Green Lane,E01025171,Lancaster 010B,Public order,Further investigation is not in the public interest,
2d341c69fd1ccd714021e16e047cf167bf1ccf3d83d9033d12f9050603bbb459,2021-06,Lancashire Constabulary,Lancashire Constabulary,-2.857447,54.061298,On or near Parkview Close,E01025171,Lancaster 010B,Public order,Status update unavailable,
511d615dce410aebb9ce31d523f6f93d9f7957b85525653376d801128451be46,2021-06,Lancashire Constabulary,Lancashire Constabulary,-2.859205,54.061366,On or near Riverview Court,E01025171,Lancaster 010B,Public order,Formal action is not in the public interest,
bbd0a26472e52835a7f0b4c145d2b507f2f4b1ddd80acf8bf9d05125263c4904,2021-06,Lancashire Constabulary,Lancashire Constabulary,-2.863168,54.057221,On or near Green Lane,E01025171,Lancaster 010B,Vehicle crime,Investigation complete; no suspect identified,
8bdfef5777520e79651f9f462ab943a0a2f1ceea2f1ef7bd921db79855699b11,2021-06,Lancashire Constabulary,Lancashire Constabulary,-2.858085,54.059631,On or near Portland Drive,E01025171,Lancaster 010B,Violence and sexual offences,Further investigation is not in the public interest,
f13ebe3021cbc90826a791996891b8330926ac8cd4dde4a8bd6c3a71f0283dd7,2021-06,Lancashire Constabulary,Lancashire Constabulary,-2.860887,54.062145,On or near Gaisgill Avenue,E01025171,Lancaster 010B,Violence and sexual offences,Status update unavailable,
292f4bba0f9387f716538b96f882c40b625b20e284733b92ccaf9cac312e33ed,2021-06,Lancashire Constabulary,Lancashire Constabulary,-2.863807,54.061495,On or near Arkholme Court,E01025171,Lancaster 010B,Violence and sexual offences,Unable to prosecute suspect,
2aa271a056af28a867cdfcd9c6be83334e4473e8ac5de4485a43b3e728cb554f,2021-06,Lancashire Constabulary,Lancashire Constabulary,-2.858473,54.061407,On or near Meadowside Road,E01025171,Lancaster 010B,Violence and sexual offences,Unable to prosecute suspect,
bceb1a7878a722dea5e61ac0ec782a17893a23fa79b62642a1b6ae6ae052bf25,2021-06,Lancashire Constabulary,Lancashire Constabulary,-2.857447,54.061298,On or near Parkview Close,E01025171,Lancaster 010B,Violence and sexual offences,Further investigation is not in the public interest,
8eda9200ab3020adc6989d633148dab328327161b73cf367d8941545e477cedf,2021-06,Lancashire Constabulary,Lancashire Constabulary,-2.857447,54.061298,On or near Parkview Close,E01025171,Lancaster 010B,Violence and sexual offences,Unable to prosecute suspect,
88198d0853203b9d01cdecf973b536c4f68f73effcf7e743d16b94e93f557752,2021-06,Lancashire Constabulary,Lancashire Constabulary,-2.864404,54.060835,On or near Langridge Way,E01025171,Lancaster 010B,Violence and sexual offences,Investigation complete; no suspect identified,
be08a883e36eee1422914d9e3a19874ec6766d263a5cd413ec871b843e467eb3,2021-06,Lancashire Constabulary,Lancashire Constabulary,-2.857447,54.061298,On or near Parkview Close,E01025171,Lancaster 010B,Violence and sexual offences,Unable to prosecute suspect,
b6c6335e6aaa6f31ab51b8e7b72de881e62f19aa2b0968d78696ecc5f32ec281,2021-06,Lancashire Constabulary,Lancashire Constabulary,-2.857447,54.061298,On or near Parkview Close,E01025171,Lancaster 010B,Violence and sexual offences,Status update unavailable,
2a44702cba7d6f59d46fc003a6344fd42c74288fec5c2ea0edb34e6b8fa65dba,2021-06,Lancashire Constabulary,Lancashire Constabulary,-2.863807,54.061495,On or near Arkholme Court,E01025171,Lancaster 010B,Violence and sexual offences,Unable to prosecute suspect,
,2021-06,Lancashire Constabulary,Lancashire Constabulary,-2.833911,54.057122,On or near Woodgate,E01025172,Lancaster 010C,Anti-social behaviour,,
,2021-06,Lancashire Constabulary,Lancashire Constabulary,-2.861121,54.057973,On or near Durham Close,E01025172,Lancaster 010C,Anti-social behaviour,,
,2021-06,Lancashire Constabulary,Lancashire Constabulary,-2.853114,54.060115,On or near Broughton Grove,E01025172,Lancaster 010C,Anti-social behaviour,,
,2021-06,Lancashire Constabulary,Lancashire Constabulary,-2.826711,54.056857,On or near Petrol Station,E01025172,Lancaster 010C,Anti-social behaviour,,
,2021-06,Lancashire Constabulary,Lancashire Constabulary,-2.826711,54.056857,On or near Petrol Station,E01025172,Lancaster 010C,Anti-social behaviour,,
,2021-06,Lancashire Constabulary,Lancashire Constabulary,-2.861121,54.057973,On or near Durham Close,E01025172,Lancaster 010C,Anti-social behaviour,,
,2021-06,Lancashire Constabulary,Lancashire Constabulary,-2.826711,54.056857,On or near Petrol Station,E01025172,Lancaster 010C,Anti-social behaviour,,
,2021-06,Lancashire Constabulary,Lancashire Constabulary,-2.826711,54.056857,On or near Petrol Station,E01025172,Lancaster 010C,Anti-social behaviour,,
3c8ab40fceb56342d69c9a12e722440f684b153320561ff8e7862d48381a3f61,2021-06,Lancashire Constabulary,Lancashire Constabulary,-2.826655,54.055599,On or near Doris Henderson Way,E01025172,Lancaster 010C,Burglary,Status update unavailable,
60fdef9383230770bcc55e077495e00186572f95eb4d14b095914dcc384a7850,2021-06,Lancashire Constabulary,Lancashire Constabulary,-2.833911,54.057122,On or near Woodgate,E01025172,Lancaster 010C,Burglary,Status update unavailable,
4e2ea206352e3f578d9afdb0d67335472ea0fb6fba13b757eb12abab4fc9fcdd,2021-06,Lancashire Constabulary,Lancashire Constabulary,-2.854067,54.058877,On or near Ashbourne Grove,E01025172,Lancaster 010C,Drugs,Unable to prosecute suspect,
91b2dbc4c98ce0504d53ce5ddfefc64b3f417302e24aac5d6331a7080f940c00,2021-06,Lancashire Constabulary,Lancashire Constabulary,-2.837690,54.056647,On or near Fellgate,E01025172,Lancaster 010C,Other theft,Investigation complete; no suspect identified,
ceba077ab7555b80c8b67f92633163522170c087a95cf6eb1ab123ccb3ac6954,2021-06,Lancashire Constabulary,Lancashire Constabulary,-2.853114,54.060115,On or near Broughton Grove,E01025172,Lancaster 010C,Other theft,Unable to prosecute suspect,
42029190a6285771120e5ca600a65c71daa8b2feb923cd4768361ac0e9de4756,2021-06,Lancashire Constabulary,Lancashire Constabulary,-2.833911,54.057122,On or near Woodgate,E01025172,Lancaster 010C,Other theft,Further investigation is not in the public interest,
3977e7e88fed5ad690982c40cd65377e82a5795f88ef03dd837c9a2b500a062b,2021-06,Lancashire Constabulary,Lancashire Constabulary,-2.826711,54.056857,On or near Petrol Station,E01025172,Lancaster 010C,Other theft,Investigation complete; no suspect identified,
de94096e2a0827fc96fec88db408f710762502bd413b3a59a87142b4c4adf310,2021-06,Lancashire Constabulary,Lancashire Constabulary,-2.833911,54.057122,On or near Woodgate,E01025172,Lancaster 010C,Other theft,Unable to prosecute suspect,
aa07806084d52285aa375966a591846434f8ff6e402b3736c8ed006e41527263,2021-06,Lancashire Constabulary,Lancashire Constabulary,-2.826711,54.056857,On or near Petrol Station,E01025172,Lancaster 010C,Public order,Status update unavailable,
38caa372cf118bf3bf668a6be31131b0034f9003d173a5409d44c5d9a628b96a,2021-06,Lancashire Constabulary,Lancashire Constabulary,-2.851623,54.058895,On or near Whitefield Place,E01025172,Lancaster 010C,Public order,Investigation complete; no suspect identified,
ba03395e952674269de1f2e61e89e8a7034d0bcbd6d8ebe8ca411467f97a2c02,2021-06,Lancashire Constabulary,Lancashire Constabulary,-2.859773,54.058531,On or near Burdock Walk,E01025172,Lancaster 010C,Public order,Unable to prosecute suspect,
1caf289642e1ad4c87c3692b84d14d110b9e114aa67ea7a3f8d7925eb72638f2,2021-06,Lancashire Constabulary,Lancashire Constabulary,-2.826711,54.056857,On or near Petrol Station,E01025172,Lancaster 010C,Shoplifting,Status update unavailable,
0ab344f7fda94cc6b439fc11353b28ad4a3455d063dd5ab2486ff985aa5ba381,2021-06,Lancashire Constabulary,Lancashire Constabulary,-2.830875,54.058051,On or near Parking Area,E01025172,Lancaster 010C,Vehicle crime,Investigation complete; no suspect identified,
d659af86563b06c8cc2cfa0e48bbf1008fadb0a52993e169a71afbce9853b02e,2021-06,Lancashire Constabulary,Lancashire Constabulary,-2.855632,54.059217,On or near Lawnswood Drive,E01025172,Lancaster 010C,Violence and sexual offences,Further investigation is not in the public interest,
ef19394037a19aec7d4ec558e9362f8e5286bcfd1dcfb5ab92c1bb3bd7e80a77,2021-06,Lancashire Constabulary,Lancashire Constabulary,-2.855351,54.056702,On or near St John'S Terrace,E01025172,Lancaster 010C,Violence and sexual offences,Status update unavailable,
ce17fba195bf077c9fa43082441f6678918c589a7d1b94ce11512e9858a1fdf5,2021-06,Lancashire Constabulary,Lancashire Constabulary,-2.830875,54.058051,On or near Parking Area,E01025172,Lancaster 010C,Violence and sexual offences,Unable to prosecute suspect,
5a3eb8c788273de92f6ca4644c0a4609fd9404a66a01efeec3e8d0159feb8fcf,2021-06,Lancashire Constabulary,Lancashire Constabulary,-2.853151,54.057428,On or near Lindsay Court,E01025172,Lancaster 010C,Violence and sexual offences,Unable to prosecute suspect,
d37028463d1eff2b5f8ba9ff0ffa624d791cde5524cbc0fa991756f910144147,2021-06,Lancashire Constabulary,Lancashire Constabulary,-2.858101,54.058938,On or near Portland Drive,E01025172,Lancaster 010C,Violence and sexual offences,Unable to prosecute suspect,
c97b62cbd82c445bcfe6365109b301ea555564e5473d3626686bd99d0b0a0141,2021-06,Lancashire Constabulary,Lancashire Constabulary,-2.853151,54.057428,On or near Lindsay Court,E01025172,Lancaster 010C,Violence and sexual offences,Unable to prosecute suspect,
b4527f22d6036a649831ecfddca0093c9d60a0576a7527888b64a04e243491a1,2021-06,Lancashire Constabulary,Lancashire Constabulary,-2.851209,54.060318,On or near White Lund Road,E01025172,Lancaster 010C,Violence and sexual offences,Unable to prosecute suspect,
,2021-06,Lancashire Constabulary,Lancashire Constabulary,-2.846569,54.066534,On or near Christie Avenue,E01025173,Lancaster 010D,Anti-social behaviour,,
,2021-06,Lancashire Constabulary,Lancashire Constabulary,-2.843983,54.066372,On or near Branksome Drive,E01025173,Lancaster 010D,Anti-social behaviour,,
,2021-06,Lancashire Constabulary,Lancashire Constabulary,-2.845507,54.065436,On or near Ennerdale Avenue,E01025173,Lancaster 010D,Anti-social behaviour,,
,2021-06,Lancashire Constabulary,Lancashire Constabulary,-2.843827,54.063947,On or near Westgate,E01025173,Lancaster 010D,Anti-social behaviour,,
,2021-06,Lancashire Constabulary,Lancashire Constabulary,-2.845507,54.065436,On or near Ennerdale Avenue,E01025173,Lancaster 010D,Anti-social behaviour,,
,2021-06,Lancashire Constabulary,Lancashire Constabulary,-2.847435,54.062546,On or near Glentworth Road East,E01025173,Lancaster 010D,Anti-social behaviour,,
,2021-06,Lancashire Constabulary,Lancashire Constabulary,-2.843456,54.065999,On or near Buttermere Avenue,E01025173,Lancaster 010D,Anti-social behaviour,,
,2021-06,Lancashire Constabulary,Lancashire Constabulary,-2.844125,54.065841,On or near Kentmere Grove,E01025173,Lancaster 010D,Anti-social behaviour,,
,2021-06,Lancashire Constabulary,Lancashire Constabulary,-2.840539,54.066055,On or near Wastwater Drive,E01025173,Lancaster 010D,Anti-social behaviour,,
,2021-06,Lancashire Constabulary,Lancashire Constabulary,-2.846766,54.064241,On or near Winthorpe Avenue,E01025173,Lancaster 010D,Anti-social behaviour,,
,2021-06,Lancashire Constabulary,Lancashire Constabulary,-2.848700,54.066132,On or near Cartmel Place,E01025173,Lancaster 010D,Anti-social behaviour,,
,2021-06,Lancashire Constabulary,Lancashire Constabulary,-2.841661,54.066416,On or near Haweswater Place,E01025173,Lancaster 010D,Anti-social behaviour,,
,2021-06,Lancashire Constabulary,Lancashire Constabulary,-2.840539,54.066055,On or near Wastwater Drive,E01025173,Lancaster 010D,Anti-social behaviour,,
5e4debb72b4040532e49de6415d0509cc737fafc015626abee37017b252fbbaa,2021-06,Lancashire Constabulary,Lancashire Constabulary,-2.840539,54.066055,On or near Wastwater Drive,E01025173,Lancaster 010D,Burglary,Investigation complete; no suspect identified,
ccab95cdee11559a89f0052143c82acea91ef469a5e648c94300bad31233830f,2021-06,Lancashire Constabulary,Lancashire Constabulary,-2.841661,54.066416,On or near Haweswater Place,E01025173,Lancaster 010D,Criminal damage and arson,Unable to prosecute suspect,
945946410fb289e21b9cd42fb72a4a24eb526c219c095230056ef497e716b58b,2021-06,Lancashire Constabulary,Lancashire Constabulary,-2.844125,54.065841,On or near Kentmere Grove,E01025173,Lancaster 010D,Criminal damage and arson,Offender given a caution,
213a768566088658c0ee7528c3949c273dcea2556c38a9742925232682cc6bbb,2021-06,Lancashire Constabulary,Lancashire Constabulary,-2.841661,54.066416,On or near Haweswater Place,E01025173,Lancaster 010D,Drugs,Local resolution,
9c88582d1de32fc5e1d618b2084fdb83b2cee1faf970069bcf02d9752445886d,2021-06,Lancashire Constabulary,Lancashire Constabulary,-2.844078,54.067288,On or near Downes Grove,E01025173,Lancaster 010D,Other theft,Status update unavailable,
a0735327dd514d52f36b101555788b3ac42560581937e120f5caa3683c74f607,2021-06,Lancashire Constabulary,Lancashire Constabulary,-2.844078,54.067288,On or near Downes Grove,E01025173,Lancaster 010D,Other theft,Unable to prosecute suspect,
887c93a05a8e6a5a4adb4c60c29fe4b72e525ceccf85fbd00ce356bdf22ccd0c,2021-06,Lancashire Constabulary,Lancashire Constabulary,-2.844078,54.067288,On or near Downes Grove,E01025173,Lancaster 010D,Other theft,Further investigation is not in the public interest,
521ca13af2df2821dc426a6d6099e1058364b6346567b5612cc5e107f9c5cf9f,2021-06,Lancashire Constabulary,Lancashire Constabulary,-2.841661,54.066416,On or near Haweswater Place,E01025173,Lancaster 010D,Public order,Further investigation is not in the public interest,
a706f7a43f9d7872d301fa2f1d186225a93f3383ad8c2c92db4ed7382a4b19da,2021-06,Lancashire Constabulary,Lancashire Constabulary,-2.848700,54.066132,On or near Cartmel Place,E01025173,Lancaster 010D,Public order,Unable to prosecute suspect,
b204a26e8c615a000b0de410a2a1f8f51208ffe0aebb0db8373cc6c2f8548092,2021-06,Lancashire Constabulary,Lancashire Constabulary,-2.846415,54.060477,On or near Whitegate,E01025173,Lancaster 010D,Shoplifting,Status update unavailable,
9f47bac629723dd8d916311360be136cb08f3bf612a7652d9cae7ff0d0ab7e1e,2021-06,Lancashire Constabulary,Lancashire Constabulary,-2.844078,54.067288,On or near Downes Grove,E01025173,Lancaster 010D,Shoplifting,Unable to prosecute suspect,
e53552ee58347b7d23315d6ac96c669e6ccb39f7bb339fd7b030e2996d0a180c,2021-06,Lancashire Constabulary,Lancashire Constabulary,-2.846415,54.060477,On or near Whitegate,E01025173,Lancaster 010D,Shoplifting,Status update unavailable,
25218db7c4e53988833453ea99db2fa163237adc0cee64916d7099aca09a8662,2021-06,Lancashire Constabulary,Lancashire Constabulary,-2.838586,54.066221,On or near A589,E01025173,Lancaster 010D,Shoplifting,Unable to prosecute suspect,
942eeaac4819e23624efd878305750a4388d375f4d41c97e3c8fcbd3fad9ebc2,2021-06,Lancashire Constabulary,Lancashire Constabulary,-2.846415,54.060477,On or near Whitegate,E01025173,Lancaster 010D,Shoplifting,Status update unavailable,
0a806199171c40f6bcb1dd5a209974acafc5c6c92f2837273af5b0675d1817ff,2021-06,Lancashire Constabulary,Lancashire Constabulary,-2.844078,54.067288,On or near Downes Grove,E01025173,Lancaster 010D,Shoplifting,Unable to prosecute suspect,
8ff92fdd99e1c078616dd58df2818ee46b360609c3967ba463f86369b5c6bca6,2021-06,Lancashire Constabulary,Lancashire Constabulary,-2.846415,54.060477,On or near Whitegate,E01025173,Lancaster 010D,Shoplifting,Status update unavailable,
a95b1a2fe7bb5fc21b9c47c00fcd3cf296729d54ab41f2fbde6d9e29f3e4dc32,2021-06,Lancashire Constabulary,Lancashire Constabulary,-2.846415,54.060477,On or near Whitegate,E01025173,Lancaster 010D,Shoplifting,Status update unavailable,
97eb42ecee55b3d9058da6682e14462c823130e3015d5e540f8bfafc5a3de41b,2021-06,Lancashire Constabulary,Lancashire Constabulary,-2.846569,54.066534,On or near Christie Avenue,E01025173,Lancaster 010D,Violence and sexual offences,Investigation complete; no suspect identified,
e153bb4a4fba170f05853cf626e14bbf538d2759861de493fcaa7e3a43615846,2021-06,Lancashire Constabulary,Lancashire Constabulary,-2.846009,54.065334,On or near Benson Avenue,E01025173,Lancaster 010D,Violence and sexual offences,Investigation complete; no suspect identified,
,2021-06,Lancashire Constabulary,Lancashire Constabulary,-2.796943,54.061957,On or near Alexandra Road,E01025149,Lancaster 011A,Anti-social behaviour,,
,2021-06,Lancashire Constabulary,Lancashire Constabulary,-2.797275,54.060939,On or near Daisy Street,E01025149,Lancaster 011A,Anti-social behaviour,,
,2021-06,Lancashire Constabulary,Lancashire Constabulary,-2.797275,54.060939,On or near Daisy Street,E01025149,Lancaster 011A,Anti-social behaviour,,
,2021-06,Lancashire Constabulary,Lancashire Constabulary,-2.797275,54.060939,On or near Daisy Street,E01025149,Lancaster 011A,Anti-social behaviour,,
,2021-06,Lancashire Constabulary,Lancashire Constabulary,-2.797275,54.060939,On or near Daisy Street,E01025149,Lancaster 011A,Anti-social behaviour,,
,2021-06,Lancashire Constabulary,Lancashire Constabulary,-2.797275,54.060939,On or near Daisy Street,E01025149,Lancaster 011A,Anti-social behaviour,,
8d9284618e8c4d08a32143a56b0ca7eb2bf616144143fc37b6e8077e44a02470,2021-06,Lancashire Constabulary,Lancashire Constabulary,-2.797275,54.060939,On or near Daisy Street,E01025149,Lancaster 011A,Bicycle theft,Investigation complete; no suspect identified,
ce9875f4b8bae57b7cf1176cbe5305152ae20fb7db6f1e8fc02ec9ea20f47552,2021-06,Lancashire Constabulary,Lancashire Constabulary,-2.800828,54.063782,On or near Newby Drive,E01025149,Lancaster 011A,Criminal damage and arson,Status update unavailable,
9896fe324c90c343fffce4e0c6107657b67fa686f276d704f8c2110dfb3dd04b,2021-06,Lancashire Constabulary,Lancashire Constabulary,-2.796943,54.061957,On or near Alexandra Road,E01025149,Lancaster 011A,Drugs,Offender given a caution,
1a72ea598c75fab943c0bddc19acc3c4cf145936dc79390ad063d4515b22f667,2021-06,Lancashire Constabulary,Lancashire Constabulary,-2.803667,54.062047,On or near Oxford Place,E01025149,Lancaster 011A,Drugs,Status update unavailable,
d49ccb444a2cabb7dbe7203ceea8eb46384b28b88d0ef304472860e1c8979180,2021-06,Lancashire Constabulary,Lancashire Constabulary,-2.807276,54.066930,On or near Hammerton Hall Lane,E01025149,Lancaster 011A,Other theft,Investigation complete; no suspect identified,
fd87ea4868b444bf643380609f1e4c3f722cc1c8109f1c116d0e316f7741a465,2021-06,Lancashire Constabulary,Lancashire Constabulary,-2.807276,54.066930,On or near Hammerton Hall Lane,E01025149,Lancaster 011A,Other theft,Unable to prosecute suspect,
7fbeae8465dc0bbc4fd69a8dfb8a39f8be737e04e37a21e91e44dde140c7fc9b,2021-06,Lancashire Constabulary,Lancashire Constabulary,-2.803667,54.062047,On or near Oxford Place,E01025149,Lancaster 011A,Violence and sexual offences,Unable to prosecute suspect,
a6e4b6aeefc1ac89c5fa6b1099aecb5006d5b50c2de8859888d5d775296c68f9,2021-06,Lancashire Constabulary,Lancashire Constabulary,-2.801943,54.062139,On or near Lindeth Gardens,E01025149,Lancaster 011A,Violence and sexual offences,Investigation complete; no suspect identified,
1d23af0c1653eb6e7ad315dd5b821303c80b2097c5eaf9707a8468eee2617a0b,2021-06,Lancashire Constabulary,Lancashire Constabulary,-2.803651,54.062802,On or near Vale Road,E01025149,Lancaster 011A,Violence and sexual offences,Unable to prosecute suspect,
f41d6ab9c53978bca1c7d033c2e79c60043aa520ce62daff187b23ad97bc38f7,2021-06,Lancashire Constabulary,Lancashire Constabulary,-2.798487,54.060410,On or near Aldren'S Lane,E01025149,Lancaster 011A,Other crime,Further investigation is not in the public interest,
,2021-06,Lancashire Constabulary,Lancashire Constabulary,-2.801548,54.058304,On or near Petrol Station,E01025150,Lancaster 011B,Anti-social behaviour,,
,2021-06,Lancashire Constabulary,Lancashire Constabulary,-2.802709,54.059105,On or near Peel Avenue,E01025150,Lancaster 011B,Anti-social behaviour,,
,2021-06,Lancashire Constabulary,Lancashire Constabulary,-2.800746,54.059532,On or near Skerton,E01025150,Lancaster 011B,Anti-social behaviour,,
,2021-06,Lancashire Constabulary,Lancashire Constabulary,-2.803009,54.059615,On or near Ashton Drive,E01025150,Lancaster 011B,Anti-social behaviour,,
,2021-06,Lancashire Constabulary,Lancashire Constabulary,-2.802709,54.059105,On or near Peel Avenue,E01025150,Lancaster 011B,Anti-social behaviour,,
12209c8d72a41bb52a97c9b06926036d608518ce8f71e0327ec7e0c46cccefa7,2021-06,Lancashire Constabulary,Lancashire Constabulary,-2.800746,54.059532,On or near Skerton,E01025150,Lancaster 011B,Bicycle theft,Status update unavailable,
6abe7e82f2e2776e20a2c6d48130da408fc4f89dc6ee1433a87bec57e76f15ad,2021-06,Lancashire Constabulary,Lancashire Constabulary,-2.801548,54.058304,On or near Petrol Station,E01025150,Lancaster 011B,Shoplifting,Further investigation is not in the public interest,
fbb4d458b41163dc8b9429fde729fb09b1450018795c8653b303f516baa4c3b9,2021-06,Lancashire Constabulary,Lancashire Constabulary,-2.801548,54.058304,On or near Petrol Station,E01025150,Lancaster 011B,Shoplifting,Status update unavailable,
0f54d362f40e5b2f6c4f2422301527ac22b112894968ea83b1bae28305c76c63,2021-06,Lancashire Constabulary,Lancashire Constabulary,-2.801548,54.058304,On or near Petrol Station,E01025150,Lancaster 011B,Shoplifting,Status update unavailable,
82b383187a406b2920945cde56d65c57490ebc07f75e691cfd687fddc16b16b9,2021-06,Lancashire Constabulary,Lancashire Constabulary,-2.806534,54.060985,On or near Noel Road,E01025150,Lancaster 011B,Violence and sexual offences,Unable to prosecute suspect,
e007d2eb083f9b1d02e2b71ecdc6414daa1b042fdfa0ed56bb6cb78ed225b2b1,2021-06,Lancashire Constabulary,Lancashire Constabulary,-2.806534,54.060985,On or near Noel Road,E01025150,Lancaster 011B,Violence and sexual offences,Unable to prosecute suspect,
9d4acfb0c618b485843844e98beffd2701a3a5c01ce0a14fa13e4e67b772b770,2021-06,Lancashire Constabulary,Lancashire Constabulary,-2.805890,54.059291,On or near Elmsdale Close,E01025150,Lancaster 011B,Violence and sexual offences,Investigation complete; no suspect identified,
796ca9d29d813345fed27eedf43d16641771e760e5360f4e9537d1795e0118e0,2021-06,Lancashire Constabulary,Lancashire Constabulary,-2.807221,54.061735,On or near Fleetgreen,E01025150,Lancaster 011B,Violence and sexual offences,Unable to prosecute suspect,
4056aea159ee062d38bac0b1be92da3142c34bf9573131b7c9b5d9d0e815da36,2021-06,Lancashire Constabulary,Lancashire Constabulary,-2.806534,54.060985,On or near Noel Road,E01025150,Lancaster 011B,Violence and sexual offences,Unable to prosecute suspect,
,2021-06,Lancashire Constabulary,Lancashire Constabulary,-2.807410,54.058076,On or near Sports/Recreation Area,E01025151,Lancaster 011C,Anti-social behaviour,,
,2021-06,Lancashire Constabulary,Lancashire Constabulary,-2.807410,54.058076,On or near Sports/Recreation Area,E01025151,Lancaster 011C,Anti-social behaviour,,
,2021-06,Lancashire Constabulary,Lancashire Constabulary,-2.803556,54.055486,On or near Morecambe Road,E01025151,Lancaster 011C,Anti-social behaviour,,
,2021-06,Lancashire Constabulary,Lancashire Constabulary,-2.797219,54.054828,On or near Pedestrian Subway,E01025151,Lancaster 011C,Anti-social behaviour,,
,2021-06,Lancashire Constabulary,Lancashire Constabulary,-2.797219,54.054828,On or near Pedestrian Subway,E01025151,Lancaster 011C,Anti-social behaviour,,
,2021-06,Lancashire Constabulary,Lancashire Constabulary,-2.796676,54.056773,On or near Mainway,E01025151,Lancaster 011C,Anti-social behaviour,,
,2021-06,Lancashire Constabulary,Lancashire Constabulary,-2.797427,54.059293,On or near Kent Street,E01025151,Lancaster 011C,Anti-social behaviour,,
,2021-06,Lancashire Constabulary,Lancashire Constabulary,-2.807410,54.058076,On or near Sports/Recreation Area,E01025151,Lancaster 011C,Anti-social behaviour,,
,2021-06,Lancashire Constabulary,Lancashire Constabulary,-2.796676,54.056773,On or near Mainway,E01025151,Lancaster 011C,Anti-social behaviour,,
,2021-06,Lancashire Constabulary,Lancashire Constabulary,-2.807410,54.058076,On or near Sports/Recreation Area,E01025151,Lancaster 011C,Anti-social behaviour,,
,2021-06,Lancashire Constabulary,Lancashire Constabulary,-2.795774,54.059160,On or near The Ramparts,E01025151,Lancaster 011C,Anti-social behaviour,,
6a47f89271b4ebe4dc0e97a759582cb92ff85c5a2b98b414ba24a5f169c100e7,2021-06,Lancashire Constabulary,Lancashire Constabulary,-2.795774,54.059160,On or near The Ramparts,E01025151,Lancaster 011C,Criminal damage and arson,Status update unavailable,
6975956d2f57a6c79efec67cbfa50e295b9a13349331b9970ec9199fb35db993,2021-06,Lancashire Constabulary,Lancashire Constabulary,-2.796676,54.056773,On or near Mainway,E01025151,Lancaster 011C,Public order,Unable to prosecute suspect,
730f96759f93e8939003d8d95a5feb9adb00338c315e619c2298488b11b56420,2021-06,Lancashire Constabulary,Lancashire Constabulary,-2.798621,54.058629,On or near Pinfold Lane,E01025151,Lancaster 011C,Violence and sexual offences,Unable to prosecute suspect,
410fd897471e39c28169fd3d00a085ba6dbb1b303da955c63610771ea35735a4,2021-06,Lancashire Constabulary,Lancashire Constabulary,-2.796676,54.056773,On or near Mainway,E01025151,Lancaster 011C,Violence and sexual offences,Unable to prosecute suspect,
6525ecdcccda7d632f6706ae6862a9b85ccb69230f442524e82a932ef2f97a79,2021-06,Lancashire Constabulary,Lancashire Constabulary,-2.796676,54.056773,On or near Mainway,E01025151,Lancaster 011C,Violence and sexual offences,Investigation complete; no suspect identified,
1b4a5b1affc259d0de2f976700729e1980e6c4b65857c38b3e7730c70c1448ea,2021-06,Lancashire Constabulary,Lancashire Constabulary,-2.796676,54.056773,On or near Mainway,E01025151,Lancaster 011C,Violence and sexual offences,Court result unavailable,
96abad17fee6ec73b0386465da40c47fc2377818afca48bad8364caf49fbde3f,2021-06,Lancashire Constabulary,Lancashire Constabulary,-2.796676,54.056773,On or near Mainway,E01025151,Lancaster 011C,Violence and sexual offences,Unable to prosecute suspect,
2fb4f138e429ae7c8084c7ec35755a71e6c10b4c8627b5e65084a850f0266c08,2021-06,Lancashire Constabulary,Lancashire Constabulary,-2.798381,54.055701,On or near Bus/Coach Station,E01025151,Lancaster 011C,Violence and sexual offences,Unable to prosecute suspect,
4364c6e434a96f5322fe252137b9219bab00bbc068aa768933fe9aeeb6e9dffc,2021-06,Lancashire Constabulary,Lancashire Constabulary,-2.803556,54.055486,On or near Morecambe Road,E01025151,Lancaster 011C,Violence and sexual offences,Investigation complete; no suspect identified,
b961f430f10f16c8d14d54175a54d09ecf29c3107a2f5a9043fb91e626695ea4,2021-06,Lancashire Constabulary,Lancashire Constabulary,-2.795774,54.059160,On or near The Ramparts,E01025151,Lancaster 011C,Violence and sexual offences,Unable to prosecute suspect,
0ba6204be23a3da43c1d7086b78c40e12d3bbd46f0c9c16010641adf0a372999,2021-06,Lancashire Constabulary,Lancashire Constabulary,-2.796676,54.056773,On or near Mainway,E01025151,Lancaster 011C,Violence and sexual offences,Further investigation is not in the public interest,
35f3dbdefde61a4468e1c3016433d99fca707b6e2d919da5b867acce3d88ece1,2021-06,Lancashire Constabulary,Lancashire Constabulary,-2.796676,54.056773,On or near Mainway,E01025151,Lancaster 011C,Violence and sexual offences,Court result unavailable,
584f8a0be1186b65e59200fb52147b154cc0705b4d42fd3ec44db7f7ba8918a5,2021-06,Lancashire Constabulary,Lancashire Constabulary,-2.796676,54.056773,On or near Mainway,E01025151,Lancaster 011C,Violence and sexual offences,Status update unavailable,
6293bb154bca0558680e82fefc2301d172c7fcf1525ee9628d43972b5e23455c,2021-06,Lancashire Constabulary,Lancashire Constabulary,-2.798381,54.055701,On or near Bus/Coach Station,E01025151,Lancaster 011C,Violence and sexual offences,Unable to prosecute suspect,
,2021-06,Lancashire Constabulary,Lancashire Constabulary,-2.796090,54.063688,On or near Hill Road,E01025152,Lancaster 011D,Anti-social behaviour,,
,2021-06,Lancashire Constabulary,Lancashire Constabulary,-2.800832,54.066371,On or near Bolton Avenue,E01025152,Lancaster 011D,Anti-social behaviour,,
,2021-06,Lancashire Constabulary,Lancashire Constabulary,-2.800003,54.065370,On or near Central Avenue,E01025152,Lancaster 011D,Anti-social behaviour,,
,2021-06,Lancashire Constabulary,Lancashire Constabulary,-2.796090,54.063688,On or near Hill Road,E01025152,Lancaster 011D,Anti-social behaviour,,
,2021-06,Lancashire Constabulary,Lancashire Constabulary,-2.795976,54.066511,On or near Howgill Avenue,E01025152,Lancaster 011D,Anti-social behaviour,,
,2021-06,Lancashire Constabulary,Lancashire Constabulary,-2.800003,54.065370,On or near Central Avenue,E01025152,Lancaster 011D,Anti-social behaviour,,
,2021-06,Lancashire Constabulary,Lancashire Constabulary,-2.797041,54.067861,On or near Green Lane,E01025152,Lancaster 011D,Anti-social behaviour,,
,2021-06,Lancashire Constabulary,Lancashire Constabulary,-2.800003,54.065370,On or near Central Avenue,E01025152,Lancaster 011D,Anti-social behaviour,,
,2021-06,Lancashire Constabulary,Lancashire Constabulary,-2.798074,54.065958,On or near Ripon Avenue,E01025152,Lancaster 011D,Anti-social behaviour,,
864edbcf3e5f07a3f7808903151b0f94e2204d60b8a71b9e5a5456aeaed27bde,2021-06,Lancashire Constabulary,Lancashire Constabulary,-2.796413,54.063785,On or near Mount Avenue,E01025152,Lancaster 011D,Drugs,Status update unavailable,
3dd8d98057fdcc60a2fb7e2c234bf90f7eaa3403efcb3f6d9d4044dddb850f2d,2021-06,Lancashire Constabulary,Lancashire Constabulary,-2.796090,54.063688,On or near Hill Road,E01025152,Lancaster 011D,Violence and sexual offences,Unable to prosecute suspect,
602a029092848304b3220496aa0677e19ceda9468922ad7f4da3aeaff66a1633,2021-06,Lancashire Constabulary,Lancashire Constabulary,-2.792922,54.067430,On or near Wetherfield Close,E01025152,Lancaster 011D,Violence and sexual offences,Investigation complete; no suspect identified,
49c934b1ee8317199ea32a4c955a48dd132227f0cd64e5a4735c68bb5da67108,2021-06,Lancashire Constabulary,Lancashire Constabulary,-2.796090,54.063688,On or near Hill Road,E01025152,Lancaster 011D,Violence and sexual offences,Status update unavailable,
1cb4f2dfb3c66dad9d47a290224cbb9dbffb218fd9628bc5daf78b7595f217c4,2021-06,Lancashire Constabulary,Lancashire Constabulary,-2.796090,54.063688,On or near Hill Road,E01025152,Lancaster 011D,Violence and sexual offences,Unable to prosecute suspect,
8ea5e8bfb88da0b43c2c6acb5def816bc8f868a2258011ed6d554d6a760704bd,2021-06,Lancashire Constabulary,Lancashire Constabulary,-2.796090,54.063688,On or near Hill Road,E01025152,Lancaster 011D,Violence and sexual offences,Unable to prosecute suspect,
,2021-06,Lancashire Constabulary,Lancashire Constabulary,-2.808888,54.064942,On or near Shakespeare Road,E01025154,Lancaster 011E,Anti-social behaviour,,
,2021-06,Lancashire Constabulary,Lancashire Constabulary,-2.810153,54.065607,On or near Greenset Close,E01025154,Lancaster 011E,Anti-social behaviour,,
,2021-06,Lancashire Constabulary,Lancashire Constabulary,-2.808888,54.064942,On or near Shakespeare Road,E01025154,Lancaster 011E,Anti-social behaviour,,
,2021-06,Lancashire Constabulary,Lancashire Constabulary,-2.807481,54.064097,On or near Stratford Close,E01025154,Lancaster 011E,Anti-social behaviour,,
,2021-06,Lancashire Constabulary,Lancashire Constabulary,-2.810847,54.062781,On or near Granville Road,E01025154,Lancaster 011E,Anti-social behaviour,,
6184787534432f244e656f521e44622764cb8b8fa931bc930ba32cb343bf4181,2021-06,Lancashire Constabulary,Lancashire Constabulary,-2.810847,54.062781,On or near Granville Road,E01025154,Lancaster 011E,Burglary,Unable to prosecute suspect,
d003a457ac76db55145aa285a98d3af3e2e272677ea8c93130eb87bba93c8268,2021-06,Lancashire Constabulary,Lancashire Constabulary,-2.809113,54.062415,On or near Harcourt Road,E01025154,Lancaster 011E,Criminal damage and arson,Investigation complete; no suspect identified,
3099b36fc158631119f50bf3a3cc3f767e208e4b2e5667e2ba23e55d165c14ae,2021-06,Lancashire Constabulary,Lancashire Constabulary,-2.810847,54.062781,On or near Granville Road,E01025154,Lancaster 011E,Criminal damage and arson,Investigation complete; no suspect identified,
845220ff099794e6adf02c53ea63ad0e4cb7f70dd3014603642885ee9372e10e,2021-06,Lancashire Constabulary,Lancashire Constabulary,-2.808000,54.063321,On or near Supermarket,E01025154,Lancaster 011E,Other theft,Investigation complete; no suspect identified,
ac152baf0a6e380a917306f6514067b3c6d0266fe8d5e7438343956864974e76,2021-06,Lancashire Constabulary,Lancashire Constabulary,-2.811519,54.061185,On or near Sports/Recreation Area,E01025154,Lancaster 011E,Other theft,Investigation complete; no suspect identified,
3985d4af5efb869e6a32154954d4feb9b1c04e0c78434807e848027e1425751d,2021-06,Lancashire Constabulary,Lancashire Constabulary,-2.809380,54.063563,On or near Mayfield Avenue,E01025154,Lancaster 011E,Public order,Unable to prosecute suspect,
9ae15396e194312ab14fe5c52804bb9c11defc9d1779a870349831fb9111bb09,2021-06,Lancashire Constabulary,Lancashire Constabulary,-2.810347,54.063764,On or near Price Close,E01025154,Lancaster 011E,Violence and sexual offences,Local resolution,
5bad4da9ec5e4edfdea69f6ee072d0aa4f5437aa0b49d9096442c713ef7205f4,2021-06,Lancashire Constabulary,Lancashire Constabulary,-2.810153,54.065607,On or near Greenset Close,E01025154,Lancaster 011E,Violence and sexual offences,Unable to prosecute suspect,
372dba2efe9a3f0242b5f7a8b249fafcd8a5c6ccf97cfcd042604f5e13833cb0,2021-06,Lancashire Constabulary,Lancashire Constabulary,-2.810153,54.065607,On or near Greenset Close,E01025154,Lancaster 011E,Violence and sexual offences,Unable to prosecute suspect,
f8c1c6f15dc97eb74cea188f8b72104fe238600c1b2ba0d427572f88852b010d,2021-06,Lancashire Constabulary,Lancashire Constabulary,-2.809113,54.062415,On or near Harcourt Road,E01025154,Lancaster 011E,Violence and sexual offences,Status update unavailable,
cde21dd12145940bf9f22a08b0992f6b94209c78c14a960920bf5488f6b067ab,2021-06,Lancashire Constabulary,Lancashire Constabulary,-2.810153,54.065607,On or near Greenset Close,E01025154,Lancaster 011E,Violence and sexual offences,Further investigation is not in the public interest,
87f8fad9b502c29f60afef83148bab2226b68f4003333cf3085399fbc52d8c1d,2021-06,Lancashire Constabulary,Lancashire Constabulary,-2.810847,54.062781,On or near Granville Road,E01025154,Lancaster 011E,Violence and sexual offences,Unable to prosecute suspect,
2f70367d0456b2fa4c2788135a600be00656e78a267a323e0fa767d41444d910,2021-06,Lancashire Constabulary,Lancashire Constabulary,-2.808000,54.063321,On or near Supermarket,E01025154,Lancaster 011E,Violence and sexual offences,Unable to prosecute suspect,
,2021-06,Lancashire Constabulary,Lancashire Constabulary,-2.785758,54.053007,On or near Esthwaite Gardens,E01025091,Lancaster 013A,Anti-social behaviour,,
,2021-06,Lancashire Constabulary,Lancashire Constabulary,-2.785961,54.055657,On or near Thirlmere Road,E01025091,Lancaster 013A,Anti-social behaviour,,
,2021-06,Lancashire Constabulary,Lancashire Constabulary,-2.792045,54.053469,On or near Grebe Wharf,E01025091,Lancaster 013A,Anti-social behaviour,,
,2021-06,Lancashire Constabulary,Lancashire Constabulary,-2.787796,54.055761,On or near Lingmoor Road,E01025091,Lancaster 013A,Anti-social behaviour,,
,2021-06,Lancashire Constabulary,Lancashire Constabulary,-2.789581,54.054015,On or near Bowness Road,E01025091,Lancaster 013A,Anti-social behaviour,,
,2021-06,Lancashire Constabulary,Lancashire Constabulary,-2.785758,54.053007,On or near Esthwaite Gardens,E01025091,Lancaster 013A,Anti-social behaviour,,
,2021-06,Lancashire Constabulary,Lancashire Constabulary,-2.785920,54.055109,On or near Keswick Walk,E01025091,Lancaster 013A,Anti-social behaviour,,
b626b36779a3bb877dec36069bac881a45284e2c6d86953085bb72c39df5fa7c,2021-06,Lancashire Constabulary,Lancashire Constabulary,-2.785961,54.055657,On or near Thirlmere Road,E01025091,Lancaster 013A,Criminal damage and arson,Local resolution,
32d55b2d004141c97e8e7697a6f7f4e2751f32f5ccbd8c307a5d8f0e4e00c68e,2021-06,Lancashire Constabulary,Lancashire Constabulary,-2.789581,54.054015,On or near Bowness Road,E01025091,Lancaster 013A,Criminal damage and arson,Unable to prosecute suspect,
85390f50c90edd446ba4a2bf6c41ebb2656529eb74db999eb19deb40e0f6e215,2021-06,Lancashire Constabulary,Lancashire Constabulary,-2.791047,54.055596,On or near Mardale Road,E01025091,Lancaster 013A,Drugs,Status update unavailable,
f107d7fbb400b3a8d7b00db53b1a896cbe0c1e33e7c638fee4eac3863b491cf8,2021-06,Lancashire Constabulary,Lancashire Constabulary,-2.790583,54.055285,On or near Elterwater Place,E01025091,Lancaster 013A,Violence and sexual offences,Unable to prosecute suspect,
c7557293a0001b829efc6231462ae4b29f200c18e1ce5b9325892d444dc2016d,2021-06,Lancashire Constabulary,Lancashire Constabulary,-2.792045,54.053469,On or near Grebe Wharf,E01025091,Lancaster 013A,Violence and sexual offences,Action to be taken by another organisation,
b8e69c4588a7ffbd8ef42c02e2b718628e84dcfc6bb3bf4892bb12de1e76b95b,2021-06,Lancashire Constabulary,Lancashire Constabulary,-2.792045,54.053469,On or near Grebe Wharf,E01025091,Lancaster 013A,Violence and sexual offences,Unable to prosecute suspect,
1aa94878af473a7da7b6e2bbd978e82c58eea9af3028127a310da4b182d3d7e0,2021-06,Lancashire Constabulary,Lancashire Constabulary,-2.782786,54.054949,On or near Crag Road,E01025091,Lancaster 013A,Violence and sexual offences,Status update unavailable,
,2021-06,Lancashire Constabulary,Lancashire Constabulary,-2.787600,54.056689,On or near Ambleside Road,E01025092,Lancaster 013B,Anti-social behaviour,,
,2021-06,Lancashire Constabulary,Lancashire Constabulary,-2.788871,54.058469,On or near Scafell Road,E01025092,Lancaster 013B,Anti-social behaviour,,
,2021-06,Lancashire Constabulary,Lancashire Constabulary,-2.785995,54.058272,On or near Cartmel Road,E01025092,Lancaster 013B,Anti-social behaviour,,
,2021-06,Lancashire Constabulary,Lancashire Constabulary,-2.790565,54.057577,On or near Langdale Road,E01025092,Lancaster 013B,Anti-social behaviour,,
,2021-06,Lancashire Constabulary,Lancashire Constabulary,-2.785514,54.058697,On or near Ennerdale Close,E01025092,Lancaster 013B,Anti-social behaviour,,
,2021-06,Lancashire Constabulary,Lancashire Constabulary,-2.782589,54.057467,On or near Honister Road,E01025092,Lancaster 013B,Anti-social behaviour,,
,2021-06,Lancashire Constabulary,Lancashire Constabulary,-2.785514,54.058697,On or near Ennerdale Close,E01025092,Lancaster 013B,Anti-social behaviour,,
c9958ea6984ecc5365ecb8a0780a4c0ee54bfde0c640bf5ed0b1bce62cd55e58,2021-06,Lancashire Constabulary,Lancashire Constabulary,-2.790565,54.057577,On or near Langdale Road,E01025092,Lancaster 013B,Criminal damage and arson,Further investigation is not in the public interest,
73d76e98440823b5f5d3a8dc30df6283aa78c4e1d7fa6e99fa5c3c15661904b1,2021-06,Lancashire Constabulary,Lancashire Constabulary,-2.785995,54.058272,On or near Cartmel Road,E01025092,Lancaster 013B,Drugs,Local resolution,
eb6a8f83d7b9a1c2899eb1cbbc7fc66bc6f41180310c104143175d47490a1935,2021-06,Lancashire Constabulary,Lancashire Constabulary,-2.787441,54.055539,On or near Patterdale Road,E01025092,Lancaster 013B,Other theft,Investigation complete; no suspect identified,
467c949e754011023809cbe9d144b02cd4211be950cbe6571d65894f4bce5ec4,2021-06,Lancashire Constabulary,Lancashire Constabulary,-2.788348,54.062319,On or near Petrol Station,E01025092,Lancaster 013B,Shoplifting,Status update unavailable,
a6b87ec483e9cbf62f0f3f3eb2f57aa9212a1c5f307774ad9ab6b7c7847e621a,2021-06,Lancashire Constabulary,Lancashire Constabulary,-2.790565,54.057577,On or near Langdale Road,E01025092,Lancaster 013B,Violence and sexual offences,Unable to prosecute suspect,
236e3ca5b3a166eb75b71508f945413415676744b052ae2651b2d20917447320,2021-06,Lancashire Constabulary,Lancashire Constabulary,-2.788348,54.062319,On or near Petrol Station,E01025092,Lancaster 013B,Violence and sexual offences,Unable to prosecute suspect,
8b513e61ad2595cb1d0d2119b0b7dc748df74bf4841dd36633a10514b8f37739,2021-06,Lancashire Constabulary,Lancashire Constabulary,-2.785514,54.058697,On or near Ennerdale Close,E01025092,Lancaster 013B,Violence and sexual offences,Unable to prosecute suspect,
6fd522f7f3977b1f92af25e1807652e766ab0ec44acc13792c1fa3dde6918a04,2021-06,Lancashire Constabulary,Lancashire Constabulary,-2.788871,54.058469,On or near Scafell Road,E01025092,Lancaster 013B,Violence and sexual offences,Unable to prosecute suspect,
,2021-06,Lancashire Constabulary,Lancashire Constabulary,-2.787127,54.063199,On or near Sports/Recreation Area,E01025095,Lancaster 013C,Anti-social behaviour,,
,2021-06,Lancashire Constabulary,Lancashire Constabulary,-2.786189,54.049921,On or near Derwent Road,E01025095,Lancaster 013C,Anti-social behaviour,,
,2021-06,Lancashire Constabulary,Lancashire Constabulary,-2.790372,54.050631,On or near Ulleswater Road,E01025095,Lancaster 013C,Anti-social behaviour,,
1de8b8915a3aff0e458e59881d9054c71208fb9cc5805a637dafa8c3dc2afab2,2021-06,Lancashire Constabulary,Lancashire Constabulary,-2.791312,54.051038,On or near Garnet Street,E01025095,Lancaster 013C,Burglary,Investigation complete; no suspect identified,
cc1087d2a9dab8b66f3af2885b6ec98f86728741ced56b064cbd6ebc09a12f40,2021-06,Lancashire Constabulary,Lancashire Constabulary,-2.773502,54.051037,On or near Far Moor Lane,E01025095,Lancaster 013C,Criminal damage and arson,Investigation complete; no suspect identified,
120b27db5ed7e4c921485a9e258cd3fd7c58a403deed86eaed5a4b486d0625ef,2021-06,Lancashire Constabulary,Lancashire Constabulary,-2.773502,54.051037,On or near Far Moor Lane,E01025095,Lancaster 013C,Criminal damage and arson,Investigation complete; no suspect identified,
3ffdf1bb4c6c277c83761ec03b000ea2ffd3ee1e73051ac3ed22d3a3a0405112,2021-06,Lancashire Constabulary,Lancashire Constabulary,-2.769047,54.048836,On or near Sports/Recreation Area,E01025095,Lancaster 013C,Other theft,Investigation complete; no suspect identified,
748d279b54b92c4780b8867160d9168ffbb5a8c824b6cd6933a777d80e265536,2021-06,Lancashire Constabulary,Lancashire Constabulary,-2.773502,54.051037,On or near Far Moor Lane,E01025095,Lancaster 013C,Public order,Further investigation is not in the public interest,
847fc64693ae32daf6dcdb2b371cad5bb58851e4c7096de373a9d1553f6d5017,2021-06,Lancashire Constabulary,Lancashire Constabulary,-2.787127,54.063199,On or near Sports/Recreation Area,E01025095,Lancaster 013C,Violence and sexual offences,Unable to prosecute suspect,
d18daadb748a84cd06f9f7bcab8961a9a948ba54d6d351ea192025b7577b961f,2021-06,Lancashire Constabulary,Lancashire Constabulary,-2.773502,54.051037,On or near Far Moor Lane,E01025095,Lancaster 013C,Violence and sexual offences,Further investigation is not in the public interest,
97a523e85d840aa5cf59c5f1632fc6b7c51874e8f4c151b391c05df3cabc2f00,2021-06,Lancashire Constabulary,Lancashire Constabulary,-2.791312,54.051038,On or near Garnet Street,E01025095,Lancaster 013C,Violence and sexual offences,Status update unavailable,
975cecb7cea27ce24354b2cf865a1e73f28768a045afca8a7dadaadd86e42d5c,2021-06,Lancashire Constabulary,Lancashire Constabulary,-2.788877,54.049921,On or near Dalton Road,E01025095,Lancaster 013C,Violence and sexual offences,Local resolution,
,2021-06,Lancashire Constabulary,Lancashire Constabulary,-2.786564,54.043888,On or near Park Avenue,E01025126,Lancaster 013D,Anti-social behaviour,,
,2021-06,Lancashire Constabulary,Lancashire Constabulary,-2.787874,54.045344,On or near Ayr Street,E01025126,Lancaster 013D,Anti-social behaviour,,
,2021-06,Lancashire Constabulary,Lancashire Constabulary,-2.772883,54.047329,On or near Gritstone Close,E01025126,Lancaster 013D,Anti-social behaviour,,
,2021-06,Lancashire Constabulary,Lancashire Constabulary,-2.781016,54.037174,On or near Colchester Avenue,E01025126,Lancaster 013D,Anti-social behaviour,,
,2021-06,Lancashire Constabulary,Lancashire Constabulary,-2.787874,54.045344,On or near Ayr Street,E01025126,Lancaster 013D,Anti-social behaviour,,
,2021-06,Lancashire Constabulary,Lancashire Constabulary,-2.786564,54.043888,On or near Park Avenue,E01025126,Lancaster 013D,Anti-social behaviour,,
,2021-06,Lancashire Constabulary,Lancashire Constabulary,-2.772729,54.046413,On or near Broadstone Court,E01025126,Lancaster 013D,Anti-social behaviour,,
,2021-06,Lancashire Constabulary,Lancashire Constabulary,-2.786564,54.043888,On or near Park Avenue,E01025126,Lancaster 013D,Anti-social behaviour,,
dd24eba7f5d957b80cb8d73dfacbc9c62d6d84af4698f42710ff9a130be84fde,2021-06,Lancashire Constabulary,Lancashire Constabulary,-2.775372,54.046477,On or near Cedarwood Place,E01025126,Lancaster 013D,Other theft,Status update unavailable,
be3f5cf590fd4d00735db9b0ea62cdcbd32ccb619a5437c5b60f938254a8d67a,2021-06,Lancashire Constabulary,Lancashire Constabulary,-2.778489,54.040004,On or near Parking Area,E01025126,Lancaster 013D,Public order,Further investigation is not in the public interest,
7a814eccfc40524d8fd7bf2ed0a9eed433c03ca184ca2f207322bd810ede041f,2021-06,Lancashire Constabulary,Lancashire Constabulary,-2.777373,54.047300,On or near Parkgate Drive,E01025126,Lancaster 013D,Violence and sexual offences,Status update unavailable,
8b8b2eeba880aeee44b940e342a18e5f7c3391c63bd5539ca5cba04928fce7cf,2021-06,Lancashire Constabulary,Lancashire Constabulary,-2.777688,54.046192,On or near Redwood Heights,E01025126,Lancaster 013D,Violence and sexual offences,Further investigation is not in the public interest,
64ad2fc62d3ee1108111782fb9903359cf8d29b7a56c04a5621ea00fad500c6a,2021-06,Lancashire Constabulary,Lancashire Constabulary,-2.777373,54.047300,On or near Parkgate Drive,E01025126,Lancaster 013D,Other crime,Further investigation is not in the public interest,
af73d970de5d0dbac2777046f76b4b1e4c893fa340f8c110b02ca57fcff589d6,2021-06,Lancashire Constabulary,Lancashire Constabulary,-2.777373,54.047300,On or near Parkgate Drive,E01025126,Lancaster 013D,Other crime,Unable to prosecute suspect,
66c90920f013edd8256d10a8a76bae2df30dee91c1dd0171537c16d5c8aabab7,2021-06,Lancashire Constabulary,Lancashire Constabulary,-2.777373,54.047300,On or near Parkgate Drive,E01025126,Lancaster 013D,Other crime,Status update unavailable,
,2021-06,Lancashire Constabulary,Lancashire Constabulary,-2.800205,54.051231,On or near Water Street,E01025093,Lancaster 014A,Anti-social behaviour,,
,2021-06,Lancashire Constabulary,Lancashire Constabulary,-2.800205,54.051231,On or near Water Street,E01025093,Lancaster 014A,Anti-social behaviour,,
,2021-06,Lancashire Constabulary,Lancashire Constabulary,-2.801009,54.050920,On or near St John'S Mews,E01025093,Lancaster 014A,Anti-social behaviour,,
,2021-06,Lancashire Constabulary,Lancashire Constabulary,-2.802531,54.051476,On or near Damside Street,E01025093,Lancaster 014A,Anti-social behaviour,,
,2021-06,Lancashire Constabulary,Lancashire Constabulary,-2.792977,54.052672,On or near Hinde Street,E01025093,Lancaster 014A,Anti-social behaviour,,
,2021-06,Lancashire Constabulary,Lancashire Constabulary,-2.794174,54.054551,On or near Kingsway,E01025093,Lancaster 014A,Anti-social behaviour,,
,2021-06,Lancashire Constabulary,Lancashire Constabulary,-2.802531,54.051476,On or near Damside Street,E01025093,Lancaster 014A,Anti-social behaviour,,
,2021-06,Lancashire Constabulary,Lancashire Constabulary,-2.801009,54.050920,On or near St John'S Mews,E01025093,Lancaster 014A,Anti-social behaviour,,
,2021-06,Lancashire Constabulary,Lancashire Constabulary,-2.801009,54.050920,On or near St John'S Mews,E01025093,Lancaster 014A,Anti-social behaviour,,
,2021-06,Lancashire Constabulary,Lancashire Constabulary,-2.797802,54.050159,On or near Pitt Street,E01025093,Lancaster 014A,Anti-social behaviour,,
,2021-06,Lancashire Constabulary,Lancashire Constabulary,-2.800205,54.051231,On or near Water Street,E01025093,Lancaster 014A,Anti-social behaviour,,
,2021-06,Lancashire Constabulary,Lancashire Constabulary,-2.794174,54.054551,On or near Kingsway,E01025093,Lancaster 014A,Anti-social behaviour,,
,2021-06,Lancashire Constabulary,Lancashire Constabulary,-2.797066,54.049211,On or near St Anne'S Place,E01025093,Lancaster 014A,Anti-social behaviour,,
02f7e121ce2380b8fc1cd3eb21962d6780d36521993d8526e47be47b4cf7e9b6,2021-06,Lancashire Constabulary,Lancashire Constabulary,-2.794174,54.054551,On or near Kingsway,E01025093,Lancaster 014A,Bicycle theft,Investigation complete; no suspect identified,
77560eb938b90356b9893f4eb17149905e13a6f6c9ddd46b3099f1d2a0f11796,2021-06,Lancashire Constabulary,Lancashire Constabulary,-2.793410,54.051321,On or near Shaw Street,E01025093,Lancaster 014A,Bicycle theft,Investigation complete; no suspect identified,
3d2f87ea65cf9bd7cdcbae8f71df870b363cbe07564964e93b0a975e9fc9360d,2021-06,Lancashire Constabulary,Lancashire Constabulary,-2.800205,54.051231,On or near Water Street,E01025093,Lancaster 014A,Bicycle theft,Investigation complete; no suspect identified,
3c3c0ea973e093592b6ae3e6bd169a637c491d53b5b421361a9391a40e09e6be,2021-06,Lancashire Constabulary,Lancashire Constabulary,-2.803775,54.052582,On or near St George'S Quay,E01025093,Lancaster 014A,Burglary,Status update unavailable,
8fae1daaad557562cef255c8dc867dadc27153938c6679af0ef3795467e2081a,2021-06,Lancashire Constabulary,Lancashire Constabulary,-2.793731,54.051354,On or near De Vitre Street,E01025093,Lancaster 014A,Burglary,Status update unavailable,
b3c534d8661abe3baf0c545ac195aaea43b08568a25b8600aa769f218349eecc,2021-06,Lancashire Constabulary,Lancashire Constabulary,-2.803775,54.052582,On or near St George'S Quay,E01025093,Lancaster 014A,Burglary,Investigation complete; no suspect identified,
8380a6cd34c0c2e8a9f9545cbb9810faddf0036b97919bb8556af0e090639992,2021-06,Lancashire Constabulary,Lancashire Constabulary,-2.794174,54.054551,On or near Kingsway,E01025093,Lancaster 014A,Burglary,Status update unavailable,
ed1f667debf74a48564c62f135c27ab12e982c1c0cd6783afcc74b312ef9118f,2021-06,Lancashire Constabulary,Lancashire Constabulary,-2.797066,54.049211,On or near St Anne'S Place,E01025093,Lancaster 014A,Criminal damage and arson,Investigation complete; no suspect identified,
ad66a50d5900251c363a7ad9be6c88aa9a9fa0edb4cd159d7ec6b331eaa989eb,2021-06,Lancashire Constabulary,Lancashire Constabulary,-2.793039,54.053507,On or near Bulk Road,E01025093,Lancaster 014A,Criminal damage and arson,Status update unavailable,
ff984ec45e6cb4b464c377a0820977dca24b5aeb7fc203cd3fe9bedc6b855b53,2021-06,Lancashire Constabulary,Lancashire Constabulary,-2.794174,54.054551,On or near Kingsway,E01025093,Lancaster 014A,Criminal damage and arson,Investigation complete; no suspect identified,
5983bfa0c42672e23b91000e0339df155ce04b5db28741e95510e09dfaa59609,2021-06,Lancashire Constabulary,Lancashire Constabulary,-2.800205,54.051231,On or near Water Street,E01025093,Lancaster 014A,Criminal damage and arson,Investigation complete; no suspect identified,
78f7828605a92f221beb12f04619daf36fa6a95016a0b9eec5739820cbb0d857,2021-06,Lancashire Constabulary,Lancashire Constabulary,-2.791244,54.052305,On or near Troutbeck Road,E01025093,Lancaster 014A,Drugs,Further investigation is not in the public interest,
e05873ceaee230942bdd0134549110d2d90dc37952c6c9f7a8348031c60a9b72,2021-06,Lancashire Constabulary,Lancashire Constabulary,-2.798743,54.049847,On or near Rosemary Lane,E01025093,Lancaster 014A,Other theft,Investigation complete; no suspect identified,
bf654410521966cec2b6fd7fea7b6365913eb851f8dd06d92f8b23fdbc860005,2021-06,Lancashire Constabulary,Lancashire Constabulary,-2.801009,54.050920,On or near St John'S Mews,E01025093,Lancaster 014A,Public order,Further investigation is not in the public interest,
64490a30c350974e65a3cc21180d99724e4cf2d7b507c2528d102793c36a487b,2021-06,Lancashire Constabulary,Lancashire Constabulary,-2.796404,54.051373,On or near Phoenix Street,E01025093,Lancaster 014A,Public order,Status update unavailable,
b74c8ee7b1ef4754a5b141681c3b1e4ca676fde331ccee6b71675016dbc2a2a8,2021-06,Lancashire Constabulary,Lancashire Constabulary,-2.792150,54.056551,On or near Ladies Walk,E01025093,Lancaster 014A,Public order,Unable to prosecute suspect,
1c84403a7a7400077511850336cc6e59a8b39b3779e13ffa021c6d434116c633,2021-06,Lancashire Constabulary,Lancashire Constabulary,-2.797802,54.050159,On or near Pitt Street,E01025093,Lancaster 014A,Public order,Investigation complete; no suspect identified,
bc52958328f9d2773fb582f62a97dcb3052e2e05c2edd2320f87ac94223b7498,2021-06,Lancashire Constabulary,Lancashire Constabulary,-2.798743,54.049847,On or near Rosemary Lane,E01025093,Lancaster 014A,Public order,Investigation complete; no suspect identified,
7bbb23543ecee7f8652b099fa1f3fdc82a98d6de55fb9dd58b41082e0ac0acb7,2021-06,Lancashire Constabulary,Lancashire Constabulary,-2.793700,54.052110,On or near Factory Hill,E01025093,Lancaster 014A,Robbery,Investigation complete; no suspect identified,
fab1e4e043ad1e77e6756c6889754afe6d8b9dadf5eaad5e47e47732c65aaf9b,2021-06,Lancashire Constabulary,Lancashire Constabulary,-2.794174,54.054551,On or near Kingsway,E01025093,Lancaster 014A,Shoplifting,Status update unavailable,
8df2e5386d58239b1098294a4ff1cbe66441c39d7cf07336d5c07882285ca0c3,2021-06,Lancashire Constabulary,Lancashire Constabulary,-2.796404,54.051373,On or near Phoenix Street,E01025093,Lancaster 014A,Shoplifting,Status update unavailable,
825fbaa72964a1f145fdbdcc05c8802af951a42dd4b99b52e22f3177ad698422,2021-06,Lancashire Constabulary,Lancashire Constabulary,-2.798743,54.049847,On or near Rosemary Lane,E01025093,Lancaster 014A,Shoplifting,Investigation complete; no suspect identified,
aad539a05198975a16d875403bf7445ccb7287933f17ab0fbaceca617d5e8258,2021-06,Lancashire Constabulary,Lancashire Constabulary,-2.796404,54.051373,On or near Phoenix Street,E01025093,Lancaster 014A,Shoplifting,Further investigation is not in the public interest,
4c3ea89e318bd418d36610e1855d6be844fa1da888dad0bd9dc5cf71a49ac04d,2021-06,Lancashire Constabulary,Lancashire Constabulary,-2.796404,54.051373,On or near Phoenix Street,E01025093,Lancaster 014A,Violence and sexual offences,Offender given a caution,
68c550381e391a2a9bde7ee44f0a0cb9f00347223884780f5cca5fb876fa9392,2021-06,Lancashire Constabulary,Lancashire Constabulary,-2.796404,54.051373,On or near Phoenix Street,E01025093,Lancaster 014A,Violence and sexual offences,Unable to prosecute suspect,
83ea5978e4076988272b58e21f60c3da5aa52befd0e8d99d18b02a9465765d09,2021-06,Lancashire Constabulary,Lancashire Constabulary,-2.793039,54.053507,On or near Bulk Road,E01025093,Lancaster 014A,Violence and sexual offences,Investigation complete; no suspect identified,
4a75cdf53606617b8a2e39385d15b5c808c487db07bcd0947d4259fc4f3d84a4,2021-06,Lancashire Constabulary,Lancashire Constabulary,-2.796404,54.051373,On or near Phoenix Street,E01025093,Lancaster 014A,Violence and sexual offences,Unable to prosecute suspect,
b50580083e3803d10ee58478f56b3302cdfbdadaef65421690ebffe78af942bb,2021-06,Lancashire Constabulary,Lancashire Constabulary,-2.796404,54.051373,On or near Phoenix Street,E01025093,Lancaster 014A,Violence and sexual offences,Unable to prosecute suspect,
306c76114963c4ca19e0ebb7f6aca6b1ca81cab1e8f0db6fa44f456288260f0a,2021-06,Lancashire Constabulary,Lancashire Constabulary,-2.792896,54.051621,On or near Albion Mews,E01025093,Lancaster 014A,Violence and sexual offences,Unable to prosecute suspect,
,2021-06,Lancashire Constabulary,Lancashire Constabulary,-2.793564,54.049001,On or near Woodville Street,E01025094,Lancaster 014B,Anti-social behaviour,,
,2021-06,Lancashire Constabulary,Lancashire Constabulary,-2.793564,54.049001,On or near Woodville Street,E01025094,Lancaster 014B,Anti-social behaviour,,
02a3b8a00a833a32393d76934888dd039dbf6b4d9c2a9cc07d03ac06daac4821,2021-06,Lancashire Constabulary,Lancashire Constabulary,-2.792434,54.050617,On or near Nun'S Street,E01025094,Lancaster 014B,Public order,Status update unavailable,
c5581191aa2ee3d2500d0eea9527b8acd329ca1bb9b149e20e4e5845124421dd,2021-06,Lancashire Constabulary,Lancashire Constabulary,-2.793564,54.049001,On or near Woodville Street,E01025094,Lancaster 014B,Robbery,Unable to prosecute suspect,
,2021-06,Lancashire Constabulary,Lancashire Constabulary,-2.813299,54.052221,On or near Lune Road,E01025099,Lancaster 014C,Anti-social behaviour,,
,2021-06,Lancashire Constabulary,Lancashire Constabulary,-2.802425,54.050721,On or near Bridge Lane,E01025099,Lancaster 014C,Anti-social behaviour,,
,2021-06,Lancashire Constabulary,Lancashire Constabulary,-2.804065,54.049398,On or near Castle Grove,E01025099,Lancaster 014C,Anti-social behaviour,,
,2021-06,Lancashire Constabulary,Lancashire Constabulary,-2.804065,54.049398,On or near Castle Grove,E01025099,Lancaster 014C,Anti-social behaviour,,
,2021-06,Lancashire Constabulary,Lancashire Constabulary,-2.806382,54.047594,On or near Wheatfield Street,E01025099,Lancaster 014C,Anti-social behaviour,,
,2021-06,Lancashire Constabulary,Lancashire Constabulary,-2.804381,54.049962,On or near St Mary'S Parade,E01025099,Lancaster 014C,Anti-social behaviour,,
,2021-06,Lancashire Constabulary,Lancashire Constabulary,-2.808100,54.048778,On or near Police Station,E01025099,Lancaster 014C,Anti-social behaviour,,
,2021-06,Lancashire Constabulary,Lancashire Constabulary,-2.807089,54.054142,On or near River Street,E01025099,Lancaster 014C,Anti-social behaviour,,
,2021-06,Lancashire Constabulary,Lancashire Constabulary,-2.802425,54.050721,On or near Bridge Lane,E01025099,Lancaster 014C,Anti-social behaviour,,
,2021-06,Lancashire Constabulary,Lancashire Constabulary,-2.803169,54.050456,On or near Parking Area,E01025099,Lancaster 014C,Anti-social behaviour,,
,2021-06,Lancashire Constabulary,Lancashire Constabulary,-2.802425,54.050721,On or near Bridge Lane,E01025099,Lancaster 014C,Anti-social behaviour,,
,2021-06,Lancashire Constabulary,Lancashire Constabulary,-2.808942,54.054381,On or near St George'S Quay,E01025099,Lancaster 014C,Anti-social behaviour,,
,2021-06,Lancashire Constabulary,Lancashire Constabulary,-2.803169,54.050456,On or near Parking Area,E01025099,Lancaster 014C,Anti-social behaviour,,
,2021-06,Lancashire Constabulary,Lancashire Constabulary,-2.803169,54.050456,On or near Parking Area,E01025099,Lancaster 014C,Anti-social behaviour,,
,2021-06,Lancashire Constabulary,Lancashire Constabulary,-2.803232,54.049008,On or near China Street,E01025099,Lancaster 014C,Anti-social behaviour,,
46117b5cde0be30dc390c4d90aa9b9671f5a61d701e821ef14c50f56a6a1dd0f,2021-06,Lancashire Constabulary,Lancashire Constabulary,-2.806246,54.054003,On or near Reynolds Street,E01025099,Lancaster 014C,Burglary,Court result unavailable,
003816bcc39f243375e7d0556c27ec8529c8ac7efcebb9ea7102345efff83fb1,2021-06,Lancashire Constabulary,Lancashire Constabulary,-2.804655,54.053061,On or near Pine Street,E01025099,Lancaster 014C,Criminal damage and arson,Investigation complete; no suspect identified,
9b5cd5b2e39ce4ea8104d7f5e6ec1b6434f661a1583430c582e1907a5fe7ba0b,2021-06,Lancashire Constabulary,Lancashire Constabulary,-2.803714,54.050245,On or near Church Street,E01025099,Lancaster 014C,Criminal damage and arson,Investigation complete; no suspect identified,
6d5648fc76669d1c5d66a0b840027268160c0b84372ca5eea1809da99887b721,2021-06,Lancashire Constabulary,Lancashire Constabulary,-2.804065,54.049398,On or near Castle Grove,E01025099,Lancaster 014C,Other theft,Unable to prosecute suspect,
4b0e7eb0ce1659eb0df99601ce43ac6538b4302687b7585815a8db42275facca,2021-06,Lancashire Constabulary,Lancashire Constabulary,-2.804381,54.049962,On or near St Mary'S Parade,E01025099,Lancaster 014C,Public order,Investigation complete; no suspect identified,
e9f6b92134174f2b948e035985608d11c75250497028efb95a0dc0e0315b2301,2021-06,Lancashire Constabulary,Lancashire Constabulary,-2.806072,54.049735,On or near Prison,E01025099,Lancaster 014C,Robbery,Unable to prosecute suspect,
2e78cff97a6ee5d6b30ed4fb114f269b52896c342f9b7c225b79cd631724edb8,2021-06,Lancashire Constabulary,Lancashire Constabulary,-2.804375,54.048848,On or near Further/Higher Educational Building,E01025099,Lancaster 014C,Theft from the person,Investigation complete; no suspect identified,
ce49e5a80ec849e36ddbf5eba3440b712548db28f0b472329ae707446a02e1c1,2021-06,Lancashire Constabulary,Lancashire Constabulary,-2.804381,54.049962,On or near St Mary'S Parade,E01025099,Lancaster 014C,Violence and sexual offences,Investigation complete; no suspect identified,
0b0b1ce87766c929821a2156f2aab174873ec9e7717aea0373dab0d3647b1766,2021-06,Lancashire Constabulary,Lancashire Constabulary,-2.802425,54.050721,On or near Bridge Lane,E01025099,Lancaster 014C,Violence and sexual offences,Unable to prosecute suspect,
88cb28931e9b9578f7bf8cb8343a3ffe3941e18fe152b96b427cd477da19f3d7,2021-06,Lancashire Constabulary,Lancashire Constabulary,-2.803714,54.050245,On or near Church Street,E01025099,Lancaster 014C,Violence and sexual offences,Investigation complete; no suspect identified,
01ebbb2db0d4686a4487a02b380a46941153f7ecc23e19f0c4959d5a91c1de81,2021-06,Lancashire Constabulary,Lancashire Constabulary,-2.802425,54.050721,On or near Bridge Lane,E01025099,Lancaster 014C,Violence and sexual offences,Unable to prosecute suspect,
,2021-06,Lancashire Constabulary,Lancashire Constabulary,-2.800214,54.047725,On or near Shopping Area,E01033071,Lancaster 014E,Anti-social behaviour,,
,2021-06,Lancashire Constabulary,Lancashire Constabulary,-2.800214,54.047725,On or near Shopping Area,E01033071,Lancaster 014E,Anti-social behaviour,,
,2021-06,Lancashire Constabulary,Lancashire Constabulary,-2.801358,54.046873,On or near King Street,E01033071,Lancaster 014E,Anti-social behaviour,,
,2021-06,Lancashire Constabulary,Lancashire Constabulary,-2.800070,54.049793,On or near Calkeld Lane,E01033071,Lancaster 014E,Anti-social behaviour,,
,2021-06,Lancashire Constabulary,Lancashire Constabulary,-2.799820,54.049480,On or near Church Street,E01033071,Lancaster 014E,Anti-social behaviour,,
,2021-06,Lancashire Constabulary,Lancashire Constabulary,-2.799019,54.046727,On or near George Street,E01033071,Lancaster 014E,Anti-social behaviour,,
,2021-06,Lancashire Constabulary,Lancashire Constabulary,-2.800214,54.047725,On or near Shopping Area,E01033071,Lancaster 014E,Anti-social behaviour,,
,2021-06,Lancashire Constabulary,Lancashire Constabulary,-2.800797,54.046256,On or near King Street,E01033071,Lancaster 014E,Anti-social behaviour,,
,2021-06,Lancashire Constabulary,Lancashire Constabulary,-2.801155,54.049022,On or near Shopping Area,E01033071,Lancaster 014E,Anti-social behaviour,,
,2021-06,Lancashire Constabulary,Lancashire Constabulary,-2.801155,54.049022,On or near Shopping Area,E01033071,Lancaster 014E,Anti-social behaviour,,
,2021-06,Lancashire Constabulary,Lancashire Constabulary,-2.802844,54.049469,On or near Back Sun Street,E01033071,Lancaster 014E,Anti-social behaviour,,
,2021-06,Lancashire Constabulary,Lancashire Constabulary,-2.799893,54.046128,On or near Penny Street,E01033071,Lancaster 014E,Anti-social behaviour,,
,2021-06,Lancashire Constabulary,Lancashire Constabulary,-2.800070,54.049793,On or near Calkeld Lane,E01033071,Lancaster 014E,Anti-social behaviour,,
,2021-06,Lancashire Constabulary,Lancashire Constabulary,-2.796383,54.046241,On or near Parking Area,E01033071,Lancaster 014E,Anti-social behaviour,,
,2021-06,Lancashire Constabulary,Lancashire Constabulary,-2.801155,54.049022,On or near Shopping Area,E01033071,Lancaster 014E,Anti-social behaviour,,
,2021-06,Lancashire Constabulary,Lancashire Constabulary,-2.803653,54.048628,On or near Market Street,E01033071,Lancaster 014E,Anti-social behaviour,,
,2021-06,Lancashire Constabulary,Lancashire Constabulary,-2.803961,54.047988,On or near Fenton Street,E01033071,Lancaster 014E,Anti-social behaviour,,
,2021-06,Lancashire Constabulary,Lancashire Constabulary,-2.803961,54.047988,On or near Fenton Street,E01033071,Lancaster 014E,Anti-social behaviour,,
,2021-06,Lancashire Constabulary,Lancashire Constabulary,-2.803653,54.048628,On or near Market Street,E01033071,Lancaster 014E,Anti-social behaviour,,
,2021-06,Lancashire Constabulary,Lancashire Constabulary,-2.799820,54.049480,On or near Church Street,E01033071,Lancaster 014E,Anti-social behaviour,,
,2021-06,Lancashire Constabulary,Lancashire Constabulary,-2.796488,54.048568,On or near Bryer Street,E01033071,Lancaster 014E,Anti-social behaviour,,
,2021-06,Lancashire Constabulary,Lancashire Constabulary,-2.801180,54.050307,On or near Damside Street,E01033071,Lancaster 014E,Anti-social behaviour,,
,2021-06,Lancashire Constabulary,Lancashire Constabulary,-2.799820,54.049480,On or near Church Street,E01033071,Lancaster 014E,Anti-social behaviour,,
,2021-06,Lancashire Constabulary,Lancashire Constabulary,-2.800797,54.046256,On or near King Street,E01033071,Lancaster 014E,Anti-social behaviour,,
,2021-06,Lancashire Constabulary,Lancashire Constabulary,-2.797405,54.047807,On or near Dalton Square,E01033071,Lancaster 014E,Anti-social behaviour,,
,2021-06,Lancashire Constabulary,Lancashire Constabulary,-2.799820,54.049480,On or near Church Street,E01033071,Lancaster 014E,Anti-social behaviour,,
,2021-06,Lancashire Constabulary,Lancashire Constabulary,-2.801180,54.050307,On or near Damside Street,E01033071,Lancaster 014E,Anti-social behaviour,,
,2021-06,Lancashire Constabulary,Lancashire Constabulary,-2.801358,54.046873,On or near King Street,E01033071,Lancaster 014E,Anti-social behaviour,,
,2021-06,Lancashire Constabulary,Lancashire Constabulary,-2.799019,54.046727,On or near George Street,E01033071,Lancaster 014E,Anti-social behaviour,,
,2021-06,Lancashire Constabulary,Lancashire Constabulary,-2.799674,54.049850,On or near North Road,E01033071,Lancaster 014E,Anti-social behaviour,,
,2021-06,Lancashire Constabulary,Lancashire Constabulary,-2.800214,54.047725,On or near Shopping Area,E01033071,Lancaster 014E,Anti-social behaviour,,
,2021-06,Lancashire Constabulary,Lancashire Constabulary,-2.801155,54.049022,On or near Shopping Area,E01033071,Lancaster 014E,Anti-social behaviour,,
,2021-06,Lancashire Constabulary,Lancashire Constabulary,-2.801358,54.046873,On or near King Street,E01033071,Lancaster 014E,Anti-social behaviour,,
,2021-06,Lancashire Constabulary,Lancashire Constabulary,-2.799820,54.049480,On or near Church Street,E01033071,Lancaster 014E,Anti-social behaviour,,
,2021-06,Lancashire Constabulary,Lancashire Constabulary,-2.801358,54.046873,On or near King Street,E01033071,Lancaster 014E,Anti-social behaviour,,
,2021-06,Lancashire Constabulary,Lancashire Constabulary,-2.803653,54.048628,On or near Market Street,E01033071,Lancaster 014E,Anti-social behaviour,,
,2021-06,Lancashire Constabulary,Lancashire Constabulary,-2.799820,54.049480,On or near Church Street,E01033071,Lancaster 014E,Anti-social behaviour,,
,2021-06,Lancashire Constabulary,Lancashire Constabulary,-2.799820,54.049480,On or near Church Street,E01033071,Lancaster 014E,Anti-social behaviour,,
,2021-06,Lancashire Constabulary,Lancashire Constabulary,-2.801180,54.050307,On or near Damside Street,E01033071,Lancaster 014E,Anti-social behaviour,,
,2021-06,Lancashire Constabulary,Lancashire Constabulary,-2.800593,54.046806,On or near Spring Garden Street,E01033071,Lancaster 014E,Anti-social behaviour,,
,2021-06,Lancashire Constabulary,Lancashire Constabulary,-2.800593,54.046806,On or near Spring Garden Street,E01033071,Lancaster 014E,Anti-social behaviour,,
,2021-06,Lancashire Constabulary,Lancashire Constabulary,-2.799283,54.048576,On or near Shopping Area,E01033071,Lancaster 014E,Anti-social behaviour,,
894e83e70565ded2ee027b4930c72d09a745661683c1edc7710a1c8c4e935169,2021-06,Lancashire Constabulary,Lancashire Constabulary,-2.799460,54.048225,On or near Shopping Area,E01033071,Lancaster 014E,Burglary,Investigation complete; no suspect identified,
44aee8a9c8bd7d980a353d9704a3a19ac056b052316dd1ebe14571e9b37b112b,2021-06,Lancashire Constabulary,Lancashire Constabulary,-2.800506,54.048613,On or near Shopping Area,E01033071,Lancaster 014E,Burglary,Status update unavailable,
b7166d2e77757b6f058dde48cfebc7f1806b8c8b13fca41ff65045bc3fceca89,2021-06,Lancashire Constabulary,Lancashire Constabulary,-2.798552,54.049453,On or near Parking Area,E01033071,Lancaster 014E,Burglary,Investigation complete; no suspect identified,
d1fcc5928d939e6f2cf1f05e723efa9e642ed813c304424b8da1a26270a28a08,2021-06,Lancashire Constabulary,Lancashire Constabulary,-2.799674,54.049850,On or near North Road,E01033071,Lancaster 014E,Burglary,Status update unavailable,
1205e6a698ccacbaf767bc82974c0ce204ffc413f3d5d4adae2762100d23d137,2021-06,Lancashire Constabulary,Lancashire Constabulary,-2.801721,54.047455,On or near Common Garden Street,E01033071,Lancaster 014E,Criminal damage and arson,Investigation complete; no suspect identified,
8686ddccfa22ad45ac4e5cce9f811518f8537440c2de31cfef7232da5413cb7a,2021-06,Lancashire Constabulary,Lancashire Constabulary,-2.801400,54.048221,On or near Parking Area,E01033071,Lancaster 014E,Criminal damage and arson,Unable to prosecute suspect,
be5f68f9b3642fc8d8ffb7aa8ac84406fecf2594cd2eab7bfe4f877def910105,2021-06,Lancashire Constabulary,Lancashire Constabulary,-2.796383,54.046241,On or near Parking Area,E01033071,Lancaster 014E,Criminal damage and arson,Investigation complete; no suspect identified,
6ea5742ddd690b84875896838e3a86623f010fc2f2efd46e4a9bbc56744a2dd2,2021-06,Lancashire Constabulary,Lancashire Constabulary,-2.799460,54.048225,On or near Shopping Area,E01033071,Lancaster 014E,Criminal damage and arson,Status update unavailable,
8483fa5d3b185a5237c2526bf3fd6fea9fc4614b2d115bfa8e5f4246c170ceb8,2021-06,Lancashire Constabulary,Lancashire Constabulary,-2.800214,54.047725,On or near Shopping Area,E01033071,Lancaster 014E,Criminal damage and arson,Status update unavailable,
9ad0652060fc59333e1fe96b5575e79a20be01a9a71df999d65d9d88cac4019c,2021-06,Lancashire Constabulary,Lancashire Constabulary,-2.803141,54.048227,On or near Kings Arms Close,E01033071,Lancaster 014E,Criminal damage and arson,Status update unavailable,
5c94ef84c858a9441343b2d50c9be32a4a8eec90c8838d3c71ee11a5490f650e,2021-06,Lancashire Constabulary,Lancashire Constabulary,-2.799820,54.049480,On or near Church Street,E01033071,Lancaster 014E,Criminal damage and arson,Offender given a caution,
27cfbc43ba8da7d2574a11ed575df6e287330a1c9a879250dc494387b88f08c0,2021-06,Lancashire Constabulary,Lancashire Constabulary,-2.802844,54.049469,On or near Back Sun Street,E01033071,Lancaster 014E,Criminal damage and arson,Investigation complete; no suspect identified,
c55bcb19d426ffd258fe3b6aad92223507f62ce7c033b8d1ead76cdc5bf252ad,2021-06,Lancashire Constabulary,Lancashire Constabulary,-2.799820,54.049480,On or near Church Street,E01033071,Lancaster 014E,Drugs,Further investigation is not in the public interest,
363a5d134f0257135d6731648ada4559bee51125c18dfe2429f18f297742b821,2021-06,Lancashire Constabulary,Lancashire Constabulary,-2.803653,54.048628,On or near Market Street,E01033071,Lancaster 014E,Other theft,Court result unavailable,
5280efd914ca8d62068d8d37f4a6eb298ebaf3231e3759edb2f29542878e9660,2021-06,Lancashire Constabulary,Lancashire Constabulary,-2.799820,54.049480,On or near Church Street,E01033071,Lancaster 014E,Possession of weapons,Formal action is not in the public interest,
31a212b183b3b7a4e184371f7f05d4de5b01e7c2161e147aa156d961703b86ec,2021-06,Lancashire Constabulary,Lancashire Constabulary,-2.801155,54.049022,On or near Shopping Area,E01033071,Lancaster 014E,Possession of weapons,Offender given a caution,
8be20e4798bcf89759f51fd58eb5f407441ca8450f6dbbb19a639e3e1c77d6eb,2021-06,Lancashire Constabulary,Lancashire Constabulary,-2.800214,54.047725,On or near Shopping Area,E01033071,Lancaster 014E,Public order,Court result unavailable,
365e006123ff595e966b1b745e2efbd4360f54e71c67366efa7209871287abb4,2021-06,Lancashire Constabulary,Lancashire Constabulary,-2.801155,54.049022,On or near Shopping Area,E01033071,Lancaster 014E,Public order,Unable to prosecute suspect,
3a0f3b140bb32f2a248bd4bf186695db2df3d0f05fe98f7ef07c0514b1d2ed50,2021-06,Lancashire Constabulary,Lancashire Constabulary,-2.803653,54.048628,On or near Market Street,E01033071,Lancaster 014E,Public order,Unable to prosecute suspect,
7457aefb1f9ee2d58efecefc0193713ca42929ed698dfa194d2a21f51ddc1128,2021-06,Lancashire Constabulary,Lancashire Constabulary,-2.799019,54.046727,On or near George Street,E01033071,Lancaster 014E,Public order,Unable to prosecute suspect,
3c3e0e103a51f8cbfd17ef690556a40c2271e46815e7af86f91b2ff2b690f748,2021-06,Lancashire Constabulary,Lancashire Constabulary,-2.798814,54.047986,On or near Moor Street,E01033071,Lancaster 014E,Public order,Unable to prosecute suspect,
c7458aa583592df1522ef0b112bdd1952241cc263195d59aa58580084fc0c2f4,2021-06,Lancashire Constabulary,Lancashire Constabulary,-2.801155,54.049022,On or near Shopping Area,E01033071,Lancaster 014E,Public order,Unable to prosecute suspect,
189af5e53908839d693008909c719b2b9d9cedb4f76129cb8d2d1a406d16805f,2021-06,Lancashire Constabulary,Lancashire Constabulary,-2.801155,54.049022,On or near Shopping Area,E01033071,Lancaster 014E,Public order,Further investigation is not in the public interest,
48e9fac6c263430a294dcaaec1d14599daf4fbf67bb75b005d528a59cc5502a0,2021-06,Lancashire Constabulary,Lancashire Constabulary,-2.801400,54.048221,On or near Parking Area,E01033071,Lancaster 014E,Shoplifting,Status update unavailable,
1320ec16ba7b09b32b0d85f3c65a5e2d6ed716e49f8e37f4812196d84c8c21a0,2021-06,Lancashire Constabulary,Lancashire Constabulary,-2.799283,54.048576,On or near Shopping Area,E01033071,Lancaster 014E,Shoplifting,Court result unavailable,
63c139f83254977d7f5fb358c72f75c4870f8b0fa21e3c7516fc881885fa5d3a,2021-06,Lancashire Constabulary,Lancashire Constabulary,-2.801400,54.048221,On or near Parking Area,E01033071,Lancaster 014E,Shoplifting,Status update unavailable,
f1191c38fc7c16b4a93ced0967dcc32c43376c51bbf1ae85407e27d136f86e4f,2021-06,Lancashire Constabulary,Lancashire Constabulary,-2.798318,54.049221,On or near Parking Area,E01033071,Lancaster 014E,Shoplifting,Status update unavailable,
a9279ff8e22ae3fe414f6dcabf1b35675269aa6f6b56b3250846808856f6cebb,2021-06,Lancashire Constabulary,Lancashire Constabulary,-2.799693,54.045248,On or near Penny Street,E01033071,Lancaster 014E,Shoplifting,Unable to prosecute suspect,
4e688797d2c20d14bb43cd45cdbf9ff192a19bdcd4f021b3d7e15357a8352bf3,2021-06,Lancashire Constabulary,Lancashire Constabulary,-2.799820,54.049480,On or near Church Street,E01033071,Lancaster 014E,Theft from the person,Investigation complete; no suspect identified,
caf18e3a2ca32d6d9c1f7fdb9786b18073b32b4ad9c96cde77c00a05e5d2eecb,2021-06,Lancashire Constabulary,Lancashire Constabulary,-2.799019,54.046727,On or near George Street,E01033071,Lancaster 014E,Violence and sexual offences,Investigation complete; no suspect identified,
0964ca299a268134f7e592bb54a2af6e2b5be55d5ea5f81919536ea1791044c6,2021-06,Lancashire Constabulary,Lancashire Constabulary,-2.799820,54.049480,On or near Church Street,E01033071,Lancaster 014E,Violence and sexual offences,Status update unavailable,
553948c2989d088aba72aad6ce6bd90f4c0ca458a4dc9587d08c58dc274a2eb2,2021-06,Lancashire Constabulary,Lancashire Constabulary,-2.799693,54.045248,On or near Penny Street,E01033071,Lancaster 014E,Violence and sexual offences,Unable to prosecute suspect,
9fc87e93393eda3fa57f52912f58835c82a96c145f1e2bfec4b858d4fd88d947,2021-06,Lancashire Constabulary,Lancashire Constabulary,-2.796488,54.048568,On or near Bryer Street,E01033071,Lancaster 014E,Violence and sexual offences,Status update unavailable,
d474ecd13638f60c1581116d34bd672205ac7e1c62e623b9d1dcc024e08e5d98,2021-06,Lancashire Constabulary,Lancashire Constabulary,-2.797032,54.048250,On or near Sulyard Street,E01033071,Lancaster 014E,Violence and sexual offences,Investigation complete; no suspect identified,
eff3888400f5267ff01f7e48985387f78af9f10309c347ca46081c38b9583731,2021-06,Lancashire Constabulary,Lancashire Constabulary,-2.801155,54.049022,On or near Shopping Area,E01033071,Lancaster 014E,Violence and sexual offences,Court result unavailable,
e2c37f65c1fe130d67d82a7b009e2b733bf61847893bda081a7758fdb2900e1f,2021-06,Lancashire Constabulary,Lancashire Constabulary,-2.798814,54.047986,On or near Moor Street,E01033071,Lancaster 014E,Violence and sexual offences,Unable to prosecute suspect,
8b90fb0bfcfd24095ecb83d52d0856c3de7b7a9626f83a3407975f527f12580d,2021-06,Lancashire Constabulary,Lancashire Constabulary,-2.801155,54.049022,On or near Shopping Area,E01033071,Lancaster 014E,Violence and sexual offences,Court result unavailable,
a56501eee250a6e8ef7b5422aa7d56622050d2d9fd73f09a604c45f6fc5df505,2021-06,Lancashire Constabulary,Lancashire Constabulary,-2.799820,54.049480,On or near Church Street,E01033071,Lancaster 014E,Violence and sexual offences,Unable to prosecute suspect,
9c22405d2858ff90afcdf3cf7fa1f4867ad6829a250ae746a66de8ef1317f733,2021-06,Lancashire Constabulary,Lancashire Constabulary,-2.798814,54.047986,On or near Moor Street,E01033071,Lancaster 014E,Violence and sexual offences,Status update unavailable,
4168c7e93a47101f7c6bb35f74a1ad1b05f6ef9af72dfeda30de6e37c2fab940,2021-06,Lancashire Constabulary,Lancashire Constabulary,-2.800593,54.046806,On or near Spring Garden Street,E01033071,Lancaster 014E,Violence and sexual offences,Unable to prosecute suspect,
acb86b6f125082f4d090d33528ce3f8ad71f61a777192a1da1bcf421da9c8dfc,2021-06,Lancashire Constabulary,Lancashire Constabulary,-2.801155,54.049022,On or near Shopping Area,E01033071,Lancaster 014E,Violence and sexual offences,Further investigation is not in the public interest,
6ab53b0bf7b32bc7261ffcad62c349e81615bf242589ec46871adf241548d5f3,2021-06,Lancashire Constabulary,Lancashire Constabulary,-2.798814,54.047986,On or near Moor Street,E01033071,Lancaster 014E,Violence and sexual offences,Investigation complete; no suspect identified,
aeeea0203694d289cde651ee994ab541d7127e7e9113c56ce6817058841a33db,2021-06,Lancashire Constabulary,Lancashire Constabulary,-2.799019,54.046727,On or near George Street,E01033071,Lancaster 014E,Violence and sexual offences,Further investigation is not in the public interest,
5eb00d02151166024b0af27d59a047019bfebf3c701f94ce7b4b76d00d52cbd3,2021-06,Lancashire Constabulary,Lancashire Constabulary,-2.804523,54.047040,On or near Parking Area,E01033071,Lancaster 014E,Violence and sexual offences,Court result unavailable,
3aa43f1c3ad1b58be5bb3795aa822409ae1eb58af9b02d1029fe8f6b0fa52adf,2021-06,Lancashire Constabulary,Lancashire Constabulary,-2.799820,54.049480,On or near Church Street,E01033071,Lancaster 014E,Violence and sexual offences,Status update unavailable,
b0f255b0304e114c7ee616fa7b5b12c9cacf9f914ae78ecdeb9cac61ae9c981f,2021-06,Lancashire Constabulary,Lancashire Constabulary,-2.800506,54.048613,On or near Shopping Area,E01033071,Lancaster 014E,Violence and sexual offences,Investigation complete; no suspect identified,
cd46d4a236a5ca2f0a81712034121cc913899c07e8c947b43e499c3548865905,2021-06,Lancashire Constabulary,Lancashire Constabulary,-2.799019,54.046727,On or near George Street,E01033071,Lancaster 014E,Violence and sexual offences,Further investigation is not in the public interest,
6a19acaddac5f309f1198e4b30b6515b7bc7dda747c4be8c0c720da24e486765,2021-06,Lancashire Constabulary,Lancashire Constabulary,-2.799820,54.049480,On or near Church Street,E01033071,Lancaster 014E,Violence and sexual offences,Unable to prosecute suspect,
18689f26e1c7d7dba3d4061c54ff8e694bc24d45ff5c11284d2d7ed1d19a0434,2021-06,Lancashire Constabulary,Lancashire Constabulary,-2.800593,54.046806,On or near Spring Garden Street,E01033071,Lancaster 014E,Violence and sexual offences,Court result unavailable,
e18f450b521eec1f77ef35e9c74ee5fc2fcbc1ebf702a0f30c6c9c6afd39f53f,2021-06,Lancashire Constabulary,Lancashire Constabulary,-2.800593,54.046806,On or near Spring Garden Street,E01033071,Lancaster 014E,Violence and sexual offences,Unable to prosecute suspect,
4790b9d7ed0257572b1c726dda02f77d49cc1458912ac32bcdba9d12d8e890cf,2021-06,Lancashire Constabulary,Lancashire Constabulary,-2.798814,54.047986,On or near Moor Street,E01033071,Lancaster 014E,Violence and sexual offences,Investigation complete; no suspect identified,
416a7a6b33dfb3b553b45165dc99c7b3fe7a3e60d5e2afe10cea9e3c2f470382,2021-06,Lancashire Constabulary,Lancashire Constabulary,-2.801155,54.049022,On or near Shopping Area,E01033071,Lancaster 014E,Violence and sexual offences,Unable to prosecute suspect,
01a8e85bc2b8c65ea1cdb64ccf70345ae2e9d978ab15b3c7704ebdecbc00fd89,2021-06,Lancashire Constabulary,Lancashire Constabulary,-2.801400,54.048221,On or near Parking Area,E01033071,Lancaster 014E,Violence and sexual offences,Further investigation is not in the public interest,
efb0a5714cb168488e963767d8abcfd462d20c614145ac3d91cc6652ba0b5e37,2021-06,Lancashire Constabulary,Lancashire Constabulary,-2.797405,54.047807,On or near Dalton Square,E01033071,Lancaster 014E,Violence and sexual offences,Local resolution,
ff188734ab26e56085c0fb3857182f6481ba3f68514daed47eca0ffa109dd741,2021-06,Lancashire Constabulary,Lancashire Constabulary,-2.799820,54.049480,On or near Church Street,E01033071,Lancaster 014E,Violence and sexual offences,Investigation complete; no suspect identified,
581b6eff9ac017672288b270e38881c021fdee42337669be45ed56907acd15b0,2021-06,Lancashire Constabulary,Lancashire Constabulary,-2.799820,54.049480,On or near Church Street,E01033071,Lancaster 014E,Violence and sexual offences,Unable to prosecute suspect,
150a374c08bdb4ed5343390704a23922fa003055ca9024dd27aee5cb854743c6,2021-06,Lancashire Constabulary,Lancashire Constabulary,-2.799893,54.046128,On or near Penny Street,E01033071,Lancaster 014E,Violence and sexual offences,Investigation complete; no suspect identified,
6abd5307846aeb7f5ad2d8cb50dcd138ef372e577a663ef3a1f28566f788319e,2021-06,Lancashire Constabulary,Lancashire Constabulary,-2.799693,54.045248,On or near Penny Street,E01033071,Lancaster 014E,Violence and sexual offences,Unable to prosecute suspect,
7f96d17c16eb712fa5342d5947915569f46db7963398594a20eeecdc2e791439,2021-06,Lancashire Constabulary,Lancashire Constabulary,-2.803961,54.047988,On or near Fenton Street,E01033071,Lancaster 014E,Violence and sexual offences,Unable to prosecute suspect,
e7fbd17803e19a27245e175d29b2f9cb4e6cd940f732d74d9d2873a5e0873ba2,2021-06,Lancashire Constabulary,Lancashire Constabulary,-2.801155,54.049022,On or near Shopping Area,E01033071,Lancaster 014E,Violence and sexual offences,Court result unavailable,
fbe476ed656a2043b27a56e5b5b2a91287df6958108b6daa39cdf66f07aa2872,2021-06,Lancashire Constabulary,Lancashire Constabulary,-2.801155,54.049022,On or near Shopping Area,E01033071,Lancaster 014E,Violence and sexual offences,Further investigation is not in the public interest,
,2021-06,Lancashire Constabulary,Lancashire Constabulary,-2.803919,54.044249,On or near Regent Street,E01033073,Lancaster 014F,Anti-social behaviour,,
,2021-06,Lancashire Constabulary,Lancashire Constabulary,-2.797621,54.043141,On or near South Road,E01033073,Lancaster 014F,Anti-social behaviour,,
,2021-06,Lancashire Constabulary,Lancashire Constabulary,-2.803919,54.044249,On or near Regent Street,E01033073,Lancaster 014F,Anti-social behaviour,,
,2021-06,Lancashire Constabulary,Lancashire Constabulary,-2.803919,54.044249,On or near Regent Street,E01033073,Lancaster 014F,Anti-social behaviour,,
,2021-06,Lancashire Constabulary,Lancashire Constabulary,-2.803919,54.044249,On or near Regent Street,E01033073,Lancaster 014F,Anti-social behaviour,,
,2021-06,Lancashire Constabulary,Lancashire Constabulary,-2.801664,54.045289,On or near Queen Street,E01033073,Lancaster 014F,Anti-social behaviour,,
,2021-06,Lancashire Constabulary,Lancashire Constabulary,-2.801337,54.044950,On or near Back Queen Street,E01033073,Lancaster 014F,Anti-social behaviour,,
,2021-06,Lancashire Constabulary,Lancashire Constabulary,-2.804743,54.045772,On or near Dallas Road,E01033073,Lancaster 014F,Anti-social behaviour,,
0613b329919b8f5c7a7f86180d5f384920f47b423d801cb0a9965b6a7de916fb,2021-06,Lancashire Constabulary,Lancashire Constabulary,-2.804876,54.043191,On or near Carr House Lane,E01033073,Lancaster 014F,Bicycle theft,Investigation complete; no suspect identified,
d4e0ae2780e82f4115eb4ae8ece8cb7670fb60904d3b3aab8a01b7d1e91a6fc9,2021-06,Lancashire Constabulary,Lancashire Constabulary,-2.803155,54.044209,On or near Portland Street,E01033073,Lancaster 014F,Criminal damage and arson,Investigation complete; no suspect identified,
3d67769fc648589b2471d9da24e113dee92bacfa3899be0a3537db0817997ab3,2021-06,Lancashire Constabulary,Lancashire Constabulary,-2.797621,54.043141,On or near South Road,E01033073,Lancaster 014F,Other theft,Unable to prosecute suspect,
fc3c79fb123ee2d99e6e5c1b7355884ed04d5cdf9237c4ed54756d562e9e7165,2021-06,Lancashire Constabulary,Lancashire Constabulary,-2.797621,54.043141,On or near South Road,E01033073,Lancaster 014F,Public order,Further investigation is not in the public interest,
a61a7dffb183fb217ff5b1e7548e0625dcdb7a51cb191d80f445f0e306bf3183,2021-06,Lancashire Constabulary,Lancashire Constabulary,-2.803155,54.044209,On or near Portland Street,E01033073,Lancaster 014F,Theft from the person,Investigation complete; no suspect identified,
b18df79844e8ad526d32bdeb6dd6fabbcff118f6ca947615f1355a1330c68f7f,2021-06,Lancashire Constabulary,Lancashire Constabulary,-2.797621,54.043141,On or near South Road,E01033073,Lancaster 014F,Violence and sexual offences,Unable to prosecute suspect,
8cc8369e4b3af8a80b4e87c6dba6ff17ca4ae2ba276afe234a15a876def7f241,2021-06,Lancashire Constabulary,Lancashire Constabulary,-2.802403,54.047216,On or near Middle Street,E01033073,Lancaster 014F,Violence and sexual offences,Unable to prosecute suspect,
01a212364be197f5432b9c75be124180a03e76f747bd66ae648e3a7233d2d22f,2021-06,Lancashire Constabulary,Lancashire Constabulary,-2.803477,54.047425,On or near Cawthorne Street,E01033073,Lancaster 014F,Violence and sexual offences,Action to be taken by another organisation,
4cffaf8b4705ba03a1b982df662e01b08c24d18609d38fd513ccd3378c31701e,2021-06,Lancashire Constabulary,Lancashire Constabulary,-2.797621,54.043141,On or near South Road,E01033073,Lancaster 014F,Violence and sexual offences,Unable to prosecute suspect,
7a1a6d8bfcd01a75458ec2e2653af17192c0e16ffee3965feaf138bdff9af410,2021-06,Lancashire Constabulary,Lancashire Constabulary,-2.804876,54.043191,On or near Carr House Lane,E01033073,Lancaster 014F,Violence and sexual offences,Unable to prosecute suspect,
8adafb9956189e767dc6b676d6108fae10e542f16aaa1f5362fb40fa19ba0b06,2021-06,Lancashire Constabulary,Lancashire Constabulary,-2.797621,54.043141,On or near South Road,E01033073,Lancaster 014F,Violence and sexual offences,Court result unavailable,
,2021-06,Lancashire Constabulary,Lancashire Constabulary,-2.790974,54.040479,On or near Bowerham Road,E01025125,Lancaster 015A,Anti-social behaviour,,
,2021-06,Lancashire Constabulary,Lancashire Constabulary,-2.790974,54.040479,On or near Bowerham Road,E01025125,Lancaster 015A,Anti-social behaviour,,
b65558108075f14a26cb1b68f727c3aa36a36c248db0d0ca8c9652d004b29971,2021-06,Lancashire Constabulary,Lancashire Constabulary,-2.789610,54.039446,On or near Havelock Street,E01025125,Lancaster 015A,Burglary,Investigation complete; no suspect identified,
c9623a31ca7fe400c6f811bfb80b25a73055870fe849ef62c58444e4a7c9292b,2021-06,Lancashire Constabulary,Lancashire Constabulary,-2.789610,54.039446,On or near Havelock Street,E01025125,Lancaster 015A,Criminal damage and arson,Investigation complete; no suspect identified,
1664353af8b225e90db45125aa7a825102df3addae65893c66a75df193f91cae,2021-06,Lancashire Constabulary,Lancashire Constabulary,-2.788466,54.038716,On or near Golgotha Road,E01025125,Lancaster 015A,Criminal damage and arson,Investigation complete; no suspect identified,
630edcbf70d51d06be792694754d29b3af8b26e705fc58c8cdad9b38c330e6d1,2021-06,Lancashire Constabulary,Lancashire Constabulary,-2.789610,54.039446,On or near Havelock Street,E01025125,Lancaster 015A,Criminal damage and arson,Investigation complete; no suspect identified,
9ea43f7ceef5c52cccea85c58aae8de229049d683d27ebc5f622f05ccb170955,2021-06,Lancashire Constabulary,Lancashire Constabulary,-2.790974,54.040479,On or near Bowerham Road,E01025125,Lancaster 015A,Criminal damage and arson,Status update unavailable,
cdf38d366f3cedb8ca29bc2316b01712be8d6efa10e406d554d984f411ce5242,2021-06,Lancashire Constabulary,Lancashire Constabulary,-2.789610,54.039446,On or near Havelock Street,E01025125,Lancaster 015A,Violence and sexual offences,Status update unavailable,
0a3d84bb97a1c6a6a4a5cdeda22dcba683e9505a2bd8bdc4e2172b5d2c5d0d2e,2021-06,Lancashire Constabulary,Lancashire Constabulary,-2.788466,54.038716,On or near Golgotha Road,E01025125,Lancaster 015A,Violence and sexual offences,Unable to prosecute suspect,
17b987cbd72cb19f602dbf7350d0bdc30020d00f0fcc343224674daf30947415,2021-06,Lancashire Constabulary,Lancashire Constabulary,-2.788466,54.038716,On or near Golgotha Road,E01025125,Lancaster 015A,Violence and sexual offences,Unable to prosecute suspect,
,2021-06,Lancashire Constabulary,Lancashire Constabulary,-2.788986,54.045166,On or near Dundee Street,E01025128,Lancaster 015B,Anti-social behaviour,,
,2021-06,Lancashire Constabulary,Lancashire Constabulary,-2.790389,54.046703,On or near Melrose Street,E01025128,Lancaster 015B,Anti-social behaviour,,
,2021-06,Lancashire Constabulary,Lancashire Constabulary,-2.789899,54.045834,On or near Gregson Road,E01025128,Lancaster 015B,Anti-social behaviour,,
,2021-06,Lancashire Constabulary,Lancashire Constabulary,-2.791095,54.043678,On or near Clarence Street,E01025128,Lancaster 015B,Anti-social behaviour,,
30f51f1f97047a721513ea83f02bae2347c59e5460b4aa9542b8aa67eb280f09,2021-06,Lancashire Constabulary,Lancashire Constabulary,-2.791095,54.043678,On or near Clarence Street,E01025128,Lancaster 015B,Criminal damage and arson,Unable to prosecute suspect,
27ee1adf4ecd448256f5c86a4e22e325a31bc693d193c109c416bc0ac19fc4ab,2021-06,Lancashire Constabulary,Lancashire Constabulary,-2.788992,54.046316,On or near Tarbet Street,E01025128,Lancaster 015B,Robbery,Court result unavailable,
07a14fae34e6d9743ffd028340ece31273700adf6a7c61cfbafaff9e101d3746,2021-06,Lancashire Constabulary,Lancashire Constabulary,-2.789899,54.045834,On or near Gregson Road,E01025128,Lancaster 015B,Violence and sexual offences,Unable to prosecute suspect,
,2021-06,Lancashire Constabulary,Lancashire Constabulary,-2.792210,54.044462,On or near Primrose Street,E01025129,Lancaster 015C,Anti-social behaviour,,
,2021-06,Lancashire Constabulary,Lancashire Constabulary,-2.792210,54.044462,On or near Primrose Street,E01025129,Lancaster 015C,Anti-social behaviour,,
bca1186371268d224defd60bb51fbc99301766b5acb8457a9b46fc4f93f89d0c,2021-06,Lancashire Constabulary,Lancashire Constabulary,-2.792210,54.044462,On or near Primrose Street,E01025129,Lancaster 015C,Burglary,Investigation complete; no suspect identified,
,2021-06,Lancashire Constabulary,Lancashire Constabulary,-2.798642,54.039026,On or near Gresley Court,E01025147,Lancaster 015D,Anti-social behaviour,,
,2021-06,Lancashire Constabulary,Lancashire Constabulary,-2.798936,54.040004,On or near Pointer Court,E01025147,Lancaster 015D,Anti-social behaviour,,
bb14110b2e5c5dd2c31b40d0622d056fd109ff13fa9a9124d5568c7b7d75b878,2021-06,Lancashire Constabulary,Lancashire Constabulary,-2.797093,54.040277,On or near Sulby Drive,E01025147,Lancaster 015D,Burglary,Investigation complete; no suspect identified,
,2021-06,Lancashire Constabulary,Lancashire Constabulary,-2.887419,54.054645,On or near Petrol Station,E01025114,Lancaster 016A,Anti-social behaviour,,
,2021-06,Lancashire Constabulary,Lancashire Constabulary,-2.888176,54.054334,On or near Oxcliffe Road,E01025114,Lancaster 016A,Anti-social behaviour,,
,2021-06,Lancashire Constabulary,Lancashire Constabulary,-2.892977,54.050263,On or near Penrith Avenue,E01025114,Lancaster 016A,Anti-social behaviour,,
,2021-06,Lancashire Constabulary,Lancashire Constabulary,-2.893096,54.049426,On or near Heysham Avenue,E01025114,Lancaster 016A,Anti-social behaviour,,
,2021-06,Lancashire Constabulary,Lancashire Constabulary,-2.892872,54.053922,On or near Whinnysty Lane,E01025114,Lancaster 016A,Anti-social behaviour,,
aee28e9bd2e63a76852fd90773a9d64163ba9031ad5c4ca4b3817615b02a5f51,2021-06,Lancashire Constabulary,Lancashire Constabulary,-2.888631,54.052057,On or near Arncliffe Road,E01025114,Lancaster 016A,Drugs,Further investigation is not in the public interest,
80848fe76c7b12d7082f88ed61297a609ad21773f08d5deec59d26e3a54dce56,2021-06,Lancashire Constabulary,Lancashire Constabulary,-2.892510,54.049179,On or near Supermarket,E01025114,Lancaster 016A,Possession of weapons,Status update unavailable,
97b179c3229d9dcefd065ce40c910d18da535e3949acda6beae8dd6534c000f8,2021-06,Lancashire Constabulary,Lancashire Constabulary,-2.890755,54.052068,On or near Tranmere Avenue,E01025114,Lancaster 016A,Public order,Unable to prosecute suspect,
c6a774c86aaf0c75975933a10554dc8f11feb059ed1fdf19121fdc8284c53c53,2021-06,Lancashire Constabulary,Lancashire Constabulary,-2.889491,54.055106,On or near Harrison Crescent,E01025114,Lancaster 016A,Public order,Unable to prosecute suspect,
f6ca2c6e1883d1aac9bb9acac3692ed6fc0e6cd6f4d1ad93bbfa0becd8be5473,2021-06,Lancashire Constabulary,Lancashire Constabulary,-2.887281,54.055365,On or near Hawksworth Avenue,E01025114,Lancaster 016A,Public order,Further investigation is not in the public interest,
d3811ecef3968e3af241f9523a0ae34a11fb5d73c7e5f070c5505a542fc5a380,2021-06,Lancashire Constabulary,Lancashire Constabulary,-2.888631,54.052057,On or near Arncliffe Road,E01025114,Lancaster 016A,Public order,Unable to prosecute suspect,
e288029164d3108f0a87f40e27ef05de1f74f05d29caa3da4dca9aa7d939bdc7,2021-06,Lancashire Constabulary,Lancashire Constabulary,-2.889779,54.055005,On or near Oxcliffe Avenue,E01025114,Lancaster 016A,Robbery,Court result unavailable,
7b8efdc9038e83c388870cfa5eaa2ccb18b6f09cac06aace7e9def933979a337,2021-06,Lancashire Constabulary,Lancashire Constabulary,-2.887419,54.054645,On or near Petrol Station,E01025114,Lancaster 016A,Violence and sexual offences,Unable to prosecute suspect,
574a7dbfed0da64e18d1f634a549b17bef9c055c5d4fd1d2ba1d4b1938c559d8,2021-06,Lancashire Constabulary,Lancashire Constabulary,-2.891453,54.054705,On or near Heysham Road,E01025114,Lancaster 016A,Violence and sexual offences,Investigation complete; no suspect identified,
8f2b1f2234f2f4a8df3aeaafacf852031695abceff350e2accf0cb17ead4ccfd,2021-06,Lancashire Constabulary,Lancashire Constabulary,-2.888631,54.052057,On or near Arncliffe Road,E01025114,Lancaster 016A,Violence and sexual offences,Unable to prosecute suspect,
e57d105466443df725cf197965aa34860572e14a5e80bf111d3fc0690583f6c2,2021-06,Lancashire Constabulary,Lancashire Constabulary,-2.887419,54.054645,On or near Petrol Station,E01025114,Lancaster 016A,Violence and sexual offences,Unable to prosecute suspect,
40a13cea6e1853d1c5a2afa738f9b4cbeb98ab0c0518e81aea5298bca3e7cbca,2021-06,Lancashire Constabulary,Lancashire Constabulary,-2.890372,54.054902,On or near Haydock Grove,E01025114,Lancaster 016A,Violence and sexual offences,Court result unavailable,
14d77c50eb18737fb8f2273dced8ffe9252ddf67c51bd334a2d9095d01a602ad,2021-06,Lancashire Constabulary,Lancashire Constabulary,-2.889491,54.055106,On or near Harrison Crescent,E01025114,Lancaster 016A,Violence and sexual offences,Unable to prosecute suspect,
c0767cab688d3e055ca2eefdb96524e89055ffa977baba39e75fb49bbf3d48d9,2021-06,Lancashire Constabulary,Lancashire Constabulary,-2.890372,54.054902,On or near Haydock Grove,E01025114,Lancaster 016A,Violence and sexual offences,Further investigation is not in the public interest,
976ec08c2e4109865f2758a9994b40321ccf2205dc301744d07437f2bd0cc515,2021-06,Lancashire Constabulary,Lancashire Constabulary,-2.889779,54.055005,On or near Oxcliffe Avenue,E01025114,Lancaster 016A,Violence and sexual offences,Unable to prosecute suspect,
f1a4f9d42ccd74f7dc69a7c41c5d5d27bca098aa96cfd61210c0d6ba5c245161,2021-06,Lancashire Constabulary,Lancashire Constabulary,-2.889491,54.055106,On or near Harrison Crescent,E01025114,Lancaster 016A,Violence and sexual offences,Unable to prosecute suspect,
7e18f0a82ba254e150148e31bf5074cb4f28a75a5041c9a51e7ef3188e40712b,2021-06,Lancashire Constabulary,Lancashire Constabulary,-2.889491,54.055106,On or near Harrison Crescent,E01025114,Lancaster 016A,Violence and sexual offences,Unable to prosecute suspect,
7f87724e5b1bdbf6ef1da24cedc90169d22acfd7626754937693806a6c13d377,2021-06,Lancashire Constabulary,Lancashire Constabulary,-2.888631,54.052057,On or near Arncliffe Road,E01025114,Lancaster 016A,Other crime,Unable to prosecute suspect,
,2021-06,Lancashire Constabulary,Lancashire Constabulary,-2.886820,54.051648,On or near Kingsway,E01025115,Lancaster 016B,Anti-social behaviour,,
,2021-06,Lancashire Constabulary,Lancashire Constabulary,-2.886979,54.053363,On or near Bleasdale Grove,E01025115,Lancaster 016B,Anti-social behaviour,,
,2021-06,Lancashire Constabulary,Lancashire Constabulary,-2.885025,54.052703,On or near Hale Carr Grove,E01025115,Lancaster 016B,Anti-social behaviour,,
,2021-06,Lancashire Constabulary,Lancashire Constabulary,-2.884297,54.049374,On or near Mallowdale Avenue,E01025115,Lancaster 016B,Anti-social behaviour,,
,2021-06,Lancashire Constabulary,Lancashire Constabulary,-2.886979,54.053363,On or near Bleasdale Grove,E01025115,Lancaster 016B,Anti-social behaviour,,
,2021-06,Lancashire Constabulary,Lancashire Constabulary,-2.885133,54.048451,On or near Littledale Avenue,E01025115,Lancaster 016B,Anti-social behaviour,,
f4f83c4dd9c08ae87844b9318c91b808455883e0a2a9439b03f6d40210779893,2021-06,Lancashire Constabulary,Lancashire Constabulary,-2.881871,54.052349,On or near Crofters Fold,E01025115,Lancaster 016B,Criminal damage and arson,Investigation complete; no suspect identified,
55984f5d07a09be14aa7a05c4269675ad2442bb7d04578f1e94383f0fbb8beb4,2021-06,Lancashire Constabulary,Lancashire Constabulary,-2.884158,54.054346,On or near Birchtree Avenue,E01025115,Lancaster 016B,Violence and sexual offences,Further investigation is not in the public interest,
dd36f5808a1dc96268784e17a1412ef627f722bb393fa564e4e6ff05ae0a7fe8,2021-06,Lancashire Constabulary,Lancashire Constabulary,-2.883482,54.052706,On or near Stansy Avenue,E01025115,Lancaster 016B,Violence and sexual offences,Unable to prosecute suspect,
c2dcc7dfcfa3f5f57ace4c4aa09e366e1288fe11a5e00c7ba06e8e71b4f8fdde,2021-06,Lancashire Constabulary,Lancashire Constabulary,-2.884696,54.049452,On or near Roeburndale Crescent,E01025115,Lancaster 016B,Violence and sexual offences,Action to be taken by another organisation,
648720f756ee06b22a2ef5589a61a9ffdc7f2a8ad3904b9f85ddcd64cba404aa,2021-06,Lancashire Constabulary,Lancashire Constabulary,-2.886820,54.051648,On or near Kingsway,E01025115,Lancaster 016B,Violence and sexual offences,Further investigation is not in the public interest,
9dbf50399033cfe964d455c1281ac3180b19edf7bb010fc16bd9cff5ec9dca58,2021-06,Lancashire Constabulary,Lancashire Constabulary,-2.884297,54.049374,On or near Mallowdale Avenue,E01025115,Lancaster 016B,Violence and sexual offences,Unable to prosecute suspect,
,2021-06,Lancashire Constabulary,Lancashire Constabulary,-2.884095,54.043435,On or near Jenny Nook,E01025121,Lancaster 016C,Anti-social behaviour,,
,2021-06,Lancashire Constabulary,Lancashire Constabulary,-2.888846,54.049224,On or near Sugham Lane,E01025121,Lancaster 016C,Anti-social behaviour,,
,2021-06,Lancashire Constabulary,Lancashire Constabulary,-2.888846,54.049224,On or near Sugham Lane,E01025121,Lancaster 016C,Anti-social behaviour,,
,2021-06,Lancashire Constabulary,Lancashire Constabulary,-2.886763,54.048242,On or near Kingsway,E01025121,Lancaster 016C,Anti-social behaviour,,
,2021-06,Lancashire Constabulary,Lancashire Constabulary,-2.888786,54.039985,On or near Greenshank Close,E01025121,Lancaster 016C,Anti-social behaviour,,
,2021-06,Lancashire Constabulary,Lancashire Constabulary,-2.888786,54.039985,On or near Greenshank Close,E01025121,Lancaster 016C,Anti-social behaviour,,
a59fae1bfcf2190ee299283aa89ad64b745cd9e8606b818c54b936f165dba9a0,2021-06,Lancashire Constabulary,Lancashire Constabulary,-2.887781,54.042266,On or near Farriers Fold,E01025121,Lancaster 016C,Public order,Unable to prosecute suspect,
21bc3ed8a7e5e997e356971813bd7929f9f526f182bbd6ded68cc1a0ddefa658,2021-06,Lancashire Constabulary,Lancashire Constabulary,-2.887781,54.042266,On or near Farriers Fold,E01025121,Lancaster 016C,Public order,Unable to prosecute suspect,
c49332a2316d30c818bc9dc81ecd64b64255b1c0a2ccd50b8687dc8fee361730,2021-06,Lancashire Constabulary,Lancashire Constabulary,-2.877650,54.051418,On or near The Pastures,E01025121,Lancaster 016C,Violence and sexual offences,Unable to prosecute suspect,
0a2d13bd00d13db4ab324e12e4e700adbfa36e26284b2d56365ac3e67adb94b4,2021-06,Lancashire Constabulary,Lancashire Constabulary,-2.891048,54.047922,On or near Hillmount Avenue,E01025121,Lancaster 016C,Violence and sexual offences,Court result unavailable,
a3a5009604607ceddbdcee338c30d0edd0eea35852718f596a4ab50e16c6fa75,2021-06,Lancashire Constabulary,Lancashire Constabulary,-2.886763,54.048242,On or near Kingsway,E01025121,Lancaster 016C,Violence and sexual offences,Unable to prosecute suspect,
dc5c462e1aa7c27f86fa5a48d5a52b08bf173e1b4bced8ff8fb7927dcb728a94,2021-06,Lancashire Constabulary,Lancashire Constabulary,-2.884095,54.043435,On or near Jenny Nook,E01025121,Lancaster 016C,Violence and sexual offences,Unable to prosecute suspect,
060728ea6aaa0111b8dae625ef6afe34ac7e6e2edca32e965ac3080afb602f00,2021-06,Lancashire Constabulary,Lancashire Constabulary,-2.887421,54.049037,On or near Tarnbrook Road,E01025121,Lancaster 016C,Other crime,Court result unavailable,
,2021-06,Lancashire Constabulary,Lancashire Constabulary,-2.898472,54.046582,On or near Woborrow Road,E01025122,Lancaster 016D,Anti-social behaviour,,
,2021-06,Lancashire Constabulary,Lancashire Constabulary,-2.898260,54.045262,On or near Crime Well Lane,E01025122,Lancaster 016D,Anti-social behaviour,,
,2021-06,Lancashire Constabulary,Lancashire Constabulary,-2.898472,54.046582,On or near Woborrow Road,E01025122,Lancaster 016D,Anti-social behaviour,,
,2021-06,Lancashire Constabulary,Lancashire Constabulary,-2.900743,54.046376,On or near Main Street,E01025122,Lancaster 016D,Anti-social behaviour,,
,2021-06,Lancashire Constabulary,Lancashire Constabulary,-2.900711,54.047697,On or near Lade End,E01025122,Lancaster 016D,Anti-social behaviour,,
,2021-06,Lancashire Constabulary,Lancashire Constabulary,-2.898472,54.046582,On or near Woborrow Road,E01025122,Lancaster 016D,Anti-social behaviour,,
d1ce1931b2ef6958f8362ad75c421dd7164dd5ad446a615e5c65b0b3fbfec775,2021-06,Lancashire Constabulary,Lancashire Constabulary,-2.898923,54.044844,On or near Lees Court,E01025122,Lancaster 016D,Criminal damage and arson,Investigation complete; no suspect identified,
3d392bbf4f93c9b6e32c3c2cd57faf6ae461cdfc535ccec09e7805693d3ceb0b,2021-06,Lancashire Constabulary,Lancashire Constabulary,-2.902432,54.043253,On or near Barrows Lane,E01025122,Lancaster 016D,Criminal damage and arson,Investigation complete; no suspect identified,
478400c358b2eb299abc6c6af0dfd1f4925479139aba7de06a58d0bcce7a7b8c,2021-06,Lancashire Constabulary,Lancashire Constabulary,-2.896437,54.044278,On or near Brentlea Avenue,E01025122,Lancaster 016D,Other theft,Investigation complete; no suspect identified,
52e9fd74cd4dea8e53bde1260c3ba686d9857f1019b4d29296afe94f6cc63588,2021-06,Lancashire Constabulary,Lancashire Constabulary,-2.896339,54.046813,On or near Wilson Grove,E01025122,Lancaster 016D,Other theft,Investigation complete; no suspect identified,
2bbba27fc107c9d47f47e10cc8f19ff235c12fefaeb27fc2dde03f248bef443f,2021-06,Lancashire Constabulary,Lancashire Constabulary,-2.900817,54.046259,On or near Royal Fold,E01025122,Lancaster 016D,Public order,Investigation complete; no suspect identified,
b504fade70dfbf3b0202be00231b18a539c79d15a7faf685c952072ac49b7fe0,2021-06,Lancashire Constabulary,Lancashire Constabulary,-2.896366,54.045240,On or near Shortlands Drive,E01025122,Lancaster 016D,Vehicle crime,Status update unavailable,
,2021-06,Lancashire Constabulary,Lancashire Constabulary,-2.891420,54.046068,On or near Eldon Grove,E01025123,Lancaster 016E,Anti-social behaviour,,
,2021-06,Lancashire Constabulary,Lancashire Constabulary,-2.888771,54.037873,On or near Redshank Drive,E01025123,Lancaster 016E,Anti-social behaviour,,
,2021-06,Lancashire Constabulary,Lancashire Constabulary,-2.891801,54.036035,On or near Plover Drive,E01025123,Lancaster 016E,Anti-social behaviour,,
,2021-06,Lancashire Constabulary,Lancashire Constabulary,-2.889080,54.036612,On or near Swift Gardens,E01025123,Lancaster 016E,Anti-social behaviour,,
,2021-06,Lancashire Constabulary,Lancashire Constabulary,-2.888098,54.044241,On or near Dalesview Crescent,E01025123,Lancaster 016E,Anti-social behaviour,,
3141a57941d1b1393fbd0a0ca0146a630d00a642c77d3bbbe8eef7d218140c48,2021-06,Lancashire Constabulary,Lancashire Constabulary,-2.888474,54.038944,On or near Lapwing Close,E01025123,Lancaster 016E,Criminal damage and arson,Investigation complete; no suspect identified,
b43456837913d50452fb6f142027c2c756a5e1d74545fa3e96725abd1a23355c,2021-06,Lancashire Constabulary,Lancashire Constabulary,-2.891237,54.038205,On or near Goldcrest Close,E01025123,Lancaster 016E,Criminal damage and arson,Investigation complete; no suspect identified,
f0f22bbe11318dc993a0125a8991fa8fb3980db1395a72fc3ab35d2a4a9d3c06,2021-06,Lancashire Constabulary,Lancashire Constabulary,-2.888771,54.037873,On or near Redshank Drive,E01025123,Lancaster 016E,Violence and sexual offences,Unable to prosecute suspect,
0dd989747f7d7214d0eb9f8414e3517e6170913ab7e8c7a9198e47a78ff9bc06,2021-06,Lancashire Constabulary,Lancashire Constabulary,-2.891474,54.046418,On or near Ridge Grove,E01025123,Lancaster 016E,Violence and sexual offences,Unable to prosecute suspect,
70ec6b553a1bcf91ebc012d91bcc62d40329d4adaa2dfab9d16fed3603a23989,2021-06,Lancashire Constabulary,Lancashire Constabulary,-2.892426,54.040272,On or near Laureston Avenue,E01025123,Lancaster 016E,Violence and sexual offences,Unable to prosecute suspect,
972e97d34babbefe79cf74ed9f89e8b5151023b4dfa64d87c0cd8fe2f711fc15,2021-06,Lancashire Constabulary,Lancashire Constabulary,-2.888771,54.037873,On or near Redshank Drive,E01025123,Lancaster 016E,Violence and sexual offences,Further investigation is not in the public interest,
5eff2f6064319b56792364ce1509d29192eefb14a665889ea5983aba5eb659d6,2021-06,Lancashire Constabulary,Lancashire Constabulary,-2.889080,54.036612,On or near Swift Gardens,E01025123,Lancaster 016E,Violence and sexual offences,Unable to prosecute suspect,
5145ef782fca13fba6a40c535ca89bab49083dff33b08ff49af88cd3758c9976,2021-06,Lancashire Constabulary,Lancashire Constabulary,-2.889233,54.045904,On or near Walker Grove,E01025123,Lancaster 016E,Violence and sexual offences,Unable to prosecute suspect,
4aac1bd9aa90a45576b26094325c2d2edcd159731b8e8b5e76800bf72b53a30e,2021-06,Lancashire Constabulary,Lancashire Constabulary,-2.889080,54.036612,On or near Swift Gardens,E01025123,Lancaster 016E,Violence and sexual offences,Unable to prosecute suspect,
,2021-06,Lancashire Constabulary,Lancashire Constabulary,-2.895626,54.041372,On or near Ripon Place,E01025124,Lancaster 016F,Anti-social behaviour,,
,2021-06,Lancashire Constabulary,Lancashire Constabulary,-2.900340,54.035513,On or near Rothsay Road,E01025124,Lancaster 016F,Anti-social behaviour,,
,2021-06,Lancashire Constabulary,Lancashire Constabulary,-2.899494,54.038737,On or near Delamere Avenue,E01025124,Lancaster 016F,Anti-social behaviour,,
,2021-06,Lancashire Constabulary,Lancashire Constabulary,-2.898728,54.039327,On or near Heathfoot Avenue,E01025124,Lancaster 016F,Anti-social behaviour,,
,2021-06,Lancashire Constabulary,Lancashire Constabulary,-2.895626,54.041372,On or near Ripon Place,E01025124,Lancaster 016F,Anti-social behaviour,,
,2021-06,Lancashire Constabulary,Lancashire Constabulary,-2.894090,54.043801,On or near Brentlea Crescent,E01025124,Lancaster 016F,Anti-social behaviour,,
,2021-06,Lancashire Constabulary,Lancashire Constabulary,-2.897150,54.041199,On or near Heysham Hall Drive,E01025124,Lancaster 016F,Anti-social behaviour,,
,2021-06,Lancashire Constabulary,Lancashire Constabulary,-2.895626,54.041372,On or near Ripon Place,E01025124,Lancaster 016F,Anti-social behaviour,,
,2021-06,Lancashire Constabulary,Lancashire Constabulary,-2.898997,54.037635,On or near Peel Avenue,E01025124,Lancaster 016F,Anti-social behaviour,,
74826b6237f1c870919810e291082be9e1fa9f91222f0746ac6cfeccc1325b3c,2021-06,Lancashire Constabulary,Lancashire Constabulary,-2.898495,54.036326,On or near Warren Grove,E01025124,Lancaster 016F,Other theft,Investigation complete; no suspect identified,
85f743efa0056ebf66c08a60ffc2f46290e1dbad48094116a9883c4fab8c2323,2021-06,Lancashire Constabulary,Lancashire Constabulary,-2.895450,54.040286,On or near Curwen Avenue,E01025124,Lancaster 016F,Other theft,Status update unavailable,
e2cc6097a98fdfd847348b0d3a7d9700421b34b1a66d27f6b0f76f4d21c1e726,2021-06,Lancashire Constabulary,Lancashire Constabulary,-2.895626,54.041372,On or near Ripon Place,E01025124,Lancaster 016F,Shoplifting,Unable to prosecute suspect,
f579245d73f92628c7521231d306d9c16aea0ae7adfaffcb4ed9412aa48acd1d,2021-06,Lancashire Constabulary,Lancashire Constabulary,-2.898062,54.040293,On or near St Mildred'S Way,E01025124,Lancaster 016F,Violence and sexual offences,Court result unavailable,
4868348503d860e1a886c0d54ed94fa2b93f4339fcb02f3efd6c692fa832b10d,2021-06,Lancashire Constabulary,Lancashire Constabulary,-2.899494,54.038737,On or near Delamere Avenue,E01025124,Lancaster 016F,Violence and sexual offences,Further investigation is not in the public interest,
d6d2ae71d25e50b5b175e0456c9f698ba0f0b31a64e0a46fb662809d8d8ed359,2021-06,Lancashire Constabulary,Lancashire Constabulary,-2.897794,54.036368,On or near Melville Road,E01025124,Lancaster 016F,Violence and sexual offences,Investigation complete; no suspect identified,
,2021-06,Lancashire Constabulary,Lancashire Constabulary,-2.879723,54.020835,On or near Low Road,E01033072,Lancaster 016I,Anti-social behaviour,,
,2021-06,Lancashire Constabulary,Lancashire Constabulary,-2.902245,54.034635,On or near Connaught Road,E01033072,Lancaster 016I,Anti-social behaviour,,
,2021-06,Lancashire Constabulary,Lancashire Constabulary,-2.899850,54.034015,On or near Oakville Road,E01033072,Lancaster 016I,Anti-social behaviour,,
,2021-06,Lancashire Constabulary,Lancashire Constabulary,-2.862469,54.015334,On or near Pedder Grove,E01033072,Lancaster 016I,Anti-social behaviour,,
,2021-06,Lancashire Constabulary,Lancashire Constabulary,-2.879723,54.020835,On or near Low Road,E01033072,Lancaster 016I,Anti-social behaviour,,
,2021-06,Lancashire Constabulary,Lancashire Constabulary,-2.862469,54.015334,On or near Pedder Grove,E01033072,Lancaster 016I,Anti-social behaviour,,
,2021-06,Lancashire Constabulary,Lancashire Constabulary,-2.899850,54.034015,On or near Oakville Road,E01033072,Lancaster 016I,Anti-social behaviour,,
,2021-06,Lancashire Constabulary,Lancashire Constabulary,-2.901062,54.034977,On or near Londonderry Road,E01033072,Lancaster 016I,Anti-social behaviour,,
3f96e113a1cd4e553f591f5e365183c4408840257b4591c143954f647f7fcd08,2021-06,Lancashire Constabulary,Lancashire Constabulary,-2.862469,54.015334,On or near Pedder Grove,E01033072,Lancaster 016I,Criminal damage and arson,Unable to prosecute suspect,
680331fa4c9f595986209da134cd47d430572b766bb7a7ccd0d807470fefb874,2021-06,Lancashire Constabulary,Lancashire Constabulary,-2.862469,54.015334,On or near Pedder Grove,E01033072,Lancaster 016I,Criminal damage and arson,Unable to prosecute suspect,
1dc3bc6d338237cd329b716c0e2a52be8af05ab579817aed9be558382808aaa6,2021-06,Lancashire Constabulary,Lancashire Constabulary,-2.883434,54.023109,On or near Middleton Road,E01033072,Lancaster 016I,Criminal damage and arson,Unable to prosecute suspect,
83f0343793a544852d5b598f3d87bdfd91079baaa4da3e7846b885ff99243f24,2021-06,Lancashire Constabulary,Lancashire Constabulary,-2.844208,54.054120,On or near Shopping Area,E01033072,Lancaster 016I,Other theft,Status update unavailable,
0f05afc13d40ba2b07121b6ef05b9957303f11fec983ce40eb23054d2f1f76bb,2021-06,Lancashire Constabulary,Lancashire Constabulary,-2.844208,54.054120,On or near Shopping Area,E01033072,Lancaster 016I,Shoplifting,Offender given a caution,
5daa07e541cf924c41867fcbae2ce7ed6acf3e5cba2764bb4a27eebdb34f0a24,2021-06,Lancashire Constabulary,Lancashire Constabulary,-2.862469,54.015334,On or near Pedder Grove,E01033072,Lancaster 016I,Violence and sexual offences,Unable to prosecute suspect,
e0911367899dd18acf81683ee923ac7a7c91c093a4562d1d4ae49adb6febf0da,2021-06,Lancashire Constabulary,Lancashire Constabulary,-2.858905,54.013481,On or near Church Park,E01033072,Lancaster 016I,Violence and sexual offences,Unable to prosecute suspect,
bc5da140fcad3cb7677d80ee032480ad711480bde91ee0ec1f3a9cbaca11127c,2021-06,Lancashire Constabulary,Lancashire Constabulary,-2.907646,54.031629,On or near Parking Area,E01033072,Lancaster 016I,Violence and sexual offences,Unable to prosecute suspect,
f16ebe3dbaa4c041f5fd1c18a6b293ee1e316ffeb739ebdabfd3c4011999aaa6,2021-06,Lancashire Constabulary,Lancashire Constabulary,-2.907646,54.031629,On or near Parking Area,E01033072,Lancaster 016I,Violence and sexual offences,Unable to prosecute suspect,
1e311860b32122fad6135f6837d2ea13e6c12356b14d77694b8b8704533737bb,2021-06,Lancashire Constabulary,Lancashire Constabulary,-2.883434,54.023109,On or near Middleton Road,E01033072,Lancaster 016I,Violence and sexual offences,Further action is not in the public interest,
1e2992cea18209875149334487e6cc1bb1fba1a1161466a2e59af52cced696f3,2021-06,Lancashire Constabulary,Lancashire Constabulary,-2.902245,54.034635,On or near Connaught Road,E01033072,Lancaster 016I,Violence and sexual offences,Unable to prosecute suspect,
be96846b5c6242612390d9abed8a3db74947577420aa9f589e29527b88bf749f,2021-06,Lancashire Constabulary,Lancashire Constabulary,-2.904331,54.036462,On or near Moneyclose Grove,E01033072,Lancaster 016I,Violence and sexual offences,Unable to prosecute suspect,
,2021-06,Lancashire Constabulary,Lancashire Constabulary,-2.815211,54.047660,On or near Milking Stile Lane,E01025100,Lancaster 017A,Anti-social behaviour,,
,2021-06,Lancashire Constabulary,Lancashire Constabulary,-2.815334,54.051632,On or near Lloyd Close,E01025100,Lancaster 017A,Anti-social behaviour,,
,2021-06,Lancashire Constabulary,Lancashire Constabulary,-2.814481,54.052510,On or near Sports/Recreation Area,E01025100,Lancaster 017A,Anti-social behaviour,,
d1de6216b6cf19a73ed5bec800d5f600e7ce60ac664f90051e97376f9a5a7371,2021-06,Lancashire Constabulary,Lancashire Constabulary,-2.825698,54.048919,On or near Thetis Road,E01025100,Lancaster 017A,Other theft,Investigation complete; no suspect identified,
6558e279cf3d5965c383c27cc458835eac1144c0e13772504cb551f84f238496,2021-06,Lancashire Constabulary,Lancashire Constabulary,-2.823397,54.048405,On or near Parking Area,E01025100,Lancaster 017A,Violence and sexual offences,Unable to prosecute suspect,
13e55f128df70480ed227ccf836ef106e5ea61e535311e0a3d44c6c0275c06e3,2021-06,Lancashire Constabulary,Lancashire Constabulary,-2.814125,54.051488,On or near Hutton Way,E01025100,Lancaster 017A,Violence and sexual offences,Unable to prosecute suspect,
,2021-06,Lancashire Constabulary,Lancashire Constabulary,-2.815863,54.050523,On or near Laburnum Grove,E01025101,Lancaster 017B,Anti-social behaviour,,
,2021-06,Lancashire Constabulary,Lancashire Constabulary,-2.816818,54.049402,On or near Chestnut Grove,E01025101,Lancaster 017B,Anti-social behaviour,,
,2021-06,Lancashire Constabulary,Lancashire Constabulary,-2.811056,54.049962,On or near Sports/Recreation Area,E01025101,Lancaster 017B,Anti-social behaviour,,
,2021-06,Lancashire Constabulary,Lancashire Constabulary,-2.811056,54.049962,On or near Sports/Recreation Area,E01025101,Lancaster 017B,Anti-social behaviour,,
,2021-06,Lancashire Constabulary,Lancashire Constabulary,-2.815863,54.050523,On or near Laburnum Grove,E01025101,Lancaster 017B,Anti-social behaviour,,
,2021-06,Lancashire Constabulary,Lancashire Constabulary,-2.815863,54.050523,On or near Laburnum Grove,E01025101,Lancaster 017B,Anti-social behaviour,,
fea2d75925356b9e3deeb4bb8e7fe36839b0072f3e09d726f5e6a7a8ae93dd09,2021-06,Lancashire Constabulary,Lancashire Constabulary,-2.813220,54.049714,On or near Salisbury Road,E01025101,Lancaster 017B,Burglary,Unable to prosecute suspect,
3132c2a896028609efc5a5cc8ab737fa90ade211cf0c5a7c2026c508cfc458a4,2021-06,Lancashire Constabulary,Lancashire Constabulary,-2.816818,54.049402,On or near Chestnut Grove,E01025101,Lancaster 017B,Burglary,Investigation complete; no suspect identified,
d57add284b6390b21d18b23d6c999c24910b844fb7387cf01e8c65900924cff0,2021-06,Lancashire Constabulary,Lancashire Constabulary,-2.813220,54.049714,On or near Salisbury Road,E01025101,Lancaster 017B,Criminal damage and arson,Unable to prosecute suspect,
9061311c2ff3b074ff53436b583d9797f11c8d422ca9c6f209a9547b719efb94,2021-06,Lancashire Constabulary,Lancashire Constabulary,-2.811056,54.049962,On or near Sports/Recreation Area,E01025101,Lancaster 017B,Criminal damage and arson,Investigation complete; no suspect identified,
10759195f3190590676249e1579370188722dea3d76b02258c1f32655c645747,2021-06,Lancashire Constabulary,Lancashire Constabulary,-2.816818,54.049402,On or near Chestnut Grove,E01025101,Lancaster 017B,Criminal damage and arson,Investigation complete; no suspect identified,
837343a39a8853d7256ea3b0c79f4840b1f8f00791b9360ef107722e75bdb959,2021-06,Lancashire Constabulary,Lancashire Constabulary,-2.815863,54.050523,On or near Laburnum Grove,E01025101,Lancaster 017B,Other theft,Status update unavailable,
81af5593d02365e25ed0e23c97100448d1e6938fad2e2dca960d3fd3c3467940,2021-06,Lancashire Constabulary,Lancashire Constabulary,-2.811056,54.049962,On or near Sports/Recreation Area,E01025101,Lancaster 017B,Other theft,Investigation complete; no suspect identified,
9c983cb46ce6396eeaf2161722fd3db62812e95a7ac06d4fb293f70fca4b8dc1,2021-06,Lancashire Constabulary,Lancashire Constabulary,-2.814769,54.050063,On or near Cedar Road,E01025101,Lancaster 017B,Other theft,Investigation complete; no suspect identified,
a6d6a85d2f199e7b33f509a533535f740455444aa0bfb34d7ebc4d528940d79e,2021-06,Lancashire Constabulary,Lancashire Constabulary,-2.816818,54.049402,On or near Chestnut Grove,E01025101,Lancaster 017B,Other theft,Further investigation is not in the public interest,
826d96bf36c36165442e17f7abe77e693a5342c832d86823cb390d95ef18827f,2021-06,Lancashire Constabulary,Lancashire Constabulary,-2.814089,54.050445,On or near Cypress Close,E01025101,Lancaster 017B,Public order,Status update unavailable,
84de3a773631926168f6f3f73ef5a8fb91a1da003053b7c3f3faa11277268df1,2021-06,Lancashire Constabulary,Lancashire Constabulary,-2.811056,54.049962,On or near Sports/Recreation Area,E01025101,Lancaster 017B,Robbery,Unable to prosecute suspect,
84c44a5d6827bf25a624f84be33437dad9224ce649f142fbafc961960fbe0bd8,2021-06,Lancashire Constabulary,Lancashire Constabulary,-2.811056,54.049962,On or near Sports/Recreation Area,E01025101,Lancaster 017B,Violence and sexual offences,Action to be taken by another organisation,
8f1629e991d1a1fc0a35ed057c7009622d05a9811e6ec47a069a0335f2fcaa8c,2021-06,Lancashire Constabulary,Lancashire Constabulary,-2.816818,54.049402,On or near Chestnut Grove,E01025101,Lancaster 017B,Violence and sexual offences,Unable to prosecute suspect,
b46ab73054b1c0e56f5452786c0da09607bbdcb70130a46e0dcca001cf74079e,2021-06,Lancashire Constabulary,Lancashire Constabulary,-2.814705,54.050711,On or near Lime Grove,E01025101,Lancaster 017B,Violence and sexual offences,Unable to prosecute suspect,
52af07953d2f05d4007df3a9475deb1467c7e87dfbd140ecaf4ebf9e60f5f525,2021-06,Lancashire Constabulary,Lancashire Constabulary,-2.816818,54.049402,On or near Chestnut Grove,E01025101,Lancaster 017B,Violence and sexual offences,Unable to prosecute suspect,
d9831168a90ec7d9d5b4018972e6544e263f90270d40f01c530c193f6485d9b7,2021-06,Lancashire Constabulary,Lancashire Constabulary,-2.814089,54.050445,On or near Cypress Close,E01025101,Lancaster 017B,Violence and sexual offences,Investigation complete; no suspect identified,
2186ba0bf742de3404d7b1d45e4c1c695918f0e1728e3ac256bd034ee9959e21,2021-06,Lancashire Constabulary,Lancashire Constabulary,-2.811056,54.049962,On or near Sports/Recreation Area,E01025101,Lancaster 017B,Violence and sexual offences,Further investigation is not in the public interest,
24798e80f2571acd0040d20bb04b7428568ac3bbbed7534e46e522d8a278584a,2021-06,Lancashire Constabulary,Lancashire Constabulary,-2.816090,54.049641,On or near Alder Court,E01025101,Lancaster 017B,Violence and sexual offences,Unable to prosecute suspect,
,2021-06,Lancashire Constabulary,Lancashire Constabulary,-2.805357,54.044365,On or near Villas Court,E01025102,Lancaster 017C,Anti-social behaviour,,
,2021-06,Lancashire Constabulary,Lancashire Constabulary,-2.809082,54.047441,On or near Kelsey Street,E01025102,Lancaster 017C,Anti-social behaviour,,
,2021-06,Lancashire Constabulary,Lancashire Constabulary,-2.807276,54.045647,On or near Sylvester Street,E01025102,Lancaster 017C,Anti-social behaviour,,
7dc09ce69956ff85953a3a6099c68e132b447368bcb112b83a5321f46636ea72,2021-06,Lancashire Constabulary,Lancashire Constabulary,-2.806215,54.046103,On or near Parking Area,E01025102,Lancaster 017C,Violence and sexual offences,Unable to prosecute suspect,
,2021-06,Lancashire Constabulary,Lancashire Constabulary,-2.814562,54.042596,On or near Levens Close,E01025103,Lancaster 017D,Anti-social behaviour,,
,2021-06,Lancashire Constabulary,Lancashire Constabulary,-2.814732,54.044275,On or near Garfield Avenue,E01025103,Lancaster 017D,Anti-social behaviour,,
,2021-06,Lancashire Constabulary,Lancashire Constabulary,-2.818034,54.043642,On or near Grant Close,E01025103,Lancaster 017D,Anti-social behaviour,,
,2021-06,Lancashire Constabulary,Lancashire Constabulary,-2.814732,54.044275,On or near Garfield Avenue,E01025103,Lancaster 017D,Anti-social behaviour,,
780f75f3bcac88ad0496f24ecf12f88e33cbb4f1e983f28f4e731f783038944a,2021-06,Lancashire Constabulary,Lancashire Constabulary,-2.810755,54.045489,On or near Sunnyside Close,E01025103,Lancaster 017D,Burglary,Status update unavailable,
,2021-06,Lancashire Constabulary,Lancashire Constabulary,-2.798551,54.036690,On or near Bridge Road,E01025144,Lancaster 017E,Anti-social behaviour,,
,2021-06,Lancashire Constabulary,Lancashire Constabulary,-2.796702,54.035813,On or near Hastings Road,E01025144,Lancaster 017E,Anti-social behaviour,,
,2021-06,Lancashire Constabulary,Lancashire Constabulary,-2.796835,54.035578,On or near Heaton Road,E01025144,Lancaster 017E,Anti-social behaviour,,
,2021-06,Lancashire Constabulary,Lancashire Constabulary,-2.803665,54.032657,On or near Pathfinders Drive,E01025144,Lancaster 017E,Anti-social behaviour,,
,2021-06,Lancashire Constabulary,Lancashire Constabulary,-2.803665,54.032657,On or near Pathfinders Drive,E01025144,Lancaster 017E,Anti-social behaviour,,
,2021-06,Lancashire Constabulary,Lancashire Constabulary,-2.798055,54.034680,On or near Dorrington Road,E01025144,Lancaster 017E,Anti-social behaviour,,
,2021-06,Lancashire Constabulary,Lancashire Constabulary,-2.796702,54.035813,On or near Hastings Road,E01025144,Lancaster 017E,Anti-social behaviour,,
,2021-06,Lancashire Constabulary,Lancashire Constabulary,-2.799543,54.038257,On or near Princess Avenue,E01025144,Lancaster 017E,Anti-social behaviour,,
2a2459c437c64579416eaa73b10a5595f70c9ec649348f4f392177c57e772e1e,2021-06,Lancashire Constabulary,Lancashire Constabulary,-2.799543,54.038257,On or near Princess Avenue,E01025144,Lancaster 017E,Criminal damage and arson,Court result unavailable,
d319b65e956dd0b9825f5568a66cdd2e7ca8d5fb1f180492cd6bc684f187c35c,2021-06,Lancashire Constabulary,Lancashire Constabulary,-2.798551,54.036690,On or near Bridge Road,E01025144,Lancaster 017E,Criminal damage and arson,Investigation complete; no suspect identified,
8a898e6a38221c3591f0aad5125a2099a6fa80ae9013d54260d0064ea0ee9b79,2021-06,Lancashire Constabulary,Lancashire Constabulary,-2.803665,54.032657,On or near Pathfinders Drive,E01025144,Lancaster 017E,Other theft,Investigation complete; no suspect identified,
696482c64428cb8590bd10193dabf73c46e18d9280d55579f44bd4c0f2792f06,2021-06,Lancashire Constabulary,Lancashire Constabulary,-2.799543,54.038257,On or near Princess Avenue,E01025144,Lancaster 017E,Public order,Court result unavailable,
c790bd7d22983775ac0f11aa85a638803cb3d6e965d6296b923ffb7b09bb57df,2021-06,Lancashire Constabulary,Lancashire Constabulary,-2.796702,54.035813,On or near Hastings Road,E01025144,Lancaster 017E,Violence and sexual offences,Unable to prosecute suspect,
967a5de0b46153718d98f22eda02939e9d556ea944320292d9e4e3bcab77b17d,2021-06,Lancashire Constabulary,Lancashire Constabulary,-2.799543,54.038257,On or near Princess Avenue,E01025144,Lancaster 017E,Violence and sexual offences,Court result unavailable,
293391222cfe9e914e70833b22329573ec362df1c0daf6a91c6aa9624a70d8bd,2021-06,Lancashire Constabulary,Lancashire Constabulary,-2.799543,54.038257,On or near Princess Avenue,E01025144,Lancaster 017E,Violence and sexual offences,Court result unavailable,
8279d95570fdc974ec6fdf04919c0f01e353314e6f6c2122162c5bbe2140c9ae,2021-06,Lancashire Constabulary,Lancashire Constabulary,-2.803665,54.032657,On or near Pathfinders Drive,E01025144,Lancaster 017E,Violence and sexual offences,Unable to prosecute suspect,
437eddf2585ac1cbbfc00cb8bbee193f2b22c9527aa5cd4a965a064a6d7c2bbd,2021-06,Lancashire Constabulary,Lancashire Constabulary,-2.803588,54.038185,On or near Marlton Way,E01025144,Lancaster 017E,Violence and sexual offences,Unable to prosecute suspect,
4e4a4d47ad925f82a3b4d5118278ba29fc4b7f8041edd009fc0ba59a23e6f5d4,2021-06,Lancashire Constabulary,Lancashire Constabulary,-2.803588,54.038185,On or near Marlton Way,E01025144,Lancaster 017E,Violence and sexual offences,Action to be taken by another organisation,
30661a4ec41962de1d4f8b35ff5114ed69ba8ec4a57b9a597c0105f6f7ae27d1,2021-06,Lancashire Constabulary,Lancashire Constabulary,-2.799543,54.038257,On or near Princess Avenue,E01025144,Lancaster 017E,Violence and sexual offences,Court result unavailable,
,2021-06,Lancashire Constabulary,Lancashire Constabulary,-2.796293,54.034395,On or near St Paul'S Road,E01025146,Lancaster 017F,Anti-social behaviour,,
,2021-06,Lancashire Constabulary,Lancashire Constabulary,-2.795937,54.034901,On or near Victoria Avenue,E01025146,Lancaster 017F,Anti-social behaviour,,
,2021-06,Lancashire Constabulary,Lancashire Constabulary,-2.797692,54.026872,On or near Lawson Close,E01025146,Lancaster 017F,Anti-social behaviour,,
,2021-06,Lancashire Constabulary,Lancashire Constabulary,-2.811614,54.037061,On or near Aldcliffe Road,E01025146,Lancaster 017F,Anti-social behaviour,,
335a67d0bb4b0e1625c60d0cb606c8d48474bb9fe4f5560159fe43984c559d4f,2021-06,Lancashire Constabulary,Lancashire Constabulary,-2.816339,54.034297,On or near Aldcliffe Mews,E01025146,Lancaster 017F,Burglary,Investigation complete; no suspect identified,
cfbe11e4fc6e1d2107aa2b54159271641a1f1e110ca68ed54ae37d2ddd917464,2021-06,Lancashire Constabulary,Lancashire Constabulary,-2.795285,54.027976,On or near Scotforth Road,E01025146,Lancaster 017F,Burglary,Investigation complete; no suspect identified,
7d3638eb62d958e5b19e412135cc22c7c687914a5b65f5ee0b0afcda5eb201bb,2021-06,Lancashire Constabulary,Lancashire Constabulary,-2.795285,54.027976,On or near Scotforth Road,E01025146,Lancaster 017F,Criminal damage and arson,Investigation complete; no suspect identified,
57153d52d3f0aa6b5c812f24e21eb79e14be61114df2640239243915bdeb93ce,2021-06,Lancashire Constabulary,Lancashire Constabulary,-2.796703,54.028640,On or near Park Court,E01025146,Lancaster 017F,Criminal damage and arson,Unable to prosecute suspect,
1a5fed3acc395b52ec91e6b4497cba59491cc94196a4431b3900da4c9964bfcc,2021-06,Lancashire Constabulary,Lancashire Constabulary,-2.802125,54.028802,On or near Alderman Road,E01025146,Lancaster 017F,Other theft,Status update unavailable,
69c3b8584caf32eed94aa1283cec3dd31f9ea9780d7ffff625cad8c316a00801,2021-06,Lancashire Constabulary,Lancashire Constabulary,-2.816339,54.034297,On or near Aldcliffe Mews,E01025146,Lancaster 017F,Other theft,Investigation complete; no suspect identified,
19a113ae9101bfdb01f468d2b31af2fabfc9608660f2bd1b872399b93e513dd6,2021-06,Lancashire Constabulary,Lancashire Constabulary,-2.816339,54.034297,On or near Aldcliffe Mews,E01025146,Lancaster 017F,Other theft,Investigation complete; no suspect identified,
1000090805e0470b30e88a60307a4f417dc434ff62f3106a90b27c8bb54c9d14,2021-06,Lancashire Constabulary,Lancashire Constabulary,-2.795285,54.027976,On or near Scotforth Road,E01025146,Lancaster 017F,Shoplifting,Status update unavailable,
a6fa5ec59d9aa95a29fad1ae8df14c89dc3618d52437ffe29306e7d2ce0d69f7,2021-06,Lancashire Constabulary,Lancashire Constabulary,-2.795285,54.027976,On or near Scotforth Road,E01025146,Lancaster 017F,Shoplifting,Court result unavailable,
607634daec1873d6f84ef4cd9ddaa50a7e174be63c041af41ce6c83312b84028,2021-06,Lancashire Constabulary,Lancashire Constabulary,-2.796293,54.034395,On or near St Paul'S Road,E01025146,Lancaster 017F,Violence and sexual offences,Unable to prosecute suspect,
51af4cb9b5775ed62d985dabb5bf68ec3f33635195225ef4282aa10876ce4fd4,2021-06,Lancashire Constabulary,Lancashire Constabulary,-2.799210,54.028031,On or near Hibbert Terrace,E01025146,Lancaster 017F,Violence and sexual offences,Unable to prosecute suspect,
e6ec5fec16ad2e1d1909ab6cea3b3a54785654377b30c48a9c7e0a199a0815b7,2021-06,Lancashire Constabulary,Lancashire Constabulary,-2.799210,54.028031,On or near Hibbert Terrace,E01025146,Lancaster 017F,Violence and sexual offences,Unable to prosecute suspect,
4d26869b2d279d738d499150b890dcea9203b010f3925bd5154718ac93ceee67,2021-06,Lancashire Constabulary,Lancashire Constabulary,-2.795653,54.029618,On or near Hall Park,E01025146,Lancaster 017F,Violence and sexual offences,Unable to prosecute suspect,
cf1d6952893bc2b29ecd344bf77e3f198df7d8468bcddc6b36ecde895bbabd1e,2021-06,Lancashire Constabulary,Lancashire Constabulary,-2.796293,54.034395,On or near St Paul'S Road,E01025146,Lancaster 017F,Violence and sexual offences,Unable to prosecute suspect,
bfad2ba73e8b77a0d30943e1993cee05c0d21ba1171fdba6aef67db4e6a81829,2021-06,Lancashire Constabulary,Lancashire Constabulary,-2.799210,54.028031,On or near Hibbert Terrace,E01025146,Lancaster 017F,Violence and sexual offences,Unable to prosecute suspect,
6a1eb3399d0c6718f4ae88739b84c35d1a1b3deb1915795b3f8d66475ce5b425,2021-06,Lancashire Constabulary,Lancashire Constabulary,-2.795653,54.029618,On or near Hall Park,E01025146,Lancaster 017F,Violence and sexual offences,Status update unavailable,
b0cef3c37285275d03b931886eec31fc27d9a4522db13da10637a8f555b2ad55,2021-06,Lancashire Constabulary,Lancashire Constabulary,-2.796293,54.034395,On or near St Paul'S Road,E01025146,Lancaster 017F,Other crime,Unable to prosecute suspect,
a552f3b4ccaac6c81cb2be3424097e44edce807c2d6c1800011b23ccdc14887d,2021-06,Lancashire Constabulary,Lancashire Constabulary,-2.795899,54.025752,On or near Toll Bar Crescent,E01025146,Lancaster 017F,Other crime,Further investigation is not in the public interest,
,2021-06,Lancashire Constabulary,Lancashire Constabulary,-2.782298,54.034685,On or near Winchester Avenue,E01025127,Lancaster 018A,Anti-social behaviour,,
a8a73e8aee24c618e759eee3e8be1c6d97364f1663fc9df0aca2d559d09ae0ad,2021-06,Lancashire Constabulary,Lancashire Constabulary,-2.785297,54.035025,On or near Hodder Place,E01025127,Lancaster 018A,Violence and sexual offences,Unable to prosecute suspect,
ed05631d95412fdced1727d95687b49aeccb7683e06664864cc4c1596d10ed4f,2021-06,Lancashire Constabulary,Lancashire Constabulary,-2.785297,54.035025,On or near Hodder Place,E01025127,Lancaster 018A,Violence and sexual offences,Unable to prosecute suspect,
2fadb17d82c9783d34f039faf9092a932e15c1e590f8979a34fba16a94ce79ef,2021-06,Lancashire Constabulary,Lancashire Constabulary,-2.782298,54.034685,On or near Winchester Avenue,E01025127,Lancaster 018A,Violence and sexual offences,Unable to prosecute suspect,
,2021-06,Lancashire Constabulary,Lancashire Constabulary,-2.789473,54.034620,On or near Chester Place,E01025141,Lancaster 018B,Anti-social behaviour,,
,2021-06,Lancashire Constabulary,Lancashire Constabulary,-2.791441,54.034553,On or near Palatine Avenue,E01025141,Lancaster 018B,Anti-social behaviour,,
,2021-06,Lancashire Constabulary,Lancashire Constabulary,-2.793211,54.031279,On or near Wakefield Drive,E01025141,Lancaster 018B,Anti-social behaviour,,
,2021-06,Lancashire Constabulary,Lancashire Constabulary,-2.793883,54.032074,On or near Addle Street,E01025141,Lancaster 018B,Anti-social behaviour,,
988abf9464627f4519bd8390899f5ed7a83984d700875ac39d1b54ac9c129493,2021-06,Lancashire Constabulary,Lancashire Constabulary,-2.790643,54.033516,On or near Rutland Avenue,E01025141,Lancaster 018B,Drugs,Further investigation is not in the public interest,
8478408b234d0a76fd37707491709a098a36cf3efce836f291781ef9a09b9eaa,2021-06,Lancashire Constabulary,Lancashire Constabulary,-2.793211,54.031279,On or near Wakefield Drive,E01025141,Lancaster 018B,Other theft,Investigation complete; no suspect identified,
24bfcbf9ff798c0a4c0754091d246fcbb34735c222187266edf3bf12c71f7067,2021-06,Lancashire Constabulary,Lancashire Constabulary,-2.789718,54.033837,On or near Warwick Avenue,E01025141,Lancaster 018B,Violence and sexual offences,Action to be taken by another organisation,
,2021-06,Lancashire Constabulary,Lancashire Constabulary,-2.791409,54.026455,On or near Claughton Drive,E01025143,Lancaster 018C,Anti-social behaviour,,
,2021-06,Lancashire Constabulary,Lancashire Constabulary,-2.788398,54.029441,On or near Hornby Drive,E01025143,Lancaster 018C,Anti-social behaviour,,
,2021-06,Lancashire Constabulary,Lancashire Constabulary,-2.791409,54.026455,On or near Claughton Drive,E01025143,Lancaster 018C,Anti-social behaviour,,
,2021-06,Lancashire Constabulary,Lancashire Constabulary,-2.789462,54.026819,On or near Appletree Close,E01025143,Lancaster 018C,Anti-social behaviour,,
ce72ad13ada6f42d3437cf9808f5c090c6a2605319b2483ddc4d3bd567e51262,2021-06,Lancashire Constabulary,Lancashire Constabulary,-2.788980,54.025519,On or near Slaidburn Drive,E01025143,Lancaster 018C,Criminal damage and arson,Court result unavailable,
817d8132a497d72177429bc27bf014f382167951c3526c5de57cd106c6febef6,2021-06,Lancashire Constabulary,Lancashire Constabulary,-2.790272,54.027676,On or near Hala Square,E01025143,Lancaster 018C,Criminal damage and arson,Investigation complete; no suspect identified,
adeee3ac7b35792bd4010137eb5b15df0b50b6e51e900a7780feabd4f7a67448,2021-06,Lancashire Constabulary,Lancashire Constabulary,-2.790047,54.025422,On or near Abbeystead Drive,E01025143,Lancaster 018C,Other theft,Investigation complete; no suspect identified,
10334460f31be2f48c3cdca87d4640a4ff73060a2dfc5806a02164c80565bdd3,2021-06,Lancashire Constabulary,Lancashire Constabulary,-2.789706,54.023572,On or near Bentham Road,E01025143,Lancaster 018C,Public order,Investigation complete; no suspect identified,
d84966792bbec7c71c9ba411513551d9f72280bf275dd4301150221dd0f5561a,2021-06,Lancashire Constabulary,Lancashire Constabulary,-2.790047,54.025422,On or near Abbeystead Drive,E01025143,Lancaster 018C,Violence and sexual offences,Investigation complete; no suspect identified,
cd4582b90c585e74c45c5a60ec6a635802b754a57b11b9b246e6250e6c81086c,2021-06,Lancashire Constabulary,Lancashire Constabulary,-2.789706,54.023572,On or near Bentham Road,E01025143,Lancaster 018C,Violence and sexual offences,Unable to prosecute suspect,
ca05b963ad402f3f4a7a2cf71d32f6084802d49b89e17cfceadd9bf3b10c64c5,2021-06,Lancashire Constabulary,Lancashire Constabulary,-2.789706,54.023572,On or near Bentham Road,E01025143,Lancaster 018C,Violence and sexual offences,Formal action is not in the public interest,
c1306c8f6c5c164dbc6cec93c8dc18005593ba1e749465a3e763506a8aa65f2b,2021-06,Lancashire Constabulary,Lancashire Constabulary,-2.789706,54.023572,On or near Bentham Road,E01025143,Lancaster 018C,Violence and sexual offences,Unable to prosecute suspect,
,2021-06,Lancashire Constabulary,Lancashire Constabulary,-2.789252,54.035835,On or near Kenilworth Place,E01025145,Lancaster 018D,Anti-social behaviour,,
,2021-06,Lancashire Constabulary,Lancashire Constabulary,-2.789252,54.035835,On or near Kenilworth Place,E01025145,Lancaster 018D,Anti-social behaviour,,
,2021-06,Lancashire Constabulary,Lancashire Constabulary,-2.789252,54.035835,On or near Kenilworth Place,E01025145,Lancaster 018D,Anti-social behaviour,,
,2021-06,Lancashire Constabulary,Lancashire Constabulary,-2.789252,54.035835,On or near Kenilworth Place,E01025145,Lancaster 018D,Anti-social behaviour,,
74b29bb8c3210ede8f5ba141cbc40f51d4a835bf77b59dc2e69f445fa01d34e7,2021-06,Lancashire Constabulary,Lancashire Constabulary,-2.790807,54.036517,On or near Wellington Road,E01025145,Lancaster 018D,Burglary,Investigation complete; no suspect identified,
3aa5cdf97a06a5275d9f0aaea4bd1202fbf67ab5f5a006a0bfd2ca73414523c6,2021-06,Lancashire Constabulary,Lancashire Constabulary,-2.791342,54.038967,On or near Somerset Avenue,E01025145,Lancaster 018D,Public order,Investigation complete; no suspect identified,
0729342012b6e84d5ef2d48b0da019e988e26f9e20af361dc0af0cd36a0449f9,2021-06,Lancashire Constabulary,Lancashire Constabulary,-2.791989,54.036868,On or near Newsham Road,E01025145,Lancaster 018D,Violence and sexual offences,Unable to prosecute suspect,
,2021-06,Lancashire Constabulary,Lancashire Constabulary,-2.775190,53.970234,On or near Pedestrian Subway,E01025105,Lancaster 019A,Anti-social behaviour,,
,2021-06,Lancashire Constabulary,Lancashire Constabulary,-2.786869,54.009947,On or near Further/Higher Educational Building,E01025105,Lancaster 019A,Anti-social behaviour,,
,2021-06,Lancashire Constabulary,Lancashire Constabulary,-2.786233,54.000505,On or near Green Lane,E01025105,Lancaster 019A,Anti-social behaviour,,
,2021-06,Lancashire Constabulary,Lancashire Constabulary,-2.794078,54.001469,On or near Leach House Lane,E01025105,Lancaster 019A,Anti-social behaviour,,
,2021-06,Lancashire Constabulary,Lancashire Constabulary,-2.775190,53.970234,On or near Pedestrian Subway,E01025105,Lancaster 019A,Anti-social behaviour,,
,2021-06,Lancashire Constabulary,Lancashire Constabulary,-2.735966,53.978057,On or near Four Lane,E01025105,Lancaster 019A,Anti-social behaviour,,
b17e0f0d90f5a6a3ce7360b084ae5bea24c3891d8bee0a333da7ee409c4a8798,2021-06,Lancashire Constabulary,Lancashire Constabulary,-2.786545,54.011361,On or near Bowland Avenue East,E01025105,Lancaster 019A,Bicycle theft,Investigation complete; no suspect identified,
d8eeea02a57ea62f0f467f2e03e476923a374c02da087b72841116a7072392c0,2021-06,Lancashire Constabulary,Lancashire Constabulary,-2.659050,53.988157,On or near Long Lane,E01025105,Lancaster 019A,Criminal damage and arson,Status update unavailable,
c73f266cb72645f97a2ded335a2365360e8c9279bdb141b9d8994bd99155a547,2021-06,Lancashire Constabulary,Lancashire Constabulary,-2.791868,54.005573,On or near Sports/Recreation Area,E01025105,Lancaster 019A,Criminal damage and arson,Local resolution,
133ff25f78d73dccf51a72c9af1db499252f91214e6df2b28c6fdebfdfd0756c,2021-06,Lancashire Constabulary,Lancashire Constabulary,-2.789447,54.003441,On or near West Avenue,E01025105,Lancaster 019A,Criminal damage and arson,Unable to prosecute suspect,
35dc1d7d971926e2f10f57f14231a920bf3ea5579156b0ea0984df02aad7e090,2021-06,Lancashire Constabulary,Lancashire Constabulary,-2.786233,54.000505,On or near Green Lane,E01025105,Lancaster 019A,Other theft,Unable to prosecute suspect,
102366159fd7fa965fe6a11d9208d1a70afd2c31fcd86844a5949fb3a878ba43,2021-06,Lancashire Constabulary,Lancashire Constabulary,-2.785247,54.013724,On or near North Drive,E01025105,Lancaster 019A,Other theft,Investigation complete; no suspect identified,
50184256c160213853819b53cc46e07aacb607efe9372b169b0829e398d788e4,2021-06,Lancashire Constabulary,Lancashire Constabulary,-2.785388,54.012312,On or near Further/Higher Educational Building,E01025105,Lancaster 019A,Other theft,Status update unavailable,
5995357557ff484a1d0a457886aef32db59b6fe035d056154f3445414f5a12c8,2021-06,Lancashire Constabulary,Lancashire Constabulary,-2.784798,54.003687,On or near Hazelrigg Lane,E01025105,Lancaster 019A,Other theft,Investigation complete; no suspect identified,
d0793fa15905cd56665b71f27031ebb3a302e23b69af7afa070893f8d98c155b,2021-06,Lancashire Constabulary,Lancashire Constabulary,-2.786869,54.009947,On or near Further/Higher Educational Building,E01025105,Lancaster 019A,Vehicle crime,Investigation complete; no suspect identified,
4dd7643bac789b830eb633ff8cbafd2e9e0ee4e0a95a624f217f372a0cf4df4d,2021-06,Lancashire Constabulary,Lancashire Constabulary,-2.786545,54.011361,On or near Bowland Avenue East,E01025105,Lancaster 019A,Violence and sexual offences,Unable to prosecute suspect,
2b7a866dc1d0f9e3b6c83312fe78a6bdc4a211dc6a798e25c1b1a5190d89ce47,2021-06,Lancashire Constabulary,Lancashire Constabulary,-2.786869,54.009947,On or near Further/Higher Educational Building,E01025105,Lancaster 019A,Violence and sexual offences,Unable to prosecute suspect,
,2021-06,Lancashire Constabulary,Lancashire Constabulary,-2.788044,53.992989,On or near Chapel Street,E01025106,Lancaster 019B,Anti-social behaviour,,
,2021-06,Lancashire Constabulary,Lancashire Constabulary,-2.788345,53.991953,On or near Ashley Gardens,E01025106,Lancaster 019B,Anti-social behaviour,,
,2021-06,Lancashire Constabulary,Lancashire Constabulary,-2.795123,53.993050,On or near Carrwood Gardens,E01025106,Lancaster 019B,Anti-social behaviour,,
,2021-06,Lancashire Constabulary,Lancashire Constabulary,-2.789153,53.991148,On or near Main Road,E01025106,Lancaster 019B,Anti-social behaviour,,
d6cdf26d951f7f355a58525b0965b021fec7471ee2691d77155416f5efdb1177,2021-06,Lancashire Constabulary,Lancashire Constabulary,-2.788345,53.991953,On or near Ashley Gardens,E01025106,Lancaster 019B,Public order,Offender given penalty notice,
a30c7b6a3599e2b90a393ae796191168195b534ef2074ad5b746ef1ce3ecef10,2021-06,Lancashire Constabulary,Lancashire Constabulary,-2.790501,53.992235,On or near Salford Road,E01025106,Lancaster 019B,Violence and sexual offences,Unable to prosecute suspect,
023f2f3265b7fb10fdb1f2e567ac24045d61541922b329771574fe8112427a12,2021-06,Lancashire Constabulary,Lancashire Constabulary,-2.788044,53.992989,On or near Chapel Street,E01025106,Lancaster 019B,Violence and sexual offences,Offender given a caution,
bb8b37c9a4495a524cedefa385e1169822133ada3e5f3699233749ae5ba55a2e,2021-06,Lancashire Constabulary,Lancashire Constabulary,-2.791153,53.989598,On or near Sports/Recreation Area,E01025106,Lancaster 019B,Violence and sexual offences,Unable to prosecute suspect,
5e6a08dbbeacf335522a0f0e0f8a88e3421f4d332bef49ca3191708ccb28e85b,2021-06,Lancashire Constabulary,Lancashire Constabulary,-2.794491,53.993521,On or near Birch Avenue,E01025106,Lancaster 019B,Violence and sexual offences,Unable to prosecute suspect,
4e6bbffbaeaab4a5b3179dd7cdd060c8ed5270df527651201edbc1ff7c3f5027,2021-06,Lancashire Constabulary,Lancashire Constabulary,-2.786706,53.994013,On or near Swaledale,E01025106,Lancaster 019B,Violence and sexual offences,Unable to prosecute suspect,
,2021-06,Lancashire Constabulary,Lancashire Constabulary,-2.753191,54.030143,On or near Wyresdale Road,E01025107,Lancaster 019C,Anti-social behaviour,,
,2021-06,Lancashire Constabulary,Lancashire Constabulary,-2.849712,53.997467,On or near Tithebarn Hill,E01025107,Lancaster 019C,Anti-social behaviour,,
,2021-06,Lancashire Constabulary,Lancashire Constabulary,-2.828160,53.958403,On or near Marsh Close,E01025107,Lancaster 019C,Anti-social behaviour,,
,2021-06,Lancashire Constabulary,Lancashire Constabulary,-2.823651,53.999473,On or near A588,E01025107,Lancaster 019C,Anti-social behaviour,,
,2021-06,Lancashire Constabulary,Lancashire Constabulary,-2.779059,54.031291,On or near M6,E01025107,Lancaster 019C,Anti-social behaviour,,
9a3ef4eed3d32f6b9499e9ea9526a7a3807c323e59c46ea1f8a7132ddbf28f85,2021-06,Lancashire Constabulary,Lancashire Constabulary,-2.829073,53.946038,On or near Crimbles Lane,E01025107,Lancaster 019C,Violence and sexual offences,Unable to prosecute suspect,
,2021-06,Lancashire Constabulary,Lancashire Constabulary,-2.786349,54.027666,On or near Lingfield Close,E01025142,Lancaster 019D,Anti-social behaviour,,
,2021-06,Lancashire Constabulary,Lancashire Constabulary,-2.789879,54.023032,On or near Shireshead Crescent,E01025142,Lancaster 019D,Anti-social behaviour,,
,2021-06,Lancashire Constabulary,Lancashire Constabulary,-2.782589,54.029030,On or near Bowerham Lane,E01025142,Lancaster 019D,Anti-social behaviour,,
,2021-06,Lancashire Constabulary,Lancashire Constabulary,-2.793203,54.021249,On or near Hazelwood Gardens,E01025142,Lancaster 019D,Anti-social behaviour,,
,2021-06,Lancashire Constabulary,Lancashire Constabulary,-2.789879,54.023032,On or near Shireshead Crescent,E01025142,Lancaster 019D,Anti-social behaviour,,
a6fd4e39fbc8c8ca7f12ad4a396745c12c1f8977afff92b08bec8e87b6c10e16,2021-06,Lancashire Constabulary,Lancashire Constabulary,-2.782589,54.029030,On or near Bowerham Lane,E01025142,Lancaster 019D,Criminal damage and arson,Unable to prosecute suspect,
dee48d3133baf1e4c55f49cdb8f7167a7371e6b6c3345d9e8df42995e4f2949d,2021-06,Lancashire Constabulary,Lancashire Constabulary,-2.782589,54.029030,On or near Bowerham Lane,E01025142,Lancaster 019D,Violence and sexual offences,Further investigation is not in the public interest,
ce22e314edd3e563102ccd1b42656ce95a5a0a1003effa6c39e84bcb4877f8e4,2021-06,Lancashire Constabulary,Lancashire Constabulary,-2.793203,54.021249,On or near Hazelwood Gardens,E01025142,Lancaster 019D,Violence and sexual offences,Investigation complete; no suspect identified,
84b35345127825d322801a6d754e9ead62caa28cc50a62ed072dee18fcc31d5d,2021-06,Lancashire Constabulary,Lancashire Constabulary,-2.782589,54.029030,On or near Bowerham Lane,E01025142,Lancaster 019D,Violence and sexual offences,Further investigation is not in the public interest,
,2021-06,Lancashire Constabulary,Lancashire Constabulary,-2.851093,54.068866,On or near Rosebery Avenue,E01025137,Lancaster 020A,Anti-social behaviour,,
,2021-06,Lancashire Constabulary,Lancashire Constabulary,-2.851093,54.068866,On or near Rosebery Avenue,E01025137,Lancaster 020A,Anti-social behaviour,,
,2021-06,Lancashire Constabulary,Lancashire Constabulary,-2.851311,54.069044,On or near Back Roseberry Avenue North,E01025137,Lancaster 020A,Anti-social behaviour,,
a1b1b943b3940dabf0ebda6a6a5b733458142d5246a90fde3e79754b427447b4,2021-06,Lancashire Constabulary,Lancashire Constabulary,-2.846726,54.071278,On or near Elkin Road,E01025137,Lancaster 020A,Other theft,Unable to prosecute suspect,
3fc1b91048544b48d341a4bc6c518048d1a52785440c4311fac0ff9cd909ddc2,2021-06,Lancashire Constabulary,Lancashire Constabulary,-2.847064,54.067618,On or near Sports/Recreation Area,E01025137,Lancaster 020A,Other theft,Status update unavailable,
6916a08d55cc1f6972d37a0fdf13adca0143f86c822f82f65333ad032a0ec61c,2021-06,Lancashire Constabulary,Lancashire Constabulary,-2.847064,54.067618,On or near Sports/Recreation Area,E01025137,Lancaster 020A,Shoplifting,Investigation complete; no suspect identified,
6cfb284d026e7bd5b05e16809f63aafa8d1cbd3a696f4649f6eda21c44f3f280,2021-06,Lancashire Constabulary,Lancashire Constabulary,-2.847064,54.067618,On or near Sports/Recreation Area,E01025137,Lancaster 020A,Shoplifting,Status update unavailable,
4a1bd2528a743b2fd0547ca0ec9fb8f6f3058b65147863cf643865670d40168d,2021-06,Lancashire Constabulary,Lancashire Constabulary,-2.847064,54.067618,On or near Sports/Recreation Area,E01025137,Lancaster 020A,Shoplifting,Status update unavailable,
e4c7047fd76eadbf70787cb34d6447c779b1156cf7179094090747896b7f1d4c,2021-06,Lancashire Constabulary,Lancashire Constabulary,-2.851311,54.069044,On or near Back Roseberry Avenue North,E01025137,Lancaster 020A,Violence and sexual offences,Further investigation is not in the public interest,
dc81ab3478ee52d6d3d72474d6eff598e487f71f8c7fc86445335e96bd938f8f,2021-06,Lancashire Constabulary,Lancashire Constabulary,-2.847899,54.068816,On or near Lancaster Road,E01025137,Lancaster 020A,Violence and sexual offences,Action to be taken by another organisation,
eaa97be5f0855ab90813660febaae732859877bf2146bc75a58c27bcd4c2fd39,2021-06,Lancashire Constabulary,Lancashire Constabulary,-2.847064,54.067618,On or near Sports/Recreation Area,E01025137,Lancaster 020A,Violence and sexual offences,Investigation complete; no suspect identified,
d5b1f59f4358aa09fccb8797547fc046008af3e46dc306eed1fac60f3541acf5,2021-06,Lancashire Constabulary,Lancashire Constabulary,-2.847899,54.068816,On or near Lancaster Road,E01025137,Lancaster 020A,Violence and sexual offences,Action to be taken by another organisation,
,2021-06,Lancashire Constabulary,Lancashire Constabulary,-2.839147,54.069768,On or near Sizergh Road,E01025162,Lancaster 020B,Anti-social behaviour,,
,2021-06,Lancashire Constabulary,Lancashire Constabulary,-2.840653,54.073253,On or near Carrington Grove,E01025162,Lancaster 020B,Anti-social behaviour,,
,2021-06,Lancashire Constabulary,Lancashire Constabulary,-2.838747,54.070427,On or near Monkswood Avenue,E01025162,Lancaster 020B,Anti-social behaviour,,
,2021-06,Lancashire Constabulary,Lancashire Constabulary,-2.826354,54.068913,On or near Slyne Road,E01025163,Lancaster 020C,Anti-social behaviour,,
,2021-06,Lancashire Constabulary,Lancashire Constabulary,-2.834276,54.066907,On or near Old Penny Gardens,E01025163,Lancaster 020C,Anti-social behaviour,,
,2021-06,Lancashire Constabulary,Lancashire Constabulary,-2.829159,54.071617,On or near Eden Avenue,E01025163,Lancaster 020C,Anti-social behaviour,,
,2021-06,Lancashire Constabulary,Lancashire Constabulary,-2.832806,54.068320,On or near Roedean Avenue,E01025163,Lancaster 020C,Anti-social behaviour,,
,2021-06,Lancashire Constabulary,Lancashire Constabulary,-2.832607,54.070595,On or near Mattock Crescent,E01025163,Lancaster 020C,Anti-social behaviour,,
,2021-06,Lancashire Constabulary,Lancashire Constabulary,-2.829159,54.071617,On or near Eden Avenue,E01025163,Lancaster 020C,Anti-social behaviour,,
b0c59c98ed47e0bd69bbb3181c3c77f5af2b6cfb53984aa6c8dd9a528d68fa9d,2021-06,Lancashire Constabulary,Lancashire Constabulary,-2.834276,54.066907,On or near Old Penny Gardens,E01025163,Lancaster 020C,Shoplifting,Status update unavailable,
303b6af6268b96fad0cd2dc4bd1b2c638c1ca64663050b0e6caedfe32caed4c9,2021-06,Lancashire Constabulary,Lancashire Constabulary,-2.835132,54.069229,On or near Scowcroft Drive,E01025163,Lancaster 020C,Violence and sexual offences,Unable to prosecute suspect,
,2021-06,Lancashire Constabulary,Lancashire Constabulary,-2.832278,54.066355,On or near Lancaster Road,E01025164,Lancaster 020D,Anti-social behaviour,,
,2021-06,Lancashire Constabulary,Lancashire Constabulary,-2.830225,54.066828,On or near Torrisholme Square,E01025164,Lancaster 020D,Anti-social behaviour,,
b11b4241eda466a72268ef57ae329b3aee2fdf158f7a151cfa57ddcb838247dd,2021-06,Lancashire Constabulary,Lancashire Constabulary,-2.832278,54.066355,On or near Lancaster Road,E01025164,Lancaster 020D,Burglary,Unable to prosecute suspect,
ac4a30dd168278a621eefd132e4c9b60ee08796a3292b27f5fa458183bf128e3,2021-06,Lancashire Constabulary,Lancashire Constabulary,-2.829168,54.066718,On or near Dallas Road,E01025164,Lancaster 020D,Criminal damage and arson,Investigation complete; no suspect identified,
44b47af5724aafcf21cbc8c84984e63a6cea02bdcaa09ddb49067ad51f57c364,2021-06,Lancashire Constabulary,Lancashire Constabulary,-2.831437,54.063269,On or near The Way,E01025164,Lancaster 020D,Violence and sexual offences,Unable to prosecute suspect,
bf23a4ca3365d6de941bc9f48afb5d14e4a3ce5250aa58dcd2be8daf47367b52,2021-06,Lancashire Constabulary,Lancashire Constabulary,-2.832278,54.066355,On or near Lancaster Road,E01025164,Lancaster 020D,Violence and sexual offences,Investigation complete; no suspect identified,
ee666ceb5de4b468358921efa409cdfc284508e71a68b515a672ea8fcdc88b31,2021-06,Lancashire Constabulary,Lancashire Constabulary,-2.838665,54.064846,On or near Warley Drive,E01025164,Lancaster 020D,Violence and sexual offences,Investigation complete; no suspect identified,
,2021-06,Lancashire Constabulary,Lancashire Constabulary,-2.829402,54.059257,On or near Trent Close,E01025165,Lancaster 020E,Anti-social behaviour,,
,2021-06,Lancashire Constabulary,Lancashire Constabulary,-2.830748,54.059355,On or near Severn Court,E01025165,Lancaster 020E,Anti-social behaviour,,
9912752c31d5fc36cb241448d3af22e9ffcb2f8e921c1ba74f797ee4430bb6ae,2021-06,Lancashire Constabulary,Lancashire Constabulary,-2.826768,54.058960,On or near Calder Way,E01025165,Lancaster 020E,Violence and sexual offences,Investigation complete; no suspect identified,
ef2e2e2fc0cc00a7994266d2c7a5d46036de2ac7933c3344698659205b88a97d,2021-06,Lancashire Constabulary,Lancashire Constabulary,-2.832112,54.059570,On or near Wenning Court,E01025165,Lancaster 020E,Violence and sexual offences,Unable to prosecute suspect,
3cc839060e7e25f617b8673bf239dfa11bf05bbf0416d833a6ed290ccf6d9286,2021-06,Lancashire Constabulary,Lancashire Constabulary,-2.831556,54.060015,On or near Duddon Close,E01025165,Lancaster 020E,Violence and sexual offences,Unable to prosecute suspect,
,2021-06,Lancashire Constabulary,Lancashire Constabulary,-2.817399,54.060327,On or near Torrisholme Road,E01025153,Lancaster 020F,Anti-social behaviour,,
,2021-06,Lancashire Constabulary,Lancashire Constabulary,-2.812204,54.064982,On or near Pickthorn Close,E01025153,Lancaster 020F,Anti-social behaviour,,
,2021-06,Lancashire Constabulary,Lancashire Constabulary,-2.812204,54.064982,On or near Pickthorn Close,E01025153,Lancaster 020F,Anti-social behaviour,,
,2021-06,Lancashire Constabulary,Lancashire Constabulary,-2.812204,54.064982,On or near Pickthorn Close,E01025153,Lancaster 020F,Anti-social behaviour,,
,2021-06,Lancashire Constabulary,Lancashire Constabulary,-2.812204,54.064982,On or near Pickthorn Close,E01025153,Lancaster 020F,Anti-social behaviour,,
,2021-06,Lancashire Constabulary,Lancashire Constabulary,-2.812204,54.064982,On or near Pickthorn Close,E01025153,Lancaster 020F,Anti-social behaviour,,
,2021-06,Lancashire Constabulary,Lancashire Constabulary,-2.812204,54.064982,On or near Pickthorn Close,E01025153,Lancaster 020F,Anti-social behaviour,,
93b940a280f498faf60c7b180b2735b3a37213cce79047647786f7c1c35309d8,2021-06,Lancashire Constabulary,Lancashire Constabulary,-2.817399,54.060327,On or near Torrisholme Road,E01025153,Lancaster 020F,Violence and sexual offences,Unable to prosecute suspect,
8bfc14816bd6ab6cdeff0c260d485908e297f8ba2806179ef984846b488f34c4,2021-06,Lancashire Constabulary,Lancashire Constabulary,-2.812204,54.064982,On or near Pickthorn Close,E01025153,Lancaster 020F,Violence and sexual offences,Status update unavailable,
5e207924036327e29697091675e2d987b0e0f41a0b64c48897e9d03b8e008752,2021-06,Lancashire Constabulary,Lancashire Constabulary,-2.816343,54.061755,On or near Whernside Road,E01025153,Lancaster 020F,Violence and sexual offences,Investigation complete; no suspect identified,
33567d55e83e23738d5d5cf77da3bbb8a9de98bab5b1fcd34364e9a9f5cf32b0,2021-06,Lancashire Constabulary,Lancashire Constabulary,-2.813974,54.063308,On or near Malham Close,E01025153,Lancaster 020F,Violence and sexual offences,Investigation complete; no suspect identified,
,2021-06,Lancashire Constabulary,Lancashire Constabulary,-2.822993,54.061224,On or near Leycester Drive,E01025155,Lancaster 020G,Anti-social behaviour,,
,2021-06,Lancashire Constabulary,Lancashire Constabulary,-2.811317,54.060261,On or near Lupton Place,E01025156,Lancaster 020H,Anti-social behaviour,,
,2021-06,Lancashire Constabulary,Lancashire Constabulary,-2.810866,54.059850,On or near Udale Place,E01025156,Lancaster 020H,Anti-social behaviour,,
,2021-06,Lancashire Constabulary,Lancashire Constabulary,-2.813217,54.057372,On or near Raygill Place,E01025156,Lancaster 020H,Anti-social behaviour,,
,2021-06,Lancashire Constabulary,Lancashire Constabulary,-2.813217,54.057372,On or near Raygill Place,E01025156,Lancaster 020H,Anti-social behaviour,,
,2021-06,Lancashire Constabulary,Lancashire Constabulary,-2.811536,54.056574,On or near Whiteray Road,E01025156,Lancaster 020H,Anti-social behaviour,,
de11dbaf3a53be96951c8ae1da1669a363e42455323115c73037ddc52b9b0c1f,2021-06,Lancashire Constabulary,Lancashire Constabulary,-2.812015,54.058432,On or near Austwick Road,E01025156,Lancaster 020H,Criminal damage and arson,Unable to prosecute suspect,
b5f8041d242cfdcdeb20ad21320a8e6669c8d178eb7c17bdf73f7d559107e765,2021-06,Lancashire Constabulary,Lancashire Constabulary,-2.811799,54.057543,On or near Dee Road,E01025156,Lancaster 020H,Criminal damage and arson,Status update unavailable,
0d0b5ee9c05ba2cd3dba8bc93d490d11a2ac1135b181c3d5fd05be1881cab700,2021-06,Lancashire Constabulary,Lancashire Constabulary,-2.811536,54.056574,On or near Whiteray Road,E01025156,Lancaster 020H,Criminal damage and arson,Unable to prosecute suspect,
8063884b2a845829abb601fbbfbdd75b3b0c3c513edeb2ed3848db164f3b6acd,2021-06,Lancashire Constabulary,Lancashire Constabulary,-2.816090,54.059797,On or near Bowland Drive,E01025156,Lancaster 020H,Other theft,Investigation complete; no suspect identified,
03cb16129a213e97ce5874b816e6bea044f06938dcd78bb6897981ca03a4fbff,2021-06,Lancashire Constabulary,Lancashire Constabulary,-2.813648,54.056767,On or near Marshaw Road,E01025156,Lancaster 020H,Other theft,Investigation complete; no suspect identified,
f7a063aa99658adaab38c96835ae7846007780fc1e5cb92dadf9ad712be79340,2021-06,Lancashire Constabulary,Lancashire Constabulary,-2.810866,54.059850,On or near Udale Place,E01025156,Lancaster 020H,Public order,Investigation complete; no suspect identified,
9079d9839ee551a06482dcca93548c1f61412a5705e6f48b5171cf12f2b0b1f2,2021-06,Lancashire Constabulary,Lancashire Constabulary,-2.810546,54.058298,On or near Ryelands Road,E01025156,Lancaster 020H,Violence and sexual offences,Action to be taken by another organisation,
dbe0dce2634d7d926b15074477a08e30b006330a8412effa9e4b77db6f0dab81,2021-06,Lancashire Constabulary,Lancashire Constabulary,-2.809662,54.056839,On or near Roeburn Place,E01025156,Lancaster 020H,Violence and sexual offences,Investigation complete; no suspect identified,
20a1daf9fe24af011712f317dedb0bda934fdaa4e96e7373617691d0f39bd2c7,2021-06,Lancashire Constabulary,Lancashire Constabulary,-2.812015,54.058432,On or near Austwick Road,E01025156,Lancaster 020H,Violence and sexual offences,Unable to prosecute suspect,
c17cb4a8596a1121dd5feac3223f4e8bb667ace55d920be092737d6daf8199d4,2021-06,Lancashire Constabulary,Lancashire Constabulary,-2.812015,54.058432,On or near Austwick Road,E01025156,Lancaster 020H,Violence and sexual offences,Further investigation is not in the public interest,
b9f42d18e16c760bf33a9785f567a3c30d26cf50a66f86a85f054f379ed0a4d9,2021-06,Lancashire Constabulary,Lancashire Constabulary,-2.813648,54.056767,On or near Marshaw Road,E01025156,Lancaster 020H,Violence and sexual offences,Unable to prosecute suspect,
6153cc039a3b47fc95d5e456ca9a60496466235848d8a52c242fa35dd21cc4fe,2021-06,Lancashire Constabulary,Lancashire Constabulary,-2.809662,54.056839,On or near Roeburn Place,E01025156,Lancaster 020H,Other crime,Court result unavailable,
,2021-06,Lancashire Constabulary,Lancashire Constabulary,-2.822724,54.057658,On or near Brennand Close,E01025157,Lancaster 020I,Anti-social behaviour,,
,2021-06,Lancashire Constabulary,Lancashire Constabulary,-2.825735,54.057709,On or near Scale Farm Road,E01025157,Lancaster 020I,Anti-social behaviour,,
,2021-06,Lancashire Constabulary,Lancashire Constabulary,-2.824053,54.054530,On or near Sports/Recreation Area,E01025157,Lancaster 020I,Anti-social behaviour,,
,2021-06,Lancashire Constabulary,Lancashire Constabulary,-2.825735,54.057709,On or near Scale Farm Road,E01025157,Lancaster 020I,Anti-social behaviour,,
,2021-06,Lancashire Constabulary,Lancashire Constabulary,-2.812824,54.056035,On or near Tarnsyke Road,E01025157,Lancaster 020I,Anti-social behaviour,,
,2021-06,Lancashire Constabulary,Lancashire Constabulary,-2.822724,54.057658,On or near Brennand Close,E01025157,Lancaster 020I,Anti-social behaviour,,
,2021-06,Lancashire Constabulary,Lancashire Constabulary,-2.822724,54.057658,On or near Brennand Close,E01025157,Lancaster 020I,Anti-social behaviour,,
,2021-06,Lancashire Constabulary,Lancashire Constabulary,-2.822724,54.057658,On or near Brennand Close,E01025157,Lancaster 020I,Anti-social behaviour,,
,2021-06,Lancashire Constabulary,Lancashire Constabulary,-2.812824,54.056035,On or near Tarnsyke Road,E01025157,Lancaster 020I,Anti-social behaviour,,
,2021-06,Lancashire Constabulary,Lancashire Constabulary,-2.812824,54.056035,On or near Tarnsyke Road,E01025157,Lancaster 020I,Anti-social behaviour,,
,2021-06,Lancashire Constabulary,Lancashire Constabulary,-2.819068,54.056640,On or near Supermarket,E01025157,Lancaster 020I,Anti-social behaviour,,
,2021-06,Lancashire Constabulary,Lancashire Constabulary,-2.822847,54.056920,On or near Easington,E01025157,Lancaster 020I,Anti-social behaviour,,
,2021-06,Lancashire Constabulary,Lancashire Constabulary,-2.824053,54.054530,On or near Sports/Recreation Area,E01025157,Lancaster 020I,Anti-social behaviour,,
2cc8f1857d99985a7e33c0d8ed06169cea21dbd15b2615b727b66afc3b68509f,2021-06,Lancashire Constabulary,Lancashire Constabulary,-2.822802,54.056201,On or near Browsholme,E01025157,Lancaster 020I,Bicycle theft,Investigation complete; no suspect identified,
4d901a1978ac2d6f8157ad97129e7f0a3da0b99415870af02f76744496aca698,2021-06,Lancashire Constabulary,Lancashire Constabulary,-2.812824,54.056035,On or near Tarnsyke Road,E01025157,Lancaster 020I,Burglary,Status update unavailable,
a51e098b74cceaa3acf163faad95051bd579eae8a4af5f85c108f39b14047a41,2021-06,Lancashire Constabulary,Lancashire Constabulary,-2.812824,54.056035,On or near Tarnsyke Road,E01025157,Lancaster 020I,Burglary,Further investigation is not in the public interest,
7e5e0a0a139a6edd50e95a6678a75ed6d1ac68fe7a932cbf94712a8807567622,2021-06,Lancashire Constabulary,Lancashire Constabulary,-2.812824,54.056035,On or near Tarnsyke Road,E01025157,Lancaster 020I,Criminal damage and arson,Unable to prosecute suspect,
52872656244da345006de316fe6aeb4f23173627a4e21aa04675ae0cff21eec6,2021-06,Lancashire Constabulary,Lancashire Constabulary,-2.822028,54.056431,On or near Brindle Close,E01025157,Lancaster 020I,Criminal damage and arson,Investigation complete; no suspect identified,
432814f259b8947a1b2ee3307baa72104f50227f05f839b68340276c53274ae4,2021-06,Lancashire Constabulary,Lancashire Constabulary,-2.812824,54.056035,On or near Tarnsyke Road,E01025157,Lancaster 020I,Drugs,Local resolution,
8cd7a22a3c22831cd17bfed78d916abf2197b3bbe9d702a521659a2a369016ae,2021-06,Lancashire Constabulary,Lancashire Constabulary,-2.812824,54.056035,On or near Tarnsyke Road,E01025157,Lancaster 020I,Public order,Status update unavailable,
d33665c7d9453140e95ba33eadaf40a87a13bf88d32150e22068bc405f3c4cc8,2021-06,Lancashire Constabulary,Lancashire Constabulary,-2.819068,54.056640,On or near Supermarket,E01025157,Lancaster 020I,Shoplifting,Status update unavailable,
2f13307760b84407813adffeaf2bfa99fd96bf8b88bb5bbe3e5199301deee3a9,2021-06,Lancashire Constabulary,Lancashire Constabulary,-2.819068,54.056640,On or near Supermarket,E01025157,Lancaster 020I,Vehicle crime,Court result unavailable,
89298cbc4179b9a3fb124997d2787b96bbe51e800835a2ab84aba349414f22a3,2021-06,Lancashire Constabulary,Lancashire Constabulary,-2.816608,54.058131,On or near Scale Hall Lane,E01025157,Lancaster 020I,Violence and sexual offences,Unable to prosecute suspect,
1240c8131139e381eb1924b1d88bd6634655d279d67996b9a9b781c3211193c3,2021-06,Lancashire Constabulary,Lancashire Constabulary,-2.822847,54.056920,On or near Easington,E01025157,Lancaster 020I,Violence and sexual offences,Unable to prosecute suspect,
7570946e78c1781c4eef66a55ca1cbe094d42f9d5cfda5a1d71a00a59b4c7d06,2021-06,Lancashire Constabulary,Lancashire Constabulary,-2.824053,54.054530,On or near Sports/Recreation Area,E01025157,Lancaster 020I,Violence and sexual offences,Investigation complete; no suspect identified,
f049ff15ab6089286a34b9be14c96e858b8aaede632c7441e92aeece22d23beb,2021-06,Lancashire Constabulary,Lancashire Constabulary,-2.822028,54.056431,On or near Brindle Close,E01025157,Lancaster 020I,Violence and sexual offences,Court result unavailable,
de543981240565d5c2e3b967ff07011af96e45ca1eb11f712e3ce96a5c3055ed,2021-06,Lancashire Constabulary,Lancashire Constabulary,-2.824053,54.054530,On or near Sports/Recreation Area,E01025157,Lancaster 020I,Violence and sexual offences,Investigation complete; no suspect identified,
4fcd8d7e008898a20010cc24c3916abee0b799e4c77b4ec849143f6ebe01d808,2021-06,Lancashire Constabulary,Lancashire Constabulary,-2.822724,54.057658,On or near Brennand Close,E01025157,Lancaster 020I,Violence and sexual offences,Unable to prosecute suspect,
95a764b5e30bb40802b6a8938ad83062d72e740835afdbdf7f5c4505be656b6f,2021-06,Lancashire Constabulary,Lancashire Constabulary,-2.822847,54.056920,On or near Easington,E01025157,Lancaster 020I,Violence and sexual offences,Unable to prosecute suspect,
acd51bcd516f392732ab68c8bc5aadb114c20d5b478a856b16d087fff12a3fe5,2021-06,Lancashire Constabulary,Lancashire Constabulary,-2.812824,54.056035,On or near Tarnsyke Road,E01025157,Lancaster 020I,Other crime,Unable to prosecute suspect,
0ce75bdb9e1a892ec9b75d0afc3cc6c21289ed8f6eb39b61435152c9a1dd1c1f,2021-06,Lancashire Constabulary,Lancashire Constabulary,-2.822028,54.056431,On or near Brindle Close,E01025157,Lancaster 020I,Other crime,Unable to prosecute suspect,
72b59959e025e14aab87dcba9c517073e6767fc918bd18406d9e05ab17aeb045,2021-06,Lancashire Constabulary,Lancashire Constabulary,-1.507873,53.805920,On or near Clifton Avenue,E01011347,Leeds 065B,Other theft,Status update unavailable,
32b206efe862b54166f44b9600cf7e126943e74d3b2e68d52be1e48d84f3e9fa,2021-06,Lancashire Constabulary,Lancashire Constabulary,-2.966595,53.442481,On or near Emery Street,E01006614,Liverpool 012B,Other crime,Status update unavailable,
69cd01b1563631ffe32ace0776d565033bbc7c5954e62660450c205902aee1f2,2021-06,Lancashire Constabulary,Lancashire Constabulary,-2.266219,53.432730,On or near Hough End Avenue,E01005081,Manchester 039C,Violence and sexual offences,Status update unavailable,
ecc4d0146324af543b6d51f249e792438e4f0c4e33c7fcc1c60b1c87dfa4379d,2021-06,Lancashire Constabulary,Lancashire Constabulary,-1.558960,53.270795,On or near Parking Area,E01019770,North East Derbyshire 005A,Public order,Investigation complete; no suspect identified,
53b93bae299d63a6174b427d42ac73721255c4ab95c6282e29e10ec6d4546ef6,2021-06,Lancashire Constabulary,Lancashire Constabulary,-1.558960,53.270795,On or near Parking Area,E01019770,North East Derbyshire 005A,Violence and sexual offences,Unable to prosecute suspect,
,2021-06,Lancashire Constabulary,Lancashire Constabulary,-2.187278,53.920919,On or near West Close Road,E01025191,Pendle 001A,Anti-social behaviour,,
,2021-06,Lancashire Constabulary,Lancashire Constabulary,-2.186112,53.922296,On or near Parking Area,E01025191,Pendle 001A,Anti-social behaviour,,
,2021-06,Lancashire Constabulary,Lancashire Constabulary,-2.194247,53.923119,On or near Arthur Street,E01025191,Pendle 001A,Anti-social behaviour,,
06d368261f83d0025448ef04a6a21ed5cd6e9582f28f7674b88d55d706349c56,2021-06,Lancashire Constabulary,Lancashire Constabulary,-2.196731,53.920329,On or near Great Croft Close,E01025191,Pendle 001A,Vehicle crime,Investigation complete; no suspect identified,
33355f3ad27b4920502856cbafcca8f155d4e6e7b3bb5e811fb31cb687d5701c,2021-06,Lancashire Constabulary,Lancashire Constabulary,-2.193022,53.921638,On or near Gisburn Road,E01025191,Pendle 001A,Violence and sexual offences,Unable to prosecute suspect,
,2021-06,Lancashire Constabulary,Lancashire Constabulary,-2.179306,53.922495,On or near Eastwood Street,E01025192,Pendle 001B,Anti-social behaviour,,
,2021-06,Lancashire Constabulary,Lancashire Constabulary,-2.178309,53.924384,On or near Pasture Close,E01025192,Pendle 001B,Anti-social behaviour,,
,2021-06,Lancashire Constabulary,Lancashire Constabulary,-2.177162,53.919604,On or near Conway Crescent,E01025192,Pendle 001B,Anti-social behaviour,,
958963d6d0c09e6801939c65adb133f4b734b719060e3e211c22e69c2e8a1e0f,2021-06,Lancashire Constabulary,Lancashire Constabulary,-2.186204,53.919096,On or near Lower East Avenue,E01025192,Pendle 001B,Bicycle theft,Local resolution,
bdd13246d1fe7005bb2ace68cce4134e06382a38e3fdb96f6e6adfa47495a2fe,2021-06,Lancashire Constabulary,Lancashire Constabulary,-2.186107,53.917694,On or near North Avenue,E01025192,Pendle 001B,Violence and sexual offences,Status update unavailable,
,2021-06,Lancashire Constabulary,Lancashire Constabulary,-2.176468,53.920917,On or near Coates Avenue,E01025193,Pendle 001C,Anti-social behaviour,,
4767d33b62b0399b18a419a674ae2959873ce19da15780d0717d16fd4efcbed7,2021-06,Lancashire Constabulary,Lancashire Constabulary,-2.176468,53.920917,On or near Coates Avenue,E01025193,Pendle 001C,Vehicle crime,Investigation complete; no suspect identified,
557740d6211ffadc37fbae716534b099291421d0fe3494d127685418be7810bc,2021-06,Lancashire Constabulary,Lancashire Constabulary,-2.179166,53.921830,On or near Avon Drive,E01025193,Pendle 001C,Violence and sexual offences,Unable to prosecute suspect,
7cbd9808227ba27bc5e07c1b741759895e410e1c51ba19e24a22e2e5a9d1f2cf,2021-06,Lancashire Constabulary,Lancashire Constabulary,-2.175876,53.921538,On or near Simpson Close,E01025193,Pendle 001C,Violence and sexual offences,Court result unavailable,
,2021-06,Lancashire Constabulary,Lancashire Constabulary,-2.189240,53.920368,On or near Gisburn Street,E01025194,Pendle 001D,Anti-social behaviour,,
ca586c959cb4f8f20d00bb3ba6b30aaf8c224e71038f9111f818d6100f40ee73,2021-06,Lancashire Constabulary,Lancashire Constabulary,-2.189240,53.920368,On or near Gisburn Street,E01025194,Pendle 001D,Criminal damage and arson,Unable to prosecute suspect,
a0c20cbd075d5e7c5a91cd4494a47e6d7d86e259ce9eddb151914ba8bd721ebf,2021-06,Lancashire Constabulary,Lancashire Constabulary,-2.191176,53.920778,On or near Edmondson Street,E01025194,Pendle 001D,Drugs,Offender given a caution,
e54ab6b5233b5d0ba129ab99b14d7558288bc111ded0504b4afc280935b0e33d,2021-06,Lancashire Constabulary,Lancashire Constabulary,-2.192343,53.919761,On or near Denton Street,E01025194,Pendle 001D,Vehicle crime,Investigation complete; no suspect identified,
8cbad5c612b56dedc6dd8c1c19affd9834d74a6cec939d6da0b420350c247d66,2021-06,Lancashire Constabulary,Lancashire Constabulary,-2.192018,53.918512,On or near Hollins Road,E01025194,Pendle 001D,Vehicle crime,Investigation complete; no suspect identified,
b9a239c071c1ffd791276bf9a168103657aaede062e8f9d7cc3fd2157f277efc,2021-06,Lancashire Constabulary,Lancashire Constabulary,-2.190964,53.921237,On or near Bruce Street,E01025194,Pendle 001D,Violence and sexual offences,Unable to prosecute suspect,
,2021-06,Lancashire Constabulary,Lancashire Constabulary,-2.188677,53.910446,On or near Manchester Road,E01025195,Pendle 002A,Anti-social behaviour,,
56c0212ed354061c80daa300d02bc5597b9286d462fc41b0089e014a7a8418a7,2021-06,Lancashire Constabulary,Lancashire Constabulary,-2.188677,53.910446,On or near Manchester Road,E01025195,Pendle 002A,Other theft,Status update unavailable,
77a0a18856d0f111eb9ace5930631aca01177324f4217249fe8ce9dc1f601e12,2021-06,Lancashire Constabulary,Lancashire Constabulary,-2.191927,53.912005,On or near Sackville Street,E01025195,Pendle 002A,Violence and sexual offences,Investigation complete; no suspect identified,
6d85fe912f9913471772904ad90ba970137c29fe00627cd2bab21b67181451f0,2021-06,Lancashire Constabulary,Lancashire Constabulary,-2.191927,53.912005,On or near Sackville Street,E01025195,Pendle 002A,Violence and sexual offences,Unable to prosecute suspect,
,2021-06,Lancashire Constabulary,Lancashire Constabulary,-2.186860,53.915895,On or near Frank Street,E01025196,Pendle 002B,Anti-social behaviour,,
,2021-06,Lancashire Constabulary,Lancashire Constabulary,-2.188138,53.915831,On or near Garden Street,E01025196,Pendle 002B,Anti-social behaviour,,
,2021-06,Lancashire Constabulary,Lancashire Constabulary,-2.188138,53.915831,On or near Garden Street,E01025196,Pendle 002B,Anti-social behaviour,,
,2021-06,Lancashire Constabulary,Lancashire Constabulary,-2.188138,53.915831,On or near Garden Street,E01025196,Pendle 002B,Anti-social behaviour,,
,2021-06,Lancashire Constabulary,Lancashire Constabulary,-2.186359,53.916202,On or near Ellis Street,E01025196,Pendle 002B,Anti-social behaviour,,
,2021-06,Lancashire Constabulary,Lancashire Constabulary,-2.185222,53.917327,On or near Co-Operative Street,E01025196,Pendle 002B,Anti-social behaviour,,
224a9211b5fa311b66807bf77633d90fdf8216840010536b7f162c64311b2e08,2021-06,Lancashire Constabulary,Lancashire Constabulary,-2.187475,53.913962,On or near Cobden Street,E01025196,Pendle 002B,Burglary,Unable to prosecute suspect,
245340a555a4a39bbf95afc51326bd7c2c0f23cc5c62dfc0d1c03e30ef0f1e59,2021-06,Lancashire Constabulary,Lancashire Constabulary,-2.186359,53.916202,On or near Ellis Street,E01025196,Pendle 002B,Criminal damage and arson,Unable to prosecute suspect,
24fe1df242eafd0b825d40ccdf5e9fc23c2669ee86534c9178c2e0b117675298,2021-06,Lancashire Constabulary,Lancashire Constabulary,-2.183530,53.916916,On or near Turner Street,E01025196,Pendle 002B,Drugs,Offender given a caution,
7287192dc0d1f269746d7b8ec889e5b77c528ab4792aa5a24e03c508ebfe2ff4,2021-06,Lancashire Constabulary,Lancashire Constabulary,-2.186860,53.915895,On or near Frank Street,E01025196,Pendle 002B,Public order,Unable to prosecute suspect,
2a14ab5b27e066dbb5818faf9c273da3d6cd8a924844abf95d0bdee02d9ce8c7,2021-06,Lancashire Constabulary,Lancashire Constabulary,-2.187835,53.915966,On or near Newtown,E01025196,Pendle 002B,Public order,Unable to prosecute suspect,
9e242cfd0cae2161d05e5d13cee4d56ec5943be700d264679c1f763434471132,2021-06,Lancashire Constabulary,Lancashire Constabulary,-2.189099,53.916108,On or near Green Street,E01025196,Pendle 002B,Theft from the person,Status update unavailable,
a13c26659cddc03b07d967e75f8ab1bd6b6b6b5b4129b0558e1397bc8ccb61bc,2021-06,Lancashire Constabulary,Lancashire Constabulary,-2.185770,53.913875,On or near York Street,E01025196,Pendle 002B,Violence and sexual offences,Unable to prosecute suspect,
08bedff139ea48d1124316d00a00618ff866b998b1090a87125ea5db5844de4b,2021-06,Lancashire Constabulary,Lancashire Constabulary,-2.187433,53.914789,On or near Back Chapel Street,E01025196,Pendle 002B,Violence and sexual offences,Unable to prosecute suspect,
132ed46b1523c69ac3677a5a4ed8b6861efb858a27eb6c2d2c77164249f5c8d3,2021-06,Lancashire Constabulary,Lancashire Constabulary,-2.187433,53.914789,On or near Back Chapel Street,E01025196,Pendle 002B,Violence and sexual offences,Unable to prosecute suspect,
1e039ce2a92f1555389dda571648cbb933b014ab976d5328190b37bd43f3be40,2021-06,Lancashire Constabulary,Lancashire Constabulary,-2.189099,53.916108,On or near Green Street,E01025196,Pendle 002B,Violence and sexual offences,Status update unavailable,
,2021-06,Lancashire Constabulary,Lancashire Constabulary,-2.188477,53.916657,On or near St James' Road,E01025197,Pendle 002C,Anti-social behaviour,,
,2021-06,Lancashire Constabulary,Lancashire Constabulary,-2.189742,53.916987,On or near Bessie Street,E01025197,Pendle 002C,Anti-social behaviour,,
,2021-06,Lancashire Constabulary,Lancashire Constabulary,-2.189300,53.916719,On or near Robert Street,E01025197,Pendle 002C,Anti-social behaviour,,
,2021-06,Lancashire Constabulary,Lancashire Constabulary,-2.189300,53.916719,On or near Robert Street,E01025197,Pendle 002C,Anti-social behaviour,,
8ce2815946e857ca0faffc0bd5a8e326c1b4eb0eda74b5513741156cd818318e,2021-06,Lancashire Constabulary,Lancashire Constabulary,-2.189300,53.916719,On or near Robert Street,E01025197,Pendle 002C,Other theft,Formal action is not in the public interest,
90f98aff755b64506ac024e5abc2ceaa8669c6ae8a7e0a38d50ef7f7b58cb905,2021-06,Lancashire Constabulary,Lancashire Constabulary,-2.189300,53.916719,On or near Robert Street,E01025197,Pendle 002C,Violence and sexual offences,Unable to prosecute suspect,
,2021-06,Lancashire Constabulary,Lancashire Constabulary,-2.181691,53.914115,On or near Clarence Street,E01025198,Pendle 002D,Anti-social behaviour,,
,2021-06,Lancashire Constabulary,Lancashire Constabulary,-2.177043,53.913079,On or near Sports/Recreation Area,E01025198,Pendle 002D,Anti-social behaviour,,
,2021-06,Lancashire Constabulary,Lancashire Constabulary,-2.184258,53.916331,On or near Rainhall Road,E01025198,Pendle 002D,Anti-social behaviour,,
,2021-06,Lancashire Constabulary,Lancashire Constabulary,-2.180829,53.911815,On or near Kelbrook Road,E01025198,Pendle 002D,Anti-social behaviour,,
,2021-06,Lancashire Constabulary,Lancashire Constabulary,-2.177043,53.913079,On or near Sports/Recreation Area,E01025198,Pendle 002D,Anti-social behaviour,,
7a27af3a62b04c3694b1e370948777ab7d0c9d29f8937e1a78d9a0ee4db38924,2021-06,Lancashire Constabulary,Lancashire Constabulary,-2.183287,53.913591,On or near Petrol Station,E01025198,Pendle 002D,Shoplifting,Status update unavailable,
431ee5ef2b4d6bb779aed2d6284168f748c7b38e92a947434e583e80b88ebae8,2021-06,Lancashire Constabulary,Lancashire Constabulary,-2.184375,53.915216,On or near Essex Street,E01025198,Pendle 002D,Violence and sexual offences,Unable to prosecute suspect,
fc610687f08801c5b35744a41f990f2188f81bf5cbae2504d6db873a388fa979,2021-06,Lancashire Constabulary,Lancashire Constabulary,-2.180829,53.911815,On or near Kelbrook Road,E01025198,Pendle 002D,Violence and sexual offences,Action to be taken by another organisation,
07659805b469941234f0fff3f9b141cb025c4fddecfe94bd308c9130a52ed667,2021-06,Lancashire Constabulary,Lancashire Constabulary,-2.179311,53.916473,On or near Moss Side,E01025198,Pendle 002D,Violence and sexual offences,Unable to prosecute suspect,
cabb2973f555a071cfed26356e416482b8bc6e88647804bf3381ccdab9a37f9d,2021-06,Lancashire Constabulary,Lancashire Constabulary,-2.179311,53.916473,On or near Moss Side,E01025198,Pendle 002D,Violence and sexual offences,Unable to prosecute suspect,
15300f981c17f6124cd3bcbeaf85059f36708e2564dda66997602e3c07b3c14c,2021-06,Lancashire Constabulary,Lancashire Constabulary,-2.184375,53.915216,On or near Essex Street,E01025198,Pendle 002D,Violence and sexual offences,Status update unavailable,
5d1c4dca2422d4ab8055c0c305b99a75be9bb10e7b302b66cd6111c7233be4ff,2021-06,Lancashire Constabulary,Lancashire Constabulary,-2.183253,53.916099,On or near Fountain Street,E01025198,Pendle 002D,Violence and sexual offences,Status update unavailable,
,2021-06,Lancashire Constabulary,Lancashire Constabulary,-2.145160,53.920402,On or near Skipton Road,E01025199,Pendle 003A,Anti-social behaviour,,
,2021-06,Lancashire Constabulary,Lancashire Constabulary,-2.152927,53.895901,On or near Petrol Station,E01025199,Pendle 003A,Anti-social behaviour,,
,2021-06,Lancashire Constabulary,Lancashire Constabulary,-2.144376,53.918102,On or near Lincoln Road,E01025199,Pendle 003A,Anti-social behaviour,,
aab2cdc4c731865865de20013fb85d14da1b934633212054de488d0dde306dde,2021-06,Lancashire Constabulary,Lancashire Constabulary,-2.144376,53.918102,On or near Lincoln Road,E01025199,Pendle 003A,Burglary,Unable to prosecute suspect,
024d3c4aa7c9a961e56f6f3b844667ef45c3957b836470d411618f32348ae522,2021-06,Lancashire Constabulary,Lancashire Constabulary,-2.170370,53.904326,On or near James Street,E01025199,Pendle 003A,Other theft,Further investigation is not in the public interest,
ec89a900adb0d0f207364b694859916ef29405ab07eb464ef2bd5c794291a547,2021-06,Lancashire Constabulary,Lancashire Constabulary,-2.170370,53.904326,On or near James Street,E01025199,Pendle 003A,Other theft,Unable to prosecute suspect,
273d02db9e53fd4a66002271bb2fec3214beba45832a91600ab9d71899ec2dc5,2021-06,Lancashire Constabulary,Lancashire Constabulary,-2.150105,53.898025,On or near Main Street,E01025199,Pendle 003A,Vehicle crime,Investigation complete; no suspect identified,
1bdfe44a888b8457fe198e71eae1221d779997f4a8207af343962a7355494dc4,2021-06,Lancashire Constabulary,Lancashire Constabulary,-2.138785,53.917201,On or near Alder Hill Street,E01025199,Pendle 003A,Violence and sexual offences,Investigation complete; no suspect identified,
bf4e52325d588b4757d6a28f33a6cae9671c363c9fb014392b65bd532244457e,2021-06,Lancashire Constabulary,Lancashire Constabulary,-2.150923,53.897180,On or near Unity Street,E01025199,Pendle 003A,Violence and sexual offences,Offender given penalty notice,
8535018e3c5f46709cb8e1b87912b075596ce449b46f4966735c6f2aff22808d,2021-06,Lancashire Constabulary,Lancashire Constabulary,-2.144376,53.918102,On or near Lincoln Road,E01025199,Pendle 003A,Violence and sexual offences,Unable to prosecute suspect,
5d84d1f03a8dca074e2d2edb7cf62c83d3422d88896a96228244f6ac2dbd3616,2021-06,Lancashire Constabulary,Lancashire Constabulary,-2.142062,53.918150,On or near Grove Street,E01025199,Pendle 003A,Violence and sexual offences,Unable to prosecute suspect,
,2021-06,Lancashire Constabulary,Lancashire Constabulary,-2.132179,53.917667,On or near Mill Brow Road,E01025200,Pendle 003B,Anti-social behaviour,,
,2021-06,Lancashire Constabulary,Lancashire Constabulary,-2.140135,53.915636,On or near Riley Street,E01025200,Pendle 003B,Anti-social behaviour,,
,2021-06,Lancashire Constabulary,Lancashire Constabulary,-2.140794,53.916821,On or near Water Street,E01025200,Pendle 003B,Anti-social behaviour,,
,2021-06,Lancashire Constabulary,Lancashire Constabulary,-2.137702,53.916519,On or near Selbourne Terrace,E01025200,Pendle 003B,Anti-social behaviour,,
,2021-06,Lancashire Constabulary,Lancashire Constabulary,-2.141400,53.916137,On or near Aspen Lane,E01025200,Pendle 003B,Anti-social behaviour,,
,2021-06,Lancashire Constabulary,Lancashire Constabulary,-2.141400,53.916137,On or near Aspen Lane,E01025200,Pendle 003B,Anti-social behaviour,,
,2021-06,Lancashire Constabulary,Lancashire Constabulary,-2.153849,53.910774,On or near Earlesdon Avenue,E01025200,Pendle 003B,Anti-social behaviour,,
,2021-06,Lancashire Constabulary,Lancashire Constabulary,-2.153849,53.910774,On or near Earlesdon Avenue,E01025200,Pendle 003B,Anti-social behaviour,,
,2021-06,Lancashire Constabulary,Lancashire Constabulary,-2.141400,53.916137,On or near Aspen Lane,E01025200,Pendle 003B,Anti-social behaviour,,
,2021-06,Lancashire Constabulary,Lancashire Constabulary,-2.142924,53.916450,On or near Goodall Close,E01025200,Pendle 003B,Anti-social behaviour,,
,2021-06,Lancashire Constabulary,Lancashire Constabulary,-2.141400,53.916137,On or near Aspen Lane,E01025200,Pendle 003B,Anti-social behaviour,,
9f48ab2db2c0c7d90af4c790690b2dafc216488cac111bacd6e61ca405567d31,2021-06,Lancashire Constabulary,Lancashire Constabulary,-2.142392,53.916891,On or near Victoria Mews,E01025200,Pendle 003B,Other theft,Investigation complete; no suspect identified,
5a635553e8c2c39a7867aa53a94576f8ae81bad26e3f68720a5a2252bfb4a37b,2021-06,Lancashire Constabulary,Lancashire Constabulary,-2.154429,53.910971,On or near Moseley Avenue,E01025200,Pendle 003B,Public order,Unable to prosecute suspect,
8c58e604b3f9f6f10189ae12ac7977cc5de35dd46b9a94b5162ac2b4abb15448,2021-06,Lancashire Constabulary,Lancashire Constabulary,-2.143669,53.916323,On or near Parking Area,E01025200,Pendle 003B,Violence and sexual offences,Investigation complete; no suspect identified,
53049abd7e2c76b593c3b34c2bb6f829c74e80e41ce35d4bafcd0fc344675c28,2021-06,Lancashire Constabulary,Lancashire Constabulary,-2.141400,53.916137,On or near Aspen Lane,E01025200,Pendle 003B,Violence and sexual offences,Unable to prosecute suspect,
28498f1b5ddff098579fd45833c62b73da7d1c3d57a86f95ae72a45324f31d5b,2021-06,Lancashire Constabulary,Lancashire Constabulary,-2.143461,53.917618,On or near Valley Road,E01025200,Pendle 003B,Violence and sexual offences,Unable to prosecute suspect,
982072bbc5a8bee6e0dd40dd0c60d04a3e310a46145a9b7b8990bb38019e249c,2021-06,Lancashire Constabulary,Lancashire Constabulary,-2.139252,53.915619,On or near Chapel Street,E01025200,Pendle 003B,Violence and sexual offences,Further investigation is not in the public interest,
5c6f160cc10490858d6b94a9cad5622167c12bc625f0d9da90e191cdb1bce92d,2021-06,Lancashire Constabulary,Lancashire Constabulary,-2.141400,53.916137,On or near Aspen Lane,E01025200,Pendle 003B,Violence and sexual offences,Unable to prosecute suspect,
,2021-06,Lancashire Constabulary,Lancashire Constabulary,-2.138027,53.913418,On or near Sports/Recreation Area,E01025201,Pendle 003C,Anti-social behaviour,,
403ab79734fee95c11a8ab24f06f0c42af75a1d1d4f34d1588fd3260aed9537e,2021-06,Lancashire Constabulary,Lancashire Constabulary,-2.141637,53.914259,On or near Green End Road,E01025201,Pendle 003C,Burglary,Status update unavailable,
311bb58ff306219acf08fd0880b7b27013ed37e8b0bf3fb527bf8815282a52cc,2021-06,Lancashire Constabulary,Lancashire Constabulary,-2.141637,53.914259,On or near Green End Road,E01025201,Pendle 003C,Criminal damage and arson,Investigation complete; no suspect identified,
4bdfa3a9d9ed7ee1c71a42492d2a1af80f3190c4e996232b4c218fb8d0033491,2021-06,Lancashire Constabulary,Lancashire Constabulary,-2.145018,53.914524,On or near George Street,E01025201,Pendle 003C,Criminal damage and arson,Status update unavailable,
1c61f30efa48384f5259249e24351923be907e79faf282bb7c429e42ee60d610,2021-06,Lancashire Constabulary,Lancashire Constabulary,-2.144804,53.914129,On or near Cowgill Street,E01025201,Pendle 003C,Violence and sexual offences,Unable to prosecute suspect,
cdd7a004cceb833dbebb291e9479c52c1d9cd344c2f3833ab17d3b3a265ad326,2021-06,Lancashire Constabulary,Lancashire Constabulary,-2.141637,53.914259,On or near Green End Road,E01025201,Pendle 003C,Violence and sexual offences,Unable to prosecute suspect,
e99cabd4399d8f51a1aeca6c668d23b36a2140681a99e0988ad528fbf306e2e5,2021-06,Lancashire Constabulary,Lancashire Constabulary,-2.142180,53.912694,On or near Long Royd Road,E01025201,Pendle 003C,Violence and sexual offences,Status update unavailable,
,2021-06,Lancashire Constabulary,Lancashire Constabulary,-2.146409,53.911817,On or near Linden Road,E01025202,Pendle 003D,Anti-social behaviour,,
,2021-06,Lancashire Constabulary,Lancashire Constabulary,-2.146409,53.911817,On or near Linden Road,E01025202,Pendle 003D,Anti-social behaviour,,
,2021-06,Lancashire Constabulary,Lancashire Constabulary,-2.151298,53.895651,On or near Quernmore Drive,E01025202,Pendle 003D,Anti-social behaviour,,
4a5b00f118e0334fef87545b7a0290fbea08622ad3034f8d9ece55783ca88192,2021-06,Lancashire Constabulary,Lancashire Constabulary,-2.147351,53.911322,On or near Jagoe Road,E01025202,Pendle 003D,Criminal damage and arson,Investigation complete; no suspect identified,
86aadafdb7c0d0bc7803f173ee3295ba414b43b2658ae4eb57794f82ba1bddff,2021-06,Lancashire Constabulary,Lancashire Constabulary,-2.150434,53.905107,On or near Colne Road,E01025202,Pendle 003D,Other theft,Status update unavailable,
906d29a9a72965560b4ca2fccbd0d2a85e7968579f57955b1aa9aa2ab85d3dc7,2021-06,Lancashire Constabulary,Lancashire Constabulary,-2.146409,53.911817,On or near Linden Road,E01025202,Pendle 003D,Other theft,Investigation complete; no suspect identified,
424a09773f88655daaa2a7208dbc43f673d305ac4a6f473e9f7c78857c7e39ca,2021-06,Lancashire Constabulary,Lancashire Constabulary,-2.151298,53.895651,On or near Quernmore Drive,E01025202,Pendle 003D,Violence and sexual offences,Unable to prosecute suspect,
423ee9a3ccfdf1ada6af83f840f3a9c1d863440750cb3c4815ca92b462d72691,2021-06,Lancashire Constabulary,Lancashire Constabulary,-2.146409,53.911817,On or near Linden Road,E01025202,Pendle 003D,Violence and sexual offences,Unable to prosecute suspect,
de2ceec48304f1ae3dd06afc6429e41217c3a925b77203574162ab3601328a15,2021-06,Lancashire Constabulary,Lancashire Constabulary,-2.152751,53.909976,On or near Kenilworth Drive,E01025202,Pendle 003D,Violence and sexual offences,Unable to prosecute suspect,
,2021-06,Lancashire Constabulary,Lancashire Constabulary,-2.166394,53.865019,On or near Regent Avenue,E01025205,Pendle 004A,Anti-social behaviour,,
,2021-06,Lancashire Constabulary,Lancashire Constabulary,-2.160860,53.861458,On or near Varley Street,E01025205,Pendle 004A,Anti-social behaviour,,
,2021-06,Lancashire Constabulary,Lancashire Constabulary,-2.166394,53.865019,On or near Regent Avenue,E01025205,Pendle 004A,Anti-social behaviour,,
,2021-06,Lancashire Constabulary,Lancashire Constabulary,-2.161724,53.860666,On or near Elm Street,E01025205,Pendle 004A,Anti-social behaviour,,
,2021-06,Lancashire Constabulary,Lancashire Constabulary,-2.166394,53.865019,On or near Regent Avenue,E01025205,Pendle 004A,Anti-social behaviour,,
,2021-06,Lancashire Constabulary,Lancashire Constabulary,-2.166217,53.862772,On or near Lark Street,E01025205,Pendle 004A,Anti-social behaviour,,
,2021-06,Lancashire Constabulary,Lancashire Constabulary,-2.158001,53.861255,On or near Vincent Street,E01025205,Pendle 004A,Anti-social behaviour,,
636905a35eca9c0c3ce833c4f3e20a8dc37fff20dbdf03d5c361d01adfdcce60,2021-06,Lancashire Constabulary,Lancashire Constabulary,-2.158563,53.861039,On or near Oak Street,E01025205,Pendle 004A,Burglary,Unable to prosecute suspect,
c2e63fb64c7d6c84d1c2bff79f8f136e0d729a567131b9677cf5315d0a395dc4,2021-06,Lancashire Constabulary,Lancashire Constabulary,-2.164239,53.862397,On or near Chatham Crescent,E01025205,Pendle 004A,Criminal damage and arson,Investigation complete; no suspect identified,
9ccc7dfceff43724c7f6db92855d25e641cddb4217beb83d1df632691a9d6241,2021-06,Lancashire Constabulary,Lancashire Constabulary,-2.163381,53.860655,On or near New Bath Street,E01025205,Pendle 004A,Criminal damage and arson,Unable to prosecute suspect,
61c75b01bc0aaf450def0d877977747c872bd8b4366debefb173e075525fc93e,2021-06,Lancashire Constabulary,Lancashire Constabulary,-2.158001,53.861255,On or near Vincent Street,E01025205,Pendle 004A,Criminal damage and arson,Unable to prosecute suspect,
d7251baf7010bb32d49faf8880661818e49f368d68801412c4e8ea1783c86e07,2021-06,Lancashire Constabulary,Lancashire Constabulary,-2.159400,53.861298,On or near Lilac Street,E01025205,Pendle 004A,Public order,Local resolution,
6f718302373ff6d6ef5051f34e33b42b6b2413e46c9a3d03efb8ef21645609e1,2021-06,Lancashire Constabulary,Lancashire Constabulary,-2.158338,53.861893,On or near Fern Street,E01025205,Pendle 004A,Public order,Status update unavailable,
65e132ba1282ab311b7643814f0ce7ddfec8331adc1eba486fa96078808dc486,2021-06,Lancashire Constabulary,Lancashire Constabulary,-2.160860,53.861458,On or near Varley Street,E01025205,Pendle 004A,Vehicle crime,Investigation complete; no suspect identified,
ae85b14fe74a19065b1e59b11b3443e8c73a11a9ea1c238435033c3b01de1b65,2021-06,Lancashire Constabulary,Lancashire Constabulary,-2.159400,53.861298,On or near Lilac Street,E01025205,Pendle 004A,Violence and sexual offences,Unable to prosecute suspect,
e02afc575081c25b729431e4e9e6a5b2c15aff9f81433990ce8735d6022919c9,2021-06,Lancashire Constabulary,Lancashire Constabulary,-2.161724,53.860666,On or near Elm Street,E01025205,Pendle 004A,Violence and sexual offences,Unable to prosecute suspect,
d675e25ec7230e66e3ab102e045ce9cc1db4af1158f4fdcaca4de858877e2953,2021-06,Lancashire Constabulary,Lancashire Constabulary,-2.164813,53.861273,On or near Temple Street,E01025205,Pendle 004A,Violence and sexual offences,Unable to prosecute suspect,
f024b2554eea4b596bf09e5c34b7c3b29e6c3883a55a4de665f48c12107d6301,2021-06,Lancashire Constabulary,Lancashire Constabulary,-2.158001,53.861255,On or near Vincent Street,E01025205,Pendle 004A,Violence and sexual offences,Unable to prosecute suspect,
6a37cdbf29ec5714d5dbfc523fe1fda40dcbc939602f5e2c63f01ae2bf508dbf,2021-06,Lancashire Constabulary,Lancashire Constabulary,-2.166087,53.864426,On or near Carr Road,E01025205,Pendle 004A,Violence and sexual offences,Unable to prosecute suspect,
c29e24e236ee512264846121ba4a44fba5ace5ed58ed59da0282bddfc0b3159b,2021-06,Lancashire Constabulary,Lancashire Constabulary,-2.166094,53.862386,On or near Lime Street,E01025205,Pendle 004A,Violence and sexual offences,Unable to prosecute suspect,
,2021-06,Lancashire Constabulary,Lancashire Constabulary,-2.159404,53.862520,On or near Thorn Grove,E01025206,Pendle 004B,Anti-social behaviour,,
,2021-06,Lancashire Constabulary,Lancashire Constabulary,-2.142641,53.869345,On or near Cockhill Lane,E01025206,Pendle 004B,Anti-social behaviour,,
eabc0cc32dd60f8541ecf2662d79647eaed9eb0b833b4f81e4defa319697abea,2021-06,Lancashire Constabulary,Lancashire Constabulary,-2.158494,53.862917,On or near Intake Crescent,E01025206,Pendle 004B,Drugs,Offender given a caution,
366ca1ad3f41a06f52211015bbd90a962f71d3130599fd36aa1bf2cbe231f325,2021-06,Lancashire Constabulary,Lancashire Constabulary,-2.153833,53.864954,On or near Castle Road,E01025206,Pendle 004B,Other theft,Unable to prosecute suspect,
2f3902b867c436075b91125247fd33daa14b298cc7926a508e9d67ba8f8b95c1,2021-06,Lancashire Constabulary,Lancashire Constabulary,-2.163169,53.864870,On or near Cranbourne Street,E01025206,Pendle 004B,Public order,Unable to prosecute suspect,
bba2f6a134a7d22cf7b692174e4bdff7024f70c688a4029ed94032d179cf7b48,2021-06,Lancashire Constabulary,Lancashire Constabulary,-2.159210,53.863339,On or near Casserley Road,E01025206,Pendle 004B,Public order,Status update unavailable,
b54cb8d778a430926c199791b0f5637310d62df66f313b317ee5699a0fe361db,2021-06,Lancashire Constabulary,Lancashire Constabulary,-2.162977,53.862318,On or near Skipton Road,E01025206,Pendle 004B,Violence and sexual offences,Investigation complete; no suspect identified,
6cb67a303451362e2fd564d405dbdf6025d4510671f8e41d4b6c5124c447a1eb,2021-06,Lancashire Constabulary,Lancashire Constabulary,-2.158494,53.862917,On or near Intake Crescent,E01025206,Pendle 004B,Violence and sexual offences,Unable to prosecute suspect,
9471c0be38871256a69cbaff4a372b95319ea7c99f36b38e66413b0d794eab37,2021-06,Lancashire Constabulary,Lancashire Constabulary,-2.160991,53.863768,On or near Sports/Recreation Area,E01025206,Pendle 004B,Violence and sexual offences,Unable to prosecute suspect,
8773f2efe4a047dafe34e0dc9070b38fbe697240360bb0a67b7754e5b16849b2,2021-06,Lancashire Constabulary,Lancashire Constabulary,-2.153833,53.864954,On or near Castle Road,E01025206,Pendle 004B,Violence and sexual offences,Unable to prosecute suspect,
1545147cefd0c05d48be00a1f6ada707448d775b212d58b82ba30d64b78e7536,2021-06,Lancashire Constabulary,Lancashire Constabulary,-2.159404,53.862520,On or near Thorn Grove,E01025206,Pendle 004B,Violence and sexual offences,Action to be taken by another organisation,
,2021-06,Lancashire Constabulary,Lancashire Constabulary,-2.168450,53.858356,On or near Windy Bank,E01025207,Pendle 004C,Anti-social behaviour,,
,2021-06,Lancashire Constabulary,Lancashire Constabulary,-2.168450,53.858356,On or near Windy Bank,E01025207,Pendle 004C,Anti-social behaviour,,
,2021-06,Lancashire Constabulary,Lancashire Constabulary,-2.170481,53.856771,On or near Church Street,E01025207,Pendle 004C,Anti-social behaviour,,
,2021-06,Lancashire Constabulary,Lancashire Constabulary,-2.164329,53.858263,On or near Salisbury Street,E01025207,Pendle 004C,Anti-social behaviour,,
,2021-06,Lancashire Constabulary,Lancashire Constabulary,-2.163460,53.857644,On or near Robert Street,E01025207,Pendle 004C,Anti-social behaviour,,
,2021-06,Lancashire Constabulary,Lancashire Constabulary,-2.164329,53.858263,On or near Salisbury Street,E01025207,Pendle 004C,Anti-social behaviour,,
,2021-06,Lancashire Constabulary,Lancashire Constabulary,-2.170481,53.856771,On or near Church Street,E01025207,Pendle 004C,Anti-social behaviour,,
,2021-06,Lancashire Constabulary,Lancashire Constabulary,-2.165651,53.858009,On or near Dockray Yard,E01025207,Pendle 004C,Anti-social behaviour,,
,2021-06,Lancashire Constabulary,Lancashire Constabulary,-2.171319,53.857201,On or near Theatre/Concert Hall,E01025207,Pendle 004C,Anti-social behaviour,,
,2021-06,Lancashire Constabulary,Lancashire Constabulary,-2.170481,53.856771,On or near Church Street,E01025207,Pendle 004C,Anti-social behaviour,,
,2021-06,Lancashire Constabulary,Lancashire Constabulary,-2.167196,53.860299,On or near Langroyd Road,E01025207,Pendle 004C,Anti-social behaviour,,
,2021-06,Lancashire Constabulary,Lancashire Constabulary,-2.169967,53.857527,On or near Ivegate,E01025207,Pendle 004C,Anti-social behaviour,,
,2021-06,Lancashire Constabulary,Lancashire Constabulary,-2.169967,53.857527,On or near Ivegate,E01025207,Pendle 004C,Anti-social behaviour,,
,2021-06,Lancashire Constabulary,Lancashire Constabulary,-2.169967,53.857527,On or near Ivegate,E01025207,Pendle 004C,Anti-social behaviour,,
,2021-06,Lancashire Constabulary,Lancashire Constabulary,-2.170481,53.856771,On or near Church Street,E01025207,Pendle 004C,Anti-social behaviour,,
3ea4d53ddb2a9e0f2b29bb5542a61765fede50642731402680447d71a0cb6cf6,2021-06,Lancashire Constabulary,Lancashire Constabulary,-2.170481,53.856771,On or near Church Street,E01025207,Pendle 004C,Criminal damage and arson,Further investigation is not in the public interest,
6dd0fb0c0f2feb536d20b688e9a89890a06ae70d454548c20ee36d85231ae72a,2021-06,Lancashire Constabulary,Lancashire Constabulary,-2.167196,53.860299,On or near Langroyd Road,E01025207,Pendle 004C,Public order,Investigation complete; no suspect identified,
52571202837a092c38f58338cb6ebb07fb052a88a1b6d746c511a043760b2743,2021-06,Lancashire Constabulary,Lancashire Constabulary,-2.167196,53.860299,On or near Langroyd Road,E01025207,Pendle 004C,Shoplifting,Status update unavailable,
a8fb3c4eaf8d23ad59e583d7c11f102d140d85fc26b4afc26c984a57cc646998,2021-06,Lancashire Constabulary,Lancashire Constabulary,-2.163460,53.857644,On or near Robert Street,E01025207,Pendle 004C,Vehicle crime,Investigation complete; no suspect identified,
b49d104e46a33b9429571273b1516c7e5b9d2fb8ad5403b67223bebe3e889fb0,2021-06,Lancashire Constabulary,Lancashire Constabulary,-2.171108,53.857813,On or near Rook Street,E01025207,Pendle 004C,Violence and sexual offences,Investigation complete; no suspect identified,
75ad070127c7e9d24c677cc08e4cd20b2ce7f8f5c3f0b31e69c4bc52d7ecd1f6,2021-06,Lancashire Constabulary,Lancashire Constabulary,-2.171108,53.857813,On or near Rook Street,E01025207,Pendle 004C,Violence and sexual offences,Unable to prosecute suspect,
5cfbc66d4293d925ccfc48ad97c6febb84d26941270e4605c2c989cb838c8367,2021-06,Lancashire Constabulary,Lancashire Constabulary,-2.165651,53.858009,On or near Dockray Yard,E01025207,Pendle 004C,Violence and sexual offences,Investigation complete; no suspect identified,
4bdd1fe01f66f8c699d903888f7605a86efd6f04df79e1c75059c2c1f6745c78,2021-06,Lancashire Constabulary,Lancashire Constabulary,-2.164727,53.858738,On or near Clifford Street,E01025207,Pendle 004C,Violence and sexual offences,Unable to prosecute suspect,
40b15d38b8d9538f60f9ed7915e27824ec51d340506b787c6f35ca74446ddc0b,2021-06,Lancashire Constabulary,Lancashire Constabulary,-2.164329,53.858263,On or near Salisbury Street,E01025207,Pendle 004C,Violence and sexual offences,Unable to prosecute suspect,
e7b67db935d5021f507b70f6ed908ec46ecabc6d3cd00d14fba9688eaa7bae34,2021-06,Lancashire Constabulary,Lancashire Constabulary,-2.170772,53.857418,On or near Church Meadows,E01025207,Pendle 004C,Violence and sexual offences,Status update unavailable,
9d9946b5baa312f8a3634bfb0386cc816ed7582ebef0924df7329a64034b0df1,2021-06,Lancashire Constabulary,Lancashire Constabulary,-2.166454,53.861190,On or near Dickson Street,E01025207,Pendle 004C,Other crime,Unable to prosecute suspect,
,2021-06,Lancashire Constabulary,Lancashire Constabulary,-2.156494,53.860736,On or near St Stephen'S Way,E01025208,Pendle 004D,Anti-social behaviour,,
,2021-06,Lancashire Constabulary,Lancashire Constabulary,-2.156494,53.860736,On or near St Stephen'S Way,E01025208,Pendle 004D,Anti-social behaviour,,
,2021-06,Lancashire Constabulary,Lancashire Constabulary,-2.161775,53.858338,On or near Granville Street,E01025208,Pendle 004D,Anti-social behaviour,,
,2021-06,Lancashire Constabulary,Lancashire Constabulary,-2.158759,53.860598,On or near Allendale Street,E01025208,Pendle 004D,Anti-social behaviour,,
,2021-06,Lancashire Constabulary,Lancashire Constabulary,-2.156730,53.858956,On or near Ellesmere Avenue,E01025208,Pendle 004D,Anti-social behaviour,,
,2021-06,Lancashire Constabulary,Lancashire Constabulary,-2.158889,53.859007,On or near Rutland Street,E01025208,Pendle 004D,Anti-social behaviour,,
f40fee947d9dbb984966b47cee7941d2970a4e106b57a0630bb4cd4f7974487d,2021-06,Lancashire Constabulary,Lancashire Constabulary,-2.151567,53.860553,On or near Favordale Road,E01025208,Pendle 004D,Criminal damage and arson,Investigation complete; no suspect identified,
2b86d5e3980ed327a41dde2accd69add9fe360459ddd597ed2f0e8a1a53a3bbb,2021-06,Lancashire Constabulary,Lancashire Constabulary,-2.161346,53.857467,On or near Keighley Road,E01025208,Pendle 004D,Violence and sexual offences,Unable to prosecute suspect,
ff9e174b173c27e79becb3452a385afa74a44fa2a3f8bda03bba70180b86bfe6,2021-06,Lancashire Constabulary,Lancashire Constabulary,-2.158759,53.860598,On or near Allendale Street,E01025208,Pendle 004D,Violence and sexual offences,Unable to prosecute suspect,
fcab66c22fa6f02786850c10aea5f425c0fb1745785b1c1a4aa369f7edcbda1b,2021-06,Lancashire Constabulary,Lancashire Constabulary,-2.156494,53.860736,On or near St Stephen'S Way,E01025208,Pendle 004D,Violence and sexual offences,Unable to prosecute suspect,
4e8d7acadbc3d572680ce7e8beb42d47b1c1ff3bf50eae47878427558153ede8,2021-06,Lancashire Constabulary,Lancashire Constabulary,-2.161016,53.858438,On or near York Street,E01025208,Pendle 004D,Violence and sexual offences,Unable to prosecute suspect,
3f3fd33edfe48fb09f589251687b8db628592b53a99fd51345ed3710acf8965e,2021-06,Lancashire Constabulary,Lancashire Constabulary,-2.158036,53.858496,On or near Dudley Street,E01025208,Pendle 004D,Violence and sexual offences,Unable to prosecute suspect,
f086e1305bf673f6993de008b60245926fb045e29b1a5f4b4035650053d7a6fd,2021-06,Lancashire Constabulary,Lancashire Constabulary,-2.158759,53.860598,On or near Allendale Street,E01025208,Pendle 004D,Violence and sexual offences,Local resolution,
,2021-06,Lancashire Constabulary,Lancashire Constabulary,-2.170814,53.860249,On or near Hanover Street,E01025220,Pendle 005A,Anti-social behaviour,,
,2021-06,Lancashire Constabulary,Lancashire Constabulary,-2.169004,53.863900,On or near The Crescent,E01025220,Pendle 005A,Anti-social behaviour,,
,2021-06,Lancashire Constabulary,Lancashire Constabulary,-2.167704,53.865628,On or near The Croft,E01025220,Pendle 005A,Anti-social behaviour,,
,2021-06,Lancashire Constabulary,Lancashire Constabulary,-2.167587,53.862986,On or near Cook House Road,E01025220,Pendle 005A,Anti-social behaviour,,
,2021-06,Lancashire Constabulary,Lancashire Constabulary,-2.168297,53.861852,On or near North Street,E01025220,Pendle 005A,Anti-social behaviour,,
8e3778581a25930d8130bde9a518231a9ce41b597f509573bb95a78713c7d888,2021-06,Lancashire Constabulary,Lancashire Constabulary,-2.169458,53.863172,On or near Glenroy Avenue,E01025220,Pendle 005A,Criminal damage and arson,Unable to prosecute suspect,
1a0c98b3be42655cd4377bdcc61cf96a7165bb9982e15212f0d353eb6a2af9d4,2021-06,Lancashire Constabulary,Lancashire Constabulary,-2.168903,53.861438,On or near Glen Street,E01025220,Pendle 005A,Drugs,Further investigation is not in the public interest,
6b63a9f2248fc859788dcf0e57ebaf6ef8b382279e0a087cd7d9d7e0451a93f8,2021-06,Lancashire Constabulary,Lancashire Constabulary,-2.167897,53.864504,On or near Devon Street,E01025220,Pendle 005A,Other theft,Investigation complete; no suspect identified,
b7c371cb0e18775f9455d742b73b6dcb16143877b481d60d7a0e57a5c124f317,2021-06,Lancashire Constabulary,Lancashire Constabulary,-2.170814,53.860249,On or near Hanover Street,E01025220,Pendle 005A,Violence and sexual offences,Unable to prosecute suspect,
484c77a9ad2fbcfabc4089d0c634cb179a106e74d15ba709e34121cc0b7a7569,2021-06,Lancashire Constabulary,Lancashire Constabulary,-2.170814,53.860249,On or near Hanover Street,E01025220,Pendle 005A,Violence and sexual offences,Unable to prosecute suspect,
0b35a60782f126c8df04acd53f906342cba6bc99acc2e212913aceefb6e3f3d4,2021-06,Lancashire Constabulary,Lancashire Constabulary,-2.171717,53.861551,On or near Talbot Street,E01025220,Pendle 005A,Violence and sexual offences,Unable to prosecute suspect,
8286a6dad380554756bdf50cd6e7cc0481475469a92c03c6d2072e7993335ae6,2021-06,Lancashire Constabulary,Lancashire Constabulary,-2.170814,53.860249,On or near Hanover Street,E01025220,Pendle 005A,Violence and sexual offences,Unable to prosecute suspect,
cbffa1daa1cebbb9cfd13fa71af04de389828fab267d2659573aec9c68930b1c,2021-06,Lancashire Constabulary,Lancashire Constabulary,-2.167897,53.864504,On or near Devon Street,E01025220,Pendle 005A,Violence and sexual offences,Unable to prosecute suspect,
ea0b7e9d97dfdb7ed6bb5a01d479ddb09a9ce9f5f78ce74d3748ec08bb66526f,2021-06,Lancashire Constabulary,Lancashire Constabulary,-2.170814,53.860249,On or near Hanover Street,E01025220,Pendle 005A,Violence and sexual offences,Unable to prosecute suspect,
5eba23c2fce45f43e0f56886a54cfa02575a77b291edfed4e5aacd6f2b632ff0,2021-06,Lancashire Constabulary,Lancashire Constabulary,-2.169458,53.863172,On or near Glenroy Avenue,E01025220,Pendle 005A,Violence and sexual offences,Unable to prosecute suspect,
18787d65498510cd4b5e58aa0c09f77a5047be83b7e0c18755e9daf6f7597a10,2021-06,Lancashire Constabulary,Lancashire Constabulary,-2.169458,53.863172,On or near Glenroy Avenue,E01025220,Pendle 005A,Violence and sexual offences,Unable to prosecute suspect,
1c7019b1bfd9ae47110938f7be122591ec9313050b8cca5a17f174618c142434,2021-06,Lancashire Constabulary,Lancashire Constabulary,-2.167897,53.864504,On or near Devon Street,E01025220,Pendle 005A,Violence and sexual offences,Court result unavailable,
692e88c3d3356e9cbeee04aca74161962197c3e3feddfe8a7929dad671ac7730,2021-06,Lancashire Constabulary,Lancashire Constabulary,-2.169458,53.863172,On or near Glenroy Avenue,E01025220,Pendle 005A,Other crime,Unable to prosecute suspect,
,2021-06,Lancashire Constabulary,Lancashire Constabulary,-2.172780,53.861351,On or near Ruskin Avenue,E01025221,Pendle 005B,Anti-social behaviour,,
1149bfe8d00d707ae89ab9b4289a623cdebe24a37ed381bb6578556a6cd3cdf3,2021-06,Lancashire Constabulary,Lancashire Constabulary,-2.172780,53.861351,On or near Ruskin Avenue,E01025221,Pendle 005B,Criminal damage and arson,Court result unavailable,
dc8a45840168fa47e5c708d45ea8492b66aa88b2396ac085b400ce7e4b2d1293,2021-06,Lancashire Constabulary,Lancashire Constabulary,-2.172780,53.861351,On or near Ruskin Avenue,E01025221,Pendle 005B,Criminal damage and arson,Court result unavailable,
51c21f1f275920822397a53027e3f8855b917ebff497ac357697e1842f6f17f2,2021-06,Lancashire Constabulary,Lancashire Constabulary,-2.177294,53.860940,On or near Sports/Recreation Area,E01025221,Pendle 005B,Criminal damage and arson,Unable to prosecute suspect,
d52c8d2bfc915d7d8a2bf02a402eddd9d94b98405a0a1e6078f71f211b14d20d,2021-06,Lancashire Constabulary,Lancashire Constabulary,-2.174957,53.858382,On or near Brook Street,E01025221,Pendle 005B,Other theft,Status update unavailable,
64b5fe56ea0dee3927e3886eb2658306909c02abf11356809c884f4e2202facf,2021-06,Lancashire Constabulary,Lancashire Constabulary,-2.174957,53.858382,On or near Brook Street,E01025221,Pendle 005B,Other theft,Investigation complete; no suspect identified,
6a24534c0739ab02d6cf65d332e2408adc89d2f40bf15592aaf2cbe255a34b55,2021-06,Lancashire Constabulary,Lancashire Constabulary,-2.172780,53.861351,On or near Ruskin Avenue,E01025221,Pendle 005B,Vehicle crime,Investigation complete; no suspect identified,
a0c4a418b2e4ea09854f55bfa3cc1fbc7af56d276f4d4532063772e9cb005367,2021-06,Lancashire Constabulary,Lancashire Constabulary,-2.174329,53.860855,On or near Browning Close,E01025221,Pendle 005B,Violence and sexual offences,Investigation complete; no suspect identified,
6654322cccfca1336c58a9a8c366b1067a2adc054ab749159ac56742c9f11e51,2021-06,Lancashire Constabulary,Lancashire Constabulary,-2.172780,53.861351,On or near Ruskin Avenue,E01025221,Pendle 005B,Violence and sexual offences,Investigation complete; no suspect identified,
910f9cf7e2c7d3ac8f5bed414abf54d0ff1b5db8afe03da07a4cce2ce489aa1c,2021-06,Lancashire Constabulary,Lancashire Constabulary,-2.177294,53.860940,On or near Sports/Recreation Area,E01025221,Pendle 005B,Other crime,Unable to prosecute suspect,
,2021-06,Lancashire Constabulary,Lancashire Constabulary,-2.178950,53.860569,On or near Harrison Drive,E01025222,Pendle 005C,Anti-social behaviour,,
,2021-06,Lancashire Constabulary,Lancashire Constabulary,-2.179053,53.859679,On or near Haverholt Close,E01025222,Pendle 005C,Anti-social behaviour,,
,2021-06,Lancashire Constabulary,Lancashire Constabulary,-2.183531,53.858127,On or near Reginald Street,E01025222,Pendle 005C,Anti-social behaviour,,
,2021-06,Lancashire Constabulary,Lancashire Constabulary,-2.179053,53.859679,On or near Haverholt Close,E01025222,Pendle 005C,Anti-social behaviour,,
313227bbd6ded5abf4d5683fb0c321b242017a9b078b7e8f6901c81b6829ea09,2021-06,Lancashire Constabulary,Lancashire Constabulary,-2.181814,53.858264,On or near Parker Street,E01025222,Pendle 005C,Drugs,Status update unavailable,
c9e3df0f0b7c1d8c5534f8e357893b53c884912d129ef161754251fc728d8fdf,2021-06,Lancashire Constabulary,Lancashire Constabulary,-2.183531,53.858127,On or near Reginald Street,E01025222,Pendle 005C,Other theft,Investigation complete; no suspect identified,
f5113e122a7fb40f9336993940634d356663d221c2abac0c1b8681a7fc406663,2021-06,Lancashire Constabulary,Lancashire Constabulary,-2.181347,53.862930,On or near White Grove,E01025222,Pendle 005C,Public order,Investigation complete; no suspect identified,
92197186ec1231e5f2cbf9065015119f4bde7c8461cbdc5f76289ac4bad44963,2021-06,Lancashire Constabulary,Lancashire Constabulary,-2.178950,53.860569,On or near Harrison Drive,E01025222,Pendle 005C,Violence and sexual offences,Unable to prosecute suspect,
8061c1e926606c5c0790472ae4bc629d2ede1078ddd4cccc77c681761448e0bd,2021-06,Lancashire Constabulary,Lancashire Constabulary,-2.181347,53.862930,On or near White Grove,E01025222,Pendle 005C,Violence and sexual offences,Unable to prosecute suspect,
ad2340d35a9c80c3f61f527abb8f9ac05d1b1576484d7b4c3fc262f921627374,2021-06,Lancashire Constabulary,Lancashire Constabulary,-2.181358,53.858319,On or near Selby Street,E01025222,Pendle 005C,Violence and sexual offences,Unable to prosecute suspect,
,2021-06,Lancashire Constabulary,Lancashire Constabulary,-2.174600,53.856522,On or near Brown Street East,E01025223,Pendle 005D,Anti-social behaviour,,
,2021-06,Lancashire Constabulary,Lancashire Constabulary,-2.171727,53.856706,On or near Back Bond Street,E01025223,Pendle 005D,Anti-social behaviour,,
,2021-06,Lancashire Constabulary,Lancashire Constabulary,-2.174006,53.856352,On or near Spring Place,E01025223,Pendle 005D,Anti-social behaviour,,
,2021-06,Lancashire Constabulary,Lancashire Constabulary,-2.177013,53.855476,On or near Albert Road,E01025223,Pendle 005D,Anti-social behaviour,,
,2021-06,Lancashire Constabulary,Lancashire Constabulary,-2.177208,53.858631,On or near Robinson Street,E01025223,Pendle 005D,Anti-social behaviour,,
,2021-06,Lancashire Constabulary,Lancashire Constabulary,-2.175498,53.856719,On or near Linden Road,E01025223,Pendle 005D,Anti-social behaviour,,
,2021-06,Lancashire Constabulary,Lancashire Constabulary,-2.179796,53.855697,On or near Queen Street,E01025223,Pendle 005D,Anti-social behaviour,,
,2021-06,Lancashire Constabulary,Lancashire Constabulary,-2.177208,53.858631,On or near Robinson Street,E01025223,Pendle 005D,Anti-social behaviour,,
af7b1a8c28ca01635103682b2b0c33942c1eb965b1e9b5b8c4e0b46cd63cb240,2021-06,Lancashire Constabulary,Lancashire Constabulary,-2.178323,53.856202,On or near Lord Street,E01025223,Pendle 005D,Criminal damage and arson,Investigation complete; no suspect identified,
dc1848c14b65f131737a9bac273ff9b8175e2e6055206b486612ecf8ba763653,2021-06,Lancashire Constabulary,Lancashire Constabulary,-2.175343,53.856072,On or near Theatre/Concert Hall,E01025223,Pendle 005D,Public order,Investigation complete; no suspect identified,
85f1eb972192029b58200194b8ee53932d98c501cc49416893f28d9991994140,2021-06,Lancashire Constabulary,Lancashire Constabulary,-2.182329,53.854489,On or near Leach Street,E01025223,Pendle 005D,Vehicle crime,Investigation complete; no suspect identified,
e4d6382104e55685b7c32a1a4f140a56c6b6bb0f5b2e5b754b78927fc55ea522,2021-06,Lancashire Constabulary,Lancashire Constabulary,-2.171727,53.856706,On or near Back Bond Street,E01025223,Pendle 005D,Violence and sexual offences,Unable to prosecute suspect,
71b2cbf837c6ec7a76e8efca6b04ecc871585c84468ba84123250d5ce7997cc4,2021-06,Lancashire Constabulary,Lancashire Constabulary,-2.177019,53.856995,On or near Moorhead Street,E01025223,Pendle 005D,Violence and sexual offences,Unable to prosecute suspect,
0e613002a70739953ccd9526f30ce8cd7569e90cc06cbf561a17b52333af9377,2021-06,Lancashire Constabulary,Lancashire Constabulary,-2.174010,53.857170,On or near Spring Yard,E01025223,Pendle 005D,Violence and sexual offences,Unable to prosecute suspect,
4211169400e3f6540d73a0e8184e005b705b23c214a899cbc9ca436f2dbd8620,2021-06,Lancashire Constabulary,Lancashire Constabulary,-2.174010,53.857170,On or near Spring Yard,E01025223,Pendle 005D,Violence and sexual offences,Unable to prosecute suspect,
79f9a086c6bec97162be3419abc04e622a5dcdc7869d0c03486f430e4b103a40,2021-06,Lancashire Constabulary,Lancashire Constabulary,-2.176894,53.856303,On or near Melling Court,E01025223,Pendle 005D,Other crime,Unable to prosecute suspect,
,2021-06,Lancashire Constabulary,Lancashire Constabulary,-2.143945,53.863834,On or near Skipton Old Road,E01025178,Pendle 006A,Anti-social behaviour,,
,2021-06,Lancashire Constabulary,Lancashire Constabulary,-2.123354,53.862725,On or near Kingsley Road,E01025178,Pendle 006A,Anti-social behaviour,,
,2021-06,Lancashire Constabulary,Lancashire Constabulary,-2.125697,53.863190,On or near Sheridan Road,E01025178,Pendle 006A,Anti-social behaviour,,
,2021-06,Lancashire Constabulary,Lancashire Constabulary,-2.145199,53.856957,On or near Cotton Tree Lane,E01025179,Pendle 006B,Anti-social behaviour,,
be79d8ac7685066007a336041ac5800b5f9322f4425b4e05be640325088588d9,2021-06,Lancashire Constabulary,Lancashire Constabulary,-2.144546,53.857317,On or near Hollington Street,E01025179,Pendle 006B,Criminal damage and arson,Local resolution,
aab66de6c6a26b380f327d7b33e800d01daaf0e83404262305afde7095aade24,2021-06,Lancashire Constabulary,Lancashire Constabulary,-2.145199,53.856957,On or near Cotton Tree Lane,E01025179,Pendle 006B,Vehicle crime,Investigation complete; no suspect identified,
0dd401cc70ceac64b8f5e78091ffc7583d9c70cccbf2732bd711b02348fa9350,2021-06,Lancashire Constabulary,Lancashire Constabulary,-2.141838,53.856817,On or near Winewall Road,E01025179,Pendle 006B,Violence and sexual offences,Unable to prosecute suspect,
2d814814629cdafdf1faf5d04032780751842f35fdc22ae4bc6640813a644ca4,2021-06,Lancashire Constabulary,Lancashire Constabulary,-2.141838,53.856817,On or near Winewall Road,E01025179,Pendle 006B,Violence and sexual offences,Unable to prosecute suspect,
228d5bab76384cfad88cda277ef9a484ec71dd84bfd3b2f861ccc87f757e5327,2021-06,Lancashire Constabulary,Lancashire Constabulary,-2.137581,53.856562,On or near Hawley Street,E01025179,Pendle 006B,Violence and sexual offences,Unable to prosecute suspect,
,2021-06,Lancashire Constabulary,Lancashire Constabulary,-2.149884,53.836549,On or near Shelfield Lane,E01025180,Pendle 006C,Anti-social behaviour,,
2b0fbba437fb113131f55822a1c3cabb4d545f927272cdce871f2228d798e928,2021-06,Lancashire Constabulary,Lancashire Constabulary,-2.104224,53.849944,On or near Park/Open Space,E01025180,Pendle 006C,Criminal damage and arson,Investigation complete; no suspect identified,
c5cc70d57e9cabf1c51e4782f8f1163ce8954337c3e4957bacc765016c9af5da,2021-06,Lancashire Constabulary,Lancashire Constabulary,-2.139230,53.849792,On or near Bannister Close,E01025180,Pendle 006C,Criminal damage and arson,Investigation complete; no suspect identified,
3a1ce1cfb68d40575c71fa1672efcf6f437eb6451b496ae64f2aac45aee89e2a,2021-06,Lancashire Constabulary,Lancashire Constabulary,-2.136255,53.841724,On or near Boulsworth Drive,E01025180,Pendle 006C,Other theft,Unable to prosecute suspect,
123fc2aabd87f096bb4bfdb13c2e37f3018c26f16487dd13cdba06145690ee4b,2021-06,Lancashire Constabulary,Lancashire Constabulary,-2.135242,53.843100,On or near East View,E01025180,Pendle 006C,Vehicle crime,Status update unavailable,
68605bc3ea710c410ad1445b49a33d728fe968e9292336ae65d0d2c8a5337b32,2021-06,Lancashire Constabulary,Lancashire Constabulary,-2.138247,53.846611,On or near Clifton Street,E01025180,Pendle 006C,Violence and sexual offences,Unable to prosecute suspect,
ed574e3c17cd7cdd2406115c3876e83c58cab2b2a6858947103caf340d2250e7,2021-06,Lancashire Constabulary,Lancashire Constabulary,-2.139230,53.849792,On or near Bannister Close,E01025180,Pendle 006C,Violence and sexual offences,Unable to prosecute suspect,
f76468638a958d025297c9be9f6b157fddc29c849bb10629d3bbe6b76a041155,2021-06,Lancashire Constabulary,Lancashire Constabulary,-2.138247,53.846611,On or near Clifton Street,E01025180,Pendle 006C,Violence and sexual offences,Unable to prosecute suspect,
,2021-06,Lancashire Constabulary,Lancashire Constabulary,-2.170751,53.874504,On or near Alma Avenue,E01025203,Pendle 006D,Anti-social behaviour,,
1d36522a353a86bff6ccb26d1fd5a8d3e9e98c18e9be95aff42807308a8864fa,2021-06,Lancashire Constabulary,Lancashire Constabulary,-2.170566,53.877766,On or near Warehouse Lane,E01025203,Pendle 006D,Criminal damage and arson,Unable to prosecute suspect,
a1b448f06c8b9b6c04f6fb48ee14e2c2c075ef9329d5dd4c8a39aa2e33b1d6b2,2021-06,Lancashire Constabulary,Lancashire Constabulary,-2.170566,53.877766,On or near Warehouse Lane,E01025203,Pendle 006D,Criminal damage and arson,Unable to prosecute suspect,
eaeb0c9344a9b646d26b616944aa0a6ec7d4b09917459a414f2bcd0115afdb9c,2021-06,Lancashire Constabulary,Lancashire Constabulary,-2.160455,53.886580,On or near Colne Road,E01025203,Pendle 006D,Violence and sexual offences,Unable to prosecute suspect,
,2021-06,Lancashire Constabulary,Lancashire Constabulary,-2.183926,53.854711,On or near Peel Road,E01025226,Pendle 007A,Anti-social behaviour,,
,2021-06,Lancashire Constabulary,Lancashire Constabulary,-2.177572,53.854810,On or near Sutherland Street,E01025226,Pendle 007A,Anti-social behaviour,,
,2021-06,Lancashire Constabulary,Lancashire Constabulary,-2.176682,53.852843,On or near Cross Hagg Street,E01025226,Pendle 007A,Anti-social behaviour,,
,2021-06,Lancashire Constabulary,Lancashire Constabulary,-2.181006,53.850743,On or near Cotton Court,E01025226,Pendle 007A,Anti-social behaviour,,
,2021-06,Lancashire Constabulary,Lancashire Constabulary,-2.176874,53.855099,On or near Calder Street,E01025226,Pendle 007A,Anti-social behaviour,,
,2021-06,Lancashire Constabulary,Lancashire Constabulary,-2.176799,53.851720,On or near Back Atkinson Street,E01025226,Pendle 007A,Anti-social behaviour,,
,2021-06,Lancashire Constabulary,Lancashire Constabulary,-2.174035,53.852317,On or near Short Street,E01025226,Pendle 007A,Anti-social behaviour,,
,2021-06,Lancashire Constabulary,Lancashire Constabulary,-2.183818,53.854262,On or near Cross Street West,E01025226,Pendle 007A,Anti-social behaviour,,
,2021-06,Lancashire Constabulary,Lancashire Constabulary,-2.183926,53.854711,On or near Peel Road,E01025226,Pendle 007A,Anti-social behaviour,,
,2021-06,Lancashire Constabulary,Lancashire Constabulary,-2.183926,53.854711,On or near Peel Road,E01025226,Pendle 007A,Anti-social behaviour,,
,2021-06,Lancashire Constabulary,Lancashire Constabulary,-2.185663,53.852057,On or near Holker Street,E01025226,Pendle 007A,Anti-social behaviour,,
,2021-06,Lancashire Constabulary,Lancashire Constabulary,-2.184797,53.855725,On or near Shopping Area,E01025226,Pendle 007A,Anti-social behaviour,,
18a2b7459dcb32d4f955c1eee3ffa549de97edaf8762a9ff02a650f5fd1ea1cc,2021-06,Lancashire Constabulary,Lancashire Constabulary,-2.181476,53.850589,On or near Knotts Mount,E01025226,Pendle 007A,Public order,Status update unavailable,
ae33ab13b2b59abcdd5fa6b1921e0d11f885414cd09a0c470d07bdb20e63d681,2021-06,Lancashire Constabulary,Lancashire Constabulary,-2.184797,53.855725,On or near Shopping Area,E01025226,Pendle 007A,Shoplifting,Court result unavailable,
6abc5fd8d72c3f77a5b564ecc7afef40df3f087c80e0bf72bf134707ead243d0,2021-06,Lancashire Constabulary,Lancashire Constabulary,-2.184797,53.855725,On or near Shopping Area,E01025226,Pendle 007A,Vehicle crime,Investigation complete; no suspect identified,
a2c8339bf11af9598613a289f469ab962ec54bf43f4ec31cf00dbaea033749c1,2021-06,Lancashire Constabulary,Lancashire Constabulary,-2.179658,53.851859,On or near Centaur Court,E01025226,Pendle 007A,Violence and sexual offences,Unable to prosecute suspect,
e10168674475b8f988f1d837bf064e9f897f83d19d42d95526a77a61db54afc9,2021-06,Lancashire Constabulary,Lancashire Constabulary,-2.179873,53.852551,On or near Hawley Street,E01025226,Pendle 007A,Violence and sexual offences,Investigation complete; no suspect identified,
c3320ba464deda9f21aa1a1e7b3ce3d6b0362cb9874d0f1f7049a2ac240888b9,2021-06,Lancashire Constabulary,Lancashire Constabulary,-2.181494,53.851272,On or near Pendlemist View,E01025226,Pendle 007A,Violence and sexual offences,Unable to prosecute suspect,
bd24c542b8ab123d8bf9527470ffed71868f045739f1694169ab8124db407f55,2021-06,Lancashire Constabulary,Lancashire Constabulary,-2.179434,53.852920,On or near Harold Street,E01025226,Pendle 007A,Violence and sexual offences,Unable to prosecute suspect,
434ddb93b83ddfe33aa1593833a1c4f8604ae05ff5e278bff9e7a91cb51ba916,2021-06,Lancashire Constabulary,Lancashire Constabulary,-2.181476,53.850589,On or near Knotts Mount,E01025226,Pendle 007A,Violence and sexual offences,Unable to prosecute suspect,
,2021-06,Lancashire Constabulary,Lancashire Constabulary,-2.169639,53.855469,On or near Walton Street,E01025227,Pendle 007B,Anti-social behaviour,,
,2021-06,Lancashire Constabulary,Lancashire Constabulary,-2.170319,53.854291,On or near Back Zion Street,E01025227,Pendle 007B,Anti-social behaviour,,
,2021-06,Lancashire Constabulary,Lancashire Constabulary,-2.168565,53.856720,On or near Post Office Yard,E01025227,Pendle 007B,Anti-social behaviour,,
,2021-06,Lancashire Constabulary,Lancashire Constabulary,-2.169757,53.854462,On or near Zion Street,E01025227,Pendle 007B,Anti-social behaviour,,
,2021-06,Lancashire Constabulary,Lancashire Constabulary,-2.170333,53.854093,On or near Fountain Street,E01025227,Pendle 007B,Anti-social behaviour,,
,2021-06,Lancashire Constabulary,Lancashire Constabulary,-2.166673,53.854889,On or near Bold Street,E01025227,Pendle 007B,Anti-social behaviour,,
,2021-06,Lancashire Constabulary,Lancashire Constabulary,-2.169639,53.855469,On or near Walton Street,E01025227,Pendle 007B,Anti-social behaviour,,
,2021-06,Lancashire Constabulary,Lancashire Constabulary,-2.164153,53.855881,On or near Matthew Close,E01025227,Pendle 007B,Anti-social behaviour,,
,2021-06,Lancashire Constabulary,Lancashire Constabulary,-2.169639,53.855469,On or near Walton Street,E01025227,Pendle 007B,Anti-social behaviour,,
,2021-06,Lancashire Constabulary,Lancashire Constabulary,-2.170079,53.855226,On or near Seldon Street,E01025227,Pendle 007B,Anti-social behaviour,,
,2021-06,Lancashire Constabulary,Lancashire Constabulary,-2.165997,53.857065,On or near Supermarket,E01025227,Pendle 007B,Anti-social behaviour,,
,2021-06,Lancashire Constabulary,Lancashire Constabulary,-2.171357,53.855296,On or near West Exchange Street,E01025227,Pendle 007B,Anti-social behaviour,,
,2021-06,Lancashire Constabulary,Lancashire Constabulary,-2.169639,53.855469,On or near Walton Street,E01025227,Pendle 007B,Anti-social behaviour,,
,2021-06,Lancashire Constabulary,Lancashire Constabulary,-2.168565,53.856720,On or near Post Office Yard,E01025227,Pendle 007B,Anti-social behaviour,,
,2021-06,Lancashire Constabulary,Lancashire Constabulary,-2.170079,53.855226,On or near Seldon Street,E01025227,Pendle 007B,Anti-social behaviour,,
,2021-06,Lancashire Constabulary,Lancashire Constabulary,-2.173366,53.852219,On or near Daisy Street,E01025227,Pendle 007B,Anti-social behaviour,,
,2021-06,Lancashire Constabulary,Lancashire Constabulary,-2.173366,53.852219,On or near Daisy Street,E01025227,Pendle 007B,Anti-social behaviour,,
,2021-06,Lancashire Constabulary,Lancashire Constabulary,-2.170144,53.856268,On or near Nelson Street,E01025227,Pendle 007B,Anti-social behaviour,,
,2021-06,Lancashire Constabulary,Lancashire Constabulary,-2.173639,53.855742,On or near Back Albert Road,E01025227,Pendle 007B,Anti-social behaviour,,
,2021-06,Lancashire Constabulary,Lancashire Constabulary,-2.165928,53.855052,On or near William Street,E01025227,Pendle 007B,Anti-social behaviour,,
,2021-06,Lancashire Constabulary,Lancashire Constabulary,-2.170079,53.855226,On or near Seldon Street,E01025227,Pendle 007B,Anti-social behaviour,,
,2021-06,Lancashire Constabulary,Lancashire Constabulary,-2.170884,53.855054,On or near Exchange Street,E01025227,Pendle 007B,Anti-social behaviour,,
,2021-06,Lancashire Constabulary,Lancashire Constabulary,-2.168322,53.856774,On or near Parking Area,E01025227,Pendle 007B,Anti-social behaviour,,
,2021-06,Lancashire Constabulary,Lancashire Constabulary,-2.171357,53.855296,On or near West Exchange Street,E01025227,Pendle 007B,Anti-social behaviour,,
948b6c5685576b7b42a4b3b1aa3da249bf3a833b5232d5a94e78f30c9dab3090,2021-06,Lancashire Constabulary,Lancashire Constabulary,-2.165997,53.857065,On or near Supermarket,E01025227,Pendle 007B,Criminal damage and arson,Investigation complete; no suspect identified,
c2e0e3a2fce9cc28bfadfedbe5ac14ba69fcba7d2c04d57fb4819a1a5f500bf2,2021-06,Lancashire Constabulary,Lancashire Constabulary,-2.166551,53.854979,On or near Blucher Street,E01025227,Pendle 007B,Drugs,Court result unavailable,
94f2db3178598d8bcc89a43ee6d01ee18679eefd0c646f5d8029e671a8b0abba,2021-06,Lancashire Constabulary,Lancashire Constabulary,-2.170079,53.855226,On or near Seldon Street,E01025227,Pendle 007B,Other theft,Unable to prosecute suspect,
7df2ebe4169448e2d73fe61134ca4aca3375c479972e29d6fdc6781b49258ec6,2021-06,Lancashire Constabulary,Lancashire Constabulary,-2.171722,53.855448,On or near Knowsley Street,E01025227,Pendle 007B,Other theft,Unable to prosecute suspect,
02f03bb09edab3580e30e2a8dd990aab44871595b0af89a74c502ff4808a28d9,2021-06,Lancashire Constabulary,Lancashire Constabulary,-2.168565,53.856720,On or near Post Office Yard,E01025227,Pendle 007B,Other theft,Unable to prosecute suspect,
c542729cfa21024ef9a8a2dc0185663d1e99e7540abafe40b167d2316210e3db,2021-06,Lancashire Constabulary,Lancashire Constabulary,-2.166551,53.854979,On or near Blucher Street,E01025227,Pendle 007B,Other theft,Court result unavailable,
34f5e08e7164f4b616d0e53f5004f5b24b729a81c5433ee856bec86714371a9c,2021-06,Lancashire Constabulary,Lancashire Constabulary,-2.169639,53.855469,On or near Walton Street,E01025227,Pendle 007B,Public order,Unable to prosecute suspect,
31f3547a808624252439abad37c8bdfb11d417c09fda6e72a3228ee3fcd43b4b,2021-06,Lancashire Constabulary,Lancashire Constabulary,-2.170884,53.855054,On or near Exchange Street,E01025227,Pendle 007B,Public order,Unable to prosecute suspect,
c25c9bb66085df5a5543004d70d80b46d9aec240b6a0a1527cdeb34a0b00437d,2021-06,Lancashire Constabulary,Lancashire Constabulary,-2.170079,53.855226,On or near Seldon Street,E01025227,Pendle 007B,Public order,Unable to prosecute suspect,
ac8f9f360ea465c0b49add1253a24e3d0604d6a23379fb50991769061b802a25,2021-06,Lancashire Constabulary,Lancashire Constabulary,-2.170079,53.855226,On or near Seldon Street,E01025227,Pendle 007B,Public order,Unable to prosecute suspect,
07f4276749f774437a85a76230b1f340c93ac9a714d7babac4090497a7cdd36a,2021-06,Lancashire Constabulary,Lancashire Constabulary,-2.169639,53.855469,On or near Walton Street,E01025227,Pendle 007B,Public order,Unable to prosecute suspect,
32e7aca2c42c317cfb7c3096f512fa0e13d6a58cbbee1dc7a6b2d55823ac83ac,2021-06,Lancashire Constabulary,Lancashire Constabulary,-2.160174,53.856947,On or near Grosvenor Street,E01025227,Pendle 007B,Violence and sexual offences,Unable to prosecute suspect,
d15e6281bc238ee0fd56239b9397d0674fa3c77f275427280c2ee28ab5ccd10d,2021-06,Lancashire Constabulary,Lancashire Constabulary,-2.166673,53.854889,On or near Bold Street,E01025227,Pendle 007B,Violence and sexual offences,Unable to prosecute suspect,
f23cd7bb5952e5a9939732f94c06b1cfa05e6767d844615163c4b69093d7a783,2021-06,Lancashire Constabulary,Lancashire Constabulary,-2.169135,53.854760,On or near Basil Street,E01025227,Pendle 007B,Violence and sexual offences,Unable to prosecute suspect,
a5561e0d354c5657458ac0ef010c149128150094994feb55f1cc52b5bd291dcb,2021-06,Lancashire Constabulary,Lancashire Constabulary,-2.171962,53.854567,On or near Doughty Street,E01025227,Pendle 007B,Violence and sexual offences,Unable to prosecute suspect,
8ba4f40d406bd857d453ad1ad3b886fc1ba2d42c8388504531d0d4b05a762ffc,2021-06,Lancashire Constabulary,Lancashire Constabulary,-2.171722,53.855448,On or near Knowsley Street,E01025227,Pendle 007B,Violence and sexual offences,Unable to prosecute suspect,
b39ee8102ba5244b75311ca565f060424881854e7e2e94bbb38a2dc436f69098,2021-06,Lancashire Constabulary,Lancashire Constabulary,-2.170079,53.855226,On or near Seldon Street,E01025227,Pendle 007B,Violence and sexual offences,Unable to prosecute suspect,
38f03c1884e138d54e3ecff631ce5bc0c036e41327427018e2e15afcb3196d50,2021-06,Lancashire Constabulary,Lancashire Constabulary,-2.168819,53.851839,On or near Lenches Fold,E01025227,Pendle 007B,Violence and sexual offences,Investigation complete; no suspect identified,
2bfee32bf8e296fc94785de1f4e566ef4fe9111f4ecd825a3730f6eef622d83b,2021-06,Lancashire Constabulary,Lancashire Constabulary,-2.169639,53.855469,On or near Walton Street,E01025227,Pendle 007B,Violence and sexual offences,Unable to prosecute suspect,
a151740edbccbcc4a6a4e9876d6b9363ec1811ba9609bebc863a52d52aec5ec7,2021-06,Lancashire Constabulary,Lancashire Constabulary,-2.171962,53.854567,On or near Doughty Street,E01025227,Pendle 007B,Violence and sexual offences,Unable to prosecute suspect,
,2021-06,Lancashire Constabulary,Lancashire Constabulary,-2.190257,53.849461,On or near Francis Street,E01025228,Pendle 007C,Anti-social behaviour,,
,2021-06,Lancashire Constabulary,Lancashire Constabulary,-2.175608,53.850517,On or near Dewhurst Street,E01025228,Pendle 007C,Anti-social behaviour,,
,2021-06,Lancashire Constabulary,Lancashire Constabulary,-2.175608,53.850517,On or near Dewhurst Street,E01025228,Pendle 007C,Anti-social behaviour,,
,2021-06,Lancashire Constabulary,Lancashire Constabulary,-2.175608,53.850517,On or near Dewhurst Street,E01025228,Pendle 007C,Anti-social behaviour,,
,2021-06,Lancashire Constabulary,Lancashire Constabulary,-2.175608,53.850517,On or near Dewhurst Street,E01025228,Pendle 007C,Anti-social behaviour,,
,2021-06,Lancashire Constabulary,Lancashire Constabulary,-2.194267,53.848745,On or near Corporation Street,E01025228,Pendle 007C,Anti-social behaviour,,
,2021-06,Lancashire Constabulary,Lancashire Constabulary,-2.175608,53.850517,On or near Dewhurst Street,E01025228,Pendle 007C,Anti-social behaviour,,
,2021-06,Lancashire Constabulary,Lancashire Constabulary,-2.174306,53.844344,On or near Southfield Lane,E01025228,Pendle 007C,Anti-social behaviour,,
,2021-06,Lancashire Constabulary,Lancashire Constabulary,-2.196580,53.846143,On or near Swinden Lane,E01025228,Pendle 007C,Anti-social behaviour,,
,2021-06,Lancashire Constabulary,Lancashire Constabulary,-2.190257,53.849461,On or near Francis Street,E01025228,Pendle 007C,Anti-social behaviour,,
,2021-06,Lancashire Constabulary,Lancashire Constabulary,-2.197112,53.846097,On or near Chad Street,E01025228,Pendle 007C,Anti-social behaviour,,
,2021-06,Lancashire Constabulary,Lancashire Constabulary,-2.189043,53.849813,On or near Dent Street,E01025228,Pendle 007C,Anti-social behaviour,,
,2021-06,Lancashire Constabulary,Lancashire Constabulary,-2.175608,53.850517,On or near Dewhurst Street,E01025228,Pendle 007C,Anti-social behaviour,,
,2021-06,Lancashire Constabulary,Lancashire Constabulary,-2.175608,53.850517,On or near Dewhurst Street,E01025228,Pendle 007C,Anti-social behaviour,,
,2021-06,Lancashire Constabulary,Lancashire Constabulary,-2.197297,53.849872,On or near Regent Street,E01025228,Pendle 007C,Anti-social behaviour,,
,2021-06,Lancashire Constabulary,Lancashire Constabulary,-2.190257,53.849461,On or near Francis Street,E01025228,Pendle 007C,Anti-social behaviour,,
,2021-06,Lancashire Constabulary,Lancashire Constabulary,-2.189043,53.849813,On or near Dent Street,E01025228,Pendle 007C,Anti-social behaviour,,
1bc072be909ab28ffa0928480e952e044f783b69cb369a02785cde8f6b2de0b4,2021-06,Lancashire Constabulary,Lancashire Constabulary,-2.191832,53.848245,On or near Penrith Road,E01025228,Pendle 007C,Criminal damage and arson,Investigation complete; no suspect identified,
2a073717fa676becee307aabd92c0d193ff0ebd23ba0ddecf96ccd7291a6382a,2021-06,Lancashire Constabulary,Lancashire Constabulary,-2.175608,53.850517,On or near Dewhurst Street,E01025228,Pendle 007C,Criminal damage and arson,Unable to prosecute suspect,
6b532ba8273dcde49eb4f98c9e8855c10859ff1576dcb81ac77111b7b1cec3f6,2021-06,Lancashire Constabulary,Lancashire Constabulary,-2.197297,53.849872,On or near Regent Street,E01025228,Pendle 007C,Other theft,Unable to prosecute suspect,
166843e6e09f4173ed87eea9da3dc71c01cc09d01a51e00c0c8620c0042bb349,2021-06,Lancashire Constabulary,Lancashire Constabulary,-2.189043,53.849813,On or near Dent Street,E01025228,Pendle 007C,Possession of weapons,Action to be taken by another organisation,
afbf69d36648dbdb1aa4a7837123b6c29bb000fab0bd85cd2bc7d57f61d3db87,2021-06,Lancashire Constabulary,Lancashire Constabulary,-2.197297,53.849872,On or near Regent Street,E01025228,Pendle 007C,Public order,Unable to prosecute suspect,
f0402cddf82409b5a38e45e9beeb11dd328a6028267c82e8c2802ac8025e90cf,2021-06,Lancashire Constabulary,Lancashire Constabulary,-2.197297,53.849872,On or near Regent Street,E01025228,Pendle 007C,Shoplifting,Status update unavailable,
756ff8635845de57859a7f8e03f4301165dc1df19f540edfae6b587c93467df8,2021-06,Lancashire Constabulary,Lancashire Constabulary,-2.197297,53.849872,On or near Regent Street,E01025228,Pendle 007C,Shoplifting,Unable to prosecute suspect,
122cb7fdaafce8c62b3f86c055ca43f5d54d4f0412525084d96d3c142af9973d,2021-06,Lancashire Constabulary,Lancashire Constabulary,-2.189043,53.849813,On or near Dent Street,E01025228,Pendle 007C,Vehicle crime,Investigation complete; no suspect identified,
828f760947fa177c232d05fe651f30a8370ffee7bf3af5ace914e9bb686c4c9e,2021-06,Lancashire Constabulary,Lancashire Constabulary,-2.197297,53.849872,On or near Regent Street,E01025228,Pendle 007C,Vehicle crime,Investigation complete; no suspect identified,
8787f2f1d92c45e42777a8e1dc9ddb4dd19f21b09d3c321785704ae104a6054d,2021-06,Lancashire Constabulary,Lancashire Constabulary,-2.175608,53.850517,On or near Dewhurst Street,E01025228,Pendle 007C,Violence and sexual offences,Unable to prosecute suspect,
38d9289d2196ca49c534a22b80808edf0bf856a7419b2aa9c7815de3ca696e01,2021-06,Lancashire Constabulary,Lancashire Constabulary,-2.168161,53.847067,On or near Birchenlee Lane,E01025228,Pendle 007C,Violence and sexual offences,Unable to prosecute suspect,
5364feef583eef58821e08895aaee74acfc08cce708937424c056944191a2f19,2021-06,Lancashire Constabulary,Lancashire Constabulary,-2.194225,53.846327,On or near Rosehill Road,E01025228,Pendle 007C,Violence and sexual offences,Unable to prosecute suspect,
65b7b841bcb6a82160b5c48fd9cb2371d3c86f93250865a5494c7fef77471a8b,2021-06,Lancashire Constabulary,Lancashire Constabulary,-2.194225,53.846327,On or near Rosehill Road,E01025228,Pendle 007C,Violence and sexual offences,Unable to prosecute suspect,
dd5e432e6b2144f238bead3487dc7686d8add39d1a777e81a7d7fd5c07e6c57e,2021-06,Lancashire Constabulary,Lancashire Constabulary,-2.188365,53.847918,On or near Briercliffe Avenue,E01025228,Pendle 007C,Violence and sexual offences,Unable to prosecute suspect,
,2021-06,Lancashire Constabulary,Lancashire Constabulary,-2.227946,53.839544,On or near Fife Street,E01025174,Pendle 008A,Anti-social behaviour,,
,2021-06,Lancashire Constabulary,Lancashire Constabulary,-2.229148,53.839848,On or near Carr Hall Drive,E01025174,Pendle 008A,Anti-social behaviour,,
de7b0abcd4e53abccf547c354e4ab6fb38b5d8c9af42ae03321c15888da5bfcc,2021-06,Lancashire Constabulary,Lancashire Constabulary,-2.236774,53.844713,On or near Forest Lane,E01025174,Pendle 008A,Criminal damage and arson,Unable to prosecute suspect,
21285c8f443fdc56d5b4510bb94e0aaa8f02449bd5c991ab037849c5e2bccf80,2021-06,Lancashire Constabulary,Lancashire Constabulary,-2.227538,53.839941,On or near Hamilton Road,E01025174,Pendle 008A,Other theft,Investigation complete; no suspect identified,
67b5204b36063162ae207781531b94a3ce39aa1239aebe42b38199fefa22a017,2021-06,Lancashire Constabulary,Lancashire Constabulary,-2.227538,53.839941,On or near Hamilton Road,E01025174,Pendle 008A,Other theft,Investigation complete; no suspect identified,
95573edf63eb3cfd2ac1a5f347a1af997e7cfefef4b60a22362b2dac4d64a92f,2021-06,Lancashire Constabulary,Lancashire Constabulary,-2.227538,53.839941,On or near Hamilton Road,E01025174,Pendle 008A,Other theft,Action to be taken by another organisation,
60d42472cf8d1a3f685ced516108c7291b872a2567d9216121c2a3edc8b77b06,2021-06,Lancashire Constabulary,Lancashire Constabulary,-2.227318,53.838683,On or near Park Avenue,E01025174,Pendle 008A,Public order,Unable to prosecute suspect,
aafb6041322e5bf7b10015350ead0a9c376a4055e62dc95a5233fc149a0df4fa,2021-06,Lancashire Constabulary,Lancashire Constabulary,-2.229836,53.840539,On or near Carr Hall Gardens,E01025174,Pendle 008A,Violence and sexual offences,Unable to prosecute suspect,
57aed7f2a3c41704a52ad0d41e9616187364bab1aa11598b789a7af542032e09,2021-06,Lancashire Constabulary,Lancashire Constabulary,-2.229023,53.841942,On or near Barrowford Road,E01025174,Pendle 008A,Violence and sexual offences,Unable to prosecute suspect,
,2021-06,Lancashire Constabulary,Lancashire Constabulary,-2.222010,53.849218,On or near Malham Wend,E01025175,Pendle 008B,Anti-social behaviour,,
,2021-06,Lancashire Constabulary,Lancashire Constabulary,-2.219062,53.849520,On or near Higher Causeway,E01025175,Pendle 008B,Anti-social behaviour,,
43a0133d6f910b6f21834449e58b48e60501c1c5bbf0e01c0cadc72412b96b8a,2021-06,Lancashire Constabulary,Lancashire Constabulary,-2.221047,53.848213,On or near Bolton Grove,E01025175,Pendle 008B,Violence and sexual offences,Action to be taken by another organisation,
aee5706aab9cbde2e8e4e0ed71c0da8731319a2d0d23ba9ae17d3c9e6139eede,2021-06,Lancashire Constabulary,Lancashire Constabulary,-2.219524,53.850534,On or near Oaklands Avenue,E01025175,Pendle 008B,Violence and sexual offences,Court result unavailable,
9b86a11bc6f4db119830fbf621462040c7f79e65e6c66fe36c238e5225e05b5c,2021-06,Lancashire Constabulary,Lancashire Constabulary,-2.216853,53.851375,On or near Sharp Street,E01025175,Pendle 008B,Violence and sexual offences,Further investigation is not in the public interest,
,2021-06,Lancashire Constabulary,Lancashire Constabulary,-2.219289,53.846409,On or near Maud Street,E01025176,Pendle 008C,Anti-social behaviour,,
,2021-06,Lancashire Constabulary,Lancashire Constabulary,-2.216488,53.851466,On or near Butterfield Street,E01025176,Pendle 008C,Anti-social behaviour,,
,2021-06,Lancashire Constabulary,Lancashire Constabulary,-2.216016,53.848285,On or near Wilton Street,E01025176,Pendle 008C,Anti-social behaviour,,
,2021-06,Lancashire Constabulary,Lancashire Constabulary,-2.216646,53.849605,On or near Corlass Street,E01025176,Pendle 008C,Anti-social behaviour,,
,2021-06,Lancashire Constabulary,Lancashire Constabulary,-2.215797,53.853040,On or near West Hill,E01025176,Pendle 008C,Anti-social behaviour,,
,2021-06,Lancashire Constabulary,Lancashire Constabulary,-2.214873,53.853680,On or near Parking Area,E01025176,Pendle 008C,Anti-social behaviour,,
,2021-06,Lancashire Constabulary,Lancashire Constabulary,-2.216384,53.851816,On or near Hill Top,E01025176,Pendle 008C,Anti-social behaviour,,
,2021-06,Lancashire Constabulary,Lancashire Constabulary,-2.218496,53.848820,On or near Lucy Street,E01025176,Pendle 008C,Anti-social behaviour,,
71c15ed0dd25d8bfc0dcff6da64979befd809bcc00ba9f3c7c985d0f913dee95,2021-06,Lancashire Constabulary,Lancashire Constabulary,-2.219386,53.847560,On or near Nora Street,E01025176,Pendle 008C,Burglary,Unable to prosecute suspect,
dad61a465deb62d7f83adfb777ec32f1f142d488a5316f9244219efba7aa6498,2021-06,Lancashire Constabulary,Lancashire Constabulary,-2.214620,53.854660,On or near Prospect Terrace,E01025176,Pendle 008C,Criminal damage and arson,Investigation complete; no suspect identified,
17d76dcbb09f2f184a4708d0bea187ac079863e745cc537e267e89fa0ee83f6b,2021-06,Lancashire Constabulary,Lancashire Constabulary,-2.216420,53.850037,On or near Victoria Street,E01025176,Pendle 008C,Criminal damage and arson,Offender given a caution,
d9ff033aec5dde7367dd2c25cb96d5cd5b6e02128396ffc5e37d3abf3f28c7a7,2021-06,Lancashire Constabulary,Lancashire Constabulary,-2.214789,53.855127,On or near Queen Street,E01025176,Pendle 008C,Other theft,Unable to prosecute suspect,
0b17c08b95352c97fa2d89f646a9a8b301644a6bca31ed1cf17b9fb23793b6ef,2021-06,Lancashire Constabulary,Lancashire Constabulary,-2.216420,53.850037,On or near Victoria Street,E01025176,Pendle 008C,Public order,Unable to prosecute suspect,
9ba9ddfa160bb5755883f0da24c3d6869ec308cd4281badb1313a29ad4d9066a,2021-06,Lancashire Constabulary,Lancashire Constabulary,-2.218351,53.847184,On or near Grey Street,E01025176,Pendle 008C,Shoplifting,Status update unavailable,
3e7e0139f4f4a3e35f2af669e46df9d67ab3df426a58ab6eced0a51e1ae79508,2021-06,Lancashire Constabulary,Lancashire Constabulary,-2.216729,53.847969,On or near Romney Avenue,E01025176,Pendle 008C,Violence and sexual offences,Unable to prosecute suspect,
62670840928f112d5ca394864bc4e3f98bcb37da0e55a69047d41e5ca6cf8ee3,2021-06,Lancashire Constabulary,Lancashire Constabulary,-2.215576,53.851503,On or near Fountain Square,E01025176,Pendle 008C,Violence and sexual offences,Unable to prosecute suspect,
f25c9ad3ac71ea01d81c9923e62cc2aaa011d67c28b33d58b18c292c6131b371,2021-06,Lancashire Constabulary,Lancashire Constabulary,-2.214789,53.855127,On or near Queen Street,E01025176,Pendle 008C,Violence and sexual offences,Unable to prosecute suspect,
4680985bb4fb27d6bb3c58dc19489c6d5c533de9fc238ec747602384cd612a79,2021-06,Lancashire Constabulary,Lancashire Constabulary,-2.215576,53.851503,On or near Fountain Square,E01025176,Pendle 008C,Violence and sexual offences,Unable to prosecute suspect,
d640f95b3baa1b6090bf3bb37a120b260fd08c9fae13d8182858ad92b4cc3ba4,2021-06,Lancashire Constabulary,Lancashire Constabulary,-2.216729,53.847969,On or near Romney Avenue,E01025176,Pendle 008C,Violence and sexual offences,Unable to prosecute suspect,
d5deb6f39da66308285efeb1467a251a855abffb4d4814cb9d6dfc9ca521ac37,2021-06,Lancashire Constabulary,Lancashire Constabulary,-2.216729,53.847969,On or near Romney Avenue,E01025176,Pendle 008C,Violence and sexual offences,Unable to prosecute suspect,
565f919248cadcc9a0108f58219cceb53a7959da10fad8d3ecec90d6604fbd07,2021-06,Lancashire Constabulary,Lancashire Constabulary,-2.216384,53.851816,On or near Hill Top,E01025176,Pendle 008C,Violence and sexual offences,Unable to prosecute suspect,
756dcfc482cffef33095f34744c8311c0b92d84c00c55ee656a886535984701f,2021-06,Lancashire Constabulary,Lancashire Constabulary,-2.220961,53.846469,On or near Duckworth Street,E01025176,Pendle 008C,Violence and sexual offences,Unable to prosecute suspect,
,2021-06,Lancashire Constabulary,Lancashire Constabulary,-2.213755,53.869905,On or near Malkin Close,E01025177,Pendle 008D,Anti-social behaviour,,
,2021-06,Lancashire Constabulary,Lancashire Constabulary,-2.202453,53.853557,On or near Colne Road,E01025177,Pendle 008D,Anti-social behaviour,,
,2021-06,Lancashire Constabulary,Lancashire Constabulary,-2.199420,53.874414,On or near Barnoldswick Road,E01025177,Pendle 008D,Anti-social behaviour,,
,2021-06,Lancashire Constabulary,Lancashire Constabulary,-2.210088,53.857463,On or near Pinfold,E01025177,Pendle 008D,Anti-social behaviour,,
,2021-06,Lancashire Constabulary,Lancashire Constabulary,-2.205262,53.859206,On or near Grange Avenue,E01025177,Pendle 008D,Anti-social behaviour,,
e95cde57e7135f477a12a42d766559f4482c21ac129081c09cb38d46bc2e323e,2021-06,Lancashire Constabulary,Lancashire Constabulary,-2.209981,53.854264,On or near Parking Area,E01025177,Pendle 008D,Criminal damage and arson,Status update unavailable,
33e469f8c33dd166f92cce0e9782bd2cb04771c5e8808d36a50bf6c6e2678aef,2021-06,Lancashire Constabulary,Lancashire Constabulary,-2.205262,53.859206,On or near Grange Avenue,E01025177,Pendle 008D,Criminal damage and arson,Status update unavailable,
2034a6463bd904b286a60f973860375ab93de83ea783cb493406736799e78b99,2021-06,Lancashire Constabulary,Lancashire Constabulary,-2.209981,53.854264,On or near Parking Area,E01025177,Pendle 008D,Other theft,Investigation complete; no suspect identified,
,2021-06,Lancashire Constabulary,Lancashire Constabulary,-2.240070,53.857676,On or near Park/Open Space,E01025204,Pendle 008E,Anti-social behaviour,,
,2021-06,Lancashire Constabulary,Lancashire Constabulary,-2.296775,53.824941,On or near Acresbrook Road,E01025204,Pendle 008E,Anti-social behaviour,,
,2021-06,Lancashire Constabulary,Lancashire Constabulary,-2.292814,53.825418,On or near Croft Lane,E01025204,Pendle 008E,Anti-social behaviour,,
76d500a3a323581fbbe4ef2577cd713fa35ddd53a97165ea9245e35ac7283879,2021-06,Lancashire Constabulary,Lancashire Constabulary,-2.291711,53.824172,On or near Garden Street,E01025204,Pendle 008E,Criminal damage and arson,Unable to prosecute suspect,
,2021-06,Lancashire Constabulary,Lancashire Constabulary,-2.205325,53.847234,On or near Bevan Place,E01025181,Pendle 009A,Anti-social behaviour,,
,2021-06,Lancashire Constabulary,Lancashire Constabulary,-2.206011,53.844572,On or near Regent Street,E01025181,Pendle 009A,Anti-social behaviour,,
,2021-06,Lancashire Constabulary,Lancashire Constabulary,-2.208296,53.842573,On or near Regent Place,E01025181,Pendle 009A,Anti-social behaviour,,
,2021-06,Lancashire Constabulary,Lancashire Constabulary,-2.206627,53.846126,On or near Swinden Hall Road,E01025181,Pendle 009A,Anti-social behaviour,,
,2021-06,Lancashire Constabulary,Lancashire Constabulary,-2.205325,53.847234,On or near Bevan Place,E01025181,Pendle 009A,Anti-social behaviour,,
,2021-06,Lancashire Constabulary,Lancashire Constabulary,-2.206209,53.847736,On or near Cravendale Avenue,E01025181,Pendle 009A,Anti-social behaviour,,
,2021-06,Lancashire Constabulary,Lancashire Constabulary,-2.206209,53.847736,On or near Cravendale Avenue,E01025181,Pendle 009A,Anti-social behaviour,,
,2021-06,Lancashire Constabulary,Lancashire Constabulary,-2.205325,53.847234,On or near Bevan Place,E01025181,Pendle 009A,Anti-social behaviour,,
ddb9bc7fb336bc426615ea6f37ba49930f0d7142864215f9ade7dd4b6b9a20dc,2021-06,Lancashire Constabulary,Lancashire Constabulary,-2.206011,53.844572,On or near Regent Street,E01025181,Pendle 009A,Burglary,Local resolution,
e8e36d97102556977fba118de89df19b5ae5d01e7fbc9680211eec5e294b707f,2021-06,Lancashire Constabulary,Lancashire Constabulary,-2.205548,53.843090,On or near Thursby Place,E01025181,Pendle 009A,Public order,Unable to prosecute suspect,
f078d0cf3954ec6fdce7216fe412768bcfaeb756419d934089f6e3398bb6e3f5,2021-06,Lancashire Constabulary,Lancashire Constabulary,-2.210430,53.843855,On or near Reedyford Road,E01025181,Pendle 009A,Violence and sexual offences,Unable to prosecute suspect,
d141b034d5d2d9d93dfb55c9911bcf81c347e90650a336f657ffb484f06c2d97,2021-06,Lancashire Constabulary,Lancashire Constabulary,-2.207301,53.847231,On or near Highfield Crescent,E01025181,Pendle 009A,Violence and sexual offences,Unable to prosecute suspect,
64a1e42c0879908bb2ef9a3651276dc60a4d069aa25300652f9a46196de08a4d,2021-06,Lancashire Constabulary,Lancashire Constabulary,-2.206209,53.847736,On or near Cravendale Avenue,E01025181,Pendle 009A,Violence and sexual offences,Status update unavailable,
2131f2812acb65839cd66bc5d49a22130592c0d394773b60a0d7fd03d54bfbf8,2021-06,Lancashire Constabulary,Lancashire Constabulary,-2.210751,53.844241,On or near Charles Street,E01025181,Pendle 009A,Violence and sexual offences,Unable to prosecute suspect,
defec095b7ab3d8cb7d82815fea323efd87b7a92176b67c0a4cdf9f99afedcd0,2021-06,Lancashire Constabulary,Lancashire Constabulary,-2.210430,53.843855,On or near Reedyford Road,E01025181,Pendle 009A,Violence and sexual offences,Unable to prosecute suspect,
2ff066702ca5f6ed9ac1731190fcab9bfca745a975f342d96d8419c2440a7b14,2021-06,Lancashire Constabulary,Lancashire Constabulary,-2.210751,53.844241,On or near Charles Street,E01025181,Pendle 009A,Violence and sexual offences,Unable to prosecute suspect,
490631c3fa13436c78c06fce3117583b6f1dbf0ef010ce5bba87139e23ed1ff7,2021-06,Lancashire Constabulary,Lancashire Constabulary,-2.210430,53.843855,On or near Reedyford Road,E01025181,Pendle 009A,Violence and sexual offences,Unable to prosecute suspect,
cfc844c881f275bbc8acaa4e21ac212bce046673045e670627fed82be9f8963e,2021-06,Lancashire Constabulary,Lancashire Constabulary,-2.205325,53.847234,On or near Bevan Place,E01025181,Pendle 009A,Other crime,Unable to prosecute suspect,
,2021-06,Lancashire Constabulary,Lancashire Constabulary,-2.220553,53.841077,On or near Pedestrian Subway,E01025182,Pendle 009B,Anti-social behaviour,,
,2021-06,Lancashire Constabulary,Lancashire Constabulary,-2.214645,53.838904,On or near North Street,E01025182,Pendle 009B,Anti-social behaviour,,
,2021-06,Lancashire Constabulary,Lancashire Constabulary,-2.212192,53.843582,On or near Boothman Place,E01025182,Pendle 009B,Anti-social behaviour,,
,2021-06,Lancashire Constabulary,Lancashire Constabulary,-2.214645,53.838904,On or near North Street,E01025182,Pendle 009B,Anti-social behaviour,,
,2021-06,Lancashire Constabulary,Lancashire Constabulary,-2.213430,53.844892,On or near Holland Place,E01025182,Pendle 009B,Anti-social behaviour,,
,2021-06,Lancashire Constabulary,Lancashire Constabulary,-2.212708,53.840417,On or near Cooper Street,E01025182,Pendle 009B,Anti-social behaviour,,
,2021-06,Lancashire Constabulary,Lancashire Constabulary,-2.214645,53.838904,On or near North Street,E01025182,Pendle 009B,Anti-social behaviour,,
,2021-06,Lancashire Constabulary,Lancashire Constabulary,-2.219685,53.840782,On or near Ball Street,E01025182,Pendle 009B,Anti-social behaviour,,
3e1437a3b768a0b81f66c8577c477860b43aaa11d3505b8a2c3791b9c6e630fd,2021-06,Lancashire Constabulary,Lancashire Constabulary,-2.208715,53.838105,On or near Parrock Street,E01025182,Pendle 009B,Criminal damage and arson,Unable to prosecute suspect,
9ffe496f554baa3a083d229c1f699ed56b7ba0de0584dbe508daf3e29c1a2a69,2021-06,Lancashire Constabulary,Lancashire Constabulary,-2.214956,53.840126,On or near Calder Street,E01025182,Pendle 009B,Criminal damage and arson,Unable to prosecute suspect,
b4e9a66a559f396269ec58965dd5a3e5594e442c5fc564e7c86eb4eb6d3b2d8b,2021-06,Lancashire Constabulary,Lancashire Constabulary,-2.210594,53.840116,On or near Bradley Fold,E01025182,Pendle 009B,Drugs,Court result unavailable,
026f7d66b106f4422f929d3dd5bd289d907e7230ffeae00d08fefddb8daf5f39,2021-06,Lancashire Constabulary,Lancashire Constabulary,-2.217929,53.841999,On or near Scott Street,E01025182,Pendle 009B,Other theft,Investigation complete; no suspect identified,
48c4e4e356d130e619a89fbc08e1f2a80609d22bea08a01de523163be8bea06f,2021-06,Lancashire Constabulary,Lancashire Constabulary,-2.217929,53.841999,On or near Scott Street,E01025182,Pendle 009B,Other theft,Unable to prosecute suspect,
97e587fb86b2f051dfd67c3b1c7c8009df1aa6518ecfe2c0f94e5c885cf05145,2021-06,Lancashire Constabulary,Lancashire Constabulary,-2.212811,53.836714,On or near Holme Street,E01025182,Pendle 009B,Public order,Unable to prosecute suspect,
3d95c5aad5f17c85b1746a91d5b693682e53494cbe79d102ba271a95dcd00ef3,2021-06,Lancashire Constabulary,Lancashire Constabulary,-2.214720,53.844521,On or near Canal Side,E01025182,Pendle 009B,Public order,Unable to prosecute suspect,
72e34fdf7a959b0b11d2dfd9707379ef784bfb3f45a64363a5d5f25b9c51ab33,2021-06,Lancashire Constabulary,Lancashire Constabulary,-2.213430,53.844892,On or near Holland Place,E01025182,Pendle 009B,Public order,Unable to prosecute suspect,
14249349c4ce9832b0cf2146ae722af590c10e7df5507619384286468ca2680a,2021-06,Lancashire Constabulary,Lancashire Constabulary,-2.208715,53.838105,On or near Parrock Street,E01025182,Pendle 009B,Theft from the person,Status update unavailable,
b1f827eb92d208c0f573bd2c4e4eeb77abe1c1ce4ea6f6e9bae2320ff5a8015e,2021-06,Lancashire Constabulary,Lancashire Constabulary,-2.219215,53.840900,On or near Chatham Street,E01025182,Pendle 009B,Violence and sexual offences,Unable to prosecute suspect,
716f234ce719770507808ecf1fba676f3c6f626987f3d374352e5bef58d73f7e,2021-06,Lancashire Constabulary,Lancashire Constabulary,-2.218079,53.841576,On or near Burns Street,E01025182,Pendle 009B,Violence and sexual offences,Unable to prosecute suspect,
1698ad9267777964294d7eab91e00e487b927a596053e5bcb4dd9c9a72ef7d14,2021-06,Lancashire Constabulary,Lancashire Constabulary,-2.212811,53.836714,On or near Holme Street,E01025182,Pendle 009B,Violence and sexual offences,Unable to prosecute suspect,
7763db7574e5cbf381539f17362cbaa9097defa62257af6bb37ad17fd7eae555,2021-06,Lancashire Constabulary,Lancashire Constabulary,-2.213025,53.839922,On or near Essex Street,E01025182,Pendle 009B,Violence and sexual offences,Status update unavailable,
0a14f2d103183dfc442708671f4b81bed1a6d8cfdf7945463bafd0389f867650,2021-06,Lancashire Constabulary,Lancashire Constabulary,-2.208715,53.838105,On or near Parrock Street,E01025182,Pendle 009B,Violence and sexual offences,Unable to prosecute suspect,
98c88a92976ece2b8be913853d07f112722b2b63c460a871d1f7799411d38aec,2021-06,Lancashire Constabulary,Lancashire Constabulary,-2.212811,53.836714,On or near Holme Street,E01025182,Pendle 009B,Violence and sexual offences,Unable to prosecute suspect,
95acdb98d88a42ea4acc9b5351639b1d594607b44f18b9847344483f5ec0f993,2021-06,Lancashire Constabulary,Lancashire Constabulary,-2.212811,53.836714,On or near Holme Street,E01025182,Pendle 009B,Violence and sexual offences,Unable to prosecute suspect,
adec7dc2f4b1ead35c40f32b0e6b1293c35e45dfef56c7ae22f6cbcd6b39cd38,2021-06,Lancashire Constabulary,Lancashire Constabulary,-2.212811,53.836714,On or near Holme Street,E01025182,Pendle 009B,Violence and sexual offences,Unable to prosecute suspect,
aa00211f1baa03a5cbefa59af78fc69fae7516f4beeb1e62e6d819d2c7a60111,2021-06,Lancashire Constabulary,Lancashire Constabulary,-2.213025,53.839922,On or near Essex Street,E01025182,Pendle 009B,Violence and sexual offences,Investigation complete; no suspect identified,
87379cb0c2613bc33d2c3a46e593203926627727196da54d5338b4e4ec175ded,2021-06,Lancashire Constabulary,Lancashire Constabulary,-2.215332,53.839415,On or near Forest Street,E01025182,Pendle 009B,Violence and sexual offences,Unable to prosecute suspect,
e1febd0bc579b368488f13fe3ed867159717b09d9d870c0309242d0ed6254ea7,2021-06,Lancashire Constabulary,Lancashire Constabulary,-2.209490,53.838212,On or near William Street,E01025182,Pendle 009B,Violence and sexual offences,Unable to prosecute suspect,
ec774c978c8d2fce858e639cf5918798a2b189e1ffa1b869d5717ed88dd72bb3,2021-06,Lancashire Constabulary,Lancashire Constabulary,-2.214653,53.840378,On or near East Street,E01025182,Pendle 009B,Violence and sexual offences,Status update unavailable,
c33e3304702f43050f3e8239cd5e9131458582693623072a64681c5b7ae3261a,2021-06,Lancashire Constabulary,Lancashire Constabulary,-2.208715,53.838105,On or near Parrock Street,E01025182,Pendle 009B,Violence and sexual offences,Unable to prosecute suspect,
1594fd9dbfb7959f7490d994efc9dbae7a0846157632eea2bf30786dfa085cfa,2021-06,Lancashire Constabulary,Lancashire Constabulary,-2.209490,53.838212,On or near William Street,E01025182,Pendle 009B,Violence and sexual offences,Unable to prosecute suspect,
,2021-06,Lancashire Constabulary,Lancashire Constabulary,-2.206658,53.840113,On or near Plantation Street,E01025183,Pendle 009C,Anti-social behaviour,,
,2021-06,Lancashire Constabulary,Lancashire Constabulary,-2.206288,53.842181,On or near Rutland Street,E01025183,Pendle 009C,Anti-social behaviour,,
,2021-06,Lancashire Constabulary,Lancashire Constabulary,-2.207856,53.839590,On or near Bank Street,E01025183,Pendle 009C,Anti-social behaviour,,
,2021-06,Lancashire Constabulary,Lancashire Constabulary,-2.203287,53.843912,On or near Juno Street,E01025183,Pendle 009C,Anti-social behaviour,,
,2021-06,Lancashire Constabulary,Lancashire Constabulary,-2.207856,53.839590,On or near Bank Street,E01025183,Pendle 009C,Anti-social behaviour,,
,2021-06,Lancashire Constabulary,Lancashire Constabulary,-2.203287,53.843912,On or near Juno Street,E01025183,Pendle 009C,Anti-social behaviour,,
,2021-06,Lancashire Constabulary,Lancashire Constabulary,-2.199065,53.844539,On or near Leeds Road,E01025183,Pendle 009C,Anti-social behaviour,,
,2021-06,Lancashire Constabulary,Lancashire Constabulary,-2.201504,53.842765,On or near May Street,E01025183,Pendle 009C,Anti-social behaviour,,
,2021-06,Lancashire Constabulary,Lancashire Constabulary,-2.201258,53.845309,On or near Lansbury Place,E01025183,Pendle 009C,Anti-social behaviour,,
,2021-06,Lancashire Constabulary,Lancashire Constabulary,-2.201338,53.843008,On or near Parker Street,E01025183,Pendle 009C,Anti-social behaviour,,
,2021-06,Lancashire Constabulary,Lancashire Constabulary,-2.202263,53.842584,On or near Fulham Street,E01025183,Pendle 009C,Anti-social behaviour,,
ee385b90d47c325a746dda0a41870c830e46ec63a8faa19e4383213e0f395db5,2021-06,Lancashire Constabulary,Lancashire Constabulary,-2.200563,53.843027,On or near Walton Lane,E01025183,Pendle 009C,Drugs,Court result unavailable,
00d72486efd4d93f313d37266b3d058db41d4987aa2fb855403e4d35f2118aa2,2021-06,Lancashire Constabulary,Lancashire Constabulary,-2.201258,53.845309,On or near Lansbury Place,E01025183,Pendle 009C,Other theft,Investigation complete; no suspect identified,
6badbadd9a06927210a4007e2c1e8c38738d7987fd0173c4eaa80bc575bf920c,2021-06,Lancashire Constabulary,Lancashire Constabulary,-2.204652,53.840162,On or near Hallam Road,E01025183,Pendle 009C,Possession of weapons,Offender given a caution,
432b9e7759aaa55d6f77badf8faeac58572d3f9bc93cc1c127b05b6826529659,2021-06,Lancashire Constabulary,Lancashire Constabulary,-2.205639,53.839908,On or near Perth Street,E01025183,Pendle 009C,Public order,Unable to prosecute suspect,
15498cfb44323e162a9d19651fc13689e5c8cf584bac080c86845b94902761df,2021-06,Lancashire Constabulary,Lancashire Constabulary,-2.205639,53.839908,On or near Perth Street,E01025183,Pendle 009C,Public order,Status update unavailable,
a76e44ddee1c283df11fa2eed25928fe6d3850f25ae846a7e205508052d611b3,2021-06,Lancashire Constabulary,Lancashire Constabulary,-2.200780,53.843943,On or near Gibson Street,E01025183,Pendle 009C,Vehicle crime,Status update unavailable,
02449b817846a29b5087dda994a89b801af595cb16f80e5264abda551e5b2700,2021-06,Lancashire Constabulary,Lancashire Constabulary,-2.205639,53.839908,On or near Perth Street,E01025183,Pendle 009C,Violence and sexual offences,Investigation complete; no suspect identified,
ae1e99358a5ffdf3f6406ffe9e2cb746ced92caedc15fbcc9722d5499294901f,2021-06,Lancashire Constabulary,Lancashire Constabulary,-2.207856,53.839590,On or near Bank Street,E01025183,Pendle 009C,Violence and sexual offences,Unable to prosecute suspect,
4bb7feb3dc850a8a2c9efe0cf0dc8097a042ea228640b3d5bfe10c18b3d28e66,2021-06,Lancashire Constabulary,Lancashire Constabulary,-2.206288,53.842181,On or near Rutland Street,E01025183,Pendle 009C,Violence and sexual offences,Court result unavailable,
b93d0c5d111b22fd7266bbf250bf8a08052a8fe9d97461e61af65a7aa45365d5,2021-06,Lancashire Constabulary,Lancashire Constabulary,-2.204652,53.840162,On or near Hallam Road,E01025183,Pendle 009C,Violence and sexual offences,Unable to prosecute suspect,
d9583cc9322e25ef0a2e01bddd2da416520ade8d9154bf61a35b6cb490a0dc95,2021-06,Lancashire Constabulary,Lancashire Constabulary,-2.201504,53.842765,On or near May Street,E01025183,Pendle 009C,Violence and sexual offences,Investigation complete; no suspect identified,
88ed5476a4a9efedbfcee03e6efa8ac5167b1f9c699a0b14031a95dbc3d57c54,2021-06,Lancashire Constabulary,Lancashire Constabulary,-2.201861,53.847456,On or near Progress Road,E01025183,Pendle 009C,Violence and sexual offences,Unable to prosecute suspect,
109222dc505a6dfa4f9f3ac4753dd72183d2d51906c8ee242e0384543fd31b3b,2021-06,Lancashire Constabulary,Lancashire Constabulary,-2.202885,53.842340,On or near Poplar Street,E01025183,Pendle 009C,Violence and sexual offences,Further investigation is not in the public interest,
06c9c1ab3d32b19dd47d0ddbbc39080ff169c219a017443ef5f49e48623c98ae,2021-06,Lancashire Constabulary,Lancashire Constabulary,-2.205639,53.839908,On or near Perth Street,E01025183,Pendle 009C,Violence and sexual offences,Status update unavailable,
40fa839e3fa9d9d3c01986f45370b5e3219a585ad52df3df4e0f59b6127aa9f9,2021-06,Lancashire Constabulary,Lancashire Constabulary,-2.207856,53.839590,On or near Bank Street,E01025183,Pendle 009C,Violence and sexual offences,Unable to prosecute suspect,
,2021-06,Lancashire Constabulary,Lancashire Constabulary,-2.213719,53.841944,On or near Rook Street,E01025184,Pendle 009D,Anti-social behaviour,,
,2021-06,Lancashire Constabulary,Lancashire Constabulary,-2.207654,53.841720,On or near Midland Street,E01025184,Pendle 009D,Anti-social behaviour,,
,2021-06,Lancashire Constabulary,Lancashire Constabulary,-2.209915,53.841114,On or near Crawford Street,E01025184,Pendle 009D,Anti-social behaviour,,
,2021-06,Lancashire Constabulary,Lancashire Constabulary,-2.210248,53.840772,On or near Cliffe Street,E01025184,Pendle 009D,Anti-social behaviour,,
,2021-06,Lancashire Constabulary,Lancashire Constabulary,-2.205403,53.841401,On or near Leeds Road,E01025184,Pendle 009D,Anti-social behaviour,,
,2021-06,Lancashire Constabulary,Lancashire Constabulary,-2.213719,53.841944,On or near Rook Street,E01025184,Pendle 009D,Anti-social behaviour,,
,2021-06,Lancashire Constabulary,Lancashire Constabulary,-2.207267,53.840301,On or near Hey Street,E01025184,Pendle 009D,Anti-social behaviour,,
80e42faf67ea9816c766e0d77c2edd3b33735c03cdfeaeab0a77d33b125f0948,2021-06,Lancashire Constabulary,Lancashire Constabulary,-2.208408,53.840524,On or near Bankhouse Road,E01025184,Pendle 009D,Criminal damage and arson,Investigation complete; no suspect identified,
cb7d6716bfe16f18d45d11f8071adf149c77a45115f85b1048abb704ccc5f497,2021-06,Lancashire Constabulary,Lancashire Constabulary,-2.213719,53.841944,On or near Rook Street,E01025184,Pendle 009D,Criminal damage and arson,Investigation complete; no suspect identified,
3baefcf621150d9e3414815346e09ff751b0254ac88046190852d703314f5405,2021-06,Lancashire Constabulary,Lancashire Constabulary,-2.209915,53.841114,On or near Crawford Street,E01025184,Pendle 009D,Drugs,Awaiting court outcome,
69eaf9ac34d5d1a43ad3fcfe404a7f3575377f2e031905cbdad91b2302b63c65,2021-06,Lancashire Constabulary,Lancashire Constabulary,-2.208408,53.840524,On or near Bankhouse Road,E01025184,Pendle 009D,Other theft,Status update unavailable,
ce721abbfca255c1f6303183b78b805cbf015ad331510532d367c7852d9e8119,2021-06,Lancashire Constabulary,Lancashire Constabulary,-2.209915,53.841114,On or near Crawford Street,E01025184,Pendle 009D,Other theft,Unable to prosecute suspect,
3075172a8f48eda36d94f657ef719457140a586e8f896de73826b1e872203d9e,2021-06,Lancashire Constabulary,Lancashire Constabulary,-2.206787,53.841677,On or near Cumberland Street,E01025184,Pendle 009D,Public order,Unable to prosecute suspect,
0ba3349992608e7bda0c68500e12eb44428fa0d08bae868596a17298963c1f95,2021-06,Lancashire Constabulary,Lancashire Constabulary,-2.209146,53.839273,On or near Elm Street,E01025184,Pendle 009D,Public order,Unable to prosecute suspect,
a9d32fe77221d02804d06fcc52bdc449ee4bee2e2f8dbc5a469cfd6d8c6c508b,2021-06,Lancashire Constabulary,Lancashire Constabulary,-2.213719,53.841944,On or near Rook Street,E01025184,Pendle 009D,Vehicle crime,Unable to prosecute suspect,
5eba2d4135339894f8b6224ead8c6d72a567cb3ced61970093368f54d2c9b317,2021-06,Lancashire Constabulary,Lancashire Constabulary,-2.208595,53.841584,On or near Dover Street,E01025184,Pendle 009D,Violence and sexual offences,Investigation complete; no suspect identified,
285643bf8137f18ae31683aeded08a9de8b7563304dae17de347f1877de328e1,2021-06,Lancashire Constabulary,Lancashire Constabulary,-2.205403,53.841401,On or near Leeds Road,E01025184,Pendle 009D,Violence and sexual offences,Unable to prosecute suspect,
e315687d50968af256213fb4462749465762693cd423c92efac1958025cee1b9,2021-06,Lancashire Constabulary,Lancashire Constabulary,-2.207654,53.841720,On or near Midland Street,E01025184,Pendle 009D,Violence and sexual offences,Unable to prosecute suspect,
5a24cc9ad06c9f8b94b306ed89828e0e29b53cc581af9b440967ce956cd2fe97,2021-06,Lancashire Constabulary,Lancashire Constabulary,-2.213719,53.841944,On or near Rook Street,E01025184,Pendle 009D,Violence and sexual offences,Unable to prosecute suspect,
1b3afb0c398988b61972653dba143fb183de5f22ed881e387b4214f7d1b6def8,2021-06,Lancashire Constabulary,Lancashire Constabulary,-2.213719,53.841944,On or near Rook Street,E01025184,Pendle 009D,Violence and sexual offences,Status update unavailable,
3e59c2b4551eca720bed812c26809593f67087d8418acdb60f4febe699ba291d,2021-06,Lancashire Constabulary,Lancashire Constabulary,-2.205403,53.841401,On or near Leeds Road,E01025184,Pendle 009D,Violence and sexual offences,Unable to prosecute suspect,
0381251b0ee997be84721f2b17ba561b10fd057b385b8ea5260ad48419231fed,2021-06,Lancashire Constabulary,Lancashire Constabulary,-2.210248,53.840772,On or near Cliffe Street,E01025184,Pendle 009D,Violence and sexual offences,Unable to prosecute suspect,
0aedd6e0aa8464d19732bcd43eccfb14847f92d7c00dfc27c3b61349a5f9482a,2021-06,Lancashire Constabulary,Lancashire Constabulary,-2.210248,53.840772,On or near Cliffe Street,E01025184,Pendle 009D,Violence and sexual offences,Investigation complete; no suspect identified,
d3b8ce9de0b71266013c2a1bd0ad3e5031bedce59057f794dd89d642a471dca8,2021-06,Lancashire Constabulary,Lancashire Constabulary,-2.210248,53.840772,On or near Cliffe Street,E01025184,Pendle 009D,Violence and sexual offences,Investigation complete; no suspect identified,
d5490e377a084e8bc85741b0ca1fe4664d9dbc53d4c5c1aaca3baa789e29c435,2021-06,Lancashire Constabulary,Lancashire Constabulary,-2.208408,53.840524,On or near Bankhouse Road,E01025184,Pendle 009D,Violence and sexual offences,Unable to prosecute suspect,
,2021-06,Lancashire Constabulary,Lancashire Constabulary,-2.212450,53.834486,On or near Hardy Court,E01025188,Pendle 010A,Anti-social behaviour,,
,2021-06,Lancashire Constabulary,Lancashire Constabulary,-2.209858,53.832693,On or near Carleton Street,E01025188,Pendle 010A,Anti-social behaviour,,
,2021-06,Lancashire Constabulary,Lancashire Constabulary,-2.209858,53.832693,On or near Carleton Street,E01025188,Pendle 010A,Anti-social behaviour,,
,2021-06,Lancashire Constabulary,Lancashire Constabulary,-2.212450,53.834486,On or near Hardy Court,E01025188,Pendle 010A,Anti-social behaviour,,
,2021-06,Lancashire Constabulary,Lancashire Constabulary,-2.212450,53.834486,On or near Hardy Court,E01025188,Pendle 010A,Anti-social behaviour,,
,2021-06,Lancashire Constabulary,Lancashire Constabulary,-2.212450,53.834486,On or near Hardy Court,E01025188,Pendle 010A,Anti-social behaviour,,
,2021-06,Lancashire Constabulary,Lancashire Constabulary,-2.209678,53.830194,On or near Berkeley Close,E01025188,Pendle 010A,Anti-social behaviour,,
,2021-06,Lancashire Constabulary,Lancashire Constabulary,-2.209678,53.830194,On or near Berkeley Close,E01025188,Pendle 010A,Anti-social behaviour,,
,2021-06,Lancashire Constabulary,Lancashire Constabulary,-2.209858,53.832693,On or near Carleton Street,E01025188,Pendle 010A,Anti-social behaviour,,
,2021-06,Lancashire Constabulary,Lancashire Constabulary,-2.209678,53.830194,On or near Berkeley Close,E01025188,Pendle 010A,Anti-social behaviour,,
,2021-06,Lancashire Constabulary,Lancashire Constabulary,-2.211899,53.833813,On or near Bradshaw Street,E01025188,Pendle 010A,Anti-social behaviour,,
,2021-06,Lancashire Constabulary,Lancashire Constabulary,-2.212450,53.834486,On or near Hardy Court,E01025188,Pendle 010A,Anti-social behaviour,,
,2021-06,Lancashire Constabulary,Lancashire Constabulary,-2.212175,53.834253,On or near Audley Close,E01025188,Pendle 010A,Anti-social behaviour,,
,2021-06,Lancashire Constabulary,Lancashire Constabulary,-2.212450,53.834486,On or near Hardy Court,E01025188,Pendle 010A,Anti-social behaviour,,
,2021-06,Lancashire Constabulary,Lancashire Constabulary,-2.209858,53.832693,On or near Carleton Street,E01025188,Pendle 010A,Anti-social behaviour,,
,2021-06,Lancashire Constabulary,Lancashire Constabulary,-2.209858,53.832693,On or near Carleton Street,E01025188,Pendle 010A,Anti-social behaviour,,
,2021-06,Lancashire Constabulary,Lancashire Constabulary,-2.209678,53.830194,On or near Berkeley Close,E01025188,Pendle 010A,Anti-social behaviour,,
,2021-06,Lancashire Constabulary,Lancashire Constabulary,-2.209678,53.830194,On or near Berkeley Close,E01025188,Pendle 010A,Anti-social behaviour,,
,2021-06,Lancashire Constabulary,Lancashire Constabulary,-2.211441,53.830335,On or near Napier Street,E01025188,Pendle 010A,Anti-social behaviour,,
,2021-06,Lancashire Constabulary,Lancashire Constabulary,-2.209678,53.830194,On or near Berkeley Close,E01025188,Pendle 010A,Anti-social behaviour,,
,2021-06,Lancashire Constabulary,Lancashire Constabulary,-2.208255,53.831186,On or near Selby Street,E01025188,Pendle 010A,Anti-social behaviour,,
,2021-06,Lancashire Constabulary,Lancashire Constabulary,-2.212450,53.834486,On or near Hardy Court,E01025188,Pendle 010A,Anti-social behaviour,,
,2021-06,Lancashire Constabulary,Lancashire Constabulary,-2.212450,53.834486,On or near Hardy Court,E01025188,Pendle 010A,Anti-social behaviour,,
,2021-06,Lancashire Constabulary,Lancashire Constabulary,-2.210491,53.831622,On or near Chapel House Road,E01025188,Pendle 010A,Anti-social behaviour,,
768d1a73abe74d1f8187697ce96aca6c0d5caa5bf3dfd3b3cd08d4274bcec6e0,2021-06,Lancashire Constabulary,Lancashire Constabulary,-2.208919,53.833377,On or near Ashford Street,E01025188,Pendle 010A,Criminal damage and arson,Investigation complete; no suspect identified,
b9df2c89b97d5e92776fd30c1d78e373ae8f76080daea454dd3b43edc6c73c19,2021-06,Lancashire Constabulary,Lancashire Constabulary,-2.208255,53.831186,On or near Selby Street,E01025188,Pendle 010A,Criminal damage and arson,Investigation complete; no suspect identified,
cfbdd200be3a7dbbc5c7067072a5f4a923c6b5a9602da797a05e092d3749c7fa,2021-06,Lancashire Constabulary,Lancashire Constabulary,-2.210491,53.831622,On or near Chapel House Road,E01025188,Pendle 010A,Other theft,Further investigation is not in the public interest,
292e0f78ba0aa26aaa07468cdc49491e73be148f30b8f58d34d3c999469c4142,2021-06,Lancashire Constabulary,Lancashire Constabulary,-2.210996,53.835459,On or near Netherfield Road,E01025188,Pendle 010A,Other theft,Status update unavailable,
2d165e54f419d5be9c060850a5bcf76883271f62e72b1e9982e964c4621978c0,2021-06,Lancashire Constabulary,Lancashire Constabulary,-2.211899,53.833813,On or near Bradshaw Street,E01025188,Pendle 010A,Possession of weapons,Unable to prosecute suspect,
667408297685dd8e3efdc36a161d55117ce01b1c50fb1c9164d2a1aa5663f65a,2021-06,Lancashire Constabulary,Lancashire Constabulary,-2.208255,53.831186,On or near Selby Street,E01025188,Pendle 010A,Public order,Unable to prosecute suspect,
664a9c1e6e54a2502988378e2f93c2a5ba59936ea59be65bbac2db11ae095b28,2021-06,Lancashire Constabulary,Lancashire Constabulary,-2.209678,53.830194,On or near Berkeley Close,E01025188,Pendle 010A,Public order,Unable to prosecute suspect,
f551690ddecdb89e7c4a3b00734a7ebedbc63456c69fd80e6e45f59ebfaa5bda,2021-06,Lancashire Constabulary,Lancashire Constabulary,-2.208160,53.830377,On or near Railway Street,E01025188,Pendle 010A,Violence and sexual offences,Unable to prosecute suspect,
e37c221b785186cf6e56695c8a234d08c388cfc6b30e8d9c34fbca669b8be040,2021-06,Lancashire Constabulary,Lancashire Constabulary,-2.209030,53.834276,On or near Garden Street,E01025188,Pendle 010A,Violence and sexual offences,Unable to prosecute suspect,
400eaf46f5208198ffc2a395dd173a53b7052aa8c43b0555b10ddbb168f27500,2021-06,Lancashire Constabulary,Lancashire Constabulary,-2.208919,53.833377,On or near Ashford Street,E01025188,Pendle 010A,Violence and sexual offences,Further investigation is not in the public interest,
4da7b4a93c7cecd5594abbaf435c2e3acf07331f6bb503578dc831b644776cd2,2021-06,Lancashire Constabulary,Lancashire Constabulary,-2.209858,53.832693,On or near Carleton Street,E01025188,Pendle 010A,Violence and sexual offences,Unable to prosecute suspect,
dac2ae93d70c7f049870b806bb23ab71b935fbffdc3bfc8cadee6bb0de5cdb1a,2021-06,Lancashire Constabulary,Lancashire Constabulary,-2.207440,53.835321,On or near Rigg Street,E01025188,Pendle 010A,Violence and sexual offences,Unable to prosecute suspect,
1a8082f59fa084152d90aee5fd63c3e9648845a1f28559d57641fd7d71d2318b,2021-06,Lancashire Constabulary,Lancashire Constabulary,-2.208160,53.830377,On or near Railway Street,E01025188,Pendle 010A,Violence and sexual offences,Unable to prosecute suspect,
19cc0c5b479b3679c8b3e5e327acae523799f97fa58bf4f28afd386744aad0d1,2021-06,Lancashire Constabulary,Lancashire Constabulary,-2.212450,53.834486,On or near Hardy Court,E01025188,Pendle 010A,Violence and sexual offences,Unable to prosecute suspect,
54d834c5948da16eca1e76851d5eee234d8f9b81a10461421ce180f461317fde,2021-06,Lancashire Constabulary,Lancashire Constabulary,-2.209678,53.830194,On or near Berkeley Close,E01025188,Pendle 010A,Violence and sexual offences,Unable to prosecute suspect,
,2021-06,Lancashire Constabulary,Lancashire Constabulary,-2.198862,53.830509,On or near Mancknols Street,E01025189,Pendle 010B,Anti-social behaviour,,
,2021-06,Lancashire Constabulary,Lancashire Constabulary,-2.203837,53.828865,On or near Pilgrim Street,E01025189,Pendle 010B,Anti-social behaviour,,
,2021-06,Lancashire Constabulary,Lancashire Constabulary,-2.208080,53.832597,On or near Fern Bank,E01025189,Pendle 010B,Anti-social behaviour,,
,2021-06,Lancashire Constabulary,Lancashire Constabulary,-2.204680,53.830230,On or near Clover Hill Road,E01025189,Pendle 010B,Anti-social behaviour,,
,2021-06,Lancashire Constabulary,Lancashire Constabulary,-2.203837,53.828865,On or near Pilgrim Street,E01025189,Pendle 010B,Anti-social behaviour,,
,2021-06,Lancashire Constabulary,Lancashire Constabulary,-2.203837,53.828865,On or near Pilgrim Street,E01025189,Pendle 010B,Anti-social behaviour,,
,2021-06,Lancashire Constabulary,Lancashire Constabulary,-2.203837,53.828865,On or near Pilgrim Street,E01025189,Pendle 010B,Anti-social behaviour,,
,2021-06,Lancashire Constabulary,Lancashire Constabulary,-2.205040,53.829331,On or near Hunslet Street,E01025189,Pendle 010B,Anti-social behaviour,,
,2021-06,Lancashire Constabulary,Lancashire Constabulary,-2.203837,53.828865,On or near Pilgrim Street,E01025189,Pendle 010B,Anti-social behaviour,,
,2021-06,Lancashire Constabulary,Lancashire Constabulary,-2.203837,53.828865,On or near Pilgrim Street,E01025189,Pendle 010B,Anti-social behaviour,,
,2021-06,Lancashire Constabulary,Lancashire Constabulary,-2.198862,53.830509,On or near Mancknols Street,E01025189,Pendle 010B,Anti-social behaviour,,
,2021-06,Lancashire Constabulary,Lancashire Constabulary,-2.202334,53.828976,On or near Lily Street,E01025189,Pendle 010B,Anti-social behaviour,,
,2021-06,Lancashire Constabulary,Lancashire Constabulary,-2.205040,53.829331,On or near Hunslet Street,E01025189,Pendle 010B,Anti-social behaviour,,
9250c1d20ed8fd01faff866c2cf9612334ff992d42a90875e052bca65cffa650,2021-06,Lancashire Constabulary,Lancashire Constabulary,-2.200159,53.831748,On or near Wenning Street,E01025189,Pendle 010B,Burglary,Investigation complete; no suspect identified,
fe3ec2494825eb2d661249d524905f19dcade2a4dfa341aa856b598f7d343cc1,2021-06,Lancashire Constabulary,Lancashire Constabulary,-2.204680,53.830230,On or near Clover Hill Road,E01025189,Pendle 010B,Criminal damage and arson,Unable to prosecute suspect,
3a76728b929668f36388671729995999c5ab3347c5e364818a89090f316ddd9d,2021-06,Lancashire Constabulary,Lancashire Constabulary,-2.200159,53.831748,On or near Wenning Street,E01025189,Pendle 010B,Criminal damage and arson,Court result unavailable,
132b46e83068541305d84b47a41e287567a228c61c9dba068d57efbcf39aa09f,2021-06,Lancashire Constabulary,Lancashire Constabulary,-2.199838,53.831380,On or near Wickworth Street,E01025189,Pendle 010B,Criminal damage and arson,Status update unavailable,
e0f432ce08cc42d86444afb074e8486c664ae5359e595b0cbfbbe1ba9e68d310,2021-06,Lancashire Constabulary,Lancashire Constabulary,-2.202334,53.828976,On or near Lily Street,E01025189,Pendle 010B,Other theft,Investigation complete; no suspect identified,
56eb743f87af096a8df3e3e8d95f590d82bf2c5feecaea7784eaac779e7add49,2021-06,Lancashire Constabulary,Lancashire Constabulary,-2.202334,53.828976,On or near Lily Street,E01025189,Pendle 010B,Public order,Status update unavailable,
7672087428a0c0c6397c9de8c0d5af92f492638796afb10e7a08ea05dadf2804,2021-06,Lancashire Constabulary,Lancashire Constabulary,-2.204680,53.830230,On or near Clover Hill Road,E01025189,Pendle 010B,Public order,Unable to prosecute suspect,
eff896b00ae2ca0c68d360cb09baa4dd37145bcc44333d8c36cbe26c5d2e68db,2021-06,Lancashire Constabulary,Lancashire Constabulary,-2.200159,53.831748,On or near Wenning Street,E01025189,Pendle 010B,Vehicle crime,Status update unavailable,
4827e0c8314d7669714b1bf2824c74e9edc41de4fab5435addb8ae9e471cdb39,2021-06,Lancashire Constabulary,Lancashire Constabulary,-2.203837,53.828865,On or near Pilgrim Street,E01025189,Pendle 010B,Violence and sexual offences,Unable to prosecute suspect,
579448cf9282968b50b88bf8482a2cb9cf0b5f60905700d758d43c45fa87242f,2021-06,Lancashire Constabulary,Lancashire Constabulary,-2.206781,53.831179,On or near Brunswick Street,E01025189,Pendle 010B,Violence and sexual offences,Unable to prosecute suspect,
94bc89980c1f58c7eae3f841f7f5fd507723df5a8746a7edbbf6473555e2360d,2021-06,Lancashire Constabulary,Lancashire Constabulary,-2.206781,53.831179,On or near Brunswick Street,E01025189,Pendle 010B,Violence and sexual offences,Unable to prosecute suspect,
03771190b514bfffaf8f92f3b01c492efeec7961627e4437ff764fdd85260906,2021-06,Lancashire Constabulary,Lancashire Constabulary,-2.206345,53.832160,On or near Sports/Recreation Area,E01025189,Pendle 010B,Violence and sexual offences,Investigation complete; no suspect identified,
360002ce63516f99a5b39ab4bb9127a979112040eec0134ff2717f6f8285a04b,2021-06,Lancashire Constabulary,Lancashire Constabulary,-2.199838,53.831380,On or near Wickworth Street,E01025189,Pendle 010B,Violence and sexual offences,Unable to prosecute suspect,
343c2ab0db9f93e280b6f73d6000dca3b239136b4268c3922b66f714c6a30dfe,2021-06,Lancashire Constabulary,Lancashire Constabulary,-2.203837,53.828865,On or near Pilgrim Street,E01025189,Pendle 010B,Violence and sexual offences,Unable to prosecute suspect,
924858ce9d391e46ab3000c342dfc741d59bb6e49f6c49a00c0e2f52b5dfdb14,2021-06,Lancashire Constabulary,Lancashire Constabulary,-2.206345,53.832160,On or near Sports/Recreation Area,E01025189,Pendle 010B,Violence and sexual offences,Investigation complete; no suspect identified,
8762f7141c959adf18cc86a2476537a373e3d2e37dc1de0ac6d9de109a00af8e,2021-06,Lancashire Constabulary,Lancashire Constabulary,-2.202334,53.828976,On or near Lily Street,E01025189,Pendle 010B,Violence and sexual offences,Unable to prosecute suspect,
cd5ad1c9c56b21303d4c952a6d99350bf92f4bf1905a3e2db34d343f9bf7f09f,2021-06,Lancashire Constabulary,Lancashire Constabulary,-2.204531,53.830976,On or near Vaughan Street,E01025189,Pendle 010B,Violence and sexual offences,Investigation complete; no suspect identified,
0681d3f10457d6964bc3e4c87d747ba15bad224bb46ee0d6bdea7389403ad88f,2021-06,Lancashire Constabulary,Lancashire Constabulary,-2.203837,53.828865,On or near Pilgrim Street,E01025189,Pendle 010B,Violence and sexual offences,Unable to prosecute suspect,
8811a4de7a1eccf900f67338afe730d62affc861d32cbe6cf6b3b9bd0461a5fa,2021-06,Lancashire Constabulary,Lancashire Constabulary,-2.206345,53.832160,On or near Sports/Recreation Area,E01025189,Pendle 010B,Violence and sexual offences,Investigation complete; no suspect identified,
a40a9515da1ba6809f0fc64da0ce0e7cf0c016708067a3eae96a387e2f696543,2021-06,Lancashire Constabulary,Lancashire Constabulary,-2.204680,53.830230,On or near Clover Hill Road,E01025189,Pendle 010B,Violence and sexual offences,Investigation complete; no suspect identified,
a555c5ea24509ab2a9a6193f6d2cf4bf28cb57e480bdefa897bdf9028f420e74,2021-06,Lancashire Constabulary,Lancashire Constabulary,-2.203837,53.828865,On or near Pilgrim Street,E01025189,Pendle 010B,Violence and sexual offences,Unable to prosecute suspect,
,2021-06,Lancashire Constabulary,Lancashire Constabulary,-2.198715,53.841277,On or near Malvern Road,E01025210,Pendle 010C,Anti-social behaviour,,
,2021-06,Lancashire Constabulary,Lancashire Constabulary,-2.191740,53.844641,On or near Coppice Close,E01025210,Pendle 010C,Anti-social behaviour,,
,2021-06,Lancashire Constabulary,Lancashire Constabulary,-2.195627,53.840581,On or near Somerset Place,E01025210,Pendle 010C,Anti-social behaviour,,
,2021-06,Lancashire Constabulary,Lancashire Constabulary,-2.200793,53.843584,On or near Irvine Street,E01025210,Pendle 010C,Anti-social behaviour,,
,2021-06,Lancashire Constabulary,Lancashire Constabulary,-2.197455,53.844785,On or near Thorne Street,E01025210,Pendle 010C,Anti-social behaviour,,
02b2ae70ef55f740976c3d2e34875733107c415dcd6880157ef895a2f9d3d2ab,2021-06,Lancashire Constabulary,Lancashire Constabulary,-2.191765,53.843374,On or near Hollins Road,E01025210,Pendle 010C,Other theft,Unable to prosecute suspect,
7a804950f31126020fa826d70fda15fe0fb734f1ef0809ad62254072ac2aeac4,2021-06,Lancashire Constabulary,Lancashire Constabulary,-2.192738,53.843498,On or near Sansbury Crescent,E01025210,Pendle 010C,Possession of weapons,Unable to prosecute suspect,
9865900ed347377032aa10bdeb7f965e3b86b44cd9af42094e1e1eb0e98c1fb1,2021-06,Lancashire Constabulary,Lancashire Constabulary,-2.190760,53.843061,On or near Rushton Close,E01025210,Pendle 010C,Public order,Unable to prosecute suspect,
71e333b2e54e51f4a9154dbc886843b79e1cf42ee07758c9bddfc6d6c6bf28e4,2021-06,Lancashire Constabulary,Lancashire Constabulary,-2.198413,53.841655,On or near Mayfair Road,E01025210,Pendle 010C,Vehicle crime,Unable to prosecute suspect,
30879d5acc8e4195ee345aa8fa075e70ed904638cb3840672c3353ccb5da9572,2021-06,Lancashire Constabulary,Lancashire Constabulary,-2.195627,53.840581,On or near Somerset Place,E01025210,Pendle 010C,Violence and sexual offences,Unable to prosecute suspect,
5a739d34a73e9325b82df1e8efc8e1b303607463807b0739627e3bd948b033b7,2021-06,Lancashire Constabulary,Lancashire Constabulary,-2.198715,53.841277,On or near Malvern Road,E01025210,Pendle 010C,Violence and sexual offences,Unable to prosecute suspect,
8654059289a843c7d227fc9e6b234660032046675cfb8b28c35f3e5531c91e92,2021-06,Lancashire Constabulary,Lancashire Constabulary,-2.191740,53.844641,On or near Coppice Close,E01025210,Pendle 010C,Violence and sexual offences,Offender given a caution,
a2467c9892ac7ecf7d6fc49987d8e26901617594a783ebc5d36b94e999266ec6,2021-06,Lancashire Constabulary,Lancashire Constabulary,-2.195627,53.840581,On or near Somerset Place,E01025210,Pendle 010C,Violence and sexual offences,Awaiting court outcome,
8d56f145676f77bdfdf048b22d51a74d9b67ecfd99bf90d5346d35b4fd721e55,2021-06,Lancashire Constabulary,Lancashire Constabulary,-2.198413,53.841655,On or near Mayfair Road,E01025210,Pendle 010C,Violence and sexual offences,Unable to prosecute suspect,
7977576e66de5c90a2281290df121719c1c1cf1836584301649ea941ba98dd2b,2021-06,Lancashire Constabulary,Lancashire Constabulary,-2.198715,53.841277,On or near Malvern Road,E01025210,Pendle 010C,Violence and sexual offences,Unable to prosecute suspect,
b1ecf388ed0dcfc675e776ecd22eb1822f70c818d35a8902ebfa1e51fc53d78b,2021-06,Lancashire Constabulary,Lancashire Constabulary,-2.198715,53.841277,On or near Malvern Road,E01025210,Pendle 010C,Violence and sexual offences,Unable to prosecute suspect,
9bf798b6219c80acd10e2d6ccca47a715994183b2f0d925392a2e6a744c01d5b,2021-06,Lancashire Constabulary,Lancashire Constabulary,-2.195169,53.840097,On or near Lynthorpe Road,E01025210,Pendle 010C,Violence and sexual offences,Unable to prosecute suspect,
efa023d5b3e183fafe57d7f10835a16abff808a1c8d3796fc2d90013a5039bf2,2021-06,Lancashire Constabulary,Lancashire Constabulary,-2.197073,53.841046,On or near Helmsdale Road,E01025210,Pendle 010C,Violence and sexual offences,Further investigation is not in the public interest,
826b5e3b251445d541e568a23536bc098964f3592d3d13a4f185e5d291842da4,2021-06,Lancashire Constabulary,Lancashire Constabulary,-2.195169,53.840097,On or near Lynthorpe Road,E01025210,Pendle 010C,Violence and sexual offences,Unable to prosecute suspect,
c524a5b019973c272fd7419362e313d679f1b077fd22711bcc50a3c321f15533,2021-06,Lancashire Constabulary,Lancashire Constabulary,-2.198715,53.841277,On or near Malvern Road,E01025210,Pendle 010C,Violence and sexual offences,Unable to prosecute suspect,
2d2fe7de6e7282255aaf842e6ae78c8d095286e54501751b8766b1ceb4811394,2021-06,Lancashire Constabulary,Lancashire Constabulary,-2.190760,53.843061,On or near Rushton Close,E01025210,Pendle 010C,Other crime,Unable to prosecute suspect,
,2021-06,Lancashire Constabulary,Lancashire Constabulary,-2.200374,53.835387,On or near York Street,E01025217,Pendle 010D,Anti-social behaviour,,
,2021-06,Lancashire Constabulary,Lancashire Constabulary,-2.200367,53.837095,On or near Williams Place,E01025217,Pendle 010D,Anti-social behaviour,,
,2021-06,Lancashire Constabulary,Lancashire Constabulary,-2.202974,53.835752,On or near Ormerod Street,E01025217,Pendle 010D,Anti-social behaviour,,
,2021-06,Lancashire Constabulary,Lancashire Constabulary,-2.201434,53.834622,On or near Manor Street,E01025217,Pendle 010D,Anti-social behaviour,,
,2021-06,Lancashire Constabulary,Lancashire Constabulary,-2.200374,53.835387,On or near York Street,E01025217,Pendle 010D,Anti-social behaviour,,
3176d46a7520d93a797c2a832dd25c28128750ca1f0478029ac378773e3b3ca2,2021-06,Lancashire Constabulary,Lancashire Constabulary,-2.200149,53.835873,On or near Squire Road,E01025217,Pendle 010D,Criminal damage and arson,Unable to prosecute suspect,
76a2ce6d1b1e4c05750e77f9329f47185aea0354a4e42c8f376175fff31c5342,2021-06,Lancashire Constabulary,Lancashire Constabulary,-2.202974,53.835752,On or near Ormerod Street,E01025217,Pendle 010D,Other theft,Investigation complete; no suspect identified,
625921219811ee9272d0f251c20dbc1fea67d323a9e3fa40ea848ce0a3dcffdb,2021-06,Lancashire Constabulary,Lancashire Constabulary,-2.201985,53.835340,On or near Castle Street,E01025217,Pendle 010D,Other theft,Further investigation is not in the public interest,
aaa91f846014db80e63f6bc0f13d78a710a9f00914c9f29672d0c4690f97af3a,2021-06,Lancashire Constabulary,Lancashire Constabulary,-2.204326,53.835578,On or near Larch Street,E01025217,Pendle 010D,Possession of weapons,Status update unavailable,
1893aa69cd1e640e85c6ecdef2cfbe950639c56aa3a9512d0666f0c6b1f82678,2021-06,Lancashire Constabulary,Lancashire Constabulary,-2.204389,53.836091,On or near Fir Street,E01025217,Pendle 010D,Violence and sexual offences,Formal action is not in the public interest,
fee8e76759383b1df3d4b4c7744ade3d71f189eda1b88a5f7c07559489274b4d,2021-06,Lancashire Constabulary,Lancashire Constabulary,-2.203534,53.835301,On or near Athol Street,E01025217,Pendle 010D,Violence and sexual offences,Unable to prosecute suspect,
56fcbe94e913a89456054d07850fe3e84e8ed522f8b7198ff01dde8e1c877d02,2021-06,Lancashire Constabulary,Lancashire Constabulary,-2.201434,53.834622,On or near Manor Street,E01025217,Pendle 010D,Violence and sexual offences,Offender given a caution,
f2e74d4b3bac7eb18d90b5aaced4819d37f53a33234cc73458806e15a0e02080,2021-06,Lancashire Constabulary,Lancashire Constabulary,-2.201985,53.835340,On or near Castle Street,E01025217,Pendle 010D,Violence and sexual offences,Status update unavailable,
ca81f644faa1b9019025f221200eaea03b0be4d33fb03b478a4cc71d8fc4da66,2021-06,Lancashire Constabulary,Lancashire Constabulary,-2.204326,53.835578,On or near Larch Street,E01025217,Pendle 010D,Violence and sexual offences,Local resolution,
a3b2df957f9a34b58a321ccc90fa0273debfd57fe248bf02043981c1d8a879ad,2021-06,Lancashire Constabulary,Lancashire Constabulary,-2.201985,53.835340,On or near Castle Street,E01025217,Pendle 010D,Violence and sexual offences,Unable to prosecute suspect,
bc6605a2a7d0c49a3b83032c50230665a969655e950b9dd6fb7c0ca6c833e894,2021-06,Lancashire Constabulary,Lancashire Constabulary,-2.203534,53.835301,On or near Athol Street,E01025217,Pendle 010D,Violence and sexual offences,Unable to prosecute suspect,
fa632852324ecdbc8dd4c233410b5866b00ea89c53bb3645086f8e1372801daa,2021-06,Lancashire Constabulary,Lancashire Constabulary,-2.201985,53.835340,On or near Castle Street,E01025217,Pendle 010D,Violence and sexual offences,Unable to prosecute suspect,
,2021-06,Lancashire Constabulary,Lancashire Constabulary,-2.208270,53.837288,On or near Newfield Drive,E01025218,Pendle 010E,Anti-social behaviour,,
,2021-06,Lancashire Constabulary,Lancashire Constabulary,-2.202049,53.832868,On or near Fletcher Street,E01025218,Pendle 010E,Anti-social behaviour,,
,2021-06,Lancashire Constabulary,Lancashire Constabulary,-2.208270,53.837288,On or near Newfield Drive,E01025218,Pendle 010E,Anti-social behaviour,,
,2021-06,Lancashire Constabulary,Lancashire Constabulary,-2.208270,53.837288,On or near Newfield Drive,E01025218,Pendle 010E,Anti-social behaviour,,
,2021-06,Lancashire Constabulary,Lancashire Constabulary,-2.207352,53.836131,On or near Bracewell Close,E01025218,Pendle 010E,Anti-social behaviour,,
,2021-06,Lancashire Constabulary,Lancashire Constabulary,-2.204588,53.836459,On or near Roberts Street,E01025218,Pendle 010E,Anti-social behaviour,,
,2021-06,Lancashire Constabulary,Lancashire Constabulary,-2.208270,53.837288,On or near Newfield Drive,E01025218,Pendle 010E,Anti-social behaviour,,
,2021-06,Lancashire Constabulary,Lancashire Constabulary,-2.203042,53.833963,On or near Southfield Square,E01025218,Pendle 010E,Anti-social behaviour,,
,2021-06,Lancashire Constabulary,Lancashire Constabulary,-2.208645,53.836326,On or near Netherfield Road,E01025218,Pendle 010E,Anti-social behaviour,,
7e0a700315bcac5499a4f373bdc9efbf18be86ed22cb0180d9505b90008441f3,2021-06,Lancashire Constabulary,Lancashire Constabulary,-2.204588,53.836459,On or near Roberts Street,E01025218,Pendle 010E,Public order,Investigation complete; no suspect identified,
b3b1c9fb4df3bad0886440d150be0fa393fafaabda8cca1bb4dd528da5874910,2021-06,Lancashire Constabulary,Lancashire Constabulary,-2.208645,53.836326,On or near Netherfield Road,E01025218,Pendle 010E,Shoplifting,Status update unavailable,
627c34dc93fa5ada819a37299ca4148f5be9f3552e78b569b233869c31db61d6,2021-06,Lancashire Constabulary,Lancashire Constabulary,-2.202793,53.832759,On or near Southfield Street,E01025218,Pendle 010E,Violence and sexual offences,Unable to prosecute suspect,
5176cebfaa0d14d222c48a2d2ee54bb392080257c667774018be81ba54ce8919,2021-06,Lancashire Constabulary,Lancashire Constabulary,-2.208270,53.837288,On or near Newfield Drive,E01025218,Pendle 010E,Violence and sexual offences,Unable to prosecute suspect,
3070a666161a412fb55897118e5bd7ca16240619207aca8c26d1f1a94b108b35,2021-06,Lancashire Constabulary,Lancashire Constabulary,-2.208270,53.837288,On or near Newfield Drive,E01025218,Pendle 010E,Violence and sexual offences,Unable to prosecute suspect,
829880325504d6b3315533426067fa5bead09bd4ad2879c5193d6651edbcf990,2021-06,Lancashire Constabulary,Lancashire Constabulary,-2.202793,53.832759,On or near Southfield Street,E01025218,Pendle 010E,Violence and sexual offences,Status update unavailable,
157114e25299e43bd96a62e8b46fd52f5d03610df21ce071d074394fcc409ac9,2021-06,Lancashire Constabulary,Lancashire Constabulary,-2.208270,53.837288,On or near Newfield Drive,E01025218,Pendle 010E,Violence and sexual offences,Unable to prosecute suspect,
a8a4ed286f4c1707550072a3ba3583e4415dbbafe6f5a3fc41b19115af117771,2021-06,Lancashire Constabulary,Lancashire Constabulary,-2.202049,53.832868,On or near Fletcher Street,E01025218,Pendle 010E,Violence and sexual offences,Status update unavailable,
80aacf5db49f560944c2250f3d584dbf412cc46dc209c06a68a8a84e0cbc10b6,2021-06,Lancashire Constabulary,Lancashire Constabulary,-2.207352,53.836131,On or near Bracewell Close,E01025218,Pendle 010E,Violence and sexual offences,Further investigation is not in the public interest,
9ad5df387573fd7992bf763c2c7070651d2489ad992d16c6bfa171280b7731b1,2021-06,Lancashire Constabulary,Lancashire Constabulary,-2.207352,53.836131,On or near Bracewell Close,E01025218,Pendle 010E,Violence and sexual offences,Unable to prosecute suspect,
0220edaf071a10d11273f2f8360eb5688bab7913ca735f693a0ba15b7f9e04d5,2021-06,Lancashire Constabulary,Lancashire Constabulary,-2.207352,53.836131,On or near Bracewell Close,E01025218,Pendle 010E,Violence and sexual offences,Unable to prosecute suspect,
1fa707b4644674cd5dc6c5cf26b1a362469aeca71e78e1ec155c2cbd60c8b679,2021-06,Lancashire Constabulary,Lancashire Constabulary,-2.208645,53.836326,On or near Netherfield Road,E01025218,Pendle 010E,Violence and sexual offences,Status update unavailable,
,2021-06,Lancashire Constabulary,Lancashire Constabulary,-2.202441,53.838629,On or near Rhoda Street,E01025219,Pendle 010F,Anti-social behaviour,,
,2021-06,Lancashire Constabulary,Lancashire Constabulary,-2.203125,53.838690,On or near Belgrave Street,E01025219,Pendle 010F,Anti-social behaviour,,
,2021-06,Lancashire Constabulary,Lancashire Constabulary,-2.206174,53.837490,On or near Wren Street,E01025219,Pendle 010F,Anti-social behaviour,,
,2021-06,Lancashire Constabulary,Lancashire Constabulary,-2.203125,53.838690,On or near Belgrave Street,E01025219,Pendle 010F,Anti-social behaviour,,
,2021-06,Lancashire Constabulary,Lancashire Constabulary,-2.202441,53.838629,On or near Rhoda Street,E01025219,Pendle 010F,Anti-social behaviour,,
,2021-06,Lancashire Constabulary,Lancashire Constabulary,-2.204822,53.837609,On or near Smith Street,E01025219,Pendle 010F,Anti-social behaviour,,
,2021-06,Lancashire Constabulary,Lancashire Constabulary,-2.205208,53.838858,On or near Lonsdale Street,E01025219,Pendle 010F,Anti-social behaviour,,
,2021-06,Lancashire Constabulary,Lancashire Constabulary,-2.205208,53.838858,On or near Lonsdale Street,E01025219,Pendle 010F,Anti-social behaviour,,
032bb65435a2fb4977d1ce393684612c120340251ec7055f51d80f99f3181f03,2021-06,Lancashire Constabulary,Lancashire Constabulary,-2.202441,53.838629,On or near Rhoda Street,E01025219,Pendle 010F,Burglary,Awaiting court outcome,
3b91e6ec3a9be751ef904f0e5b2be9879918002631787b5ca59a75b3ff93d54f,2021-06,Lancashire Constabulary,Lancashire Constabulary,-2.206174,53.837490,On or near Wren Street,E01025219,Pendle 010F,Burglary,Status update unavailable,
4c7c99cc385221024d055a8da0939772ed92c2a7091ceb03cd94eba619c449cb,2021-06,Lancashire Constabulary,Lancashire Constabulary,-2.206174,53.837490,On or near Wren Street,E01025219,Pendle 010F,Other theft,Investigation complete; no suspect identified,
43c04c38a010bb331cc16d6ab26527134f7d20b7a16ef7c51ca020f24da12b9f,2021-06,Lancashire Constabulary,Lancashire Constabulary,-2.201057,53.838433,On or near Tavistock Street,E01025219,Pendle 010F,Other theft,Investigation complete; no suspect identified,
79a5f403319ad257427ef4562cd0c534426346d9d4566b8cc175165e23abb7f5,2021-06,Lancashire Constabulary,Lancashire Constabulary,-2.204289,53.837367,On or near Pine Street,E01025219,Pendle 010F,Other theft,Unable to prosecute suspect,
0c8db7c398568acb76852124a6cee664b71b8d7e242727d80c35b689fb835d58,2021-06,Lancashire Constabulary,Lancashire Constabulary,-2.200129,53.838111,On or near Rosehill Avenue,E01025219,Pendle 010F,Public order,Unable to prosecute suspect,
7e6c4003a972fa80e9e06a23ded988c038784bb065737616e1f99999f1eee846,2021-06,Lancashire Constabulary,Lancashire Constabulary,-2.204289,53.837367,On or near Pine Street,E01025219,Pendle 010F,Public order,Unable to prosecute suspect,
c5f659e108186b88c73fc49c175d226cc0e73f9d11223db27771e453cabe2ea9,2021-06,Lancashire Constabulary,Lancashire Constabulary,-2.205208,53.838858,On or near Lonsdale Street,E01025219,Pendle 010F,Theft from the person,Investigation complete; no suspect identified,
1c8d667b1c492ac680e321ea6a4bb1df71346b42049068edeeba6bc457ff878c,2021-06,Lancashire Constabulary,Lancashire Constabulary,-2.201742,53.838558,On or near Whitehall Street,E01025219,Pendle 010F,Violence and sexual offences,Court result unavailable,
1adad690aadf6f842b3f9e867241ef49e6d16c3ae289046990418d91a9973668,2021-06,Lancashire Constabulary,Lancashire Constabulary,-2.202634,53.837720,On or near Woodlands Road,E01025219,Pendle 010F,Violence and sexual offences,Unable to prosecute suspect,
41d933fd72e9ba69853be6dff697333eeccd4b275dde294cd85d5b16494af671,2021-06,Lancashire Constabulary,Lancashire Constabulary,-2.205208,53.838858,On or near Lonsdale Street,E01025219,Pendle 010F,Violence and sexual offences,Unable to prosecute suspect,
ec16ba372ee1defa099bdd3195134e0184797a9373035c6def39b1ea772f79b7,2021-06,Lancashire Constabulary,Lancashire Constabulary,-2.200492,53.837787,On or near Hendon Road,E01025219,Pendle 010F,Violence and sexual offences,Unable to prosecute suspect,
70b3ca2a2a94b1ae56f713db713d757eaaebf1899113b065865f90ed1f5021dd,2021-06,Lancashire Constabulary,Lancashire Constabulary,-2.202634,53.837720,On or near Woodlands Road,E01025219,Pendle 010F,Violence and sexual offences,Unable to prosecute suspect,
f44437482e0b23b1635863b15bcae3b075136b56466d54b3146662d0b8304ceb,2021-06,Lancashire Constabulary,Lancashire Constabulary,-2.202634,53.837720,On or near Woodlands Road,E01025219,Pendle 010F,Violence and sexual offences,Unable to prosecute suspect,
d6be008dd46fad9ba8e856dc3e2ba9bdddb713bc856c129649bbca74b04cbc7f,2021-06,Lancashire Constabulary,Lancashire Constabulary,-2.203125,53.838690,On or near Belgrave Street,E01025219,Pendle 010F,Violence and sexual offences,Formal action is not in the public interest,
13d592c00f91ce8380f2b08bf7399cd07db59f26b0c1ffd02a78f32b5219ce84,2021-06,Lancashire Constabulary,Lancashire Constabulary,-2.201742,53.838558,On or near Whitehall Street,E01025219,Pendle 010F,Violence and sexual offences,Unable to prosecute suspect,
582ed51977af34b850110b5ca31b26f898d58d6307f987303b4fffa8c08d3a1d,2021-06,Lancashire Constabulary,Lancashire Constabulary,-2.205208,53.838858,On or near Lonsdale Street,E01025219,Pendle 010F,Other crime,Unable to prosecute suspect,
,2021-06,Lancashire Constabulary,Lancashire Constabulary,-2.211327,53.831693,On or near Carleton Street,E01025224,Pendle 011A,Anti-social behaviour,,
,2021-06,Lancashire Constabulary,Lancashire Constabulary,-2.214921,53.833466,On or near Duerden Street,E01025224,Pendle 011A,Anti-social behaviour,,
,2021-06,Lancashire Constabulary,Lancashire Constabulary,-2.211327,53.831693,On or near Carleton Street,E01025224,Pendle 011A,Anti-social behaviour,,
,2021-06,Lancashire Constabulary,Lancashire Constabulary,-2.213110,53.829847,On or near Chapel House Road,E01025224,Pendle 011A,Anti-social behaviour,,
,2021-06,Lancashire Constabulary,Lancashire Constabulary,-2.214921,53.833466,On or near Duerden Street,E01025224,Pendle 011A,Anti-social behaviour,,
,2021-06,Lancashire Constabulary,Lancashire Constabulary,-2.213717,53.835571,On or near Police Station,E01025224,Pendle 011A,Anti-social behaviour,,
,2021-06,Lancashire Constabulary,Lancashire Constabulary,-2.213717,53.835571,On or near Police Station,E01025224,Pendle 011A,Anti-social behaviour,,
,2021-06,Lancashire Constabulary,Lancashire Constabulary,-2.214451,53.833673,On or near Carradice Close,E01025224,Pendle 011A,Anti-social behaviour,,
,2021-06,Lancashire Constabulary,Lancashire Constabulary,-2.215061,53.831111,On or near Bentley Street,E01025224,Pendle 011A,Anti-social behaviour,,
,2021-06,Lancashire Constabulary,Lancashire Constabulary,-2.214169,53.831984,On or near Percy Street,E01025224,Pendle 011A,Anti-social behaviour,,
,2021-06,Lancashire Constabulary,Lancashire Constabulary,-2.214716,53.834922,On or near Parking Area,E01025224,Pendle 011A,Anti-social behaviour,,
,2021-06,Lancashire Constabulary,Lancashire Constabulary,-2.214827,53.832891,On or near Princess Street,E01025224,Pendle 011A,Anti-social behaviour,,
,2021-06,Lancashire Constabulary,Lancashire Constabulary,-2.214921,53.833466,On or near Duerden Street,E01025224,Pendle 011A,Anti-social behaviour,,
83893a620792af6e99f5ff5db96df325b7f8c5be71562abdffccf8da57346a9d,2021-06,Lancashire Constabulary,Lancashire Constabulary,-2.214827,53.832891,On or near Princess Street,E01025224,Pendle 011A,Criminal damage and arson,Investigation complete; no suspect identified,
ff47aec5e5c2a3a68b7789f7824073ed88c0e9b6209b9af165e3df10efc1cfda,2021-06,Lancashire Constabulary,Lancashire Constabulary,-2.213110,53.829847,On or near Chapel House Road,E01025224,Pendle 011A,Criminal damage and arson,Investigation complete; no suspect identified,
5967002be110a7004a93d545006cb66adab6e57c461866ccccfae7e6c6cb67f4,2021-06,Lancashire Constabulary,Lancashire Constabulary,-2.213717,53.835571,On or near Police Station,E01025224,Pendle 011A,Drugs,Unable to prosecute suspect,
0aa9b582b02f2cdbeb953ed31926e7021d9d79960ee12cbc27209cdfaec80d7d,2021-06,Lancashire Constabulary,Lancashire Constabulary,-2.216253,53.832475,On or near Ripon Street,E01025224,Pendle 011A,Drugs,Status update unavailable,
afd0883a60897e9f5cf106628707ea9cabf17ea0617fa5c926994a97bf1638f8,2021-06,Lancashire Constabulary,Lancashire Constabulary,-2.214921,53.833466,On or near Duerden Street,E01025224,Pendle 011A,Public order,Unable to prosecute suspect,
dc8bcafb43dec015a4834543aefda2d515cb40f63467171b5800bd7bb17d4ad0,2021-06,Lancashire Constabulary,Lancashire Constabulary,-2.214451,53.833673,On or near Carradice Close,E01025224,Pendle 011A,Public order,Unable to prosecute suspect,
67d1e121a5f4474f7e8af1121acd5030839e228e0b6d335e5361617550a46e7f,2021-06,Lancashire Constabulary,Lancashire Constabulary,-2.212381,53.835915,On or near Parking Area,E01025224,Pendle 011A,Public order,Investigation complete; no suspect identified,
0701a38a7e5f10cd7ea0cb3488a54e2ebe0d30d6bcea340876fe770dce44d6bf,2021-06,Lancashire Constabulary,Lancashire Constabulary,-2.214921,53.833466,On or near Duerden Street,E01025224,Pendle 011A,Public order,Unable to prosecute suspect,
c371112d635bfd9a5742bdc3bc07dc7669ff6bb0b04c395d727b11d6e0206983,2021-06,Lancashire Constabulary,Lancashire Constabulary,-2.215372,53.832377,On or near Bradshaw Street,E01025224,Pendle 011A,Vehicle crime,Investigation complete; no suspect identified,
342bc6c30c178f601d6fc2cb642515f49347679a361ed699e999301752a94736,2021-06,Lancashire Constabulary,Lancashire Constabulary,-2.213717,53.835571,On or near Police Station,E01025224,Pendle 011A,Violence and sexual offences,Status update unavailable,
09cc87ddecb978d577b9db89282b252273df0f550b396066fbfe99702b176766,2021-06,Lancashire Constabulary,Lancashire Constabulary,-2.216664,53.835539,On or near Stanley Street,E01025224,Pendle 011A,Violence and sexual offences,Investigation complete; no suspect identified,
c83a4a8b76f6d619427d043f3982155c1faac1fbac36405753059f26d8c63471,2021-06,Lancashire Constabulary,Lancashire Constabulary,-2.214716,53.834922,On or near Parking Area,E01025224,Pendle 011A,Violence and sexual offences,Investigation complete; no suspect identified,
c3e8f1f6a82eb12bf2723199e3143712ae64ecabc92d6fdbae76ff13ed465636,2021-06,Lancashire Constabulary,Lancashire Constabulary,-2.213110,53.829847,On or near Chapel House Road,E01025224,Pendle 011A,Violence and sexual offences,Unable to prosecute suspect,
9b85d6ca48cfb624eb4320a2ad95bd12bd071c63d9746bd2c1f79357a1bce289,2021-06,Lancashire Constabulary,Lancashire Constabulary,-2.213717,53.835571,On or near Police Station,E01025224,Pendle 011A,Violence and sexual offences,Unable to prosecute suspect,
145065ba7713f5d371b74b6620e7389d7878fb289a2ee52cb06b319b4c9765ff,2021-06,Lancashire Constabulary,Lancashire Constabulary,-2.211327,53.831693,On or near Carleton Street,E01025224,Pendle 011A,Violence and sexual offences,Further investigation is not in the public interest,
f449abea9983b6bea1599230eb0940c3dbfac3b064fefd10748a4e6f747af9df,2021-06,Lancashire Constabulary,Lancashire Constabulary,-2.214921,53.833466,On or near Duerden Street,E01025224,Pendle 011A,Violence and sexual offences,Unable to prosecute suspect,
c0ecca0f0c99376e5f4299c2304c5f500a4858b9fb7e9311917f6098b7da3de8,2021-06,Lancashire Constabulary,Lancashire Constabulary,-2.213110,53.829847,On or near Chapel House Road,E01025224,Pendle 011A,Violence and sexual offences,Unable to prosecute suspect,
e27eee4df081259029f7ffa1a48b2f542671c9a1745a2e11a3c6c18ccb2fa53a,2021-06,Lancashire Constabulary,Lancashire Constabulary,-2.216644,53.831530,On or near Camden Street,E01025224,Pendle 011A,Violence and sexual offences,Unable to prosecute suspect,
857a69691a3f1207445d3a817fc2a2486ee2e88cfc6653e48e033dc1a00d5726,2021-06,Lancashire Constabulary,Lancashire Constabulary,-2.211327,53.831693,On or near Carleton Street,E01025224,Pendle 011A,Violence and sexual offences,Further investigation is not in the public interest,
ea7bafc4255994219f9e6d198ebb98e029ad77db823e4f5ab8aa1d588a32fff7,2021-06,Lancashire Constabulary,Lancashire Constabulary,-2.213664,53.831140,On or near Warwick Street,E01025224,Pendle 011A,Violence and sexual offences,Status update unavailable,
565abe1f389197b165098cf3534ed2d697cc2838fb1fbfc4a69d66bb50b651a1,2021-06,Lancashire Constabulary,Lancashire Constabulary,-2.213131,53.833936,On or near Lloyd Close,E01025224,Pendle 011A,Violence and sexual offences,Unable to prosecute suspect,
3458a5df0d74132d2c6fa2f0a6e71ff9ea2b223c232600f7e0337d9955d7e136,2021-06,Lancashire Constabulary,Lancashire Constabulary,-2.213664,53.831140,On or near Warwick Street,E01025224,Pendle 011A,Violence and sexual offences,Status update unavailable,
e9fd6c3f8d5c28f45afa82be24147660f149a2cd8222d1134d78d9c9d060c022,2021-06,Lancashire Constabulary,Lancashire Constabulary,-2.216644,53.831530,On or near Camden Street,E01025224,Pendle 011A,Violence and sexual offences,Unable to prosecute suspect,
516527bf419b2921d951ecb339e19f295eb1e40be2ce2573a8b5f455e2eecc09,2021-06,Lancashire Constabulary,Lancashire Constabulary,-2.212584,53.833883,On or near Railway Street,E01025224,Pendle 011A,Violence and sexual offences,Unable to prosecute suspect,
55e931136eba55420313b21322ed91b5012002e6d1070b3a79077a28144fcd20,2021-06,Lancashire Constabulary,Lancashire Constabulary,-2.211327,53.831693,On or near Carleton Street,E01025224,Pendle 011A,Violence and sexual offences,Court result unavailable,
9a45ce18e6054996943208200d695d65a33d4862a372a4f27a9911bd49c863d4,2021-06,Lancashire Constabulary,Lancashire Constabulary,-2.217071,53.834747,On or near Rigby Street,E01025224,Pendle 011A,Violence and sexual offences,Investigation complete; no suspect identified,
5bfac47ece8cc7a2620b2288be433489b4cc9e102999d1ec76372ad9004f2286,2021-06,Lancashire Constabulary,Lancashire Constabulary,-2.212532,53.832742,On or near Leonard Street,E01025224,Pendle 011A,Other crime,Further investigation is not in the public interest,
4cfd484eb3671f0727de28f35a35d27ab47d923ae8c3e851946c90440b5208fc,2021-06,Lancashire Constabulary,Lancashire Constabulary,-2.212532,53.832742,On or near Leonard Street,E01025224,Pendle 011A,Other crime,Status update unavailable,
c130b917ab44fa670ea80d1940f060d95cd04d1967c590eb3b012ea521820100,2021-06,Lancashire Constabulary,Lancashire Constabulary,-2.212532,53.832742,On or near Leonard Street,E01025224,Pendle 011A,Other crime,Status update unavailable,
,2021-06,Lancashire Constabulary,Lancashire Constabulary,-2.219974,53.826248,On or near Eckroyd Close,E01025225,Pendle 011B,Anti-social behaviour,,
,2021-06,Lancashire Constabulary,Lancashire Constabulary,-2.217585,53.831457,On or near Extwistle Street,E01025225,Pendle 011B,Anti-social behaviour,,
,2021-06,Lancashire Constabulary,Lancashire Constabulary,-2.216538,53.828672,On or near Church Way,E01025225,Pendle 011B,Anti-social behaviour,,
,2021-06,Lancashire Constabulary,Lancashire Constabulary,-2.214035,53.829549,On or near Langholme Street,E01025225,Pendle 011B,Anti-social behaviour,,
b4c41dde3d08f9bb6467e76f7a144cd1eac63342e1b2bb1ab7b81804dc9c282d,2021-06,Lancashire Constabulary,Lancashire Constabulary,-2.219325,53.830042,On or near The Ridgeway,E01025225,Pendle 011B,Criminal damage and arson,Status update unavailable,
0ffb48f32c3f15cf47452fc24df76893f397c92fc13b7414ea2027d868d1e456,2021-06,Lancashire Constabulary,Lancashire Constabulary,-2.217275,53.830253,On or near Hibson Road,E01025225,Pendle 011B,Vehicle crime,Court result unavailable,
e47511e808b39e28a47928b777f241622fb579e9cabda64f1b286acc80b3bc8c,2021-06,Lancashire Constabulary,Lancashire Constabulary,-2.218064,53.832894,On or near South View,E01025225,Pendle 011B,Violence and sexual offences,Unable to prosecute suspect,
ab37dd1264259898aa5e318e0171228105ffe3f14d6a419da1455a743bf17e0e,2021-06,Lancashire Constabulary,Lancashire Constabulary,-2.215477,53.829142,On or near St Paul'S Road,E01025225,Pendle 011B,Violence and sexual offences,Unable to prosecute suspect,
4beac51b68968a0973b42b5512d8d979e57b945278e3678530019458b1ba8dda,2021-06,Lancashire Constabulary,Lancashire Constabulary,-2.214035,53.829549,On or near Langholme Street,E01025225,Pendle 011B,Violence and sexual offences,Unable to prosecute suspect,
5e7e978c398dddd3548e91dc9d525b45dbf21e03d766c4ab6911187b1282a190,2021-06,Lancashire Constabulary,Lancashire Constabulary,-2.220594,53.831505,On or near Lancaster Gate,E01025225,Pendle 011B,Other crime,Unable to prosecute suspect,
,2021-06,Lancashire Constabulary,Lancashire Constabulary,-2.222346,53.832392,On or near Manchester Road,E01025229,Pendle 011C,Anti-social behaviour,,
,2021-06,Lancashire Constabulary,Lancashire Constabulary,-2.222100,53.834819,On or near St Mary'S Street,E01025229,Pendle 011C,Anti-social behaviour,,
,2021-06,Lancashire Constabulary,Lancashire Constabulary,-2.222100,53.834819,On or near St Mary'S Street,E01025229,Pendle 011C,Anti-social behaviour,,
,2021-06,Lancashire Constabulary,Lancashire Constabulary,-2.221496,53.835503,On or near Maurice Street,E01025229,Pendle 011C,Anti-social behaviour,,
,2021-06,Lancashire Constabulary,Lancashire Constabulary,-2.220784,53.833051,On or near Petrol Station,E01025229,Pendle 011C,Anti-social behaviour,,
,2021-06,Lancashire Constabulary,Lancashire Constabulary,-2.221410,53.833526,On or near Bond Street,E01025229,Pendle 011C,Anti-social behaviour,,
,2021-06,Lancashire Constabulary,Lancashire Constabulary,-2.224381,53.832298,On or near Rupert Street,E01025229,Pendle 011C,Anti-social behaviour,,
,2021-06,Lancashire Constabulary,Lancashire Constabulary,-2.222296,53.834378,On or near Lomeshaye Road,E01025229,Pendle 011C,Anti-social behaviour,,
01bc6f9cc3012c053339538b2e2c8d45b71cc4ec48d906c0ea802da20fd4391d,2021-06,Lancashire Constabulary,Lancashire Constabulary,-2.222041,53.837947,On or near Howard Street,E01025229,Pendle 011C,Criminal damage and arson,Investigation complete; no suspect identified,
0e4b8914a8f1838ca53906028f5056cebd2c9df71709b4ef9cc913d66f84b454,2021-06,Lancashire Constabulary,Lancashire Constabulary,-2.222100,53.834819,On or near St Mary'S Street,E01025229,Pendle 011C,Criminal damage and arson,Investigation complete; no suspect identified,
b14d04a23e76edb6a24c425e9cc9c0e7fb8dcb271873236d2befa36042d0d3d1,2021-06,Lancashire Constabulary,Lancashire Constabulary,-2.222041,53.837947,On or near Howard Street,E01025229,Pendle 011C,Drugs,Status update unavailable,
9b8ea493c49eba99b3cfced3420c3635e8abe44545ccc35530a0d528dd9219e4,2021-06,Lancashire Constabulary,Lancashire Constabulary,-2.220784,53.833051,On or near Petrol Station,E01025229,Pendle 011C,Other theft,Investigation complete; no suspect identified,
7d083ae8b2f758f8ddc700348599d45cbc9966ff1f52e34428a081e4a2616158,2021-06,Lancashire Constabulary,Lancashire Constabulary,-2.222584,53.837218,On or near Lowther Street,E01025229,Pendle 011C,Other theft,Further investigation is not in the public interest,
618be305a9618d74b1843268cd3768cab6fcfd08fd58b73586a37d3ec8c9480e,2021-06,Lancashire Constabulary,Lancashire Constabulary,-2.220784,53.833051,On or near Petrol Station,E01025229,Pendle 011C,Other theft,Unable to prosecute suspect,
7f30eb982a6e847978c6ef32668f5d3b9a1ff74ea5897f8b9143c5d4902e3bd8,2021-06,Lancashire Constabulary,Lancashire Constabulary,-2.224279,53.833026,On or near Farrer Street,E01025229,Pendle 011C,Other theft,Unable to prosecute suspect,
7675e4c60b72e6b6a6bdfb628a2e6b70d6fc151a802aee5d0ced114f7acdfcf8,2021-06,Lancashire Constabulary,Lancashire Constabulary,-2.226442,53.831198,On or near Kensington Street,E01025229,Pendle 011C,Public order,Investigation complete; no suspect identified,
0043329707ee2274c748adc60077a35528a3f588100fed296b93b8a86fd4c698,2021-06,Lancashire Constabulary,Lancashire Constabulary,-2.223132,53.834511,On or near School Street,E01025229,Pendle 011C,Public order,Unable to prosecute suspect,
9a329902441546cf534f10e1a51b1bbbd27d0be379b09a7e6de18f28bdeb90f1,2021-06,Lancashire Constabulary,Lancashire Constabulary,-2.232355,53.831752,On or near Churchill Way,E01025229,Pendle 011C,Vehicle crime,Unable to prosecute suspect,
7abd041c400316d81ee8515c3a7aa47051571594beaa47f76fce2d73fff184d8,2021-06,Lancashire Constabulary,Lancashire Constabulary,-2.224279,53.833026,On or near Farrer Street,E01025229,Pendle 011C,Vehicle crime,Status update unavailable,
0effc139f9755e68a0e37fae8b3c0ab52102d607b2611cd2dedb30ec8ecb53ae,2021-06,Lancashire Constabulary,Lancashire Constabulary,-2.221496,53.835503,On or near Maurice Street,E01025229,Pendle 011C,Violence and sexual offences,Unable to prosecute suspect,
7501742e7eca706c547c6063f67d266b195c5c73fec8a17e53c2815ac0e531da,2021-06,Lancashire Constabulary,Lancashire Constabulary,-2.218550,53.835733,On or near Mosley Street,E01025229,Pendle 011C,Violence and sexual offences,Unable to prosecute suspect,
bee5bcceaa1add8032bbecda33e573b0269881868edbcb4ae770d861c8f69226,2021-06,Lancashire Constabulary,Lancashire Constabulary,-2.220784,53.833051,On or near Petrol Station,E01025229,Pendle 011C,Violence and sexual offences,Investigation complete; no suspect identified,
2f5e5f03e00686c728375c2a173bef6f7f0acdbc924fec1e64e61c2f541cd43d,2021-06,Lancashire Constabulary,Lancashire Constabulary,-2.218550,53.835733,On or near Mosley Street,E01025229,Pendle 011C,Violence and sexual offences,Local resolution,
3b4b72917e258bf05dcb95c9978fd00cc57b553c1a464e07161ef7b97fa74e4d,2021-06,Lancashire Constabulary,Lancashire Constabulary,-2.221496,53.835503,On or near Maurice Street,E01025229,Pendle 011C,Violence and sexual offences,Unable to prosecute suspect,
d20ba2971d2c47424bcfd56f120370e32618c19cb1e9ce8caebf8857f6a4307c,2021-06,Lancashire Constabulary,Lancashire Constabulary,-2.221496,53.835503,On or near Maurice Street,E01025229,Pendle 011C,Violence and sexual offences,Awaiting court outcome,
723c5ec9581067390949c7b604ed20442179f97b94cd7443aef04a82e0eca2ff,2021-06,Lancashire Constabulary,Lancashire Constabulary,-2.218550,53.835733,On or near Mosley Street,E01025229,Pendle 011C,Violence and sexual offences,Court result unavailable,
f1ba210c7aeec04fb4c1204a34fc2523144608b0b89c796cea17eaaedf56343e,2021-06,Lancashire Constabulary,Lancashire Constabulary,-2.221496,53.835503,On or near Maurice Street,E01025229,Pendle 011C,Violence and sexual offences,Awaiting court outcome,
d7595ec96964a0e3a788b75d95ca63a9250c043b093e463f189a2d3ccb5f7a09,2021-06,Lancashire Constabulary,Lancashire Constabulary,-2.218550,53.835733,On or near Mosley Street,E01025229,Pendle 011C,Violence and sexual offences,Unable to prosecute suspect,
5efed9ad94d2348c03d69f01a9053f6916f8cd959b73816fed833b8362f567a6,2021-06,Lancashire Constabulary,Lancashire Constabulary,-2.221496,53.835503,On or near Maurice Street,E01025229,Pendle 011C,Violence and sexual offences,Status update unavailable,
39084e6f0ef779f155e87c2a2e60126eaa7ff26ed306f4adf3d86df1b9947f57,2021-06,Lancashire Constabulary,Lancashire Constabulary,-2.221496,53.835503,On or near Maurice Street,E01025229,Pendle 011C,Violence and sexual offences,Status update unavailable,
4a6bf865f6e2fc1d722c7cd2ad3bd443cffb28c6759065580724733f8bf4510d,2021-06,Lancashire Constabulary,Lancashire Constabulary,-2.221496,53.835503,On or near Maurice Street,E01025229,Pendle 011C,Violence and sexual offences,Status update unavailable,
9c9cc92148e2af2642a3e284f25349528656ec147c7c635fa040594df86f2e8f,2021-06,Lancashire Constabulary,Lancashire Constabulary,-2.220406,53.836269,On or near Appleby Street,E01025229,Pendle 011C,Violence and sexual offences,Unable to prosecute suspect,
6c22389c3dd9495c537559cb14250ca9fbf5bca02ac8ad17d29abbb0d0899b42,2021-06,Lancashire Constabulary,Lancashire Constabulary,-2.218550,53.835733,On or near Mosley Street,E01025229,Pendle 011C,Violence and sexual offences,Unable to prosecute suspect,
,2021-06,Lancashire Constabulary,Lancashire Constabulary,-2.215454,53.836485,On or near Ellen Street,E01025230,Pendle 011D,Anti-social behaviour,,
,2021-06,Lancashire Constabulary,Lancashire Constabulary,-2.220365,53.840062,On or near Merton Street,E01025230,Pendle 011D,Anti-social behaviour,,
,2021-06,Lancashire Constabulary,Lancashire Constabulary,-2.215454,53.836485,On or near Ellen Street,E01025230,Pendle 011D,Anti-social behaviour,,
,2021-06,Lancashire Constabulary,Lancashire Constabulary,-2.218879,53.837620,On or near Clayton Street,E01025230,Pendle 011D,Anti-social behaviour,,
,2021-06,Lancashire Constabulary,Lancashire Constabulary,-2.218111,53.839032,On or near Supermarket,E01025230,Pendle 011D,Anti-social behaviour,,
,2021-06,Lancashire Constabulary,Lancashire Constabulary,-2.222911,53.835707,On or near Craven Street,E01025230,Pendle 011D,Anti-social behaviour,,
,2021-06,Lancashire Constabulary,Lancashire Constabulary,-2.214805,53.837475,On or near Back Scotland Road,E01025230,Pendle 011D,Anti-social behaviour,,
,2021-06,Lancashire Constabulary,Lancashire Constabulary,-2.215454,53.836485,On or near Ellen Street,E01025230,Pendle 011D,Anti-social behaviour,,
,2021-06,Lancashire Constabulary,Lancashire Constabulary,-2.214805,53.837475,On or near Back Scotland Road,E01025230,Pendle 011D,Anti-social behaviour,,
,2021-06,Lancashire Constabulary,Lancashire Constabulary,-2.220357,53.835541,On or near Every Street,E01025230,Pendle 011D,Anti-social behaviour,,
,2021-06,Lancashire Constabulary,Lancashire Constabulary,-2.218879,53.837620,On or near Clayton Street,E01025230,Pendle 011D,Anti-social behaviour,,
,2021-06,Lancashire Constabulary,Lancashire Constabulary,-2.216987,53.836203,On or near Parking Area,E01025230,Pendle 011D,Anti-social behaviour,,
,2021-06,Lancashire Constabulary,Lancashire Constabulary,-2.220771,53.839082,On or near Beddington Street,E01025230,Pendle 011D,Anti-social behaviour,,
496b7a4ad4f23e577ea262de40b9a324c3f25788a33c50b572a3ebd3d3551c41,2021-06,Lancashire Constabulary,Lancashire Constabulary,-2.220221,53.838606,On or near Norfolk Street,E01025230,Pendle 011D,Burglary,Investigation complete; no suspect identified,
d4e06927059c7be14ea531af6797393f3de8ed08aafe64480250d8b4d0d838e8,2021-06,Lancashire Constabulary,Lancashire Constabulary,-2.222226,53.835574,On or near Westmoreland Street,E01025230,Pendle 011D,Burglary,Unable to prosecute suspect,
a965818465afbcb5ef7ef52b737f40540d1572f386db3088bfc32e16b4d95b81,2021-06,Lancashire Constabulary,Lancashire Constabulary,-2.215573,53.836071,On or near Parking Area,E01025230,Pendle 011D,Criminal damage and arson,Investigation complete; no suspect identified,
79ee7e7825933556d8bbaee1c5bb0fb7dc0bfcfbbfdb256bc9be583c4b7967dd,2021-06,Lancashire Constabulary,Lancashire Constabulary,-2.214805,53.837475,On or near Back Scotland Road,E01025230,Pendle 011D,Other theft,Investigation complete; no suspect identified,
755c3dd891590e4260cef5138cb71b2f73e7a0f95e5f314d735a4098e381f0fb,2021-06,Lancashire Constabulary,Lancashire Constabulary,-2.220771,53.839082,On or near Beddington Street,E01025230,Pendle 011D,Other theft,Unable to prosecute suspect,
a0596874f9848461358d99287ffec9fa8551003436419f7d1e76248bf4693cd6,2021-06,Lancashire Constabulary,Lancashire Constabulary,-2.214805,53.837475,On or near Back Scotland Road,E01025230,Pendle 011D,Other theft,Investigation complete; no suspect identified,
5d0ed4423a6d1a11e48939f460d535d16ea64d627e98346b50f61767cc63c544,2021-06,Lancashire Constabulary,Lancashire Constabulary,-2.218879,53.837620,On or near Clayton Street,E01025230,Pendle 011D,Other theft,Unable to prosecute suspect,
cfc4ca18fff16153ea7d6b6013fb18a3517111094686c15484a1aae914405b53,2021-06,Lancashire Constabulary,Lancashire Constabulary,-2.222911,53.835707,On or near Craven Street,E01025230,Pendle 011D,Public order,Status update unavailable,
05fd8854b5ec511f0626656d294e4af5a21fcaa1dab5aaa7f99018382b846749,2021-06,Lancashire Constabulary,Lancashire Constabulary,-2.222911,53.835707,On or near Craven Street,E01025230,Pendle 011D,Public order,Unable to prosecute suspect,
ae427e846eb457164596017548e478fc8624438e73b1d077eb1bd2b44d00bd20,2021-06,Lancashire Constabulary,Lancashire Constabulary,-2.214805,53.837475,On or near Back Scotland Road,E01025230,Pendle 011D,Shoplifting,Further investigation is not in the public interest,
130c5e0e93ba26bdf5e5e43353e994c975df8eae500b4f1c55e4b82bfcbf80e3,2021-06,Lancashire Constabulary,Lancashire Constabulary,-2.214805,53.837475,On or near Back Scotland Road,E01025230,Pendle 011D,Shoplifting,Status update unavailable,
c68caec5c9ea384ba005f12389786c26ebafc87231f64df449efdda03fd25583,2021-06,Lancashire Constabulary,Lancashire Constabulary,-2.214805,53.837475,On or near Back Scotland Road,E01025230,Pendle 011D,Shoplifting,Status update unavailable,
d6f350a4cdb15872856dbd60d87b692083b558c7677387081a17c1a492dd206c,2021-06,Lancashire Constabulary,Lancashire Constabulary,-2.216659,53.837363,On or near Market Square,E01025230,Pendle 011D,Vehicle crime,Investigation complete; no suspect identified,
8b536a675a262ba9c1c6d061d025b37684220fbf25548657c55de53de3c8c6f6,2021-06,Lancashire Constabulary,Lancashire Constabulary,-2.218111,53.839032,On or near Supermarket,E01025230,Pendle 011D,Violence and sexual offences,Investigation complete; no suspect identified,
6ea3d46b94c9fbf4397dcaf537d0657ec99af237b86bd71b7bbabdf6436ac6ca,2021-06,Lancashire Constabulary,Lancashire Constabulary,-2.222911,53.835707,On or near Craven Street,E01025230,Pendle 011D,Violence and sexual offences,Court result unavailable,
b4d5d52f60fc3f733ce6bd81778f33c49d6f9b32e4aca17cbc0f0a38c883bb55,2021-06,Lancashire Constabulary,Lancashire Constabulary,-2.220357,53.835541,On or near Every Street,E01025230,Pendle 011D,Violence and sexual offences,Unable to prosecute suspect,
afe3d1733cd514418c41dc7528eacb7b45d58d4e86054615ba325ce95e66316b,2021-06,Lancashire Constabulary,Lancashire Constabulary,-2.215454,53.836485,On or near Ellen Street,E01025230,Pendle 011D,Violence and sexual offences,Investigation complete; no suspect identified,
9fbd7074cf3864303d87e233a54bdf3726abb7e8c5cde62dab8075acb8f76d68,2021-06,Lancashire Constabulary,Lancashire Constabulary,-2.214805,53.837475,On or near Back Scotland Road,E01025230,Pendle 011D,Violence and sexual offences,Investigation complete; no suspect identified,
6e74a42821e7ebd05f3eca166c01e4157104aaa2f7475fff76f89c003d9c8272,2021-06,Lancashire Constabulary,Lancashire Constabulary,-2.218879,53.837620,On or near Clayton Street,E01025230,Pendle 011D,Violence and sexual offences,Investigation complete; no suspect identified,
261f90fedefe85fda6ffe9c0bb450d4868f9c12741785444bc843547a5cdb1c4,2021-06,Lancashire Constabulary,Lancashire Constabulary,-2.215735,53.838093,On or near Parking Area,E01025230,Pendle 011D,Other crime,Court result unavailable,
,2021-06,Lancashire Constabulary,Lancashire Constabulary,-2.218717,53.824156,On or near Warwick Drive,E01025187,Pendle 012A,Anti-social behaviour,,
,2021-06,Lancashire Constabulary,Lancashire Constabulary,-2.217030,53.826910,On or near Heights Road,E01025187,Pendle 012A,Anti-social behaviour,,
0234d41653dd20b1d9f0af72766d502c5481435bfb4bd234ca5d8e5c2f71112f,2021-06,Lancashire Constabulary,Lancashire Constabulary,-2.228659,53.825441,On or near Limefield Avenue,E01025187,Pendle 012A,Public order,Unable to prosecute suspect,
0b66bc3c93e6428e28cc769b3a1f1ff0c2f936050f09470310fb9bb7d0d01ec7,2021-06,Lancashire Constabulary,Lancashire Constabulary,-2.217030,53.826910,On or near Heights Road,E01025187,Pendle 012A,Violence and sexual offences,Unable to prosecute suspect,
990e055aba68bc86b0836fda70546120248a48c7754f813718e28486f77df5f8,2021-06,Lancashire Constabulary,Lancashire Constabulary,-2.217030,53.826910,On or near Heights Road,E01025187,Pendle 012A,Violence and sexual offences,Unable to prosecute suspect,
3e5267b36045da7bade44dde16b56270dac42d92aca1aaeb84430f7f0c50b051,2021-06,Lancashire Constabulary,Lancashire Constabulary,-2.223640,53.824327,On or near Sports/Recreation Area,E01025187,Pendle 012A,Violence and sexual offences,Unable to prosecute suspect,
4d2d87005162b8ee99a36431b111fae89737bc14ce3272a56b3e132822cd312d,2021-06,Lancashire Constabulary,Lancashire Constabulary,-2.217030,53.826910,On or near Heights Road,E01025187,Pendle 012A,Violence and sexual offences,Formal action is not in the public interest,
,2021-06,Lancashire Constabulary,Lancashire Constabulary,-2.212232,53.827539,On or near Ethersall Road,E01025190,Pendle 012B,Anti-social behaviour,,
,2021-06,Lancashire Constabulary,Lancashire Constabulary,-2.210270,53.827093,On or near Bispham Road,E01025190,Pendle 012B,Anti-social behaviour,,
,2021-06,Lancashire Constabulary,Lancashire Constabulary,-2.210816,53.826849,On or near Ada Street,E01025190,Pendle 012B,Anti-social behaviour,,
a69750d777b614a1116fc1b6e5d23ab947784994c5b688ace1eb6dbac2bd524a,2021-06,Lancashire Constabulary,Lancashire Constabulary,-2.211766,53.825526,On or near Hulton Drive,E01025190,Pendle 012B,Violence and sexual offences,Unable to prosecute suspect,
4f3f87fd6ac5baaf94935c4968b688077c2033cc6648ccaa69dd5e2381678127,2021-06,Lancashire Constabulary,Lancashire Constabulary,-2.210555,53.826292,On or near Bowness Avenue,E01025190,Pendle 012B,Violence and sexual offences,Unable to prosecute suspect,
092f4ec572a9366d917e5691437aa8a6a3ed13b45612ce76e77a84894813d3fe,2021-06,Lancashire Constabulary,Lancashire Constabulary,-2.211437,53.826497,On or near Clegg Street,E01025190,Pendle 012B,Violence and sexual offences,Unable to prosecute suspect,
,2021-06,Lancashire Constabulary,Lancashire Constabulary,-2.194584,53.838489,On or near Valley Close,E01025209,Pendle 012C,Anti-social behaviour,,
,2021-06,Lancashire Constabulary,Lancashire Constabulary,-2.191132,53.841361,On or near Marsden Hall Road North,E01025209,Pendle 012C,Anti-social behaviour,,
,2021-06,Lancashire Constabulary,Lancashire Constabulary,-2.186347,53.834970,On or near Hawthorne Close,E01025209,Pendle 012C,Anti-social behaviour,,
,2021-06,Lancashire Constabulary,Lancashire Constabulary,-2.185611,53.836813,On or near Town House Road,E01025209,Pendle 012C,Anti-social behaviour,,
,2021-06,Lancashire Constabulary,Lancashire Constabulary,-2.186145,53.837415,On or near Castercliffe Road,E01025209,Pendle 012C,Anti-social behaviour,,
6a7a53061c08b0fbfab523fb5af0979d55f70802a7509121d52ea4a6f52f40a6,2021-06,Lancashire Constabulary,Lancashire Constabulary,-2.187938,53.840692,On or near Shelfield Road,E01025209,Pendle 012C,Burglary,Unable to prosecute suspect,
181e40a985d1aa5baf29d02d36a8b3dfee376baba9c715c48e0f4bba711d3f19,2021-06,Lancashire Constabulary,Lancashire Constabulary,-2.185154,53.840077,On or near Boulsworth Crescent,E01025209,Pendle 012C,Criminal damage and arson,Investigation complete; no suspect identified,
e22ce41bda38302ffb9e18b3350568f60553d95e4c34053d7ab7ff9bbfc7bbff,2021-06,Lancashire Constabulary,Lancashire Constabulary,-2.194256,53.839838,On or near Broadway Place,E01025209,Pendle 012C,Criminal damage and arson,Investigation complete; no suspect identified,
b717a89fe7c0450b454a3990be7f13b290aa46031fcbc8ccfe187d4029525849,2021-06,Lancashire Constabulary,Lancashire Constabulary,-2.194256,53.839838,On or near Broadway Place,E01025209,Pendle 012C,Drugs,Unable to prosecute suspect,
7ce6c6c5760d809c17a557d5b1af4a805e1ec7119493aeb8ab561ebdcaacde5a,2021-06,Lancashire Constabulary,Lancashire Constabulary,-2.189549,53.840852,On or near Pinfold Place,E01025209,Pendle 012C,Drugs,Investigation complete; no suspect identified,
924cc901e6216e9348c92097a10e652cf615ab81841957a48a9823a591f8e6cf,2021-06,Lancashire Constabulary,Lancashire Constabulary,-2.189549,53.840852,On or near Pinfold Place,E01025209,Pendle 012C,Other theft,Investigation complete; no suspect identified,
932c1bfbd8bdbba468d54bfd243f32393dc981b6d3b58fe421054c072ad3d434,2021-06,Lancashire Constabulary,Lancashire Constabulary,-2.185154,53.840077,On or near Boulsworth Crescent,E01025209,Pendle 012C,Public order,Investigation complete; no suspect identified,
c30e9ca91313509e372919f9ff16b7c3d455b9fba4c8b7f9e9ebb6ef5de8008a,2021-06,Lancashire Constabulary,Lancashire Constabulary,-2.188666,53.840350,On or near Andrew Road,E01025209,Pendle 012C,Violence and sexual offences,Investigation complete; no suspect identified,
7bb216958710078399b80e2c9613c3976ff920da3df9a8cb9975c1a09f14cddd,2021-06,Lancashire Constabulary,Lancashire Constabulary,-2.191132,53.841361,On or near Marsden Hall Road North,E01025209,Pendle 012C,Violence and sexual offences,Unable to prosecute suspect,
7d29470325491ff07b1550015d7bbf62ba2c4a502e52283e763d3b949cfd6607,2021-06,Lancashire Constabulary,Lancashire Constabulary,-2.187938,53.840692,On or near Shelfield Road,E01025209,Pendle 012C,Violence and sexual offences,Unable to prosecute suspect,
482aeb79559198534b224158b51b70c2c49b07f77b649874ea65fa5ef3656895,2021-06,Lancashire Constabulary,Lancashire Constabulary,-2.188666,53.840350,On or near Andrew Road,E01025209,Pendle 012C,Violence and sexual offences,Unable to prosecute suspect,
0f4fe6d92ca8fc902f557f06f55d8ee35890b06664671f407e72c105ab01ff10,2021-06,Lancashire Constabulary,Lancashire Constabulary,-2.191132,53.841361,On or near Marsden Hall Road North,E01025209,Pendle 012C,Violence and sexual offences,Status update unavailable,
6f95d534fd311f252e3cae3afb9d9dbd80dbeab7904ba737604dce5f1ab3c9a7,2021-06,Lancashire Constabulary,Lancashire Constabulary,-2.186997,53.841125,On or near Rimington Place,E01025209,Pendle 012C,Violence and sexual offences,Status update unavailable,
,2021-06,Lancashire Constabulary,Lancashire Constabulary,-2.197045,53.835105,On or near Marsden Hall Road South,E01025216,Pendle 012D,Anti-social behaviour,,
,2021-06,Lancashire Constabulary,Lancashire Constabulary,-2.195914,53.836878,On or near Marsden Hall Road,E01025216,Pendle 012D,Anti-social behaviour,,
,2021-06,Lancashire Constabulary,Lancashire Constabulary,-2.197045,53.835105,On or near Marsden Hall Road South,E01025216,Pendle 012D,Anti-social behaviour,,
,2021-06,Lancashire Constabulary,Lancashire Constabulary,-2.193088,53.836990,On or near Rowland Avenue,E01025216,Pendle 012D,Anti-social behaviour,,
,2021-06,Lancashire Constabulary,Lancashire Constabulary,-2.198575,53.834078,On or near Priory Chase,E01025216,Pendle 012D,Anti-social behaviour,,
,2021-06,Lancashire Constabulary,Lancashire Constabulary,-2.198575,53.834078,On or near Priory Chase,E01025216,Pendle 012D,Anti-social behaviour,,
97eb7cedf2cab0a2a874576ff31b8fb1ab3e63eb8fa66479cfda80fd09c1de76,2021-06,Lancashire Constabulary,Lancashire Constabulary,-2.193727,53.833825,On or near Willow Drive,E01025216,Pendle 012D,Criminal damage and arson,Investigation complete; no suspect identified,
173a2d3b3ba45ef0efb79416a11ecf022320b4edbca9f3fb551bd5522ef9d348,2021-06,Lancashire Constabulary,Lancashire Constabulary,-2.195949,53.837875,On or near St John'S Place,E01025216,Pendle 012D,Other theft,Unable to prosecute suspect,
ca1389bd9948b59b67334ce9c2ca10859c2237cbee6921724d63765db1b60ed2,2021-06,Lancashire Constabulary,Lancashire Constabulary,-2.195768,53.835000,On or near Bamford Street,E01025216,Pendle 012D,Other theft,Investigation complete; no suspect identified,
647c73b58c2cfcfe666bbcc8e5acffe07f5fafd7a07c1a1be0f31364bf03c744,2021-06,Lancashire Constabulary,Lancashire Constabulary,-2.193727,53.833825,On or near Willow Drive,E01025216,Pendle 012D,Robbery,Unable to prosecute suspect,
f80519203a28ec68490d072df6eae1ab85748e484cb547c5e17fe2793f1f004d,2021-06,Lancashire Constabulary,Lancashire Constabulary,-2.198575,53.834078,On or near Priory Chase,E01025216,Pendle 012D,Violence and sexual offences,Unable to prosecute suspect,
c30227f5d75597566861ef1e74cb0c0d329b0c933e2e62699c1008edccf6494b,2021-06,Lancashire Constabulary,Lancashire Constabulary,-2.193727,53.833825,On or near Willow Drive,E01025216,Pendle 012D,Violence and sexual offences,Unable to prosecute suspect,
5b2859f7810f4a8ab9024e28e146ef7cd588d8797fb759f41574fea20739d3fd,2021-06,Lancashire Constabulary,Lancashire Constabulary,-2.195949,53.837875,On or near St John'S Place,E01025216,Pendle 012D,Violence and sexual offences,Unable to prosecute suspect,
ac59d1ba60414be040e1f7fc2df178771329d3a3a3fc610e9287b9ad507c03eb,2021-06,Lancashire Constabulary,Lancashire Constabulary,-2.198575,53.834078,On or near Priory Chase,E01025216,Pendle 012D,Violence and sexual offences,Unable to prosecute suspect,
348f6482e2e43e88e32295d284d147413a11d11bd2f82c3d0e9cce93c76e0922,2021-06,Lancashire Constabulary,Lancashire Constabulary,-2.194434,53.835694,On or near Marsden Crescent,E01025216,Pendle 012D,Violence and sexual offences,Unable to prosecute suspect,
035ded4cccbdbcba4b8f1bd767f6b48e3210f4b664c3cfdddfc3924cfd168361,2021-06,Lancashire Constabulary,Lancashire Constabulary,-2.195914,53.836878,On or near Marsden Hall Road,E01025216,Pendle 012D,Violence and sexual offences,Unable to prosecute suspect,
c223b264167713472093ec9ac5321a54b17f5485e6d276ecb43e896839d785a2,2021-06,Lancashire Constabulary,Lancashire Constabulary,-2.193727,53.833825,On or near Willow Drive,E01025216,Pendle 012D,Violence and sexual offences,Unable to prosecute suspect,
,2021-06,Lancashire Constabulary,Lancashire Constabulary,-2.230796,53.824466,On or near Livingstone Street,E01025185,Pendle 013A,Anti-social behaviour,,
,2021-06,Lancashire Constabulary,Lancashire Constabulary,-2.232892,53.827168,On or near Bank Street,E01025185,Pendle 013A,Anti-social behaviour,,
,2021-06,Lancashire Constabulary,Lancashire Constabulary,-2.232892,53.827168,On or near Bank Street,E01025185,Pendle 013A,Anti-social behaviour,,
,2021-06,Lancashire Constabulary,Lancashire Constabulary,-2.239292,53.825232,On or near Chatburn Park Drive,E01025185,Pendle 013A,Anti-social behaviour,,
,2021-06,Lancashire Constabulary,Lancashire Constabulary,-2.228638,53.824327,On or near Arnold Close,E01025185,Pendle 013A,Anti-social behaviour,,
,2021-06,Lancashire Constabulary,Lancashire Constabulary,-2.228638,53.824327,On or near Arnold Close,E01025185,Pendle 013A,Anti-social behaviour,,
,2021-06,Lancashire Constabulary,Lancashire Constabulary,-2.234328,53.825889,On or near Timber Street,E01025185,Pendle 013A,Anti-social behaviour,,
,2021-06,Lancashire Constabulary,Lancashire Constabulary,-2.232892,53.827168,On or near Bank Street,E01025185,Pendle 013A,Anti-social behaviour,,
,2021-06,Lancashire Constabulary,Lancashire Constabulary,-2.232892,53.827168,On or near Bank Street,E01025185,Pendle 013A,Anti-social behaviour,,
,2021-06,Lancashire Constabulary,Lancashire Constabulary,-2.235247,53.827208,On or near Junction Street,E01025185,Pendle 013A,Anti-social behaviour,,
,2021-06,Lancashire Constabulary,Lancashire Constabulary,-2.231406,53.824843,On or near Stanley Street,E01025185,Pendle 013A,Anti-social behaviour,,
,2021-06,Lancashire Constabulary,Lancashire Constabulary,-2.234560,53.832090,On or near Kenyon Road,E01025185,Pendle 013A,Anti-social behaviour,,
,2021-06,Lancashire Constabulary,Lancashire Constabulary,-2.233226,53.835292,On or near Kirby Road,E01025185,Pendle 013A,Anti-social behaviour,,
,2021-06,Lancashire Constabulary,Lancashire Constabulary,-2.239292,53.825232,On or near Chatburn Park Drive,E01025185,Pendle 013A,Anti-social behaviour,,
,2021-06,Lancashire Constabulary,Lancashire Constabulary,-2.232641,53.825631,On or near Commercial Street,E01025185,Pendle 013A,Anti-social behaviour,,
,2021-06,Lancashire Constabulary,Lancashire Constabulary,-2.229645,53.825107,On or near Montrose Street,E01025185,Pendle 013A,Anti-social behaviour,,
4b400c302c76c259e49f49ac6b0c9d50b2525680df536b90fec006317dc71ec7,2021-06,Lancashire Constabulary,Lancashire Constabulary,-2.232933,53.826413,On or near Every Street,E01025185,Pendle 013A,Criminal damage and arson,Formal action is not in the public interest,
a23f65702ad1ad3fc265180e5b8543c718e27321d2f8a91375cf8bea3a841005,2021-06,Lancashire Constabulary,Lancashire Constabulary,-2.234342,53.825655,On or near Oak Street,E01025185,Pendle 013A,Criminal damage and arson,Investigation complete; no suspect identified,
e1750a0c133edaa595d7d6ddc0d81c6094e52fb5fb3de748cf7cc363107ae9b4,2021-06,Lancashire Constabulary,Lancashire Constabulary,-2.231497,53.824815,On or near Castle Street,E01025185,Pendle 013A,Criminal damage and arson,Investigation complete; no suspect identified,
ff45877e850968069b654fe2cffeaf44bda74ee7107d59437e236c49fc516b8b,2021-06,Lancashire Constabulary,Lancashire Constabulary,-2.229127,53.827723,On or near Woodville Road,E01025185,Pendle 013A,Criminal damage and arson,Unable to prosecute suspect,
0649717ed10c039de15fe0c75e93230ab17db5d3beaf90b9b2966f8b2b468dee,2021-06,Lancashire Constabulary,Lancashire Constabulary,-2.234342,53.825655,On or near Oak Street,E01025185,Pendle 013A,Criminal damage and arson,Status update unavailable,
902bfc31f11fb43bb0114a2300240519f6da16337f294389b387fa4fa446514a,2021-06,Lancashire Constabulary,Lancashire Constabulary,-2.229888,53.827847,On or near Mayville Road,E01025185,Pendle 013A,Drugs,Unable to prosecute suspect,
95ec1e253fc1695600eaafc8a67c3ead3a6e4fec0c6da18c7b55fb04ea585a0e,2021-06,Lancashire Constabulary,Lancashire Constabulary,-2.236477,53.832445,On or near Simmonds Way,E01025185,Pendle 013A,Public order,Unable to prosecute suspect,
937fe8953e682aee3cec54c5ea52c072f3edf2dc98f42cc54eb4a6bc7956c037,2021-06,Lancashire Constabulary,Lancashire Constabulary,-2.233176,53.826250,On or near Humphrey Street,E01025185,Pendle 013A,Vehicle crime,Investigation complete; no suspect identified,
e7cda70a364d4a78a6e1dfb8c7d5f59cfcceb62e8de8926c20016a00a3df6da7,2021-06,Lancashire Constabulary,Lancashire Constabulary,-2.232933,53.826413,On or near Every Street,E01025185,Pendle 013A,Violence and sexual offences,Unable to prosecute suspect,
3796de5ff785fb6c560fe1f2ac52ef661cc8baa0840722cadb4574bffd6a5905,2021-06,Lancashire Constabulary,Lancashire Constabulary,-2.228638,53.824327,On or near Arnold Close,E01025185,Pendle 013A,Violence and sexual offences,Unable to prosecute suspect,
bccfce8f01903eecfbff1d0d461ce844fe879e5b8df01480dd88064a55faa116,2021-06,Lancashire Constabulary,Lancashire Constabulary,-2.227104,53.827188,On or near Rothesay Road,E01025185,Pendle 013A,Violence and sexual offences,Unable to prosecute suspect,
7955ddd858fd30dab3c68744d63900a2a38354d1a5472db1d3238ba7c9f9c570,2021-06,Lancashire Constabulary,Lancashire Constabulary,-2.233176,53.826250,On or near Humphrey Street,E01025185,Pendle 013A,Violence and sexual offences,Unable to prosecute suspect,
24a5fef9a126c2342218b72aeba5477fdc074b7ae3d1f146697b5d2ba115dcb3,2021-06,Lancashire Constabulary,Lancashire Constabulary,-2.235553,53.827522,On or near Parking Area,E01025185,Pendle 013A,Violence and sexual offences,Status update unavailable,
e54ec28ed84e9cf74779f0405b3a6468164c915ddfc7d2f05be9c3ae23a01aae,2021-06,Lancashire Constabulary,Lancashire Constabulary,-2.233286,53.826879,On or near Ann Street,E01025185,Pendle 013A,Violence and sexual offences,Unable to prosecute suspect,
5d7363c208938af713442c45220108bfc5a0c7b396c6f3f9e5a1c431d2cfcf2e,2021-06,Lancashire Constabulary,Lancashire Constabulary,-2.234342,53.825655,On or near Oak Street,E01025185,Pendle 013A,Violence and sexual offences,Unable to prosecute suspect,
3ed76118a1dcddb41e093234ab0ec506799d30e95b5f5a018df1c8df9aa72b99,2021-06,Lancashire Constabulary,Lancashire Constabulary,-2.233286,53.826879,On or near Ann Street,E01025185,Pendle 013A,Violence and sexual offences,Unable to prosecute suspect,
5f1c72ef85705fa9fd81351fdd670e6dd3aaae62bdab94015b3e4b096558d6ea,2021-06,Lancashire Constabulary,Lancashire Constabulary,-2.229645,53.825107,On or near Montrose Street,E01025185,Pendle 013A,Violence and sexual offences,Unable to prosecute suspect,
72b55b1b818cbdf905227ccf1a771764b99bb0296615a46ad2e421b836d72888,2021-06,Lancashire Constabulary,Lancashire Constabulary,-2.233286,53.826879,On or near Ann Street,E01025185,Pendle 013A,Violence and sexual offences,Unable to prosecute suspect,
,2021-06,Lancashire Constabulary,Lancashire Constabulary,-2.235745,53.823908,On or near Railway Street,E01025186,Pendle 013B,Anti-social behaviour,,
,2021-06,Lancashire Constabulary,Lancashire Constabulary,-2.235019,53.824494,On or near Bridge Street,E01025186,Pendle 013B,Anti-social behaviour,,
,2021-06,Lancashire Constabulary,Lancashire Constabulary,-2.235019,53.824494,On or near Bridge Street,E01025186,Pendle 013B,Anti-social behaviour,,
,2021-06,Lancashire Constabulary,Lancashire Constabulary,-2.231964,53.824221,On or near Hartington Street,E01025186,Pendle 013B,Anti-social behaviour,,
,2021-06,Lancashire Constabulary,Lancashire Constabulary,-2.234834,53.824045,On or near Hudson Street,E01025186,Pendle 013B,Anti-social behaviour,,
,2021-06,Lancashire Constabulary,Lancashire Constabulary,-2.233483,53.824173,On or near Parking Area,E01025186,Pendle 013B,Anti-social behaviour,,
,2021-06,Lancashire Constabulary,Lancashire Constabulary,-2.235019,53.824494,On or near Bridge Street,E01025186,Pendle 013B,Anti-social behaviour,,
,2021-06,Lancashire Constabulary,Lancashire Constabulary,-2.235220,53.825132,On or near John Street,E01025186,Pendle 013B,Anti-social behaviour,,
,2021-06,Lancashire Constabulary,Lancashire Constabulary,-2.234690,53.825313,On or near Robson Street,E01025186,Pendle 013B,Anti-social behaviour,,
,2021-06,Lancashire Constabulary,Lancashire Constabulary,-2.238168,53.822627,On or near Heap Street,E01025186,Pendle 013B,Anti-social behaviour,,
,2021-06,Lancashire Constabulary,Lancashire Constabulary,-2.234957,53.821600,On or near Burnley Road,E01025186,Pendle 013B,Anti-social behaviour,,
,2021-06,Lancashire Constabulary,Lancashire Constabulary,-2.240619,53.823449,On or near Quakers View,E01025186,Pendle 013B,Anti-social behaviour,,
,2021-06,Lancashire Constabulary,Lancashire Constabulary,-2.236154,53.821049,On or near St James Street,E01025186,Pendle 013B,Anti-social behaviour,,
d1301145916e63e3fe539df49e223f32f8c4d03ec81d89b1a4645078dac0ad6a,2021-06,Lancashire Constabulary,Lancashire Constabulary,-2.233512,53.823922,On or near Tunstill Square,E01025186,Pendle 013B,Criminal damage and arson,Unable to prosecute suspect,
e47ad191aed963760e48476dae3d79ec08b69f2e6b299e8099c2d59af280a298,2021-06,Lancashire Constabulary,Lancashire Constabulary,-2.231964,53.824221,On or near Hartington Street,E01025186,Pendle 013B,Criminal damage and arson,Investigation complete; no suspect identified,
6099c61eb8c989ef44f7b9462794f9025188d52e6957b4c043c394c57e50717b,2021-06,Lancashire Constabulary,Lancashire Constabulary,-2.235019,53.824494,On or near Bridge Street,E01025186,Pendle 013B,Criminal damage and arson,Unable to prosecute suspect,
5b4e589d9bb15af04c5cc190ec327f62efe0812e0ffc076e46708e7d8c012041,2021-06,Lancashire Constabulary,Lancashire Constabulary,-2.236154,53.821049,On or near St James Street,E01025186,Pendle 013B,Criminal damage and arson,Unable to prosecute suspect,
c95dcb8a16278791a563f798a08d4d8943a25294a0ae474911ccc59a6c3ef979,2021-06,Lancashire Constabulary,Lancashire Constabulary,-2.234834,53.824045,On or near Hudson Street,E01025186,Pendle 013B,Criminal damage and arson,Unable to prosecute suspect,
4f47d77e3039308fe319893e7c59b7c5e0daff546653edcaa939ca05c1de69c5,2021-06,Lancashire Constabulary,Lancashire Constabulary,-2.235404,53.822660,On or near Montague Street,E01025186,Pendle 013B,Criminal damage and arson,Status update unavailable,
9901102f23690ab4c81af6222543ddd490523785e86692c02ca1059c7b502bb8,2021-06,Lancashire Constabulary,Lancashire Constabulary,-2.235404,53.822660,On or near Montague Street,E01025186,Pendle 013B,Criminal damage and arson,Status update unavailable,
62dd772d00ede23605f69c55020afc8c478c5590c47b69dbc06a1d22530545b8,2021-06,Lancashire Constabulary,Lancashire Constabulary,-2.236439,53.820312,On or near Lord Street,E01025186,Pendle 013B,Other theft,Investigation complete; no suspect identified,
845b69b4357eb167c4933ef7e1d3a12ee1979c1dae2cc6c0d40b03efd625e5b5,2021-06,Lancashire Constabulary,Lancashire Constabulary,-2.242594,53.823427,On or near Jewel Holme,E01025186,Pendle 013B,Other theft,Investigation complete; no suspect identified,
d33fa1d0e1c22acd2f86d892a31e7a3ee210c4a313d87146fab774e9693f9e92,2021-06,Lancashire Constabulary,Lancashire Constabulary,-2.236439,53.820312,On or near Lord Street,E01025186,Pendle 013B,Public order,Unable to prosecute suspect,
5fcdc7191d1e9be4aa5d2b1fa14b30ee4d25b4699eea010dc31766ae0123d88a,2021-06,Lancashire Constabulary,Lancashire Constabulary,-2.233483,53.824173,On or near Parking Area,E01025186,Pendle 013B,Public order,Unable to prosecute suspect,
f1d15aa51f6c8fe31e0e716d309a1dceae76781e654bddff750aeebdd7f217d4,2021-06,Lancashire Constabulary,Lancashire Constabulary,-2.235019,53.824494,On or near Bridge Street,E01025186,Pendle 013B,Shoplifting,Status update unavailable,
e3b06ecc1ce6c388434e4963bda326a42924f7bcd77507e361c051f4aa435f32,2021-06,Lancashire Constabulary,Lancashire Constabulary,-2.236439,53.820312,On or near Lord Street,E01025186,Pendle 013B,Vehicle crime,Investigation complete; no suspect identified,
c48c4323bcb9c8c9c78345b31947e3998884a32d1fedee6e19394e020c1a789d,2021-06,Lancashire Constabulary,Lancashire Constabulary,-2.237442,53.820409,On or near Sackville Gardens,E01025186,Pendle 013B,Violence and sexual offences,Unable to prosecute suspect,
e031ea61bcea3ccd797fe725c7cbb1be5bba174e95a774c3551578b23e884993,2021-06,Lancashire Constabulary,Lancashire Constabulary,-2.233512,53.823922,On or near Tunstill Square,E01025186,Pendle 013B,Violence and sexual offences,Unable to prosecute suspect,
b91e9a9af78662105bbcce81744d46b74cd922c1866e635937fdebbfcea71ca3,2021-06,Lancashire Constabulary,Lancashire Constabulary,-2.235627,53.824448,On or near Vine Street,E01025186,Pendle 013B,Violence and sexual offences,Unable to prosecute suspect,
f192bc06e7a12c60f40b367cad9524932abb94d6e7cd68b98f419e57c3a17151,2021-06,Lancashire Constabulary,Lancashire Constabulary,-2.236199,53.823494,On or near Milton Street,E01025186,Pendle 013B,Violence and sexual offences,Unable to prosecute suspect,
170e0a8058469556c9affe8e8929d6c25b66c970219a4275b1f0295d090dcf4a,2021-06,Lancashire Constabulary,Lancashire Constabulary,-2.233512,53.823922,On or near Tunstill Square,E01025186,Pendle 013B,Violence and sexual offences,Unable to prosecute suspect,
9024cbe0ab8fdb3cade2b46d67a21eb9313da9e6195e788ee64d0b7a177894bd,2021-06,Lancashire Constabulary,Lancashire Constabulary,-2.235838,53.821553,On or near Regent Street,E01025186,Pendle 013B,Violence and sexual offences,Unable to prosecute suspect,
9ad63ea505907c17414df942ce35b1a8b091faffe32887467bc8bfd2ca3c5d42,2021-06,Lancashire Constabulary,Lancashire Constabulary,-2.235838,53.821553,On or near Regent Street,E01025186,Pendle 013B,Violence and sexual offences,Unable to prosecute suspect,
1ffb88bd3ffa862e1da26c017bdfb1b626670b51129a87a0ba6583b7cf42ee27,2021-06,Lancashire Constabulary,Lancashire Constabulary,-2.236199,53.823494,On or near Milton Street,E01025186,Pendle 013B,Violence and sexual offences,Unable to prosecute suspect,
a2cdf3051c420dbf5073909ba5e775a6cd3d5d2bfbeb6922b55072573b765dfb,2021-06,Lancashire Constabulary,Lancashire Constabulary,-2.235838,53.821553,On or near Regent Street,E01025186,Pendle 013B,Violence and sexual offences,Status update unavailable,
2e3e43a491575e5e99a820b01d0b3a5ef44ec1225df40bd4c0072842f890989a,2021-06,Lancashire Constabulary,Lancashire Constabulary,-2.235838,53.821553,On or near Regent Street,E01025186,Pendle 013B,Violence and sexual offences,Unable to prosecute suspect,
87d2513bdd8854c56468d7abed1ad23d052a10e657059d160ad088aed550fb23,2021-06,Lancashire Constabulary,Lancashire Constabulary,-2.235838,53.821553,On or near Regent Street,E01025186,Pendle 013B,Violence and sexual offences,Unable to prosecute suspect,
5ffd300271dddbf612ed57f93a0b881fdfa448a460390e9ef0ab13c261fffaf4,2021-06,Lancashire Constabulary,Lancashire Constabulary,-2.223069,53.819699,On or near Pennine Crescent,E01025212,Pendle 013C,Criminal damage and arson,Investigation complete; no suspect identified,
f48a39846a6de83566757516783854feaf16200c174734f58b3128b26c8edb8d,2021-06,Lancashire Constabulary,Lancashire Constabulary,-2.222896,53.818702,On or near Clifton Road,E01025212,Pendle 013C,Vehicle crime,Investigation complete; no suspect identified,
,2021-06,Lancashire Constabulary,Lancashire Constabulary,-2.245871,53.825434,On or near Hill Street,E01025213,Pendle 013D,Anti-social behaviour,,
,2021-06,Lancashire Constabulary,Lancashire Constabulary,-2.235247,53.819047,On or near Garsdale Avenue,E01025213,Pendle 013D,Anti-social behaviour,,
675eec0fa71d009207ec72b3f0aedff8e5d7e5242c074d8bd87247587a84dc63,2021-06,Lancashire Constabulary,Lancashire Constabulary,-2.249916,53.813283,On or near Wood End,E01025213,Pendle 013D,Drugs,Court result unavailable,
d111c1d23a153890f146467b5fee9bb4971ca4fa1390a1e1d9557712893a8671,2021-06,Lancashire Constabulary,Lancashire Constabulary,-2.234109,53.819346,On or near Raedale Avenue,E01025213,Pendle 013D,Violence and sexual offences,Unable to prosecute suspect,
71ad0974248b2f26985e70e2ae336d696309444a1277d196a6efa3e2d20b4ef8,2021-06,Lancashire Constabulary,Lancashire Constabulary,-2.233054,53.820777,On or near Hunter Street,E01025213,Pendle 013D,Violence and sexual offences,Action to be taken by another organisation,
e9dc60da247b06aeb9859252e427adde1a75cac3a18bf98e9240f5373f203637,2021-06,Lancashire Constabulary,Lancashire Constabulary,-2.234109,53.819346,On or near Raedale Avenue,E01025213,Pendle 013D,Violence and sexual offences,Unable to prosecute suspect,
b5bf42f551fec249ad469c8b71ca0b85a3b77c00377f5d7af41541805d7a3830,2021-06,Lancashire Constabulary,Lancashire Constabulary,-2.234867,53.816306,On or near Redman Road,E01025213,Pendle 013D,Violence and sexual offences,Unable to prosecute suspect,
2cdccc6d02c518dd94e49523a357f20aa83bbb287180eb1e5758b8eb37bcf2a0,2021-06,Lancashire Constabulary,Lancashire Constabulary,-2.234025,53.820613,On or near Albert Street,E01025213,Pendle 013D,Violence and sexual offences,Unable to prosecute suspect,
8addaae2e3c210e2d0e1b49d812c670c3afe0ff31bce4bf4630e8b04cc93d7ef,2021-06,Lancashire Constabulary,Lancashire Constabulary,-2.235917,53.816628,On or near Colne Road,E01025213,Pendle 013D,Violence and sexual offences,Unable to prosecute suspect,
,2021-06,Lancashire Constabulary,Lancashire Constabulary,-2.207127,53.821319,On or near Height Croft,E01025214,Pendle 013E,Anti-social behaviour,,
,2021-06,Lancashire Constabulary,Lancashire Constabulary,-2.221769,53.818093,On or near Ribchester Way,E01025214,Pendle 013E,Anti-social behaviour,,
,2021-06,Lancashire Constabulary,Lancashire Constabulary,-2.207127,53.821319,On or near Height Croft,E01025214,Pendle 013E,Anti-social behaviour,,
,2021-06,Lancashire Constabulary,Lancashire Constabulary,-2.219442,53.820389,On or near Heather Close,E01025214,Pendle 013E,Anti-social behaviour,,
cde591a2ad02a7e2ba8c912c0b40c92aab1a8ec6e0e0023d4c0779fe735e0a32,2021-06,Lancashire Constabulary,Lancashire Constabulary,-2.207127,53.821319,On or near Height Croft,E01025214,Pendle 013E,Burglary,Status update unavailable,
83b94bfcaa9140bb57859825faaf809bd829ed7da795d681311b9ebcc13bb814,2021-06,Lancashire Constabulary,Lancashire Constabulary,-2.219648,53.819148,On or near Kibble Grove,E01025214,Pendle 013E,Vehicle crime,Investigation complete; no suspect identified,
69c1e164176bda015ce5bd6d59f6f6a706357807e76f712acfd5691d0bea2d9e,2021-06,Lancashire Constabulary,Lancashire Constabulary,-2.219514,53.822528,On or near Woodlea Gardens,E01025214,Pendle 013E,Violence and sexual offences,Unable to prosecute suspect,
4c32131f5c84cebbc2d3925fc423f3c1cefb9603f189c860f8b05be0df17e1c0,2021-06,Lancashire Constabulary,Lancashire Constabulary,-2.219514,53.822528,On or near Woodlea Gardens,E01025214,Pendle 013E,Violence and sexual offences,Unable to prosecute suspect,
59ab84ecf8d138480f3fdc17d24df55ad3100ebc49a0e9999aea09c651080c8e,2021-06,Lancashire Constabulary,Lancashire Constabulary,-2.220535,53.823263,On or near Halifax Road,E01025214,Pendle 013E,Violence and sexual offences,Unable to prosecute suspect,
a31d9ae497f1484275ad20946ca2832d9b15fe85783c4d618b2cac26ecd87cb5,2021-06,Lancashire Constabulary,Lancashire Constabulary,-2.219442,53.820389,On or near Heather Close,E01025214,Pendle 013E,Other crime,Further investigation is not in the public interest,
,2021-06,Lancashire Constabulary,Lancashire Constabulary,-2.233445,53.822717,On or near High Street,E01025215,Pendle 013F,Anti-social behaviour,,
,2021-06,Lancashire Constabulary,Lancashire Constabulary,-2.233445,53.822717,On or near High Street,E01025215,Pendle 013F,Anti-social behaviour,,
,2021-06,Lancashire Constabulary,Lancashire Constabulary,-2.229585,53.822437,On or near Burton Gardens,E01025215,Pendle 013F,Anti-social behaviour,,
,2021-06,Lancashire Constabulary,Lancashire Constabulary,-2.226630,53.823854,On or near Trinity Close,E01025215,Pendle 013F,Anti-social behaviour,,
,2021-06,Lancashire Constabulary,Lancashire Constabulary,-2.233445,53.822717,On or near High Street,E01025215,Pendle 013F,Anti-social behaviour,,
,2021-06,Lancashire Constabulary,Lancashire Constabulary,-2.231166,53.822740,On or near Bird Street,E01025215,Pendle 013F,Anti-social behaviour,,
,2021-06,Lancashire Constabulary,Lancashire Constabulary,-2.232132,53.821588,On or near Henry Gardens,E01025215,Pendle 013F,Anti-social behaviour,,
,2021-06,Lancashire Constabulary,Lancashire Constabulary,-2.229697,53.823597,On or near Wilton Street,E01025215,Pendle 013F,Anti-social behaviour,,
,2021-06,Lancashire Constabulary,Lancashire Constabulary,-2.233540,53.823409,On or near Craven Street,E01025215,Pendle 013F,Anti-social behaviour,,
,2021-06,Lancashire Constabulary,Lancashire Constabulary,-2.233445,53.822717,On or near High Street,E01025215,Pendle 013F,Anti-social behaviour,,
,2021-06,Lancashire Constabulary,Lancashire Constabulary,-2.232052,53.823556,On or near Hope Street,E01025215,Pendle 013F,Anti-social behaviour,,
,2021-06,Lancashire Constabulary,Lancashire Constabulary,-2.232815,53.821532,On or near Walter Street,E01025215,Pendle 013F,Anti-social behaviour,,
,2021-06,Lancashire Constabulary,Lancashire Constabulary,-2.232052,53.823556,On or near Hope Street,E01025215,Pendle 013F,Anti-social behaviour,,
88bb82f11208c105bc74a8aef8c2bc1182d6b9c304538842fc615aa50a08d4e3,2021-06,Lancashire Constabulary,Lancashire Constabulary,-2.233445,53.822717,On or near High Street,E01025215,Pendle 013F,Burglary,Unable to prosecute suspect,
d4fe1b07fca23719e80b6f8722bcec1e9e9dc4395406d2b450cd3b52e2cb15cf,2021-06,Lancashire Constabulary,Lancashire Constabulary,-2.227031,53.822101,On or near Coronation Road,E01025215,Pendle 013F,Other theft,Investigation complete; no suspect identified,
98b2e6ae38405bd8600ffdddce4cca5ea0af3e5f5165498091456b2b57c87e6d,2021-06,Lancashire Constabulary,Lancashire Constabulary,-2.229585,53.822437,On or near Burton Gardens,E01025215,Pendle 013F,Public order,Unable to prosecute suspect,
b0628f1036bc96529b8e7c39b9836a3951d093afad0f26130f822f108b0641d6,2021-06,Lancashire Constabulary,Lancashire Constabulary,-2.232504,53.822998,On or near Wood Street,E01025215,Pendle 013F,Violence and sexual offences,Investigation complete; no suspect identified,
e9d9a6e3825aa4b7e122a76d2bca0dfe2b8111da7fc1cdcbb8beda475ea39296,2021-06,Lancashire Constabulary,Lancashire Constabulary,-2.233540,53.823409,On or near Craven Street,E01025215,Pendle 013F,Violence and sexual offences,Unable to prosecute suspect,
200cec0b986dd2088f02267f7c25517a2c7afa56b1af37fbad1cc4b757bfbdc9,2021-06,Lancashire Constabulary,Lancashire Constabulary,-2.233540,53.823409,On or near Craven Street,E01025215,Pendle 013F,Violence and sexual offences,Investigation complete; no suspect identified,
18fe4f1d0f576aaad9af2eef6a4819458ba258bcdab642b7817ff2ad5badd860,2021-06,Lancashire Constabulary,Lancashire Constabulary,-2.229585,53.822437,On or near Burton Gardens,E01025215,Pendle 013F,Violence and sexual offences,Investigation complete; no suspect identified,
59e5a89720124ef45ada35a822b387495b82c1018e10accc7cc468b7ca7bf26d,2021-06,Lancashire Constabulary,Lancashire Constabulary,-2.226290,53.822704,On or near Heyhead Street,E01025215,Pendle 013F,Violence and sexual offences,Unable to prosecute suspect,
,2021-06,Lancashire Constabulary,Lancashire Constabulary,-2.638782,53.805703,On or near Grimsargh Manor,E01025278,Preston 001A,Anti-social behaviour,,
,2021-06,Lancashire Constabulary,Lancashire Constabulary,-2.612712,53.796500,On or near Elston Lane,E01025278,Preston 001A,Anti-social behaviour,,
,2021-06,Lancashire Constabulary,Lancashire Constabulary,-2.626939,53.804767,On or near Preston Road,E01025278,Preston 001A,Anti-social behaviour,,
,2021-06,Lancashire Constabulary,Lancashire Constabulary,-2.643229,53.807593,On or near Whittingham Lane,E01025278,Preston 001A,Anti-social behaviour,,
,2021-06,Lancashire Constabulary,Lancashire Constabulary,-2.628856,53.804020,On or near Ploughmans Court,E01025278,Preston 001A,Anti-social behaviour,,
,2021-06,Lancashire Constabulary,Lancashire Constabulary,-2.631053,53.801681,On or near Blackleach Avenue,E01025278,Preston 001A,Anti-social behaviour,,
,2021-06,Lancashire Constabulary,Lancashire Constabulary,-2.643229,53.807593,On or near Whittingham Lane,E01025278,Preston 001A,Anti-social behaviour,,
0672ca78679fe6a03be6ff1c3837f2667e6f015a56e6bc27cdd0b7fa1483bcf5,2021-06,Lancashire Constabulary,Lancashire Constabulary,-2.624587,53.803881,On or near Cedar Close,E01025278,Preston 001A,Other theft,Investigation complete; no suspect identified,
4a4897ab94c0c1f64f9ee9f3f48ed8da9395891876b4aca2e5895cb5468ea0b3,2021-06,Lancashire Constabulary,Lancashire Constabulary,-2.638782,53.805703,On or near Grimsargh Manor,E01025278,Preston 001A,Public order,Investigation complete; no suspect identified,
d7f56ac9e50097f1bc9abbc28a6cc7eae463b7c49ec08d35b64a9d6b5a93f7b2,2021-06,Lancashire Constabulary,Lancashire Constabulary,-2.635921,53.794294,On or near Longridge Road,E01025278,Preston 001A,Violence and sexual offences,Unable to prosecute suspect,
73ca2bafbaad2983dcf6a5055c6f10fc67aad5b1b8ff2a32b2bd090e21369124,2021-06,Lancashire Constabulary,Lancashire Constabulary,-2.632079,53.805307,On or near Yew Tree Avenue,E01025278,Preston 001A,Violence and sexual offences,Unable to prosecute suspect,
50ab4271e33d162edb143af044a4535203a98ba1e5d18abd526c720075410b99,2021-06,Lancashire Constabulary,Lancashire Constabulary,-2.630121,53.800320,On or near Carbis Avenue,E01025278,Preston 001A,Violence and sexual offences,Investigation complete; no suspect identified,
,2021-06,Lancashire Constabulary,Lancashire Constabulary,-2.614356,53.833136,On or near Halfpenny Lane,E01025279,Preston 001B,Anti-social behaviour,,
,2021-06,Lancashire Constabulary,Lancashire Constabulary,-2.614988,53.829592,On or near Whittingham Road,E01025279,Preston 001B,Anti-social behaviour,,
,2021-06,Lancashire Constabulary,Lancashire Constabulary,-2.614988,53.829592,On or near Whittingham Road,E01025279,Preston 001B,Anti-social behaviour,,
,2021-06,Lancashire Constabulary,Lancashire Constabulary,-2.614356,53.833136,On or near Halfpenny Lane,E01025279,Preston 001B,Anti-social behaviour,,
2205f700ae762e95a709c3b88c7ac6e073a3582d980f18dae542edfc42cbfa0c,2021-06,Lancashire Constabulary,Lancashire Constabulary,-2.614988,53.829592,On or near Whittingham Road,E01025279,Preston 001B,Violence and sexual offences,Unable to prosecute suspect,
82025bb1da32ee033644b51479fedc933ab4c27f6b3484fe5b1422b10c4557b0,2021-06,Lancashire Constabulary,Lancashire Constabulary,-2.614988,53.829592,On or near Whittingham Road,E01025279,Preston 001B,Violence and sexual offences,Investigation complete; no suspect identified,
,2021-06,Lancashire Constabulary,Lancashire Constabulary,-2.658794,53.818223,On or near Sports/Recreation Area,E01025282,Preston 001C,Anti-social behaviour,,
,2021-06,Lancashire Constabulary,Lancashire Constabulary,-2.664673,53.823071,On or near Grindlestone Court,E01025282,Preston 001C,Anti-social behaviour,,
0f9e7ba31c14aa043ea7471fb983d0895f32f5f16cbb6e5352438c81ba76f719,2021-06,Lancashire Constabulary,Lancashire Constabulary,-2.659728,53.824491,On or near Whittingham Lane,E01025282,Preston 001C,Other theft,Investigation complete; no suspect identified,
95025aee9b2e6446320e664ced72214a5327dfb49527e192bcecf2dea49b99c5,2021-06,Lancashire Constabulary,Lancashire Constabulary,-2.659728,53.824491,On or near Whittingham Lane,E01025282,Preston 001C,Other theft,Investigation complete; no suspect identified,
08f28f18abd450d7255e589afd87786bfba6200ec4251ea6797304129c3dae26,2021-06,Lancashire Constabulary,Lancashire Constabulary,-2.659728,53.824491,On or near Whittingham Lane,E01025282,Preston 001C,Other theft,Investigation complete; no suspect identified,
683c627e70ed84179990a8712f54ccb947e27455724206b08636a55bb5f6433b,2021-06,Lancashire Constabulary,Lancashire Constabulary,-2.659728,53.824491,On or near Whittingham Lane,E01025282,Preston 001C,Other theft,Investigation complete; no suspect identified,
08c465d9a2c5eab0e82a5fb6fd43c4eac7145c18e55941b1b88a229e4a14783c,2021-06,Lancashire Constabulary,Lancashire Constabulary,-2.657252,53.822581,On or near The Square,E01025282,Preston 001C,Possession of weapons,Unable to prosecute suspect,
8e015b41db8b2f30e17102157075e986cff6a391f3ba1386a8af0668496d78d6,2021-06,Lancashire Constabulary,Lancashire Constabulary,-2.657252,53.822581,On or near The Square,E01025282,Preston 001C,Possession of weapons,Unable to prosecute suspect,
ee0d35626611c20af9621bf3e001c24aefed4980b0c8aa175c737d28f115265c,2021-06,Lancashire Constabulary,Lancashire Constabulary,-2.658794,53.818223,On or near Sports/Recreation Area,E01025282,Preston 001C,Violence and sexual offences,Formal action is not in the public interest,
4ad9007b75fa6bdd4575041028ccb17433ed504c1755b3ffd7bf4f595bad6b87,2021-06,Lancashire Constabulary,Lancashire Constabulary,-2.658794,53.818223,On or near Sports/Recreation Area,E01025282,Preston 001C,Violence and sexual offences,Unable to prosecute suspect,
6339fc9b3028c49c5da2e3eb53da9838e6533a2a5632a801eb220568677650d6,2021-06,Lancashire Constabulary,Lancashire Constabulary,-2.658794,53.818223,On or near Sports/Recreation Area,E01025282,Preston 001C,Violence and sexual offences,Unable to prosecute suspect,
e32f4c338260269c18cd5d7bc78f2e60c96d449f585f81a1ff8747e32d2f3570,2021-06,Lancashire Constabulary,Lancashire Constabulary,-2.657252,53.822581,On or near The Square,E01025282,Preston 001C,Violence and sexual offences,Unable to prosecute suspect,
,2021-06,Lancashire Constabulary,Lancashire Constabulary,-2.733201,53.795248,On or near Lightfoot Lane,E01025257,Preston 002A,Anti-social behaviour,,
,2021-06,Lancashire Constabulary,Lancashire Constabulary,-2.725212,53.795899,On or near Newbury Green,E01025257,Preston 002A,Anti-social behaviour,,
,2021-06,Lancashire Constabulary,Lancashire Constabulary,-2.724289,53.793424,On or near Hillcroft,E01025257,Preston 002A,Anti-social behaviour,,
,2021-06,Lancashire Constabulary,Lancashire Constabulary,-2.733201,53.795248,On or near Lightfoot Lane,E01025257,Preston 002A,Anti-social behaviour,,
,2021-06,Lancashire Constabulary,Lancashire Constabulary,-2.733201,53.795248,On or near Lightfoot Lane,E01025257,Preston 002A,Anti-social behaviour,,
53660a26fd2b7b608abf940837a3a2a0c483fa2a2926584c448baa65e1affe78,2021-06,Lancashire Constabulary,Lancashire Constabulary,-2.724289,53.793424,On or near Hillcroft,E01025257,Preston 002A,Public order,Investigation complete; no suspect identified,
694956c4f46f8e58e7dab90f291f8c623c9acffd69f55676a215749eb76a2afe,2021-06,Lancashire Constabulary,Lancashire Constabulary,-2.735183,53.792270,On or near Gleneagles Drive,E01025257,Preston 002A,Violence and sexual offences,Further investigation is not in the public interest,
,2021-06,Lancashire Constabulary,Lancashire Constabulary,-2.702029,53.802203,On or near St Johns Court,E01025277,Preston 002B,Anti-social behaviour,,
,2021-06,Lancashire Constabulary,Lancashire Constabulary,-2.702029,53.802203,On or near St Johns Court,E01025277,Preston 002B,Anti-social behaviour,,
,2021-06,Lancashire Constabulary,Lancashire Constabulary,-2.717429,53.803298,On or near Church Lane,E01025277,Preston 002B,Anti-social behaviour,,
,2021-06,Lancashire Constabulary,Lancashire Constabulary,-2.717429,53.803298,On or near Church Lane,E01025277,Preston 002B,Anti-social behaviour,,
,2021-06,Lancashire Constabulary,Lancashire Constabulary,-2.717429,53.803298,On or near Church Lane,E01025277,Preston 002B,Anti-social behaviour,,
2bfc08e547b3779843dfcb4a21042f04cf60578f8c42fd6323b1354c2f8fc256,2021-06,Lancashire Constabulary,Lancashire Constabulary,-2.703596,53.798760,On or near Longfield,E01025277,Preston 002B,Criminal damage and arson,Investigation complete; no suspect identified,
09f6851c0c05d656c7db64afedd3c2f94be0c2f13bea79e9df865ed2c9eba56c,2021-06,Lancashire Constabulary,Lancashire Constabulary,-2.717429,53.803298,On or near Church Lane,E01025277,Preston 002B,Criminal damage and arson,Status update unavailable,
58d9443e5ab6df477ccfb7afc3babd61d24edbb635b7f85a8c076a78aef4a27c,2021-06,Lancashire Constabulary,Lancashire Constabulary,-2.728801,53.808533,On or near Victoria Court,E01025277,Preston 002B,Other theft,Investigation complete; no suspect identified,
8cadb3c89f6c61a7cca4f613685890221c50e89c20a286ca687ca47672d159bb,2021-06,Lancashire Constabulary,Lancashire Constabulary,-2.703723,53.802723,On or near Highrigg Drive,E01025277,Preston 002B,Other theft,Status update unavailable,
4fe8bb6242098195d2a81f5466e2e77a5a3c3216e941434af1e94f1c5384527e,2021-06,Lancashire Constabulary,Lancashire Constabulary,-2.723141,53.809682,On or near Petrol Station,E01025277,Preston 002B,Public order,Unable to prosecute suspect,
5ecadffb1ff80bef562a4fb9602666fdd9ba8479903b7769254747f1f3180ff1,2021-06,Lancashire Constabulary,Lancashire Constabulary,-2.723285,53.804791,On or near Garstang Road,E01025277,Preston 002B,Public order,Unable to prosecute suspect,
a44d19cd2ca73706746a520578c2dbf500d0beacee4195670a16b4068c168a36,2021-06,Lancashire Constabulary,Lancashire Constabulary,-2.716286,53.801319,On or near Pedestrian Subway,E01025277,Preston 002B,Robbery,Court result unavailable,
d9b50614d54494701947a55a3ea67ccb5a261ba0759d8c9ac71da888659851ba,2021-06,Lancashire Constabulary,Lancashire Constabulary,-2.723401,53.810615,On or near Petrol Station,E01025277,Preston 002B,Shoplifting,Status update unavailable,
accacba7b3749d0bd1cd46a928208a70eaa1628c79e2cbfcd6b9c3334c5636a9,2021-06,Lancashire Constabulary,Lancashire Constabulary,-2.731588,53.806368,On or near Moorcroft,E01025277,Preston 002B,Vehicle crime,Unable to prosecute suspect,
57b6ef0c647503c9842cd15426dd8480e45823dc0869ea525f418b4fb341447c,2021-06,Lancashire Constabulary,Lancashire Constabulary,-2.723285,53.804791,On or near Garstang Road,E01025277,Preston 002B,Violence and sexual offences,Unable to prosecute suspect,
,2021-06,Lancashire Constabulary,Lancashire Constabulary,-2.743797,53.793502,On or near Abbott Croft,E01025280,Preston 002C,Anti-social behaviour,,
,2021-06,Lancashire Constabulary,Lancashire Constabulary,-2.802673,53.807306,On or near Roots Lane,E01025280,Preston 002C,Anti-social behaviour,,
,2021-06,Lancashire Constabulary,Lancashire Constabulary,-2.755582,53.788719,On or near Hoyle'S Lane,E01025280,Preston 002C,Anti-social behaviour,,
,2021-06,Lancashire Constabulary,Lancashire Constabulary,-2.761696,53.786865,On or near Hoyles Lane,E01025280,Preston 002C,Anti-social behaviour,,
,2021-06,Lancashire Constabulary,Lancashire Constabulary,-2.755582,53.788719,On or near Hoyle'S Lane,E01025280,Preston 002C,Anti-social behaviour,,
,2021-06,Lancashire Constabulary,Lancashire Constabulary,-2.761696,53.786865,On or near Hoyles Lane,E01025280,Preston 002C,Anti-social behaviour,,
,2021-06,Lancashire Constabulary,Lancashire Constabulary,-2.748961,53.791097,On or near Brook Meadow,E01025280,Preston 002C,Anti-social behaviour,,
,2021-06,Lancashire Constabulary,Lancashire Constabulary,-2.776884,53.833371,On or near Brierley Lane,E01025280,Preston 002C,Anti-social behaviour,,
,2021-06,Lancashire Constabulary,Lancashire Constabulary,-2.751804,53.789623,On or near Bude Close,E01025280,Preston 002C,Anti-social behaviour,,
,2021-06,Lancashire Constabulary,Lancashire Constabulary,-2.761499,53.786875,On or near The Granings,E01025280,Preston 002C,Anti-social behaviour,,
,2021-06,Lancashire Constabulary,Lancashire Constabulary,-2.761499,53.786875,On or near The Granings,E01025280,Preston 002C,Anti-social behaviour,,
,2021-06,Lancashire Constabulary,Lancashire Constabulary,-2.749647,53.790401,On or near Tag Lane,E01025280,Preston 002C,Anti-social behaviour,,
,2021-06,Lancashire Constabulary,Lancashire Constabulary,-2.749647,53.790401,On or near Tag Lane,E01025280,Preston 002C,Anti-social behaviour,,
84a4978dcc97c0286fa407368a44a61e272823e7944b05cce497d4ba67991a55,2021-06,Lancashire Constabulary,Lancashire Constabulary,-2.809894,53.816363,On or near Chapel Lane,E01025280,Preston 002C,Other theft,Investigation complete; no suspect identified,
6133d27bf74dc6d5bcd7b9553eab6ab419769b1178675004aa357ad8b2361555,2021-06,Lancashire Constabulary,Lancashire Constabulary,-2.789662,53.824416,On or near Lewth Farm,E01025280,Preston 002C,Violence and sexual offences,Status update unavailable,
5895c6d22aba69e3e1d1cfb277e3c13dcf33bfd074ad84da7af4caa65a61d26c,2021-06,Lancashire Constabulary,Lancashire Constabulary,-2.761499,53.786875,On or near The Granings,E01025280,Preston 002C,Violence and sexual offences,Unable to prosecute suspect,
47667d6873309ad1390f9b16c37e55244a3b338a2cb9339aa1e4e40472e09e74,2021-06,Lancashire Constabulary,Lancashire Constabulary,-2.761696,53.786865,On or near Hoyles Lane,E01025280,Preston 002C,Violence and sexual offences,Unable to prosecute suspect,
d531eaf231d65a0b0fb4549824ac501286b3e67724f52453fd90f3f30b0e4b60,2021-06,Lancashire Constabulary,Lancashire Constabulary,-2.761696,53.786865,On or near Hoyles Lane,E01025280,Preston 002C,Violence and sexual offences,Unable to prosecute suspect,
4b7aac50fb935817dd918a913f671b18c6f563139bd33ad05747fef2b9e65f58,2021-06,Lancashire Constabulary,Lancashire Constabulary,-2.761499,53.786875,On or near The Granings,E01025280,Preston 002C,Violence and sexual offences,Unable to prosecute suspect,
,2021-06,Lancashire Constabulary,Lancashire Constabulary,-2.737267,53.830592,On or near Parking Area,E01025281,Preston 002D,Anti-social behaviour,,
,2021-06,Lancashire Constabulary,Lancashire Constabulary,-2.737892,53.801296,On or near Park/Open Space,E01025281,Preston 002D,Anti-social behaviour,,
,2021-06,Lancashire Constabulary,Lancashire Constabulary,-2.737267,53.830592,On or near Parking Area,E01025281,Preston 002D,Anti-social behaviour,,
,2021-06,Lancashire Constabulary,Lancashire Constabulary,-2.737762,53.835406,On or near Long Croft,E01025281,Preston 002D,Anti-social behaviour,,
faf1411cebbc88e4a2fa54b53deb2f8a79f7452f1a3f700f3c6f23993b57c4c7,2021-06,Lancashire Constabulary,Lancashire Constabulary,-2.733683,53.820233,On or near St Michael'S Place,E01025281,Preston 002D,Burglary,Status update unavailable,
60eaa290741408b78a42e7ccf3f9ec6510d06723bd94fe3db39b024cb1fefd6a,2021-06,Lancashire Constabulary,Lancashire Constabulary,-2.725606,53.834555,On or near Jepps Lane,E01025281,Preston 002D,Violence and sexual offences,Unable to prosecute suspect,
3b3afa6142598c246d6c46b567014977efc8e662ba671569c833b8c485db9c0c,2021-06,Lancashire Constabulary,Lancashire Constabulary,-2.733195,53.821871,On or near Woodlands Way,E01025281,Preston 002D,Violence and sexual offences,Further investigation is not in the public interest,
,2021-06,Lancashire Constabulary,Lancashire Constabulary,-2.712738,53.787256,On or near Petrol Station,E01025256,Preston 003A,Anti-social behaviour,,
,2021-06,Lancashire Constabulary,Lancashire Constabulary,-2.718519,53.783599,On or near Ridgeford Gardens,E01025256,Preston 003A,Anti-social behaviour,,
1dc38ef85bb603f0ceb1e89ffb25902744af9cde9de8e11f5a4e0862d330e10c,2021-06,Lancashire Constabulary,Lancashire Constabulary,-2.718519,53.783599,On or near Ridgeford Gardens,E01025256,Preston 003A,Criminal damage and arson,Court result unavailable,
ab54be2d39468a1985474a20e0dab7d2b67b6f3e23849225e9342fa45bfbd992,2021-06,Lancashire Constabulary,Lancashire Constabulary,-2.718519,53.783599,On or near Ridgeford Gardens,E01025256,Preston 003A,Possession of weapons,Court result unavailable,
fb3fea878bab87f16324470b82291bada9b08237b88c1d7998e32ae671843cf6,2021-06,Lancashire Constabulary,Lancashire Constabulary,-2.712738,53.787256,On or near Petrol Station,E01025256,Preston 003A,Shoplifting,Court result unavailable,
9def278d2d1a1fa5218936a5e0908957e691a4da6ef3256281614216e9dc5e90,2021-06,Lancashire Constabulary,Lancashire Constabulary,-2.715861,53.788837,On or near Hawkhurst Avenue,E01025256,Preston 003A,Vehicle crime,Investigation complete; no suspect identified,
40df9645ee8ca87513bddd85fb013b13d3df88c57d863f42f79f3efc30aa32e2,2021-06,Lancashire Constabulary,Lancashire Constabulary,-2.712738,53.787256,On or near Petrol Station,E01025256,Preston 003A,Other crime,Unable to prosecute suspect,
,2021-06,Lancashire Constabulary,Lancashire Constabulary,-2.718744,53.791399,On or near Janice Drive,E01025258,Preston 003B,Anti-social behaviour,,
,2021-06,Lancashire Constabulary,Lancashire Constabulary,-2.722896,53.789226,On or near Conway Drive,E01025258,Preston 003B,Anti-social behaviour,,
,2021-06,Lancashire Constabulary,Lancashire Constabulary,-2.724608,53.789072,On or near Stour Lodge,E01025258,Preston 003B,Anti-social behaviour,,
,2021-06,Lancashire Constabulary,Lancashire Constabulary,-2.721504,53.790394,On or near Barnsfold,E01025258,Preston 003B,Anti-social behaviour,,
,2021-06,Lancashire Constabulary,Lancashire Constabulary,-2.718744,53.791399,On or near Janice Drive,E01025258,Preston 003B,Anti-social behaviour,,
,2021-06,Lancashire Constabulary,Lancashire Constabulary,-2.721504,53.790394,On or near Barnsfold,E01025258,Preston 003B,Anti-social behaviour,,
,2021-06,Lancashire Constabulary,Lancashire Constabulary,-2.724608,53.789072,On or near Stour Lodge,E01025258,Preston 003B,Anti-social behaviour,,
e7338e1409966db7c1faf4d8f8abf76e21c18c03239b6f45dfebfb5002109176,2021-06,Lancashire Constabulary,Lancashire Constabulary,-2.717695,53.786866,On or near Black Bull Lane,E01025258,Preston 003B,Public order,Unable to prosecute suspect,
226ec41a2fa59792102efc9c57165e9eb2f2e8f688599ae084597c5ef5548a10,2021-06,Lancashire Constabulary,Lancashire Constabulary,-2.718744,53.791399,On or near Janice Drive,E01025258,Preston 003B,Violence and sexual offences,Court result unavailable,
d5861bf174fb0ab5060bb056aaba2949441cb6a62a2df8ceba194f7ee4aaa387,2021-06,Lancashire Constabulary,Lancashire Constabulary,-2.717695,53.786866,On or near Black Bull Lane,E01025258,Preston 003B,Violence and sexual offences,Unable to prosecute suspect,
,2021-06,Lancashire Constabulary,Lancashire Constabulary,-2.723022,53.795679,On or near Avon Bridge,E01025259,Preston 003C,Anti-social behaviour,,
,2021-06,Lancashire Constabulary,Lancashire Constabulary,-2.724313,53.797487,On or near Lime Chase,E01025259,Preston 003C,Anti-social behaviour,,
,2021-06,Lancashire Constabulary,Lancashire Constabulary,-2.718306,53.797774,On or near Old Croft,E01025259,Preston 003C,Anti-social behaviour,,
,2021-06,Lancashire Constabulary,Lancashire Constabulary,-2.718306,53.797774,On or near Old Croft,E01025259,Preston 003C,Anti-social behaviour,,
,2021-06,Lancashire Constabulary,Lancashire Constabulary,-2.723022,53.795679,On or near Avon Bridge,E01025259,Preston 003C,Anti-social behaviour,,
,2021-06,Lancashire Constabulary,Lancashire Constabulary,-2.715922,53.795083,On or near Marlborough Drive,E01025259,Preston 003C,Anti-social behaviour,,
5422e0ab603b4448c545faf923e1a977f8693f5298bac537525af3f79214f42c,2021-06,Lancashire Constabulary,Lancashire Constabulary,-2.724291,53.796219,On or near Severn Hill,E01025259,Preston 003C,Criminal damage and arson,Investigation complete; no suspect identified,
0615823da1456d95135ec2e7883c30326162cfe5560d417b238f3bcbd9bbf04c,2021-06,Lancashire Constabulary,Lancashire Constabulary,-2.721877,53.796216,On or near Newark Place,E01025259,Preston 003C,Other theft,Investigation complete; no suspect identified,
7454df5b3f0c616010f8d77e07aad2731e44a53fd3bc23ed3ade1886f0190314,2021-06,Lancashire Constabulary,Lancashire Constabulary,-2.724831,53.794958,On or near Cheriton Field,E01025259,Preston 003C,Violence and sexual offences,Further investigation is not in the public interest,
d96ceca4cd887d855d120a1b3be74970864d75c46a23befd68d802b4757963da,2021-06,Lancashire Constabulary,Lancashire Constabulary,-2.718438,53.794852,On or near Chestnut Drive,E01025259,Preston 003C,Violence and sexual offences,Investigation complete; no suspect identified,
c91ef5f10e84c909202f1f18a4d868df51e4bf1054b39a79f756d3d36477ac8d,2021-06,Lancashire Constabulary,Lancashire Constabulary,-2.718438,53.794852,On or near Chestnut Drive,E01025259,Preston 003C,Violence and sexual offences,Status update unavailable,
faccb90f7a97a31195eb75efc443c3d9d2410af33b8b0a5263e7fd1285952992,2021-06,Lancashire Constabulary,Lancashire Constabulary,-2.717078,53.797899,On or near Lightfoot Close,E01025259,Preston 003C,Violence and sexual offences,Unable to prosecute suspect,
a4ce659dda70010f186dc8b0707a7ba60b7a5fce1d89d582ccdf7e9c0829ef46,2021-06,Lancashire Constabulary,Lancashire Constabulary,-2.718438,53.794852,On or near Chestnut Drive,E01025259,Preston 003C,Violence and sexual offences,Status update unavailable,
695cefc1e174049d57bbf9b75a65c813f1dd614213371a46d98977331263ebc4,2021-06,Lancashire Constabulary,Lancashire Constabulary,-2.718438,53.794852,On or near Chestnut Drive,E01025259,Preston 003C,Violence and sexual offences,Status update unavailable,
97ae423ac5afbc93b6aa92f50eef6b4baacd92d29709387e50f2d19a6693d7f9,2021-06,Lancashire Constabulary,Lancashire Constabulary,-2.718438,53.794852,On or near Chestnut Drive,E01025259,Preston 003C,Violence and sexual offences,Unable to prosecute suspect,
fc543f5413ad0159ed6be9230b168f28f7011107d7f7c72959c06c07566a54c5,2021-06,Lancashire Constabulary,Lancashire Constabulary,-2.724313,53.797487,On or near Lime Chase,E01025259,Preston 003C,Violence and sexual offences,Status update unavailable,
ba0e0b18efacc4f5d0e3748a9eddb1bb23ac3065eace6c50de1618e69304e814,2021-06,Lancashire Constabulary,Lancashire Constabulary,-2.718438,53.794852,On or near Chestnut Drive,E01025259,Preston 003C,Other crime,Unable to prosecute suspect,
,2021-06,Lancashire Constabulary,Lancashire Constabulary,-2.705149,53.797187,On or near Longley Close,E01025301,Preston 003E,Anti-social behaviour,,
620fc5d30dc719b28e9be9a9b9ae7c8d2cb0ba00ac4fac04ee76861a756d4b08,2021-06,Lancashire Constabulary,Lancashire Constabulary,-2.705149,53.797187,On or near Longley Close,E01025301,Preston 003E,Violence and sexual offences,Unable to prosecute suspect,
d524d0ff553a9761b68f75a7862ffee87b7e8c13732152de339787c15972ced8,2021-06,Lancashire Constabulary,Lancashire Constabulary,-2.702137,53.797762,On or near Langport Close,E01025301,Preston 003E,Violence and sexual offences,Unable to prosecute suspect,
c6ee16c94b83dddb69acb56e25ac734e9355fe2bad099bef8ac9452462ad2069,2021-06,Lancashire Constabulary,Lancashire Constabulary,-2.706395,53.796389,On or near Martinfield,E01025301,Preston 003E,Violence and sexual offences,Unable to prosecute suspect,
,2021-06,Lancashire Constabulary,Lancashire Constabulary,-2.712636,53.796433,On or near South Grove,E01025302,Preston 003F,Anti-social behaviour,,
,2021-06,Lancashire Constabulary,Lancashire Constabulary,-2.712636,53.796433,On or near South Grove,E01025302,Preston 003F,Anti-social behaviour,,
0ebd8f578eefb4b6eee8b32c60fd042f74d8fefbbbb0253d0d09dc6fd3ef0a7f,2021-06,Lancashire Constabulary,Lancashire Constabulary,-2.713186,53.797544,On or near Highfield Drive,E01025302,Preston 003F,Burglary,Investigation complete; no suspect identified,
2ce94212516ba942655fd87cf2b437e05d0356777b6eb697d2b5cb56cfe0de99,2021-06,Lancashire Constabulary,Lancashire Constabulary,-2.712636,53.796433,On or near South Grove,E01025302,Preston 003F,Criminal damage and arson,Unable to prosecute suspect,
,2021-06,Lancashire Constabulary,Lancashire Constabulary,-2.683125,53.790987,On or near Loxley Green,E01025253,Preston 004A,Anti-social behaviour,,
,2021-06,Lancashire Constabulary,Lancashire Constabulary,-2.678519,53.794348,On or near Middleton Road,E01025253,Preston 004A,Anti-social behaviour,,
,2021-06,Lancashire Constabulary,Lancashire Constabulary,-2.679687,53.793353,On or near Williams Lane,E01025253,Preston 004A,Anti-social behaviour,,
,2021-06,Lancashire Constabulary,Lancashire Constabulary,-2.673856,53.787552,On or near Wookey Close,E01025253,Preston 004A,Anti-social behaviour,,
,2021-06,Lancashire Constabulary,Lancashire Constabulary,-2.678519,53.794348,On or near Middleton Road,E01025253,Preston 004A,Anti-social behaviour,,
27fd11f927859574a73809f65d8a0f80e1d75b110996fa72d680ccef63a518ca,2021-06,Lancashire Constabulary,Lancashire Constabulary,-2.678519,53.794348,On or near Middleton Road,E01025253,Preston 004A,Drugs,Status update unavailable,
169e767a9f98c027dcd136b3a556ff0ce81e631cb48e577e539212a5bd99150e,2021-06,Lancashire Constabulary,Lancashire Constabulary,-2.683125,53.790987,On or near Loxley Green,E01025253,Preston 004A,Other theft,Investigation complete; no suspect identified,
e2af5d39e36553d4b1bda9be48799ccba586e077010d26bc99b4f8736316a826,2021-06,Lancashire Constabulary,Lancashire Constabulary,-2.679687,53.793353,On or near Williams Lane,E01025253,Preston 004A,Public order,Unable to prosecute suspect,
2dc530fc73eb24909d226f71f839a760a232fbff309c0c0f3990c17be437725e,2021-06,Lancashire Constabulary,Lancashire Constabulary,-2.679687,53.793353,On or near Williams Lane,E01025253,Preston 004A,Public order,Unable to prosecute suspect,
fc35cddd196533bd71f26d7afade9095426d42e2cd43a75d340fb8f8fda6b895,2021-06,Lancashire Constabulary,Lancashire Constabulary,-2.673856,53.787552,On or near Wookey Close,E01025253,Preston 004A,Shoplifting,Further investigation is not in the public interest,
b1da683e49b4ca005afddb5e056e6a038731d248f20baca89409336aa76f761d,2021-06,Lancashire Constabulary,Lancashire Constabulary,-2.679687,53.793353,On or near Williams Lane,E01025253,Preston 004A,Violence and sexual offences,Status update unavailable,
d872d52bb5183913f205d08f00d53c5f9902ef7e84fa1563363085f2af83067d,2021-06,Lancashire Constabulary,Lancashire Constabulary,-2.669052,53.789916,On or near The Warren,E01025253,Preston 004A,Violence and sexual offences,Unable to prosecute suspect,
,2021-06,Lancashire Constabulary,Lancashire Constabulary,-2.653009,53.791964,On or near Petrol Station,E01025255,Preston 004C,Anti-social behaviour,,
,2021-06,Lancashire Constabulary,Lancashire Constabulary,-2.653009,53.791964,On or near Petrol Station,E01025255,Preston 004C,Anti-social behaviour,,
,2021-06,Lancashire Constabulary,Lancashire Constabulary,-2.664856,53.789508,On or near Sumners Barn,E01025255,Preston 004C,Anti-social behaviour,,
,2021-06,Lancashire Constabulary,Lancashire Constabulary,-2.653009,53.791964,On or near Petrol Station,E01025255,Preston 004C,Anti-social behaviour,,
,2021-06,Lancashire Constabulary,Lancashire Constabulary,-2.671696,53.785362,On or near Neapsands Close,E01025255,Preston 004C,Anti-social behaviour,,
530e2915222ec1cc37b85a10e058e48a86c69bda8e44d6d9589d4128da02a723,2021-06,Lancashire Constabulary,Lancashire Constabulary,-2.664846,53.786973,On or near Heatherway,E01025255,Preston 004C,Burglary,Investigation complete; no suspect identified,
9bb13e176befe09c0f1e1b4c2ee7e7fc3dc2aebbca597148576fb51e03273689,2021-06,Lancashire Constabulary,Lancashire Constabulary,-2.662154,53.786611,On or near Sandybrook Close,E01025255,Preston 004C,Criminal damage and arson,Investigation complete; no suspect identified,
d626f3e9a359cb46a97227108bad22ac34774a464aea25ac42c70764b9b9ab5a,2021-06,Lancashire Constabulary,Lancashire Constabulary,-2.653009,53.791964,On or near Petrol Station,E01025255,Preston 004C,Other theft,Status update unavailable,
045676cb8905c1cc8c4c5b2e0a6a9d4a5066b2b126ee94bbf5e0a23280375265,2021-06,Lancashire Constabulary,Lancashire Constabulary,-2.664856,53.789508,On or near Sumners Barn,E01025255,Preston 004C,Other theft,Investigation complete; no suspect identified,
e3fbfee39a21ff1b05f2627fb02dc90ed8d523aed04fd05f880a488386bc930c,2021-06,Lancashire Constabulary,Lancashire Constabulary,-2.653009,53.791964,On or near Petrol Station,E01025255,Preston 004C,Other theft,Further investigation is not in the public interest,
6e86a211b97279e13f3f9f73ebcaf1ef8f2ae675be7983f677561925da614bc0,2021-06,Lancashire Constabulary,Lancashire Constabulary,-2.653009,53.791964,On or near Petrol Station,E01025255,Preston 004C,Shoplifting,Status update unavailable,
1aed98e1c55794736a48d92bfd72c1247afb49b7d5f7ce0c3c43cb5bad39ffdb,2021-06,Lancashire Constabulary,Lancashire Constabulary,-2.653009,53.791964,On or near Petrol Station,E01025255,Preston 004C,Shoplifting,Status update unavailable,
221f890564c9ef68973cca2bec03c7eda437c099c0e351786007f34492bd3013,2021-06,Lancashire Constabulary,Lancashire Constabulary,-2.664856,53.789508,On or near Sumners Barn,E01025255,Preston 004C,Shoplifting,Status update unavailable,
c536cdb83444553eaa571e9df776a2fa230c861edf31831bcd903519f2f4e394,2021-06,Lancashire Constabulary,Lancashire Constabulary,-2.664856,53.789508,On or near Sumners Barn,E01025255,Preston 004C,Vehicle crime,Further investigation is not in the public interest,
4762f6ec2920cefcc9068b3e34a47a4dcb6fe636c4767754267207c36e9b7562,2021-06,Lancashire Constabulary,Lancashire Constabulary,-2.662154,53.786611,On or near Sandybrook Close,E01025255,Preston 004C,Violence and sexual offences,Court result unavailable,
,2021-06,Lancashire Constabulary,Lancashire Constabulary,-2.707055,53.792269,On or near Parking Area,E01025300,Preston 004D,Anti-social behaviour,,
,2021-06,Lancashire Constabulary,Lancashire Constabulary,-2.707055,53.792269,On or near Parking Area,E01025300,Preston 004D,Anti-social behaviour,,
,2021-06,Lancashire Constabulary,Lancashire Constabulary,-2.707055,53.792269,On or near Parking Area,E01025300,Preston 004D,Anti-social behaviour,,
9707c94f1f6186f29855db77d3654649c44aaec1f5d093e32c14121b732b1f49,2021-06,Lancashire Constabulary,Lancashire Constabulary,-2.694419,53.793781,On or near The Howgills,E01025300,Preston 004D,Burglary,Investigation complete; no suspect identified,
68daa26e1b251c0a124103588bfb65c6f0d0af37fd19753b060147f7eacbdd62,2021-06,Lancashire Constabulary,Lancashire Constabulary,-2.707055,53.792269,On or near Parking Area,E01025300,Preston 004D,Criminal damage and arson,Offender given penalty notice,
e13576c5fd2cd9837998eb4687358b39c5ad3470503a841ef0266371e7fe4ac1,2021-06,Lancashire Constabulary,Lancashire Constabulary,-2.707055,53.792269,On or near Parking Area,E01025300,Preston 004D,Other theft,Unable to prosecute suspect,
739e569b389026c472d120a36acf64f3fa683b61624cf047c0600f2c0ca735f9,2021-06,Lancashire Constabulary,Lancashire Constabulary,-2.707055,53.792269,On or near Parking Area,E01025300,Preston 004D,Public order,Status update unavailable,
68272d07ee8d81ad2c515ae0eb337e1a22cf3bf9a8f969e74732296e5d4c1f21,2021-06,Lancashire Constabulary,Lancashire Constabulary,-2.704511,53.790854,On or near Hospital,E01025300,Preston 004D,Vehicle crime,Unable to prosecute suspect,
ad4f46abf66926695ff087af7a63c9cdbf17c0fe34c01a7d83d76d6858f26c07,2021-06,Lancashire Constabulary,Lancashire Constabulary,-2.707055,53.792269,On or near Parking Area,E01025300,Preston 004D,Violence and sexual offences,Unable to prosecute suspect,
a43ee3ec7c3abd239b3615671ac754aaf8e0fa7e4842e4cae5eccc58aa1ebe85,2021-06,Lancashire Constabulary,Lancashire Constabulary,-2.707055,53.792269,On or near Parking Area,E01025300,Preston 004D,Violence and sexual offences,Court result unavailable,
0a9fc1dd24894da57b9d964d3cc79177c1e90ffee5960d904fde6640bba17c6e,2021-06,Lancashire Constabulary,Lancashire Constabulary,-2.707055,53.792269,On or near Parking Area,E01025300,Preston 004D,Violence and sexual offences,Court result unavailable,
678e266428f3c6a8aa4be91d168df4dd7e3132739992538e75dd54fb32268955,2021-06,Lancashire Constabulary,Lancashire Constabulary,-2.707055,53.792269,On or near Parking Area,E01025300,Preston 004D,Violence and sexual offences,Status update unavailable,
1d93cbf5ca2c053280223116e6375dad00512adc51aeee76fdafe52eb7e3a6e3,2021-06,Lancashire Constabulary,Lancashire Constabulary,-2.707055,53.792269,On or near Parking Area,E01025300,Preston 004D,Violence and sexual offences,Unable to prosecute suspect,
e47d9424a6e6a9a3165c893a6b013c2d26cd068c45c5b7f870b23905433f5894,2021-06,Lancashire Constabulary,Lancashire Constabulary,-2.707055,53.792269,On or near Parking Area,E01025300,Preston 004D,Violence and sexual offences,Court result unavailable,
414b1235515e8c2c06f01e7d9aae47757c1b92b011121e60df255f40bbd6d6bb,2021-06,Lancashire Constabulary,Lancashire Constabulary,-2.707055,53.792269,On or near Parking Area,E01025300,Preston 004D,Violence and sexual offences,Unable to prosecute suspect,
6212db7dc4e5c85685b99d2f86b5550caf3ad6e6895d070b24db7086d5bc73fe,2021-06,Lancashire Constabulary,Lancashire Constabulary,-2.707055,53.792269,On or near Parking Area,E01025300,Preston 004D,Violence and sexual offences,Unable to prosecute suspect,
,2021-06,Lancashire Constabulary,Lancashire Constabulary,-2.700389,53.793989,On or near Tower Lane,E01025303,Preston 004E,Anti-social behaviour,,
,2021-06,Lancashire Constabulary,Lancashire Constabulary,-2.700188,53.794691,On or near Tower Green,E01025303,Preston 004E,Anti-social behaviour,,
80fd4ab629633b4476b2abcdedf98a04179889dfb2261d7373aed758a2b98344,2021-06,Lancashire Constabulary,Lancashire Constabulary,-2.697060,53.791932,On or near Haighton Court,E01025303,Preston 004E,Burglary,Status update unavailable,
5a4105c0a4d0b7d06284c9a307b4d06fbf5e9239e7774ed19f25e6e5624b6256,2021-06,Lancashire Constabulary,Lancashire Constabulary,-2.697434,53.794329,On or near Deborah Avenue,E01025303,Preston 004E,Public order,Investigation complete; no suspect identified,
5a4105c0a4d0b7d06284c9a307b4d06fbf5e9239e7774ed19f25e6e5624b6256,2021-06,Lancashire Constabulary,Lancashire Constabulary,-2.697434,53.794329,On or near Deborah Avenue,E01025303,Preston 004E,Public order,Status update unavailable,
5d9b959ad1d23f1c2a2da8429d1b0ca108aa539eb59d11c3205ebe8f562c0711,2021-06,Lancashire Constabulary,Lancashire Constabulary,-2.696546,53.796582,On or near Barnacre Close,E01025303,Preston 004E,Shoplifting,Status update unavailable,
6f7bf33345cbec87427c4d93169e06db34f3098ec00fbc77ab3a3d13bef3138f,2021-06,Lancashire Constabulary,Lancashire Constabulary,-2.696546,53.796582,On or near Barnacre Close,E01025303,Preston 004E,Shoplifting,Status update unavailable,
3b00f67f9f7ffd955378d629435599bf075ecaee7274eb27ffdc521d88963bc0,2021-06,Lancashire Constabulary,Lancashire Constabulary,-2.691146,53.796918,On or near Caxton Road,E01025303,Preston 004E,Vehicle crime,Investigation complete; no suspect identified,
a8e8a5747387a67716d3912601219db66a2a7e03a041238eff56678e0b44eccb,2021-06,Lancashire Constabulary,Lancashire Constabulary,-2.696546,53.796582,On or near Barnacre Close,E01025303,Preston 004E,Violence and sexual offences,Local resolution,
302f0e96ca1e8bd630ef14998c579655db86307567dfed4256e939c06ee241c2,2021-06,Lancashire Constabulary,Lancashire Constabulary,-2.691146,53.796918,On or near Caxton Road,E01025303,Preston 004E,Violence and sexual offences,Investigation complete; no suspect identified,
e73d686cb6e57ff378daf693d6fabc09b4d095c385d07385347f9d6ad5d7f85e,2021-06,Lancashire Constabulary,Lancashire Constabulary,-2.693877,53.794943,On or near The Pennines,E01025303,Preston 004E,Violence and sexual offences,Unable to prosecute suspect,
440484bd6a3ec124043652c84a2e9bc07ce239950d8ddeeac8ff2dc3347cd5bd,2021-06,Lancashire Constabulary,Lancashire Constabulary,-2.696730,53.790307,On or near Masonwood,E01025303,Preston 004E,Violence and sexual offences,Unable to prosecute suspect,
,2021-06,Lancashire Constabulary,Lancashire Constabulary,-2.742822,53.780404,On or near Supermarket,E01025260,Preston 005A,Anti-social behaviour,,
,2021-06,Lancashire Constabulary,Lancashire Constabulary,-2.742784,53.777438,On or near Cromer Place,E01025260,Preston 005A,Anti-social behaviour,,
,2021-06,Lancashire Constabulary,Lancashire Constabulary,-2.740386,53.778279,On or near Worthing Road,E01025260,Preston 005A,Anti-social behaviour,,
,2021-06,Lancashire Constabulary,Lancashire Constabulary,-2.744063,53.776828,On or near Dalmore Road,E01025260,Preston 005A,Anti-social behaviour,,
,2021-06,Lancashire Constabulary,Lancashire Constabulary,-2.740386,53.778279,On or near Worthing Road,E01025260,Preston 005A,Anti-social behaviour,,
,2021-06,Lancashire Constabulary,Lancashire Constabulary,-2.743605,53.779203,On or near Cottam Avenue,E01025260,Preston 005A,Anti-social behaviour,,
,2021-06,Lancashire Constabulary,Lancashire Constabulary,-2.740386,53.778279,On or near Worthing Road,E01025260,Preston 005A,Anti-social behaviour,,
,2021-06,Lancashire Constabulary,Lancashire Constabulary,-2.740386,53.778279,On or near Worthing Road,E01025260,Preston 005A,Anti-social behaviour,,
,2021-06,Lancashire Constabulary,Lancashire Constabulary,-2.745925,53.775719,On or near Water'S Edge,E01025260,Preston 005A,Anti-social behaviour,,
,2021-06,Lancashire Constabulary,Lancashire Constabulary,-2.744784,53.780652,On or near Hayling Place,E01025260,Preston 005A,Anti-social behaviour,,
,2021-06,Lancashire Constabulary,Lancashire Constabulary,-2.745925,53.775719,On or near Water'S Edge,E01025260,Preston 005A,Anti-social behaviour,,
,2021-06,Lancashire Constabulary,Lancashire Constabulary,-2.740386,53.778279,On or near Worthing Road,E01025260,Preston 005A,Anti-social behaviour,,
,2021-06,Lancashire Constabulary,Lancashire Constabulary,-2.742784,53.777438,On or near Cromer Place,E01025260,Preston 005A,Anti-social behaviour,,
,2021-06,Lancashire Constabulary,Lancashire Constabulary,-2.740931,53.777341,On or near Westbrook Crescent,E01025260,Preston 005A,Anti-social behaviour,,
,2021-06,Lancashire Constabulary,Lancashire Constabulary,-2.740222,53.777552,On or near Margate Road,E01025260,Preston 005A,Anti-social behaviour,,
6a9f9bc470a053081d3de543a36f26b24c09cc0d2bf77cf0faca95265f53bfa0,2021-06,Lancashire Constabulary,Lancashire Constabulary,-2.745309,53.776883,On or near Bardsea Place,E01025260,Preston 005A,Criminal damage and arson,Investigation complete; no suspect identified,
5a8583bc9ae485163ae9b485abac89db9bc23999ade1cc162ec435ab4cd21815,2021-06,Lancashire Constabulary,Lancashire Constabulary,-2.745309,53.776883,On or near Bardsea Place,E01025260,Preston 005A,Criminal damage and arson,Investigation complete; no suspect identified,
a933bb6b7a3e017a7fbc486c631cd35808913bf5790f09c80063c7ec75a50850,2021-06,Lancashire Constabulary,Lancashire Constabulary,-2.745309,53.776883,On or near Bardsea Place,E01025260,Preston 005A,Criminal damage and arson,Unable to prosecute suspect,
60c8bdd5b57d94a50cb391bec8095f1f65028374b31f73f71aa5820c66fb5e5e,2021-06,Lancashire Constabulary,Lancashire Constabulary,-2.745309,53.776883,On or near Bardsea Place,E01025260,Preston 005A,Criminal damage and arson,Investigation complete; no suspect identified,
d2b6c8fff11b71cfef33187e02a5ed3dec9dbfb11925784c5d66be74ed38e10b,2021-06,Lancashire Constabulary,Lancashire Constabulary,-2.740222,53.777552,On or near Margate Road,E01025260,Preston 005A,Criminal damage and arson,Investigation complete; no suspect identified,
c4f9fdcfbbd7718c9be8c5acbddfb68e011ef46e39ff5558672d411c33da8db7,2021-06,Lancashire Constabulary,Lancashire Constabulary,-2.743605,53.779203,On or near Cottam Avenue,E01025260,Preston 005A,Criminal damage and arson,Status update unavailable,
c61f07f7f9a916050ffc0fe69bd3c91dfe3263fdb864709ab03c2728f468c9dd,2021-06,Lancashire Constabulary,Lancashire Constabulary,-2.744063,53.776828,On or near Dalmore Road,E01025260,Preston 005A,Criminal damage and arson,Investigation complete; no suspect identified,
ce79cc8adde957b7ab14ba734cf837cc7aa7e2f1e40cb226985e163a5684b0b2,2021-06,Lancashire Constabulary,Lancashire Constabulary,-2.740386,53.778279,On or near Worthing Road,E01025260,Preston 005A,Other theft,Investigation complete; no suspect identified,
1d25c5d8fb627ee5165a1633a305b58acedf2289b774d16990598feeec241693,2021-06,Lancashire Constabulary,Lancashire Constabulary,-2.744506,53.777832,On or near Beachley Road,E01025260,Preston 005A,Public order,Unable to prosecute suspect,
b6304f8748377064d96cb7bf40445f5bcff8795b99d76852a85a4808dd0c1614,2021-06,Lancashire Constabulary,Lancashire Constabulary,-2.743605,53.779203,On or near Cottam Avenue,E01025260,Preston 005A,Vehicle crime,Investigation complete; no suspect identified,
599c5df3c777971445e44b3b0a207b51aa8511325c46f9b70e241ce234ca064d,2021-06,Lancashire Constabulary,Lancashire Constabulary,-2.745925,53.775719,On or near Water'S Edge,E01025260,Preston 005A,Vehicle crime,Investigation complete; no suspect identified,
f3334eafbafc2f963cb08360f741c5288087a41e5d924fbdcd3ffca9435e4b48,2021-06,Lancashire Constabulary,Lancashire Constabulary,-2.743036,53.778811,On or near Clevedon Road,E01025260,Preston 005A,Violence and sexual offences,Unable to prosecute suspect,
3aadfb6dd6369a92b5b1971c80033b2521feec6469f3f5b521e17a472e9166f4,2021-06,Lancashire Constabulary,Lancashire Constabulary,-2.743036,53.778811,On or near Clevedon Road,E01025260,Preston 005A,Violence and sexual offences,Action to be taken by another organisation,
86378c98c23a57274f463c1bb2ffc1564bf63f1ec595e04527c6227595c62b56,2021-06,Lancashire Constabulary,Lancashire Constabulary,-2.744063,53.776828,On or near Dalmore Road,E01025260,Preston 005A,Violence and sexual offences,Court result unavailable,
b34d4b650035c8ceed6c71d01e4fe3c9e9d16195e224c5241ebfef1487816320,2021-06,Lancashire Constabulary,Lancashire Constabulary,-2.744063,53.776828,On or near Dalmore Road,E01025260,Preston 005A,Violence and sexual offences,Unable to prosecute suspect,
1b4e17ab0b299b9a9fed130fa3b8eae9ca0ae5d1fd1c423985a02fc9d0daa591,2021-06,Lancashire Constabulary,Lancashire Constabulary,-2.746074,53.776384,On or near Dunbar Road,E01025260,Preston 005A,Other crime,Further investigation is not in the public interest,
,2021-06,Lancashire Constabulary,Lancashire Constabulary,-2.744576,53.781750,On or near Redcar Avenue,E01025262,Preston 005B,Anti-social behaviour,,
,2021-06,Lancashire Constabulary,Lancashire Constabulary,-2.746413,53.781801,On or near Whitby Avenue,E01025262,Preston 005B,Anti-social behaviour,,
,2021-06,Lancashire Constabulary,Lancashire Constabulary,-2.740585,53.782656,On or near Ashbourne Crescent,E01025262,Preston 005B,Anti-social behaviour,,
,2021-06,Lancashire Constabulary,Lancashire Constabulary,-2.745343,53.783947,On or near Tag Farm Court,E01025262,Preston 005B,Anti-social behaviour,,
,2021-06,Lancashire Constabulary,Lancashire Constabulary,-2.745343,53.783947,On or near Tag Farm Court,E01025262,Preston 005B,Anti-social behaviour,,
e1c6ea32650f1a30ebdbf2a728236c2bb03372024eaf9a5745adfecaeaddbc7b,2021-06,Lancashire Constabulary,Lancashire Constabulary,-2.745307,53.781943,On or near Newlyn Place,E01025262,Preston 005B,Criminal damage and arson,Investigation complete; no suspect identified,
7a5d1f8a97e73c5db0996b9a7aea92de084ad3a76c0529c31f4b3c7c2f5c9f98,2021-06,Lancashire Constabulary,Lancashire Constabulary,-2.748051,53.785153,On or near Tag Croft,E01025262,Preston 005B,Criminal damage and arson,Investigation complete; no suspect identified,
bdbd98a6f4328506045c1a5d1e4e7c127d9fe2c0dab83ff0e1df7c0d28926a98,2021-06,Lancashire Constabulary,Lancashire Constabulary,-2.744221,53.781420,On or near St Ives Crescent,E01025262,Preston 005B,Other theft,Investigation complete; no suspect identified,
fbd4864aec174f8c16ff7af9ea7d7bca9e17910034da69eed42fa176762356ff,2021-06,Lancashire Constabulary,Lancashire Constabulary,-2.748051,53.785153,On or near Tag Croft,E01025262,Preston 005B,Public order,Formal action is not in the public interest,
bf1a687702f84a88b15af1b8e4670c25b297f18f88b9b6f49daaf20c4007cee2,2021-06,Lancashire Constabulary,Lancashire Constabulary,-2.748051,53.785153,On or near Tag Croft,E01025262,Preston 005B,Public order,Unable to prosecute suspect,
d27400dfd8dc6d17dba6e2c7d07a21e408dfeab0a727776f63cba7d6c04c7d30,2021-06,Lancashire Constabulary,Lancashire Constabulary,-2.746413,53.781801,On or near Whitby Avenue,E01025262,Preston 005B,Public order,Investigation complete; no suspect identified,
4846afffed944061748dadd7f78e3278e9c081ae5a289f095a3585e2a55fdda1,2021-06,Lancashire Constabulary,Lancashire Constabulary,-2.745307,53.781943,On or near Newlyn Place,E01025262,Preston 005B,Robbery,Unable to prosecute suspect,
28ae36082f1a01cd2db00eb49f0509f77a54fc51da8696175edde1195efb585f,2021-06,Lancashire Constabulary,Lancashire Constabulary,-2.750951,53.784353,On or near Pedestrian Subway,E01025262,Preston 005B,Violence and sexual offences,Unable to prosecute suspect,
e216b699d56f757db357a87e61d4ad0dd7343a9efee2722fdc99db10e12c607f,2021-06,Lancashire Constabulary,Lancashire Constabulary,-2.737946,53.782762,On or near Birchover Close,E01025262,Preston 005B,Violence and sexual offences,Unable to prosecute suspect,
06e431e3d15727c8ab78f9ee73743be08d307832a9cb740dca102ac720da2252,2021-06,Lancashire Constabulary,Lancashire Constabulary,-2.748051,53.785153,On or near Tag Croft,E01025262,Preston 005B,Violence and sexual offences,Investigation complete; no suspect identified,
ac606314b2d16cfa03f65c43eaa74af9f4b5f2c7cc1357853f99168f6533ea53,2021-06,Lancashire Constabulary,Lancashire Constabulary,-2.744221,53.781420,On or near St Ives Crescent,E01025262,Preston 005B,Violence and sexual offences,Unable to prosecute suspect,
d20b8be17a289052f07634470903f55123ffde18abaf0a10acca813ae338485a,2021-06,Lancashire Constabulary,Lancashire Constabulary,-2.740079,53.782344,On or near Dovedale Avenue,E01025262,Preston 005B,Violence and sexual offences,Unable to prosecute suspect,
cd5e79fcac6efd4ea815418c594ca57fedc28d859a7cea1aa0cb428562cf84f3,2021-06,Lancashire Constabulary,Lancashire Constabulary,-2.745343,53.783947,On or near Tag Farm Court,E01025262,Preston 005B,Violence and sexual offences,Further investigation is not in the public interest,
ee0f72fc8837128f3d9a0538f947b3db64cbb3fe2007f2c0d8627376fc700426,2021-06,Lancashire Constabulary,Lancashire Constabulary,-2.738956,53.782387,On or near Matlock Place,E01025262,Preston 005B,Violence and sexual offences,Unable to prosecute suspect,
560954ccc9c68b90b482a50f66147d0d9f88821cad1a180529d71b170d6ffcec,2021-06,Lancashire Constabulary,Lancashire Constabulary,-2.740079,53.782344,On or near Dovedale Avenue,E01025262,Preston 005B,Violence and sexual offences,Unable to prosecute suspect,
f402860b2fb340aa00b671a1d2cc7fd6fe2c6d8c19251efa6a2a9af4822db563,2021-06,Lancashire Constabulary,Lancashire Constabulary,-2.746413,53.781801,On or near Whitby Avenue,E01025262,Preston 005B,Violence and sexual offences,Investigation complete; no suspect identified,
feccd77f282b3e3e2b63e1fc16e734b96605dccefa6d4a893b0f6c57851e2ab6,2021-06,Lancashire Constabulary,Lancashire Constabulary,-2.748051,53.785153,On or near Tag Croft,E01025262,Preston 005B,Violence and sexual offences,Unable to prosecute suspect,
767b07aa8cf1efaaaa966ba836fef43684be5d02417d16d24d84163d3a5e94a8,2021-06,Lancashire Constabulary,Lancashire Constabulary,-2.746413,53.781801,On or near Whitby Avenue,E01025262,Preston 005B,Other crime,Unable to prosecute suspect,
,2021-06,Lancashire Constabulary,Lancashire Constabulary,-2.745922,53.790056,On or near New Rough Hey,E01025263,Preston 005C,Anti-social behaviour,,
,2021-06,Lancashire Constabulary,Lancashire Constabulary,-2.745922,53.790056,On or near New Rough Hey,E01025263,Preston 005C,Anti-social behaviour,,
,2021-06,Lancashire Constabulary,Lancashire Constabulary,-2.747058,53.785653,On or near Marlfield Close,E01025263,Preston 005C,Anti-social behaviour,,
,2021-06,Lancashire Constabulary,Lancashire Constabulary,-2.746102,53.786549,On or near Alder Grove,E01025263,Preston 005C,Anti-social behaviour,,
,2021-06,Lancashire Constabulary,Lancashire Constabulary,-2.745922,53.790056,On or near New Rough Hey,E01025263,Preston 005C,Anti-social behaviour,,
,2021-06,Lancashire Constabulary,Lancashire Constabulary,-2.745800,53.787477,On or near Village Green Lane,E01025263,Preston 005C,Anti-social behaviour,,
,2021-06,Lancashire Constabulary,Lancashire Constabulary,-2.748290,53.787497,On or near Goldburn Close,E01025263,Preston 005C,Anti-social behaviour,,
,2021-06,Lancashire Constabulary,Lancashire Constabulary,-2.745922,53.790056,On or near New Rough Hey,E01025263,Preston 005C,Anti-social behaviour,,
,2021-06,Lancashire Constabulary,Lancashire Constabulary,-2.745922,53.790056,On or near New Rough Hey,E01025263,Preston 005C,Anti-social behaviour,,
,2021-06,Lancashire Constabulary,Lancashire Constabulary,-2.745922,53.790056,On or near New Rough Hey,E01025263,Preston 005C,Anti-social behaviour,,
af4e074e8412cb952e4338f4c825be6a5e059f20ad42c674cd9a3811e3f426b4,2021-06,Lancashire Constabulary,Lancashire Constabulary,-2.745670,53.788682,On or near Turnfield,E01025263,Preston 005C,Criminal damage and arson,Unable to prosecute suspect,
50fad06eb56804e69a78c84b2e61b9429506113ddfee3c7772828afcb9f897a6,2021-06,Lancashire Constabulary,Lancashire Constabulary,-2.745670,53.788682,On or near Turnfield,E01025263,Preston 005C,Possession of weapons,Court result unavailable,
35cb239abd84207993acc293a7fba02481982f98e60231914a343c1bd4d3cf74,2021-06,Lancashire Constabulary,Lancashire Constabulary,-2.745670,53.788682,On or near Turnfield,E01025263,Preston 005C,Public order,Unable to prosecute suspect,
2b41f1deaf6c8088146b246ebe368b9170c5290b657f4a71a6047c9a94cbf07a,2021-06,Lancashire Constabulary,Lancashire Constabulary,-2.745670,53.788682,On or near Turnfield,E01025263,Preston 005C,Public order,Further investigation is not in the public interest,
90db95ca6847de1000a7c72fd7836e59213dfb27f52d67e443a8ac4dc749b95c,2021-06,Lancashire Constabulary,Lancashire Constabulary,-2.745922,53.790056,On or near New Rough Hey,E01025263,Preston 005C,Violence and sexual offences,Unable to prosecute suspect,
36da8d86abe77209a408839af4048f03ded69fc100e5e224228ef13dccea9ab5,2021-06,Lancashire Constabulary,Lancashire Constabulary,-2.745670,53.788682,On or near Turnfield,E01025263,Preston 005C,Violence and sexual offences,Unable to prosecute suspect,
1d5eabbc8b379dd2bcd4aba0fc726afe0828157acbe31aa70699d5070efcace5,2021-06,Lancashire Constabulary,Lancashire Constabulary,-2.748290,53.787497,On or near Goldburn Close,E01025263,Preston 005C,Violence and sexual offences,Investigation complete; no suspect identified,
2041ddb1343601ce44b93d5d300e62faf51f8dece65b07951500fddb72e6e91d,2021-06,Lancashire Constabulary,Lancashire Constabulary,-2.743586,53.789297,On or near Tanterton Hall Road,E01025263,Preston 005C,Violence and sexual offences,Unable to prosecute suspect,
3ea9e1882aa0e8ca9bc0ce918fb7ff0040d341aa4f13c1952fd29ceb325138e9,2021-06,Lancashire Constabulary,Lancashire Constabulary,-2.747981,53.788892,On or near Petrol Station,E01025263,Preston 005C,Violence and sexual offences,Unable to prosecute suspect,
0954476d15cd080bdd73d723e901e22c4280c25c19794b7923e3b011b29742de,2021-06,Lancashire Constabulary,Lancashire Constabulary,-2.747981,53.788892,On or near Petrol Station,E01025263,Preston 005C,Violence and sexual offences,Unable to prosecute suspect,
3727eb34480484e75c618eee2d3a9a7aa4f0808c340da85d08c23831758039d3,2021-06,Lancashire Constabulary,Lancashire Constabulary,-2.746102,53.786549,On or near Alder Grove,E01025263,Preston 005C,Violence and sexual offences,Unable to prosecute suspect,
c03ba19bc935673101c090afd355785f92d5aa35844c753e0ec61fd28dc9b067,2021-06,Lancashire Constabulary,Lancashire Constabulary,-2.745670,53.788682,On or near Turnfield,E01025263,Preston 005C,Violence and sexual offences,Unable to prosecute suspect,
dd8a077701a85bfbea5f3213093621eed616095c811791f9d498830e6863d478,2021-06,Lancashire Constabulary,Lancashire Constabulary,-2.745670,53.788682,On or near Turnfield,E01025263,Preston 005C,Other crime,Unable to prosecute suspect,
,2021-06,Lancashire Constabulary,Lancashire Constabulary,-2.740517,53.783995,On or near Threefields,E01025264,Preston 005D,Anti-social behaviour,,
,2021-06,Lancashire Constabulary,Lancashire Constabulary,-2.740517,53.783995,On or near Threefields,E01025264,Preston 005D,Anti-social behaviour,,
,2021-06,Lancashire Constabulary,Lancashire Constabulary,-2.740517,53.783995,On or near Threefields,E01025264,Preston 005D,Anti-social behaviour,,
,2021-06,Lancashire Constabulary,Lancashire Constabulary,-2.743296,53.786656,On or near Pool House Court,E01025264,Preston 005D,Anti-social behaviour,,
,2021-06,Lancashire Constabulary,Lancashire Constabulary,-2.739237,53.788012,On or near Sheraton Park,E01025264,Preston 005D,Anti-social behaviour,,
,2021-06,Lancashire Constabulary,Lancashire Constabulary,-2.743896,53.785385,On or near Sylvancroft,E01025264,Preston 005D,Anti-social behaviour,,
,2021-06,Lancashire Constabulary,Lancashire Constabulary,-2.739237,53.788012,On or near Sheraton Park,E01025264,Preston 005D,Anti-social behaviour,,
,2021-06,Lancashire Constabulary,Lancashire Constabulary,-2.745426,53.786922,On or near Maple Leaf Close,E01025264,Preston 005D,Anti-social behaviour,,
,2021-06,Lancashire Constabulary,Lancashire Constabulary,-2.738672,53.783485,On or near Sports/Recreation Area,E01025264,Preston 005D,Anti-social behaviour,,
9800ceaeef9496f41404a1bf29aed7edfb89f754cdc1355a40098de0e5d8bfeb,2021-06,Lancashire Constabulary,Lancashire Constabulary,-2.740517,53.783995,On or near Threefields,E01025264,Preston 005D,Criminal damage and arson,Unable to prosecute suspect,
559819bc06d4bda9322345d810e0184b298cc74eb4c7eaf31e0ac03aa1385617,2021-06,Lancashire Constabulary,Lancashire Constabulary,-2.738424,53.785779,On or near Dukes Meadow,E01025264,Preston 005D,Criminal damage and arson,Investigation complete; no suspect identified,
55d5b1e1991418fae24fb39717d07a6547160a90a0124b41dad01b61f3a22672,2021-06,Lancashire Constabulary,Lancashire Constabulary,-2.740658,53.787688,On or near Golf View,E01025264,Preston 005D,Other theft,Unable to prosecute suspect,
d9e90717efe4b0c7c745ecb5726411f96072d5cef673243a3cb97527869794cb,2021-06,Lancashire Constabulary,Lancashire Constabulary,-2.738672,53.783485,On or near Sports/Recreation Area,E01025264,Preston 005D,Possession of weapons,Unable to prosecute suspect,
e4b1c83b79e270a1d90eef1a9175f802b2bb387a4af3be3cfafafe70a7d994c4,2021-06,Lancashire Constabulary,Lancashire Constabulary,-2.740517,53.783995,On or near Threefields,E01025264,Preston 005D,Public order,Unable to prosecute suspect,
43bc830d44a72a2093e0074cd313389629fcd42e486fdf0cd2818e3dbb9d93ce,2021-06,Lancashire Constabulary,Lancashire Constabulary,-2.740517,53.783995,On or near Threefields,E01025264,Preston 005D,Public order,Investigation complete; no suspect identified,
c72744f1e512f2715f7e7c574551ee75c75b858c2cb08c9fab9dd5e229b70683,2021-06,Lancashire Constabulary,Lancashire Constabulary,-2.740517,53.783995,On or near Threefields,E01025264,Preston 005D,Public order,Investigation complete; no suspect identified,
a98084aff9059f3aec8a118e604eae8a43ffba91daf6e4a6dc4ba90e047a07eb,2021-06,Lancashire Constabulary,Lancashire Constabulary,-2.740517,53.783995,On or near Threefields,E01025264,Preston 005D,Public order,Investigation complete; no suspect identified,
be2b21618529e970e0ef198d5e847e00005f7c0f73de36e3bbc77ab673cef36e,2021-06,Lancashire Constabulary,Lancashire Constabulary,-2.740517,53.783995,On or near Threefields,E01025264,Preston 005D,Violence and sexual offences,Investigation complete; no suspect identified,
ad430c48cc5f661397c4f31df75c294c41c20e50775c8abcdd7e1ff24d3896a7,2021-06,Lancashire Constabulary,Lancashire Constabulary,-2.740517,53.783995,On or near Threefields,E01025264,Preston 005D,Violence and sexual offences,Investigation complete; no suspect identified,
3ccfccc85d226537f02d94bad57a1417bb1e18d7f4ea77127b23f0b4aab508e0,2021-06,Lancashire Constabulary,Lancashire Constabulary,-2.738672,53.783485,On or near Sports/Recreation Area,E01025264,Preston 005D,Violence and sexual offences,Unable to prosecute suspect,
0251865b5a92d3a4712f8d146fa6f2c01e4a68dc8ce6fed33f8af7cb313434d3,2021-06,Lancashire Constabulary,Lancashire Constabulary,-2.744425,53.786101,On or near Pool House Lane,E01025264,Preston 005D,Other crime,Investigation complete; no suspect identified,
,2021-06,Lancashire Constabulary,Lancashire Constabulary,-2.718289,53.777245,On or near Brook Street North,E01025239,Preston 006A,Anti-social behaviour,,
,2021-06,Lancashire Constabulary,Lancashire Constabulary,-2.725089,53.780000,On or near St Anthony'S Drive,E01025239,Preston 006A,Anti-social behaviour,,
,2021-06,Lancashire Constabulary,Lancashire Constabulary,-2.725316,53.780816,On or near St Anthony'S Close,E01025239,Preston 006A,Anti-social behaviour,,
,2021-06,Lancashire Constabulary,Lancashire Constabulary,-2.717016,53.777361,On or near Harland Street,E01025239,Preston 006A,Anti-social behaviour,,
cb028df8e314e3d7c03a15f1e838aca809414eb2ef00b31c966d772047af9437,2021-06,Lancashire Constabulary,Lancashire Constabulary,-2.722921,53.777469,On or near Millbank,E01025239,Preston 006A,Other theft,Status update unavailable,
2a2e372753cc0e502494fdab5cc0f39927c785bc9453f18f73abab20c8ecfc36,2021-06,Lancashire Constabulary,Lancashire Constabulary,-2.724662,53.777234,On or near Filberts Close,E01025239,Preston 006A,Vehicle crime,Investigation complete; no suspect identified,
6bd13063d5669e4b8f96402927c3bd4953b8c27cd5cefc4d71bd9b3328b9a18a,2021-06,Lancashire Constabulary,Lancashire Constabulary,-2.723983,53.777436,On or near The Filberts,E01025239,Preston 006A,Vehicle crime,Investigation complete; no suspect identified,
ad8ad53f2ccc76fefe264e191a45acc162eba49dac97bf9eeb580046e841c9c1,2021-06,Lancashire Constabulary,Lancashire Constabulary,-2.725199,53.781051,On or near St Anthony'S Crescent,E01025239,Preston 006A,Violence and sexual offences,Unable to prosecute suspect,
13afc292ba02cfbb6c23b22beb86939168a5c830a63017e84d8715dbf77b9a98,2021-06,Lancashire Constabulary,Lancashire Constabulary,-2.722838,53.778791,On or near Sports/Recreation Area,E01025239,Preston 006A,Violence and sexual offences,Investigation complete; no suspect identified,
2b3c64b0f6362b55a358a02a0648bd2d7ac733a1b8658447f71981cdf136e812,2021-06,Lancashire Constabulary,Lancashire Constabulary,-2.719510,53.779449,On or near Alvern Crescent,E01025239,Preston 006A,Violence and sexual offences,Unable to prosecute suspect,
5706f0f58e841de1019a455af386a51eae5456f6ff55f4182fe02cda1b13bd2c,2021-06,Lancashire Constabulary,Lancashire Constabulary,-2.715934,53.777053,On or near Lytham Road,E01025239,Preston 006A,Violence and sexual offences,Unable to prosecute suspect,
62ce81d15ff901a141addb9aa82ec1453ff1faf3e008eab5a5c4748ec3007b9a,2021-06,Lancashire Constabulary,Lancashire Constabulary,-2.725199,53.781051,On or near St Anthony'S Crescent,E01025239,Preston 006A,Violence and sexual offences,Further investigation is not in the public interest,
39489beedc2c67b3582f0187593055f722e706c82f1e1e7333bf39ac06ec6350,2021-06,Lancashire Constabulary,Lancashire Constabulary,-2.719014,53.778832,On or near Hillside Avenue,E01025239,Preston 006A,Violence and sexual offences,Further investigation is not in the public interest,
f7a08b7e7d647ed6098a72b66e56ded07a8936f3c88dc7c494f0b1a221d28c80,2021-06,Lancashire Constabulary,Lancashire Constabulary,-2.725199,53.781051,On or near St Anthony'S Crescent,E01025239,Preston 006A,Violence and sexual offences,Action to be taken by another organisation,
5c8072f3efc6750c090eb08848273077b7d1c0d1bd27c7b3e614a88a9c759f1f,2021-06,Lancashire Constabulary,Lancashire Constabulary,-2.719872,53.780175,On or near Hillpark Avenue,E01025239,Preston 006A,Violence and sexual offences,Investigation complete; no suspect identified,
,2021-06,Lancashire Constabulary,Lancashire Constabulary,-2.720915,53.782605,On or near Beacon Avenue,E01025241,Preston 006B,Anti-social behaviour,,
,2021-06,Lancashire Constabulary,Lancashire Constabulary,-2.720915,53.782605,On or near Beacon Avenue,E01025241,Preston 006B,Anti-social behaviour,,
,2021-06,Lancashire Constabulary,Lancashire Constabulary,-2.714210,53.781899,On or near Eastgate,E01025241,Preston 006B,Anti-social behaviour,,
cc9a84d3d02138f935f1b93c9eee5f29891f110b31dd962f9377237cb01484f1,2021-06,Lancashire Constabulary,Lancashire Constabulary,-2.714213,53.777593,On or near Derby Road,E01025241,Preston 006B,Violence and sexual offences,Unable to prosecute suspect,
6e520498c93e45cf030cba3b7b522424b52e7f48a42661210377f392a14a036b,2021-06,Lancashire Constabulary,Lancashire Constabulary,-2.714213,53.777593,On or near Derby Road,E01025241,Preston 006B,Violence and sexual offences,Court result unavailable,
00a12a3543f87a3429b21ac5e297da11d73debaa806be5de9570f8d0992941ab,2021-06,Lancashire Constabulary,Lancashire Constabulary,-2.716351,53.781077,On or near Stratford Drive,E01025241,Preston 006B,Violence and sexual offences,Unable to prosecute suspect,
,2021-06,Lancashire Constabulary,Lancashire Constabulary,-2.705260,53.786653,On or near Heathway,E01025242,Preston 006C,Anti-social behaviour,,
753a8994adb33c9b80bb1be2a896bfb37ae8dd8a07ae2671581b1c881ee10bf6,2021-06,Lancashire Constabulary,Lancashire Constabulary,-2.699816,53.786945,On or near Calder Avenue,E01025242,Preston 006C,Criminal damage and arson,Unable to prosecute suspect,
ce4ed43f87ba20df5667c1b0c95e42390cb24b2333d3e2c6d3e823dc2989781a,2021-06,Lancashire Constabulary,Lancashire Constabulary,-2.707311,53.778632,On or near Highgate Avenue,E01025242,Preston 006C,Violence and sexual offences,Unable to prosecute suspect,
,2021-06,Lancashire Constabulary,Lancashire Constabulary,-2.707568,53.776761,On or near Eaves Lane,E01025243,Preston 006D,Anti-social behaviour,,
,2021-06,Lancashire Constabulary,Lancashire Constabulary,-2.699190,53.777574,On or near Victoria Road,E01025243,Preston 006D,Anti-social behaviour,,
,2021-06,Lancashire Constabulary,Lancashire Constabulary,-2.699190,53.777574,On or near Victoria Road,E01025243,Preston 006D,Anti-social behaviour,,
,2021-06,Lancashire Constabulary,Lancashire Constabulary,-2.699190,53.777574,On or near Victoria Road,E01025243,Preston 006D,Anti-social behaviour,,
37695e4cec75e8486d47ea5bf7435568911f04302df301afb47932a7e8ebe310,2021-06,Lancashire Constabulary,Lancashire Constabulary,-2.707568,53.776761,On or near Eaves Lane,E01025243,Preston 006D,Bicycle theft,Investigation complete; no suspect identified,
91f0438f37c9ed7d51e2ac52ddfb56a909b833fa34cc3948decc504e2518332b,2021-06,Lancashire Constabulary,Lancashire Constabulary,-2.701467,53.776734,On or near Lower Bank Road,E01025243,Preston 006D,Burglary,Investigation complete; no suspect identified,
0e2758e6ad003766ab59269f7b6018340e56eeef734163e8e60d176b6006d029,2021-06,Lancashire Constabulary,Lancashire Constabulary,-2.703197,53.778530,On or near Vicarage Close,E01025243,Preston 006D,Burglary,Investigation complete; no suspect identified,
5b17da2a3a5f67bb509a513acb594b4b15e1f78999d7ce175c1b0a706678b75c,2021-06,Lancashire Constabulary,Lancashire Constabulary,-2.689215,53.777245,On or near Garrison Road,E01025243,Preston 006D,Criminal damage and arson,Local resolution,
61d0cb67450966fdf3ddfd77540653945bd304dcb981bd103389e78e470f0f05,2021-06,Lancashire Constabulary,Lancashire Constabulary,-2.702722,53.777383,On or near Albert Road,E01025243,Preston 006D,Criminal damage and arson,Unable to prosecute suspect,
2f5f0bffe531a64a53447a1cd50c29cbc2c8ee052afd541ff02c6063ed0461c5,2021-06,Lancashire Constabulary,Lancashire Constabulary,-2.697381,53.780128,On or near Fairfield Road,E01025243,Preston 006D,Criminal damage and arson,Unable to prosecute suspect,
41d678ebcb2d6530773c29f6f4cd4a3a74242c4255bbec03247fabe93815c909,2021-06,Lancashire Constabulary,Lancashire Constabulary,-2.698687,53.778368,On or near Watling Street Road,E01025243,Preston 006D,Other theft,Investigation complete; no suspect identified,
e50606b83dd7d6b6a2589e0ccab7191840ffd7ef0518adeb7e039e917b089cfa,2021-06,Lancashire Constabulary,Lancashire Constabulary,-2.707568,53.776761,On or near Eaves Lane,E01025243,Preston 006D,Public order,Further investigation is not in the public interest,
a356670bbf4d04cec4ba7eecc17b17186c588d2c230269de4676f09b6796d512,2021-06,Lancashire Constabulary,Lancashire Constabulary,-2.697858,53.780530,On or near Lulworth Road,E01025243,Preston 006D,Vehicle crime,Investigation complete; no suspect identified,
92e5d18cec51f818f3b610c37c9c5bb1fd1fb2fdcce1b4e21dc24c312539e38b,2021-06,Lancashire Constabulary,Lancashire Constabulary,-2.702722,53.777383,On or near Albert Road,E01025243,Preston 006D,Vehicle crime,Investigation complete; no suspect identified,
0eb25bf25749d2a4cdb42e3d1e22f7fd17d6c2b82faecd506ffa0b88bbf50cf8,2021-06,Lancashire Constabulary,Lancashire Constabulary,-2.702722,53.777383,On or near Albert Road,E01025243,Preston 006D,Violence and sexual offences,Unable to prosecute suspect,
3b06652c9ab36cde15151f07c2ce26072c6f6c7d9eac111bc46364e64953b7bd,2021-06,Lancashire Constabulary,Lancashire Constabulary,-2.698687,53.778368,On or near Watling Street Road,E01025243,Preston 006D,Violence and sexual offences,Unable to prosecute suspect,
f1c4d8da1f9617d7b0916b746c03ea3babf8dde7c00aab8063286fb792ad01ff,2021-06,Lancashire Constabulary,Lancashire Constabulary,-2.699027,53.780541,On or near Halkin Close,E01025243,Preston 006D,Violence and sexual offences,Unable to prosecute suspect,
5374efd141f1618825869c0b47ef60ffd52fb3f7b6465bbb38a7354ca761e2e7,2021-06,Lancashire Constabulary,Lancashire Constabulary,-2.689215,53.777245,On or near Garrison Road,E01025243,Preston 006D,Violence and sexual offences,Unable to prosecute suspect,
ae701d6b1d4d28c4e200504e56309e855a10ee071192c035466e6ddd3d49749a,2021-06,Lancashire Constabulary,Lancashire Constabulary,-2.707568,53.776761,On or near Eaves Lane,E01025243,Preston 006D,Violence and sexual offences,Unable to prosecute suspect,
5e90fa70031049babf898d0fbe0bcd212a5ca60ade97c04ba7b7dec03556a992,2021-06,Lancashire Constabulary,Lancashire Constabulary,-2.707568,53.776761,On or near Eaves Lane,E01025243,Preston 006D,Violence and sexual offences,Further investigation is not in the public interest,
,2021-06,Lancashire Constabulary,Lancashire Constabulary,-2.698006,53.781212,On or near Sharoe Green Lane,E01025251,Preston 006E,Anti-social behaviour,,
7006448bb9a5b573fb7800d1806958c73700129ed9a92985ce456d9fb75c1a39,2021-06,Lancashire Constabulary,Lancashire Constabulary,-2.698006,53.781212,On or near Sharoe Green Lane,E01025251,Preston 006E,Criminal damage and arson,Unable to prosecute suspect,
699e0ad9814e88a03ccee0c86bce914cbad78b3866169c81f27cb94d8e1758d4,2021-06,Lancashire Constabulary,Lancashire Constabulary,-2.698006,53.781212,On or near Sharoe Green Lane,E01025251,Preston 006E,Violence and sexual offences,Unable to prosecute suspect,
,2021-06,Lancashire Constabulary,Lancashire Constabulary,-2.659841,53.782354,On or near Halton Place,E01025234,Preston 007A,Anti-social behaviour,,
,2021-06,Lancashire Constabulary,Lancashire Constabulary,-2.656956,53.782253,On or near Parking Area,E01025234,Preston 007A,Anti-social behaviour,,
,2021-06,Lancashire Constabulary,Lancashire Constabulary,-2.660620,53.782665,On or near Oakworth Avenue,E01025234,Preston 007A,Anti-social behaviour,,
,2021-06,Lancashire Constabulary,Lancashire Constabulary,-2.639154,53.794250,On or near Peacock Hill Close,E01025234,Preston 007A,Anti-social behaviour,,
,2021-06,Lancashire Constabulary,Lancashire Constabulary,-2.637878,53.794203,On or near Jeffrey Hill Close,E01025234,Preston 007A,Anti-social behaviour,,
,2021-06,Lancashire Constabulary,Lancashire Constabulary,-2.660620,53.782665,On or near Oakworth Avenue,E01025234,Preston 007A,Anti-social behaviour,,
c9b29be2bdae32efb204b4287ae17713af3bc157125cd31a52d03657d4690a7f,2021-06,Lancashire Constabulary,Lancashire Constabulary,-2.660620,53.782665,On or near Oakworth Avenue,E01025234,Preston 007A,Criminal damage and arson,Unable to prosecute suspect,
98c5269493cf596929b34bc8b6bdf6759137c6117b11fb8a82b40109b0781263,2021-06,Lancashire Constabulary,Lancashire Constabulary,-2.654535,53.783714,On or near Glen Grove,E01025234,Preston 007A,Criminal damage and arson,Investigation complete; no suspect identified,
c7e027b9f6a6397d1d995206e98f483ed068705fcb148e80b507754ef0666165,2021-06,Lancashire Constabulary,Lancashire Constabulary,-2.659841,53.782354,On or near Halton Place,E01025234,Preston 007A,Criminal damage and arson,Investigation complete; no suspect identified,
a61e09a39404ca0d58923b78645496913cd5712c8194d472f3dfd2858d901769,2021-06,Lancashire Constabulary,Lancashire Constabulary,-2.660620,53.782665,On or near Oakworth Avenue,E01025234,Preston 007A,Criminal damage and arson,Unable to prosecute suspect,
d2cc2c18608948d2e263a2f2ac5631a619f23b5117de192adb5150921468b939,2021-06,Lancashire Constabulary,Lancashire Constabulary,-2.647230,53.788328,On or near B6242,E01025234,Preston 007A,Other theft,Status update unavailable,
f73993353f956e8fb900446e7dd092c9ecbf6a84113f90a0dcc31b894141671e,2021-06,Lancashire Constabulary,Lancashire Constabulary,-2.647230,53.788328,On or near B6242,E01025234,Preston 007A,Vehicle crime,Status update unavailable,
07ef85164542fafb145cb66246e817d67abb33067f121c68a31988e9e43ebda1,2021-06,Lancashire Constabulary,Lancashire Constabulary,-2.655769,53.784021,On or near Sulby Drive,E01025234,Preston 007A,Violence and sexual offences,Unable to prosecute suspect,
3eae6167def720d05b91d5ac16de199b5567cdfe9146bbcec9bc5105b6638005,2021-06,Lancashire Constabulary,Lancashire Constabulary,-2.654064,53.783707,On or near Franklands Drive,E01025234,Preston 007A,Violence and sexual offences,Unable to prosecute suspect,
093dc4f107e3f836e75a1435989ac3da2d5a8d51cc1c8baf1df4f2806149010d,2021-06,Lancashire Constabulary,Lancashire Constabulary,-2.654064,53.783707,On or near Franklands Drive,E01025234,Preston 007A,Violence and sexual offences,Unable to prosecute suspect,
d97e0679e45b5ab90bdb60eab364190e655afd5f242d76b8ee6b7f41f24170a3,2021-06,Lancashire Constabulary,Lancashire Constabulary,-2.654535,53.783714,On or near Glen Grove,E01025234,Preston 007A,Violence and sexual offences,Unable to prosecute suspect,
,2021-06,Lancashire Constabulary,Lancashire Constabulary,-2.665476,53.777838,On or near Munro Crescent,E01025235,Preston 007B,Anti-social behaviour,,
,2021-06,Lancashire Constabulary,Lancashire Constabulary,-2.668260,53.777364,On or near Lambert Close,E01025235,Preston 007B,Anti-social behaviour,,
,2021-06,Lancashire Constabulary,Lancashire Constabulary,-2.674716,53.773966,On or near Dalby Close,E01025235,Preston 007B,Anti-social behaviour,,
,2021-06,Lancashire Constabulary,Lancashire Constabulary,-2.669536,53.780269,On or near Barden Place,E01025235,Preston 007B,Anti-social behaviour,,
,2021-06,Lancashire Constabulary,Lancashire Constabulary,-2.667451,53.777998,On or near Assheton Place,E01025235,Preston 007B,Anti-social behaviour,,
9c13b10a19ebbf14447897620f8fee98515742eab6e763607c9ec015d0c43429,2021-06,Lancashire Constabulary,Lancashire Constabulary,-2.665476,53.777838,On or near Munro Crescent,E01025235,Preston 007B,Burglary,Investigation complete; no suspect identified,
ef6c129ffbe35903129ba81e9f5956c04873ed24e1da1543c8b7f8c0e526d0b0,2021-06,Lancashire Constabulary,Lancashire Constabulary,-2.673511,53.780211,On or near Dunsop Road,E01025235,Preston 007B,Criminal damage and arson,Investigation complete; no suspect identified,
9223c025d311fa07c18d603dd9466d02d76f98305d7d4fc6f876259ad1714da9,2021-06,Lancashire Constabulary,Lancashire Constabulary,-2.669536,53.780269,On or near Barden Place,E01025235,Preston 007B,Other theft,Unable to prosecute suspect,
ba54c1eda963d2e2fba4099402fc21e5fd89ba5d86c8ce00bb4adc3b32a35646,2021-06,Lancashire Constabulary,Lancashire Constabulary,-2.674716,53.773966,On or near Dalby Close,E01025235,Preston 007B,Shoplifting,Further investigation is not in the public interest,
28750c9efd00bf42bfae9f6b506cac16f64e98d267fc2d3b18b970ba72b1647d,2021-06,Lancashire Constabulary,Lancashire Constabulary,-2.671214,53.777042,On or near Cromwell Road,E01025235,Preston 007B,Violence and sexual offences,Status update unavailable,
912c0a48d55620d77c6374c04f7fe2ec03b27ad450ded8301f3c0a263eef3e86,2021-06,Lancashire Constabulary,Lancashire Constabulary,-2.667787,53.777196,On or near Lambert Road,E01025235,Preston 007B,Violence and sexual offences,Investigation complete; no suspect identified,
ebf63a4c0dca7135ad6514241c603a847ffacc6f2ecefe6c30199e2f7f081c4e,2021-06,Lancashire Constabulary,Lancashire Constabulary,-2.671645,53.779314,On or near Spinney Brow,E01025235,Preston 007B,Violence and sexual offences,Status update unavailable,
,2021-06,Lancashire Constabulary,Lancashire Constabulary,-2.662185,53.783770,On or near Troutbeck Place,E01025237,Preston 007C,Anti-social behaviour,,
,2021-06,Lancashire Constabulary,Lancashire Constabulary,-2.668057,53.781751,On or near Ingleton Road,E01025237,Preston 007C,Anti-social behaviour,,
3265cecf4c035993646b2ecbaccf9e756caa45743e82b8d8b44011fb1a038027,2021-06,Lancashire Constabulary,Lancashire Constabulary,-2.672183,53.780713,On or near Newby Place,E01025237,Preston 007C,Criminal damage and arson,Investigation complete; no suspect identified,
ee9e972893689a3ccfa4652f161b1d414b8d243d0c54e11aeb3ea615e71a6c87,2021-06,Lancashire Constabulary,Lancashire Constabulary,-2.672183,53.780713,On or near Newby Place,E01025237,Preston 007C,Criminal damage and arson,Status update unavailable,
67da371ce8a42def7874d280304436d327a83eb3d2586e3da67d0954f25f0490,2021-06,Lancashire Constabulary,Lancashire Constabulary,-2.668057,53.781751,On or near Ingleton Road,E01025237,Preston 007C,Criminal damage and arson,Unable to prosecute suspect,
f947212253a6ebd04d037acc8070a4def3b2d25aeed00f506b9acafd92e0e594,2021-06,Lancashire Constabulary,Lancashire Constabulary,-2.672183,53.780713,On or near Newby Place,E01025237,Preston 007C,Criminal damage and arson,Unable to prosecute suspect,
e8fcf34d13e1b0eceb64598f90d7aa8b9efab210b715a41043be2663f6e75ba1,2021-06,Lancashire Constabulary,Lancashire Constabulary,-2.672183,53.780713,On or near Newby Place,E01025237,Preston 007C,Criminal damage and arson,Status update unavailable,
c8d704cebd30594444b22ff2232bc92ebf43d8eecc7bb0db2d96f88acc9f760d,2021-06,Lancashire Constabulary,Lancashire Constabulary,-2.665982,53.781997,On or near Burnsall Place,E01025237,Preston 007C,Drugs,Further investigation is not in the public interest,
f73518d16bafb88a62f8b39f992083a1118009cc6343fd4f02ff96bec433db0e,2021-06,Lancashire Constabulary,Lancashire Constabulary,-2.668057,53.781751,On or near Ingleton Road,E01025237,Preston 007C,Shoplifting,Status update unavailable,
9016ebaf454af1458d8bff0f248632d5187171208a1cc16271c910bdeb5ff19d,2021-06,Lancashire Constabulary,Lancashire Constabulary,-2.668057,53.781751,On or near Ingleton Road,E01025237,Preston 007C,Shoplifting,Status update unavailable,
95fdf333224afe6a15285aa7bab3a42d5d34144576dfe52373b95db8430bd2a5,2021-06,Lancashire Constabulary,Lancashire Constabulary,-2.672183,53.780713,On or near Newby Place,E01025237,Preston 007C,Vehicle crime,Investigation complete; no suspect identified,
bb83dd4a4fccb285018229c7194408a3b2e64caad0d8650e4ab63ccab5130112,2021-06,Lancashire Constabulary,Lancashire Constabulary,-2.672183,53.780713,On or near Newby Place,E01025237,Preston 007C,Vehicle crime,Status update unavailable,
e289fe1f5e5029be89d558e819e267cbd24733ab92a727a3df4e337c43455ab3,2021-06,Lancashire Constabulary,Lancashire Constabulary,-2.672183,53.780713,On or near Newby Place,E01025237,Preston 007C,Violence and sexual offences,Investigation complete; no suspect identified,
1ea747a7b40a4ba9fe1ecb72494be8f3d226fdb628c7df43fbb974b95ffb6b97,2021-06,Lancashire Constabulary,Lancashire Constabulary,-2.662185,53.783770,On or near Troutbeck Place,E01025237,Preston 007C,Violence and sexual offences,Investigation complete; no suspect identified,
e774ac517aefa206996fdfa1a2dca87b27102589feb66ff554e666e6c097af52,2021-06,Lancashire Constabulary,Lancashire Constabulary,-2.665982,53.781997,On or near Burnsall Place,E01025237,Preston 007C,Violence and sexual offences,Unable to prosecute suspect,
4090bfe795405c91a486933343ec99d8a0d3ef894791532e43236b775361a598,2021-06,Lancashire Constabulary,Lancashire Constabulary,-2.668902,53.781477,On or near Hornby Avenue,E01025237,Preston 007C,Violence and sexual offences,Unable to prosecute suspect,
3bb315fd6c3ef57c61a480f285a71099c3aaa16241725882709c0ff157f8ed69,2021-06,Lancashire Constabulary,Lancashire Constabulary,-2.668057,53.781751,On or near Ingleton Road,E01025237,Preston 007C,Violence and sexual offences,Unable to prosecute suspect,
,2021-06,Lancashire Constabulary,Lancashire Constabulary,-2.668815,53.780732,On or near Westfield Drive,E01025238,Preston 007D,Anti-social behaviour,,
,2021-06,Lancashire Constabulary,Lancashire Constabulary,-2.663919,53.781136,On or near Heathfield Drive,E01025238,Preston 007D,Anti-social behaviour,,
,2021-06,Lancashire Constabulary,Lancashire Constabulary,-2.663919,53.781136,On or near Heathfield Drive,E01025238,Preston 007D,Anti-social behaviour,,
,2021-06,Lancashire Constabulary,Lancashire Constabulary,-2.663919,53.781136,On or near Heathfield Drive,E01025238,Preston 007D,Anti-social behaviour,,
,2021-06,Lancashire Constabulary,Lancashire Constabulary,-2.668815,53.780732,On or near Westfield Drive,E01025238,Preston 007D,Anti-social behaviour,,
,2021-06,Lancashire Constabulary,Lancashire Constabulary,-2.661726,53.780663,On or near Garsdale Road,E01025238,Preston 007D,Anti-social behaviour,,
,2021-06,Lancashire Constabulary,Lancashire Constabulary,-2.661726,53.780663,On or near Garsdale Road,E01025238,Preston 007D,Anti-social behaviour,,
,2021-06,Lancashire Constabulary,Lancashire Constabulary,-2.663919,53.781136,On or near Heathfield Drive,E01025238,Preston 007D,Anti-social behaviour,,
,2021-06,Lancashire Constabulary,Lancashire Constabulary,-2.661726,53.780663,On or near Garsdale Road,E01025238,Preston 007D,Anti-social behaviour,,
,2021-06,Lancashire Constabulary,Lancashire Constabulary,-2.661726,53.780663,On or near Garsdale Road,E01025238,Preston 007D,Anti-social behaviour,,
,2021-06,Lancashire Constabulary,Lancashire Constabulary,-2.661726,53.780663,On or near Garsdale Road,E01025238,Preston 007D,Anti-social behaviour,,
,2021-06,Lancashire Constabulary,Lancashire Constabulary,-2.661726,53.780663,On or near Garsdale Road,E01025238,Preston 007D,Anti-social behaviour,,
,2021-06,Lancashire Constabulary,Lancashire Constabulary,-2.668815,53.780732,On or near Westfield Drive,E01025238,Preston 007D,Anti-social behaviour,,
,2021-06,Lancashire Constabulary,Lancashire Constabulary,-2.661726,53.780663,On or near Garsdale Road,E01025238,Preston 007D,Anti-social behaviour,,
,2021-06,Lancashire Constabulary,Lancashire Constabulary,-2.661726,53.780663,On or near Garsdale Road,E01025238,Preston 007D,Anti-social behaviour,,
,2021-06,Lancashire Constabulary,Lancashire Constabulary,-2.661726,53.780663,On or near Garsdale Road,E01025238,Preston 007D,Anti-social behaviour,,
,2021-06,Lancashire Constabulary,Lancashire Constabulary,-2.668815,53.780732,On or near Westfield Drive,E01025238,Preston 007D,Anti-social behaviour,,
37f5a3e2dc352bccfd7dd802e44f451fba77bd3605eee9c3b12fc35e62c64db1,2021-06,Lancashire Constabulary,Lancashire Constabulary,-2.662266,53.782152,On or near Gisburn Road,E01025238,Preston 007D,Criminal damage and arson,Unable to prosecute suspect,
83e586104cfb807f89138f50514ad8f4fcd7d3547b4481580af7e2521deea6e3,2021-06,Lancashire Constabulary,Lancashire Constabulary,-2.671673,53.781048,On or near Wyresdale Crescent,E01025238,Preston 007D,Criminal damage and arson,Status update unavailable,
71a02f01c37dbd6c1b77604503d007cbf2711641645718707310908f37989c44,2021-06,Lancashire Constabulary,Lancashire Constabulary,-2.662266,53.782152,On or near Gisburn Road,E01025238,Preston 007D,Criminal damage and arson,Unable to prosecute suspect,
6a1eba83956b61b9b0848adf548842a54fe3c84f175bb96d3f0b075669d32f14,2021-06,Lancashire Constabulary,Lancashire Constabulary,-2.662266,53.782152,On or near Gisburn Road,E01025238,Preston 007D,Criminal damage and arson,Unable to prosecute suspect,
65424fed6ae5341babf436b49c697ea8d43011f6892cf2c95fe03c229a179504,2021-06,Lancashire Constabulary,Lancashire Constabulary,-2.662266,53.782152,On or near Gisburn Road,E01025238,Preston 007D,Criminal damage and arson,Investigation complete; no suspect identified,
0b405b84e2c22aed0b2be1f5a39dd76ab3123090d62bc38d2464b12e5bf585f3,2021-06,Lancashire Constabulary,Lancashire Constabulary,-2.663412,53.783647,On or near Leyburn Close,E01025238,Preston 007D,Criminal damage and arson,Unable to prosecute suspect,
ed5dcecf37c81fc8d397eb82d45a88951512c60896509f3b65bac3a3a8f16658,2021-06,Lancashire Constabulary,Lancashire Constabulary,-2.662266,53.782152,On or near Gisburn Road,E01025238,Preston 007D,Criminal damage and arson,Investigation complete; no suspect identified,
0c98126daa4d8bce9a8c66935ba8413b4755295afcc0481de4fd59ba9b251a0d,2021-06,Lancashire Constabulary,Lancashire Constabulary,-2.663717,53.782728,On or near Marsett Place,E01025238,Preston 007D,Other theft,Investigation complete; no suspect identified,
28251aa4a28a7f98d525b9b973c3df75f559a19e5a334a1ef28f162022c9e332,2021-06,Lancashire Constabulary,Lancashire Constabulary,-2.665733,53.780650,On or near Harrop Place,E01025238,Preston 007D,Possession of weapons,Unable to prosecute suspect,
35edda437546201dd3f658e2d6799ab114e7d0434099be183f7dae6b2df46431,2021-06,Lancashire Constabulary,Lancashire Constabulary,-2.663919,53.781136,On or near Heathfield Drive,E01025238,Preston 007D,Public order,Investigation complete; no suspect identified,
cbd821c1f691b7d68d42b2d330bf33708faf190c0e8d745255375c5839a5699d,2021-06,Lancashire Constabulary,Lancashire Constabulary,-2.661726,53.780663,On or near Garsdale Road,E01025238,Preston 007D,Public order,Investigation complete; no suspect identified,
ad3ed814145d68447bc0d3015371676e759d400c582858a19659bbacccaf6e26,2021-06,Lancashire Constabulary,Lancashire Constabulary,-2.661726,53.780663,On or near Garsdale Road,E01025238,Preston 007D,Public order,Further investigation is not in the public interest,
f36d4b95adeb828cb081b6c7103fece2759ed814e3340d34231e8a46723efa70,2021-06,Lancashire Constabulary,Lancashire Constabulary,-2.663412,53.783647,On or near Leyburn Close,E01025238,Preston 007D,Public order,Unable to prosecute suspect,
f4db9272f7168ca704d0a04b7b49baaeb97f5049434cf1304312571b0a6f160f,2021-06,Lancashire Constabulary,Lancashire Constabulary,-2.663919,53.781136,On or near Heathfield Drive,E01025238,Preston 007D,Public order,Status update unavailable,
3f5a1742467e6de84ab4676f0b2e2bf156352faba08fe4d4913f6561006d39a0,2021-06,Lancashire Constabulary,Lancashire Constabulary,-2.668815,53.780732,On or near Westfield Drive,E01025238,Preston 007D,Vehicle crime,Investigation complete; no suspect identified,
9a4d84de3e23ac56b42aaf6f809b739264c2df617f42a0ac8b06103284d7e72f,2021-06,Lancashire Constabulary,Lancashire Constabulary,-2.661726,53.780663,On or near Garsdale Road,E01025238,Preston 007D,Vehicle crime,Investigation complete; no suspect identified,
c430369346875dd8bd53990c5a49f37e757bdfdf033d71c394b2f4fbbe19d43a,2021-06,Lancashire Constabulary,Lancashire Constabulary,-2.663973,53.781675,On or near Mearley Road,E01025238,Preston 007D,Violence and sexual offences,Unable to prosecute suspect,
6cb47d2bc81a024f0816ea56476c5b0dd403b231fc2cc4fa29e9c860afeca441,2021-06,Lancashire Constabulary,Lancashire Constabulary,-2.662266,53.782152,On or near Gisburn Road,E01025238,Preston 007D,Violence and sexual offences,Unable to prosecute suspect,
af3c4513802652bc33124b98aabb78461b305a653065be259e08b27613382102,2021-06,Lancashire Constabulary,Lancashire Constabulary,-2.668815,53.780732,On or near Westfield Drive,E01025238,Preston 007D,Violence and sexual offences,Unable to prosecute suspect,
8cfe4134297f7dc39086af2a7363db6bbcad2736896b3144ff4a98ada5b4ad97,2021-06,Lancashire Constabulary,Lancashire Constabulary,-2.661726,53.780663,On or near Garsdale Road,E01025238,Preston 007D,Violence and sexual offences,Unable to prosecute suspect,
6f5cce88180d92b377aa8a9820a25bde460d93e4a1754eabe1aea2b66e4ec66f,2021-06,Lancashire Constabulary,Lancashire Constabulary,-2.663412,53.783647,On or near Leyburn Close,E01025238,Preston 007D,Violence and sexual offences,Unable to prosecute suspect,
96a7c2e35694cacd39efbc24d5003e06953a8920659facb08a008d6b1e3fd915,2021-06,Lancashire Constabulary,Lancashire Constabulary,-2.663919,53.781136,On or near Heathfield Drive,E01025238,Preston 007D,Violence and sexual offences,Investigation complete; no suspect identified,
34659836309ebeec7ead58eb2eb5fcc06b81b511b794fc106adde7e7bbbf82eb,2021-06,Lancashire Constabulary,Lancashire Constabulary,-2.663412,53.783647,On or near Leyburn Close,E01025238,Preston 007D,Violence and sexual offences,Unable to prosecute suspect,
97679c29c34ef01c2c68321d38c82005c869a08be7af3e8ad01b158713ae3a08,2021-06,Lancashire Constabulary,Lancashire Constabulary,-2.664743,53.782399,On or near Malham Place,E01025238,Preston 007D,Violence and sexual offences,Formal action is not in the public interest,
fdd44f81f6473ca6f7b200f8f8963640fd527a15a55e4f51dd778914389714eb,2021-06,Lancashire Constabulary,Lancashire Constabulary,-2.665733,53.780650,On or near Harrop Place,E01025238,Preston 007D,Other crime,Status update unavailable,
,2021-06,Lancashire Constabulary,Lancashire Constabulary,-2.689193,53.774091,On or near Parkside,E01025245,Preston 007E,Anti-social behaviour,,
,2021-06,Lancashire Constabulary,Lancashire Constabulary,-2.677768,53.773176,On or near Shopping Area,E01025245,Preston 007E,Anti-social behaviour,,
,2021-06,Lancashire Constabulary,Lancashire Constabulary,-2.689193,53.774091,On or near Parkside,E01025245,Preston 007E,Anti-social behaviour,,
,2021-06,Lancashire Constabulary,Lancashire Constabulary,-2.683240,53.773792,On or near Primrose Grove,E01025245,Preston 007E,Anti-social behaviour,,
,2021-06,Lancashire Constabulary,Lancashire Constabulary,-2.685138,53.772945,On or near Park Avenue,E01025245,Preston 007E,Anti-social behaviour,,
,2021-06,Lancashire Constabulary,Lancashire Constabulary,-2.678972,53.774464,On or near Shopping Area,E01025245,Preston 007E,Anti-social behaviour,,
,2021-06,Lancashire Constabulary,Lancashire Constabulary,-2.681913,53.775238,On or near Rose Lane,E01025245,Preston 007E,Anti-social behaviour,,
,2021-06,Lancashire Constabulary,Lancashire Constabulary,-2.677768,53.773176,On or near Shopping Area,E01025245,Preston 007E,Anti-social behaviour,,
,2021-06,Lancashire Constabulary,Lancashire Constabulary,-2.685404,53.774373,On or near Manor House Crescent,E01025245,Preston 007E,Anti-social behaviour,,
,2021-06,Lancashire Constabulary,Lancashire Constabulary,-2.685191,53.771534,On or near St Gregory Road,E01025245,Preston 007E,Anti-social behaviour,,
,2021-06,Lancashire Constabulary,Lancashire Constabulary,-2.683436,53.774636,On or near Primrose Lane,E01025245,Preston 007E,Anti-social behaviour,,
,2021-06,Lancashire Constabulary,Lancashire Constabulary,-2.683274,53.775841,On or near Manor House Lane,E01025245,Preston 007E,Anti-social behaviour,,
,2021-06,Lancashire Constabulary,Lancashire Constabulary,-2.683436,53.774636,On or near Primrose Lane,E01025245,Preston 007E,Anti-social behaviour,,
,2021-06,Lancashire Constabulary,Lancashire Constabulary,-2.685191,53.771534,On or near St Gregory Road,E01025245,Preston 007E,Anti-social behaviour,,
,2021-06,Lancashire Constabulary,Lancashire Constabulary,-2.683711,53.773799,On or near Primrose Road,E01025245,Preston 007E,Anti-social behaviour,,
,2021-06,Lancashire Constabulary,Lancashire Constabulary,-2.680728,53.771362,On or near Church Court,E01025245,Preston 007E,Anti-social behaviour,,
,2021-06,Lancashire Constabulary,Lancashire Constabulary,-2.685404,53.774373,On or near Manor House Crescent,E01025245,Preston 007E,Anti-social behaviour,,
,2021-06,Lancashire Constabulary,Lancashire Constabulary,-2.683436,53.774636,On or near Primrose Lane,E01025245,Preston 007E,Anti-social behaviour,,
,2021-06,Lancashire Constabulary,Lancashire Constabulary,-2.679820,53.771502,On or near St Oswalds Close,E01025245,Preston 007E,Anti-social behaviour,,
,2021-06,Lancashire Constabulary,Lancashire Constabulary,-2.679820,53.771502,On or near St Oswalds Close,E01025245,Preston 007E,Anti-social behaviour,,
6f7e9f6bc109f85acb855b256afe1e5d7c0c59bc144ddac77fbff8a28abc32e5,2021-06,Lancashire Constabulary,Lancashire Constabulary,-2.688411,53.773556,On or near Sherbourne Crescent,E01025245,Preston 007E,Burglary,Status update unavailable,
e4832ec23d7ee5813f24969490aa0a1182843211b72136ee31699b83cc4aea90,2021-06,Lancashire Constabulary,Lancashire Constabulary,-2.683274,53.775841,On or near Manor House Lane,E01025245,Preston 007E,Criminal damage and arson,Investigation complete; no suspect identified,
950b4da8fbeb2051f30e55215d26f21a1d01d6e61476470ea0eef464e41cbc81,2021-06,Lancashire Constabulary,Lancashire Constabulary,-2.689193,53.774091,On or near Parkside,E01025245,Preston 007E,Criminal damage and arson,Status update unavailable,
62c17bb0c1620b35d96caea005ab258f6c15e580db27ea9f0a05387a738cb7df,2021-06,Lancashire Constabulary,Lancashire Constabulary,-2.689193,53.774091,On or near Parkside,E01025245,Preston 007E,Criminal damage and arson,Unable to prosecute suspect,
df7744e493f969afcc11406c05feecaccb9d2d70af92c2ddb6f1ebbc8ba58975,2021-06,Lancashire Constabulary,Lancashire Constabulary,-2.679820,53.771502,On or near St Oswalds Close,E01025245,Preston 007E,Other theft,Unable to prosecute suspect,
c0060ee8bd2ce51223fdb8da07c05eecea2df861c458715e014acf689c0a07df,2021-06,Lancashire Constabulary,Lancashire Constabulary,-2.679820,53.771502,On or near St Oswalds Close,E01025245,Preston 007E,Other theft,Status update unavailable,
a5f860886c3ca4fb911abeabb12695e1f1c7a15c1c2b691d25987666b2d961df,2021-06,Lancashire Constabulary,Lancashire Constabulary,-2.679820,53.771502,On or near St Oswalds Close,E01025245,Preston 007E,Other theft,Further investigation is not in the public interest,
be4a83ee74ef9370d615c6272edaae3f4db85a8e76e88ce077798f82747953e8,2021-06,Lancashire Constabulary,Lancashire Constabulary,-2.679820,53.771502,On or near St Oswalds Close,E01025245,Preston 007E,Other theft,Further investigation is not in the public interest,
24fb54c9ff3124ff6da33fb63e1654541b650bb265a8adf62a5fdf071aa950a6,2021-06,Lancashire Constabulary,Lancashire Constabulary,-2.680804,53.773240,On or near Supermarket,E01025245,Preston 007E,Other theft,Further investigation is not in the public interest,
424da140aef5016ee937b0aa870aeee8c1571df57164934903ded042dc5b7fc4,2021-06,Lancashire Constabulary,Lancashire Constabulary,-2.680804,53.773240,On or near Supermarket,E01025245,Preston 007E,Other theft,Further investigation is not in the public interest,
0941b8558a4f929bbdbd75fe18178b47cbea2fdf33277ce4e29f86b45905dd5d,2021-06,Lancashire Constabulary,Lancashire Constabulary,-2.679820,53.771502,On or near St Oswalds Close,E01025245,Preston 007E,Other theft,Further investigation is not in the public interest,
d9935d763ddb16fb162e625be062727fd7eb4c9033dcecf232bb7a7622e77915,2021-06,Lancashire Constabulary,Lancashire Constabulary,-2.679820,53.771502,On or near St Oswalds Close,E01025245,Preston 007E,Other theft,Status update unavailable,
87b7ec29ef6877e9fe380d0ceca0bf86c3d8a014127047ad38d64d45a58139e9,2021-06,Lancashire Constabulary,Lancashire Constabulary,-2.683161,53.769856,On or near Tees Street,E01025245,Preston 007E,Other theft,Unable to prosecute suspect,
ec4ab713b4b05179525c37c7bd7ccdfaa8b5c5eb9dbe805b0ec1a4c2543a5e44,2021-06,Lancashire Constabulary,Lancashire Constabulary,-2.679820,53.771502,On or near St Oswalds Close,E01025245,Preston 007E,Other theft,Status update unavailable,
4980d6c9db9d0bec7f66f1618d9347af5a2e1847b19464d86d4dcabdc8a57309,2021-06,Lancashire Constabulary,Lancashire Constabulary,-2.679820,53.771502,On or near St Oswalds Close,E01025245,Preston 007E,Other theft,Status update unavailable,
3a08ea2ba1465a2923f900218195edcb32c49468ad064a7e9f27cce9b88c6297,2021-06,Lancashire Constabulary,Lancashire Constabulary,-2.678972,53.774464,On or near Shopping Area,E01025245,Preston 007E,Other theft,Investigation complete; no suspect identified,
945b0025bfcfddbf5241bdc981fa9e5fad9905025d7594ebead33570c90e3cf2,2021-06,Lancashire Constabulary,Lancashire Constabulary,-2.679820,53.771502,On or near St Oswalds Close,E01025245,Preston 007E,Other theft,Status update unavailable,
765a647e41d49bdc004a3e5fa610f77209dea819346532361db2a20770cef5be,2021-06,Lancashire Constabulary,Lancashire Constabulary,-2.680359,53.774824,On or near Holme Slack Lane,E01025245,Preston 007E,Public order,Unable to prosecute suspect,
66d53446f2ec84103de9395eafad72304bfe37b0e588bd7c00ca78d46f1de0c1,2021-06,Lancashire Constabulary,Lancashire Constabulary,-2.679820,53.771502,On or near St Oswalds Close,E01025245,Preston 007E,Public order,Unable to prosecute suspect,
50a963f488d88d158d878f5ab78814ab8582749f563e3fb3876b607e9edf8bb4,2021-06,Lancashire Constabulary,Lancashire Constabulary,-2.678972,53.774464,On or near Shopping Area,E01025245,Preston 007E,Public order,Unable to prosecute suspect,
ba62d6f2b3f9a655f907f5637fd8970dc7123d5dbdb1bf156b9d52e8d770a419,2021-06,Lancashire Constabulary,Lancashire Constabulary,-2.683095,53.772292,On or near Cam Street,E01025245,Preston 007E,Public order,Status update unavailable,
d4db80763e094df8c2d962cda3ad2ee37b3815201275435867d419a8271684bc,2021-06,Lancashire Constabulary,Lancashire Constabulary,-2.679820,53.771502,On or near St Oswalds Close,E01025245,Preston 007E,Public order,Unable to prosecute suspect,
4e3eae4269a765983bd10e983ee10aaafac865fb3d22dcfac38b7f588534e7ee,2021-06,Lancashire Constabulary,Lancashire Constabulary,-2.680207,53.771985,On or near William Young Close,E01025245,Preston 007E,Robbery,Investigation complete; no suspect identified,
3fd094801258b57967afc662738efcd1f30fa2c69b2c73dbb147c11beb23dd4a,2021-06,Lancashire Constabulary,Lancashire Constabulary,-2.687512,53.776123,On or near Flintoff Way,E01025245,Preston 007E,Shoplifting,Status update unavailable,
223a6cde07a74d9c12b5817fb78ec58175e889651b2e3efd07a7b2248438e459,2021-06,Lancashire Constabulary,Lancashire Constabulary,-2.679820,53.771502,On or near St Oswalds Close,E01025245,Preston 007E,Shoplifting,Further investigation is not in the public interest,
cd7c3536a33bbc64b19aa4df66fabeb6f0f818624ba85f3cd0ca9361ed3ded7d,2021-06,Lancashire Constabulary,Lancashire Constabulary,-2.678972,53.774464,On or near Shopping Area,E01025245,Preston 007E,Shoplifting,Unable to prosecute suspect,
d8e436bc8652cea042308f3fe0d09aa43eab90c44a3830e3193d7e6c92536a9e,2021-06,Lancashire Constabulary,Lancashire Constabulary,-2.677768,53.773176,On or near Shopping Area,E01025245,Preston 007E,Shoplifting,Status update unavailable,
d4e1d4135c2322d438996b4e9db605c1a9a37beef86c4e2f2b922619086cede7,2021-06,Lancashire Constabulary,Lancashire Constabulary,-2.677768,53.773176,On or near Shopping Area,E01025245,Preston 007E,Shoplifting,Status update unavailable,
218e05e01162eade5246a5700d8019ab259e5868d9f436afc3381e153236639d,2021-06,Lancashire Constabulary,Lancashire Constabulary,-2.677768,53.773176,On or near Shopping Area,E01025245,Preston 007E,Shoplifting,Status update unavailable,
2e49d064fc0ea073a4b8a98bb9f4e6cc251d093c19a0acdb7653d24197e25e65,2021-06,Lancashire Constabulary,Lancashire Constabulary,-2.679820,53.771502,On or near St Oswalds Close,E01025245,Preston 007E,Shoplifting,Status update unavailable,
620c83a2838c5c1dc1a40511e84f34842c32a4475dc3348bf8a5deb72b79e73c,2021-06,Lancashire Constabulary,Lancashire Constabulary,-2.679820,53.771502,On or near St Oswalds Close,E01025245,Preston 007E,Shoplifting,Court result unavailable,
3becff276643a5bc45e398cfcaf38d5f494c7ce67ed5fa4654f3af88af8419d5,2021-06,Lancashire Constabulary,Lancashire Constabulary,-2.683170,53.773172,On or near Blackpool Road,E01025245,Preston 007E,Vehicle crime,Investigation complete; no suspect identified,
f8a04178bc1d5e510907e0de29404dfddc25db037411841179adb1c43f9fa99b,2021-06,Lancashire Constabulary,Lancashire Constabulary,-2.683436,53.774636,On or near Primrose Lane,E01025245,Preston 007E,Violence and sexual offences,Investigation complete; no suspect identified,
45d0277e46d9bf7f54e631e4dff00579147e3b103f7413c2666f0353c2670f1d,2021-06,Lancashire Constabulary,Lancashire Constabulary,-2.689193,53.774091,On or near Parkside,E01025245,Preston 007E,Violence and sexual offences,Investigation complete; no suspect identified,
5abf845f02b944483e41a3b8226d57c6d30db045396dcf398a3848ae8a1fe3d1,2021-06,Lancashire Constabulary,Lancashire Constabulary,-2.683274,53.775841,On or near Manor House Lane,E01025245,Preston 007E,Violence and sexual offences,Unable to prosecute suspect,
4f7859cb83b6419020c52e3d6e501ba3d4d79199f9a0a5b0758f8963908f5b22,2021-06,Lancashire Constabulary,Lancashire Constabulary,-2.680728,53.771362,On or near Church Court,E01025245,Preston 007E,Violence and sexual offences,Unable to prosecute suspect,
a14fba7f1ba4cb4fd951619c5348fc45a4407f6dec5f97261528d4a308afc53d,2021-06,Lancashire Constabulary,Lancashire Constabulary,-2.682584,53.770776,On or near Rufus Street,E01025245,Preston 007E,Violence and sexual offences,Unable to prosecute suspect,
d99c51eba9f75dacb72e37f572d37e4f4a32fa42b6d83f6deec9297a470a894a,2021-06,Lancashire Constabulary,Lancashire Constabulary,-2.683274,53.775841,On or near Manor House Lane,E01025245,Preston 007E,Violence and sexual offences,Investigation complete; no suspect identified,
cd3883e88a690117223e5782cc4e5501d93e828bdd36d93ae5eb502f74dfa7a9,2021-06,Lancashire Constabulary,Lancashire Constabulary,-2.683436,53.774636,On or near Primrose Lane,E01025245,Preston 007E,Violence and sexual offences,Unable to prosecute suspect,
6bb805200d4d2aef85513a11ec3c186f551f770c2906fefc4898be1b301955b3,2021-06,Lancashire Constabulary,Lancashire Constabulary,-2.683436,53.774636,On or near Primrose Lane,E01025245,Preston 007E,Violence and sexual offences,Status update unavailable,
0669c2a030924dcce4dabb7956aaf01ba4cc968ad7f6ae556f586f221a290537,2021-06,Lancashire Constabulary,Lancashire Constabulary,-2.682017,53.770393,On or near Raven Street,E01025245,Preston 007E,Violence and sexual offences,Unable to prosecute suspect,
03ad9375de15daa5796d9646cd6b27c11871ad983c91ca8c8253e67791e24dd3,2021-06,Lancashire Constabulary,Lancashire Constabulary,-2.689193,53.774091,On or near Parkside,E01025245,Preston 007E,Violence and sexual offences,Unable to prosecute suspect,
7e9b02b75b46b1067542d2a841debf5eb5024df8f4934be476ca37d435bdde1d,2021-06,Lancashire Constabulary,Lancashire Constabulary,-2.683161,53.769856,On or near Tees Street,E01025245,Preston 007E,Violence and sexual offences,Investigation complete; no suspect identified,
ccc45fbb33e340feb0a9091b7f1a18eba36fa132d0c97c3fe82a6337d13115bc,2021-06,Lancashire Constabulary,Lancashire Constabulary,-2.681913,53.775238,On or near Rose Lane,E01025245,Preston 007E,Violence and sexual offences,Local resolution,
96115f0b901fcf0955a103e393bc4ee5f22523e6412967650694e18732d2bbea,2021-06,Lancashire Constabulary,Lancashire Constabulary,-2.689193,53.774091,On or near Parkside,E01025245,Preston 007E,Violence and sexual offences,Action to be taken by another organisation,
87429d6f59cf2ea971b9268de31aeb1687af04026f30e42f658c601e4c41508c,2021-06,Lancashire Constabulary,Lancashire Constabulary,-2.682017,53.770393,On or near Raven Street,E01025245,Preston 007E,Violence and sexual offences,Unable to prosecute suspect,
79372252123ac52ce3a6efa64b1dd5b78556305483264685e3f664f105d324a0,2021-06,Lancashire Constabulary,Lancashire Constabulary,-2.686321,53.775671,On or near Supermarket,E01025245,Preston 007E,Violence and sexual offences,Investigation complete; no suspect identified,
b80235639348b0a6b4dbdd9f3f7e258edc32ecb80d50f97f896d40eb8101973d,2021-06,Lancashire Constabulary,Lancashire Constabulary,-2.685404,53.774373,On or near Manor House Crescent,E01025245,Preston 007E,Violence and sexual offences,Unable to prosecute suspect,
c6ffe0b279465f7d8bde2ac350789d4e7dfc719e36b4ceac2bf1a36bb47301ca,2021-06,Lancashire Constabulary,Lancashire Constabulary,-2.689193,53.774091,On or near Parkside,E01025245,Preston 007E,Violence and sexual offences,Unable to prosecute suspect,
aa4ada943e01650947985d49a77391c4ebc251ec1d242f235f3ce820afd2dbc6,2021-06,Lancashire Constabulary,Lancashire Constabulary,-2.689193,53.774091,On or near Parkside,E01025245,Preston 007E,Violence and sexual offences,Unable to prosecute suspect,
ba9f6b194027dd7bb989f8a865b71c7c7bc702de5fa1276de1252ce24f99803a,2021-06,Lancashire Constabulary,Lancashire Constabulary,-2.682584,53.770776,On or near Rufus Street,E01025245,Preston 007E,Violence and sexual offences,Unable to prosecute suspect,
b4745a35ad2f2584564a97be64c9d5796e3d1b7927be0da91329531ad084bf7d,2021-06,Lancashire Constabulary,Lancashire Constabulary,-2.679730,53.776293,On or near Laburnum Close,E01025245,Preston 007E,Violence and sexual offences,Unable to prosecute suspect,
,2021-06,Lancashire Constabulary,Lancashire Constabulary,-2.679282,53.778623,On or near Brookfield Avenue,E01025252,Preston 007F,Anti-social behaviour,,
,2021-06,Lancashire Constabulary,Lancashire Constabulary,-2.676174,53.778812,On or near Churchill Drive,E01025252,Preston 007F,Anti-social behaviour,,
,2021-06,Lancashire Constabulary,Lancashire Constabulary,-2.677123,53.779292,On or near Briery Close,E01025252,Preston 007F,Anti-social behaviour,,
,2021-06,Lancashire Constabulary,Lancashire Constabulary,-2.678633,53.780703,On or near Lucerne Road,E01025252,Preston 007F,Anti-social behaviour,,
,2021-06,Lancashire Constabulary,Lancashire Constabulary,-2.678633,53.780703,On or near Lucerne Road,E01025252,Preston 007F,Anti-social behaviour,,
,2021-06,Lancashire Constabulary,Lancashire Constabulary,-2.673853,53.779787,On or near Cromwell Road,E01025252,Preston 007F,Anti-social behaviour,,
589ca8032efb6ca55a190b86e68ce036a3853bedeedfadbd1b6b341bc8014e3f,2021-06,Lancashire Constabulary,Lancashire Constabulary,-2.679282,53.778623,On or near Brookfield Avenue,E01025252,Preston 007F,Criminal damage and arson,Investigation complete; no suspect identified,
32daef979a184bd7917777198d7d8e4df0bc50367f53fbfdd24c421b15871b07,2021-06,Lancashire Constabulary,Lancashire Constabulary,-2.679282,53.778623,On or near Brookfield Avenue,E01025252,Preston 007F,Criminal damage and arson,Status update unavailable,
6d7fe39acb1fb6df99199cd9d508266b692f13bf82776d5b458f66cfdb926f13,2021-06,Lancashire Constabulary,Lancashire Constabulary,-2.678095,53.781210,On or near Lucerne Close,E01025252,Preston 007F,Violence and sexual offences,Investigation complete; no suspect identified,
5a9818781e85ad39814a1659a589751e94e35e6f187cf16bfb372b862c2cb383,2021-06,Lancashire Constabulary,Lancashire Constabulary,-2.682199,53.781618,On or near Buttermere Close,E01025252,Preston 007F,Violence and sexual offences,Status update unavailable,
878207a2bfe3f055048b99cf9cfdae36611880e6bd0b464ce0e3adbb41bdcf9a,2021-06,Lancashire Constabulary,Lancashire Constabulary,-2.678736,53.781476,On or near Geneva Road,E01025252,Preston 007F,Violence and sexual offences,Further investigation is not in the public interest,
c8431c343d8b347df67c2c647871c8260ce6dbabf71c465c935850dece06cfde,2021-06,Lancashire Constabulary,Lancashire Constabulary,-2.678633,53.780703,On or near Lucerne Road,E01025252,Preston 007F,Violence and sexual offences,Unable to prosecute suspect,
,2021-06,Lancashire Constabulary,Lancashire Constabulary,-2.734923,53.769568,On or near Blackpool Road,E01025233,Preston 008A,Anti-social behaviour,,
,2021-06,Lancashire Constabulary,Lancashire Constabulary,-2.734923,53.769568,On or near Blackpool Road,E01025233,Preston 008A,Anti-social behaviour,,
,2021-06,Lancashire Constabulary,Lancashire Constabulary,-2.734923,53.769568,On or near Blackpool Road,E01025233,Preston 008A,Anti-social behaviour,,
,2021-06,Lancashire Constabulary,Lancashire Constabulary,-2.737438,53.770262,On or near The Crescent,E01025233,Preston 008A,Anti-social behaviour,,
,2021-06,Lancashire Constabulary,Lancashire Constabulary,-2.733688,53.770078,On or near Park View Avenue,E01025233,Preston 008A,Anti-social behaviour,,
,2021-06,Lancashire Constabulary,Lancashire Constabulary,-2.733688,53.770078,On or near Park View Avenue,E01025233,Preston 008A,Anti-social behaviour,,
,2021-06,Lancashire Constabulary,Lancashire Constabulary,-2.733688,53.770078,On or near Park View Avenue,E01025233,Preston 008A,Anti-social behaviour,,
,2021-06,Lancashire Constabulary,Lancashire Constabulary,-2.733688,53.770078,On or near Park View Avenue,E01025233,Preston 008A,Anti-social behaviour,,
,2021-06,Lancashire Constabulary,Lancashire Constabulary,-2.733688,53.770078,On or near Park View Avenue,E01025233,Preston 008A,Anti-social behaviour,,
,2021-06,Lancashire Constabulary,Lancashire Constabulary,-2.737070,53.770903,On or near St Andrew'S Avenue,E01025233,Preston 008A,Anti-social behaviour,,
,2021-06,Lancashire Constabulary,Lancashire Constabulary,-2.733688,53.770078,On or near Park View Avenue,E01025233,Preston 008A,Anti-social behaviour,,
,2021-06,Lancashire Constabulary,Lancashire Constabulary,-2.737070,53.770903,On or near St Andrew'S Avenue,E01025233,Preston 008A,Anti-social behaviour,,
,2021-06,Lancashire Constabulary,Lancashire Constabulary,-2.737070,53.770903,On or near St Andrew'S Avenue,E01025233,Preston 008A,Anti-social behaviour,,
,2021-06,Lancashire Constabulary,Lancashire Constabulary,-2.739384,53.769612,On or near Cottam Lane,E01025233,Preston 008A,Anti-social behaviour,,
,2021-06,Lancashire Constabulary,Lancashire Constabulary,-2.734923,53.769568,On or near Blackpool Road,E01025233,Preston 008A,Anti-social behaviour,,
,2021-06,Lancashire Constabulary,Lancashire Constabulary,-2.737438,53.770262,On or near The Crescent,E01025233,Preston 008A,Anti-social behaviour,,
,2021-06,Lancashire Constabulary,Lancashire Constabulary,-2.737070,53.770903,On or near St Andrew'S Avenue,E01025233,Preston 008A,Anti-social behaviour,,
,2021-06,Lancashire Constabulary,Lancashire Constabulary,-2.735592,53.767065,On or near Meads Road,E01025233,Preston 008A,Anti-social behaviour,,
0423bf2320e75aa365afda2ee9267cb529612616d965d977fd0996d8c88cf2a1,2021-06,Lancashire Constabulary,Lancashire Constabulary,-2.734923,53.769568,On or near Blackpool Road,E01025233,Preston 008A,Burglary,Status update unavailable,
039443a8aec772581c86c130e782344b1c8a35d9cc0d3e9158bce099fee2d38d,2021-06,Lancashire Constabulary,Lancashire Constabulary,-2.739384,53.769612,On or near Cottam Lane,E01025233,Preston 008A,Criminal damage and arson,Unable to prosecute suspect,
734b7c5903f7f451fd676e9a00c40f83c3435f29539b0fccd08485e78ed7784b,2021-06,Lancashire Constabulary,Lancashire Constabulary,-2.734923,53.769568,On or near Blackpool Road,E01025233,Preston 008A,Criminal damage and arson,Investigation complete; no suspect identified,
5ed72e39f3dede3b127c97445177cda492239c995654256b9fa1272b816afa14,2021-06,Lancashire Constabulary,Lancashire Constabulary,-2.737438,53.770262,On or near The Crescent,E01025233,Preston 008A,Criminal damage and arson,Unable to prosecute suspect,
5738ec79a4a1271a2c7e6efe098feb4bb02352916be7e34045acef7333de1736,2021-06,Lancashire Constabulary,Lancashire Constabulary,-2.733688,53.770078,On or near Park View Avenue,E01025233,Preston 008A,Criminal damage and arson,Investigation complete; no suspect identified,
3960fd88caae1bd5728618108916fcc190bb2c7b8d94c46a36fe9a165c458e72,2021-06,Lancashire Constabulary,Lancashire Constabulary,-2.729842,53.771432,On or near Parkfield Avenue,E01025233,Preston 008A,Public order,Unable to prosecute suspect,
d8ca3632a5f4347c9ea85f646aa6dc34624e8537682429302635afe02ea20ae0,2021-06,Lancashire Constabulary,Lancashire Constabulary,-2.737070,53.770903,On or near St Andrew'S Avenue,E01025233,Preston 008A,Robbery,Status update unavailable,
c099f52742044fab99ce4ec0d931014f4d16f23a41499bd32736f28bb0d2ad61,2021-06,Lancashire Constabulary,Lancashire Constabulary,-2.737070,53.770903,On or near St Andrew'S Avenue,E01025233,Preston 008A,Robbery,Unable to prosecute suspect,
b3b7ce2e1b5e7e4f7ea049edb648ba08d9044222645f0d1dfe009045ffb8df73,2021-06,Lancashire Constabulary,Lancashire Constabulary,-2.737070,53.770903,On or near St Andrew'S Avenue,E01025233,Preston 008A,Robbery,Unable to prosecute suspect,
5c1bd48f6916d54e02aedb4555fe817fcd111c293ba56fbbe6954beb661f4e80,2021-06,Lancashire Constabulary,Lancashire Constabulary,-2.739384,53.769612,On or near Cottam Lane,E01025233,Preston 008A,Shoplifting,Investigation complete; no suspect identified,
d1c0b1e51c35aefbcf94c390ba4652dfb078a6639b402a979afb480446c570f5,2021-06,Lancashire Constabulary,Lancashire Constabulary,-2.729978,53.772240,On or near Fulshaw Road,E01025233,Preston 008A,Vehicle crime,Investigation complete; no suspect identified,
21b9dcb1e7bf732b300bb51d782939a6445f09890fc23d7200a4d258d8ca4139,2021-06,Lancashire Constabulary,Lancashire Constabulary,-2.739384,53.769612,On or near Cottam Lane,E01025233,Preston 008A,Vehicle crime,Investigation complete; no suspect identified,
89ac529a65f9058e00fb960d7c9b953a1ac5b502f21928d9ed9af1558de387c2,2021-06,Lancashire Constabulary,Lancashire Constabulary,-2.737171,53.767136,On or near Abingdon Drive,E01025233,Preston 008A,Violence and sexual offences,Unable to prosecute suspect,
49f2b7954139dc0060394db6b8c64e1011bf40a756d6ee33c2923c12bad00b89,2021-06,Lancashire Constabulary,Lancashire Constabulary,-2.739384,53.769612,On or near Cottam Lane,E01025233,Preston 008A,Violence and sexual offences,Unable to prosecute suspect,
,2021-06,Lancashire Constabulary,Lancashire Constabulary,-2.725831,53.777272,On or near Dunkirk Avenue,E01025240,Preston 008B,Anti-social behaviour,,
,2021-06,Lancashire Constabulary,Lancashire Constabulary,-2.726292,53.775804,On or near Saxon Hey,E01025240,Preston 008B,Anti-social behaviour,,
5dfea2a3a66f7caed136ffc9d6ddf162ee46dcff05998f0efe7d533172862e69,2021-06,Lancashire Constabulary,Lancashire Constabulary,-2.732192,53.778303,On or near Austin Crescent,E01025240,Preston 008B,Criminal damage and arson,Investigation complete; no suspect identified,
9e659a6158d602744eefd47035dfe45b98daed1521240edb38d2f3c8aaf55cad,2021-06,Lancashire Constabulary,Lancashire Constabulary,-2.731297,53.776538,On or near Cadley Drive,E01025240,Preston 008B,Other theft,Investigation complete; no suspect identified,
4e6c30bcb6b940aaabb0799613d35185a84738da88a4664583369281c45fa7e1,2021-06,Lancashire Constabulary,Lancashire Constabulary,-2.726292,53.775804,On or near Saxon Hey,E01025240,Preston 008B,Public order,Local resolution,
c59a08a139e461a3027e01f3dcf15356d719aa2effb09daca41ca548e217a984,2021-06,Lancashire Constabulary,Lancashire Constabulary,-2.730836,53.777089,On or near Woodplumpton Road,E01025240,Preston 008B,Shoplifting,Status update unavailable,
ca988e2a302de9fac676a65ea3e2f6d1bec90c436d5b6bb64bf4071ebaed88b3,2021-06,Lancashire Constabulary,Lancashire Constabulary,-2.726954,53.777265,On or near Banks Road,E01025240,Preston 008B,Violence and sexual offences,Unable to prosecute suspect,
,2021-06,Lancashire Constabulary,Lancashire Constabulary,-2.739421,53.779445,On or near Petrol Station,E01025261,Preston 008C,Anti-social behaviour,,
,2021-06,Lancashire Constabulary,Lancashire Constabulary,-2.739443,53.781566,On or near Dovedale Close,E01025261,Preston 008C,Anti-social behaviour,,
,2021-06,Lancashire Constabulary,Lancashire Constabulary,-2.736571,53.780478,On or near Cantsfield Avenue,E01025261,Preston 008C,Anti-social behaviour,,
,2021-06,Lancashire Constabulary,Lancashire Constabulary,-2.737353,53.780078,On or near The Coppice,E01025261,Preston 008C,Anti-social behaviour,,
,2021-06,Lancashire Constabulary,Lancashire Constabulary,-2.737353,53.780078,On or near The Coppice,E01025261,Preston 008C,Anti-social behaviour,,
c776458982d62765d4a8b121f58e8aae0b67749a9db46a6131fa6a825d5c75d1,2021-06,Lancashire Constabulary,Lancashire Constabulary,-2.737353,53.780078,On or near The Coppice,E01025261,Preston 008C,Criminal damage and arson,Investigation complete; no suspect identified,
1cab80d5f1c25552c6aed78402a1b81775b7514d5e2bd3dfcbeaf425a7c42a0c,2021-06,Lancashire Constabulary,Lancashire Constabulary,-2.739443,53.781566,On or near Dovedale Close,E01025261,Preston 008C,Vehicle crime,Investigation complete; no suspect identified,
,2021-06,Lancashire Constabulary,Lancashire Constabulary,-2.744760,53.769911,On or near Aldwych Drive,E01025266,Preston 008D,Anti-social behaviour,,
56633daa22961dd139e0d11825499de7eb212f18925d6f1239df273318e84adf,2021-06,Lancashire Constabulary,Lancashire Constabulary,-2.740867,53.770232,On or near Birch Avenue,E01025266,Preston 008D,Criminal damage and arson,Investigation complete; no suspect identified,
ceb6975c9eebd9c3886f8f72f8118d7af8b94d97d2c305ad67ed2dab66c35fa7,2021-06,Lancashire Constabulary,Lancashire Constabulary,-2.744760,53.769911,On or near Aldwych Drive,E01025266,Preston 008D,Violence and sexual offences,Unable to prosecute suspect,
,2021-06,Lancashire Constabulary,Lancashire Constabulary,-2.729051,53.773055,On or near Woodplumpton Road,E01025309,Preston 008E,Anti-social behaviour,,
e24e27f441abba7b52e9ae38ab735959f3d9a559cbccecca09839cc83740b010,2021-06,Lancashire Constabulary,Lancashire Constabulary,-2.720780,53.774732,On or near Worden Road,E01025309,Preston 008E,Bicycle theft,Further investigation is not in the public interest,
22ac919ca75c371e2acad66d9139712498db0df1aa7bb4acc423a7230391c839,2021-06,Lancashire Constabulary,Lancashire Constabulary,-2.725028,53.773798,On or near Grange Road,E01025309,Preston 008E,Criminal damage and arson,Investigation complete; no suspect identified,
881d5d6af91bf289d492c1532e648c0da3d5190fa6088d157098ede985038b14,2021-06,Lancashire Constabulary,Lancashire Constabulary,-2.721554,53.774709,On or near Hamer Road,E01025309,Preston 008E,Criminal damage and arson,Status update unavailable,
b2da0d2ec8f47c5160867a9059673a2035405f47df91fa33ed5b716ac8b23171,2021-06,Lancashire Constabulary,Lancashire Constabulary,-2.722961,53.771860,On or near Blackpool Road,E01025309,Preston 008E,Public order,Unable to prosecute suspect,
a8c57b4f94dcd2f1f17d8c102ed2d5997cc7f2b07dd8d9a9822d4b26d4969028,2021-06,Lancashire Constabulary,Lancashire Constabulary,-2.722961,53.771860,On or near Blackpool Road,E01025309,Preston 008E,Vehicle crime,Investigation complete; no suspect identified,
59b0c9735cd1faf251bc304c17f74aee23be79edace090d2c60c196b970bbaca,2021-06,Lancashire Constabulary,Lancashire Constabulary,-2.724998,53.774697,On or near Seymour Road,E01025309,Preston 008E,Violence and sexual offences,Unable to prosecute suspect,
deac782e2c61481d2d7129fa993ebb1348ca8eb613dc225bf88c0f8c5e2ab5f7,2021-06,Lancashire Constabulary,Lancashire Constabulary,-2.721554,53.774709,On or near Hamer Road,E01025309,Preston 008E,Violence and sexual offences,Unable to prosecute suspect,
,2021-06,Lancashire Constabulary,Lancashire Constabulary,-2.662385,53.777172,On or near Derry Road,E01025236,Preston 009A,Anti-social behaviour,,
,2021-06,Lancashire Constabulary,Lancashire Constabulary,-2.663640,53.775008,On or near Greenlands Crescent,E01025236,Preston 009A,Anti-social behaviour,,
,2021-06,Lancashire Constabulary,Lancashire Constabulary,-2.660260,53.780069,On or near Sion Close,E01025236,Preston 009A,Anti-social behaviour,,
,2021-06,Lancashire Constabulary,Lancashire Constabulary,-2.660260,53.780069,On or near Sion Close,E01025236,Preston 009A,Anti-social behaviour,,
,2021-06,Lancashire Constabulary,Lancashire Constabulary,-2.663207,53.777356,On or near Dawnay Road,E01025236,Preston 009A,Anti-social behaviour,,
,2021-06,Lancashire Constabulary,Lancashire Constabulary,-2.662385,53.777172,On or near Derry Road,E01025236,Preston 009A,Anti-social behaviour,,
,2021-06,Lancashire Constabulary,Lancashire Constabulary,-2.663207,53.777356,On or near Dawnay Road,E01025236,Preston 009A,Anti-social behaviour,,
,2021-06,Lancashire Constabulary,Lancashire Constabulary,-2.661402,53.776440,On or near Supermarket,E01025236,Preston 009A,Anti-social behaviour,,
,2021-06,Lancashire Constabulary,Lancashire Constabulary,-2.666117,53.775192,On or near Stuart Road,E01025236,Preston 009A,Anti-social behaviour,,
,2021-06,Lancashire Constabulary,Lancashire Constabulary,-2.663281,53.778192,On or near Cowley Road,E01025236,Preston 009A,Anti-social behaviour,,
52156ad4dc6ddebce9c314c7cbb5b25b52d7796ef48f47fc130b14ba1d18a949,2021-06,Lancashire Constabulary,Lancashire Constabulary,-2.659748,53.781267,On or near Lauderdale Crescent,E01025236,Preston 009A,Burglary,Investigation complete; no suspect identified,
84bc45e32273693647a33cf4d906f85144892c22ae3cdf97cca7cb5cafb82feb,2021-06,Lancashire Constabulary,Lancashire Constabulary,-2.666117,53.775192,On or near Stuart Road,E01025236,Preston 009A,Burglary,Investigation complete; no suspect identified,
8cc59391b1defdda46e3471fd8adfa3b720616c8a969c2b900883c0d8dcba24b,2021-06,Lancashire Constabulary,Lancashire Constabulary,-2.660260,53.780069,On or near Sion Close,E01025236,Preston 009A,Burglary,Status update unavailable,
99798c2e37bb010b6b12e7432b05d34acb3f67939f7eb82bb6fd55f73ab98078,2021-06,Lancashire Constabulary,Lancashire Constabulary,-2.663691,53.776266,On or near Wilmot Road,E01025236,Preston 009A,Criminal damage and arson,Court result unavailable,
579bb5cdfb155537066104f70624201762ca899d2f394e54d62e5a1c3c654f4b,2021-06,Lancashire Constabulary,Lancashire Constabulary,-2.661402,53.776440,On or near Supermarket,E01025236,Preston 009A,Criminal damage and arson,Unable to prosecute suspect,
b0e960feddc82f39f320dc6bc4451228a4f9149588a14a70fb7809a3665c1e9b,2021-06,Lancashire Constabulary,Lancashire Constabulary,-2.660260,53.780069,On or near Sion Close,E01025236,Preston 009A,Criminal damage and arson,Unable to prosecute suspect,
d2de5e32625d34ebe0d9fd769672947db27037b124d8e86c5e60db1e43cae934,2021-06,Lancashire Constabulary,Lancashire Constabulary,-2.662385,53.777172,On or near Derry Road,E01025236,Preston 009A,Criminal damage and arson,Further investigation is not in the public interest,
54b31b5c80df1439a8c5cc96229184aa45a029ea9e552a5ff222ed84164dcf77,2021-06,Lancashire Constabulary,Lancashire Constabulary,-2.662385,53.777172,On or near Derry Road,E01025236,Preston 009A,Criminal damage and arson,Unable to prosecute suspect,
69b29d0e2d1f655accef58a28f4bd8872194598d38b7ae2b4a464e978d562eb2,2021-06,Lancashire Constabulary,Lancashire Constabulary,-2.663281,53.778192,On or near Cowley Road,E01025236,Preston 009A,Criminal damage and arson,Court result unavailable,
ccc49d1e005c19009e9e64e76e188a7c942e710d77b64173bcbc4ea0598db8b3,2021-06,Lancashire Constabulary,Lancashire Constabulary,-2.662385,53.777172,On or near Derry Road,E01025236,Preston 009A,Other theft,Court result unavailable,
d02536ba9d4404ed86b1ffe12f6d0bc95c0b5915d699b1c4824cf9d575a460c0,2021-06,Lancashire Constabulary,Lancashire Constabulary,-2.664247,53.775921,On or near Melba Road,E01025236,Preston 009A,Other theft,Status update unavailable,
acda745e8740b42bcb6b0321548defc419b7dd1cab0482bd65e5f6889d5a5869,2021-06,Lancashire Constabulary,Lancashire Constabulary,-2.660260,53.780069,On or near Sion Close,E01025236,Preston 009A,Possession of weapons,Further action is not in the public interest,
53b2d10c8e602fcb25846ed5d53ea30ce2313b0973ca128881332c8d12a6caab,2021-06,Lancashire Constabulary,Lancashire Constabulary,-2.663640,53.775008,On or near Greenlands Crescent,E01025236,Preston 009A,Public order,Local resolution,
9d2025b050248f1c7c3d75df6e8f144861e15180b1b935fce6db57d6df5643ca,2021-06,Lancashire Constabulary,Lancashire Constabulary,-2.660830,53.778646,On or near Chatburn Road,E01025236,Preston 009A,Public order,Court result unavailable,
61ae282c479ed405c0fd2e2bd2239d38ff43caefcc1e30797a3fe80bc3e09367,2021-06,Lancashire Constabulary,Lancashire Constabulary,-2.660260,53.780069,On or near Sion Close,E01025236,Preston 009A,Public order,Unable to prosecute suspect,
9ffe89c9a95d547ceedb4b4f5d86589d3c2bce7b08a92cfd6dfd8aa2128471fa,2021-06,Lancashire Constabulary,Lancashire Constabulary,-2.661402,53.776440,On or near Supermarket,E01025236,Preston 009A,Public order,Court result unavailable,
0410442810eee6aa44d91b51869625c16c37bd3faad20ccbdbff7030af499433,2021-06,Lancashire Constabulary,Lancashire Constabulary,-2.663281,53.778192,On or near Cowley Road,E01025236,Preston 009A,Violence and sexual offences,Court result unavailable,
b61361a59f14362d71541033e5c4c744ecfbcb606c683b4b9a1714ae997ba957,2021-06,Lancashire Constabulary,Lancashire Constabulary,-2.660260,53.780069,On or near Sion Close,E01025236,Preston 009A,Violence and sexual offences,Unable to prosecute suspect,
6c239b2f692b8467315cf3ddc74fed336c7103c56006210ec8e9eb0f987fc5b1,2021-06,Lancashire Constabulary,Lancashire Constabulary,-2.663281,53.778192,On or near Cowley Road,E01025236,Preston 009A,Violence and sexual offences,Court result unavailable,
e854fef0131bbd63fb824cd3a97cb8d9bf200bef7f0904b990db2d687dd46dc6,2021-06,Lancashire Constabulary,Lancashire Constabulary,-2.660260,53.780069,On or near Sion Close,E01025236,Preston 009A,Violence and sexual offences,Investigation complete; no suspect identified,
05a29f84270a5642c11ce3614a44e2c6849bb9e1a0e945f0fc9cfd26278efea9,2021-06,Lancashire Constabulary,Lancashire Constabulary,-2.660260,53.780069,On or near Sion Close,E01025236,Preston 009A,Violence and sexual offences,Unable to prosecute suspect,
b0e51e389a4821092a879e62ab27d3e405b180d055f8986633ca87f784449c86,2021-06,Lancashire Constabulary,Lancashire Constabulary,-2.661402,53.776440,On or near Supermarket,E01025236,Preston 009A,Violence and sexual offences,Court result unavailable,
5eecec655a49cf0695e878977495430f80c69f3c0c69b1df7711946824f8e835,2021-06,Lancashire Constabulary,Lancashire Constabulary,-2.661402,53.776440,On or near Supermarket,E01025236,Preston 009A,Violence and sexual offences,Unable to prosecute suspect,
65cd95ad458d0452e614a28a9d45cb0156e6ff0b7a13d49fa63edca0725964c4,2021-06,Lancashire Constabulary,Lancashire Constabulary,-2.663640,53.775008,On or near Greenlands Crescent,E01025236,Preston 009A,Violence and sexual offences,Unable to prosecute suspect,
e5525a000282836b2cd664a8ddea3e7064d3167350d1d5bffa0f662392521d52,2021-06,Lancashire Constabulary,Lancashire Constabulary,-2.666117,53.775192,On or near Stuart Road,E01025236,Preston 009A,Violence and sexual offences,Investigation complete; no suspect identified,
eb64332da8378afb02557e02df1024c1866ba899eaa3d382381e06e76dad8319,2021-06,Lancashire Constabulary,Lancashire Constabulary,-2.662385,53.777172,On or near Derry Road,E01025236,Preston 009A,Violence and sexual offences,Court result unavailable,
4ecf70c99a953631ac32025e90476712855a1ec2d424da8a710bfa87b2aeec0b,2021-06,Lancashire Constabulary,Lancashire Constabulary,-2.663281,53.778192,On or near Cowley Road,E01025236,Preston 009A,Violence and sexual offences,Court result unavailable,
d1b6a53c0e6b1c43971f3d544dcf6bc5e43daae841901c9a2c67ad623734f7c8,2021-06,Lancashire Constabulary,Lancashire Constabulary,-2.661170,53.778122,On or near Moira Crescent,E01025236,Preston 009A,Violence and sexual offences,Unable to prosecute suspect,
cf06ed8dd2269c126388af1de64c310e79599404f71a66f65ed9af17d5d3fe14,2021-06,Lancashire Constabulary,Lancashire Constabulary,-2.663281,53.778192,On or near Cowley Road,E01025236,Preston 009A,Violence and sexual offences,Court result unavailable,
,2021-06,Lancashire Constabulary,Lancashire Constabulary,-2.650064,53.774318,On or near Pope Close,E01025283,Preston 009B,Anti-social behaviour,,
,2021-06,Lancashire Constabulary,Lancashire Constabulary,-2.652842,53.770465,On or near Whitmore Grove,E01025283,Preston 009B,Anti-social behaviour,,
c3172bdc3d80439e28c617af479bb3f980f1565b06f5c785dd0d565adffe0de8,2021-06,Lancashire Constabulary,Lancashire Constabulary,-2.650289,53.772187,On or near Burholme Close,E01025283,Preston 009B,Criminal damage and arson,Unable to prosecute suspect,
71bc4645a502304cee05f87e617463f428f1708bdf23b6bdbf03569e01beca33,2021-06,Lancashire Constabulary,Lancashire Constabulary,-2.646904,53.774066,On or near Birkett Place,E01025283,Preston 009B,Drugs,Court result unavailable,
327b5a11bb833a39be52cef5f39c8f2b31a88df85de3b0821b44a5f6397fd668,2021-06,Lancashire Constabulary,Lancashire Constabulary,-2.646904,53.774066,On or near Birkett Place,E01025283,Preston 009B,Drugs,Further investigation is not in the public interest,
b851b85e23f988b85bae1c4ded10f7c30c2ee3e62e79827d03a1b2b4dc11d975,2021-06,Lancashire Constabulary,Lancashire Constabulary,-2.650289,53.772187,On or near Burholme Close,E01025283,Preston 009B,Other theft,Unable to prosecute suspect,
08385355546514e948c3ab0d14ba0fcf22db672bc0679cce7052093d9ac5dcbe,2021-06,Lancashire Constabulary,Lancashire Constabulary,-2.650683,53.773120,On or near Woodacre Road,E01025283,Preston 009B,Other theft,Unable to prosecute suspect,
bea2c117955f6f4012299b323e38490839db713a2c145483cae399a0cc7800f1,2021-06,Lancashire Constabulary,Lancashire Constabulary,-2.653511,53.772484,On or near Slaidburn Road,E01025283,Preston 009B,Other theft,Investigation complete; no suspect identified,
4979fa3b814f85d202577001f1f996d7ca6b055719ee3ff39ed2daa599ed3ba9,2021-06,Lancashire Constabulary,Lancashire Constabulary,-2.653511,53.772484,On or near Slaidburn Road,E01025283,Preston 009B,Violence and sexual offences,Status update unavailable,
98a8d5688e877a6e20f0a14dba8d123eb31b413e2c52e1e05665b412a5dde76b,2021-06,Lancashire Constabulary,Lancashire Constabulary,-2.646904,53.774066,On or near Birkett Place,E01025283,Preston 009B,Violence and sexual offences,Unable to prosecute suspect,
6fc08219d36eb39e09b09d3590c3e897ea91f7709d9bbacb17edb58fa4715761,2021-06,Lancashire Constabulary,Lancashire Constabulary,-2.648917,53.770792,On or near Marl Hill Crescent,E01025283,Preston 009B,Violence and sexual offences,Court result unavailable,
,2021-06,Lancashire Constabulary,Lancashire Constabulary,-2.651499,53.775856,On or near Mitton Drive,E01025284,Preston 009C,Anti-social behaviour,,
,2021-06,Lancashire Constabulary,Lancashire Constabulary,-2.662991,53.774230,On or near Heather Grove,E01025284,Preston 009C,Anti-social behaviour,,
,2021-06,Lancashire Constabulary,Lancashire Constabulary,-2.655028,53.771550,On or near Grizedale Close,E01025284,Preston 009C,Anti-social behaviour,,
,2021-06,Lancashire Constabulary,Lancashire Constabulary,-2.651499,53.775856,On or near Mitton Drive,E01025284,Preston 009C,Anti-social behaviour,,
,2021-06,Lancashire Constabulary,Lancashire Constabulary,-2.658405,53.774012,On or near Thornfield Avenue,E01025284,Preston 009C,Anti-social behaviour,,
,2021-06,Lancashire Constabulary,Lancashire Constabulary,-2.658362,53.769339,On or near Otters Close,E01025284,Preston 009C,Anti-social behaviour,,
,2021-06,Lancashire Constabulary,Lancashire Constabulary,-2.658405,53.774012,On or near Thornfield Avenue,E01025284,Preston 009C,Anti-social behaviour,,
,2021-06,Lancashire Constabulary,Lancashire Constabulary,-2.659723,53.774877,On or near Moorside Avenue,E01025284,Preston 009C,Anti-social behaviour,,
9570e0a9abe41127061572ba40e81b5cc2d601ae9d66333460f70d6b49d4df24,2021-06,Lancashire Constabulary,Lancashire Constabulary,-2.659723,53.774877,On or near Moorside Avenue,E01025284,Preston 009C,Criminal damage and arson,Investigation complete; no suspect identified,
7cd05159c016f1778bf404af23b53ef8e095fa41fb432e1fff57fbdc356713e6,2021-06,Lancashire Constabulary,Lancashire Constabulary,-2.655028,53.771550,On or near Grizedale Close,E01025284,Preston 009C,Other theft,Investigation complete; no suspect identified,
7c188ae36f78f9629b35c5003bf93a90a00798ef4e839251df5b4d383a7b593e,2021-06,Lancashire Constabulary,Lancashire Constabulary,-2.658362,53.769339,On or near Otters Close,E01025284,Preston 009C,Violence and sexual offences,Formal action is not in the public interest,
68c867625d266140bf785d779054b5c7c2ef59cef92468dc68b64a5334387642,2021-06,Lancashire Constabulary,Lancashire Constabulary,-2.660631,53.775636,On or near Burnside Avenue,E01025284,Preston 009C,Violence and sexual offences,Unable to prosecute suspect,
c89eb7410b8e95800f3f90cd014f0c5d4ae19bc39823d1bb230555bafa884630,2021-06,Lancashire Constabulary,Lancashire Constabulary,-2.655058,53.770534,On or near The Glen,E01025284,Preston 009C,Violence and sexual offences,Unable to prosecute suspect,
cd9c7fc63e759c61ed59bb8b6511c10fb68494784b9e9f9630938668d2c06d6f,2021-06,Lancashire Constabulary,Lancashire Constabulary,-2.655028,53.771550,On or near Grizedale Close,E01025284,Preston 009C,Violence and sexual offences,Unable to prosecute suspect,
dd0eb975da92690789a97c054b77c70271d41d80636adeeb6789d621b999e93c,2021-06,Lancashire Constabulary,Lancashire Constabulary,-2.654698,53.773736,On or near Sawley Crescent,E01025284,Preston 009C,Violence and sexual offences,Unable to prosecute suspect,
d6c29683d81d1b52702f03d05a76ab2bd163c2af8c7d12f71aca9653b24f4df3,2021-06,Lancashire Constabulary,Lancashire Constabulary,-2.655028,53.771550,On or near Grizedale Close,E01025284,Preston 009C,Violence and sexual offences,Unable to prosecute suspect,
fb281129660a9b0c601a1c494af19852549bdbaadd4d65914d186c7a096bd0e0,2021-06,Lancashire Constabulary,Lancashire Constabulary,-2.658362,53.769339,On or near Otters Close,E01025284,Preston 009C,Violence and sexual offences,Unable to prosecute suspect,
bee8c8d00da7eaed462d37945c92f981da76590f13506af9826b7f81c07a33e9,2021-06,Lancashire Constabulary,Lancashire Constabulary,-2.655028,53.771550,On or near Grizedale Close,E01025284,Preston 009C,Violence and sexual offences,Unable to prosecute suspect,
e88588c18b1bf1c9cebefd6bb9679b3341e21bd10077ea4c65a010537781dd7d,2021-06,Lancashire Constabulary,Lancashire Constabulary,-2.662568,53.775310,On or near Greenlands Crescent,E01025284,Preston 009C,Violence and sexual offences,Unable to prosecute suspect,
1efd45bb7f83631e59b247d2f0718b636726cb4094ad4a6931f0f1af093fd48b,2021-06,Lancashire Constabulary,Lancashire Constabulary,-2.658362,53.769339,On or near Otters Close,E01025284,Preston 009C,Violence and sexual offences,Unable to prosecute suspect,
,2021-06,Lancashire Constabulary,Lancashire Constabulary,-2.671255,53.771047,On or near Lynn Place,E01025285,Preston 009D,Anti-social behaviour,,
,2021-06,Lancashire Constabulary,Lancashire Constabulary,-2.672149,53.771940,On or near Morris Road,E01025285,Preston 009D,Anti-social behaviour,,
,2021-06,Lancashire Constabulary,Lancashire Constabulary,-2.672149,53.771940,On or near Morris Road,E01025285,Preston 009D,Anti-social behaviour,,
,2021-06,Lancashire Constabulary,Lancashire Constabulary,-2.672149,53.771940,On or near Morris Road,E01025285,Preston 009D,Anti-social behaviour,,
,2021-06,Lancashire Constabulary,Lancashire Constabulary,-2.665878,53.771598,On or near The Mall,E01025285,Preston 009D,Anti-social behaviour,,
,2021-06,Lancashire Constabulary,Lancashire Constabulary,-2.669655,53.772503,On or near Belmont Crescent,E01025285,Preston 009D,Anti-social behaviour,,
,2021-06,Lancashire Constabulary,Lancashire Constabulary,-2.670162,53.772931,On or near Belmont Close,E01025285,Preston 009D,Anti-social behaviour,,
3c114b959e126bc8ab9febf6c80086d9b2f1ce1988085c6fd933b87b166fd934,2021-06,Lancashire Constabulary,Lancashire Constabulary,-2.671255,53.771047,On or near Lynn Place,E01025285,Preston 009D,Criminal damage and arson,Unable to prosecute suspect,
2f1b9ddd60a9871e94b13e97b0d5bcec63258bece693af784e1e8d6ab4ebc761,2021-06,Lancashire Constabulary,Lancashire Constabulary,-2.665720,53.772201,On or near Woodlands Avenue,E01025285,Preston 009D,Drugs,Investigation complete; no suspect identified,
676918a69df872ce33acc6e15798fcb83af8adf64762d4fd9d9de557c2fc5396,2021-06,Lancashire Constabulary,Lancashire Constabulary,-2.667652,53.771534,On or near Cedar Road,E01025285,Preston 009D,Other theft,Investigation complete; no suspect identified,
02f70d399dbec7c641909ab2fb01b2db974c01ca716c2943d03cd4f973b65389,2021-06,Lancashire Constabulary,Lancashire Constabulary,-2.672149,53.771940,On or near Morris Road,E01025285,Preston 009D,Public order,Unable to prosecute suspect,
4c3fae9ed0c16cec5abd9fbdacd61fe2b99282bf7656020c444c1439d075fb2c,2021-06,Lancashire Constabulary,Lancashire Constabulary,-2.668716,53.769767,On or near Willow Crescent,E01025285,Preston 009D,Robbery,Investigation complete; no suspect identified,
e94fabb8e5b551a97e54313c947d423faec28d4b504dd2a628c01a9372f0ac14,2021-06,Lancashire Constabulary,Lancashire Constabulary,-2.671714,53.771269,On or near Morris Court,E01025285,Preston 009D,Shoplifting,Offender given a caution,
9d0eb2b6599f21cadbd8e55dd6bb3e3b28e5bc7f5666de80e94c424dd8fddab1,2021-06,Lancashire Constabulary,Lancashire Constabulary,-2.671714,53.771269,On or near Morris Court,E01025285,Preston 009D,Shoplifting,Investigation complete; no suspect identified,
f27df85466db2b9b94ddb645b71cd979e16748864717ea53a0375a97c1c2ea51,2021-06,Lancashire Constabulary,Lancashire Constabulary,-2.670162,53.772931,On or near Belmont Close,E01025285,Preston 009D,Violence and sexual offences,Court result unavailable,
4d821f7b000fa34c76260eb2f902345a6cf6014b331350859f7407d2d78d2694,2021-06,Lancashire Constabulary,Lancashire Constabulary,-2.671255,53.771047,On or near Lynn Place,E01025285,Preston 009D,Violence and sexual offences,Unable to prosecute suspect,
4f2083349d2cb4c389122dca9fc290b2699282ef95ae6155beb7189f5ed16b36,2021-06,Lancashire Constabulary,Lancashire Constabulary,-2.668901,53.768993,On or near Blackpool Road,E01025285,Preston 009D,Violence and sexual offences,Unable to prosecute suspect,
655915af82ba102f2160c6d7ebd5f85eedf73bdf71203ec996b638a14749d618,2021-06,Lancashire Constabulary,Lancashire Constabulary,-2.668431,53.770919,On or near Sycamore Road,E01025285,Preston 009D,Other crime,Unable to prosecute suspect,
a128cc0561c89670adc440b64ecfd5b032a1c5c247d91fdfa173e63b3d5718dc,2021-06,Lancashire Constabulary,Lancashire Constabulary,-2.668431,53.770919,On or near Sycamore Road,E01025285,Preston 009D,Other crime,Unable to prosecute suspect,
,2021-06,Lancashire Constabulary,Lancashire Constabulary,-2.635568,53.789011,On or near Roman Way,E01025286,Preston 009E,Anti-social behaviour,,
,2021-06,Lancashire Constabulary,Lancashire Constabulary,-2.664211,53.769828,On or near Mimosa Road,E01025286,Preston 009E,Anti-social behaviour,,
,2021-06,Lancashire Constabulary,Lancashire Constabulary,-2.635568,53.789011,On or near Roman Way,E01025286,Preston 009E,Anti-social behaviour,,
,2021-06,Lancashire Constabulary,Lancashire Constabulary,-2.635568,53.789011,On or near Roman Way,E01025286,Preston 009E,Anti-social behaviour,,
,2021-06,Lancashire Constabulary,Lancashire Constabulary,-2.635568,53.789011,On or near Roman Way,E01025286,Preston 009E,Anti-social behaviour,,
,2021-06,Lancashire Constabulary,Lancashire Constabulary,-2.652859,53.767670,On or near Bowness Road,E01025286,Preston 009E,Anti-social behaviour,,
,2021-06,Lancashire Constabulary,Lancashire Constabulary,-2.666334,53.770733,On or near Hawthorn Road,E01025286,Preston 009E,Anti-social behaviour,,
,2021-06,Lancashire Constabulary,Lancashire Constabulary,-2.664211,53.769828,On or near Mimosa Road,E01025286,Preston 009E,Anti-social behaviour,,
,2021-06,Lancashire Constabulary,Lancashire Constabulary,-2.666334,53.770733,On or near Hawthorn Road,E01025286,Preston 009E,Anti-social behaviour,,
,2021-06,Lancashire Constabulary,Lancashire Constabulary,-2.666673,53.768187,On or near Noel Square,E01025286,Preston 009E,Anti-social behaviour,,
ad16cf9816bd4043157e412b0e95c9a385f238bda6c718e21e13317330e00a38,2021-06,Lancashire Constabulary,Lancashire Constabulary,-2.659261,53.765720,On or near New Hall Lane,E01025286,Preston 009E,Burglary,Investigation complete; no suspect identified,
af143713cceb401b77f25c0816b0f2647f6ed07370a90b64b4d8a585a3be3611,2021-06,Lancashire Constabulary,Lancashire Constabulary,-2.626136,53.769269,On or near Park/Open Space,E01025286,Preston 009E,Criminal damage and arson,Status update unavailable,
ef64e6f430821eb1e1a47efb38ecd708f6fe49da1b4e40ffcc802e83de43b9fc,2021-06,Lancashire Constabulary,Lancashire Constabulary,-2.667480,53.769342,On or near Waverley Gardens,E01025286,Preston 009E,Criminal damage and arson,Investigation complete; no suspect identified,
e60d8bf08b66c05afc0e0c8449e1ca8fa2171bb085f53fd8f16c171d7051cfa0,2021-06,Lancashire Constabulary,Lancashire Constabulary,-2.653243,53.767012,On or near Mardale Road,E01025286,Preston 009E,Public order,Investigation complete; no suspect identified,
9f5b8a2230f9e92da2998529e7d554dcd4204fceb79398e14ab1a6f928f43bbe,2021-06,Lancashire Constabulary,Lancashire Constabulary,-2.654646,53.771345,On or near Grizedale Place,E01025286,Preston 009E,Violence and sexual offences,Unable to prosecute suspect,
240c6c01129491dd14a1c18f85a2f92a4176cc5c24174555b09fdaee57d07f49,2021-06,Lancashire Constabulary,Lancashire Constabulary,-2.653243,53.767012,On or near Mardale Road,E01025286,Preston 009E,Violence and sexual offences,Investigation complete; no suspect identified,
a35c65b7a603393f7d285815edf3951d622596485fa0e3fe38cec899766454fa,2021-06,Lancashire Constabulary,Lancashire Constabulary,-2.648350,53.785167,On or near Longridge Road,E01025286,Preston 009E,Violence and sexual offences,Unable to prosecute suspect,
92d3915b2bcff5406e97eddafb3451b492260dc0d9dcb58792786c6a9bdfb4ad,2021-06,Lancashire Constabulary,Lancashire Constabulary,-2.651366,53.767273,On or near Orrest Road,E01025286,Preston 009E,Violence and sexual offences,Unable to prosecute suspect,
36a015ed9dc487b66185ae79b5405908e3b4fa96ab67436115ce51db56b220a5,2021-06,Lancashire Constabulary,Lancashire Constabulary,-2.653245,53.766140,On or near Windermere Road,E01025286,Preston 009E,Violence and sexual offences,Investigation complete; no suspect identified,
3f59c640101afa44515b603a22012937dbbf9d1678ae4d94fb542501ed34fd55,2021-06,Lancashire Constabulary,Lancashire Constabulary,-2.665261,53.768087,On or near Hesketh Road,E01025286,Preston 009E,Violence and sexual offences,Unable to prosecute suspect,
ff2470fc87279b64699bc83b022e104ec9dc8607c6f2ebb3efba6a43e812eecd,2021-06,Lancashire Constabulary,Lancashire Constabulary,-2.656174,53.766196,On or near Farringdon Crescent,E01025286,Preston 009E,Violence and sexual offences,Unable to prosecute suspect,
c6b4432c5c1ab7d3bee3eb5e116de31536ef022fb8bde4656f5f8672a5e3a3a1,2021-06,Lancashire Constabulary,Lancashire Constabulary,-2.635568,53.789011,On or near Roman Way,E01025286,Preston 009E,Violence and sexual offences,Unable to prosecute suspect,
449718a71a5d51df671846a30d12ac3e16be721df222bf77f7011366e22ed4b2,2021-06,Lancashire Constabulary,Lancashire Constabulary,-2.664963,53.770381,On or near Ravenswood,E01025286,Preston 009E,Violence and sexual offences,Unable to prosecute suspect,
405281fc988bf16db2a172039de253a1dd7d3f02c30955d2998e5acb2ec46993,2021-06,Lancashire Constabulary,Lancashire Constabulary,-2.650182,53.770147,On or near Parlick Road,E01025286,Preston 009E,Violence and sexual offences,Unable to prosecute suspect,
29b15e1c4edb2d82429745fc867013dedd9b02ad14765858a198e4e77470ee19,2021-06,Lancashire Constabulary,Lancashire Constabulary,-2.656174,53.766196,On or near Farringdon Crescent,E01025286,Preston 009E,Violence and sexual offences,Investigation complete; no suspect identified,
e1b01f9060c6b091bda2b00a29e21716f209ca1f1d02a4b680fe5dd25c82fd06,2021-06,Lancashire Constabulary,Lancashire Constabulary,-2.656174,53.766196,On or near Farringdon Crescent,E01025286,Preston 009E,Violence and sexual offences,Unable to prosecute suspect,
db0f9e4c0d55e97985ed1b460831194ecf28a887b8e281a6d96e17f307288fcf,2021-06,Lancashire Constabulary,Lancashire Constabulary,-2.665261,53.768087,On or near Hesketh Road,E01025286,Preston 009E,Violence and sexual offences,Unable to prosecute suspect,
e854286f15c2a43cff9107a78a7d38994cdcf76009dbb026ffe2afa12fc514b5,2021-06,Lancashire Constabulary,Lancashire Constabulary,-2.653243,53.767012,On or near Mardale Road,E01025286,Preston 009E,Violence and sexual offences,Unable to prosecute suspect,
3539be2ba9418103b83c7e2bafb7f4b6e58ef5eadd022513bc422c3850941f56,2021-06,Lancashire Constabulary,Lancashire Constabulary,-2.653243,53.767012,On or near Mardale Road,E01025286,Preston 009E,Violence and sexual offences,Unable to prosecute suspect,
3b8361cc67518efd051b7ab59974ca9bfdb40e577adf1d021ee5d4f6174440fd,2021-06,Lancashire Constabulary,Lancashire Constabulary,-2.626136,53.769269,On or near Park/Open Space,E01025286,Preston 009E,Other crime,Investigation complete; no suspect identified,
,2021-06,Lancashire Constabulary,Lancashire Constabulary,-2.657847,53.780999,On or near Lauderdale Road,E01025287,Preston 009F,Anti-social behaviour,,
,2021-06,Lancashire Constabulary,Lancashire Constabulary,-2.652401,53.780166,On or near Maple Grove,E01025287,Preston 009F,Anti-social behaviour,,
,2021-06,Lancashire Constabulary,Lancashire Constabulary,-2.654172,53.780866,On or near Fir Trees Avenue,E01025287,Preston 009F,Anti-social behaviour,,
,2021-06,Lancashire Constabulary,Lancashire Constabulary,-2.654387,53.780047,On or near Fir Trees Place,E01025287,Preston 009F,Anti-social behaviour,,
,2021-06,Lancashire Constabulary,Lancashire Constabulary,-2.654387,53.780047,On or near Fir Trees Place,E01025287,Preston 009F,Anti-social behaviour,,
,2021-06,Lancashire Constabulary,Lancashire Constabulary,-2.652401,53.780166,On or near Maple Grove,E01025287,Preston 009F,Anti-social behaviour,,
,2021-06,Lancashire Constabulary,Lancashire Constabulary,-2.654234,53.777037,On or near Browsholme Avenue,E01025287,Preston 009F,Anti-social behaviour,,
,2021-06,Lancashire Constabulary,Lancashire Constabulary,-2.652401,53.780166,On or near Maple Grove,E01025287,Preston 009F,Anti-social behaviour,,
,2021-06,Lancashire Constabulary,Lancashire Constabulary,-2.655752,53.780966,On or near Pine Close,E01025287,Preston 009F,Anti-social behaviour,,
,2021-06,Lancashire Constabulary,Lancashire Constabulary,-2.655801,53.777289,On or near Burnslack Road,E01025287,Preston 009F,Anti-social behaviour,,
,2021-06,Lancashire Constabulary,Lancashire Constabulary,-2.657847,53.780999,On or near Lauderdale Road,E01025287,Preston 009F,Anti-social behaviour,,
,2021-06,Lancashire Constabulary,Lancashire Constabulary,-2.655752,53.780966,On or near Pine Close,E01025287,Preston 009F,Anti-social behaviour,,
,2021-06,Lancashire Constabulary,Lancashire Constabulary,-2.650541,53.781605,On or near Yewtree Avenue,E01025287,Preston 009F,Anti-social behaviour,,
,2021-06,Lancashire Constabulary,Lancashire Constabulary,-2.652401,53.780166,On or near Maple Grove,E01025287,Preston 009F,Anti-social behaviour,,
,2021-06,Lancashire Constabulary,Lancashire Constabulary,-2.657141,53.776635,On or near Bayliss Close,E01025287,Preston 009F,Anti-social behaviour,,
,2021-06,Lancashire Constabulary,Lancashire Constabulary,-2.652401,53.780166,On or near Maple Grove,E01025287,Preston 009F,Anti-social behaviour,,
,2021-06,Lancashire Constabulary,Lancashire Constabulary,-2.657959,53.777520,On or near Acer Grove,E01025287,Preston 009F,Anti-social behaviour,,
,2021-06,Lancashire Constabulary,Lancashire Constabulary,-2.655161,53.776187,On or near Ribbleton Hall Drive,E01025287,Preston 009F,Anti-social behaviour,,
,2021-06,Lancashire Constabulary,Lancashire Constabulary,-2.650541,53.781605,On or near Yewtree Avenue,E01025287,Preston 009F,Anti-social behaviour,,
,2021-06,Lancashire Constabulary,Lancashire Constabulary,-2.657258,53.781227,On or near Supermarket,E01025287,Preston 009F,Anti-social behaviour,,
,2021-06,Lancashire Constabulary,Lancashire Constabulary,-2.650269,53.780681,On or near Cypress Close,E01025287,Preston 009F,Anti-social behaviour,,
,2021-06,Lancashire Constabulary,Lancashire Constabulary,-2.654234,53.777037,On or near Browsholme Avenue,E01025287,Preston 009F,Anti-social behaviour,,
,2021-06,Lancashire Constabulary,Lancashire Constabulary,-2.653672,53.781885,On or near Hazel Grove,E01025287,Preston 009F,Anti-social behaviour,,
,2021-06,Lancashire Constabulary,Lancashire Constabulary,-2.654234,53.777037,On or near Browsholme Avenue,E01025287,Preston 009F,Anti-social behaviour,,
,2021-06,Lancashire Constabulary,Lancashire Constabulary,-2.655161,53.776187,On or near Ribbleton Hall Drive,E01025287,Preston 009F,Anti-social behaviour,,
,2021-06,Lancashire Constabulary,Lancashire Constabulary,-2.650541,53.781605,On or near Yewtree Avenue,E01025287,Preston 009F,Anti-social behaviour,,
,2021-06,Lancashire Constabulary,Lancashire Constabulary,-2.650541,53.781605,On or near Yewtree Avenue,E01025287,Preston 009F,Anti-social behaviour,,
,2021-06,Lancashire Constabulary,Lancashire Constabulary,-2.659138,53.777199,On or near Ribbleton Hall Crescent,E01025287,Preston 009F,Anti-social behaviour,,
,2021-06,Lancashire Constabulary,Lancashire Constabulary,-2.650873,53.781451,On or near Poplar Grove,E01025287,Preston 009F,Anti-social behaviour,,
,2021-06,Lancashire Constabulary,Lancashire Constabulary,-2.653672,53.781885,On or near Hazel Grove,E01025287,Preston 009F,Anti-social behaviour,,
42afe4eeccccc120bafaff61f80e91ef6a8d2cc6b975006812d69e0058b00e33,2021-06,Lancashire Constabulary,Lancashire Constabulary,-2.652401,53.780166,On or near Maple Grove,E01025287,Preston 009F,Bicycle theft,Investigation complete; no suspect identified,
301556d781b50ab0ec1df14514a25d088bad44b73378f52a00105da5e5e12ad9,2021-06,Lancashire Constabulary,Lancashire Constabulary,-2.655752,53.780966,On or near Pine Close,E01025287,Preston 009F,Criminal damage and arson,Unable to prosecute suspect,
bde341e526731534d8d5965db4455122abf3fcc784cfd77f17c2c21b953d3ea5,2021-06,Lancashire Constabulary,Lancashire Constabulary,-2.653672,53.781885,On or near Hazel Grove,E01025287,Preston 009F,Criminal damage and arson,Unable to prosecute suspect,
2f6f2242f9a44397a7fc3894e1a5406993fc0bdb059e7b6a3ac9afcb5d006a37,2021-06,Lancashire Constabulary,Lancashire Constabulary,-2.657141,53.776635,On or near Bayliss Close,E01025287,Preston 009F,Criminal damage and arson,Further action is not in the public interest,
a94078fdf3fe2bd8f404d388143f472a6f45a0115b1101898aafa59525e687fa,2021-06,Lancashire Constabulary,Lancashire Constabulary,-2.650873,53.781451,On or near Poplar Grove,E01025287,Preston 009F,Criminal damage and arson,Investigation complete; no suspect identified,
5db8a862040ccdf48d0be242df53d02445115fa6a3909a8c07867fc57cb1decc,2021-06,Lancashire Constabulary,Lancashire Constabulary,-2.657141,53.776635,On or near Bayliss Close,E01025287,Preston 009F,Criminal damage and arson,Investigation complete; no suspect identified,
aa75ca571e7c682d37330761f952aa68f1021f5c379490d1c99468265609d3cd,2021-06,Lancashire Constabulary,Lancashire Constabulary,-2.650873,53.781451,On or near Poplar Grove,E01025287,Preston 009F,Criminal damage and arson,Status update unavailable,
572e80757e09eece62c60a70090512f86c0896110a5768d9498e4aa13886b1f2,2021-06,Lancashire Constabulary,Lancashire Constabulary,-2.654234,53.777037,On or near Browsholme Avenue,E01025287,Preston 009F,Criminal damage and arson,Investigation complete; no suspect identified,
7d62d47a6a5c3e508d96a0697931285ea7cbdfd60c144767914a1bce6aed1c49,2021-06,Lancashire Constabulary,Lancashire Constabulary,-2.655752,53.780966,On or near Pine Close,E01025287,Preston 009F,Criminal damage and arson,Unable to prosecute suspect,
5d3ffcc723709c8b7db9d64a02d9feec9d5b574570810a63fa4116f61ec41b90,2021-06,Lancashire Constabulary,Lancashire Constabulary,-2.655752,53.780966,On or near Pine Close,E01025287,Preston 009F,Criminal damage and arson,Unable to prosecute suspect,
1f6ba76bee21925b2b395322661d0598a953bd8edd641f8c88e4ed544b234c31,2021-06,Lancashire Constabulary,Lancashire Constabulary,-2.654644,53.780990,On or near Grange Avenue,E01025287,Preston 009F,Other theft,Investigation complete; no suspect identified,
208b5a072f126cf630aa2bf868ed1d7d9cafa62538d385e06cccd3da8e15f89f,2021-06,Lancashire Constabulary,Lancashire Constabulary,-2.652401,53.780166,On or near Maple Grove,E01025287,Preston 009F,Other theft,Investigation complete; no suspect identified,
f258e96245dc0396e23789e5e4d94f4cc3aa6af639b9ab02c11fee67d6f5d4c2,2021-06,Lancashire Constabulary,Lancashire Constabulary,-2.650873,53.781451,On or near Poplar Grove,E01025287,Preston 009F,Public order,Investigation complete; no suspect identified,
63c9b2a05b0fe1dee558a663af1b623c622c260a1d1ece636ab866981218e15a,2021-06,Lancashire Constabulary,Lancashire Constabulary,-2.655752,53.780966,On or near Pine Close,E01025287,Preston 009F,Public order,Local resolution,
61fe3e8d9674a131c01e592b7d0448a4f1dcd93d5cabdb3ba994a0f172edee1b,2021-06,Lancashire Constabulary,Lancashire Constabulary,-2.654172,53.780866,On or near Fir Trees Avenue,E01025287,Preston 009F,Public order,Unable to prosecute suspect,
22f80b2b77338d6662ed13e4adedbf7ae13ecb23983288533eb91dec90ac84c5,2021-06,Lancashire Constabulary,Lancashire Constabulary,-2.657258,53.781227,On or near Supermarket,E01025287,Preston 009F,Public order,Further investigation is not in the public interest,
c83856ba8348c1053206416e1dd9d1837319460a6a71949b367e1f9817336f88,2021-06,Lancashire Constabulary,Lancashire Constabulary,-2.659138,53.777199,On or near Ribbleton Hall Crescent,E01025287,Preston 009F,Public order,Investigation complete; no suspect identified,
efad86cad37eabe37ae9c4581b28132c75708d0c5c05dc3c261da582ca8d41e6,2021-06,Lancashire Constabulary,Lancashire Constabulary,-2.657258,53.781227,On or near Supermarket,E01025287,Preston 009F,Shoplifting,Further investigation is not in the public interest,
5fae9e116e3fd7d749a9085717a63e53e1703d0035062b9329c3f9cdcbf21df4,2021-06,Lancashire Constabulary,Lancashire Constabulary,-2.657258,53.781227,On or near Supermarket,E01025287,Preston 009F,Shoplifting,Further investigation is not in the public interest,
2624a785e9964e02af72c07ba99cdafe3b05127100da6bb30853e137be221905,2021-06,Lancashire Constabulary,Lancashire Constabulary,-2.652401,53.780166,On or near Maple Grove,E01025287,Preston 009F,Vehicle crime,Investigation complete; no suspect identified,
c2b700305fbbcdad92d4ac7721ee261dbfa75e78d3e9d647d6ea647a209c75b0,2021-06,Lancashire Constabulary,Lancashire Constabulary,-2.650873,53.781451,On or near Poplar Grove,E01025287,Preston 009F,Vehicle crime,Status update unavailable,
6e289c1b5c050c0a14c7e22e480dd1445cc8c7b0dc40816937da60be0d411ae2,2021-06,Lancashire Constabulary,Lancashire Constabulary,-2.651938,53.780645,On or near Rowan Avenue,E01025287,Preston 009F,Violence and sexual offences,Further investigation is not in the public interest,
622f850de87240130d16ae2dae89f568b88753afec5f6cc37410868bc39f8f49,2021-06,Lancashire Constabulary,Lancashire Constabulary,-2.652401,53.780166,On or near Maple Grove,E01025287,Preston 009F,Violence and sexual offences,Unable to prosecute suspect,
be642d820cda6ba20ee11308e7bca30780ec727b9a0117a389457f3160b6e2f9,2021-06,Lancashire Constabulary,Lancashire Constabulary,-2.652401,53.780166,On or near Maple Grove,E01025287,Preston 009F,Violence and sexual offences,Status update unavailable,
4be39e556b625756138c7ce8b6fc32130284560b88c44c01a7f3b026e7124a70,2021-06,Lancashire Constabulary,Lancashire Constabulary,-2.657141,53.776635,On or near Bayliss Close,E01025287,Preston 009F,Violence and sexual offences,Status update unavailable,
5a9ca5d538b29c1c484cfc7a9b7138580aab6c7a8c84eae8feb3b5285edd8dd0,2021-06,Lancashire Constabulary,Lancashire Constabulary,-2.655752,53.780966,On or near Pine Close,E01025287,Preston 009F,Violence and sexual offences,Further investigation is not in the public interest,
f82439ac5eb12b2374110d5122cdd8630a5612046749203bda2467ea7897dbc0,2021-06,Lancashire Constabulary,Lancashire Constabulary,-2.657141,53.776635,On or near Bayliss Close,E01025287,Preston 009F,Violence and sexual offences,Unable to prosecute suspect,
f7b0ea40549ecb81936b68d378c809080c7b73096ad2b67bd25e3e39ac98ceca,2021-06,Lancashire Constabulary,Lancashire Constabulary,-2.653672,53.781885,On or near Hazel Grove,E01025287,Preston 009F,Violence and sexual offences,Court result unavailable,
e8569bce5b73e7a0ad16ec8db1574cc43aad076f3fef33b7b680f2f0b1447a6e,2021-06,Lancashire Constabulary,Lancashire Constabulary,-2.655752,53.780966,On or near Pine Close,E01025287,Preston 009F,Violence and sexual offences,Unable to prosecute suspect,
90bdf52e88095ac5842da5683f890b3d94ad3a0a62b61a5223408a3e3562e05a,2021-06,Lancashire Constabulary,Lancashire Constabulary,-2.657847,53.780999,On or near Lauderdale Road,E01025287,Preston 009F,Violence and sexual offences,Unable to prosecute suspect,
869b1676ed169e8abb4b9f78bd47836bc27bcbf873f740ba9136534e2b843755,2021-06,Lancashire Constabulary,Lancashire Constabulary,-2.650541,53.781605,On or near Yewtree Avenue,E01025287,Preston 009F,Other crime,Status update unavailable,
,2021-06,Lancashire Constabulary,Lancashire Constabulary,-2.770860,53.765953,On or near Pine Walks,E01025270,Preston 010A,Anti-social behaviour,,
,2021-06,Lancashire Constabulary,Lancashire Constabulary,-2.765868,53.765931,On or near Victoria Park Avenue,E01025270,Preston 010A,Anti-social behaviour,,
,2021-06,Lancashire Constabulary,Lancashire Constabulary,-2.769715,53.764729,On or near Campion Drive,E01025270,Preston 010A,Anti-social behaviour,,
,2021-06,Lancashire Constabulary,Lancashire Constabulary,-2.768673,53.768331,On or near Ox Hey Avenue,E01025270,Preston 010A,Anti-social behaviour,,
,2021-06,Lancashire Constabulary,Lancashire Constabulary,-2.769420,53.763545,On or near Parkfield Drive,E01025270,Preston 010A,Anti-social behaviour,,
ba5773dffb166f40bb2faf38d3367ead2c062d82abf92d96cfd38b66a5e2dd6e,2021-06,Lancashire Constabulary,Lancashire Constabulary,-2.768591,53.767154,On or near Walney Close,E01025270,Preston 010A,Burglary,Status update unavailable,
24047fe190d59fdb73538337fe57e2d2fb75eeabc0dc4b219f1406a51def0ffa,2021-06,Lancashire Constabulary,Lancashire Constabulary,-2.768673,53.768331,On or near Ox Hey Avenue,E01025270,Preston 010A,Other theft,Offender given a caution,
6c12c54fddde37a28433b4c1eb0d7fce36b0c6600836de533a572405cf0f46b6,2021-06,Lancashire Constabulary,Lancashire Constabulary,-2.791417,53.761163,On or near Petrol Station,E01025270,Preston 010A,Violence and sexual offences,Unable to prosecute suspect,
8cd128b61bbe5325dec3c13922a820d98958f2d9ff6558a3e073b8495bb224eb,2021-06,Lancashire Constabulary,Lancashire Constabulary,-2.791417,53.761163,On or near Petrol Station,E01025270,Preston 010A,Violence and sexual offences,Unable to prosecute suspect,
096d5ba6beeeeee05b4eb3eda6e94e10057c8895f534dd399c2d8e63ab9edb9d,2021-06,Lancashire Constabulary,Lancashire Constabulary,-2.765868,53.765931,On or near Victoria Park Avenue,E01025270,Preston 010A,Violence and sexual offences,Unable to prosecute suspect,
f7aa0da902073a14bd920860452ba71411e4cc4f714a162b59137aaa58b7936e,2021-06,Lancashire Constabulary,Lancashire Constabulary,-2.769871,53.764171,On or near Parkfield Close,E01025270,Preston 010A,Other crime,Unable to prosecute suspect,
,2021-06,Lancashire Constabulary,Lancashire Constabulary,-2.769521,53.784828,On or near Hoyles Lane,E01025272,Preston 010B,Anti-social behaviour,,
,2021-06,Lancashire Constabulary,Lancashire Constabulary,-2.775897,53.781641,On or near Sidgreaves Lane,E01025272,Preston 010B,Anti-social behaviour,,
,2021-06,Lancashire Constabulary,Lancashire Constabulary,-2.762831,53.783316,On or near Hereford Grove,E01025272,Preston 010B,Anti-social behaviour,,
190c5620e0a88e1d746ff4d780080cab0e33900ead025a5bb4e649cd54d4d541,2021-06,Lancashire Constabulary,Lancashire Constabulary,-2.769521,53.784828,On or near Hoyles Lane,E01025272,Preston 010B,Criminal damage and arson,Investigation complete; no suspect identified,
b01580aacdb732c6205d2fb74264ddecb977f31652be2825332872cffc79448a,2021-06,Lancashire Constabulary,Lancashire Constabulary,-2.771022,53.780621,On or near Fiddlers Fold Court,E01025272,Preston 010B,Criminal damage and arson,Unable to prosecute suspect,
bb28781b55386a5c17b2bba1614506242b3b86af767e97f10d86daa7bdb4a2ec,2021-06,Lancashire Constabulary,Lancashire Constabulary,-2.771022,53.780621,On or near Fiddlers Fold Court,E01025272,Preston 010B,Other theft,Unable to prosecute suspect,
c0374b9c0a9ac03babb1667581d5daeb07c6c1266dde3789ea2a70a88625bc91,2021-06,Lancashire Constabulary,Lancashire Constabulary,-2.771022,53.780621,On or near Fiddlers Fold Court,E01025272,Preston 010B,Violence and sexual offences,Unable to prosecute suspect,
b1b29635ed838b58d37b0f3c5d019e84a1332f7d5f02e1ecbdd3b18f945e4a59,2021-06,Lancashire Constabulary,Lancashire Constabulary,-2.771022,53.780621,On or near Fiddlers Fold Court,E01025272,Preston 010B,Violence and sexual offences,Status update unavailable,
e829839bbe64b6cbedb5d203c83c33a11e2dac3fb7dd7fdcaebb72dfecb6c9d9,2021-06,Lancashire Constabulary,Lancashire Constabulary,-2.759958,53.779703,On or near Canberra Lane,E01025272,Preston 010B,Violence and sexual offences,Unable to prosecute suspect,
,2021-06,Lancashire Constabulary,Lancashire Constabulary,-2.752251,53.785801,On or near Mossbrook Drive,E01025273,Preston 010C,Anti-social behaviour,,
5ab75d2460b36eb5861bdcb5705121182285824774e7e20609f9e154d49a0cee,2021-06,Lancashire Constabulary,Lancashire Constabulary,-2.755176,53.781306,On or near The Gables,E01025273,Preston 010C,Criminal damage and arson,Investigation complete; no suspect identified,
6ab2e9420c1ca102d8a600b095c30d6ed167ccd67c5192d0e2c09ce0862236ac,2021-06,Lancashire Constabulary,Lancashire Constabulary,-2.751744,53.787125,On or near Poppyfield,E01025273,Preston 010C,Public order,Unable to prosecute suspect,
e573002c088b20aeaff3de442d60e496139cac6db7f14186f825d4c28fc27701,2021-06,Lancashire Constabulary,Lancashire Constabulary,-2.752251,53.785801,On or near Mossbrook Drive,E01025273,Preston 010C,Violence and sexual offences,Investigation complete; no suspect identified,
b96a585ac58c9e5c64843eb6185fbaa5a5b1a02bc8b64b83919581547202660b,2021-06,Lancashire Constabulary,Lancashire Constabulary,-2.755967,53.784771,On or near The Villas,E01025273,Preston 010C,Violence and sexual offences,Unable to prosecute suspect,
,2021-06,Lancashire Constabulary,Lancashire Constabulary,-2.724299,53.764042,On or near Travers Place,E01025288,Preston 010D,Anti-social behaviour,,
,2021-06,Lancashire Constabulary,Lancashire Constabulary,-2.723443,53.760164,On or near Channel Way,E01025288,Preston 010D,Anti-social behaviour,,
,2021-06,Lancashire Constabulary,Lancashire Constabulary,-2.729095,53.763302,On or near Dart Street,E01025288,Preston 010D,Anti-social behaviour,,
,2021-06,Lancashire Constabulary,Lancashire Constabulary,-2.726739,53.763910,On or near Douglas Street,E01025288,Preston 010D,Anti-social behaviour,,
,2021-06,Lancashire Constabulary,Lancashire Constabulary,-2.741181,53.762231,On or near Pedders Way,E01025288,Preston 010D,Anti-social behaviour,,
,2021-06,Lancashire Constabulary,Lancashire Constabulary,-2.737212,53.759082,On or near Victoria Quay,E01025288,Preston 010D,Anti-social behaviour,,
,2021-06,Lancashire Constabulary,Lancashire Constabulary,-2.746307,53.758711,On or near Maritime Way,E01025288,Preston 010D,Anti-social behaviour,,
,2021-06,Lancashire Constabulary,Lancashire Constabulary,-2.736057,53.762433,On or near Supermarket,E01025288,Preston 010D,Anti-social behaviour,,
,2021-06,Lancashire Constabulary,Lancashire Constabulary,-2.732384,53.759660,On or near Britannia Drive,E01025288,Preston 010D,Anti-social behaviour,,
,2021-06,Lancashire Constabulary,Lancashire Constabulary,-2.726739,53.763910,On or near Douglas Street,E01025288,Preston 010D,Anti-social behaviour,,
,2021-06,Lancashire Constabulary,Lancashire Constabulary,-2.727839,53.763499,On or near Mersey Street,E01025288,Preston 010D,Anti-social behaviour,,
,2021-06,Lancashire Constabulary,Lancashire Constabulary,-2.723443,53.760164,On or near Channel Way,E01025288,Preston 010D,Anti-social behaviour,,
,2021-06,Lancashire Constabulary,Lancashire Constabulary,-2.732384,53.759660,On or near Britannia Drive,E01025288,Preston 010D,Anti-social behaviour,,
,2021-06,Lancashire Constabulary,Lancashire Constabulary,-2.748569,53.759722,On or near Lockside Road,E01025288,Preston 010D,Anti-social behaviour,,
,2021-06,Lancashire Constabulary,Lancashire Constabulary,-2.760909,53.757649,On or near Wallend Road,E01025288,Preston 010D,Anti-social behaviour,,
,2021-06,Lancashire Constabulary,Lancashire Constabulary,-2.746307,53.758711,On or near Maritime Way,E01025288,Preston 010D,Anti-social behaviour,,
f89cd9e63308581aba4725e5b9d53e1e3c1935de6a13033040113031ad87e96b,2021-06,Lancashire Constabulary,Lancashire Constabulary,-2.736057,53.762433,On or near Supermarket,E01025288,Preston 010D,Bicycle theft,Investigation complete; no suspect identified,
2d05b288a6b4bf9bc98430b5f231811a635dc4e8d6d31e3e90e5360ca759ec85,2021-06,Lancashire Constabulary,Lancashire Constabulary,-2.732060,53.762862,On or near Watery Lane,E01025288,Preston 010D,Burglary,Status update unavailable,
9ffb639eed4fd12ad1bf13c50644623875b795361b9dac61ac38fb0cf74ca674,2021-06,Lancashire Constabulary,Lancashire Constabulary,-2.721140,53.761202,On or near West Strand,E01025288,Preston 010D,Criminal damage and arson,Investigation complete; no suspect identified,
73c063bb34ea9db306ac89bb2dd3aea32449dcb213e629e2dd38fde82e3351ac,2021-06,Lancashire Constabulary,Lancashire Constabulary,-2.728306,53.764179,On or near Calder Street,E01025288,Preston 010D,Criminal damage and arson,Status update unavailable,
ea28dfdbb1f48a8ea76b0fbd149215bdc873d6c311f81749e93b5eca60ba9092,2021-06,Lancashire Constabulary,Lancashire Constabulary,-2.728306,53.764179,On or near Calder Street,E01025288,Preston 010D,Criminal damage and arson,Court result unavailable,
b686409f0def3e025dafa982be85fdaf2f183da5de0e2f44b6f233cecbae19d6,2021-06,Lancashire Constabulary,Lancashire Constabulary,-2.760909,53.757649,On or near Wallend Road,E01025288,Preston 010D,Drugs,Status update unavailable,
bf3d4c7288fbbdba7ded56031de9a25e1f5cca1bc29d18dc97346ad51984a30f,2021-06,Lancashire Constabulary,Lancashire Constabulary,-2.748569,53.759722,On or near Lockside Road,E01025288,Preston 010D,Drugs,Unable to prosecute suspect,
480a82d4b686b4f69f9d50d5ee2efe1d3a372a8103b9262cbf3ed2a4bd3789e8,2021-06,Lancashire Constabulary,Lancashire Constabulary,-2.736057,53.762433,On or near Supermarket,E01025288,Preston 010D,Other theft,Status update unavailable,
54069fd5b418b7d13899404ea7f6023916b5e8f1e86383389afd5d1a82e8c1fe,2021-06,Lancashire Constabulary,Lancashire Constabulary,-2.729095,53.763302,On or near Dart Street,E01025288,Preston 010D,Other theft,Investigation complete; no suspect identified,
93f3fe43b65ea79d462b775d3598c42a43641ffce297694bc3835ff63d7c76ba,2021-06,Lancashire Constabulary,Lancashire Constabulary,-2.736057,53.762433,On or near Supermarket,E01025288,Preston 010D,Other theft,Status update unavailable,
f75012c9fdb64b64f2584af275e60757e7b43c3d22033dfd23b6b4e3eeb363de,2021-06,Lancashire Constabulary,Lancashire Constabulary,-2.738063,53.761764,On or near Petrol Station,E01025288,Preston 010D,Other theft,Investigation complete; no suspect identified,
ff737fccda19b667dde30f7dddc32a11f79bd598d452cc4a65e62aafca099616,2021-06,Lancashire Constabulary,Lancashire Constabulary,-2.729095,53.763302,On or near Dart Street,E01025288,Preston 010D,Other theft,Status update unavailable,
a51e6435e159a42826d20b78308ac0bf689e822c18d1857ee17a3c6653903780,2021-06,Lancashire Constabulary,Lancashire Constabulary,-2.736057,53.762433,On or near Supermarket,E01025288,Preston 010D,Other theft,Status update unavailable,
2e33ba5d8817961435bfdbaf92f1ff4f33ffbc63b32750a1d1a37ef446bb47de,2021-06,Lancashire Constabulary,Lancashire Constabulary,-2.736057,53.762433,On or near Supermarket,E01025288,Preston 010D,Other theft,Investigation complete; no suspect identified,
aed6d50a5867fbd37aadeeef39e5619d58458268e178ec276378c31ee14f224a,2021-06,Lancashire Constabulary,Lancashire Constabulary,-2.736057,53.762433,On or near Supermarket,E01025288,Preston 010D,Other theft,Status update unavailable,
98fb4bb2cdea7e32b909cd223df44e258ffb53d681ad489b80f3c9f5a5434f5b,2021-06,Lancashire Constabulary,Lancashire Constabulary,-2.741181,53.762231,On or near Pedders Way,E01025288,Preston 010D,Public order,Investigation complete; no suspect identified,
b3f0d0ac46d00e2e9c41bc624db2a6464b1001b6b79a734edea84967ee82fa70,2021-06,Lancashire Constabulary,Lancashire Constabulary,-2.736057,53.762433,On or near Supermarket,E01025288,Preston 010D,Shoplifting,Court result unavailable,
ad38a0c904d264159747192180891f8e6ae70b06fa0742cb2bd93f05e715bdd8,2021-06,Lancashire Constabulary,Lancashire Constabulary,-2.736057,53.762433,On or near Supermarket,E01025288,Preston 010D,Shoplifting,Court result unavailable,
93410167b2894e8ae9dfd94562f00abf4779147971b8291f7cb14893fbe67e26,2021-06,Lancashire Constabulary,Lancashire Constabulary,-2.736057,53.762433,On or near Supermarket,E01025288,Preston 010D,Shoplifting,Unable to prosecute suspect,
9968f0835cec86e3fbe5919414eb74aa18341d635fa97b8e093830f92701c5a6,2021-06,Lancashire Constabulary,Lancashire Constabulary,-2.732060,53.762862,On or near Watery Lane,E01025288,Preston 010D,Vehicle crime,Further investigation is not in the public interest,
3a12e58762a6e8fb639c8b8a53ef86693eba9510118b82e376956661dde6d1d5,2021-06,Lancashire Constabulary,Lancashire Constabulary,-2.729095,53.763302,On or near Dart Street,E01025288,Preston 010D,Vehicle crime,Status update unavailable,
e5d81fd96dea187ba5a19cc663b5f9c02d7fef7a69a69d3c64220d8e51f7bebc,2021-06,Lancashire Constabulary,Lancashire Constabulary,-2.732345,53.759166,On or near Endeavour Close,E01025288,Preston 010D,Vehicle crime,Investigation complete; no suspect identified,
299a7b8364687b292c79bac28dcee7e1d35053a66e8e2b4bc94e20f87611a256,2021-06,Lancashire Constabulary,Lancashire Constabulary,-2.738552,53.757627,On or near Holme Road,E01025288,Preston 010D,Vehicle crime,Investigation complete; no suspect identified,
dae2408303f30ab672629100bb8108e5c0a8b18350c8d2f0202f7002c41a4067,2021-06,Lancashire Constabulary,Lancashire Constabulary,-2.736057,53.762433,On or near Supermarket,E01025288,Preston 010D,Violence and sexual offences,Court result unavailable,
b89e359fe0714ac25722ca7e4ae5a0087c39ec384b427af5ae1cb12598507c25,2021-06,Lancashire Constabulary,Lancashire Constabulary,-2.736057,53.762433,On or near Supermarket,E01025288,Preston 010D,Violence and sexual offences,Unable to prosecute suspect,
15b244c85c1b4f7d2b70ae9353e7fda6c7b5fc85a0489af271b9c76d13970d58,2021-06,Lancashire Constabulary,Lancashire Constabulary,-2.733923,53.759219,On or near Mountbatten Close,E01025288,Preston 010D,Violence and sexual offences,Court result unavailable,
7d2b6cc6fc9ffa43b5cfa9709dc7a4e6c5ea6a9d9814d2f57ef13d760dcd140d,2021-06,Lancashire Constabulary,Lancashire Constabulary,-2.724299,53.764042,On or near Travers Place,E01025288,Preston 010D,Violence and sexual offences,Unable to prosecute suspect,
76ccfabb9cea308bbe0b5a0b1430345e9afbc6899dcb9aaff6b93e7bb83c0b00,2021-06,Lancashire Constabulary,Lancashire Constabulary,-2.733923,53.759219,On or near Mountbatten Close,E01025288,Preston 010D,Violence and sexual offences,Unable to prosecute suspect,
c69dce73e825cb1fbe1d572d39d10b32c23f604f49690beff42aec8e215e3528,2021-06,Lancashire Constabulary,Lancashire Constabulary,-2.726739,53.763910,On or near Douglas Street,E01025288,Preston 010D,Violence and sexual offences,Unable to prosecute suspect,
dcbc6b8fe8e2d19f428c9aedf6d0faab2213408c338cd55bb2413b38e964cf28,2021-06,Lancashire Constabulary,Lancashire Constabulary,-2.752255,53.760535,On or near Hardy Close,E01025288,Preston 010D,Violence and sexual offences,Unable to prosecute suspect,
0c7e32240d0f60df01772a39ac7e8a7dacc4597638a987cad78e25933cbf8c8e,2021-06,Lancashire Constabulary,Lancashire Constabulary,-2.746307,53.758711,On or near Maritime Way,E01025288,Preston 010D,Violence and sexual offences,Investigation complete; no suspect identified,
0494132dcf37ac0e59fd96cb18ee39ec61f63e5df9ee9951dece78ae0feb7fbc,2021-06,Lancashire Constabulary,Lancashire Constabulary,-2.724299,53.764042,On or near Travers Place,E01025288,Preston 010D,Violence and sexual offences,Offender given a caution,
32ad49658e563e425bcba5326b7ea617011775e6652352569a3b8a4c5527048b,2021-06,Lancashire Constabulary,Lancashire Constabulary,-2.736057,53.762433,On or near Supermarket,E01025288,Preston 010D,Other crime,Court result unavailable,
,2021-06,Lancashire Constabulary,Lancashire Constabulary,-2.687613,53.769336,On or near St George'S Road,E01025246,Preston 011A,Anti-social behaviour,,
,2021-06,Lancashire Constabulary,Lancashire Constabulary,-2.687397,53.768169,On or near Bullfinch Street,E01025246,Preston 011A,Anti-social behaviour,,
,2021-06,Lancashire Constabulary,Lancashire Constabulary,-2.684526,53.769785,On or near Skeffington Road,E01025246,Preston 011A,Anti-social behaviour,,
,2021-06,Lancashire Constabulary,Lancashire Constabulary,-2.684404,53.770739,On or near Exe Street,E01025246,Preston 011A,Anti-social behaviour,,
bef447cf3f3d1bea08ae5a2be50ea0b83b83dcef41ca2dc3d6775d67d80416fc,2021-06,Lancashire Constabulary,Lancashire Constabulary,-2.683724,53.770868,On or near Harewood Road,E01025246,Preston 011A,Drugs,Court result unavailable,
d0deef45c280e1997b32e3769a34ec200a4b39694842a7f3b62a7a8a3c25abd0,2021-06,Lancashire Constabulary,Lancashire Constabulary,-2.683724,53.770868,On or near Harewood Road,E01025246,Preston 011A,Drugs,Court result unavailable,
b8dc627aeb1295769e980d961b4cf3189647755dc963a57e478d6dc4b87cefbb,2021-06,Lancashire Constabulary,Lancashire Constabulary,-2.683724,53.770868,On or near Harewood Road,E01025246,Preston 011A,Drugs,Court result unavailable,
176804897aa33e0d4d7d819afc4f4aa86a4f6b118e828890ee5fc68eb7b0b9aa,2021-06,Lancashire Constabulary,Lancashire Constabulary,-2.689234,53.770127,On or near St Stephen'S Road,E01025246,Preston 011A,Other theft,Investigation complete; no suspect identified,
b4c0c47970b23a21fa67cf59051dc95707a7df69785c7ab52d7b466f38787f22,2021-06,Lancashire Constabulary,Lancashire Constabulary,-2.684526,53.769785,On or near Skeffington Road,E01025246,Preston 011A,Public order,Unable to prosecute suspect,
a1fa51f31a723ef61bd9e45c8dfa3a8cbe1b1bdc3c9e374627d5c88e43a4b262,2021-06,Lancashire Constabulary,Lancashire Constabulary,-2.684526,53.769785,On or near Skeffington Road,E01025246,Preston 011A,Violence and sexual offences,Unable to prosecute suspect,
67b115dc40a8ea6d09fdd303281cac55b87cd0accf88f7059fafdde330c17697,2021-06,Lancashire Constabulary,Lancashire Constabulary,-2.685529,53.768970,On or near Rook Street,E01025246,Preston 011A,Violence and sexual offences,Investigation complete; no suspect identified,
2d0d713fa945c1cb6313046e19807ae73d33804db55456f6c7c96c164e230275,2021-06,Lancashire Constabulary,Lancashire Constabulary,-2.683724,53.770868,On or near Harewood Road,E01025246,Preston 011A,Violence and sexual offences,Further investigation is not in the public interest,
b03b2843f0b7c6263ac84365d4685f6c1d2e9d533e4629024e7e184680cad301,2021-06,Lancashire Constabulary,Lancashire Constabulary,-2.683724,53.770868,On or near Harewood Road,E01025246,Preston 011A,Violence and sexual offences,Investigation complete; no suspect identified,
886662be5e477ce2bf1224359a869f73a04fd8b27db15bc64f5fecb63f839dcd,2021-06,Lancashire Constabulary,Lancashire Constabulary,-2.686584,53.770421,On or near Chatham Place,E01025246,Preston 011A,Other crime,Investigation complete; no suspect identified,
,2021-06,Lancashire Constabulary,Lancashire Constabulary,-2.711980,53.772052,On or near Lowndes Street,E01025274,Preston 011B,Anti-social behaviour,,
,2021-06,Lancashire Constabulary,Lancashire Constabulary,-2.710615,53.773022,On or near Elmsley Street,E01025274,Preston 011B,Anti-social behaviour,,
,2021-06,Lancashire Constabulary,Lancashire Constabulary,-2.709031,53.772645,On or near Broughton Street,E01025274,Preston 011B,Anti-social behaviour,,
,2021-06,Lancashire Constabulary,Lancashire Constabulary,-2.708654,53.770975,On or near Ripon Street,E01025274,Preston 011B,Anti-social behaviour,,
,2021-06,Lancashire Constabulary,Lancashire Constabulary,-2.706532,53.771114,On or near Haysworth Street,E01025274,Preston 011B,Anti-social behaviour,,
,2021-06,Lancashire Constabulary,Lancashire Constabulary,-2.711174,53.772848,On or near Jemmett Street,E01025274,Preston 011B,Anti-social behaviour,,
,2021-06,Lancashire Constabulary,Lancashire Constabulary,-2.710025,53.773088,On or near Dallas Street,E01025274,Preston 011B,Anti-social behaviour,,
,2021-06,Lancashire Constabulary,Lancashire Constabulary,-2.709390,53.771456,On or near Otway Street,E01025274,Preston 011B,Anti-social behaviour,,
,2021-06,Lancashire Constabulary,Lancashire Constabulary,-2.711980,53.772052,On or near Lowndes Street,E01025274,Preston 011B,Anti-social behaviour,,
,2021-06,Lancashire Constabulary,Lancashire Constabulary,-2.709031,53.772645,On or near Broughton Street,E01025274,Preston 011B,Anti-social behaviour,,
,2021-06,Lancashire Constabulary,Lancashire Constabulary,-2.711127,53.770080,On or near Villiers Street,E01025274,Preston 011B,Anti-social behaviour,,
,2021-06,Lancashire Constabulary,Lancashire Constabulary,-2.709031,53.772645,On or near Broughton Street,E01025274,Preston 011B,Anti-social behaviour,,
,2021-06,Lancashire Constabulary,Lancashire Constabulary,-2.711174,53.772848,On or near Jemmett Street,E01025274,Preston 011B,Anti-social behaviour,,
,2021-06,Lancashire Constabulary,Lancashire Constabulary,-2.710357,53.771235,On or near Elliott Street,E01025274,Preston 011B,Anti-social behaviour,,
,2021-06,Lancashire Constabulary,Lancashire Constabulary,-2.710025,53.773088,On or near Dallas Street,E01025274,Preston 011B,Anti-social behaviour,,
,2021-06,Lancashire Constabulary,Lancashire Constabulary,-2.711127,53.770080,On or near Villiers Street,E01025274,Preston 011B,Anti-social behaviour,,
,2021-06,Lancashire Constabulary,Lancashire Constabulary,-2.711980,53.772052,On or near Lowndes Street,E01025274,Preston 011B,Anti-social behaviour,,
ed1ba92397e5bb193037f116dbfcd3036766f138b8ca82d14d6d091f1c52eb9a,2021-06,Lancashire Constabulary,Lancashire Constabulary,-2.710025,53.773088,On or near Dallas Street,E01025274,Preston 011B,Burglary,Investigation complete; no suspect identified,
01bba23a1782540ec1d64c897b40bb2530801d21ef966a2b373263961115800b,2021-06,Lancashire Constabulary,Lancashire Constabulary,-2.707002,53.772926,On or near Wove Court,E01025274,Preston 011B,Burglary,Status update unavailable,
ca71641544e5047e4c6451308869fbdc69ea0fa9ba7a3910550f63a4225de27b,2021-06,Lancashire Constabulary,Lancashire Constabulary,-2.711390,53.772163,On or near Henderson Street,E01025274,Preston 011B,Burglary,Investigation complete; no suspect identified,
05dee514f58aef4fb1bd07634666e7a95c015e37ab1e3a9a4b57971418732bc5,2021-06,Lancashire Constabulary,Lancashire Constabulary,-2.708907,53.771567,On or near Cambridge Street,E01025274,Preston 011B,Criminal damage and arson,Unable to prosecute suspect,
430594339a01c1212f20f2ff2146fbe69aa88cc0b5fae4747319125987424a00,2021-06,Lancashire Constabulary,Lancashire Constabulary,-2.710357,53.771235,On or near Elliott Street,E01025274,Preston 011B,Criminal damage and arson,Investigation complete; no suspect identified,
0b8a41ccbc72a42745e3cf67a3879b25e9090943a6477e28b6cf2dd97da4e7d3,2021-06,Lancashire Constabulary,Lancashire Constabulary,-2.708654,53.770975,On or near Ripon Street,E01025274,Preston 011B,Drugs,Status update unavailable,
d796e47dab89528b044a08ead088ab532947c2974adef3e8bba1cc7135f98d64,2021-06,Lancashire Constabulary,Lancashire Constabulary,-2.709031,53.772645,On or near Broughton Street,E01025274,Preston 011B,Other theft,Unable to prosecute suspect,
271052f646798ace8202da824f7c74f0ab2c9669802957f9252f7f68afc517e8,2021-06,Lancashire Constabulary,Lancashire Constabulary,-2.708654,53.770975,On or near Ripon Street,E01025274,Preston 011B,Other theft,Status update unavailable,
c66f6852d844a2f332ef9c1f146f26ffbf03311db56279644400c1686c3b1758,2021-06,Lancashire Constabulary,Lancashire Constabulary,-2.710357,53.771235,On or near Elliott Street,E01025274,Preston 011B,Possession of weapons,Court result unavailable,
414b2290b173599302a42275c2720e3adf0590bb123fb568a3b7ce56c79a65e7,2021-06,Lancashire Constabulary,Lancashire Constabulary,-2.710202,53.771928,On or near Eldon Street,E01025274,Preston 011B,Public order,Unable to prosecute suspect,
ab01ecf19e32544579dba54cd199a13d29990259209e95b1f792aa227ef0e418,2021-06,Lancashire Constabulary,Lancashire Constabulary,-2.710934,53.773002,On or near Trafford Street,E01025274,Preston 011B,Public order,Unable to prosecute suspect,
c494e074799b9b97d96de7c3d547a8e631373619cee4faf00f7c93259bf02c75,2021-06,Lancashire Constabulary,Lancashire Constabulary,-2.709031,53.772645,On or near Broughton Street,E01025274,Preston 011B,Public order,Unable to prosecute suspect,
980b33c8d00071ffa77c2793367b85d921cc14d455ff79c14747b053f00fb7ad,2021-06,Lancashire Constabulary,Lancashire Constabulary,-2.708907,53.771567,On or near Cambridge Street,E01025274,Preston 011B,Public order,Formal action is not in the public interest,
fbe3f3efbd2d422a4facfa3d61c61fe5c900e246cf0f999cca2c30bf5c6296ba,2021-06,Lancashire Constabulary,Lancashire Constabulary,-2.710357,53.771235,On or near Elliott Street,E01025274,Preston 011B,Public order,Unable to prosecute suspect,
466e2fe4e1372e7e3ad2a408aa93ce076aac860b3a761ec8686280be43816729,2021-06,Lancashire Constabulary,Lancashire Constabulary,-2.711127,53.770080,On or near Villiers Street,E01025274,Preston 011B,Robbery,Court result unavailable,
fa01443952e4061b8b64d5497f5519df452ca24a250870c81f9fbac9c9ed25a3,2021-06,Lancashire Constabulary,Lancashire Constabulary,-2.711438,53.770536,On or near Supermarket,E01025274,Preston 011B,Shoplifting,Investigation complete; no suspect identified,
5cb8321ab268cfc1e6239d2835c22036202c761179d952460f5fee665df0c212,2021-06,Lancashire Constabulary,Lancashire Constabulary,-2.711438,53.770536,On or near Supermarket,E01025274,Preston 011B,Shoplifting,Status update unavailable,
a1cb716a95599e2c079ec4cd283d461aecc246f6f124deaf2d5afbb06d2f3d54,2021-06,Lancashire Constabulary,Lancashire Constabulary,-2.709031,53.772645,On or near Broughton Street,E01025274,Preston 011B,Vehicle crime,Investigation complete; no suspect identified,
987121eaad58fee7c797b736a0a5e2f829fbfbeee1f41790d723b6cc78edf02a,2021-06,Lancashire Constabulary,Lancashire Constabulary,-2.709031,53.772645,On or near Broughton Street,E01025274,Preston 011B,Vehicle crime,Investigation complete; no suspect identified,
7ae26d601f8a72718fb647e132421894a5e8a478e5e488c3c1b5f37f97053c22,2021-06,Lancashire Constabulary,Lancashire Constabulary,-2.709031,53.772645,On or near Broughton Street,E01025274,Preston 011B,Vehicle crime,Investigation complete; no suspect identified,
e7424b81309246d0161fa3f4c1da8f889527094fbb2f0f8308aa2072fe8aafb0,2021-06,Lancashire Constabulary,Lancashire Constabulary,-2.707002,53.772926,On or near Wove Court,E01025274,Preston 011B,Vehicle crime,Investigation complete; no suspect identified,
812091e953e4fcce795077579ca61d773d59b851a9d58b14228b5047d475d654,2021-06,Lancashire Constabulary,Lancashire Constabulary,-2.710934,53.773002,On or near Trafford Street,E01025274,Preston 011B,Vehicle crime,Investigation complete; no suspect identified,
34298cfefbd25912fbe945cea2dd99324e56ad083fdb4bc73ad2ed008de5eb0e,2021-06,Lancashire Constabulary,Lancashire Constabulary,-2.710934,53.773002,On or near Trafford Street,E01025274,Preston 011B,Violence and sexual offences,Unable to prosecute suspect,
74d9fede06c9ad1d40e5b1a19f10d14f87e83524b98dfcf72507b724a30f2950,2021-06,Lancashire Constabulary,Lancashire Constabulary,-2.706532,53.771114,On or near Haysworth Street,E01025274,Preston 011B,Violence and sexual offences,Status update unavailable,
f9e2d4b9dee96cf72f87323ba63a617251859a5e84811c3f6f53309220ea80bb,2021-06,Lancashire Constabulary,Lancashire Constabulary,-2.711127,53.770080,On or near Villiers Street,E01025274,Preston 011B,Violence and sexual offences,Unable to prosecute suspect,
f689f31277b84992dae6c1acc599d6789487d2523947af2a782dfc3134de8250,2021-06,Lancashire Constabulary,Lancashire Constabulary,-2.710934,53.773002,On or near Trafford Street,E01025274,Preston 011B,Violence and sexual offences,Unable to prosecute suspect,
f36a2d187dcbd5cfd42e2e1ea679540eae551e51d54fbac5d1d1780ec2c14c5c,2021-06,Lancashire Constabulary,Lancashire Constabulary,-2.711438,53.770536,On or near Supermarket,E01025274,Preston 011B,Violence and sexual offences,Investigation complete; no suspect identified,
d38e1a2cb68b5a69e084567679a8e83385a4b5bd9d149860165e1b3c5cee4264,2021-06,Lancashire Constabulary,Lancashire Constabulary,-2.711390,53.772163,On or near Henderson Street,E01025274,Preston 011B,Violence and sexual offences,Unable to prosecute suspect,
0f8fb8be7c9d8dc51393dfe179b88ac021759e180b822661418b1559c0163c7d,2021-06,Lancashire Constabulary,Lancashire Constabulary,-2.711980,53.772052,On or near Lowndes Street,E01025274,Preston 011B,Violence and sexual offences,Unable to prosecute suspect,
165b35ad98d611574851a19e24f9f1696e15b526c90ccf2d7a9246b8e8d235c0,2021-06,Lancashire Constabulary,Lancashire Constabulary,-2.708907,53.771567,On or near Cambridge Street,E01025274,Preston 011B,Violence and sexual offences,Investigation complete; no suspect identified,
37be187767bead54a9e074800c9a041afa2e7744e7787ef8f95f0f6b053833eb,2021-06,Lancashire Constabulary,Lancashire Constabulary,-2.710025,53.773088,On or near Dallas Street,E01025274,Preston 011B,Violence and sexual offences,Action to be taken by another organisation,
302f71b9ea8ac04e4442388fbce96f3fb020abecb268e93d038bca9c76e6150e,2021-06,Lancashire Constabulary,Lancashire Constabulary,-2.711438,53.770536,On or near Supermarket,E01025274,Preston 011B,Violence and sexual offences,Court result unavailable,
be726b3b29089f8340cd13e7d986a7c556b29cea80a6c8c3c798ec37c408de9e,2021-06,Lancashire Constabulary,Lancashire Constabulary,-2.711980,53.772052,On or near Lowndes Street,E01025274,Preston 011B,Violence and sexual offences,Offender given a caution,
ba80ab201ecafa28ad83d922d2068334c2689c565cf5b265cfb2bc639aa3b929,2021-06,Lancashire Constabulary,Lancashire Constabulary,-2.711980,53.772052,On or near Lowndes Street,E01025274,Preston 011B,Violence and sexual offences,Status update unavailable,
ab784234331e3cadd7aa47843593b502be928800b35fd7383b6ced667c446146,2021-06,Lancashire Constabulary,Lancashire Constabulary,-2.711390,53.772163,On or near Henderson Street,E01025274,Preston 011B,Violence and sexual offences,Unable to prosecute suspect,
13bf12ffb9df8449651af2e18513ff5280d5655aaca298d072d7eaaaf4a0f917,2021-06,Lancashire Constabulary,Lancashire Constabulary,-2.711980,53.772052,On or near Lowndes Street,E01025274,Preston 011B,Violence and sexual offences,Unable to prosecute suspect,
923ea369da56109d2236a42998c8f983b176dd3c91f73c35d1f799e06a4f202f,2021-06,Lancashire Constabulary,Lancashire Constabulary,-2.711438,53.770536,On or near Supermarket,E01025274,Preston 011B,Other crime,Unable to prosecute suspect,
,2021-06,Lancashire Constabulary,Lancashire Constabulary,-2.705417,53.769772,On or near Ellen Street,E01025275,Preston 011C,Anti-social behaviour,,
,2021-06,Lancashire Constabulary,Lancashire Constabulary,-2.709360,53.768796,On or near Elliott Walk,E01025275,Preston 011C,Anti-social behaviour,,
,2021-06,Lancashire Constabulary,Lancashire Constabulary,-2.709597,53.770197,On or near Crofters Green,E01025275,Preston 011C,Anti-social behaviour,,
,2021-06,Lancashire Constabulary,Lancashire Constabulary,-2.702586,53.770121,On or near Lovat Road,E01025275,Preston 011C,Anti-social behaviour,,
,2021-06,Lancashire Constabulary,Lancashire Constabulary,-2.704989,53.770493,On or near Petrol Station,E01025275,Preston 011C,Anti-social behaviour,,
,2021-06,Lancashire Constabulary,Lancashire Constabulary,-2.709360,53.768796,On or near Elliott Walk,E01025275,Preston 011C,Anti-social behaviour,,
,2021-06,Lancashire Constabulary,Lancashire Constabulary,-2.709360,53.768796,On or near Elliott Walk,E01025275,Preston 011C,Anti-social behaviour,,
,2021-06,Lancashire Constabulary,Lancashire Constabulary,-2.700715,53.769853,On or near Lockhart Road,E01025275,Preston 011C,Anti-social behaviour,,
,2021-06,Lancashire Constabulary,Lancashire Constabulary,-2.709360,53.768796,On or near Elliott Walk,E01025275,Preston 011C,Anti-social behaviour,,
,2021-06,Lancashire Constabulary,Lancashire Constabulary,-2.709360,53.768796,On or near Elliott Walk,E01025275,Preston 011C,Anti-social behaviour,,
,2021-06,Lancashire Constabulary,Lancashire Constabulary,-2.703651,53.769378,On or near English Martyrs' Place,E01025275,Preston 011C,Anti-social behaviour,,
,2021-06,Lancashire Constabulary,Lancashire Constabulary,-2.704172,53.769743,On or near Kenmure Place,E01025275,Preston 011C,Anti-social behaviour,,
,2021-06,Lancashire Constabulary,Lancashire Constabulary,-2.704989,53.770493,On or near Petrol Station,E01025275,Preston 011C,Anti-social behaviour,,
,2021-06,Lancashire Constabulary,Lancashire Constabulary,-2.701075,53.770498,On or near Butler Place,E01025275,Preston 011C,Anti-social behaviour,,
,2021-06,Lancashire Constabulary,Lancashire Constabulary,-2.709360,53.768796,On or near Elliott Walk,E01025275,Preston 011C,Anti-social behaviour,,
,2021-06,Lancashire Constabulary,Lancashire Constabulary,-2.705417,53.769772,On or near Ellen Street,E01025275,Preston 011C,Anti-social behaviour,,
,2021-06,Lancashire Constabulary,Lancashire Constabulary,-2.702586,53.770121,On or near Lovat Road,E01025275,Preston 011C,Anti-social behaviour,,
71082c67f9fd3df5040a937fe11a68224185b92454987eb6aec4dce87fe0fd03,2021-06,Lancashire Constabulary,Lancashire Constabulary,-2.705417,53.769772,On or near Ellen Street,E01025275,Preston 011C,Burglary,Investigation complete; no suspect identified,
8de8a3ed22e4c9c6fc9d54f545b1296bc9ebea8ad510f4fc4aa6d555be7701de,2021-06,Lancashire Constabulary,Lancashire Constabulary,-2.701075,53.770498,On or near Butler Place,E01025275,Preston 011C,Criminal damage and arson,Investigation complete; no suspect identified,
19587ec55fd16757800ef419164de7279940a7dcb7658abd5d7faec8e80ec162,2021-06,Lancashire Constabulary,Lancashire Constabulary,-2.701567,53.769974,On or near Muncaster Road,E01025275,Preston 011C,Other theft,Investigation complete; no suspect identified,
aef4f3ef3edcec2cf8570a229c6afee4a4803ff7e4a6d51b07d8aab12ba41030,2021-06,Lancashire Constabulary,Lancashire Constabulary,-2.704989,53.770493,On or near Petrol Station,E01025275,Preston 011C,Other theft,Status update unavailable,
e25f740efa346551a1c34fb0116bbe731c52cd539beb3dfb1bd28827857f3ea8,2021-06,Lancashire Constabulary,Lancashire Constabulary,-2.701075,53.770498,On or near Butler Place,E01025275,Preston 011C,Possession of weapons,Unable to prosecute suspect,
85859c040e3ffa8516e04d9cfeb02593459d47e1e41dfaae6600337db0c8dab1,2021-06,Lancashire Constabulary,Lancashire Constabulary,-2.700715,53.769853,On or near Lockhart Road,E01025275,Preston 011C,Public order,Further investigation is not in the public interest,
b32fb8609e62eba78616184abb020ec3299bf578d1e61aaf33916c9972154ca6,2021-06,Lancashire Constabulary,Lancashire Constabulary,-2.705417,53.769772,On or near Ellen Street,E01025275,Preston 011C,Robbery,Investigation complete; no suspect identified,
466ac83bbb961e8c5e666be7da674bcbfabe06eb0b0d593da0dfd7c33410623c,2021-06,Lancashire Constabulary,Lancashire Constabulary,-2.706666,53.769135,On or near Alsop Street,E01025275,Preston 011C,Vehicle crime,Investigation complete; no suspect identified,
92e2288079ea21ad8e7ea7db9a7331b1133f4a847d5d2774dcd3908d51b37ecb,2021-06,Lancashire Constabulary,Lancashire Constabulary,-2.700012,53.770460,On or near Kent Street,E01025275,Preston 011C,Violence and sexual offences,Court result unavailable,
dff1fdf166acff2912097e518213ce0f7fc5df5811b3325fb86f71b7916043bf,2021-06,Lancashire Constabulary,Lancashire Constabulary,-2.704989,53.770493,On or near Petrol Station,E01025275,Preston 011C,Violence and sexual offences,Unable to prosecute suspect,
727a10c410d2aa238b21763157b2153c937f4ef0c27982bd0e6fdeea581ecd49,2021-06,Lancashire Constabulary,Lancashire Constabulary,-2.700012,53.770460,On or near Kent Street,E01025275,Preston 011C,Violence and sexual offences,Unable to prosecute suspect,
07809eba6af3c624d5884da8b98e7a7dff449325ba5a5a80ab9e166f0bc27f02,2021-06,Lancashire Constabulary,Lancashire Constabulary,-2.702586,53.770121,On or near Lovat Road,E01025275,Preston 011C,Violence and sexual offences,Unable to prosecute suspect,
32ff7238740cd400faab74d41c6181a12ddc46ecc6943db1a2d27d69bc8dd5d2,2021-06,Lancashire Constabulary,Lancashire Constabulary,-2.703651,53.769378,On or near English Martyrs' Place,E01025275,Preston 011C,Violence and sexual offences,Court result unavailable,
db79705047c0d1a0282850b9772a56e8c93b60193517bdfa8f9d0511ef6ebb82,2021-06,Lancashire Constabulary,Lancashire Constabulary,-2.700012,53.770460,On or near Kent Street,E01025275,Preston 011C,Violence and sexual offences,Court result unavailable,
,2021-06,Lancashire Constabulary,Lancashire Constabulary,-2.697737,53.770482,On or near Charnock Fold,E01025294,Preston 011D,Anti-social behaviour,,
,2021-06,Lancashire Constabulary,Lancashire Constabulary,-2.698821,53.769981,On or near Elgin Street,E01025294,Preston 011D,Anti-social behaviour,,
,2021-06,Lancashire Constabulary,Lancashire Constabulary,-2.698275,53.769984,On or near Elcho Street,E01025294,Preston 011D,Anti-social behaviour,,
,2021-06,Lancashire Constabulary,Lancashire Constabulary,-2.696090,53.769979,On or near St Philip'S Road,E01025294,Preston 011D,Anti-social behaviour,,
,2021-06,Lancashire Constabulary,Lancashire Constabulary,-2.696090,53.769979,On or near St Philip'S Road,E01025294,Preston 011D,Anti-social behaviour,,
ba7cd14ff244e4508e133fbdaabbbde36dec4880acc23882dcc66fffe443bdbc,2021-06,Lancashire Constabulary,Lancashire Constabulary,-2.698821,53.769981,On or near Elgin Street,E01025294,Preston 011D,Burglary,Investigation complete; no suspect identified,
e92416273da6ad80fc25b4a764f6769081279acfaa5a7485576dfe0e31165965,2021-06,Lancashire Constabulary,Lancashire Constabulary,-2.692849,53.768488,On or near Bus/Coach Station,E01025294,Preston 011D,Criminal damage and arson,Investigation complete; no suspect identified,
4aff18fac3a04f7e77544e2faa1d3cb291c660a3a0ec5c8d977b5f33bf788924,2021-06,Lancashire Constabulary,Lancashire Constabulary,-2.698275,53.769984,On or near Elcho Street,E01025294,Preston 011D,Criminal damage and arson,Unable to prosecute suspect,
44b49858be53a6a2ebfc591cb9353cd2e0fff4202489e520733f56504b090912,2021-06,Lancashire Constabulary,Lancashire Constabulary,-2.696090,53.769979,On or near St Philip'S Road,E01025294,Preston 011D,Other theft,Unable to prosecute suspect,
48793e8ec79b3e1d51b86452c4a452557bc7a19bdba4d573566cb5cf05ceb399,2021-06,Lancashire Constabulary,Lancashire Constabulary,-2.692464,53.769991,On or near St Cuthbert'S Road,E01025294,Preston 011D,Other theft,Investigation complete; no suspect identified,
4455f0dad21084ddc9d982dbfceadb85745d466fcb2a4c6c54f42d259cf856ef,2021-06,Lancashire Constabulary,Lancashire Constabulary,-2.698821,53.769981,On or near Elgin Street,E01025294,Preston 011D,Public order,Action to be taken by another organisation,
dc86f2845b4ed85173dbab60bc18a42626e073e352d5968fdc0de91b272bb244,2021-06,Lancashire Constabulary,Lancashire Constabulary,-2.697737,53.770482,On or near Charnock Fold,E01025294,Preston 011D,Violence and sexual offences,Court result unavailable,
e96feaa6b2f7b290e2518e8100cfec75fae4923a61dacf97dcefd8ce3f75e611,2021-06,Lancashire Constabulary,Lancashire Constabulary,-2.692464,53.769991,On or near St Cuthbert'S Road,E01025294,Preston 011D,Violence and sexual offences,Unable to prosecute suspect,
fa18b2506c730879b5145d6d590068027f6d65f11bd595ab049188e6f9dc8e5b,2021-06,Lancashire Constabulary,Lancashire Constabulary,-2.698821,53.769981,On or near Elgin Street,E01025294,Preston 011D,Violence and sexual offences,Court result unavailable,
fd1224f144bce8e2f03c7bdc8986419a6ed3a7738035b06ac7020d3ce62c7abd,2021-06,Lancashire Constabulary,Lancashire Constabulary,-2.691857,53.769995,On or near St Anthony'S Road,E01025294,Preston 011D,Violence and sexual offences,Investigation complete; no suspect identified,
8e88aae5e2fbd59b3f855e224eee4e22c7f55490211d9abeffb8b88d853741fe,2021-06,Lancashire Constabulary,Lancashire Constabulary,-2.692849,53.768488,On or near Bus/Coach Station,E01025294,Preston 011D,Violence and sexual offences,Unable to prosecute suspect,
6eefb38ffed5183f078db1f377ca9013611ebf2a4888e5e979df645d5b92804f,2021-06,Lancashire Constabulary,Lancashire Constabulary,-2.698445,53.770199,On or near Charnock Street,E01025294,Preston 011D,Violence and sexual offences,Unable to prosecute suspect,
665c12ecdb77e9b64bd1d8752398d86e0fefdd9d627590a89de077f91fb4e0d4,2021-06,Lancashire Constabulary,Lancashire Constabulary,-2.698445,53.770199,On or near Charnock Street,E01025294,Preston 011D,Violence and sexual offences,Unable to prosecute suspect,
,2021-06,Lancashire Constabulary,Lancashire Constabulary,-2.713814,53.776454,On or near Blundell Road,E01025276,Preston 012A,Anti-social behaviour,,
,2021-06,Lancashire Constabulary,Lancashire Constabulary,-2.709474,53.775554,On or near Lorraine Avenue,E01025276,Preston 012A,Anti-social behaviour,,
,2021-06,Lancashire Constabulary,Lancashire Constabulary,-2.712976,53.772666,On or near Plungington Road,E01025276,Preston 012A,Anti-social behaviour,,
,2021-06,Lancashire Constabulary,Lancashire Constabulary,-2.713979,53.775456,On or near Ainslie Road,E01025276,Preston 012A,Anti-social behaviour,,
,2021-06,Lancashire Constabulary,Lancashire Constabulary,-2.712976,53.772666,On or near Plungington Road,E01025276,Preston 012A,Anti-social behaviour,,
,2021-06,Lancashire Constabulary,Lancashire Constabulary,-2.713103,53.776566,On or near Houldsworth Road,E01025276,Preston 012A,Anti-social behaviour,,
,2021-06,Lancashire Constabulary,Lancashire Constabulary,-2.713103,53.776566,On or near Houldsworth Road,E01025276,Preston 012A,Anti-social behaviour,,
,2021-06,Lancashire Constabulary,Lancashire Constabulary,-2.708889,53.774138,On or near Holmes Court,E01025276,Preston 012A,Anti-social behaviour,,
43f0ae4f5280bd4414871c6819962ceef42ad13b612398ef811cc73c5aa604be,2021-06,Lancashire Constabulary,Lancashire Constabulary,-2.709474,53.775554,On or near Lorraine Avenue,E01025276,Preston 012A,Bicycle theft,Investigation complete; no suspect identified,
545e79f7ca9f5cfe564c3ef7f1a3f18223692f39053716e8d8aa40dc101a2092,2021-06,Lancashire Constabulary,Lancashire Constabulary,-2.711153,53.775212,On or near Symonds Road,E01025276,Preston 012A,Burglary,Investigation complete; no suspect identified,
e032fc9cab2ee0b26692c8e222db7c05b709f99660e9296f3b4c8c41318de1c8,2021-06,Lancashire Constabulary,Lancashire Constabulary,-2.713979,53.775456,On or near Ainslie Road,E01025276,Preston 012A,Burglary,Investigation complete; no suspect identified,
d77b34c3ab77c68311a7e5d750df43e30372e03801eec475a6da324f2e9fed62,2021-06,Lancashire Constabulary,Lancashire Constabulary,-2.712037,53.774568,On or near Cornthwaite Road,E01025276,Preston 012A,Criminal damage and arson,Investigation complete; no suspect identified,
6914a5f37cdce6574e1d8919a28ccc7c8349bee291ef0d860013763b6404ba93,2021-06,Lancashire Constabulary,Lancashire Constabulary,-2.711598,53.774625,On or near Balfour Road,E01025276,Preston 012A,Other theft,Investigation complete; no suspect identified,
e2d7864eadfaca2568b33971331c82fc6f4256478871957f8f78b50edf3589f5,2021-06,Lancashire Constabulary,Lancashire Constabulary,-2.712037,53.774568,On or near Cornthwaite Road,E01025276,Preston 012A,Public order,Further investigation is not in the public interest,
1592a9e87f341ddca7f95ff51ae8e25f9f0580f730a903185c5bb6fe6fe6a0e6,2021-06,Lancashire Constabulary,Lancashire Constabulary,-2.710140,53.777222,On or near Petrol Station,E01025276,Preston 012A,Shoplifting,Investigation complete; no suspect identified,
62b3afc7f1c89f472559f4234c2875ec6bd15a8d934bee5f8720338aebdcf0d5,2021-06,Lancashire Constabulary,Lancashire Constabulary,-2.710140,53.777222,On or near Petrol Station,E01025276,Preston 012A,Shoplifting,Investigation complete; no suspect identified,
88f9a7ee1712c1cbd1f584906ee5e3808e2f403bcd015028cb4bd2f9a38dabb6,2021-06,Lancashire Constabulary,Lancashire Constabulary,-2.710140,53.777222,On or near Petrol Station,E01025276,Preston 012A,Shoplifting,Investigation complete; no suspect identified,
ef9ab72062064c7903043011ceba462ba3be5a7479c98e0e86667244233d1a76,2021-06,Lancashire Constabulary,Lancashire Constabulary,-2.710140,53.777222,On or near Petrol Station,E01025276,Preston 012A,Shoplifting,Status update unavailable,
8f2b7bc7d47fcff5f34080ed9847518175714383fd713e025eac2e8c437f2080,2021-06,Lancashire Constabulary,Lancashire Constabulary,-2.711153,53.775212,On or near Symonds Road,E01025276,Preston 012A,Vehicle crime,Investigation complete; no suspect identified,
242d5163f7f1240b1ed904872ad35becc0221492a5e2327f68348676170b4597,2021-06,Lancashire Constabulary,Lancashire Constabulary,-2.710140,53.777222,On or near Petrol Station,E01025276,Preston 012A,Vehicle crime,Investigation complete; no suspect identified,
c532a9f46bc921c9fce7801b815147cc0af339174d55441bac2205088625c622,2021-06,Lancashire Constabulary,Lancashire Constabulary,-2.708889,53.774138,On or near Holmes Court,E01025276,Preston 012A,Violence and sexual offences,Unable to prosecute suspect,
a1b0de7b940488244a0fa0a5fe738ddc106f320dad0a98f4d3a95f5f8a8a89af,2021-06,Lancashire Constabulary,Lancashire Constabulary,-2.714768,53.775424,On or near Plungington Road,E01025276,Preston 012A,Violence and sexual offences,Unable to prosecute suspect,
3c44ea661f1eed1718ed6a5eb25d183b56baffb0876b58680a5b4a5b0e474249,2021-06,Lancashire Constabulary,Lancashire Constabulary,-2.711598,53.774625,On or near Balfour Road,E01025276,Preston 012A,Violence and sexual offences,Unable to prosecute suspect,
46521cb6608ba25baf505a8125eb3a92e1417f959a6d0598c3761bd82440235f,2021-06,Lancashire Constabulary,Lancashire Constabulary,-2.712976,53.772666,On or near Plungington Road,E01025276,Preston 012A,Violence and sexual offences,Unable to prosecute suspect,
b4f549247859dc2d5626aa9f421c9a5378ffa09b9b38d41cedccb9dc7835432a,2021-06,Lancashire Constabulary,Lancashire Constabulary,-2.711598,53.774625,On or near Balfour Road,E01025276,Preston 012A,Violence and sexual offences,Unable to prosecute suspect,
edb8306bb9fc00ff4ff3c330634b17c38275a9a2b39cc2da98becbabf3003d8a,2021-06,Lancashire Constabulary,Lancashire Constabulary,-2.713979,53.775456,On or near Ainslie Road,E01025276,Preston 012A,Violence and sexual offences,Unable to prosecute suspect,
,2021-06,Lancashire Constabulary,Lancashire Constabulary,-2.716450,53.776187,On or near Robinson Street,E01025308,Preston 012B,Anti-social behaviour,,
,2021-06,Lancashire Constabulary,Lancashire Constabulary,-2.716450,53.776187,On or near Robinson Street,E01025308,Preston 012B,Anti-social behaviour,,
,2021-06,Lancashire Constabulary,Lancashire Constabulary,-2.716000,53.775623,On or near Lawrence Street,E01025308,Preston 012B,Anti-social behaviour,,
,2021-06,Lancashire Constabulary,Lancashire Constabulary,-2.716450,53.776187,On or near Robinson Street,E01025308,Preston 012B,Anti-social behaviour,,
,2021-06,Lancashire Constabulary,Lancashire Constabulary,-2.717701,53.775712,On or near Douglas Court,E01025308,Preston 012B,Anti-social behaviour,,
,2021-06,Lancashire Constabulary,Lancashire Constabulary,-2.716214,53.773905,On or near Brook Street,E01025308,Preston 012B,Anti-social behaviour,,
,2021-06,Lancashire Constabulary,Lancashire Constabulary,-2.715228,53.774810,On or near Rundle Road,E01025308,Preston 012B,Anti-social behaviour,,
002c3bf98e3c85096ad5c2eab172117f473ba071d689be99cf9c481e8bf3336c,2021-06,Lancashire Constabulary,Lancashire Constabulary,-2.715720,53.775212,On or near Queen'S Road,E01025308,Preston 012B,Bicycle theft,Investigation complete; no suspect identified,
dbcddc64f85801b783e32d9377c59a3895e41bf6ce4e480e0385300dd4da210b,2021-06,Lancashire Constabulary,Lancashire Constabulary,-2.715720,53.775212,On or near Queen'S Road,E01025308,Preston 012B,Violence and sexual offences,Unable to prosecute suspect,
be0265595d09e216dc99e67a4faa8576d239844bc6f9201e74beee0cc11b8f7c,2021-06,Lancashire Constabulary,Lancashire Constabulary,-2.717921,53.775252,On or near The Fieldings,E01025308,Preston 012B,Violence and sexual offences,Further investigation is not in the public interest,
c52078bd6786fd66d2f5b47b8cbd145ccca47567cd1fb27aa77adcead5296995,2021-06,Lancashire Constabulary,Lancashire Constabulary,-2.717701,53.775712,On or near Douglas Court,E01025308,Preston 012B,Violence and sexual offences,Unable to prosecute suspect,
1ef62e02bb2b349742c0b22d3ba9b99034cfc1bfc895370e4cad99157695bf6e,2021-06,Lancashire Constabulary,Lancashire Constabulary,-2.716450,53.776187,On or near Robinson Street,E01025308,Preston 012B,Violence and sexual offences,Unable to prosecute suspect,
754914d17a5f4417004ab8031a2f2c57bc11014b347135f5730cf4e48ba0da7e,2021-06,Lancashire Constabulary,Lancashire Constabulary,-2.719595,53.773759,On or near Cintra Terrace,E01025308,Preston 012B,Violence and sexual offences,Unable to prosecute suspect,
d50ee2efd78f147b54f9b8bd06e85920651227294ffeacb7780b2bd86d508084,2021-06,Lancashire Constabulary,Lancashire Constabulary,-2.717921,53.775252,On or near The Fieldings,E01025308,Preston 012B,Violence and sexual offences,Further investigation is not in the public interest,
f050e8c8be4194a8294743de101c6a3da76e8e1a90910095aa391fcd543de1f5,2021-06,Lancashire Constabulary,Lancashire Constabulary,-2.715720,53.775212,On or near Queen'S Road,E01025308,Preston 012B,Violence and sexual offences,Unable to prosecute suspect,
7ce8379100209b0bcea9819fa155f8fe497a3efa72acbab6706a4fd3bf578035,2021-06,Lancashire Constabulary,Lancashire Constabulary,-2.715720,53.775212,On or near Queen'S Road,E01025308,Preston 012B,Violence and sexual offences,Further investigation is not in the public interest,
69bb5ccfe363cded44fe386c433af986f71692c2c32c348235ff9ed8da892286,2021-06,Lancashire Constabulary,Lancashire Constabulary,-2.715840,53.775993,On or near Boundary Road,E01025308,Preston 012B,Violence and sexual offences,Court result unavailable,
,2021-06,Lancashire Constabulary,Lancashire Constabulary,-2.720080,53.772848,On or near Coniston Avenue,E01025310,Preston 012C,Anti-social behaviour,,
,2021-06,Lancashire Constabulary,Lancashire Constabulary,-2.718098,53.768708,On or near Raglan Street,E01025310,Preston 012C,Anti-social behaviour,,
,2021-06,Lancashire Constabulary,Lancashire Constabulary,-2.716368,53.771343,On or near Greenbank Avenue,E01025310,Preston 012C,Anti-social behaviour,,
,2021-06,Lancashire Constabulary,Lancashire Constabulary,-2.716368,53.771343,On or near Greenbank Avenue,E01025310,Preston 012C,Anti-social behaviour,,
,2021-06,Lancashire Constabulary,Lancashire Constabulary,-2.719914,53.769344,On or near De Lacy Street,E01025310,Preston 012C,Anti-social behaviour,,
,2021-06,Lancashire Constabulary,Lancashire Constabulary,-2.718727,53.770043,On or near Eldon Street,E01025310,Preston 012C,Anti-social behaviour,,
,2021-06,Lancashire Constabulary,Lancashire Constabulary,-2.716902,53.772427,On or near Sports/Recreation Area,E01025310,Preston 012C,Anti-social behaviour,,
c43ba4c3f07c52bc2a7055e1be14c632f6ebad4aa19d5928cf016e1f5f4f3b84,2021-06,Lancashire Constabulary,Lancashire Constabulary,-2.717700,53.766751,On or near Evans Street,E01025310,Preston 012C,Burglary,Investigation complete; no suspect identified,
35287b3fe32d6f22c02b597149291b006a89a9b9652c6cb34b90bec10b92096e,2021-06,Lancashire Constabulary,Lancashire Constabulary,-2.718098,53.768708,On or near Raglan Street,E01025310,Preston 012C,Burglary,Investigation complete; no suspect identified,
1579cf80504a4b76e815bfa133934538f5da403c29bf0c06eca6d1c263062510,2021-06,Lancashire Constabulary,Lancashire Constabulary,-2.718727,53.770043,On or near Eldon Street,E01025310,Preston 012C,Possession of weapons,Offender given a caution,
7786aaf17e3fb9253d8d19265ddb1581a4309774483725dd8049b9c475187029,2021-06,Lancashire Constabulary,Lancashire Constabulary,-2.716368,53.771343,On or near Greenbank Avenue,E01025310,Preston 012C,Public order,Unable to prosecute suspect,
6c08a07ad8cbfcdab152b7bcac1b13ed0bf8cb20f3d76ebd8f23fb7a2d722ca0,2021-06,Lancashire Constabulary,Lancashire Constabulary,-2.716368,53.771343,On or near Greenbank Avenue,E01025310,Preston 012C,Public order,Unable to prosecute suspect,
4846dc899484441839f69f74de2098b240cc296a68be717996e535f89bb912f6,2021-06,Lancashire Constabulary,Lancashire Constabulary,-2.718899,53.771202,On or near Haig Avenue,E01025310,Preston 012C,Vehicle crime,Investigation complete; no suspect identified,
fb42d7a020462992449c8ef9ef2975ed8ba5df1bfc8e79ff9773e3becf7d7996,2021-06,Lancashire Constabulary,Lancashire Constabulary,-2.719914,53.769344,On or near De Lacy Street,E01025310,Preston 012C,Violence and sexual offences,Investigation complete; no suspect identified,
383714aef745bb39b37aa891d51aa009634bde1d3caba30c50c3980b9fc76105,2021-06,Lancashire Constabulary,Lancashire Constabulary,-2.718788,53.771823,On or near Bucklands Avenue,E01025310,Preston 012C,Violence and sexual offences,Unable to prosecute suspect,
80186eff292ccfb4298356c4389e3d40adbd73f2f3a8922b50d3667f99581680,2021-06,Lancashire Constabulary,Lancashire Constabulary,-2.716368,53.771343,On or near Greenbank Avenue,E01025310,Preston 012C,Violence and sexual offences,Status update unavailable,
,2021-06,Lancashire Constabulary,Lancashire Constabulary,-2.726074,53.772848,On or near Gathurst Road,E01025311,Preston 012D,Anti-social behaviour,,
,2021-06,Lancashire Constabulary,Lancashire Constabulary,-2.724859,53.771930,On or near Balcarres Road,E01025311,Preston 012D,Anti-social behaviour,,
,2021-06,Lancashire Constabulary,Lancashire Constabulary,-2.727794,53.771445,On or near Colenso Road,E01025311,Preston 012D,Anti-social behaviour,,
,2021-06,Lancashire Constabulary,Lancashire Constabulary,-2.730243,53.770064,On or near Armstrong Street,E01025311,Preston 012D,Anti-social behaviour,,
,2021-06,Lancashire Constabulary,Lancashire Constabulary,-2.724012,53.769436,On or near Shelley Road,E01025311,Preston 012D,Anti-social behaviour,,
,2021-06,Lancashire Constabulary,Lancashire Constabulary,-2.727944,53.769556,On or near Bridge Road,E01025311,Preston 012D,Anti-social behaviour,,
,2021-06,Lancashire Constabulary,Lancashire Constabulary,-2.727944,53.769556,On or near Bridge Road,E01025311,Preston 012D,Anti-social behaviour,,
,2021-06,Lancashire Constabulary,Lancashire Constabulary,-2.727113,53.770640,On or near Kimberley Road,E01025311,Preston 012D,Anti-social behaviour,,
,2021-06,Lancashire Constabulary,Lancashire Constabulary,-2.724859,53.771930,On or near Balcarres Road,E01025311,Preston 012D,Anti-social behaviour,,
,2021-06,Lancashire Constabulary,Lancashire Constabulary,-2.727794,53.771445,On or near Colenso Road,E01025311,Preston 012D,Anti-social behaviour,,
,2021-06,Lancashire Constabulary,Lancashire Constabulary,-2.726074,53.772848,On or near Gathurst Road,E01025311,Preston 012D,Anti-social behaviour,,
,2021-06,Lancashire Constabulary,Lancashire Constabulary,-2.727794,53.771445,On or near Colenso Road,E01025311,Preston 012D,Anti-social behaviour,,
,2021-06,Lancashire Constabulary,Lancashire Constabulary,-2.727113,53.770640,On or near Kimberley Road,E01025311,Preston 012D,Anti-social behaviour,,
,2021-06,Lancashire Constabulary,Lancashire Constabulary,-2.728074,53.771803,On or near Belmont Road,E01025311,Preston 012D,Anti-social behaviour,,
,2021-06,Lancashire Constabulary,Lancashire Constabulary,-2.727113,53.770640,On or near Kimberley Road,E01025311,Preston 012D,Anti-social behaviour,,
b9f19f84c29a64f721fb58d092a0a4fe5dbaa4991aa65a6416a40ad046044c91,2021-06,Lancashire Constabulary,Lancashire Constabulary,-2.730243,53.770064,On or near Armstrong Street,E01025311,Preston 012D,Burglary,Investigation complete; no suspect identified,
1887bddad8806d846720f621aed5620e26851b96aa6ab13d534b6282fff71dc0,2021-06,Lancashire Constabulary,Lancashire Constabulary,-2.730243,53.770064,On or near Armstrong Street,E01025311,Preston 012D,Burglary,Status update unavailable,
635a43c48fa3181314150ab49c949f346d8133ff975b8b5e06c09415e5e84617,2021-06,Lancashire Constabulary,Lancashire Constabulary,-2.727794,53.771445,On or near Colenso Road,E01025311,Preston 012D,Burglary,Investigation complete; no suspect identified,
ec5d90f13ef9d18ff7e9f4ac03941f49714e619f6508b0d590f46421f6674834,2021-06,Lancashire Constabulary,Lancashire Constabulary,-2.730243,53.770064,On or near Armstrong Street,E01025311,Preston 012D,Criminal damage and arson,Investigation complete; no suspect identified,
630acc29ff0fd978d5f4c125737566b11dcab6452f9fe5875b516869dce5e309,2021-06,Lancashire Constabulary,Lancashire Constabulary,-2.726374,53.770006,On or near Ladysmith Road,E01025311,Preston 012D,Drugs,Status update unavailable,
4db986ae03b014a6b5aac52f3e0144047592cd5b5217b665fcc37166e8b4cba8,2021-06,Lancashire Constabulary,Lancashire Constabulary,-2.726578,53.773061,On or near Ord Road,E01025311,Preston 012D,Drugs,Awaiting court outcome,
561a8e449782e943ab7a70babb521f883757946cb535cd27478664e2707ae91d,2021-06,Lancashire Constabulary,Lancashire Constabulary,-2.724859,53.771930,On or near Balcarres Road,E01025311,Preston 012D,Other theft,Court result unavailable,
f6e375a87d9a36ae2f2d9863f9e362fbedf68e99581e4d0d271bcf3f74273042,2021-06,Lancashire Constabulary,Lancashire Constabulary,-2.730243,53.770064,On or near Armstrong Street,E01025311,Preston 012D,Public order,Court result unavailable,
3e3807c0fff0bfa6df3f5ae8e82b66b4c948901268f67573b60e9ca9207b9e1f,2021-06,Lancashire Constabulary,Lancashire Constabulary,-2.727113,53.770640,On or near Kimberley Road,E01025311,Preston 012D,Public order,Unable to prosecute suspect,
d3e7f076dd21d668623d3b9fcdb4cd31e9510ae6e466ab2aa99051d03be59b0a,2021-06,Lancashire Constabulary,Lancashire Constabulary,-2.727113,53.770640,On or near Kimberley Road,E01025311,Preston 012D,Shoplifting,Status update unavailable,
bc448531efdd5d2cae73b5575eaadd43acd03bcaaf73b59475810fdbc3913df0,2021-06,Lancashire Constabulary,Lancashire Constabulary,-2.728469,53.770083,On or near Plumpton Road,E01025311,Preston 012D,Violence and sexual offences,Unable to prosecute suspect,
f702124153784053026f4eeea76461ad09600d725b5fc38ee484e8759161c72f,2021-06,Lancashire Constabulary,Lancashire Constabulary,-2.728469,53.770083,On or near Plumpton Road,E01025311,Preston 012D,Violence and sexual offences,Unable to prosecute suspect,
,2021-06,Lancashire Constabulary,Lancashire Constabulary,-2.726623,53.769501,On or near Tulketh Brow,E01025312,Preston 012E,Anti-social behaviour,,
,2021-06,Lancashire Constabulary,Lancashire Constabulary,-2.724496,53.767609,On or near Markham Street,E01025312,Preston 012E,Anti-social behaviour,,
,2021-06,Lancashire Constabulary,Lancashire Constabulary,-2.721759,53.766349,On or near Park/Open Space,E01025312,Preston 012E,Anti-social behaviour,,
,2021-06,Lancashire Constabulary,Lancashire Constabulary,-2.719404,53.767918,On or near Parking Area,E01025312,Preston 012E,Anti-social behaviour,,
,2021-06,Lancashire Constabulary,Lancashire Constabulary,-2.721759,53.766349,On or near Park/Open Space,E01025312,Preston 012E,Anti-social behaviour,,
,2021-06,Lancashire Constabulary,Lancashire Constabulary,-2.719404,53.767918,On or near Parking Area,E01025312,Preston 012E,Anti-social behaviour,,
,2021-06,Lancashire Constabulary,Lancashire Constabulary,-2.723643,53.770931,On or near Ridley Road,E01025312,Preston 012E,Anti-social behaviour,,
,2021-06,Lancashire Constabulary,Lancashire Constabulary,-2.725250,53.768188,On or near Alert Street,E01025312,Preston 012E,Anti-social behaviour,,
,2021-06,Lancashire Constabulary,Lancashire Constabulary,-2.721759,53.766349,On or near Park/Open Space,E01025312,Preston 012E,Anti-social behaviour,,
,2021-06,Lancashire Constabulary,Lancashire Constabulary,-2.726623,53.769501,On or near Tulketh Brow,E01025312,Preston 012E,Anti-social behaviour,,
,2021-06,Lancashire Constabulary,Lancashire Constabulary,-2.721759,53.766349,On or near Park/Open Space,E01025312,Preston 012E,Anti-social behaviour,,
ca6f23a3b070b6a70e6a6ad624b716d4a79475df156efefb75c841efdc3edd34,2021-06,Lancashire Constabulary,Lancashire Constabulary,-2.721759,53.766349,On or near Park/Open Space,E01025312,Preston 012E,Burglary,Unable to prosecute suspect,
9bb5a90a707b63bfe15237ec88a648e0dc7ad1da673186f6fe11f7c950d651b1,2021-06,Lancashire Constabulary,Lancashire Constabulary,-2.726623,53.769501,On or near Tulketh Brow,E01025312,Preston 012E,Criminal damage and arson,Investigation complete; no suspect identified,
1dfaa2c94ee42d7334663db919b3534c12533a6f8461dcb6c02727412116db63,2021-06,Lancashire Constabulary,Lancashire Constabulary,-2.725892,53.769335,On or near Hampton Street,E01025312,Preston 012E,Criminal damage and arson,Investigation complete; no suspect identified,
6152ae6c39baa5dd43c46fb3210f5dc493f45cb72718816234a2158b149dfcf0,2021-06,Lancashire Constabulary,Lancashire Constabulary,-2.722277,53.770894,On or near Atherton Close,E01025312,Preston 012E,Criminal damage and arson,Investigation complete; no suspect identified,
70b7513de353a05f016ffef0baba82a8b7e6b8729d830041b68b914e4139d496,2021-06,Lancashire Constabulary,Lancashire Constabulary,-2.718576,53.767402,On or near Cardigan Street,E01025312,Preston 012E,Criminal damage and arson,Investigation complete; no suspect identified,
a7174fb13d0f793b332ff8bbf454d89c97b811fe66beff0cecc875a5facfbd20,2021-06,Lancashire Constabulary,Lancashire Constabulary,-2.721138,53.769912,On or near Parker Street,E01025312,Preston 012E,Criminal damage and arson,Investigation complete; no suspect identified,
c342b1740d578dda130e287c7be499bfd40dc7b99cd6754bf4e7cf2792ecc3b2,2021-06,Lancashire Constabulary,Lancashire Constabulary,-2.721138,53.769912,On or near Parker Street,E01025312,Preston 012E,Public order,Investigation complete; no suspect identified,
99125ebf06158a6cc2ff320db1ca9f5eebff74c7e64489d537f45cb2127bf021,2021-06,Lancashire Constabulary,Lancashire Constabulary,-2.719404,53.767918,On or near Parking Area,E01025312,Preston 012E,Public order,Status update unavailable,
56970ade88e8429aa327fb534dd2e3f7e0a7e806d256a51d9af0df9414e3044d,2021-06,Lancashire Constabulary,Lancashire Constabulary,-2.723359,53.766771,On or near Hanbury Street,E01025312,Preston 012E,Vehicle crime,Investigation complete; no suspect identified,
bc4ad20ca7a26102e4581126077506865e2cd4c9dbf2510aa20e1925987ea2a5,2021-06,Lancashire Constabulary,Lancashire Constabulary,-2.722659,53.765741,On or near Cannon Hill,E01025312,Preston 012E,Vehicle crime,Unable to prosecute suspect,
7e2a38207b35ecc0948cc86900b32158858367292f7e81120b4216da36f00bb7,2021-06,Lancashire Constabulary,Lancashire Constabulary,-2.723359,53.766771,On or near Hanbury Street,E01025312,Preston 012E,Vehicle crime,Investigation complete; no suspect identified,
6b5661765da1457f8d5e9e7e8ef6abb7d2537251d4642850d9f842983d750e66,2021-06,Lancashire Constabulary,Lancashire Constabulary,-2.722277,53.770894,On or near Atherton Close,E01025312,Preston 012E,Vehicle crime,Court result unavailable,
8579ee212e11463355784bb711490f22691b2b85a51940b399a960a9da6d4eb9,2021-06,Lancashire Constabulary,Lancashire Constabulary,-2.722060,53.767974,On or near Heatherfield Place,E01025312,Preston 012E,Vehicle crime,Investigation complete; no suspect identified,
e807e812fa81028a4dd27b0bb8fef1530fa4832d3370890d0b7d6d15cf05f316,2021-06,Lancashire Constabulary,Lancashire Constabulary,-2.724865,53.767876,On or near Fazackerley Street,E01025312,Preston 012E,Violence and sexual offences,Unable to prosecute suspect,
ba72cdf357a8a8c8b78dfceaf53130165d072e74eda28c7c6750136ea803f45d,2021-06,Lancashire Constabulary,Lancashire Constabulary,-2.725764,53.768958,On or near Bulmer Street,E01025312,Preston 012E,Violence and sexual offences,Unable to prosecute suspect,
ec10c2776ef15700a36ccc9dc53d56b8060bde617d7eababfd81b12aa65bbb02,2021-06,Lancashire Constabulary,Lancashire Constabulary,-2.722277,53.770894,On or near Atherton Close,E01025312,Preston 012E,Violence and sexual offences,Investigation complete; no suspect identified,
2ff7349ddbd7d3e4847907d4d8fe21b70b969d0653e2366f8fed38b9677bea0d,2021-06,Lancashire Constabulary,Lancashire Constabulary,-2.721138,53.769912,On or near Parker Street,E01025312,Preston 012E,Violence and sexual offences,Unable to prosecute suspect,
4882b3a4f1d3fb01c0153e6b8567fd5afce07dadbd2e1dce5a3cc46e5bf7fc17,2021-06,Lancashire Constabulary,Lancashire Constabulary,-2.721138,53.769912,On or near Parker Street,E01025312,Preston 012E,Violence and sexual offences,Unable to prosecute suspect,
70d2cb86c3a40642d89496385ce8691ed11a39a6126e5c81027cc207b9575858,2021-06,Lancashire Constabulary,Lancashire Constabulary,-2.725892,53.769335,On or near Hampton Street,E01025312,Preston 012E,Violence and sexual offences,Unable to prosecute suspect,
95d783f6f74a7d43ef9078f5a7890b5a5ddc2668b111488923541db21a19c93a,2021-06,Lancashire Constabulary,Lancashire Constabulary,-2.724865,53.767876,On or near Fazackerley Street,E01025312,Preston 012E,Violence and sexual offences,Investigation complete; no suspect identified,
90eada3e263b6d6b48353315471651da47c1ff1f20155f5b45484360375b7b51,2021-06,Lancashire Constabulary,Lancashire Constabulary,-2.719404,53.767918,On or near Parking Area,E01025312,Preston 012E,Other crime,Further investigation is not in the public interest,
d02a13c74f6393a255e160fef8e7a19d5e1b64c0f0d83b8ffb9364d632d9ad8d,2021-06,Lancashire Constabulary,Lancashire Constabulary,-2.719404,53.767918,On or near Parking Area,E01025312,Preston 012E,Other crime,Further investigation is not in the public interest,
,2021-06,Lancashire Constabulary,Lancashire Constabulary,-2.710879,53.766198,On or near Hawkins Street,E01025313,Preston 012F,Anti-social behaviour,,
,2021-06,Lancashire Constabulary,Lancashire Constabulary,-2.716593,53.769409,On or near Maynard Street,E01025313,Preston 012F,Anti-social behaviour,,
,2021-06,Lancashire Constabulary,Lancashire Constabulary,-2.711198,53.768884,On or near Parking Area,E01025313,Preston 012F,Anti-social behaviour,,
,2021-06,Lancashire Constabulary,Lancashire Constabulary,-2.709585,53.765945,On or near Ashmoor Street,E01025313,Preston 012F,Anti-social behaviour,,
,2021-06,Lancashire Constabulary,Lancashire Constabulary,-2.708684,53.762841,On or near Stocks Street,E01025313,Preston 012F,Anti-social behaviour,,
,2021-06,Lancashire Constabulary,Lancashire Constabulary,-2.713956,53.768706,On or near Bloomfield Court,E01025313,Preston 012F,Anti-social behaviour,,
,2021-06,Lancashire Constabulary,Lancashire Constabulary,-2.711198,53.768884,On or near Parking Area,E01025313,Preston 012F,Anti-social behaviour,,
,2021-06,Lancashire Constabulary,Lancashire Constabulary,-2.709878,53.765278,On or near Victoria Street,E01025313,Preston 012F,Anti-social behaviour,,
,2021-06,Lancashire Constabulary,Lancashire Constabulary,-2.710661,53.766730,On or near Eversleigh Street,E01025313,Preston 012F,Anti-social behaviour,,
,2021-06,Lancashire Constabulary,Lancashire Constabulary,-2.707600,53.763332,On or near St Peter'S Square,E01025313,Preston 012F,Anti-social behaviour,,
,2021-06,Lancashire Constabulary,Lancashire Constabulary,-2.711198,53.768884,On or near Parking Area,E01025313,Preston 012F,Anti-social behaviour,,
,2021-06,Lancashire Constabulary,Lancashire Constabulary,-2.716593,53.769409,On or near Maynard Street,E01025313,Preston 012F,Anti-social behaviour,,
,2021-06,Lancashire Constabulary,Lancashire Constabulary,-2.711665,53.766886,On or near Murray Street,E01025313,Preston 012F,Anti-social behaviour,,
,2021-06,Lancashire Constabulary,Lancashire Constabulary,-2.710661,53.766730,On or near Eversleigh Street,E01025313,Preston 012F,Anti-social behaviour,,
,2021-06,Lancashire Constabulary,Lancashire Constabulary,-2.714193,53.769288,On or near Villiers Court,E01025313,Preston 012F,Anti-social behaviour,,
,2021-06,Lancashire Constabulary,Lancashire Constabulary,-2.711116,53.767653,On or near Harcourt Street,E01025313,Preston 012F,Anti-social behaviour,,
,2021-06,Lancashire Constabulary,Lancashire Constabulary,-2.714193,53.769288,On or near Villiers Court,E01025313,Preston 012F,Anti-social behaviour,,
,2021-06,Lancashire Constabulary,Lancashire Constabulary,-2.711116,53.767653,On or near Harcourt Street,E01025313,Preston 012F,Anti-social behaviour,,
,2021-06,Lancashire Constabulary,Lancashire Constabulary,-2.711198,53.768884,On or near Parking Area,E01025313,Preston 012F,Anti-social behaviour,,
,2021-06,Lancashire Constabulary,Lancashire Constabulary,-2.710661,53.766730,On or near Eversleigh Street,E01025313,Preston 012F,Anti-social behaviour,,
,2021-06,Lancashire Constabulary,Lancashire Constabulary,-2.713212,53.769582,On or near Villiers Street,E01025313,Preston 012F,Anti-social behaviour,,
,2021-06,Lancashire Constabulary,Lancashire Constabulary,-2.714193,53.769288,On or near Villiers Court,E01025313,Preston 012F,Anti-social behaviour,,
,2021-06,Lancashire Constabulary,Lancashire Constabulary,-2.711198,53.768884,On or near Parking Area,E01025313,Preston 012F,Anti-social behaviour,,
,2021-06,Lancashire Constabulary,Lancashire Constabulary,-2.710162,53.766859,On or near Hawkins Close,E01025313,Preston 012F,Anti-social behaviour,,
,2021-06,Lancashire Constabulary,Lancashire Constabulary,-2.714193,53.769288,On or near Villiers Court,E01025313,Preston 012F,Anti-social behaviour,,
,2021-06,Lancashire Constabulary,Lancashire Constabulary,-2.713212,53.769582,On or near Villiers Street,E01025313,Preston 012F,Anti-social behaviour,,
,2021-06,Lancashire Constabulary,Lancashire Constabulary,-2.711198,53.768884,On or near Parking Area,E01025313,Preston 012F,Anti-social behaviour,,
34cc3a2513d208bb5e2722bb3799782ff7f4da2957def42fa7868e7fe809ecf8,2021-06,Lancashire Constabulary,Lancashire Constabulary,-2.711115,53.764903,On or near Greenbank Place,E01025313,Preston 012F,Bicycle theft,Investigation complete; no suspect identified,
8e2c299a2607b2ee30872e2dc8aeffe17e0d8ee4484997f5c96dffbde58da210,2021-06,Lancashire Constabulary,Lancashire Constabulary,-2.711665,53.766886,On or near Murray Street,E01025313,Preston 012F,Bicycle theft,Investigation complete; no suspect identified,
3bc370edf9b1b5f3362345404f2775e9d3ebbb7bea90d614b7b8d508761e4730,2021-06,Lancashire Constabulary,Lancashire Constabulary,-2.711198,53.768884,On or near Parking Area,E01025313,Preston 012F,Burglary,Investigation complete; no suspect identified,
9f180b1ec90e4eaa365d84d24ea64047e2cbd1d6b8bcc08e421c2ba8340221e8,2021-06,Lancashire Constabulary,Lancashire Constabulary,-2.710661,53.766730,On or near Eversleigh Street,E01025313,Preston 012F,Burglary,Unable to prosecute suspect,
cf80432be1da2c9c6a6934f246a3983022862b24c5760288dd118705bba06b56,2021-06,Lancashire Constabulary,Lancashire Constabulary,-2.711198,53.768884,On or near Parking Area,E01025313,Preston 012F,Burglary,Unable to prosecute suspect,
a05e93db4898fe70344ab02d11f3f8a4f5aceb09b0cb39140f6ebad4e695f874,2021-06,Lancashire Constabulary,Lancashire Constabulary,-2.712383,53.770773,On or near Wildman Street,E01025313,Preston 012F,Criminal damage and arson,Investigation complete; no suspect identified,
f02ce3911240dc34dedc6ec3ca6cfc215715835301481e54bfaaef317f8355cc,2021-06,Lancashire Constabulary,Lancashire Constabulary,-2.712383,53.770773,On or near Wildman Street,E01025313,Preston 012F,Criminal damage and arson,Status update unavailable,
496fa9a0354d7b287f53de3d1b4649491623958a9c00306c32505f163f6dc530,2021-06,Lancashire Constabulary,Lancashire Constabulary,-2.711198,53.768884,On or near Parking Area,E01025313,Preston 012F,Criminal damage and arson,Investigation complete; no suspect identified,
1e18300c92476f9b8e6e86ddb823f5c93a1e15eb5ff7a0911ac53a5d9ee94239,2021-06,Lancashire Constabulary,Lancashire Constabulary,-2.709655,53.767392,On or near Moorbrook Street,E01025313,Preston 012F,Other theft,Unable to prosecute suspect,
195d4338278b92fe1ec6c81bab0fb50caab06baaa2d1c711ca5556f9ea142c01,2021-06,Lancashire Constabulary,Lancashire Constabulary,-2.709585,53.765945,On or near Ashmoor Street,E01025313,Preston 012F,Other theft,Unable to prosecute suspect,
4a31c047a9838f337460a960c96b60c15bb65966ceda7528612850da52a81277,2021-06,Lancashire Constabulary,Lancashire Constabulary,-2.712383,53.770773,On or near Wildman Street,E01025313,Preston 012F,Other theft,Investigation complete; no suspect identified,
f3f7bc81baa9180d383449c86404cd37efa86cd5eea0cbd53a980892ffb267ac,2021-06,Lancashire Constabulary,Lancashire Constabulary,-2.710661,53.766730,On or near Eversleigh Street,E01025313,Preston 012F,Other theft,Unable to prosecute suspect,
63567cff181f90e77e8d08d4e3d0d3f6332056974465766f7f31e43b5816bc31,2021-06,Lancashire Constabulary,Lancashire Constabulary,-2.711695,53.769582,On or near Parking Area,E01025313,Preston 012F,Other theft,Unable to prosecute suspect,
efc148391abd277c4b252a4c0eadd0305e6d3351d8260b967ff52bf3bfc0103f,2021-06,Lancashire Constabulary,Lancashire Constabulary,-2.711936,53.768574,On or near Barlow Street,E01025313,Preston 012F,Public order,Unable to prosecute suspect,
defe41f6ac9d7a80f65a341bd1709d46b86e8ca3480835decf6bff3a4c088205,2021-06,Lancashire Constabulary,Lancashire Constabulary,-2.711116,53.767653,On or near Harcourt Street,E01025313,Preston 012F,Public order,Further investigation is not in the public interest,
141557c87736989fd5a9e74b94e3cf82c067118ebf98b4e8eed9d92c81ff46af,2021-06,Lancashire Constabulary,Lancashire Constabulary,-2.712383,53.770773,On or near Wildman Street,E01025313,Preston 012F,Public order,Unable to prosecute suspect,
00266d2273295b54962eb9f06c289d02b4c4dff8c64b215c16df9ca62c6a7a7c,2021-06,Lancashire Constabulary,Lancashire Constabulary,-2.709655,53.767392,On or near Moorbrook Street,E01025313,Preston 012F,Public order,Unable to prosecute suspect,
b42ba6abb723ec02f0eb24ef7df752945566e806150729c4ef60cda7b90aa8cd,2021-06,Lancashire Constabulary,Lancashire Constabulary,-2.713212,53.769582,On or near Villiers Street,E01025313,Preston 012F,Public order,Investigation complete; no suspect identified,
417b5e510e491771bd6ebe8cee4f0969d30d2ceaf82ef8467c6ebdc0d770b423,2021-06,Lancashire Constabulary,Lancashire Constabulary,-2.711198,53.768884,On or near Parking Area,E01025313,Preston 012F,Public order,Unable to prosecute suspect,
acea57ca045c7242268cc3c365e41f27eeb5d18a5c98e7389d84c5c8df37c55d,2021-06,Lancashire Constabulary,Lancashire Constabulary,-2.713014,53.768648,On or near Hammond Street,E01025313,Preston 012F,Public order,Court result unavailable,
771d5ca3c302f01770d912059569108e4f984ea73345acb11eb9c406329b6dda,2021-06,Lancashire Constabulary,Lancashire Constabulary,-2.713014,53.768648,On or near Hammond Street,E01025313,Preston 012F,Public order,Status update unavailable,
89285b7ec1ea1fb35f6699c1603d8a63e8d72954ab745600aae5dbfac7b3df58,2021-06,Lancashire Constabulary,Lancashire Constabulary,-2.711198,53.768884,On or near Parking Area,E01025313,Preston 012F,Robbery,Investigation complete; no suspect identified,
1604872444786db382f87a705675151bf5851d8050a07f4879008b80ce52fc2c,2021-06,Lancashire Constabulary,Lancashire Constabulary,-2.711695,53.769582,On or near Parking Area,E01025313,Preston 012F,Robbery,Investigation complete; no suspect identified,
031840c536e7dcb711a1248dea3c44dbd6c16371b6e7be84ad84fb7e2e839e44,2021-06,Lancashire Constabulary,Lancashire Constabulary,-2.711695,53.769582,On or near Parking Area,E01025313,Preston 012F,Shoplifting,Status update unavailable,
5e0358a82c600f4495c733028260ebd4c73310ec5c6fc81680acbbf4c9cc70ca,2021-06,Lancashire Constabulary,Lancashire Constabulary,-2.715627,53.769729,On or near Seymour Court,E01025313,Preston 012F,Vehicle crime,Investigation complete; no suspect identified,
4cc06ce35e5e66427d7eebe450c53f422504e04dbf1db1fd617577427e51570a,2021-06,Lancashire Constabulary,Lancashire Constabulary,-2.710162,53.766859,On or near Hawkins Close,E01025313,Preston 012F,Vehicle crime,Investigation complete; no suspect identified,
3051a27004eaa61b994de39083a3d69dd1d67294b62f5434c22fec48386b302b,2021-06,Lancashire Constabulary,Lancashire Constabulary,-2.714193,53.769288,On or near Villiers Court,E01025313,Preston 012F,Vehicle crime,Investigation complete; no suspect identified,
86b935a721833d7fbae41f42b6192ab1593baf32ead641aba752a6979e946d97,2021-06,Lancashire Constabulary,Lancashire Constabulary,-2.716593,53.769409,On or near Maynard Street,E01025313,Preston 012F,Violence and sexual offences,Investigation complete; no suspect identified,
d5a790df6413799e0d70f351f76f373ee5054ca6b2640211b47c0a748c43596f,2021-06,Lancashire Constabulary,Lancashire Constabulary,-2.711695,53.769582,On or near Parking Area,E01025313,Preston 012F,Violence and sexual offences,Court result unavailable,
3d3a7949446af0c3c6753cd5367f6d6da8e5eb0faa70dd94cf73c26b406a0190,2021-06,Lancashire Constabulary,Lancashire Constabulary,-2.713441,53.770524,On or near Norris Street,E01025313,Preston 012F,Violence and sexual offences,Unable to prosecute suspect,
12a3b319f6e2106a416ac6ebfcebe60db83c44336eedf77e842e1f91a11d0fe2,2021-06,Lancashire Constabulary,Lancashire Constabulary,-2.714850,53.770453,On or near Oxheys Street,E01025313,Preston 012F,Violence and sexual offences,Unable to prosecute suspect,
16fe5db60cf87723b0ca2a9ac17222a762272b4e0834d69b585385e785ca3b34,2021-06,Lancashire Constabulary,Lancashire Constabulary,-2.708684,53.762841,On or near Stocks Street,E01025313,Preston 012F,Violence and sexual offences,Further investigation is not in the public interest,
d54d12a43f1150c5c915d43cef8c9a5fc54a71bc4885c141b2dc109be3cbf956,2021-06,Lancashire Constabulary,Lancashire Constabulary,-2.711198,53.768884,On or near Parking Area,E01025313,Preston 012F,Violence and sexual offences,Investigation complete; no suspect identified,
dd1e172d19f0537acd2b37c6dd11876049692e1d1e73f2e9d104877298c8016d,2021-06,Lancashire Constabulary,Lancashire Constabulary,-2.711695,53.769582,On or near Parking Area,E01025313,Preston 012F,Violence and sexual offences,Unable to prosecute suspect,
e6810abaf4ebf691583451aff7320c47ed622fddbaf8b6c22185354586d30d50,2021-06,Lancashire Constabulary,Lancashire Constabulary,-2.711198,53.768884,On or near Parking Area,E01025313,Preston 012F,Violence and sexual offences,Unable to prosecute suspect,
13ed643c65f190755e954c042f2069bdfca293c37aa56a4d17d6349861426fc3,2021-06,Lancashire Constabulary,Lancashire Constabulary,-2.714193,53.769288,On or near Villiers Court,E01025313,Preston 012F,Violence and sexual offences,Unable to prosecute suspect,
b853e762f12dbba9cf8613d5b52c6133a0a21b72e33cf8a01f4a6d3c998c656c,2021-06,Lancashire Constabulary,Lancashire Constabulary,-2.714193,53.769288,On or near Villiers Court,E01025313,Preston 012F,Violence and sexual offences,Status update unavailable,
a87d4e19ec5bc3df6fb9417551989ec9eef0d34dd304cd456dd641d57454c8a1,2021-06,Lancashire Constabulary,Lancashire Constabulary,-2.710189,53.763928,On or near Bhailok Street,E01025313,Preston 012F,Violence and sexual offences,Status update unavailable,
4db5ef51b2bc78aff07f0f59cd6320a1451031d58da389f19092aba8bf267a2e,2021-06,Lancashire Constabulary,Lancashire Constabulary,-2.709655,53.767392,On or near Moorbrook Street,E01025313,Preston 012F,Violence and sexual offences,Unable to prosecute suspect,
95aa8902fafce9010d63be3fa88c4196a729513fee14e1d045b2a809c5313827,2021-06,Lancashire Constabulary,Lancashire Constabulary,-2.712912,53.770653,On or near Emmanuel Street,E01025313,Preston 012F,Violence and sexual offences,Status update unavailable,
7c46be2e90fbdda2739d5ec62096c88d3f149a673d3a464a6a1ee30ae2c9e292,2021-06,Lancashire Constabulary,Lancashire Constabulary,-2.712383,53.770773,On or near Wildman Street,E01025313,Preston 012F,Violence and sexual offences,Investigation complete; no suspect identified,
f21866d6a0f9c3facde237471d426798e2bd8c01663c7030c233e7919c9d5fd6,2021-06,Lancashire Constabulary,Lancashire Constabulary,-2.711198,53.768884,On or near Parking Area,E01025313,Preston 012F,Other crime,Unable to prosecute suspect,
,2021-06,Lancashire Constabulary,Lancashire Constabulary,-2.711945,53.763720,On or near Maudland Bank,E01025314,Preston 012G,Anti-social behaviour,,
,2021-06,Lancashire Constabulary,Lancashire Constabulary,-2.715963,53.764514,On or near Malthouse Court,E01025314,Preston 012G,Anti-social behaviour,,
,2021-06,Lancashire Constabulary,Lancashire Constabulary,-2.721139,53.763809,On or near Maddy Street,E01025314,Preston 012G,Anti-social behaviour,,
,2021-06,Lancashire Constabulary,Lancashire Constabulary,-2.706307,53.757686,On or near Falkland Street,E01025314,Preston 012G,Anti-social behaviour,,
,2021-06,Lancashire Constabulary,Lancashire Constabulary,-2.715179,53.761229,On or near Stewart Street,E01025314,Preston 012G,Anti-social behaviour,,
,2021-06,Lancashire Constabulary,Lancashire Constabulary,-2.708417,53.760541,On or near Further/Higher Educational Building,E01025314,Preston 012G,Anti-social behaviour,,
,2021-06,Lancashire Constabulary,Lancashire Constabulary,-2.715963,53.764514,On or near Malthouse Court,E01025314,Preston 012G,Anti-social behaviour,,
,2021-06,Lancashire Constabulary,Lancashire Constabulary,-2.708417,53.760541,On or near Further/Higher Educational Building,E01025314,Preston 012G,Anti-social behaviour,,
,2021-06,Lancashire Constabulary,Lancashire Constabulary,-2.715963,53.764514,On or near Malthouse Court,E01025314,Preston 012G,Anti-social behaviour,,
,2021-06,Lancashire Constabulary,Lancashire Constabulary,-2.715387,53.761830,On or near Vine Street,E01025314,Preston 012G,Anti-social behaviour,,
,2021-06,Lancashire Constabulary,Lancashire Constabulary,-2.715963,53.764514,On or near Malthouse Court,E01025314,Preston 012G,Anti-social behaviour,,
,2021-06,Lancashire Constabulary,Lancashire Constabulary,-2.717853,53.764116,On or near Carlton Street,E01025314,Preston 012G,Anti-social behaviour,,
,2021-06,Lancashire Constabulary,Lancashire Constabulary,-2.714088,53.764840,On or near Fylde Road,E01025314,Preston 012G,Anti-social behaviour,,
,2021-06,Lancashire Constabulary,Lancashire Constabulary,-2.722094,53.763758,On or near West View Terrace,E01025314,Preston 012G,Anti-social behaviour,,
,2021-06,Lancashire Constabulary,Lancashire Constabulary,-2.719385,53.763235,On or near St Mark'S Place West,E01025314,Preston 012G,Anti-social behaviour,,
,2021-06,Lancashire Constabulary,Lancashire Constabulary,-2.710101,53.761457,On or near Leighton Street,E01025314,Preston 012G,Anti-social behaviour,,
26787438625a415622a06c45d8748999903012cb134a634e6e91d005bff05700,2021-06,Lancashire Constabulary,Lancashire Constabulary,-2.707526,53.757158,On or near Fishergate,E01025314,Preston 012G,Bicycle theft,Investigation complete; no suspect identified,
a72d9943b3684193a389a6f1ec1eb2f2ccd4cb3993adaae0ed69cd488cf06889,2021-06,Lancashire Constabulary,Lancashire Constabulary,-2.716791,53.763233,On or near Abbey Street,E01025314,Preston 012G,Criminal damage and arson,Status update unavailable,
301ef240674ff46907dd50c7b38d68925b3e18a08eb591e45e9ba68d7ae9a36e,2021-06,Lancashire Constabulary,Lancashire Constabulary,-2.719017,53.764792,On or near Bath Street,E01025314,Preston 012G,Criminal damage and arson,Status update unavailable,
588b7e2fadd85854d643ea72e17619fed958b8dcd7ca90afa6815fccc3042418,2021-06,Lancashire Constabulary,Lancashire Constabulary,-2.716397,53.759676,On or near Spa Road,E01025314,Preston 012G,Criminal damage and arson,Status update unavailable,
20787b8057a2bc3d5a90882fc737dee4c8f265b0b61025ad732cf0217aef6cdb,2021-06,Lancashire Constabulary,Lancashire Constabulary,-2.719017,53.764792,On or near Bath Street,E01025314,Preston 012G,Criminal damage and arson,Investigation complete; no suspect identified,
ad696ad1d8d55940d1e6acaad3a64fffdee03cc8042ef75c84d2ba8829cbe241,2021-06,Lancashire Constabulary,Lancashire Constabulary,-2.716791,53.763233,On or near Abbey Street,E01025314,Preston 012G,Criminal damage and arson,Status update unavailable,
f7e68e81c7609fe98dc8036e82d7e8f05101b304efdff38b3d0056e7a2b2119b,2021-06,Lancashire Constabulary,Lancashire Constabulary,-2.713346,53.764080,On or near Peel Street,E01025314,Preston 012G,Criminal damage and arson,Investigation complete; no suspect identified,
37306621f9e984eab64a1375b7e77f723d569b0d285e599b33d178ce592c7101,2021-06,Lancashire Constabulary,Lancashire Constabulary,-2.714088,53.760391,On or near Mona Place,E01025314,Preston 012G,Drugs,Formal action is not in the public interest,
e6d25e6370918873801237e17cc6c7763f6f89515191cb365d2a0add9a2109c7,2021-06,Lancashire Constabulary,Lancashire Constabulary,-2.706393,53.760140,On or near Chandler Street,E01025314,Preston 012G,Drugs,Status update unavailable,
6d3b641f907d3af4609fd4263a132e79fc3baafbfdc7883ef227805ddf109568,2021-06,Lancashire Constabulary,Lancashire Constabulary,-2.717310,53.762529,On or near Bromley Street,E01025314,Preston 012G,Other theft,Investigation complete; no suspect identified,
afc8be65b10900c31b47a7e7aa85688f3e82c9b6c1f8ab4457963c1a39b7d289,2021-06,Lancashire Constabulary,Lancashire Constabulary,-2.714088,53.760391,On or near Mona Place,E01025314,Preston 012G,Other theft,Investigation complete; no suspect identified,
a63e04c00081affe2ccc5846a701d337fbffc4bcf875ecb12abe51d37f9b3977,2021-06,Lancashire Constabulary,Lancashire Constabulary,-2.715963,53.764514,On or near Malthouse Court,E01025314,Preston 012G,Public order,Unable to prosecute suspect,
159ad4a39c966f8e31007aeaa0a89a0c8b20baa68b1f6824e57bac9c6cd4533a,2021-06,Lancashire Constabulary,Lancashire Constabulary,-2.719741,53.761867,On or near Supermarket,E01025314,Preston 012G,Shoplifting,Status update unavailable,
3474484e56e6bc9ea1c1511ee1fe36564c0351e313a585249063826ed6652100,2021-06,Lancashire Constabulary,Lancashire Constabulary,-2.713195,53.763173,On or near St Walburge Avenue,E01025314,Preston 012G,Vehicle crime,Investigation complete; no suspect identified,
706ff4b3ac9b9223f5e4477fca66c4231f25966d85e2d9d1be43cec086314aec,2021-06,Lancashire Constabulary,Lancashire Constabulary,-2.722021,53.763058,On or near Kerr Place,E01025314,Preston 012G,Vehicle crime,Investigation complete; no suspect identified,
5817dd70dfebf6245ff9527cc1f2fb90d8a9ed80be9d7a53e6b08a2368dd3647,2021-06,Lancashire Constabulary,Lancashire Constabulary,-2.716397,53.759676,On or near Spa Road,E01025314,Preston 012G,Violence and sexual offences,Unable to prosecute suspect,
db704db2f7bc9e9561ce2bb63fccf4e49de1f645b3c582c3f5b65b5f6cba1d93,2021-06,Lancashire Constabulary,Lancashire Constabulary,-2.715387,53.761830,On or near Vine Street,E01025314,Preston 012G,Violence and sexual offences,Unable to prosecute suspect,
8dc3239e58b42ae980d8d4293ba6fe39ecdf6f7c4e7af82be3730ac89b85796e,2021-06,Lancashire Constabulary,Lancashire Constabulary,-2.715843,53.759248,On or near Marsh Lane,E01025314,Preston 012G,Violence and sexual offences,Investigation complete; no suspect identified,
c17bd0d1f7dedca72b0a2f6fe2ebdc94aa31e35e511df29259fae07d3846c75e,2021-06,Lancashire Constabulary,Lancashire Constabulary,-2.720184,53.764749,On or near Newsham Street,E01025314,Preston 012G,Violence and sexual offences,Unable to prosecute suspect,
26c83ba4011f83ab9dcd3167ae87fd7a0f1f3794a0eac2abf5b3573bdff891b1,2021-06,Lancashire Constabulary,Lancashire Constabulary,-2.715963,53.764514,On or near Malthouse Court,E01025314,Preston 012G,Violence and sexual offences,Unable to prosecute suspect,
3c7c983d950f7fd8613e5e7dc6dab4028974ef27b906b380051973f291beeda4,2021-06,Lancashire Constabulary,Lancashire Constabulary,-2.716781,53.763556,On or near Priory Street,E01025314,Preston 012G,Violence and sexual offences,Investigation complete; no suspect identified,
d72b69f091eef8da2da36e825ac79a88408bc622dee4952430c2ab8701a53c02,2021-06,Lancashire Constabulary,Lancashire Constabulary,-2.715963,53.764514,On or near Malthouse Court,E01025314,Preston 012G,Violence and sexual offences,Unable to prosecute suspect,
,2021-06,Lancashire Constabulary,Lancashire Constabulary,-2.740508,53.766244,On or near Pedder'S Lane,E01025231,Preston 013A,Anti-social behaviour,,
7a792b60820669978eb0d499009d5980e6a51ed9bef09557135d9f57e6720e43,2021-06,Lancashire Constabulary,Lancashire Constabulary,-2.733853,53.765628,On or near Mayfield Road,E01025231,Preston 013A,Vehicle crime,Investigation complete; no suspect identified,
,2021-06,Lancashire Constabulary,Lancashire Constabulary,-2.727317,53.766630,On or near Threlfall Street,E01025232,Preston 013B,Anti-social behaviour,,
,2021-06,Lancashire Constabulary,Lancashire Constabulary,-2.722736,53.764024,On or near Tulketh Road,E01025232,Preston 013B,Anti-social behaviour,,
,2021-06,Lancashire Constabulary,Lancashire Constabulary,-2.727550,53.766098,On or near Waterloo Terrace,E01025232,Preston 013B,Anti-social behaviour,,
,2021-06,Lancashire Constabulary,Lancashire Constabulary,-2.724359,53.765794,On or near Hall Street,E01025232,Preston 013B,Anti-social behaviour,,
,2021-06,Lancashire Constabulary,Lancashire Constabulary,-2.728764,53.767008,On or near Bank Place,E01025232,Preston 013B,Anti-social behaviour,,
,2021-06,Lancashire Constabulary,Lancashire Constabulary,-2.724359,53.765794,On or near Hall Street,E01025232,Preston 013B,Anti-social behaviour,,
,2021-06,Lancashire Constabulary,Lancashire Constabulary,-2.725843,53.764742,On or near Tulketh Road,E01025232,Preston 013B,Anti-social behaviour,,
,2021-06,Lancashire Constabulary,Lancashire Constabulary,-2.725843,53.764742,On or near Tulketh Road,E01025232,Preston 013B,Anti-social behaviour,,
,2021-06,Lancashire Constabulary,Lancashire Constabulary,-2.728925,53.765748,On or near Brunswick Place,E01025232,Preston 013B,Anti-social behaviour,,
,2021-06,Lancashire Constabulary,Lancashire Constabulary,-2.722736,53.764024,On or near Tulketh Road,E01025232,Preston 013B,Anti-social behaviour,,
810986acc32c8156e151c5cfd611022ebdb56872cdb24ab0d2151ff1d65149a4,2021-06,Lancashire Constabulary,Lancashire Constabulary,-2.722736,53.764024,On or near Tulketh Road,E01025232,Preston 013B,Burglary,Investigation complete; no suspect identified,
75683d080e94a01fa7ca9a73747d7edd9dd9bbab1aead4a2f444f16a9be499c8,2021-06,Lancashire Constabulary,Lancashire Constabulary,-2.728764,53.767008,On or near Bank Place,E01025232,Preston 013B,Burglary,Status update unavailable,
96b70a33a36953fcf08002ea04d56313bba555232d056b8202808d9817999ef9,2021-06,Lancashire Constabulary,Lancashire Constabulary,-2.727826,53.767993,On or near Waterloo Road,E01025232,Preston 013B,Burglary,Unable to prosecute suspect,
c3baf4c38c2e1a2bff1a39f152b54dcf21ec808bd43d1379424b990bcf9ef53f,2021-06,Lancashire Constabulary,Lancashire Constabulary,-2.725843,53.764742,On or near Tulketh Road,E01025232,Preston 013B,Criminal damage and arson,Investigation complete; no suspect identified,
edf2f2b8d2f3399953039fc940cbffa4b1f84db58ec75e56b411474afe4c262d,2021-06,Lancashire Constabulary,Lancashire Constabulary,-2.727317,53.766630,On or near Threlfall Street,E01025232,Preston 013B,Other theft,Unable to prosecute suspect,
fdd9e1a5883c32f3b3de62d0a9bc2dc07b8234599d24dddf452bb2c759a104de,2021-06,Lancashire Constabulary,Lancashire Constabulary,-2.726742,53.765869,On or near Poulton Street,E01025232,Preston 013B,Other theft,Unable to prosecute suspect,
88aeed13515630a661a20a4fce1f3fc840b30025ca3e3eb00059c848d2aee2a1,2021-06,Lancashire Constabulary,Lancashire Constabulary,-2.728293,53.766094,On or near Elton Street,E01025232,Preston 013B,Public order,Court result unavailable,
f0b87aaacd7e4931235b20249f04c441d939dceca6a79fd412a3d5d6ed4a2b60,2021-06,Lancashire Constabulary,Lancashire Constabulary,-2.725039,53.765646,On or near Francis Street,E01025232,Preston 013B,Robbery,Status update unavailable,
b80512b0e7c426d4f5ce635937059f89f1be0489f539f70bfac8bea5225bfeee,2021-06,Lancashire Constabulary,Lancashire Constabulary,-2.728764,53.767008,On or near Bank Place,E01025232,Preston 013B,Shoplifting,Status update unavailable,
1b703713216cc6526feff9d52e86f859bee6564a3d8f2cace2ba079bd9ab4538,2021-06,Lancashire Constabulary,Lancashire Constabulary,-2.722736,53.764024,On or near Tulketh Road,E01025232,Preston 013B,Violence and sexual offences,Investigation complete; no suspect identified,
ae83a5e1294dd3df4c5141d0cd1e088ab12f87a01292d37ebec280687b755ccf,2021-06,Lancashire Constabulary,Lancashire Constabulary,-2.724307,53.765390,On or near Rossall Street,E01025232,Preston 013B,Violence and sexual offences,Unable to prosecute suspect,
607521da662f28b46ee1c2379b989a350b52a23aec5df8d77bcad87a5cfd97dd,2021-06,Lancashire Constabulary,Lancashire Constabulary,-2.726595,53.767021,On or near Webster Street,E01025232,Preston 013B,Violence and sexual offences,Action to be taken by another organisation,
95f333c040566928466a139548a21b0405df4bf1a6c93e59b786ea354535fa64,2021-06,Lancashire Constabulary,Lancashire Constabulary,-2.724307,53.765390,On or near Rossall Street,E01025232,Preston 013B,Violence and sexual offences,Status update unavailable,
c7601333c0e8f18ecf9e6da09302f360d54b6014f7135c6206c7fa41f86a29d4,2021-06,Lancashire Constabulary,Lancashire Constabulary,-2.727826,53.767993,On or near Waterloo Road,E01025232,Preston 013B,Violence and sexual offences,Unable to prosecute suspect,
1959c31b8f9b74be9fd19072761f240dc18f30b9bdff57b92be97fb15199a265,2021-06,Lancashire Constabulary,Lancashire Constabulary,-2.727828,53.766357,On or near Brampton Street,E01025232,Preston 013B,Violence and sexual offences,Status update unavailable,
4b3249159d3c836b9c4fd1c7f19e755e1a8b36a918a5a88cf383badcd3011cf4,2021-06,Lancashire Constabulary,Lancashire Constabulary,-2.726595,53.767021,On or near Webster Street,E01025232,Preston 013B,Violence and sexual offences,Action to be taken by another organisation,
d9a75f58feaf0947c9cf27b71e7560d3bcb2f7088ea4e4ef3d11bae2ed333cac,2021-06,Lancashire Constabulary,Lancashire Constabulary,-2.724307,53.765390,On or near Rossall Street,E01025232,Preston 013B,Violence and sexual offences,Court result unavailable,
,2021-06,Lancashire Constabulary,Lancashire Constabulary,-2.763851,53.773485,On or near Lea Road,E01025265,Preston 013C,Anti-social behaviour,,
,2021-06,Lancashire Constabulary,Lancashire Constabulary,-2.759672,53.773952,On or near Ash Meadow,E01025265,Preston 013C,Anti-social behaviour,,
,2021-06,Lancashire Constabulary,Lancashire Constabulary,-2.755656,53.770050,On or near Staveley Place,E01025265,Preston 013C,Anti-social behaviour,,
,2021-06,Lancashire Constabulary,Lancashire Constabulary,-2.751348,53.773483,On or near Savick Way,E01025265,Preston 013C,Anti-social behaviour,,
,2021-06,Lancashire Constabulary,Lancashire Constabulary,-2.755656,53.770050,On or near Staveley Place,E01025265,Preston 013C,Anti-social behaviour,,
,2021-06,Lancashire Constabulary,Lancashire Constabulary,-2.756936,53.773709,On or near Bilsborough Meadow,E01025265,Preston 013C,Anti-social behaviour,,
a3f57e492744005342bc12a55fd8bcdac1edd3154e6188fecc854de8a726f367,2021-06,Lancashire Constabulary,Lancashire Constabulary,-2.757158,53.775074,On or near Alder Coppice,E01025265,Preston 013C,Violence and sexual offences,Unable to prosecute suspect,
102148c49fb2186161356282a539fff5fe123d816dfe5fe5c09a78ccda52a7b1,2021-06,Lancashire Constabulary,Lancashire Constabulary,-2.751348,53.773483,On or near Savick Way,E01025265,Preston 013C,Violence and sexual offences,Unable to prosecute suspect,
d6d0dad8076486f6ca060144773ff07781fc30a1d583d6d59e3db696656888d5,2021-06,Lancashire Constabulary,Lancashire Constabulary,-2.751348,53.773483,On or near Savick Way,E01025265,Preston 013C,Violence and sexual offences,Unable to prosecute suspect,
,2021-06,Lancashire Constabulary,Lancashire Constabulary,-2.753217,53.768528,On or near Pedestrian Subway,E01025267,Preston 013D,Anti-social behaviour,,
,2021-06,Lancashire Constabulary,Lancashire Constabulary,-2.751219,53.771372,On or near Lichfield Road,E01025267,Preston 013D,Anti-social behaviour,,
,2021-06,Lancashire Constabulary,Lancashire Constabulary,-2.751219,53.771372,On or near Lichfield Road,E01025267,Preston 013D,Anti-social behaviour,,
,2021-06,Lancashire Constabulary,Lancashire Constabulary,-2.754131,53.771273,On or near Greendale Mews,E01025267,Preston 013D,Anti-social behaviour,,
0cdb3aa4f7d9416cbdcfd20b7690936076f169ad1d0a568be608e8c18084ca31,2021-06,Lancashire Constabulary,Lancashire Constabulary,-2.754131,53.771273,On or near Greendale Mews,E01025267,Preston 013D,Bicycle theft,Investigation complete; no suspect identified,
adf5ea2d0f820e4c1110ca30637d33247ef9fcecf5a3980c7f7686cae2057faf,2021-06,Lancashire Constabulary,Lancashire Constabulary,-2.746891,53.771129,On or near Kingsway,E01025267,Preston 013D,Public order,Unable to prosecute suspect,
8e1e52b9cabb30b4f8412d204f5916f44c5d907810eabbd7236ce1ba3e9ff07b,2021-06,Lancashire Constabulary,Lancashire Constabulary,-2.746891,53.771129,On or near Kingsway,E01025267,Preston 013D,Public order,Unable to prosecute suspect,
8479bd9071fe04899915433d4fde2c7f927c57b740decce63f02436dd4f8818f,2021-06,Lancashire Constabulary,Lancashire Constabulary,-2.746771,53.769494,On or near Broadway,E01025267,Preston 013D,Public order,Unable to prosecute suspect,
996e6a77db50b445bb144d2eab1642d9cab06f953376825211d2d0073e66413e,2021-06,Lancashire Constabulary,Lancashire Constabulary,-2.751805,53.771000,On or near Lyndhurst Drive,E01025267,Preston 013D,Robbery,Investigation complete; no suspect identified,
c3ac0774fae10dc2c8d4b2c01236585f553b2e3529562b45cb57af1cccb46e07,2021-06,Lancashire Constabulary,Lancashire Constabulary,-2.746771,53.769494,On or near Broadway,E01025267,Preston 013D,Shoplifting,Status update unavailable,
4bf3e92dd8cfce838b9547da8f2d56c9ac8d9662db5a069667f49bb1bc10ec00,2021-06,Lancashire Constabulary,Lancashire Constabulary,-2.753217,53.768528,On or near Pedestrian Subway,E01025267,Preston 013D,Violence and sexual offences,Investigation complete; no suspect identified,
07bd108c2b265770c5f669992ca4517fe5a5c721d3b0723abec1b618d86d0508,2021-06,Lancashire Constabulary,Lancashire Constabulary,-2.754131,53.771273,On or near Greendale Mews,E01025267,Preston 013D,Violence and sexual offences,Unable to prosecute suspect,
67e71077d9709e6d86eeea47160c5b34f9d12f3b3b6315b1a4cb2936bcc6df96,2021-06,Lancashire Constabulary,Lancashire Constabulary,-2.751219,53.771372,On or near Lichfield Road,E01025267,Preston 013D,Violence and sexual offences,Unable to prosecute suspect,
0f0c62869cc1401ed6af804d04a25152834ccaead47f2f6c6ac34c41f256f71d,2021-06,Lancashire Constabulary,Lancashire Constabulary,-2.746891,53.771129,On or near Kingsway,E01025267,Preston 013D,Violence and sexual offences,Unable to prosecute suspect,
c9113c5c15c5de4baceb3c32f6d8cd3206e1f3019d57c36e251f5eab7c2ff15c,2021-06,Lancashire Constabulary,Lancashire Constabulary,-2.751219,53.771372,On or near Lichfield Road,E01025267,Preston 013D,Violence and sexual offences,Investigation complete; no suspect identified,
,2021-06,Lancashire Constabulary,Lancashire Constabulary,-2.756193,53.769516,On or near Heywood Road,E01025268,Preston 013E,Anti-social behaviour,,
,2021-06,Lancashire Constabulary,Lancashire Constabulary,-2.757933,53.767555,On or near The Ploughlands,E01025268,Preston 013E,Anti-social behaviour,,
,2021-06,Lancashire Constabulary,Lancashire Constabulary,-2.758945,53.768133,On or near Charles Way,E01025268,Preston 013E,Anti-social behaviour,,
,2021-06,Lancashire Constabulary,Lancashire Constabulary,-2.758945,53.768133,On or near Charles Way,E01025268,Preston 013E,Anti-social behaviour,,
,2021-06,Lancashire Constabulary,Lancashire Constabulary,-2.759014,53.771134,On or near Arnside Road,E01025268,Preston 013E,Anti-social behaviour,,
,2021-06,Lancashire Constabulary,Lancashire Constabulary,-2.758293,53.770716,On or near Cartmel Place,E01025268,Preston 013E,Anti-social behaviour,,
,2021-06,Lancashire Constabulary,Lancashire Constabulary,-2.757847,53.763627,On or near Thurnham Road,E01025268,Preston 013E,Anti-social behaviour,,
,2021-06,Lancashire Constabulary,Lancashire Constabulary,-2.758107,53.769630,On or near Formby Place,E01025268,Preston 013E,Anti-social behaviour,,
,2021-06,Lancashire Constabulary,Lancashire Constabulary,-2.759014,53.771134,On or near Arnside Road,E01025268,Preston 013E,Anti-social behaviour,,
,2021-06,Lancashire Constabulary,Lancashire Constabulary,-2.757919,53.766800,On or near Layton Road,E01025268,Preston 013E,Anti-social behaviour,,
,2021-06,Lancashire Constabulary,Lancashire Constabulary,-2.758107,53.769630,On or near Formby Place,E01025268,Preston 013E,Anti-social behaviour,,
,2021-06,Lancashire Constabulary,Lancashire Constabulary,-2.757905,53.770233,On or near Hendon Place,E01025268,Preston 013E,Anti-social behaviour,,
,2021-06,Lancashire Constabulary,Lancashire Constabulary,-2.757847,53.763627,On or near Thurnham Road,E01025268,Preston 013E,Anti-social behaviour,,
,2021-06,Lancashire Constabulary,Lancashire Constabulary,-2.759014,53.771134,On or near Arnside Road,E01025268,Preston 013E,Anti-social behaviour,,
,2021-06,Lancashire Constabulary,Lancashire Constabulary,-2.757847,53.763627,On or near Thurnham Road,E01025268,Preston 013E,Anti-social behaviour,,
,2021-06,Lancashire Constabulary,Lancashire Constabulary,-2.756193,53.769516,On or near Heywood Road,E01025268,Preston 013E,Anti-social behaviour,,
,2021-06,Lancashire Constabulary,Lancashire Constabulary,-2.756193,53.769516,On or near Heywood Road,E01025268,Preston 013E,Anti-social behaviour,,
8d0f7bfc79a376292170f6268ced1bb2eff31469a18e91c18aef63aef680d34e,2021-06,Lancashire Constabulary,Lancashire Constabulary,-2.757680,53.769534,On or near Ashford Road,E01025268,Preston 013E,Burglary,Investigation complete; no suspect identified,
cb9e890841761ae008dc8948363f41c37f5adbda1c2943f8457dda42cbcb23b0,2021-06,Lancashire Constabulary,Lancashire Constabulary,-2.758945,53.768133,On or near Charles Way,E01025268,Preston 013E,Criminal damage and arson,Status update unavailable,
08ec038ee3e3b2675c62551e052d33ce259b314f182c648482355c0457c77aac,2021-06,Lancashire Constabulary,Lancashire Constabulary,-2.756193,53.769516,On or near Heywood Road,E01025268,Preston 013E,Criminal damage and arson,Unable to prosecute suspect,
419661b3d39494d1da4a21930d21099de387f0fa9e9e9defea9f625f40c5bf3e,2021-06,Lancashire Constabulary,Lancashire Constabulary,-2.757905,53.770233,On or near Hendon Place,E01025268,Preston 013E,Criminal damage and arson,Investigation complete; no suspect identified,
ecdb794234839e1fd35327514b20ee7f21a0357a6843763f2baa7ba769e38a61,2021-06,Lancashire Constabulary,Lancashire Constabulary,-2.755408,53.762996,On or near Rawcliffe Drive,E01025268,Preston 013E,Criminal damage and arson,Awaiting court outcome,
a99fb2356499fec080688d4faa8af316d1c6c547abbda51a05caff233d6c3fb3,2021-06,Lancashire Constabulary,Lancashire Constabulary,-2.758945,53.768133,On or near Charles Way,E01025268,Preston 013E,Criminal damage and arson,Further investigation is not in the public interest,
d4caba4f853bd2f62be2bff6a07723fed0edb9f35dbee492ffd4cef3dec3816b,2021-06,Lancashire Constabulary,Lancashire Constabulary,-2.758293,53.770716,On or near Cartmel Place,E01025268,Preston 013E,Other theft,Status update unavailable,
57fcbf0ca5bf2becdada24bcba5c08417b550ecbc397a89b4bd777aaaa29bee6,2021-06,Lancashire Constabulary,Lancashire Constabulary,-2.756193,53.769516,On or near Heywood Road,E01025268,Preston 013E,Other theft,Unable to prosecute suspect,
dda1f90e90f9cdb8cb75561aea7294b1d906b0990a92b2950a99d40a6b5d130a,2021-06,Lancashire Constabulary,Lancashire Constabulary,-2.758945,53.768133,On or near Charles Way,E01025268,Preston 013E,Public order,Investigation complete; no suspect identified,
bfabf182294cd593adaedcbfd82c70bd4371e8fc70f96a07bfaa0c90c148f43f,2021-06,Lancashire Constabulary,Lancashire Constabulary,-2.757919,53.766800,On or near Layton Road,E01025268,Preston 013E,Public order,Unable to prosecute suspect,
8f326afdb3a739a8bccfb9fc634e24d93dd310f65567321d505664eb44ddb15d,2021-06,Lancashire Constabulary,Lancashire Constabulary,-2.758107,53.769630,On or near Formby Place,E01025268,Preston 013E,Public order,Unable to prosecute suspect,
c22d182a333a7b5ec24e1b7448afbb6abb3c7f37762c95bafee82cbaf8fde0db,2021-06,Lancashire Constabulary,Lancashire Constabulary,-2.758945,53.768133,On or near Charles Way,E01025268,Preston 013E,Public order,Status update unavailable,
a5c808cf4e2ee6b1700a947b41e66e869d5c3d2aaafc48b811109456106ce0f6,2021-06,Lancashire Constabulary,Lancashire Constabulary,-2.758945,53.768133,On or near Charles Way,E01025268,Preston 013E,Public order,Status update unavailable,
2f95b39a1af8335f9e56c59ef23f10ed95974a345f670cba77141997d33b3040,2021-06,Lancashire Constabulary,Lancashire Constabulary,-2.758945,53.768133,On or near Charles Way,E01025268,Preston 013E,Shoplifting,Status update unavailable,
2cc4d1f608b0e4352fc373bf4edbd50a26bf7cba26ac10eb9bce02c19ce88a51,2021-06,Lancashire Constabulary,Lancashire Constabulary,-2.757847,53.763627,On or near Thurnham Road,E01025268,Preston 013E,Vehicle crime,Unable to prosecute suspect,
26a0dd97ed94dc10a39d6e5ac3885029fe0093ef6f37175899249ce513da2805,2021-06,Lancashire Constabulary,Lancashire Constabulary,-2.761066,53.763805,On or near Sutton Drive,E01025268,Preston 013E,Vehicle crime,Investigation complete; no suspect identified,
8020c27f1a80627a92cf96437c94c3cdbb435dde3df08cc185063ac2d64a0d70,2021-06,Lancashire Constabulary,Lancashire Constabulary,-2.756193,53.769516,On or near Heywood Road,E01025268,Preston 013E,Violence and sexual offences,Unable to prosecute suspect,
efbec246ed90cc1bb3ae995d3545e8d48126dbfb834fe79c8934997f0035742a,2021-06,Lancashire Constabulary,Lancashire Constabulary,-2.755408,53.762996,On or near Rawcliffe Drive,E01025268,Preston 013E,Violence and sexual offences,Unable to prosecute suspect,
3b7aa71095d29e87e9325dbb71feb0129e9101be0cdf4b10b57444721d1275d7,2021-06,Lancashire Constabulary,Lancashire Constabulary,-2.757905,53.770233,On or near Hendon Place,E01025268,Preston 013E,Violence and sexual offences,Investigation complete; no suspect identified,
c9df48ce76c833007380abcdd0d6716252660f79664f193a58f80b7ed93e4e47,2021-06,Lancashire Constabulary,Lancashire Constabulary,-2.757680,53.769534,On or near Ashford Road,E01025268,Preston 013E,Violence and sexual offences,Unable to prosecute suspect,
c4abb7ed852262f011b47308d256266ee4a52221e8f906ad6dd0eec93a49c1f9,2021-06,Lancashire Constabulary,Lancashire Constabulary,-2.757847,53.763627,On or near Thurnham Road,E01025268,Preston 013E,Violence and sexual offences,Unable to prosecute suspect,
2dbcfb7f08a1deae63dfb67413d2dd23510c91d0238472fade117f67b89b128b,2021-06,Lancashire Constabulary,Lancashire Constabulary,-2.758945,53.768133,On or near Charles Way,E01025268,Preston 013E,Violence and sexual offences,Unable to prosecute suspect,
7056ce60e8d4e56379c945fe1a222db4134b99abcb2d14b57b180bbbe93f32b8,2021-06,Lancashire Constabulary,Lancashire Constabulary,-2.755679,53.763704,On or near Overton Road,E01025268,Preston 013E,Violence and sexual offences,Unable to prosecute suspect,
533bb8da25375c3367ee359b8031833e5d278e66b39d9a3198b9911162c5cbb7,2021-06,Lancashire Constabulary,Lancashire Constabulary,-2.755408,53.762996,On or near Rawcliffe Drive,E01025268,Preston 013E,Violence and sexual offences,Unable to prosecute suspect,
2ef732578d01d2006edd8cbc62b1d612c3b66fa7567dc03f6d4e073921b88c42,2021-06,Lancashire Constabulary,Lancashire Constabulary,-2.757680,53.769534,On or near Ashford Road,E01025268,Preston 013E,Violence and sexual offences,Unable to prosecute suspect,
,2021-06,Lancashire Constabulary,Lancashire Constabulary,-2.749686,53.765369,On or near Westby Place,E01025269,Preston 013F,Anti-social behaviour,,
,2021-06,Lancashire Constabulary,Lancashire Constabulary,-2.755220,53.766871,On or near Supermarket,E01025269,Preston 013F,Anti-social behaviour,,
,2021-06,Lancashire Constabulary,Lancashire Constabulary,-2.749686,53.765369,On or near Westby Place,E01025269,Preston 013F,Anti-social behaviour,,
,2021-06,Lancashire Constabulary,Lancashire Constabulary,-2.757378,53.765365,On or near Preesall Close,E01025269,Preston 013F,Anti-social behaviour,,
,2021-06,Lancashire Constabulary,Lancashire Constabulary,-2.752717,53.767749,On or near Salwick Place,E01025269,Preston 013F,Anti-social behaviour,,
,2021-06,Lancashire Constabulary,Lancashire Constabulary,-2.757378,53.765365,On or near Preesall Close,E01025269,Preston 013F,Anti-social behaviour,,
,2021-06,Lancashire Constabulary,Lancashire Constabulary,-2.752717,53.767749,On or near Salwick Place,E01025269,Preston 013F,Anti-social behaviour,,
,2021-06,Lancashire Constabulary,Lancashire Constabulary,-2.749686,53.765369,On or near Westby Place,E01025269,Preston 013F,Anti-social behaviour,,
,2021-06,Lancashire Constabulary,Lancashire Constabulary,-2.757378,53.765365,On or near Preesall Close,E01025269,Preston 013F,Anti-social behaviour,,
,2021-06,Lancashire Constabulary,Lancashire Constabulary,-2.752717,53.767749,On or near Salwick Place,E01025269,Preston 013F,Anti-social behaviour,,
,2021-06,Lancashire Constabulary,Lancashire Constabulary,-2.755246,53.762376,On or near Ryelands Crescent,E01025269,Preston 013F,Anti-social behaviour,,
,2021-06,Lancashire Constabulary,Lancashire Constabulary,-2.741837,53.763287,On or near Pedders Grove,E01025269,Preston 013F,Anti-social behaviour,,
,2021-06,Lancashire Constabulary,Lancashire Constabulary,-2.741837,53.763287,On or near Pedders Grove,E01025269,Preston 013F,Anti-social behaviour,,
,2021-06,Lancashire Constabulary,Lancashire Constabulary,-2.752717,53.767749,On or near Salwick Place,E01025269,Preston 013F,Anti-social behaviour,,
,2021-06,Lancashire Constabulary,Lancashire Constabulary,-2.755220,53.766871,On or near Supermarket,E01025269,Preston 013F,Anti-social behaviour,,
,2021-06,Lancashire Constabulary,Lancashire Constabulary,-2.755548,53.766572,On or near Catforth Road,E01025269,Preston 013F,Anti-social behaviour,,
959996a6778914992c298d8bb3c01b0415547ee6bf2857af6bf2b50e78dd9c7c,2021-06,Lancashire Constabulary,Lancashire Constabulary,-2.744435,53.763532,On or near Whinfield Place,E01025269,Preston 013F,Burglary,Investigation complete; no suspect identified,
19bc86866cf5be18894351af4491dbe174ec888ee75c61ae67e2c524fc0caf52,2021-06,Lancashire Constabulary,Lancashire Constabulary,-2.744435,53.763532,On or near Whinfield Place,E01025269,Preston 013F,Burglary,Status update unavailable,
c0751f80c27aa9d25beb18ac69c05597d7991fae708d018aaa2f25a8a969c288,2021-06,Lancashire Constabulary,Lancashire Constabulary,-2.740566,53.764338,On or near Pedder'S Lane,E01025269,Preston 013F,Criminal damage and arson,Unable to prosecute suspect,
74e9809168f4f6bc55f3e30df1cf3c4273a04aeb7e6f348624adfdbb740b64a1,2021-06,Lancashire Constabulary,Lancashire Constabulary,-2.755246,53.762376,On or near Ryelands Crescent,E01025269,Preston 013F,Criminal damage and arson,Investigation complete; no suspect identified,
fa011558b290bff52f1343991516c657517367d93d681ba4a73aceb553ad5653,2021-06,Lancashire Constabulary,Lancashire Constabulary,-2.755246,53.762376,On or near Ryelands Crescent,E01025269,Preston 013F,Criminal damage and arson,Further investigation is not in the public interest,
59b11722f6af977312832b8d8c7345e2d8ea8f7807dba9160ce25390d96c932f,2021-06,Lancashire Constabulary,Lancashire Constabulary,-2.755246,53.762376,On or near Ryelands Crescent,E01025269,Preston 013F,Criminal damage and arson,Unable to prosecute suspect,
6e11c5944db8036113271c8eb8c678147a2d22b66ce9bef0b702938cafb25e3c,2021-06,Lancashire Constabulary,Lancashire Constabulary,-2.757378,53.765365,On or near Preesall Close,E01025269,Preston 013F,Criminal damage and arson,Unable to prosecute suspect,
a83babd3d2c7841b40b4ee68714bbbc4fbe59c70bfa600a41f011ee1ec5594cc,2021-06,Lancashire Constabulary,Lancashire Constabulary,-2.755246,53.762376,On or near Ryelands Crescent,E01025269,Preston 013F,Criminal damage and arson,Unable to prosecute suspect,
d2040bf894f330fe6885a51192ec31e14f9850e1072bb66c6fd39132ffb45332,2021-06,Lancashire Constabulary,Lancashire Constabulary,-2.757378,53.765365,On or near Preesall Close,E01025269,Preston 013F,Public order,Unable to prosecute suspect,
fee780802a5ee821ce9ec47b233bebaff9855988b7700bd8518942aa1ac1edce,2021-06,Lancashire Constabulary,Lancashire Constabulary,-2.740566,53.764338,On or near Pedder'S Lane,E01025269,Preston 013F,Public order,Unable to prosecute suspect,
d0afec4affca3fd5c11d65a0c00519449ad4bdef1172b89ba65396e879769cc1,2021-06,Lancashire Constabulary,Lancashire Constabulary,-2.750681,53.768391,On or near Ribby Place,E01025269,Preston 013F,Public order,Investigation complete; no suspect identified,
8b1413a5c4e2b08f004fd781861cef4d85196e0f35f5889bd08c6678ea851ddd,2021-06,Lancashire Constabulary,Lancashire Constabulary,-2.757378,53.765365,On or near Preesall Close,E01025269,Preston 013F,Public order,Unable to prosecute suspect,
64db43319a9699525ba387128b5cc12f40e239da366a3ad503553dcf72a98aca,2021-06,Lancashire Constabulary,Lancashire Constabulary,-2.757378,53.765365,On or near Preesall Close,E01025269,Preston 013F,Violence and sexual offences,Unable to prosecute suspect,
91b37fdf7ff0ea6765442b058ede224b781a753be687e1e1d6ed0fb14f43e157,2021-06,Lancashire Constabulary,Lancashire Constabulary,-2.755246,53.762376,On or near Ryelands Crescent,E01025269,Preston 013F,Violence and sexual offences,Unable to prosecute suspect,
0adbad09c415ca70bf785b2fb5db534d6a07429e5b591718cfd9673abe246b28,2021-06,Lancashire Constabulary,Lancashire Constabulary,-2.755246,53.762376,On or near Ryelands Crescent,E01025269,Preston 013F,Violence and sexual offences,Unable to prosecute suspect,
64af1b46f592b37ef55fd136fde936d2f295d1ee8d8f9ca273893c2f8f0efb5a,2021-06,Lancashire Constabulary,Lancashire Constabulary,-2.755246,53.762376,On or near Ryelands Crescent,E01025269,Preston 013F,Violence and sexual offences,Unable to prosecute suspect,
1d8c178d74169066b75b54e1c9947319ab7faa7beef30287652cd05743b77b4a,2021-06,Lancashire Constabulary,Lancashire Constabulary,-2.756872,53.765090,On or near Preesall Road,E01025269,Preston 013F,Violence and sexual offences,Status update unavailable,
b4a99c7ff46e331f4745663622a2d9de6322604fa5500c6e8a0e47a5afd7de00,2021-06,Lancashire Constabulary,Lancashire Constabulary,-2.755246,53.762376,On or near Ryelands Crescent,E01025269,Preston 013F,Violence and sexual offences,Investigation complete; no suspect identified,
4229a9e0395b767513f5fd6fa4662f1d3d961d545f144cf8504bf220e1ed869c,2021-06,Lancashire Constabulary,Lancashire Constabulary,-2.756872,53.765090,On or near Preesall Road,E01025269,Preston 013F,Violence and sexual offences,Unable to prosecute suspect,
c47bc0255e62ed14ea9c3b9ca436e4b21a0b79ca7700e1e6a0935fa8e2542f72,2021-06,Lancashire Constabulary,Lancashire Constabulary,-2.755548,53.766572,On or near Catforth Road,E01025269,Preston 013F,Violence and sexual offences,Unable to prosecute suspect,
d153e3d1813aad6a13f076849d91d1a61ec7485152f3adb0c989001e72389be8,2021-06,Lancashire Constabulary,Lancashire Constabulary,-2.749773,53.764289,On or near Westleigh Road,E01025269,Preston 013F,Violence and sexual offences,Unable to prosecute suspect,
a61cbfec4e2973e3124f62a87ba9fd0f720049c078814490d763ab7ecb1ae182,2021-06,Lancashire Constabulary,Lancashire Constabulary,-2.757378,53.765365,On or near Preesall Close,E01025269,Preston 013F,Violence and sexual offences,Unable to prosecute suspect,
7ad0cddf1656d4df25c6f3a83a8fe8f4c50dacc35932df2543dd2aa09e20f250,2021-06,Lancashire Constabulary,Lancashire Constabulary,-2.749773,53.764289,On or near Westleigh Road,E01025269,Preston 013F,Violence and sexual offences,Unable to prosecute suspect,
2a0b661f283b58b2efde7dee0b9b17e12a62224656c9dea00980c07fa775e8b2,2021-06,Lancashire Constabulary,Lancashire Constabulary,-2.752717,53.767749,On or near Salwick Place,E01025269,Preston 013F,Other crime,Unable to prosecute suspect,
,2021-06,Lancashire Constabulary,Lancashire Constabulary,-2.763318,53.770010,On or near Brook Place,E01025271,Preston 013G,Anti-social behaviour,,
,2021-06,Lancashire Constabulary,Lancashire Constabulary,-2.761549,53.768700,On or near Sheffield Drive,E01025271,Preston 013G,Anti-social behaviour,,
,2021-06,Lancashire Constabulary,Lancashire Constabulary,-2.763318,53.770010,On or near Brook Place,E01025271,Preston 013G,Anti-social behaviour,,
,2021-06,Lancashire Constabulary,Lancashire Constabulary,-2.759490,53.768066,On or near Charles Way,E01025271,Preston 013G,Anti-social behaviour,,
,2021-06,Lancashire Constabulary,Lancashire Constabulary,-2.763318,53.770010,On or near Brook Place,E01025271,Preston 013G,Anti-social behaviour,,
,2021-06,Lancashire Constabulary,Lancashire Constabulary,-2.762451,53.769908,On or near Nelson Crescent,E01025271,Preston 013G,Anti-social behaviour,,
eafa8f886ad71e7fbb2b1dba8faa2e3f277368d67852ea372e42ea5ac22af1e7,2021-06,Lancashire Constabulary,Lancashire Constabulary,-2.759490,53.768066,On or near Charles Way,E01025271,Preston 013G,Burglary,Investigation complete; no suspect identified,
ac9f317b0978a41ea233743defadcc79a8fef8b73088721c0c257e09d5f37946,2021-06,Lancashire Constabulary,Lancashire Constabulary,-2.774196,53.765078,On or near Lidget Avenue,E01025271,Preston 013G,Burglary,Investigation complete; no suspect identified,
9b8817481714c8f38912cb14f9cc8e8fa2a8f15240fabbbf1badc7f17a963dcd,2021-06,Lancashire Constabulary,Lancashire Constabulary,-2.761549,53.768700,On or near Sheffield Drive,E01025271,Preston 013G,Criminal damage and arson,Unable to prosecute suspect,
73283d7f2aa08a90bd81e11bd937883750a87b977976844f2d38fe93841db39c,2021-06,Lancashire Constabulary,Lancashire Constabulary,-2.759490,53.768066,On or near Charles Way,E01025271,Preston 013G,Criminal damage and arson,Investigation complete; no suspect identified,
8209ad22a4d56406eb7539a377a16948b069aea48fd1ed4f3e10077f35a8151c,2021-06,Lancashire Constabulary,Lancashire Constabulary,-2.758965,53.765040,On or near Larches Lane,E01025271,Preston 013G,Criminal damage and arson,Investigation complete; no suspect identified,
d838c53b6c3ffc2ec3c3b373ef86bd0bbfd1258a316c91121a04b6591e9f2ecf,2021-06,Lancashire Constabulary,Lancashire Constabulary,-2.762407,53.764947,On or near Holmfield Crescent,E01025271,Preston 013G,Criminal damage and arson,Investigation complete; no suspect identified,
2e3ff2fc63021e09ab077d71b8b2cc1c4c769f3139f3bf54906ddea782bda101,2021-06,Lancashire Constabulary,Lancashire Constabulary,-2.763318,53.770010,On or near Brook Place,E01025271,Preston 013G,Public order,Unable to prosecute suspect,
6209d8ab764ca60a3f42586c77ba18caf5d66e553cf304e8b2f4c35621dd0e94,2021-06,Lancashire Constabulary,Lancashire Constabulary,-2.758965,53.765040,On or near Larches Lane,E01025271,Preston 013G,Vehicle crime,Investigation complete; no suspect identified,
d96c358cba68a8cc29d749f8a156e25d9b69ac6deeb348fe8f510c92f2884d03,2021-06,Lancashire Constabulary,Lancashire Constabulary,-2.762451,53.769908,On or near Nelson Crescent,E01025271,Preston 013G,Violence and sexual offences,Unable to prosecute suspect,
9be4d8cfcea60e76bd220f4b6a53ac6d18fbd06545b59f81d2e31153c9c85f99,2021-06,Lancashire Constabulary,Lancashire Constabulary,-2.762451,53.769908,On or near Nelson Crescent,E01025271,Preston 013G,Violence and sexual offences,Unable to prosecute suspect,
fc1f80fdec794c8b68ee33fd59ad670e9498e658b0bb00ea8ff1a2521ce640a9,2021-06,Lancashire Constabulary,Lancashire Constabulary,-2.761623,53.769455,On or near Nelson Drive,E01025271,Preston 013G,Violence and sexual offences,Unable to prosecute suspect,
62473a0bf7cd82c3ab90438538c6d4387c86648bd944705140626c070675b7c3,2021-06,Lancashire Constabulary,Lancashire Constabulary,-2.764695,53.767323,On or near Jubilee Avenue,E01025271,Preston 013G,Violence and sexual offences,Unable to prosecute suspect,
05df6420d6e4fdfd65004d4404d92e0b2a1433434d42a8066ab2b22e1726fc96,2021-06,Lancashire Constabulary,Lancashire Constabulary,-2.773048,53.765310,On or near Ranglit Avenue,E01025271,Preston 013G,Violence and sexual offences,Unable to prosecute suspect,
06c5af8cca7b10547b7bed11d595730a904b130102e74de858c644288cbe8190,2021-06,Lancashire Constabulary,Lancashire Constabulary,-2.761549,53.768700,On or near Sheffield Drive,E01025271,Preston 013G,Violence and sexual offences,Unable to prosecute suspect,
1e8ed0c7e94b949183e06a48e0ecb87f3c18678973617a3c827b819a5534ff8b,2021-06,Lancashire Constabulary,Lancashire Constabulary,-2.761549,53.768700,On or near Sheffield Drive,E01025271,Preston 013G,Violence and sexual offences,Unable to prosecute suspect,
67ca444dbd3988566a2723862aaa4d02745463a842d7e3894b5965636bcc2609,2021-06,Lancashire Constabulary,Lancashire Constabulary,-2.761549,53.768700,On or near Sheffield Drive,E01025271,Preston 013G,Other crime,Further investigation is not in the public interest,
,2021-06,Lancashire Constabulary,Lancashire Constabulary,-2.682546,53.761860,On or near Plevna Road,E01025295,Preston 014A,Anti-social behaviour,,
,2021-06,Lancashire Constabulary,Lancashire Constabulary,-2.689681,53.763149,On or near Ribbleton Street,E01025295,Preston 014A,Anti-social behaviour,,
,2021-06,Lancashire Constabulary,Lancashire Constabulary,-2.681244,53.762029,On or near Goodier Street,E01025295,Preston 014A,Anti-social behaviour,,
,2021-06,Lancashire Constabulary,Lancashire Constabulary,-2.685715,53.761752,On or near Henrietta Street,E01025295,Preston 014A,Anti-social behaviour,,
,2021-06,Lancashire Constabulary,Lancashire Constabulary,-2.681870,53.766924,On or near Chester Road,E01025295,Preston 014A,Anti-social behaviour,,
,2021-06,Lancashire Constabulary,Lancashire Constabulary,-2.685715,53.761752,On or near Henrietta Street,E01025295,Preston 014A,Anti-social behaviour,,
,2021-06,Lancashire Constabulary,Lancashire Constabulary,-2.682546,53.761860,On or near Plevna Road,E01025295,Preston 014A,Anti-social behaviour,,
,2021-06,Lancashire Constabulary,Lancashire Constabulary,-2.682546,53.761860,On or near Plevna Road,E01025295,Preston 014A,Anti-social behaviour,,
,2021-06,Lancashire Constabulary,Lancashire Constabulary,-2.681870,53.766924,On or near Chester Road,E01025295,Preston 014A,Anti-social behaviour,,
,2021-06,Lancashire Constabulary,Lancashire Constabulary,-2.690183,53.761376,On or near Church Street,E01025295,Preston 014A,Anti-social behaviour,,
,2021-06,Lancashire Constabulary,Lancashire Constabulary,-2.685715,53.761752,On or near Henrietta Street,E01025295,Preston 014A,Anti-social behaviour,,
,2021-06,Lancashire Constabulary,Lancashire Constabulary,-2.688883,53.766246,On or near Peel Hall Street,E01025295,Preston 014A,Anti-social behaviour,,
,2021-06,Lancashire Constabulary,Lancashire Constabulary,-2.682216,53.762077,On or near Stefano Road,E01025295,Preston 014A,Anti-social behaviour,,
,2021-06,Lancashire Constabulary,Lancashire Constabulary,-2.690244,53.766031,On or near Golbourne Street,E01025295,Preston 014A,Anti-social behaviour,,
,2021-06,Lancashire Constabulary,Lancashire Constabulary,-2.691709,53.766508,On or near Deepdale Road,E01025295,Preston 014A,Anti-social behaviour,,
,2021-06,Lancashire Constabulary,Lancashire Constabulary,-2.689681,53.763149,On or near Ribbleton Street,E01025295,Preston 014A,Anti-social behaviour,,
,2021-06,Lancashire Constabulary,Lancashire Constabulary,-2.681870,53.766924,On or near Chester Road,E01025295,Preston 014A,Anti-social behaviour,,
,2021-06,Lancashire Constabulary,Lancashire Constabulary,-2.683200,53.762899,On or near Park/Open Space,E01025295,Preston 014A,Anti-social behaviour,,
,2021-06,Lancashire Constabulary,Lancashire Constabulary,-2.689681,53.763149,On or near Ribbleton Street,E01025295,Preston 014A,Anti-social behaviour,,
,2021-06,Lancashire Constabulary,Lancashire Constabulary,-2.683514,53.767310,On or near Isherwood Street,E01025295,Preston 014A,Anti-social behaviour,,
88297be606dcd0059542f8cf622d5253cdd5d8c79e633bf451e974dff256d101,2021-06,Lancashire Constabulary,Lancashire Constabulary,-2.682216,53.762077,On or near Stefano Road,E01025295,Preston 014A,Criminal damage and arson,Unable to prosecute suspect,
93ef92b5c7ec6dcb29d10d2245a8108a017b5dd3bc7c31cd967cba4a0791deb9,2021-06,Lancashire Constabulary,Lancashire Constabulary,-2.688883,53.766246,On or near Peel Hall Street,E01025295,Preston 014A,Criminal damage and arson,Investigation complete; no suspect identified,
66c4d9674750917ff40230decdb58f8e97e547e8a4a885f0cb3eafb8ecb2b135,2021-06,Lancashire Constabulary,Lancashire Constabulary,-2.678443,53.763294,On or near Maitland Close,E01025295,Preston 014A,Criminal damage and arson,Investigation complete; no suspect identified,
1835e665a0d586437a8dd4ae1bdfe33b823196e51e4cda4418bb206c4be30abe,2021-06,Lancashire Constabulary,Lancashire Constabulary,-2.687576,53.767026,On or near Strutt Street,E01025295,Preston 014A,Criminal damage and arson,Investigation complete; no suspect identified,
c16e25245a6cbdb369255cceaadc8d419c8654f9ef9d1c03e756649ae10d7ba4,2021-06,Lancashire Constabulary,Lancashire Constabulary,-2.678443,53.763294,On or near Maitland Close,E01025295,Preston 014A,Criminal damage and arson,Investigation complete; no suspect identified,
aebcc7398f743dd0efec0d928825372b29f99ff561caf0e28e4bdbcd3a2c6d71,2021-06,Lancashire Constabulary,Lancashire Constabulary,-2.681244,53.762029,On or near Goodier Street,E01025295,Preston 014A,Drugs,Offender given a caution,
24acd5e61145eb07a52a159f6eb78ca93023a33cf7b389608cdcb4aa1c5a7539,2021-06,Lancashire Constabulary,Lancashire Constabulary,-2.681244,53.762029,On or near Goodier Street,E01025295,Preston 014A,Drugs,Awaiting court outcome,
f501ab2dc42c33bbcfbd0206b1e6031ba64df22396e240b0472eb95503224a08,2021-06,Lancashire Constabulary,Lancashire Constabulary,-2.690727,53.764959,On or near Carrol Street,E01025295,Preston 014A,Other theft,Investigation complete; no suspect identified,
3f700fd3880cf3b2fd95c2a7d8542882afa3bde7512e58c3e6361db8dd1269f9,2021-06,Lancashire Constabulary,Lancashire Constabulary,-2.687576,53.767026,On or near Strutt Street,E01025295,Preston 014A,Other theft,Investigation complete; no suspect identified,
5f00ce0f80fbbabd5cc10e3d8e69aa9f7dfbed377b2767e484605a398b98b959,2021-06,Lancashire Constabulary,Lancashire Constabulary,-2.681244,53.762029,On or near Goodier Street,E01025295,Preston 014A,Other theft,Status update unavailable,
3b3ea088a6ba2dcd14c9c790c06407c3460a292af0cd2d11d8197b4690a23f64,2021-06,Lancashire Constabulary,Lancashire Constabulary,-2.682546,53.761860,On or near Plevna Road,E01025295,Preston 014A,Possession of weapons,Offender given a caution,
a0820d6a1f21bf64df593c2b2a1a9ba158e2f55110a1f470fbbd01cd2e08d52c,2021-06,Lancashire Constabulary,Lancashire Constabulary,-2.682546,53.761860,On or near Plevna Road,E01025295,Preston 014A,Possession of weapons,Local resolution,
5bba70cbd3da66c378126048a12dd6e3d5eda7d3b0381f6b0543052fe9c5fa68,2021-06,Lancashire Constabulary,Lancashire Constabulary,-2.681244,53.762029,On or near Goodier Street,E01025295,Preston 014A,Possession of weapons,Awaiting court outcome,
2f7f1e8135f44c9cf3b7a8360c26430f6e373b3cc7175199bfd854a240bb9173,2021-06,Lancashire Constabulary,Lancashire Constabulary,-2.681244,53.762029,On or near Goodier Street,E01025295,Preston 014A,Public order,Unable to prosecute suspect,
a812db9242fb0806e172a183093f7eee7ef7793f95cc22ab632d9994fda725d1,2021-06,Lancashire Constabulary,Lancashire Constabulary,-2.686490,53.762772,On or near Dunmore Street,E01025295,Preston 014A,Public order,Investigation complete; no suspect identified,
fcaade471e35e8c4ce3ba00e560c7932bccf22b30a1491fc9d78d143548ca0c1,2021-06,Lancashire Constabulary,Lancashire Constabulary,-2.689010,53.766587,On or near Herbert Street,E01025295,Preston 014A,Public order,Further investigation is not in the public interest,
a3602d78b2358f01ddc6b14921c6fdec03a8964b36abd361d89a1a8913512ce0,2021-06,Lancashire Constabulary,Lancashire Constabulary,-2.681870,53.766924,On or near Chester Road,E01025295,Preston 014A,Theft from the person,Investigation complete; no suspect identified,
d37b63e97a9e3fb7804d41a9a3976b16f86f9051f4bcebc11bfbce17064de5d9,2021-06,Lancashire Constabulary,Lancashire Constabulary,-2.683340,53.767797,On or near Lutwidge Avenue,E01025295,Preston 014A,Vehicle crime,Investigation complete; no suspect identified,
4b455366059710ead7529a2401b9db913526b6a9fba4e27d0a0a5e868123aa37,2021-06,Lancashire Constabulary,Lancashire Constabulary,-2.688883,53.766246,On or near Peel Hall Street,E01025295,Preston 014A,Violence and sexual offences,Unable to prosecute suspect,
736f6a0802c1b5bbd4bc8012c184aac3173e4468dd37fe6e50426a1f1d09f913,2021-06,Lancashire Constabulary,Lancashire Constabulary,-2.683263,53.765829,On or near Wignall Street,E01025295,Preston 014A,Violence and sexual offences,Court result unavailable,
af5f7c8748118b55d28c0d9dec7a8c091a863c499de31a6ac890e6bc5b6ca39d,2021-06,Lancashire Constabulary,Lancashire Constabulary,-2.678443,53.763294,On or near Maitland Close,E01025295,Preston 014A,Violence and sexual offences,Unable to prosecute suspect,
f37f6b5f63103391a68fcf9f078a94895717279a59ec3fdf466fff04b503e4ba,2021-06,Lancashire Constabulary,Lancashire Constabulary,-2.690183,53.761376,On or near Church Street,E01025295,Preston 014A,Violence and sexual offences,Further investigation is not in the public interest,
93c60145e8d32b554a1f9278367019cca74281dc07116ee379231108bd9c5910,2021-06,Lancashire Constabulary,Lancashire Constabulary,-2.683200,53.762899,On or near Park/Open Space,E01025295,Preston 014A,Violence and sexual offences,Unable to prosecute suspect,
347cb1482378972aefa1cd7d033c1c3f221f8f51ba9ae64ef50b5065e75b1350,2021-06,Lancashire Constabulary,Lancashire Constabulary,-2.685715,53.761752,On or near Henrietta Street,E01025295,Preston 014A,Violence and sexual offences,Unable to prosecute suspect,
c17bb260e380b79bad7ffa9a59d6d964c421986336616c6534da6a0bb8acfa96,2021-06,Lancashire Constabulary,Lancashire Constabulary,-2.690727,53.764959,On or near Carrol Street,E01025295,Preston 014A,Violence and sexual offences,Unable to prosecute suspect,
65c371572aee41650d93638957f1b8304598d8f457093dc80727ad09b3154f1b,2021-06,Lancashire Constabulary,Lancashire Constabulary,-2.682546,53.761860,On or near Plevna Road,E01025295,Preston 014A,Violence and sexual offences,Status update unavailable,
d1f7bc840540107a5436ed4e9a3c5adf7a46866c0f426e42a05a6e040f7558dd,2021-06,Lancashire Constabulary,Lancashire Constabulary,-2.690727,53.764959,On or near Carrol Street,E01025295,Preston 014A,Violence and sexual offences,Unable to prosecute suspect,
95ccd6d6df2661bc2ca75f64faed6a6ec174bc6ab7498e2640721135797553ef,2021-06,Lancashire Constabulary,Lancashire Constabulary,-2.687576,53.767026,On or near Strutt Street,E01025295,Preston 014A,Violence and sexual offences,Unable to prosecute suspect,
a069070f22e73187a0a074616a8cbae1681c977f4a590fedd6ed77d35ad61cf3,2021-06,Lancashire Constabulary,Lancashire Constabulary,-2.685715,53.761752,On or near Henrietta Street,E01025295,Preston 014A,Violence and sexual offences,Unable to prosecute suspect,
45244c12cc67a3c1c9fde3ac5f2a30923a913242573b06db7634d49f9df145ca,2021-06,Lancashire Constabulary,Lancashire Constabulary,-2.691709,53.766508,On or near Deepdale Road,E01025295,Preston 014A,Violence and sexual offences,Unable to prosecute suspect,
ee64ed346508d934e95c6953763ccd6c1c6565f56475b59042b26b695cb373cd,2021-06,Lancashire Constabulary,Lancashire Constabulary,-2.686490,53.767455,On or near Hawkhurst Road,E01025295,Preston 014A,Violence and sexual offences,Investigation complete; no suspect identified,
255a630aa4c50a80e7c1c605a1b34a657439dbbb41284452287dc1cf4360f886,2021-06,Lancashire Constabulary,Lancashire Constabulary,-2.681870,53.766924,On or near Chester Road,E01025295,Preston 014A,Violence and sexual offences,Unable to prosecute suspect,
2b05e8d08f9a148b4554518a770415a3c2977a26db061135c7751c76557786ce,2021-06,Lancashire Constabulary,Lancashire Constabulary,-2.685715,53.761752,On or near Henrietta Street,E01025295,Preston 014A,Violence and sexual offences,Unable to prosecute suspect,
f5c8a1ff2738b7002b532eb7a8dce29cb3775115583591f777c7257be81ac202,2021-06,Lancashire Constabulary,Lancashire Constabulary,-2.690183,53.761376,On or near Church Street,E01025295,Preston 014A,Violence and sexual offences,Unable to prosecute suspect,
1522a13e99d776453283c1ca5364a3786132a4e50cf400ad42170cb083dc5f07,2021-06,Lancashire Constabulary,Lancashire Constabulary,-2.682546,53.761860,On or near Plevna Road,E01025295,Preston 014A,Violence and sexual offences,Unable to prosecute suspect,
fb8df2d473c478cf1c987c6b479b030a2648aefb0d41f8aa39dd30ffec79c7ea,2021-06,Lancashire Constabulary,Lancashire Constabulary,-2.678443,53.763294,On or near Maitland Close,E01025295,Preston 014A,Violence and sexual offences,Unable to prosecute suspect,
24ba01dc7f434545b4ac3019497c8357f5d9ea28dbbd432a7dda88a70108f9b1,2021-06,Lancashire Constabulary,Lancashire Constabulary,-2.685715,53.761752,On or near Henrietta Street,E01025295,Preston 014A,Violence and sexual offences,Unable to prosecute suspect,
95323b69dd9da210b268fec4dbead9b3e3e75fac37837286404c04bd03527d19,2021-06,Lancashire Constabulary,Lancashire Constabulary,-2.685715,53.761752,On or near Henrietta Street,E01025295,Preston 014A,Violence and sexual offences,Court result unavailable,
da4067b8a2d8aa3ae03ea8b20a33e55c1e0b22ecad9fb39ddc24fcd506bd2861,2021-06,Lancashire Constabulary,Lancashire Constabulary,-2.682216,53.762077,On or near Stefano Road,E01025295,Preston 014A,Violence and sexual offences,Status update unavailable,
7532f2d28608cf83233781afb75f95a835efc0c02ac87248dd83341da22dc2fc,2021-06,Lancashire Constabulary,Lancashire Constabulary,-2.682546,53.761860,On or near Plevna Road,E01025295,Preston 014A,Violence and sexual offences,Investigation complete; no suspect identified,
762c06f1cf360866952ee5a9ca763fb866ccb99f319c01ff25a66b8b3d55794a,2021-06,Lancashire Constabulary,Lancashire Constabulary,-2.690183,53.761376,On or near Church Street,E01025295,Preston 014A,Violence and sexual offences,Unable to prosecute suspect,
99b53d95326e27438f5f7881bf184069bf1c46fd8d3ee6b27feb34766328e2e8,2021-06,Lancashire Constabulary,Lancashire Constabulary,-2.682216,53.762077,On or near Stefano Road,E01025295,Preston 014A,Violence and sexual offences,Court result unavailable,
e4f6b8a52879eaafc53ef083e574d45df6c82a5f44edec2870565ff4b6e1283f,2021-06,Lancashire Constabulary,Lancashire Constabulary,-2.682216,53.762077,On or near Stefano Road,E01025295,Preston 014A,Violence and sexual offences,Court result unavailable,
6477653415669097c964a71e531274db2287a6952ee3e6512dfef710558282ff,2021-06,Lancashire Constabulary,Lancashire Constabulary,-2.686490,53.762772,On or near Dunmore Street,E01025295,Preston 014A,Violence and sexual offences,Status update unavailable,
1939642d6f8fe4d984689f88a5787105a9c3209b822d6a50122e135b815badc4,2021-06,Lancashire Constabulary,Lancashire Constabulary,-2.682216,53.762077,On or near Stefano Road,E01025295,Preston 014A,Violence and sexual offences,Unable to prosecute suspect,
672557263218b2b23dc73a58a245ef99228feef5f15889bf3c53f28947d68f0a,2021-06,Lancashire Constabulary,Lancashire Constabulary,-2.681870,53.766924,On or near Chester Road,E01025295,Preston 014A,Violence and sexual offences,Status update unavailable,
dfcbbb3cab91a52e59feddddfe57ba91381163ead7471c7c3ccbe6c5a455336d,2021-06,Lancashire Constabulary,Lancashire Constabulary,-2.685715,53.761752,On or near Henrietta Street,E01025295,Preston 014A,Violence and sexual offences,Unable to prosecute suspect,
72d1fb124b7753c1b43fed66d1f5430b0c5fc6863b8b32a88305a1b8bf5e3cae,2021-06,Lancashire Constabulary,Lancashire Constabulary,-2.685715,53.761752,On or near Henrietta Street,E01025295,Preston 014A,Violence and sexual offences,Unable to prosecute suspect,
3f5758aad87b06388bf5124c8b72cd0512a1a8f4b041ee0857cc624bdade3610,2021-06,Lancashire Constabulary,Lancashire Constabulary,-2.689010,53.766587,On or near Herbert Street,E01025295,Preston 014A,Violence and sexual offences,Unable to prosecute suspect,
584fcd0bc809c1bc619143b35b7df77b9122ca4adfeee177a50ec9d810db3aaf,2021-06,Lancashire Constabulary,Lancashire Constabulary,-2.680404,53.762591,On or near Mosley Street,E01025295,Preston 014A,Violence and sexual offences,Status update unavailable,
f300fca3276fbec5109d4349baa6fa0271b7d3e27cfa9266c1c80e42e295f952,2021-06,Lancashire Constabulary,Lancashire Constabulary,-2.680404,53.762591,On or near Mosley Street,E01025295,Preston 014A,Violence and sexual offences,Unable to prosecute suspect,
7c74b59aacccfa70298e3d6a161703cd1de9672596354d9412460dd075eb1052,2021-06,Lancashire Constabulary,Lancashire Constabulary,-2.682216,53.762077,On or near Stefano Road,E01025295,Preston 014A,Other crime,Further investigation is not in the public interest,
,2021-06,Lancashire Constabulary,Lancashire Constabulary,-2.674121,53.768091,On or near Tennyson Road,E01025296,Preston 014B,Anti-social behaviour,,
,2021-06,Lancashire Constabulary,Lancashire Constabulary,-2.674121,53.768091,On or near Tennyson Road,E01025296,Preston 014B,Anti-social behaviour,,
,2021-06,Lancashire Constabulary,Lancashire Constabulary,-2.674121,53.768091,On or near Tennyson Road,E01025296,Preston 014B,Anti-social behaviour,,
,2021-06,Lancashire Constabulary,Lancashire Constabulary,-2.669624,53.766768,On or near Sports/Recreation Area,E01025296,Preston 014B,Anti-social behaviour,,
,2021-06,Lancashire Constabulary,Lancashire Constabulary,-2.671705,53.767844,On or near Miller Road,E01025296,Preston 014B,Anti-social behaviour,,
,2021-06,Lancashire Constabulary,Lancashire Constabulary,-2.674121,53.768091,On or near Tennyson Road,E01025296,Preston 014B,Anti-social behaviour,,
,2021-06,Lancashire Constabulary,Lancashire Constabulary,-2.674121,53.768091,On or near Tennyson Road,E01025296,Preston 014B,Anti-social behaviour,,
,2021-06,Lancashire Constabulary,Lancashire Constabulary,-2.674121,53.768091,On or near Tennyson Road,E01025296,Preston 014B,Anti-social behaviour,,
,2021-06,Lancashire Constabulary,Lancashire Constabulary,-2.672552,53.768675,On or near Thompson Street,E01025296,Preston 014B,Anti-social behaviour,,
,2021-06,Lancashire Constabulary,Lancashire Constabulary,-2.664486,53.766132,On or near Fermor Road,E01025296,Preston 014B,Anti-social behaviour,,
,2021-06,Lancashire Constabulary,Lancashire Constabulary,-2.673793,53.769388,On or near Ribbleton Avenue,E01025296,Preston 014B,Anti-social behaviour,,
,2021-06,Lancashire Constabulary,Lancashire Constabulary,-2.672093,53.769370,On or near Chaucer Street,E01025296,Preston 014B,Anti-social behaviour,,
fa04cae8e54c5401a105b8121ad99ffc0e9e426d6e0001d616ef80a31a41a062,2021-06,Lancashire Constabulary,Lancashire Constabulary,-2.673793,53.769388,On or near Ribbleton Avenue,E01025296,Preston 014B,Burglary,Status update unavailable,
bf2e38f6728a5619611741197e6b3170759fea610961171f121f5e120af408b6,2021-06,Lancashire Constabulary,Lancashire Constabulary,-2.673282,53.767844,On or near Shakespeare Road,E01025296,Preston 014B,Criminal damage and arson,Unable to prosecute suspect,
f725ef2c2219287d6e3b978907d9e737cdd719df632f4b076d51f63265a00d20,2021-06,Lancashire Constabulary,Lancashire Constabulary,-2.672552,53.768675,On or near Thompson Street,E01025296,Preston 014B,Criminal damage and arson,Investigation complete; no suspect identified,
f1320b6253490812147c99ca166dc2f03c1e7860acd6d021ac17217236871f16,2021-06,Lancashire Constabulary,Lancashire Constabulary,-2.671291,53.769509,On or near Burns Street,E01025296,Preston 014B,Criminal damage and arson,Investigation complete; no suspect identified,
da89434d035ebbf18dac688d2935c71209a4a6f5efda1415f3703f5acd6a4ab7,2021-06,Lancashire Constabulary,Lancashire Constabulary,-2.671705,53.767844,On or near Miller Road,E01025296,Preston 014B,Criminal damage and arson,Unable to prosecute suspect,
53d62d53663d5fcc950db79ba468ec704ceae69d1d8425b6d149af41ab9fa639,2021-06,Lancashire Constabulary,Lancashire Constabulary,-2.673282,53.767844,On or near Shakespeare Road,E01025296,Preston 014B,Criminal damage and arson,Unable to prosecute suspect,
dae951598ff534cedf7c6ea6848dfe4c374560f3de1b93d1e30de1cab006419d,2021-06,Lancashire Constabulary,Lancashire Constabulary,-2.672933,53.768754,On or near Robin Street,E01025296,Preston 014B,Possession of weapons,Further investigation is not in the public interest,
835179a858450b2d34be39e8835b9017a7e98d1f10fc93b8101bdb33b5ba8039,2021-06,Lancashire Constabulary,Lancashire Constabulary,-2.672552,53.768675,On or near Thompson Street,E01025296,Preston 014B,Possession of weapons,Formal action is not in the public interest,
a44ee12adaf83d7624a0bf527b2e4812b768d21f0da396ee59f4800698d8c7d4,2021-06,Lancashire Constabulary,Lancashire Constabulary,-2.669624,53.766768,On or near Sports/Recreation Area,E01025296,Preston 014B,Possession of weapons,Status update unavailable,
1b079a54283441466586578cfb44f1c07a3fdd9c7d8cabe04df7e9be01a821d4,2021-06,Lancashire Constabulary,Lancashire Constabulary,-2.673793,53.769388,On or near Ribbleton Avenue,E01025296,Preston 014B,Public order,Unable to prosecute suspect,
5442ff247bd4c9b28b8e1d6ea8cc69803a0807628bd1658ab6e50d7757414166,2021-06,Lancashire Constabulary,Lancashire Constabulary,-2.671705,53.767844,On or near Miller Road,E01025296,Preston 014B,Shoplifting,Status update unavailable,
3a8dcf73bdc91bcd0aedfe38a4dc361e97ac1b97c2eba3feb9eba2c486d7d4c5,2021-06,Lancashire Constabulary,Lancashire Constabulary,-2.672552,53.768675,On or near Thompson Street,E01025296,Preston 014B,Violence and sexual offences,Unable to prosecute suspect,
5682fb6f0880a4eaf44b2b04ac9c5918efebb5e8ef3755f2b382f8a37f99acbc,2021-06,Lancashire Constabulary,Lancashire Constabulary,-2.672552,53.768675,On or near Thompson Street,E01025296,Preston 014B,Violence and sexual offences,Unable to prosecute suspect,
6505231cee3e2f2a576c3326bb5a64e04de6d040837861efbf587c9e8bd8567c,2021-06,Lancashire Constabulary,Lancashire Constabulary,-2.672552,53.768675,On or near Thompson Street,E01025296,Preston 014B,Violence and sexual offences,Investigation complete; no suspect identified,
e0c1f41e29f8e66321b885ef34e7833267f6c75a758bc994e5a6690623e3f951,2021-06,Lancashire Constabulary,Lancashire Constabulary,-2.672933,53.768754,On or near Robin Street,E01025296,Preston 014B,Violence and sexual offences,Investigation complete; no suspect identified,
eab811a4e68803be9b49ac2b4ee883543883ade38f408027b022f84f2a1a07ac,2021-06,Lancashire Constabulary,Lancashire Constabulary,-2.672552,53.768675,On or near Thompson Street,E01025296,Preston 014B,Violence and sexual offences,Investigation complete; no suspect identified,
2e0f888bd1120fc5652b2b130165d1b042adfd1f511b04f8e9d3a18c8f38110b,2021-06,Lancashire Constabulary,Lancashire Constabulary,-2.674121,53.768091,On or near Tennyson Road,E01025296,Preston 014B,Violence and sexual offences,Court result unavailable,
c828d74f0527c2d0268695632f57e9d48d743b4465ad49e9d1a279d00245347e,2021-06,Lancashire Constabulary,Lancashire Constabulary,-2.672552,53.768675,On or near Thompson Street,E01025296,Preston 014B,Violence and sexual offences,Unable to prosecute suspect,
d6bb9542f4627b7e902d59334371982952550196162cf09b279ee252bb578cca,2021-06,Lancashire Constabulary,Lancashire Constabulary,-2.674121,53.768091,On or near Tennyson Road,E01025296,Preston 014B,Violence and sexual offences,Unable to prosecute suspect,
dbf9fef08af9efcf7393a0f848b26a9787abfc9a865b5958e14b1c389e1203d7,2021-06,Lancashire Constabulary,Lancashire Constabulary,-2.673676,53.768759,On or near Levens Street,E01025296,Preston 014B,Violence and sexual offences,Investigation complete; no suspect identified,
b0623906ac548b75a8eea7e6bbc089033c6f2227fdcbdb340b04b85ad4736139,2021-06,Lancashire Constabulary,Lancashire Constabulary,-2.673282,53.767844,On or near Shakespeare Road,E01025296,Preston 014B,Violence and sexual offences,Status update unavailable,
525263c023da54c3f1e92ada097d3a72904131b01b6f20ff93526e800b530162,2021-06,Lancashire Constabulary,Lancashire Constabulary,-2.674240,53.769843,On or near Browning Road,E01025296,Preston 014B,Violence and sexual offences,Unable to prosecute suspect,
3e723cf3c0f6f1a49dc0293176909ee4615a72c7fc2f6c7f3b2c1909396511be,2021-06,Lancashire Constabulary,Lancashire Constabulary,-2.672552,53.768675,On or near Thompson Street,E01025296,Preston 014B,Violence and sexual offences,Unable to prosecute suspect,
1a65ad3b19b393972d93d99c22925f5c88d5c42dabf76066eb416c42001a1c77,2021-06,Lancashire Constabulary,Lancashire Constabulary,-2.670748,53.768775,On or near Tennyson Mill Court,E01025296,Preston 014B,Violence and sexual offences,Unable to prosecute suspect,
213991796b62ce06cba5d30ba53cf2ad87a48be0bb140eada5caa3077cc54c78,2021-06,Lancashire Constabulary,Lancashire Constabulary,-2.674121,53.768091,On or near Tennyson Road,E01025296,Preston 014B,Violence and sexual offences,Court result unavailable,
64560207e2cb4a81f428db289d5e0351fd4b22aa7095fd8da09af2f28a533a7f,2021-06,Lancashire Constabulary,Lancashire Constabulary,-2.672933,53.768754,On or near Robin Street,E01025296,Preston 014B,Violence and sexual offences,Investigation complete; no suspect identified,
2d4542cf6b05d214d6ad259c787352480f4afdfa026f897c3a971def1cdbf836,2021-06,Lancashire Constabulary,Lancashire Constabulary,-2.672552,53.768675,On or near Thompson Street,E01025296,Preston 014B,Violence and sexual offences,Investigation complete; no suspect identified,
3afd39f2beb003421ce606e85f7df8f3f68f951d23fc87d95f456694ba823cf8,2021-06,Lancashire Constabulary,Lancashire Constabulary,-2.673282,53.767844,On or near Shakespeare Road,E01025296,Preston 014B,Violence and sexual offences,Unable to prosecute suspect,
cf2de61a9bc3f08f8409e08554d9a8a975335512eb46a47a04b27f65f8c04af1,2021-06,Lancashire Constabulary,Lancashire Constabulary,-2.672552,53.768675,On or near Thompson Street,E01025296,Preston 014B,Violence and sexual offences,Unable to prosecute suspect,
14fa2ae7262fbc861c8ad5a6557968401efe908a48c87b27e11aa330dd6d76e2,2021-06,Lancashire Constabulary,Lancashire Constabulary,-2.664486,53.766132,On or near Fermor Road,E01025296,Preston 014B,Violence and sexual offences,Unable to prosecute suspect,
fcbf491835658156efce308060f0d2e038f7d96d279b0c66c0a065e0197db62e,2021-06,Lancashire Constabulary,Lancashire Constabulary,-2.674121,53.768091,On or near Tennyson Road,E01025296,Preston 014B,Violence and sexual offences,Unable to prosecute suspect,
dbcc8e93cbb1dbd1168a571ace2fcb80537ebcc3c11b3a607d5fbb904711c1ee,2021-06,Lancashire Constabulary,Lancashire Constabulary,-2.665156,53.766272,On or near Illingworth Road,E01025296,Preston 014B,Violence and sexual offences,Investigation complete; no suspect identified,
,2021-06,Lancashire Constabulary,Lancashire Constabulary,-2.674731,53.764547,On or near Salisbury Street,E01025297,Preston 014C,Anti-social behaviour,,
,2021-06,Lancashire Constabulary,Lancashire Constabulary,-2.680559,53.765646,On or near Bootle Street,E01025297,Preston 014C,Anti-social behaviour,,
,2021-06,Lancashire Constabulary,Lancashire Constabulary,-2.686441,53.764417,On or near Irvin Street,E01025297,Preston 014C,Anti-social behaviour,,
,2021-06,Lancashire Constabulary,Lancashire Constabulary,-2.677596,53.764360,On or near Rigby Street,E01025297,Preston 014C,Anti-social behaviour,,
,2021-06,Lancashire Constabulary,Lancashire Constabulary,-2.679610,53.766029,On or near Fitzgerald Street,E01025297,Preston 014C,Anti-social behaviour,,
,2021-06,Lancashire Constabulary,Lancashire Constabulary,-2.669755,53.765482,On or near Bagnold Road,E01025297,Preston 014C,Anti-social behaviour,,
,2021-06,Lancashire Constabulary,Lancashire Constabulary,-2.680046,53.763007,On or near Owtram Street,E01025297,Preston 014C,Anti-social behaviour,,
7ad55aa0c0181d0e906d00dc3f9487a6740383a47daba62de237dc8391a2990f,2021-06,Lancashire Constabulary,Lancashire Constabulary,-2.676161,53.763837,On or near Derby Square,E01025297,Preston 014C,Burglary,Investigation complete; no suspect identified,
7e7a7cf28c42f1d7d2d01b320993fa7c3ac6598600f1c7a793c2d62cfa78655c,2021-06,Lancashire Constabulary,Lancashire Constabulary,-2.674105,53.765215,On or near Tunbridge Place,E01025297,Preston 014C,Criminal damage and arson,Unable to prosecute suspect,
0ff97480645dde514cf3950a35188dbf57a13407b61b25ba65ab4d205f9267f6,2021-06,Lancashire Constabulary,Lancashire Constabulary,-2.675354,53.765532,On or near Taunton Street,E01025297,Preston 014C,Criminal damage and arson,Unable to prosecute suspect,
56dccd94b5b54483c680d75465eb16910826cc191924b095308e5ae18d138ae2,2021-06,Lancashire Constabulary,Lancashire Constabulary,-2.682071,53.765305,On or near Crescent Street,E01025297,Preston 014C,Criminal damage and arson,Status update unavailable,
1f426aaf04fb368d8aa9eb1c5a397ba8d6b7d18d8b6bdaa5cf15e4aec6b454b6,2021-06,Lancashire Constabulary,Lancashire Constabulary,-2.679610,53.766029,On or near Fitzgerald Street,E01025297,Preston 014C,Criminal damage and arson,Status update unavailable,
893c701d266f22d0be75422ae498f5bbfefda59a65f74d3ab9cdb83fbcdbd87a,2021-06,Lancashire Constabulary,Lancashire Constabulary,-2.680354,53.764173,On or near Geoffrey Street,E01025297,Preston 014C,Drugs,Unable to prosecute suspect,
b775dfe7cb31d35d25d962e09e05cd79cff52577cbac5f5792ce37207bbec921,2021-06,Lancashire Constabulary,Lancashire Constabulary,-2.676161,53.763837,On or near Derby Square,E01025297,Preston 014C,Drugs,Status update unavailable,
bda069319e29ec9ac9bd6a41b326ac8f057e370e4407161671a043cf7c110c14,2021-06,Lancashire Constabulary,Lancashire Constabulary,-2.686441,53.764417,On or near Irvin Street,E01025297,Preston 014C,Other theft,Investigation complete; no suspect identified,
9e35458c33a89f8bfe5ba6f233a37d2816c0bbb81b496ec809011284492c2e8a,2021-06,Lancashire Constabulary,Lancashire Constabulary,-2.686441,53.764417,On or near Irvin Street,E01025297,Preston 014C,Other theft,Unable to prosecute suspect,
92a94f68d2377914da332e7887d7ab589c8ee56950c47dfb77108c66217c5197,2021-06,Lancashire Constabulary,Lancashire Constabulary,-2.676161,53.763837,On or near Derby Square,E01025297,Preston 014C,Other theft,Status update unavailable,
d2e51b71868c7fc125dd99e0b2684319d887c36af64962cdef26a561c853e696,2021-06,Lancashire Constabulary,Lancashire Constabulary,-2.679610,53.766029,On or near Fitzgerald Street,E01025297,Preston 014C,Other theft,Unable to prosecute suspect,
4fc22a4327cab20558b5ae77afaca100537047a4d54fe29e510b657f7f450da1,2021-06,Lancashire Constabulary,Lancashire Constabulary,-2.686441,53.764417,On or near Irvin Street,E01025297,Preston 014C,Other theft,Investigation complete; no suspect identified,
fc5a13d38a935acaf40df7862134959deb7b84336abfe8b7d57db5fef1e389ee,2021-06,Lancashire Constabulary,Lancashire Constabulary,-2.680354,53.764173,On or near Geoffrey Street,E01025297,Preston 014C,Possession of weapons,Court result unavailable,
2e2430ede537e675ba0e4c2829d32cb86721b67c68ed060ca985b4bf5e018e9c,2021-06,Lancashire Constabulary,Lancashire Constabulary,-2.679032,53.765008,On or near St Joseph'S Terrace,E01025297,Preston 014C,Possession of weapons,Investigation complete; no suspect identified,
b729f2e6b82e9ada871a97718042fe4ea346a4a8eff9910335f74ca601fc7d6e,2021-06,Lancashire Constabulary,Lancashire Constabulary,-2.675739,53.764945,On or near Delaware Street,E01025297,Preston 014C,Public order,Status update unavailable,
aff28cd797d64630fea2f615547b219c99fe612a4e29d0adfbae91a5e902f108,2021-06,Lancashire Constabulary,Lancashire Constabulary,-2.686441,53.764417,On or near Irvin Street,E01025297,Preston 014C,Shoplifting,Status update unavailable,
a2f0fc67c44dbcaa257960891265081358647b6deb75d41b8ba01fc30cc280e3,2021-06,Lancashire Constabulary,Lancashire Constabulary,-2.677596,53.764360,On or near Rigby Street,E01025297,Preston 014C,Violence and sexual offences,Investigation complete; no suspect identified,
1c75f160f0268de5c4f73ce9780b61bfae6dd0b9c6b4e58a18327cd52b4d6bcb,2021-06,Lancashire Constabulary,Lancashire Constabulary,-2.673503,53.764572,On or near Tunbridge Street,E01025297,Preston 014C,Violence and sexual offences,Unable to prosecute suspect,
8e502432112109017acefd53de43bd8cc4d7ea30f6be53e95f74eef2ad42bf5b,2021-06,Lancashire Constabulary,Lancashire Constabulary,-2.673503,53.764572,On or near Tunbridge Street,E01025297,Preston 014C,Violence and sexual offences,Unable to prosecute suspect,
647b8da6e7621ac9b804efef8c13d05d2d6e64c9fd614815189d7eea75f10aa0,2021-06,Lancashire Constabulary,Lancashire Constabulary,-2.681968,53.763616,On or near Park/Open Space,E01025297,Preston 014C,Violence and sexual offences,Unable to prosecute suspect,
1f308eb7744f3e4df992ffeb245f8a6187a95d6d3c878e8fd488ee0e08cc46aa,2021-06,Lancashire Constabulary,Lancashire Constabulary,-2.676161,53.763837,On or near Derby Square,E01025297,Preston 014C,Violence and sexual offences,Investigation complete; no suspect identified,
8a89f7118cae40ba1c3b8c7eaf631aab9c23387a7ac8aba2307f0d653c499769,2021-06,Lancashire Constabulary,Lancashire Constabulary,-2.681968,53.763616,On or near Park/Open Space,E01025297,Preston 014C,Violence and sexual offences,Unable to prosecute suspect,
8eec10b55c1e86b075dbb7de7ae78c1ee6f03301e28768af9a15b1612b1c386d,2021-06,Lancashire Constabulary,Lancashire Constabulary,-2.671535,53.765742,On or near Waverley Road,E01025297,Preston 014C,Violence and sexual offences,Unable to prosecute suspect,
1bb8e944f3b33dee8de4563f77101cb4eb9bf71e73c066efe963b9d03d4cfe32,2021-06,Lancashire Constabulary,Lancashire Constabulary,-2.679032,53.765008,On or near St Joseph'S Terrace,E01025297,Preston 014C,Violence and sexual offences,Unable to prosecute suspect,
e16dbc58372b7d8672c779d4582537992e92e3771f846270a4544eca0ae680b5,2021-06,Lancashire Constabulary,Lancashire Constabulary,-2.677596,53.764360,On or near Rigby Street,E01025297,Preston 014C,Violence and sexual offences,Unable to prosecute suspect,
427b92f6575733c15f7605a3c1be035d7a1592989873c08f460094bd3b3a6cb5,2021-06,Lancashire Constabulary,Lancashire Constabulary,-2.680225,53.764695,On or near Wilbraham Street,E01025297,Preston 014C,Violence and sexual offences,Further investigation is not in the public interest,
d73cb41d221a2e09a99367bff0d56b927ca9c5a34b80045df38efc2df6f0e95d,2021-06,Lancashire Constabulary,Lancashire Constabulary,-2.677596,53.764360,On or near Rigby Street,E01025297,Preston 014C,Violence and sexual offences,Unable to prosecute suspect,
daacf01ff36fc6b1dd27b1e6d29ef9abfc1bb8e2cbbf0077654b180005b0599d,2021-06,Lancashire Constabulary,Lancashire Constabulary,-2.677115,53.765630,On or near Lonsdale Road,E01025297,Preston 014C,Violence and sexual offences,Unable to prosecute suspect,
e40f25e6a3ab9d633726dee3f6138c8335d085cdc0062577835d5ef9ff89296a,2021-06,Lancashire Constabulary,Lancashire Constabulary,-2.674356,53.764800,On or near Calverley Street,E01025297,Preston 014C,Violence and sexual offences,Unable to prosecute suspect,
a89a39c1fb87ed7ae8abca1b0b9197823a23d3e5b03bd51a5c3446d3bb009c98,2021-06,Lancashire Constabulary,Lancashire Constabulary,-2.677970,53.764052,On or near Caroline Street,E01025297,Preston 014C,Other crime,Investigation complete; no suspect identified,
,2021-06,Lancashire Constabulary,Lancashire Constabulary,-2.677861,53.765778,On or near Cemetery Road,E01025298,Preston 014D,Anti-social behaviour,,
,2021-06,Lancashire Constabulary,Lancashire Constabulary,-2.675955,53.767029,On or near Alston Street,E01025298,Preston 014D,Anti-social behaviour,,
,2021-06,Lancashire Constabulary,Lancashire Constabulary,-2.677861,53.765778,On or near Cemetery Road,E01025298,Preston 014D,Anti-social behaviour,,
,2021-06,Lancashire Constabulary,Lancashire Constabulary,-2.674538,53.766660,On or near Grimsargh Street,E01025298,Preston 014D,Anti-social behaviour,,
,2021-06,Lancashire Constabulary,Lancashire Constabulary,-2.679945,53.767070,On or near Landseer Street,E01025298,Preston 014D,Anti-social behaviour,,
,2021-06,Lancashire Constabulary,Lancashire Constabulary,-2.680223,53.768327,On or near Dodgson Road,E01025298,Preston 014D,Anti-social behaviour,,
,2021-06,Lancashire Constabulary,Lancashire Constabulary,-2.674538,53.766660,On or near Grimsargh Street,E01025298,Preston 014D,Anti-social behaviour,,
,2021-06,Lancashire Constabulary,Lancashire Constabulary,-2.681518,53.768652,On or near Dodgson Place,E01025298,Preston 014D,Anti-social behaviour,,
,2021-06,Lancashire Constabulary,Lancashire Constabulary,-2.674538,53.766660,On or near Grimsargh Street,E01025298,Preston 014D,Anti-social behaviour,,
,2021-06,Lancashire Constabulary,Lancashire Constabulary,-2.679945,53.767070,On or near Landseer Street,E01025298,Preston 014D,Anti-social behaviour,,
,2021-06,Lancashire Constabulary,Lancashire Constabulary,-2.677151,53.768793,On or near Thorn Street,E01025298,Preston 014D,Anti-social behaviour,,
,2021-06,Lancashire Constabulary,Lancashire Constabulary,-2.677861,53.765778,On or near Cemetery Road,E01025298,Preston 014D,Anti-social behaviour,,
,2021-06,Lancashire Constabulary,Lancashire Constabulary,-2.677989,53.768986,On or near West View,E01025298,Preston 014D,Anti-social behaviour,,
,2021-06,Lancashire Constabulary,Lancashire Constabulary,-2.675955,53.767029,On or near Alston Street,E01025298,Preston 014D,Anti-social behaviour,,
,2021-06,Lancashire Constabulary,Lancashire Constabulary,-2.680223,53.768327,On or near Dodgson Road,E01025298,Preston 014D,Anti-social behaviour,,
,2021-06,Lancashire Constabulary,Lancashire Constabulary,-2.677989,53.768986,On or near West View,E01025298,Preston 014D,Anti-social behaviour,,
,2021-06,Lancashire Constabulary,Lancashire Constabulary,-2.680223,53.768327,On or near Dodgson Road,E01025298,Preston 014D,Anti-social behaviour,,
12d71cb8a1cabbbb991bdbed3044de8d7d7db07c7815e13c315e0a9be6c5cef1,2021-06,Lancashire Constabulary,Lancashire Constabulary,-2.675108,53.766279,On or near Frome Street,E01025298,Preston 014D,Burglary,Investigation complete; no suspect identified,
cbcfa60ac5e25e877b6dd02249ade9aad3d67e2ffb802a9aab921c4f6b10f033,2021-06,Lancashire Constabulary,Lancashire Constabulary,-2.680223,53.768327,On or near Dodgson Road,E01025298,Preston 014D,Criminal damage and arson,Status update unavailable,
9ee256a59f8d96ed0a408a110a6b0444408d6e272a4afdfed9741f3f639badab,2021-06,Lancashire Constabulary,Lancashire Constabulary,-2.676817,53.767816,On or near Crompton Street,E01025298,Preston 014D,Criminal damage and arson,Court result unavailable,
7fe9a4afa19805d44ea7bb4cda06e04441590ae646379ce30c6322343dae7468,2021-06,Lancashire Constabulary,Lancashire Constabulary,-2.675108,53.766279,On or near Frome Street,E01025298,Preston 014D,Other theft,Unable to prosecute suspect,
3bd6e2728a3c21502bf827e0af07c2bbf0b0f6f58f1e260c670533a66b4c23f1,2021-06,Lancashire Constabulary,Lancashire Constabulary,-2.677989,53.768986,On or near West View,E01025298,Preston 014D,Other theft,Investigation complete; no suspect identified,
4e2e6724beecc45107671b363068cefad8adf0122f0340b58df8d4e26aced9f6,2021-06,Lancashire Constabulary,Lancashire Constabulary,-2.677989,53.768986,On or near West View,E01025298,Preston 014D,Other theft,Status update unavailable,
635dc3f984a8dad4b8b037e65056b175649a985862380e38322ac7aea0719ce5,2021-06,Lancashire Constabulary,Lancashire Constabulary,-2.675108,53.766279,On or near Frome Street,E01025298,Preston 014D,Other theft,Investigation complete; no suspect identified,
35d03f9ab6bb23f639a0a746521217be76a5046d0f5bafa15a30ff31f74c7958,2021-06,Lancashire Constabulary,Lancashire Constabulary,-2.675955,53.767029,On or near Alston Street,E01025298,Preston 014D,Other theft,Status update unavailable,
608586748ea97f8bf4db212a4568c69c52d60425d46dc57e443c359dff7c2c73,2021-06,Lancashire Constabulary,Lancashire Constabulary,-2.676817,53.767816,On or near Crompton Street,E01025298,Preston 014D,Possession of weapons,Court result unavailable,
04d9360276efafa0524d51de02acdb3889f4a024b73644268d4c0071d2e91601,2021-06,Lancashire Constabulary,Lancashire Constabulary,-2.679945,53.767070,On or near Landseer Street,E01025298,Preston 014D,Public order,Unable to prosecute suspect,
4c979c663f7daba6bcdb7c999d82f08f2ff6a4e551950724be3ab2021453f832,2021-06,Lancashire Constabulary,Lancashire Constabulary,-2.677861,53.765778,On or near Cemetery Road,E01025298,Preston 014D,Public order,Investigation complete; no suspect identified,
1ea4cd90af8d3efe853fcc787b4925755ce9abb28f95055f7917b5c91bf1ab7b,2021-06,Lancashire Constabulary,Lancashire Constabulary,-2.675108,53.766279,On or near Frome Street,E01025298,Preston 014D,Vehicle crime,Investigation complete; no suspect identified,
269a9efdc770ab293f0316bbcc762913b9b78b59a9543eb5ab19a889f531be63,2021-06,Lancashire Constabulary,Lancashire Constabulary,-2.675689,53.768424,On or near Cecilia Street,E01025298,Preston 014D,Vehicle crime,Investigation complete; no suspect identified,
e7997fcde348ad454dd4dbd82fbffe2eabac522f46da9288587255a1f349af62,2021-06,Lancashire Constabulary,Lancashire Constabulary,-2.677989,53.768986,On or near West View,E01025298,Preston 014D,Violence and sexual offences,Local resolution,
798e0cd864b2aeae960ec5372c84e48ef7dec198ffca480fd138fac89884c45a,2021-06,Lancashire Constabulary,Lancashire Constabulary,-2.675108,53.766279,On or near Frome Street,E01025298,Preston 014D,Violence and sexual offences,Unable to prosecute suspect,
2c162b60cbbe84930a135fd8e0b0e88e5f1077ca6fbaed1de7c56eb47ec4cc85,2021-06,Lancashire Constabulary,Lancashire Constabulary,-2.675108,53.766279,On or near Frome Street,E01025298,Preston 014D,Violence and sexual offences,Further investigation is not in the public interest,
69ee42822af9707cea087649a6c49ef420eca0ffb47997ec2de34a00cf62f65e,2021-06,Lancashire Constabulary,Lancashire Constabulary,-2.676260,53.766201,On or near Wells Street,E01025298,Preston 014D,Violence and sexual offences,Unable to prosecute suspect,
849a553c805850da4891b62be0281b566a3138433a76c5e0e858b3ec7be4ea83,2021-06,Lancashire Constabulary,Lancashire Constabulary,-2.681518,53.768652,On or near Dodgson Place,E01025298,Preston 014D,Violence and sexual offences,Unable to prosecute suspect,
c650a118ffbb94f8def93b7b38dbfdcc3c5ffccd85082d06be2d8489d521f3df,2021-06,Lancashire Constabulary,Lancashire Constabulary,-2.677989,53.768986,On or near West View,E01025298,Preston 014D,Violence and sexual offences,Local resolution,
8a3dbc484354b9346dcd8e71345d6b72a8d16e913e3107b986db9a3c4395d615,2021-06,Lancashire Constabulary,Lancashire Constabulary,-2.681518,53.768652,On or near Dodgson Place,E01025298,Preston 014D,Violence and sexual offences,Unable to prosecute suspect,
76b5d2305da01d78fdcb07eabcffd646b9d0ec9d41edee0905ba17156928b119,2021-06,Lancashire Constabulary,Lancashire Constabulary,-2.681518,53.768652,On or near Dodgson Place,E01025298,Preston 014D,Violence and sexual offences,Unable to prosecute suspect,
7684725b71fa4634313c36bf53adb7cf22d63b4a260565f320e9d4e497b4530b,2021-06,Lancashire Constabulary,Lancashire Constabulary,-2.675108,53.766279,On or near Frome Street,E01025298,Preston 014D,Violence and sexual offences,Unable to prosecute suspect,
32826a9b04856592a49d682f916bb700f13b193a4444f01129db85e492200124,2021-06,Lancashire Constabulary,Lancashire Constabulary,-2.676260,53.766201,On or near Wells Street,E01025298,Preston 014D,Violence and sexual offences,Unable to prosecute suspect,
67ba27ce085e801ea5bbff2f68b93d443a1f2f383c68dc56a9afb799b3146b4f,2021-06,Lancashire Constabulary,Lancashire Constabulary,-2.676260,53.766201,On or near Wells Street,E01025298,Preston 014D,Violence and sexual offences,Unable to prosecute suspect,
62eee45bacafbc3f9de77b46019490e5676253b92554c33596a6094d546dd2fd,2021-06,Lancashire Constabulary,Lancashire Constabulary,-2.680457,53.766824,On or near Holman Street,E01025298,Preston 014D,Violence and sexual offences,Investigation complete; no suspect identified,
f10cf9e7fb8160b0f9a417de7e65f3b23f88dc5a6b9efcef3a7ca3fef4bea890,2021-06,Lancashire Constabulary,Lancashire Constabulary,-2.677989,53.768986,On or near West View,E01025298,Preston 014D,Violence and sexual offences,Unable to prosecute suspect,
d10374808d872bc08e5ab4bf2346231eb07ee34c544c86f9e33d5cdac8bab716,2021-06,Lancashire Constabulary,Lancashire Constabulary,-2.675070,53.768607,On or near Malcolm Street,E01025298,Preston 014D,Violence and sexual offences,Unable to prosecute suspect,
106a22835df48490fed9a1530fd7e451267ddf53e0bf5a135edc6eaa670276ff,2021-06,Lancashire Constabulary,Lancashire Constabulary,-2.681518,53.768652,On or near Dodgson Place,E01025298,Preston 014D,Violence and sexual offences,Further investigation is not in the public interest,
858c4f102e5cb65fcc49297c796ea925b0642de6eaecc4b3e813baad7384631b,2021-06,Lancashire Constabulary,Lancashire Constabulary,-2.679945,53.767070,On or near Landseer Street,E01025298,Preston 014D,Violence and sexual offences,Unable to prosecute suspect,
facedbfab9be1599fe05df20ce32b37eb814bcc98d0d36cd3e807aeda81e0735,2021-06,Lancashire Constabulary,Lancashire Constabulary,-2.678079,53.767970,On or near Ansdell Street,E01025298,Preston 014D,Other crime,Unable to prosecute suspect,
,2021-06,Lancashire Constabulary,Lancashire Constabulary,-2.692526,53.767339,On or near Somerset Road,E01025244,Preston 015A,Anti-social behaviour,,
60ccd14f9631e08a9a6ca440eb02e26c5b8e90b6f1642c4d0cf65908effc9a4d,2021-06,Lancashire Constabulary,Lancashire Constabulary,-2.688152,53.768902,On or near Linnet Street,E01025244,Preston 015A,Criminal damage and arson,Investigation complete; no suspect identified,
0ddb7de25c220ff27dc664495fefa579981ca5c940b74d2b12005c332054317a,2021-06,Lancashire Constabulary,Lancashire Constabulary,-2.693791,53.766775,On or near Burrow Road,E01025244,Preston 015A,Drugs,Status update unavailable,
d09945d47d81af33bd7d16544b6558db0e75cc40dc09b3ee122d2bc98944f604,2021-06,Lancashire Constabulary,Lancashire Constabulary,-2.687542,53.767737,On or near Castleton Road,E01025244,Preston 015A,Drugs,Local resolution,
aeb46c2ee86a86a3a0200982a6f60007009b72d9473d538b82066e834af9676e,2021-06,Lancashire Constabulary,Lancashire Constabulary,-2.690608,53.767845,On or near Dove Street,E01025244,Preston 015A,Public order,Unable to prosecute suspect,
6e29098985400837436b1f6bb8b23c446f96914617e7ff54dab57343ead3c358,2021-06,Lancashire Constabulary,Lancashire Constabulary,-2.688131,53.768506,On or near Holmrook Road,E01025244,Preston 015A,Vehicle crime,Unable to prosecute suspect,
aed5f771a315397ab96989ae2f7902ae8be0c445823bb03f922698b457a51c2b,2021-06,Lancashire Constabulary,Lancashire Constabulary,-2.692526,53.767339,On or near Somerset Road,E01025244,Preston 015A,Violence and sexual offences,Investigation complete; no suspect identified,
fb6d038335ab27374145a0108667c53d17051b05821692d8a731a3ef4f3f146d,2021-06,Lancashire Constabulary,Lancashire Constabulary,-2.693692,53.767180,On or near Dorset Road,E01025244,Preston 015A,Violence and sexual offences,Unable to prosecute suspect,
8f70dbaeefd0b3e59183054244f9eaef82604de682b67642e91719602b26e3f9,2021-06,Lancashire Constabulary,Lancashire Constabulary,-2.692526,53.767339,On or near Somerset Road,E01025244,Preston 015A,Violence and sexual offences,Unable to prosecute suspect,
,2021-06,Lancashire Constabulary,Lancashire Constabulary,-2.697957,53.769105,On or near St George'S Road,E01025292,Preston 015B,Anti-social behaviour,,
,2021-06,Lancashire Constabulary,Lancashire Constabulary,-2.701240,53.764916,On or near Fish Street,E01025292,Preston 015B,Anti-social behaviour,,
,2021-06,Lancashire Constabulary,Lancashire Constabulary,-2.701240,53.764916,On or near Fish Street,E01025292,Preston 015B,Anti-social behaviour,,
,2021-06,Lancashire Constabulary,Lancashire Constabulary,-2.708264,53.768569,On or near Aqueduct Street,E01025292,Preston 015B,Anti-social behaviour,,
,2021-06,Lancashire Constabulary,Lancashire Constabulary,-2.701240,53.764916,On or near Fish Street,E01025292,Preston 015B,Anti-social behaviour,,
,2021-06,Lancashire Constabulary,Lancashire Constabulary,-2.701240,53.764916,On or near Fish Street,E01025292,Preston 015B,Anti-social behaviour,,
,2021-06,Lancashire Constabulary,Lancashire Constabulary,-2.702325,53.769017,On or near St George'S Road,E01025292,Preston 015B,Anti-social behaviour,,
,2021-06,Lancashire Constabulary,Lancashire Constabulary,-2.705946,53.763306,On or near Adelphi Place,E01025292,Preston 015B,Anti-social behaviour,,
,2021-06,Lancashire Constabulary,Lancashire Constabulary,-2.705946,53.763306,On or near Adelphi Place,E01025292,Preston 015B,Anti-social behaviour,,
,2021-06,Lancashire Constabulary,Lancashire Constabulary,-2.703836,53.766860,On or near Thorpe Close,E01025292,Preston 015B,Anti-social behaviour,,
,2021-06,Lancashire Constabulary,Lancashire Constabulary,-2.699696,53.764206,On or near Melling Street,E01025292,Preston 015B,Anti-social behaviour,,
,2021-06,Lancashire Constabulary,Lancashire Constabulary,-2.704664,53.765570,On or near Moor Lane,E01025292,Preston 015B,Anti-social behaviour,,
,2021-06,Lancashire Constabulary,Lancashire Constabulary,-2.703930,53.764343,On or near Cragg'S Row,E01025292,Preston 015B,Anti-social behaviour,,
,2021-06,Lancashire Constabulary,Lancashire Constabulary,-2.705832,53.763747,On or near St Peter'S Street,E01025292,Preston 015B,Anti-social behaviour,,
,2021-06,Lancashire Constabulary,Lancashire Constabulary,-2.702689,53.763577,On or near Lawson Street,E01025292,Preston 015B,Anti-social behaviour,,
,2021-06,Lancashire Constabulary,Lancashire Constabulary,-2.701240,53.764916,On or near Fish Street,E01025292,Preston 015B,Anti-social behaviour,,
,2021-06,Lancashire Constabulary,Lancashire Constabulary,-2.701240,53.764916,On or near Fish Street,E01025292,Preston 015B,Anti-social behaviour,,
,2021-06,Lancashire Constabulary,Lancashire Constabulary,-2.701923,53.764031,On or near Atkinson Close,E01025292,Preston 015B,Anti-social behaviour,,
,2021-06,Lancashire Constabulary,Lancashire Constabulary,-2.701240,53.764916,On or near Fish Street,E01025292,Preston 015B,Anti-social behaviour,,
7fe5e5b20e91061667ad549bee09f39afd6c275dcd4ae4e0193edd2b41d5f418,2021-06,Lancashire Constabulary,Lancashire Constabulary,-2.702689,53.763577,On or near Lawson Street,E01025292,Preston 015B,Bicycle theft,Investigation complete; no suspect identified,
a2c3b753e00fd0fca09eeb742251a57e0ae6e4292f29b54b796bf19260cf9bc3,2021-06,Lancashire Constabulary,Lancashire Constabulary,-2.701923,53.764031,On or near Atkinson Close,E01025292,Preston 015B,Burglary,Status update unavailable,
f15f3f6c5e484aeba94c262cdc4fcbccdeab736b1f6c89b9727f492479495a09,2021-06,Lancashire Constabulary,Lancashire Constabulary,-2.701240,53.764916,On or near Fish Street,E01025292,Preston 015B,Burglary,Further investigation is not in the public interest,
18198f4547867c6a1e069de478cd57506dfd086dddeb4682dbed0a674d61fc39,2021-06,Lancashire Constabulary,Lancashire Constabulary,-2.702325,53.769017,On or near St George'S Road,E01025292,Preston 015B,Burglary,Investigation complete; no suspect identified,
089a7ae744004e6fe8ae00cae2c02e1bc794faabee8e1b3f9877d6bd1cd27928,2021-06,Lancashire Constabulary,Lancashire Constabulary,-2.702689,53.763577,On or near Lawson Street,E01025292,Preston 015B,Criminal damage and arson,Offender given a caution,
b51ebf1b33ea8a7bbaf7793a1ab931cc6a446add894723829ac1f57fd75f8cd4,2021-06,Lancashire Constabulary,Lancashire Constabulary,-2.703930,53.764343,On or near Cragg'S Row,E01025292,Preston 015B,Criminal damage and arson,Investigation complete; no suspect identified,
933b208b1c02c4adac8d64a76af0fc576939d5a2377ac1d86a714b8e68b247e7,2021-06,Lancashire Constabulary,Lancashire Constabulary,-2.704098,53.763479,On or near Warwick Street,E01025292,Preston 015B,Criminal damage and arson,Investigation complete; no suspect identified,
a1eb3ac9b3bc98e9f8c7d9405990cc52637d8907def2a6c8e7b2fd1d4b2429bf,2021-06,Lancashire Constabulary,Lancashire Constabulary,-2.701923,53.764031,On or near Atkinson Close,E01025292,Preston 015B,Criminal damage and arson,Status update unavailable,
6c4988313816c6ce9867f5f43f75a349fb704661fcd1bcc771c80ea541c76ce7,2021-06,Lancashire Constabulary,Lancashire Constabulary,-2.701923,53.764031,On or near Atkinson Close,E01025292,Preston 015B,Drugs,Local resolution,
798dffabdd47ef8f3dfa313fb3d71d2e7f7ae9e6da5dd8df76cf71cd042daada,2021-06,Lancashire Constabulary,Lancashire Constabulary,-2.701240,53.764916,On or near Fish Street,E01025292,Preston 015B,Drugs,Further investigation is not in the public interest,
9579bfcb10648a35207e480ae7fb9f4772f8b1ae88866c725664b118f0658325,2021-06,Lancashire Constabulary,Lancashire Constabulary,-2.703836,53.766860,On or near Thorpe Close,E01025292,Preston 015B,Other theft,Unable to prosecute suspect,
5671ece1b33b6181ccffdd8bfa973b026832f1fe3f4d99889abb12b92b219f4e,2021-06,Lancashire Constabulary,Lancashire Constabulary,-2.703836,53.766860,On or near Thorpe Close,E01025292,Preston 015B,Other theft,Status update unavailable,
0426d5264d8d5cd38677ff878e7bac7db008f8ec312c9c3303c7750552cf50f8,2021-06,Lancashire Constabulary,Lancashire Constabulary,-2.703836,53.766860,On or near Thorpe Close,E01025292,Preston 015B,Other theft,Investigation complete; no suspect identified,
a1efa0c817350d22779d2f4aefcedc296fb620a75a68c708276772e50ed92bc6,2021-06,Lancashire Constabulary,Lancashire Constabulary,-2.701381,53.763369,On or near Elizabeth Street,E01025292,Preston 015B,Other theft,Offender given a caution,
e4318f5e9ecff3055c91cc5dcab2407bc26ddf9cbde5d970e2dc92ffa973b264,2021-06,Lancashire Constabulary,Lancashire Constabulary,-2.701923,53.764031,On or near Atkinson Close,E01025292,Preston 015B,Public order,Unable to prosecute suspect,
878333d2b826293b1dc947cd5187388ae8038d193694d3154a31a290f393ba7c,2021-06,Lancashire Constabulary,Lancashire Constabulary,-2.701240,53.764916,On or near Fish Street,E01025292,Preston 015B,Robbery,Local resolution,
5a9cba8bfa8afb601194d79ab84daea19cfa5dfcdbb97b6437cc3f1236a9d597,2021-06,Lancashire Constabulary,Lancashire Constabulary,-2.701240,53.764916,On or near Fish Street,E01025292,Preston 015B,Robbery,Local resolution,
06a5837da8fd99ca8630a598030f05065a793fc487dbf70da1cbbda754f664c4,2021-06,Lancashire Constabulary,Lancashire Constabulary,-2.705832,53.763747,On or near St Peter'S Street,E01025292,Preston 015B,Vehicle crime,Status update unavailable,
da247cf42a4c1c620f81e03a738e919db6a4733284eacaa4dec7e679d2c87520,2021-06,Lancashire Constabulary,Lancashire Constabulary,-2.700613,53.765567,On or near North Road,E01025292,Preston 015B,Violence and sexual offences,Further investigation is not in the public interest,
0162b082c8d839c7ff6817b50a8d46417fa47b6aa11ce76f7a459e259f092002,2021-06,Lancashire Constabulary,Lancashire Constabulary,-2.698795,53.768453,On or near Rye Street,E01025292,Preston 015B,Violence and sexual offences,Unable to prosecute suspect,
cb0c9f20e1dac80d338b2791732796d8c04c2436924cb921ece29347226721d5,2021-06,Lancashire Constabulary,Lancashire Constabulary,-2.701923,53.764031,On or near Atkinson Close,E01025292,Preston 015B,Violence and sexual offences,Formal action is not in the public interest,
59c8ee6be5139504156708cb99167a1cdced90752cd60ed7faf29b6c7a69f3e2,2021-06,Lancashire Constabulary,Lancashire Constabulary,-2.701923,53.764031,On or near Atkinson Close,E01025292,Preston 015B,Violence and sexual offences,Unable to prosecute suspect,
e809e09639cf5a85a6028c7ca57a7a3531f8aafcedea8e4c06f18e0d99f21d2c,2021-06,Lancashire Constabulary,Lancashire Constabulary,-2.702429,53.765304,On or near Bushell Street,E01025292,Preston 015B,Violence and sexual offences,Action to be taken by another organisation,
f4fb989210f022b7e72003b68c55f7bac144472b2caa1f1565f5041c8a449698,2021-06,Lancashire Constabulary,Lancashire Constabulary,-2.706776,53.766654,On or near Ashmoor Street,E01025292,Preston 015B,Violence and sexual offences,Unable to prosecute suspect,
047713a92724722fffd3dc0e1c97b26330fa8bdb45285f4ab0df91b7d45532d5,2021-06,Lancashire Constabulary,Lancashire Constabulary,-2.701923,53.764031,On or near Atkinson Close,E01025292,Preston 015B,Violence and sexual offences,Unable to prosecute suspect,
67bfa3487aaa214b9de9269154669965f7db9d5d83e2fb53a3e31d4f0926c150,2021-06,Lancashire Constabulary,Lancashire Constabulary,-2.699337,53.769987,On or near Milner Street,E01025292,Preston 015B,Violence and sexual offences,Unable to prosecute suspect,
fcad0436d7a9e7f1d7c465dc36764b7b7ea5ed21429daeefb1e4b4ae4df3530e,2021-06,Lancashire Constabulary,Lancashire Constabulary,-2.703836,53.766860,On or near Thorpe Close,E01025292,Preston 015B,Violence and sexual offences,Unable to prosecute suspect,
3694e229bbd562074f05e6b2ca7537f752403d9fbfdde5cb66925ece4a38384c,2021-06,Lancashire Constabulary,Lancashire Constabulary,-2.709209,53.766990,On or near Adelphi Street,E01025292,Preston 015B,Violence and sexual offences,Status update unavailable,
13bbf1239f523df7dbfcf4872f8d2b4250e4fa1d5f9306306e57a0750565fc53,2021-06,Lancashire Constabulary,Lancashire Constabulary,-2.701923,53.764031,On or near Atkinson Close,E01025292,Preston 015B,Violence and sexual offences,Court result unavailable,
15e5cb633e04c2ceca1f483f12dae25cfd05db46fbf6a09c6cb8fe3667084aba,2021-06,Lancashire Constabulary,Lancashire Constabulary,-2.709209,53.766990,On or near Adelphi Street,E01025292,Preston 015B,Violence and sexual offences,Unable to prosecute suspect,
3969e46178b94d99c8879e82e494c754d0e94e420f89044a4584d60f977c68a5,2021-06,Lancashire Constabulary,Lancashire Constabulary,-2.704098,53.763479,On or near Warwick Street,E01025292,Preston 015B,Violence and sexual offences,Court result unavailable,
e7943558a617d5ebd168c6941803bb05e11fd24fc4b0e72f0a5ae491cda70482,2021-06,Lancashire Constabulary,Lancashire Constabulary,-2.700613,53.765567,On or near North Road,E01025292,Preston 015B,Violence and sexual offences,Unable to prosecute suspect,
db1545e3610e146ccadfa1ab7abb18cb4f4893726196a73a52925207352452c1,2021-06,Lancashire Constabulary,Lancashire Constabulary,-2.701240,53.764916,On or near Fish Street,E01025292,Preston 015B,Violence and sexual offences,Further investigation is not in the public interest,
507a7e13c77c66256c042310415474c505b25a4370fd8956bba13c497ba45720,2021-06,Lancashire Constabulary,Lancashire Constabulary,-2.701923,53.764031,On or near Atkinson Close,E01025292,Preston 015B,Violence and sexual offences,Formal action is not in the public interest,
705adaabca9de6d26c82691be25fa78eb6ad732d4c5b88ccf8c401bc98174c91,2021-06,Lancashire Constabulary,Lancashire Constabulary,-2.701240,53.764916,On or near Fish Street,E01025292,Preston 015B,Violence and sexual offences,Further investigation is not in the public interest,
caa6c53cc58a8849b7263c81c472915e673ea00d8fd84a050e89c32921e39f27,2021-06,Lancashire Constabulary,Lancashire Constabulary,-2.704098,53.763479,On or near Warwick Street,E01025292,Preston 015B,Violence and sexual offences,Investigation complete; no suspect identified,
2920d09c45352772aee3d9ff3fe27f245da693aa7430e3bddd4a64ca97a9afaa,2021-06,Lancashire Constabulary,Lancashire Constabulary,-2.702689,53.763577,On or near Lawson Street,E01025292,Preston 015B,Violence and sexual offences,Unable to prosecute suspect,
d953d3eb14a37299a91a76fd30d89090b892f84aa31964aaf02cfea4d2a2d61e,2021-06,Lancashire Constabulary,Lancashire Constabulary,-2.701240,53.764916,On or near Fish Street,E01025292,Preston 015B,Violence and sexual offences,Unable to prosecute suspect,
153bcb3d2ed2ecae5f61e79d9afeb52ec96cc2e3ca63cb400f4319ce48b5fbef,2021-06,Lancashire Constabulary,Lancashire Constabulary,-2.701923,53.764031,On or near Atkinson Close,E01025292,Preston 015B,Violence and sexual offences,Unable to prosecute suspect,
3376c4a168986375b5e3ac150bc7de364fa1051c0f8d187cf9915af04911f681,2021-06,Lancashire Constabulary,Lancashire Constabulary,-2.706166,53.765570,On or near Further/Higher Educational Building,E01025292,Preston 015B,Violence and sexual offences,Unable to prosecute suspect,
6690a25fcc88e7e40fbba5229dd82ac21f8c677cb467bf0ac47542be4299a3df,2021-06,Lancashire Constabulary,Lancashire Constabulary,-2.701240,53.764916,On or near Fish Street,E01025292,Preston 015B,Violence and sexual offences,Unable to prosecute suspect,
1d70f4db1652ee16a4878a94615f1e96bfa9b9f2f0331b0e353a12ab2c139c35,2021-06,Lancashire Constabulary,Lancashire Constabulary,-2.700632,53.763958,On or near Lancaster Road,E01025292,Preston 015B,Violence and sexual offences,Unable to prosecute suspect,
6f1a83224d763a92df386960b76c75afd44ec7fee66266ad31e5d5eb2c1feb3e,2021-06,Lancashire Constabulary,Lancashire Constabulary,-2.708264,53.768569,On or near Aqueduct Street,E01025292,Preston 015B,Violence and sexual offences,Further investigation is not in the public interest,
1d9c240c689d42acb23cd9ae770d769beef229a4146047693ee402e6624d7a73,2021-06,Lancashire Constabulary,Lancashire Constabulary,-2.706776,53.766654,On or near Ashmoor Street,E01025292,Preston 015B,Violence and sexual offences,Unable to prosecute suspect,
d2a4520783fe19c5384b114d43366fe166a4a91689201c55a553425111abce7b,2021-06,Lancashire Constabulary,Lancashire Constabulary,-2.703875,53.766491,On or near St Thomas' Place,E01025292,Preston 015B,Violence and sexual offences,Further investigation is not in the public interest,
,2021-06,Lancashire Constabulary,Lancashire Constabulary,-2.694154,53.763923,On or near Meadow Street,E01025293,Preston 015C,Anti-social behaviour,,
,2021-06,Lancashire Constabulary,Lancashire Constabulary,-2.691234,53.762520,On or near Newton Street,E01025293,Preston 015C,Anti-social behaviour,,
,2021-06,Lancashire Constabulary,Lancashire Constabulary,-2.690741,53.762092,On or near Edmund Street,E01025293,Preston 015C,Anti-social behaviour,,
,2021-06,Lancashire Constabulary,Lancashire Constabulary,-2.692368,53.765111,On or near Supermarket,E01025293,Preston 015C,Anti-social behaviour,,
,2021-06,Lancashire Constabulary,Lancashire Constabulary,-2.691234,53.762520,On or near Newton Street,E01025293,Preston 015C,Anti-social behaviour,,
,2021-06,Lancashire Constabulary,Lancashire Constabulary,-2.692368,53.765111,On or near Supermarket,E01025293,Preston 015C,Anti-social behaviour,,
,2021-06,Lancashire Constabulary,Lancashire Constabulary,-2.697293,53.764777,On or near Sedgwick Street,E01025293,Preston 015C,Anti-social behaviour,,
,2021-06,Lancashire Constabulary,Lancashire Constabulary,-2.697293,53.764777,On or near Sedgwick Street,E01025293,Preston 015C,Anti-social behaviour,,
,2021-06,Lancashire Constabulary,Lancashire Constabulary,-2.692368,53.765111,On or near Supermarket,E01025293,Preston 015C,Anti-social behaviour,,
,2021-06,Lancashire Constabulary,Lancashire Constabulary,-2.692368,53.765111,On or near Supermarket,E01025293,Preston 015C,Anti-social behaviour,,
,2021-06,Lancashire Constabulary,Lancashire Constabulary,-2.696189,53.763121,On or near Agnes Street,E01025293,Preston 015C,Anti-social behaviour,,
,2021-06,Lancashire Constabulary,Lancashire Constabulary,-2.692368,53.765111,On or near Supermarket,E01025293,Preston 015C,Anti-social behaviour,,
,2021-06,Lancashire Constabulary,Lancashire Constabulary,-2.691234,53.762520,On or near Newton Street,E01025293,Preston 015C,Anti-social behaviour,,
,2021-06,Lancashire Constabulary,Lancashire Constabulary,-2.692368,53.765111,On or near Supermarket,E01025293,Preston 015C,Anti-social behaviour,,
,2021-06,Lancashire Constabulary,Lancashire Constabulary,-2.698053,53.765761,On or near Great George Street,E01025293,Preston 015C,Anti-social behaviour,,
,2021-06,Lancashire Constabulary,Lancashire Constabulary,-2.692368,53.765111,On or near Supermarket,E01025293,Preston 015C,Anti-social behaviour,,
,2021-06,Lancashire Constabulary,Lancashire Constabulary,-2.693601,53.765338,On or near Stanleyfield Road,E01025293,Preston 015C,Anti-social behaviour,,
,2021-06,Lancashire Constabulary,Lancashire Constabulary,-2.697200,53.763735,On or near St Ignatius' Square,E01025293,Preston 015C,Anti-social behaviour,,
,2021-06,Lancashire Constabulary,Lancashire Constabulary,-2.692444,53.763232,On or near East Street,E01025293,Preston 015C,Anti-social behaviour,,
,2021-06,Lancashire Constabulary,Lancashire Constabulary,-2.697834,53.763525,On or near Hardwicke Street,E01025293,Preston 015C,Anti-social behaviour,,
,2021-06,Lancashire Constabulary,Lancashire Constabulary,-2.694429,53.764057,On or near Constable Street,E01025293,Preston 015C,Anti-social behaviour,,
,2021-06,Lancashire Constabulary,Lancashire Constabulary,-2.693466,53.763568,On or near Jutland Street,E01025293,Preston 015C,Anti-social behaviour,,
,2021-06,Lancashire Constabulary,Lancashire Constabulary,-2.694586,53.765251,On or near Noor Street,E01025293,Preston 015C,Anti-social behaviour,,
,2021-06,Lancashire Constabulary,Lancashire Constabulary,-2.690741,53.762092,On or near Edmund Street,E01025293,Preston 015C,Anti-social behaviour,,
f36983f67503c6ae366d1dca49b32a481681942c2bc73b6f3f384bc78d0881cd,2021-06,Lancashire Constabulary,Lancashire Constabulary,-2.697293,53.764777,On or near Sedgwick Street,E01025293,Preston 015C,Bicycle theft,Investigation complete; no suspect identified,
862257d8b464172b23788215ec067160ca166036cdf1ecb60dfd3805f7d4c0a5,2021-06,Lancashire Constabulary,Lancashire Constabulary,-2.693970,53.761992,On or near Ring Way,E01025293,Preston 015C,Burglary,Investigation complete; no suspect identified,
16834a37cba66f019dc4af5cba71761678cb29bf97eafe6f4ad602f385c3ce4b,2021-06,Lancashire Constabulary,Lancashire Constabulary,-2.697293,53.764777,On or near Sedgwick Street,E01025293,Preston 015C,Burglary,Status update unavailable,
7c991e3e69a8b6489e02039b99b2cd241f6016c4417ddccb1a0823279c7ac11b,2021-06,Lancashire Constabulary,Lancashire Constabulary,-2.692368,53.765111,On or near Supermarket,E01025293,Preston 015C,Burglary,Court result unavailable,
dca66e9860be3b2ffe3ba24491ad7c6f053d9dfa11bd0d5411c54d21926b9752,2021-06,Lancashire Constabulary,Lancashire Constabulary,-2.697293,53.764777,On or near Sedgwick Street,E01025293,Preston 015C,Burglary,Unable to prosecute suspect,
3c73bb5e888d32536b0b1070e68ffee3546e4ba5b2114ed9d36349240cc1eb11,2021-06,Lancashire Constabulary,Lancashire Constabulary,-2.694413,53.764938,On or near Cromwell Street,E01025293,Preston 015C,Criminal damage and arson,Court result unavailable,
897f6fe01ebceed5940fd0c04436c834098a2e16c1c8a08739cdb69dd8844eac,2021-06,Lancashire Constabulary,Lancashire Constabulary,-2.697834,53.763525,On or near Hardwicke Street,E01025293,Preston 015C,Other theft,Investigation complete; no suspect identified,
ef34f3d72ef894554c1af56d86d4a40144f969cf5db8018fc119bbce90faa4b9,2021-06,Lancashire Constabulary,Lancashire Constabulary,-2.697293,53.764777,On or near Sedgwick Street,E01025293,Preston 015C,Possession of weapons,Investigation complete; no suspect identified,
fe95c5df440f54d70d58db3ca1894ddbe66fb26a3116405c8a19fc123276d9cb,2021-06,Lancashire Constabulary,Lancashire Constabulary,-2.692021,53.762444,On or near South Meadow Street,E01025293,Preston 015C,Public order,Unable to prosecute suspect,
5746db8f4572a5499128ffc08c769abe505218b0af3858ddaf4cb424c2b41d4f,2021-06,Lancashire Constabulary,Lancashire Constabulary,-2.692021,53.762444,On or near South Meadow Street,E01025293,Preston 015C,Public order,Investigation complete; no suspect identified,
92d11b083f00b83eff805c6ff749a8b741d55d9a4250db5bd91c4bbbacb7c351,2021-06,Lancashire Constabulary,Lancashire Constabulary,-2.698053,53.765761,On or near Great George Street,E01025293,Preston 015C,Shoplifting,Status update unavailable,
eee7b264b01acb80bd9297f2cee483a8f2d7ee49e2181bff3b344749cc669be9,2021-06,Lancashire Constabulary,Lancashire Constabulary,-2.698053,53.765761,On or near Great George Street,E01025293,Preston 015C,Violence and sexual offences,Investigation complete; no suspect identified,
2b0530345eef87c0d1de905078f6ad6fbcbf73d75eca1ec7e54dfde04fc3f9d2,2021-06,Lancashire Constabulary,Lancashire Constabulary,-2.692269,53.763674,On or near Holstein Street,E01025293,Preston 015C,Violence and sexual offences,Unable to prosecute suspect,
171a544842d30d3af079bc9868e2ed9fa6730b835014983eacb8700fbcb66115,2021-06,Lancashire Constabulary,Lancashire Constabulary,-2.696104,53.767166,On or near St Paul'S Road,E01025293,Preston 015C,Violence and sexual offences,Unable to prosecute suspect,
9c894c536938ade13f23ef67ccd4f3097d6f91f6c5348547445a9f37b313b7ec,2021-06,Lancashire Constabulary,Lancashire Constabulary,-2.693839,53.765984,On or near Stanleyfield Close,E01025293,Preston 015C,Violence and sexual offences,Investigation complete; no suspect identified,
f6fb551bd6b5d970673bb949bfc06092f3391b7406cdda5f6a67b6ede5f0cd4e,2021-06,Lancashire Constabulary,Lancashire Constabulary,-2.693601,53.765338,On or near Stanleyfield Road,E01025293,Preston 015C,Violence and sexual offences,Unable to prosecute suspect,
a75f4ca3259be1199b2e3a9635fc07a6de18f76c7b393cfda292c02295c56391,2021-06,Lancashire Constabulary,Lancashire Constabulary,-2.690741,53.762092,On or near Edmund Street,E01025293,Preston 015C,Violence and sexual offences,Unable to prosecute suspect,
7b04f1827ae4e7b35377fc47bc9d422a82d3281cb50cb01626e0e54adc701d69,2021-06,Lancashire Constabulary,Lancashire Constabulary,-2.697293,53.764777,On or near Sedgwick Street,E01025293,Preston 015C,Violence and sexual offences,Unable to prosecute suspect,
333cf41ce78ca7d22bc44fbb137da05bad82a7dc3290b95b3adf36a4787736c2,2021-06,Lancashire Constabulary,Lancashire Constabulary,-2.692444,53.763232,On or near East Street,E01025293,Preston 015C,Violence and sexual offences,Unable to prosecute suspect,
35b6889433a1ac7ae8798710fff1c361859d67906d376881d84b642d53582846,2021-06,Lancashire Constabulary,Lancashire Constabulary,-2.692368,53.765111,On or near Supermarket,E01025293,Preston 015C,Violence and sexual offences,Unable to prosecute suspect,
1dabede72aac046ea8101324b46890bb7988467352dd9b10cddcf409a82d20d1,2021-06,Lancashire Constabulary,Lancashire Constabulary,-2.697293,53.764777,On or near Sedgwick Street,E01025293,Preston 015C,Violence and sexual offences,Unable to prosecute suspect,
be4b08fcef91d2a3d6e37bb825aba253b325f69cb100f00f2629128747057d28,2021-06,Lancashire Constabulary,Lancashire Constabulary,-2.699100,53.764865,On or near Park Mill Place,E01025293,Preston 015C,Violence and sexual offences,Unable to prosecute suspect,
922e262a9384e5980fd2aa773a0a09811e0c059c803412f7259443b2f3e9f2e7,2021-06,Lancashire Constabulary,Lancashire Constabulary,-2.695144,53.763217,On or near Pump Street,E01025293,Preston 015C,Violence and sexual offences,Unable to prosecute suspect,
c973181ccc82ca97685dcc5b5a18a91b3c48deffdaa03b860da9c1644b8587f3,2021-06,Lancashire Constabulary,Lancashire Constabulary,-2.690741,53.762092,On or near Edmund Street,E01025293,Preston 015C,Violence and sexual offences,Unable to prosecute suspect,
cd3094e3d6863e45cdb095a06dc26deb55c87faf5656600f76c0ee9ef40ba09a,2021-06,Lancashire Constabulary,Lancashire Constabulary,-2.694586,53.765251,On or near Noor Street,E01025293,Preston 015C,Violence and sexual offences,Status update unavailable,
b9e794b69d01f37a5c5852fd70b7e5ff6e7af10e27e37379a048ce5fb9356643,2021-06,Lancashire Constabulary,Lancashire Constabulary,-2.696104,53.767166,On or near St Paul'S Road,E01025293,Preston 015C,Violence and sexual offences,Unable to prosecute suspect,
,2021-06,Lancashire Constabulary,Lancashire Constabulary,-2.682502,53.761051,On or near Mercer Street,E01025247,Preston 016A,Anti-social behaviour,,
,2021-06,Lancashire Constabulary,Lancashire Constabulary,-2.679226,53.761079,On or near William Henry Street,E01025247,Preston 016A,Anti-social behaviour,,
,2021-06,Lancashire Constabulary,Lancashire Constabulary,-2.677480,53.761871,On or near Annis Street,E01025247,Preston 016A,Anti-social behaviour,,
,2021-06,Lancashire Constabulary,Lancashire Constabulary,-2.678600,53.761756,On or near Surrey Street,E01025247,Preston 016A,Anti-social behaviour,,
,2021-06,Lancashire Constabulary,Lancashire Constabulary,-2.675315,53.762179,On or near Great Townley Street,E01025247,Preston 016A,Anti-social behaviour,,
,2021-06,Lancashire Constabulary,Lancashire Constabulary,-2.679226,53.761079,On or near William Henry Street,E01025247,Preston 016A,Anti-social behaviour,,
,2021-06,Lancashire Constabulary,Lancashire Constabulary,-2.676437,53.763063,On or near Shopping Area,E01025247,Preston 016A,Anti-social behaviour,,
,2021-06,Lancashire Constabulary,Lancashire Constabulary,-2.680190,53.760624,On or near John William Street,E01025247,Preston 016A,Anti-social behaviour,,
,2021-06,Lancashire Constabulary,Lancashire Constabulary,-2.682502,53.761051,On or near Mercer Street,E01025247,Preston 016A,Anti-social behaviour,,
,2021-06,Lancashire Constabulary,Lancashire Constabulary,-2.679226,53.761079,On or near William Henry Street,E01025247,Preston 016A,Anti-social behaviour,,
,2021-06,Lancashire Constabulary,Lancashire Constabulary,-2.680190,53.760624,On or near John William Street,E01025247,Preston 016A,Anti-social behaviour,,
,2021-06,Lancashire Constabulary,Lancashire Constabulary,-2.679226,53.761079,On or near William Henry Street,E01025247,Preston 016A,Anti-social behaviour,,
ef4a95bfd5ec33e942383d29f32ea6627677b748844ef521d40284a54972c3b5,2021-06,Lancashire Constabulary,Lancashire Constabulary,-2.680190,53.760624,On or near John William Street,E01025247,Preston 016A,Burglary,Investigation complete; no suspect identified,
bf65c7f162522d1d2ad1329312a872312d1289b44b99bdfe0421493e940268c7,2021-06,Lancashire Constabulary,Lancashire Constabulary,-2.682502,53.761051,On or near Mercer Street,E01025247,Preston 016A,Criminal damage and arson,Investigation complete; no suspect identified,
9db12f46981b1b2acebbc820e8983057eaca51b950718d3c7ce7f09f65cbe63e,2021-06,Lancashire Constabulary,Lancashire Constabulary,-2.676996,53.762008,On or near Scotforth Road,E01025247,Preston 016A,Drugs,Status update unavailable,
88e0ea2466c6a6664f26f003102e9b789900885f7c9296519275c080c320ee70,2021-06,Lancashire Constabulary,Lancashire Constabulary,-2.676437,53.763063,On or near Shopping Area,E01025247,Preston 016A,Other theft,Unable to prosecute suspect,
efedc7e66ec2cc1cfcfdaf3fc15b19a624b50a450346d3bd68953fb91ceae336,2021-06,Lancashire Constabulary,Lancashire Constabulary,-2.682502,53.761051,On or near Mercer Street,E01025247,Preston 016A,Possession of weapons,Unable to prosecute suspect,
7fca8e26fd890b975d65e2f6ba0c7ef9945714e6ff148e604051bc0a58d1d5ae,2021-06,Lancashire Constabulary,Lancashire Constabulary,-2.676437,53.763063,On or near Shopping Area,E01025247,Preston 016A,Public order,Investigation complete; no suspect identified,
ab2baa85dfff53f8fae8abaaface5a6b525a4f4be184edc3a9061196c639ccaf,2021-06,Lancashire Constabulary,Lancashire Constabulary,-2.676437,53.763063,On or near Shopping Area,E01025247,Preston 016A,Public order,Unable to prosecute suspect,
acb397484f7edb7e8d1ecbeaaddfb483514ce3dcd8373033ecf257a205b6075f,2021-06,Lancashire Constabulary,Lancashire Constabulary,-2.682502,53.761051,On or near Mercer Street,E01025247,Preston 016A,Shoplifting,Investigation complete; no suspect identified,
44a7be9aa0f5302c3ea964278d1fddf7bdd1462eca2c63534e795b1c24987eee,2021-06,Lancashire Constabulary,Lancashire Constabulary,-2.682502,53.761051,On or near Mercer Street,E01025247,Preston 016A,Shoplifting,Status update unavailable,
cfd054c75118fd9db82b3b6464c8460d6aee5d9dcb5fb33903c3d51116409d4d,2021-06,Lancashire Constabulary,Lancashire Constabulary,-2.682502,53.761051,On or near Mercer Street,E01025247,Preston 016A,Shoplifting,Status update unavailable,
6df1a32482b071ecb074443b16286edc9bf45a70cb813ac1eec91d3190bf052f,2021-06,Lancashire Constabulary,Lancashire Constabulary,-2.682502,53.761051,On or near Mercer Street,E01025247,Preston 016A,Violence and sexual offences,Investigation complete; no suspect identified,
65dc30a86190357b70e7e3347c877460a6bbb3eea1d81adf72949a5c2177b081,2021-06,Lancashire Constabulary,Lancashire Constabulary,-2.679098,53.761556,On or near Lex Street,E01025247,Preston 016A,Violence and sexual offences,Unable to prosecute suspect,
1673488184f00b987a3f16ca12cdce4c3340ebf266c170bf88a8dffaf8642cd2,2021-06,Lancashire Constabulary,Lancashire Constabulary,-2.682502,53.761051,On or near Mercer Street,E01025247,Preston 016A,Violence and sexual offences,Unable to prosecute suspect,
3f79686174a4abfd0b5d3d97d7729d1c5f9213aa4744d39ff1a195c32f01cb1d,2021-06,Lancashire Constabulary,Lancashire Constabulary,-2.678600,53.761756,On or near Surrey Street,E01025247,Preston 016A,Violence and sexual offences,Awaiting court outcome,
377aabe236c9f8c7923d02caaf157345287f7479aa149b9e6e53ee37d0b3d7c4,2021-06,Lancashire Constabulary,Lancashire Constabulary,-2.676996,53.762008,On or near Scotforth Road,E01025247,Preston 016A,Violence and sexual offences,Unable to prosecute suspect,
eb4277abed15d40c896e2b4805d3053680e52a08ebc7c55a816a7267cb471c5f,2021-06,Lancashire Constabulary,Lancashire Constabulary,-2.680220,53.761567,On or near St Marys Close,E01025247,Preston 016A,Violence and sexual offences,Unable to prosecute suspect,
ef6393f809eb394b5ed76f5479d2ecf34954608c3aaa65cb6f26a6f32e8c4a75,2021-06,Lancashire Constabulary,Lancashire Constabulary,-2.678009,53.761778,On or near Rutland Street,E01025247,Preston 016A,Violence and sexual offences,Court result unavailable,
f91f8b2756afad73762df75bde0626a4f8fc81ded7feba2451af989166f8c582,2021-06,Lancashire Constabulary,Lancashire Constabulary,-2.678009,53.761778,On or near Rutland Street,E01025247,Preston 016A,Violence and sexual offences,Local resolution,
9c1fa54296ca6895259596b06d74fd3508168a8a9afc4e34aec3b559ba7d6440,2021-06,Lancashire Constabulary,Lancashire Constabulary,-2.676437,53.763063,On or near Shopping Area,E01025247,Preston 016A,Violence and sexual offences,Unable to prosecute suspect,
,2021-06,Lancashire Constabulary,Lancashire Constabulary,-2.664657,53.765403,On or near Cavendish Road,E01025248,Preston 016B,Anti-social behaviour,,
,2021-06,Lancashire Constabulary,Lancashire Constabulary,-2.662410,53.765272,On or near Devonshire Place,E01025248,Preston 016B,Anti-social behaviour,,
,2021-06,Lancashire Constabulary,Lancashire Constabulary,-2.667925,53.763920,On or near Waldon Street,E01025248,Preston 016B,Anti-social behaviour,,
,2021-06,Lancashire Constabulary,Lancashire Constabulary,-2.664657,53.765403,On or near Cavendish Road,E01025248,Preston 016B,Anti-social behaviour,,
,2021-06,Lancashire Constabulary,Lancashire Constabulary,-2.665945,53.765342,On or near Hawarden Road,E01025248,Preston 016B,Anti-social behaviour,,
,2021-06,Lancashire Constabulary,Lancashire Constabulary,-2.662410,53.765272,On or near Devonshire Place,E01025248,Preston 016B,Anti-social behaviour,,
,2021-06,Lancashire Constabulary,Lancashire Constabulary,-2.664657,53.765403,On or near Cavendish Road,E01025248,Preston 016B,Anti-social behaviour,,
,2021-06,Lancashire Constabulary,Lancashire Constabulary,-2.670110,53.762955,On or near Nevett Street,E01025248,Preston 016B,Anti-social behaviour,,
27f3b6a9ecce10e886fc2f7383c12fefc605c644a140978d57a881ead723e580,2021-06,Lancashire Constabulary,Lancashire Constabulary,-2.665945,53.765342,On or near Hawarden Road,E01025248,Preston 016B,Burglary,Court result unavailable,
75a58bcac2dd32090721d7fe1dcf24a5295eb42ca7c945c714c681ab3e3bef65,2021-06,Lancashire Constabulary,Lancashire Constabulary,-2.665863,53.762987,On or near Leek Street,E01025248,Preston 016B,Criminal damage and arson,Unable to prosecute suspect,
f84c43974e63238a54b6aafb5d6dc857568b87766a8ee874239bd6d2a66d4bfd,2021-06,Lancashire Constabulary,Lancashire Constabulary,-2.664657,53.765403,On or near Cavendish Road,E01025248,Preston 016B,Criminal damage and arson,Investigation complete; no suspect identified,
5ba7e24908056b35151b38472e328d9effccdff26f3d344ef16ddad127fe5777,2021-06,Lancashire Constabulary,Lancashire Constabulary,-2.664657,53.765403,On or near Cavendish Road,E01025248,Preston 016B,Drugs,Local resolution,
c34e81bacb84e884a23d355382bf1a874500ec72c5b1801259f6f3c35045bed1,2021-06,Lancashire Constabulary,Lancashire Constabulary,-2.663551,53.765499,On or near Manning Road,E01025248,Preston 016B,Drugs,Offender given penalty notice,
6a51ea8ad2646c316162a3b43b6b8dcfa9d02206edab77371271f9cd95464db4,2021-06,Lancashire Constabulary,Lancashire Constabulary,-2.663551,53.765499,On or near Manning Road,E01025248,Preston 016B,Drugs,Status update unavailable,
633ad8f5d85f9def191481681e0e690547ed2b0b1ebf8574ce0b4d945a87f014,2021-06,Lancashire Constabulary,Lancashire Constabulary,-2.670110,53.762955,On or near Nevett Street,E01025248,Preston 016B,Other theft,Action to be taken by another organisation,
e349d3f37235a71f619fd418b417992811209c4f4b027e1486ccb25d456e4cb7,2021-06,Lancashire Constabulary,Lancashire Constabulary,-2.664323,53.763454,On or near Neston Street,E01025248,Preston 016B,Other theft,Unable to prosecute suspect,
32768ce42825346cd6be35793f411c5563dbc816353e2b26088dd9dd16509c64,2021-06,Lancashire Constabulary,Lancashire Constabulary,-2.665863,53.762987,On or near Leek Street,E01025248,Preston 016B,Possession of weapons,Offender given a caution,
7cf4fe0ce24f82cba349c5898c977f7038f97a53cc530982f898e26dff21488d,2021-06,Lancashire Constabulary,Lancashire Constabulary,-2.665863,53.762987,On or near Leek Street,E01025248,Preston 016B,Public order,Unable to prosecute suspect,
c5ba4a34e1a5f0aa03b3d3dc6cb6596988dc21c086dab3e0510c84ff733a1d95,2021-06,Lancashire Constabulary,Lancashire Constabulary,-2.668189,53.762381,On or near Wanstead Street,E01025248,Preston 016B,Public order,Investigation complete; no suspect identified,
ab54ce15b4ab30f02ffd8e26fd137cb4733dccf1418d6bc8965b79ed82337cb8,2021-06,Lancashire Constabulary,Lancashire Constabulary,-2.664657,53.765403,On or near Cavendish Road,E01025248,Preston 016B,Public order,Unable to prosecute suspect,
c49cf68fa91c263194b02e044de1b2314049fd616e634d4627515ddbed490cb4,2021-06,Lancashire Constabulary,Lancashire Constabulary,-2.665945,53.765342,On or near Hawarden Road,E01025248,Preston 016B,Violence and sexual offences,Investigation complete; no suspect identified,
115e188a7611c6934a558ac759f7fc1f28ddb3de56a9cc133cd6f780a6829010,2021-06,Lancashire Constabulary,Lancashire Constabulary,-2.665149,53.763917,On or near Downing Street,E01025248,Preston 016B,Violence and sexual offences,Unable to prosecute suspect,
e000fc61a495e6a11a1cc1d144613d8f44465f21b4a5ee2e6a145e19bbc4da30,2021-06,Lancashire Constabulary,Lancashire Constabulary,-2.667925,53.763920,On or near Waldon Street,E01025248,Preston 016B,Violence and sexual offences,Unable to prosecute suspect,
3055994532c71b9ce231e766d7ec0cd52b7d724bb11517dead78f9e59603bb0b,2021-06,Lancashire Constabulary,Lancashire Constabulary,-2.668189,53.762381,On or near Wanstead Street,E01025248,Preston 016B,Violence and sexual offences,Investigation complete; no suspect identified,
f206749081b8f306c05916e73433d7702210fc58a722a16402b2519a4c371433,2021-06,Lancashire Constabulary,Lancashire Constabulary,-2.668189,53.762381,On or near Wanstead Street,E01025248,Preston 016B,Violence and sexual offences,Unable to prosecute suspect,
1756e4928bde8d1969ab0595b6721b6223afa349fbb0d788cbf1edaf4d6fb44c,2021-06,Lancashire Constabulary,Lancashire Constabulary,-2.668189,53.762381,On or near Wanstead Street,E01025248,Preston 016B,Violence and sexual offences,Further investigation is not in the public interest,
,2021-06,Lancashire Constabulary,Lancashire Constabulary,-2.656618,53.765501,On or near Petrol Station,E01025249,Preston 016C,Anti-social behaviour,,
,2021-06,Lancashire Constabulary,Lancashire Constabulary,-2.658973,53.763789,On or near Butterlands,E01025249,Preston 016C,Anti-social behaviour,,
,2021-06,Lancashire Constabulary,Lancashire Constabulary,-2.654995,53.765510,On or near Crawford Avenue,E01025249,Preston 016C,Anti-social behaviour,,
,2021-06,Lancashire Constabulary,Lancashire Constabulary,-2.653429,53.763352,On or near Newton Avenue,E01025249,Preston 016C,Anti-social behaviour,,
,2021-06,Lancashire Constabulary,Lancashire Constabulary,-2.658973,53.763789,On or near Butterlands,E01025249,Preston 016C,Anti-social behaviour,,
,2021-06,Lancashire Constabulary,Lancashire Constabulary,-2.658973,53.763789,On or near Butterlands,E01025249,Preston 016C,Anti-social behaviour,,
,2021-06,Lancashire Constabulary,Lancashire Constabulary,-2.654995,53.765510,On or near Crawford Avenue,E01025249,Preston 016C,Anti-social behaviour,,
,2021-06,Lancashire Constabulary,Lancashire Constabulary,-2.654995,53.765510,On or near Crawford Avenue,E01025249,Preston 016C,Anti-social behaviour,,
,2021-06,Lancashire Constabulary,Lancashire Constabulary,-2.654995,53.765510,On or near Crawford Avenue,E01025249,Preston 016C,Anti-social behaviour,,
1fb2f7161b1172cc84fa11a79e1bbee9c4e7e9751e59f00ad8835d33c6555e3a,2021-06,Lancashire Constabulary,Lancashire Constabulary,-2.656315,53.764532,On or near Tudor Avenue,E01025249,Preston 016C,Criminal damage and arson,Status update unavailable,
cdaeaacd81d4b265e3a19b96cc3e3d870abc2542d6456b8ebfb540f02b11540e,2021-06,Lancashire Constabulary,Lancashire Constabulary,-2.654995,53.765510,On or near Crawford Avenue,E01025249,Preston 016C,Other theft,Unable to prosecute suspect,
25a06f543fc006debd16b2f4012ed2c758ef03212d0f0a1b4273b41b45500f7d,2021-06,Lancashire Constabulary,Lancashire Constabulary,-2.654995,53.765510,On or near Crawford Avenue,E01025249,Preston 016C,Public order,Unable to prosecute suspect,
bc75bcd16bcdeb847fd09d890064ec84bbc377512ed1085d08d4198d0cb55bfd,2021-06,Lancashire Constabulary,Lancashire Constabulary,-2.654995,53.765510,On or near Crawford Avenue,E01025249,Preston 016C,Public order,Unable to prosecute suspect,
e852427c557bad70e39b531d4aca1b3e428530fc6f74de26452a668aa028eccb,2021-06,Lancashire Constabulary,Lancashire Constabulary,-2.654995,53.765510,On or near Crawford Avenue,E01025249,Preston 016C,Public order,Court result unavailable,
4aeb1796d1addcb525e4c98cf75e4ee389066297a0fdbc9fb87108c7a4b8a2d9,2021-06,Lancashire Constabulary,Lancashire Constabulary,-2.656315,53.764532,On or near Tudor Avenue,E01025249,Preston 016C,Violence and sexual offences,Unable to prosecute suspect,
3f228f0a7489e997d931b95a5e5399c2c1ebc24afcc4114cd8fd0cc77287266f,2021-06,Lancashire Constabulary,Lancashire Constabulary,-2.654995,53.765510,On or near Crawford Avenue,E01025249,Preston 016C,Violence and sexual offences,Investigation complete; no suspect identified,
428b97ecca1393cc91ccc1489cedb0ab7a0e05eaf7083310e2cc45f68dfb0c6b,2021-06,Lancashire Constabulary,Lancashire Constabulary,-2.654995,53.765510,On or near Crawford Avenue,E01025249,Preston 016C,Violence and sexual offences,Unable to prosecute suspect,
,2021-06,Lancashire Constabulary,Lancashire Constabulary,-2.672515,53.762555,On or near Samuel Street,E01025250,Preston 016D,Anti-social behaviour,,
,2021-06,Lancashire Constabulary,Lancashire Constabulary,-2.674286,53.763246,On or near Redmayne Street,E01025250,Preston 016D,Anti-social behaviour,,
,2021-06,Lancashire Constabulary,Lancashire Constabulary,-2.672515,53.762555,On or near Samuel Street,E01025250,Preston 016D,Anti-social behaviour,,
,2021-06,Lancashire Constabulary,Lancashire Constabulary,-2.674784,53.763117,On or near Cave Street,E01025250,Preston 016D,Anti-social behaviour,,
,2021-06,Lancashire Constabulary,Lancashire Constabulary,-2.671291,53.762831,On or near Arnhem Road,E01025250,Preston 016D,Anti-social behaviour,,
,2021-06,Lancashire Constabulary,Lancashire Constabulary,-2.673347,53.761453,On or near Cliffe Court,E01025250,Preston 016D,Anti-social behaviour,,
,2021-06,Lancashire Constabulary,Lancashire Constabulary,-2.674784,53.763117,On or near Cave Street,E01025250,Preston 016D,Anti-social behaviour,,
,2021-06,Lancashire Constabulary,Lancashire Constabulary,-2.672629,53.761161,On or near Fishwick View,E01025250,Preston 016D,Anti-social behaviour,,
51d0b60223c0ff2b389bc2c6344f30ee54e826124e37d05b75996772a95b8057,2021-06,Lancashire Constabulary,Lancashire Constabulary,-2.672515,53.762555,On or near Samuel Street,E01025250,Preston 016D,Bicycle theft,Investigation complete; no suspect identified,
68cab631472138234f651a48be670d0e0db5b166b2ccdfb9404278e5bd00fa1e,2021-06,Lancashire Constabulary,Lancashire Constabulary,-2.673344,53.764087,On or near New Hall Lane,E01025250,Preston 016D,Bicycle theft,Investigation complete; no suspect identified,
17535c69bfb55e0245b86c233ef54a5b607a39c3d5b26349e0322de06e545ab4,2021-06,Lancashire Constabulary,Lancashire Constabulary,-2.674784,53.763117,On or near Cave Street,E01025250,Preston 016D,Criminal damage and arson,Unable to prosecute suspect,
90462b478dffbdf47eb726e7a8cba8f52da1ce67e81f30726e77c34d3faf8bba,2021-06,Lancashire Constabulary,Lancashire Constabulary,-2.672761,53.763686,On or near Knowles Street,E01025250,Preston 016D,Criminal damage and arson,Investigation complete; no suspect identified,
b0c9a44807c3157642dc3cefef708969bc15a9f7a93e17c1faa7ded4c775b7ca,2021-06,Lancashire Constabulary,Lancashire Constabulary,-2.672014,53.763474,On or near Fishwick Parade,E01025250,Preston 016D,Criminal damage and arson,Unable to prosecute suspect,
b6bcddea977b247dc9a824b3d5f233d02acc5a929225a94a0649942a8c9a4e08,2021-06,Lancashire Constabulary,Lancashire Constabulary,-2.674074,53.762357,On or near Leo Case Court,E01025250,Preston 016D,Drugs,Action to be taken by another organisation,
13e66d460e6153164cd41964464f86022216674c75021d6dcff3e654952eb9e8,2021-06,Lancashire Constabulary,Lancashire Constabulary,-2.674074,53.762357,On or near Leo Case Court,E01025250,Preston 016D,Possession of weapons,Unable to prosecute suspect,
9d85d4c24c88ba86ef4b547987d7dd55e62a87d704516d2fa491569879e50959,2021-06,Lancashire Constabulary,Lancashire Constabulary,-2.670846,53.761566,On or near Felstead Street,E01025250,Preston 016D,Vehicle crime,Unable to prosecute suspect,
7273d3bb1ddd0db4cee7d41b64d9532dd74f52819ef953a7b5056f1c26f1620c,2021-06,Lancashire Constabulary,Lancashire Constabulary,-2.671811,53.764078,On or near Mete Street,E01025250,Preston 016D,Violence and sexual offences,Unable to prosecute suspect,
90361660473bf856dc35bc2aa1257452965e00925ef8f98e2fb0022ac090ffd8,2021-06,Lancashire Constabulary,Lancashire Constabulary,-2.673757,53.763384,On or near Elijah Street,E01025250,Preston 016D,Violence and sexual offences,Court result unavailable,
a64a6a1f43927869ec9d7a8d1c786c401aaee3f541cf860c96bfc3ffd3432a72,2021-06,Lancashire Constabulary,Lancashire Constabulary,-2.672014,53.763474,On or near Fishwick Parade,E01025250,Preston 016D,Violence and sexual offences,Unable to prosecute suspect,
41c2e9d0ce19f6d3b0a7cb392dd86e13fa138d19588bb07b436a11e4fc15273d,2021-06,Lancashire Constabulary,Lancashire Constabulary,-2.670580,53.764849,On or near Beenland Street,E01025250,Preston 016D,Violence and sexual offences,Unable to prosecute suspect,
2550506fdc15a97cc8192f8ef54a3b28dfee80b49bade768c6610283d21a8c33,2021-06,Lancashire Constabulary,Lancashire Constabulary,-2.673344,53.764087,On or near New Hall Lane,E01025250,Preston 016D,Violence and sexual offences,Investigation complete; no suspect identified,
755aca37ecc94d63fa41f3707deeac49e60b2ce47c211ae20ca208581e7028f7,2021-06,Lancashire Constabulary,Lancashire Constabulary,-2.673344,53.764087,On or near New Hall Lane,E01025250,Preston 016D,Violence and sexual offences,Unable to prosecute suspect,
,2021-06,Lancashire Constabulary,Lancashire Constabulary,-2.681297,53.754038,On or near Hillside Road,E01025304,Preston 016E,Anti-social behaviour,,
,2021-06,Lancashire Constabulary,Lancashire Constabulary,-2.688134,53.750152,On or near Malvern Street,E01025304,Preston 016E,Anti-social behaviour,,
,2021-06,Lancashire Constabulary,Lancashire Constabulary,-2.684023,53.751946,On or near Ashworth Lane,E01025304,Preston 016E,Anti-social behaviour,,
,2021-06,Lancashire Constabulary,Lancashire Constabulary,-2.685023,53.750026,On or near Boulevard,E01025304,Preston 016E,Anti-social behaviour,,
94d442a8977b381b7edb738913a89be2010c5f4111d3553bddb30b9c5f490ea1,2021-06,Lancashire Constabulary,Lancashire Constabulary,-2.681974,53.752767,On or near Mellings Fold,E01025304,Preston 016E,Criminal damage and arson,Action to be taken by another organisation,
e0966518a59e46a4734e8a8052db93b254a46a00ee7fa98b9c4eac22aca105c7,2021-06,Lancashire Constabulary,Lancashire Constabulary,-2.689835,53.750295,On or near Esplanade,E01025304,Preston 016E,Public order,Investigation complete; no suspect identified,
a7d17a5176afe57a3364c5926164cd942b200c1088be4d8751ad626f6e49e0a2,2021-06,Lancashire Constabulary,Lancashire Constabulary,-2.686498,53.750269,On or near Carlton Drive,E01025304,Preston 016E,Vehicle crime,Court result unavailable,
1c58ebdf5dd0d6ba928dea0aa6fd48aaf480581417431e597c8f43a272f3de9d,2021-06,Lancashire Constabulary,Lancashire Constabulary,-2.687312,53.750885,On or near Lawrence Avenue,E01025304,Preston 016E,Violence and sexual offences,Further investigation is not in the public interest,
4cb0df3148f303673ffe1e079a872bdff5eb5c2fb56b3cc23c44be8ccf649cf2,2021-06,Lancashire Constabulary,Lancashire Constabulary,-2.684168,53.754354,On or near Southern Parade,E01025304,Preston 016E,Violence and sexual offences,Investigation complete; no suspect identified,
57ab9c5e4a357745d4485a651bd90878699967f79497751b709186d9141db0ae,2021-06,Lancashire Constabulary,Lancashire Constabulary,-2.687312,53.750885,On or near Lawrence Avenue,E01025304,Preston 016E,Violence and sexual offences,Action to be taken by another organisation,
6f3342a77e12cc1741b385902ba7e7380e3f15828252d81f75e3e781d4d65205,2021-06,Lancashire Constabulary,Lancashire Constabulary,-2.684168,53.754354,On or near Southern Parade,E01025304,Preston 016E,Violence and sexual offences,Status update unavailable,
,2021-06,Lancashire Constabulary,Lancashire Constabulary,-2.685869,53.756340,On or near James Street,E01025305,Preston 016F,Anti-social behaviour,,
,2021-06,Lancashire Constabulary,Lancashire Constabulary,-2.684438,53.758838,On or near Primrose Hill,E01025305,Preston 016F,Anti-social behaviour,,
,2021-06,Lancashire Constabulary,Lancashire Constabulary,-2.685574,53.760548,On or near Witton Street,E01025305,Preston 016F,Anti-social behaviour,,
,2021-06,Lancashire Constabulary,Lancashire Constabulary,-2.684438,53.758838,On or near Primrose Hill,E01025305,Preston 016F,Anti-social behaviour,,
,2021-06,Lancashire Constabulary,Lancashire Constabulary,-2.685322,53.758168,On or near Albyn Street East,E01025305,Preston 016F,Anti-social behaviour,,
,2021-06,Lancashire Constabulary,Lancashire Constabulary,-2.685574,53.760548,On or near Witton Street,E01025305,Preston 016F,Anti-social behaviour,,
,2021-06,Lancashire Constabulary,Lancashire Constabulary,-2.685574,53.760548,On or near Witton Street,E01025305,Preston 016F,Anti-social behaviour,,
,2021-06,Lancashire Constabulary,Lancashire Constabulary,-2.682640,53.757374,On or near Clitheroe Street,E01025305,Preston 016F,Anti-social behaviour,,
0c5fac0841e8a659c58929003d982ea29c2c1e352442180f229b4d272f70fd37,2021-06,Lancashire Constabulary,Lancashire Constabulary,-2.685574,53.760548,On or near Witton Street,E01025305,Preston 016F,Other theft,Investigation complete; no suspect identified,
7c5c4ce756b940d089a82d0d3d5ec2397221de92126956c7efbafdb167274180,2021-06,Lancashire Constabulary,Lancashire Constabulary,-2.682737,53.756816,On or near London Road,E01025305,Preston 016F,Other theft,Unable to prosecute suspect,
d58eda5b9171b31c11392744c465cdee1c79e4a1f7c3fa7f8dd610828d5ff570,2021-06,Lancashire Constabulary,Lancashire Constabulary,-2.684101,53.756755,On or near Thomas Street,E01025305,Preston 016F,Public order,Investigation complete; no suspect identified,
d31099058c9bcd6400f331df0e6be5bda39ea83ecb22648e8cdda31ffa792e33,2021-06,Lancashire Constabulary,Lancashire Constabulary,-2.685933,53.756528,On or near Mellor Place,E01025305,Preston 016F,Public order,Unable to prosecute suspect,
2fccdb21ded81bf68e29e005e92407abb1323448a07d96343767eb4aa526dda5,2021-06,Lancashire Constabulary,Lancashire Constabulary,-2.685574,53.760548,On or near Witton Street,E01025305,Preston 016F,Violence and sexual offences,Unable to prosecute suspect,
cd0fef1d22222de8ad9cfcabd3081e85c0403b30ba80a52b24adea5b66110c49,2021-06,Lancashire Constabulary,Lancashire Constabulary,-2.684917,53.757514,On or near Livesey Street,E01025305,Preston 016F,Violence and sexual offences,Unable to prosecute suspect,
884fce76d7425964d3ca1102711074b614e6185b0d154f0637f707b7379d23ba,2021-06,Lancashire Constabulary,Lancashire Constabulary,-2.681413,53.756554,On or near Ashleigh Street,E01025305,Preston 016F,Violence and sexual offences,Unable to prosecute suspect,
afa3363716448bec3268fb65d4f24a8ba05b58e52b5605c65c41fa517b8501ba,2021-06,Lancashire Constabulary,Lancashire Constabulary,-2.686837,53.755274,On or near Trower Street,E01025305,Preston 016F,Violence and sexual offences,Status update unavailable,
9e3dbc863449263b7e8bb946a2bfc1cf3f3e90d9b54274de8c12beb13ab4a5c2,2021-06,Lancashire Constabulary,Lancashire Constabulary,-2.681413,53.756554,On or near Ashleigh Street,E01025305,Preston 016F,Violence and sexual offences,Unable to prosecute suspect,
495fb6f3c480bc01434c33f903d54729d5e9935b3c09edcb4e82346d68e1cebd,2021-06,Lancashire Constabulary,Lancashire Constabulary,-2.681413,53.756554,On or near Ashleigh Street,E01025305,Preston 016F,Violence and sexual offences,Unable to prosecute suspect,
ff0fec758ab343c6a74bc8a1736c6f9e9a0d58a3f12a54c573fd2f5df491eaa6,2021-06,Lancashire Constabulary,Lancashire Constabulary,-2.684408,53.755081,On or near Frenchwood Avenue,E01025305,Preston 016F,Violence and sexual offences,Unable to prosecute suspect,
511f3b7c43248d84dea3f822cebd1dcf5467a8b745521ad6b744563033bdae2b,2021-06,Lancashire Constabulary,Lancashire Constabulary,-2.681413,53.756554,On or near Ashleigh Street,E01025305,Preston 016F,Violence and sexual offences,Unable to prosecute suspect,
811d70043170dbd267b6e9b75595250a88fc3d8d332d864251617bdeccb24b43,2021-06,Lancashire Constabulary,Lancashire Constabulary,-2.685933,53.756528,On or near Mellor Place,E01025305,Preston 016F,Violence and sexual offences,Unable to prosecute suspect,
3e08901b193e4106942671937f6792b668fabda80b24f55871a2210d11fd58c7,2021-06,Lancashire Constabulary,Lancashire Constabulary,-2.684917,53.757514,On or near Livesey Street,E01025305,Preston 016F,Violence and sexual offences,Unable to prosecute suspect,
,2021-06,Lancashire Constabulary,Lancashire Constabulary,-2.714688,53.752855,On or near Taylor Street,E01025289,Preston 017A,Anti-social behaviour,,
,2021-06,Lancashire Constabulary,Lancashire Constabulary,-2.711529,53.757943,On or near Bow Lane,E01025289,Preston 017A,Anti-social behaviour,,
,2021-06,Lancashire Constabulary,Lancashire Constabulary,-2.714933,53.756557,On or near Langton Street,E01025289,Preston 017A,Anti-social behaviour,,
,2021-06,Lancashire Constabulary,Lancashire Constabulary,-2.711529,53.757943,On or near Bow Lane,E01025289,Preston 017A,Anti-social behaviour,,
,2021-06,Lancashire Constabulary,Lancashire Constabulary,-2.714183,53.754350,On or near Beech Street,E01025289,Preston 017A,Anti-social behaviour,,
,2021-06,Lancashire Constabulary,Lancashire Constabulary,-2.713942,53.758962,On or near Kingswood Street,E01025289,Preston 017A,Anti-social behaviour,,
,2021-06,Lancashire Constabulary,Lancashire Constabulary,-2.714590,53.754204,On or near Ribble Court,E01025289,Preston 017A,Anti-social behaviour,,
,2021-06,Lancashire Constabulary,Lancashire Constabulary,-2.714183,53.754350,On or near Beech Street,E01025289,Preston 017A,Anti-social behaviour,,
,2021-06,Lancashire Constabulary,Lancashire Constabulary,-2.714221,53.757505,On or near Fitzroy Street,E01025289,Preston 017A,Anti-social behaviour,,
,2021-06,Lancashire Constabulary,Lancashire Constabulary,-2.715339,53.757246,On or near Northcote Road,E01025289,Preston 017A,Anti-social behaviour,,
,2021-06,Lancashire Constabulary,Lancashire Constabulary,-2.714183,53.754350,On or near Beech Street,E01025289,Preston 017A,Anti-social behaviour,,
,2021-06,Lancashire Constabulary,Lancashire Constabulary,-2.716258,53.754212,On or near Broadgate,E01025289,Preston 017A,Anti-social behaviour,,
,2021-06,Lancashire Constabulary,Lancashire Constabulary,-2.714590,53.754204,On or near Ribble Court,E01025289,Preston 017A,Anti-social behaviour,,
,2021-06,Lancashire Constabulary,Lancashire Constabulary,-2.714347,53.753306,On or near Colman Court,E01025289,Preston 017A,Anti-social behaviour,,
,2021-06,Lancashire Constabulary,Lancashire Constabulary,-2.714688,53.752855,On or near Taylor Street,E01025289,Preston 017A,Anti-social behaviour,,
daaf6c8724927307599c751a91a568ce1f98f4d103e5b5c6892e18defdf21863,2021-06,Lancashire Constabulary,Lancashire Constabulary,-2.714715,53.757124,On or near Carnarvon Road,E01025289,Preston 017A,Criminal damage and arson,Unable to prosecute suspect,
4ff5cfede81449448562dde1fe15ad2314886d11a9e58f43321c9c7ddc899021,2021-06,Lancashire Constabulary,Lancashire Constabulary,-2.714183,53.754350,On or near Beech Street,E01025289,Preston 017A,Criminal damage and arson,Status update unavailable,
9425ef36805bd73e77166f36044f48095c985c5775497bbb44f1dea67f781049,2021-06,Lancashire Constabulary,Lancashire Constabulary,-2.714243,53.757046,On or near Burleigh Road,E01025289,Preston 017A,Criminal damage and arson,Investigation complete; no suspect identified,
998d6a2edd513fe272dd6ea116186f4156525362797d7858dd22c82542d33646,2021-06,Lancashire Constabulary,Lancashire Constabulary,-2.715339,53.757246,On or near Northcote Road,E01025289,Preston 017A,Criminal damage and arson,Unable to prosecute suspect,
215bf21c31e623c37f3b4f6da1cf34fd5123e39266d58144ee92088cb52643fd,2021-06,Lancashire Constabulary,Lancashire Constabulary,-2.714183,53.754350,On or near Beech Street,E01025289,Preston 017A,Criminal damage and arson,Status update unavailable,
27ce73e6fbe5979c3e1f878e71df6395a80c363e0454c7ad3d4a6710a3650939,2021-06,Lancashire Constabulary,Lancashire Constabulary,-2.714347,53.753306,On or near Colman Court,E01025289,Preston 017A,Criminal damage and arson,Investigation complete; no suspect identified,
505464d5b9221aa7248c856529c2811368aef6b2ece5b018ec8e3a1091975c28,2021-06,Lancashire Constabulary,Lancashire Constabulary,-2.714715,53.757124,On or near Carnarvon Road,E01025289,Preston 017A,Other theft,Unable to prosecute suspect,
5a381a16f02016ad7ecf8b979a791a637d4a87e43bf60579c87ec513ebb98806,2021-06,Lancashire Constabulary,Lancashire Constabulary,-2.714243,53.757046,On or near Burleigh Road,E01025289,Preston 017A,Other theft,Unable to prosecute suspect,
c5a80bba2901a633fdde3ab44e8fc0eb6ef6132954c896edc2a9ae374934482a,2021-06,Lancashire Constabulary,Lancashire Constabulary,-2.714183,53.754350,On or near Beech Street,E01025289,Preston 017A,Public order,Unable to prosecute suspect,
3b60356591409f7811af9b0ea5b79f484989587e4992369a208fabd8d95cb79d,2021-06,Lancashire Constabulary,Lancashire Constabulary,-2.714688,53.752855,On or near Taylor Street,E01025289,Preston 017A,Public order,Status update unavailable,
c4489216cd4601b8bcabe2424fc1648c994f6bbd23289861d5c380a4ae8e2cbe,2021-06,Lancashire Constabulary,Lancashire Constabulary,-2.714933,53.756557,On or near Langton Street,E01025289,Preston 017A,Public order,Unable to prosecute suspect,
69cf70c12dc2c7ea029e94e76077f73597bf9646d7e571232b1b2a26673216da,2021-06,Lancashire Constabulary,Lancashire Constabulary,-2.714590,53.754204,On or near Ribble Court,E01025289,Preston 017A,Public order,Investigation complete; no suspect identified,
6f21788d861621be76076dc85173fbec69693c2e11c66b6bb2528617dd722f04,2021-06,Lancashire Constabulary,Lancashire Constabulary,-2.712676,53.757613,On or near Maple Crescent,E01025289,Preston 017A,Robbery,Status update unavailable,
def2a841de060f647c34e12c62c66d5e141ae31682261e813a82be96dc4dc48f,2021-06,Lancashire Constabulary,Lancashire Constabulary,-2.714715,53.757124,On or near Carnarvon Road,E01025289,Preston 017A,Violence and sexual offences,Unable to prosecute suspect,
c23dbeb80fb78199d44f473c745e82de43c7af55dca36ee9edd49845c011941c,2021-06,Lancashire Constabulary,Lancashire Constabulary,-2.715543,53.753173,On or near Brixey Street,E01025289,Preston 017A,Violence and sexual offences,Status update unavailable,
88db1e2020a07c76ca0031dff99dda04649d9081c4e9abb956f36d3e4ded68c6,2021-06,Lancashire Constabulary,Lancashire Constabulary,-2.714183,53.754350,On or near Beech Street,E01025289,Preston 017A,Violence and sexual offences,Local resolution,
4843d751e69e8e8af292d2168bbe739a6265d0ec9ee4d6448d8c4bb64321f0bf,2021-06,Lancashire Constabulary,Lancashire Constabulary,-2.716258,53.754212,On or near Broadgate,E01025289,Preston 017A,Violence and sexual offences,Further investigation is not in the public interest,
4cd0cc1e1d6667a8df1237cd178eee613b7369dbb42a6b7fbf9160ac88021134,2021-06,Lancashire Constabulary,Lancashire Constabulary,-2.715339,53.757246,On or near Northcote Road,E01025289,Preston 017A,Violence and sexual offences,Unable to prosecute suspect,
055af3431bd36fe21aa9e3b3d78d1ca9bfdd8bd2697f0cd82a816d92f4b0d79a,2021-06,Lancashire Constabulary,Lancashire Constabulary,-2.715306,53.756222,On or near Hartington Road,E01025289,Preston 017A,Violence and sexual offences,Further investigation is not in the public interest,
8779477a48adfc2bb9e84aaa2a0f1f37611fc494b364ad6b366d5cba5dda50ca,2021-06,Lancashire Constabulary,Lancashire Constabulary,-2.714347,53.753306,On or near Colman Court,E01025289,Preston 017A,Violence and sexual offences,Unable to prosecute suspect,
f5c6147c58803af421623431f7939cf389d5c3faef9320d28d19d689768fbf01,2021-06,Lancashire Constabulary,Lancashire Constabulary,-2.713942,53.758962,On or near Kingswood Street,E01025289,Preston 017A,Violence and sexual offences,Unable to prosecute suspect,
,2021-06,Lancashire Constabulary,Lancashire Constabulary,-2.712619,53.752490,On or near Beech Street South,E01025290,Preston 017B,Anti-social behaviour,,
,2021-06,Lancashire Constabulary,Lancashire Constabulary,-2.712619,53.752490,On or near Beech Street South,E01025290,Preston 017B,Anti-social behaviour,,
,2021-06,Lancashire Constabulary,Lancashire Constabulary,-2.708886,53.755945,On or near Christian Road,E01025290,Preston 017B,Anti-social behaviour,,
,2021-06,Lancashire Constabulary,Lancashire Constabulary,-2.711530,53.757107,On or near Ladyman Street,E01025290,Preston 017B,Anti-social behaviour,,
,2021-06,Lancashire Constabulary,Lancashire Constabulary,-2.712619,53.752490,On or near Beech Street South,E01025290,Preston 017B,Anti-social behaviour,,
,2021-06,Lancashire Constabulary,Lancashire Constabulary,-2.710053,53.755876,On or near Walton'S Parade,E01025290,Preston 017B,Anti-social behaviour,,
,2021-06,Lancashire Constabulary,Lancashire Constabulary,-2.713692,53.755818,On or near Osborne Street,E01025290,Preston 017B,Anti-social behaviour,,
,2021-06,Lancashire Constabulary,Lancashire Constabulary,-2.712690,53.756678,On or near Good Street,E01025290,Preston 017B,Anti-social behaviour,,
,2021-06,Lancashire Constabulary,Lancashire Constabulary,-2.711530,53.757107,On or near Ladyman Street,E01025290,Preston 017B,Anti-social behaviour,,
,2021-06,Lancashire Constabulary,Lancashire Constabulary,-2.713692,53.755818,On or near Osborne Street,E01025290,Preston 017B,Anti-social behaviour,,
,2021-06,Lancashire Constabulary,Lancashire Constabulary,-2.710053,53.755876,On or near Walton'S Parade,E01025290,Preston 017B,Anti-social behaviour,,
,2021-06,Lancashire Constabulary,Lancashire Constabulary,-2.708886,53.755945,On or near Christian Road,E01025290,Preston 017B,Anti-social behaviour,,
,2021-06,Lancashire Constabulary,Lancashire Constabulary,-2.712619,53.752490,On or near Beech Street South,E01025290,Preston 017B,Anti-social behaviour,,
,2021-06,Lancashire Constabulary,Lancashire Constabulary,-2.709496,53.756167,On or near Stanley Place,E01025290,Preston 017B,Anti-social behaviour,,
,2021-06,Lancashire Constabulary,Lancashire Constabulary,-2.712690,53.756678,On or near Good Street,E01025290,Preston 017B,Anti-social behaviour,,
,2021-06,Lancashire Constabulary,Lancashire Constabulary,-2.713692,53.755818,On or near Osborne Street,E01025290,Preston 017B,Anti-social behaviour,,
8743c2a0f76c215b7e571a8df7fdce228f1370b987c64ef3cfc3d03b0a9e0e43,2021-06,Lancashire Constabulary,Lancashire Constabulary,-2.709516,53.753713,On or near West Cliff,E01025290,Preston 017B,Criminal damage and arson,Investigation complete; no suspect identified,
a564b5dfab1a13b87b1527ae236b11587752ae36444046713cbb9357f61b8ac2,2021-06,Lancashire Constabulary,Lancashire Constabulary,-2.709516,53.753713,On or near West Cliff,E01025290,Preston 017B,Criminal damage and arson,Unable to prosecute suspect,
9782d299c5a97f2a84b90e7e53738c50cac416d7fd5dfaf5f7b9ce0cf70d63f5,2021-06,Lancashire Constabulary,Lancashire Constabulary,-2.712645,53.754018,On or near Lauderdale Street,E01025290,Preston 017B,Criminal damage and arson,Court result unavailable,
11ec7597818afe0b8365d67a62dd08be0b7eebc0235ecc9c988714771d3c94ad,2021-06,Lancashire Constabulary,Lancashire Constabulary,-2.711814,53.753304,On or near Hind Street,E01025290,Preston 017B,Criminal damage and arson,Unable to prosecute suspect,
c9291afb7389ea59729ce2faac527a4af0cca51854aa669194696111ba8c41cf,2021-06,Lancashire Constabulary,Lancashire Constabulary,-2.709496,53.756167,On or near Stanley Place,E01025290,Preston 017B,Criminal damage and arson,Investigation complete; no suspect identified,
c9e73d6efe97073b080a3ad9015edcf7e8dfb503a4e092c2e35829225f9465d6,2021-06,Lancashire Constabulary,Lancashire Constabulary,-2.713692,53.755818,On or near Osborne Street,E01025290,Preston 017B,Criminal damage and arson,Offender given a caution,
2baac2990f76c36c4fd5e025f14d711096508ff6e561284649550dca2fb96c15,2021-06,Lancashire Constabulary,Lancashire Constabulary,-2.710053,53.755876,On or near Walton'S Parade,E01025290,Preston 017B,Other theft,Investigation complete; no suspect identified,
d37098a08f559b8d3528084c2225470ff0bb9cb4a98c115dbadb7f370c533578,2021-06,Lancashire Constabulary,Lancashire Constabulary,-2.708886,53.755945,On or near Christian Road,E01025290,Preston 017B,Other theft,Status update unavailable,
52a88c4933ec3d37ed08dd9bf09e301925fd72f0e9901a20b9e346a9703543e5,2021-06,Lancashire Constabulary,Lancashire Constabulary,-2.711814,53.753304,On or near Hind Street,E01025290,Preston 017B,Public order,Unable to prosecute suspect,
2b0a1ef1b579e78c062957787b1ec2a82c78eb54aabd2ffc86b1fba1ca7bc5ed,2021-06,Lancashire Constabulary,Lancashire Constabulary,-2.709496,53.756167,On or near Stanley Place,E01025290,Preston 017B,Theft from the person,Unable to prosecute suspect,
403a749263d5637b7ec414150e8deb88cbf2e51de93f1e4cd048ff502b628839,2021-06,Lancashire Constabulary,Lancashire Constabulary,-2.712645,53.754018,On or near Lauderdale Street,E01025290,Preston 017B,Violence and sexual offences,Status update unavailable,
1e30a7c9728281abb7f8d51ba1a6ffbae8ae59d943e6b61d92be5aa58997cd6a,2021-06,Lancashire Constabulary,Lancashire Constabulary,-2.712619,53.752490,On or near Beech Street South,E01025290,Preston 017B,Violence and sexual offences,Unable to prosecute suspect,
dff813cd369918c08144dd283e745696ca8ab5313a9d1ee4a43f80467693df0c,2021-06,Lancashire Constabulary,Lancashire Constabulary,-2.712645,53.754018,On or near Lauderdale Street,E01025290,Preston 017B,Violence and sexual offences,Court result unavailable,
62805b28217ed07673be93060dcf91247c4bd9feb83c9726d7661c1e5e651ec7,2021-06,Lancashire Constabulary,Lancashire Constabulary,-2.713692,53.755818,On or near Osborne Street,E01025290,Preston 017B,Violence and sexual offences,Unable to prosecute suspect,
0b8c2d7ac3cec5c5e03cae06a798960e426a59f29b409854297a7dc8bf2748db,2021-06,Lancashire Constabulary,Lancashire Constabulary,-2.713692,53.755818,On or near Osborne Street,E01025290,Preston 017B,Violence and sexual offences,Status update unavailable,
3a2ad6d722ebd33b0c9d6f7015a1d6e063795e137ab6e14fb7bb95b02f1b23d1,2021-06,Lancashire Constabulary,Lancashire Constabulary,-2.713692,53.755818,On or near Osborne Street,E01025290,Preston 017B,Violence and sexual offences,Status update unavailable,
d5fac0abc15e66697ceff5d0fbfc8215b982fcabde1a9d14ba729d21f4d3796c,2021-06,Lancashire Constabulary,Lancashire Constabulary,-2.712645,53.754018,On or near Lauderdale Street,E01025290,Preston 017B,Violence and sexual offences,Unable to prosecute suspect,
9fbb810744fdc10f272cd08b55208a6063b3576edfe0e3f0cccd683407ab14ec,2021-06,Lancashire Constabulary,Lancashire Constabulary,-2.712619,53.752490,On or near Beech Street South,E01025290,Preston 017B,Violence and sexual offences,Status update unavailable,
9052f6bc5eb92d434a7f697d288c0d3b451b0aa041abfe2b2438c17d86e43c95,2021-06,Lancashire Constabulary,Lancashire Constabulary,-2.712645,53.754018,On or near Lauderdale Street,E01025290,Preston 017B,Violence and sexual offences,Unable to prosecute suspect,
dd6aa94f289a47a5d8dd6954b637d23a312311a3326610f06ba5c046139a0334,2021-06,Lancashire Constabulary,Lancashire Constabulary,-2.708827,53.756917,On or near Fishergate,E01025290,Preston 017B,Violence and sexual offences,Unable to prosecute suspect,
9f95367c987651fbb47bcde05dcfabea93dfbd4bc8b75465987330328c5868e0,2021-06,Lancashire Constabulary,Lancashire Constabulary,-2.712690,53.756678,On or near Good Street,E01025290,Preston 017B,Violence and sexual offences,Unable to prosecute suspect,
,2021-06,Lancashire Constabulary,Lancashire Constabulary,-2.712160,53.751324,On or near Hassett Close,E01025291,Preston 017C,Anti-social behaviour,,
,2021-06,Lancashire Constabulary,Lancashire Constabulary,-2.707833,53.751071,On or near Sports/Recreation Area,E01025291,Preston 017C,Anti-social behaviour,,
,2021-06,Lancashire Constabulary,Lancashire Constabulary,-2.710294,53.752207,On or near Meadow Court,E01025291,Preston 017C,Anti-social behaviour,,
,2021-06,Lancashire Constabulary,Lancashire Constabulary,-2.712160,53.751324,On or near Hassett Close,E01025291,Preston 017C,Anti-social behaviour,,
,2021-06,Lancashire Constabulary,Lancashire Constabulary,-2.712160,53.751324,On or near Hassett Close,E01025291,Preston 017C,Anti-social behaviour,,
,2021-06,Lancashire Constabulary,Lancashire Constabulary,-2.710294,53.752207,On or near Meadow Court,E01025291,Preston 017C,Anti-social behaviour,,
,2021-06,Lancashire Constabulary,Lancashire Constabulary,-2.710294,53.752207,On or near Meadow Court,E01025291,Preston 017C,Anti-social behaviour,,
,2021-06,Lancashire Constabulary,Lancashire Constabulary,-2.714542,53.752299,On or near Clifton Street,E01025291,Preston 017C,Anti-social behaviour,,
,2021-06,Lancashire Constabulary,Lancashire Constabulary,-2.712160,53.751324,On or near Hassett Close,E01025291,Preston 017C,Anti-social behaviour,,
,2021-06,Lancashire Constabulary,Lancashire Constabulary,-2.712160,53.751324,On or near Hassett Close,E01025291,Preston 017C,Anti-social behaviour,,
,2021-06,Lancashire Constabulary,Lancashire Constabulary,-2.712160,53.751324,On or near Hassett Close,E01025291,Preston 017C,Anti-social behaviour,,
,2021-06,Lancashire Constabulary,Lancashire Constabulary,-2.712160,53.751324,On or near Hassett Close,E01025291,Preston 017C,Anti-social behaviour,,
,2021-06,Lancashire Constabulary,Lancashire Constabulary,-2.716074,53.751400,On or near Broadgate,E01025291,Preston 017C,Anti-social behaviour,,
,2021-06,Lancashire Constabulary,Lancashire Constabulary,-2.712160,53.751324,On or near Hassett Close,E01025291,Preston 017C,Anti-social behaviour,,
,2021-06,Lancashire Constabulary,Lancashire Constabulary,-2.712160,53.751324,On or near Hassett Close,E01025291,Preston 017C,Anti-social behaviour,,
,2021-06,Lancashire Constabulary,Lancashire Constabulary,-2.707833,53.751071,On or near Sports/Recreation Area,E01025291,Preston 017C,Anti-social behaviour,,
,2021-06,Lancashire Constabulary,Lancashire Constabulary,-2.716074,53.751400,On or near Broadgate,E01025291,Preston 017C,Anti-social behaviour,,
,2021-06,Lancashire Constabulary,Lancashire Constabulary,-2.710862,53.749004,On or near South End,E01025291,Preston 017C,Anti-social behaviour,,
a8bef651fa671c7863528440de539e1c576618c4dd77090372defdcd8178d7b6,2021-06,Lancashire Constabulary,Lancashire Constabulary,-2.709967,53.750789,On or near Woods Green,E01025291,Preston 017C,Criminal damage and arson,Investigation complete; no suspect identified,
9698586729ba637830ee9b9f39f418360974f544cb374c3ee2c56e14359edc7a,2021-06,Lancashire Constabulary,Lancashire Constabulary,-2.716074,53.751400,On or near Broadgate,E01025291,Preston 017C,Criminal damage and arson,Investigation complete; no suspect identified,
b3f85e9979734d9dd79ba88d26c904cdf0463a0760cbc6fb9562ffb6de83137c,2021-06,Lancashire Constabulary,Lancashire Constabulary,-2.712160,53.751324,On or near Hassett Close,E01025291,Preston 017C,Other theft,Unable to prosecute suspect,
77f36ce58bdd80346daae05b37834e959e960a90ef6457d0bda65d4f71baab6d,2021-06,Lancashire Constabulary,Lancashire Constabulary,-2.715589,53.752337,On or near Tay Street,E01025291,Preston 017C,Public order,Unable to prosecute suspect,
d61231cd7a6c4b174639c12e350ee2f7f52fe9f3d17ffa79505153fe047621b5,2021-06,Lancashire Constabulary,Lancashire Constabulary,-2.710862,53.749004,On or near South End,E01025291,Preston 017C,Public order,Status update unavailable,
deb1f2ccd71d26b6317de5b20cd985c55c886828c9afc4963ee8d30e6fa97316,2021-06,Lancashire Constabulary,Lancashire Constabulary,-2.711597,53.748568,On or near Riverside,E01025291,Preston 017C,Violence and sexual offences,Unable to prosecute suspect,
00cfd4f945b1bc6a8e98aa8460822b6391d1ebb793f019f94d2f3b3cdd84cc79,2021-06,Lancashire Constabulary,Lancashire Constabulary,-2.712160,53.751324,On or near Hassett Close,E01025291,Preston 017C,Violence and sexual offences,Unable to prosecute suspect,
19d16687c2dfb960f5a70ab8299b88e990ce2ffee84638d5047d3a5b1c612349,2021-06,Lancashire Constabulary,Lancashire Constabulary,-2.712160,53.751324,On or near Hassett Close,E01025291,Preston 017C,Violence and sexual offences,Unable to prosecute suspect,
1d95b01b55a38ebdf4c7bc29d6ff36f3dbc0897b81090d2ea0c1f7d62b2a1274,2021-06,Lancashire Constabulary,Lancashire Constabulary,-2.715589,53.752337,On or near Tay Street,E01025291,Preston 017C,Violence and sexual offences,Unable to prosecute suspect,
5044c272d0a2ef201366152cebab0da51eb5e2468f058f1ba601b8a412768013,2021-06,Lancashire Constabulary,Lancashire Constabulary,-2.710294,53.752207,On or near Meadow Court,E01025291,Preston 017C,Violence and sexual offences,Unable to prosecute suspect,
590c137a7f215d4c602f936b556a2224c260a49f40a5bd03d4ce6e93a02febd6,2021-06,Lancashire Constabulary,Lancashire Constabulary,-2.716074,53.751400,On or near Broadgate,E01025291,Preston 017C,Violence and sexual offences,Investigation complete; no suspect identified,
e78b4f590b7e7aa316c9f99da2057af777e84e67ffa2b5c2e154dbdab886723d,2021-06,Lancashire Constabulary,Lancashire Constabulary,-2.710294,53.752207,On or near Meadow Court,E01025291,Preston 017C,Violence and sexual offences,Unable to prosecute suspect,
d108585feac68c9a565478fcd343570ff739bd9d6470808621c61782fcd8d473,2021-06,Lancashire Constabulary,Lancashire Constabulary,-2.715589,53.752337,On or near Tay Street,E01025291,Preston 017C,Other crime,Status update unavailable,
,2021-06,Lancashire Constabulary,Lancashire Constabulary,-2.704312,53.757222,On or near Theatre Street,E01025306,Preston 017D,Anti-social behaviour,,
,2021-06,Lancashire Constabulary,Lancashire Constabulary,-2.703588,53.756597,On or near Mount Street,E01025306,Preston 017D,Anti-social behaviour,,
,2021-06,Lancashire Constabulary,Lancashire Constabulary,-2.702518,53.757862,On or near Fishergate,E01025306,Preston 017D,Anti-social behaviour,,
,2021-06,Lancashire Constabulary,Lancashire Constabulary,-2.701517,53.757876,On or near Shopping Area,E01025306,Preston 017D,Anti-social behaviour,,
,2021-06,Lancashire Constabulary,Lancashire Constabulary,-2.702499,53.758563,On or near Shopping Area,E01025306,Preston 017D,Anti-social behaviour,,
,2021-06,Lancashire Constabulary,Lancashire Constabulary,-2.703588,53.756597,On or near Mount Street,E01025306,Preston 017D,Anti-social behaviour,,
,2021-06,Lancashire Constabulary,Lancashire Constabulary,-2.701517,53.757876,On or near Shopping Area,E01025306,Preston 017D,Anti-social behaviour,,
,2021-06,Lancashire Constabulary,Lancashire Constabulary,-2.702499,53.758563,On or near Shopping Area,E01025306,Preston 017D,Anti-social behaviour,,
,2021-06,Lancashire Constabulary,Lancashire Constabulary,-2.703899,53.757961,On or near Surgeon'S Court,E01025306,Preston 017D,Anti-social behaviour,,
,2021-06,Lancashire Constabulary,Lancashire Constabulary,-2.703833,53.754007,On or near East Cliff,E01025306,Preston 017D,Anti-social behaviour,,
,2021-06,Lancashire Constabulary,Lancashire Constabulary,-2.700626,53.754493,On or near Ribblesdale Place,E01025306,Preston 017D,Anti-social behaviour,,
,2021-06,Lancashire Constabulary,Lancashire Constabulary,-2.703588,53.756597,On or near Mount Street,E01025306,Preston 017D,Anti-social behaviour,,
,2021-06,Lancashire Constabulary,Lancashire Constabulary,-2.704312,53.757222,On or near Theatre Street,E01025306,Preston 017D,Anti-social behaviour,,
,2021-06,Lancashire Constabulary,Lancashire Constabulary,-2.704312,53.757222,On or near Theatre Street,E01025306,Preston 017D,Anti-social behaviour,,
,2021-06,Lancashire Constabulary,Lancashire Constabulary,-2.705052,53.757928,On or near Charnley Street,E01025306,Preston 017D,Anti-social behaviour,,
,2021-06,Lancashire Constabulary,Lancashire Constabulary,-2.694098,53.755025,On or near Oxford Street,E01025306,Preston 017D,Anti-social behaviour,,
,2021-06,Lancashire Constabulary,Lancashire Constabulary,-2.701226,53.754966,On or near Camden Place,E01025306,Preston 017D,Anti-social behaviour,,
,2021-06,Lancashire Constabulary,Lancashire Constabulary,-2.700626,53.754493,On or near Ribblesdale Place,E01025306,Preston 017D,Anti-social behaviour,,
,2021-06,Lancashire Constabulary,Lancashire Constabulary,-2.703857,53.759049,On or near Fleet Street,E01025306,Preston 017D,Anti-social behaviour,,
,2021-06,Lancashire Constabulary,Lancashire Constabulary,-2.695547,53.753642,On or near Bank Parade,E01025306,Preston 017D,Anti-social behaviour,,
,2021-06,Lancashire Constabulary,Lancashire Constabulary,-2.699581,53.756369,On or near Cross Street,E01025306,Preston 017D,Anti-social behaviour,,
,2021-06,Lancashire Constabulary,Lancashire Constabulary,-2.694923,53.754472,On or near Avenham Place,E01025306,Preston 017D,Anti-social behaviour,,
,2021-06,Lancashire Constabulary,Lancashire Constabulary,-2.694923,53.754472,On or near Avenham Place,E01025306,Preston 017D,Anti-social behaviour,,
,2021-06,Lancashire Constabulary,Lancashire Constabulary,-2.701152,53.755074,On or near Back Starkie Street,E01025306,Preston 017D,Anti-social behaviour,,
,2021-06,Lancashire Constabulary,Lancashire Constabulary,-2.702499,53.758563,On or near Shopping Area,E01025306,Preston 017D,Anti-social behaviour,,
,2021-06,Lancashire Constabulary,Lancashire Constabulary,-2.703899,53.757961,On or near Surgeon'S Court,E01025306,Preston 017D,Anti-social behaviour,,
,2021-06,Lancashire Constabulary,Lancashire Constabulary,-2.705763,53.756944,On or near Shopping Area,E01025306,Preston 017D,Anti-social behaviour,,
,2021-06,Lancashire Constabulary,Lancashire Constabulary,-2.705763,53.756944,On or near Shopping Area,E01025306,Preston 017D,Anti-social behaviour,,
,2021-06,Lancashire Constabulary,Lancashire Constabulary,-2.700626,53.754493,On or near Ribblesdale Place,E01025306,Preston 017D,Anti-social behaviour,,
,2021-06,Lancashire Constabulary,Lancashire Constabulary,-2.696999,53.754334,On or near Latham Street,E01025306,Preston 017D,Anti-social behaviour,,
,2021-06,Lancashire Constabulary,Lancashire Constabulary,-2.703857,53.759049,On or near Fleet Street,E01025306,Preston 017D,Anti-social behaviour,,
,2021-06,Lancashire Constabulary,Lancashire Constabulary,-2.695547,53.753642,On or near Bank Parade,E01025306,Preston 017D,Anti-social behaviour,,
,2021-06,Lancashire Constabulary,Lancashire Constabulary,-2.700626,53.754493,On or near Ribblesdale Place,E01025306,Preston 017D,Anti-social behaviour,,
,2021-06,Lancashire Constabulary,Lancashire Constabulary,-2.701152,53.755074,On or near Back Starkie Street,E01025306,Preston 017D,Anti-social behaviour,,
,2021-06,Lancashire Constabulary,Lancashire Constabulary,-2.703857,53.759049,On or near Fleet Street,E01025306,Preston 017D,Anti-social behaviour,,
,2021-06,Lancashire Constabulary,Lancashire Constabulary,-2.699581,53.756369,On or near Cross Street,E01025306,Preston 017D,Anti-social behaviour,,
,2021-06,Lancashire Constabulary,Lancashire Constabulary,-2.703857,53.759049,On or near Fleet Street,E01025306,Preston 017D,Anti-social behaviour,,
,2021-06,Lancashire Constabulary,Lancashire Constabulary,-2.703056,53.755566,On or near Garden Street,E01025306,Preston 017D,Anti-social behaviour,,
,2021-06,Lancashire Constabulary,Lancashire Constabulary,-2.705763,53.756944,On or near Shopping Area,E01025306,Preston 017D,Anti-social behaviour,,
,2021-06,Lancashire Constabulary,Lancashire Constabulary,-2.704312,53.757222,On or near Theatre Street,E01025306,Preston 017D,Anti-social behaviour,,
,2021-06,Lancashire Constabulary,Lancashire Constabulary,-2.703857,53.759049,On or near Fleet Street,E01025306,Preston 017D,Anti-social behaviour,,
,2021-06,Lancashire Constabulary,Lancashire Constabulary,-2.702478,53.758230,On or near Chapel Walks,E01025306,Preston 017D,Anti-social behaviour,,
9618d15d5e1c0782ff27a492a278a2e569af020f5546ec60ad3e27a4db8d7a86,2021-06,Lancashire Constabulary,Lancashire Constabulary,-2.694923,53.754472,On or near Avenham Place,E01025306,Preston 017D,Burglary,Investigation complete; no suspect identified,
1a979d2e4ce40ce57876eb53ce77b01d780469faf88f74afdadfecb057ecfc3b,2021-06,Lancashire Constabulary,Lancashire Constabulary,-2.694626,53.754852,On or near Tenby Road,E01025306,Preston 017D,Criminal damage and arson,Investigation complete; no suspect identified,
d3a902579b92f4ef3ca1e055bb1ccb52c303d8bf6bb6ef7edd193282303279fa,2021-06,Lancashire Constabulary,Lancashire Constabulary,-2.705763,53.756944,On or near Shopping Area,E01025306,Preston 017D,Criminal damage and arson,Status update unavailable,
6d615316274f677b5e734862a1f8d7f7d7aa4b07e599680925356cf303b0ab4b,2021-06,Lancashire Constabulary,Lancashire Constabulary,-2.694923,53.754472,On or near Avenham Place,E01025306,Preston 017D,Criminal damage and arson,Unable to prosecute suspect,
c84fd690a7adfca01c78c6ed4fa98adbfd71ba0720f7d48c6af00408aa023a9b,2021-06,Lancashire Constabulary,Lancashire Constabulary,-2.703899,53.757961,On or near Surgeon'S Court,E01025306,Preston 017D,Other theft,Investigation complete; no suspect identified,
80e937d27fd754eb7ebee4592fd7191a54e2a739e093e967eaef2811338155f6,2021-06,Lancashire Constabulary,Lancashire Constabulary,-2.700626,53.754493,On or near Ribblesdale Place,E01025306,Preston 017D,Other theft,Investigation complete; no suspect identified,
af19ae39cee97c79ece7ce9b1c1ac4535f9bc76f0aa6fe088874aeff4d7c189e,2021-06,Lancashire Constabulary,Lancashire Constabulary,-2.705763,53.756944,On or near Shopping Area,E01025306,Preston 017D,Possession of weapons,Unable to prosecute suspect,
4147ae89dd47220daf601f35ea1329d4ba39f423a0f21c76a9ff5ca4f387d886,2021-06,Lancashire Constabulary,Lancashire Constabulary,-2.703857,53.759049,On or near Fleet Street,E01025306,Preston 017D,Public order,Status update unavailable,
31c477054d74ddc06f1cbc41dd5cd6a98873d68153f15371f612929e797062cd,2021-06,Lancashire Constabulary,Lancashire Constabulary,-2.701226,53.754966,On or near Camden Place,E01025306,Preston 017D,Public order,Unable to prosecute suspect,
09b3750190e98371dbb99dfcea462badf9087750a83310ed82cf68ba1eb22057,2021-06,Lancashire Constabulary,Lancashire Constabulary,-2.704312,53.757222,On or near Theatre Street,E01025306,Preston 017D,Public order,Status update unavailable,
338f17f77ad40014ba4ded3cfbe6cdf3f701fbdf6d5938c043a6b905aa4df4f3,2021-06,Lancashire Constabulary,Lancashire Constabulary,-2.698192,53.755891,On or near Avenham Road,E01025306,Preston 017D,Public order,Status update unavailable,
608b48207a82ac744652e17969e987f1eeacabaf8eccab00703e20b63e275e0e,2021-06,Lancashire Constabulary,Lancashire Constabulary,-2.703857,53.759049,On or near Fleet Street,E01025306,Preston 017D,Public order,Status update unavailable,
59e1e3e1bdd570dc32871d7104c2a1142000dbb74f0ec23fa5ac6a05d5827874,2021-06,Lancashire Constabulary,Lancashire Constabulary,-2.701152,53.755074,On or near Back Starkie Street,E01025306,Preston 017D,Public order,Investigation complete; no suspect identified,
47f195337acccb7c4bce1e7a65f1cbef45a027a90c40b8ee7a35c81e5235118b,2021-06,Lancashire Constabulary,Lancashire Constabulary,-2.694923,53.754472,On or near Avenham Place,E01025306,Preston 017D,Public order,Unable to prosecute suspect,
280429810ce84b971a77fa6f7d80d2a8bca20389db0c6235eeb9fe805b52c871,2021-06,Lancashire Constabulary,Lancashire Constabulary,-2.700626,53.754493,On or near Ribblesdale Place,E01025306,Preston 017D,Robbery,Investigation complete; no suspect identified,
d6cd6929bf01fbd92790a0f4dfc9d72be8a631ad4857087ba8983d05e94f5d27,2021-06,Lancashire Constabulary,Lancashire Constabulary,-2.700626,53.754493,On or near Ribblesdale Place,E01025306,Preston 017D,Robbery,Investigation complete; no suspect identified,
60d20cac9aabb1f840e71d4f5f211a8d70c2abc061575a3aa7f43fb21751f4c2,2021-06,Lancashire Constabulary,Lancashire Constabulary,-2.704312,53.757222,On or near Theatre Street,E01025306,Preston 017D,Shoplifting,Unable to prosecute suspect,
0a7d9fa52927f72f1fa68953e35dcb8aacd403b450fe009ce52b4b48c45d3429,2021-06,Lancashire Constabulary,Lancashire Constabulary,-2.704312,53.757222,On or near Theatre Street,E01025306,Preston 017D,Shoplifting,Unable to prosecute suspect,
58f0b6afd5f0ca4dce357ef604bfbf64c38b0455e4c1839ae8d9a455e085a747,2021-06,Lancashire Constabulary,Lancashire Constabulary,-2.705763,53.756944,On or near Shopping Area,E01025306,Preston 017D,Shoplifting,Investigation complete; no suspect identified,
ee703ca373b837a7953248b9f6bbd694bbcc9ee709a4ae3ec58008f774aea478,2021-06,Lancashire Constabulary,Lancashire Constabulary,-2.705763,53.756944,On or near Shopping Area,E01025306,Preston 017D,Shoplifting,Status update unavailable,
f9236285ff34a75c33ce470d25129b6e3f163067efad11a77c337643e432cab4,2021-06,Lancashire Constabulary,Lancashire Constabulary,-2.705763,53.756944,On or near Shopping Area,E01025306,Preston 017D,Shoplifting,Status update unavailable,
2503e2faec4f441fa66b0310df8242c34edcbb67b2daf568877125e112da9df1,2021-06,Lancashire Constabulary,Lancashire Constabulary,-2.705763,53.756944,On or near Shopping Area,E01025306,Preston 017D,Shoplifting,Court result unavailable,
8f8a945929720ddeaf605bba082b5a83f81df70f86db1df345316ee760dd820a,2021-06,Lancashire Constabulary,Lancashire Constabulary,-2.705763,53.756944,On or near Shopping Area,E01025306,Preston 017D,Shoplifting,Status update unavailable,
6453286dc360fa689d149e5fead90b5720cd9be60cc3f6a1839d800edd599816,2021-06,Lancashire Constabulary,Lancashire Constabulary,-2.705763,53.756944,On or near Shopping Area,E01025306,Preston 017D,Shoplifting,Local resolution,
2b80d02c849b957afd30ac76ed93e7a1a2582c8a705ab505481a8d045448b635,2021-06,Lancashire Constabulary,Lancashire Constabulary,-2.704312,53.757222,On or near Theatre Street,E01025306,Preston 017D,Shoplifting,Status update unavailable,
d1b1183667ef0315c15774131ad29d73257d3001a64aa200db719b49db6f0794,2021-06,Lancashire Constabulary,Lancashire Constabulary,-2.704312,53.757222,On or near Theatre Street,E01025306,Preston 017D,Shoplifting,Further investigation is not in the public interest,
9af650cc19c2ed0c21ce5400c6cf43921f2b52fc651411f818e30f3d92df548c,2021-06,Lancashire Constabulary,Lancashire Constabulary,-2.702518,53.757862,On or near Fishergate,E01025306,Preston 017D,Theft from the person,Investigation complete; no suspect identified,
6f5a82bd8e56ff4aceddb559e581d125a7df210e5c3213ce327426d14b4d6812,2021-06,Lancashire Constabulary,Lancashire Constabulary,-2.705763,53.756944,On or near Shopping Area,E01025306,Preston 017D,Violence and sexual offences,Unable to prosecute suspect,
73ee18805b65901a605b55596be81a88e951b9688c4ccf66aa6c622768468693,2021-06,Lancashire Constabulary,Lancashire Constabulary,-2.696999,53.754334,On or near Latham Street,E01025306,Preston 017D,Violence and sexual offences,Unable to prosecute suspect,
762b1d038bc6c13f1e5c8d29a2ca27d0b1e638207dbdcfde776844ac2db97b0e,2021-06,Lancashire Constabulary,Lancashire Constabulary,-2.703899,53.757961,On or near Surgeon'S Court,E01025306,Preston 017D,Violence and sexual offences,Investigation complete; no suspect identified,
bd5a4fae2be70e7c8813cf6c9bf901b18a543b9a963cbcdb8b3e22af895ea9d9,2021-06,Lancashire Constabulary,Lancashire Constabulary,-2.700626,53.754493,On or near Ribblesdale Place,E01025306,Preston 017D,Violence and sexual offences,Unable to prosecute suspect,
f623ccfd42e40784a14f5a316a5f204fed3e5176918539cb8599d4efd2676930,2021-06,Lancashire Constabulary,Lancashire Constabulary,-2.694626,53.754852,On or near Tenby Road,E01025306,Preston 017D,Violence and sexual offences,Unable to prosecute suspect,
9d599813f0ddafb251fb57ce30d1768b2075f4a5c6efffdcf882a2c8f8f2440a,2021-06,Lancashire Constabulary,Lancashire Constabulary,-2.696999,53.754334,On or near Latham Street,E01025306,Preston 017D,Violence and sexual offences,Unable to prosecute suspect,
d0aede8ef21229708e802c270cd821d2524fb90b34a30a2e6ab9af11480a655c,2021-06,Lancashire Constabulary,Lancashire Constabulary,-2.703857,53.759049,On or near Fleet Street,E01025306,Preston 017D,Violence and sexual offences,Investigation complete; no suspect identified,
d6ccb105297aaf36681c3a3a832057e84f9295dbc9ad7e9482f8264c95b987ed,2021-06,Lancashire Constabulary,Lancashire Constabulary,-2.703833,53.754007,On or near East Cliff,E01025306,Preston 017D,Violence and sexual offences,Unable to prosecute suspect,
5f4bcf8645219205bbc4c83d769de968a90c5328fd96057d9952b33178090c4d,2021-06,Lancashire Constabulary,Lancashire Constabulary,-2.700626,53.754493,On or near Ribblesdale Place,E01025306,Preston 017D,Violence and sexual offences,Unable to prosecute suspect,
02ed3412b813b3b6ed30adb37cb609249760fabc078c3ad4266bc4608e22d498,2021-06,Lancashire Constabulary,Lancashire Constabulary,-2.702614,53.759991,On or near Friargate,E01025306,Preston 017D,Violence and sexual offences,Unable to prosecute suspect,
8dcc3289f8ce428e2380916e1d0d450a3c4ee99d13096ac76e1c8c2b94dcc009,2021-06,Lancashire Constabulary,Lancashire Constabulary,-2.694923,53.754472,On or near Avenham Place,E01025306,Preston 017D,Violence and sexual offences,Status update unavailable,
4b087a779b395a614dd2978afad07f7dd363a549607bddb00b9b19ea73109d98,2021-06,Lancashire Constabulary,Lancashire Constabulary,-2.700626,53.754493,On or near Ribblesdale Place,E01025306,Preston 017D,Violence and sexual offences,Unable to prosecute suspect,
64639ece868971174c93dc8738dd7f038547a654cb1b676b71bf6babac3e6415,2021-06,Lancashire Constabulary,Lancashire Constabulary,-2.694923,53.754472,On or near Avenham Place,E01025306,Preston 017D,Violence and sexual offences,Unable to prosecute suspect,
499b40f6a25997dad3c94e702d4001a7e78b23cf053d146340323a42a3d0b01e,2021-06,Lancashire Constabulary,Lancashire Constabulary,-2.702518,53.757862,On or near Fishergate,E01025306,Preston 017D,Violence and sexual offences,Unable to prosecute suspect,
5cb6ba1487c0aa56f5cf1997faeb491f1bc1a5e7ec8159250a9456f1eca31b3b,2021-06,Lancashire Constabulary,Lancashire Constabulary,-2.698192,53.755891,On or near Avenham Road,E01025306,Preston 017D,Violence and sexual offences,Further investigation is not in the public interest,
575cd838ca08d35b92bd0b741dacd879632c5d5efa0df3a37c8e8a6affe7c8a5,2021-06,Lancashire Constabulary,Lancashire Constabulary,-2.702518,53.757862,On or near Fishergate,E01025306,Preston 017D,Violence and sexual offences,Investigation complete; no suspect identified,
,2021-06,Lancashire Constabulary,Lancashire Constabulary,-2.697839,53.758374,On or near Fishergate,E01033223,Preston 017F,Anti-social behaviour,,
,2021-06,Lancashire Constabulary,Lancashire Constabulary,-2.698175,53.757599,On or near Main Sprit Weind,E01033223,Preston 017F,Anti-social behaviour,,
,2021-06,Lancashire Constabulary,Lancashire Constabulary,-2.697839,53.758374,On or near Fishergate,E01033223,Preston 017F,Anti-social behaviour,,
,2021-06,Lancashire Constabulary,Lancashire Constabulary,-2.706143,53.761489,On or near Edward Street,E01033223,Preston 017F,Anti-social behaviour,,
,2021-06,Lancashire Constabulary,Lancashire Constabulary,-2.701872,53.761892,On or near Parking Area,E01033223,Preston 017F,Anti-social behaviour,,
,2021-06,Lancashire Constabulary,Lancashire Constabulary,-2.701648,53.760275,On or near Shopping Area,E01033223,Preston 017F,Anti-social behaviour,,
,2021-06,Lancashire Constabulary,Lancashire Constabulary,-2.697839,53.758374,On or near Fishergate,E01033223,Preston 017F,Anti-social behaviour,,
,2021-06,Lancashire Constabulary,Lancashire Constabulary,-2.704710,53.761066,On or near Friargate,E01033223,Preston 017F,Anti-social behaviour,,
,2021-06,Lancashire Constabulary,Lancashire Constabulary,-2.701648,53.760275,On or near Shopping Area,E01033223,Preston 017F,Anti-social behaviour,,
,2021-06,Lancashire Constabulary,Lancashire Constabulary,-2.698175,53.757599,On or near Main Sprit Weind,E01033223,Preston 017F,Anti-social behaviour,,
,2021-06,Lancashire Constabulary,Lancashire Constabulary,-2.696184,53.761008,On or near Parking Area,E01033223,Preston 017F,Anti-social behaviour,,
,2021-06,Lancashire Constabulary,Lancashire Constabulary,-2.706143,53.761489,On or near Edward Street,E01033223,Preston 017F,Anti-social behaviour,,
,2021-06,Lancashire Constabulary,Lancashire Constabulary,-2.703111,53.760671,On or near Union Street,E01033223,Preston 017F,Anti-social behaviour,,
,2021-06,Lancashire Constabulary,Lancashire Constabulary,-2.697555,53.762295,On or near North Road,E01033223,Preston 017F,Anti-social behaviour,,
,2021-06,Lancashire Constabulary,Lancashire Constabulary,-2.699941,53.759773,On or near Market Street,E01033223,Preston 017F,Anti-social behaviour,,
,2021-06,Lancashire Constabulary,Lancashire Constabulary,-2.699333,53.758806,On or near Cheapside,E01033223,Preston 017F,Anti-social behaviour,,
,2021-06,Lancashire Constabulary,Lancashire Constabulary,-2.697839,53.758374,On or near Fishergate,E01033223,Preston 017F,Anti-social behaviour,,
,2021-06,Lancashire Constabulary,Lancashire Constabulary,-2.697839,53.758374,On or near Fishergate,E01033223,Preston 017F,Anti-social behaviour,,
,2021-06,Lancashire Constabulary,Lancashire Constabulary,-2.704710,53.761066,On or near Friargate,E01033223,Preston 017F,Anti-social behaviour,,
,2021-06,Lancashire Constabulary,Lancashire Constabulary,-2.700974,53.760792,On or near Nightclub,E01033223,Preston 017F,Anti-social behaviour,,
,2021-06,Lancashire Constabulary,Lancashire Constabulary,-2.701872,53.761892,On or near Parking Area,E01033223,Preston 017F,Anti-social behaviour,,
,2021-06,Lancashire Constabulary,Lancashire Constabulary,-2.697839,53.758374,On or near Fishergate,E01033223,Preston 017F,Anti-social behaviour,,
,2021-06,Lancashire Constabulary,Lancashire Constabulary,-2.692901,53.759715,On or near Blue Bell Place,E01033223,Preston 017F,Anti-social behaviour,,
,2021-06,Lancashire Constabulary,Lancashire Constabulary,-2.699941,53.759773,On or near Market Street,E01033223,Preston 017F,Anti-social behaviour,,
,2021-06,Lancashire Constabulary,Lancashire Constabulary,-2.697839,53.758374,On or near Fishergate,E01033223,Preston 017F,Anti-social behaviour,,
,2021-06,Lancashire Constabulary,Lancashire Constabulary,-2.706143,53.761489,On or near Edward Street,E01033223,Preston 017F,Anti-social behaviour,,
,2021-06,Lancashire Constabulary,Lancashire Constabulary,-2.698175,53.757599,On or near Main Sprit Weind,E01033223,Preston 017F,Anti-social behaviour,,
,2021-06,Lancashire Constabulary,Lancashire Constabulary,-2.696184,53.761008,On or near Parking Area,E01033223,Preston 017F,Anti-social behaviour,,
,2021-06,Lancashire Constabulary,Lancashire Constabulary,-2.697914,53.761079,On or near Old Vicarage,E01033223,Preston 017F,Anti-social behaviour,,
,2021-06,Lancashire Constabulary,Lancashire Constabulary,-2.704696,53.760240,On or near Back Seed Street,E01033223,Preston 017F,Anti-social behaviour,,
,2021-06,Lancashire Constabulary,Lancashire Constabulary,-2.704303,53.761231,On or near Clayton'S Gate,E01033223,Preston 017F,Anti-social behaviour,,
,2021-06,Lancashire Constabulary,Lancashire Constabulary,-2.699333,53.758806,On or near Cheapside,E01033223,Preston 017F,Anti-social behaviour,,
,2021-06,Lancashire Constabulary,Lancashire Constabulary,-2.696184,53.761008,On or near Parking Area,E01033223,Preston 017F,Anti-social behaviour,,
,2021-06,Lancashire Constabulary,Lancashire Constabulary,-2.693614,53.760592,On or near Pole Street,E01033223,Preston 017F,Anti-social behaviour,,
,2021-06,Lancashire Constabulary,Lancashire Constabulary,-2.704071,53.760055,On or near Hill Street,E01033223,Preston 017F,Anti-social behaviour,,
,2021-06,Lancashire Constabulary,Lancashire Constabulary,-2.699333,53.758806,On or near Cheapside,E01033223,Preston 017F,Anti-social behaviour,,
,2021-06,Lancashire Constabulary,Lancashire Constabulary,-2.699941,53.759773,On or near Market Street,E01033223,Preston 017F,Anti-social behaviour,,
,2021-06,Lancashire Constabulary,Lancashire Constabulary,-2.699333,53.758806,On or near Cheapside,E01033223,Preston 017F,Anti-social behaviour,,
,2021-06,Lancashire Constabulary,Lancashire Constabulary,-2.701521,53.762676,On or near Bispham Street,E01033223,Preston 017F,Anti-social behaviour,,
,2021-06,Lancashire Constabulary,Lancashire Constabulary,-2.699333,53.758806,On or near Cheapside,E01033223,Preston 017F,Anti-social behaviour,,
,2021-06,Lancashire Constabulary,Lancashire Constabulary,-2.703111,53.760671,On or near Union Street,E01033223,Preston 017F,Anti-social behaviour,,
,2021-06,Lancashire Constabulary,Lancashire Constabulary,-2.701521,53.762676,On or near Bispham Street,E01033223,Preston 017F,Anti-social behaviour,,
d7b66039fe6b17059268693b9a0575a06d2b951f4d65e071068806d1aea433d8,2021-06,Lancashire Constabulary,Lancashire Constabulary,-2.700974,53.760792,On or near Nightclub,E01033223,Preston 017F,Burglary,Investigation complete; no suspect identified,
cc7377629dbebe5db254bb1d48432e2e5af0714d380101aff7681ab1c7ac98ac,2021-06,Lancashire Constabulary,Lancashire Constabulary,-2.704710,53.761066,On or near Friargate,E01033223,Preston 017F,Burglary,Status update unavailable,
be898549ee7ac46da218e006ac1dc0d46ba2b64373d3cc93ab7e5658c546cb95,2021-06,Lancashire Constabulary,Lancashire Constabulary,-2.701090,53.762292,On or near Police Station,E01033223,Preston 017F,Criminal damage and arson,Investigation complete; no suspect identified,
d5ecd75d16b61955055e2c3a22ea28d042121cf9e5c381c31709e1726c5d1c7e,2021-06,Lancashire Constabulary,Lancashire Constabulary,-2.699941,53.759773,On or near Market Street,E01033223,Preston 017F,Criminal damage and arson,Investigation complete; no suspect identified,
5a681fcb93c0ff488eca75a983116090d4515d9b6496d35de986b94e46a0691c,2021-06,Lancashire Constabulary,Lancashire Constabulary,-2.701648,53.760275,On or near Shopping Area,E01033223,Preston 017F,Criminal damage and arson,Investigation complete; no suspect identified,
ed4efd7f2c4517e4cc4c0176b773ef564166e1530ec31aaea596d82737192652,2021-06,Lancashire Constabulary,Lancashire Constabulary,-2.700974,53.760792,On or near Nightclub,E01033223,Preston 017F,Criminal damage and arson,Status update unavailable,
c5babf0b8d30f2f453204784db07c6c9c44b476b6d9f15f62ec4631bdf928eb4,2021-06,Lancashire Constabulary,Lancashire Constabulary,-2.696184,53.761008,On or near Parking Area,E01033223,Preston 017F,Criminal damage and arson,Status update unavailable,
dff86ad0b53cde11bbd3887caa0f2d5f4e0ee6d1190a32e1ea1475fd0c719ce1,2021-06,Lancashire Constabulary,Lancashire Constabulary,-2.693614,53.760592,On or near Pole Street,E01033223,Preston 017F,Criminal damage and arson,Investigation complete; no suspect identified,
578de6ab5df69b23825a3936f591a12031d71ced392b87e180bd1f9f953b9e1d,2021-06,Lancashire Constabulary,Lancashire Constabulary,-2.701872,53.761892,On or near Parking Area,E01033223,Preston 017F,Drugs,Offender given penalty notice,
a275876a6af313b7bd9be4207c8a57078a364d35a507556a526dad0f42e08034,2021-06,Lancashire Constabulary,Lancashire Constabulary,-2.703250,53.760832,On or near Theatre/Concert Hall,E01033223,Preston 017F,Drugs,Local resolution,
72a3b18db3cbfc37be0b6b3672cce4d50c7331252876f98e0bd2f5a29bb91eac,2021-06,Lancashire Constabulary,Lancashire Constabulary,-2.693614,53.760592,On or near Pole Street,E01033223,Preston 017F,Drugs,Further investigation is not in the public interest,
ec9df8d9fad29a17dce2422875c05cd986000f97266924f83b65eed1f5d4f76d,2021-06,Lancashire Constabulary,Lancashire Constabulary,-2.701872,53.761892,On or near Parking Area,E01033223,Preston 017F,Drugs,Offender given penalty notice,
0f6604f008d1b07505614a355ad9112535fd1d2c1e78b58e2d30374edd19763a,2021-06,Lancashire Constabulary,Lancashire Constabulary,-2.697839,53.758374,On or near Fishergate,E01033223,Preston 017F,Other theft,Unable to prosecute suspect,
e04f322ba517dfc74d0b89b87620f5e4a2f58360b2cb59daafd2fa07023a45bd,2021-06,Lancashire Constabulary,Lancashire Constabulary,-2.697839,53.758374,On or near Fishergate,E01033223,Preston 017F,Other theft,Status update unavailable,
d652d88dc4e6e1fcf7081501f694a16b9ca630a24b42f842afbdb41d0a2800c1,2021-06,Lancashire Constabulary,Lancashire Constabulary,-2.697839,53.758374,On or near Fishergate,E01033223,Preston 017F,Other theft,Investigation complete; no suspect identified,
5c72111a644f4a19681563afc7b5f98918e457c3cc9bb505449de99381b9db79,2021-06,Lancashire Constabulary,Lancashire Constabulary,-2.706451,53.761802,On or near Hope Street,E01033223,Preston 017F,Other theft,Unable to prosecute suspect,
b7ee402749980e9fbc409b1b54481899f5a30897d217379009a015a09c0045c0,2021-06,Lancashire Constabulary,Lancashire Constabulary,-2.697839,53.758374,On or near Fishergate,E01033223,Preston 017F,Other theft,Investigation complete; no suspect identified,
cdb89898e54c1de277737c902711e9d79c0d4a8df35e7bf00f81dcb572f59f7b,2021-06,Lancashire Constabulary,Lancashire Constabulary,-2.703250,53.760832,On or near Theatre/Concert Hall,E01033223,Preston 017F,Possession of weapons,Local resolution,
d05c073ffe4dd40b4c214f93f63a3f93194587a69cc78b32f945499632fa8bcc,2021-06,Lancashire Constabulary,Lancashire Constabulary,-2.700974,53.760792,On or near Nightclub,E01033223,Preston 017F,Public order,Unable to prosecute suspect,
fae97ef8c305c87d3a661807fdfef7d5501bf622029cfa629dbcbb1ffed685bf,2021-06,Lancashire Constabulary,Lancashire Constabulary,-2.704710,53.761066,On or near Friargate,E01033223,Preston 017F,Public order,Unable to prosecute suspect,
09eae2684e8ef618750b2390ec0e9b4951e111558d1e4cb78539d34aa75022ba,2021-06,Lancashire Constabulary,Lancashire Constabulary,-2.704071,53.760055,On or near Hill Street,E01033223,Preston 017F,Public order,Unable to prosecute suspect,
6ae10cf06b0692d2d6d5b4a4a8c51e2a0a0150e1e8a175f349040e596c65cbbf,2021-06,Lancashire Constabulary,Lancashire Constabulary,-2.695340,53.759530,On or near Church Row,E01033223,Preston 017F,Public order,Status update unavailable,
de4ee71b889105593fcdc924f8e33a2cecde99446a54a7568d2be7879c9722b2,2021-06,Lancashire Constabulary,Lancashire Constabulary,-2.704696,53.760240,On or near Back Seed Street,E01033223,Preston 017F,Public order,Further investigation is not in the public interest,
f7ab8f534713dc6f026e2709efc572a1e6b6169b310bd9ca312c726888a9adb4,2021-06,Lancashire Constabulary,Lancashire Constabulary,-2.704710,53.761066,On or near Friargate,E01033223,Preston 017F,Public order,Unable to prosecute suspect,
ff54e1f1c2676119d0de9ee491d1b8760518360e0452c3c137b881cb34a40787,2021-06,Lancashire Constabulary,Lancashire Constabulary,-2.698175,53.757599,On or near Main Sprit Weind,E01033223,Preston 017F,Public order,Further investigation is not in the public interest,
19d9b729586194a24d95633f85a411e9de1a2a0ddcec03dc308040246d413cc0,2021-06,Lancashire Constabulary,Lancashire Constabulary,-2.699941,53.759773,On or near Market Street,E01033223,Preston 017F,Public order,Investigation complete; no suspect identified,
182b1e37dd9b06d36bf44a4f84db47ba9e93cb0768d53d1e77b96b8be74a49ba,2021-06,Lancashire Constabulary,Lancashire Constabulary,-2.699830,53.757662,On or near Temple Court,E01033223,Preston 017F,Public order,Further investigation is not in the public interest,
9c4d8dbb475d02e5a98f58a9872ed323a38e0535e2880b02a32c98b10d36b4df,2021-06,Lancashire Constabulary,Lancashire Constabulary,-2.698175,53.757599,On or near Main Sprit Weind,E01033223,Preston 017F,Robbery,Investigation complete; no suspect identified,
4f17de63892084e99a2efed917cf0dcd6cc115dc6e18978d906d5407cc141791,2021-06,Lancashire Constabulary,Lancashire Constabulary,-2.704071,53.760055,On or near Hill Street,E01033223,Preston 017F,Shoplifting,Status update unavailable,
07a4e6872e8142ab52610c7c9ca6e62f8942652c11a56ef9dd743153459ddde0,2021-06,Lancashire Constabulary,Lancashire Constabulary,-2.699830,53.757662,On or near Temple Court,E01033223,Preston 017F,Shoplifting,Unable to prosecute suspect,
bcb90674dac7a656a836869bde4627b4a4cc40b61db5d6c231aa78849ab9fc9b,2021-06,Lancashire Constabulary,Lancashire Constabulary,-2.699333,53.758806,On or near Cheapside,E01033223,Preston 017F,Shoplifting,Status update unavailable,
c9e695379da39837902253d9760470eebd7efaa063c0dc0852b2b895cb2d2927,2021-06,Lancashire Constabulary,Lancashire Constabulary,-2.690618,53.761041,On or near Stanley Street,E01033223,Preston 017F,Shoplifting,Status update unavailable,
5dbb149ad281620a555e97267f029226ea7dc04b4fc4541af19d72d747a9a799,2021-06,Lancashire Constabulary,Lancashire Constabulary,-2.699830,53.757662,On or near Temple Court,E01033223,Preston 017F,Shoplifting,Status update unavailable,
ff62e1bb2aa8141c1a85739cd5b0599428f7a2cbc5319ea4d73fbbb6d20016f3,2021-06,Lancashire Constabulary,Lancashire Constabulary,-2.699830,53.757662,On or near Temple Court,E01033223,Preston 017F,Shoplifting,Status update unavailable,
065bed83d88a751ae5d9f73e8f6ac48885fd31ed63d7eb9b9be19665744414f6,2021-06,Lancashire Constabulary,Lancashire Constabulary,-2.699830,53.757662,On or near Temple Court,E01033223,Preston 017F,Shoplifting,Status update unavailable,
e5f690646f2ac44b60afd52f0db8c2b3b30b9e31367e7f6b0321b9f8c85911fa,2021-06,Lancashire Constabulary,Lancashire Constabulary,-2.700255,53.757704,On or near Shopping Area,E01033223,Preston 017F,Shoplifting,Status update unavailable,
255da06ef78e8b0a3410d34031bb9842dc3ef17afc4aeb380cc791c1b9e2ba7d,2021-06,Lancashire Constabulary,Lancashire Constabulary,-2.700255,53.757704,On or near Shopping Area,E01033223,Preston 017F,Shoplifting,Status update unavailable,
1c1bcdb7027be8bc256669c7842fe0a9ed018f252f29e0c847fde601201496b9,2021-06,Lancashire Constabulary,Lancashire Constabulary,-2.701648,53.760275,On or near Shopping Area,E01033223,Preston 017F,Shoplifting,Status update unavailable,
7a396bd97f341c06c1930c345c36da191961ab6790125fc72174b465f0d343a7,2021-06,Lancashire Constabulary,Lancashire Constabulary,-2.696184,53.761008,On or near Parking Area,E01033223,Preston 017F,Theft from the person,Unable to prosecute suspect,
50af7123b6d5a40d46f7c4c1aca35eea8b6d341799f7344f20cc90e5201217ed,2021-06,Lancashire Constabulary,Lancashire Constabulary,-2.697839,53.758374,On or near Fishergate,E01033223,Preston 017F,Theft from the person,Investigation complete; no suspect identified,
895d5400c59fb6276eb44512060abc17c5892951cbdc4deeef0b1897cc157170,2021-06,Lancashire Constabulary,Lancashire Constabulary,-2.703111,53.760671,On or near Union Street,E01033223,Preston 017F,Theft from the person,Unable to prosecute suspect,
9c3a2573b0dbe8c82f5ee6db3f8e9a200d614b910b13cb8c1f8202fb592c3cc1,2021-06,Lancashire Constabulary,Lancashire Constabulary,-2.698175,53.757599,On or near Main Sprit Weind,E01033223,Preston 017F,Vehicle crime,Investigation complete; no suspect identified,
5e5f461635c481f5ef2b05276a730276b67dfe45729100718d2b41bd1f454806,2021-06,Lancashire Constabulary,Lancashire Constabulary,-2.698973,53.763608,On or near Margaret Street,E01033223,Preston 017F,Vehicle crime,Status update unavailable,
4dbd51e016c5969ef8e85d598e8ce6c8f0947bd94b81936fbdae42e1df10b29a,2021-06,Lancashire Constabulary,Lancashire Constabulary,-2.706143,53.761489,On or near Edward Street,E01033223,Preston 017F,Violence and sexual offences,Unable to prosecute suspect,
68894b74aaa38ac515045ab5dd15f5ee92c187644391b6e3107f286784305984,2021-06,Lancashire Constabulary,Lancashire Constabulary,-2.696184,53.761008,On or near Parking Area,E01033223,Preston 017F,Violence and sexual offences,Investigation complete; no suspect identified,
d80e50bbbc3d7adf0c8a4c86ae2ab4ac77c3d41bbc7a2ca205b1edbe7d29f45c,2021-06,Lancashire Constabulary,Lancashire Constabulary,-2.704303,53.761231,On or near Clayton'S Gate,E01033223,Preston 017F,Violence and sexual offences,Unable to prosecute suspect,
b27e9074a158cda5217e47aa21b2371f27d5432a0a3af1190b281077fa08bf42,2021-06,Lancashire Constabulary,Lancashire Constabulary,-2.698175,53.757599,On or near Main Sprit Weind,E01033223,Preston 017F,Violence and sexual offences,Unable to prosecute suspect,
29a295424c5a3e9dbf1d16723018242360bcfd2fd0ab48fd78aa1dce0c309906,2021-06,Lancashire Constabulary,Lancashire Constabulary,-2.697839,53.758374,On or near Fishergate,E01033223,Preston 017F,Violence and sexual offences,Investigation complete; no suspect identified,
49910adb4f652d87a4ea4b1683127fa88a49167b86c42be5d2c667fad8b09909,2021-06,Lancashire Constabulary,Lancashire Constabulary,-2.699333,53.758806,On or near Cheapside,E01033223,Preston 017F,Violence and sexual offences,Investigation complete; no suspect identified,
d9e174291d4de5e6dc521feadef0c1c378217c3032d6d85d572a06c5de3225f2,2021-06,Lancashire Constabulary,Lancashire Constabulary,-2.700974,53.760792,On or near Nightclub,E01033223,Preston 017F,Violence and sexual offences,Unable to prosecute suspect,
fbd8009acab0576c179eac476f9318c2ff99b1f2da0e3b8483e377c91109c30e,2021-06,Lancashire Constabulary,Lancashire Constabulary,-2.697914,53.761079,On or near Old Vicarage,E01033223,Preston 017F,Violence and sexual offences,Unable to prosecute suspect,
bf4a42407197d8197ea75b05712ecb1104e1c573336bb40500dd0995523f5546,2021-06,Lancashire Constabulary,Lancashire Constabulary,-2.693945,53.759538,On or near Church Street,E01033223,Preston 017F,Violence and sexual offences,Unable to prosecute suspect,
67b1e3d53aed0e5469de401c5b54b07e845b7b3e0923ec0d48e4dba1f01df7a6,2021-06,Lancashire Constabulary,Lancashire Constabulary,-2.697839,53.758374,On or near Fishergate,E01033223,Preston 017F,Violence and sexual offences,Unable to prosecute suspect,
9ef241db0cd31cc12f8ecfb0ed7bc7be558bce47c25ad0a638744d54d1f7b954,2021-06,Lancashire Constabulary,Lancashire Constabulary,-2.699333,53.758806,On or near Cheapside,E01033223,Preston 017F,Violence and sexual offences,Investigation complete; no suspect identified,
52601f49de3fdbeccc505a879e840461972f27f0d65042cd17d7b90db955801e,2021-06,Lancashire Constabulary,Lancashire Constabulary,-2.704710,53.761066,On or near Friargate,E01033223,Preston 017F,Violence and sexual offences,Unable to prosecute suspect,
f9b78edf2f6c9b1fb2bbb9fa888cb885051e64542b4120fbf75fc7367042ef0c,2021-06,Lancashire Constabulary,Lancashire Constabulary,-2.693614,53.760592,On or near Pole Street,E01033223,Preston 017F,Violence and sexual offences,Unable to prosecute suspect,
12108eb42fbebb2556f0d1d7480aa9313e89de1bc9f1f5cf6fee2cc638f772a7,2021-06,Lancashire Constabulary,Lancashire Constabulary,-2.706143,53.761489,On or near Edward Street,E01033223,Preston 017F,Violence and sexual offences,Investigation complete; no suspect identified,
78831a40dc8ee8a062dd38692a2b9d2170a1f787bdf61ab0f49afce10bf5bb3a,2021-06,Lancashire Constabulary,Lancashire Constabulary,-2.704710,53.761066,On or near Friargate,E01033223,Preston 017F,Violence and sexual offences,Unable to prosecute suspect,
06277746b2d037feee2b767e758e8f94b86cd61bbfb4250368a3b0131d3549dc,2021-06,Lancashire Constabulary,Lancashire Constabulary,-2.690618,53.761041,On or near Stanley Street,E01033223,Preston 017F,Violence and sexual offences,Unable to prosecute suspect,
3e4ba906f1c6f9976bca073edf5a2f8485ab7248c0012965c753520b6929cb50,2021-06,Lancashire Constabulary,Lancashire Constabulary,-2.703111,53.760671,On or near Union Street,E01033223,Preston 017F,Violence and sexual offences,Unable to prosecute suspect,
2c96ab948c7be85264b4f3ec27ac4feebef8230ff24c6103b86f090944e244c0,2021-06,Lancashire Constabulary,Lancashire Constabulary,-2.704303,53.761231,On or near Clayton'S Gate,E01033223,Preston 017F,Violence and sexual offences,Unable to prosecute suspect,
4a788c1280ffa4f2d827f22130fec53d8544e27987261a36b63c799bcc1502bf,2021-06,Lancashire Constabulary,Lancashire Constabulary,-2.703111,53.760671,On or near Union Street,E01033223,Preston 017F,Violence and sexual offences,Investigation complete; no suspect identified,
87c7a8d5536170976a420eed309abc2337128df9a42ad0622a8fe1dc5e7e4a9f,2021-06,Lancashire Constabulary,Lancashire Constabulary,-2.698175,53.757599,On or near Main Sprit Weind,E01033223,Preston 017F,Violence and sexual offences,Court result unavailable,
d4d1ce03a5f43c02ab72e5eea17fe11454717f059fd0aa9f314ac7c88a6bc85d,2021-06,Lancashire Constabulary,Lancashire Constabulary,-2.697839,53.758374,On or near Fishergate,E01033223,Preston 017F,Violence and sexual offences,Unable to prosecute suspect,
9fa693e229df755f33016ecfb705edff20ab3412f29f241a8f240407fd1e2792,2021-06,Lancashire Constabulary,Lancashire Constabulary,-2.699941,53.759773,On or near Market Street,E01033223,Preston 017F,Violence and sexual offences,Investigation complete; no suspect identified,
d3ec7415f36ecfb8f4629c82fd17bad2923379d1ae67ff2293c30a67b65c7c34,2021-06,Lancashire Constabulary,Lancashire Constabulary,-2.692901,53.759715,On or near Blue Bell Place,E01033223,Preston 017F,Violence and sexual offences,Further investigation is not in the public interest,
2cb0928e73c17a9f5de4c7345d73aff09b890238f294178631486bb60c2e6d2a,2021-06,Lancashire Constabulary,Lancashire Constabulary,-2.704710,53.761066,On or near Friargate,E01033223,Preston 017F,Violence and sexual offences,Investigation complete; no suspect identified,
ea2d991ec610afa7f68f7e854fdcdb3c2e4e19eadc83373e83f9b41b4ae7e7e6,2021-06,Lancashire Constabulary,Lancashire Constabulary,-2.706143,53.761489,On or near Edward Street,E01033223,Preston 017F,Violence and sexual offences,Unable to prosecute suspect,
456453fbc906321d45eb4ec4562821e1443b0a6208a919248833b32c197aaff7,2021-06,Lancashire Constabulary,Lancashire Constabulary,-2.699333,53.758806,On or near Cheapside,E01033223,Preston 017F,Violence and sexual offences,Investigation complete; no suspect identified,
11a60a85a8fb7f78c1ef4b2223184b49ad1abdd5b86dc114124ea68b74005728,2021-06,Lancashire Constabulary,Lancashire Constabulary,-2.692725,53.760984,On or near Percy Street,E01033223,Preston 017F,Violence and sexual offences,Unable to prosecute suspect,
ee8e23634a048aedc9637b81962c41ca5ac6475186e4cc0bd36773a129b5a449,2021-06,Lancashire Constabulary,Lancashire Constabulary,-2.700255,53.757704,On or near Shopping Area,E01033223,Preston 017F,Violence and sexual offences,Investigation complete; no suspect identified,
39e819812da84a345e2fb910cbc491f53ff0a608760248eeee1ba60f7737f5a9,2021-06,Lancashire Constabulary,Lancashire Constabulary,-2.697839,53.758374,On or near Fishergate,E01033223,Preston 017F,Violence and sexual offences,Investigation complete; no suspect identified,
493152812d0edb426abae0fea3bccf991404c5a06874460ef3846a563ee4db89,2021-06,Lancashire Constabulary,Lancashire Constabulary,-2.696184,53.761008,On or near Parking Area,E01033223,Preston 017F,Violence and sexual offences,Investigation complete; no suspect identified,
14ddc9b565c60741264763a2576717a8ee1bab969b01ea47ee885bbf60103065,2021-06,Lancashire Constabulary,Lancashire Constabulary,-2.704071,53.760055,On or near Hill Street,E01033223,Preston 017F,Violence and sexual offences,Investigation complete; no suspect identified,
a50672bea6c3cdae51b1d15a049f542789ef98f313ac3df89837560e31bf6cc2,2021-06,Lancashire Constabulary,Lancashire Constabulary,-2.703111,53.760671,On or near Union Street,E01033223,Preston 017F,Violence and sexual offences,Investigation complete; no suspect identified,
,2021-06,Lancashire Constabulary,Lancashire Constabulary,-2.694352,53.760309,On or near Derby Street,E01033224,Preston 017G,Anti-social behaviour,,
,2021-06,Lancashire Constabulary,Lancashire Constabulary,-2.697726,53.756146,On or near Glover Street,E01033224,Preston 017G,Anti-social behaviour,,
,2021-06,Lancashire Constabulary,Lancashire Constabulary,-2.695436,53.758901,On or near Nightclub,E01033224,Preston 017G,Anti-social behaviour,,
,2021-06,Lancashire Constabulary,Lancashire Constabulary,-2.697197,53.758953,On or near Nightclub,E01033224,Preston 017G,Anti-social behaviour,,
,2021-06,Lancashire Constabulary,Lancashire Constabulary,-2.693335,53.759308,On or near Back Grimshaw Street,E01033224,Preston 017G,Anti-social behaviour,,
,2021-06,Lancashire Constabulary,Lancashire Constabulary,-2.697197,53.758953,On or near Nightclub,E01033224,Preston 017G,Anti-social behaviour,,
,2021-06,Lancashire Constabulary,Lancashire Constabulary,-2.696060,53.755329,On or near Berwick Road,E01033224,Preston 017G,Anti-social behaviour,,
,2021-06,Lancashire Constabulary,Lancashire Constabulary,-2.695436,53.758901,On or near Nightclub,E01033224,Preston 017G,Anti-social behaviour,,
,2021-06,Lancashire Constabulary,Lancashire Constabulary,-2.697197,53.758953,On or near Nightclub,E01033224,Preston 017G,Anti-social behaviour,,
,2021-06,Lancashire Constabulary,Lancashire Constabulary,-2.693335,53.759308,On or near Back Grimshaw Street,E01033224,Preston 017G,Anti-social behaviour,,
,2021-06,Lancashire Constabulary,Lancashire Constabulary,-2.697726,53.756146,On or near Glover Street,E01033224,Preston 017G,Anti-social behaviour,,
,2021-06,Lancashire Constabulary,Lancashire Constabulary,-2.695436,53.758901,On or near Nightclub,E01033224,Preston 017G,Anti-social behaviour,,
,2021-06,Lancashire Constabulary,Lancashire Constabulary,-2.695436,53.758901,On or near Nightclub,E01033224,Preston 017G,Anti-social behaviour,,
,2021-06,Lancashire Constabulary,Lancashire Constabulary,-2.689033,53.758776,On or near Queen Street,E01033224,Preston 017G,Anti-social behaviour,,
,2021-06,Lancashire Constabulary,Lancashire Constabulary,-2.699374,53.760379,On or near Earl Street,E01033224,Preston 017G,Anti-social behaviour,,
,2021-06,Lancashire Constabulary,Lancashire Constabulary,-2.697197,53.758953,On or near Nightclub,E01033224,Preston 017G,Anti-social behaviour,,
,2021-06,Lancashire Constabulary,Lancashire Constabulary,-2.697459,53.756480,On or near Parking Area,E01033224,Preston 017G,Anti-social behaviour,,
,2021-06,Lancashire Constabulary,Lancashire Constabulary,-2.686975,53.759066,On or near Grosvenor Street,E01033224,Preston 017G,Anti-social behaviour,,
,2021-06,Lancashire Constabulary,Lancashire Constabulary,-2.692113,53.758812,On or near Grimshaw Street,E01033224,Preston 017G,Anti-social behaviour,,
,2021-06,Lancashire Constabulary,Lancashire Constabulary,-2.695436,53.758901,On or near Nightclub,E01033224,Preston 017G,Anti-social behaviour,,
,2021-06,Lancashire Constabulary,Lancashire Constabulary,-2.689033,53.758776,On or near Queen Street,E01033224,Preston 017G,Anti-social behaviour,,
,2021-06,Lancashire Constabulary,Lancashire Constabulary,-2.697335,53.759977,On or near Lord Street,E01033224,Preston 017G,Anti-social behaviour,,
,2021-06,Lancashire Constabulary,Lancashire Constabulary,-2.694352,53.760309,On or near Derby Street,E01033224,Preston 017G,Anti-social behaviour,,
,2021-06,Lancashire Constabulary,Lancashire Constabulary,-2.686975,53.759066,On or near Grosvenor Street,E01033224,Preston 017G,Anti-social behaviour,,
,2021-06,Lancashire Constabulary,Lancashire Constabulary,-2.695436,53.758901,On or near Nightclub,E01033224,Preston 017G,Anti-social behaviour,,
,2021-06,Lancashire Constabulary,Lancashire Constabulary,-2.697197,53.758953,On or near Nightclub,E01033224,Preston 017G,Anti-social behaviour,,
,2021-06,Lancashire Constabulary,Lancashire Constabulary,-2.695553,53.756806,On or near Avenham Lane,E01033224,Preston 017G,Anti-social behaviour,,
d9b90a853e635f8ed9ec8a1a038d794d4f96d4ffaade205cc02d160dcdb0560c,2021-06,Lancashire Constabulary,Lancashire Constabulary,-2.697197,53.758953,On or near Nightclub,E01033224,Preston 017G,Bicycle theft,Investigation complete; no suspect identified,
c9cc0fa6e02572b27dab9598ed0a37c9f9d9420588d9f9f3c58f052878a7972a,2021-06,Lancashire Constabulary,Lancashire Constabulary,-2.693335,53.759308,On or near Back Grimshaw Street,E01033224,Preston 017G,Burglary,Investigation complete; no suspect identified,
5afb8b17b130ba8a068a61a8cde2019701ce304f6fd5e865a769aeb7ee940abd,2021-06,Lancashire Constabulary,Lancashire Constabulary,-2.689851,53.757764,On or near Duke Street,E01033224,Preston 017G,Burglary,Investigation complete; no suspect identified,
3eab058838a918b5b37b03508fdc9fbe0c974877239c898efa5d5eb99b3a7bfb,2021-06,Lancashire Constabulary,Lancashire Constabulary,-2.693335,53.759308,On or near Back Grimshaw Street,E01033224,Preston 017G,Burglary,Investigation complete; no suspect identified,
8b2a9760309e8d30b6acbdb9a76cffad090a3c623333a9b13773ac1699fb899e,2021-06,Lancashire Constabulary,Lancashire Constabulary,-2.687826,53.758252,On or near Greenwood Street,E01033224,Preston 017G,Burglary,Unable to prosecute suspect,
f07b42a5ccb9db0fd8cc286d7981434dbd96b2a17175668d458ee9c964f65ca1,2021-06,Lancashire Constabulary,Lancashire Constabulary,-2.687212,53.758714,On or near Floyer Street,E01033224,Preston 017G,Criminal damage and arson,Investigation complete; no suspect identified,
9ade078b7a4df6b1ca432dd82052299c9948675900c453183d0c87d1c4d98279,2021-06,Lancashire Constabulary,Lancashire Constabulary,-2.695893,53.757163,On or near Wolseley Place,E01033224,Preston 017G,Criminal damage and arson,Unable to prosecute suspect,
d5ec17112b8503b178b8b119ced54425375282489fb2909d34fac35cf2f8f766,2021-06,Lancashire Constabulary,Lancashire Constabulary,-2.697197,53.758953,On or near Nightclub,E01033224,Preston 017G,Criminal damage and arson,Court result unavailable,
34c538d6efb1b4c9c3e4d045afa4996994a8f576d515636bdfcb0505ca9be1a3,2021-06,Lancashire Constabulary,Lancashire Constabulary,-2.696060,53.755329,On or near Berwick Road,E01033224,Preston 017G,Criminal damage and arson,Court result unavailable,
02c22c1f5d96810194585b4e7b5253a44f0c411c97384a97c7ea932510b704b3,2021-06,Lancashire Constabulary,Lancashire Constabulary,-2.697335,53.759977,On or near Lord Street,E01033224,Preston 017G,Criminal damage and arson,Status update unavailable,
749b310803c8261bbf4c0c302b3df582c098b738759ccf0c282a5320b8022d32,2021-06,Lancashire Constabulary,Lancashire Constabulary,-2.697197,53.758953,On or near Nightclub,E01033224,Preston 017G,Other theft,Status update unavailable,
09bff670b8f11e9c711ac349aeeaab772349dd9e9187b413d117e1f24c4ed04e,2021-06,Lancashire Constabulary,Lancashire Constabulary,-2.695553,53.756806,On or near Avenham Lane,E01033224,Preston 017G,Other theft,Unable to prosecute suspect,
b468e8aed515b2ffc236f523bd4d33ff756aa9985adbac1a22a28b7fa7dd76d3,2021-06,Lancashire Constabulary,Lancashire Constabulary,-2.697197,53.758953,On or near Nightclub,E01033224,Preston 017G,Other theft,Status update unavailable,
9389a48a3670edb063766676774d6c280511600dc0bcaaf3b5000ab2e84da1a7,2021-06,Lancashire Constabulary,Lancashire Constabulary,-2.697197,53.758953,On or near Nightclub,E01033224,Preston 017G,Possession of weapons,Local resolution,
9572cb01ec3dfc885ae4485417821700fa5782174e83f2783d5d4b5ad6844754,2021-06,Lancashire Constabulary,Lancashire Constabulary,-2.693335,53.759308,On or near Back Grimshaw Street,E01033224,Preston 017G,Public order,Unable to prosecute suspect,
9b89d80083b6abc63e599ac2a6c8ac798cc84d58801c27ab2191249049b5c736,2021-06,Lancashire Constabulary,Lancashire Constabulary,-2.697197,53.758953,On or near Nightclub,E01033224,Preston 017G,Public order,Court result unavailable,
30da214c44aade75b2f4a214b5e33a8e7c2d96201b02dafe6446153d9406f4df,2021-06,Lancashire Constabulary,Lancashire Constabulary,-2.697197,53.758953,On or near Nightclub,E01033224,Preston 017G,Public order,Status update unavailable,
462ddc0888eadd635067d90786b198ccd671bf38098979843e8366d603b50ae6,2021-06,Lancashire Constabulary,Lancashire Constabulary,-2.695183,53.758255,On or near Nightclub,E01033224,Preston 017G,Public order,Unable to prosecute suspect,
ebde1c042db03d4f84990b8ddb4ae32c38a73b3bea0b58cce30c3424ff5bc425,2021-06,Lancashire Constabulary,Lancashire Constabulary,-2.697197,53.758953,On or near Nightclub,E01033224,Preston 017G,Public order,Unable to prosecute suspect,
2047f7c20b585c135ab0fb4efe49cfe794a5d580cf43a3c5e1530a34c6533cb4,2021-06,Lancashire Constabulary,Lancashire Constabulary,-2.697197,53.758953,On or near Nightclub,E01033224,Preston 017G,Public order,Further investigation is not in the public interest,
4498c3010eb16e465a75d07a21183dc9532a3a15bae41cbc23b72adf9f74786a,2021-06,Lancashire Constabulary,Lancashire Constabulary,-2.689033,53.758776,On or near Queen Street,E01033224,Preston 017G,Public order,Investigation complete; no suspect identified,
81f189df60ee4fa59eed999f900c38a2ff1a25d4e8c9489791cded412109b88f,2021-06,Lancashire Constabulary,Lancashire Constabulary,-2.697197,53.758953,On or near Nightclub,E01033224,Preston 017G,Shoplifting,Investigation complete; no suspect identified,
e6b0489605010414d85731e9592445bc8cd7f490bd7f4d706c0b6b41c7737207,2021-06,Lancashire Constabulary,Lancashire Constabulary,-2.697197,53.758953,On or near Nightclub,E01033224,Preston 017G,Shoplifting,Status update unavailable,
add443ed248f806e0e6de9ab60207f08fb83e50feab8e85e796f0321847ee268,2021-06,Lancashire Constabulary,Lancashire Constabulary,-2.693667,53.758327,On or near Blelock Street,E01033224,Preston 017G,Theft from the person,Unable to prosecute suspect,
622f78f54862ce249caae32bcc4c0dd7a33cb67656ce3e1c45a7c3c04c40e8ca,2021-06,Lancashire Constabulary,Lancashire Constabulary,-2.697197,53.758953,On or near Nightclub,E01033224,Preston 017G,Theft from the person,Investigation complete; no suspect identified,
2c4ee840ccaa729a52e1c8d803539f18cda3faa07e7e0242941d19d6d7206e2f,2021-06,Lancashire Constabulary,Lancashire Constabulary,-2.697335,53.759977,On or near Lord Street,E01033224,Preston 017G,Theft from the person,Investigation complete; no suspect identified,
8fb6c43390b995d1562d9fc348b03e256ce0f04002e0a03762cae90bae06fb71,2021-06,Lancashire Constabulary,Lancashire Constabulary,-2.693335,53.759308,On or near Back Grimshaw Street,E01033224,Preston 017G,Theft from the person,Unable to prosecute suspect,
e6c20b743759b6afda1e05abf08fd7e6deba1c60621cd5a2d57a82e9ef438808,2021-06,Lancashire Constabulary,Lancashire Constabulary,-2.691412,53.758591,On or near Walker Place,E01033224,Preston 017G,Vehicle crime,Investigation complete; no suspect identified,
98dcd994c53116aeede611616021350e219d26817a5a68c198bb64a456e92fec,2021-06,Lancashire Constabulary,Lancashire Constabulary,-2.697197,53.758953,On or near Nightclub,E01033224,Preston 017G,Violence and sexual offences,Investigation complete; no suspect identified,
c8437e72a09e0c81c5ad33058662ab3aac0a8a01ef339b916b82cf552919cc46,2021-06,Lancashire Constabulary,Lancashire Constabulary,-2.697197,53.758953,On or near Nightclub,E01033224,Preston 017G,Violence and sexual offences,Offender given a caution,
461b6fcf83ffac12ce45a6b72a2872935c7300434e27e3d4d2669502581b83bc,2021-06,Lancashire Constabulary,Lancashire Constabulary,-2.697197,53.758953,On or near Nightclub,E01033224,Preston 017G,Violence and sexual offences,Unable to prosecute suspect,
656daf23f72c182f499c9c419c6739977961b7f75ac1f76ce0959b8d8cb8e9e6,2021-06,Lancashire Constabulary,Lancashire Constabulary,-2.695436,53.758901,On or near Nightclub,E01033224,Preston 017G,Violence and sexual offences,Unable to prosecute suspect,
86454b4bf79da0202e41a5dbb649581dadfaf76a711fe782b9fce6406beaecb5,2021-06,Lancashire Constabulary,Lancashire Constabulary,-2.693335,53.759308,On or near Back Grimshaw Street,E01033224,Preston 017G,Violence and sexual offences,Offender given a caution,
b8e35071c765b7bd6b8d0181db737ed7d1c6005f677eb8ffa711496b587a0b89,2021-06,Lancashire Constabulary,Lancashire Constabulary,-2.697197,53.758953,On or near Nightclub,E01033224,Preston 017G,Violence and sexual offences,Status update unavailable,
a2dded8dd2ab4a8900314b17b5ac1b76fb325dfb57fe3d26c5ddd7a34bbe84d5,2021-06,Lancashire Constabulary,Lancashire Constabulary,-2.686975,53.759066,On or near Grosvenor Street,E01033224,Preston 017G,Violence and sexual offences,Unable to prosecute suspect,
90f02195ad3888ceef99a7c68e2e1b841a5a03036ce12ecfd34449e96a48653c,2021-06,Lancashire Constabulary,Lancashire Constabulary,-2.697197,53.758953,On or near Nightclub,E01033224,Preston 017G,Violence and sexual offences,Status update unavailable,
25e5694959ffbf16efaa5cdcfb3424f530462c413f8e86f2f78a3304e87b137b,2021-06,Lancashire Constabulary,Lancashire Constabulary,-2.697197,53.758953,On or near Nightclub,E01033224,Preston 017G,Violence and sexual offences,Unable to prosecute suspect,
880413112227d40e6e54bcbe158624ca7c6932f4e82bf21c0c46bcac452c1f82,2021-06,Lancashire Constabulary,Lancashire Constabulary,-2.695436,53.758901,On or near Nightclub,E01033224,Preston 017G,Violence and sexual offences,Unable to prosecute suspect,
906d4c37711450f1930d54816658bdeb86c8a3a32c5303547fa5c8d96c1138a0,2021-06,Lancashire Constabulary,Lancashire Constabulary,-2.695893,53.757163,On or near Wolseley Place,E01033224,Preston 017G,Violence and sexual offences,Unable to prosecute suspect,
e2777b68ab78061c2cb32f89d64e4a6807b3d23d911b3abfe761b2e419b328f8,2021-06,Lancashire Constabulary,Lancashire Constabulary,-2.697197,53.758953,On or near Nightclub,E01033224,Preston 017G,Violence and sexual offences,Unable to prosecute suspect,
7de24639cce35b8226daff819d56196645213e31914ae2a627e7b5ff1ea4acb7,2021-06,Lancashire Constabulary,Lancashire Constabulary,-2.697197,53.758953,On or near Nightclub,E01033224,Preston 017G,Violence and sexual offences,Unable to prosecute suspect,
4b0983b91a70bf9029f7c36df0d318274a8248be09d088ad41c67def4bcbae48,2021-06,Lancashire Constabulary,Lancashire Constabulary,-2.697335,53.759977,On or near Lord Street,E01033224,Preston 017G,Violence and sexual offences,Investigation complete; no suspect identified,
8565df5ffc5d9e29ad52d595acd0f70c0148cd8d25f06e626a7e30985434b0cf,2021-06,Lancashire Constabulary,Lancashire Constabulary,-2.693335,53.759308,On or near Back Grimshaw Street,E01033224,Preston 017G,Violence and sexual offences,Unable to prosecute suspect,
0393f6047170d4eab74654ad621ca337460819656dd4dc0fc08d0a1750ce8cfe,2021-06,Lancashire Constabulary,Lancashire Constabulary,-2.695183,53.758255,On or near Nightclub,E01033224,Preston 017G,Violence and sexual offences,Investigation complete; no suspect identified,
f2b76872500d68c435016168a38278fadb95bab5a1c39cfe42267e2fe5428333,2021-06,Lancashire Constabulary,Lancashire Constabulary,-2.695893,53.757163,On or near Wolseley Place,E01033224,Preston 017G,Violence and sexual offences,Unable to prosecute suspect,
ee59d0e63679c03e672ff119573e8df4d0bede0119a524a060e57aa2dd987755,2021-06,Lancashire Constabulary,Lancashire Constabulary,-2.697197,53.758953,On or near Nightclub,E01033224,Preston 017G,Violence and sexual offences,Unable to prosecute suspect,
02bf57a52a773901d9f4f6176c1aac569e2a0629afdb79b53b8106bed4b205ac,2021-06,Lancashire Constabulary,Lancashire Constabulary,-2.695553,53.756806,On or near Avenham Lane,E01033224,Preston 017G,Violence and sexual offences,Investigation complete; no suspect identified,
930cfce758587e4154ecc92c87e32ecc68f1d5231d690ce2360df29752317989,2021-06,Lancashire Constabulary,Lancashire Constabulary,-2.693335,53.759308,On or near Back Grimshaw Street,E01033224,Preston 017G,Violence and sexual offences,Investigation complete; no suspect identified,
,2021-06,Lancashire Constabulary,Lancashire Constabulary,-2.694296,53.755986,On or near Charlotte Place,E01033226,Preston 017H,Anti-social behaviour,,
,2021-06,Lancashire Constabulary,Lancashire Constabulary,-2.694364,53.756453,On or near Knowsley Street,E01033226,Preston 017H,Anti-social behaviour,,
,2021-06,Lancashire Constabulary,Lancashire Constabulary,-2.694364,53.756453,On or near Knowsley Street,E01033226,Preston 017H,Anti-social behaviour,,
,2021-06,Lancashire Constabulary,Lancashire Constabulary,-2.694364,53.756453,On or near Knowsley Street,E01033226,Preston 017H,Anti-social behaviour,,
,2021-06,Lancashire Constabulary,Lancashire Constabulary,-2.690191,53.757250,On or near Princess Street,E01033226,Preston 017H,Anti-social behaviour,,
,2021-06,Lancashire Constabulary,Lancashire Constabulary,-2.693263,53.756828,On or near Norwich Place,E01033226,Preston 017H,Anti-social behaviour,,
,2021-06,Lancashire Constabulary,Lancashire Constabulary,-2.693020,53.757701,On or near Oak Street,E01033226,Preston 017H,Anti-social behaviour,,
,2021-06,Lancashire Constabulary,Lancashire Constabulary,-2.694296,53.755986,On or near Charlotte Place,E01033226,Preston 017H,Anti-social behaviour,,
,2021-06,Lancashire Constabulary,Lancashire Constabulary,-2.693020,53.757701,On or near Oak Street,E01033226,Preston 017H,Anti-social behaviour,,
,2021-06,Lancashire Constabulary,Lancashire Constabulary,-2.689830,53.755535,On or near Tiber Street,E01033226,Preston 017H,Anti-social behaviour,,
,2021-06,Lancashire Constabulary,Lancashire Constabulary,-2.690754,53.754541,On or near Wadham Road,E01033226,Preston 017H,Anti-social behaviour,,
906b9a490d137c7f10d82e859058c5b1d2ec852a9cceec85d4218e93cbace708,2021-06,Lancashire Constabulary,Lancashire Constabulary,-2.694364,53.756453,On or near Knowsley Street,E01033226,Preston 017H,Burglary,Investigation complete; no suspect identified,
cf78c1163544bf16fde98c7de7be8f8eaf5d3d05bdcb51abc59d2df58f89bc03,2021-06,Lancashire Constabulary,Lancashire Constabulary,-2.689830,53.755535,On or near Tiber Street,E01033226,Preston 017H,Burglary,Status update unavailable,
ea445e62231c87adf50a406be87796d28b9d8171d34aca379b40fbedac607707,2021-06,Lancashire Constabulary,Lancashire Constabulary,-2.694470,53.757324,On or near Syke Hill,E01033226,Preston 017H,Criminal damage and arson,Investigation complete; no suspect identified,
19d146fcac5fd542f46e494e7913bcc9e2aaeb23d2a6a6a31265479f89eb0c12,2021-06,Lancashire Constabulary,Lancashire Constabulary,-2.691493,53.756146,On or near St Austin'S Place,E01033226,Preston 017H,Criminal damage and arson,Investigation complete; no suspect identified,
ec8f2b2bbfd01f4b2d9ecef897f90d2d260f3afd170d11d4d186b32fabfdee89,2021-06,Lancashire Constabulary,Lancashire Constabulary,-2.690754,53.754541,On or near Wadham Road,E01033226,Preston 017H,Public order,Investigation complete; no suspect identified,
2127848a5271bac54ec23b77b8a777f30cdcd9541227ee5739c31ead22329f2e,2021-06,Lancashire Constabulary,Lancashire Constabulary,-2.694296,53.755986,On or near Charlotte Place,E01033226,Preston 017H,Robbery,Investigation complete; no suspect identified,
b4d25909077ff9d410440dc391a81368ccd95b7ed1c937cf9f8322b8bbb9324e,2021-06,Lancashire Constabulary,Lancashire Constabulary,-2.694364,53.756453,On or near Knowsley Street,E01033226,Preston 017H,Vehicle crime,Status update unavailable,
a0a6ec6f3453a89e2464ccc2394e461d565946775c483efc3588e606cf748994,2021-06,Lancashire Constabulary,Lancashire Constabulary,-2.692140,53.756789,On or near Arundel Place,E01033226,Preston 017H,Violence and sexual offences,Investigation complete; no suspect identified,
923b7c0b773bce7838978f8bb6b08784f79e13e823547da71d3f3666bae7f2e2,2021-06,Lancashire Constabulary,Lancashire Constabulary,-2.691493,53.756146,On or near St Austin'S Place,E01033226,Preston 017H,Violence and sexual offences,Status update unavailable,
,2021-06,Lancashire Constabulary,Lancashire Constabulary,-2.470230,53.869353,On or near Chaigley Court,E01025315,Ribble Valley 001A,Anti-social behaviour,,
,2021-06,Lancashire Constabulary,Lancashire Constabulary,-2.490490,53.837158,On or near Shire Lane,E01025315,Ribble Valley 001A,Anti-social behaviour,,
,2021-06,Lancashire Constabulary,Lancashire Constabulary,-2.450863,53.892706,On or near Cross Lane,E01025315,Ribble Valley 001A,Anti-social behaviour,,
,2021-06,Lancashire Constabulary,Lancashire Constabulary,-2.478926,53.837169,On or near Warren Fold,E01025315,Ribble Valley 001A,Anti-social behaviour,,
,2021-06,Lancashire Constabulary,Lancashire Constabulary,-2.494580,53.836099,On or near Longridge Road,E01025315,Ribble Valley 001A,Anti-social behaviour,,
87629b566b2ed76e899e6ca6fef70856de0b44f01c7df27d0c22784a035c5aac,2021-06,Lancashire Constabulary,Lancashire Constabulary,-2.494580,53.836099,On or near Longridge Road,E01025315,Ribble Valley 001A,Burglary,Investigation complete; no suspect identified,
04bef930093e38860cdaa13a2748cbacb5c5fdb3aad69a8d063c137721830a5f,2021-06,Lancashire Constabulary,Lancashire Constabulary,-2.494580,53.836099,On or near Longridge Road,E01025315,Ribble Valley 001A,Burglary,Investigation complete; no suspect identified,
28db2d87dc4b8a6c7eb18cbbbd4f81f945ed6751a9ccb19e71a74f0086fb12fc,2021-06,Lancashire Constabulary,Lancashire Constabulary,-2.494580,53.836099,On or near Longridge Road,E01025315,Ribble Valley 001A,Criminal damage and arson,Court result unavailable,
19d830bd17a6006fc638bc1051b21c1901617edee3d3783c0e6d43d590fbf1f6,2021-06,Lancashire Constabulary,Lancashire Constabulary,-2.480582,53.839787,On or near Smithy Row,E01025315,Ribble Valley 001A,Vehicle crime,Investigation complete; no suspect identified,
d37e6d787e4dc3e3abdc81d25bc27417d083983d13bff2b8d1a84a1d46b8a0d6,2021-06,Lancashire Constabulary,Lancashire Constabulary,-2.470230,53.869353,On or near Chaigley Court,E01025315,Ribble Valley 001A,Violence and sexual offences,Unable to prosecute suspect,
cd945047e27cdebb11fdbc4b8db725a4fa99a365c6f3b38422c0bf47c04c94bf,2021-06,Lancashire Constabulary,Lancashire Constabulary,-2.478926,53.837169,On or near Warren Fold,E01025315,Ribble Valley 001A,Violence and sexual offences,Unable to prosecute suspect,
,2021-06,Lancashire Constabulary,Lancashire Constabulary,-2.458606,53.978574,On or near Wood House Lane,E01025320,Ribble Valley 001B,Anti-social behaviour,,
baee318a43aa0d597d1d9b62414b9a919a7ea41c837705cc7d8a7660b4b28c33,2021-06,Lancashire Constabulary,Lancashire Constabulary,-2.387660,53.986814,On or near Dugdale Lane,E01025320,Ribble Valley 001B,Drugs,Court result unavailable,
b394b647c66536bc75435877d002393bbd561cd37336a902c5d7fe3a480eeb62,2021-06,Lancashire Constabulary,Lancashire Constabulary,-2.403242,53.967538,On or near Tinklers Lane,E01025320,Ribble Valley 001B,Vehicle crime,Investigation complete; no suspect identified,
,2021-06,Lancashire Constabulary,Lancashire Constabulary,-2.290967,53.909505,On or near Stoops Lane,E01025331,Ribble Valley 001C,Anti-social behaviour,,
ebe1b1c552305560012eca31ed2cfe425c700c2ef556f0c8ef61c945f25cc3c4,2021-06,Lancashire Constabulary,Lancashire Constabulary,-2.282590,53.944838,On or near Gisburn Road,E01025331,Ribble Valley 001C,Vehicle crime,Unable to prosecute suspect,
f5b706ecb8433f8816ac0a91ef4e3196d21094732e99fde1db2d6e036bd0c1f9,2021-06,Lancashire Constabulary,Lancashire Constabulary,-2.233530,53.906242,On or near Coal Pit Lane,E01025331,Ribble Valley 001C,Violence and sexual offences,Unable to prosecute suspect,
081d5c661de78a562fb105bc3e738aaffc909cf15e1d89ad6a0ffb73a1de74c4,2021-06,Lancashire Constabulary,Lancashire Constabulary,-2.412980,53.887063,On or near Queensway,E01025348,Ribble Valley 001D,Vehicle crime,Investigation complete; no suspect identified,
fe091f905b91811d3f54f54bf26f06ae15b774175f1193aed942f83a934175d9,2021-06,Lancashire Constabulary,Lancashire Constabulary,-2.399595,53.901777,On or near Ribble Drive,E01025348,Ribble Valley 001D,Violence and sexual offences,Unable to prosecute suspect,
c87de95509de7095fb41c28e12f30f86363d7e60ced9c12941f89b11fc3ce2f0,2021-06,Lancashire Constabulary,Lancashire Constabulary,-2.399595,53.901777,On or near Ribble Drive,E01025348,Ribble Valley 001D,Violence and sexual offences,Unable to prosecute suspect,
bc3e555a708c299521c4665fd2a1badecf217cac4b4b2ef166ad9d62210a28cc,2021-06,Lancashire Constabulary,Lancashire Constabulary,-2.343436,53.914875,On or near Sawley Road,E01025349,Ribble Valley 001E,Violence and sexual offences,Unable to prosecute suspect,
,2021-06,Lancashire Constabulary,Lancashire Constabulary,-2.393172,53.866062,On or near St James'S Street,E01025334,Ribble Valley 002A,Anti-social behaviour,,
,2021-06,Lancashire Constabulary,Lancashire Constabulary,-2.393716,53.865719,On or near Hall Street,E01025334,Ribble Valley 002A,Anti-social behaviour,,
,2021-06,Lancashire Constabulary,Lancashire Constabulary,-2.391698,53.866157,On or near Brownlow Street,E01025334,Ribble Valley 002A,Anti-social behaviour,,
,2021-06,Lancashire Constabulary,Lancashire Constabulary,-2.395005,53.863683,On or near Petrol Station,E01025334,Ribble Valley 002A,Anti-social behaviour,,
,2021-06,Lancashire Constabulary,Lancashire Constabulary,-2.379457,53.866223,On or near Brett Close,E01025334,Ribble Valley 002A,Anti-social behaviour,,
,2021-06,Lancashire Constabulary,Lancashire Constabulary,-2.395005,53.863683,On or near Petrol Station,E01025334,Ribble Valley 002A,Anti-social behaviour,,
,2021-06,Lancashire Constabulary,Lancashire Constabulary,-2.379457,53.866223,On or near Brett Close,E01025334,Ribble Valley 002A,Anti-social behaviour,,
3c5715ce0a2f8e0e7e29ce7f8f37f75dd5227926db68bfb4485d99fbc04eab11,2021-06,Lancashire Constabulary,Lancashire Constabulary,-2.393172,53.866062,On or near St James'S Street,E01025334,Ribble Valley 002A,Criminal damage and arson,Unable to prosecute suspect,
8548ba60b2422ea6013dd1f7103ee4ecb560f6bac2a8a6293fc9259c152cdeef,2021-06,Lancashire Constabulary,Lancashire Constabulary,-2.393172,53.866062,On or near St James'S Street,E01025334,Ribble Valley 002A,Drugs,Court result unavailable,
e46d47e732b7097f73e1ad8dc4e487c3bd4a1da001a85f1c34c715c273a3edcf,2021-06,Lancashire Constabulary,Lancashire Constabulary,-2.393716,53.865719,On or near Hall Street,E01025334,Ribble Valley 002A,Vehicle crime,Investigation complete; no suspect identified,
981d029c877bd00ef47e526776875287f77baa5edd1beaf5b7f45b4d8c73dd56,2021-06,Lancashire Constabulary,Lancashire Constabulary,-2.380164,53.865340,On or near Pagefield Crescent,E01025334,Ribble Valley 002A,Violence and sexual offences,Unable to prosecute suspect,
296d62a8adb808b91c738815d3abadc9b16afaad2d2c3a6f0c5682b6fb5c6cd7,2021-06,Lancashire Constabulary,Lancashire Constabulary,-2.393716,53.865719,On or near Hall Street,E01025334,Ribble Valley 002A,Violence and sexual offences,Unable to prosecute suspect,
d9a133c64bdf56d64998be8520d819f561e0708b07e261244e034f5cdd552b07,2021-06,Lancashire Constabulary,Lancashire Constabulary,-2.391366,53.866500,On or near Turner Street,E01025334,Ribble Valley 002A,Violence and sexual offences,Unable to prosecute suspect,
1064eb240ba819c4010152efec270364aeb6091152fece58d5a339f3c5f6c7e1,2021-06,Lancashire Constabulary,Lancashire Constabulary,-2.394204,53.864288,On or near Little Moor View,E01025334,Ribble Valley 002A,Violence and sexual offences,Investigation complete; no suspect identified,
,2021-06,Lancashire Constabulary,Lancashire Constabulary,-2.392040,53.873526,On or near Parking Area,E01025344,Ribble Valley 002B,Anti-social behaviour,,
,2021-06,Lancashire Constabulary,Lancashire Constabulary,-2.396190,53.873252,On or near Kirkmoor Road,E01025344,Ribble Valley 002B,Anti-social behaviour,,
,2021-06,Lancashire Constabulary,Lancashire Constabulary,-2.396190,53.873252,On or near Kirkmoor Road,E01025344,Ribble Valley 002B,Anti-social behaviour,,
,2021-06,Lancashire Constabulary,Lancashire Constabulary,-2.397045,53.871973,On or near Albemarle Street,E01025344,Ribble Valley 002B,Anti-social behaviour,,
,2021-06,Lancashire Constabulary,Lancashire Constabulary,-2.396190,53.873252,On or near Kirkmoor Road,E01025344,Ribble Valley 002B,Anti-social behaviour,,
,2021-06,Lancashire Constabulary,Lancashire Constabulary,-2.395192,53.873929,On or near Blacklane Croft,E01025344,Ribble Valley 002B,Anti-social behaviour,,
,2021-06,Lancashire Constabulary,Lancashire Constabulary,-2.395192,53.873929,On or near Blacklane Croft,E01025344,Ribble Valley 002B,Anti-social behaviour,,
,2021-06,Lancashire Constabulary,Lancashire Constabulary,-2.397147,53.871514,On or near Montague Street,E01025344,Ribble Valley 002B,Anti-social behaviour,,
,2021-06,Lancashire Constabulary,Lancashire Constabulary,-2.395192,53.873929,On or near Blacklane Croft,E01025344,Ribble Valley 002B,Anti-social behaviour,,
,2021-06,Lancashire Constabulary,Lancashire Constabulary,-2.396190,53.873252,On or near Kirkmoor Road,E01025344,Ribble Valley 002B,Anti-social behaviour,,
,2021-06,Lancashire Constabulary,Lancashire Constabulary,-2.396190,53.873252,On or near Kirkmoor Road,E01025344,Ribble Valley 002B,Anti-social behaviour,,
,2021-06,Lancashire Constabulary,Lancashire Constabulary,-2.392600,53.873192,On or near King Street,E01025344,Ribble Valley 002B,Anti-social behaviour,,
,2021-06,Lancashire Constabulary,Lancashire Constabulary,-2.388924,53.873680,On or near York Street,E01025344,Ribble Valley 002B,Anti-social behaviour,,
2bb65284aae78a7798a4d5d15790c15bf1c32d6687bd9f782e64a7f7d51319a3,2021-06,Lancashire Constabulary,Lancashire Constabulary,-2.397147,53.871514,On or near Montague Street,E01025344,Ribble Valley 002B,Criminal damage and arson,Unable to prosecute suspect,
f3d777347bf702fe9d572861ebf3f8a307c7d7f586aeddf72df0ec2b42a93d66,2021-06,Lancashire Constabulary,Lancashire Constabulary,-2.397325,53.871055,On or near De Lacy Street,E01025344,Ribble Valley 002B,Other theft,Investigation complete; no suspect identified,
ffa85614c51d4408970adf76f3deec1e7c86178e8edc7a3e931fa729f8492e10,2021-06,Lancashire Constabulary,Lancashire Constabulary,-2.389874,53.874504,On or near Church Brow,E01025344,Ribble Valley 002B,Public order,Unable to prosecute suspect,
106fcc450b09c6263000046ab960bb43d25850d8450413501d9ae08f9d90e745,2021-06,Lancashire Constabulary,Lancashire Constabulary,-2.397147,53.871514,On or near Montague Street,E01025344,Ribble Valley 002B,Public order,Local resolution,
e658a2bd8d0fb9f8362f8002319a5c4fc09c419174a416cb6599fea5d0245c1f,2021-06,Lancashire Constabulary,Lancashire Constabulary,-2.393175,53.874484,On or near Railway View Road,E01025344,Ribble Valley 002B,Robbery,Investigation complete; no suspect identified,
11c922395e27539512dc1b5ac55d1e6cdd006cf688ad100af8545c9f859033df,2021-06,Lancashire Constabulary,Lancashire Constabulary,-2.393175,53.874484,On or near Railway View Road,E01025344,Ribble Valley 002B,Violence and sexual offences,Unable to prosecute suspect,
a762e50e25ca476647e5cb07a24efe9b0e0d1cdcb99e355dc4bd99c64107fed8,2021-06,Lancashire Constabulary,Lancashire Constabulary,-2.388924,53.873680,On or near York Street,E01025344,Ribble Valley 002B,Violence and sexual offences,Unable to prosecute suspect,
338c1324b86ef1391fb8aa785ecff9dc3c865f80d6ec61bdbc1e0650bd0c3f8d,2021-06,Lancashire Constabulary,Lancashire Constabulary,-2.389874,53.874504,On or near Church Brow,E01025344,Ribble Valley 002B,Violence and sexual offences,Unable to prosecute suspect,
,2021-06,Lancashire Constabulary,Lancashire Constabulary,-2.389081,53.875872,On or near Causeway Croft,E01025345,Ribble Valley 002C,Anti-social behaviour,,
,2021-06,Lancashire Constabulary,Lancashire Constabulary,-2.388435,53.875093,On or near Well Terrace,E01025345,Ribble Valley 002C,Anti-social behaviour,,
5c8c93db1a28bf7b1b9be41e8f38c144f8d3614ba482e20ccf3bd1de461524c7,2021-06,Lancashire Constabulary,Lancashire Constabulary,-2.391073,53.875830,On or near Radeclyffe Street,E01025345,Ribble Valley 002C,Burglary,Investigation complete; no suspect identified,
6aab5d97a3e7a7c5b3911f1db35e3f9df33e042257a939c9e8e86576d5b2fa14,2021-06,Lancashire Constabulary,Lancashire Constabulary,-2.395988,53.877683,On or near Tucker Hill,E01025345,Ribble Valley 002C,Criminal damage and arson,Unable to prosecute suspect,
f5ab6ebbd13ea6adf7df67ac3790ad2fe7c75c923634ef8900cd2572fb44c013,2021-06,Lancashire Constabulary,Lancashire Constabulary,-2.394637,53.879602,On or near Hippings Way,E01025345,Ribble Valley 002C,Criminal damage and arson,Status update unavailable,
4f018973556fabae6cadc40c40621024227c0abc4a935ff93af78b89b16d638d,2021-06,Lancashire Constabulary,Lancashire Constabulary,-2.383162,53.882282,On or near Moorland Crescent,E01025345,Ribble Valley 002C,Vehicle crime,Investigation complete; no suspect identified,
fd53a107b5235e9b0f2f632b4f002bbc57a5ad923a00adb238eed16cf50fa650,2021-06,Lancashire Constabulary,Lancashire Constabulary,-2.391100,53.877115,On or near Park Avenue,E01025345,Ribble Valley 002C,Violence and sexual offences,Unable to prosecute suspect,
5061d0c877173d7fa2ab043f4f2e69151b0bfe43114c5735f13a59ed1de2d022,2021-06,Lancashire Constabulary,Lancashire Constabulary,-2.389081,53.875872,On or near Causeway Croft,E01025345,Ribble Valley 002C,Violence and sexual offences,Status update unavailable,
,2021-06,Lancashire Constabulary,Lancashire Constabulary,-2.386750,53.872141,On or near Walker Street,E01025346,Ribble Valley 002D,Anti-social behaviour,,
,2021-06,Lancashire Constabulary,Lancashire Constabulary,-2.388182,53.872361,On or near Duck Street,E01025346,Ribble Valley 002D,Anti-social behaviour,,
,2021-06,Lancashire Constabulary,Lancashire Constabulary,-2.389109,53.872331,On or near Wellgate,E01025346,Ribble Valley 002D,Anti-social behaviour,,
,2021-06,Lancashire Constabulary,Lancashire Constabulary,-2.391028,53.872639,On or near Market Place,E01025346,Ribble Valley 002D,Anti-social behaviour,,
,2021-06,Lancashire Constabulary,Lancashire Constabulary,-2.388353,53.872819,On or near Supermarket,E01025346,Ribble Valley 002D,Anti-social behaviour,,
,2021-06,Lancashire Constabulary,Lancashire Constabulary,-2.390209,53.872831,On or near Harris Court,E01025346,Ribble Valley 002D,Anti-social behaviour,,
,2021-06,Lancashire Constabulary,Lancashire Constabulary,-2.386750,53.872141,On or near Walker Street,E01025346,Ribble Valley 002D,Anti-social behaviour,,
,2021-06,Lancashire Constabulary,Lancashire Constabulary,-2.391028,53.872639,On or near Market Place,E01025346,Ribble Valley 002D,Anti-social behaviour,,
f8051d5730e9c3a13b3d9ddbd7fc26b34bce653eb6aeb366b2cc381ee73f506d,2021-06,Lancashire Constabulary,Lancashire Constabulary,-2.390209,53.872831,On or near Harris Court,E01025346,Ribble Valley 002D,Criminal damage and arson,Investigation complete; no suspect identified,
d85648c5a0d55010ddd63e14e644b9d45baecce6fa6430b429f7e6a86b5a87b7,2021-06,Lancashire Constabulary,Lancashire Constabulary,-2.388040,53.873458,On or near Albion Street,E01025346,Ribble Valley 002D,Public order,Status update unavailable,
1e4d95ecb8dbaefa85b0ffee9674008b3391310ff3da68652a9efe40ae274463,2021-06,Lancashire Constabulary,Lancashire Constabulary,-2.387212,53.871169,On or near Shaw Bridge Street,E01025346,Ribble Valley 002D,Shoplifting,Investigation complete; no suspect identified,
969e5f6594e48b995b1af6f59605c343adfdeaac2150c6b72499fa51a2cfaf2a,2021-06,Lancashire Constabulary,Lancashire Constabulary,-2.388353,53.872819,On or near Supermarket,E01025346,Ribble Valley 002D,Shoplifting,Status update unavailable,
50767bc966c265b2c6e5b25b96551e704e85837dc236bc2d4d72ba0d66d23a12,2021-06,Lancashire Constabulary,Lancashire Constabulary,-2.388353,53.872819,On or near Supermarket,E01025346,Ribble Valley 002D,Theft from the person,Investigation complete; no suspect identified,
a7210e37a2418156489b652679cb7c39945bd72d9a753c0a6b04f6300db1ed6d,2021-06,Lancashire Constabulary,Lancashire Constabulary,-2.390209,53.872831,On or near Harris Court,E01025346,Ribble Valley 002D,Violence and sexual offences,Unable to prosecute suspect,
,2021-06,Lancashire Constabulary,Lancashire Constabulary,-2.386104,53.873060,On or near River Lea Gardens,E01025347,Ribble Valley 002E,Anti-social behaviour,,
,2021-06,Lancashire Constabulary,Lancashire Constabulary,-2.385569,53.877699,On or near Sports/Recreation Area,E01025347,Ribble Valley 002E,Anti-social behaviour,,
,2021-06,Lancashire Constabulary,Lancashire Constabulary,-2.384808,53.875949,On or near Lime Street,E01025347,Ribble Valley 002E,Anti-social behaviour,,
,2021-06,Lancashire Constabulary,Lancashire Constabulary,-2.385569,53.877699,On or near Sports/Recreation Area,E01025347,Ribble Valley 002E,Anti-social behaviour,,
6908757dc0037a32f97377973cec32192d417f2f82a4af1d3080eb7915ccad0e,2021-06,Lancashire Constabulary,Lancashire Constabulary,-2.384808,53.875949,On or near Lime Street,E01025347,Ribble Valley 002E,Bicycle theft,Investigation complete; no suspect identified,
418c1853ae9ab643c86e5bcd850c8b384bbf6340ebf0200c9374e2e6ad935ad5,2021-06,Lancashire Constabulary,Lancashire Constabulary,-2.384069,53.876698,On or near Tower Hill,E01025347,Ribble Valley 002E,Burglary,Investigation complete; no suspect identified,
286ffd8745860e92c453d4203a03c4624da476d17f4c758affa9560b260feb8f,2021-06,Lancashire Constabulary,Lancashire Constabulary,-2.386635,53.874478,On or near Salthill Road,E01025347,Ribble Valley 002E,Violence and sexual offences,Unable to prosecute suspect,
ad9b0ea141d6883a40e63cfe8b14e37eec017fbfb174557090d73c2b11cd547f,2021-06,Lancashire Constabulary,Lancashire Constabulary,-2.386635,53.874478,On or near Salthill Road,E01025347,Ribble Valley 002E,Violence and sexual offences,Unable to prosecute suspect,
0e7a984e4bc5d3b3400d34d17f4214bde77b318fec2d8459c76b1ae24871b10f,2021-06,Lancashire Constabulary,Lancashire Constabulary,-2.386594,53.876689,On or near Longsight Avenue,E01025347,Ribble Valley 002E,Violence and sexual offences,Unable to prosecute suspect,
,2021-06,Lancashire Constabulary,Lancashire Constabulary,-2.408152,53.864709,On or near Alderford Close,E01025329,Ribble Valley 003A,Anti-social behaviour,,
,2021-06,Lancashire Constabulary,Lancashire Constabulary,-2.406613,53.865946,On or near Hazel Grove,E01025329,Ribble Valley 003A,Anti-social behaviour,,
,2021-06,Lancashire Constabulary,Lancashire Constabulary,-2.410450,53.866400,On or near Fairfield Drive,E01025329,Ribble Valley 003A,Anti-social behaviour,,
,2021-06,Lancashire Constabulary,Lancashire Constabulary,-2.410450,53.866400,On or near Fairfield Drive,E01025329,Ribble Valley 003A,Anti-social behaviour,,
aebf7e1766a1748bc654bf82c0437c40c220c1900eaf4d7dcc8471c78bd1e5c4,2021-06,Lancashire Constabulary,Lancashire Constabulary,-2.408152,53.864709,On or near Alderford Close,E01025329,Ribble Valley 003A,Violence and sexual offences,Offender given a caution,
63e28f009f76ddcd0eb7b2ec80eb97085442b61d9e4cf088c3fe57e96bdb6e9c,2021-06,Lancashire Constabulary,Lancashire Constabulary,-2.408152,53.864709,On or near Alderford Close,E01025329,Ribble Valley 003A,Violence and sexual offences,Unable to prosecute suspect,
2cb9d4258a010b493f1ddfddc91f6a654db64f535d14a21945f7af04a14b9ab8,2021-06,Lancashire Constabulary,Lancashire Constabulary,-2.408152,53.864709,On or near Alderford Close,E01025329,Ribble Valley 003A,Violence and sexual offences,Unable to prosecute suspect,
c15c9c9c8e918cbde37545c9eac92e4e0e34435f53d70679f50e3dcf7ca6257a,2021-06,Lancashire Constabulary,Lancashire Constabulary,-2.408152,53.864709,On or near Alderford Close,E01025329,Ribble Valley 003A,Violence and sexual offences,Unable to prosecute suspect,
188711c42f59e0dab357aaa1712f2d52edeaa1db9bbf0914cedf1259d7b3a6de,2021-06,Lancashire Constabulary,Lancashire Constabulary,-2.410450,53.866400,On or near Fairfield Drive,E01025329,Ribble Valley 003A,Violence and sexual offences,Unable to prosecute suspect,
,2021-06,Lancashire Constabulary,Lancashire Constabulary,-2.408083,53.870129,On or near St Paul'S Close,E01025330,Ribble Valley 003B,Anti-social behaviour,,
a347e52e746d053bcdcb1b04ce9ae13f2275446a0c8c198fa9f93d4707f5dada,2021-06,Lancashire Constabulary,Lancashire Constabulary,-2.408083,53.870129,On or near St Paul'S Close,E01025330,Ribble Valley 003B,Criminal damage and arson,Status update unavailable,
a6cb875c2a6622179048a09269ccfa6b287bf6d62dae4bf56a6ee6856f159bf1,2021-06,Lancashire Constabulary,Lancashire Constabulary,-2.408083,53.870129,On or near St Paul'S Close,E01025330,Ribble Valley 003B,Public order,Investigation complete; no suspect identified,
f00780c00b90d0f37916ef0e493235b3afcf17e17e5a0fcb9b1fec42bb107cb6,2021-06,Lancashire Constabulary,Lancashire Constabulary,-2.398944,53.870169,On or near Whalley Street,E01025330,Ribble Valley 003B,Violence and sexual offences,Unable to prosecute suspect,
c97860fac5ca8db9e88e75b59705b7721831a863b63138f105c9e7b6071434a4,2021-06,Lancashire Constabulary,Lancashire Constabulary,-2.398944,53.870169,On or near Whalley Street,E01025330,Ribble Valley 003B,Violence and sexual offences,Unable to prosecute suspect,
,2021-06,Lancashire Constabulary,Lancashire Constabulary,-2.388711,53.868728,On or near Carlton Place,E01025335,Ribble Valley 003C,Anti-social behaviour,,
,2021-06,Lancashire Constabulary,Lancashire Constabulary,-2.389536,53.869184,On or near Peel Street,E01025335,Ribble Valley 003C,Anti-social behaviour,,
22517c1a2ca88e84c071dd8f6d76cb164e312add1c3a682668e38fbd17c51fc3,2021-06,Lancashire Constabulary,Lancashire Constabulary,-2.391752,53.870399,On or near Supermarket,E01025335,Ribble Valley 003C,Violence and sexual offences,Investigation complete; no suspect identified,
40390e5975f451d556d659a8bb673f2dbfd54057cca78ea251f0cc4f68022d3c,2021-06,Lancashire Constabulary,Lancashire Constabulary,-2.388807,53.869303,On or near Brotherton Meadows,E01025335,Ribble Valley 003C,Violence and sexual offences,Unable to prosecute suspect,
a5515e838bb3c38484571cd8a629dd4bdab393abf56fa46ccfa6ec3011fcefc1,2021-06,Lancashire Constabulary,Lancashire Constabulary,-2.391752,53.870399,On or near Supermarket,E01025335,Ribble Valley 003C,Violence and sexual offences,Investigation complete; no suspect identified,
2b2353fe4eb84a6d05560fb1a2648d63d42145e3e4f3ec0ea81a8552f964b475,2021-06,Lancashire Constabulary,Lancashire Constabulary,-2.388807,53.869303,On or near Brotherton Meadows,E01025335,Ribble Valley 003C,Violence and sexual offences,Unable to prosecute suspect,
12367be20073ad77e7d37b2d0affc27622fdaf42a11f66f45f666da151a35b18,2021-06,Lancashire Constabulary,Lancashire Constabulary,-2.389536,53.869184,On or near Peel Street,E01025335,Ribble Valley 003C,Violence and sexual offences,Unable to prosecute suspect,
bb84bc5fbd68b90f1cceb57978ba25749573a3afb48df14522dd11b237152a0f,2021-06,Lancashire Constabulary,Lancashire Constabulary,-2.386548,53.866767,On or near Mayfield Avenue,E01025335,Ribble Valley 003C,Violence and sexual offences,Unable to prosecute suspect,
,2021-06,Lancashire Constabulary,Lancashire Constabulary,-2.392504,53.869444,On or near Moor Lane,E01025338,Ribble Valley 003D,Anti-social behaviour,,
,2021-06,Lancashire Constabulary,Lancashire Constabulary,-2.391919,53.871936,On or near Castle Street,E01025338,Ribble Valley 003D,Anti-social behaviour,,
,2021-06,Lancashire Constabulary,Lancashire Constabulary,-2.397279,53.866229,On or near Woone Lane,E01025338,Ribble Valley 003D,Anti-social behaviour,,
,2021-06,Lancashire Constabulary,Lancashire Constabulary,-2.397279,53.866229,On or near Woone Lane,E01025338,Ribble Valley 003D,Anti-social behaviour,,
,2021-06,Lancashire Constabulary,Lancashire Constabulary,-2.392504,53.869444,On or near Moor Lane,E01025338,Ribble Valley 003D,Anti-social behaviour,,
,2021-06,Lancashire Constabulary,Lancashire Constabulary,-2.392504,53.869444,On or near Moor Lane,E01025338,Ribble Valley 003D,Anti-social behaviour,,
,2021-06,Lancashire Constabulary,Lancashire Constabulary,-2.392504,53.869444,On or near Moor Lane,E01025338,Ribble Valley 003D,Anti-social behaviour,,
,2021-06,Lancashire Constabulary,Lancashire Constabulary,-2.399183,53.864910,On or near Fort Street,E01025338,Ribble Valley 003D,Anti-social behaviour,,
,2021-06,Lancashire Constabulary,Lancashire Constabulary,-2.394978,53.868897,On or near Sports/Recreation Area,E01025338,Ribble Valley 003D,Anti-social behaviour,,
,2021-06,Lancashire Constabulary,Lancashire Constabulary,-2.398031,53.868491,On or near Parking Area,E01025338,Ribble Valley 003D,Anti-social behaviour,,
,2021-06,Lancashire Constabulary,Lancashire Constabulary,-2.394293,53.872099,On or near Old Station Court,E01025338,Ribble Valley 003D,Anti-social behaviour,,
,2021-06,Lancashire Constabulary,Lancashire Constabulary,-2.391919,53.871936,On or near Castle Street,E01025338,Ribble Valley 003D,Anti-social behaviour,,
7e791fb572bcf4e5213fa4b0e90e4fe61002b8ea3838e8574748a8e149f1fc4c,2021-06,Lancashire Constabulary,Lancashire Constabulary,-2.398977,53.868856,On or near Monk Street,E01025338,Ribble Valley 003D,Criminal damage and arson,Local resolution,
77b4e400c92956a825cdf74941390e3fe889b6b1787e052ab6189e849cdb7010,2021-06,Lancashire Constabulary,Lancashire Constabulary,-2.394478,53.867496,On or near Greenacre Street,E01025338,Ribble Valley 003D,Criminal damage and arson,Unable to prosecute suspect,
878de84f8b8add51fb391e09d8d06e6c613b12d22c0bf09005bfaaf8e11a2b38,2021-06,Lancashire Constabulary,Lancashire Constabulary,-2.398031,53.868491,On or near Parking Area,E01025338,Ribble Valley 003D,Other theft,Status update unavailable,
8ccb84fdf1f2ce59d5e5c05488c13c8f62c47c3a025d16152146701d976f5107,2021-06,Lancashire Constabulary,Lancashire Constabulary,-2.394575,53.871379,On or near Parson Lane,E01025338,Ribble Valley 003D,Shoplifting,Investigation complete; no suspect identified,
d07f353271879590489678e1048848c33d2d6b4ba42a5fdb7a20b932c224a3e3,2021-06,Lancashire Constabulary,Lancashire Constabulary,-2.393239,53.873181,On or near Police Station,E01025338,Ribble Valley 003D,Theft from the person,Investigation complete; no suspect identified,
83dfc84eb38226e5e4660cc8d71282c5b7f11fd8d30a2af35f435725c353442a,2021-06,Lancashire Constabulary,Lancashire Constabulary,-2.399733,53.866823,On or near Richmond Terrace,E01025338,Ribble Valley 003D,Vehicle crime,Investigation complete; no suspect identified,
b6230a61b92957fdf0120a341fa6e6951aeec94ca599c38c05d7da6a344d1f95,2021-06,Lancashire Constabulary,Lancashire Constabulary,-2.393447,53.867841,On or near Mearley Street,E01025338,Ribble Valley 003D,Vehicle crime,Status update unavailable,
83f09cf8800c75569fdbc15d0fa6fcda995aa1fd411401de82f6f8b72f270b6e,2021-06,Lancashire Constabulary,Lancashire Constabulary,-2.396782,53.868378,On or near Eshton Terrace,E01025338,Ribble Valley 003D,Vehicle crime,Unable to prosecute suspect,
4de1b8e46975ba36291db42997dca477fc54d5d30905a77ee7ecd943b4d257fa,2021-06,Lancashire Constabulary,Lancashire Constabulary,-2.400119,53.865788,On or near Reeford Grove,E01025338,Ribble Valley 003D,Violence and sexual offences,Unable to prosecute suspect,
2db684b674dbd54568bccbecc76b1b72260d7a8ff29d143b564b3fe169f97112,2021-06,Lancashire Constabulary,Lancashire Constabulary,-2.393239,53.873181,On or near Police Station,E01025338,Ribble Valley 003D,Violence and sexual offences,Status update unavailable,
dc1ae8eadc5eaf6d726c0f03e52c2e2f31b3a7e8ec3cbbe89ca4b5c8f2864f89,2021-06,Lancashire Constabulary,Lancashire Constabulary,-2.394293,53.872099,On or near Old Station Court,E01025338,Ribble Valley 003D,Violence and sexual offences,Unable to prosecute suspect,
13b83e101a4e2fca15d5b181b1414ee19547a222af2029a6b6bd5b9a82d08ac4,2021-06,Lancashire Constabulary,Lancashire Constabulary,-2.391919,53.871936,On or near Castle Street,E01025338,Ribble Valley 003D,Violence and sexual offences,Unable to prosecute suspect,
94a50fca59f61f5951c7612f2b116e4175dc738e713add72069e75e4e03f7a76,2021-06,Lancashire Constabulary,Lancashire Constabulary,-2.391919,53.871936,On or near Castle Street,E01025338,Ribble Valley 003D,Violence and sexual offences,Unable to prosecute suspect,
,2021-06,Lancashire Constabulary,Lancashire Constabulary,-2.405672,53.862938,On or near Dunster Grove,E01025339,Ribble Valley 003E,Anti-social behaviour,,
,2021-06,Lancashire Constabulary,Lancashire Constabulary,-2.402550,53.867209,On or near Dean Meadow,E01025339,Ribble Valley 003E,Anti-social behaviour,,
,2021-06,Lancashire Constabulary,Lancashire Constabulary,-2.407700,53.863587,On or near Stirling Close,E01025339,Ribble Valley 003E,Anti-social behaviour,,
,2021-06,Lancashire Constabulary,Lancashire Constabulary,-2.404098,53.863716,On or near Kemple View,E01025339,Ribble Valley 003E,Anti-social behaviour,,
,2021-06,Lancashire Constabulary,Lancashire Constabulary,-2.400713,53.864357,On or near George Street,E01025339,Ribble Valley 003E,Anti-social behaviour,,
ac6cae1b6229392eba7912b4241fc89105966841dc631b59624fa5a7036b21dc,2021-06,Lancashire Constabulary,Lancashire Constabulary,-2.407179,53.863148,On or near Kenilworth Drive,E01025339,Ribble Valley 003E,Burglary,Investigation complete; no suspect identified,
617f2e79aa0f893f5880613792d4ddffea5c9ba3462f1c18c898f9948337cda5,2021-06,Lancashire Constabulary,Lancashire Constabulary,-2.398724,53.861505,On or near Whalley Road,E01025339,Ribble Valley 003E,Criminal damage and arson,Status update unavailable,
e96561307021d22c263c5495fc7e7d470e6452e6bd6288022e37338c514dc87b,2021-06,Lancashire Constabulary,Lancashire Constabulary,-2.398724,53.861505,On or near Whalley Road,E01025339,Ribble Valley 003E,Criminal damage and arson,Unable to prosecute suspect,
b641c2a3eb0196fc238bc4b3a0f975c0e361200a5af570f9841122232e3db123,2021-06,Lancashire Constabulary,Lancashire Constabulary,-2.402921,53.866246,On or near Whipp Avenue,E01025339,Ribble Valley 003E,Violence and sexual offences,Investigation complete; no suspect identified,
,2021-06,Lancashire Constabulary,Lancashire Constabulary,-2.623741,53.864465,On or near Loud Bridge Road,E01025322,Ribble Valley 004A,Anti-social behaviour,,
,2021-06,Lancashire Constabulary,Lancashire Constabulary,-2.577573,53.885305,On or near Church Raike,E01025322,Ribble Valley 004A,Anti-social behaviour,,
92e2021f2e49914da18d351fb7fa64cfdf857a3fbf42b6282526b0cda38ab864,2021-06,Lancashire Constabulary,Lancashire Constabulary,-2.518716,53.945811,On or near Petrol Station,E01025322,Ribble Valley 004A,Other theft,Investigation complete; no suspect identified,
df6e0951d16c92f30152fb5e80dfce54a6e4f32dc489549efaf2d0eddee48c7f,2021-06,Lancashire Constabulary,Lancashire Constabulary,-2.581065,53.883662,On or near Broad Meadow,E01025322,Ribble Valley 004A,Public order,Status update unavailable,
3533f503d05b95973c60772ba02775336cc89d01af20247bcc91960d028b300a,2021-06,Lancashire Constabulary,Lancashire Constabulary,-2.581065,53.883662,On or near Broad Meadow,E01025322,Ribble Valley 004A,Public order,Unable to prosecute suspect,
129a550b4a29baf18b7c4d98c6f7a887d0481674972d79b16141edf8a7bbde6f,2021-06,Lancashire Constabulary,Lancashire Constabulary,-2.575463,53.884516,On or near Talbot Street,E01025322,Ribble Valley 004A,Violence and sexual offences,Unable to prosecute suspect,
618ec584cf37290e6bc15697545829131c614426f2461c598370655385107fbd,2021-06,Lancashire Constabulary,Lancashire Constabulary,-2.580681,53.885623,On or near Sports/Recreation Area,E01025322,Ribble Valley 004A,Violence and sexual offences,Unable to prosecute suspect,
f33fa43583c54398267d14e8fe535a866345328f395709c4585138fbaca98165,2021-06,Lancashire Constabulary,Lancashire Constabulary,-2.606519,53.834425,On or near Davis Street,E01025326,Ribble Valley 004B,Public order,Status update unavailable,
481358e61f724a9ac136c2aa7fa761341289a03563ca2afca4001f5770219675,2021-06,Lancashire Constabulary,Lancashire Constabulary,-2.606519,53.834425,On or near Davis Street,E01025326,Ribble Valley 004B,Public order,Court result unavailable,
508dc35c196263a912386335e8417c977f0da082673a87b6e41143f27a0143dc,2021-06,Lancashire Constabulary,Lancashire Constabulary,-2.604957,53.832564,On or near Petrol Station,E01025326,Ribble Valley 004B,Shoplifting,Investigation complete; no suspect identified,
a44929562732dac74a10806b40169e28e3d4433ea229b191ee3fca1f231b0a0c,2021-06,Lancashire Constabulary,Lancashire Constabulary,-2.604957,53.832564,On or near Petrol Station,E01025326,Ribble Valley 004B,Shoplifting,Investigation complete; no suspect identified,
ebe043757e36d40e3193b759ea0cd368d928bb34ce985efda51a1c33d61da5d5,2021-06,Lancashire Constabulary,Lancashire Constabulary,-2.606519,53.834425,On or near Davis Street,E01025326,Ribble Valley 004B,Violence and sexual offences,Court result unavailable,
3762ca931d2610ecd77474185b1bf0ab874a07a8cfdfe111ee3d2aafb750eb20,2021-06,Lancashire Constabulary,Lancashire Constabulary,-2.606519,53.834425,On or near Davis Street,E01025326,Ribble Valley 004B,Violence and sexual offences,Unable to prosecute suspect,
2e1fd94454c72893ead69340fc9c8f92d086946fd872ce4217c884f514715684,2021-06,Lancashire Constabulary,Lancashire Constabulary,-2.607450,53.837890,On or near Sports/Recreation Area,E01025326,Ribble Valley 004B,Violence and sexual offences,Unable to prosecute suspect,
,2021-06,Lancashire Constabulary,Lancashire Constabulary,-2.592526,53.834558,On or near Wyndene Close,E01025327,Ribble Valley 004C,Anti-social behaviour,,
,2021-06,Lancashire Constabulary,Lancashire Constabulary,-2.535070,53.814120,On or near Sarmatian Fold,E01025342,Ribble Valley 004D,Anti-social behaviour,,
,2021-06,Lancashire Constabulary,Lancashire Constabulary,-2.530789,53.814274,On or near Claytonhalgh,E01025342,Ribble Valley 004D,Anti-social behaviour,,
2526389bb93efac5cb3741bd2aa6f0ea5c3d194e2b601fb1cc2ded0043ea4a73,2021-06,Lancashire Constabulary,Lancashire Constabulary,-2.561497,53.829998,On or near Ward Green Lane,E01025342,Ribble Valley 004D,Criminal damage and arson,Investigation complete; no suspect identified,
4f7024a1b59807b1498544f607891c65e34f54a99c72ce69bf0e1c54773c5106,2021-06,Lancashire Constabulary,Lancashire Constabulary,-2.531763,53.814368,On or near Ribblesdale Road,E01025342,Ribble Valley 004D,Criminal damage and arson,Investigation complete; no suspect identified,
b5c511006cb01a5df1ff05750e335422617b2fc441027babb6429f59f4fba97d,2021-06,Lancashire Constabulary,Lancashire Constabulary,-2.534064,53.837664,On or near Clitheroe Road,E01025342,Ribble Valley 004D,Other theft,Investigation complete; no suspect identified,
,2021-06,Lancashire Constabulary,Lancashire Constabulary,-2.312754,53.895842,On or near Twiston Lane,E01025321,Ribble Valley 005A,Anti-social behaviour,,
,2021-06,Lancashire Constabulary,Lancashire Constabulary,-2.355538,53.893215,On or near Quarry Farm Court,E01025321,Ribble Valley 005A,Anti-social behaviour,,
,2021-06,Lancashire Constabulary,Lancashire Constabulary,-2.326683,53.892605,On or near Brookside,E01025321,Ribble Valley 005A,Anti-social behaviour,,
,2021-06,Lancashire Constabulary,Lancashire Constabulary,-2.349306,53.894034,On or near Ribblesdale View,E01025321,Ribble Valley 005A,Anti-social behaviour,,
,2021-06,Lancashire Constabulary,Lancashire Constabulary,-2.357402,53.892266,On or near Chatburn Old Road,E01025321,Ribble Valley 005A,Anti-social behaviour,,
,2021-06,Lancashire Constabulary,Lancashire Constabulary,-2.353118,53.893106,On or near Beech Grove,E01025321,Ribble Valley 005A,Anti-social behaviour,,
,2021-06,Lancashire Constabulary,Lancashire Constabulary,-2.353118,53.893106,On or near Beech Grove,E01025321,Ribble Valley 005A,Anti-social behaviour,,
,2021-06,Lancashire Constabulary,Lancashire Constabulary,-2.312754,53.895842,On or near Twiston Lane,E01025321,Ribble Valley 005A,Anti-social behaviour,,
,2021-06,Lancashire Constabulary,Lancashire Constabulary,-2.355538,53.893215,On or near Quarry Farm Court,E01025321,Ribble Valley 005A,Anti-social behaviour,,
b215999a7fd3df5996ff527f776e02907c16ea4615093afc4e55cc3a4b99c19e,2021-06,Lancashire Constabulary,Lancashire Constabulary,-2.353118,53.893106,On or near Beech Grove,E01025321,Ribble Valley 005A,Burglary,Investigation complete; no suspect identified,
3bc2869b7b41e62922c07485ecf5bb23fffbeff9a2499e432651cc29bb26fb54,2021-06,Lancashire Constabulary,Lancashire Constabulary,-2.350036,53.892207,On or near Pendle Avenue,E01025321,Ribble Valley 005A,Criminal damage and arson,Investigation complete; no suspect identified,
cd00a8220cde97c12c06e2080622565897bec180c2017ee29777bc3acb1b2066,2021-06,Lancashire Constabulary,Lancashire Constabulary,-2.360447,53.887260,On or near Petrol Station,E01025321,Ribble Valley 005A,Criminal damage and arson,Investigation complete; no suspect identified,
,2021-06,Lancashire Constabulary,Lancashire Constabulary,-2.353965,53.806109,On or near Campbell Street,E01025340,Ribble Valley 005B,Anti-social behaviour,,
,2021-06,Lancashire Constabulary,Lancashire Constabulary,-2.336916,53.814184,On or near Trapp Lane,E01025340,Ribble Valley 005B,Anti-social behaviour,,
,2021-06,Lancashire Constabulary,Lancashire Constabulary,-2.340161,53.805987,On or near Clough Lane,E01025340,Ribble Valley 005B,Anti-social behaviour,,
,2021-06,Lancashire Constabulary,Lancashire Constabulary,-2.353296,53.805958,On or near Hambledon View,E01025340,Ribble Valley 005B,Anti-social behaviour,,
dd1a8749003a7ea70ebca397a37dde7d602275614879302b609ca2efb63f9c74,2021-06,Lancashire Constabulary,Lancashire Constabulary,-2.340161,53.805987,On or near Clough Lane,E01025340,Ribble Valley 005B,Criminal damage and arson,Unable to prosecute suspect,
2d3a0e12bc44f399151a66667fc37fc756e7ebd355a41b4b5e4989421d701d83,2021-06,Lancashire Constabulary,Lancashire Constabulary,-2.351249,53.804607,On or near Westminster Close,E01025340,Ribble Valley 005B,Violence and sexual offences,Unable to prosecute suspect,
5aed1e0a395b87540162c1c6d3f813a708e96560d511e3ba2f45862e9b58f06c,2021-06,Lancashire Constabulary,Lancashire Constabulary,-2.345739,53.806582,On or near Scott Avenue,E01025340,Ribble Valley 005B,Violence and sexual offences,Unable to prosecute suspect,
a4b0e295e8272dabede0390e665fe033ca5fc39d63945bd7d90625f856ba6624,2021-06,Lancashire Constabulary,Lancashire Constabulary,-2.340161,53.805987,On or near Clough Lane,E01025340,Ribble Valley 005B,Violence and sexual offences,Status update unavailable,
,2021-06,Lancashire Constabulary,Lancashire Constabulary,-2.334204,53.830253,On or near Thorn Street,E01025343,Ribble Valley 005D,Anti-social behaviour,,
,2021-06,Lancashire Constabulary,Lancashire Constabulary,-2.340202,53.829832,On or near Shopping Area,E01025343,Ribble Valley 005D,Anti-social behaviour,,
,2021-06,Lancashire Constabulary,Lancashire Constabulary,-2.334204,53.830253,On or near Thorn Street,E01025343,Ribble Valley 005D,Anti-social behaviour,,
,2021-06,Lancashire Constabulary,Lancashire Constabulary,-2.334047,53.833355,On or near Sabden Brook Court,E01025343,Ribble Valley 005D,Anti-social behaviour,,
,2021-06,Lancashire Constabulary,Lancashire Constabulary,-2.337671,53.832428,On or near Sports/Recreation Area,E01025343,Ribble Valley 005D,Anti-social behaviour,,
0ce206c12b7200b463060fa636a52db55f5eb4950c08188b3cad5cee5b7aae42,2021-06,Lancashire Constabulary,Lancashire Constabulary,-2.336252,53.835533,On or near Eight Acre Avenue,E01025343,Ribble Valley 005D,Other theft,Investigation complete; no suspect identified,
da87b011e6c459370a8df20e1288d09847646f6cc699f9f67ffbc45059881dcb,2021-06,Lancashire Constabulary,Lancashire Constabulary,-2.347169,53.841883,On or near Parking Area,E01025343,Ribble Valley 005D,Public order,Further investigation is not in the public interest,
b7b8f28a8f3a7eb24983efda0d7f9c680498cbe0404a27acee6c2310f4ebcb7e,2021-06,Lancashire Constabulary,Lancashire Constabulary,-2.347169,53.841883,On or near Parking Area,E01025343,Ribble Valley 005D,Public order,Investigation complete; no suspect identified,
b3a04bb3b9c9b8044b35dcf0864807adb08aea64f78e18e086492fae4f74d71f,2021-06,Lancashire Constabulary,Lancashire Constabulary,-2.337888,53.831061,On or near Pendle Street East,E01025343,Ribble Valley 005D,Violence and sexual offences,Unable to prosecute suspect,
3dc0c5b6622e1165da80ff287abf55063cd9e218aaaf52774fbbf71d7d15d4f8,2021-06,Lancashire Constabulary,Lancashire Constabulary,-2.337888,53.831061,On or near Pendle Street East,E01025343,Ribble Valley 005D,Violence and sexual offences,Unable to prosecute suspect,
,2021-06,Lancashire Constabulary,Lancashire Constabulary,-2.401357,53.837939,On or near Oak Close,E01025354,Ribble Valley 005E,Anti-social behaviour,,
,2021-06,Lancashire Constabulary,Lancashire Constabulary,-2.397339,53.854931,On or near Whalley Road,E01025354,Ribble Valley 005E,Anti-social behaviour,,
,2021-06,Lancashire Constabulary,Lancashire Constabulary,-2.403247,53.833753,On or near Petrol Station,E01025354,Ribble Valley 005E,Anti-social behaviour,,
3f9146dce053b3680c2d3383edc69163c1e3da69814ae0c261dd4ee7238f5282,2021-06,Lancashire Constabulary,Lancashire Constabulary,-2.356739,53.880620,On or near A59,E01025354,Ribble Valley 005E,Burglary,Investigation complete; no suspect identified,
7f98da3b7066aec996ffc6219fb311712f5759f2abdeaebfbf1df9af2abc19aa,2021-06,Lancashire Constabulary,Lancashire Constabulary,-2.403247,53.833753,On or near Petrol Station,E01025354,Ribble Valley 005E,Vehicle crime,Investigation complete; no suspect identified,
3d15356a5e4b4e96f20640ca178c6dcd7c560ce462ac6a5669353e6458536185,2021-06,Lancashire Constabulary,Lancashire Constabulary,-2.356739,53.880620,On or near A59,E01025354,Ribble Valley 005E,Other crime,Unable to prosecute suspect,
6cc4bca1dff938842e8b28a4dafda31d0a88016014dcde15c9322945f26e4812,2021-06,Lancashire Constabulary,Lancashire Constabulary,-2.400044,53.840424,On or near Paynter Close,E01025354,Ribble Valley 005E,Other crime,Status update unavailable,
,2021-06,Lancashire Constabulary,Lancashire Constabulary,-2.611994,53.820196,On or near Buttermere Road,E01025316,Ribble Valley 006A,Anti-social behaviour,,
,2021-06,Lancashire Constabulary,Lancashire Constabulary,-2.597075,53.800758,On or near Parking Area,E01025316,Ribble Valley 006A,Anti-social behaviour,,
82885c8ff44ab961df396db24cb1b5ae83d4ad4f494a95ab08e803688e657858,2021-06,Lancashire Constabulary,Lancashire Constabulary,-2.610796,53.821344,On or near Mardale Road,E01025316,Ribble Valley 006A,Violence and sexual offences,Unable to prosecute suspect,
cbecd2c87ebaf7e945e63fe43cfb642ac2311093854d391e3a000f6ca30dbe6f,2021-06,Lancashire Constabulary,Lancashire Constabulary,-2.607422,53.813910,On or near Preston Road,E01025316,Ribble Valley 006A,Violence and sexual offences,Unable to prosecute suspect,
,2021-06,Lancashire Constabulary,Lancashire Constabulary,-2.608291,53.825644,On or near Preston Road,E01025317,Ribble Valley 006B,Anti-social behaviour,,
,2021-06,Lancashire Constabulary,Lancashire Constabulary,-2.608896,53.827582,On or near Cross Street,E01025317,Ribble Valley 006B,Anti-social behaviour,,
ba163daeb18a21f0f1e636e898782582a3060f420a2eacaa3a95c4bcbed0e828,2021-06,Lancashire Constabulary,Lancashire Constabulary,-2.605518,53.828265,On or near Beech Drive,E01025317,Ribble Valley 006B,Vehicle crime,Investigation complete; no suspect identified,
e441101ec87e14c3af0f96fdcf17b8926cf6f418a326b7f309b002e6da11c9c7,2021-06,Lancashire Constabulary,Lancashire Constabulary,-2.609893,53.828188,On or near Trent Street,E01025317,Ribble Valley 006B,Violence and sexual offences,Court result unavailable,
,2021-06,Lancashire Constabulary,Lancashire Constabulary,-2.603169,53.830775,On or near Barclay Court,E01025325,Ribble Valley 006C,Anti-social behaviour,,
,2021-06,Lancashire Constabulary,Lancashire Constabulary,-2.607507,53.832389,On or near Ashton Street,E01025325,Ribble Valley 006C,Anti-social behaviour,,
,2021-06,Lancashire Constabulary,Lancashire Constabulary,-2.607507,53.832389,On or near Ashton Street,E01025325,Ribble Valley 006C,Anti-social behaviour,,
,2021-06,Lancashire Constabulary,Lancashire Constabulary,-2.603612,53.832031,On or near Cherry Grove,E01025325,Ribble Valley 006C,Anti-social behaviour,,
,2021-06,Lancashire Constabulary,Lancashire Constabulary,-2.603069,53.831207,On or near Supermarket,E01025325,Ribble Valley 006C,Anti-social behaviour,,
,2021-06,Lancashire Constabulary,Lancashire Constabulary,-2.599177,53.832134,On or near Parlick Avenue,E01025325,Ribble Valley 006C,Anti-social behaviour,,
,2021-06,Lancashire Constabulary,Lancashire Constabulary,-2.599378,53.830237,On or near Dixon Road,E01025325,Ribble Valley 006C,Anti-social behaviour,,
,2021-06,Lancashire Constabulary,Lancashire Constabulary,-2.599378,53.830237,On or near Dixon Road,E01025325,Ribble Valley 006C,Anti-social behaviour,,
db4ef9260ffcf379cda36ee83ea7dfcb6cf74b5246656e35ef5bd3cb33b50f0b,2021-06,Lancashire Constabulary,Lancashire Constabulary,-2.607592,53.828811,On or near B5269,E01025325,Ribble Valley 006C,Burglary,Investigation complete; no suspect identified,
359f74a81c2727b2c3736ec63cda432bc10e130da66194c75b5b6038b166032c,2021-06,Lancashire Constabulary,Lancashire Constabulary,-2.607592,53.828811,On or near B5269,E01025325,Ribble Valley 006C,Burglary,Status update unavailable,
a3620147c6e6ba77db07753c0f85c22e076527f602ac934df3a47bc5bc61fc8a,2021-06,Lancashire Constabulary,Lancashire Constabulary,-2.599378,53.830237,On or near Dixon Road,E01025325,Ribble Valley 006C,Criminal damage and arson,Investigation complete; no suspect identified,
207f32c670e5b979e0aa7b0ed9da721241a1f04e3ca9a057fd0643d4b5694873,2021-06,Lancashire Constabulary,Lancashire Constabulary,-2.602610,53.831003,On or near Shopping Area,E01025325,Ribble Valley 006C,Criminal damage and arson,Investigation complete; no suspect identified,
d3fc1616bbd35df47991ed7d2f0cb1f91b1a84107decbfb6c725522d7dc31332,2021-06,Lancashire Constabulary,Lancashire Constabulary,-2.602181,53.831787,On or near Severn Street,E01025325,Ribble Valley 006C,Other theft,Investigation complete; no suspect identified,
9d25d9b4e36ed670380b4739d2dec7d34c48b2316f065ec9698b139ae2d3e035,2021-06,Lancashire Constabulary,Lancashire Constabulary,-2.606632,53.830695,On or near Fleet Street,E01025325,Ribble Valley 006C,Public order,Offender given a caution,
4c4c35db38775ff4ef32c71412fff97892d34194f467ae5b7ebd682ccb93c87f,2021-06,Lancashire Constabulary,Lancashire Constabulary,-2.607163,53.829622,On or near Towneley Road West,E01025325,Ribble Valley 006C,Public order,Investigation complete; no suspect identified,
9c27892591daf9cd3168eed8303559ea0aeabfd1de8486bde30f0a9a126b07f3,2021-06,Lancashire Constabulary,Lancashire Constabulary,-2.599177,53.832134,On or near Parlick Avenue,E01025325,Ribble Valley 006C,Public order,Local resolution,
7d042499dfeee8a550d4b6d0ad26fe61d2ef491f05f4476476059f1ae5ad1e24,2021-06,Lancashire Constabulary,Lancashire Constabulary,-2.599378,53.830237,On or near Dixon Road,E01025325,Ribble Valley 006C,Vehicle crime,Investigation complete; no suspect identified,
c0fb2d2a97250f99cbda7e38c95b5a2986764861d0ec784c46bf0cb152f4f90f,2021-06,Lancashire Constabulary,Lancashire Constabulary,-2.600458,53.832460,On or near Mersey Street,E01025325,Ribble Valley 006C,Violence and sexual offences,Unable to prosecute suspect,
e8ae171acda095889022c608831281fb2dd4b2d34c76ba84190c125214e18bad,2021-06,Lancashire Constabulary,Lancashire Constabulary,-2.601367,53.830164,On or near Chapel Street,E01025325,Ribble Valley 006C,Violence and sexual offences,Unable to prosecute suspect,
67d295a003885f47ed11715091ef4ee91509bb6ccef6a5c264ab62019d280be8,2021-06,Lancashire Constabulary,Lancashire Constabulary,-2.599378,53.830237,On or near Dixon Road,E01025325,Ribble Valley 006C,Violence and sexual offences,Further investigation is not in the public interest,
f7124fd2af25c345aa8195b3796d05a37450b9896f4f79add4d5c04c425ed5ac,2021-06,Lancashire Constabulary,Lancashire Constabulary,-2.599959,53.829452,On or near Market Place,E01025325,Ribble Valley 006C,Violence and sexual offences,Offender given a caution,
e514706cf56aa87b103d35e8876477d387daf93893761f4b0e75fd347a04d681,2021-06,Lancashire Constabulary,Lancashire Constabulary,-2.608599,53.830154,On or near Victoria Street,E01025325,Ribble Valley 006C,Violence and sexual offences,Unable to prosecute suspect,
822a2589f2d62b5f5f8531cc385c04b0225e5e3b83ed7fbdddc9aa212f9a4cbc,2021-06,Lancashire Constabulary,Lancashire Constabulary,-2.607275,53.831051,On or near Derby Road,E01025325,Ribble Valley 006C,Violence and sexual offences,Status update unavailable,
163f6c3b15a599d1d8e568c6242be53ca2e30858c3e2193bab112d352f0bb263,2021-06,Lancashire Constabulary,Lancashire Constabulary,-2.601367,53.830164,On or near Chapel Street,E01025325,Ribble Valley 006C,Violence and sexual offences,Unable to prosecute suspect,
01ff2454f61d9efffa62624c3f631960d1d95c534f9480b516647dded48503fa,2021-06,Lancashire Constabulary,Lancashire Constabulary,-2.607275,53.831051,On or near Derby Road,E01025325,Ribble Valley 006C,Violence and sexual offences,Unable to prosecute suspect,
913223260caa44e491ec0c873132bedad722031f04d1e223b98b52ec8863a4e9,2021-06,Lancashire Constabulary,Lancashire Constabulary,-2.601367,53.830164,On or near Chapel Street,E01025325,Ribble Valley 006C,Violence and sexual offences,Unable to prosecute suspect,
,2021-06,Lancashire Constabulary,Lancashire Constabulary,-2.592997,53.830260,On or near Dilworth Lane,E01025328,Ribble Valley 006D,Anti-social behaviour,,
,2021-06,Lancashire Constabulary,Lancashire Constabulary,-2.593261,53.828515,On or near Lower Lane,E01025328,Ribble Valley 006D,Anti-social behaviour,,
,2021-06,Lancashire Constabulary,Lancashire Constabulary,-2.601140,53.828071,On or near Fell Brow,E01025328,Ribble Valley 006D,Anti-social behaviour,,
c18e745adb21243ab6ea22e01c7fed7ddf5eebee45c28f3af56f36f14e714b15,2021-06,Lancashire Constabulary,Lancashire Constabulary,-2.593261,53.828515,On or near Lower Lane,E01025328,Ribble Valley 006D,Burglary,Investigation complete; no suspect identified,
1eeb63216875b392e3234999af23259f52fcc41197bfc63459ae463544c76318,2021-06,Lancashire Constabulary,Lancashire Constabulary,-2.592997,53.830260,On or near Dilworth Lane,E01025328,Ribble Valley 006D,Violence and sexual offences,Unable to prosecute suspect,
7f40254369b0ee694b8a17294cfdf48cb3ce10aaf9ee1a2e12a0121efbfd4f32,2021-06,Lancashire Constabulary,Lancashire Constabulary,-2.592997,53.830260,On or near Dilworth Lane,E01025328,Ribble Valley 006D,Violence and sexual offences,Unable to prosecute suspect,
,2021-06,Lancashire Constabulary,Lancashire Constabulary,-2.422222,53.815307,On or near Billington Gardens,E01025318,Ribble Valley 007A,Anti-social behaviour,,
b9341142ebe6d5796fa6f981eebfde47ef079c8db2a2634403bbbe5aebb73cc1,2021-06,Lancashire Constabulary,Lancashire Constabulary,-2.425625,53.813929,On or near Lakeland Close,E01025318,Ribble Valley 007A,Criminal damage and arson,Unable to prosecute suspect,
ce81aa98e7a72ac7aeb6ee0d84dff5a96810ee4d9a2afbe035583b3b51d43b20,2021-06,Lancashire Constabulary,Lancashire Constabulary,-2.414384,53.818319,On or near Chapel Rise,E01025318,Ribble Valley 007A,Other theft,Investigation complete; no suspect identified,
,2021-06,Lancashire Constabulary,Lancashire Constabulary,-2.453473,53.827426,On or near Provence Avenue,E01025319,Ribble Valley 007B,Anti-social behaviour,,
d4932ba2c384e35b406d878daee6ffea5800fe1a9866941827b7b01e44d6cfdc,2021-06,Lancashire Constabulary,Lancashire Constabulary,-2.453750,53.819237,On or near Brookside,E01025319,Ribble Valley 007B,Public order,Unable to prosecute suspect,
be392761623d827d13a351789f2c34703544bc6b7867d2d4b6970705fdb84df6,2021-06,Lancashire Constabulary,Lancashire Constabulary,-2.417112,53.819199,On or near Sunnyside Avenue,E01025319,Ribble Valley 007B,Violence and sexual offences,Unable to prosecute suspect,
0da032436b0df25a2860e767d1a0273c6df102f96da98ffb0a0e019e63126caf,2021-06,Lancashire Constabulary,Lancashire Constabulary,-2.417112,53.819199,On or near Sunnyside Avenue,E01025319,Ribble Valley 007B,Violence and sexual offences,Unable to prosecute suspect,
,2021-06,Lancashire Constabulary,Lancashire Constabulary,-2.474899,53.817007,On or near Kenyon Lane,E01025333,Ribble Valley 007C,Anti-social behaviour,,
,2021-06,Lancashire Constabulary,Lancashire Constabulary,-2.451446,53.802744,On or near Moorland Road,E01025333,Ribble Valley 007C,Anti-social behaviour,,
13b0b20a3da0bbe22dbb66c2cdd50fc370b3bd8f63cb6bf971c41548a8fc6bbe,2021-06,Lancashire Constabulary,Lancashire Constabulary,-2.469516,53.802863,On or near The Rydings,E01025333,Ribble Valley 007C,Public order,Unable to prosecute suspect,
dc8d9fce70aa7e56c3d137f652a443354b4644d0e86498108b0f52b9ea489c0a,2021-06,Lancashire Constabulary,Lancashire Constabulary,-2.456692,53.803452,On or near Whitehalgh Lane,E01025333,Ribble Valley 007C,Violence and sexual offences,Unable to prosecute suspect,
8086547485842722a3e858fed2dab6673b322013291614bc5e33048228b8e64f,2021-06,Lancashire Constabulary,Lancashire Constabulary,-2.474899,53.817007,On or near Kenyon Lane,E01025333,Ribble Valley 007C,Violence and sexual offences,Unable to prosecute suspect,
,2021-06,Lancashire Constabulary,Lancashire Constabulary,-2.406054,53.820738,On or near Parking Area,E01025350,Ribble Valley 007D,Anti-social behaviour,,
,2021-06,Lancashire Constabulary,Lancashire Constabulary,-2.402453,53.820633,On or near The Cloisters,E01025350,Ribble Valley 007D,Anti-social behaviour,,
,2021-06,Lancashire Constabulary,Lancashire Constabulary,-2.408520,53.824433,On or near Riddings Lane,E01025350,Ribble Valley 007D,Anti-social behaviour,,
,2021-06,Lancashire Constabulary,Lancashire Constabulary,-2.400931,53.820324,On or near Accrington Road,E01025350,Ribble Valley 007D,Anti-social behaviour,,
,2021-06,Lancashire Constabulary,Lancashire Constabulary,-2.406054,53.820738,On or near Parking Area,E01025350,Ribble Valley 007D,Anti-social behaviour,,
,2021-06,Lancashire Constabulary,Lancashire Constabulary,-2.400931,53.820324,On or near Accrington Road,E01025350,Ribble Valley 007D,Anti-social behaviour,,
,2021-06,Lancashire Constabulary,Lancashire Constabulary,-2.404979,53.821164,On or near Manor Road,E01025350,Ribble Valley 007D,Anti-social behaviour,,
a42ba6f0d17c94135e7c63355914a24a509902c46e56de657366c221fec6c963,2021-06,Lancashire Constabulary,Lancashire Constabulary,-2.420443,53.836310,On or near Kingsmill Avenue,E01025350,Ribble Valley 007D,Public order,Unable to prosecute suspect,
e25763627e94163f719d9ceaa6d0542c77de608311df1e4c1ff679474511269c,2021-06,Lancashire Constabulary,Lancashire Constabulary,-2.408520,53.824433,On or near Riddings Lane,E01025350,Ribble Valley 007D,Public order,Unable to prosecute suspect,
f5b38e5e2bed695174d6848c6af4c6c74122072110faf4435b417082ba8b2afc,2021-06,Lancashire Constabulary,Lancashire Constabulary,-2.406555,53.822291,On or near King Street,E01025350,Ribble Valley 007D,Violence and sexual offences,Status update unavailable,
a8b8cc0ae5708486e621dd483a789eeb95092f5d338f03bdebe936f4c3c7fd08,2021-06,Lancashire Constabulary,Lancashire Constabulary,-2.406054,53.820738,On or near Parking Area,E01025350,Ribble Valley 007D,Violence and sexual offences,Investigation complete; no suspect identified,
383ad2ab46047183d7749c4d0ca4a8eb3a87262bc7fbebf73deeed9865555c2f,2021-06,Lancashire Constabulary,Lancashire Constabulary,-2.406555,53.822291,On or near King Street,E01025350,Ribble Valley 007D,Violence and sexual offences,Status update unavailable,
a27b28dff21af67b23d3083e3fae8e9dc03623f94d34a54f17f4e28f2d86a5c6,2021-06,Lancashire Constabulary,Lancashire Constabulary,-2.406555,53.822291,On or near King Street,E01025350,Ribble Valley 007D,Violence and sexual offences,Unable to prosecute suspect,
,2021-06,Lancashire Constabulary,Lancashire Constabulary,-2.410901,53.820892,On or near The Sands,E01025351,Ribble Valley 007E,Anti-social behaviour,,
,2021-06,Lancashire Constabulary,Lancashire Constabulary,-2.406059,53.821304,On or near Parking Area,E01025351,Ribble Valley 007E,Anti-social behaviour,,
,2021-06,Lancashire Constabulary,Lancashire Constabulary,-2.413577,53.822762,On or near Broad Lane,E01025351,Ribble Valley 007E,Anti-social behaviour,,
,2021-06,Lancashire Constabulary,Lancashire Constabulary,-2.419334,53.827245,On or near The Crescent,E01025351,Ribble Valley 007E,Anti-social behaviour,,
,2021-06,Lancashire Constabulary,Lancashire Constabulary,-2.406059,53.821304,On or near Parking Area,E01025351,Ribble Valley 007E,Anti-social behaviour,,
,2021-06,Lancashire Constabulary,Lancashire Constabulary,-2.406059,53.821304,On or near Parking Area,E01025351,Ribble Valley 007E,Anti-social behaviour,,
,2021-06,Lancashire Constabulary,Lancashire Constabulary,-2.406059,53.821304,On or near Parking Area,E01025351,Ribble Valley 007E,Anti-social behaviour,,
,2021-06,Lancashire Constabulary,Lancashire Constabulary,-2.417001,53.830983,On or near Mitton Road,E01025351,Ribble Valley 007E,Anti-social behaviour,,
,2021-06,Lancashire Constabulary,Lancashire Constabulary,-2.424443,53.830678,On or near Lynwood Close,E01025351,Ribble Valley 007E,Anti-social behaviour,,
,2021-06,Lancashire Constabulary,Lancashire Constabulary,-2.418212,53.868665,On or near Edisford Road,E01025351,Ribble Valley 007E,Anti-social behaviour,,
,2021-06,Lancashire Constabulary,Lancashire Constabulary,-2.408039,53.823419,On or near The Grove,E01025351,Ribble Valley 007E,Anti-social behaviour,,
,2021-06,Lancashire Constabulary,Lancashire Constabulary,-2.406059,53.821304,On or near Parking Area,E01025351,Ribble Valley 007E,Anti-social behaviour,,
380c7a7bd66da5f937f23f9b321b38c9b4187640524a91d0b38acb47df762aeb,2021-06,Lancashire Constabulary,Lancashire Constabulary,-2.418170,53.856774,On or near Henthorn Road,E01025351,Ribble Valley 007E,Bicycle theft,Investigation complete; no suspect identified,
e3c1a8ff1ad43a81c01792a296ac23ed9f36477bf17a7bb415ff175d53b297a7,2021-06,Lancashire Constabulary,Lancashire Constabulary,-2.418170,53.856774,On or near Henthorn Road,E01025351,Ribble Valley 007E,Burglary,Status update unavailable,
cd0379b70da9230c538b3e33069a9796d031648803f6933d8e051b93301b5f1f,2021-06,Lancashire Constabulary,Lancashire Constabulary,-2.406059,53.821304,On or near Parking Area,E01025351,Ribble Valley 007E,Criminal damage and arson,Investigation complete; no suspect identified,
16bff99ebdf6cf7b08fef07d0d00772f70e4cbb0dede9267b52124fd6203f764,2021-06,Lancashire Constabulary,Lancashire Constabulary,-2.407706,53.821937,On or near George Street,E01025351,Ribble Valley 007E,Criminal damage and arson,Status update unavailable,
542a47957b9faa1d38ff2c4220844059d88444075861ad0b2d710fc7998a55ae,2021-06,Lancashire Constabulary,Lancashire Constabulary,-2.410901,53.820892,On or near The Sands,E01025351,Ribble Valley 007E,Criminal damage and arson,Investigation complete; no suspect identified,
11737f53dc4e5f9a6539f2ae9fddf72e955df45c67c9747ae1adb09dbdea925e,2021-06,Lancashire Constabulary,Lancashire Constabulary,-2.418643,53.826483,On or near Whittam Crescent,E01025351,Ribble Valley 007E,Other theft,Investigation complete; no suspect identified,
f942810fb8019350576f7c6269cf1081ee6ed72936aa98c3baf297e6a7e776a8,2021-06,Lancashire Constabulary,Lancashire Constabulary,-2.441382,53.856439,On or near B6243,E01025351,Ribble Valley 007E,Possession of weapons,Unable to prosecute suspect,
e66acada9548b213e48e49a8f161c98114392e5321a6036223d0b2298469dd27,2021-06,Lancashire Constabulary,Lancashire Constabulary,-2.413577,53.822762,On or near Broad Lane,E01025351,Ribble Valley 007E,Public order,Unable to prosecute suspect,
aab76ce7db1424f89457fc0d0dcd494b0494574c8eabe67d9345732bfa16bdb5,2021-06,Lancashire Constabulary,Lancashire Constabulary,-2.406591,53.819810,On or near King Street,E01025351,Ribble Valley 007E,Robbery,Unable to prosecute suspect,
91a624b8a3cbc4b0bc9e1802d611efa98d8cb28c19d6c490f306a1de93f546b5,2021-06,Lancashire Constabulary,Lancashire Constabulary,-2.441382,53.856439,On or near B6243,E01025351,Ribble Valley 007E,Vehicle crime,Investigation complete; no suspect identified,
84a255a2456f6090e5e5e4ce8f7b7ee9c1e9a0b457794b135e6077082b9602de,2021-06,Lancashire Constabulary,Lancashire Constabulary,-2.406059,53.821304,On or near Parking Area,E01025351,Ribble Valley 007E,Violence and sexual offences,Status update unavailable,
6f01856c3f19265aad8a8e215358afa44296f7924866a9f996007fc485cc1755,2021-06,Lancashire Constabulary,Lancashire Constabulary,-2.406059,53.821304,On or near Parking Area,E01025351,Ribble Valley 007E,Violence and sexual offences,Investigation complete; no suspect identified,
e1ef2f356ee8b6618a277e982c31c0d43dc639634a64c19a77d794054e12b3e4,2021-06,Lancashire Constabulary,Lancashire Constabulary,-2.406059,53.821304,On or near Parking Area,E01025351,Ribble Valley 007E,Violence and sexual offences,Unable to prosecute suspect,
7f1bd853ea5a6c071026c19173e614e7efb709fc50896d97026a480b59ab583f,2021-06,Lancashire Constabulary,Lancashire Constabulary,-2.406059,53.821304,On or near Parking Area,E01025351,Ribble Valley 007E,Violence and sexual offences,Unable to prosecute suspect,
,2021-06,Lancashire Constabulary,Lancashire Constabulary,-2.491089,53.802633,On or near Longsight Road,E01025323,Ribble Valley 008A,Anti-social behaviour,,
bad4dbb5dfd94c3b3a47cc129aabe91fe3c04ec8d92e52eb5fb0e44915a2612d,2021-06,Lancashire Constabulary,Lancashire Constabulary,-2.514756,53.809724,On or near Parking Area,E01025323,Ribble Valley 008A,Other theft,Unable to prosecute suspect,
,2021-06,Lancashire Constabulary,Lancashire Constabulary,-2.481989,53.779687,On or near Waverley Road,E01025324,Ribble Valley 008B,Anti-social behaviour,,
cf926e6e19e1f3fce1e1c592c4b5e490786ec16da1e57eefe542a3368c448728,2021-06,Lancashire Constabulary,Lancashire Constabulary,-2.481989,53.779687,On or near Waverley Road,E01025324,Ribble Valley 008B,Violence and sexual offences,Unable to prosecute suspect,
71e9da874bd59d8cf07ab12bcd79bc208ad44fc8e965ec443b905e646e8d226d,2021-06,Lancashire Constabulary,Lancashire Constabulary,-2.480285,53.778013,On or near Moorfield Avenue,E01025324,Ribble Valley 008B,Violence and sexual offences,Unable to prosecute suspect,
,2021-06,Lancashire Constabulary,Lancashire Constabulary,-2.452128,53.799829,On or near Portland Road,E01025332,Ribble Valley 008C,Anti-social behaviour,,
,2021-06,Lancashire Constabulary,Lancashire Constabulary,-2.546324,53.775582,On or near Myerscough Smithy Road,E01025336,Ribble Valley 008D,Anti-social behaviour,,
,2021-06,Lancashire Constabulary,Lancashire Constabulary,-2.547510,53.775738,On or near Branch Road,E01025336,Ribble Valley 008D,Anti-social behaviour,,
,2021-06,Lancashire Constabulary,Lancashire Constabulary,-2.547510,53.775738,On or near Branch Road,E01025336,Ribble Valley 008D,Anti-social behaviour,,
26f7ae2650cb8b86c5867420665cb95a382f06ae5e30ad5df6713f1716e84baa,2021-06,Lancashire Constabulary,Lancashire Constabulary,-2.580222,53.775495,On or near Whalley Road,E01025336,Ribble Valley 008D,Violence and sexual offences,Unable to prosecute suspect,
,2021-06,Lancashire Constabulary,Lancashire Constabulary,-2.511890,53.780138,On or near Saccary Lane,E01025337,Ribble Valley 008E,Anti-social behaviour,,
,2021-06,Lancashire Constabulary,Lancashire Constabulary,-2.511890,53.780138,On or near Saccary Lane,E01025337,Ribble Valley 008E,Anti-social behaviour,,
6e20bf94762fc8c3b8939d8c76a6bdd8bad91f6cd2ed42d09323b4035c291bb5,2021-06,Lancashire Constabulary,Lancashire Constabulary,-2.532995,53.782239,On or near Longsight Road,E01025337,Ribble Valley 008E,Other theft,Investigation complete; no suspect identified,
726e0e1416ecf31b8f2c0ba3fced7e6eff3e7ea51236a54bb129a9a8335223e7,2021-06,Lancashire Constabulary,Lancashire Constabulary,-2.529074,53.772154,On or near St Mary'S Gardens,E01025337,Ribble Valley 008E,Violence and sexual offences,Unable to prosecute suspect,
028bc67fcdd867defbe200ab8f6c29f28a0cb15cdf92946b8bb7edb9b734c513,2021-06,Lancashire Constabulary,Lancashire Constabulary,-2.511890,53.780138,On or near Saccary Lane,E01025337,Ribble Valley 008E,Violence and sexual offences,Unable to prosecute suspect,
1a34cd570a173fcaf208f79bf0f308bafdcf4b814c91c7467d66d1a50d62d8aa,2021-06,Lancashire Constabulary,Lancashire Constabulary,-2.526244,53.772724,On or near Sports/Recreation Area,E01025337,Ribble Valley 008E,Violence and sexual offences,Unable to prosecute suspect,
92df3a2f8dda08e7da0eca2359694fbe863397a55d91f8e788e34b6a59ae0770,2021-06,Lancashire Constabulary,Lancashire Constabulary,-2.525634,53.773715,On or near Parking Area,E01025337,Ribble Valley 008E,Violence and sexual offences,Unable to prosecute suspect,
209d386e05ce126008becb85a75e68219a8e7a71331210be7d5afdc4d60b44cd,2021-06,Lancashire Constabulary,Lancashire Constabulary,-2.511890,53.780138,On or near Saccary Lane,E01025337,Ribble Valley 008E,Violence and sexual offences,Unable to prosecute suspect,
,2021-06,Lancashire Constabulary,Lancashire Constabulary,-2.470667,53.801258,On or near The Dales,E01025352,Ribble Valley 008F,Anti-social behaviour,,
,2021-06,Lancashire Constabulary,Lancashire Constabulary,-2.481194,53.791105,On or near The Hazels,E01025352,Ribble Valley 008F,Anti-social behaviour,,
,2021-06,Lancashire Constabulary,Lancashire Constabulary,-2.468596,53.793914,On or near Lyndale Close,E01025352,Ribble Valley 008F,Anti-social behaviour,,
fe5b852c19e09c6ccfe5ecd44499c9090fc6829f865f13f34d9981306eb0ee95,2021-06,Lancashire Constabulary,Lancashire Constabulary,-2.474551,53.792938,On or near Shetland Close,E01025352,Ribble Valley 008F,Other theft,Investigation complete; no suspect identified,
dd928d53154da6fba87754a9aa963a539292be278b911f4aaee21ee72a94fb49,2021-06,Lancashire Constabulary,Lancashire Constabulary,-2.470667,53.801258,On or near The Dales,E01025352,Ribble Valley 008F,Other theft,Investigation complete; no suspect identified,
,2021-06,Lancashire Constabulary,Lancashire Constabulary,-2.477283,53.787615,On or near Ribchester Road,E01025353,Ribble Valley 008G,Anti-social behaviour,,
75df214753f29acd0affa1a6e92629ef5c59bcedc6915b124f3023aa297ca208,2021-06,Lancashire Constabulary,Lancashire Constabulary,-2.476080,53.784573,On or near Pedestrian Subway,E01025353,Ribble Valley 008G,Violence and sexual offences,Unable to prosecute suspect,
5a8f45506233098f32f479d419c67737aae0443eb0028573fc66583994b59186,2021-06,Lancashire Constabulary,Lancashire Constabulary,-2.472193,53.785739,On or near Hollowhead Close,E01025353,Ribble Valley 008G,Violence and sexual offences,Unable to prosecute suspect,
f329d6d1dbf830f7f557eee38f584ed6887917c57ca39d4d8feb4d54c3bdb2ef,2021-06,Lancashire Constabulary,Lancashire Constabulary,-2.472193,53.785739,On or near Hollowhead Close,E01025353,Ribble Valley 008G,Violence and sexual offences,Unable to prosecute suspect,
0471b4c75bb5c49cd2070cf85bb0dbe8beb42e27efd1f5fe0a4c16c758a611e6,2021-06,Lancashire Constabulary,Lancashire Constabulary,-2.477400,53.785826,On or near Woodcrest,E01025353,Ribble Valley 008G,Violence and sexual offences,Unable to prosecute suspect,
ecae5e4bb87ff81edf44d0030b2a01a5042d9d7b20c4df84845907f652ffdd84,2021-06,Lancashire Constabulary,Lancashire Constabulary,-2.131874,53.622780,On or near Belton Avenue,E01005579,Rochdale 004B,Public order,Unable to prosecute suspect,
,2021-06,Lancashire Constabulary,Lancashire Constabulary,-2.183569,53.637524,On or near Park/Open Space,E01005492,Rochdale 006B,Anti-social behaviour,,
5b4cf52b6e02ef15d82d7338fdbe70e2051e899ab47091dfa4539cb48ad67d59,2021-06,Lancashire Constabulary,Lancashire Constabulary,-2.183569,53.637524,On or near Park/Open Space,E01005492,Rochdale 006B,Criminal damage and arson,Investigation complete; no suspect identified,
502935e5a743970eb587e1dcc35b62aa4b04092a707cd356ea4c6a4c3437a54d,2021-06,Lancashire Constabulary,Lancashire Constabulary,-2.183569,53.637524,On or near Park/Open Space,E01005492,Rochdale 006B,Other theft,Investigation complete; no suspect identified,
,2021-06,Lancashire Constabulary,Lancashire Constabulary,-2.266759,53.612380,On or near Park/Open Space,E01005499,Rochdale 006C,Anti-social behaviour,,
,2021-06,Lancashire Constabulary,Lancashire Constabulary,-2.266759,53.612380,On or near Park/Open Space,E01005499,Rochdale 006C,Anti-social behaviour,,
,2021-06,Lancashire Constabulary,Lancashire Constabulary,-2.291595,53.715534,On or near Holmes Terrace,E01025355,Rossendale 001A,Anti-social behaviour,,
957d6609f0b170f13fa02bdc6fb461b0b596ad3d14e4d3a5327315b4daf7f926,2021-06,Lancashire Constabulary,Lancashire Constabulary,-2.287019,53.720021,On or near Short Clough Lane,E01025355,Rossendale 001A,Vehicle crime,Investigation complete; no suspect identified,
f132292b7b610a200583bfcab96efb7906a4f14eb194ec87f0c42ae0140e4348,2021-06,Lancashire Constabulary,Lancashire Constabulary,-2.287019,53.720021,On or near Short Clough Lane,E01025355,Rossendale 001A,Vehicle crime,Investigation complete; no suspect identified,
5b092651a6025e1de75fffcbd4aefdbf4254c292a0e673b6458e2ff071b1addc,2021-06,Lancashire Constabulary,Lancashire Constabulary,-2.287019,53.720021,On or near Short Clough Lane,E01025355,Rossendale 001A,Vehicle crime,Investigation complete; no suspect identified,
d3bd258df0f67f7bca5770cdab4f533073773e33977caddf5f3ca3ff368ddd24,2021-06,Lancashire Constabulary,Lancashire Constabulary,-2.285476,53.709185,On or near Wiswell Close,E01025355,Rossendale 001A,Violence and sexual offences,Unable to prosecute suspect,
,2021-06,Lancashire Constabulary,Lancashire Constabulary,-2.285799,53.725524,On or near Water Street,E01025361,Rossendale 001B,Anti-social behaviour,,
,2021-06,Lancashire Constabulary,Lancashire Constabulary,-2.286033,53.724257,On or near Major Street,E01025361,Rossendale 001B,Anti-social behaviour,,
,2021-06,Lancashire Constabulary,Lancashire Constabulary,-2.285799,53.725524,On or near Water Street,E01025361,Rossendale 001B,Anti-social behaviour,,
2a8be9b7cf4e90e9a4e93a6cdde1b9a1d573114b2ed3bd2ec26eda29f4259192,2021-06,Lancashire Constabulary,Lancashire Constabulary,-2.286606,53.735068,On or near Rings Street,E01025361,Rossendale 001B,Burglary,Investigation complete; no suspect identified,
6f520c94ec31e8bdd5d55896a5302c3e7124789e4214fa191ef0be681bbd5d49,2021-06,Lancashire Constabulary,Lancashire Constabulary,-2.283759,53.724271,On or near Saunders Close,E01025361,Rossendale 001B,Criminal damage and arson,Unable to prosecute suspect,
0b3886c5bdc524e13ff8f805a59a4e6dc99b3885c7eaa44756d8ae53775bd183,2021-06,Lancashire Constabulary,Lancashire Constabulary,-2.286244,53.724058,On or near Minor Street,E01025361,Rossendale 001B,Public order,Unable to prosecute suspect,
4dafb982f741b6734131d6ad6ca76bcfda17eb41a8a684732a29cf85d9345c3f,2021-06,Lancashire Constabulary,Lancashire Constabulary,-2.285799,53.725524,On or near Water Street,E01025361,Rossendale 001B,Violence and sexual offences,Unable to prosecute suspect,
76e9002fa559c5ac0483020a538f0380dcafed464f0e04fdb3c563cd7ba27d78,2021-06,Lancashire Constabulary,Lancashire Constabulary,-2.286644,53.729459,On or near Spring Street,E01025361,Rossendale 001B,Violence and sexual offences,Investigation complete; no suspect identified,
23d278db21355bba4755a6219e86360019b8afbc1bc52081be3cb298934c0800,2021-06,Lancashire Constabulary,Lancashire Constabulary,-2.286606,53.735068,On or near Rings Street,E01025361,Rossendale 001B,Violence and sexual offences,Unable to prosecute suspect,
819f21c9fb8b6969466a55710aabb6964c3862d2fa286c1d03d152ffdbbd6232,2021-06,Lancashire Constabulary,Lancashire Constabulary,-2.286244,53.724058,On or near Minor Street,E01025361,Rossendale 001B,Violence and sexual offences,Status update unavailable,
d5f040b0ac5c8984d83e347d1d898757085a398271e3e03e24c76945f132a44b,2021-06,Lancashire Constabulary,Lancashire Constabulary,-2.285799,53.725524,On or near Water Street,E01025361,Rossendale 001B,Violence and sexual offences,Unable to prosecute suspect,
4ef61f77be3224ce10d0b7b94082160eec28ab911a977ac47d3203162f63b6f3,2021-06,Lancashire Constabulary,Lancashire Constabulary,-2.286467,53.730170,On or near Church Street,E01025361,Rossendale 001B,Violence and sexual offences,Unable to prosecute suspect,
2f0316aaf2dc8f52e158e3a3ae64f874d1e915343b19772b065505335d0cfd7e,2021-06,Lancashire Constabulary,Lancashire Constabulary,-2.286644,53.729459,On or near Spring Street,E01025361,Rossendale 001B,Other crime,Unable to prosecute suspect,
,2021-06,Lancashire Constabulary,Lancashire Constabulary,-2.283083,53.734132,On or near Hillside Close,E01025362,Rossendale 001C,Anti-social behaviour,,
,2021-06,Lancashire Constabulary,Lancashire Constabulary,-2.286754,53.734537,On or near Back Rings Row,E01025362,Rossendale 001C,Anti-social behaviour,,
34a0b26184bdeb7c824be148d1b00040bee43a2f36b30b105ac0f8e39f0f84d7,2021-06,Lancashire Constabulary,Lancashire Constabulary,-2.289788,53.728148,On or near Park/Open Space,E01025362,Rossendale 001C,Criminal damage and arson,Unable to prosecute suspect,
133ded6ca173812e970c3b98f19593066635edde0e83ce811dd0cbd051a88ee4,2021-06,Lancashire Constabulary,Lancashire Constabulary,-2.282086,53.734683,On or near Cranberry Rise,E01025362,Rossendale 001C,Vehicle crime,Investigation complete; no suspect identified,
d0723459f5f7c60929291ae06f1adcd52c144f95832cd6f56d60d02cf9d55a77,2021-06,Lancashire Constabulary,Lancashire Constabulary,-2.289495,53.740741,On or near Loveclough Park,E01025362,Rossendale 001C,Vehicle crime,Investigation complete; no suspect identified,
2f7e0850ac80378c24557a1ea02888bdacf17f08293792cd9b988af133875a38,2021-06,Lancashire Constabulary,Lancashire Constabulary,-2.289495,53.740741,On or near Loveclough Park,E01025362,Rossendale 001C,Vehicle crime,Investigation complete; no suspect identified,
3dc42302e73ef25116853627928c7e9a1961d4344a6da251fc1a97fb70560619,2021-06,Lancashire Constabulary,Lancashire Constabulary,-2.289495,53.740741,On or near Loveclough Park,E01025362,Rossendale 001C,Violence and sexual offences,Unable to prosecute suspect,
d5b7f1aeb2a45b46139140ff4e547bfe0148b2d97e52260e63094b351c3e6f8d,2021-06,Lancashire Constabulary,Lancashire Constabulary,-2.288283,53.740852,On or near Commercial Street,E01025362,Rossendale 001C,Violence and sexual offences,Unable to prosecute suspect,
07e1134bcba5145a9c57d3b86f3318ce370e705db1ab3bb6063f614b6cd9daa4,2021-06,Lancashire Constabulary,Lancashire Constabulary,-2.284910,53.732969,On or near All Saints Close,E01025362,Rossendale 001C,Violence and sexual offences,Unable to prosecute suspect,
cf613aaec60ef6b74c808c127afc43ebc02a9e7188848b2f68b4ff6920a7d7ce,2021-06,Lancashire Constabulary,Lancashire Constabulary,-2.288283,53.740852,On or near Commercial Street,E01025362,Rossendale 001C,Violence and sexual offences,Unable to prosecute suspect,
475cdbda1a0fb8a300a2c74be5b211f269040b671cd76dc1e898a3b45bdf7ab7,2021-06,Lancashire Constabulary,Lancashire Constabulary,-2.286191,53.734188,On or near Hamer Avenue,E01025362,Rossendale 001C,Violence and sexual offences,Unable to prosecute suspect,
,2021-06,Lancashire Constabulary,Lancashire Constabulary,-2.249506,53.716186,On or near Burnley Road East,E01025393,Rossendale 001D,Anti-social behaviour,,
1a8a4b8c610c01403dbe32222c22f54707da4c8bd03b7e29a0ff5557b65cb3f9,2021-06,Lancashire Constabulary,Lancashire Constabulary,-2.240140,53.729103,On or near North Street,E01025393,Rossendale 001D,Vehicle crime,Investigation complete; no suspect identified,
d41e2ef096655b77095e10a80b0e3838501f8c7fda5c785618c879fdeba5f641,2021-06,Lancashire Constabulary,Lancashire Constabulary,-2.232407,53.709336,On or near Pilling Barn Lane,E01025393,Rossendale 001D,Violence and sexual offences,Unable to prosecute suspect,
dc23aac902d9edef640e78f44c31d8f0d79c23c75a9ebb54d51629c2ba03a02e,2021-06,Lancashire Constabulary,Lancashire Constabulary,-2.232407,53.709336,On or near Pilling Barn Lane,E01025393,Rossendale 001D,Violence and sexual offences,Unable to prosecute suspect,
9849a05673b77a1c3ce79df2618666119e6c148d5d433d25711e36813e9c0f93,2021-06,Lancashire Constabulary,Lancashire Constabulary,-2.234578,53.729168,On or near Dean Lane,E01025393,Rossendale 001D,Violence and sexual offences,Unable to prosecute suspect,
55c906484f62afa047f776e817ab4ec4b7955966c0ac006a2246d2aefb4fd1d3,2021-06,Lancashire Constabulary,Lancashire Constabulary,-2.244007,53.724170,On or near New Garden Fields,E01025393,Rossendale 001D,Violence and sexual offences,Unable to prosecute suspect,
,2021-06,Lancashire Constabulary,Lancashire Constabulary,-2.324468,53.700897,On or near Lyndale Avenue,E01025363,Rossendale 002A,Anti-social behaviour,,
,2021-06,Lancashire Constabulary,Lancashire Constabulary,-2.324468,53.700897,On or near Lyndale Avenue,E01025363,Rossendale 002A,Anti-social behaviour,,
,2021-06,Lancashire Constabulary,Lancashire Constabulary,-2.326662,53.694707,On or near Dean Road,E01025363,Rossendale 002A,Anti-social behaviour,,
,2021-06,Lancashire Constabulary,Lancashire Constabulary,-2.323269,53.700514,On or near St Peter'S Place,E01025363,Rossendale 002A,Anti-social behaviour,,
,2021-06,Lancashire Constabulary,Lancashire Constabulary,-2.325065,53.703646,On or near Warner Street,E01025363,Rossendale 002A,Anti-social behaviour,,
,2021-06,Lancashire Constabulary,Lancashire Constabulary,-2.324468,53.700897,On or near Lyndale Avenue,E01025363,Rossendale 002A,Anti-social behaviour,,
,2021-06,Lancashire Constabulary,Lancashire Constabulary,-2.331245,53.697832,On or near Jubilee Close,E01025363,Rossendale 002A,Anti-social behaviour,,
,2021-06,Lancashire Constabulary,Lancashire Constabulary,-2.323269,53.700514,On or near St Peter'S Place,E01025363,Rossendale 002A,Anti-social behaviour,,
a6f8fa36e1e041fe0bc6b3e2bb5edf52d846362b98baa4e5c61298b39a2c5641,2021-06,Lancashire Constabulary,Lancashire Constabulary,-2.324468,53.700897,On or near Lyndale Avenue,E01025363,Rossendale 002A,Criminal damage and arson,Status update unavailable,
cb8ed77a96f3db644a51a6e55ba57f32d53b66d400fe08634e08f4efe48a0073,2021-06,Lancashire Constabulary,Lancashire Constabulary,-2.326218,53.701908,On or near Ryefield Place,E01025363,Rossendale 002A,Violence and sexual offences,Unable to prosecute suspect,
8628043be8c7edab9742709046bd8b65d1bc9e28c4fb2ea4c7c65c7f2cc59318,2021-06,Lancashire Constabulary,Lancashire Constabulary,-2.331245,53.697832,On or near Jubilee Close,E01025363,Rossendale 002A,Violence and sexual offences,Unable to prosecute suspect,
bfde1ed6d54e296e569dea79a614aa83fd0c94049fd76174c9721518007c2b34,2021-06,Lancashire Constabulary,Lancashire Constabulary,-2.328122,53.695458,On or near Mayfield Avenue,E01025363,Rossendale 002A,Violence and sexual offences,Unable to prosecute suspect,
5881fcc367cc8152967747775a4d3aba8011f95298fde679a5f8d37d25aa5f15,2021-06,Lancashire Constabulary,Lancashire Constabulary,-2.313518,53.698976,On or near Cowes Avenue,E01025364,Rossendale 002B,Criminal damage and arson,Investigation complete; no suspect identified,
715bbb4ae4690d494b8fa9a406df71eb67e9a9113c5963e601dd76d9f65c322b,2021-06,Lancashire Constabulary,Lancashire Constabulary,-2.321290,53.701283,On or near Back Lee Street,E01025364,Rossendale 002B,Violence and sexual offences,Status update unavailable,
6617e1203271aa25eecc517772990a4db06b19f4f9be4755b6cd720d0a9c491d,2021-06,Lancashire Constabulary,Lancashire Constabulary,-2.321290,53.701283,On or near Back Lee Street,E01025364,Rossendale 002B,Violence and sexual offences,Unable to prosecute suspect,
b76b4c78057affa1b51ca3010139ae7a3e4bc63910e54898a696a4fa2dbef17a,2021-06,Lancashire Constabulary,Lancashire Constabulary,-2.321290,53.701283,On or near Back Lee Street,E01025364,Rossendale 002B,Violence and sexual offences,Unable to prosecute suspect,
,2021-06,Lancashire Constabulary,Lancashire Constabulary,-2.321221,53.702146,On or near Hope Street,E01025366,Rossendale 002C,Anti-social behaviour,,
,2021-06,Lancashire Constabulary,Lancashire Constabulary,-2.319255,53.702574,On or near Fir Street,E01025366,Rossendale 002C,Anti-social behaviour,,
,2021-06,Lancashire Constabulary,Lancashire Constabulary,-2.313616,53.703991,On or near Kirkhill Avenue,E01025366,Rossendale 002C,Anti-social behaviour,,
,2021-06,Lancashire Constabulary,Lancashire Constabulary,-2.321221,53.702146,On or near Hope Street,E01025366,Rossendale 002C,Anti-social behaviour,,
,2021-06,Lancashire Constabulary,Lancashire Constabulary,-2.321221,53.702146,On or near Hope Street,E01025366,Rossendale 002C,Anti-social behaviour,,
,2021-06,Lancashire Constabulary,Lancashire Constabulary,-2.321221,53.702146,On or near Hope Street,E01025366,Rossendale 002C,Anti-social behaviour,,
,2021-06,Lancashire Constabulary,Lancashire Constabulary,-2.322899,53.703670,On or near Store Street,E01025366,Rossendale 002C,Anti-social behaviour,,
,2021-06,Lancashire Constabulary,Lancashire Constabulary,-2.313616,53.703991,On or near Kirkhill Avenue,E01025366,Rossendale 002C,Anti-social behaviour,,
,2021-06,Lancashire Constabulary,Lancashire Constabulary,-2.320231,53.701358,On or near Northcote Street,E01025366,Rossendale 002C,Anti-social behaviour,,
6f20e3794df5a84834a7f2d200beb90c4164b54c6ad4eaf542fe0f42fd83147d,2021-06,Lancashire Constabulary,Lancashire Constabulary,-2.322899,53.703670,On or near Store Street,E01025366,Rossendale 002C,Criminal damage and arson,Court result unavailable,
245548a7090e4c5d201941232db6b9041c20b2fdaee39aab490ee74edc46d1f1,2021-06,Lancashire Constabulary,Lancashire Constabulary,-2.317560,53.702740,On or near Meadows Avenue,E01025366,Rossendale 002C,Criminal damage and arson,Unable to prosecute suspect,
b599f5d10cb33fcc61ea8307e39e63ae9ecfc12f30ece6182a2f015b5bde08fa,2021-06,Lancashire Constabulary,Lancashire Constabulary,-2.320915,53.701743,On or near Bank Mill Street,E01025366,Rossendale 002C,Criminal damage and arson,Unable to prosecute suspect,
820a6fe25dfc02e77d5d38107b0273172d0e9393f28af9d3a2c67c9bb594c037,2021-06,Lancashire Constabulary,Lancashire Constabulary,-2.320915,53.701743,On or near Bank Mill Street,E01025366,Rossendale 002C,Other theft,Investigation complete; no suspect identified,
b18bde3cee306a15a0d3304c9fab48816433087c57794e6212972f53266287e0,2021-06,Lancashire Constabulary,Lancashire Constabulary,-2.320915,53.701743,On or near Bank Mill Street,E01025366,Rossendale 002C,Other theft,Investigation complete; no suspect identified,
bce04ad23e1b2429034b11b4bbe587e6ab9ae2b172d59c5db94eb3992ed20431,2021-06,Lancashire Constabulary,Lancashire Constabulary,-2.322899,53.703670,On or near Store Street,E01025366,Rossendale 002C,Public order,Court result unavailable,
93d3b96ff120b1352e937f138404e07bf69dfb5e45b22b1f398d36f0d1d2b2fc,2021-06,Lancashire Constabulary,Lancashire Constabulary,-2.317560,53.702740,On or near Meadows Avenue,E01025366,Rossendale 002C,Public order,Status update unavailable,
5335e8bc2aa553ef36bb36787fbfe91dcbf6a93d9cb6911227f05e770b765020,2021-06,Lancashire Constabulary,Lancashire Constabulary,-2.322677,53.702376,On or near Police Station,E01025366,Rossendale 002C,Violence and sexual offences,Unable to prosecute suspect,
5060ddd141a19676dd525c8908b9366136cbda40564002fd856bd3f530793ec3,2021-06,Lancashire Constabulary,Lancashire Constabulary,-2.321542,53.702505,On or near Rifle Street,E01025366,Rossendale 002C,Violence and sexual offences,Unable to prosecute suspect,
165838beb2f47536b61872b0537c36ad786b2b74f7a7bddb2ab3b863ddad4b2d,2021-06,Lancashire Constabulary,Lancashire Constabulary,-2.322899,53.703670,On or near Store Street,E01025366,Rossendale 002C,Violence and sexual offences,Unable to prosecute suspect,
,2021-06,Lancashire Constabulary,Lancashire Constabulary,-2.332509,53.725521,On or near Worsley Street,E01025395,Rossendale 002D,Anti-social behaviour,,
,2021-06,Lancashire Constabulary,Lancashire Constabulary,-2.324372,53.719871,On or near Pilling Street,E01025395,Rossendale 002D,Anti-social behaviour,,
,2021-06,Lancashire Constabulary,Lancashire Constabulary,-2.326884,53.715514,On or near Carr Hall Street,E01025395,Rossendale 002D,Anti-social behaviour,,
,2021-06,Lancashire Constabulary,Lancashire Constabulary,-2.334034,53.726793,On or near Belgrave Street,E01025395,Rossendale 002D,Anti-social behaviour,,
,2021-06,Lancashire Constabulary,Lancashire Constabulary,-2.326884,53.715514,On or near Carr Hall Street,E01025395,Rossendale 002D,Anti-social behaviour,,
,2021-06,Lancashire Constabulary,Lancashire Constabulary,-2.338196,53.720337,On or near Parking Area,E01025395,Rossendale 002D,Anti-social behaviour,,
,2021-06,Lancashire Constabulary,Lancashire Constabulary,-2.326884,53.715514,On or near Carr Hall Street,E01025395,Rossendale 002D,Anti-social behaviour,,
,2021-06,Lancashire Constabulary,Lancashire Constabulary,-2.326884,53.715514,On or near Carr Hall Street,E01025395,Rossendale 002D,Anti-social behaviour,,
3a70147968b6bc1a4cbf3281393cc1e780c9524bdcc7854aa49593cabcd33022,2021-06,Lancashire Constabulary,Lancashire Constabulary,-2.329131,53.725827,On or near The Close,E01025395,Rossendale 002D,Other theft,Status update unavailable,
b5c602c991d8e86b58fd2774a02ebb05c41fa45c5041a6a41c073227a59a7df2,2021-06,Lancashire Constabulary,Lancashire Constabulary,-2.324681,53.720599,On or near Shaw Street,E01025395,Rossendale 002D,Public order,Unable to prosecute suspect,
2dc7661696df960791d0c8bfa53f7875dedffb821aa2f01b9f52ab660d92b69c,2021-06,Lancashire Constabulary,Lancashire Constabulary,-2.324372,53.719871,On or near Pilling Street,E01025395,Rossendale 002D,Public order,Investigation complete; no suspect identified,
381350ebc38c837dac9a2375ffa43449bc0f8bb76030bafe66fb8e469f1196ef,2021-06,Lancashire Constabulary,Lancashire Constabulary,-2.329131,53.725827,On or near The Close,E01025395,Rossendale 002D,Public order,Unable to prosecute suspect,
1f15ffd7ce0cfce65f285972f228bdab772f84bc048bf1122517dfdaf6be0ff6,2021-06,Lancashire Constabulary,Lancashire Constabulary,-2.324681,53.720599,On or near Shaw Street,E01025395,Rossendale 002D,Vehicle crime,Investigation complete; no suspect identified,
a67878000cedf886709f53426229ba05411d3e488e8c5a6ddaf54113ddc84bee,2021-06,Lancashire Constabulary,Lancashire Constabulary,-2.324372,53.719871,On or near Pilling Street,E01025395,Rossendale 002D,Violence and sexual offences,Unable to prosecute suspect,
da5c57fe4f3171e6e65b4b1d0ae7e14b2654cd815aec21c66f858af8718033a3,2021-06,Lancashire Constabulary,Lancashire Constabulary,-2.329131,53.725827,On or near The Close,E01025395,Rossendale 002D,Violence and sexual offences,Investigation complete; no suspect identified,
ebeffbb747f2b226398f8de2a5d90e31fdf1a1e1aa1045a8c698084af77d2641,2021-06,Lancashire Constabulary,Lancashire Constabulary,-2.332509,53.725521,On or near Worsley Street,E01025395,Rossendale 002D,Violence and sexual offences,Investigation complete; no suspect identified,
,2021-06,Lancashire Constabulary,Lancashire Constabulary,-2.324939,53.706972,On or near St James Close,E01025396,Rossendale 002E,Anti-social behaviour,,
,2021-06,Lancashire Constabulary,Lancashire Constabulary,-2.321825,53.707861,On or near Rock Hall Road,E01025396,Rossendale 002E,Anti-social behaviour,,
,2021-06,Lancashire Constabulary,Lancashire Constabulary,-2.321825,53.707861,On or near Rock Hall Road,E01025396,Rossendale 002E,Anti-social behaviour,,
,2021-06,Lancashire Constabulary,Lancashire Constabulary,-2.324939,53.706972,On or near St James Close,E01025396,Rossendale 002E,Anti-social behaviour,,
,2021-06,Lancashire Constabulary,Lancashire Constabulary,-2.325436,53.712453,On or near Cross Street North,E01025396,Rossendale 002E,Anti-social behaviour,,
,2021-06,Lancashire Constabulary,Lancashire Constabulary,-2.322845,53.706447,On or near Parking Area,E01025396,Rossendale 002E,Anti-social behaviour,,
,2021-06,Lancashire Constabulary,Lancashire Constabulary,-2.321825,53.707861,On or near Rock Hall Road,E01025396,Rossendale 002E,Anti-social behaviour,,
,2021-06,Lancashire Constabulary,Lancashire Constabulary,-2.325050,53.707619,On or near Church Street,E01025396,Rossendale 002E,Anti-social behaviour,,
88dd9c10ef25248b499e9e50bb59d3671bba2f0d3d9eb078867ba86d7a7970b7,2021-06,Lancashire Constabulary,Lancashire Constabulary,-2.323688,53.707730,On or near King Street,E01025396,Rossendale 002E,Burglary,Investigation complete; no suspect identified,
6ac3adf0820f30377a0e5a322aed64d78901a82b586734e4e0f41325291083ce,2021-06,Lancashire Constabulary,Lancashire Constabulary,-2.325050,53.707619,On or near Church Street,E01025396,Rossendale 002E,Criminal damage and arson,Action to be taken by another organisation,
2ac68c1b11df50fd26371f7a3deb8a5f9be49855fc330d55f9412bf4f836c6d9,2021-06,Lancashire Constabulary,Lancashire Constabulary,-2.324793,53.705714,On or near Parking Area,E01025396,Rossendale 002E,Criminal damage and arson,Status update unavailable,
9cf401a006d76bd75387292f9364ee697794c143656a1d659f0971197758ab07,2021-06,Lancashire Constabulary,Lancashire Constabulary,-2.323897,53.711235,On or near Bus/Coach Station,E01025396,Rossendale 002E,Criminal damage and arson,Investigation complete; no suspect identified,
d09f6864213cde77a600a02757cb28b2a76df39bc11c02d7a22554db831ab3b3,2021-06,Lancashire Constabulary,Lancashire Constabulary,-2.325436,53.712453,On or near Cross Street North,E01025396,Rossendale 002E,Public order,Unable to prosecute suspect,
31a2b7bfec2801f572de8c2c1c0ab74ad30ebae7688c9d265819f61cb26789b1,2021-06,Lancashire Constabulary,Lancashire Constabulary,-2.325436,53.712453,On or near Cross Street North,E01025396,Rossendale 002E,Public order,Unable to prosecute suspect,
efb6919a5853aa5b3b9d3609c903d3fb89e9729b5e6fef9ac2792662a4ea38df,2021-06,Lancashire Constabulary,Lancashire Constabulary,-2.322845,53.706447,On or near Parking Area,E01025396,Rossendale 002E,Public order,Offender given a caution,
8153ad2ac8f13578c2358b9479ec630a43bcc735b7f486c9c2951053864e355b,2021-06,Lancashire Constabulary,Lancashire Constabulary,-2.323902,53.711963,On or near Hud Rake,E01025396,Rossendale 002E,Public order,Court result unavailable,
bddae6476e3d86468fccc475f00c9aa359cfe8b4a671da3cb91c17d68d4d3498,2021-06,Lancashire Constabulary,Lancashire Constabulary,-2.324735,53.706065,On or near Bank Street,E01025396,Rossendale 002E,Robbery,Investigation complete; no suspect identified,
2c4d55435b4e2e3350dbe505359ce94fa15b317eecba7c220edfea9611703490,2021-06,Lancashire Constabulary,Lancashire Constabulary,-2.326652,53.707048,On or near Regent Street,E01025396,Rossendale 002E,Violence and sexual offences,Unable to prosecute suspect,
4c5a7ac3857cf2cc8190b957ccd29e9f98d35cf4ac313d1156cceb2f34ac528e,2021-06,Lancashire Constabulary,Lancashire Constabulary,-2.325050,53.707619,On or near Church Street,E01025396,Rossendale 002E,Violence and sexual offences,Further investigation is not in the public interest,
6a00c477c90bfbc9e336ea10fc813fd69e2ceaafa6b6dbd4b0372f518fd980e9,2021-06,Lancashire Constabulary,Lancashire Constabulary,-2.322845,53.706447,On or near Parking Area,E01025396,Rossendale 002E,Violence and sexual offences,Unable to prosecute suspect,
b40d509b65283f81a6a37c4294fe9a3f428f5cec59d76059f18a51387a1d505a,2021-06,Lancashire Constabulary,Lancashire Constabulary,-2.326000,53.710969,On or near Cross Street South,E01025396,Rossendale 002E,Violence and sexual offences,Unable to prosecute suspect,
,2021-06,Lancashire Constabulary,Lancashire Constabulary,-2.328050,53.705732,On or near Queen Anne Street,E01025397,Rossendale 002F,Anti-social behaviour,,
,2021-06,Lancashire Constabulary,Lancashire Constabulary,-2.328050,53.705732,On or near Queen Anne Street,E01025397,Rossendale 002F,Anti-social behaviour,,
,2021-06,Lancashire Constabulary,Lancashire Constabulary,-2.327920,53.704609,On or near Townsend Street,E01025397,Rossendale 002F,Anti-social behaviour,,
,2021-06,Lancashire Constabulary,Lancashire Constabulary,-2.324466,53.704519,On or near Dale Street,E01025397,Rossendale 002F,Anti-social behaviour,,
,2021-06,Lancashire Constabulary,Lancashire Constabulary,-2.325979,53.704327,On or near Deardengate,E01025397,Rossendale 002F,Anti-social behaviour,,
,2021-06,Lancashire Constabulary,Lancashire Constabulary,-2.329203,53.703976,On or near South Shore Street,E01025397,Rossendale 002F,Anti-social behaviour,,
,2021-06,Lancashire Constabulary,Lancashire Constabulary,-2.328050,53.705732,On or near Queen Anne Street,E01025397,Rossendale 002F,Anti-social behaviour,,
,2021-06,Lancashire Constabulary,Lancashire Constabulary,-2.360811,53.705054,On or near Park/Open Space,E01025397,Rossendale 002F,Anti-social behaviour,,
,2021-06,Lancashire Constabulary,Lancashire Constabulary,-2.326231,53.705539,On or near Shopping Area,E01025397,Rossendale 002F,Anti-social behaviour,,
,2021-06,Lancashire Constabulary,Lancashire Constabulary,-2.325371,53.704050,On or near New Street,E01025397,Rossendale 002F,Anti-social behaviour,,
,2021-06,Lancashire Constabulary,Lancashire Constabulary,-2.325147,53.704437,On or near Manchester Road,E01025397,Rossendale 002F,Anti-social behaviour,,
,2021-06,Lancashire Constabulary,Lancashire Constabulary,-2.360811,53.705054,On or near Park/Open Space,E01025397,Rossendale 002F,Anti-social behaviour,,
,2021-06,Lancashire Constabulary,Lancashire Constabulary,-2.328050,53.705732,On or near Queen Anne Street,E01025397,Rossendale 002F,Anti-social behaviour,,
,2021-06,Lancashire Constabulary,Lancashire Constabulary,-2.328050,53.705732,On or near Queen Anne Street,E01025397,Rossendale 002F,Anti-social behaviour,,
,2021-06,Lancashire Constabulary,Lancashire Constabulary,-2.326687,53.705700,On or near Petrol Station,E01025397,Rossendale 002F,Anti-social behaviour,,
c2b715cc07a30777f6a3d20994f856174ff6a06b025eb83cf867d52c7eaa8e34,2021-06,Lancashire Constabulary,Lancashire Constabulary,-2.336930,53.698517,On or near Greaves Street,E01025397,Rossendale 002F,Burglary,Investigation complete; no suspect identified,
2e100b435132ec44409851d0fa786ae9990f7a6bfd6e7893f3b8e516a7c74158,2021-06,Lancashire Constabulary,Lancashire Constabulary,-2.327177,53.704485,On or near Rudd Street,E01025397,Rossendale 002F,Burglary,Status update unavailable,
2a3557ee7f488cd1a2805a3597901a22404f59e4b82486f1d590ec165930bcdb,2021-06,Lancashire Constabulary,Lancashire Constabulary,-2.327177,53.704485,On or near Rudd Street,E01025397,Rossendale 002F,Burglary,Investigation complete; no suspect identified,
9e0e4fec487be709e1d3cd62628a5c96c759aef3404c73396a30af4d41057e09,2021-06,Lancashire Constabulary,Lancashire Constabulary,-2.325371,53.704050,On or near New Street,E01025397,Rossendale 002F,Criminal damage and arson,Investigation complete; no suspect identified,
4745c9603bf3e87f672d1a8531e1af11d9da5e49a08a59732f032e0a4da85fcf,2021-06,Lancashire Constabulary,Lancashire Constabulary,-2.326070,53.706304,On or near Bell Street,E01025397,Rossendale 002F,Criminal damage and arson,Investigation complete; no suspect identified,
5596f391ba3c63cc77271876e24bfbe4b96aa14a22a8e5d7ea6ea5ea8c1a0ca1,2021-06,Lancashire Constabulary,Lancashire Constabulary,-2.326423,53.704865,On or near Smithy Street,E01025397,Rossendale 002F,Criminal damage and arson,Status update unavailable,
5596f391ba3c63cc77271876e24bfbe4b96aa14a22a8e5d7ea6ea5ea8c1a0ca1,2021-06,Lancashire Constabulary,Lancashire Constabulary,-2.326423,53.704865,On or near Smithy Street,E01025397,Rossendale 002F,Criminal damage and arson,Investigation complete; no suspect identified,
e9cd1f3fcbfb865a52e1249eebcd3e681f3e48ab03c85053947ce8229cb7169b,2021-06,Lancashire Constabulary,Lancashire Constabulary,-2.326264,53.703939,On or near Coal Hey Street,E01025397,Rossendale 002F,Criminal damage and arson,Investigation complete; no suspect identified,
9c0af830074fed640df0640136a08de779a1d6622c7a2a7f58b09ea24cdf1b04,2021-06,Lancashire Constabulary,Lancashire Constabulary,-2.325979,53.704327,On or near Deardengate,E01025397,Rossendale 002F,Criminal damage and arson,Investigation complete; no suspect identified,
cf825204d10ba5a0f35a082f17e9864f1157e0eaedeedffdb18a5c4233be4982,2021-06,Lancashire Constabulary,Lancashire Constabulary,-2.326603,53.704720,On or near Ratcliffe Street,E01025397,Rossendale 002F,Public order,Unable to prosecute suspect,
4a4b62b5c5c8cd3008d1e9e572a36aa42910038ed0aac0407adb708a41deb022,2021-06,Lancashire Constabulary,Lancashire Constabulary,-2.326889,53.706445,On or near John Street,E01025397,Rossendale 002F,Public order,Status update unavailable,
78d5b28e534d3ad6bea57842b8b07c166138dcd004210259ea3da4c935b388e2,2021-06,Lancashire Constabulary,Lancashire Constabulary,-2.336930,53.698517,On or near Greaves Street,E01025397,Rossendale 002F,Public order,Status update unavailable,
82db4e4182487cbfd1ea10dc2845c24faa596ceead93b505af56a693fd495bd2,2021-06,Lancashire Constabulary,Lancashire Constabulary,-2.336930,53.698517,On or near Greaves Street,E01025397,Rossendale 002F,Vehicle crime,Investigation complete; no suspect identified,
eb1bc799b16f18857801479386dd36c096497a10d944454b87de75bb29351f62,2021-06,Lancashire Constabulary,Lancashire Constabulary,-2.326687,53.705700,On or near Petrol Station,E01025397,Rossendale 002F,Violence and sexual offences,Status update unavailable,
600774383a7a3dadfb200fa56d1bc05f40b263eb65bce23e20c86a56ea1e50c8,2021-06,Lancashire Constabulary,Lancashire Constabulary,-2.336930,53.698517,On or near Greaves Street,E01025397,Rossendale 002F,Violence and sexual offences,Unable to prosecute suspect,
a5c6d09fa2819c0e779383bafc4a9b8c68f566d763225b2cfb70558742b1d133,2021-06,Lancashire Constabulary,Lancashire Constabulary,-2.325476,53.705811,On or near Deardengate,E01025397,Rossendale 002F,Violence and sexual offences,Unable to prosecute suspect,
40b27284905aa405e97aa7bda02bd806ea312c1d4468460398006886f75d2d53,2021-06,Lancashire Constabulary,Lancashire Constabulary,-2.325476,53.705811,On or near Deardengate,E01025397,Rossendale 002F,Violence and sexual offences,Unable to prosecute suspect,
bc7d44fe3f345709309d39c9038635bca6e8f1b99a8196a8b5c36e6134879d4f,2021-06,Lancashire Constabulary,Lancashire Constabulary,-2.336930,53.698517,On or near Greaves Street,E01025397,Rossendale 002F,Violence and sexual offences,Unable to prosecute suspect,
9c08af7448455265766ff66bf546aecd04254db1370f54577af529509b7d8024,2021-06,Lancashire Constabulary,Lancashire Constabulary,-2.327177,53.704485,On or near Rudd Street,E01025397,Rossendale 002F,Violence and sexual offences,Unable to prosecute suspect,
333952aa44efbcdf596d87d7542947a3a87c7177c18ed26dce64bc0e04f20d96,2021-06,Lancashire Constabulary,Lancashire Constabulary,-2.328050,53.705732,On or near Queen Anne Street,E01025397,Rossendale 002F,Violence and sexual offences,Court result unavailable,
d3c5ed2d28513c444fa4039969643077af5962885bee8f22213cc7feb266e85d,2021-06,Lancashire Constabulary,Lancashire Constabulary,-2.325371,53.704050,On or near New Street,E01025397,Rossendale 002F,Violence and sexual offences,Local resolution,
875e8d1ff5cec073fcad1bc4227f2cc4126a887cda2d568d877b1cab4bb3313b,2021-06,Lancashire Constabulary,Lancashire Constabulary,-2.329203,53.703976,On or near South Shore Street,E01025397,Rossendale 002F,Violence and sexual offences,Formal action is not in the public interest,
,2021-06,Lancashire Constabulary,Lancashire Constabulary,-2.319626,53.703454,On or near Fir Street,E01025398,Rossendale 002G,Anti-social behaviour,,
,2021-06,Lancashire Constabulary,Lancashire Constabulary,-2.318008,53.703935,On or near Birch Avenue,E01025398,Rossendale 002G,Anti-social behaviour,,
,2021-06,Lancashire Constabulary,Lancashire Constabulary,-2.321442,53.705220,On or near Wells Street,E01025398,Rossendale 002G,Anti-social behaviour,,
,2021-06,Lancashire Constabulary,Lancashire Constabulary,-2.321060,53.704852,On or near Piccadilly Street,E01025398,Rossendale 002G,Anti-social behaviour,,
,2021-06,Lancashire Constabulary,Lancashire Constabulary,-2.317426,53.705024,On or near Cedar Avenue,E01025398,Rossendale 002G,Anti-social behaviour,,
,2021-06,Lancashire Constabulary,Lancashire Constabulary,-2.316557,53.704343,On or near Walnut Avenue,E01025398,Rossendale 002G,Anti-social behaviour,,
,2021-06,Lancashire Constabulary,Lancashire Constabulary,-2.318008,53.703935,On or near Birch Avenue,E01025398,Rossendale 002G,Anti-social behaviour,,
,2021-06,Lancashire Constabulary,Lancashire Constabulary,-2.316557,53.704343,On or near Walnut Avenue,E01025398,Rossendale 002G,Anti-social behaviour,,
,2021-06,Lancashire Constabulary,Lancashire Constabulary,-2.317426,53.705024,On or near Cedar Avenue,E01025398,Rossendale 002G,Anti-social behaviour,,
,2021-06,Lancashire Constabulary,Lancashire Constabulary,-2.318008,53.703935,On or near Birch Avenue,E01025398,Rossendale 002G,Anti-social behaviour,,
bbfcb16290302edb073fbda2d6888bec095f8b9c77d545f54a9ae28ef0a0a162,2021-06,Lancashire Constabulary,Lancashire Constabulary,-2.317426,53.705024,On or near Cedar Avenue,E01025398,Rossendale 002G,Criminal damage and arson,Unable to prosecute suspect,
7c4a9c9c77baa829bcc3b68ad082f1b167091f8c27b21c71904967598bf3b5f6,2021-06,Lancashire Constabulary,Lancashire Constabulary,-2.317426,53.705024,On or near Cedar Avenue,E01025398,Rossendale 002G,Criminal damage and arson,Unable to prosecute suspect,
be2724cbe74eeffd1fc2ff4688934bd80e7bc6b537e833dd97b027caa2715534,2021-06,Lancashire Constabulary,Lancashire Constabulary,-2.317426,53.705024,On or near Cedar Avenue,E01025398,Rossendale 002G,Public order,Status update unavailable,
2861976424cf823e29ca115556555fc8cf2eff558a1e39b6c8781fb075dbb9b8,2021-06,Lancashire Constabulary,Lancashire Constabulary,-2.317426,53.705024,On or near Cedar Avenue,E01025398,Rossendale 002G,Public order,Local resolution,
d5bc554dabb4d442f5a37675c5943762046b08aa80374d77d2c5ac05b4e8b43b,2021-06,Lancashire Constabulary,Lancashire Constabulary,-2.317426,53.705024,On or near Cedar Avenue,E01025398,Rossendale 002G,Public order,Unable to prosecute suspect,
365601f79508c85dc6b6165854e05d27451cf33b6f2b1d9effd4f548bfb8af99,2021-06,Lancashire Constabulary,Lancashire Constabulary,-2.318008,53.703935,On or near Birch Avenue,E01025398,Rossendale 002G,Violence and sexual offences,Investigation complete; no suspect identified,
a6ecbcd5deef1aca9b759f9a52608a52e077f904b2881cfabb02d6e89f3212ce,2021-06,Lancashire Constabulary,Lancashire Constabulary,-2.317426,53.705024,On or near Cedar Avenue,E01025398,Rossendale 002G,Violence and sexual offences,Unable to prosecute suspect,
34e15b4dbc15df0fe4d9f505b0478906de89a6e806f135a30d5bad1a342dd65d,2021-06,Lancashire Constabulary,Lancashire Constabulary,-2.317426,53.705024,On or near Cedar Avenue,E01025398,Rossendale 002G,Violence and sexual offences,Unable to prosecute suspect,
50d0380f6d37637569e969a983937d0f8a35375fa1819436716c5fa25ff5f430,2021-06,Lancashire Constabulary,Lancashire Constabulary,-2.320029,53.704711,On or near South View,E01025398,Rossendale 002G,Violence and sexual offences,Unable to prosecute suspect,
9a49aa4f3cb63f26925bfe2f2c5a969bab27732548363712abd827eb175996da,2021-06,Lancashire Constabulary,Lancashire Constabulary,-2.317270,53.704422,On or near Rosewood Avenue,E01025398,Rossendale 002G,Violence and sexual offences,Unable to prosecute suspect,
81a58b12c9f52a2a71f29fbca9e2df776e87eac49490cf8555aa7bb78bc6b48e,2021-06,Lancashire Constabulary,Lancashire Constabulary,-2.204756,53.733861,On or near Bacup Old Road,E01025367,Rossendale 003A,Other theft,Investigation complete; no suspect identified,
bac50e5be14662342d6d83bf99bd17f7e5572d1c4fde0b3df5cf91a0bb36a0e1,2021-06,Lancashire Constabulary,Lancashire Constabulary,-2.198568,53.723427,On or near Hillside Crescent,E01025367,Rossendale 003A,Violence and sexual offences,Status update unavailable,
,2021-06,Lancashire Constabulary,Lancashire Constabulary,-2.200980,53.704880,On or near Myrtle Bank Road,E01025368,Rossendale 003B,Anti-social behaviour,,
,2021-06,Lancashire Constabulary,Lancashire Constabulary,-2.184010,53.710966,On or near Todmorden Road,E01025368,Rossendale 003B,Anti-social behaviour,,
,2021-06,Lancashire Constabulary,Lancashire Constabulary,-2.192542,53.708184,On or near Rosemount,E01025368,Rossendale 003B,Anti-social behaviour,,
,2021-06,Lancashire Constabulary,Lancashire Constabulary,-2.192542,53.708184,On or near Rosemount,E01025368,Rossendale 003B,Anti-social behaviour,,
4e2cda7fbe19e9a9f4f0c6675c84043ef3054b0a5bb9d30c084281614b72a835,2021-06,Lancashire Constabulary,Lancashire Constabulary,-2.199842,53.707633,On or near Sports/Recreation Area,E01025368,Rossendale 003B,Burglary,Unable to prosecute suspect,
6d7f0e5cdcfcc6c210b303df5abfcbc75b157d87b76b2c0f1e417d77c4b692d4,2021-06,Lancashire Constabulary,Lancashire Constabulary,-2.192542,53.708184,On or near Rosemount,E01025368,Rossendale 003B,Criminal damage and arson,Unable to prosecute suspect,
bbe390e67d0d52728d6851befe93cc55b6b110a58b8696ac2bb4af249e1d8467,2021-06,Lancashire Constabulary,Lancashire Constabulary,-2.184010,53.710966,On or near Todmorden Road,E01025368,Rossendale 003B,Criminal damage and arson,Status update unavailable,
86626c990dd6f221599aee0ec4ed93f1e7ddc8f92864be1b4bc627b9a2623b52,2021-06,Lancashire Constabulary,Lancashire Constabulary,-2.192542,53.708184,On or near Rosemount,E01025368,Rossendale 003B,Criminal damage and arson,Unable to prosecute suspect,
dab89674819a5b57936fd4ba7a745224463408c28e4506aca7511ce43f26d9c2,2021-06,Lancashire Constabulary,Lancashire Constabulary,-2.202611,53.710244,On or near Meadows Avenue,E01025368,Rossendale 003B,Criminal damage and arson,Unable to prosecute suspect,
cfc65e9ab5d2ced4540c1d27d4ac5745cb6da66bcfa8cbbb463c4d070e0397ae,2021-06,Lancashire Constabulary,Lancashire Constabulary,-2.203360,53.705335,On or near Alder Street,E01025368,Rossendale 003B,Possession of weapons,Court result unavailable,
8353d07c20898d252b5c470168f4b0859ffccde67d700685e0d2bc57d37b803c,2021-06,Lancashire Constabulary,Lancashire Constabulary,-2.203360,53.705335,On or near Alder Street,E01025368,Rossendale 003B,Public order,Unable to prosecute suspect,
22dc58e447f5703b8f221d3503f705fc18d5bfedfcebb9a71b0543aeff724742,2021-06,Lancashire Constabulary,Lancashire Constabulary,-2.201035,53.703730,On or near Boston Road,E01025368,Rossendale 003B,Violence and sexual offences,Unable to prosecute suspect,
c885c22f03fd67b0f4fb38be6c0301dd014a62f07fc0a96470cfe1d04324f8bb,2021-06,Lancashire Constabulary,Lancashire Constabulary,-2.201844,53.708250,On or near Russell Street,E01025368,Rossendale 003B,Violence and sexual offences,Unable to prosecute suspect,
9ea4fce41ea56d4f55e2ea1e9c6bba57b24271ed6935a6c360a18b22fa4a9999,2021-06,Lancashire Constabulary,Lancashire Constabulary,-2.201035,53.703730,On or near Boston Road,E01025368,Rossendale 003B,Violence and sexual offences,Unable to prosecute suspect,
,2021-06,Lancashire Constabulary,Lancashire Constabulary,-2.199550,53.697315,On or near Bold Street,E01025369,Rossendale 003C,Anti-social behaviour,,
,2021-06,Lancashire Constabulary,Lancashire Constabulary,-2.201566,53.703936,On or near Harcourt Street,E01025369,Rossendale 003C,Anti-social behaviour,,
,2021-06,Lancashire Constabulary,Lancashire Constabulary,-2.200211,53.702482,On or near Union Street,E01025369,Rossendale 003C,Anti-social behaviour,,
,2021-06,Lancashire Constabulary,Lancashire Constabulary,-2.201486,53.703019,On or near Maitland Street,E01025369,Rossendale 003C,Anti-social behaviour,,
,2021-06,Lancashire Constabulary,Lancashire Constabulary,-2.199550,53.697315,On or near Bold Street,E01025369,Rossendale 003C,Anti-social behaviour,,
,2021-06,Lancashire Constabulary,Lancashire Constabulary,-2.198444,53.697236,On or near Rockcliffe Road,E01025369,Rossendale 003C,Anti-social behaviour,,
,2021-06,Lancashire Constabulary,Lancashire Constabulary,-2.198540,53.698152,On or near Hemp Street,E01025369,Rossendale 003C,Anti-social behaviour,,
,2021-06,Lancashire Constabulary,Lancashire Constabulary,-2.199550,53.697315,On or near Bold Street,E01025369,Rossendale 003C,Anti-social behaviour,,
,2021-06,Lancashire Constabulary,Lancashire Constabulary,-2.201229,53.706336,On or near Blackthorn Crescent,E01025369,Rossendale 003C,Anti-social behaviour,,
,2021-06,Lancashire Constabulary,Lancashire Constabulary,-2.202959,53.703879,On or near Baker Street,E01025369,Rossendale 003C,Anti-social behaviour,,
,2021-06,Lancashire Constabulary,Lancashire Constabulary,-2.198444,53.697236,On or near Rockcliffe Road,E01025369,Rossendale 003C,Anti-social behaviour,,
,2021-06,Lancashire Constabulary,Lancashire Constabulary,-2.200211,53.702482,On or near Union Street,E01025369,Rossendale 003C,Anti-social behaviour,,
,2021-06,Lancashire Constabulary,Lancashire Constabulary,-2.200066,53.697395,On or near River Street,E01025369,Rossendale 003C,Anti-social behaviour,,
,2021-06,Lancashire Constabulary,Lancashire Constabulary,-2.201064,53.700305,On or near Market Street,E01025369,Rossendale 003C,Anti-social behaviour,,
,2021-06,Lancashire Constabulary,Lancashire Constabulary,-2.199298,53.701648,On or near Industrial Place,E01025369,Rossendale 003C,Anti-social behaviour,,
,2021-06,Lancashire Constabulary,Lancashire Constabulary,-2.200211,53.702482,On or near Union Street,E01025369,Rossendale 003C,Anti-social behaviour,,
,2021-06,Lancashire Constabulary,Lancashire Constabulary,-2.202380,53.706181,On or near Laurel Street,E01025369,Rossendale 003C,Anti-social behaviour,,
55ebcf34b288bece6a77993991c4fad404488505a85bcf251f365bbf9515e160,2021-06,Lancashire Constabulary,Lancashire Constabulary,-2.202749,53.704140,On or near Rose Bank Street,E01025369,Rossendale 003C,Burglary,Further investigation is not in the public interest,
a806f74c2eb64dccf0884c250f1c1ce4fccd337f4f1b4689e0850754c630c2cf,2021-06,Lancashire Constabulary,Lancashire Constabulary,-2.199550,53.697315,On or near Bold Street,E01025369,Rossendale 003C,Criminal damage and arson,Investigation complete; no suspect identified,
2136ae8cf760ff711fc1654db1ec8019b4b4918d2fbfb9da9f0165cf7f48c2f5,2021-06,Lancashire Constabulary,Lancashire Constabulary,-2.201566,53.703936,On or near Harcourt Street,E01025369,Rossendale 003C,Criminal damage and arson,Status update unavailable,
9172ee9ec002b5c33ab0ad613c9a6d5c0aaeec8d105d2730929317f2f4a7eb24,2021-06,Lancashire Constabulary,Lancashire Constabulary,-2.199929,53.703759,On or near Yorkshire Street,E01025369,Rossendale 003C,Criminal damage and arson,Status update unavailable,
63ac053f1f86f342a825131a5e4a8078fcba107216337f42a9aaff31cf9009d0,2021-06,Lancashire Constabulary,Lancashire Constabulary,-2.201483,53.702408,On or near Lord Street,E01025369,Rossendale 003C,Criminal damage and arson,Unable to prosecute suspect,
1c0d0ecfd024167a7537a794f8792de3a7e305cad171dba797e918b271e89353,2021-06,Lancashire Constabulary,Lancashire Constabulary,-2.199458,53.697027,On or near Verax Street,E01025369,Rossendale 003C,Drugs,Court result unavailable,
f46ae503f2ab70d00274066f930e2e41d0f11eb73fb7591a1d64f007ae444fee,2021-06,Lancashire Constabulary,Lancashire Constabulary,-2.200429,53.700540,On or near Foundry Street,E01025369,Rossendale 003C,Other theft,Unable to prosecute suspect,
cfcf20a757e8e094e6a65c1b1f2980ea7712fcd57a58287b27522cd7a2eea0d4,2021-06,Lancashire Constabulary,Lancashire Constabulary,-2.198225,53.698908,On or near Rochdale Road,E01025369,Rossendale 003C,Other theft,Further investigation is not in the public interest,
19a4ba009943acfd50f51cecd25b2bb27b8e64d2d293a0ff3ee2cc33be3f4984,2021-06,Lancashire Constabulary,Lancashire Constabulary,-2.201566,53.703936,On or near Harcourt Street,E01025369,Rossendale 003C,Public order,Unable to prosecute suspect,
8a6cb3f7c00cbe751616a625e3fe7b2016e07877eb020f3b3f9c15d2bdb645f5,2021-06,Lancashire Constabulary,Lancashire Constabulary,-2.198540,53.698152,On or near Hemp Street,E01025369,Rossendale 003C,Vehicle crime,Investigation complete; no suspect identified,
5eb68b4608c779185440db2a2488575f2de21a6829523e60ba9270288880f0f9,2021-06,Lancashire Constabulary,Lancashire Constabulary,-2.201566,53.703936,On or near Harcourt Street,E01025369,Rossendale 003C,Violence and sexual offences,Court result unavailable,
f32e0f31b1b30b8098023fc50b592242d695532edc0b7e5cbd97b8e4d0d247ad,2021-06,Lancashire Constabulary,Lancashire Constabulary,-2.200572,53.701852,On or near King Street,E01025369,Rossendale 003C,Violence and sexual offences,Status update unavailable,
8253e12ea6af2cb8faf0484dec7688aa4df930b64dd68ecb5e07bd3e483b1248,2021-06,Lancashire Constabulary,Lancashire Constabulary,-2.201566,53.703936,On or near Harcourt Street,E01025369,Rossendale 003C,Violence and sexual offences,Court result unavailable,
d8bfa0e6118053874eabd468f11a1c5383a7b2133b06de4571ebcb24dea97c40,2021-06,Lancashire Constabulary,Lancashire Constabulary,-2.200572,53.701852,On or near King Street,E01025369,Rossendale 003C,Violence and sexual offences,Unable to prosecute suspect,
8db5fd4a24693e8d3159a8c862aa5449ef67e1dd2ed19137b208d23e44d09f28,2021-06,Lancashire Constabulary,Lancashire Constabulary,-2.198444,53.697236,On or near Rockcliffe Road,E01025369,Rossendale 003C,Violence and sexual offences,Unable to prosecute suspect,
002632b73257387fba55a7f515d0078dd4e42a93f867d664f2354578f7339df1,2021-06,Lancashire Constabulary,Lancashire Constabulary,-2.203044,53.702504,On or near Rose Street,E01025369,Rossendale 003C,Violence and sexual offences,Further investigation is not in the public interest,
50ecc5f6fab83ba7fdbc121acd5988412712ac9aeda1318824841e8b77abcdf1,2021-06,Lancashire Constabulary,Lancashire Constabulary,-2.201566,53.703936,On or near Harcourt Street,E01025369,Rossendale 003C,Violence and sexual offences,Court result unavailable,
ec06ff1d2995711535fac38e01de34ea28189d45e49fd3b86373996a3622ea38,2021-06,Lancashire Constabulary,Lancashire Constabulary,-2.200572,53.701852,On or near King Street,E01025369,Rossendale 003C,Violence and sexual offences,Unable to prosecute suspect,
6e22444ffc94aa7674ae1dabfafcb2493150d0b4ac533218929754d5153f3430,2021-06,Lancashire Constabulary,Lancashire Constabulary,-2.200572,53.701852,On or near King Street,E01025369,Rossendale 003C,Violence and sexual offences,Unable to prosecute suspect,
,2021-06,Lancashire Constabulary,Lancashire Constabulary,-2.193009,53.704273,On or near Hannah Street,E01025381,Rossendale 003D,Anti-social behaviour,,
,2021-06,Lancashire Constabulary,Lancashire Constabulary,-2.190130,53.704053,On or near Rosendale Close,E01025381,Rossendale 003D,Anti-social behaviour,,
,2021-06,Lancashire Constabulary,Lancashire Constabulary,-2.195603,53.701851,On or near Gladstone Street,E01025381,Rossendale 003D,Anti-social behaviour,,
,2021-06,Lancashire Constabulary,Lancashire Constabulary,-2.190130,53.704053,On or near Rosendale Close,E01025381,Rossendale 003D,Anti-social behaviour,,
,2021-06,Lancashire Constabulary,Lancashire Constabulary,-2.190130,53.704053,On or near Rosendale Close,E01025381,Rossendale 003D,Anti-social behaviour,,
,2021-06,Lancashire Constabulary,Lancashire Constabulary,-2.187949,53.704111,On or near Warcock Lane,E01025381,Rossendale 003D,Anti-social behaviour,,
,2021-06,Lancashire Constabulary,Lancashire Constabulary,-2.193631,53.701162,On or near Britannia Avenue,E01025381,Rossendale 003D,Anti-social behaviour,,
d102ae64e84d3fec010ca2b9a13a59681e78e572e3cb798b10b6be3f37728429,2021-06,Lancashire Constabulary,Lancashire Constabulary,-2.192182,53.705695,On or near Grove Street,E01025381,Rossendale 003D,Criminal damage and arson,Status update unavailable,
e72de715ec6433a38cdc0248d883696e75e774f3b6fd49ad6f04e824141d384f,2021-06,Lancashire Constabulary,Lancashire Constabulary,-2.192182,53.705695,On or near Grove Street,E01025381,Rossendale 003D,Criminal damage and arson,Unable to prosecute suspect,
5270da493fbc0f3cf99f9dcb3e288b6ab109fc9510c03412db695e5d56497be7,2021-06,Lancashire Constabulary,Lancashire Constabulary,-2.190130,53.704053,On or near Rosendale Close,E01025381,Rossendale 003D,Public order,Status update unavailable,
76090a2164ada7b798f44f44b26ef2029019fbc97df1dff33b5b1a8b2cbe1ffa,2021-06,Lancashire Constabulary,Lancashire Constabulary,-2.189318,53.705448,On or near Greave Clough Drive,E01025381,Rossendale 003D,Public order,Local resolution,
51d6f0602730b8f9006ff269d25a6caf4346d0fd89ed9f8d9449421e4cbed707,2021-06,Lancashire Constabulary,Lancashire Constabulary,-2.190130,53.704053,On or near Rosendale Close,E01025381,Rossendale 003D,Violence and sexual offences,Unable to prosecute suspect,
93cc704ea1272a89e5eafc9e8a15261f4dfb50790d44fe74f0741a8acaecfc4e,2021-06,Lancashire Constabulary,Lancashire Constabulary,-2.192182,53.705695,On or near Grove Street,E01025381,Rossendale 003D,Violence and sexual offences,Unable to prosecute suspect,
877bb397f64812193ca822a89aad090e2aa25fbeb02fb38f5ee5761915d0862a,2021-06,Lancashire Constabulary,Lancashire Constabulary,-2.192182,53.705695,On or near Grove Street,E01025381,Rossendale 003D,Violence and sexual offences,Unable to prosecute suspect,
ac9b70d292037d36c28ee27cb47b6eee6977b438ba2cf85de8a9c4d9cc0d94f3,2021-06,Lancashire Constabulary,Lancashire Constabulary,-2.193631,53.701162,On or near Britannia Avenue,E01025381,Rossendale 003D,Violence and sexual offences,Unable to prosecute suspect,
3cf4be31a90b986ffa7e5849b552391cc49c6dd468359adb591020b4ba865859,2021-06,Lancashire Constabulary,Lancashire Constabulary,-2.189945,53.703353,On or near Fair View Crescent,E01025381,Rossendale 003D,Violence and sexual offences,Unable to prosecute suspect,
0c7eaed4fd4702b4851cd52993c28192873b5fe914ba9fe82d6923eee0875c2f,2021-06,Lancashire Constabulary,Lancashire Constabulary,-2.192182,53.705695,On or near Grove Street,E01025381,Rossendale 003D,Violence and sexual offences,Status update unavailable,
e23437d18104a485e0f7c5934b319e5d10b6e3683a89a296b4d99ed4a027ae26,2021-06,Lancashire Constabulary,Lancashire Constabulary,-2.193631,53.701162,On or near Britannia Avenue,E01025381,Rossendale 003D,Violence and sexual offences,Unable to prosecute suspect,
daf696a424293c40f75e1eaed5495d8b2a92b5912c2a77d4539f4ece35ae2310,2021-06,Lancashire Constabulary,Lancashire Constabulary,-2.193631,53.701162,On or near Britannia Avenue,E01025381,Rossendale 003D,Other crime,Unable to prosecute suspect,
,2021-06,Lancashire Constabulary,Lancashire Constabulary,-2.195219,53.703901,On or near Venture Street,E01025382,Rossendale 003E,Anti-social behaviour,,
,2021-06,Lancashire Constabulary,Lancashire Constabulary,-2.197355,53.703988,On or near Springfield Avenue,E01025382,Rossendale 003E,Anti-social behaviour,,
,2021-06,Lancashire Constabulary,Lancashire Constabulary,-2.198046,53.702629,On or near Alma Street,E01025382,Rossendale 003E,Anti-social behaviour,,
,2021-06,Lancashire Constabulary,Lancashire Constabulary,-2.200746,53.703407,On or near A671,E01025382,Rossendale 003E,Anti-social behaviour,,
,2021-06,Lancashire Constabulary,Lancashire Constabulary,-2.195714,53.702840,On or near Thorn Crescent,E01025382,Rossendale 003E,Anti-social behaviour,,
,2021-06,Lancashire Constabulary,Lancashire Constabulary,-2.191684,53.699422,On or near Goldcrest Avenue,E01025382,Rossendale 003E,Anti-social behaviour,,
,2021-06,Lancashire Constabulary,Lancashire Constabulary,-2.195331,53.698751,On or near Mettle Cote,E01025382,Rossendale 003E,Anti-social behaviour,,
b6f6f97701136c99bbf1ffe3573d7de49005ea7e042eaee95f2ce6914039a806,2021-06,Lancashire Constabulary,Lancashire Constabulary,-2.198518,53.703123,On or near Pickup Street,E01025382,Rossendale 003E,Criminal damage and arson,Unable to prosecute suspect,
ff118305e82406ab44afb25efa1c754955e8bacf344f0ecf520b1da3a252ae95,2021-06,Lancashire Constabulary,Lancashire Constabulary,-2.194230,53.699660,On or near Pennine Road,E01025382,Rossendale 003E,Possession of weapons,Unable to prosecute suspect,
3a1a0f0188ecf7d001872f7cb9f8b0356d5800488613f73c0da3524f5f7ffbb5,2021-06,Lancashire Constabulary,Lancashire Constabulary,-2.196160,53.697878,On or near Sandfield Road,E01025382,Rossendale 003E,Public order,Unable to prosecute suspect,
a56be7c9a26bb58c47f38c0e4a8c264ad3ba9b72105ee446c84b757a9914560d,2021-06,Lancashire Constabulary,Lancashire Constabulary,-2.199895,53.702959,On or near St James Street,E01025382,Rossendale 003E,Shoplifting,Unable to prosecute suspect,
17d0b3306b117ffb57690bffc63bce657a393c6cd234a8207baf5a25e16baf00,2021-06,Lancashire Constabulary,Lancashire Constabulary,-2.194988,53.696459,On or near Station Court,E01025382,Rossendale 003E,Violence and sexual offences,Unable to prosecute suspect,
e5a6f3525eb0b96723a17dbfcab2333239261236571b5102bfdc82b0239c711e,2021-06,Lancashire Constabulary,Lancashire Constabulary,-2.196861,53.701930,On or near Co-Operation Street,E01025382,Rossendale 003E,Violence and sexual offences,Unable to prosecute suspect,
26d2988eb0318043b447fa0a1370ba6bc20d0832ba4b5a399ade131a882b8e14,2021-06,Lancashire Constabulary,Lancashire Constabulary,-2.198518,53.703123,On or near Pickup Street,E01025382,Rossendale 003E,Violence and sexual offences,Unable to prosecute suspect,
db844d3bb93c180689df720dce0ba273fe8a8bd83c308353edbe00e6b4d56974,2021-06,Lancashire Constabulary,Lancashire Constabulary,-2.198518,53.703123,On or near Pickup Street,E01025382,Rossendale 003E,Violence and sexual offences,Unable to prosecute suspect,
3d2a0c015dda90e914d9a504de5d85ad8f78cb30fe298975a4c8ee870bea4da2,2021-06,Lancashire Constabulary,Lancashire Constabulary,-2.197594,53.703241,On or near South Street,E01025382,Rossendale 003E,Violence and sexual offences,Unable to prosecute suspect,
105015e722c38eb4acbfecc6d46d7dcd9cbec6d040b8735c7c67ab9977904b87,2021-06,Lancashire Constabulary,Lancashire Constabulary,-2.197056,53.701543,On or near Industrial Street,E01025382,Rossendale 003E,Violence and sexual offences,Status update unavailable,
5695a654683480b2d12742c11edc0a19c5e0f6e3d0e18b9631cb21c4415aef09,2021-06,Lancashire Constabulary,Lancashire Constabulary,-2.197355,53.703988,On or near Springfield Avenue,E01025382,Rossendale 003E,Violence and sexual offences,Unable to prosecute suspect,
72f483e98b06b56b7851a32ce11b6a2d93677bcafe4252707bb88c827030414e,2021-06,Lancashire Constabulary,Lancashire Constabulary,-2.197594,53.703241,On or near South Street,E01025382,Rossendale 003E,Violence and sexual offences,Unable to prosecute suspect,
028761fc3792832b4426caf2b8f64f813fddb0222e65991aac73def64ea5580a,2021-06,Lancashire Constabulary,Lancashire Constabulary,-2.196160,53.697878,On or near Sandfield Road,E01025382,Rossendale 003E,Violence and sexual offences,Unable to prosecute suspect,
c2d689c901332f98bcaeccce1bf7748c562d34024f075f82cd6d2cdbb3b2f50e,2021-06,Lancashire Constabulary,Lancashire Constabulary,-2.197355,53.703988,On or near Springfield Avenue,E01025382,Rossendale 003E,Other crime,Unable to prosecute suspect,
721701e5e604bfdebec7247af61cf5de59a6dbcb1b8f4dc5c73eadb944a436d0,2021-06,Lancashire Constabulary,Lancashire Constabulary,-2.195714,53.702840,On or near Thorn Crescent,E01025382,Rossendale 003E,Other crime,Unable to prosecute suspect,
,2021-06,Lancashire Constabulary,Lancashire Constabulary,-2.189321,53.699255,On or near Siskin Avenue,E01025383,Rossendale 003F,Anti-social behaviour,,
,2021-06,Lancashire Constabulary,Lancashire Constabulary,-2.189321,53.699255,On or near Siskin Avenue,E01025383,Rossendale 003F,Anti-social behaviour,,
,2021-06,Lancashire Constabulary,Lancashire Constabulary,-2.189321,53.699255,On or near Siskin Avenue,E01025383,Rossendale 003F,Anti-social behaviour,,
,2021-06,Lancashire Constabulary,Lancashire Constabulary,-2.189321,53.699255,On or near Siskin Avenue,E01025383,Rossendale 003F,Anti-social behaviour,,
,2021-06,Lancashire Constabulary,Lancashire Constabulary,-2.183061,53.691220,On or near Nelson Street,E01025383,Rossendale 003F,Anti-social behaviour,,
,2021-06,Lancashire Constabulary,Lancashire Constabulary,-2.190755,53.698291,On or near Fieldfare Way,E01025383,Rossendale 003F,Anti-social behaviour,,
,2021-06,Lancashire Constabulary,Lancashire Constabulary,-2.197143,53.694191,On or near Ribble Street,E01025383,Rossendale 003F,Anti-social behaviour,,
,2021-06,Lancashire Constabulary,Lancashire Constabulary,-2.185092,53.691738,On or near Kenyon Street,E01025383,Rossendale 003F,Anti-social behaviour,,
,2021-06,Lancashire Constabulary,Lancashire Constabulary,-2.189321,53.699255,On or near Siskin Avenue,E01025383,Rossendale 003F,Anti-social behaviour,,
,2021-06,Lancashire Constabulary,Lancashire Constabulary,-2.183879,53.691246,On or near Cobden Street,E01025383,Rossendale 003F,Anti-social behaviour,,
f3655206aece6fd24e15d5c9c07811ff57fa302c2e3ea883fe5a2e686d15f554,2021-06,Lancashire Constabulary,Lancashire Constabulary,-2.183879,53.691246,On or near Cobden Street,E01025383,Rossendale 003F,Burglary,Investigation complete; no suspect identified,
49af749a830e06a21067d54d87edb40870e1c551772112f126ee1d10c00c7274,2021-06,Lancashire Constabulary,Lancashire Constabulary,-2.183879,53.691246,On or near Cobden Street,E01025383,Rossendale 003F,Other theft,Unable to prosecute suspect,
db775704c0b84a6e7b5cabe6a0761c712fcf25d3b4a4e7b1d8586420dbcd81bc,2021-06,Lancashire Constabulary,Lancashire Constabulary,-2.185092,53.691738,On or near Kenyon Street,E01025383,Rossendale 003F,Violence and sexual offences,Unable to prosecute suspect,
0d3a647d6b9d10f3037d06cd4517532d2e83989edd90a9c0a8e5602fe6ce0284,2021-06,Lancashire Constabulary,Lancashire Constabulary,-2.187602,53.690728,On or near New Line,E01025383,Rossendale 003F,Violence and sexual offences,Unable to prosecute suspect,
e762682c338c46e5377ea668ae280a5ad1ee9196d87eaab0be69e1deab693357,2021-06,Lancashire Constabulary,Lancashire Constabulary,-2.181735,53.692822,On or near Railgate,E01025383,Rossendale 003F,Violence and sexual offences,Unable to prosecute suspect,
,2021-06,Lancashire Constabulary,Lancashire Constabulary,-2.282158,53.704663,On or near Union Street,E01025356,Rossendale 004A,Anti-social behaviour,,
,2021-06,Lancashire Constabulary,Lancashire Constabulary,-2.286285,53.705651,On or near Kenyon Street,E01025356,Rossendale 004A,Anti-social behaviour,,
,2021-06,Lancashire Constabulary,Lancashire Constabulary,-2.288754,53.705582,On or near Beech Street,E01025356,Rossendale 004A,Anti-social behaviour,,
,2021-06,Lancashire Constabulary,Lancashire Constabulary,-2.288190,53.705161,On or near Greenfield Street,E01025356,Rossendale 004A,Anti-social behaviour,,
fc1ce7c9edb26926bf69687ee0a48a7851571df168ce935d8e4100ece8f4dc14,2021-06,Lancashire Constabulary,Lancashire Constabulary,-2.289361,53.707926,On or near Hobson Street,E01025356,Rossendale 004A,Bicycle theft,Investigation complete; no suspect identified,
0c1437ea1f93d50d8d093f639ab82463e92505c1de05dccfda7d5e56be79f1d7,2021-06,Lancashire Constabulary,Lancashire Constabulary,-2.288190,53.705161,On or near Greenfield Street,E01025356,Rossendale 004A,Bicycle theft,Investigation complete; no suspect identified,
ff205279359ff44d19722b5318d0caf3d3f75be0f2dcbb91cb16778778fef443,2021-06,Lancashire Constabulary,Lancashire Constabulary,-2.283989,53.704389,On or near Parking Area,E01025356,Rossendale 004A,Criminal damage and arson,Investigation complete; no suspect identified,
e8f7e48ce79475203c6b0e7f059290f54ead53e05cc9eb0acdbb7dbaed37849a,2021-06,Lancashire Constabulary,Lancashire Constabulary,-2.286285,53.705651,On or near Kenyon Street,E01025356,Rossendale 004A,Drugs,Court result unavailable,
91b4b7a2679db32932bfd70ad5a6871a79755a7ecfff04a4bbc994b8bfc36772,2021-06,Lancashire Constabulary,Lancashire Constabulary,-2.287663,53.707723,On or near Park/Open Space,E01025356,Rossendale 004A,Other theft,Status update unavailable,
4d0d9c962ff6d9b5e5746794263addcfa38581962820a6dd741019b3682d287a,2021-06,Lancashire Constabulary,Lancashire Constabulary,-2.282158,53.704663,On or near Union Street,E01025356,Rossendale 004A,Public order,Unable to prosecute suspect,
8bb855e5bef1360c314d4852ea3114a9302e612adb911690e06f8046ff65287c,2021-06,Lancashire Constabulary,Lancashire Constabulary,-2.283989,53.704389,On or near Parking Area,E01025356,Rossendale 004A,Public order,Investigation complete; no suspect identified,
1ed42ec25660d2c4b3b755fe156923aee3510c008c79c14bae299202b05481dc,2021-06,Lancashire Constabulary,Lancashire Constabulary,-2.286033,53.706487,On or near Lark Hill,E01025356,Rossendale 004A,Violence and sexual offences,Unable to prosecute suspect,
3682bab3e77497f1db9fde08de53dd715d9194f420b09e7e3822fe10d9d01a0f,2021-06,Lancashire Constabulary,Lancashire Constabulary,-2.289697,53.708312,On or near Alexandria Street,E01025356,Rossendale 004A,Violence and sexual offences,Unable to prosecute suspect,
0477a2800f5ef305bc1071daa9426567eb427bc6015f8d50f1929338dcd82e7b,2021-06,Lancashire Constabulary,Lancashire Constabulary,-2.282718,53.704544,On or near Whitehead Street,E01025356,Rossendale 004A,Violence and sexual offences,Unable to prosecute suspect,
547d589906ae9b594ad3cc71d87d132140e364d5a3a02fd56a32a93595168616,2021-06,Lancashire Constabulary,Lancashire Constabulary,-2.289697,53.708312,On or near Alexandria Street,E01025356,Rossendale 004A,Violence and sexual offences,Unable to prosecute suspect,
fa1371e4727033d198b86ea1faa7b757ff994daca821a5c1d846bfafb4eb8a14,2021-06,Lancashire Constabulary,Lancashire Constabulary,-2.288190,53.705161,On or near Greenfield Street,E01025356,Rossendale 004A,Violence and sexual offences,Unable to prosecute suspect,
,2021-06,Lancashire Constabulary,Lancashire Constabulary,-2.285457,53.704125,On or near Barlow Street,E01025373,Rossendale 004C,Anti-social behaviour,,
,2021-06,Lancashire Constabulary,Lancashire Constabulary,-2.284082,53.702402,On or near Grange Crescent,E01025373,Rossendale 004C,Anti-social behaviour,,
,2021-06,Lancashire Constabulary,Lancashire Constabulary,-2.284499,53.701367,On or near Police Station,E01025373,Rossendale 004C,Anti-social behaviour,,
,2021-06,Lancashire Constabulary,Lancashire Constabulary,-2.277975,53.704376,On or near Waingate Close,E01025373,Rossendale 004C,Anti-social behaviour,,
,2021-06,Lancashire Constabulary,Lancashire Constabulary,-2.286188,53.702487,On or near St Mary'S Way,E01025373,Rossendale 004C,Anti-social behaviour,,
,2021-06,Lancashire Constabulary,Lancashire Constabulary,-2.267243,53.700823,On or near Dobbin Close,E01025373,Rossendale 004C,Anti-social behaviour,,
,2021-06,Lancashire Constabulary,Lancashire Constabulary,-2.285268,53.703073,On or near Ormerod Street,E01025373,Rossendale 004C,Anti-social behaviour,,
5e8d07be8da0c5e6695291f41c3eee3ee328f15fbd1e7c5f3e430f80ed01b558,2021-06,Lancashire Constabulary,Lancashire Constabulary,-2.286756,53.701317,On or near Shopping Area,E01025373,Rossendale 004C,Possession of weapons,Unable to prosecute suspect,
8900975757b5610c6b6b352b4cd7f1d80a697a3a24c650fccac9ee7df61f5c5a,2021-06,Lancashire Constabulary,Lancashire Constabulary,-2.285457,53.704125,On or near Barlow Street,E01025373,Rossendale 004C,Public order,Unable to prosecute suspect,
9467f7be41988758c7bba5b4749b7647cc1a9fef195c9f70503b5ca3c2aa1bc7,2021-06,Lancashire Constabulary,Lancashire Constabulary,-2.286188,53.702487,On or near St Mary'S Way,E01025373,Rossendale 004C,Violence and sexual offences,Unable to prosecute suspect,
a1c60fc23ab9f5789ac91e205c1927142b295c401e5ff625d684b138fe104693,2021-06,Lancashire Constabulary,Lancashire Constabulary,-2.279092,53.701515,On or near Sports/Recreation Area,E01025373,Rossendale 004C,Violence and sexual offences,Further investigation is not in the public interest,
b3c4c9ab6ce2ffc3dc266cbb6c0afee153886805252456d9898ded6244ae5352,2021-06,Lancashire Constabulary,Lancashire Constabulary,-2.283861,53.701045,On or near Buller Street,E01025373,Rossendale 004C,Violence and sexual offences,Investigation complete; no suspect identified,
256fb93c4d646e9755b4a19cb49b79eb3f6b1788a709720973e36c551019d1c0,2021-06,Lancashire Constabulary,Lancashire Constabulary,-2.284452,53.701152,On or near Lord Street,E01025373,Rossendale 004C,Violence and sexual offences,Investigation complete; no suspect identified,
,2021-06,Lancashire Constabulary,Lancashire Constabulary,-2.285788,53.697077,On or near Fallbarn Crescent,E01025385,Rossendale 004D,Anti-social behaviour,,
,2021-06,Lancashire Constabulary,Lancashire Constabulary,-2.289449,53.694291,On or near Hill View,E01025385,Rossendale 004D,Anti-social behaviour,,
,2021-06,Lancashire Constabulary,Lancashire Constabulary,-2.285540,53.696278,On or near Hardman Avenue,E01025385,Rossendale 004D,Anti-social behaviour,,
,2021-06,Lancashire Constabulary,Lancashire Constabulary,-2.289449,53.694291,On or near Hill View,E01025385,Rossendale 004D,Anti-social behaviour,,
,2021-06,Lancashire Constabulary,Lancashire Constabulary,-2.289449,53.694291,On or near Hill View,E01025385,Rossendale 004D,Anti-social behaviour,,
,2021-06,Lancashire Constabulary,Lancashire Constabulary,-2.285788,53.697077,On or near Fallbarn Crescent,E01025385,Rossendale 004D,Anti-social behaviour,,
,2021-06,Lancashire Constabulary,Lancashire Constabulary,-2.285788,53.697077,On or near Fallbarn Crescent,E01025385,Rossendale 004D,Anti-social behaviour,,
2d577b084461143bedc5649534c6d29545ff94738a18b6ca7de7423bcae3ad18,2021-06,Lancashire Constabulary,Lancashire Constabulary,-2.287712,53.695032,On or near Dearden Nook,E01025385,Rossendale 004D,Criminal damage and arson,Investigation complete; no suspect identified,
1fe58c8567da8d78b2145166266d6fe1b308715a38d14d1a2bf9e08d0ccc5891,2021-06,Lancashire Constabulary,Lancashire Constabulary,-2.285788,53.697077,On or near Fallbarn Crescent,E01025385,Rossendale 004D,Criminal damage and arson,Status update unavailable,
2f109e43b455380c10f105b9ce38f38ae6115727c86542a9977e50166a089926,2021-06,Lancashire Constabulary,Lancashire Constabulary,-2.289449,53.694291,On or near Hill View,E01025385,Rossendale 004D,Violence and sexual offences,Unable to prosecute suspect,
153749de29550006f8d8a9b1efdbb29628ff04c5aa3c7cbadfe7625c0d5df5b7,2021-06,Lancashire Constabulary,Lancashire Constabulary,-2.292248,53.693898,On or near Lavender Hill,E01025385,Rossendale 004D,Violence and sexual offences,Unable to prosecute suspect,
6afc1c5a322311639952dc754bdd352bf6e028f2ab24aa21e30dde6b05c5acc2,2021-06,Lancashire Constabulary,Lancashire Constabulary,-2.293015,53.693114,On or near Chestnut Drive,E01025385,Rossendale 004D,Violence and sexual offences,Unable to prosecute suspect,
073aa859646868f7915a66516ea517dac40a903dfede98dd3866aec591f2815c,2021-06,Lancashire Constabulary,Lancashire Constabulary,-2.285540,53.696278,On or near Hardman Avenue,E01025385,Rossendale 004D,Violence and sexual offences,Unable to prosecute suspect,
d0013968d196ffed1c48dcbebbb340db2719c5b7115d42805263c4bfc8e85cd6,2021-06,Lancashire Constabulary,Lancashire Constabulary,-2.285788,53.697077,On or near Fallbarn Crescent,E01025385,Rossendale 004D,Violence and sexual offences,Status update unavailable,
a8618a216e56e52e91281f8c29518ce4f02a6262785c85e1f9b6a4ade92c2f9c,2021-06,Lancashire Constabulary,Lancashire Constabulary,-2.293015,53.693114,On or near Chestnut Drive,E01025385,Rossendale 004D,Violence and sexual offences,Unable to prosecute suspect,
4b6aa0ee2e4b0ec9c77a780dd8bf3c6e937e86197ac6411f5b92ad2a923d53f0,2021-06,Lancashire Constabulary,Lancashire Constabulary,-2.285788,53.697077,On or near Fallbarn Crescent,E01025385,Rossendale 004D,Other crime,Unable to prosecute suspect,
,2021-06,Lancashire Constabulary,Lancashire Constabulary,-2.298583,53.703122,On or near Haslingden Old Road,E01025387,Rossendale 004F,Anti-social behaviour,,
,2021-06,Lancashire Constabulary,Lancashire Constabulary,-2.290606,53.701784,On or near Schofield Road,E01025387,Rossendale 004F,Anti-social behaviour,,
,2021-06,Lancashire Constabulary,Lancashire Constabulary,-2.304189,53.699171,On or near Osborne Terrace,E01025387,Rossendale 004F,Anti-social behaviour,,
,2021-06,Lancashire Constabulary,Lancashire Constabulary,-2.298583,53.703122,On or near Haslingden Old Road,E01025387,Rossendale 004F,Anti-social behaviour,,
2d0cae299b695cc5151cc0bd21368731b93bd671fa76bed04ffaf2b70de6c1cb,2021-06,Lancashire Constabulary,Lancashire Constabulary,-2.307167,53.696296,On or near Park/Open Space,E01025387,Rossendale 004F,Violence and sexual offences,Investigation complete; no suspect identified,
227bb7f16fa84224a8c2ecb8bc5e4b4899933011e13351fe4c44fe357ed5576a,2021-06,Lancashire Constabulary,Lancashire Constabulary,-2.293774,53.702037,On or near Barritt Road,E01025387,Rossendale 004F,Violence and sexual offences,Unable to prosecute suspect,
749df1e31c4986e5dc68d26403ff0b1663504eb8f8676a794bcc1b3ed4e4a999,2021-06,Lancashire Constabulary,Lancashire Constabulary,-2.298583,53.703122,On or near Haslingden Old Road,E01025387,Rossendale 004F,Other crime,Status update unavailable,
,2021-06,Lancashire Constabulary,Lancashire Constabulary,-2.286818,53.697137,On or near Tor View,E01033281,Rossendale 004G,Anti-social behaviour,,
,2021-06,Lancashire Constabulary,Lancashire Constabulary,-2.287429,53.697909,On or near Hall Carr Road,E01033281,Rossendale 004G,Anti-social behaviour,,
,2021-06,Lancashire Constabulary,Lancashire Constabulary,-2.273921,53.700619,On or near Lambton Gates,E01033281,Rossendale 004G,Anti-social behaviour,,
,2021-06,Lancashire Constabulary,Lancashire Constabulary,-2.287429,53.697909,On or near Hall Carr Road,E01033281,Rossendale 004G,Anti-social behaviour,,
,2021-06,Lancashire Constabulary,Lancashire Constabulary,-2.285985,53.699404,On or near Petrol Station,E01033281,Rossendale 004G,Anti-social behaviour,,
,2021-06,Lancashire Constabulary,Lancashire Constabulary,-2.298385,53.702943,On or near Parking Area,E01033281,Rossendale 004G,Anti-social behaviour,,
,2021-06,Lancashire Constabulary,Lancashire Constabulary,-2.282817,53.698981,On or near Yarraville Street,E01033281,Rossendale 004G,Anti-social behaviour,,
,2021-06,Lancashire Constabulary,Lancashire Constabulary,-2.286218,53.700294,On or near Longholme Road,E01033281,Rossendale 004G,Anti-social behaviour,,
,2021-06,Lancashire Constabulary,Lancashire Constabulary,-2.288827,53.700800,On or near St Mary'S Terrace,E01033281,Rossendale 004G,Anti-social behaviour,,
,2021-06,Lancashire Constabulary,Lancashire Constabulary,-2.291413,53.700164,On or near Conference/Exhibition Centre,E01033281,Rossendale 004G,Anti-social behaviour,,
,2021-06,Lancashire Constabulary,Lancashire Constabulary,-2.287429,53.697909,On or near Hall Carr Road,E01033281,Rossendale 004G,Anti-social behaviour,,
,2021-06,Lancashire Constabulary,Lancashire Constabulary,-2.286399,53.702424,On or near St Mary'S Way,E01033281,Rossendale 004G,Anti-social behaviour,,
,2021-06,Lancashire Constabulary,Lancashire Constabulary,-2.283461,53.700246,On or near Cape Street,E01033281,Rossendale 004G,Anti-social behaviour,,
,2021-06,Lancashire Constabulary,Lancashire Constabulary,-2.291413,53.700164,On or near Conference/Exhibition Centre,E01033281,Rossendale 004G,Anti-social behaviour,,
,2021-06,Lancashire Constabulary,Lancashire Constabulary,-2.286218,53.700294,On or near Longholme Road,E01033281,Rossendale 004G,Anti-social behaviour,,
ff282e0dd9bee7fbb752786fcf4a3bc312710a1b76cf28f2bd17850f6ca71951,2021-06,Lancashire Constabulary,Lancashire Constabulary,-2.271690,53.699905,On or near Eastwood Crescent,E01033281,Rossendale 004G,Burglary,Investigation complete; no suspect identified,
02183121e3bd2556841e7c1dee9ff8e7d98a8ff43ff1439c5fca364c0bc77f2d,2021-06,Lancashire Constabulary,Lancashire Constabulary,-2.298385,53.702943,On or near Parking Area,E01033281,Rossendale 004G,Criminal damage and arson,Investigation complete; no suspect identified,
d2951bac95cc6c995d9b96d37b364671f5f598bb0f901fda6c8ba6eda95d45a4,2021-06,Lancashire Constabulary,Lancashire Constabulary,-2.299797,53.701321,On or near Cedar Avenue,E01033281,Rossendale 004G,Criminal damage and arson,Investigation complete; no suspect identified,
060dfe19cdd23cb6dd56939ac3b7f524b9273cc30830759435cbb4118daf103e,2021-06,Lancashire Constabulary,Lancashire Constabulary,-2.283461,53.700246,On or near Cape Street,E01033281,Rossendale 004G,Criminal damage and arson,Status update unavailable,
9ee06fb80adab125d441828a4efadbc869834fc8a873885d75245714685fdf39,2021-06,Lancashire Constabulary,Lancashire Constabulary,-2.286218,53.700294,On or near Longholme Road,E01033281,Rossendale 004G,Criminal damage and arson,Status update unavailable,
a11b500848599a9506942bddbcf8ee2a814e0c92907337578396dccf7070cd8f,2021-06,Lancashire Constabulary,Lancashire Constabulary,-2.287429,53.697909,On or near Hall Carr Road,E01033281,Rossendale 004G,Other theft,Investigation complete; no suspect identified,
5cf156ccba34ef8d5a5e6c0806a104c1826a1b5b2b7bf896b120fb98d45ba696,2021-06,Lancashire Constabulary,Lancashire Constabulary,-2.288962,53.700584,On or near Petrol Station,E01033281,Rossendale 004G,Other theft,Status update unavailable,
2230e4d798a00025c5bcdff85511bb3d116e0d2860e1d686c423b8193599b84e,2021-06,Lancashire Constabulary,Lancashire Constabulary,-2.299163,53.699507,On or near Mount Pleasant,E01033281,Rossendale 004G,Public order,Unable to prosecute suspect,
840e8a185fe400d0aea000c16b47eb7d95352f69a9670c0b6bcbbba563d479c7,2021-06,Lancashire Constabulary,Lancashire Constabulary,-2.288018,53.699921,On or near Parramatta Street,E01033281,Rossendale 004G,Public order,Status update unavailable,
f942f4a4d939269a72304af6aa289feb164549f57b11149637327406083017b3,2021-06,Lancashire Constabulary,Lancashire Constabulary,-2.285811,53.698281,On or near Kings Avenue,E01033281,Rossendale 004G,Public order,Unable to prosecute suspect,
7ad2775d354ff5ab8b9e8935e4ae9073f8c78fd9084d0b68a86d12f2741bd860,2021-06,Lancashire Constabulary,Lancashire Constabulary,-2.286399,53.702424,On or near St Mary'S Way,E01033281,Rossendale 004G,Shoplifting,Status update unavailable,
b8220a631e8248adb9acec0fc76b9048c593a0392d3ef1b56f8b2afecbfbdbcd,2021-06,Lancashire Constabulary,Lancashire Constabulary,-2.287429,53.697909,On or near Hall Carr Road,E01033281,Rossendale 004G,Shoplifting,Investigation complete; no suspect identified,
dfca4a6190b32bc13ee62b01d3cf51340ecda1a441d5d0d59f94511688c83d87,2021-06,Lancashire Constabulary,Lancashire Constabulary,-2.286399,53.702424,On or near St Mary'S Way,E01033281,Rossendale 004G,Shoplifting,Unable to prosecute suspect,
e6afbc661a30404dabcc4e6dcee12733aab683d30ffe56f32cbdbd0fa8c57d10,2021-06,Lancashire Constabulary,Lancashire Constabulary,-2.293635,53.697373,On or near New Hall Hey Road,E01033281,Rossendale 004G,Vehicle crime,Investigation complete; no suspect identified,
a1e64265496d70869f0f49311a5fc8809ccdc049bbe188bb7cf8dc356e0260dd,2021-06,Lancashire Constabulary,Lancashire Constabulary,-2.273020,53.699345,On or near Victoria Way,E01033281,Rossendale 004G,Vehicle crime,Investigation complete; no suspect identified,
63c57143b374163f1be32e1d2a6cb71628204cf31a5ffc0a9f867249b2a89a52,2021-06,Lancashire Constabulary,Lancashire Constabulary,-2.270086,53.697671,On or near Hope Street,E01033281,Rossendale 004G,Violence and sexual offences,Unable to prosecute suspect,
18eca3b65cd08cf64e8ac9bdb0e099a861692e042e77b4428be8be5ae52fcbb6,2021-06,Lancashire Constabulary,Lancashire Constabulary,-2.293635,53.697373,On or near New Hall Hey Road,E01033281,Rossendale 004G,Violence and sexual offences,Investigation complete; no suspect identified,
943a84f470bf1432be5236b25c4f2ca24873200f4da270d1bf38e19b0e42290e,2021-06,Lancashire Constabulary,Lancashire Constabulary,-2.287596,53.700246,On or near Queen Street,E01033281,Rossendale 004G,Violence and sexual offences,Unable to prosecute suspect,
61cb95ff546a4b552e66b9e95fdc59778e2809e9337eb1f525925726525f6959,2021-06,Lancashire Constabulary,Lancashire Constabulary,-2.288962,53.700584,On or near Petrol Station,E01033281,Rossendale 004G,Violence and sexual offences,Unable to prosecute suspect,
60c41ed468148e67a664d5c1da733a23fa017565518defcf0296c04073ccae11,2021-06,Lancashire Constabulary,Lancashire Constabulary,-2.287596,53.700246,On or near Queen Street,E01033281,Rossendale 004G,Violence and sexual offences,Investigation complete; no suspect identified,
42dcad8b86cb78d6315d610ef9cc8e031df6e8d29fb111d0ffddcb6acca7e6ab,2021-06,Lancashire Constabulary,Lancashire Constabulary,-2.286399,53.702424,On or near St Mary'S Way,E01033281,Rossendale 004G,Other crime,Unable to prosecute suspect,
,2021-06,Lancashire Constabulary,Lancashire Constabulary,-2.330059,53.685557,On or near Laburnum Road,E01025377,Rossendale 007A,Anti-social behaviour,,
18e31fb98806381db27f254938a93f470183822e9de33acd8ab3e85f5b0bafdc,2021-06,Lancashire Constabulary,Lancashire Constabulary,-2.331809,53.682811,On or near Free Lane,E01025377,Rossendale 007A,Public order,Investigation complete; no suspect identified,
d942842170362d3b2bc51edac3194a839aab85623f157a2546612a31df853624,2021-06,Lancashire Constabulary,Lancashire Constabulary,-2.332336,53.684454,On or near Sunny Bank Close,E01025377,Rossendale 007A,Violence and sexual offences,Unable to prosecute suspect,
350533a0017c634df1202208d27f02788a8fa2cbe844016b3ed91075e712a32d,2021-06,Lancashire Constabulary,Lancashire Constabulary,-2.332336,53.684454,On or near Sunny Bank Close,E01025377,Rossendale 007A,Violence and sexual offences,Offender given a caution,
,2021-06,Lancashire Constabulary,Lancashire Constabulary,-2.341056,53.695530,On or near Mesbury Mews,E01025378,Rossendale 007B,Anti-social behaviour,,
a87b207ebbe7d2c97fd5fcc93ef53b98a653f6024d2c9c64b0c780c7da7ddea1,2021-06,Lancashire Constabulary,Lancashire Constabulary,-2.332487,53.695905,On or near Osborne Way,E01025378,Rossendale 007B,Burglary,Investigation complete; no suspect identified,
a659f888d2a1d3dbabef7b4bad18203d54a9c3fc70364201712a1cf061263cad,2021-06,Lancashire Constabulary,Lancashire Constabulary,-2.332487,53.695905,On or near Osborne Way,E01025378,Rossendale 007B,Burglary,Investigation complete; no suspect identified,
bcb2bf3f5432fcb1e721b3192bce4598bd14251ce4ed8e5f9ebd88dd786fe370,2021-06,Lancashire Constabulary,Lancashire Constabulary,-2.341056,53.695530,On or near Mesbury Mews,E01025378,Rossendale 007B,Other theft,Unable to prosecute suspect,
0a78774e929ee3f15075c4acdc4b874de084e60e846fdc909e446dd121301c98,2021-06,Lancashire Constabulary,Lancashire Constabulary,-2.341056,53.695530,On or near Mesbury Mews,E01025378,Rossendale 007B,Vehicle crime,Investigation complete; no suspect identified,
2d136d0c4b871583eab081fb8e1877fb0a7496eda52b0fe85c6668f28f031491,2021-06,Lancashire Constabulary,Lancashire Constabulary,-2.336272,53.697656,On or near Musbury View,E01025378,Rossendale 007B,Violence and sexual offences,Unable to prosecute suspect,
,2021-06,Lancashire Constabulary,Lancashire Constabulary,-2.324421,53.690822,On or near Raven Croft,E01025379,Rossendale 007C,Anti-social behaviour,,
,2021-06,Lancashire Constabulary,Lancashire Constabulary,-2.326688,53.692236,On or near Sussex Drive,E01025379,Rossendale 007C,Anti-social behaviour,,
,2021-06,Lancashire Constabulary,Lancashire Constabulary,-2.328575,53.691457,On or near Kent Walk,E01025379,Rossendale 007C,Anti-social behaviour,,
,2021-06,Lancashire Constabulary,Lancashire Constabulary,-2.328630,53.690711,On or near Bedford Terrace,E01025379,Rossendale 007C,Anti-social behaviour,,
,2021-06,Lancashire Constabulary,Lancashire Constabulary,-2.324421,53.690822,On or near Raven Croft,E01025379,Rossendale 007C,Anti-social behaviour,,
,2021-06,Lancashire Constabulary,Lancashire Constabulary,-2.322981,53.690655,On or near Somerset Walk,E01025379,Rossendale 007C,Anti-social behaviour,,
,2021-06,Lancashire Constabulary,Lancashire Constabulary,-2.322981,53.690655,On or near Somerset Walk,E01025379,Rossendale 007C,Anti-social behaviour,,
02ad103e1c33c2fcd50b95259f6eccfc047d697ed84c1b9104458e422498bd24,2021-06,Lancashire Constabulary,Lancashire Constabulary,-2.324421,53.690822,On or near Raven Croft,E01025379,Rossendale 007C,Other theft,Unable to prosecute suspect,
406eb6e0ba5e05b697e84de3e68e771311227f21f92ebde51c2a51b5e1b6284d,2021-06,Lancashire Constabulary,Lancashire Constabulary,-2.326688,53.692236,On or near Sussex Drive,E01025379,Rossendale 007C,Violence and sexual offences,Unable to prosecute suspect,
0b9505d244da78ef851b7630b652c9a79555b774e862f088fe3ab092d356e6a2,2021-06,Lancashire Constabulary,Lancashire Constabulary,-2.322758,53.689181,On or near Greens Lane,E01025379,Rossendale 007C,Violence and sexual offences,Action to be taken by another organisation,
6e15383654d52ea5be757a285e15fe19e8091cbd8de8de5683d5596fa94d9dab,2021-06,Lancashire Constabulary,Lancashire Constabulary,-2.324549,53.689716,On or near Broadway,E01025379,Rossendale 007C,Violence and sexual offences,Unable to prosecute suspect,
5c9bf1df227887f54336836d8feccb4d60e1216d8502c82133b20975b23333f1,2021-06,Lancashire Constabulary,Lancashire Constabulary,-2.322981,53.690655,On or near Somerset Walk,E01025379,Rossendale 007C,Violence and sexual offences,Action to be taken by another organisation,
87b503a1a85afce13e1fd91dda21d1e3c8e5af7049c0cc39a0d1ac3311ebb1c9,2021-06,Lancashire Constabulary,Lancashire Constabulary,-2.331475,53.692357,On or near Elizabeth Drive,E01025380,Rossendale 007D,Violence and sexual offences,Status update unavailable,
e5f70dfc2b2abf8170fb1e0c4bf5d4dc566b6677a8df7040af7e2506b7fb5525,2021-06,Lancashire Constabulary,Lancashire Constabulary,-2.333603,53.685772,On or near Station Road,E01025380,Rossendale 007D,Violence and sexual offences,Unable to prosecute suspect,
,2021-06,Lancashire Constabulary,Lancashire Constabulary,-2.312534,53.660204,On or near Bolton Road North,E01025357,Rossendale 008A,Anti-social behaviour,,
,2021-06,Lancashire Constabulary,Lancashire Constabulary,-2.307409,53.667048,On or near Rawsthorne Avenue,E01025357,Rossendale 008A,Anti-social behaviour,,
,2021-06,Lancashire Constabulary,Lancashire Constabulary,-2.319166,53.658757,On or near East View,E01025357,Rossendale 008A,Anti-social behaviour,,
,2021-06,Lancashire Constabulary,Lancashire Constabulary,-2.309319,53.665506,On or near Oaklands Road,E01025357,Rossendale 008A,Anti-social behaviour,,
,2021-06,Lancashire Constabulary,Lancashire Constabulary,-2.308082,53.666022,On or near Woodlands Road,E01025357,Rossendale 008A,Anti-social behaviour,,
65e3782760138cd008d67c14fedc46744595f60e377493d85114878186e700d7,2021-06,Lancashire Constabulary,Lancashire Constabulary,-2.307409,53.667048,On or near Rawsthorne Avenue,E01025357,Rossendale 008A,Burglary,Court result unavailable,
17619d8d9f37e4020eee88f463f8865b6052eb1bce00915275a9faefbb7e9af4,2021-06,Lancashire Constabulary,Lancashire Constabulary,-2.307409,53.667048,On or near Rawsthorne Avenue,E01025357,Rossendale 008A,Other theft,Status update unavailable,
85fea892787ccd1bc82eaa5633af2ba34e6671ea9d21bb51f4b6c6104f958026,2021-06,Lancashire Constabulary,Lancashire Constabulary,-2.307184,53.665332,On or near Bolton Road North,E01025357,Rossendale 008A,Possession of weapons,Unable to prosecute suspect,
72cea07d3b04106ba83781e68abc86f35860ac6da2a67c175897d9070a8fb1f2,2021-06,Lancashire Constabulary,Lancashire Constabulary,-2.322172,53.671971,On or near Park/Open Space,E01025357,Rossendale 008A,Public order,Unable to prosecute suspect,
109a47375ce42b0681f94684eff162bcdad1610612d8839c404744c5415ce3be,2021-06,Lancashire Constabulary,Lancashire Constabulary,-2.322172,53.671971,On or near Park/Open Space,E01025357,Rossendale 008A,Public order,Unable to prosecute suspect,
93961d8ce22a8a856fd264395364434b7ca1eb13c3a814d5d4ac3222022a5837,2021-06,Lancashire Constabulary,Lancashire Constabulary,-2.312534,53.660204,On or near Bolton Road North,E01025357,Rossendale 008A,Violence and sexual offences,Unable to prosecute suspect,
03623549f3369a99b95925d148e32672b1cba35220ceebe2de197a2c6df3667e,2021-06,Lancashire Constabulary,Lancashire Constabulary,-2.315397,53.658623,On or near Gilbert Street,E01025357,Rossendale 008A,Violence and sexual offences,Unable to prosecute suspect,
2b020c3453194e2b5ddd0ca4257c49b78c5f0b65df7b0b861649b743dd94d749,2021-06,Lancashire Constabulary,Lancashire Constabulary,-2.322172,53.671971,On or near Park/Open Space,E01025357,Rossendale 008A,Violence and sexual offences,Unable to prosecute suspect,
4e37fa61c82664f16d854dc36580edff898964c4546b359008d1618323883726,2021-06,Lancashire Constabulary,Lancashire Constabulary,-2.314200,53.658411,On or near Industrial Street,E01025357,Rossendale 008A,Violence and sexual offences,Unable to prosecute suspect,
b85b88b657f9734116f8f8135cef0025a9e60c79427e7f3d857311b2785206d2,2021-06,Lancashire Constabulary,Lancashire Constabulary,-2.307409,53.667048,On or near Rawsthorne Avenue,E01025357,Rossendale 008A,Violence and sexual offences,Unable to prosecute suspect,
876edacd170e12b7e49db653486ef888f6c2b32f8f18dfed919336f39ed96bc1,2021-06,Lancashire Constabulary,Lancashire Constabulary,-2.312534,53.660204,On or near Bolton Road North,E01025357,Rossendale 008A,Violence and sexual offences,Unable to prosecute suspect,
,2021-06,Lancashire Constabulary,Lancashire Constabulary,-2.317330,53.678248,On or near Bowker Street,E01025358,Rossendale 008B,Anti-social behaviour,,
,2021-06,Lancashire Constabulary,Lancashire Constabulary,-2.317330,53.678248,On or near Bowker Street,E01025358,Rossendale 008B,Anti-social behaviour,,
,2021-06,Lancashire Constabulary,Lancashire Constabulary,-2.306050,53.667582,On or near Highfield Road,E01025358,Rossendale 008B,Anti-social behaviour,,
,2021-06,Lancashire Constabulary,Lancashire Constabulary,-2.295249,53.668256,On or near Park/Open Space,E01025358,Rossendale 008B,Anti-social behaviour,,
,2021-06,Lancashire Constabulary,Lancashire Constabulary,-2.290763,53.660825,On or near Sports/Recreation Area,E01025358,Rossendale 008B,Anti-social behaviour,,
,2021-06,Lancashire Constabulary,Lancashire Constabulary,-2.300074,53.667831,On or near Stone Pits,E01025358,Rossendale 008B,Anti-social behaviour,,
7df137c8a183bacd6c654e27a382d90cf87969955f8a546cc595a48c1ebfdf0f,2021-06,Lancashire Constabulary,Lancashire Constabulary,-2.305174,53.669831,On or near Dean Close,E01025358,Rossendale 008B,Burglary,Investigation complete; no suspect identified,
d1d0d46f1c31feda2d4678ddab0d0d808e25cd837625e1276345f2d06cdfac28,2021-06,Lancashire Constabulary,Lancashire Constabulary,-2.305417,53.665876,On or near Eden Court,E01025358,Rossendale 008B,Criminal damage and arson,Unable to prosecute suspect,
c4757a9f893647049007dd7c432062071ca2b2be8b0ebc6ae65a398174322119,2021-06,Lancashire Constabulary,Lancashire Constabulary,-2.305417,53.665876,On or near Eden Court,E01025358,Rossendale 008B,Criminal damage and arson,Investigation complete; no suspect identified,
3db220b624741172a1543c30240c9e222a425135a555732383c95b94a3657b9f,2021-06,Lancashire Constabulary,Lancashire Constabulary,-2.318581,53.673436,On or near Pedestrian Subway,E01025358,Rossendale 008B,Other theft,Unable to prosecute suspect,
412f68f166a36b6e284f7dfc183935d3c4ed19ca93558b1417f2eb582dabe46e,2021-06,Lancashire Constabulary,Lancashire Constabulary,-2.306587,53.674762,On or near Church Court,E01025358,Rossendale 008B,Vehicle crime,Action to be taken by another organisation,
5f210aba540c0b0e3fc64ec58ecd39da7935e59f07788265c1d531fb73b38d9f,2021-06,Lancashire Constabulary,Lancashire Constabulary,-2.309286,53.679501,On or near Blackburn Road,E01025358,Rossendale 008B,Violence and sexual offences,Unable to prosecute suspect,
,2021-06,Lancashire Constabulary,Lancashire Constabulary,-2.313186,53.690986,On or near Thirlmere Avenue,E01025365,Rossendale 008C,Anti-social behaviour,,
08102392091643b56a8f234257d4ba7785573d539efd7992c96378d8bcf1a3c7,2021-06,Lancashire Constabulary,Lancashire Constabulary,-2.313245,53.686636,On or near Hilltop Drive,E01025365,Rossendale 008C,Criminal damage and arson,Status update unavailable,
bb4a22546397afcab07f790f310f487e6313a03156036a4157894d15999194bc,2021-06,Lancashire Constabulary,Lancashire Constabulary,-2.313186,53.690986,On or near Thirlmere Avenue,E01025365,Rossendale 008C,Criminal damage and arson,Investigation complete; no suspect identified,
5fdf1aad32b92b214a667522f82a5da039555082d81df3229c9533f6109a3073,2021-06,Lancashire Constabulary,Lancashire Constabulary,-2.316645,53.693863,On or near Supermarket,E01025365,Rossendale 008C,Other theft,Status update unavailable,
a63e131491259f7422e03c451f569906d336e1d053d2d63dc99bbf35e585149a,2021-06,Lancashire Constabulary,Lancashire Constabulary,-2.316645,53.693863,On or near Supermarket,E01025365,Rossendale 008C,Other theft,Status update unavailable,
6159d69c1e5b542686860fb975c4812bf95d7568e64170c44f82c23798a84a33,2021-06,Lancashire Constabulary,Lancashire Constabulary,-2.316645,53.693863,On or near Supermarket,E01025365,Rossendale 008C,Other theft,Status update unavailable,
7e96808a4ec157fc4024212b7162e93a87e3677e68e8441be06baa4de982db1b,2021-06,Lancashire Constabulary,Lancashire Constabulary,-2.316645,53.693863,On or near Supermarket,E01025365,Rossendale 008C,Other theft,Status update unavailable,
8ae668d07231d318e4026b91bd3f1db51e099fd7e76de41998d477b56e13f2f8,2021-06,Lancashire Constabulary,Lancashire Constabulary,-2.316645,53.693863,On or near Supermarket,E01025365,Rossendale 008C,Other theft,Status update unavailable,
9775c1ec32f86a798f89ca1ac5f078749b7ba352fd2aedf70c1e9b83cf0e167a,2021-06,Lancashire Constabulary,Lancashire Constabulary,-2.316645,53.693863,On or near Supermarket,E01025365,Rossendale 008C,Other theft,Status update unavailable,
76b5334908c1edde10a8b8e241ed5d28fa28a9e847a18b5cf3fbc115e0149ca9,2021-06,Lancashire Constabulary,Lancashire Constabulary,-2.316645,53.693863,On or near Supermarket,E01025365,Rossendale 008C,Other theft,Status update unavailable,
b4745e31800b5c4ae13de2e3479880c2d32f804f1a0455f8c9d5cbb2453d8fac,2021-06,Lancashire Constabulary,Lancashire Constabulary,-2.316645,53.693863,On or near Supermarket,E01025365,Rossendale 008C,Shoplifting,Investigation complete; no suspect identified,
63c6c78c582f03e3aebee3cb99409bcba0324a8b7e6f7c77521dc6edca83bab6,2021-06,Lancashire Constabulary,Lancashire Constabulary,-2.311924,53.692383,On or near Bentgate Close,E01025365,Rossendale 008C,Vehicle crime,Investigation complete; no suspect identified,
6c92d15e48ed8f9af9fead092091db2bf85b11749a525e3555ad700df790a49e,2021-06,Lancashire Constabulary,Lancashire Constabulary,-2.317396,53.697069,On or near North Street,E01025365,Rossendale 008C,Vehicle crime,Status update unavailable,
,2021-06,Lancashire Constabulary,Lancashire Constabulary,-2.294547,53.695690,On or near Andrew Avenue,E01025384,Rossendale 008D,Anti-social behaviour,,
,2021-06,Lancashire Constabulary,Lancashire Constabulary,-2.290973,53.691249,On or near Lomas Lane,E01025384,Rossendale 008D,Anti-social behaviour,,
,2021-06,Lancashire Constabulary,Lancashire Constabulary,-2.289992,53.696222,On or near Carr Road,E01025384,Rossendale 008D,Anti-social behaviour,,
486b395882b1bfda5dac190f6dedfcaf3258ee3a09adbfadf615c12ec0ea9d82,2021-06,Lancashire Constabulary,Lancashire Constabulary,-2.293759,53.693364,On or near Almond Crescent,E01025384,Rossendale 008D,Public order,Unable to prosecute suspect,
4f279d1f052887ab757694b2b749e8c019b2bf5a20526931f265b5f27990057e,2021-06,Lancashire Constabulary,Lancashire Constabulary,-2.292060,53.697412,On or near Holme Bank,E01025384,Rossendale 008D,Theft from the person,Investigation complete; no suspect identified,
d974f1fc4417b2b49ba4d4bfb7303e4d248c0a8fa9ab476cf8ae8b2d02c51ca6,2021-06,Lancashire Constabulary,Lancashire Constabulary,-2.294547,53.695690,On or near Andrew Avenue,E01025384,Rossendale 008D,Vehicle crime,Status update unavailable,
0b011c5e92a30a10c21ce145497e77e7ffbb47cad0b0ef0827d8eaaf28191de6,2021-06,Lancashire Constabulary,Lancashire Constabulary,-2.294547,53.695690,On or near Andrew Avenue,E01025384,Rossendale 008D,Violence and sexual offences,Unable to prosecute suspect,
0dd2f4b831c641b97f92c5e0dfb21c01e492ed7840664a8f31c0613170f91866,2021-06,Lancashire Constabulary,Lancashire Constabulary,-2.298011,53.690809,On or near Clayton Avenue,E01025384,Rossendale 008D,Violence and sexual offences,Local resolution,
,2021-06,Lancashire Constabulary,Lancashire Constabulary,-2.169016,53.666928,On or near Edward Street,E01025359,Rossendale 009A,Anti-social behaviour,,
,2021-06,Lancashire Constabulary,Lancashire Constabulary,-2.172060,53.674671,On or near Parking Area,E01025359,Rossendale 009A,Anti-social behaviour,,
,2021-06,Lancashire Constabulary,Lancashire Constabulary,-2.173012,53.689078,On or near Prince Street,E01025359,Rossendale 009A,Anti-social behaviour,,
,2021-06,Lancashire Constabulary,Lancashire Constabulary,-2.169016,53.666928,On or near Edward Street,E01025359,Rossendale 009A,Anti-social behaviour,,
,2021-06,Lancashire Constabulary,Lancashire Constabulary,-2.167185,53.686084,On or near Market Street,E01025359,Rossendale 009A,Anti-social behaviour,,
,2021-06,Lancashire Constabulary,Lancashire Constabulary,-2.173012,53.689078,On or near Prince Street,E01025359,Rossendale 009A,Anti-social behaviour,,
,2021-06,Lancashire Constabulary,Lancashire Constabulary,-2.171608,53.671679,On or near Buxton Street,E01025359,Rossendale 009A,Anti-social behaviour,,
,2021-06,Lancashire Constabulary,Lancashire Constabulary,-2.173012,53.689078,On or near Prince Street,E01025359,Rossendale 009A,Anti-social behaviour,,
19b1fa4feabc5ccfea46f4d8d1a397d542fb2156f6e959db11119fe9e4f9545b,2021-06,Lancashire Constabulary,Lancashire Constabulary,-2.172499,53.674824,On or near Valley View,E01025359,Rossendale 009A,Criminal damage and arson,Unable to prosecute suspect,
238dc2e4cbd737556ab242058bef4124e156511a9c4aa64f007dd35c10ab96f9,2021-06,Lancashire Constabulary,Lancashire Constabulary,-2.178521,53.663355,On or near Sandbank Gardens,E01025359,Rossendale 009A,Criminal damage and arson,Status update unavailable,
237532a550642f83f056bf33c19475edfaaaf5f65e1a1e3117200c55013ee0da,2021-06,Lancashire Constabulary,Lancashire Constabulary,-2.173012,53.689078,On or near Prince Street,E01025359,Rossendale 009A,Public order,Unable to prosecute suspect,
70bc691cfe4f91cd0448350195bf4ad24e2c7cc6e9b51758fed6ef4a1dd361b9,2021-06,Lancashire Constabulary,Lancashire Constabulary,-2.173012,53.689078,On or near Prince Street,E01025359,Rossendale 009A,Public order,Unable to prosecute suspect,
ced76b9ef38ab9630bb45088e6b5850b49dd6fbfa2b1256120c35becd2caecf2,2021-06,Lancashire Constabulary,Lancashire Constabulary,-2.172499,53.674824,On or near Valley View,E01025359,Rossendale 009A,Public order,Unable to prosecute suspect,
d832408fd5c0aabeb495b4fad54ed2cf9204b4d01fed94594722d0750bced870,2021-06,Lancashire Constabulary,Lancashire Constabulary,-2.169016,53.666928,On or near Edward Street,E01025359,Rossendale 009A,Vehicle crime,Investigation complete; no suspect identified,
f362d1c2e6d7f6652e0de5e10f31a3cb8045c935201f4442651256257c3acfa0,2021-06,Lancashire Constabulary,Lancashire Constabulary,-2.172499,53.674824,On or near Valley View,E01025359,Rossendale 009A,Violence and sexual offences,Unable to prosecute suspect,
ff227a0f46ea27940eb0fe029645ce4b732af91f4d3ce530dc53f22d44b642ff,2021-06,Lancashire Constabulary,Lancashire Constabulary,-2.172499,53.674824,On or near Valley View,E01025359,Rossendale 009A,Violence and sexual offences,Unable to prosecute suspect,
35f63aab0be492f7d04a091e075736ea6e96382cd4b523dca85908bec06ab470,2021-06,Lancashire Constabulary,Lancashire Constabulary,-2.172499,53.674824,On or near Valley View,E01025359,Rossendale 009A,Violence and sexual offences,Status update unavailable,
2fcbdd6b0c9deef8998b946f88223c1551eaaeb8052731093bbcd1ec6f57a2b3,2021-06,Lancashire Constabulary,Lancashire Constabulary,-2.169016,53.666928,On or near Edward Street,E01025359,Rossendale 009A,Violence and sexual offences,Unable to prosecute suspect,
,2021-06,Lancashire Constabulary,Lancashire Constabulary,-2.172948,53.666086,On or near Elm Street,E01025360,Rossendale 009B,Anti-social behaviour,,
,2021-06,Lancashire Constabulary,Lancashire Constabulary,-2.175237,53.659854,On or near Middle Street,E01025360,Rossendale 009B,Anti-social behaviour,,
,2021-06,Lancashire Constabulary,Lancashire Constabulary,-2.164002,53.681397,On or near Knott Hill Street,E01025360,Rossendale 009B,Anti-social behaviour,,
,2021-06,Lancashire Constabulary,Lancashire Constabulary,-2.172846,53.663480,On or near Daniel Street,E01025360,Rossendale 009B,Anti-social behaviour,,
,2021-06,Lancashire Constabulary,Lancashire Constabulary,-2.164002,53.681397,On or near Knott Hill Street,E01025360,Rossendale 009B,Anti-social behaviour,,
,2021-06,Lancashire Constabulary,Lancashire Constabulary,-2.171593,53.664129,On or near Market Street,E01025360,Rossendale 009B,Anti-social behaviour,,
cce4e6176e839832b2616b7e7cae9e17d16757aa22b2a65544480278f3f83e66,2021-06,Lancashire Constabulary,Lancashire Constabulary,-2.164822,53.681827,On or near Percy Street,E01025360,Rossendale 009B,Criminal damage and arson,Unable to prosecute suspect,
f2c0001a31103d6c2d09f2ff769affbdcb47328c31db380626c304ac7b8b144d,2021-06,Lancashire Constabulary,Lancashire Constabulary,-2.164822,53.681827,On or near Percy Street,E01025360,Rossendale 009B,Criminal damage and arson,Offender given a caution,
4dcf873ddcb4810556ff49e07eec5451df35014ff6579f627139feaafb3bc3e1,2021-06,Lancashire Constabulary,Lancashire Constabulary,-2.175237,53.659854,On or near Middle Street,E01025360,Rossendale 009B,Criminal damage and arson,Investigation complete; no suspect identified,
4a8332f847d0a16648fe0fd9def4cf33a30348f38f340674b02a51f21fddd60c,2021-06,Lancashire Constabulary,Lancashire Constabulary,-2.173895,53.664674,On or near John Street,E01025360,Rossendale 009B,Public order,Investigation complete; no suspect identified,
6b4a19b3300ad705f093c33cef738c3e4b7498628a10771841384a0f5c630627,2021-06,Lancashire Constabulary,Lancashire Constabulary,-2.167518,53.678300,On or near Cowm Street,E01025360,Rossendale 009B,Vehicle crime,Status update unavailable,
b144065bdc2b44b89eb16baaca1797e6f29b02c696ce8c711df19b96037545e2,2021-06,Lancashire Constabulary,Lancashire Constabulary,-2.173895,53.664674,On or near John Street,E01025360,Rossendale 009B,Violence and sexual offences,Investigation complete; no suspect identified,
2209a07cb81bc014e1688edc09dca1db0ea2f2c00ef3eb66a802c72dcadeaadd,2021-06,Lancashire Constabulary,Lancashire Constabulary,-2.168594,53.674865,On or near Parking Area,E01025360,Rossendale 009B,Violence and sexual offences,Unable to prosecute suspect,
,2021-06,Lancashire Constabulary,Lancashire Constabulary,-2.174053,53.655146,On or near Waingap Crescent,E01025375,Rossendale 009C,Anti-social behaviour,,
e1e318b8c6f10c9a63d323b0d47cec4d2d02a49f0ccf41ca4c0bca099377b2bd,2021-06,Lancashire Constabulary,Lancashire Constabulary,-2.178621,53.644183,On or near Highgate Lane,E01025375,Rossendale 009C,Vehicle crime,Investigation complete; no suspect identified,
aff99748d01d87b37e58c61152bafdbdef79916282849f35372fe9402decf3e8,2021-06,Lancashire Constabulary,Lancashire Constabulary,-2.178147,53.650008,On or near Tonacliffe Terrace,E01025375,Rossendale 009C,Vehicle crime,Investigation complete; no suspect identified,
6e3c45323ccb3960830e7e9a5e0f8404dfc7a7b0ab4329b0d784c5e9efda8f0e,2021-06,Lancashire Constabulary,Lancashire Constabulary,-2.178147,53.650008,On or near Tonacliffe Terrace,E01025375,Rossendale 009C,Violence and sexual offences,Unable to prosecute suspect,
2b55912a1dd2901f77d01ca5db95975d5eb2896257f65dbbee069b11e10318fe,2021-06,Lancashire Constabulary,Lancashire Constabulary,-2.176166,53.650227,On or near Moorland Crescent,E01025375,Rossendale 009C,Violence and sexual offences,Court result unavailable,
52aef4c788ee140e59f4f895488604c8397892ac3b70c64754f376ea87518ee2,2021-06,Lancashire Constabulary,Lancashire Constabulary,-2.181003,53.642157,On or near Dell Meadow,E01025375,Rossendale 009C,Other crime,Status update unavailable,
,2021-06,Lancashire Constabulary,Lancashire Constabulary,-2.177469,53.654332,On or near Albert Street,E01025376,Rossendale 009D,Anti-social behaviour,,
,2021-06,Lancashire Constabulary,Lancashire Constabulary,-2.182106,53.652591,On or near Wallbank Drive,E01025376,Rossendale 009D,Anti-social behaviour,,
,2021-06,Lancashire Constabulary,Lancashire Constabulary,-2.172641,53.661395,On or near Supermarket,E01025376,Rossendale 009D,Anti-social behaviour,,
,2021-06,Lancashire Constabulary,Lancashire Constabulary,-2.176550,53.658936,On or near Baytree Walk,E01025376,Rossendale 009D,Anti-social behaviour,,
,2021-06,Lancashire Constabulary,Lancashire Constabulary,-2.176550,53.658936,On or near Baytree Walk,E01025376,Rossendale 009D,Anti-social behaviour,,
,2021-06,Lancashire Constabulary,Lancashire Constabulary,-2.177469,53.654332,On or near Albert Street,E01025376,Rossendale 009D,Anti-social behaviour,,
271eb29137d94f248dddafddf5c7c228ca62bf5c452d541eaba64b748df4c6e0,2021-06,Lancashire Constabulary,Lancashire Constabulary,-2.182226,53.655781,On or near Hall Fold,E01025376,Rossendale 009D,Criminal damage and arson,Investigation complete; no suspect identified,
6d353689033b97795a393fdad259ed8eedb11d93611e69374e31811c56831522,2021-06,Lancashire Constabulary,Lancashire Constabulary,-2.172822,53.661242,On or near Thorneylea,E01025376,Rossendale 009D,Shoplifting,Status update unavailable,
340a172018d71e4ce5067261c9f8a211c7e17ae1662c0c86c2987ef83f92c8a3,2021-06,Lancashire Constabulary,Lancashire Constabulary,-2.183768,53.652004,On or near Thorburn Drive,E01025376,Rossendale 009D,Vehicle crime,Investigation complete; no suspect identified,
bcd877cb3c0ea3f22a96daf2493990bd217010081aef14e988bd028fdb3a71f6,2021-06,Lancashire Constabulary,Lancashire Constabulary,-2.177469,53.654332,On or near Albert Street,E01025376,Rossendale 009D,Vehicle crime,Investigation complete; no suspect identified,
fc692b85b98d0d682abf4acd957eb462d0f346c45dd239b6e39438fa4571983b,2021-06,Lancashire Constabulary,Lancashire Constabulary,-2.182916,53.654279,On or near Daneswood Close,E01025376,Rossendale 009D,Violence and sexual offences,Unable to prosecute suspect,
d8c4bef0624ac2d47c3362809ec290bf72370afb091dbc4fcdb7722888642c5f,2021-06,Lancashire Constabulary,Lancashire Constabulary,-2.181980,53.651431,On or near Fairway,E01025376,Rossendale 009D,Violence and sexual offences,Unable to prosecute suspect,
5ee252f32ce61211a6b5004b2a53c1432fd96f3f07319f001478c90036e1cf74,2021-06,Lancashire Constabulary,Lancashire Constabulary,-2.182226,53.655781,On or near Hall Fold,E01025376,Rossendale 009D,Violence and sexual offences,Investigation complete; no suspect identified,
,2021-06,Lancashire Constabulary,Lancashire Constabulary,-2.260584,53.696847,On or near Woodside Crescent,E01025371,Rossendale 010A,Anti-social behaviour,,
,2021-06,Lancashire Constabulary,Lancashire Constabulary,-2.256729,53.693080,On or near West Street,E01025371,Rossendale 010A,Anti-social behaviour,,
,2021-06,Lancashire Constabulary,Lancashire Constabulary,-2.253052,53.693582,On or near Baltic Road,E01025371,Rossendale 010A,Anti-social behaviour,,
,2021-06,Lancashire Constabulary,Lancashire Constabulary,-2.253543,53.694606,On or near Springfield Drive,E01025371,Rossendale 010A,Anti-social behaviour,,
,2021-06,Lancashire Constabulary,Lancashire Constabulary,-2.254520,53.695916,On or near Queensway,E01025371,Rossendale 010A,Anti-social behaviour,,
,2021-06,Lancashire Constabulary,Lancashire Constabulary,-2.253052,53.693582,On or near Baltic Road,E01025371,Rossendale 010A,Anti-social behaviour,,
,2021-06,Lancashire Constabulary,Lancashire Constabulary,-2.256030,53.697585,On or near Windsor Avenue,E01025371,Rossendale 010A,Anti-social behaviour,,
,2021-06,Lancashire Constabulary,Lancashire Constabulary,-2.254520,53.695916,On or near Queensway,E01025371,Rossendale 010A,Anti-social behaviour,,
,2021-06,Lancashire Constabulary,Lancashire Constabulary,-2.253052,53.693582,On or near Baltic Road,E01025371,Rossendale 010A,Anti-social behaviour,,
,2021-06,Lancashire Constabulary,Lancashire Constabulary,-2.254520,53.695916,On or near Queensway,E01025371,Rossendale 010A,Anti-social behaviour,,
,2021-06,Lancashire Constabulary,Lancashire Constabulary,-2.254520,53.695916,On or near Queensway,E01025371,Rossendale 010A,Anti-social behaviour,,
f19cc847e5d87051994e047eec4f735a865fd7d6ce422697d798c2f77ef1941e,2021-06,Lancashire Constabulary,Lancashire Constabulary,-2.260350,53.693216,On or near Petrol Station,E01025371,Rossendale 010A,Other theft,Investigation complete; no suspect identified,
92b5af397311802c9fa1e33248dcee78d027090b25249f8ea82f6c6c9d145331,2021-06,Lancashire Constabulary,Lancashire Constabulary,-2.256729,53.693080,On or near West Street,E01025371,Rossendale 010A,Other theft,Status update unavailable,
9d1dcba0fe54a6ebe659daa662ff04b36ba62e14d4543abf86f897d01b2e33f7,2021-06,Lancashire Constabulary,Lancashire Constabulary,-2.256574,53.692362,On or near Stansfield Road,E01025371,Rossendale 010A,Vehicle crime,Investigation complete; no suspect identified,
5f1da65465e87c0530be1d5970bf2bc29bde9a963f824d7e20453dd2baae9652,2021-06,Lancashire Constabulary,Lancashire Constabulary,-2.260350,53.693216,On or near Petrol Station,E01025371,Rossendale 010A,Violence and sexual offences,Unable to prosecute suspect,
5a8f04e91079e8247e877a7775ecb4c81c85d484cd9a49f8cbe6be71e295d00c,2021-06,Lancashire Constabulary,Lancashire Constabulary,-2.254520,53.695916,On or near Queensway,E01025371,Rossendale 010A,Violence and sexual offences,Unable to prosecute suspect,
,2021-06,Lancashire Constabulary,Lancashire Constabulary,-2.257131,53.699380,On or near Heightside Avenue,E01025374,Rossendale 010B,Anti-social behaviour,,
,2021-06,Lancashire Constabulary,Lancashire Constabulary,-2.261612,53.698921,On or near Red Hind Close,E01025374,Rossendale 010B,Anti-social behaviour,,
,2021-06,Lancashire Constabulary,Lancashire Constabulary,-2.258374,53.696951,On or near Top Barn Lane,E01025374,Rossendale 010B,Anti-social behaviour,,
,2021-06,Lancashire Constabulary,Lancashire Constabulary,-2.258374,53.696951,On or near Top Barn Lane,E01025374,Rossendale 010B,Anti-social behaviour,,
156a596a3afd901be8024844f2a461b807211ce1c188a42f40ca758f6e9d51a5,2021-06,Lancashire Constabulary,Lancashire Constabulary,-2.249896,53.700159,On or near Naze View Avenue,E01025374,Rossendale 010B,Burglary,Investigation complete; no suspect identified,
4c7dde34f3094894a3ea58d35fc045a2c8eaabe3cd94183a6658111aa0679ea2,2021-06,Lancashire Constabulary,Lancashire Constabulary,-2.258374,53.696951,On or near Top Barn Lane,E01025374,Rossendale 010B,Criminal damage and arson,Investigation complete; no suspect identified,
56bf2d2e0d527532d1401d12dcc8fb446bef1badd5938a07b3d84579e2dca876,2021-06,Lancashire Constabulary,Lancashire Constabulary,-2.255902,53.699032,On or near St Peter'S Road,E01025374,Rossendale 010B,Public order,Unable to prosecute suspect,
348c4eeb06080433df0882ed5efa5f86556ba8a35295fda86d21fa02a2d15a83,2021-06,Lancashire Constabulary,Lancashire Constabulary,-2.249483,53.699405,On or near Newbigging Avenue,E01025374,Rossendale 010B,Public order,Unable to prosecute suspect,
c90b10f27b850860086fd053ce80590da998bda37e42b5a402d7137bb08dd9bf,2021-06,Lancashire Constabulary,Lancashire Constabulary,-2.249896,53.700159,On or near Naze View Avenue,E01025374,Rossendale 010B,Public order,Unable to prosecute suspect,
07417548c4c5573154569cf24cda0d4733bf81829343a18cdadec56181e56630,2021-06,Lancashire Constabulary,Lancashire Constabulary,-2.248052,53.698303,On or near Burnley Road East,E01025374,Rossendale 010B,Vehicle crime,Investigation complete; no suspect identified,
f5599255d0059deba6f2b0bcaa528151059fa0434a7eea55ccafe37afc471264,2021-06,Lancashire Constabulary,Lancashire Constabulary,-2.258374,53.696951,On or near Top Barn Lane,E01025374,Rossendale 010B,Vehicle crime,Investigation complete; no suspect identified,
731f246e2e482e46873f55d3b005d1e80f344c8cf1030e7d1bae452ffd5f1d38,2021-06,Lancashire Constabulary,Lancashire Constabulary,-2.261612,53.698921,On or near Red Hind Close,E01025374,Rossendale 010B,Violence and sexual offences,Unable to prosecute suspect,
71bfc084db6831f6d79409f0ee3a04cabcc4ebd0fa21f3c6013ec7b23434ddc4,2021-06,Lancashire Constabulary,Lancashire Constabulary,-2.261612,53.698921,On or near Red Hind Close,E01025374,Rossendale 010B,Violence and sexual offences,Unable to prosecute suspect,
,2021-06,Lancashire Constabulary,Lancashire Constabulary,-2.247205,53.701073,On or near Tom Lane,E01025391,Rossendale 010C,Anti-social behaviour,,
cfcc9a1e82b3c44170486748bcb13ef885ce502c0ede7ce8ce8d1122e3184a84,2021-06,Lancashire Constabulary,Lancashire Constabulary,-2.241606,53.694127,On or near Hey Head Avenue,E01025391,Rossendale 010C,Burglary,Unable to prosecute suspect,
751ccdbb99b20350c7ff20e9c832f2e964e76eead25a1d7ac3369468709b46fc,2021-06,Lancashire Constabulary,Lancashire Constabulary,-2.246095,53.697642,On or near Prospect Street,E01025391,Rossendale 010C,Other theft,Unable to prosecute suspect,
5d52947ae40d40218af11a875055eef9cfa781d794b9e14a9b3775fb65224c16,2021-06,Lancashire Constabulary,Lancashire Constabulary,-2.246095,53.697642,On or near Prospect Street,E01025391,Rossendale 010C,Public order,Investigation complete; no suspect identified,
97b98a481cecdcc87e9dc5f04a0af6989a010b1e45c40d3d90642e265de98be6,2021-06,Lancashire Constabulary,Lancashire Constabulary,-2.244029,53.696693,On or near Park Road,E01025391,Rossendale 010C,Public order,Court result unavailable,
4c2e53b46ad17d8ece4e1c55c67542341ab3e355324a95c8363e06dea18d8a05,2021-06,Lancashire Constabulary,Lancashire Constabulary,-2.247242,53.697028,On or near Gresham Street,E01025391,Rossendale 010C,Violence and sexual offences,Unable to prosecute suspect,
f4f4fd017d9ea06eff2d5b2f6d9324923c2d943e50ed6f353880f5244fe703ee,2021-06,Lancashire Constabulary,Lancashire Constabulary,-2.245494,53.701085,On or near Fairfield Avenue,E01025391,Rossendale 010C,Violence and sexual offences,Unable to prosecute suspect,
47ab61c77caa8b12c99d4bc9300981b853b9a77481cd82f3b42bd7c7f9253a36,2021-06,Lancashire Constabulary,Lancashire Constabulary,-2.245494,53.701085,On or near Fairfield Avenue,E01025391,Rossendale 010C,Violence and sexual offences,Unable to prosecute suspect,
f899a6dd6682166d3b9ccf69127430c6563dc76b48a9fd7ae5c188f13749e513,2021-06,Lancashire Constabulary,Lancashire Constabulary,-2.242966,53.698781,On or near Woodhead Close,E01025391,Rossendale 010C,Violence and sexual offences,Unable to prosecute suspect,
90fcb72672f3bb20068a7b66ead0c1710ea272e6b81f198aaa07326e53aebfaa,2021-06,Lancashire Constabulary,Lancashire Constabulary,-2.247205,53.701073,On or near Tom Lane,E01025391,Rossendale 010C,Violence and sexual offences,Unable to prosecute suspect,
,2021-06,Lancashire Constabulary,Lancashire Constabulary,-2.252305,53.692613,On or near Parking Area,E01025392,Rossendale 010D,Anti-social behaviour,,
,2021-06,Lancashire Constabulary,Lancashire Constabulary,-2.252305,53.692613,On or near Parking Area,E01025392,Rossendale 010D,Anti-social behaviour,,
,2021-06,Lancashire Constabulary,Lancashire Constabulary,-2.248163,53.694015,On or near Mount Avenue,E01025392,Rossendale 010D,Anti-social behaviour,,
,2021-06,Lancashire Constabulary,Lancashire Constabulary,-2.251606,53.689676,On or near Carr Lane,E01025392,Rossendale 010D,Anti-social behaviour,,
,2021-06,Lancashire Constabulary,Lancashire Constabulary,-2.251934,53.694007,On or near Holt Street,E01025392,Rossendale 010D,Anti-social behaviour,,
,2021-06,Lancashire Constabulary,Lancashire Constabulary,-2.252305,53.692613,On or near Parking Area,E01025392,Rossendale 010D,Anti-social behaviour,,
c4afe1daba08080d94ed7dc20125972578099ad7b3408adfe0224f5823f0c3cb,2021-06,Lancashire Constabulary,Lancashire Constabulary,-2.252175,53.693773,On or near Booth Street,E01025392,Rossendale 010D,Criminal damage and arson,Investigation complete; no suspect identified,
48c4abf940c875686583d322508bebf8e61f6e527a38916796771e17bd4c3d0c,2021-06,Lancashire Constabulary,Lancashire Constabulary,-2.243951,53.683121,On or near Park/Open Space,E01025392,Rossendale 010D,Criminal damage and arson,Investigation complete; no suspect identified,
9d06e27df378606061591bf2ddb0544b563af3a32876b4164fc7e63d3dbdeee8,2021-06,Lancashire Constabulary,Lancashire Constabulary,-2.250082,53.693229,On or near Tenterfield Street,E01025392,Rossendale 010D,Criminal damage and arson,Unable to prosecute suspect,
cfc2e26558bda9963bf1528269393ec21da780ffe2f2d605325fee2b5430c4a7,2021-06,Lancashire Constabulary,Lancashire Constabulary,-2.251606,53.689676,On or near Carr Lane,E01025392,Rossendale 010D,Other theft,Investigation complete; no suspect identified,
8cf1f153583cd34b90f2ae02015f49ef78e78f8a161922a82002fdab293d5bdb,2021-06,Lancashire Constabulary,Lancashire Constabulary,-2.251934,53.694007,On or near Holt Street,E01025392,Rossendale 010D,Other theft,Investigation complete; no suspect identified,
823acd1aae9d02927da05e8f06b9457b5ab2ab9b67696d9868be8d9c6747d9db,2021-06,Lancashire Constabulary,Lancashire Constabulary,-2.251152,53.692265,On or near Spring Gardens Street,E01025392,Rossendale 010D,Other theft,Investigation complete; no suspect identified,
5b3b633aa9346c325cd234920eb4e11d2f765115ca8edc93be1184d9da315779,2021-06,Lancashire Constabulary,Lancashire Constabulary,-2.249359,53.693950,On or near Yare Street,E01025392,Rossendale 010D,Public order,Status update unavailable,
3dd8f76072b26a5925bba4e57d2de68224228f98effa18fa68a2d0d3390f6976,2021-06,Lancashire Constabulary,Lancashire Constabulary,-2.252305,53.692613,On or near Parking Area,E01025392,Rossendale 010D,Public order,Investigation complete; no suspect identified,
54131da7b7155bdccfcc844b9432fd53ef3f70cb8351bfca59535b4687db44fe,2021-06,Lancashire Constabulary,Lancashire Constabulary,-2.251152,53.692265,On or near Spring Gardens Street,E01025392,Rossendale 010D,Violence and sexual offences,Unable to prosecute suspect,
c08d5b5c7add7c8a301d304d65bb25d9eb0f3eb2380aae94c128fdf2ac82a991,2021-06,Lancashire Constabulary,Lancashire Constabulary,-2.252175,53.693773,On or near Booth Street,E01025392,Rossendale 010D,Violence and sexual offences,Unable to prosecute suspect,
83d6a4aa5ab7e770792b17258a63ceb1d1e105ff90f561ef32199907bec264b5,2021-06,Lancashire Constabulary,Lancashire Constabulary,-2.248163,53.694015,On or near Mount Avenue,E01025392,Rossendale 010D,Violence and sexual offences,Investigation complete; no suspect identified,
1989a7beeaaeaea7ab50ac6f30656a74ce4e6106356d7d9c202a67158ff781c2,2021-06,Lancashire Constabulary,Lancashire Constabulary,-2.248068,53.693251,On or near Glen Road,E01025392,Rossendale 010D,Violence and sexual offences,Unable to prosecute suspect,
935b4c60e7e989f21f49879144c8cb310ffc11ca4c5fde350b3b7b153344d571,2021-06,Lancashire Constabulary,Lancashire Constabulary,-2.250082,53.693229,On or near Tenterfield Street,E01025392,Rossendale 010D,Violence and sexual offences,Unable to prosecute suspect,
,2021-06,Lancashire Constabulary,Lancashire Constabulary,-2.246072,53.693786,On or near Wolfenden Green,E01025394,Rossendale 010E,Anti-social behaviour,,
,2021-06,Lancashire Constabulary,Lancashire Constabulary,-2.246916,53.703473,On or near Ashworth Lane,E01025394,Rossendale 010E,Anti-social behaviour,,
,2021-06,Lancashire Constabulary,Lancashire Constabulary,-2.250196,53.704734,On or near Well Street,E01025394,Rossendale 010E,Anti-social behaviour,,
,2021-06,Lancashire Constabulary,Lancashire Constabulary,-2.243938,53.694033,On or near Booth Road,E01025394,Rossendale 010E,Anti-social behaviour,,
,2021-06,Lancashire Constabulary,Lancashire Constabulary,-2.247221,53.703832,On or near St Anne'S Crescent,E01025394,Rossendale 010E,Anti-social behaviour,,
,2021-06,Lancashire Constabulary,Lancashire Constabulary,-2.249552,53.703459,On or near Piercy Road,E01025394,Rossendale 010E,Anti-social behaviour,,
fd76d9d77826eeb1417be8aee4d41770c4c86995cbd0b943ccd2609ceb7b5430,2021-06,Lancashire Constabulary,Lancashire Constabulary,-2.243938,53.694033,On or near Booth Road,E01025394,Rossendale 010E,Other theft,Investigation complete; no suspect identified,
28489597c3918d29ff3ca7f3bcd8f6510e3bbb9a159ffa5bf1725c72fcf06b80,2021-06,Lancashire Constabulary,Lancashire Constabulary,-2.246916,53.703473,On or near Ashworth Lane,E01025394,Rossendale 010E,Public order,Further investigation is not in the public interest,
642a56c79b7764773918e2858f3342b8f3241d52c3ed841b3575db7272cbb494,2021-06,Lancashire Constabulary,Lancashire Constabulary,-2.243938,53.694033,On or near Booth Road,E01025394,Rossendale 010E,Vehicle crime,Investigation complete; no suspect identified,
7b84ce5315797d548f7d0e0501f62417e823060ee74e806ec72e8bde98419291,2021-06,Lancashire Constabulary,Lancashire Constabulary,-2.250857,53.701371,On or near Rose Street,E01025394,Rossendale 010E,Vehicle crime,Court result unavailable,
218f87f82788ab64270bd340c76d1683bafa74b9283da157a8278c84e62f7243,2021-06,Lancashire Constabulary,Lancashire Constabulary,-2.248292,53.708117,On or near Foxhill Drive,E01025394,Rossendale 010E,Violence and sexual offences,Unable to prosecute suspect,
25b970f726719ac498a56e407c78d04589d2722a074ddd9c76b4317ed54280af,2021-06,Lancashire Constabulary,Lancashire Constabulary,-2.248292,53.708117,On or near Foxhill Drive,E01025394,Rossendale 010E,Violence and sexual offences,Status update unavailable,
588552fdb34b1fa8ca85830d95e32b001c94e2476310f76fd942da7993f2da17,2021-06,Lancashire Constabulary,Lancashire Constabulary,-2.251325,53.711176,On or near Hightown Road,E01025394,Rossendale 010E,Violence and sexual offences,Unable to prosecute suspect,
,2021-06,Lancashire Constabulary,Lancashire Constabulary,-2.204703,53.701153,On or near Meadow Way,E01025370,Rossendale 010F,Anti-social behaviour,,
,2021-06,Lancashire Constabulary,Lancashire Constabulary,-2.202472,53.693957,On or near New Line,E01025370,Rossendale 010F,Anti-social behaviour,,
,2021-06,Lancashire Constabulary,Lancashire Constabulary,-2.207334,53.694066,On or near Newchurch Road,E01025370,Rossendale 010F,Anti-social behaviour,,
,2021-06,Lancashire Constabulary,Lancashire Constabulary,-2.196862,53.695621,On or near Rockliffe Lane,E01025370,Rossendale 010F,Anti-social behaviour,,
,2021-06,Lancashire Constabulary,Lancashire Constabulary,-2.212483,53.693958,On or near Fernhill Avenue,E01025370,Rossendale 010F,Anti-social behaviour,,
,2021-06,Lancashire Constabulary,Lancashire Constabulary,-2.207334,53.694066,On or near Newchurch Road,E01025370,Rossendale 010F,Anti-social behaviour,,
,2021-06,Lancashire Constabulary,Lancashire Constabulary,-2.202472,53.693957,On or near New Line,E01025370,Rossendale 010F,Anti-social behaviour,,
,2021-06,Lancashire Constabulary,Lancashire Constabulary,-2.207334,53.694066,On or near Newchurch Road,E01025370,Rossendale 010F,Anti-social behaviour,,
7414b65de3758e57bf55daca48b6907c6735a6db1204d694b6fb98923f4355fc,2021-06,Lancashire Constabulary,Lancashire Constabulary,-2.196862,53.695621,On or near Rockliffe Lane,E01025370,Rossendale 010F,Criminal damage and arson,Investigation complete; no suspect identified,
42dc73a97b62ab79b5032016fb6237c63b7155dcfe649c0adbf682de918fd784,2021-06,Lancashire Constabulary,Lancashire Constabulary,-2.197071,53.695126,On or near Moorlands Terrace,E01025370,Rossendale 010F,Vehicle crime,Investigation complete; no suspect identified,
0ecb98c5fd40041074546d71204cb2544df722bac8fd3c3902396e432cc8f6fd,2021-06,Lancashire Constabulary,Lancashire Constabulary,-2.204358,53.698700,On or near Bankside Lane,E01025370,Rossendale 010F,Vehicle crime,Court result unavailable,
91a7aae0a1b441905857eb20e3cce3f894d2d78332aa7cd4d98e79759d63a1ce,2021-06,Lancashire Constabulary,Lancashire Constabulary,-2.208913,53.691645,On or near Flag Street,E01025370,Rossendale 010F,Violence and sexual offences,Local resolution,
25d2d165be8fe70abb4491802ac21bd0cadf71652084e95a67a4e8e07d83b7f8,2021-06,Lancashire Constabulary,Lancashire Constabulary,-2.207492,53.695405,On or near Wesley Place,E01025370,Rossendale 010F,Violence and sexual offences,Status update unavailable,
7cfa72941c757c3d0eb1d569e499d3bab6b9284ae118528a6e1d1949e6bc62ed,2021-06,Lancashire Constabulary,Lancashire Constabulary,-2.207334,53.694066,On or near Newchurch Road,E01025370,Rossendale 010F,Violence and sexual offences,Court result unavailable,
4205c82b15cbc94845e6c7e69b53e859c92f95892be1bbdf155871f5a0aced75,2021-06,Lancashire Constabulary,Lancashire Constabulary,-2.208913,53.691645,On or near Flag Street,E01025370,Rossendale 010F,Violence and sexual offences,Local resolution,
1524a81bf93523fd60885ad3eee0db069882fb45dfab71d267f8679b227430b9,2021-06,Lancashire Constabulary,Lancashire Constabulary,-2.216458,53.692432,On or near Farholme Lane,E01025370,Rossendale 010F,Violence and sexual offences,Unable to prosecute suspect,
a799df504fffbccd34988427d2d6a8f27a2df0fb874b65779030557483d738d2,2021-06,Lancashire Constabulary,Lancashire Constabulary,-2.204136,53.696525,On or near Lodge Lane,E01025370,Rossendale 010F,Violence and sexual offences,Unable to prosecute suspect,
e306d4e16037a91b1426c00aae57a0914794bf73a862147857d57a2d40b048d2,2021-06,Lancashire Constabulary,Lancashire Constabulary,-2.204136,53.696525,On or near Lodge Lane,E01025370,Rossendale 010F,Violence and sexual offences,Unable to prosecute suspect,
a1e03a371bf4bfa61515f02136828d89cff5cc52e478d5ea3b408aa553cc1911,2021-06,Lancashire Constabulary,Lancashire Constabulary,-2.208913,53.691645,On or near Flag Street,E01025370,Rossendale 010F,Other crime,Unable to prosecute suspect,
5a18fd3a119703526ff6095f8f85a780b4405b45e196a99ef0ce4ea43cc2cb59,2021-06,Lancashire Constabulary,Lancashire Constabulary,-2.216458,53.692432,On or near Farholme Lane,E01025370,Rossendale 010F,Other crime,Unable to prosecute suspect,
,2021-06,Lancashire Constabulary,Lancashire Constabulary,-2.228739,53.692364,On or near Western Court,E01025388,Rossendale 010G,Anti-social behaviour,,
,2021-06,Lancashire Constabulary,Lancashire Constabulary,-2.228255,53.689597,On or near Parking Area,E01025388,Rossendale 010G,Anti-social behaviour,,
,2021-06,Lancashire Constabulary,Lancashire Constabulary,-2.224227,53.692525,On or near Church Street,E01025388,Rossendale 010G,Anti-social behaviour,,
,2021-06,Lancashire Constabulary,Lancashire Constabulary,-2.236202,53.689060,On or near Kimberley Street,E01025388,Rossendale 010G,Anti-social behaviour,,
4fb834303e389281adcf2039e9f419c52da973ccffbd1b353458c594fa664168,2021-06,Lancashire Constabulary,Lancashire Constabulary,-2.228444,53.690882,On or near Atherton Street,E01025388,Rossendale 010G,Burglary,Status update unavailable,
f2e20a66add9936a58b510d1f289301eb185352d839bc0a26b849e1bd36b6a91,2021-06,Lancashire Constabulary,Lancashire Constabulary,-2.235564,53.691416,On or near Waterbarn Lane,E01025388,Rossendale 010G,Criminal damage and arson,Investigation complete; no suspect identified,
cfa0a268784d64cc1255f3f5a1fc49d9e94b71e32751f8e6ee1fbf371f46bc8a,2021-06,Lancashire Constabulary,Lancashire Constabulary,-2.231701,53.691199,On or near Atherton Way,E01025388,Rossendale 010G,Criminal damage and arson,Investigation complete; no suspect identified,
38d044bae677ec62b0d73d37d533597430959f41c92a9942745ca79df4d2241d,2021-06,Lancashire Constabulary,Lancashire Constabulary,-2.223654,53.692967,On or near Old School Mews,E01025388,Rossendale 010G,Violence and sexual offences,Offender given a caution,
5408d289faec28c8a4792fff3158364e00d135c0d47a764a081f2a6070e327d7,2021-06,Lancashire Constabulary,Lancashire Constabulary,-2.230583,53.691713,On or near Newchurch Road,E01025388,Rossendale 010G,Violence and sexual offences,Status update unavailable,
647f0ac7b9bcde73a0da96724100531ef506456432c288dcd0729043c159a9fb,2021-06,Lancashire Constabulary,Lancashire Constabulary,-2.227871,53.691458,On or near Luke Street,E01025388,Rossendale 010G,Violence and sexual offences,Unable to prosecute suspect,
250dc3db4b60f1660afa025d013b16643299fb9f6777e24ed71f0e760381c3b6,2021-06,Lancashire Constabulary,Lancashire Constabulary,-2.239423,53.690932,On or near Glen Crescent,E01025388,Rossendale 010G,Violence and sexual offences,Unable to prosecute suspect,
3be97bdbc8ce0be2be6d1d8fcbac2142eb24a4b0035688bb45c7b1bc6bc6c696,2021-06,Lancashire Constabulary,Lancashire Constabulary,-2.223654,53.692967,On or near Old School Mews,E01025388,Rossendale 010G,Violence and sexual offences,Unable to prosecute suspect,
93d308bb8f827255cff4570870264ac0bcf54bc9b606f156f17c4232127da7d6,2021-06,Lancashire Constabulary,Lancashire Constabulary,-2.224227,53.692525,On or near Church Street,E01025388,Rossendale 010G,Violence and sexual offences,Court result unavailable,
d7a7c9c5357d9f39637277223fe3760841f1f28254b2abaa0f69ee0768474d5b,2021-06,Lancashire Constabulary,Lancashire Constabulary,-2.223654,53.692967,On or near Old School Mews,E01025388,Rossendale 010G,Violence and sexual offences,Offender given a caution,
a846e77325e3e361d4b978de867f467907a8edbd8ef0d73438bd03888f5c8c4d,2021-06,Lancashire Constabulary,Lancashire Constabulary,-2.220612,53.693386,On or near Bankfield Street,E01025388,Rossendale 010G,Other crime,Status update unavailable,
,2021-06,Lancashire Constabulary,Lancashire Constabulary,-2.217430,53.690048,On or near Acre Avenue,E01025389,Rossendale 010H,Anti-social behaviour,,
,2021-06,Lancashire Constabulary,Lancashire Constabulary,-2.216480,53.690787,On or near Brunswick Terrace,E01025389,Rossendale 010H,Anti-social behaviour,,
,2021-06,Lancashire Constabulary,Lancashire Constabulary,-2.216519,53.689627,On or near Acre View,E01025389,Rossendale 010H,Anti-social behaviour,,
,2021-06,Lancashire Constabulary,Lancashire Constabulary,-2.216480,53.690787,On or near Brunswick Terrace,E01025389,Rossendale 010H,Anti-social behaviour,,
,2021-06,Lancashire Constabulary,Lancashire Constabulary,-2.216519,53.689627,On or near Acre View,E01025389,Rossendale 010H,Anti-social behaviour,,
,2021-06,Lancashire Constabulary,Lancashire Constabulary,-2.217430,53.690048,On or near Acre Avenue,E01025389,Rossendale 010H,Anti-social behaviour,,
,2021-06,Lancashire Constabulary,Lancashire Constabulary,-2.216480,53.690787,On or near Brunswick Terrace,E01025389,Rossendale 010H,Anti-social behaviour,,
,2021-06,Lancashire Constabulary,Lancashire Constabulary,-2.217430,53.690048,On or near Acre Avenue,E01025389,Rossendale 010H,Anti-social behaviour,,
5bcd4d819575c6b18435d98d4e33b54699bd1d1ca3c7ee5de0c7ad3a98924fe2,2021-06,Lancashire Constabulary,Lancashire Constabulary,-2.218996,53.688320,On or near Greens Lane,E01025389,Rossendale 010H,Criminal damage and arson,Unable to prosecute suspect,
92c0434da8003768d9e735cd29671738661788f98a17fc4e1fce7dd8db6eaeb4,2021-06,Lancashire Constabulary,Lancashire Constabulary,-2.216480,53.690787,On or near Brunswick Terrace,E01025389,Rossendale 010H,Criminal damage and arson,Status update unavailable,
ce9f5514ef2fc1c339868ba9824e3632a4a9e9ee936a12c27f0d6503c286a52c,2021-06,Lancashire Constabulary,Lancashire Constabulary,-2.216519,53.689627,On or near Acre View,E01025389,Rossendale 010H,Violence and sexual offences,Unable to prosecute suspect,
63ebd4b8ed11a0e5c42596471710ac02ddf42d21e4ce72f161b588042b162b9c,2021-06,Lancashire Constabulary,Lancashire Constabulary,-2.216519,53.689627,On or near Acre View,E01025389,Rossendale 010H,Violence and sexual offences,Status update unavailable,
1cc2d503e2f8ae3fefb5a58149a208e45fa780c3e6405688f85c00eab0b3b51c,2021-06,Lancashire Constabulary,Lancashire Constabulary,-2.219567,53.693334,On or near Lilac Terrace,E01025389,Rossendale 010H,Violence and sexual offences,Court result unavailable,
943b206f305c0d48517181263c2021affef3a00ebc27ea32c633694723e92496,2021-06,Lancashire Constabulary,Lancashire Constabulary,-2.216480,53.690787,On or near Brunswick Terrace,E01025389,Rossendale 010H,Violence and sexual offences,Unable to prosecute suspect,
e6209cc6a9eaafab27e756d5b0135084b24ed7fb60d3d4688baa23ce5ca32015,2021-06,Lancashire Constabulary,Lancashire Constabulary,-2.216519,53.689627,On or near Acre View,E01025389,Rossendale 010H,Violence and sexual offences,Unable to prosecute suspect,
c6496d8691452bd51e65aefb992323a0858e526ab65b6523914769a138b1f9e1,2021-06,Lancashire Constabulary,Lancashire Constabulary,-2.216519,53.689627,On or near Acre View,E01025389,Rossendale 010H,Violence and sexual offences,Unable to prosecute suspect,
e2388f07a5dd5fa6f15eee755fb9e599b57a0ae2da42fdf1a0930bc82934e07c,2021-06,Lancashire Constabulary,Lancashire Constabulary,-2.216756,53.688602,On or near Unsworth Street,E01025389,Rossendale 010H,Violence and sexual offences,Unable to prosecute suspect,
8cd20b5e55ffeba3980d4faae0666e4cd39fc6173c79cb8411362ed87c7552c8,2021-06,Lancashire Constabulary,Lancashire Constabulary,-2.216395,53.689097,On or near Cutler Crescent,E01025389,Rossendale 010H,Violence and sexual offences,Unable to prosecute suspect,
5b99c70faad11e1ecac55b932710600593e45caafeb5af221e6d309a1815b3f9,2021-06,Lancashire Constabulary,Lancashire Constabulary,-2.216480,53.690787,On or near Brunswick Terrace,E01025389,Rossendale 010H,Violence and sexual offences,Unable to prosecute suspect,
8c571a348a97547c107c3b75ad79198978d55bd1fcca6ac044313455f526c5d7,2021-06,Lancashire Constabulary,Lancashire Constabulary,-2.216519,53.689627,On or near Acre View,E01025389,Rossendale 010H,Violence and sexual offences,Unable to prosecute suspect,
,2021-06,Lancashire Constabulary,Lancashire Constabulary,-2.224377,53.694997,On or near Tunstead Crescent,E01025390,Rossendale 010I,Anti-social behaviour,,
,2021-06,Lancashire Constabulary,Lancashire Constabulary,-2.219946,53.693369,On or near Huttock End Lane,E01025390,Rossendale 010I,Anti-social behaviour,,
,2021-06,Lancashire Constabulary,Lancashire Constabulary,-2.224843,53.694457,On or near Lord Avenue,E01025390,Rossendale 010I,Anti-social behaviour,,
,2021-06,Lancashire Constabulary,Lancashire Constabulary,-2.219946,53.693369,On or near Huttock End Lane,E01025390,Rossendale 010I,Anti-social behaviour,,
,2021-06,Lancashire Constabulary,Lancashire Constabulary,-2.223191,53.694154,On or near Haworth Drive,E01025390,Rossendale 010I,Anti-social behaviour,,
f9aa62b1ba4707540927aaced3fd4a7da184d3a54e464b89d06845dca9969127,2021-06,Lancashire Constabulary,Lancashire Constabulary,-2.232185,53.693805,On or near Tunstead Road,E01025390,Rossendale 010I,Other theft,Investigation complete; no suspect identified,
4d5db85fe962595ac2e70f1223645ccb91bb637e0940c22e33c8e187867fd914,2021-06,Lancashire Constabulary,Lancashire Constabulary,-2.218305,53.695188,On or near Sow Clough Road,E01025390,Rossendale 010I,Public order,Unable to prosecute suspect,
89305bbdd80e7e413f2b2d3a55097d793d56cea6ce81c3ca86185b5b7817dcc8,2021-06,Lancashire Constabulary,Lancashire Constabulary,-2.224377,53.694997,On or near Tunstead Crescent,E01025390,Rossendale 010I,Violence and sexual offences,Unable to prosecute suspect,
ad5a27f386fd2281185e1cfed7fb21b3ab6d4573df594795d31ca0600641a3e0,2021-06,Lancashire Constabulary,Lancashire Constabulary,-2.223191,53.694154,On or near Haworth Drive,E01025390,Rossendale 010I,Violence and sexual offences,Further investigation is not in the public interest,
e6c4b69e6afba75ef6b0e7c0b92cbcdd28ac43fa3f471d1fe651b908f0fbcf22,2021-06,Lancashire Constabulary,Lancashire Constabulary,-2.224377,53.694997,On or near Tunstead Crescent,E01025390,Rossendale 010I,Violence and sexual offences,Unable to prosecute suspect,
03c4c2cd033adc9a4373481c9dfa9d47753a0b99d7b10bb7b02e4aa3c56b0fe9,2021-06,Lancashire Constabulary,Lancashire Constabulary,-2.282916,53.490029,On or near Meyrick Road,E01005681,Salford 024C,Violence and sexual offences,Status update unavailable,
9209bd9832f9f93c738274de94af7b9c49904c0254fc52963a6458b0a7ec1d5f,2021-06,Lancashire Constabulary,Lancashire Constabulary,-2.357313,53.483358,On or near King Edward Street,E01005638,Salford 027D,Violence and sexual offences,Unable to prosecute suspect,
,2021-06,Lancashire Constabulary,Lancashire Constabulary,-3.029022,53.602077,On or near Elm Park Drive,E01006927,Sefton 011D,Anti-social behaviour,,
,2021-06,Lancashire Constabulary,Lancashire Constabulary,-2.962504,53.529867,On or near Pilling Lane,E01007067,Sefton 017A,Anti-social behaviour,,
,2021-06,Lancashire Constabulary,Lancashire Constabulary,-2.962504,53.529867,On or near Pilling Lane,E01007067,Sefton 017A,Anti-social behaviour,,
6f9274d8b4563be74c71ad9c4f27484e7e1e944c1e748897d3f0ae180f288b8b,2021-06,Lancashire Constabulary,Lancashire Constabulary,-2.962611,53.535232,On or near Station Road,E01007067,Sefton 017A,Criminal damage and arson,Investigation complete; no suspect identified,
389d80d2796afbddf51140e6e0585b7ad25e1958c4b3ac7e4458304d34100aad,2021-06,Lancashire Constabulary,Lancashire Constabulary,-2.962504,53.529867,On or near Pilling Lane,E01007067,Sefton 017A,Violence and sexual offences,Status update unavailable,
bcb368d8546516f06fb80ccee667fe78b81eef5695f8491225f92030c01a3749,2021-06,Lancashire Constabulary,Lancashire Constabulary,-2.962504,53.529867,On or near Pilling Lane,E01007067,Sefton 017A,Violence and sexual offences,Investigation complete; no suspect identified,
6b4f2985fef3be83f7536fcf6d792f702d83571dce6d6b6208cc0313805d98df,2021-06,Lancashire Constabulary,Lancashire Constabulary,-2.962504,53.529867,On or near Pilling Lane,E01007067,Sefton 017A,Violence and sexual offences,Status update unavailable,
1b7721b1f2ff9cde48a2c0e37bef523d3c8202dad7770c4d9c9be08be616387c,2021-06,Lancashire Constabulary,Lancashire Constabulary,-2.892765,53.510732,On or near Outlet Lane,E01007040,Sefton 026B,Other crime,Status update unavailable,
ec08e768334dda7f720e5c317a3ef18ce5b7f963c7836442c7682913ac0a906f,2021-06,Lancashire Constabulary,Lancashire Constabulary,-1.416613,50.907264,On or near Parking Area,E01017194,Southampton 021C,Violence and sexual offences,Status update unavailable,
862c3b507976fc5bff910048085a81c88c2938bef2297f1e3a5323271ef8c274,2021-06,Lancashire Constabulary,Lancashire Constabulary,-2.679318,54.370313,On or near Park/Open Space,E01019394,South Lakeland 005D,Violence and sexual offences,Status update unavailable,
,2021-06,Lancashire Constabulary,Lancashire Constabulary,-2.743667,53.750962,On or near Muirfield,E01025424,South Ribble 001A,Anti-social behaviour,,
,2021-06,Lancashire Constabulary,Lancashire Constabulary,-2.740885,53.750611,On or near Crow Hills Road,E01025424,South Ribble 001A,Anti-social behaviour,,
3792b65d5b0b3c4328eb70fb0a9ef42804e66474515cff7ccb9bb483225183ba,2021-06,Lancashire Constabulary,Lancashire Constabulary,-2.744883,53.744258,On or near Howick Park Avenue,E01025424,South Ribble 001A,Violence and sexual offences,Unable to prosecute suspect,
519b075b0746fc7ecd9e9698ef75af0f94877e846ae1baa35b65ea70d18f2daf,2021-06,Lancashire Constabulary,Lancashire Constabulary,-2.739647,53.751787,On or near Carnoustie Court,E01025424,South Ribble 001A,Violence and sexual offences,Investigation complete; no suspect identified,
,2021-06,Lancashire Constabulary,Lancashire Constabulary,-2.738114,53.750852,On or near Crookings Lane,E01025425,South Ribble 001B,Anti-social behaviour,,
,2021-06,Lancashire Constabulary,Lancashire Constabulary,-2.738114,53.750852,On or near Crookings Lane,E01025425,South Ribble 001B,Anti-social behaviour,,
,2021-06,Lancashire Constabulary,Lancashire Constabulary,-2.737659,53.749103,On or near Meadway,E01025425,South Ribble 001B,Anti-social behaviour,,
,2021-06,Lancashire Constabulary,Lancashire Constabulary,-2.727582,53.751303,On or near Abbotsway,E01025426,South Ribble 001C,Anti-social behaviour,,
,2021-06,Lancashire Constabulary,Lancashire Constabulary,-2.733728,53.750619,On or near Highgate,E01025426,South Ribble 001C,Anti-social behaviour,,
,2021-06,Lancashire Constabulary,Lancashire Constabulary,-2.730829,53.750511,On or near Kew Gardens,E01025426,South Ribble 001C,Anti-social behaviour,,
,2021-06,Lancashire Constabulary,Lancashire Constabulary,-2.730552,53.751115,On or near Princes Court,E01025426,South Ribble 001C,Anti-social behaviour,,
9d76bff92eaf4e73d0f49203c704771913b3840234fa38e08d77c6690a4a549d,2021-06,Lancashire Constabulary,Lancashire Constabulary,-2.730829,53.750511,On or near Kew Gardens,E01025426,South Ribble 001C,Burglary,Investigation complete; no suspect identified,
5a946c597ab03e924e57ceb5515d0ec713fd4f1499b8648d30ff31b5e9a0b434,2021-06,Lancashire Constabulary,Lancashire Constabulary,-2.727582,53.751303,On or near Abbotsway,E01025426,South Ribble 001C,Burglary,Court result unavailable,
f6b29a2189e25307ad623b5c7f52aa5bdcc8e4564e66c76e74498708abbe5a55,2021-06,Lancashire Constabulary,Lancashire Constabulary,-2.730829,53.750511,On or near Kew Gardens,E01025426,South Ribble 001C,Public order,Investigation complete; no suspect identified,
95efd7b13bc9f60b82601d36a6db86b39ddb8fac1fd914d433628bb596056e54,2021-06,Lancashire Constabulary,Lancashire Constabulary,-2.733728,53.750619,On or near Highgate,E01025426,South Ribble 001C,Violence and sexual offences,Unable to prosecute suspect,
148f4a876db27f2e25ee126fbf86716893e9aaf54c3732b888d1cd699710cfb7,2021-06,Lancashire Constabulary,Lancashire Constabulary,-2.730829,53.750511,On or near Kew Gardens,E01025426,South Ribble 001C,Other crime,Investigation complete; no suspect identified,
,2021-06,Lancashire Constabulary,Lancashire Constabulary,-2.737297,53.746606,On or near Clovelly Drive,E01025466,South Ribble 001D,Anti-social behaviour,,
2849b6290a495a15329abaf8021bc30473ab4e5b1ae9821c97e544e12c098c7f,2021-06,Lancashire Constabulary,Lancashire Constabulary,-2.734806,53.748122,On or near Green Drive,E01025466,South Ribble 001D,Criminal damage and arson,Awaiting court outcome,
e2aebd43921087719df4aed40905f130450c498abd14e3f4f5e97b69c58960c6,2021-06,Lancashire Constabulary,Lancashire Constabulary,-2.733208,53.748653,On or near Lawrence Road,E01025466,South Ribble 001D,Criminal damage and arson,Status update unavailable,
9deb2097f764a707060ea38ba2299c0c4b464df4d16962b776e055674ba203c5,2021-06,Lancashire Constabulary,Lancashire Constabulary,-2.734806,53.748122,On or near Green Drive,E01025466,South Ribble 001D,Violence and sexual offences,Awaiting court outcome,
,2021-06,Lancashire Constabulary,Lancashire Constabulary,-2.614005,53.735374,On or near Brookhouse Close,E01025413,South Ribble 002A,Anti-social behaviour,,
,2021-06,Lancashire Constabulary,Lancashire Constabulary,-2.614005,53.735374,On or near Brookhouse Close,E01025413,South Ribble 002A,Anti-social behaviour,,
,2021-06,Lancashire Constabulary,Lancashire Constabulary,-2.622249,53.732141,On or near Alder Drive,E01025413,South Ribble 002A,Anti-social behaviour,,
030363ac62bad18890d3eedb10a920f38e4dc42b7645414be37a0e7069a9b26b,2021-06,Lancashire Constabulary,Lancashire Constabulary,-2.620893,53.733685,On or near Larch Gate,E01025413,South Ribble 002A,Criminal damage and arson,Investigation complete; no suspect identified,
,2021-06,Lancashire Constabulary,Lancashire Constabulary,-2.621016,53.744083,On or near Coupe Green,E01025414,South Ribble 002B,Anti-social behaviour,,
,2021-06,Lancashire Constabulary,Lancashire Constabulary,-2.615147,53.740878,On or near Methuen Drive,E01025414,South Ribble 002B,Anti-social behaviour,,
6d68bc35b250989aa6aaee2064edff3fbc26ab39111ef6f4546df9ae51ddeeaa,2021-06,Lancashire Constabulary,Lancashire Constabulary,-2.614084,53.740793,On or near Manor Close,E01025414,South Ribble 002B,Violence and sexual offences,Unable to prosecute suspect,
,2021-06,Lancashire Constabulary,Lancashire Constabulary,-2.635278,53.762767,On or near M6,E01025456,South Ribble 002C,Anti-social behaviour,,
,2021-06,Lancashire Constabulary,Lancashire Constabulary,-2.635278,53.762767,On or near M6,E01025456,South Ribble 002C,Anti-social behaviour,,
554ea3c7c6ad4f39daba3477fe77870161092c5689640d4fc743c3d4130b8dc9,2021-06,Lancashire Constabulary,Lancashire Constabulary,-2.620373,53.770449,On or near Potter Lane,E01025456,South Ribble 002C,Other theft,Unable to prosecute suspect,
11663c55d3057525a03aa99da216f7718e57633e26a116aacdcc7c0faa28c22e,2021-06,Lancashire Constabulary,Lancashire Constabulary,-2.586903,53.744318,On or near Gib Lane,E01025456,South Ribble 002C,Other crime,Status update unavailable,
57e40cde5f38a60ce4eba6a122fc25580c56438e273181e03720765434d4d75e,2021-06,Lancashire Constabulary,Lancashire Constabulary,-2.586917,53.768146,On or near Parking Area,E01025456,South Ribble 002C,Other crime,Investigation complete; no suspect identified,
,2021-06,Lancashire Constabulary,Lancashire Constabulary,-2.635819,53.738361,On or near Charles Crescent,E01025458,South Ribble 002D,Anti-social behaviour,,
,2021-06,Lancashire Constabulary,Lancashire Constabulary,-2.638756,53.740107,On or near Rosewood Court,E01025458,South Ribble 002D,Anti-social behaviour,,
,2021-06,Lancashire Constabulary,Lancashire Constabulary,-2.629256,53.749640,On or near Potter Lane,E01025458,South Ribble 002D,Anti-social behaviour,,
,2021-06,Lancashire Constabulary,Lancashire Constabulary,-2.635270,53.740162,On or near Hawthorne Avenue,E01025458,South Ribble 002D,Anti-social behaviour,,
,2021-06,Lancashire Constabulary,Lancashire Constabulary,-2.647423,53.744681,On or near Barnflatt Close,E01025458,South Ribble 002D,Anti-social behaviour,,
26741be562d241ece4c368e7a0939d6ff46e922680944f7975266e5ac02a8e46,2021-06,Lancashire Constabulary,Lancashire Constabulary,-2.636489,53.739580,On or near Ashtree Court,E01025458,South Ribble 002D,Public order,Offender given a caution,
,2021-06,Lancashire Constabulary,Lancashire Constabulary,-2.726902,53.742643,On or near Aspels Nook,E01025408,South Ribble 003A,Anti-social behaviour,,
,2021-06,Lancashire Constabulary,Lancashire Constabulary,-2.727209,53.744627,On or near Hurst Park,E01025408,South Ribble 003A,Anti-social behaviour,,
,2021-06,Lancashire Constabulary,Lancashire Constabulary,-2.727209,53.744627,On or near Hurst Park,E01025408,South Ribble 003A,Anti-social behaviour,,
7a8e7312ece069310d750d2806f7bb6447b836cb49c4b53976113328ec01359e,2021-06,Lancashire Constabulary,Lancashire Constabulary,-2.728662,53.742731,On or near Cop Lane,E01025408,South Ribble 003A,Burglary,Suspect charged as part of another case,
885ad985b9b46e791396db049fc45c70ec0888bdaa4abaa3a7a85b6f7a15154e,2021-06,Lancashire Constabulary,Lancashire Constabulary,-2.730541,53.745272,On or near Woodfield Close,E01025408,South Ribble 003A,Criminal damage and arson,Investigation complete; no suspect identified,
8b4d4382c34783eb4c7fcdaa90b746aef1309de3e7adb0dbba6c0be6982f233e,2021-06,Lancashire Constabulary,Lancashire Constabulary,-2.726050,53.748616,On or near Alcester Avenue,E01025408,South Ribble 003A,Vehicle crime,Investigation complete; no suspect identified,
,2021-06,Lancashire Constabulary,Lancashire Constabulary,-2.730810,53.739797,On or near Broad Oak Green,E01025409,South Ribble 003B,Anti-social behaviour,,
272cb69058ea55974f0e4725c60e1ba54ee9c8eed7222aa955b4d4d7b796c542,2021-06,Lancashire Constabulary,Lancashire Constabulary,-2.729599,53.739004,On or near Oak Avenue,E01025409,South Ribble 003B,Burglary,Investigation complete; no suspect identified,
3ec50fd29cc613f8567b4087ec008565f537ac89a539499b602caf4145815e3d,2021-06,Lancashire Constabulary,Lancashire Constabulary,-2.729519,53.735301,On or near Blackberry Way,E01025409,South Ribble 003B,Other theft,Further investigation is not in the public interest,
3399a5550c16947633b6b37e8511476544a6aec7a0c17e016842c2ddb3cad223,2021-06,Lancashire Constabulary,Lancashire Constabulary,-2.729519,53.735301,On or near Blackberry Way,E01025409,South Ribble 003B,Shoplifting,Investigation complete; no suspect identified,
65600f762a18ad2936254855ee2a98b6d36fa340917cc9945a76988d92557ad3,2021-06,Lancashire Constabulary,Lancashire Constabulary,-2.728549,53.735298,On or near Appletree Close,E01025409,South Ribble 003B,Violence and sexual offences,Unable to prosecute suspect,
8b0c8e5f4170bca9e7ddae64ebcf195c9420328e03c5d2507fe39e7b6142bbd3,2021-06,Lancashire Constabulary,Lancashire Constabulary,-2.729369,53.740623,On or near Walton Avenue,E01025409,South Ribble 003B,Violence and sexual offences,Investigation complete; no suspect identified,
,2021-06,Lancashire Constabulary,Lancashire Constabulary,-2.737669,53.738406,On or near Townlea Close,E01025410,South Ribble 003C,Anti-social behaviour,,
049f4393f8ea5a6cc8899df92e020caaaa67b34dfd1e4844d8d9eefc846cd44e,2021-06,Lancashire Constabulary,Lancashire Constabulary,-2.733735,53.741451,On or near Beechway,E01025410,South Ribble 003C,Other theft,Further investigation is not in the public interest,
ce793617b3b18963874376b6c3feb49ab6c582962868e5c06dec9a37f368597c,2021-06,Lancashire Constabulary,Lancashire Constabulary,-2.737669,53.738406,On or near Townlea Close,E01025410,South Ribble 003C,Violence and sexual offences,Status update unavailable,
,2021-06,Lancashire Constabulary,Lancashire Constabulary,-2.740636,53.741606,On or near Mayflower Avenue,E01025467,South Ribble 003D,Anti-social behaviour,,
,2021-06,Lancashire Constabulary,Lancashire Constabulary,-2.740636,53.741606,On or near Mayflower Avenue,E01025467,South Ribble 003D,Anti-social behaviour,,
a67be953dd2cdfaccb4dc6d0bdc5d9baf2a94a73292e88c65c49422cae735a12,2021-06,Lancashire Constabulary,Lancashire Constabulary,-2.740636,53.741606,On or near Mayflower Avenue,E01025467,South Ribble 003D,Violence and sexual offences,Unable to prosecute suspect,
f0343b3895eaabe0edf4d30703e4abf94bc4f2a80692d2ebee8dec2220324c3f,2021-06,Lancashire Constabulary,Lancashire Constabulary,-2.744699,53.742471,On or near Moor Avenue,E01025467,South Ribble 003D,Violence and sexual offences,Investigation complete; no suspect identified,
a9b18d7947c2c5fd6e75a1fd822b2d87541611e6b05ce433dfcb32bdf99463dd,2021-06,Lancashire Constabulary,Lancashire Constabulary,-2.745438,53.743050,On or near Liverpool Road,E01025467,South Ribble 003D,Violence and sexual offences,Unable to prosecute suspect,
ddac9863a83a6e00bd3592f5d6bb5eb2fc8400739259b3780b9cecde47e62910,2021-06,Lancashire Constabulary,Lancashire Constabulary,-2.737882,53.741893,On or near Chestnut Avenue,E01025467,South Ribble 003D,Violence and sexual offences,Unable to prosecute suspect,
,2021-06,Lancashire Constabulary,Lancashire Constabulary,-2.660637,53.739323,On or near Allington Close,E01025403,South Ribble 004A,Anti-social behaviour,,
,2021-06,Lancashire Constabulary,Lancashire Constabulary,-2.661343,53.739850,On or near Allington Close,E01025403,South Ribble 004A,Anti-social behaviour,,
,2021-06,Lancashire Constabulary,Lancashire Constabulary,-2.664609,53.737387,On or near Farm Lane,E01025403,South Ribble 004A,Anti-social behaviour,,
20f711e5982d7717ca4b884cfe9fa10016b7a9ba71c9a1322fc85af29f7a26af,2021-06,Lancashire Constabulary,Lancashire Constabulary,-2.664609,53.737387,On or near Farm Lane,E01025403,South Ribble 004A,Burglary,Status update unavailable,
4ac2742b71a80d1541f61e6203a3ea8d3d6557956510c341fd66007b0765d2c3,2021-06,Lancashire Constabulary,Lancashire Constabulary,-2.660637,53.739323,On or near Allington Close,E01025403,South Ribble 004A,Public order,Unable to prosecute suspect,
52cb82b94ba6f6461fc2483138a8292c10f23d140c5d6ed5ce7b6733dd3bbab5,2021-06,Lancashire Constabulary,Lancashire Constabulary,-2.666002,53.738242,On or near Odell Way,E01025403,South Ribble 004A,Vehicle crime,Investigation complete; no suspect identified,
2c4b1fe4faefeae918461256a0e28d011e3c84af050ddb0b208899a62db707f2,2021-06,Lancashire Constabulary,Lancashire Constabulary,-2.664609,53.737387,On or near Farm Lane,E01025403,South Ribble 004A,Vehicle crime,Court result unavailable,
ebeda9d609fcf3938ac8e75f5398191dc5e950481b7410e923b9bd33a1f685f4,2021-06,Lancashire Constabulary,Lancashire Constabulary,-2.661343,53.739850,On or near Allington Close,E01025403,South Ribble 004A,Violence and sexual offences,Unable to prosecute suspect,
01ec43044ce70f7906663a2eab926d3a169ddbd70b56449514ba3f2b0917dc93,2021-06,Lancashire Constabulary,Lancashire Constabulary,-2.664933,53.740648,On or near Devonport Close,E01025403,South Ribble 004A,Violence and sexual offences,Further investigation is not in the public interest,
cc464a9ccac041b7dfd280be05fdc289bdf28133ae5b1bd6bf0f0023eedec3ba,2021-06,Lancashire Constabulary,Lancashire Constabulary,-2.664554,53.739697,On or near Somersby Close,E01025403,South Ribble 004A,Violence and sexual offences,Investigation complete; no suspect identified,
692b20d7833db2627469fa67f387ded4785cfe9899c72e5f5caf1fdb6b4e52e3,2021-06,Lancashire Constabulary,Lancashire Constabulary,-2.664933,53.740648,On or near Devonport Close,E01025403,South Ribble 004A,Violence and sexual offences,Further investigation is not in the public interest,
,2021-06,Lancashire Constabulary,Lancashire Constabulary,-2.671367,53.747632,On or near Petrol Station,E01025457,South Ribble 004B,Anti-social behaviour,,
,2021-06,Lancashire Constabulary,Lancashire Constabulary,-2.677079,53.751123,On or near Victoria Road,E01025457,South Ribble 004B,Anti-social behaviour,,
,2021-06,Lancashire Constabulary,Lancashire Constabulary,-2.677941,53.750938,On or near Edward Street,E01025457,South Ribble 004B,Anti-social behaviour,,
,2021-06,Lancashire Constabulary,Lancashire Constabulary,-2.672609,53.748479,On or near St John'S Road,E01025457,South Ribble 004B,Anti-social behaviour,,
,2021-06,Lancashire Constabulary,Lancashire Constabulary,-2.661694,53.746787,On or near Darwen View,E01025457,South Ribble 004B,Anti-social behaviour,,
c6ad1b067237f981f614bdde95ec78c02ec682b0bcec16ef263ac9a27f5f83c0,2021-06,Lancashire Constabulary,Lancashire Constabulary,-2.671367,53.747632,On or near Petrol Station,E01025457,South Ribble 004B,Public order,Investigation complete; no suspect identified,
2ec448f682afe629bf8096ddadd1a4e3d7f3cad9357e21c8a4f9f49b555baaf4,2021-06,Lancashire Constabulary,Lancashire Constabulary,-2.673195,53.749114,On or near Victoria Road,E01025457,South Ribble 004B,Shoplifting,Further investigation is not in the public interest,
3db8df65f1d442d1ee7519377c99d331bcc26468bfaa2374287b61d670ec9ebf,2021-06,Lancashire Constabulary,Lancashire Constabulary,-2.677941,53.750938,On or near Edward Street,E01025457,South Ribble 004B,Shoplifting,Investigation complete; no suspect identified,
07578cdda3253d85ae5ff7901900abed48051eaf0288822d9ce5a21415b3bcf1,2021-06,Lancashire Constabulary,Lancashire Constabulary,-2.677079,53.751123,On or near Victoria Road,E01025457,South Ribble 004B,Violence and sexual offences,Unable to prosecute suspect,
c3919fb89f4e99e84d7857f49f8e2fc5488fcda481b05f468894fa7e67802063,2021-06,Lancashire Constabulary,Lancashire Constabulary,-2.683017,53.747872,On or near Winery Lane,E01025457,South Ribble 004B,Violence and sexual offences,Unable to prosecute suspect,
,2021-06,Lancashire Constabulary,Lancashire Constabulary,-2.674862,53.741482,On or near Sefton Road,E01025463,South Ribble 004C,Anti-social behaviour,,
,2021-06,Lancashire Constabulary,Lancashire Constabulary,-2.672382,53.739024,On or near Cinnamon Hill Drive South,E01025463,South Ribble 004C,Anti-social behaviour,,
,2021-06,Lancashire Constabulary,Lancashire Constabulary,-2.673174,53.741132,On or near Cavendish Place,E01025463,South Ribble 004C,Anti-social behaviour,,
,2021-06,Lancashire Constabulary,Lancashire Constabulary,-2.693964,53.738596,On or near Loxwood Close,E01025464,South Ribble 004D,Anti-social behaviour,,
ab2c4311e5684164d0d18584c0715c418c215ed3b91ebd1de422e602fb279e9f,2021-06,Lancashire Constabulary,Lancashire Constabulary,-2.693964,53.738596,On or near Loxwood Close,E01025464,South Ribble 004D,Violence and sexual offences,Unable to prosecute suspect,
ecaa182c4e5d2dbef8d391303e222f86bfb510ec5be3ee7978323369990ade2a,2021-06,Lancashire Constabulary,Lancashire Constabulary,-2.693728,53.740817,On or near Oakland Glen,E01025464,South Ribble 004D,Violence and sexual offences,Status update unavailable,
bec9da612e1304ff27f3910c4ce10c018b5d688ffd34367a9149da72c784fda7,2021-06,Lancashire Constabulary,Lancashire Constabulary,-2.693964,53.738596,On or near Loxwood Close,E01025464,South Ribble 004D,Violence and sexual offences,Unable to prosecute suspect,
91b4e369378993c0543ad8b4c0ca5cf6314d56c08d2373e7560ef1b0928ba01f,2021-06,Lancashire Constabulary,Lancashire Constabulary,-2.693964,53.738596,On or near Loxwood Close,E01025464,South Ribble 004D,Violence and sexual offences,Unable to prosecute suspect,
,2021-06,Lancashire Constabulary,Lancashire Constabulary,-2.676105,53.744279,On or near Beechwood Avenue,E01025465,South Ribble 004E,Anti-social behaviour,,
857a37b2e67d4839051c9148e5428ecf5506e3cfce9f693ab143fbe2b466ae6e,2021-06,Lancashire Constabulary,Lancashire Constabulary,-2.673522,53.742056,On or near Allerton Road,E01025465,South Ribble 004E,Other theft,Investigation complete; no suspect identified,
5068b3466428d5ba3ad6b0cd2aa2f8f68cf27b0fd3fa19fed96428d3d8e99834,2021-06,Lancashire Constabulary,Lancashire Constabulary,-2.675769,53.741288,On or near Marlborough Drive,E01025465,South Ribble 004E,Vehicle crime,Court result unavailable,
839152e192c282b3faceab778eb29a367dbd91a03d55246825eb5acd86c3a14f,2021-06,Lancashire Constabulary,Lancashire Constabulary,-2.675058,53.742353,On or near Norfolk Road,E01025465,South Ribble 004E,Violence and sexual offences,Unable to prosecute suspect,
1f961323f79c34e72c758b38430a8d29be555ac9d017f22608dff8dd52f86588,2021-06,Lancashire Constabulary,Lancashire Constabulary,-2.675058,53.742353,On or near Norfolk Road,E01025465,South Ribble 004E,Violence and sexual offences,Unable to prosecute suspect,
,2021-06,Lancashire Constabulary,Lancashire Constabulary,-2.706500,53.736689,On or near Studholme Avenue,E01025411,South Ribble 005A,Anti-social behaviour,,
,2021-06,Lancashire Constabulary,Lancashire Constabulary,-2.705630,53.736352,On or near Lilac Avenue,E01025411,South Ribble 005A,Anti-social behaviour,,
,2021-06,Lancashire Constabulary,Lancashire Constabulary,-2.694467,53.726845,On or near Coote Lane,E01025411,South Ribble 005A,Anti-social behaviour,,
,2021-06,Lancashire Constabulary,Lancashire Constabulary,-2.696711,53.730544,On or near Far Croft,E01025411,South Ribble 005A,Anti-social behaviour,,
bfa5ea08223af58f54247f83205f0b459f6e10204d1bfaff471ae6ce29e510d2,2021-06,Lancashire Constabulary,Lancashire Constabulary,-2.701686,53.735288,On or near Castle Fold,E01025411,South Ribble 005A,Burglary,Unable to prosecute suspect,
3410da3009c9e3cac91f913067ae4f7aeb3c2db4d5cdfee9263f06ae9d74d3f5,2021-06,Lancashire Constabulary,Lancashire Constabulary,-2.694975,53.727283,On or near Harold Terrace,E01025411,South Ribble 005A,Burglary,Status update unavailable,
74b8f9a217ae991054a4b44d339fa1cfe6080fc7009260dbffc6369f9cf566e6,2021-06,Lancashire Constabulary,Lancashire Constabulary,-2.701686,53.735288,On or near Castle Fold,E01025411,South Ribble 005A,Criminal damage and arson,Status update unavailable,
2fc0ff26bbc0459e682418945b8dba243454d728e0184ea05e45c81b324490a2,2021-06,Lancashire Constabulary,Lancashire Constabulary,-2.694975,53.727283,On or near Harold Terrace,E01025411,South Ribble 005A,Vehicle crime,Investigation complete; no suspect identified,
cea9c9b37e4dd3b044f19821eab65f75349eba5b0f117db19bb58938e0df08dd,2021-06,Lancashire Constabulary,Lancashire Constabulary,-2.701636,53.733158,On or near Parking Area,E01025411,South Ribble 005A,Violence and sexual offences,Local resolution,
5f3cc7c14b46c16bfddcfa44caef372005c0e8bdf07bbc18e131c6fac67df62e,2021-06,Lancashire Constabulary,Lancashire Constabulary,-2.701686,53.735288,On or near Castle Fold,E01025411,South Ribble 005A,Violence and sexual offences,Unable to prosecute suspect,
52bce51b6d6a9b4616130f78d806c75406896a7862f4ead3c29e63dd2f8ef3bf,2021-06,Lancashire Constabulary,Lancashire Constabulary,-2.706683,53.734045,On or near Winslow Close,E01025411,South Ribble 005A,Violence and sexual offences,Unable to prosecute suspect,
,2021-06,Lancashire Constabulary,Lancashire Constabulary,-2.712097,53.745851,On or near Dove Avenue,E01025448,South Ribble 005B,Anti-social behaviour,,
,2021-06,Lancashire Constabulary,Lancashire Constabulary,-2.709161,53.744340,On or near Buller Avenue,E01025448,South Ribble 005B,Anti-social behaviour,,
,2021-06,Lancashire Constabulary,Lancashire Constabulary,-2.710853,53.743997,On or near Brydeck Avenue,E01025448,South Ribble 005B,Anti-social behaviour,,
,2021-06,Lancashire Constabulary,Lancashire Constabulary,-2.713262,53.747453,On or near Gaskell Road,E01025448,South Ribble 005B,Anti-social behaviour,,
,2021-06,Lancashire Constabulary,Lancashire Constabulary,-2.710853,53.743997,On or near Brydeck Avenue,E01025448,South Ribble 005B,Anti-social behaviour,,
,2021-06,Lancashire Constabulary,Lancashire Constabulary,-2.712234,53.744978,On or near Mayfield Close,E01025448,South Ribble 005B,Anti-social behaviour,,
,2021-06,Lancashire Constabulary,Lancashire Constabulary,-2.708582,53.742375,On or near Middleforth Green,E01025448,South Ribble 005B,Anti-social behaviour,,
d69c6564298f0bde9011fb8ec4e223cf725cc50ea9e4b8a5c6a55fecf0dd5de8,2021-06,Lancashire Constabulary,Lancashire Constabulary,-2.709062,53.746588,On or near Fraser Avenue,E01025448,South Ribble 005B,Burglary,Investigation complete; no suspect identified,
110c30a4896ff72cf6c296448e489a62fd11fc80b1c9f266037ad046cecf4299,2021-06,Lancashire Constabulary,Lancashire Constabulary,-2.713262,53.747453,On or near Gaskell Road,E01025448,South Ribble 005B,Other theft,Unable to prosecute suspect,
65d6aa2c286d522e21e760627d75749807c504313d3d8252dc907c364efd763a,2021-06,Lancashire Constabulary,Lancashire Constabulary,-2.710853,53.743997,On or near Brydeck Avenue,E01025448,South Ribble 005B,Other theft,Status update unavailable,
17d8fa9abd34d4595b3e526ab6e152e474968954034e2c1120047dda8fd421bc,2021-06,Lancashire Constabulary,Lancashire Constabulary,-2.708582,53.742375,On or near Middleforth Green,E01025448,South Ribble 005B,Public order,Unable to prosecute suspect,
2ae5e8bcfcc07451018e2adaab4e9aececa1093e8ffca86a0418757d523f6f11,2021-06,Lancashire Constabulary,Lancashire Constabulary,-2.712234,53.744978,On or near Mayfield Close,E01025448,South Ribble 005B,Violence and sexual offences,Unable to prosecute suspect,
2ca6bac59a921939e8a2c76a16246c39bcde9313d2d927299fbbf10e7013df58,2021-06,Lancashire Constabulary,Lancashire Constabulary,-2.712234,53.744978,On or near Mayfield Close,E01025448,South Ribble 005B,Violence and sexual offences,Investigation complete; no suspect identified,
72a93ac5f51f159e34d6130abc4d427ee2502ef86c9406abc78fd32b678439f1,2021-06,Lancashire Constabulary,Lancashire Constabulary,-2.713262,53.747453,On or near Gaskell Road,E01025448,South Ribble 005B,Violence and sexual offences,Unable to prosecute suspect,
57fd510364fdbd7356601208ca59a7aeb6f75d5c8bb1be6ffd17556772675d6b,2021-06,Lancashire Constabulary,Lancashire Constabulary,-2.712234,53.744978,On or near Mayfield Close,E01025448,South Ribble 005B,Violence and sexual offences,Unable to prosecute suspect,
b7588fb71fbd061f2c58eb7a461d4ce3b992c55157c24066ef1e4b5cfa4b15fc,2021-06,Lancashire Constabulary,Lancashire Constabulary,-2.712234,53.744978,On or near Mayfield Close,E01025448,South Ribble 005B,Violence and sexual offences,Status update unavailable,
,2021-06,Lancashire Constabulary,Lancashire Constabulary,-2.712166,53.742758,On or near Marshall'S Close,E01025449,South Ribble 005C,Anti-social behaviour,,
,2021-06,Lancashire Constabulary,Lancashire Constabulary,-2.714959,53.742939,On or near Rose Fold,E01025449,South Ribble 005C,Anti-social behaviour,,
,2021-06,Lancashire Constabulary,Lancashire Constabulary,-2.705834,53.740387,On or near Smalley Croft,E01025450,South Ribble 005D,Anti-social behaviour,,
,2021-06,Lancashire Constabulary,Lancashire Constabulary,-2.706908,53.741145,On or near Solway Close,E01025450,South Ribble 005D,Anti-social behaviour,,
,2021-06,Lancashire Constabulary,Lancashire Constabulary,-2.706664,53.737407,On or near Hawkshead,E01025450,South Ribble 005D,Anti-social behaviour,,
17729ef8ed10503750a2c637276af757ab5897b3850a8b9e5a0e789e6ee65850,2021-06,Lancashire Constabulary,Lancashire Constabulary,-2.706442,53.738622,On or near Leyland Road,E01025450,South Ribble 005D,Violence and sexual offences,Investigation complete; no suspect identified,
c1127229c390c8a11a10a722b0893f7d3973e18723b9bc7cf86bd7e590c6da32,2021-06,Lancashire Constabulary,Lancashire Constabulary,-2.711054,53.737021,On or near Moss Acre Road,E01025450,South Ribble 005D,Violence and sexual offences,Unable to prosecute suspect,
8b30d5bdb91991fa4fc5e1488785e3c650ace615f4b2c205b70ff407b2284e14,2021-06,Lancashire Constabulary,Lancashire Constabulary,-2.711054,53.737021,On or near Moss Acre Road,E01025450,South Ribble 005D,Violence and sexual offences,Court result unavailable,
2bcf998c3bdaa8f2aa9919f1ecd1ed80af8695d556c833b63b29253d32632ab2,2021-06,Lancashire Constabulary,Lancashire Constabulary,-2.706908,53.741145,On or near Solway Close,E01025450,South Ribble 005D,Violence and sexual offences,Unable to prosecute suspect,
56fabc3483bbc9bea421ae0c5feafff71d98e82ba75300978792ef22097b2d58,2021-06,Lancashire Constabulary,Lancashire Constabulary,-2.708372,53.738008,On or near Parrock Close,E01025450,South Ribble 005D,Violence and sexual offences,Unable to prosecute suspect,
,2021-06,Lancashire Constabulary,Lancashire Constabulary,-2.709262,53.733230,On or near Kingsbridge Close,E01025412,South Ribble 006A,Anti-social behaviour,,
,2021-06,Lancashire Constabulary,Lancashire Constabulary,-2.698633,53.729427,On or near Conway Avenue,E01025412,South Ribble 006A,Anti-social behaviour,,
,2021-06,Lancashire Constabulary,Lancashire Constabulary,-2.711661,53.733503,On or near Kingshaven Drive,E01025412,South Ribble 006A,Anti-social behaviour,,
,2021-06,Lancashire Constabulary,Lancashire Constabulary,-2.697325,53.727323,On or near Broad Meadow,E01025412,South Ribble 006A,Anti-social behaviour,,
,2021-06,Lancashire Constabulary,Lancashire Constabulary,-2.700042,53.730291,On or near Mark Close,E01025412,South Ribble 006A,Anti-social behaviour,,
,2021-06,Lancashire Constabulary,Lancashire Constabulary,-2.700042,53.730291,On or near Mark Close,E01025412,South Ribble 006A,Anti-social behaviour,,
,2021-06,Lancashire Constabulary,Lancashire Constabulary,-2.709262,53.733230,On or near Kingsbridge Close,E01025412,South Ribble 006A,Anti-social behaviour,,
,2021-06,Lancashire Constabulary,Lancashire Constabulary,-2.700042,53.730291,On or near Mark Close,E01025412,South Ribble 006A,Anti-social behaviour,,
,2021-06,Lancashire Constabulary,Lancashire Constabulary,-2.697325,53.727323,On or near Broad Meadow,E01025412,South Ribble 006A,Anti-social behaviour,,
,2021-06,Lancashire Constabulary,Lancashire Constabulary,-2.700042,53.730291,On or near Mark Close,E01025412,South Ribble 006A,Anti-social behaviour,,
,2021-06,Lancashire Constabulary,Lancashire Constabulary,-2.719820,53.729230,On or near Parking Area,E01025412,South Ribble 006A,Anti-social behaviour,,
,2021-06,Lancashire Constabulary,Lancashire Constabulary,-2.700042,53.730291,On or near Mark Close,E01025412,South Ribble 006A,Anti-social behaviour,,
4605f3dc9f14036f86c5a8ee3f01678c33b933c2b1bb8b564b69a848b8d8f68c,2021-06,Lancashire Constabulary,Lancashire Constabulary,-2.700042,53.730291,On or near Mark Close,E01025412,South Ribble 006A,Public order,Unable to prosecute suspect,
08689bb0577e34bb9e19f0aab6617dd8d8ba4894f4a54e25279e5b4d420983c1,2021-06,Lancashire Constabulary,Lancashire Constabulary,-2.719820,53.729230,On or near Parking Area,E01025412,South Ribble 006A,Violence and sexual offences,Unable to prosecute suspect,
b114b6f665a9ca710ac0625c116e6b3babeb433babe281e7ef7afc656cb66d4b,2021-06,Lancashire Constabulary,Lancashire Constabulary,-2.712904,53.733514,On or near Bramble Court,E01025412,South Ribble 006A,Violence and sexual offences,Unable to prosecute suspect,
,2021-06,Lancashire Constabulary,Lancashire Constabulary,-2.720501,53.739841,On or near Alderfield,E01025427,South Ribble 006B,Anti-social behaviour,,
,2021-06,Lancashire Constabulary,Lancashire Constabulary,-2.718807,53.740975,On or near Malthouse Way,E01025427,South Ribble 006B,Anti-social behaviour,,
,2021-06,Lancashire Constabulary,Lancashire Constabulary,-2.718807,53.740975,On or near Malthouse Way,E01025427,South Ribble 006B,Anti-social behaviour,,
,2021-06,Lancashire Constabulary,Lancashire Constabulary,-2.719687,53.741006,On or near Hill Road South,E01025427,South Ribble 006B,Anti-social behaviour,,
,2021-06,Lancashire Constabulary,Lancashire Constabulary,-2.718807,53.740975,On or near Malthouse Way,E01025427,South Ribble 006B,Anti-social behaviour,,
,2021-06,Lancashire Constabulary,Lancashire Constabulary,-2.726203,53.734612,On or near Sorrel Court,E01025427,South Ribble 006B,Anti-social behaviour,,
,2021-06,Lancashire Constabulary,Lancashire Constabulary,-2.726039,53.733911,On or near Rosemary Court,E01025427,South Ribble 006B,Anti-social behaviour,,
,2021-06,Lancashire Constabulary,Lancashire Constabulary,-2.726039,53.733911,On or near Rosemary Court,E01025427,South Ribble 006B,Anti-social behaviour,,
a5473a9f670d95781e5c1d82d9ec73aebf85e8b45af00a752298f5a8660d680d,2021-06,Lancashire Constabulary,Lancashire Constabulary,-2.720501,53.739841,On or near Alderfield,E01025427,South Ribble 006B,Criminal damage and arson,Unable to prosecute suspect,
c74c9f1d07bb126ed4ffe81a5418463574c577fedcf5bdd888e9b4f958987e8d,2021-06,Lancashire Constabulary,Lancashire Constabulary,-2.723374,53.735842,On or near Woodcroft Close,E01025427,South Ribble 006B,Other theft,Unable to prosecute suspect,
6f116219804f254fc5356641621fdee0004a6ba7c5722df1982b47efbf1e3dd4,2021-06,Lancashire Constabulary,Lancashire Constabulary,-2.719720,53.738462,On or near Sunbury Avenue,E01025427,South Ribble 006B,Violence and sexual offences,Unable to prosecute suspect,
df7f8a4d9ff6a36c741fcc77ecd68377678252f851a7b44fa78b61f941b143a7,2021-06,Lancashire Constabulary,Lancashire Constabulary,-2.718807,53.740975,On or near Malthouse Way,E01025427,South Ribble 006B,Violence and sexual offences,Investigation complete; no suspect identified,
87b3b795e1671df51940ca782666fc1c107b10ed55b8a80d42c5de29e0e47b71,2021-06,Lancashire Constabulary,Lancashire Constabulary,-2.718807,53.740975,On or near Malthouse Way,E01025427,South Ribble 006B,Violence and sexual offences,Unable to prosecute suspect,
,2021-06,Lancashire Constabulary,Lancashire Constabulary,-2.713955,53.735557,On or near Martin Field Road,E01025428,South Ribble 006C,Anti-social behaviour,,
,2021-06,Lancashire Constabulary,Lancashire Constabulary,-2.709594,53.735880,On or near Evesham Avenue,E01025428,South Ribble 006C,Anti-social behaviour,,
,2021-06,Lancashire Constabulary,Lancashire Constabulary,-2.718351,53.732861,On or near Copper Beeches,E01025428,South Ribble 006C,Anti-social behaviour,,
,2021-06,Lancashire Constabulary,Lancashire Constabulary,-2.715595,53.733920,On or near Kingsfold Drive,E01025428,South Ribble 006C,Anti-social behaviour,,
,2021-06,Lancashire Constabulary,Lancashire Constabulary,-2.718351,53.732861,On or near Copper Beeches,E01025428,South Ribble 006C,Anti-social behaviour,,
9be0c84a90732d71834134b42319f6d2595edd04f64c2667086dd7200495e9b0,2021-06,Lancashire Constabulary,Lancashire Constabulary,-2.718351,53.732861,On or near Copper Beeches,E01025428,South Ribble 006C,Criminal damage and arson,Investigation complete; no suspect identified,
112703e21f0d9e7483f9c1a3045c1fc1ead47c07f8a6c57ec10dd58c4a313a41,2021-06,Lancashire Constabulary,Lancashire Constabulary,-2.719406,53.736963,On or near Supermarket,E01025428,South Ribble 006C,Public order,Unable to prosecute suspect,
4d48b60c3c3e98e4f8de2f61ca6c8f2ff75601e282cb188302fb7d163b0638f5,2021-06,Lancashire Constabulary,Lancashire Constabulary,-2.719406,53.736963,On or near Supermarket,E01025428,South Ribble 006C,Shoplifting,Status update unavailable,
55add1bd07551a60c61e8428c990eea9c592ef897ef1c4ef3cc4257c2d16150c,2021-06,Lancashire Constabulary,Lancashire Constabulary,-2.710333,53.736513,On or near Charnock Avenue,E01025428,South Ribble 006C,Vehicle crime,Investigation complete; no suspect identified,
6bdc52b9dea072a90b6a93ae4489e49c2290266456f2c5aa422c1f6bfa500b0a,2021-06,Lancashire Constabulary,Lancashire Constabulary,-2.713846,53.735423,On or near Peterfield Road,E01025428,South Ribble 006C,Violence and sexual offences,Status update unavailable,
6e8e308f996ec5d304d6199fedbb9f2290ca396c4b9948e1afd830d356957b55,2021-06,Lancashire Constabulary,Lancashire Constabulary,-2.718351,53.732861,On or near Copper Beeches,E01025428,South Ribble 006C,Violence and sexual offences,Unable to prosecute suspect,
8f736fcde020ec316e95b0229dbbb6a861b5b3a2c56512acec57a0e1f46d7ec0,2021-06,Lancashire Constabulary,Lancashire Constabulary,-2.713846,53.735423,On or near Peterfield Road,E01025428,South Ribble 006C,Violence and sexual offences,Status update unavailable,
eacbbd19f28407546bca9856e7bc48086302aee9a9d2c8db4c1645ba73cb9863,2021-06,Lancashire Constabulary,Lancashire Constabulary,-2.713955,53.735557,On or near Martin Field Road,E01025428,South Ribble 006C,Violence and sexual offences,Unable to prosecute suspect,
ddc3151f0dc3b207e7228dc4f2213ebe0134692076b9aca472513a9680c1f5d8,2021-06,Lancashire Constabulary,Lancashire Constabulary,-2.712726,53.737326,On or near Fieldfare Close,E01025428,South Ribble 006C,Violence and sexual offences,Unable to prosecute suspect,
,2021-06,Lancashire Constabulary,Lancashire Constabulary,-2.721988,53.734619,On or near Charnley Close,E01025429,South Ribble 006D,Anti-social behaviour,,
,2021-06,Lancashire Constabulary,Lancashire Constabulary,-2.719886,53.731333,On or near Cloughfield,E01025429,South Ribble 006D,Anti-social behaviour,,
,2021-06,Lancashire Constabulary,Lancashire Constabulary,-2.719886,53.731333,On or near Cloughfield,E01025429,South Ribble 006D,Anti-social behaviour,,
,2021-06,Lancashire Constabulary,Lancashire Constabulary,-2.717687,53.733980,On or near Stone Croft,E01025429,South Ribble 006D,Anti-social behaviour,,
,2021-06,Lancashire Constabulary,Lancashire Constabulary,-2.722486,53.733573,On or near Bannister'S Bit,E01025429,South Ribble 006D,Anti-social behaviour,,
,2021-06,Lancashire Constabulary,Lancashire Constabulary,-2.721988,53.734619,On or near Charnley Close,E01025429,South Ribble 006D,Anti-social behaviour,,
,2021-06,Lancashire Constabulary,Lancashire Constabulary,-2.722486,53.733573,On or near Bannister'S Bit,E01025429,South Ribble 006D,Anti-social behaviour,,
,2021-06,Lancashire Constabulary,Lancashire Constabulary,-2.717687,53.733980,On or near Stone Croft,E01025429,South Ribble 006D,Anti-social behaviour,,
32c637671a4a0b50dd0d808f2549b16214c2a070c14918b1cdff4412069e6afb,2021-06,Lancashire Constabulary,Lancashire Constabulary,-2.717687,53.733980,On or near Stone Croft,E01025429,South Ribble 006D,Public order,Investigation complete; no suspect identified,
3ea1aec90cb9f37930108dbe8bc149e8d372e2d5485e5190a1e14c159cfc29eb,2021-06,Lancashire Constabulary,Lancashire Constabulary,-2.716768,53.734309,On or near Old Hey Croft,E01025429,South Ribble 006D,Public order,Unable to prosecute suspect,
411a6461e0e3af7ea558b58134769aab62c586d0f9c8e0f820c814d912413f93,2021-06,Lancashire Constabulary,Lancashire Constabulary,-2.719886,53.731333,On or near Cloughfield,E01025429,South Ribble 006D,Violence and sexual offences,Investigation complete; no suspect identified,
d973e3b525f99912c061f335a1ae3970f6f70dc7674535798672cb638f9fee78,2021-06,Lancashire Constabulary,Lancashire Constabulary,-2.720826,53.732235,On or near Braid Close,E01025429,South Ribble 006D,Violence and sexual offences,Further investigation is not in the public interest,
1a348251278c443ce5dac5c8efd630080bb8f0ba651df1aba492b579b250f5d3,2021-06,Lancashire Constabulary,Lancashire Constabulary,-2.720826,53.732235,On or near Braid Close,E01025429,South Ribble 006D,Violence and sexual offences,Further investigation is not in the public interest,
096c18864545a43e8edece895aa40d72dfb8321c191e4fd759cd4fcd0e58b486,2021-06,Lancashire Constabulary,Lancashire Constabulary,-2.720826,53.732235,On or near Braid Close,E01025429,South Ribble 006D,Violence and sexual offences,Status update unavailable,
54e243b7065014cb34a5e9665441b1d5418d65a332c2d45439ce1c0964786e1f,2021-06,Lancashire Constabulary,Lancashire Constabulary,-2.716768,53.734309,On or near Old Hey Croft,E01025429,South Ribble 006D,Violence and sexual offences,Unable to prosecute suspect,
e306a6fad0e288fa8d80fd34ad3ef18032f6bdce9eaeb8f6bf6635ff35de686e,2021-06,Lancashire Constabulary,Lancashire Constabulary,-2.720826,53.732235,On or near Braid Close,E01025429,South Ribble 006D,Violence and sexual offences,Court result unavailable,
0c315390f113954a382f92625d13903b9ad5188c3a4e69e540110ea7c2c851a8,2021-06,Lancashire Constabulary,Lancashire Constabulary,-2.720826,53.732235,On or near Braid Close,E01025429,South Ribble 006D,Violence and sexual offences,Status update unavailable,
1ac9458d3b4a3b6103e8a16dc4f4ed0fde872daecae1ef66e0e57190ee142d08,2021-06,Lancashire Constabulary,Lancashire Constabulary,-2.717687,53.733980,On or near Stone Croft,E01025429,South Ribble 006D,Violence and sexual offences,Unable to prosecute suspect,
a035c6009505f16e866baf0782a0b6be8399ff87cefbd9feef99eafbec879170,2021-06,Lancashire Constabulary,Lancashire Constabulary,-2.717687,53.733980,On or near Stone Croft,E01025429,South Ribble 006D,Violence and sexual offences,Further investigation is not in the public interest,
b1451eb0ea2be935899b332427b9061be249c98d18a17b6235558bb52a9ac825,2021-06,Lancashire Constabulary,Lancashire Constabulary,-2.717687,53.733980,On or near Stone Croft,E01025429,South Ribble 006D,Violence and sexual offences,Unable to prosecute suspect,
6f698d64ddaf0d963717dc9ceed13cc94f16e2d5f2cdffd5960479ac04e2d0e1,2021-06,Lancashire Constabulary,Lancashire Constabulary,-2.716768,53.734309,On or near Old Hey Croft,E01025429,South Ribble 006D,Violence and sexual offences,Unable to prosecute suspect,
f445bfe74a78bc32a588555b8d950ee48ce1bae3b55fdee74edf54302aa11885,2021-06,Lancashire Constabulary,Lancashire Constabulary,-2.717687,53.733980,On or near Stone Croft,E01025429,South Ribble 006D,Violence and sexual offences,Unable to prosecute suspect,
a3731eba4168f35f76546d2473243b1ccd37c70a1350f4446b86b7d96e95190b,2021-06,Lancashire Constabulary,Lancashire Constabulary,-2.720826,53.732235,On or near Braid Close,E01025429,South Ribble 006D,Violence and sexual offences,Further investigation is not in the public interest,
170c7e9abe4c4dda4fd81d59edb746b25d00ec5da37ccf79e5e1a98ee7961e2c,2021-06,Lancashire Constabulary,Lancashire Constabulary,-2.721988,53.734619,On or near Charnley Close,E01025429,South Ribble 006D,Violence and sexual offences,Unable to prosecute suspect,
805c89a7290a010a52ceaadcb8908c1024d603477edc60aa74f527682469dc29,2021-06,Lancashire Constabulary,Lancashire Constabulary,-2.716768,53.734309,On or near Old Hey Croft,E01025429,South Ribble 006D,Other crime,Status update unavailable,
,2021-06,Lancashire Constabulary,Lancashire Constabulary,-2.672686,53.735301,On or near Tennyson Place,E01025404,South Ribble 007A,Anti-social behaviour,,
,2021-06,Lancashire Constabulary,Lancashire Constabulary,-2.673702,53.735296,On or near Wordsworth Place,E01025404,South Ribble 007A,Anti-social behaviour,,
aa95b0f836d21630be2aa926671a2e01422b51a0dcac3c24e6f30f44a827be9f,2021-06,Lancashire Constabulary,Lancashire Constabulary,-2.668501,53.735253,On or near Grasmere Close,E01025404,South Ribble 007A,Violence and sexual offences,Unable to prosecute suspect,
,2021-06,Lancashire Constabulary,Lancashire Constabulary,-2.660595,53.726965,On or near Pedestrian Subway,E01025405,South Ribble 007B,Anti-social behaviour,,
,2021-06,Lancashire Constabulary,Lancashire Constabulary,-2.663313,53.721557,On or near Station Road,E01025405,South Ribble 007B,Anti-social behaviour,,
,2021-06,Lancashire Constabulary,Lancashire Constabulary,-2.663313,53.721557,On or near Station Road,E01025405,South Ribble 007B,Anti-social behaviour,,
fdde7b6f212ee29f3ffedc5ff8ac350f133c28389aacbfb1f2504eaf9c5234ed,2021-06,Lancashire Constabulary,Lancashire Constabulary,-2.664111,53.723116,On or near Bridge Street,E01025405,South Ribble 007B,Criminal damage and arson,Court result unavailable,
6478a6f1ec9ce21633a5d7c806dcf440d8f3091b8277a2455d38db2d02331598,2021-06,Lancashire Constabulary,Lancashire Constabulary,-2.665059,53.724639,On or near Old Hall Drive,E01025405,South Ribble 007B,Criminal damage and arson,Investigation complete; no suspect identified,
24e3633f4cd4e28f0995ce44739270e952a643e53dbd4d81e6891591d79f15c3,2021-06,Lancashire Constabulary,Lancashire Constabulary,-2.662279,53.724196,On or near Co-Operative Street,E01025405,South Ribble 007B,Other theft,Investigation complete; no suspect identified,
3cf846bf5a4c900ae33c9e822b4c2724ba81d5b25ebd50ca5965f45080a19b24,2021-06,Lancashire Constabulary,Lancashire Constabulary,-2.668670,53.724844,On or near Sports/Recreation Area,E01025405,South Ribble 007B,Other theft,Investigation complete; no suspect identified,
0122c0597089aecf0d8735d21afca134ebc9fa6e665120d297c1f7d8e708afa0,2021-06,Lancashire Constabulary,Lancashire Constabulary,-2.670715,53.722864,On or near Supermarket,E01025405,South Ribble 007B,Shoplifting,Status update unavailable,
e8004702e51beee827efa5eaf84e951d7497e424b921bbf49776396ed3db9a95,2021-06,Lancashire Constabulary,Lancashire Constabulary,-2.665249,53.722229,On or near Riverside,E01025405,South Ribble 007B,Theft from the person,Unable to prosecute suspect,
37d85c1a4e8c3db51de2338999018a3014c788165f27e22ad664eb16efaed349,2021-06,Lancashire Constabulary,Lancashire Constabulary,-2.665249,53.722229,On or near Riverside,E01025405,South Ribble 007B,Violence and sexual offences,Status update unavailable,
dd35e56196a0fb8104bc52bb9f155d5d9927ec569ed5aab5236948329739f881,2021-06,Lancashire Constabulary,Lancashire Constabulary,-2.661670,53.724963,On or near Nelson Street,E01025405,South Ribble 007B,Violence and sexual offences,Unable to prosecute suspect,
978baee4cde7e5ebb7470bf4217a94cb963a733c0f2806536c4e109d737d6315,2021-06,Lancashire Constabulary,Lancashire Constabulary,-2.662196,53.723738,On or near Duke Street,E01025405,South Ribble 007B,Violence and sexual offences,Unable to prosecute suspect,
3cae86a4d5988a2ab8c5ad824f6b942a544155200d728c37c3b3eb18b9d8d6c4,2021-06,Lancashire Constabulary,Lancashire Constabulary,-2.662196,53.723738,On or near Duke Street,E01025405,South Ribble 007B,Violence and sexual offences,Unable to prosecute suspect,
343165f67ffe13a46c383b797ab4d7bc6c26d0dd7ee13bf271308a372e632d88,2021-06,Lancashire Constabulary,Lancashire Constabulary,-2.662196,53.723738,On or near Duke Street,E01025405,South Ribble 007B,Violence and sexual offences,Unable to prosecute suspect,
,2021-06,Lancashire Constabulary,Lancashire Constabulary,-2.672336,53.729479,On or near Brownedge Close,E01025406,South Ribble 007C,Anti-social behaviour,,
,2021-06,Lancashire Constabulary,Lancashire Constabulary,-2.672336,53.729479,On or near Brownedge Close,E01025406,South Ribble 007C,Anti-social behaviour,,
,2021-06,Lancashire Constabulary,Lancashire Constabulary,-2.672336,53.729479,On or near Brownedge Close,E01025406,South Ribble 007C,Anti-social behaviour,,
,2021-06,Lancashire Constabulary,Lancashire Constabulary,-2.669477,53.730798,On or near Convent Close,E01025406,South Ribble 007C,Anti-social behaviour,,
8f3a46436b557229d5bf101983d9a3f05282258b79e93e2837349bd3f3454950,2021-06,Lancashire Constabulary,Lancashire Constabulary,-2.669905,53.731973,On or near Langdale Close,E01025406,South Ribble 007C,Violence and sexual offences,Unable to prosecute suspect,
7957b62a04ecc4f715ad93bf93b84e002a256b6dd3a6099d8be7c455be63eb7b,2021-06,Lancashire Constabulary,Lancashire Constabulary,-2.667672,53.733586,On or near Coniston Drive,E01025406,South Ribble 007C,Violence and sexual offences,Unable to prosecute suspect,
,2021-06,Lancashire Constabulary,Lancashire Constabulary,-2.662611,53.732760,On or near Station Road,E01025407,South Ribble 007D,Anti-social behaviour,,
,2021-06,Lancashire Constabulary,Lancashire Constabulary,-2.662434,53.728276,On or near Kingsway,E01025407,South Ribble 007D,Anti-social behaviour,,
,2021-06,Lancashire Constabulary,Lancashire Constabulary,-2.662136,53.730498,On or near James Street,E01025407,South Ribble 007D,Anti-social behaviour,,
,2021-06,Lancashire Constabulary,Lancashire Constabulary,-2.669274,53.728526,On or near Firbank,E01025407,South Ribble 007D,Anti-social behaviour,,
,2021-06,Lancashire Constabulary,Lancashire Constabulary,-2.662353,53.730829,On or near John Street,E01025407,South Ribble 007D,Anti-social behaviour,,
,2021-06,Lancashire Constabulary,Lancashire Constabulary,-2.662136,53.730498,On or near James Street,E01025407,South Ribble 007D,Anti-social behaviour,,
,2021-06,Lancashire Constabulary,Lancashire Constabulary,-2.665332,53.728485,On or near Regentsway,E01025407,South Ribble 007D,Anti-social behaviour,,
,2021-06,Lancashire Constabulary,Lancashire Constabulary,-2.665629,53.729984,On or near Brownedge Lane,E01025407,South Ribble 007D,Anti-social behaviour,,
,2021-06,Lancashire Constabulary,Lancashire Constabulary,-2.662307,53.728870,On or near Countessway,E01025407,South Ribble 007D,Anti-social behaviour,,
,2021-06,Lancashire Constabulary,Lancashire Constabulary,-2.662357,53.732033,On or near Hodson Street,E01025407,South Ribble 007D,Anti-social behaviour,,
,2021-06,Lancashire Constabulary,Lancashire Constabulary,-2.662136,53.730498,On or near James Street,E01025407,South Ribble 007D,Anti-social behaviour,,
e03ba99b4528a30f043e2c7ff71c7dd798354e3f0c4696229f5bb9f7bf89719a,2021-06,Lancashire Constabulary,Lancashire Constabulary,-2.663365,53.732522,On or near Dean Street,E01025407,South Ribble 007D,Drugs,Offender given penalty notice,
1dd721a45063b9b64292122ce62983de8f927878382d3eb835f41d8fea1c5dc2,2021-06,Lancashire Constabulary,Lancashire Constabulary,-2.663308,53.729880,On or near Ellen Street,E01025407,South Ribble 007D,Other theft,Unable to prosecute suspect,
d1e04de15dbbf89ac5c6d4b99392e7b9452cfcfc45b6a47ca6d66b84b1281b85,2021-06,Lancashire Constabulary,Lancashire Constabulary,-2.664254,53.728338,On or near Queensway,E01025407,South Ribble 007D,Public order,Unable to prosecute suspect,
b201b63e0180104e635d7bcf5c276c3a372054b5b95e797472ee4c400e93af3b,2021-06,Lancashire Constabulary,Lancashire Constabulary,-2.662353,53.730829,On or near John Street,E01025407,South Ribble 007D,Theft from the person,Investigation complete; no suspect identified,
6628d831b7f874870c06729e2f9bc78b32d43464b6f4c4a4b3dbd42e982d9151,2021-06,Lancashire Constabulary,Lancashire Constabulary,-2.663365,53.732522,On or near Dean Street,E01025407,South Ribble 007D,Vehicle crime,Unable to prosecute suspect,
63c523a8206ba0d848b560f6bd7f12b80a4706c97d553ce88fbcc87f15839538,2021-06,Lancashire Constabulary,Lancashire Constabulary,-2.663365,53.732522,On or near Dean Street,E01025407,South Ribble 007D,Violence and sexual offences,Unable to prosecute suspect,
71682d7a5858f9778417e8c069f6f0fa2ff639d79a1afb12081c0c3a9000f7ab,2021-06,Lancashire Constabulary,Lancashire Constabulary,-2.663073,53.727436,On or near Earls Avenue,E01025407,South Ribble 007D,Violence and sexual offences,Unable to prosecute suspect,
daa275a97c3de84c94b6b75e41aa2c25c87927702453b3673de47ca4456a0489,2021-06,Lancashire Constabulary,Lancashire Constabulary,-2.668063,53.729575,On or near Baxendale Grove,E01025407,South Ribble 007D,Violence and sexual offences,Unable to prosecute suspect,
ca1005dc285be116a2511b4cb57b2895d8f3fce56871833a2e69e19276af36cc,2021-06,Lancashire Constabulary,Lancashire Constabulary,-2.663073,53.727436,On or near Earls Avenue,E01025407,South Ribble 007D,Violence and sexual offences,Unable to prosecute suspect,
,2021-06,Lancashire Constabulary,Lancashire Constabulary,-2.655689,53.734074,On or near Collins Road North,E01025399,South Ribble 008A,Anti-social behaviour,,
,2021-06,Lancashire Constabulary,Lancashire Constabulary,-2.655689,53.734074,On or near Collins Road North,E01025399,South Ribble 008A,Anti-social behaviour,,
,2021-06,Lancashire Constabulary,Lancashire Constabulary,-2.655689,53.734074,On or near Collins Road North,E01025399,South Ribble 008A,Anti-social behaviour,,
,2021-06,Lancashire Constabulary,Lancashire Constabulary,-2.655689,53.734074,On or near Collins Road North,E01025399,South Ribble 008A,Anti-social behaviour,,
,2021-06,Lancashire Constabulary,Lancashire Constabulary,-2.660680,53.730443,On or near Eaveswood Close,E01025399,South Ribble 008A,Anti-social behaviour,,
,2021-06,Lancashire Constabulary,Lancashire Constabulary,-2.655689,53.734074,On or near Collins Road North,E01025399,South Ribble 008A,Anti-social behaviour,,
,2021-06,Lancashire Constabulary,Lancashire Constabulary,-2.655689,53.734074,On or near Collins Road North,E01025399,South Ribble 008A,Anti-social behaviour,,
,2021-06,Lancashire Constabulary,Lancashire Constabulary,-2.660272,53.728602,On or near Tyne Street,E01025399,South Ribble 008A,Anti-social behaviour,,
,2021-06,Lancashire Constabulary,Lancashire Constabulary,-2.657965,53.733271,On or near Whitefield Meadow,E01025399,South Ribble 008A,Anti-social behaviour,,
,2021-06,Lancashire Constabulary,Lancashire Constabulary,-2.657965,53.733271,On or near Whitefield Meadow,E01025399,South Ribble 008A,Anti-social behaviour,,
,2021-06,Lancashire Constabulary,Lancashire Constabulary,-2.660680,53.730443,On or near Eaveswood Close,E01025399,South Ribble 008A,Anti-social behaviour,,
09cf34bdea708088b79aea8d58f7c8fe6160cc01308d1daf074b2d53703b9478,2021-06,Lancashire Constabulary,Lancashire Constabulary,-2.655689,53.734074,On or near Collins Road North,E01025399,South Ribble 008A,Criminal damage and arson,Unable to prosecute suspect,
fdc899930aa3d2944153bf36ce1371be3dec4bc4e4ecf6c6febac150dd6e275c,2021-06,Lancashire Constabulary,Lancashire Constabulary,-2.655689,53.734074,On or near Collins Road North,E01025399,South Ribble 008A,Other theft,Unable to prosecute suspect,
805429b9cbd603f0337024b921f4325633f80ac1ee769cefde7c418cf694c5ba,2021-06,Lancashire Constabulary,Lancashire Constabulary,-2.655689,53.734074,On or near Collins Road North,E01025399,South Ribble 008A,Public order,Unable to prosecute suspect,
3cffa62335d6b45344889b29bb022c99bac1123fe26916f7b9b924ea1c3e1900,2021-06,Lancashire Constabulary,Lancashire Constabulary,-2.655689,53.734074,On or near Collins Road North,E01025399,South Ribble 008A,Public order,Action to be taken by another organisation,
b781b173bb14867fee468f2faef7acbcbb83d9e198b91a52f3650f9220e7922b,2021-06,Lancashire Constabulary,Lancashire Constabulary,-2.657127,53.733941,On or near The Crescent,E01025399,South Ribble 008A,Violence and sexual offences,Unable to prosecute suspect,
5854bd4f5eb308ae85b659c32ce4d70c54ef9315c8731193af50646fc352cb2d,2021-06,Lancashire Constabulary,Lancashire Constabulary,-2.657965,53.733271,On or near Whitefield Meadow,E01025399,South Ribble 008A,Violence and sexual offences,Local resolution,
112c6a91a10c8cc67a025f13d116b0115aa6288d7bdf8e89e21fa988451a48eb,2021-06,Lancashire Constabulary,Lancashire Constabulary,-2.657815,53.732418,On or near Collins Road,E01025399,South Ribble 008A,Violence and sexual offences,Unable to prosecute suspect,
6397312c1bfccf35beb67000c924d7435289ee292611b8776af640daf756b4bf,2021-06,Lancashire Constabulary,Lancashire Constabulary,-2.657965,53.733271,On or near Whitefield Meadow,E01025399,South Ribble 008A,Violence and sexual offences,Unable to prosecute suspect,
b128367d8144732fd04cb3e0e16fda00746a5fdb31bcf2bb10e255861dbdf92f,2021-06,Lancashire Constabulary,Lancashire Constabulary,-2.657815,53.732418,On or near Collins Road,E01025399,South Ribble 008A,Violence and sexual offences,Unable to prosecute suspect,
8da11ff0ede5e11e7614ee2b9f086d5004fb4d258cbdd3e516d4f40a6b0d7b3d,2021-06,Lancashire Constabulary,Lancashire Constabulary,-2.657815,53.732418,On or near Collins Road,E01025399,South Ribble 008A,Violence and sexual offences,Unable to prosecute suspect,
8d46c6d0b9915b85fd8f4f0a5e3ca916667be5c4bfc5265f409b83fd6c9ba0e7,2021-06,Lancashire Constabulary,Lancashire Constabulary,-2.655689,53.734074,On or near Collins Road North,E01025399,South Ribble 008A,Violence and sexual offences,Unable to prosecute suspect,
edb0ef01c00c2a8407fc267347b284c61c09ab8f3579ba5f85d72998fb0174e0,2021-06,Lancashire Constabulary,Lancashire Constabulary,-2.658276,53.730887,On or near Elm Drive,E01025399,South Ribble 008A,Violence and sexual offences,Further investigation is not in the public interest,
3698aabad788b2f600fb856e1a0ca781e1570339765de9d46280fe958cc96279,2021-06,Lancashire Constabulary,Lancashire Constabulary,-2.660680,53.730443,On or near Eaveswood Close,E01025399,South Ribble 008A,Violence and sexual offences,Investigation complete; no suspect identified,
a18010421a7f73919cd796ea4a1b60fd23db9b76d7926d2fe1c8802e059e8c60,2021-06,Lancashire Constabulary,Lancashire Constabulary,-2.657965,53.733271,On or near Whitefield Meadow,E01025399,South Ribble 008A,Violence and sexual offences,Local resolution,
4283320964e0d50bf468b05025f17afd488c37c68ac6a91457d78224088332be,2021-06,Lancashire Constabulary,Lancashire Constabulary,-2.658276,53.730887,On or near Elm Drive,E01025399,South Ribble 008A,Other crime,Court result unavailable,
,2021-06,Lancashire Constabulary,Lancashire Constabulary,-2.648562,53.727049,On or near Lady Acre,E01025400,South Ribble 008B,Anti-social behaviour,,
,2021-06,Lancashire Constabulary,Lancashire Constabulary,-2.636527,53.726043,On or near Bank Head Lane,E01025400,South Ribble 008B,Anti-social behaviour,,
,2021-06,Lancashire Constabulary,Lancashire Constabulary,-2.651432,53.729352,On or near Sports/Recreation Area,E01025400,South Ribble 008B,Anti-social behaviour,,
,2021-06,Lancashire Constabulary,Lancashire Constabulary,-2.642027,53.717979,On or near The Old Tramway,E01025400,South Ribble 008B,Anti-social behaviour,,
,2021-06,Lancashire Constabulary,Lancashire Constabulary,-2.651934,53.731443,On or near Hazel Avenue,E01025400,South Ribble 008B,Anti-social behaviour,,
a29f6d299429be7c4650e94e2537aa4a821355f955d1cfe3c5fdd0d61ad63f01,2021-06,Lancashire Constabulary,Lancashire Constabulary,-2.649069,53.726533,On or near Further Field,E01025400,South Ribble 008B,Other theft,Investigation complete; no suspect identified,
d3be32c9297d747177de5d4045c49363836363b79db01d55723e6a6b5846efb0,2021-06,Lancashire Constabulary,Lancashire Constabulary,-2.644162,53.716826,On or near M65,E01025400,South Ribble 008B,Other theft,Unable to prosecute suspect,
1afd1b6cec5196700693cb0cecfff0d55d62e7780fbb59563b544630902e4c9a,2021-06,Lancashire Constabulary,Lancashire Constabulary,-2.651432,53.729352,On or near Sports/Recreation Area,E01025400,South Ribble 008B,Public order,Unable to prosecute suspect,
94fe6111915d374defb52fa9dce10013ab73656a09ee305222c5d91987844cbf,2021-06,Lancashire Constabulary,Lancashire Constabulary,-2.647660,53.726541,On or near Furtherfield,E01025400,South Ribble 008B,Vehicle crime,Investigation complete; no suspect identified,
c54b03a7e00b4450b4dd543255691651091b240a226b72aec56bd4eaf9f5a496,2021-06,Lancashire Constabulary,Lancashire Constabulary,-2.643365,53.726205,On or near Foxglove Close,E01025400,South Ribble 008B,Vehicle crime,Investigation complete; no suspect identified,
630ad8e39d7a45ac829bbbe6f8724679f09df22c952fb10bde0af02ce6d1e939,2021-06,Lancashire Constabulary,Lancashire Constabulary,-2.643187,53.718476,On or near Tramway Lane,E01025400,South Ribble 008B,Violence and sexual offences,Unable to prosecute suspect,
79516795c75a1c72d286e7eb1f3202956de8e4d9a3a976b77066f2e28f7bfa77,2021-06,Lancashire Constabulary,Lancashire Constabulary,-2.642027,53.717979,On or near The Old Tramway,E01025400,South Ribble 008B,Violence and sexual offences,Unable to prosecute suspect,
ba18a34db9f1d7a3d21b34cca3341aa10e6411d62cbc2663c63a4c2bb384efd2,2021-06,Lancashire Constabulary,Lancashire Constabulary,-2.655526,53.732404,On or near Ash Grove,E01025400,South Ribble 008B,Violence and sexual offences,Unable to prosecute suspect,
,2021-06,Lancashire Constabulary,Lancashire Constabulary,-2.659832,53.725702,On or near Jackson Street,E01025401,South Ribble 008C,Anti-social behaviour,,
,2021-06,Lancashire Constabulary,Lancashire Constabulary,-2.657667,53.725812,On or near Mounsey Road,E01025401,South Ribble 008C,Anti-social behaviour,,
,2021-06,Lancashire Constabulary,Lancashire Constabulary,-2.659832,53.725702,On or near Jackson Street,E01025401,South Ribble 008C,Anti-social behaviour,,
,2021-06,Lancashire Constabulary,Lancashire Constabulary,-2.655382,53.725115,On or near Hareden Close,E01025401,South Ribble 008C,Anti-social behaviour,,
,2021-06,Lancashire Constabulary,Lancashire Constabulary,-2.656710,53.724703,On or near Stockdale Crescent,E01025401,South Ribble 008C,Anti-social behaviour,,
,2021-06,Lancashire Constabulary,Lancashire Constabulary,-2.659832,53.725702,On or near Jackson Street,E01025401,South Ribble 008C,Anti-social behaviour,,
,2021-06,Lancashire Constabulary,Lancashire Constabulary,-2.659832,53.725702,On or near Jackson Street,E01025401,South Ribble 008C,Anti-social behaviour,,
,2021-06,Lancashire Constabulary,Lancashire Constabulary,-2.656086,53.718711,On or near A6,E01025401,South Ribble 008C,Anti-social behaviour,,
cfc194fd3de536386f7c310c484db0dadadda572b0ed02cbfdda6f65597260bd,2021-06,Lancashire Constabulary,Lancashire Constabulary,-2.661725,53.722698,On or near East Street,E01025401,South Ribble 008C,Criminal damage and arson,Unable to prosecute suspect,
a619ac266f52bafb4d1ba0710c0bbd3264bec0dc3d4924beba6105d5bf4c164a,2021-06,Lancashire Constabulary,Lancashire Constabulary,-2.656595,53.726124,On or near Savick Close,E01025401,South Ribble 008C,Drugs,Unable to prosecute suspect,
beca21dc94ff85abf995691b216a8f4c40b4363d6fe8c76dc2a6dffd3d565112,2021-06,Lancashire Constabulary,Lancashire Constabulary,-2.656086,53.718711,On or near A6,E01025401,South Ribble 008C,Other theft,Investigation complete; no suspect identified,
ea6f135eb99cdef84b49f5fe1bc20a8605b2e32f74ef5c80fb277f73091a2e8d,2021-06,Lancashire Constabulary,Lancashire Constabulary,-2.656613,53.729198,On or near Withy Grove Close,E01025401,South Ribble 008C,Public order,Investigation complete; no suspect identified,
49fb5adf10ce671fa0520f1d3755f2d9f63a587090388b256bda359ee89fb7b7,2021-06,Lancashire Constabulary,Lancashire Constabulary,-2.659832,53.725702,On or near Jackson Street,E01025401,South Ribble 008C,Robbery,Unable to prosecute suspect,
5a2dc0c594149f9fb9beb3c016fabde2e9a514e7730058de64cb1ed4d0fd83cf,2021-06,Lancashire Constabulary,Lancashire Constabulary,-2.660836,53.724959,On or near Station Road,E01025401,South Ribble 008C,Violence and sexual offences,Investigation complete; no suspect identified,
f300ffdb6cd6985b1326098094ee045c316df078093bd0e02ab099a99dfc45da,2021-06,Lancashire Constabulary,Lancashire Constabulary,-2.656710,53.724703,On or near Stockdale Crescent,E01025401,South Ribble 008C,Violence and sexual offences,Unable to prosecute suspect,
,2021-06,Lancashire Constabulary,Lancashire Constabulary,-2.657728,53.739447,On or near Abbots Close,E01025402,South Ribble 008D,Anti-social behaviour,,
,2021-06,Lancashire Constabulary,Lancashire Constabulary,-2.654893,53.737503,On or near Charnley Court,E01025402,South Ribble 008D,Anti-social behaviour,,
,2021-06,Lancashire Constabulary,Lancashire Constabulary,-2.659920,53.736128,On or near Ashworth Street,E01025402,South Ribble 008D,Anti-social behaviour,,
,2021-06,Lancashire Constabulary,Lancashire Constabulary,-2.654893,53.737503,On or near Charnley Court,E01025402,South Ribble 008D,Anti-social behaviour,,
,2021-06,Lancashire Constabulary,Lancashire Constabulary,-2.655546,53.735630,On or near Sollam'S Close,E01025402,South Ribble 008D,Anti-social behaviour,,
3da964aa2586f722a77e25f6eee4aef577383e74b1332cf414d4b3a843a2a94f,2021-06,Lancashire Constabulary,Lancashire Constabulary,-2.663127,53.734762,On or near Haydock Street,E01025402,South Ribble 008D,Criminal damage and arson,Unable to prosecute suspect,
5200431546b4176260e40efcc69a5d639846e12a591e971e3bbcf5d085e393fd,2021-06,Lancashire Constabulary,Lancashire Constabulary,-2.654893,53.737503,On or near Charnley Court,E01025402,South Ribble 008D,Public order,Further investigation is not in the public interest,
ca7b3fb52a9c5d76a6d4b6485d2c38645a0715d85e5ae40389f7fc8b12b4ca17,2021-06,Lancashire Constabulary,Lancashire Constabulary,-2.651032,53.733893,On or near Goldcrest Drive,E01025402,South Ribble 008D,Vehicle crime,Investigation complete; no suspect identified,
9e413cfbe252b27604b5ad072903a8f748e0a104a2a12a8100089272deaa676f,2021-06,Lancashire Constabulary,Lancashire Constabulary,-2.654893,53.737503,On or near Charnley Court,E01025402,South Ribble 008D,Violence and sexual offences,Unable to prosecute suspect,
275813528e2bbac4701aa9e9aa75e49edcd9d17a1dac0772eb44938e844059c7,2021-06,Lancashire Constabulary,Lancashire Constabulary,-2.659830,53.737198,On or near School Street,E01025402,South Ribble 008D,Violence and sexual offences,Investigation complete; no suspect identified,
a7e139450a1506383f5f4c37e808bc468762717d14e52736d12b3951d707f162,2021-06,Lancashire Constabulary,Lancashire Constabulary,-2.659939,53.736397,On or near School Lane,E01025402,South Ribble 008D,Violence and sexual offences,Unable to prosecute suspect,
c058a79f013beaa61602289e3190c427fab09d6eb4eca908f4f032d332d2fb07,2021-06,Lancashire Constabulary,Lancashire Constabulary,-2.660266,53.736953,On or near Brandiforth Street,E01025402,South Ribble 008D,Violence and sexual offences,Unable to prosecute suspect,
d618d6e041856ea2e98db28a935970569958e1267be9629df4d2bc9c3f9bf05b,2021-06,Lancashire Constabulary,Lancashire Constabulary,-2.663269,53.735075,On or near Pear Tree Street,E01025402,South Ribble 008D,Violence and sexual offences,Status update unavailable,
590e6b634dd9707aecbbc567e7bd835919cc974ba4d48acd380eb541092477be,2021-06,Lancashire Constabulary,Lancashire Constabulary,-2.661242,53.735374,On or near St Aidans Park,E01025402,South Ribble 008D,Violence and sexual offences,Unable to prosecute suspect,
a98004b6009ef0ec25f8f2165dc3982759bc421cd33ceb4dae3cea2abb56e31b,2021-06,Lancashire Constabulary,Lancashire Constabulary,-2.659920,53.736128,On or near Ashworth Street,E01025402,South Ribble 008D,Violence and sexual offences,Unable to prosecute suspect,
1de2c332452259299f2382563c8d58a47c1139596776dc881b6a8712d0512b22,2021-06,Lancashire Constabulary,Lancashire Constabulary,-2.659920,53.736128,On or near Ashworth Street,E01025402,South Ribble 008D,Violence and sexual offences,Investigation complete; no suspect identified,
561a9af7531933bfd40880e47153ec8af174e12d1ab2e94e35b5cbd73f1ab77c,2021-06,Lancashire Constabulary,Lancashire Constabulary,-2.662033,53.735532,On or near St Aidan'S Road,E01025402,South Ribble 008D,Violence and sexual offences,Investigation complete; no suspect identified,
03fc03d341807053e9df8d42593d21f12e546cd9ff70007334ac5732e1333670,2021-06,Lancashire Constabulary,Lancashire Constabulary,-2.654893,53.737503,On or near Charnley Court,E01025402,South Ribble 008D,Violence and sexual offences,Further investigation is not in the public interest,
b995e095b8b53854a51f47a9ddda4f0acc886e129cf76f1dba0ad83d441660d9,2021-06,Lancashire Constabulary,Lancashire Constabulary,-2.654893,53.737503,On or near Charnley Court,E01025402,South Ribble 008D,Violence and sexual offences,Further investigation is not in the public interest,
e1780c84083327a81da457a805056875f6a93a94d360165908a0365b6d772e6a,2021-06,Lancashire Constabulary,Lancashire Constabulary,-2.658197,53.740370,On or near Fareham Close,E01025402,South Ribble 008D,Other crime,Status update unavailable,
,2021-06,Lancashire Constabulary,Lancashire Constabulary,-2.687305,53.721691,On or near Lostock Square,E01025442,South Ribble 009A,Anti-social behaviour,,
,2021-06,Lancashire Constabulary,Lancashire Constabulary,-2.687940,53.722514,On or near King Street,E01025442,South Ribble 009A,Anti-social behaviour,,
,2021-06,Lancashire Constabulary,Lancashire Constabulary,-2.691142,53.725525,On or near Hoghton Street,E01025442,South Ribble 009A,Anti-social behaviour,,
,2021-06,Lancashire Constabulary,Lancashire Constabulary,-2.685897,53.722688,On or near Pages Court,E01025442,South Ribble 009A,Anti-social behaviour,,
,2021-06,Lancashire Constabulary,Lancashire Constabulary,-2.689429,53.721823,On or near Princess Street,E01025442,South Ribble 009A,Anti-social behaviour,,
,2021-06,Lancashire Constabulary,Lancashire Constabulary,-2.690906,53.725041,On or near Lindley Street,E01025442,South Ribble 009A,Anti-social behaviour,,
,2021-06,Lancashire Constabulary,Lancashire Constabulary,-2.688041,53.722226,On or near Fairfield Street,E01025442,South Ribble 009A,Anti-social behaviour,,
,2021-06,Lancashire Constabulary,Lancashire Constabulary,-2.685897,53.722688,On or near Pages Court,E01025442,South Ribble 009A,Anti-social behaviour,,
,2021-06,Lancashire Constabulary,Lancashire Constabulary,-2.688857,53.722051,On or near Birtwistle Street,E01025442,South Ribble 009A,Anti-social behaviour,,
197499bae0e6d034a1dcbac02d0033bff73874fd402aa647789c9a7c0c306b49,2021-06,Lancashire Constabulary,Lancashire Constabulary,-2.688041,53.722226,On or near Fairfield Street,E01025442,South Ribble 009A,Criminal damage and arson,Investigation complete; no suspect identified,
327c2361da89e168f9ef5909d41c47b3657a31082258a8e79afd09f00b803fee,2021-06,Lancashire Constabulary,Lancashire Constabulary,-2.687305,53.721691,On or near Lostock Square,E01025442,South Ribble 009A,Possession of weapons,Unable to prosecute suspect,
c7d7a13d0993f73c769a82a182f3da2a0d755369e63da159e7160436086d3a98,2021-06,Lancashire Constabulary,Lancashire Constabulary,-2.685897,53.722688,On or near Pages Court,E01025442,South Ribble 009A,Public order,Awaiting court outcome,
e0e771e8658c376b037fc76534737156152a897b60090f1422b9d290f506f573,2021-06,Lancashire Constabulary,Lancashire Constabulary,-2.692224,53.725887,On or near Jubilee Road,E01025442,South Ribble 009A,Violence and sexual offences,Investigation complete; no suspect identified,
c2c8104558eb1d00460b640177263f06f84a3cfdb1b9cd8c6d865f50c52db39b,2021-06,Lancashire Constabulary,Lancashire Constabulary,-2.685897,53.722688,On or near Pages Court,E01025442,South Ribble 009A,Violence and sexual offences,Status update unavailable,
c8bcb9091a1c75d1bab0852e4022442c758563aa0d50ba71d0d7b953028b6d3e,2021-06,Lancashire Constabulary,Lancashire Constabulary,-2.690418,53.724810,On or near Victoria Street,E01025442,South Ribble 009A,Violence and sexual offences,Further investigation is not in the public interest,
7713bf5dcfa8c69be83daf5f74937b7d8298b1efc9a3f06eecfce1c194625d1f,2021-06,Lancashire Constabulary,Lancashire Constabulary,-2.687305,53.721691,On or near Lostock Square,E01025442,South Ribble 009A,Violence and sexual offences,Unable to prosecute suspect,
e772d370b81c9c1cc68b97aa0b1aed0f011888eaf36ae6e365b3fbc54d031d82,2021-06,Lancashire Constabulary,Lancashire Constabulary,-2.690906,53.725041,On or near Lindley Street,E01025442,South Ribble 009A,Violence and sexual offences,Unable to prosecute suspect,
0ee7aa69a8552a27ce901b231b735f1d06ae50d5e1a5cb56670cb0dce9e8f429,2021-06,Lancashire Constabulary,Lancashire Constabulary,-2.692224,53.725887,On or near Jubilee Road,E01025442,South Ribble 009A,Violence and sexual offences,Investigation complete; no suspect identified,
37287134fd2c99ef416632abf620235c96471f49d65144f928fb06aa84d20200,2021-06,Lancashire Constabulary,Lancashire Constabulary,-2.692224,53.725887,On or near Jubilee Road,E01025442,South Ribble 009A,Violence and sexual offences,Unable to prosecute suspect,
4f2e83e9f61d795c35e8926840464d0f4a421d1da386623ef4840a247996d4c6,2021-06,Lancashire Constabulary,Lancashire Constabulary,-2.692224,53.725887,On or near Jubilee Road,E01025442,South Ribble 009A,Violence and sexual offences,Unable to prosecute suspect,
877bb798789ac43f3c8ee0f1e5e3746ef83411346e2adafd93f60a6edada0f13,2021-06,Lancashire Constabulary,Lancashire Constabulary,-2.692224,53.725887,On or near Jubilee Road,E01025442,South Ribble 009A,Violence and sexual offences,Unable to prosecute suspect,
,2021-06,Lancashire Constabulary,Lancashire Constabulary,-2.681307,53.726534,On or near Bridge Road,E01025443,South Ribble 009B,Anti-social behaviour,,
,2021-06,Lancashire Constabulary,Lancashire Constabulary,-2.673516,53.723648,On or near London Way,E01025443,South Ribble 009B,Anti-social behaviour,,
,2021-06,Lancashire Constabulary,Lancashire Constabulary,-2.681114,53.723992,On or near Todd Lane South,E01025443,South Ribble 009B,Anti-social behaviour,,
d78ee91d0b097ea9658e3db677560f309647810fc7fe885c62e8a4b7febc6baf,2021-06,Lancashire Constabulary,Lancashire Constabulary,-2.681114,53.723992,On or near Todd Lane South,E01025443,South Ribble 009B,Public order,Unable to prosecute suspect,
623c5e2a4ecb3a27515a8a0e3c6cca650b2a8dad01f65ff7ada1517ef0c2f384,2021-06,Lancashire Constabulary,Lancashire Constabulary,-2.682241,53.727167,On or near Petrol Station,E01025443,South Ribble 009B,Shoplifting,Status update unavailable,
,2021-06,Lancashire Constabulary,Lancashire Constabulary,-2.685883,53.725582,On or near Maureen Avenue,E01025444,South Ribble 009C,Anti-social behaviour,,
,2021-06,Lancashire Constabulary,Lancashire Constabulary,-2.683665,53.726170,On or near Rosemeade Avenue,E01025444,South Ribble 009C,Anti-social behaviour,,
,2021-06,Lancashire Constabulary,Lancashire Constabulary,-2.684248,53.722886,On or near Albrighton Crescent,E01025444,South Ribble 009C,Anti-social behaviour,,
,2021-06,Lancashire Constabulary,Lancashire Constabulary,-2.684248,53.722886,On or near Albrighton Crescent,E01025444,South Ribble 009C,Anti-social behaviour,,
71754f8252198b323b646f7d4d23825be1f77af5be01f17324741781dbc628dc,2021-06,Lancashire Constabulary,Lancashire Constabulary,-2.688257,53.726144,On or near Avondale Drive,E01025444,South Ribble 009C,Robbery,Status update unavailable,
ade04b867eb9171da9984f335ed943bae4807101a6ab199b228541e3224fffe7,2021-06,Lancashire Constabulary,Lancashire Constabulary,-2.688257,53.726144,On or near Avondale Drive,E01025444,South Ribble 009C,Violence and sexual offences,Further investigation is not in the public interest,
eb3267227a46051f5df221f585a3c24978f788b60929d6c76a51553c4421637d,2021-06,Lancashire Constabulary,Lancashire Constabulary,-2.679374,53.733601,On or near Lyndale Grove,E01025461,South Ribble 009D,Violence and sexual offences,Unable to prosecute suspect,
,2021-06,Lancashire Constabulary,Lancashire Constabulary,-2.683215,53.731116,On or near Glendale Crescent,E01025462,South Ribble 009E,Anti-social behaviour,,
,2021-06,Lancashire Constabulary,Lancashire Constabulary,-2.690701,53.728251,On or near Sports/Recreation Area,E01025462,South Ribble 009E,Anti-social behaviour,,
,2021-06,Lancashire Constabulary,Lancashire Constabulary,-2.693334,53.728874,On or near Lourdes Avenue,E01025462,South Ribble 009E,Anti-social behaviour,,
,2021-06,Lancashire Constabulary,Lancashire Constabulary,-2.689312,53.731315,On or near Watering Pool Lane,E01025462,South Ribble 009E,Anti-social behaviour,,
,2021-06,Lancashire Constabulary,Lancashire Constabulary,-2.690680,53.730660,On or near New Road,E01025462,South Ribble 009E,Anti-social behaviour,,
,2021-06,Lancashire Constabulary,Lancashire Constabulary,-2.692215,53.730894,On or near Ampleforth Drive,E01025462,South Ribble 009E,Anti-social behaviour,,
f294e6ea2d221a4e0c3ac14a6ed18d7358fef501369a9987983a69063c2029fd,2021-06,Lancashire Constabulary,Lancashire Constabulary,-2.683215,53.731116,On or near Glendale Crescent,E01025462,South Ribble 009E,Public order,Unable to prosecute suspect,
2d495286f2cb43f498da185b2537bd0af8938324d295cabea2114d751915cafc,2021-06,Lancashire Constabulary,Lancashire Constabulary,-2.683215,53.731116,On or near Glendale Crescent,E01025462,South Ribble 009E,Violence and sexual offences,Status update unavailable,
8d4bc3df7c7e0d75d8b35dbf1f04006578dbf4c18ec60f574718652ee92539a7,2021-06,Lancashire Constabulary,Lancashire Constabulary,-2.691305,53.728985,On or near St Gerrard'S Road,E01025462,South Ribble 009E,Violence and sexual offences,Unable to prosecute suspect,
5285794323d8400792d01f8e2adca4e38551a0fba82d59c1cfbd52d938980361,2021-06,Lancashire Constabulary,Lancashire Constabulary,-2.685641,53.727453,On or near Brownedge Road,E01025462,South Ribble 009E,Violence and sexual offences,Status update unavailable,
,2021-06,Lancashire Constabulary,Lancashire Constabulary,-2.771594,53.731559,On or near Redhill,E01025439,South Ribble 010A,Anti-social behaviour,,
4a62a3b26df042c5687530183735f55d10b06669e29330d090984515f1b9748b,2021-06,Lancashire Constabulary,Lancashire Constabulary,-2.780324,53.727413,On or near Blackhurst Court,E01025439,South Ribble 010A,Shoplifting,Status update unavailable,
dc87751eecafb767fa150dcbf6bbca30fc3e55ab283c57fdb15ed858fcc0d9ba,2021-06,Lancashire Constabulary,Lancashire Constabulary,-2.776162,53.726074,On or near Avalwood Avenue,E01025439,South Ribble 010A,Violence and sexual offences,Unable to prosecute suspect,
,2021-06,Lancashire Constabulary,Lancashire Constabulary,-2.759616,53.732202,On or near Longton By-Pass,E01025453,South Ribble 010B,Anti-social behaviour,,
,2021-06,Lancashire Constabulary,Lancashire Constabulary,-2.764256,53.731463,On or near Moor Lane,E01025453,South Ribble 010B,Anti-social behaviour,,
,2021-06,Lancashire Constabulary,Lancashire Constabulary,-2.759616,53.732202,On or near Longton By-Pass,E01025453,South Ribble 010B,Anti-social behaviour,,
,2021-06,Lancashire Constabulary,Lancashire Constabulary,-2.759616,53.732202,On or near Longton By-Pass,E01025453,South Ribble 010B,Anti-social behaviour,,
,2021-06,Lancashire Constabulary,Lancashire Constabulary,-2.729454,53.729756,On or near Pope Lane,E01025453,South Ribble 010B,Anti-social behaviour,,
,2021-06,Lancashire Constabulary,Lancashire Constabulary,-2.759616,53.732202,On or near Longton By-Pass,E01025453,South Ribble 010B,Anti-social behaviour,,
,2021-06,Lancashire Constabulary,Lancashire Constabulary,-2.759616,53.732202,On or near Longton By-Pass,E01025453,South Ribble 010B,Anti-social behaviour,,
,2021-06,Lancashire Constabulary,Lancashire Constabulary,-2.759616,53.732202,On or near Longton By-Pass,E01025453,South Ribble 010B,Anti-social behaviour,,
,2021-06,Lancashire Constabulary,Lancashire Constabulary,-2.759616,53.732202,On or near Longton By-Pass,E01025453,South Ribble 010B,Anti-social behaviour,,
,2021-06,Lancashire Constabulary,Lancashire Constabulary,-2.757018,53.727662,On or near Saunders' Lane,E01025453,South Ribble 010B,Anti-social behaviour,,
,2021-06,Lancashire Constabulary,Lancashire Constabulary,-2.759616,53.732202,On or near Longton By-Pass,E01025453,South Ribble 010B,Anti-social behaviour,,
,2021-06,Lancashire Constabulary,Lancashire Constabulary,-2.759616,53.732202,On or near Longton By-Pass,E01025453,South Ribble 010B,Anti-social behaviour,,
,2021-06,Lancashire Constabulary,Lancashire Constabulary,-2.759616,53.732202,On or near Longton By-Pass,E01025453,South Ribble 010B,Anti-social behaviour,,
,2021-06,Lancashire Constabulary,Lancashire Constabulary,-2.759616,53.732202,On or near Longton By-Pass,E01025453,South Ribble 010B,Anti-social behaviour,,
,2021-06,Lancashire Constabulary,Lancashire Constabulary,-2.755790,53.736954,On or near Liverpool Road,E01025453,South Ribble 010B,Anti-social behaviour,,
,2021-06,Lancashire Constabulary,Lancashire Constabulary,-2.759616,53.732202,On or near Longton By-Pass,E01025453,South Ribble 010B,Anti-social behaviour,,
,2021-06,Lancashire Constabulary,Lancashire Constabulary,-2.759616,53.732202,On or near Longton By-Pass,E01025453,South Ribble 010B,Anti-social behaviour,,
fed946bf28f729f74f9dac434531ee1dbc11253c89f53af6b54ded4a16fe03dd,2021-06,Lancashire Constabulary,Lancashire Constabulary,-2.754755,53.735019,On or near Lindle Avenue,E01025453,South Ribble 010B,Bicycle theft,Investigation complete; no suspect identified,
6b6dc78c09dee12c51d6d36962ad74c28e71f3513d745b4bdef892a92496424c,2021-06,Lancashire Constabulary,Lancashire Constabulary,-2.757018,53.727662,On or near Saunders' Lane,E01025453,South Ribble 010B,Criminal damage and arson,Status update unavailable,
683fb50af6b3ce68deef03bc0d6fe6f7d173e21fc63cc506482d8baa72aef8ef,2021-06,Lancashire Constabulary,Lancashire Constabulary,-2.755790,53.736954,On or near Liverpool Road,E01025453,South Ribble 010B,Possession of weapons,Court result unavailable,
2d781e5f965e30894e4a9d9e3687facfe8bcdf5b3b1bff3cef3c5e4dc8ff381e,2021-06,Lancashire Constabulary,Lancashire Constabulary,-2.761067,53.735330,On or near Anchor Drive,E01025453,South Ribble 010B,Possession of weapons,Status update unavailable,
4e3f37e5cdea0da9985f63050dfac7da50ed307da6799265597f1b7fe7e1f486,2021-06,Lancashire Constabulary,Lancashire Constabulary,-2.761067,53.735330,On or near Anchor Drive,E01025453,South Ribble 010B,Possession of weapons,Status update unavailable,
9d4cc11557ca8b588e3f01c1d35847a6db366f63729f99c492701312f915d0ea,2021-06,Lancashire Constabulary,Lancashire Constabulary,-2.757018,53.727662,On or near Saunders' Lane,E01025453,South Ribble 010B,Vehicle crime,Investigation complete; no suspect identified,
5441ff5cf257d2f981fe09ba0bc73a5703384cb8dce0113a6d4660998035b962,2021-06,Lancashire Constabulary,Lancashire Constabulary,-2.761067,53.735330,On or near Anchor Drive,E01025453,South Ribble 010B,Violence and sexual offences,Unable to prosecute suspect,
b1352581d6aea0766abee7dae800a24901f2d61901bc19c5cded8e18e88b8038,2021-06,Lancashire Constabulary,Lancashire Constabulary,-2.757018,53.727662,On or near Saunders' Lane,E01025453,South Ribble 010B,Violence and sexual offences,Court result unavailable,
2be898570875164abedd4ca3af4e1e90affbcff62a9d9ac823e2f68059b0294a,2021-06,Lancashire Constabulary,Lancashire Constabulary,-2.731026,53.733027,On or near Broad Oak Lane,E01025453,South Ribble 010B,Violence and sexual offences,Unable to prosecute suspect,
da4c0353bceb27a15706db6f0ec291f33443c441e941120bb2601f241640b91c,2021-06,Lancashire Constabulary,Lancashire Constabulary,-2.731026,53.733027,On or near Broad Oak Lane,E01025453,South Ribble 010B,Violence and sexual offences,Status update unavailable,
44df538b960819d743fb0d37f8f5231980aed67f2a3f3bf1d925c659aaedc0b5,2021-06,Lancashire Constabulary,Lancashire Constabulary,-2.757018,53.727662,On or near Saunders' Lane,E01025453,South Ribble 010B,Violence and sexual offences,Investigation complete; no suspect identified,
9573f5000b40cddd8bd37f2a3ee0ea7dbb9af9dace6b6e088b56c8252e2db863,2021-06,Lancashire Constabulary,Lancashire Constabulary,-2.757018,53.727662,On or near Saunders' Lane,E01025453,South Ribble 010B,Other crime,Court result unavailable,
d59e512c2c69ab61caab2d021c6ead483902dcf117377facc9eecc0169d89f5e,2021-06,Lancashire Constabulary,Lancashire Constabulary,-2.757018,53.727662,On or near Saunders' Lane,E01025453,South Ribble 010B,Other crime,Further investigation is not in the public interest,
8967caf15a37747d5a6f0ffab3ce2b87caa904d2fcdd03b5dd53597ce9743176,2021-06,Lancashire Constabulary,Lancashire Constabulary,-2.757018,53.727662,On or near Saunders' Lane,E01025453,South Ribble 010B,Other crime,Court result unavailable,
,2021-06,Lancashire Constabulary,Lancashire Constabulary,-2.746519,53.725346,On or near Dickson Hey,E01025454,South Ribble 010C,Anti-social behaviour,,
,2021-06,Lancashire Constabulary,Lancashire Constabulary,-2.745610,53.727113,On or near The Cedars,E01025454,South Ribble 010C,Anti-social behaviour,,
b0cb5a93d47a15dd6faed96ca868a2d310c5fe2b1a4222a5ff7bef1cd0f903d1,2021-06,Lancashire Constabulary,Lancashire Constabulary,-2.751168,53.725973,On or near South Avenue,E01025454,South Ribble 010C,Burglary,Investigation complete; no suspect identified,
dc52b39eef11cd4f8c5489ab9a474e09b3273beb645c074c30cfe09f7d63f2d4,2021-06,Lancashire Constabulary,Lancashire Constabulary,-2.740706,53.722308,On or near Orchard Avenue,E01025454,South Ribble 010C,Drugs,Unable to prosecute suspect,
211ef7f2e3da5e3c52232fe285614a1156a2d15df94b58600de52ba400890f46,2021-06,Lancashire Constabulary,Lancashire Constabulary,-2.740706,53.722308,On or near Orchard Avenue,E01025454,South Ribble 010C,Possession of weapons,Status update unavailable,
263bc5fc067cd60f9ebd941f37adf754ca6dc5d72484cc4943ca8cf031a84647,2021-06,Lancashire Constabulary,Lancashire Constabulary,-2.734504,53.726462,On or near Cage Lane,E01025454,South Ribble 010C,Possession of weapons,Formal action is not in the public interest,
450c693ceb0bf6e501ae9bafbf4612bebeecd08115cf508455970dda3ecfd0b9,2021-06,Lancashire Constabulary,Lancashire Constabulary,-2.740706,53.722308,On or near Orchard Avenue,E01025454,South Ribble 010C,Public order,Unable to prosecute suspect,
bb4d62b78c5e23cc061fc1c03bdd8e986b32d31654e9af30ce4699a349e150f8,2021-06,Lancashire Constabulary,Lancashire Constabulary,-2.741571,53.722365,On or near Wham Hey,E01025454,South Ribble 010C,Public order,Investigation complete; no suspect identified,
67a4663baa30f803281aeee923ff7242bc1c9b440514e880c20f7916beb60e83,2021-06,Lancashire Constabulary,Lancashire Constabulary,-2.742888,53.727471,On or near Sandringham Park Drive,E01025454,South Ribble 010C,Vehicle crime,Investigation complete; no suspect identified,
208f95e4e1fa6d0ef6852b49c00eedc615155f597edf5ffe657a7348e4766c87,2021-06,Lancashire Constabulary,Lancashire Constabulary,-2.745233,53.724652,On or near Station Road,E01025454,South Ribble 010C,Vehicle crime,Investigation complete; no suspect identified,
f4d1b8a21751a94da396fc0551bc24668c40b61864349ce6adae042dc8f72da8,2021-06,Lancashire Constabulary,Lancashire Constabulary,-2.734504,53.726462,On or near Cage Lane,E01025454,South Ribble 010C,Violence and sexual offences,Unable to prosecute suspect,
,2021-06,Lancashire Constabulary,Lancashire Constabulary,-2.744220,53.717927,On or near Long Moss Meadows,E01025455,South Ribble 010D,Anti-social behaviour,,
48a0af55fe3d62bcef1ec47af1c8e812033f87e7ddb6256175da40fc3b9c3bd3,2021-06,Lancashire Constabulary,Lancashire Constabulary,-2.743545,53.717454,On or near Long Moss Lane,E01025455,South Ribble 010D,Criminal damage and arson,Investigation complete; no suspect identified,
6d423e0ad7dd80f2058e558bfa0751bc846ee77db0e7dfed6fd14261f017b186,2021-06,Lancashire Constabulary,Lancashire Constabulary,-2.743691,53.723161,On or near Moor Field,E01025455,South Ribble 010D,Criminal damage and arson,Status update unavailable,
41a6db9094823b4adb5993708c983e17dcd55dd047dc537601637e1128db7fcd,2021-06,Lancashire Constabulary,Lancashire Constabulary,-2.743545,53.717454,On or near Long Moss Lane,E01025455,South Ribble 010D,Criminal damage and arson,Unable to prosecute suspect,
96112bd90036f679c8f929bec1d5e8a4df2983ca35d01584facfdc3616d954be,2021-06,Lancashire Constabulary,Lancashire Constabulary,-2.764091,53.724884,On or near Chapel Lane,E01025455,South Ribble 010D,Vehicle crime,Investigation complete; no suspect identified,
7b458c33b0cc77970f645a9e2c51d7dbc78542d6ba089885921f9d6238cce726,2021-06,Lancashire Constabulary,Lancashire Constabulary,-2.744439,53.719139,On or near Mossway,E01025455,South Ribble 010D,Violence and sexual offences,Unable to prosecute suspect,
741586445b3f0be8881a47d9add625b66f1c6b9289105c893944171facf28826,2021-06,Lancashire Constabulary,Lancashire Constabulary,-2.744439,53.719139,On or near Mossway,E01025455,South Ribble 010D,Violence and sexual offences,Unable to prosecute suspect,
01a5e69693f7d227957f35be1ed258570e1d9664c3f4574783a86c7548f6b283,2021-06,Lancashire Constabulary,Lancashire Constabulary,-2.743691,53.723161,On or near Moor Field,E01025455,South Ribble 010D,Violence and sexual offences,Unable to prosecute suspect,
,2021-06,Lancashire Constabulary,Lancashire Constabulary,-2.799166,53.699515,On or near Windgate,E01025436,South Ribble 011A,Anti-social behaviour,,
,2021-06,Lancashire Constabulary,Lancashire Constabulary,-2.805048,53.698217,On or near Turnpike Close,E01025436,South Ribble 011A,Anti-social behaviour,,
,2021-06,Lancashire Constabulary,Lancashire Constabulary,-2.802733,53.699105,On or near Park Avenue,E01025436,South Ribble 011A,Anti-social behaviour,,
,2021-06,Lancashire Constabulary,Lancashire Constabulary,-2.802733,53.699105,On or near Park Avenue,E01025436,South Ribble 011A,Anti-social behaviour,,
,2021-06,Lancashire Constabulary,Lancashire Constabulary,-2.800186,53.706204,On or near Brook Lane,E01025436,South Ribble 011A,Anti-social behaviour,,
,2021-06,Lancashire Constabulary,Lancashire Constabulary,-2.802733,53.699105,On or near Park Avenue,E01025436,South Ribble 011A,Anti-social behaviour,,
,2021-06,Lancashire Constabulary,Lancashire Constabulary,-2.792613,53.709518,On or near Petrol Station,E01025436,South Ribble 011A,Anti-social behaviour,,
3e2840b9e001662337ab976c5795998e7da82f2a220fb117fab52df74a178048,2021-06,Lancashire Constabulary,Lancashire Constabulary,-2.802733,53.699105,On or near Park Avenue,E01025436,South Ribble 011A,Burglary,Investigation complete; no suspect identified,
f9a9ea6de3aadcb07f4e19593a40ad51490814a2f431c45e5c704c60636ab6bc,2021-06,Lancashire Constabulary,Lancashire Constabulary,-2.802733,53.699105,On or near Park Avenue,E01025436,South Ribble 011A,Other theft,Unable to prosecute suspect,
d30664246d680b07a0fb729df859eb894d645340f6442e59c623957867dac4c8,2021-06,Lancashire Constabulary,Lancashire Constabulary,-2.801289,53.702862,On or near Horrocks Fold,E01025436,South Ribble 011A,Public order,Status update unavailable,
ca5a8db5a2488554ce7ec00a5a16ab47474b1841ff379224c7abf6110ff163ea,2021-06,Lancashire Constabulary,Lancashire Constabulary,-2.809972,53.706175,On or near Park/Open Space,E01025436,South Ribble 011A,Vehicle crime,Investigation complete; no suspect identified,
bd8e3be24d0eb5eee34d6abdf829ba92dfde99747ae15a1b591f4f79deb4ad4d,2021-06,Lancashire Constabulary,Lancashire Constabulary,-2.802733,53.699105,On or near Park Avenue,E01025436,South Ribble 011A,Violence and sexual offences,Unable to prosecute suspect,
07e9fbe3d099d0ecac2975abfd344f4d58e1f4548aa300f86a3c728a8db9ec80,2021-06,Lancashire Constabulary,Lancashire Constabulary,-2.805993,53.696153,On or near Town Lane,E01025436,South Ribble 011A,Violence and sexual offences,Status update unavailable,
807f6ddabb797108eb538a455c28a36a9149234a52e13f5a30c88793e4b68609,2021-06,Lancashire Constabulary,Lancashire Constabulary,-2.794927,53.706878,On or near A59,E01025436,South Ribble 011A,Violence and sexual offences,Unable to prosecute suspect,
90676d5986a3bb60ee07fcf1e5bfe9fa6ed935b14cd42b6a2cef616ee733cc8d,2021-06,Lancashire Constabulary,Lancashire Constabulary,-2.809972,53.706175,On or near Park/Open Space,E01025436,South Ribble 011A,Violence and sexual offences,Unable to prosecute suspect,
,2021-06,Lancashire Constabulary,Lancashire Constabulary,-2.790119,53.715466,On or near Tranmoor,E01025437,South Ribble 011B,Anti-social behaviour,,
ecd4f2c7dca38c64bbdf6393898a15194cb66625015faac20100daec11636f74,2021-06,Lancashire Constabulary,Lancashire Constabulary,-2.790752,53.711220,On or near School Street,E01025437,South Ribble 011B,Violence and sexual offences,Status update unavailable,
1df0b58e2d8d6fdc70e003edb76c6a3feec37e040da35c860c6721f16f1a4999,2021-06,Lancashire Constabulary,Lancashire Constabulary,-2.789146,53.714484,On or near North Meadowside,E01025437,South Ribble 011B,Other crime,Status update unavailable,
,2021-06,Lancashire Constabulary,Lancashire Constabulary,-2.792991,53.727168,On or near Aspendale Close,E01025438,South Ribble 011C,Anti-social behaviour,,
,2021-06,Lancashire Constabulary,Lancashire Constabulary,-2.811385,53.728411,On or near Grange Lane,E01025438,South Ribble 011C,Anti-social behaviour,,
e6dc8ed725fef1027a957a0fa276386b6c04eb04ef8deddc411570ad942acf65,2021-06,Lancashire Constabulary,Lancashire Constabulary,-2.792967,53.724283,On or near Birkdale Close,E01025438,South Ribble 011C,Criminal damage and arson,Investigation complete; no suspect identified,
36a97fa5b1805707d460f05467cdcff061cc136de9491f168fc1919a4a0dc519,2021-06,Lancashire Constabulary,Lancashire Constabulary,-2.797372,53.724029,On or near Dale Avenue,E01025438,South Ribble 011C,Other theft,Investigation complete; no suspect identified,
75f53fe573ce2e5a6e33f199cfb76efa25e683a254a087da4452bb72e5636522,2021-06,Lancashire Constabulary,Lancashire Constabulary,-2.811385,53.728411,On or near Grange Lane,E01025438,South Ribble 011C,Other theft,Unable to prosecute suspect,
58700562405cc3564956ab49c2b349d8b85b7fcd0e5724fa31ee2261dbbb074e,2021-06,Lancashire Constabulary,Lancashire Constabulary,-2.792903,53.724095,On or near Birkdale Avenue,E01025438,South Ribble 011C,Vehicle crime,Investigation complete; no suspect identified,
0dcd678166ef4d225f5e9e7d7e819f8d6abc22df9081ad1028dd313153e15245,2021-06,Lancashire Constabulary,Lancashire Constabulary,-2.790150,53.727618,On or near Meadoway,E01025440,South Ribble 011D,Vehicle crime,Investigation complete; no suspect identified,
,2021-06,Lancashire Constabulary,Lancashire Constabulary,-2.783323,53.727286,On or near Franklands Fold,E01025441,South Ribble 011E,Anti-social behaviour,,
,2021-06,Lancashire Constabulary,Lancashire Constabulary,-2.786011,53.727583,On or near East Square,E01025441,South Ribble 011E,Anti-social behaviour,,
8af45be5ee275742e2237680a91392b889236dcc4b378753c19bdb8501de9f0c,2021-06,Lancashire Constabulary,Lancashire Constabulary,-2.786011,53.727583,On or near East Square,E01025441,South Ribble 011E,Burglary,Investigation complete; no suspect identified,
363f6557d969b97b3b8321b105200af3dfeb3bfc99c771941876adb96fd16d9f,2021-06,Lancashire Constabulary,Lancashire Constabulary,-2.783323,53.727286,On or near Franklands Fold,E01025441,South Ribble 011E,Shoplifting,Unable to prosecute suspect,
9bcaa921f3f408822165503a19782f6ad7f48bc4d8c0a32ab359f3dff3f85d9d,2021-06,Lancashire Constabulary,Lancashire Constabulary,-2.783820,53.727903,On or near Gorse Grove,E01025441,South Ribble 011E,Shoplifting,Investigation complete; no suspect identified,
1921b0551acb7756c84c47682f3c8720bc1e6bf2a6ea9361f49635f5d0e0898b,2021-06,Lancashire Constabulary,Lancashire Constabulary,-2.790362,53.725190,On or near Tuson Croft,E01025441,South Ribble 011E,Vehicle crime,Investigation complete; no suspect identified,
3025efe32bf2c7b64f57d943ea69b81ae2acde534fa9e9b57fe484f5ad2a327f,2021-06,Lancashire Constabulary,Lancashire Constabulary,-2.780582,53.725794,On or near Pendlebury Close,E01025441,South Ribble 011E,Vehicle crime,Investigation complete; no suspect identified,
bdb1f6b778795ee5fab8994045d191ac51b4f685c8d7e6fc8150c1ee107d06d4,2021-06,Lancashire Constabulary,Lancashire Constabulary,-2.784467,53.726047,On or near Pinfold,E01025441,South Ribble 011E,Vehicle crime,Investigation complete; no suspect identified,
84552f0927459d01b267cc48a8b32cf8e9a854673da042510131698a5b2981c1,2021-06,Lancashire Constabulary,Lancashire Constabulary,-2.790497,53.720273,On or near Mereside Close,E01025441,South Ribble 011E,Violence and sexual offences,Further investigation is not in the public interest,
13c39546e7c21499150f09c4a2627d9cd0f1acb8574b86d1c6fcee2ed5e4c25a,2021-06,Lancashire Constabulary,Lancashire Constabulary,-2.785621,53.728583,On or near Long Croft,E01025441,South Ribble 011E,Violence and sexual offences,Unable to prosecute suspect,
,2021-06,Lancashire Constabulary,Lancashire Constabulary,-2.669307,53.721047,On or near Lostock Lane,E01025417,South Ribble 012A,Anti-social behaviour,,
,2021-06,Lancashire Constabulary,Lancashire Constabulary,-2.669307,53.721047,On or near Lostock Lane,E01025417,South Ribble 012A,Anti-social behaviour,,
,2021-06,Lancashire Constabulary,Lancashire Constabulary,-2.669197,53.712221,On or near M6,E01025417,South Ribble 012A,Anti-social behaviour,,
,2021-06,Lancashire Constabulary,Lancashire Constabulary,-2.678621,53.706569,On or near Bristol Avenue,E01025417,South Ribble 012A,Anti-social behaviour,,
,2021-06,Lancashire Constabulary,Lancashire Constabulary,-2.669307,53.721047,On or near Lostock Lane,E01025417,South Ribble 012A,Anti-social behaviour,,
,2021-06,Lancashire Constabulary,Lancashire Constabulary,-2.682163,53.704553,On or near Stevenson Avenue,E01025417,South Ribble 012A,Anti-social behaviour,,
c6e331b49d8ac11f546bbda5328aa7e996b9916a86ef9aee4f12c03d4c70678c,2021-06,Lancashire Constabulary,Lancashire Constabulary,-2.680267,53.703422,On or near Lever House Lane,E01025417,South Ribble 012A,Bicycle theft,Status update unavailable,
66d80a50032e4244c3a713bb7e84c9a94a8b95e4b38344a2f5957ec4a77dcf7b,2021-06,Lancashire Constabulary,Lancashire Constabulary,-2.680267,53.703422,On or near Lever House Lane,E01025417,South Ribble 012A,Bicycle theft,Status update unavailable,
aca0c92c987538f27f834582981bf002342fc34e07ad435a25a15097981cf8ec,2021-06,Lancashire Constabulary,Lancashire Constabulary,-2.679887,53.706175,On or near St Judes Avenue,E01025417,South Ribble 012A,Criminal damage and arson,Investigation complete; no suspect identified,
aa471bd6d724af8e9a0e100f96e4524796d72b3d3c49020608e285131b89797b,2021-06,Lancashire Constabulary,Lancashire Constabulary,-2.669307,53.721047,On or near Lostock Lane,E01025417,South Ribble 012A,Criminal damage and arson,Unable to prosecute suspect,
2ee23d1834c351d7463864a3354880ef7fd39b0e24dba89fc8fc1feb4732dc2e,2021-06,Lancashire Constabulary,Lancashire Constabulary,-2.669307,53.721047,On or near Lostock Lane,E01025417,South Ribble 012A,Possession of weapons,Court result unavailable,
446ae13e1d5cb94705c9294901b5e604e7ec28e1063113bde080ef9dc8bfcb16,2021-06,Lancashire Constabulary,Lancashire Constabulary,-2.678621,53.706569,On or near Bristol Avenue,E01025417,South Ribble 012A,Public order,Further investigation is not in the public interest,
49d45b125e38354c6e2a663eadd62252c8b0ea3b71623ce405846dc6f15ce6ca,2021-06,Lancashire Constabulary,Lancashire Constabulary,-2.686344,53.702651,On or near Mill Street,E01025417,South Ribble 012A,Violence and sexual offences,Unable to prosecute suspect,
1b2ef77e140f83b562baf16eb6d1dd105dd2c4a38567147f95429c3d0b228c4b,2021-06,Lancashire Constabulary,Lancashire Constabulary,-2.669307,53.721047,On or near Lostock Lane,E01025417,South Ribble 012A,Violence and sexual offences,Court result unavailable,
a3e4a4b835c4020abc51c3d7bc26d0ccac5b8fa7be0c8081b5724c90de9c507c,2021-06,Lancashire Constabulary,Lancashire Constabulary,-2.669307,53.721047,On or near Lostock Lane,E01025417,South Ribble 012A,Violence and sexual offences,Unable to prosecute suspect,
440aa5edbad388aad4e8afc08468e5f5b67542102c649517050cef99bd5ae9c8,2021-06,Lancashire Constabulary,Lancashire Constabulary,-2.678621,53.706569,On or near Bristol Avenue,E01025417,South Ribble 012A,Violence and sexual offences,Unable to prosecute suspect,
01091dd8dcb5a2b93a3c6b0ab445e80605c204c4b09d4a37e06a35786ea8c162,2021-06,Lancashire Constabulary,Lancashire Constabulary,-2.682163,53.704553,On or near Stevenson Avenue,E01025417,South Ribble 012A,Violence and sexual offences,Unable to prosecute suspect,
d178778ded274f5c3b31e6b173f691a1f82fc0f81d24e92df492f09fd261437a,2021-06,Lancashire Constabulary,Lancashire Constabulary,-2.669307,53.721047,On or near Lostock Lane,E01025417,South Ribble 012A,Violence and sexual offences,Status update unavailable,
24b0fa404a2f80b00f7681a343d0493407540127c6604e66505ba69beb3ffef0,2021-06,Lancashire Constabulary,Lancashire Constabulary,-2.669307,53.721047,On or near Lostock Lane,E01025417,South Ribble 012A,Violence and sexual offences,Court result unavailable,
390688ff7003b6fc8a2aed4d4f01259371c6348fc34a711216153c142b1c537a,2021-06,Lancashire Constabulary,Lancashire Constabulary,-2.686169,53.703074,On or near Bashall Grove,E01025417,South Ribble 012A,Violence and sexual offences,Status update unavailable,
d1f3bf6ef910af3f51b852247a04127e7e9a727324c03ff9ad4ab1c4b8a154ea,2021-06,Lancashire Constabulary,Lancashire Constabulary,-2.682163,53.704553,On or near Stevenson Avenue,E01025417,South Ribble 012A,Violence and sexual offences,Unable to prosecute suspect,
7aa3ad593ae94fc346255c7eae820b987bc4652a7da2e1d10b7831974db3129d,2021-06,Lancashire Constabulary,Lancashire Constabulary,-2.680267,53.703422,On or near Lever House Lane,E01025417,South Ribble 012A,Violence and sexual offences,Status update unavailable,
61f97a8db8c059ddc17753b1e5366e71e0e696b700d4b6151bc5e1177cfbb3e1,2021-06,Lancashire Constabulary,Lancashire Constabulary,-2.686344,53.702651,On or near Mill Street,E01025417,South Ribble 012A,Violence and sexual offences,Unable to prosecute suspect,
4c9754fedb533d0d8261846e8c74ff4156ac07ca831629991480487d75dc83d0,2021-06,Lancashire Constabulary,Lancashire Constabulary,-2.686344,53.702651,On or near Mill Street,E01025417,South Ribble 012A,Violence and sexual offences,Unable to prosecute suspect,
6b2e3390a92fd05ee527890d905604b912356e3c20e35051874e391e951cd3a4,2021-06,Lancashire Constabulary,Lancashire Constabulary,-2.669307,53.721047,On or near Lostock Lane,E01025417,South Ribble 012A,Violence and sexual offences,Status update unavailable,
957c4511f7e5d39eecfe93201635013cc6c580ae95efd6779a512bbb0bfe4ccf,2021-06,Lancashire Constabulary,Lancashire Constabulary,-2.685120,53.701930,On or near Rose Street,E01025418,South Ribble 012B,Bicycle theft,Investigation complete; no suspect identified,
2d51341f0968c1f9f0f05bd19d5acb8050f54acc4b10f1b77383283893082403,2021-06,Lancashire Constabulary,Lancashire Constabulary,-2.682367,53.704048,On or near Gloucester Avenue,E01025418,South Ribble 012B,Criminal damage and arson,Unable to prosecute suspect,
3719c83c2d8f8237c92e6035ad9762aba5267f616d51aa394ad935cea501245c,2021-06,Lancashire Constabulary,Lancashire Constabulary,-2.683204,53.700520,On or near The Square,E01025418,South Ribble 012B,Public order,Unable to prosecute suspect,
6a52ce720eb6d14dcf5114103c535494c7304c0855e1f332d442582ac35b4818,2021-06,Lancashire Constabulary,Lancashire Constabulary,-2.683687,53.701335,On or near East Street,E01025418,South Ribble 012B,Violence and sexual offences,Unable to prosecute suspect,
f164dd08e20b5ef1e19ceb8a8b4e191255d5ec1edeb64227019fbb400c0c21ec,2021-06,Lancashire Constabulary,Lancashire Constabulary,-2.683687,53.701335,On or near East Street,E01025418,South Ribble 012B,Violence and sexual offences,Unable to prosecute suspect,
f3d4e1192767816c29f03daafac34f1e310b372792280804146a8457c7561a9e,2021-06,Lancashire Constabulary,Lancashire Constabulary,-2.683687,53.701335,On or near East Street,E01025418,South Ribble 012B,Violence and sexual offences,Investigation complete; no suspect identified,
36624efc823fb63e45ad2f0a8cce27b6b031ee9ca4c4ccb7ae681337f5a67503,2021-06,Lancashire Constabulary,Lancashire Constabulary,-2.685120,53.701930,On or near Rose Street,E01025418,South Ribble 012B,Violence and sexual offences,Unable to prosecute suspect,
e7bc4a3b9270c269ac17537a1d059ca359c726954929059b0e87110695018450,2021-06,Lancashire Constabulary,Lancashire Constabulary,-2.684551,53.703263,On or near Stanifield Close,E01025418,South Ribble 012B,Violence and sexual offences,Unable to prosecute suspect,
,2021-06,Lancashire Constabulary,Lancashire Constabulary,-2.695488,53.724421,On or near Boegrave Avenue,E01025419,South Ribble 012C,Anti-social behaviour,,
,2021-06,Lancashire Constabulary,Lancashire Constabulary,-2.698034,53.721629,On or near Kellet Acre,E01025419,South Ribble 012C,Anti-social behaviour,,
,2021-06,Lancashire Constabulary,Lancashire Constabulary,-2.698334,53.722400,On or near Chadwick Gardens,E01025419,South Ribble 012C,Anti-social behaviour,,
d865d1f58f2b0b8e22248ee853aad985a77d609f46d8dd2f5050abfa14685e27,2021-06,Lancashire Constabulary,Lancashire Constabulary,-2.703722,53.720158,On or near Cheshire House Close,E01025419,South Ribble 012C,Burglary,Investigation complete; no suspect identified,
8e3c1f37d7ef6fa736b5d93d597cbc7dc35702331dcdd530c9eb50ecf3532541,2021-06,Lancashire Constabulary,Lancashire Constabulary,-2.692649,53.724123,On or near Westfield,E01025419,South Ribble 012C,Criminal damage and arson,Investigation complete; no suspect identified,
bfdf316f6f08c89245a10ca65a696a4a072d7c39d35b2058aba74990cdbb1540,2021-06,Lancashire Constabulary,Lancashire Constabulary,-2.691620,53.724183,On or near Barnfield,E01025419,South Ribble 012C,Other theft,Unable to prosecute suspect,
43d6b1801c74f223afc59c0f0c7f114422cfde4649f5243a4ada7c8d5814088f,2021-06,Lancashire Constabulary,Lancashire Constabulary,-2.694477,53.726530,On or near Great Meadow,E01025419,South Ribble 012C,Public order,Unable to prosecute suspect,
b839766be83542b220f3525b3610158ba987c32c0042b433285060bf55c6a1e8,2021-06,Lancashire Constabulary,Lancashire Constabulary,-2.693208,53.725864,On or near Parking Area,E01025419,South Ribble 012C,Shoplifting,Status update unavailable,
34c2dc54ca9e00cdd0bc83708243f3cc6202be58daca74e51bf622308bb3948c,2021-06,Lancashire Constabulary,Lancashire Constabulary,-2.692649,53.724123,On or near Westfield,E01025419,South Ribble 012C,Violence and sexual offences,Investigation complete; no suspect identified,
30a517e69f9776fbaebab2e5b34aef79cb3ce7899c279b54723b3e915efbb112,2021-06,Lancashire Constabulary,Lancashire Constabulary,-2.698034,53.721629,On or near Kellet Acre,E01025419,South Ribble 012C,Violence and sexual offences,Unable to prosecute suspect,
3d4afe15002ffe514b4902d3388f9bc04d0a29e7fda090d6eaa25e31d3356c43,2021-06,Lancashire Constabulary,Lancashire Constabulary,-2.701674,53.720889,On or near St Pauls Close,E01025419,South Ribble 012C,Violence and sexual offences,Status update unavailable,
4b1bee91d952f02ae1f138da231a02d109b04dc5eae60d6a9f16cae0377f6a17,2021-06,Lancashire Constabulary,Lancashire Constabulary,-2.691620,53.724183,On or near Barnfield,E01025419,South Ribble 012C,Violence and sexual offences,Court result unavailable,
e1b872c5f0501eb9abec034caf0eac242053dba6c042c4498fa261e8e86146a9,2021-06,Lancashire Constabulary,Lancashire Constabulary,-2.691620,53.724183,On or near Barnfield,E01025419,South Ribble 012C,Violence and sexual offences,Court result unavailable,
ab70d8b99bb1c342e2b9eefcc988e64c324197d2bd5a544b11ca4dbcef776c14,2021-06,Lancashire Constabulary,Lancashire Constabulary,-2.692649,53.724123,On or near Westfield,E01025419,South Ribble 012C,Violence and sexual offences,Investigation complete; no suspect identified,
a65183149035ebb612c155c48ae7d8fbf477be88cf62f7989b69748d6fcb2e57,2021-06,Lancashire Constabulary,Lancashire Constabulary,-2.692649,53.724123,On or near Westfield,E01025419,South Ribble 012C,Violence and sexual offences,Investigation complete; no suspect identified,
852b4cb2b88dce1fc6a0c665202b93d1a743b38b0bd43f72b0120d386ab79edb,2021-06,Lancashire Constabulary,Lancashire Constabulary,-2.692649,53.724123,On or near Westfield,E01025419,South Ribble 012C,Violence and sexual offences,Investigation complete; no suspect identified,
8ea062514f6d70c8b652b93b19fb8d9d92b29afce73ebd4332bcf6676bc97f9b,2021-06,Lancashire Constabulary,Lancashire Constabulary,-2.719045,53.722952,On or near Chain House Lane,E01025419,South Ribble 012C,Violence and sexual offences,Unable to prosecute suspect,
,2021-06,Lancashire Constabulary,Lancashire Constabulary,-2.711141,53.703558,On or near Crofters Meadow,E01025420,South Ribble 012D,Anti-social behaviour,,
,2021-06,Lancashire Constabulary,Lancashire Constabulary,-2.709286,53.712152,On or near Mark'S Avenue,E01025420,South Ribble 012D,Anti-social behaviour,,
,2021-06,Lancashire Constabulary,Lancashire Constabulary,-2.709231,53.702607,On or near Ryding Close,E01025420,South Ribble 012D,Anti-social behaviour,,
,2021-06,Lancashire Constabulary,Lancashire Constabulary,-2.710171,53.704426,On or near Duttonfield Close,E01025420,South Ribble 012D,Anti-social behaviour,,
,2021-06,Lancashire Constabulary,Lancashire Constabulary,-2.693346,53.721351,On or near Constable Avenue,E01025420,South Ribble 012D,Anti-social behaviour,,
9f13fdaa0e71b042322d2fa344e89a353d6122c6205b9d8184238233189f8a5b,2021-06,Lancashire Constabulary,Lancashire Constabulary,-2.708778,53.707221,On or near Riverside Close,E01025420,South Ribble 012D,Criminal damage and arson,Investigation complete; no suspect identified,
b5afbfb00e160c3fe5083f770643dd33cd52342a07e43c9836ec77add1bf63d7,2021-06,Lancashire Constabulary,Lancashire Constabulary,-2.708347,53.703197,On or near Meadowland Close,E01025420,South Ribble 012D,Drugs,Status update unavailable,
29ab58191038562ee85139e4924bfbd5adfb4469d65865583b47204f7e619ea4,2021-06,Lancashire Constabulary,Lancashire Constabulary,-2.708347,53.703197,On or near Meadowland Close,E01025420,South Ribble 012D,Drugs,Status update unavailable,
bb7c891444bd001b559ea84ed1375c23e719948a3418af4b722e4b341ac7d6f5,2021-06,Lancashire Constabulary,Lancashire Constabulary,-2.704599,53.716378,On or near Leveret Court,E01025420,South Ribble 012D,Public order,Status update unavailable,
741831e3b7ff153c4faf39fde8e881084e694169621aa9b94af0864c822b0452,2021-06,Lancashire Constabulary,Lancashire Constabulary,-2.695462,53.721932,On or near Yewtree Grove,E01025420,South Ribble 012D,Violence and sexual offences,Unable to prosecute suspect,
28d12b281a165b37515a2e139e74451b21f7f98c5c767a1f5c642e3f892a4fa7,2021-06,Lancashire Constabulary,Lancashire Constabulary,-2.716796,53.706562,On or near Parking Area,E01025420,South Ribble 012D,Violence and sexual offences,Unable to prosecute suspect,
7ef01cc47077796cddf2f587333abcd4b0aebda14ad7a70da5600f4c1243d516,2021-06,Lancashire Constabulary,Lancashire Constabulary,-2.693346,53.721351,On or near Constable Avenue,E01025420,South Ribble 012D,Violence and sexual offences,Investigation complete; no suspect identified,
7df206a9e0ab4b6b153e39ecb97ce763fa4c02e06bbc2d2278ec37865c2c5af1,2021-06,Lancashire Constabulary,Lancashire Constabulary,-2.708347,53.703197,On or near Meadowland Close,E01025420,South Ribble 012D,Violence and sexual offences,Unable to prosecute suspect,
,2021-06,Lancashire Constabulary,Lancashire Constabulary,-2.701318,53.702222,On or near The Heritage,E01025421,South Ribble 013A,Anti-social behaviour,,
,2021-06,Lancashire Constabulary,Lancashire Constabulary,-2.695949,53.699998,On or near Wheelton Lane,E01025421,South Ribble 013A,Anti-social behaviour,,
,2021-06,Lancashire Constabulary,Lancashire Constabulary,-2.698880,53.700448,On or near Quinns Croft,E01025421,South Ribble 013A,Anti-social behaviour,,
,2021-06,Lancashire Constabulary,Lancashire Constabulary,-2.697269,53.699235,On or near Heys Hunt Avenue,E01025421,South Ribble 013A,Anti-social behaviour,,
,2021-06,Lancashire Constabulary,Lancashire Constabulary,-2.695949,53.699998,On or near Wheelton Lane,E01025421,South Ribble 013A,Anti-social behaviour,,
,2021-06,Lancashire Constabulary,Lancashire Constabulary,-2.695949,53.699998,On or near Wheelton Lane,E01025421,South Ribble 013A,Anti-social behaviour,,
,2021-06,Lancashire Constabulary,Lancashire Constabulary,-2.699046,53.698577,On or near Bus/Coach Station,E01025421,South Ribble 013A,Anti-social behaviour,,
,2021-06,Lancashire Constabulary,Lancashire Constabulary,-2.701591,53.703164,On or near Bluebell Wood,E01025421,South Ribble 013A,Anti-social behaviour,,
,2021-06,Lancashire Constabulary,Lancashire Constabulary,-2.712798,53.698541,On or near Oak View,E01025421,South Ribble 013A,Anti-social behaviour,,
ca62493b179c515b06f082462b3f66a7bd7d68e75d4287ae9849250bedafd0e8,2021-06,Lancashire Constabulary,Lancashire Constabulary,-2.695949,53.699998,On or near Wheelton Lane,E01025421,South Ribble 013A,Bicycle theft,Investigation complete; no suspect identified,
866bbd186986fb76136daca85ab5a88476701cfd616c1b36a6088ae963516525,2021-06,Lancashire Constabulary,Lancashire Constabulary,-2.712798,53.698541,On or near Oak View,E01025421,South Ribble 013A,Criminal damage and arson,Status update unavailable,
b5eaeefa02ffb40cc038a993128efb13696a3280fbd6a563594926938f64d0fd,2021-06,Lancashire Constabulary,Lancashire Constabulary,-2.699046,53.698577,On or near Bus/Coach Station,E01025421,South Ribble 013A,Criminal damage and arson,Investigation complete; no suspect identified,
ffec325346f346eb430a121f266f7e47c5aa694ba3e6b6bc7cfaa395b29a90af,2021-06,Lancashire Constabulary,Lancashire Constabulary,-2.695949,53.699998,On or near Wheelton Lane,E01025421,South Ribble 013A,Other theft,Further investigation is not in the public interest,
e83fbad54f2f41c35cb5f35d4cfdf0afea05a5fd6caf7f88b88a1c1a1e582768,2021-06,Lancashire Constabulary,Lancashire Constabulary,-2.695949,53.699998,On or near Wheelton Lane,E01025421,South Ribble 013A,Public order,Investigation complete; no suspect identified,
12c58eaa4bffdc1293dbdcfffe2d1ad5bdac4491cc5e2ae100751d858b88fd15,2021-06,Lancashire Constabulary,Lancashire Constabulary,-2.695949,53.699998,On or near Wheelton Lane,E01025421,South Ribble 013A,Shoplifting,Investigation complete; no suspect identified,
bc1d9665bad50ee67fe4adec0a77d0c2a8891785193efac6229c77783252fecc,2021-06,Lancashire Constabulary,Lancashire Constabulary,-2.695949,53.699998,On or near Wheelton Lane,E01025421,South Ribble 013A,Shoplifting,Status update unavailable,
86a0939f23586baac114abee36837b6d2f3955301abec41601894b6606ab7aad,2021-06,Lancashire Constabulary,Lancashire Constabulary,-2.695949,53.699998,On or near Wheelton Lane,E01025421,South Ribble 013A,Shoplifting,Status update unavailable,
0d9431fba1430ae9e5335b74a8252c955fe8e45e5bb291642d58b44449b6024e,2021-06,Lancashire Constabulary,Lancashire Constabulary,-2.696960,53.699758,On or near Great Park Drive,E01025421,South Ribble 013A,Vehicle crime,Investigation complete; no suspect identified,
debc7a1e84ab61e20eb663958705adcfaca54a5c50e5d1b52923f994419ecd8d,2021-06,Lancashire Constabulary,Lancashire Constabulary,-2.702342,53.700994,On or near Hall Lane,E01025421,South Ribble 013A,Vehicle crime,Investigation complete; no suspect identified,
c770f446257ece804edd86de4d21b4236398ff751a3f4808e2c830dfd157c181,2021-06,Lancashire Constabulary,Lancashire Constabulary,-2.701692,53.702903,On or near Summerfield,E01025421,South Ribble 013A,Violence and sexual offences,Unable to prosecute suspect,
db6117512a190c02468da9d8bc6b52faa6d1a2523637d6fe56686a76dfb90ed8,2021-06,Lancashire Constabulary,Lancashire Constabulary,-2.700378,53.698578,On or near Cleveland Road,E01025421,South Ribble 013A,Violence and sexual offences,Unable to prosecute suspect,
78998793fb5ab5a569e55d4bb74b1d72cc3dcabc33eab61fd3890817ac06afeb,2021-06,Lancashire Constabulary,Lancashire Constabulary,-2.699046,53.698577,On or near Bus/Coach Station,E01025421,South Ribble 013A,Violence and sexual offences,Investigation complete; no suspect identified,
80077299b0cd1e6d95a6210c826cb1f192949b5ff7f815e8b2d6b9e5d44df160,2021-06,Lancashire Constabulary,Lancashire Constabulary,-2.698880,53.700448,On or near Quinns Croft,E01025421,South Ribble 013A,Violence and sexual offences,Unable to prosecute suspect,
c71df86c102d9accf6d1c72ed342a0ccfa2b33d2bae1a57eaa94851613f24590,2021-06,Lancashire Constabulary,Lancashire Constabulary,-2.699046,53.698577,On or near Bus/Coach Station,E01025421,South Ribble 013A,Violence and sexual offences,Investigation complete; no suspect identified,
4660691b1cbb8c0a6c94ed95ebb9d34c29d0ce723d4da2884177e67634bf3e52,2021-06,Lancashire Constabulary,Lancashire Constabulary,-2.712474,53.696395,On or near St John'S Green,E01025421,South Ribble 013A,Violence and sexual offences,Investigation complete; no suspect identified,
09cad8b785a84c3ea72b802ac697b7ec0b8f7217da2e53fc9b7c781f11cd8676,2021-06,Lancashire Constabulary,Lancashire Constabulary,-2.699046,53.698577,On or near Bus/Coach Station,E01025421,South Ribble 013A,Violence and sexual offences,Unable to prosecute suspect,
22b1bbd9b8283c0d0c8b13903da28bb1986741325d6af07a79ac115df706f075,2021-06,Lancashire Constabulary,Lancashire Constabulary,-2.701591,53.703164,On or near Bluebell Wood,E01025421,South Ribble 013A,Violence and sexual offences,Offender given a caution,
ec2d6de11fad38d2b330723567e00efd1f2576c7add59691d69ed26692911e87,2021-06,Lancashire Constabulary,Lancashire Constabulary,-2.699046,53.698577,On or near Bus/Coach Station,E01025421,South Ribble 013A,Violence and sexual offences,Investigation complete; no suspect identified,
,2021-06,Lancashire Constabulary,Lancashire Constabulary,-2.701107,53.696875,On or near Balshaw Road,E01025422,South Ribble 013B,Anti-social behaviour,,
,2021-06,Lancashire Constabulary,Lancashire Constabulary,-2.693266,53.696220,On or near John Street,E01025422,South Ribble 013B,Anti-social behaviour,,
,2021-06,Lancashire Constabulary,Lancashire Constabulary,-2.701107,53.696875,On or near Balshaw Road,E01025422,South Ribble 013B,Anti-social behaviour,,
,2021-06,Lancashire Constabulary,Lancashire Constabulary,-2.693214,53.695816,On or near Newsome Street,E01025422,South Ribble 013B,Anti-social behaviour,,
,2021-06,Lancashire Constabulary,Lancashire Constabulary,-2.696441,53.698601,On or near Wheelton Lane,E01025422,South Ribble 013B,Anti-social behaviour,,
,2021-06,Lancashire Constabulary,Lancashire Constabulary,-2.701003,53.696085,On or near Haig Avenue,E01025422,South Ribble 013B,Anti-social behaviour,,
,2021-06,Lancashire Constabulary,Lancashire Constabulary,-2.701107,53.696875,On or near Balshaw Road,E01025422,South Ribble 013B,Anti-social behaviour,,
c61b3b9b05978728fc529bfd3ce81def6c6dd125aa3db2ba360410fe65c33e01,2021-06,Lancashire Constabulary,Lancashire Constabulary,-2.692617,53.696341,On or near Herbert Street,E01025422,South Ribble 013B,Bicycle theft,Investigation complete; no suspect identified,
a908f260177f2d90ef2feec89f25992b1b48c5ffffd9741b3fbe028a47672419,2021-06,Lancashire Constabulary,Lancashire Constabulary,-2.696973,53.694122,On or near Malden Street,E01025422,South Ribble 013B,Bicycle theft,Investigation complete; no suspect identified,
042855452113f5ef07701e9a8591306f4cbf10be354e09df9fdce3d1a1b2833d,2021-06,Lancashire Constabulary,Lancashire Constabulary,-2.694762,53.695097,On or near Northcote Street,E01025422,South Ribble 013B,Burglary,Investigation complete; no suspect identified,
1206732999438192a01b3c1f242ddb6ac393598f793a7ed33547f29b5efb7076,2021-06,Lancashire Constabulary,Lancashire Constabulary,-2.694603,53.697345,On or near Hill Walk,E01025422,South Ribble 013B,Criminal damage and arson,Status update unavailable,
38d42c5524bdbcfc9ba632fd83fc063e63bdf345eba0a3d629cd4973c0e9dd43,2021-06,Lancashire Constabulary,Lancashire Constabulary,-2.696860,53.693736,On or near Mosley Street,E01025422,South Ribble 013B,Criminal damage and arson,Status update unavailable,
795f95d93c81b817674cdb641607ed60382a57f64113a8c66463571df82cda0b,2021-06,Lancashire Constabulary,Lancashire Constabulary,-2.693214,53.695816,On or near Newsome Street,E01025422,South Ribble 013B,Other theft,Further investigation is not in the public interest,
f8d2abb07c2749481ef8fab4a7c0dfb7dccac1c2e52f6012b3827db8d8c23272,2021-06,Lancashire Constabulary,Lancashire Constabulary,-2.701107,53.696875,On or near Balshaw Road,E01025422,South Ribble 013B,Public order,Status update unavailable,
30679497592427068090085b7de57751db02b14fd00970a44349bca8c005cb05,2021-06,Lancashire Constabulary,Lancashire Constabulary,-2.691982,53.696398,On or near Ruskin Avenue,E01025422,South Ribble 013B,Public order,Unable to prosecute suspect,
381a2d1e2e4c4bbb2f608cc67f16762959285702fa08955f1de33d98c44e8fa2,2021-06,Lancashire Constabulary,Lancashire Constabulary,-2.701107,53.696875,On or near Balshaw Road,E01025422,South Ribble 013B,Public order,Status update unavailable,
6c37f400edbac31390761ae62bda9f32a08e78b6999345eac957b3c1d676a6a2,2021-06,Lancashire Constabulary,Lancashire Constabulary,-2.701107,53.696875,On or near Balshaw Road,E01025422,South Ribble 013B,Public order,Unable to prosecute suspect,
c3da485f23e2fc3dde6eb280ae6ca30a93a2a11e43754ce876e47b9e194a26f2,2021-06,Lancashire Constabulary,Lancashire Constabulary,-2.696973,53.694122,On or near Malden Street,E01025422,South Ribble 013B,Robbery,Investigation complete; no suspect identified,
f5776b4b2a599e760afbd8699904505a4956c25a0b9b7df76164f5fe533566e9,2021-06,Lancashire Constabulary,Lancashire Constabulary,-2.702506,53.693551,On or near Woodlands Drive,E01025422,South Ribble 013B,Vehicle crime,Investigation complete; no suspect identified,
910331a6242c4f96378767efb54e31526691eb375bb041d77b6379cefeabedb7,2021-06,Lancashire Constabulary,Lancashire Constabulary,-2.701107,53.696875,On or near Balshaw Road,E01025422,South Ribble 013B,Violence and sexual offences,Unable to prosecute suspect,
10802d73522313baff140f5af05ccac1f07499428b52a3ee6077c639509c71fd,2021-06,Lancashire Constabulary,Lancashire Constabulary,-2.698302,53.695750,On or near Wellfield Avenue,E01025422,South Ribble 013B,Violence and sexual offences,Unable to prosecute suspect,
5aa9df646cef0c5278849c714a7ec83dca087320e8611212e624a58b698b03a3,2021-06,Lancashire Constabulary,Lancashire Constabulary,-2.693214,53.695816,On or near Newsome Street,E01025422,South Ribble 013B,Violence and sexual offences,Unable to prosecute suspect,
8003c59fe99e420dfe872dcc6f42e899eafd9dbf554b14060f7bd5c8ce35dc78,2021-06,Lancashire Constabulary,Lancashire Constabulary,-2.696973,53.694122,On or near Malden Street,E01025422,South Ribble 013B,Violence and sexual offences,Unable to prosecute suspect,
64ce61893c8f8218ee424a966bb67d50de2193589f2adaccfdf8ac10c60ebd78,2021-06,Lancashire Constabulary,Lancashire Constabulary,-2.696262,53.696967,On or near Kingswood Road,E01025422,South Ribble 013B,Violence and sexual offences,Status update unavailable,
b4961a922a93ee2b26dc397298e3074d695111e0595f88f479f2b52929ba7df7,2021-06,Lancashire Constabulary,Lancashire Constabulary,-2.696982,53.695632,On or near School Lane,E01025422,South Ribble 013B,Violence and sexual offences,Unable to prosecute suspect,
720ff6f45355a5bf22cfced114f34438486d6f4d59c6f37f39e3629d3e7a6d05,2021-06,Lancashire Constabulary,Lancashire Constabulary,-2.693547,53.697621,On or near Pearfield,E01025422,South Ribble 013B,Violence and sexual offences,Unable to prosecute suspect,
dff1c67398ce3b00bf1df2ad260608982b266e8cfd581818628384efb031d0fd,2021-06,Lancashire Constabulary,Lancashire Constabulary,-2.698302,53.695750,On or near Wellfield Avenue,E01025422,South Ribble 013B,Other crime,Unable to prosecute suspect,
4e56601fea0d8a1c68e88135618bf9dd6d00a384e98ac0c6cd33b6fe0eea6d31,2021-06,Lancashire Constabulary,Lancashire Constabulary,-2.698935,53.697382,On or near School Lane,E01025422,South Ribble 013B,Other crime,Status update unavailable,
,2021-06,Lancashire Constabulary,Lancashire Constabulary,-2.694192,53.694507,On or near Thurston Road,E01025431,South Ribble 013C,Anti-social behaviour,,
,2021-06,Lancashire Constabulary,Lancashire Constabulary,-2.689331,53.697276,On or near Fleetwood Street,E01025431,South Ribble 013C,Anti-social behaviour,,
,2021-06,Lancashire Constabulary,Lancashire Constabulary,-2.686888,53.696994,On or near Helmsley Green,E01025431,South Ribble 013C,Anti-social behaviour,,
,2021-06,Lancashire Constabulary,Lancashire Constabulary,-2.691632,53.697236,On or near Churchill Way,E01025431,South Ribble 013C,Anti-social behaviour,,
,2021-06,Lancashire Constabulary,Lancashire Constabulary,-2.691333,53.695638,On or near Dorothy Avenue,E01025431,South Ribble 013C,Anti-social behaviour,,
,2021-06,Lancashire Constabulary,Lancashire Constabulary,-2.689250,53.700692,On or near Kennett Drive,E01025431,South Ribble 013C,Anti-social behaviour,,
,2021-06,Lancashire Constabulary,Lancashire Constabulary,-2.694962,53.694350,On or near Sumner Street,E01025431,South Ribble 013C,Anti-social behaviour,,
,2021-06,Lancashire Constabulary,Lancashire Constabulary,-2.689431,53.696925,On or near Orchard Street,E01025431,South Ribble 013C,Anti-social behaviour,,
,2021-06,Lancashire Constabulary,Lancashire Constabulary,-2.689497,53.696350,On or near East Street,E01025431,South Ribble 013C,Anti-social behaviour,,
,2021-06,Lancashire Constabulary,Lancashire Constabulary,-2.690621,53.696541,On or near B5254,E01025431,South Ribble 013C,Anti-social behaviour,,
,2021-06,Lancashire Constabulary,Lancashire Constabulary,-2.691995,53.695364,On or near Alice Avenue,E01025431,South Ribble 013C,Anti-social behaviour,,
,2021-06,Lancashire Constabulary,Lancashire Constabulary,-2.688856,53.697890,On or near Hewitt Street,E01025431,South Ribble 013C,Anti-social behaviour,,
,2021-06,Lancashire Constabulary,Lancashire Constabulary,-2.689671,53.697688,On or near Grundy Street,E01025431,South Ribble 013C,Anti-social behaviour,,
,2021-06,Lancashire Constabulary,Lancashire Constabulary,-2.691127,53.699666,On or near Hampden Road,E01025431,South Ribble 013C,Anti-social behaviour,,
,2021-06,Lancashire Constabulary,Lancashire Constabulary,-2.694192,53.694507,On or near Thurston Road,E01025431,South Ribble 013C,Anti-social behaviour,,
fb911ea9bcf531eb5839cdf9cfc0a04cfc557499b829ff3d54819e07a5ced114,2021-06,Lancashire Constabulary,Lancashire Constabulary,-2.686618,53.696249,On or near Wilton Place,E01025431,South Ribble 013C,Burglary,Investigation complete; no suspect identified,
ab346955b40559f4f4cb4f15eea37d92844f1cd57110bb0f490c084bdde53291,2021-06,Lancashire Constabulary,Lancashire Constabulary,-2.689671,53.697688,On or near Grundy Street,E01025431,South Ribble 013C,Drugs,Court result unavailable,
d21b50f3dcd50fb194c915dea9b2d24a7d90c1c31ddf0245742894f9707a98e5,2021-06,Lancashire Constabulary,Lancashire Constabulary,-2.690621,53.696541,On or near B5254,E01025431,South Ribble 013C,Other theft,Investigation complete; no suspect identified,
1bfb5d753ed4b6c013f3b6a607f8803ded9b8e9b6b1076ec8b92db18f2ccd491,2021-06,Lancashire Constabulary,Lancashire Constabulary,-2.690621,53.696541,On or near B5254,E01025431,South Ribble 013C,Other theft,Status update unavailable,
3bd32d495985367934b1d366e04aceb66fe6a26f4d47f93c8fbd4a5f5cabddea,2021-06,Lancashire Constabulary,Lancashire Constabulary,-2.690621,53.696541,On or near B5254,E01025431,South Ribble 013C,Public order,Investigation complete; no suspect identified,
71b818ea40b1d88bec70606730237193fe897f73e659215ac5fbcee2551379cc,2021-06,Lancashire Constabulary,Lancashire Constabulary,-2.686618,53.696249,On or near Wilton Place,E01025431,South Ribble 013C,Public order,Unable to prosecute suspect,
9dea09c06d59b53a7cde43d392020de163dfe94229863e0d48b7b9037974f9d3,2021-06,Lancashire Constabulary,Lancashire Constabulary,-2.689331,53.697276,On or near Fleetwood Street,E01025431,South Ribble 013C,Public order,Unable to prosecute suspect,
20d0913afdaa57bdeafe80e2bad9f54b46668620978f8abce5473b0d56708115,2021-06,Lancashire Constabulary,Lancashire Constabulary,-2.690621,53.696541,On or near B5254,E01025431,South Ribble 013C,Public order,Investigation complete; no suspect identified,
cdd8d43199a5c90d7c7af39081800fe1d65b144f247ffcd55646cbae9bd63a49,2021-06,Lancashire Constabulary,Lancashire Constabulary,-2.689250,53.700692,On or near Kennett Drive,E01025431,South Ribble 013C,Vehicle crime,Investigation complete; no suspect identified,
1801ea0825a22aead1e5f2c67d2d175e8e60fe91bc97dadd0a62d90d7358b175,2021-06,Lancashire Constabulary,Lancashire Constabulary,-2.687309,53.694960,On or near Starkie Street,E01025431,South Ribble 013C,Violence and sexual offences,Unable to prosecute suspect,
00e56365130c9b0bac5711e0e1f230bf6ee4261e58f78e8712eaf0264df2ad52,2021-06,Lancashire Constabulary,Lancashire Constabulary,-2.691127,53.699666,On or near Hampden Road,E01025431,South Ribble 013C,Violence and sexual offences,Unable to prosecute suspect,
3bce55d1db35269a6e8035fe4ee0ae1083bf6ca08a29354dc5c22d1a51d7eafb,2021-06,Lancashire Constabulary,Lancashire Constabulary,-2.690769,53.698140,On or near Golden Hill Lane,E01025431,South Ribble 013C,Violence and sexual offences,Investigation complete; no suspect identified,
4acf1ee0054734fdcefe9728705f70d115b3ff0eaa7931fb0ce61476b3e31fc9,2021-06,Lancashire Constabulary,Lancashire Constabulary,-2.688737,53.695221,On or near Stanley Street,E01025431,South Ribble 013C,Violence and sexual offences,Unable to prosecute suspect,
a32c47ae060dc1fb3cef12c60ce0021305c4770cc4a933e48f46a0d7e8a30b8a,2021-06,Lancashire Constabulary,Lancashire Constabulary,-2.690769,53.698140,On or near Golden Hill Lane,E01025431,South Ribble 013C,Violence and sexual offences,Unable to prosecute suspect,
fc0ffd66ac7daaa153bc28b1c544c6aa897d29c7c9c96e70736918e4c44d36d6,2021-06,Lancashire Constabulary,Lancashire Constabulary,-2.691995,53.695364,On or near Alice Avenue,E01025431,South Ribble 013C,Violence and sexual offences,Investigation complete; no suspect identified,
88625946c69c901f256aef767758b21bcd73870fc8a5035dbc43e293e47ea98b,2021-06,Lancashire Constabulary,Lancashire Constabulary,-2.690386,53.699769,On or near Northgate,E01025431,South Ribble 013C,Violence and sexual offences,Unable to prosecute suspect,
0469a83b9378cdcf39463eebf6c3cd77b39c87c9058cc4ab31d504017e7e140a,2021-06,Lancashire Constabulary,Lancashire Constabulary,-2.691127,53.699666,On or near Hampden Road,E01025431,South Ribble 013C,Violence and sexual offences,Unable to prosecute suspect,
ed202ae7c797a6269a54fa4874b853fe023ae5a7f602e3c390ad72d8d207d32e,2021-06,Lancashire Constabulary,Lancashire Constabulary,-2.686888,53.696994,On or near Helmsley Green,E01025431,South Ribble 013C,Violence and sexual offences,Unable to prosecute suspect,
2118961789d817543b396049883682f0fedbbfd728427b26a1221af560d2c1a5,2021-06,Lancashire Constabulary,Lancashire Constabulary,-2.689497,53.696350,On or near East Street,E01025431,South Ribble 013C,Violence and sexual offences,Investigation complete; no suspect identified,
41abb9b5f4fc9478ba845f2aeb0d40cd986e3b53a779e2c69082fe8aa5414751,2021-06,Lancashire Constabulary,Lancashire Constabulary,-2.691050,53.698705,On or near Beech Road,E01025431,South Ribble 013C,Violence and sexual offences,Status update unavailable,
82a08d69fa3820615e4887cd41737bc538cf9aa14c9eb9d13baaffad2f685c24,2021-06,Lancashire Constabulary,Lancashire Constabulary,-2.691050,53.698705,On or near Beech Road,E01025431,South Ribble 013C,Violence and sexual offences,Unable to prosecute suspect,
e0e5f7f58a2ec3cd1ba53cf0275870a327ca7b88d001e75149a3a84b03d34bf8,2021-06,Lancashire Constabulary,Lancashire Constabulary,-2.691050,53.698705,On or near Beech Road,E01025431,South Ribble 013C,Violence and sexual offences,Unable to prosecute suspect,
a9bc704fcb051e8c49704aea3aa1aa8b6f4c51639f9c76ca7ac6522ecc71bb4f,2021-06,Lancashire Constabulary,Lancashire Constabulary,-2.686618,53.696249,On or near Wilton Place,E01025431,South Ribble 013C,Violence and sexual offences,Unable to prosecute suspect,
3b66cabc8fa66cb12557eb2d0e7f7083f15e117905b613ce75594f0f138c47a2,2021-06,Lancashire Constabulary,Lancashire Constabulary,-2.691050,53.698705,On or near Beech Road,E01025431,South Ribble 013C,Violence and sexual offences,Unable to prosecute suspect,
f71767d1bba2bbd5ba7c55bfa4320489d6b43d1daad68306d927a15bef408faf,2021-06,Lancashire Constabulary,Lancashire Constabulary,-2.690769,53.698140,On or near Golden Hill Lane,E01025431,South Ribble 013C,Violence and sexual offences,Unable to prosecute suspect,
3bffa5082ca665f8f41c6ec9f4010037beebf51f0f54bab5b14c92abddbf996e,2021-06,Lancashire Constabulary,Lancashire Constabulary,-2.689671,53.697688,On or near Grundy Street,E01025431,South Ribble 013C,Other crime,Court result unavailable,
06b65941cf37aa31c0e157c15a79fcf4f5271bdab8e6aa2356f040bce89d59f0,2021-06,Lancashire Constabulary,Lancashire Constabulary,-2.690386,53.699769,On or near Northgate,E01025431,South Ribble 013C,Other crime,Further investigation is not in the public interest,
,2021-06,Lancashire Constabulary,Lancashire Constabulary,-2.680566,53.696643,On or near Whernside Way,E01025433,South Ribble 013D,Anti-social behaviour,,
,2021-06,Lancashire Constabulary,Lancashire Constabulary,-2.680566,53.696643,On or near Whernside Way,E01025433,South Ribble 013D,Anti-social behaviour,,
,2021-06,Lancashire Constabulary,Lancashire Constabulary,-2.683988,53.697487,On or near Bow Street,E01025433,South Ribble 013D,Anti-social behaviour,,
,2021-06,Lancashire Constabulary,Lancashire Constabulary,-2.685565,53.700408,On or near Stanifield Lane,E01025433,South Ribble 013D,Anti-social behaviour,,
,2021-06,Lancashire Constabulary,Lancashire Constabulary,-2.682528,53.699032,On or near Convent Close,E01025433,South Ribble 013D,Anti-social behaviour,,
,2021-06,Lancashire Constabulary,Lancashire Constabulary,-2.680566,53.696643,On or near Whernside Way,E01025433,South Ribble 013D,Anti-social behaviour,,
,2021-06,Lancashire Constabulary,Lancashire Constabulary,-2.680566,53.696643,On or near Whernside Way,E01025433,South Ribble 013D,Anti-social behaviour,,
,2021-06,Lancashire Constabulary,Lancashire Constabulary,-2.679103,53.697955,On or near St Catherines Close,E01025433,South Ribble 013D,Anti-social behaviour,,
,2021-06,Lancashire Constabulary,Lancashire Constabulary,-2.680566,53.696643,On or near Whernside Way,E01025433,South Ribble 013D,Anti-social behaviour,,
fa774af7ed8083bd3d213111c3c6a68549dbec2af9e8af96a32c29966270d3f1,2021-06,Lancashire Constabulary,Lancashire Constabulary,-2.680566,53.696643,On or near Whernside Way,E01025433,South Ribble 013D,Criminal damage and arson,Unable to prosecute suspect,
911cfe8f3e868e49081d88acd400515f9da499888d510680dbc0ab6351a2ccb7,2021-06,Lancashire Constabulary,Lancashire Constabulary,-2.683988,53.697487,On or near Bow Street,E01025433,South Ribble 013D,Violence and sexual offences,Status update unavailable,
4bcb141665662c2bdbed3cd77dd69211a79a51beeccde6ee04bfe8c4693abd52,2021-06,Lancashire Constabulary,Lancashire Constabulary,-2.680566,53.696643,On or near Whernside Way,E01025433,South Ribble 013D,Violence and sexual offences,Unable to prosecute suspect,
58b597cfc3c3435bfe19aa23c83814d37007121ae24ed40cfa07643a83edea4c,2021-06,Lancashire Constabulary,Lancashire Constabulary,-2.684726,53.699109,On or near Clarence Street,E01025433,South Ribble 013D,Violence and sexual offences,Unable to prosecute suspect,
1001672d96f8c50c0ec3bbf60efb8d6474b068d51ffb3a460a4d7f0aa385b2a1,2021-06,Lancashire Constabulary,Lancashire Constabulary,-2.685565,53.700408,On or near Stanifield Lane,E01025433,South Ribble 013D,Violence and sexual offences,Investigation complete; no suspect identified,
04d7a4338e02610ede0df6dced35ddcc9a4520ed9d932556bb3973d57a600847,2021-06,Lancashire Constabulary,Lancashire Constabulary,-2.680566,53.696643,On or near Whernside Way,E01025433,South Ribble 013D,Violence and sexual offences,Further investigation is not in the public interest,
9fbe813f376120e63ac05edacb6b0464f5b0ae6ab77a63ef972dbf676e4310dc,2021-06,Lancashire Constabulary,Lancashire Constabulary,-2.684726,53.699109,On or near Clarence Street,E01025433,South Ribble 013D,Violence and sexual offences,Unable to prosecute suspect,
,2021-06,Lancashire Constabulary,Lancashire Constabulary,-2.725479,53.702303,On or near Marathon Place,E01025416,South Ribble 014A,Anti-social behaviour,,
,2021-06,Lancashire Constabulary,Lancashire Constabulary,-2.726616,53.697928,On or near Bison Place,E01025416,South Ribble 014A,Anti-social behaviour,,
,2021-06,Lancashire Constabulary,Lancashire Constabulary,-2.725479,53.702303,On or near Marathon Place,E01025416,South Ribble 014A,Anti-social behaviour,,
9920dca09ecaccfb1b8edbac0df449b2087eb88109281071ded675d523766155,2021-06,Lancashire Constabulary,Lancashire Constabulary,-2.722213,53.699069,On or near Clydesdale Place,E01025416,South Ribble 014A,Burglary,Status update unavailable,
9e42ecf0746f6ab28592d82a83b78ba5cf30ecec09021216de0aac83b8af9869,2021-06,Lancashire Constabulary,Lancashire Constabulary,-2.715951,53.696904,On or near Grange Road,E01025416,South Ribble 014A,Criminal damage and arson,Investigation complete; no suspect identified,
5c3b5913f14ebf7d25e011886500a91f5aee64322c55d5a73ee4bbd20d5ac6cf,2021-06,Lancashire Constabulary,Lancashire Constabulary,-2.726616,53.697928,On or near Bison Place,E01025416,South Ribble 014A,Public order,Investigation complete; no suspect identified,
364b4a2a4e402d92b7192dc692eeb7d9f2d8544d82b2e13584e425c0c825a367,2021-06,Lancashire Constabulary,Lancashire Constabulary,-2.726971,53.693054,On or near Round Meadow,E01025416,South Ribble 014A,Vehicle crime,Investigation complete; no suspect identified,
2c3f4e9d76166d8f39f37e72c3a4752276ee233cc83cafc2241c703c8c8d1786,2021-06,Lancashire Constabulary,Lancashire Constabulary,-2.728794,53.694265,On or near Rostrevor Close,E01025416,South Ribble 014A,Vehicle crime,Investigation complete; no suspect identified,
58141cb141dfbe1ec24bdd009f030a41186ed44afdd3bbf948b2482b56b6b314,2021-06,Lancashire Constabulary,Lancashire Constabulary,-2.715951,53.696904,On or near Grange Road,E01025416,South Ribble 014A,Violence and sexual offences,Unable to prosecute suspect,
32bae419053f58ea07664ed6cc8995e49efad7417e314492664bb32c099d3bbb,2021-06,Lancashire Constabulary,Lancashire Constabulary,-2.728794,53.694265,On or near Rostrevor Close,E01025416,South Ribble 014A,Violence and sexual offences,Unable to prosecute suspect,
b414e151873b2814ab92c27d0c61d79b6cc17d857a6e1dd256624f58c2c477f5,2021-06,Lancashire Constabulary,Lancashire Constabulary,-2.722213,53.699069,On or near Clydesdale Place,E01025416,South Ribble 014A,Violence and sexual offences,Court result unavailable,
c074d9496f9dcbd7a0e817013efede6cdff3d0247072979fb1d61fe9aa488392,2021-06,Lancashire Constabulary,Lancashire Constabulary,-2.729214,53.693148,On or near Holmes Meadow,E01025416,South Ribble 014A,Other crime,Unable to prosecute suspect,
,2021-06,Lancashire Constabulary,Lancashire Constabulary,-2.743681,53.689913,On or near Nixons Court,E01025451,South Ribble 014B,Anti-social behaviour,,
,2021-06,Lancashire Constabulary,Lancashire Constabulary,-2.734218,53.688264,On or near Hornby Croft,E01025451,South Ribble 014B,Anti-social behaviour,,
d01c64abca635208860ed1fbefba4bd0821df08fe5d1f897a3669d06e9174246,2021-06,Lancashire Constabulary,Lancashire Constabulary,-2.741863,53.692450,On or near Avocet Court,E01025451,South Ribble 014B,Burglary,Investigation complete; no suspect identified,
69a9dba9d5afce6103caa9a49133f94e5a1b263d4ba64fd18f709ab5f3b88dab,2021-06,Lancashire Constabulary,Lancashire Constabulary,-2.734218,53.688264,On or near Hornby Croft,E01025451,South Ribble 014B,Criminal damage and arson,Investigation complete; no suspect identified,
4fc465b97fa64311b5cb9a970861fbb239574a965c12cc5f52955427703e4f96,2021-06,Lancashire Constabulary,Lancashire Constabulary,-2.735139,53.690739,On or near Lansborough Close,E01025451,South Ribble 014B,Criminal damage and arson,Status update unavailable,
d2bc653455ba437dd446ec76b0af6968becde17e3ab5e11d77dff34fc29fcd71,2021-06,Lancashire Constabulary,Lancashire Constabulary,-2.741863,53.692450,On or near Avocet Court,E01025451,South Ribble 014B,Vehicle crime,Investigation complete; no suspect identified,
389de3541d78c2d1542f56b02117bf32235fe6aaa85fe484b4c036761430fb78,2021-06,Lancashire Constabulary,Lancashire Constabulary,-2.738431,53.691060,On or near Long Close,E01025451,South Ribble 014B,Vehicle crime,Investigation complete; no suspect identified,
f7fe43e42d72a4a5b2700aa2b4f2e5d2476bbf710ba8354340448d3f74ad8976,2021-06,Lancashire Constabulary,Lancashire Constabulary,-2.741863,53.692450,On or near Avocet Court,E01025451,South Ribble 014B,Vehicle crime,Investigation complete; no suspect identified,
8d28cd63fab5809a841a1ea7dd7e60294ca1aa8a296be9e7c6422f6e8dcca6c6,2021-06,Lancashire Constabulary,Lancashire Constabulary,-2.745062,53.697850,On or near Narrow Lane,E01025451,South Ribble 014B,Violence and sexual offences,Unable to prosecute suspect,
33ae740af405920345b46ffb30956a730658e52f4d5f4783d3e9c4e1daf566aa,2021-06,Lancashire Constabulary,Lancashire Constabulary,-2.742536,53.692006,On or near Fernleigh,E01025451,South Ribble 014B,Violence and sexual offences,Court result unavailable,
b7930a2657b47945ebba296aa73bcf91f6c94db987f50f0012a307b97d8a9741,2021-06,Lancashire Constabulary,Lancashire Constabulary,-2.742536,53.692006,On or near Fernleigh,E01025451,South Ribble 014B,Violence and sexual offences,Status update unavailable,
03c144cd1b101124551074f603f7f6012a57fd82619f018bafcb28a6704095d3,2021-06,Lancashire Constabulary,Lancashire Constabulary,-2.735139,53.690739,On or near Lansborough Close,E01025451,South Ribble 014B,Violence and sexual offences,Unable to prosecute suspect,
50739a5e39fc8fb5c1e1d67064da20d1d2476cf2d50db9fbf2a4099ca749eedf,2021-06,Lancashire Constabulary,Lancashire Constabulary,-2.735139,53.690739,On or near Lansborough Close,E01025451,South Ribble 014B,Violence and sexual offences,Unable to prosecute suspect,
a8bac6890cb10701b495495bfe59a89210c39c42fcfb5388d5095cf217c1c7f8,2021-06,Lancashire Constabulary,Lancashire Constabulary,-2.741219,53.692886,On or near Calderbank Close,E01025451,South Ribble 014B,Violence and sexual offences,Unable to prosecute suspect,
,2021-06,Lancashire Constabulary,Lancashire Constabulary,-2.744282,53.701711,On or near Parking Area,E01025452,South Ribble 014C,Anti-social behaviour,,
,2021-06,Lancashire Constabulary,Lancashire Constabulary,-2.735346,53.693902,On or near Richmond Court,E01025452,South Ribble 014C,Anti-social behaviour,,
,2021-06,Lancashire Constabulary,Lancashire Constabulary,-2.730902,53.694414,On or near Greystones,E01025452,South Ribble 014C,Anti-social behaviour,,
,2021-06,Lancashire Constabulary,Lancashire Constabulary,-2.735951,53.693907,On or near Ashfields,E01025452,South Ribble 014C,Anti-social behaviour,,
57f80ea68a306da536725780e0a06123b59fb451676ca8112471c050e3da71dc,2021-06,Lancashire Constabulary,Lancashire Constabulary,-2.735951,53.693907,On or near Ashfields,E01025452,South Ribble 014C,Criminal damage and arson,Investigation complete; no suspect identified,
4047937185049131b44a10fe776ecee3cb504bdeb8be925ed3f8a758bd133461,2021-06,Lancashire Constabulary,Lancashire Constabulary,-2.733818,53.692302,On or near Barn Croft,E01025452,South Ribble 014C,Criminal damage and arson,Investigation complete; no suspect identified,
de63d108be4a8b371b985b882bcb28af7d594209d23e82cfc7efcf43c6ab2008,2021-06,Lancashire Constabulary,Lancashire Constabulary,-2.730973,53.692409,On or near Dunkirk Lane,E01025452,South Ribble 014C,Criminal damage and arson,Unable to prosecute suspect,
049df56dc59478116640ad81cf1aef916cd41d92c62f7eef0aed30ac792930d5,2021-06,Lancashire Constabulary,Lancashire Constabulary,-2.733818,53.692302,On or near Barn Croft,E01025452,South Ribble 014C,Criminal damage and arson,Investigation complete; no suspect identified,
bb0b6de298782ae980c97e4955baf68f41a461d28a26750198f9f909dc305719,2021-06,Lancashire Constabulary,Lancashire Constabulary,-2.737839,53.693617,On or near Nookfield,E01025452,South Ribble 014C,Other theft,Investigation complete; no suspect identified,
315eef0c1efcd5e4040f64761ac8a54e17a366daa574dcdb651cc70abeb70d4c,2021-06,Lancashire Constabulary,Lancashire Constabulary,-2.731695,53.693016,On or near The Orchard,E01025452,South Ribble 014C,Public order,Further investigation is not in the public interest,
f6c376f498297681486ce7bfdbd9fb66516abdeca524d3b55f403a04dc6a4ebb,2021-06,Lancashire Constabulary,Lancashire Constabulary,-2.730902,53.694414,On or near Greystones,E01025452,South Ribble 014C,Vehicle crime,Investigation complete; no suspect identified,
10b36b41d83ac1938529aa412836baccb9573a09bc5d40cc3389527c8ed520b7,2021-06,Lancashire Constabulary,Lancashire Constabulary,-2.735951,53.693907,On or near Ashfields,E01025452,South Ribble 014C,Vehicle crime,Investigation complete; no suspect identified,
891e45fab5778c1910e4539132c8e6e95755f91aadf42375bdd7d78f62f2e01b,2021-06,Lancashire Constabulary,Lancashire Constabulary,-2.735951,53.693907,On or near Ashfields,E01025452,South Ribble 014C,Vehicle crime,Investigation complete; no suspect identified,
c54cf513a4cc54b6d4694b93da4b98779a93cb8965280f752af4f61877ca425e,2021-06,Lancashire Constabulary,Lancashire Constabulary,-2.733847,53.693965,On or near Robin Hey,E01025452,South Ribble 014C,Violence and sexual offences,Unable to prosecute suspect,
f7bc8b521cad83ff1d8a50c1dae17f50e501bdad8bb17161b6c2761c27efd98a,2021-06,Lancashire Constabulary,Lancashire Constabulary,-2.735951,53.693907,On or near Ashfields,E01025452,South Ribble 014C,Violence and sexual offences,Further investigation is not in the public interest,
ab7c6f520cf783e7d3e6058247f59e5c951110c0c7259ea036cabf0099aba5db,2021-06,Lancashire Constabulary,Lancashire Constabulary,-2.737839,53.693617,On or near Nookfield,E01025452,South Ribble 014C,Violence and sexual offences,Unable to prosecute suspect,
556aae6afc491024b6e1657d17cf93b0b33a3fff477b31abdbe51be6025b05d4,2021-06,Lancashire Constabulary,Lancashire Constabulary,-2.739951,53.693963,On or near The Laund,E01025452,South Ribble 014C,Violence and sexual offences,Unable to prosecute suspect,
,2021-06,Lancashire Constabulary,Lancashire Constabulary,-2.715227,53.696172,On or near Orrell Close,E01025415,South Ribble 015A,Anti-social behaviour,,
,2021-06,Lancashire Constabulary,Lancashire Constabulary,-2.714443,53.699996,On or near Hawthorn Close,E01025415,South Ribble 015A,Anti-social behaviour,,
,2021-06,Lancashire Constabulary,Lancashire Constabulary,-2.714443,53.699996,On or near Hawthorn Close,E01025415,South Ribble 015A,Anti-social behaviour,,
,2021-06,Lancashire Constabulary,Lancashire Constabulary,-2.714443,53.699996,On or near Hawthorn Close,E01025415,South Ribble 015A,Anti-social behaviour,,
,2021-06,Lancashire Constabulary,Lancashire Constabulary,-2.714443,53.699996,On or near Hawthorn Close,E01025415,South Ribble 015A,Anti-social behaviour,,
,2021-06,Lancashire Constabulary,Lancashire Constabulary,-2.713667,53.697997,On or near Leyland Lane,E01025415,South Ribble 015A,Anti-social behaviour,,
,2021-06,Lancashire Constabulary,Lancashire Constabulary,-2.715895,53.694505,On or near Mosslands,E01025415,South Ribble 015A,Anti-social behaviour,,
,2021-06,Lancashire Constabulary,Lancashire Constabulary,-2.714443,53.699996,On or near Hawthorn Close,E01025415,South Ribble 015A,Anti-social behaviour,,
,2021-06,Lancashire Constabulary,Lancashire Constabulary,-2.713667,53.697997,On or near Leyland Lane,E01025415,South Ribble 015A,Anti-social behaviour,,
,2021-06,Lancashire Constabulary,Lancashire Constabulary,-2.712302,53.695182,On or near Leadale Green,E01025415,South Ribble 015A,Anti-social behaviour,,
,2021-06,Lancashire Constabulary,Lancashire Constabulary,-2.712302,53.695182,On or near Leadale Green,E01025415,South Ribble 015A,Anti-social behaviour,,
,2021-06,Lancashire Constabulary,Lancashire Constabulary,-2.714443,53.699996,On or near Hawthorn Close,E01025415,South Ribble 015A,Anti-social behaviour,,
,2021-06,Lancashire Constabulary,Lancashire Constabulary,-2.714443,53.699996,On or near Hawthorn Close,E01025415,South Ribble 015A,Anti-social behaviour,,
ffe9cd20446b4e32483441c1aaed3fb3b53584f31197e0ad7d28fd0257083f96,2021-06,Lancashire Constabulary,Lancashire Constabulary,-2.713667,53.697997,On or near Leyland Lane,E01025415,South Ribble 015A,Burglary,Status update unavailable,
bc982182563c67e5dd40ef4f8f416898f067b0f6fec523a43ec2730103cfc949,2021-06,Lancashire Constabulary,Lancashire Constabulary,-2.715227,53.696172,On or near Orrell Close,E01025415,South Ribble 015A,Criminal damage and arson,Offender given penalty notice,
6d329045c2787dda2c65aaa790d9178838a1bb442c5bb7a3f054e90a45282438,2021-06,Lancashire Constabulary,Lancashire Constabulary,-2.714443,53.699996,On or near Hawthorn Close,E01025415,South Ribble 015A,Criminal damage and arson,Investigation complete; no suspect identified,
5fca0a8362dc4544d4f40adef66167ca1ebf5ab6102f85b00db9773ccb3a4087,2021-06,Lancashire Constabulary,Lancashire Constabulary,-2.714443,53.699996,On or near Hawthorn Close,E01025415,South Ribble 015A,Criminal damage and arson,Investigation complete; no suspect identified,
193366693aa1e3c12f9ec3c74c6ab76ca351138f4fa6f8b2463ad257f65e6369,2021-06,Lancashire Constabulary,Lancashire Constabulary,-2.715227,53.696172,On or near Orrell Close,E01025415,South Ribble 015A,Criminal damage and arson,Investigation complete; no suspect identified,
c8cccc39f868d6bec27f573ace92a0863e26330817bba210f9236770cbe43374,2021-06,Lancashire Constabulary,Lancashire Constabulary,-2.715895,53.694505,On or near Mosslands,E01025415,South Ribble 015A,Other theft,Investigation complete; no suspect identified,
6670145ba4a5ddee519abd978b3bda130fb9617ac62ba842e3a71a530ff8aa68,2021-06,Lancashire Constabulary,Lancashire Constabulary,-2.715227,53.696172,On or near Orrell Close,E01025415,South Ribble 015A,Public order,Status update unavailable,
58870255f22c5126d9811f8698f61cee416fda7b8ac909198998d019226a835c,2021-06,Lancashire Constabulary,Lancashire Constabulary,-2.717217,53.694749,On or near Homestead Close,E01025415,South Ribble 015A,Vehicle crime,Investigation complete; no suspect identified,
48c39390ff1737a677bc9474ba3aea1ca4874a9eb8df73468eb4cc46bee9e4c9,2021-06,Lancashire Constabulary,Lancashire Constabulary,-2.712791,53.694568,On or near Leadale Road,E01025415,South Ribble 015A,Violence and sexual offences,Unable to prosecute suspect,
6ee08b6186e06b055d0003b5bdeabf9ede9984a6af50378bc4501dab35d7c5e1,2021-06,Lancashire Constabulary,Lancashire Constabulary,-2.713520,53.696470,On or near Earnshaw Drive,E01025415,South Ribble 015A,Violence and sexual offences,Unable to prosecute suspect,
741b9087a2e48c4294f53c999a272f86a2f7f271915c88cd46d6c2949cbcc6ab,2021-06,Lancashire Constabulary,Lancashire Constabulary,-2.712791,53.694568,On or near Leadale Road,E01025415,South Ribble 015A,Violence and sexual offences,Unable to prosecute suspect,
9fa36ae6550953032a401639996cc66037c6ed32c3f9595868b642aa109a864f,2021-06,Lancashire Constabulary,Lancashire Constabulary,-2.714443,53.699996,On or near Hawthorn Close,E01025415,South Ribble 015A,Violence and sexual offences,Unable to prosecute suspect,
1f346c34eee15750b3c6646091f4ba4c0d6063585b6efa09df2be64b168ea11c,2021-06,Lancashire Constabulary,Lancashire Constabulary,-2.712791,53.694568,On or near Leadale Road,E01025415,South Ribble 015A,Violence and sexual offences,Unable to prosecute suspect,
4927ae1b65a1c271882172e4e124c8f9eb5acd7c0e1a2012df881904b5ae4884,2021-06,Lancashire Constabulary,Lancashire Constabulary,-2.715227,53.696172,On or near Orrell Close,E01025415,South Ribble 015A,Violence and sexual offences,Unable to prosecute suspect,
3accbfba52ad16233e8795ce7882b7a86b4c8b80ecb563adada6df83a3a7b44f,2021-06,Lancashire Constabulary,Lancashire Constabulary,-2.712791,53.694568,On or near Leadale Road,E01025415,South Ribble 015A,Violence and sexual offences,Unable to prosecute suspect,
,2021-06,Lancashire Constabulary,Lancashire Constabulary,-2.709535,53.697275,On or near Edgehill Crescent,E01025423,South Ribble 015B,Anti-social behaviour,,
,2021-06,Lancashire Constabulary,Lancashire Constabulary,-2.705377,53.695853,On or near Broadgreen Close,E01025423,South Ribble 015B,Anti-social behaviour,,
,2021-06,Lancashire Constabulary,Lancashire Constabulary,-2.709535,53.697275,On or near Edgehill Crescent,E01025423,South Ribble 015B,Anti-social behaviour,,
,2021-06,Lancashire Constabulary,Lancashire Constabulary,-2.705693,53.696660,On or near Northbrook Road,E01025423,South Ribble 015B,Anti-social behaviour,,
,2021-06,Lancashire Constabulary,Lancashire Constabulary,-2.705637,53.694224,On or near Southbrook Road,E01025423,South Ribble 015B,Anti-social behaviour,,
,2021-06,Lancashire Constabulary,Lancashire Constabulary,-2.703949,53.694702,On or near Haig Avenue,E01025423,South Ribble 015B,Anti-social behaviour,,
,2021-06,Lancashire Constabulary,Lancashire Constabulary,-2.708340,53.695566,On or near Ryan Close,E01025423,South Ribble 015B,Anti-social behaviour,,
,2021-06,Lancashire Constabulary,Lancashire Constabulary,-2.704888,53.698336,On or near Golden Hill Lane,E01025423,South Ribble 015B,Anti-social behaviour,,
,2021-06,Lancashire Constabulary,Lancashire Constabulary,-2.703454,53.697707,On or near Hillbrook Road,E01025423,South Ribble 015B,Anti-social behaviour,,
c25c67e5b2b38415f7127b81bc2e3c6a589f0e26388bd797588ccb59cb9bb02a,2021-06,Lancashire Constabulary,Lancashire Constabulary,-2.703454,53.697707,On or near Hillbrook Road,E01025423,South Ribble 015B,Drugs,Offender given a caution,
aa811138e0298b44827cdccb69eb5f1b08885eb0373c69f7faa7fd815324b6ef,2021-06,Lancashire Constabulary,Lancashire Constabulary,-2.709535,53.697275,On or near Edgehill Crescent,E01025423,South Ribble 015B,Other theft,Investigation complete; no suspect identified,
91788a6f457a15b8dbc20825c7077c9c3cf9ce3e3d2000c25deef35a8330f7b2,2021-06,Lancashire Constabulary,Lancashire Constabulary,-2.708340,53.695566,On or near Ryan Close,E01025423,South Ribble 015B,Public order,Unable to prosecute suspect,
ff928fc78ce8e8abc654c030dc22fc8665d5b169227247a39ad020ce6716bf6c,2021-06,Lancashire Constabulary,Lancashire Constabulary,-2.704888,53.698336,On or near Golden Hill Lane,E01025423,South Ribble 015B,Public order,Action to be taken by another organisation,
795c2aeb96b7ea102919ebffab2975b38085187b9d8a867ed12c34c29b6aa08b,2021-06,Lancashire Constabulary,Lancashire Constabulary,-2.707537,53.697359,On or near Wood Green,E01025423,South Ribble 015B,Vehicle crime,Investigation complete; no suspect identified,
6eb98c286112c2cf17c42d5efad06f505a311a5856c3387b2cf2c98ae5c8458f,2021-06,Lancashire Constabulary,Lancashire Constabulary,-2.703454,53.697707,On or near Hillbrook Road,E01025423,South Ribble 015B,Vehicle crime,Investigation complete; no suspect identified,
38ebb65508856047d12d16cb9ca1f1806c077e716d3d8f196c8215a6e0b29b20,2021-06,Lancashire Constabulary,Lancashire Constabulary,-2.705377,53.695853,On or near Broadgreen Close,E01025423,South Ribble 015B,Violence and sexual offences,Investigation complete; no suspect identified,
a931cf31bfc59394c6668212fdf7d06441ce727b8fbad1026c4e7c0f87040586,2021-06,Lancashire Constabulary,Lancashire Constabulary,-2.703454,53.697707,On or near Hillbrook Road,E01025423,South Ribble 015B,Violence and sexual offences,Formal action is not in the public interest,
9c0940390def72a110fed19bd6f90b5f7248855ee1b011daab0a62aca65a8869,2021-06,Lancashire Constabulary,Lancashire Constabulary,-2.707537,53.697359,On or near Wood Green,E01025423,South Ribble 015B,Violence and sexual offences,Investigation complete; no suspect identified,
1c8c496680cf55675d3dd047909edd3156a6510420ec3910bc0e1c1527956070,2021-06,Lancashire Constabulary,Lancashire Constabulary,-2.708568,53.696490,On or near Bannister Drive,E01025423,South Ribble 015B,Violence and sexual offences,Unable to prosecute suspect,
f3b86842bead04001af64e1b5cae79cf9653edafab08f75e7fdd8228aede1630,2021-06,Lancashire Constabulary,Lancashire Constabulary,-2.708568,53.696490,On or near Bannister Drive,E01025423,South Ribble 015B,Violence and sexual offences,Unable to prosecute suspect,
aa3635cbbb5bceb870a3f42bfa04a089071bc23e1d6b21d6ae40e166f8a68ef9,2021-06,Lancashire Constabulary,Lancashire Constabulary,-2.705637,53.694224,On or near Southbrook Road,E01025423,South Ribble 015B,Violence and sexual offences,Status update unavailable,
4229e9e0b6d27d3aea71d9e3cf3c180b91a3247ff923ff6843db1db8b75a7529,2021-06,Lancashire Constabulary,Lancashire Constabulary,-2.705637,53.694224,On or near Southbrook Road,E01025423,South Ribble 015B,Violence and sexual offences,Unable to prosecute suspect,
,2021-06,Lancashire Constabulary,Lancashire Constabulary,-2.695419,53.689925,On or near St Andrews Way,E01025435,South Ribble 015C,Anti-social behaviour,,
,2021-06,Lancashire Constabulary,Lancashire Constabulary,-2.691681,53.690072,On or near Austins Close,E01025435,South Ribble 015C,Anti-social behaviour,,
,2021-06,Lancashire Constabulary,Lancashire Constabulary,-2.695419,53.689925,On or near St Andrews Way,E01025435,South Ribble 015C,Anti-social behaviour,,
,2021-06,Lancashire Constabulary,Lancashire Constabulary,-2.697996,53.692813,On or near Belgrave Road,E01025435,South Ribble 015C,Anti-social behaviour,,
,2021-06,Lancashire Constabulary,Lancashire Constabulary,-2.698033,53.688633,On or near Towngate,E01025435,South Ribble 015C,Anti-social behaviour,,
,2021-06,Lancashire Constabulary,Lancashire Constabulary,-2.695419,53.689925,On or near St Andrews Way,E01025435,South Ribble 015C,Anti-social behaviour,,
,2021-06,Lancashire Constabulary,Lancashire Constabulary,-2.702049,53.683360,On or near Sports/Recreation Area,E01025435,South Ribble 015C,Anti-social behaviour,,
,2021-06,Lancashire Constabulary,Lancashire Constabulary,-2.695631,53.692647,On or near Vevey Street,E01025435,South Ribble 015C,Anti-social behaviour,,
,2021-06,Lancashire Constabulary,Lancashire Constabulary,-2.695419,53.689925,On or near St Andrews Way,E01025435,South Ribble 015C,Anti-social behaviour,,
,2021-06,Lancashire Constabulary,Lancashire Constabulary,-2.699811,53.689953,On or near Petrol Station,E01025435,South Ribble 015C,Anti-social behaviour,,
,2021-06,Lancashire Constabulary,Lancashire Constabulary,-2.698033,53.688633,On or near Towngate,E01025435,South Ribble 015C,Anti-social behaviour,,
,2021-06,Lancashire Constabulary,Lancashire Constabulary,-2.702049,53.683360,On or near Sports/Recreation Area,E01025435,South Ribble 015C,Anti-social behaviour,,
676c7ad53c713133226a6bffd439911f3fec9c789d0a839c8347200afab680bd,2021-06,Lancashire Constabulary,Lancashire Constabulary,-2.698033,53.688633,On or near Towngate,E01025435,South Ribble 015C,Burglary,Unable to prosecute suspect,
f6b1eab2c0135286d4847e91260c923fcc36b497161506565bf646daae188f4f,2021-06,Lancashire Constabulary,Lancashire Constabulary,-2.695631,53.692647,On or near Vevey Street,E01025435,South Ribble 015C,Criminal damage and arson,Status update unavailable,
1638bcdcde20001c2ed1d7920cae1fcd0e0b6817a29e9567ca663062e900a815,2021-06,Lancashire Constabulary,Lancashire Constabulary,-2.704016,53.683304,On or near Sports/Recreation Area,E01025435,South Ribble 015C,Drugs,Status update unavailable,
2410152f7523c771adfaf0645bfe45f8fcbc00c0d6bb2fb39e7da126817b4c5a,2021-06,Lancashire Constabulary,Lancashire Constabulary,-2.698033,53.688633,On or near Towngate,E01025435,South Ribble 015C,Public order,Investigation complete; no suspect identified,
8422470e9d4a228c1954f30bcfbe802d7bb4eb238a23688de6d745e27c51bf3d,2021-06,Lancashire Constabulary,Lancashire Constabulary,-2.697804,53.691304,On or near Supermarket,E01025435,South Ribble 015C,Public order,Status update unavailable,
746ff7257884d0dac6d6bc30c7af7fa83ea73f1871a379924821720250b061d0,2021-06,Lancashire Constabulary,Lancashire Constabulary,-2.702049,53.683360,On or near Sports/Recreation Area,E01025435,South Ribble 015C,Public order,Local resolution,
bebfa6391caf37fa9cd8567f233cfa1b854089112b381bec8c51a810a3654bf1,2021-06,Lancashire Constabulary,Lancashire Constabulary,-2.695419,53.689925,On or near St Andrews Way,E01025435,South Ribble 015C,Shoplifting,Court result unavailable,
ece71ae26b6b74a975c271ae62aaf367712534f76d60e2648f0bf93a56694183,2021-06,Lancashire Constabulary,Lancashire Constabulary,-2.697804,53.691304,On or near Supermarket,E01025435,South Ribble 015C,Violence and sexual offences,Unable to prosecute suspect,
5ef8980cd4e4b255f9dd19f750eaeba07c78b5a5790c6cf3a79210787e3a2bc6,2021-06,Lancashire Constabulary,Lancashire Constabulary,-2.699811,53.689953,On or near Petrol Station,E01025435,South Ribble 015C,Violence and sexual offences,Investigation complete; no suspect identified,
5cfc481502b44a08712ba701676bc1c8ecbd68fff2d653163bb75a68286a423c,2021-06,Lancashire Constabulary,Lancashire Constabulary,-2.694572,53.689058,On or near Balcarres Road,E01025435,South Ribble 015C,Violence and sexual offences,Further action is not in the public interest,
0cfe81c4957f4ce5742862cf2a441789b71ca2656328c462abc4c2a7ae72bdf6,2021-06,Lancashire Constabulary,Lancashire Constabulary,-2.700253,53.691038,On or near Spring Gardens,E01025435,South Ribble 015C,Violence and sexual offences,Unable to prosecute suspect,
,2021-06,Lancashire Constabulary,Lancashire Constabulary,-2.710648,53.688730,On or near West Paddock,E01025446,South Ribble 015D,Anti-social behaviour,,
,2021-06,Lancashire Constabulary,Lancashire Constabulary,-2.705307,53.689885,On or near Roberts Close,E01025446,South Ribble 015D,Anti-social behaviour,,
,2021-06,Lancashire Constabulary,Lancashire Constabulary,-2.704383,53.691706,On or near Nursery Close,E01025446,South Ribble 015D,Anti-social behaviour,,
,2021-06,Lancashire Constabulary,Lancashire Constabulary,-2.705307,53.689885,On or near Roberts Close,E01025446,South Ribble 015D,Anti-social behaviour,,
,2021-06,Lancashire Constabulary,Lancashire Constabulary,-2.701037,53.687186,On or near Sports/Recreation Area,E01025446,South Ribble 015D,Anti-social behaviour,,
77f1fafb21bb1229592d49f6574cca3a8ef9cef89fe20faf67e6489b02fc0343,2021-06,Lancashire Constabulary,Lancashire Constabulary,-2.709471,53.692548,On or near Gorsewood Road,E01025446,South Ribble 015D,Vehicle crime,Investigation complete; no suspect identified,
bef5b2ba29e0c154ab61639d6c692bf112b825e9318928f1aee17ef8d0a6f222,2021-06,Lancashire Constabulary,Lancashire Constabulary,-2.710010,53.692185,On or near Spey Close,E01025446,South Ribble 015D,Violence and sexual offences,Unable to prosecute suspect,
0bf2d864d7dfd79ed1bdb0149688f33e5dc4ddf21099b3a0d0336d6a2bea3c88,2021-06,Lancashire Constabulary,Lancashire Constabulary,-2.701037,53.687186,On or near Sports/Recreation Area,E01025446,South Ribble 015D,Violence and sexual offences,Further investigation is not in the public interest,
a5e647fe3071b514e0257b5eede1b5124446c3ae7cab268327f9e9dd1c4d928b,2021-06,Lancashire Constabulary,Lancashire Constabulary,-2.709858,53.693040,On or near Hazelwood Close,E01025446,South Ribble 015D,Violence and sexual offences,Investigation complete; no suspect identified,
08622eadf8d182ceee1e9505b8443d21c2e4fcd315043d21c6156c5f0fcbbdde,2021-06,Lancashire Constabulary,Lancashire Constabulary,-2.690610,53.692146,On or near Broad Square,E01025430,South Ribble 016A,Criminal damage and arson,Unable to prosecute suspect,
b33c221af4416da29318b1ff9767a9174c2d584c690679a1f18bdfe0cc7fe373,2021-06,Lancashire Constabulary,Lancashire Constabulary,-2.693802,53.690141,On or near Balcarres Place,E01025430,South Ribble 016A,Public order,Unable to prosecute suspect,
31bd3b82e9a9f23e3d4dc0fd026fb8be2b82535c4e1e358b5a6b5be53a74c34f,2021-06,Lancashire Constabulary,Lancashire Constabulary,-2.688541,53.693443,On or near Nelson Avenue,E01025430,South Ribble 016A,Shoplifting,Status update unavailable,
007786a0497d3b13c3b949c0972ec14eba421d7ab723dd4ac835e6d0081831c3,2021-06,Lancashire Constabulary,Lancashire Constabulary,-2.692947,53.690631,On or near Deighton Avenue,E01025430,South Ribble 016A,Vehicle crime,Investigation complete; no suspect identified,
40c21e800dc4ef5adaae9a3020fe62d412741a75f00dd9e2d3519850c0eb6a86,2021-06,Lancashire Constabulary,Lancashire Constabulary,-2.693802,53.690141,On or near Balcarres Place,E01025430,South Ribble 016A,Vehicle crime,Investigation complete; no suspect identified,
e959233e44d942421c17736da698ebecf78f29fab9ef8467de46e615d8f01c92,2021-06,Lancashire Constabulary,Lancashire Constabulary,-2.686875,53.691565,On or near Canberra Road,E01025430,South Ribble 016A,Vehicle crime,Investigation complete; no suspect identified,
feefeb8ce40515fe6485a379959a8b25019da0482aa19e92db00a6739151b960,2021-06,Lancashire Constabulary,Lancashire Constabulary,-2.690610,53.692146,On or near Broad Square,E01025430,South Ribble 016A,Violence and sexual offences,Unable to prosecute suspect,
ae13c9064609af63b13d83de95cfbb345ceb433a1d8b2958b8fd2dbbc015eb26,2021-06,Lancashire Constabulary,Lancashire Constabulary,-2.684753,53.689573,On or near Denford Avenue,E01025430,South Ribble 016A,Violence and sexual offences,Further investigation is not in the public interest,
985e7a17e6e95d4d7105d646912862ad3306ef6d9ee5a01c3b8cc93387ecf460,2021-06,Lancashire Constabulary,Lancashire Constabulary,-2.685501,53.689982,On or near Worcester Avenue,E01025430,South Ribble 016A,Violence and sexual offences,Status update unavailable,
,2021-06,Lancashire Constabulary,Lancashire Constabulary,-2.685236,53.688563,On or near Church Road,E01025434,South Ribble 016C,Anti-social behaviour,,
,2021-06,Lancashire Constabulary,Lancashire Constabulary,-2.684363,53.688892,On or near Claremount Avenue,E01025434,South Ribble 016C,Anti-social behaviour,,
,2021-06,Lancashire Constabulary,Lancashire Constabulary,-2.685236,53.688563,On or near Church Road,E01025434,South Ribble 016C,Anti-social behaviour,,
,2021-06,Lancashire Constabulary,Lancashire Constabulary,-2.685236,53.688563,On or near Church Road,E01025434,South Ribble 016C,Anti-social behaviour,,
,2021-06,Lancashire Constabulary,Lancashire Constabulary,-2.685236,53.688563,On or near Church Road,E01025434,South Ribble 016C,Anti-social behaviour,,
73d19b9216320182422899312c8e188210d8abb1c29082211e9c228fc4b01967,2021-06,Lancashire Constabulary,Lancashire Constabulary,-2.695700,53.685842,On or near Edale Close,E01025434,South Ribble 016C,Burglary,Investigation complete; no suspect identified,
e3eed445642eccc41480d4d5768ce58431cb25be6d4f01d68eea7a4c4815f4cd,2021-06,Lancashire Constabulary,Lancashire Constabulary,-2.685687,53.683698,On or near Alandale Close,E01025434,South Ribble 016C,Burglary,Investigation complete; no suspect identified,
4bdd2dfacdd0d6fb1eff12ff70581793ed82d1ec294fc0e8643d0ad0af8d9de5,2021-06,Lancashire Constabulary,Lancashire Constabulary,-2.695700,53.685842,On or near Edale Close,E01025434,South Ribble 016C,Vehicle crime,Investigation complete; no suspect identified,
d12bf1ffd95ba2253c725e45d33de9028bdb2e3a67cfbd1d147f40621ff3247f,2021-06,Lancashire Constabulary,Lancashire Constabulary,-2.689924,53.687224,On or near Beechfield Road,E01025434,South Ribble 016C,Vehicle crime,Unable to prosecute suspect,
26904f745bd2b99427f1bea0040b6750c1e8de2189ed2d46892844fbfbf48bd2,2021-06,Lancashire Constabulary,Lancashire Constabulary,-2.695700,53.685842,On or near Edale Close,E01025434,South Ribble 016C,Violence and sexual offences,Investigation complete; no suspect identified,
,2021-06,Lancashire Constabulary,Lancashire Constabulary,-2.675604,53.692240,On or near Croft Park,E01032928,South Ribble 016D,Anti-social behaviour,,
,2021-06,Lancashire Constabulary,Lancashire Constabulary,-2.671286,53.686422,On or near Eaton Avenue,E01032928,South Ribble 016D,Anti-social behaviour,,
e64fdb47120ed235cc3a64c6d40cf8ae87de6fd832dc4d7a28c8606e5c91f150,2021-06,Lancashire Constabulary,Lancashire Constabulary,-2.668503,53.681863,On or near Silverstone Street,E01032928,South Ribble 016D,Criminal damage and arson,Unable to prosecute suspect,
a35655a66ed287ebaa6fca65b9f53b9bf610efcf727dde42160bb710c43e0baa,2021-06,Lancashire Constabulary,Lancashire Constabulary,-2.662390,53.684962,On or near Bamber Avenue,E01032928,South Ribble 016D,Violence and sexual offences,Unable to prosecute suspect,
c137264d0311a26b7abe49ebaad835b734326db23363bb98fd7427f5dce7fdd0,2021-06,Lancashire Constabulary,Lancashire Constabulary,-2.659542,53.684879,On or near Mayflower Crescent,E01032928,South Ribble 016D,Violence and sexual offences,Court result unavailable,
,2021-06,Lancashire Constabulary,Lancashire Constabulary,-2.679390,53.694142,On or near Hill Road,E01032929,South Ribble 016E,Anti-social behaviour,,
a0b53913a0bedcd605a77f2a31d741484a00d8e28da94a2b45c2c5f30921858b,2021-06,Lancashire Constabulary,Lancashire Constabulary,-2.681879,53.691665,On or near Wrights Fold,E01032929,South Ribble 016E,Criminal damage and arson,Investigation complete; no suspect identified,
bef5546d25947707277f4446cbaccb9bfd75a2a93befa57ddf9fb051d434d888,2021-06,Lancashire Constabulary,Lancashire Constabulary,-2.679849,53.688774,On or near Arundel Way,E01032929,South Ribble 016E,Other theft,Unable to prosecute suspect,
93bf77ef4c07df265dce0f615d311c8f37b7e0da1d7d636769ac9bb664ecca3f,2021-06,Lancashire Constabulary,Lancashire Constabulary,-2.679610,53.691849,On or near Russell Avenue,E01032929,South Ribble 016E,Public order,Further investigation is not in the public interest,
,2021-06,Lancashire Constabulary,Lancashire Constabulary,-2.714426,53.685597,On or near Springfield Road,E01025445,South Ribble 017A,Anti-social behaviour,,
,2021-06,Lancashire Constabulary,Lancashire Constabulary,-2.710405,53.684174,On or near Kingsway,E01025445,South Ribble 017A,Anti-social behaviour,,
,2021-06,Lancashire Constabulary,Lancashire Constabulary,-2.709190,53.683930,On or near Norfolk Close,E01025445,South Ribble 017A,Anti-social behaviour,,
,2021-06,Lancashire Constabulary,Lancashire Constabulary,-2.714565,53.684841,On or near Clayton Avenue,E01025445,South Ribble 017A,Anti-social behaviour,,
,2021-06,Lancashire Constabulary,Lancashire Constabulary,-2.712249,53.685772,On or near Queensway,E01025445,South Ribble 017A,Anti-social behaviour,,
,2021-06,Lancashire Constabulary,Lancashire Constabulary,-2.716250,53.684220,On or near Butlers Farm Court,E01025445,South Ribble 017A,Anti-social behaviour,,
,2021-06,Lancashire Constabulary,Lancashire Constabulary,-2.709210,53.685161,On or near York Close,E01025445,South Ribble 017A,Anti-social behaviour,,
,2021-06,Lancashire Constabulary,Lancashire Constabulary,-2.709190,53.683930,On or near Norfolk Close,E01025445,South Ribble 017A,Anti-social behaviour,,
,2021-06,Lancashire Constabulary,Lancashire Constabulary,-2.713205,53.685020,On or near Farington Avenue,E01025445,South Ribble 017A,Anti-social behaviour,,
,2021-06,Lancashire Constabulary,Lancashire Constabulary,-2.709210,53.685161,On or near York Close,E01025445,South Ribble 017A,Anti-social behaviour,,
,2021-06,Lancashire Constabulary,Lancashire Constabulary,-2.714565,53.684841,On or near Clayton Avenue,E01025445,South Ribble 017A,Anti-social behaviour,,
,2021-06,Lancashire Constabulary,Lancashire Constabulary,-2.714426,53.685597,On or near Springfield Road,E01025445,South Ribble 017A,Anti-social behaviour,,
1782c84b97da11778b0fc4329e2df4d5a19897cfd1b801678c7fbc79064ea9e1,2021-06,Lancashire Constabulary,Lancashire Constabulary,-2.709190,53.683930,On or near Norfolk Close,E01025445,South Ribble 017A,Bicycle theft,Investigation complete; no suspect identified,
73fdb6e230e4db47cad793528baad44fc2407fb31663168d63c0b3dbeab83cbb,2021-06,Lancashire Constabulary,Lancashire Constabulary,-2.716250,53.684220,On or near Butlers Farm Court,E01025445,South Ribble 017A,Burglary,Status update unavailable,
5cea0d6536d1908fb6dd3db5be32dc9dd83c7dfc5856110f87a7d99690246c13,2021-06,Lancashire Constabulary,Lancashire Constabulary,-2.708064,53.684512,On or near Kingsway,E01025445,South Ribble 017A,Burglary,Unable to prosecute suspect,
9173d2d1344a6ff659ac34f63bc421ccb5b02f232da887a19a81de9b79a7da4f,2021-06,Lancashire Constabulary,Lancashire Constabulary,-2.716250,53.684220,On or near Butlers Farm Court,E01025445,South Ribble 017A,Criminal damage and arson,Unable to prosecute suspect,
53d6804bc8bc33d57a273db1be996056c1988a138b2f76755aba3dc16cec401e,2021-06,Lancashire Constabulary,Lancashire Constabulary,-2.710630,53.684056,On or near Cumberland Avenue,E01025445,South Ribble 017A,Other theft,Status update unavailable,
d6933f54780ce08e9e083889ce4124e64d8770e6010bcf0450b05d4635c03985,2021-06,Lancashire Constabulary,Lancashire Constabulary,-2.708064,53.684512,On or near Kingsway,E01025445,South Ribble 017A,Other theft,Unable to prosecute suspect,
b1fac21da8e803e3bb23ef762e596e9fd1ac4483b2877d73f045bf2464b4209d,2021-06,Lancashire Constabulary,Lancashire Constabulary,-2.716195,53.684553,On or near Windsor Close,E01025445,South Ribble 017A,Public order,Status update unavailable,
882573302e043cbbcd1b4460a77cf9ea34258efa08a3b0286c21f4ff0af6d11f,2021-06,Lancashire Constabulary,Lancashire Constabulary,-2.708064,53.684512,On or near Kingsway,E01025445,South Ribble 017A,Violence and sexual offences,Investigation complete; no suspect identified,
13beab4dd18141bef7eb038c5297f0f314b9638c6b8e0478a080d66724a0f38a,2021-06,Lancashire Constabulary,Lancashire Constabulary,-2.708064,53.684512,On or near Kingsway,E01025445,South Ribble 017A,Violence and sexual offences,Investigation complete; no suspect identified,
ad4be4ea3a8f8f25c3358cff78fd964b006e2aeae319a96dc88f895cc301be3b,2021-06,Lancashire Constabulary,Lancashire Constabulary,-2.708064,53.684512,On or near Kingsway,E01025445,South Ribble 017A,Violence and sexual offences,Investigation complete; no suspect identified,
1b3df4b6af094c1c17619466a3d709b5c91509628f12409869cfae8a69f0ed4a,2021-06,Lancashire Constabulary,Lancashire Constabulary,-2.712760,53.682857,On or near Shaw Brook Road,E01025445,South Ribble 017A,Violence and sexual offences,Unable to prosecute suspect,
,2021-06,Lancashire Constabulary,Lancashire Constabulary,-2.713625,53.687454,On or near Wigton Avenue,E01025447,South Ribble 017B,Anti-social behaviour,,
,2021-06,Lancashire Constabulary,Lancashire Constabulary,-2.713625,53.687454,On or near Wigton Avenue,E01025447,South Ribble 017B,Anti-social behaviour,,
,2021-06,Lancashire Constabulary,Lancashire Constabulary,-2.714012,53.688818,On or near Fox Lane,E01025447,South Ribble 017B,Anti-social behaviour,,
,2021-06,Lancashire Constabulary,Lancashire Constabulary,-2.715416,53.690373,On or near Yarrow Place,E01025447,South Ribble 017B,Anti-social behaviour,,
d4c1a33e87d889954e16badbd347298a7ce0c7c3a886de09e3436a495aff1bd0,2021-06,Lancashire Constabulary,Lancashire Constabulary,-2.713726,53.689871,On or near Ribble Road,E01025447,South Ribble 017B,Burglary,Investigation complete; no suspect identified,
85118d1e8b88f849ccdc59808d371028c9a74e6afb15f2c429a6da7ff415ea24,2021-06,Lancashire Constabulary,Lancashire Constabulary,-2.713625,53.687454,On or near Wigton Avenue,E01025447,South Ribble 017B,Criminal damage and arson,Unable to prosecute suspect,
60df2b59eb2d96e76bac3326bc810feaa68a186ce5e843ee6671d55df4ca1ce4,2021-06,Lancashire Constabulary,Lancashire Constabulary,-2.714012,53.688818,On or near Fox Lane,E01025447,South Ribble 017B,Other theft,Unable to prosecute suspect,
4b14b8adf181070d36a51b4f24b73bc18e3da8077e3a2d2d37f884109261f844,2021-06,Lancashire Constabulary,Lancashire Constabulary,-2.713625,53.687454,On or near Wigton Avenue,E01025447,South Ribble 017B,Possession of weapons,Unable to prosecute suspect,
2d74be11d7d8bf015d1a1dfc453f46754d42dd605771846d07bfbf6572096e4f,2021-06,Lancashire Constabulary,Lancashire Constabulary,-2.713752,53.691354,On or near Mill Lane,E01025447,South Ribble 017B,Vehicle crime,Investigation complete; no suspect identified,
f7568e32ff1ca37ce6d6d17d8ba71ad6ffd6ca0dea49255b96374fca9d8b0022,2021-06,Lancashire Constabulary,Lancashire Constabulary,-2.713625,53.687454,On or near Wigton Avenue,E01025447,South Ribble 017B,Violence and sexual offences,Court result unavailable,
4d032a54752052df84b5249f57dc9f95d0d808c9c8dce09e84b0fac5b6b647e8,2021-06,Lancashire Constabulary,Lancashire Constabulary,-2.711904,53.690439,On or near Cherrywood Close,E01025447,South Ribble 017B,Violence and sexual offences,Unable to prosecute suspect,
f4ef524f9e7d12906ed608ab05d9680a6bcc0e3964f266fb798392fc89f3327a,2021-06,Lancashire Constabulary,Lancashire Constabulary,-2.714658,53.686773,On or near Seven Stars Road,E01025447,South Ribble 017B,Violence and sexual offences,Unable to prosecute suspect,
474a23c2d0d4e6337851c685208ea3e48087609c189a6b29040108fd47bbb972,2021-06,Lancashire Constabulary,Lancashire Constabulary,-2.714658,53.686773,On or near Seven Stars Road,E01025447,South Ribble 017B,Violence and sexual offences,Further investigation is not in the public interest,
7b2d5ff07fa95d25bc742d107f880eebe90be1db5544b173933ca54c9f4f5158,2021-06,Lancashire Constabulary,Lancashire Constabulary,-2.713625,53.687454,On or near Wigton Avenue,E01025447,South Ribble 017B,Violence and sexual offences,Court result unavailable,
90815a992abfbed90f6ac8390e419e8a9cf62525b7d6cb6bd7ecb209a7b62268,2021-06,Lancashire Constabulary,Lancashire Constabulary,-2.713625,53.687454,On or near Wigton Avenue,E01025447,South Ribble 017B,Violence and sexual offences,Formal action is not in the public interest,
3219d5069b4f66da4bde194604863855e2b0f5e3ce578974c8f8215eb5ac29d8,2021-06,Lancashire Constabulary,Lancashire Constabulary,-2.713625,53.687454,On or near Wigton Avenue,E01025447,South Ribble 017B,Violence and sexual offences,Further investigation is not in the public interest,
5a522550ed488d9cf85ac514f8f57f15949132ea58b043a6e69bd3843a95de66,2021-06,Lancashire Constabulary,Lancashire Constabulary,-2.714012,53.688818,On or near Fox Lane,E01025447,South Ribble 017B,Violence and sexual offences,Status update unavailable,
65ace947a8a75385547bc49f50f602868502abcb43639d9af57310719a8d947b,2021-06,Lancashire Constabulary,Lancashire Constabulary,-2.713625,53.687454,On or near Wigton Avenue,E01025447,South Ribble 017B,Other crime,Unable to prosecute suspect,
,2021-06,Lancashire Constabulary,Lancashire Constabulary,-2.717396,53.689247,On or near Slater Lane,E01025459,South Ribble 017C,Anti-social behaviour,,
,2021-06,Lancashire Constabulary,Lancashire Constabulary,-2.716497,53.688964,On or near Leyland Lane,E01025459,South Ribble 017C,Anti-social behaviour,,
,2021-06,Lancashire Constabulary,Lancashire Constabulary,-2.720557,53.690792,On or near Dunkirk Lane,E01025459,South Ribble 017C,Anti-social behaviour,,
09d0fe30a6df5f4d32dbb8e239f152c7588c8d70c21ed871a65d9981eec8ba5a,2021-06,Lancashire Constabulary,Lancashire Constabulary,-2.718501,53.690157,On or near Dunkirk Mews,E01025459,South Ribble 017C,Criminal damage and arson,Investigation complete; no suspect identified,
e2ee50fb5593bca11dc13f8582b38e93fbcb9e2c40928e2c594daff75b2494e4,2021-06,Lancashire Constabulary,Lancashire Constabulary,-2.716435,53.688875,On or near Leyland Lane,E01025459,South Ribble 017C,Criminal damage and arson,Local resolution,
5d1af5978bc371efcd9a843529842692b60d0205adecfe078ddb49c119c3e064,2021-06,Lancashire Constabulary,Lancashire Constabulary,-2.716497,53.688964,On or near Leyland Lane,E01025459,South Ribble 017C,Criminal damage and arson,Unable to prosecute suspect,
feaa75f04359b2ec4562cf76f0a14a61d9f3703eb0bc4ff7e541385fd99c9eb5,2021-06,Lancashire Constabulary,Lancashire Constabulary,-2.717417,53.689624,On or near Grove Street,E01025459,South Ribble 017C,Criminal damage and arson,Investigation complete; no suspect identified,
0e9d71cf5c608c29b149967851db3d4480af0cb6e8a3adfaa5459aad19d6aefc,2021-06,Lancashire Constabulary,Lancashire Constabulary,-2.720557,53.690792,On or near Dunkirk Lane,E01025459,South Ribble 017C,Criminal damage and arson,Investigation complete; no suspect identified,
560e30ea431155d4e4bbb7d7c84556b840e46fece8dfc05fd8732d368f9a31b9,2021-06,Lancashire Constabulary,Lancashire Constabulary,-2.711834,53.693504,On or near Redwood Avenue,E01025459,South Ribble 017C,Criminal damage and arson,Status update unavailable,
a9a2806846597d4238fecd882d228b178da11a183167ca8a5da77cad11cc0373,2021-06,Lancashire Constabulary,Lancashire Constabulary,-2.718559,53.693545,On or near Cowling Lane,E01025459,South Ribble 017C,Criminal damage and arson,Investigation complete; no suspect identified,
2d619e2dc7402763f693657edd60efcf60edcc8fbdddf3fbf229584a646cb117,2021-06,Lancashire Constabulary,Lancashire Constabulary,-2.718154,53.691112,On or near Atherton Road,E01025459,South Ribble 017C,Criminal damage and arson,Unable to prosecute suspect,
40c9636d4bd16a3f6bbff882398c917c09147a154079bbf5998100e87f5fbc9b,2021-06,Lancashire Constabulary,Lancashire Constabulary,-2.716497,53.688964,On or near Leyland Lane,E01025459,South Ribble 017C,Other theft,Unable to prosecute suspect,
20b6cfefe72ec57510082e157c9d71306fb26a60f0e6ddc8e46cd9e5d6f5cf0a,2021-06,Lancashire Constabulary,Lancashire Constabulary,-2.717417,53.689624,On or near Grove Street,E01025459,South Ribble 017C,Public order,Further investigation is not in the public interest,
82084bec8eeecb7101492335c331ff5cbcd6bbc147352d86fc07cc9707c4abbb,2021-06,Lancashire Constabulary,Lancashire Constabulary,-2.725357,53.690772,On or near Bretherton Close,E01025459,South Ribble 017C,Public order,Court result unavailable,
b2fcfadacb5c9ea51e6630422e3a8d38fad2a9f1c2da9c7807db67cbf8fb8037,2021-06,Lancashire Constabulary,Lancashire Constabulary,-2.716497,53.688964,On or near Leyland Lane,E01025459,South Ribble 017C,Shoplifting,Investigation complete; no suspect identified,
18ca4b99d89b36d23427c0d4e52f1eee00adcabc05eace36183bce44da79dbb3,2021-06,Lancashire Constabulary,Lancashire Constabulary,-2.718289,53.691893,On or near Belmont Road,E01025459,South Ribble 017C,Vehicle crime,Investigation complete; no suspect identified,
71e02fb42ca19cd47256db59f2aff18ba5d3feabfb2fb8f379efa288b5e1ce10,2021-06,Lancashire Constabulary,Lancashire Constabulary,-2.716497,53.688964,On or near Leyland Lane,E01025459,South Ribble 017C,Violence and sexual offences,Unable to prosecute suspect,
fe314a8deb1856255fad0f853e618122fcbcce8fdb0004504fdf32e3802f6034,2021-06,Lancashire Constabulary,Lancashire Constabulary,-2.716435,53.688875,On or near Leyland Lane,E01025459,South Ribble 017C,Violence and sexual offences,Investigation complete; no suspect identified,
316e979d48027ccd125df75c9ab31cc6145cb9bc10df067cf281e993ec53ab07,2021-06,Lancashire Constabulary,Lancashire Constabulary,-2.716741,53.693520,On or near Daisy Bank Close,E01025459,South Ribble 017C,Violence and sexual offences,Unable to prosecute suspect,
c8a2c2ec50d3beb3662564ead9daa7f5d934f705f513662933b4f8f175846bcf,2021-06,Lancashire Constabulary,Lancashire Constabulary,-2.716497,53.688964,On or near Leyland Lane,E01025459,South Ribble 017C,Violence and sexual offences,Status update unavailable,
cef584cd21017bdc5fd904f178c1a488553aa6bd73ed3057a09187cece97509e,2021-06,Lancashire Constabulary,Lancashire Constabulary,-2.716497,53.688964,On or near Leyland Lane,E01025459,South Ribble 017C,Violence and sexual offences,Court result unavailable,
fb0e63287f3ed181b8c923ffacad92cee6f923b573bb527d41922462fc9ab024,2021-06,Lancashire Constabulary,Lancashire Constabulary,-2.725357,53.690772,On or near Bretherton Close,E01025459,South Ribble 017C,Violence and sexual offences,Unable to prosecute suspect,
082efc79aa898a5a5cdaab8833599a43c2fd709da6097ab6a20bbc5a350c42c2,2021-06,Lancashire Constabulary,Lancashire Constabulary,-2.725357,53.690772,On or near Bretherton Close,E01025459,South Ribble 017C,Violence and sexual offences,Status update unavailable,
,2021-06,Lancashire Constabulary,Lancashire Constabulary,-2.717312,53.686119,On or near Meadowcroft Road,E01025460,South Ribble 017D,Anti-social behaviour,,
,2021-06,Lancashire Constabulary,Lancashire Constabulary,-2.721898,53.686901,On or near Curlew Close,E01025460,South Ribble 017D,Anti-social behaviour,,
,2021-06,Lancashire Constabulary,Lancashire Constabulary,-2.729720,53.689145,On or near Manor House Close,E01025460,South Ribble 017D,Anti-social behaviour,,
,2021-06,Lancashire Constabulary,Lancashire Constabulary,-2.717312,53.686119,On or near Meadowcroft Road,E01025460,South Ribble 017D,Anti-social behaviour,,
,2021-06,Lancashire Constabulary,Lancashire Constabulary,-2.718585,53.684413,On or near Victoria Park Avenue,E01025460,South Ribble 017D,Anti-social behaviour,,
,2021-06,Lancashire Constabulary,Lancashire Constabulary,-2.726373,53.687350,On or near Eastlands,E01025460,South Ribble 017D,Anti-social behaviour,,
,2021-06,Lancashire Constabulary,Lancashire Constabulary,-2.727733,53.688052,On or near Southlands Drive,E01025460,South Ribble 017D,Anti-social behaviour,,
,2021-06,Lancashire Constabulary,Lancashire Constabulary,-2.718096,53.685935,On or near Stonecroft Road,E01025460,South Ribble 017D,Anti-social behaviour,,
,2021-06,Lancashire Constabulary,Lancashire Constabulary,-2.731121,53.687842,On or near Alder Close,E01025460,South Ribble 017D,Anti-social behaviour,,
,2021-06,Lancashire Constabulary,Lancashire Constabulary,-2.717312,53.686119,On or near Meadowcroft Road,E01025460,South Ribble 017D,Anti-social behaviour,,
,2021-06,Lancashire Constabulary,Lancashire Constabulary,-2.718096,53.680569,On or near Lanchester Court,E01025460,South Ribble 017D,Anti-social behaviour,,
,2021-06,Lancashire Constabulary,Lancashire Constabulary,-2.717312,53.686119,On or near Meadowcroft Road,E01025460,South Ribble 017D,Anti-social behaviour,,
,2021-06,Lancashire Constabulary,Lancashire Constabulary,-2.717312,53.686119,On or near Meadowcroft Road,E01025460,South Ribble 017D,Anti-social behaviour,,
,2021-06,Lancashire Constabulary,Lancashire Constabulary,-2.721898,53.686901,On or near Curlew Close,E01025460,South Ribble 017D,Anti-social behaviour,,
,2021-06,Lancashire Constabulary,Lancashire Constabulary,-2.726725,53.689325,On or near Slater Court,E01025460,South Ribble 017D,Anti-social behaviour,,
,2021-06,Lancashire Constabulary,Lancashire Constabulary,-2.727048,53.686986,On or near Westlands,E01025460,South Ribble 017D,Anti-social behaviour,,
,2021-06,Lancashire Constabulary,Lancashire Constabulary,-2.717312,53.686119,On or near Meadowcroft Road,E01025460,South Ribble 017D,Anti-social behaviour,,
,2021-06,Lancashire Constabulary,Lancashire Constabulary,-2.717312,53.686119,On or near Meadowcroft Road,E01025460,South Ribble 017D,Anti-social behaviour,,
,2021-06,Lancashire Constabulary,Lancashire Constabulary,-2.718585,53.684413,On or near Victoria Park Avenue,E01025460,South Ribble 017D,Anti-social behaviour,,
9131b61f473cce6e98c1b81350603edccb36c8ab909460aaa4e3f9f0b929d31c,2021-06,Lancashire Constabulary,Lancashire Constabulary,-2.731121,53.687842,On or near Alder Close,E01025460,South Ribble 017D,Burglary,Unable to prosecute suspect,
cf6a84ef3f065b83aaadcfa41af689d09561583473a29e7ade804dcdd0437bab,2021-06,Lancashire Constabulary,Lancashire Constabulary,-2.726725,53.689325,On or near Slater Court,E01025460,South Ribble 017D,Criminal damage and arson,Local resolution,
7821c1c06904d6979de1b4d46a02ba2a608098cb0890e4f5950fa1baeee44556,2021-06,Lancashire Constabulary,Lancashire Constabulary,-2.731121,53.687842,On or near Alder Close,E01025460,South Ribble 017D,Criminal damage and arson,Investigation complete; no suspect identified,
bfb76605d2185408ce3bcdd40644188f34381f804696e4e04f9208404bb7c3d0,2021-06,Lancashire Constabulary,Lancashire Constabulary,-2.729720,53.689145,On or near Manor House Close,E01025460,South Ribble 017D,Criminal damage and arson,Unable to prosecute suspect,
351dbfb53bd614c8716b13d8eb0f8d7f9a4b1a85dc016d6ad87a1106c1800a27,2021-06,Lancashire Constabulary,Lancashire Constabulary,-2.726725,53.689325,On or near Slater Court,E01025460,South Ribble 017D,Other theft,Investigation complete; no suspect identified,
e4aeb88373f0ade700a3aef5cbec3be630d977d6208e1b2bdc33c65756c0f06a,2021-06,Lancashire Constabulary,Lancashire Constabulary,-2.729157,53.691576,On or near Newton Close,E01025460,South Ribble 017D,Other theft,Investigation complete; no suspect identified,
58557a6b3be9eaaecd3c9f388db6fb177f9d1bfd79b97054380889abef4d972b,2021-06,Lancashire Constabulary,Lancashire Constabulary,-2.727733,53.688052,On or near Southlands Drive,E01025460,South Ribble 017D,Other theft,Investigation complete; no suspect identified,
c7b4c5f4176cf14a2ff45f938688fb3c02737b7b519bd067fd557dc078cfba20,2021-06,Lancashire Constabulary,Lancashire Constabulary,-2.731121,53.687842,On or near Alder Close,E01025460,South Ribble 017D,Other theft,Unable to prosecute suspect,
ae74c675a92f2fecf4dc7fd04b865ea98840b734845915ae1fa53d578f8639f6,2021-06,Lancashire Constabulary,Lancashire Constabulary,-2.726725,53.689325,On or near Slater Court,E01025460,South Ribble 017D,Possession of weapons,Local resolution,
05d75c863fa5cc3cb979bf7f7db27e34196b1d69457d2a81a521b0ff4ba82bc1,2021-06,Lancashire Constabulary,Lancashire Constabulary,-2.718585,53.684413,On or near Victoria Park Avenue,E01025460,South Ribble 017D,Public order,Investigation complete; no suspect identified,
4e4e6a2815bf6ff9a9348014f76c1d836108acefc67ef8140980b03939bb9d2f,2021-06,Lancashire Constabulary,Lancashire Constabulary,-2.718585,53.684413,On or near Victoria Park Avenue,E01025460,South Ribble 017D,Public order,Unable to prosecute suspect,
e5021a456d19b4416e92df70b1f683ab82ebe438a516278b6a0ce71a2f1733cc,2021-06,Lancashire Constabulary,Lancashire Constabulary,-2.718585,53.684413,On or near Victoria Park Avenue,E01025460,South Ribble 017D,Public order,Investigation complete; no suspect identified,
25351e34e89e671343eb5c05533175a656b490ed61582276c5f7c108074fb782,2021-06,Lancashire Constabulary,Lancashire Constabulary,-2.717312,53.686119,On or near Meadowcroft Road,E01025460,South Ribble 017D,Public order,Investigation complete; no suspect identified,
b4f0106528293aee3223d28cbcf6e7353e73cd6e3ad9dad1e7f0f0e5e5b37201,2021-06,Lancashire Constabulary,Lancashire Constabulary,-2.718585,53.684413,On or near Victoria Park Avenue,E01025460,South Ribble 017D,Public order,Further investigation is not in the public interest,
765b7ece5a1fd0388b99aada2a431f971e16b69cd56454daaabcc85bd93edbaa,2021-06,Lancashire Constabulary,Lancashire Constabulary,-2.729157,53.691576,On or near Newton Close,E01025460,South Ribble 017D,Vehicle crime,Investigation complete; no suspect identified,
62defa096c54011874753d27160db953c59e4acd9a8922f3b9d6bf32babd828e,2021-06,Lancashire Constabulary,Lancashire Constabulary,-2.718154,53.686672,On or near Peacock Hall Road,E01025460,South Ribble 017D,Violence and sexual offences,Investigation complete; no suspect identified,
1bffe913de349407ec01d58565d299a1e4300f46e95fc3080019152e57e42e8f,2021-06,Lancashire Constabulary,Lancashire Constabulary,-2.729157,53.691576,On or near Newton Close,E01025460,South Ribble 017D,Violence and sexual offences,Unable to prosecute suspect,
3a0ba901310e6accbcb8b2e379484251300b4d3dcd884a4ca4a2b17f35280ef4,2021-06,Lancashire Constabulary,Lancashire Constabulary,-2.727686,53.688852,On or near Moss Side Way,E01025460,South Ribble 017D,Violence and sexual offences,Unable to prosecute suspect,
f86b85cc2cb30cf2c66ef7c6de1cdc1b8db70e9f15e6af5611f3fbbcf54c3991,2021-06,Lancashire Constabulary,Lancashire Constabulary,-2.729157,53.691576,On or near Newton Close,E01025460,South Ribble 017D,Violence and sexual offences,Unable to prosecute suspect,
6a8612192295fead17401ac7b79bc1c51463f170769bb3b1c39fe29abe84eb48,2021-06,Lancashire Constabulary,Lancashire Constabulary,-2.727048,53.686986,On or near Westlands,E01025460,South Ribble 017D,Violence and sexual offences,Unable to prosecute suspect,
a7a15b020e6294436653c0d75a2be502e9661e1dc2f248fe72e2e387de254de9,2021-06,Lancashire Constabulary,Lancashire Constabulary,-2.718585,53.684413,On or near Victoria Park Avenue,E01025460,South Ribble 017D,Violence and sexual offences,Unable to prosecute suspect,
868a771d9e6d203694c7dfa1afab55eb1f92b1102a1b3f1086b95d7c38ca9ea1,2021-06,Lancashire Constabulary,Lancashire Constabulary,-2.717887,53.678098,On or near Leyland Lane,E01025460,South Ribble 017D,Violence and sexual offences,Unable to prosecute suspect,
26631c207fced6f5ab6813bd89b8cf39e27bf0ba74e48f84cb9188577ef1fbfa,2021-06,Lancashire Constabulary,Lancashire Constabulary,-2.729720,53.689145,On or near Manor House Close,E01025460,South Ribble 017D,Violence and sexual offences,Investigation complete; no suspect identified,
0fa3d5744ea44c9f0829c58c51181b5514714b365a93c4f5aa62b32253e39876,2021-06,Lancashire Constabulary,Lancashire Constabulary,-2.729720,53.689145,On or near Manor House Close,E01025460,South Ribble 017D,Violence and sexual offences,Status update unavailable,
c0cf270a8df30b7c967a6e50f34a75dbf79565e9b1cf9de80079d86f26779a9a,2021-06,Lancashire Constabulary,Lancashire Constabulary,-2.727686,53.688852,On or near Moss Side Way,E01025460,South Ribble 017D,Violence and sexual offences,Unable to prosecute suspect,
8f6e9e6fa8b753b177d3771f0b6e6bf21d2c68fb1d59d9149833077144071375,2021-06,Lancashire Constabulary,Lancashire Constabulary,-2.717887,53.678098,On or near Leyland Lane,E01025460,South Ribble 017D,Violence and sexual offences,Unable to prosecute suspect,
50fdae3af173e0b5bf1eb692be2499f4ece2e309f8eb432f17108c11a7e29a57,2021-06,Lancashire Constabulary,Lancashire Constabulary,-2.729157,53.691576,On or near Newton Close,E01025460,South Ribble 017D,Violence and sexual offences,Status update unavailable,
fc2fe4922268b7ef94360e5f73719aaddcca89e7c0f8b8a69bc9a476c7a7f081,2021-06,Lancashire Constabulary,Lancashire Constabulary,-1.913810,53.020122,On or near Cotton Lane,E01029795,Staffordshire Moorlands 010C,Violence and sexual offences,Unable to prosecute suspect,
dc7fd11657cd555d11a7e77214090a1d282c974b94b5747f735db05f0181013a,2021-06,Lancashire Constabulary,Lancashire Constabulary,-2.161438,53.398645,On or near Ladysmith Street,E01005760,Stockport 023B,Violence and sexual offences,Unable to prosecute suspect,
8026164ec573e995316534374e57875b5702a0258e1ca3c62805bc9c69c6281a,2021-06,Lancashire Constabulary,Lancashire Constabulary,-0.760426,51.327659,On or near Shopping Area,E01030793,Surrey Heath 008A,Other theft,Investigation complete; no suspect identified,
d489e5c6dcbab1fda5673528bb66c520b6b2ed17569ddbe40fc928406140fe78,2021-06,Lancashire Constabulary,Lancashire Constabulary,-1.439796,53.661253,On or near Brand Hill Approach,E01011774,Wakefield 032D,Violence and sexual offences,Status update unavailable,
,2021-06,Lancashire Constabulary,Lancashire Constabulary,-2.851649,53.706227,On or near Glen Park Drive,E01025496,West Lancashire 001A,Anti-social behaviour,,
,2021-06,Lancashire Constabulary,Lancashire Constabulary,-2.851899,53.706639,On or near Langdale Avenue,E01025496,West Lancashire 001A,Anti-social behaviour,,
b6f8bdef19cfe70df3d624c067daa04022775a77fccecc525e1512d7e3802bb6,2021-06,Lancashire Constabulary,Lancashire Constabulary,-2.873044,53.691808,On or near Park/Open Space,E01025496,West Lancashire 001A,Vehicle crime,Investigation complete; no suspect identified,
129dcea3ee99a922925f8ad36701e375ea5284bee327faff6e6ae73a04863285,2021-06,Lancashire Constabulary,Lancashire Constabulary,-2.872169,53.694916,On or near Park/Open Space,E01025496,West Lancashire 001A,Vehicle crime,Investigation complete; no suspect identified,
27e22129d45b8790cc7bf6794b2a08ef2a9a2d6a12934a86f1298af096d79ef4,2021-06,Lancashire Constabulary,Lancashire Constabulary,-2.879855,53.688712,On or near Taylor'S Meanygate,E01025496,West Lancashire 001A,Vehicle crime,Investigation complete; no suspect identified,
0a808fb770772a27a1717ce61f7259b14fdf500de299bb6e0ba85e34706f30f6,2021-06,Lancashire Constabulary,Lancashire Constabulary,-2.851649,53.706227,On or near Glen Park Drive,E01025496,West Lancashire 001A,Violence and sexual offences,Status update unavailable,
,2021-06,Lancashire Constabulary,Lancashire Constabulary,-2.843661,53.707569,On or near Bluebell Close,E01025497,West Lancashire 001B,Anti-social behaviour,,
d7a0b9cfefa648900ebfee918122632ff475322f94dbedfb696c827340d0e66c,2021-06,Lancashire Constabulary,Lancashire Constabulary,-2.844112,53.708132,On or near The Brow,E01025497,West Lancashire 001B,Public order,Unable to prosecute suspect,
e3940c9d4088eb94a0bc3d123976af7fdb1f09a42195b83be75f126d928151f8,2021-06,Lancashire Constabulary,Lancashire Constabulary,-2.844112,53.708132,On or near The Brow,E01025497,West Lancashire 001B,Public order,Unable to prosecute suspect,
,2021-06,Lancashire Constabulary,Lancashire Constabulary,-2.842589,53.703936,On or near Ashbrook Close,E01025498,West Lancashire 001C,Anti-social behaviour,,
,2021-06,Lancashire Constabulary,Lancashire Constabulary,-2.840937,53.703157,On or near Station Road,E01025498,West Lancashire 001C,Anti-social behaviour,,
9b665c2548c136a31dc9999aeea5a41768e18490ad23e1065570e344e2a5d419,2021-06,Lancashire Constabulary,Lancashire Constabulary,-2.837831,53.697786,On or near Supermarket,E01025498,West Lancashire 001C,Shoplifting,Investigation complete; no suspect identified,
5d7968994205ec30719edc030ee805f2421f94bb6a81f6928ae97902d98fccc9,2021-06,Lancashire Constabulary,Lancashire Constabulary,-2.837831,53.697786,On or near Supermarket,E01025498,West Lancashire 001C,Shoplifting,Status update unavailable,
,2021-06,Lancashire Constabulary,Lancashire Constabulary,-2.833938,53.686236,On or near Wilson Close,E01025530,West Lancashire 001D,Anti-social behaviour,,
149c4776825bc07d349c73b2d161e8a2ad60561b3609dc215aae42d6eef5bf31,2021-06,Lancashire Constabulary,Lancashire Constabulary,-2.833795,53.682866,On or near Willow Hey,E01025530,West Lancashire 001D,Drugs,Further investigation is not in the public interest,
5349d595c73062d1e5e487fee527b0f2bb9ad5a0f8552f02b01e36bd9700be76,2021-06,Lancashire Constabulary,Lancashire Constabulary,-2.835450,53.688418,On or near Rivington Close,E01025530,West Lancashire 001D,Violence and sexual offences,Unable to prosecute suspect,
4623c1221ad9c38d8133f4ed4976f433e1a1edbbcab3291b2bc4f9a2f7ca519d,2021-06,Lancashire Constabulary,Lancashire Constabulary,-2.829222,53.683590,On or near Firbank Avenue,E01025532,West Lancashire 001E,Drugs,Further investigation is not in the public interest,
,2021-06,Lancashire Constabulary,Lancashire Constabulary,-2.833554,53.679075,On or near Gorse Close,E01025533,West Lancashire 001F,Anti-social behaviour,,
,2021-06,Lancashire Constabulary,Lancashire Constabulary,-2.834550,53.678160,On or near Ruskin Close,E01025533,West Lancashire 001F,Anti-social behaviour,,
,2021-06,Lancashire Constabulary,Lancashire Constabulary,-2.833554,53.679075,On or near Gorse Close,E01025533,West Lancashire 001F,Anti-social behaviour,,
,2021-06,Lancashire Constabulary,Lancashire Constabulary,-2.831613,53.679699,On or near Mark Square,E01025533,West Lancashire 001F,Anti-social behaviour,,
,2021-06,Lancashire Constabulary,Lancashire Constabulary,-2.833554,53.679075,On or near Gorse Close,E01025533,West Lancashire 001F,Anti-social behaviour,,
,2021-06,Lancashire Constabulary,Lancashire Constabulary,-2.833554,53.679075,On or near Gorse Close,E01025533,West Lancashire 001F,Anti-social behaviour,,
,2021-06,Lancashire Constabulary,Lancashire Constabulary,-2.833554,53.679075,On or near Gorse Close,E01025533,West Lancashire 001F,Anti-social behaviour,,
,2021-06,Lancashire Constabulary,Lancashire Constabulary,-2.831613,53.679699,On or near Mark Square,E01025533,West Lancashire 001F,Anti-social behaviour,,
,2021-06,Lancashire Constabulary,Lancashire Constabulary,-2.833554,53.679075,On or near Gorse Close,E01025533,West Lancashire 001F,Anti-social behaviour,,
86b49d367af0ce8aa43b8502d7b15f6c3ea64f73ecc5fa3da8fd6e9d4c753feb,2021-06,Lancashire Constabulary,Lancashire Constabulary,-2.832761,53.677273,On or near Church Road,E01025533,West Lancashire 001F,Violence and sexual offences,Unable to prosecute suspect,
,2021-06,Lancashire Constabulary,Lancashire Constabulary,-2.917873,53.676615,On or near Lonmore Close,E01025507,West Lancashire 002A,Anti-social behaviour,,
,2021-06,Lancashire Constabulary,Lancashire Constabulary,-2.918966,53.677434,On or near Fareham Drive,E01025507,West Lancashire 002A,Anti-social behaviour,,
30ce880ff3d4d95a91db8dc0d875f08abb09423a00c0d57eae4e990d36c1e1f6,2021-06,Lancashire Constabulary,Lancashire Constabulary,-2.913498,53.673808,On or near Avenham Close,E01025507,West Lancashire 002A,Other theft,Awaiting court outcome,
b10d3ddd53028ed68e96b165f289628a0f86436838ad2594a3a6ea12be04e8e2,2021-06,Lancashire Constabulary,Lancashire Constabulary,-2.918499,53.674094,On or near Greaves Hall Avenue,E01025507,West Lancashire 002A,Violence and sexual offences,Unable to prosecute suspect,
8ebec53bb18250983e1d41c228a90302171b73d46fc28cf1c7e3c280d00becb4,2021-06,Lancashire Constabulary,Lancashire Constabulary,-2.920036,53.669579,On or near Gravel Lane,E01025507,West Lancashire 002A,Violence and sexual offences,Action to be taken by another organisation,
61fa498ac473d34ac780a58e018ab7cbb5158f933c8c1f7fc0583d4f21204003,2021-06,Lancashire Constabulary,Lancashire Constabulary,-2.905384,53.684396,On or near Gorsey Lane,E01025508,West Lancashire 002B,Vehicle crime,Unable to prosecute suspect,
,2021-06,Lancashire Constabulary,Lancashire Constabulary,-2.925828,53.682477,On or near Vicarage Lane,E01025509,West Lancashire 002C,Anti-social behaviour,,
f69b5360a016940204fd174fe9dc3e458d11c0dcfef14db48dae20e95104377a,2021-06,Lancashire Constabulary,Lancashire Constabulary,-2.923700,53.682773,On or near St Stephens Close,E01025509,West Lancashire 002C,Criminal damage and arson,Investigation complete; no suspect identified,
754c99f2504833023aaa0f371cb26fc3f7c70ebb5bac65aeb80eeacd9d4bc657,2021-06,Lancashire Constabulary,Lancashire Constabulary,-2.923166,53.681923,On or near Glebe Lane,E01025509,West Lancashire 002C,Public order,Unable to prosecute suspect,
0ce81024c4692489127ba814fd101b628f42cab7928bf2a1e69773b6948c371f,2021-06,Lancashire Constabulary,Lancashire Constabulary,-2.933262,53.681080,On or near Ralph'S Wife'S Lane,E01025509,West Lancashire 002C,Violence and sexual offences,Unable to prosecute suspect,
8bb54580d42b2dcbd7889fd5904e838dd08406f867153772892455c5aaa57703,2021-06,Lancashire Constabulary,Lancashire Constabulary,-2.924765,53.680248,On or near Parking Area,E01025509,West Lancashire 002C,Violence and sexual offences,Unable to prosecute suspect,
bc81a08c2b2428f895f5ae5354052e29a39463195823c0aa043bf90bf952f8b7,2021-06,Lancashire Constabulary,Lancashire Constabulary,-2.924765,53.680248,On or near Parking Area,E01025509,West Lancashire 002C,Violence and sexual offences,Court result unavailable,
0c1fee57de1e575c691cd36c6d28679f1c63dfad981dd3a9de6846092419bb25,2021-06,Lancashire Constabulary,Lancashire Constabulary,-2.924765,53.680248,On or near Parking Area,E01025509,West Lancashire 002C,Violence and sexual offences,Court result unavailable,
0814051675413e3f2353f749247829725deb14ff8bc2d59fe3005aefd12033ef,2021-06,Lancashire Constabulary,Lancashire Constabulary,-2.924765,53.680248,On or near Parking Area,E01025509,West Lancashire 002C,Violence and sexual offences,Status update unavailable,
084980332b70050f664e403e314d212c55285e01f1fe407aa0c9b1946b544f7f,2021-06,Lancashire Constabulary,Lancashire Constabulary,-2.924765,53.680248,On or near Parking Area,E01025509,West Lancashire 002C,Violence and sexual offences,Unable to prosecute suspect,
0d4517807fee7906c769f213716aac3c1effda67f14c56e35339a7a1e98a1542,2021-06,Lancashire Constabulary,Lancashire Constabulary,-2.825547,53.631186,On or near Willow Green,E01025513,West Lancashire 002D,Criminal damage and arson,Investigation complete; no suspect identified,
fd2b3e30b52bfded4e6b53ad35f8e7fa513f5f6c913e0831a7423cb2bb62ff46,2021-06,Lancashire Constabulary,Lancashire Constabulary,-2.826296,53.631576,On or near Prescott Avenue,E01025513,West Lancashire 002D,Violence and sexual offences,Unable to prosecute suspect,
d4b3b06b7620276963b6db461ff0f75c5a83662fe9ed0564bdb9673a15ae2a9d,2021-06,Lancashire Constabulary,Lancashire Constabulary,-2.829493,53.631140,On or near Highsands Avenue,E01025513,West Lancashire 002D,Violence and sexual offences,Unable to prosecute suspect,
,2021-06,Lancashire Constabulary,Lancashire Constabulary,-2.884111,53.662011,On or near The Gravel,E01025531,West Lancashire 002E,Anti-social behaviour,,
,2021-06,Lancashire Constabulary,Lancashire Constabulary,-2.884111,53.662011,On or near The Gravel,E01025531,West Lancashire 002E,Anti-social behaviour,,
,2021-06,Lancashire Constabulary,Lancashire Constabulary,-2.884111,53.662011,On or near The Gravel,E01025531,West Lancashire 002E,Anti-social behaviour,,
,2021-06,Lancashire Constabulary,Lancashire Constabulary,-2.884111,53.662011,On or near The Gravel,E01025531,West Lancashire 002E,Anti-social behaviour,,
5eabb924cc2433188da417058e12ea9fd7440abe56bc55b7db8a65367777f639,2021-06,Lancashire Constabulary,Lancashire Constabulary,-2.884111,53.662011,On or near The Gravel,E01025531,West Lancashire 002E,Criminal damage and arson,Status update unavailable,
42206a32a4368557eff46495f28ab8757d42f045298eb059d56905bfc76bb3c6,2021-06,Lancashire Constabulary,Lancashire Constabulary,-2.851368,53.672046,On or near Blackgate Lane,E01025531,West Lancashire 002E,Violence and sexual offences,Unable to prosecute suspect,
a95e0b35d6f887ab23ac43a8a64413ea0076121e9994cd4c9ec4e2489faf9abb,2021-06,Lancashire Constabulary,Lancashire Constabulary,-2.878290,53.654989,On or near The Marshes Lane,E01025531,West Lancashire 002E,Violence and sexual offences,Unable to prosecute suspect,
3390a3bb15d9aff0001d0293f4931d91d4e9afcf37834c7e14e655e880c04622,2021-06,Lancashire Constabulary,Lancashire Constabulary,-2.884111,53.662011,On or near The Gravel,E01025531,West Lancashire 002E,Violence and sexual offences,Unable to prosecute suspect,
,2021-06,Lancashire Constabulary,Lancashire Constabulary,-2.971379,53.565624,On or near Jackson Close,E01025474,West Lancashire 003A,Anti-social behaviour,,
,2021-06,Lancashire Constabulary,Lancashire Constabulary,-2.971379,53.565624,On or near Jackson Close,E01025474,West Lancashire 003A,Anti-social behaviour,,
,2021-06,Lancashire Constabulary,Lancashire Constabulary,-2.980961,53.588863,On or near Plumpton Lane,E01025495,West Lancashire 003B,Anti-social behaviour,,
,2021-06,Lancashire Constabulary,Lancashire Constabulary,-2.965821,53.607925,On or near Willow Brook,E01025495,West Lancashire 003B,Anti-social behaviour,,
,2021-06,Lancashire Constabulary,Lancashire Constabulary,-2.965821,53.607925,On or near Willow Brook,E01025495,West Lancashire 003B,Anti-social behaviour,,
a67e30a735c6566e9769ab6a6b078e2590dbcd8750fba98273cd72400420d5c9,2021-06,Lancashire Constabulary,Lancashire Constabulary,-2.947653,53.590363,On or near Petrol Station,E01025495,West Lancashire 003B,Burglary,Investigation complete; no suspect identified,
486c2164878ceb8c4b9a1f0427668ea678734906e7f58cfb6ac57291a39fa891,2021-06,Lancashire Constabulary,Lancashire Constabulary,-2.965821,53.607925,On or near Willow Brook,E01025495,West Lancashire 003B,Criminal damage and arson,Investigation complete; no suspect identified,
18f78dfed2caa2c7e711dd7c55553b3154a1e8dd19e39d0a7e23fbf943ca2eab,2021-06,Lancashire Constabulary,Lancashire Constabulary,-2.955919,53.583744,On or near Halsall Hall Drive,E01025495,West Lancashire 003B,Other theft,Status update unavailable,
dc2ec7a3f4002b4c48d548b3d23ab5e5da65e79032fa7716dd259d263e9d56fa,2021-06,Lancashire Constabulary,Lancashire Constabulary,-3.011001,53.615075,On or near New Cut Close,E01025495,West Lancashire 003B,Vehicle crime,Investigation complete; no suspect identified,
53607e25cfab9962f954d82b834d754f475aadeb4fa197a5ae5aaeab42630787,2021-06,Lancashire Constabulary,Lancashire Constabulary,-2.998646,53.623844,On or near Daisy Way,E01025495,West Lancashire 003B,Vehicle crime,Investigation complete; no suspect identified,
839d2a9b5e1b0208b78d4162f04ba6a8f7edcca3209e7fabe4dddc8a2ed1eb8a,2021-06,Lancashire Constabulary,Lancashire Constabulary,-2.950185,53.561156,On or near Rosemary Lane,E01025495,West Lancashire 003B,Vehicle crime,Investigation complete; no suspect identified,
ddcd73fb156faec511d18006fd6b282216a0e70f9302f68bda1623460d7d8053,2021-06,Lancashire Constabulary,Lancashire Constabulary,-2.957138,53.579528,On or near New Street,E01025495,West Lancashire 003B,Violence and sexual offences,Unable to prosecute suspect,
24f2628339672d93514b41e8c7e77e61819c2d2b655d2c2ee9034c99f02be36e,2021-06,Lancashire Constabulary,Lancashire Constabulary,-2.958038,53.581921,On or near Linaker Drive,E01025495,West Lancashire 003B,Violence and sexual offences,Unable to prosecute suspect,
7e3eb597621ac2acde632f46fddf96254a5794fcc1842a20545186c8e2b49122,2021-06,Lancashire Constabulary,Lancashire Constabulary,-2.964190,53.620612,On or near Turning Lane,E01025514,West Lancashire 003C,Criminal damage and arson,Unable to prosecute suspect,
56a6182089a59ffb2fe588d2ac12554654c7a712ccb5bd5b2226bdf76b1acafc,2021-06,Lancashire Constabulary,Lancashire Constabulary,-2.966108,53.629100,On or near Scarisbrick New Road,E01025514,West Lancashire 003C,Public order,Further investigation is not in the public interest,
41a08ecfd4db5b99381a4baadacc5903329bb8010ccf90f9c00a5f7ab8f24380,2021-06,Lancashire Constabulary,Lancashire Constabulary,-2.954606,53.619997,On or near Otterstye View,E01025514,West Lancashire 003C,Violence and sexual offences,Unable to prosecute suspect,
d70bceeaf0b8da1af7c68f7f207a6d1665da65e9afa9cef5a7a53530352b3e76,2021-06,Lancashire Constabulary,Lancashire Constabulary,-2.963999,53.625485,On or near Kew House Drive,E01025514,West Lancashire 003C,Violence and sexual offences,Status update unavailable,
1eca0f4e341686e23256f4cba2ba080d506934d445bc2a4bf3c73856eb2d9cbd,2021-06,Lancashire Constabulary,Lancashire Constabulary,-2.940001,53.613820,On or near Southport Road,E01025514,West Lancashire 003C,Violence and sexual offences,Unable to prosecute suspect,
f164d60c18bf027898b9572dbf7b99793005463e965140a8bb770d497b7c64c7,2021-06,Lancashire Constabulary,Lancashire Constabulary,-2.963999,53.625485,On or near Kew House Drive,E01025514,West Lancashire 003C,Violence and sexual offences,Awaiting court outcome,
5c444d1d6633f7b66ab3ab3f452de4a74ebe7e7681c9827a92f25440aa361c58,2021-06,Lancashire Constabulary,Lancashire Constabulary,-2.901284,53.599422,On or near Petrol Station,E01025515,West Lancashire 003D,Other theft,Unable to prosecute suspect,
d79f127850a46bf4212ae11ca18ec50d31e0bb5ffdd27d223bdb6a1f7ffebb7f,2021-06,Lancashire Constabulary,Lancashire Constabulary,-2.887273,53.609369,On or near Martin Lane,E01025515,West Lancashire 003D,Robbery,Unable to prosecute suspect,
b12c986d9d2535326dde5e9c108d613c56790c8dbee733e03a9f4286b929ee0e,2021-06,Lancashire Constabulary,Lancashire Constabulary,-2.910984,53.596589,On or near Smithy Lane,E01025515,West Lancashire 003D,Violence and sexual offences,Unable to prosecute suspect,
799180b1586be5b1858426bca988bb44977a87b42b4444ef4973623c703163c2,2021-06,Lancashire Constabulary,Lancashire Constabulary,-2.901284,53.599422,On or near Petrol Station,E01025515,West Lancashire 003D,Violence and sexual offences,Investigation complete; no suspect identified,
,2021-06,Lancashire Constabulary,Lancashire Constabulary,-2.840234,53.600145,On or near Hazelwood Avenue,E01025483,West Lancashire 004A,Anti-social behaviour,,
,2021-06,Lancashire Constabulary,Lancashire Constabulary,-2.842816,53.602302,On or near Parking Area,E01025483,West Lancashire 004A,Anti-social behaviour,,
,2021-06,Lancashire Constabulary,Lancashire Constabulary,-2.841871,53.602650,On or near Parking Area,E01025483,West Lancashire 004A,Anti-social behaviour,,
,2021-06,Lancashire Constabulary,Lancashire Constabulary,-2.836480,53.599785,On or near Clough Avenue,E01025483,West Lancashire 004A,Anti-social behaviour,,
,2021-06,Lancashire Constabulary,Lancashire Constabulary,-2.840234,53.600145,On or near Hazelwood Avenue,E01025483,West Lancashire 004A,Anti-social behaviour,,
,2021-06,Lancashire Constabulary,Lancashire Constabulary,-2.842816,53.602302,On or near Parking Area,E01025483,West Lancashire 004A,Anti-social behaviour,,
,2021-06,Lancashire Constabulary,Lancashire Constabulary,-2.841871,53.602650,On or near Parking Area,E01025483,West Lancashire 004A,Anti-social behaviour,,
2fb530b9a18a01796f0be117ce1cf8d2ff13db2040dae1a7837781cae921548f,2021-06,Lancashire Constabulary,Lancashire Constabulary,-2.841753,53.603568,On or near Supermarket,E01025483,West Lancashire 004A,Criminal damage and arson,Unable to prosecute suspect,
0346aa99904ecfce8650915fda9223e20c787894c724a64f02b31fe09c23376a,2021-06,Lancashire Constabulary,Lancashire Constabulary,-2.837247,53.598836,On or near Hawthorn Avenue,E01025483,West Lancashire 004A,Other theft,Investigation complete; no suspect identified,
1bd7fa52453a036f1ecb599f0b3bb4d98ae6858a45456c6ba43d61ee4bccf12e,2021-06,Lancashire Constabulary,Lancashire Constabulary,-2.837247,53.598836,On or near Hawthorn Avenue,E01025483,West Lancashire 004A,Violence and sexual offences,Further investigation is not in the public interest,
f959db74c556173ad8852d9f5ae157cfe9296a55891e54e557b3cbdbe338f215,2021-06,Lancashire Constabulary,Lancashire Constabulary,-2.836480,53.599785,On or near Clough Avenue,E01025483,West Lancashire 004A,Violence and sexual offences,Unable to prosecute suspect,
1f76468c2727f2bb3c41ba6e6252dacd1babae730a25c72f4976d6d9b5c9f6f8,2021-06,Lancashire Constabulary,Lancashire Constabulary,-2.836480,53.599785,On or near Clough Avenue,E01025483,West Lancashire 004A,Violence and sexual offences,Unable to prosecute suspect,
78b86c737273a389a8e5bb871cd7f471cd45c422b6cb4c8c7810808c69d36503,2021-06,Lancashire Constabulary,Lancashire Constabulary,-2.837247,53.598836,On or near Hawthorn Avenue,E01025483,West Lancashire 004A,Other crime,Status update unavailable,
,2021-06,Lancashire Constabulary,Lancashire Constabulary,-2.836980,53.606001,On or near Trent Close,E01025484,West Lancashire 004B,Anti-social behaviour,,
,2021-06,Lancashire Constabulary,Lancashire Constabulary,-2.838590,53.601819,On or near Colburne Close,E01025484,West Lancashire 004B,Anti-social behaviour,,
,2021-06,Lancashire Constabulary,Lancashire Constabulary,-2.845653,53.592251,On or near The Poplars,E01025484,West Lancashire 004B,Anti-social behaviour,,
,2021-06,Lancashire Constabulary,Lancashire Constabulary,-2.832334,53.594906,On or near The Woodlands,E01025484,West Lancashire 004B,Anti-social behaviour,,
,2021-06,Lancashire Constabulary,Lancashire Constabulary,-2.837182,53.597074,On or near Clarkfield Close,E01025484,West Lancashire 004B,Anti-social behaviour,,
,2021-06,Lancashire Constabulary,Lancashire Constabulary,-2.829507,53.604085,On or near Warper'S Moss Lane,E01025484,West Lancashire 004B,Anti-social behaviour,,
,2021-06,Lancashire Constabulary,Lancashire Constabulary,-2.835687,53.594865,On or near Ellerbrook Drive,E01025484,West Lancashire 004B,Anti-social behaviour,,
,2021-06,Lancashire Constabulary,Lancashire Constabulary,-2.837182,53.597074,On or near Clarkfield Close,E01025484,West Lancashire 004B,Anti-social behaviour,,
d2206c1ca697f760fff6706c0c8dbee00841c66e87472ddf63b3223d936b0c4a,2021-06,Lancashire Constabulary,Lancashire Constabulary,-2.818438,53.617824,On or near Meadow Lane,E01025484,West Lancashire 004B,Criminal damage and arson,Investigation complete; no suspect identified,
14223f2f8c50cd741fcbfc72bf31371e5e2caf3662ff59669d8fccc08a71637b,2021-06,Lancashire Constabulary,Lancashire Constabulary,-2.832675,53.596899,On or near Oak Drive,E01025484,West Lancashire 004B,Public order,Unable to prosecute suspect,
68f2ba67e047a979719505399de4814ecd292327240ff563e5d4a3dd4bb6eadb,2021-06,Lancashire Constabulary,Lancashire Constabulary,-2.836980,53.606001,On or near Trent Close,E01025484,West Lancashire 004B,Violence and sexual offences,Unable to prosecute suspect,
506d736588a09b3b256ec3e58822c97c6b99f133dbffb6a7d8b810e115253363,2021-06,Lancashire Constabulary,Lancashire Constabulary,-2.836977,53.595889,On or near Abbey Dale,E01025484,West Lancashire 004B,Violence and sexual offences,Unable to prosecute suspect,
15b78e8026d52b8f77eb26bdb4d3c15f1586cdb15e18ef5b7aa0f0e3dd8e0d5f,2021-06,Lancashire Constabulary,Lancashire Constabulary,-2.836977,53.595889,On or near Abbey Dale,E01025484,West Lancashire 004B,Violence and sexual offences,Unable to prosecute suspect,
,2021-06,Lancashire Constabulary,Lancashire Constabulary,-2.842501,53.603185,On or near Liverpool Road North,E01025485,West Lancashire 004C,Anti-social behaviour,,
,2021-06,Lancashire Constabulary,Lancashire Constabulary,-2.842501,53.603185,On or near Liverpool Road North,E01025485,West Lancashire 004C,Anti-social behaviour,,
,2021-06,Lancashire Constabulary,Lancashire Constabulary,-2.842501,53.603185,On or near Liverpool Road North,E01025485,West Lancashire 004C,Anti-social behaviour,,
,2021-06,Lancashire Constabulary,Lancashire Constabulary,-2.833301,53.613353,On or near Back Moss Lane,E01025485,West Lancashire 004C,Anti-social behaviour,,
,2021-06,Lancashire Constabulary,Lancashire Constabulary,-2.842501,53.603185,On or near Liverpool Road North,E01025485,West Lancashire 004C,Anti-social behaviour,,
82780f8603e72bd8ddd3cb28112264de0b8852e91f8ee1d3c493ba3e3f205c3c,2021-06,Lancashire Constabulary,Lancashire Constabulary,-2.844778,53.602926,On or near Victoria Street,E01025485,West Lancashire 004C,Criminal damage and arson,Investigation complete; no suspect identified,
3726318cf77dd5c6bbe1ab49352733caa57bfd31498cb2b307a3870c51a45dbd,2021-06,Lancashire Constabulary,Lancashire Constabulary,-2.844892,53.604103,On or near Sports/Recreation Area,E01025485,West Lancashire 004C,Criminal damage and arson,Status update unavailable,
62cbb88b75f86f72dd0bb7e001972df9fcf3a978fe7f93ba7baf0b4f961fb50d,2021-06,Lancashire Constabulary,Lancashire Constabulary,-2.844892,53.604103,On or near Sports/Recreation Area,E01025485,West Lancashire 004C,Vehicle crime,Investigation complete; no suspect identified,
689f3d1785996ca251af69b70ee546ae5b323b32e7772278107b353850d1f4eb,2021-06,Lancashire Constabulary,Lancashire Constabulary,-2.837985,53.607891,On or near Rowan Close,E01025485,West Lancashire 004C,Violence and sexual offences,Status update unavailable,
a8e65404cc82db38751d84ca3cc5ed82b1b88a2ef6b64fa152f4723b3d499872,2021-06,Lancashire Constabulary,Lancashire Constabulary,-2.844778,53.602926,On or near Victoria Street,E01025485,West Lancashire 004C,Violence and sexual offences,Unable to prosecute suspect,
66ed56538cb130ed595beaa28ccf4964a16e84bb4af1677f20998d85b1339784,2021-06,Lancashire Constabulary,Lancashire Constabulary,-2.844778,53.602926,On or near Victoria Street,E01025485,West Lancashire 004C,Other crime,Unable to prosecute suspect,
,2021-06,Lancashire Constabulary,Lancashire Constabulary,-2.854397,53.588333,On or near Mill Dam Lane,E01025486,West Lancashire 004D,Anti-social behaviour,,
,2021-06,Lancashire Constabulary,Lancashire Constabulary,-2.857662,53.589190,On or near Supermarket,E01025486,West Lancashire 004D,Anti-social behaviour,,
,2021-06,Lancashire Constabulary,Lancashire Constabulary,-2.849066,53.591418,On or near Platts Lane,E01025486,West Lancashire 004D,Anti-social behaviour,,
,2021-06,Lancashire Constabulary,Lancashire Constabulary,-2.851544,53.591463,On or near Liverpool Road South,E01025486,West Lancashire 004D,Anti-social behaviour,,
,2021-06,Lancashire Constabulary,Lancashire Constabulary,-2.860220,53.585720,On or near Abbey Lane,E01025486,West Lancashire 004D,Anti-social behaviour,,
,2021-06,Lancashire Constabulary,Lancashire Constabulary,-2.855226,53.589729,On or near Mill Dam Close,E01025486,West Lancashire 004D,Anti-social behaviour,,
,2021-06,Lancashire Constabulary,Lancashire Constabulary,-2.857662,53.589190,On or near Supermarket,E01025486,West Lancashire 004D,Anti-social behaviour,,
b0e2de1231145dc90851d62c9780b0c97a41f8292c1c9b49b947fa01ff07ddb5,2021-06,Lancashire Constabulary,Lancashire Constabulary,-2.851544,53.591463,On or near Liverpool Road South,E01025486,West Lancashire 004D,Criminal damage and arson,Action to be taken by another organisation,
3886f3daf1b2522a8aea139f5d0b9192d4a32c110e330e30d90e9d7b3102bb7c,2021-06,Lancashire Constabulary,Lancashire Constabulary,-2.860328,53.585809,On or near Abbey Lane,E01025486,West Lancashire 004D,Other theft,Status update unavailable,
e691d168bdc15d64c2f813f9adceb18166d27da6f34bae0130b0b4565928daab,2021-06,Lancashire Constabulary,Lancashire Constabulary,-2.860328,53.585809,On or near Abbey Lane,E01025486,West Lancashire 004D,Other theft,Status update unavailable,
8b9ce661c89580316350ad4eb5916a599b83b43d2c60bb9f31cab7dd4c845b13,2021-06,Lancashire Constabulary,Lancashire Constabulary,-2.860328,53.585809,On or near Abbey Lane,E01025486,West Lancashire 004D,Other theft,Status update unavailable,
35d34d9be482288e428aac0abfb0dc93a4088e1a9c4ae3897f7a040a03b927dd,2021-06,Lancashire Constabulary,Lancashire Constabulary,-2.861987,53.589411,On or near Lordsgate Lane,E01025486,West Lancashire 004D,Other theft,Investigation complete; no suspect identified,
463c892919ff3cbc85c90981c87d957d0d105dc5df63be22293a7853e7c7e1ce,2021-06,Lancashire Constabulary,Lancashire Constabulary,-2.862276,53.589508,On or near Admiralty Close,E01025486,West Lancashire 004D,Shoplifting,Investigation complete; no suspect identified,
d0c499b8748fffe77cd743e9a8370236dbfa7d66c3ddc76c450097022bf1ec89,2021-06,Lancashire Constabulary,Lancashire Constabulary,-2.862276,53.589508,On or near Admiralty Close,E01025486,West Lancashire 004D,Shoplifting,Status update unavailable,
a3585cd3b818791fb3b6368bdbf99ae904887afe333ef65432e69d4dd1324194,2021-06,Lancashire Constabulary,Lancashire Constabulary,-2.862276,53.589508,On or near Admiralty Close,E01025486,West Lancashire 004D,Shoplifting,Investigation complete; no suspect identified,
99c9ddea8700c3605cba40d3b82eb286ea09511b8f60f3b72d32a086a643410e,2021-06,Lancashire Constabulary,Lancashire Constabulary,-2.862276,53.589508,On or near Admiralty Close,E01025486,West Lancashire 004D,Shoplifting,Investigation complete; no suspect identified,
07ba28875755470f6a693b2538a31c40998e724399f930591778fc03dc73a5dd,2021-06,Lancashire Constabulary,Lancashire Constabulary,-2.860220,53.585720,On or near Abbey Lane,E01025486,West Lancashire 004D,Vehicle crime,Status update unavailable,
5f96f96dad07f9a0c1fe7d7b4d4e97376699315ccfcfacb5885c5962ab1ff64c,2021-06,Lancashire Constabulary,Lancashire Constabulary,-2.861987,53.589411,On or near Lordsgate Lane,E01025486,West Lancashire 004D,Violence and sexual offences,Unable to prosecute suspect,
69a170283bd97b1820f2d02085bb19c932ce35d6a6864f650a1297b1582cf9f2,2021-06,Lancashire Constabulary,Lancashire Constabulary,-2.851544,53.591463,On or near Liverpool Road South,E01025486,West Lancashire 004D,Violence and sexual offences,Action to be taken by another organisation,
dca382c22f0dadf6b44fd22afb46ae4102b90373d7edb12464d6ae4e4a620d7b,2021-06,Lancashire Constabulary,Lancashire Constabulary,-2.857662,53.589190,On or near Supermarket,E01025486,West Lancashire 004D,Violence and sexual offences,Unable to prosecute suspect,
,2021-06,Lancashire Constabulary,Lancashire Constabulary,-2.852489,53.600885,On or near Chislett Close,E01025487,West Lancashire 004E,Anti-social behaviour,,
,2021-06,Lancashire Constabulary,Lancashire Constabulary,-2.847876,53.599138,On or near Alexandra Road,E01025487,West Lancashire 004E,Anti-social behaviour,,
,2021-06,Lancashire Constabulary,Lancashire Constabulary,-2.865854,53.600457,On or near Gilbert Place,E01025487,West Lancashire 004E,Anti-social behaviour,,
,2021-06,Lancashire Constabulary,Lancashire Constabulary,-2.852489,53.600885,On or near Chislett Close,E01025487,West Lancashire 004E,Anti-social behaviour,,
,2021-06,Lancashire Constabulary,Lancashire Constabulary,-2.849718,53.598325,On or near Furnival Drive,E01025487,West Lancashire 004E,Anti-social behaviour,,
,2021-06,Lancashire Constabulary,Lancashire Constabulary,-2.862840,53.592676,On or near Tollgate Road,E01025487,West Lancashire 004E,Anti-social behaviour,,
,2021-06,Lancashire Constabulary,Lancashire Constabulary,-2.849718,53.598325,On or near Furnival Drive,E01025487,West Lancashire 004E,Anti-social behaviour,,
,2021-06,Lancashire Constabulary,Lancashire Constabulary,-2.852489,53.600885,On or near Chislett Close,E01025487,West Lancashire 004E,Anti-social behaviour,,
,2021-06,Lancashire Constabulary,Lancashire Constabulary,-2.849718,53.598325,On or near Furnival Drive,E01025487,West Lancashire 004E,Anti-social behaviour,,
,2021-06,Lancashire Constabulary,Lancashire Constabulary,-2.850818,53.598929,On or near Pickles Drive,E01025487,West Lancashire 004E,Anti-social behaviour,,
,2021-06,Lancashire Constabulary,Lancashire Constabulary,-2.845694,53.596592,On or near Lordsgate Drive,E01025487,West Lancashire 004E,Anti-social behaviour,,
,2021-06,Lancashire Constabulary,Lancashire Constabulary,-2.850818,53.598929,On or near Pickles Drive,E01025487,West Lancashire 004E,Anti-social behaviour,,
,2021-06,Lancashire Constabulary,Lancashire Constabulary,-2.846730,53.597771,On or near Peters Avenue,E01025487,West Lancashire 004E,Anti-social behaviour,,
,2021-06,Lancashire Constabulary,Lancashire Constabulary,-2.847876,53.599138,On or near Alexandra Road,E01025487,West Lancashire 004E,Anti-social behaviour,,
e3b7d4c70e8918cceb649da31c99b3a7ff7aae4c4b81181e381963b659d1ac95,2021-06,Lancashire Constabulary,Lancashire Constabulary,-2.846990,53.600196,On or near Trevor Road,E01025487,West Lancashire 004E,Criminal damage and arson,Further investigation is not in the public interest,
c61b4609a5dd05ec5e2819a1cdfd8c2370e3b57db9500218b6f2b63cf7c17722,2021-06,Lancashire Constabulary,Lancashire Constabulary,-2.841872,53.597410,On or near Heather Close,E01025487,West Lancashire 004E,Criminal damage and arson,Investigation complete; no suspect identified,
8f56a5a016b4f28bce3ff1faf9b4aaffb48549e3cc767d78ee1331e01097df82,2021-06,Lancashire Constabulary,Lancashire Constabulary,-2.846990,53.600196,On or near Trevor Road,E01025487,West Lancashire 004E,Violence and sexual offences,Status update unavailable,
e06c2bdeab3434a0f955858b7fa078cf4ee04bfceae7f1a9ede5245caacddb45,2021-06,Lancashire Constabulary,Lancashire Constabulary,-2.845694,53.596592,On or near Lordsgate Drive,E01025487,West Lancashire 004E,Violence and sexual offences,Status update unavailable,
6fc6ee31330064ddc2af80b5132a039934acb053399e4cb8ab928976604ac3e0,2021-06,Lancashire Constabulary,Lancashire Constabulary,-2.847025,53.598165,On or near Christines Crescent,E01025487,West Lancashire 004E,Violence and sexual offences,Unable to prosecute suspect,
,2021-06,Lancashire Constabulary,Lancashire Constabulary,-2.745301,53.568964,On or near Long Heys Lane,E01025510,West Lancashire 005A,Anti-social behaviour,,
,2021-06,Lancashire Constabulary,Lancashire Constabulary,-2.745301,53.568964,On or near Long Heys Lane,E01025510,West Lancashire 005A,Anti-social behaviour,,
,2021-06,Lancashire Constabulary,Lancashire Constabulary,-2.770679,53.591930,On or near Park/Open Space,E01025510,West Lancashire 005A,Anti-social behaviour,,
9e5319ecbad95152b4228a0d8c71542ba56411ddcbde891d60f4bb5fb9f9d849,2021-06,Lancashire Constabulary,Lancashire Constabulary,-2.765137,53.593764,On or near Lancaster Lane,E01025510,West Lancashire 005A,Criminal damage and arson,Status update unavailable,
cdc2de1aa8de819521b77e5714b4ad4e14800563d2fe353088b49ba624cf1de0,2021-06,Lancashire Constabulary,Lancashire Constabulary,-2.740014,53.591342,On or near Sparrow Hill,E01025510,West Lancashire 005A,Other theft,Investigation complete; no suspect identified,
a91c1b63bbc3ff716395c2a95957dcc53897ac94f72b2be271d5aef275fd7cb1,2021-06,Lancashire Constabulary,Lancashire Constabulary,-2.760091,53.592070,On or near Miry Lane,E01025510,West Lancashire 005A,Violence and sexual offences,Unable to prosecute suspect,
,2021-06,Lancashire Constabulary,Lancashire Constabulary,-2.772041,53.613566,On or near Maltkiln Lane,E01025511,West Lancashire 005B,Anti-social behaviour,,
,2021-06,Lancashire Constabulary,Lancashire Constabulary,-2.767008,53.602803,On or near Robin Lane,E01025511,West Lancashire 005B,Anti-social behaviour,,
,2021-06,Lancashire Constabulary,Lancashire Constabulary,-2.772549,53.590076,On or near East Dene,E01025512,West Lancashire 005C,Anti-social behaviour,,
58b00228da51a9bb9332db78ddca40b362457710291fa54d4c7f92f62918c676,2021-06,Lancashire Constabulary,Lancashire Constabulary,-2.772549,53.590076,On or near East Dene,E01025512,West Lancashire 005C,Vehicle crime,Investigation complete; no suspect identified,
8f843a896e4da60159e575c7e138139e2af7b51e55c96dec3d3447ca65f02517,2021-06,Lancashire Constabulary,Lancashire Constabulary,-2.773626,53.589511,On or near Southdene,E01025512,West Lancashire 005C,Violence and sexual offences,Unable to prosecute suspect,
8ec046e50478c978da5f18d51147893dab6b62a7afd755161a63ee25746df920,2021-06,Lancashire Constabulary,Lancashire Constabulary,-2.773626,53.589511,On or near Southdene,E01025512,West Lancashire 005C,Violence and sexual offences,Unable to prosecute suspect,
6363786d4e2a065ebb55c90a5352de78a0574127077a03fd683fdd8109f90dc0,2021-06,Lancashire Constabulary,Lancashire Constabulary,-2.772515,53.590687,On or near Broadmead,E01025512,West Lancashire 005C,Violence and sexual offences,Unable to prosecute suspect,
,2021-06,Lancashire Constabulary,Lancashire Constabulary,-2.703083,53.609101,On or near Orchard Gardens,E01025538,West Lancashire 005D,Anti-social behaviour,,
,2021-06,Lancashire Constabulary,Lancashire Constabulary,-2.703083,53.609101,On or near Orchard Gardens,E01025538,West Lancashire 005D,Anti-social behaviour,,
,2021-06,Lancashire Constabulary,Lancashire Constabulary,-2.703083,53.609101,On or near Orchard Gardens,E01025538,West Lancashire 005D,Anti-social behaviour,,
9f2a7bf5f7b28dae3d43c1bfafceda1d2b3f7b1d1d66ea991b5496ca1acd5c27,2021-06,Lancashire Constabulary,Lancashire Constabulary,-2.703083,53.609101,On or near Orchard Gardens,E01025538,West Lancashire 005D,Violence and sexual offences,Investigation complete; no suspect identified,
,2021-06,Lancashire Constabulary,Lancashire Constabulary,-2.719286,53.578867,On or near Parking Area,E01025539,West Lancashire 005E,Anti-social behaviour,,
,2021-06,Lancashire Constabulary,Lancashire Constabulary,-2.719286,53.578867,On or near Parking Area,E01025539,West Lancashire 005E,Anti-social behaviour,,
,2021-06,Lancashire Constabulary,Lancashire Constabulary,-2.719286,53.578867,On or near Parking Area,E01025539,West Lancashire 005E,Anti-social behaviour,,
,2021-06,Lancashire Constabulary,Lancashire Constabulary,-2.719286,53.578867,On or near Parking Area,E01025539,West Lancashire 005E,Anti-social behaviour,,
,2021-06,Lancashire Constabulary,Lancashire Constabulary,-2.719286,53.578867,On or near Parking Area,E01025539,West Lancashire 005E,Anti-social behaviour,,
,2021-06,Lancashire Constabulary,Lancashire Constabulary,-2.720518,53.578527,On or near Farrier Way,E01025539,West Lancashire 005E,Anti-social behaviour,,
,2021-06,Lancashire Constabulary,Lancashire Constabulary,-2.719286,53.578867,On or near Parking Area,E01025539,West Lancashire 005E,Anti-social behaviour,,
,2021-06,Lancashire Constabulary,Lancashire Constabulary,-2.720518,53.578527,On or near Farrier Way,E01025539,West Lancashire 005E,Anti-social behaviour,,
,2021-06,Lancashire Constabulary,Lancashire Constabulary,-2.719286,53.578867,On or near Parking Area,E01025539,West Lancashire 005E,Anti-social behaviour,,
,2021-06,Lancashire Constabulary,Lancashire Constabulary,-2.721543,53.574826,On or near Speakmans Drive,E01025539,West Lancashire 005E,Anti-social behaviour,,
,2021-06,Lancashire Constabulary,Lancashire Constabulary,-2.727755,53.590105,On or near Sprodley Drive,E01025539,West Lancashire 005E,Anti-social behaviour,,
,2021-06,Lancashire Constabulary,Lancashire Constabulary,-2.725819,53.591699,On or near Appley Close,E01025539,West Lancashire 005E,Anti-social behaviour,,
,2021-06,Lancashire Constabulary,Lancashire Constabulary,-2.716524,53.579009,On or near Stonemill Rise,E01025539,West Lancashire 005E,Anti-social behaviour,,
,2021-06,Lancashire Constabulary,Lancashire Constabulary,-2.719286,53.578867,On or near Parking Area,E01025539,West Lancashire 005E,Anti-social behaviour,,
,2021-06,Lancashire Constabulary,Lancashire Constabulary,-2.723778,53.588071,On or near Appley Lane North,E01025539,West Lancashire 005E,Anti-social behaviour,,
,2021-06,Lancashire Constabulary,Lancashire Constabulary,-2.719286,53.578867,On or near Parking Area,E01025539,West Lancashire 005E,Anti-social behaviour,,
,2021-06,Lancashire Constabulary,Lancashire Constabulary,-2.719286,53.578867,On or near Parking Area,E01025539,West Lancashire 005E,Anti-social behaviour,,
,2021-06,Lancashire Constabulary,Lancashire Constabulary,-2.719286,53.578867,On or near Parking Area,E01025539,West Lancashire 005E,Anti-social behaviour,,
e3d79e9d960d96800a43d33f49e10fdb9f9cff6bc129afaf6040fcf19ef16ede,2021-06,Lancashire Constabulary,Lancashire Constabulary,-2.725819,53.591699,On or near Appley Close,E01025539,West Lancashire 005E,Burglary,Investigation complete; no suspect identified,
2d34ec2174e44cf51729db2c9d45f4a2751bb0b3dfd928eccd52648daa83be6e,2021-06,Lancashire Constabulary,Lancashire Constabulary,-2.715454,53.581811,On or near Dawber Delph,E01025539,West Lancashire 005E,Criminal damage and arson,Investigation complete; no suspect identified,
b1838c2fb7b5c15b17529c58717b69f79fd3df48f158ac6e4297de15c3874a00,2021-06,Lancashire Constabulary,Lancashire Constabulary,-2.722685,53.573606,On or near Appley Lane South,E01025539,West Lancashire 005E,Violence and sexual offences,Unable to prosecute suspect,
16826665e39c8eaa1f20df59ff4ab175f7e360825bfb4de5803853f564d4497a,2021-06,Lancashire Constabulary,Lancashire Constabulary,-2.725718,53.590234,On or near South Drive,E01025539,West Lancashire 005E,Violence and sexual offences,Unable to prosecute suspect,
eddf0f46bd0babd3f709411ea2dd2ec8d4d093e51384b9c00a464f66a97b3957,2021-06,Lancashire Constabulary,Lancashire Constabulary,-2.722685,53.573606,On or near Appley Lane South,E01025539,West Lancashire 005E,Violence and sexual offences,Unable to prosecute suspect,
3875d2be78a387fe408131633514952f427817c03627b061fa1991ac6c329436,2021-06,Lancashire Constabulary,Lancashire Constabulary,-2.723778,53.588071,On or near Appley Lane North,E01025539,West Lancashire 005E,Violence and sexual offences,Unable to prosecute suspect,
22ca4b45bb9f8e7c8d7f2b974da7815b7549b5f7285f01cd87b20d1c47fa268e,2021-06,Lancashire Constabulary,Lancashire Constabulary,-2.896300,53.573159,On or near Tennyson Drive,E01025499,West Lancashire 006A,Criminal damage and arson,Investigation complete; no suspect identified,
908158d11d1e0fe2647919a0ff7d3437f4d2eeeea7a6912f9fa796afc2ffb657,2021-06,Lancashire Constabulary,Lancashire Constabulary,-2.903740,53.578604,On or near Blindman'S Lane,E01025499,West Lancashire 006A,Public order,Unable to prosecute suspect,
bb1496a48c902e384aef86f78474a396c22755c6efa34983aea7886275f8c247,2021-06,Lancashire Constabulary,Lancashire Constabulary,-2.903740,53.578604,On or near Blindman'S Lane,E01025499,West Lancashire 006A,Vehicle crime,Unable to prosecute suspect,
cae0a3af5773f39125110f08cfeea276098cfebc004ca3e8aa2b063b330e26d7,2021-06,Lancashire Constabulary,Lancashire Constabulary,-2.893107,53.571439,On or near The Avenue,E01025499,West Lancashire 006A,Violence and sexual offences,Unable to prosecute suspect,
,2021-06,Lancashire Constabulary,Lancashire Constabulary,-2.899074,53.561570,On or near Priory Grove,E01025501,West Lancashire 006B,Anti-social behaviour,,
,2021-06,Lancashire Constabulary,Lancashire Constabulary,-2.897859,53.566208,On or near Ash Close,E01025501,West Lancashire 006B,Anti-social behaviour,,
648b7480975d1705335c9a78d4846e2a6729446fc3cada4dc2b8677dc0725d68,2021-06,Lancashire Constabulary,Lancashire Constabulary,-2.899074,53.561570,On or near Priory Grove,E01025501,West Lancashire 006B,Violence and sexual offences,Unable to prosecute suspect,
,2021-06,Lancashire Constabulary,Lancashire Constabulary,-2.894659,53.557675,On or near Red Sands,E01025502,West Lancashire 006C,Anti-social behaviour,,
,2021-06,Lancashire Constabulary,Lancashire Constabulary,-2.894659,53.557675,On or near Red Sands,E01025502,West Lancashire 006C,Anti-social behaviour,,
601de132dbd13b5439614cd31b75522dcfd06af1e16c374bf65c32d054b2bc2a,2021-06,Lancashire Constabulary,Lancashire Constabulary,-2.899742,53.561735,On or near Holborn Hill,E01025502,West Lancashire 006C,Vehicle crime,Investigation complete; no suspect identified,
,2021-06,Lancashire Constabulary,Lancashire Constabulary,-2.888433,53.576085,On or near Grimshaw Lane,E01025516,West Lancashire 006D,Anti-social behaviour,,
2ce976a7287cc146c5d0dbaf5c66085188c8f3885f74e9e6ba09e40c95be5358,2021-06,Lancashire Constabulary,Lancashire Constabulary,-2.882389,53.572345,On or near Ashcroft Avenue,E01025516,West Lancashire 006D,Shoplifting,Status update unavailable,
83c14ec36bbb67ec0fbf4d8ec2a5e668ac58ccedfa953f1ec637f505393cebe5,2021-06,Lancashire Constabulary,Lancashire Constabulary,-2.883424,53.576356,On or near Sturgess Close,E01025516,West Lancashire 006D,Violence and sexual offences,Unable to prosecute suspect,
65b0db81837984ee17461c9623c19e82010315897353d7a5c897be58daff94b5,2021-06,Lancashire Constabulary,Lancashire Constabulary,-2.888433,53.576085,On or near Grimshaw Lane,E01025516,West Lancashire 006D,Violence and sexual offences,Unable to prosecute suspect,
30a1dc3e5124847e03bc51eabf4c4d019601ca6450811c10ca9debe941f53578,2021-06,Lancashire Constabulary,Lancashire Constabulary,-2.888433,53.576085,On or near Grimshaw Lane,E01025516,West Lancashire 006D,Violence and sexual offences,Unable to prosecute suspect,
2825b8d70575991661bd5e08275e46ce53072e606ce948a9c3e1758a90f48224,2021-06,Lancashire Constabulary,Lancashire Constabulary,-2.888433,53.576085,On or near Grimshaw Lane,E01025516,West Lancashire 006D,Violence and sexual offences,Unable to prosecute suspect,
,2021-06,Lancashire Constabulary,Lancashire Constabulary,-2.885238,53.578571,On or near Parking Area,E01025517,West Lancashire 006E,Anti-social behaviour,,
,2021-06,Lancashire Constabulary,Lancashire Constabulary,-2.877162,53.574406,On or near Pine Avenue,E01025517,West Lancashire 006E,Anti-social behaviour,,
,2021-06,Lancashire Constabulary,Lancashire Constabulary,-2.879952,53.577127,On or near Sephton Drive,E01025517,West Lancashire 006E,Anti-social behaviour,,
,2021-06,Lancashire Constabulary,Lancashire Constabulary,-2.885976,53.578467,On or near Whittle Drive,E01025517,West Lancashire 006E,Anti-social behaviour,,
,2021-06,Lancashire Constabulary,Lancashire Constabulary,-2.879728,53.578720,On or near Mawdsley Terrace,E01025517,West Lancashire 006E,Anti-social behaviour,,
,2021-06,Lancashire Constabulary,Lancashire Constabulary,-2.877675,53.575104,On or near Pine Grove,E01025517,West Lancashire 006E,Anti-social behaviour,,
27bc9eef1c166503a4055160bd4d66de59d522de8227869cf7215ecc1a707cbe,2021-06,Lancashire Constabulary,Lancashire Constabulary,-2.883568,53.577424,On or near Parker Crescent,E01025517,West Lancashire 006E,Criminal damage and arson,Unable to prosecute suspect,
714e12a0d14d2316e0eb7e27d9658a745c80a60f830d2f83aa83dba372b9a40e,2021-06,Lancashire Constabulary,Lancashire Constabulary,-2.879728,53.578720,On or near Mawdsley Terrace,E01025517,West Lancashire 006E,Violence and sexual offences,Unable to prosecute suspect,
02be220d013d00b1533955f9b385ab1ffc6b473feccb3833b9e5f7d650c17e5d,2021-06,Lancashire Constabulary,Lancashire Constabulary,-2.885976,53.578467,On or near Whittle Drive,E01025517,West Lancashire 006E,Violence and sexual offences,Unable to prosecute suspect,
70b0411ba8d25998e3e5ba475149b3a3155e3b5ffc1fc93eea1692816c4726aa,2021-06,Lancashire Constabulary,Lancashire Constabulary,-2.879728,53.578720,On or near Mawdsley Terrace,E01025517,West Lancashire 006E,Other crime,Status update unavailable,
,2021-06,Lancashire Constabulary,Lancashire Constabulary,-2.888115,53.579647,On or near Renfrey Close,E01025519,West Lancashire 006F,Anti-social behaviour,,
,2021-06,Lancashire Constabulary,Lancashire Constabulary,-2.894465,53.575671,On or near Southport Road,E01025519,West Lancashire 006F,Anti-social behaviour,,
b26403ce9672ec3b075d42b06260ff169a6658cbed9c1b67b271a24cfedbfe2c,2021-06,Lancashire Constabulary,Lancashire Constabulary,-2.893822,53.577402,On or near Ludlow Drive,E01025519,West Lancashire 006F,Violence and sexual offences,Unable to prosecute suspect,
c12e2f6822d6b03efb9ebe536d4913f75a4504ce1730b972ea3b569cecf16cfa,2021-06,Lancashire Constabulary,Lancashire Constabulary,-2.893822,53.577402,On or near Ludlow Drive,E01025519,West Lancashire 006F,Violence and sexual offences,Unable to prosecute suspect,
0e55abdf8d0f8a2893e15dd43a45ed691674f9076c02c650037acf22b4451476,2021-06,Lancashire Constabulary,Lancashire Constabulary,-2.893822,53.577402,On or near Ludlow Drive,E01025519,West Lancashire 006F,Violence and sexual offences,Unable to prosecute suspect,
,2021-06,Lancashire Constabulary,Lancashire Constabulary,-2.869899,53.564931,On or near Dicconson Way,E01025488,West Lancashire 007A,Anti-social behaviour,,
,2021-06,Lancashire Constabulary,Lancashire Constabulary,-2.881655,53.565367,On or near Knowsley Road,E01025488,West Lancashire 007A,Anti-social behaviour,,
,2021-06,Lancashire Constabulary,Lancashire Constabulary,-2.880105,53.566322,On or near Windmill Avenue,E01025488,West Lancashire 007A,Anti-social behaviour,,
,2021-06,Lancashire Constabulary,Lancashire Constabulary,-2.876172,53.565263,On or near Merchant Road,E01025488,West Lancashire 007A,Anti-social behaviour,,
,2021-06,Lancashire Constabulary,Lancashire Constabulary,-2.881655,53.565367,On or near Knowsley Road,E01025488,West Lancashire 007A,Anti-social behaviour,,
,2021-06,Lancashire Constabulary,Lancashire Constabulary,-2.870829,53.561671,On or near Woodlands Close,E01025488,West Lancashire 007A,Anti-social behaviour,,
7b1db0b3918be43445c3579cf90763d2811fc9bad11fadc3a5dac12ba26dc7fb,2021-06,Lancashire Constabulary,Lancashire Constabulary,-2.878905,53.568155,On or near Derby Street,E01025488,West Lancashire 007A,Criminal damage and arson,Unable to prosecute suspect,
a8a29801155940afe39082b20b4f08fd6c1b065c4d3b8d3a9bb2e09ca94153ef,2021-06,Lancashire Constabulary,Lancashire Constabulary,-2.869899,53.564931,On or near Dicconson Way,E01025488,West Lancashire 007A,Vehicle crime,Investigation complete; no suspect identified,
16c828b10dd1a271f6ddda393f8bab3bf80163acf533ef1c81ebce1d01f13aea,2021-06,Lancashire Constabulary,Lancashire Constabulary,-2.869072,53.565063,On or near Hall Brow Close,E01025488,West Lancashire 007A,Violence and sexual offences,Unable to prosecute suspect,
2e6ede13350232a104e679143536cdfffcd1374b22aee01eb3b860a29fe37e4a,2021-06,Lancashire Constabulary,Lancashire Constabulary,-2.869899,53.564931,On or near Dicconson Way,E01025488,West Lancashire 007A,Violence and sexual offences,Unable to prosecute suspect,
9cd264c57cd45fcbfb03a4c6bbafe3a9c6f61348fe4904e02834aee9512a949b,2021-06,Lancashire Constabulary,Lancashire Constabulary,-2.869072,53.565063,On or near Hall Brow Close,E01025488,West Lancashire 007A,Violence and sexual offences,Investigation complete; no suspect identified,
c34723e888829d0da79837cb7bee931715af65812e31a1d44645a25a922930e2,2021-06,Lancashire Constabulary,Lancashire Constabulary,-2.876743,53.565843,On or near Pinfold Road,E01025488,West Lancashire 007A,Violence and sexual offences,Status update unavailable,
29900338bf3b59fdd7e7e4c53838de8fe1959fe49ce9c77d53a8d4564ccc4af9,2021-06,Lancashire Constabulary,Lancashire Constabulary,-2.878905,53.568155,On or near Derby Street,E01025488,West Lancashire 007A,Violence and sexual offences,Unable to prosecute suspect,
2a05d53fd9dca60962d4dbc6f1349d304fddd457bd12fea83ad6402d5097f7c5,2021-06,Lancashire Constabulary,Lancashire Constabulary,-2.874517,53.566983,On or near Sunnyfields,E01025489,West Lancashire 007B,Violence and sexual offences,Unable to prosecute suspect,
,2021-06,Lancashire Constabulary,Lancashire Constabulary,-2.873374,53.559890,On or near Further/Higher Educational Building,E01025490,West Lancashire 007C,Anti-social behaviour,,
,2021-06,Lancashire Constabulary,Lancashire Constabulary,-2.883419,53.564500,On or near Chapel Street,E01025490,West Lancashire 007C,Anti-social behaviour,,
,2021-06,Lancashire Constabulary,Lancashire Constabulary,-2.883419,53.564500,On or near Chapel Street,E01025490,West Lancashire 007C,Anti-social behaviour,,
,2021-06,Lancashire Constabulary,Lancashire Constabulary,-2.883419,53.564500,On or near Chapel Street,E01025490,West Lancashire 007C,Anti-social behaviour,,
,2021-06,Lancashire Constabulary,Lancashire Constabulary,-2.883468,53.566863,On or near Moor Street,E01025490,West Lancashire 007C,Anti-social behaviour,,
,2021-06,Lancashire Constabulary,Lancashire Constabulary,-2.883913,53.565746,On or near Park Road,E01025490,West Lancashire 007C,Anti-social behaviour,,
,2021-06,Lancashire Constabulary,Lancashire Constabulary,-2.883568,53.562251,On or near Sports/Recreation Area,E01025490,West Lancashire 007C,Anti-social behaviour,,
,2021-06,Lancashire Constabulary,Lancashire Constabulary,-2.883468,53.566863,On or near Moor Street,E01025490,West Lancashire 007C,Anti-social behaviour,,
,2021-06,Lancashire Constabulary,Lancashire Constabulary,-2.883568,53.562251,On or near Sports/Recreation Area,E01025490,West Lancashire 007C,Anti-social behaviour,,
,2021-06,Lancashire Constabulary,Lancashire Constabulary,-2.883419,53.564500,On or near Chapel Street,E01025490,West Lancashire 007C,Anti-social behaviour,,
,2021-06,Lancashire Constabulary,Lancashire Constabulary,-2.884230,53.564997,On or near Moss View,E01025490,West Lancashire 007C,Anti-social behaviour,,
82af32966bc9e5741c45bfc779085c97f91dfddfa4bc39de306490dfebe80f62,2021-06,Lancashire Constabulary,Lancashire Constabulary,-2.875733,53.560089,On or near Theatre/Concert Hall,E01025490,West Lancashire 007C,Bicycle theft,Investigation complete; no suspect identified,
24b4fe1a54f5d5dd018904876fcecfe4b9dc7eaf2810f81e9ce1edfae2882244,2021-06,Lancashire Constabulary,Lancashire Constabulary,-2.873374,53.559890,On or near Further/Higher Educational Building,E01025490,West Lancashire 007C,Public order,Unable to prosecute suspect,
ba3de01f2a0479c4b2a301d64c62eaa84bb5de07f8a8924a7ccd435e6fc8ebc4,2021-06,Lancashire Constabulary,Lancashire Constabulary,-2.873374,53.559890,On or near Further/Higher Educational Building,E01025490,West Lancashire 007C,Theft from the person,Investigation complete; no suspect identified,
1740360df4963c1803370d9e2228ce3c9896652edc7da4c96533d5381aad8e77,2021-06,Lancashire Constabulary,Lancashire Constabulary,-2.884230,53.564997,On or near Moss View,E01025490,West Lancashire 007C,Violence and sexual offences,Unable to prosecute suspect,
0b17208eb42691be2afaacf89c63209ef69d02005b086783e6b67c9702cbfb27,2021-06,Lancashire Constabulary,Lancashire Constabulary,-2.882992,53.567208,On or near Bus/Coach Station,E01025490,West Lancashire 007C,Violence and sexual offences,Offender given a caution,
87ed05859bccff6c4c02f1626db1dd9c6af53b07dd0be8ad474363708bc6ee59,2021-06,Lancashire Constabulary,Lancashire Constabulary,-2.884230,53.564997,On or near Moss View,E01025490,West Lancashire 007C,Violence and sexual offences,Unable to prosecute suspect,
92184c950c2d30fa39ac78f22a097e402e7538599ec4218175c9a92c8a655715,2021-06,Lancashire Constabulary,Lancashire Constabulary,-2.884230,53.564997,On or near Moss View,E01025490,West Lancashire 007C,Violence and sexual offences,Unable to prosecute suspect,
7191a8e5f72a59be2b52edd6185d32e87ce5fefe8b0152ac14a0f01d0e1fd0d4,2021-06,Lancashire Constabulary,Lancashire Constabulary,-2.884230,53.564997,On or near Moss View,E01025490,West Lancashire 007C,Violence and sexual offences,Unable to prosecute suspect,
3b806eddb0c0a66ac553ca48d5c0e23212a2fd074571ef9ced94ca75246a24bd,2021-06,Lancashire Constabulary,Lancashire Constabulary,-2.884230,53.564997,On or near Moss View,E01025490,West Lancashire 007C,Violence and sexual offences,Investigation complete; no suspect identified,
670123ab3b58f859077efbc85af9dcadf33fc895e65ca16927a431037b8f7f48,2021-06,Lancashire Constabulary,Lancashire Constabulary,-2.875733,53.560089,On or near Theatre/Concert Hall,E01025490,West Lancashire 007C,Violence and sexual offences,Unable to prosecute suspect,
78ba89705126fa4b2e3715cbd16483930e017c488c9f4b45fbe49191c730f2c2,2021-06,Lancashire Constabulary,Lancashire Constabulary,-2.881587,53.560630,On or near Sports/Recreation Area,E01025490,West Lancashire 007C,Violence and sexual offences,Unable to prosecute suspect,
4477f3151a34663ff179ba916068a9a6ef1d9bb015e316a3dc9466695102b4f0,2021-06,Lancashire Constabulary,Lancashire Constabulary,-2.884230,53.564997,On or near Moss View,E01025490,West Lancashire 007C,Violence and sexual offences,Status update unavailable,
,2021-06,Lancashire Constabulary,Lancashire Constabulary,-2.892310,53.563679,On or near Town End Close,E01025500,West Lancashire 007D,Anti-social behaviour,,
,2021-06,Lancashire Constabulary,Lancashire Constabulary,-2.893870,53.563227,On or near St Anne'S Road,E01025500,West Lancashire 007D,Anti-social behaviour,,
,2021-06,Lancashire Constabulary,Lancashire Constabulary,-2.889262,53.569517,On or near Church Fields,E01025500,West Lancashire 007D,Anti-social behaviour,,
,2021-06,Lancashire Constabulary,Lancashire Constabulary,-2.892310,53.563679,On or near Town End Close,E01025500,West Lancashire 007D,Anti-social behaviour,,
,2021-06,Lancashire Constabulary,Lancashire Constabulary,-2.887672,53.565718,On or near Supermarket,E01025500,West Lancashire 007D,Anti-social behaviour,,
,2021-06,Lancashire Constabulary,Lancashire Constabulary,-2.887672,53.565718,On or near Supermarket,E01025500,West Lancashire 007D,Anti-social behaviour,,
,2021-06,Lancashire Constabulary,Lancashire Constabulary,-2.892310,53.563679,On or near Town End Close,E01025500,West Lancashire 007D,Anti-social behaviour,,
,2021-06,Lancashire Constabulary,Lancashire Constabulary,-2.889542,53.567061,On or near Park/Open Space,E01025500,West Lancashire 007D,Anti-social behaviour,,
,2021-06,Lancashire Constabulary,Lancashire Constabulary,-2.887230,53.568427,On or near Church Street,E01025500,West Lancashire 007D,Anti-social behaviour,,
,2021-06,Lancashire Constabulary,Lancashire Constabulary,-2.886408,53.566653,On or near Shopping Area,E01025500,West Lancashire 007D,Anti-social behaviour,,
780a43f46d0409b0f9f0f3f6fc8b9f5d9798656f865bc6eea64065046196be30,2021-06,Lancashire Constabulary,Lancashire Constabulary,-2.889542,53.567061,On or near Park/Open Space,E01025500,West Lancashire 007D,Bicycle theft,Investigation complete; no suspect identified,
ca67e28294827d3c8eb209b780cfb79ae2a16f963dcfe3e5e93cd5a9b4d7a115,2021-06,Lancashire Constabulary,Lancashire Constabulary,-2.889542,53.567061,On or near Park/Open Space,E01025500,West Lancashire 007D,Bicycle theft,Investigation complete; no suspect identified,
3b9328baf81b209f4962e56740c5203c584ce7fc682c6a04828737d72c73e231,2021-06,Lancashire Constabulary,Lancashire Constabulary,-2.893121,53.565641,On or near Petrol Station,E01025500,West Lancashire 007D,Other theft,Action to be taken by another organisation,
583f46d61a4421e665d5f2aeca35fbec86636617dfa2e4ff238ef18fcc20fdc1,2021-06,Lancashire Constabulary,Lancashire Constabulary,-2.887368,53.567059,On or near Hutton Way,E01025500,West Lancashire 007D,Public order,Status update unavailable,
680faf1d9b0156bfada285edf2087365179bf3d7d62f2de46393dd5c6edad8fe,2021-06,Lancashire Constabulary,Lancashire Constabulary,-2.887331,53.568920,On or near Church Street,E01025500,West Lancashire 007D,Vehicle crime,Investigation complete; no suspect identified,
0f58bd6e6a260dfdc92aba4baccacbd6732f731dd457c59e27bdd6dae41cf3ee,2021-06,Lancashire Constabulary,Lancashire Constabulary,-2.887672,53.565718,On or near Supermarket,E01025500,West Lancashire 007D,Violence and sexual offences,Investigation complete; no suspect identified,
37ade8372f319790bad7942d7f97434cacc10fe64f55684c2e3bf9538b01d316,2021-06,Lancashire Constabulary,Lancashire Constabulary,-2.890090,53.563650,On or near Brook Farm Close,E01025500,West Lancashire 007D,Violence and sexual offences,Unable to prosecute suspect,
f32669cb9aa9dbdb26cb6f786a7fc70139c445473c1aa99eb25b4b146b040f33,2021-06,Lancashire Constabulary,Lancashire Constabulary,-2.887672,53.565718,On or near Supermarket,E01025500,West Lancashire 007D,Violence and sexual offences,Investigation complete; no suspect identified,
fd840dff6db5c084ca57ec5a1d353041bc06e6c098bffcfa5a97fc069ee58b38,2021-06,Lancashire Constabulary,Lancashire Constabulary,-2.887672,53.565718,On or near Supermarket,E01025500,West Lancashire 007D,Violence and sexual offences,Investigation complete; no suspect identified,
9ac825a454e4f0a98bc4c73c3939c18cd9dc3a49caf545ca58ffa1c293587201,2021-06,Lancashire Constabulary,Lancashire Constabulary,-2.887672,53.565718,On or near Supermarket,E01025500,West Lancashire 007D,Violence and sexual offences,Investigation complete; no suspect identified,
,2021-06,Lancashire Constabulary,Lancashire Constabulary,-2.886568,53.567820,On or near Church Street,E01025518,West Lancashire 007E,Anti-social behaviour,,
,2021-06,Lancashire Constabulary,Lancashire Constabulary,-2.886568,53.567820,On or near Church Street,E01025518,West Lancashire 007E,Anti-social behaviour,,
,2021-06,Lancashire Constabulary,Lancashire Constabulary,-2.886568,53.567820,On or near Church Street,E01025518,West Lancashire 007E,Anti-social behaviour,,
,2021-06,Lancashire Constabulary,Lancashire Constabulary,-2.884283,53.569015,On or near Police Station,E01025518,West Lancashire 007E,Anti-social behaviour,,
,2021-06,Lancashire Constabulary,Lancashire Constabulary,-2.885815,53.568626,On or near The Stiles,E01025518,West Lancashire 007E,Anti-social behaviour,,
,2021-06,Lancashire Constabulary,Lancashire Constabulary,-2.888193,53.570424,On or near The Avenue,E01025518,West Lancashire 007E,Anti-social behaviour,,
,2021-06,Lancashire Constabulary,Lancashire Constabulary,-2.885815,53.568626,On or near The Stiles,E01025518,West Lancashire 007E,Anti-social behaviour,,
,2021-06,Lancashire Constabulary,Lancashire Constabulary,-2.884134,53.566948,On or near Moor Street,E01025518,West Lancashire 007E,Anti-social behaviour,,
,2021-06,Lancashire Constabulary,Lancashire Constabulary,-2.884703,53.568167,On or near Leyland Way,E01025518,West Lancashire 007E,Anti-social behaviour,,
,2021-06,Lancashire Constabulary,Lancashire Constabulary,-2.886568,53.567820,On or near Church Street,E01025518,West Lancashire 007E,Anti-social behaviour,,
,2021-06,Lancashire Constabulary,Lancashire Constabulary,-2.886568,53.567820,On or near Church Street,E01025518,West Lancashire 007E,Anti-social behaviour,,
,2021-06,Lancashire Constabulary,Lancashire Constabulary,-2.886568,53.567820,On or near Church Street,E01025518,West Lancashire 007E,Anti-social behaviour,,
,2021-06,Lancashire Constabulary,Lancashire Constabulary,-2.884134,53.566948,On or near Moor Street,E01025518,West Lancashire 007E,Anti-social behaviour,,
,2021-06,Lancashire Constabulary,Lancashire Constabulary,-2.884703,53.568167,On or near Leyland Way,E01025518,West Lancashire 007E,Anti-social behaviour,,
0e43c47ce640cd8bc01784fca475ec67f04463ac666ef8a41f9a00f23678ead4,2021-06,Lancashire Constabulary,Lancashire Constabulary,-2.885815,53.568626,On or near The Stiles,E01025518,West Lancashire 007E,Criminal damage and arson,Action to be taken by another organisation,
fd9c23ce97e061ee13450f501ce2baa8dfe5e576abc86d1b40b462dd75ebe82f,2021-06,Lancashire Constabulary,Lancashire Constabulary,-2.885815,53.568626,On or near The Stiles,E01025518,West Lancashire 007E,Public order,Status update unavailable,
f46d4e2b6c41104b187b4ece89ddc67cdeb8a41f69d98ea899e495630d2f097c,2021-06,Lancashire Constabulary,Lancashire Constabulary,-2.884134,53.566948,On or near Moor Street,E01025518,West Lancashire 007E,Shoplifting,Status update unavailable,
844cff312b68d9b5daa6e13e436311bcf2b62d4f2411a75b1e6101064d9c8153,2021-06,Lancashire Constabulary,Lancashire Constabulary,-2.886568,53.567820,On or near Church Street,E01025518,West Lancashire 007E,Violence and sexual offences,Unable to prosecute suspect,
f464b25429093899a1803855567b9d544f21237ca2aeea0b0eb8d523e4c85d8b,2021-06,Lancashire Constabulary,Lancashire Constabulary,-2.885944,53.570449,On or near Pennington Avenue,E01025518,West Lancashire 007E,Violence and sexual offences,Further investigation is not in the public interest,
a9c157456e4e9f9db70cec0edbe48b40644b3d0cff26d91d78a9d03209035c5d,2021-06,Lancashire Constabulary,Lancashire Constabulary,-2.886568,53.567820,On or near Church Street,E01025518,West Lancashire 007E,Violence and sexual offences,Unable to prosecute suspect,
e385c64014efbeda9360fa0b2c0df50156d0a22a551428b10806845a059ff3a4,2021-06,Lancashire Constabulary,Lancashire Constabulary,-2.885815,53.568626,On or near The Stiles,E01025518,West Lancashire 007E,Violence and sexual offences,Awaiting court outcome,
,2021-06,Lancashire Constabulary,Lancashire Constabulary,-2.812303,53.554964,On or near Old Engine Lane,E01025479,West Lancashire 008A,Anti-social behaviour,,
,2021-06,Lancashire Constabulary,Lancashire Constabulary,-2.816388,53.551520,On or near Blaguegate Lane,E01025479,West Lancashire 008A,Anti-social behaviour,,
,2021-06,Lancashire Constabulary,Lancashire Constabulary,-2.829984,53.512767,On or near Coach Road,E01025479,West Lancashire 008A,Anti-social behaviour,,
,2021-06,Lancashire Constabulary,Lancashire Constabulary,-2.868435,53.517015,On or near Hurst'S Lane,E01025479,West Lancashire 008A,Anti-social behaviour,,
de4da5d282174a2984efdd9dcd12f5595a67b2a636deaef41332aa9802f4362a,2021-06,Lancashire Constabulary,Lancashire Constabulary,-2.839659,53.511665,On or near Sineacre Lane,E01025479,West Lancashire 008A,Criminal damage and arson,Unable to prosecute suspect,
53ed324a4f9da19851b15ceff2e02c12221422093a3c261c70bb1dc7e3d4c42b,2021-06,Lancashire Constabulary,Lancashire Constabulary,-2.816388,53.551520,On or near Blaguegate Lane,E01025479,West Lancashire 008A,Violence and sexual offences,Unable to prosecute suspect,
8b7f34c9269916190e82d7c22e0f7230241d473b1fd5514524d661fc9c21153a,2021-06,Lancashire Constabulary,Lancashire Constabulary,-2.839659,53.511665,On or near Sineacre Lane,E01025479,West Lancashire 008A,Other crime,Formal action is not in the public interest,
,2021-06,Lancashire Constabulary,Lancashire Constabulary,-2.858860,53.557380,On or near Wellfield Lane,E01025491,West Lancashire 008B,Anti-social behaviour,,
,2021-06,Lancashire Constabulary,Lancashire Constabulary,-2.868095,53.570446,On or near Charlesbye Close,E01025491,West Lancashire 008B,Anti-social behaviour,,
,2021-06,Lancashire Constabulary,Lancashire Constabulary,-2.843610,53.563286,On or near Greenacre,E01025491,West Lancashire 008B,Anti-social behaviour,,
,2021-06,Lancashire Constabulary,Lancashire Constabulary,-2.861861,53.557934,On or near Bewcastle Drive,E01025491,West Lancashire 008B,Anti-social behaviour,,
,2021-06,Lancashire Constabulary,Lancashire Constabulary,-2.829732,53.597081,On or near Wheat Lane,E01025506,West Lancashire 008C,Anti-social behaviour,,
,2021-06,Lancashire Constabulary,Lancashire Constabulary,-2.808191,53.596591,On or near Hoscar Moss Road,E01025506,West Lancashire 008C,Anti-social behaviour,,
,2021-06,Lancashire Constabulary,Lancashire Constabulary,-2.825294,53.592654,On or near Briars Brook,E01025506,West Lancashire 008C,Anti-social behaviour,,
1339c22aea4ff9cf7b590aea16646154ecf2f436fbfa02ce824e647a5ab9a55a,2021-06,Lancashire Constabulary,Lancashire Constabulary,-2.829732,53.597081,On or near Wheat Lane,E01025506,West Lancashire 008C,Other theft,Investigation complete; no suspect identified,
fb086d181f08b33c3c09c924502e9621820f7e503c74a16f1807bb5af76debf0,2021-06,Lancashire Constabulary,Lancashire Constabulary,-2.821009,53.590580,On or near Petrol Station,E01025506,West Lancashire 008C,Other theft,Status update unavailable,
77b725dfae6042cb21df1c832806d25200e0d47f3e291e5950fc9594b3092211,2021-06,Lancashire Constabulary,Lancashire Constabulary,-2.821009,53.590580,On or near Petrol Station,E01025506,West Lancashire 008C,Shoplifting,Investigation complete; no suspect identified,
be039310383660cb99806e7315a1b7d944fb652dfa548c152b5b1d5fadb9a3fa,2021-06,Lancashire Constabulary,Lancashire Constabulary,-2.829732,53.597081,On or near Wheat Lane,E01025506,West Lancashire 008C,Violence and sexual offences,Investigation complete; no suspect identified,
,2021-06,Lancashire Constabulary,Lancashire Constabulary,-2.782960,53.568130,On or near Pedestrian Subway,E01025468,West Lancashire 009A,Anti-social behaviour,,
,2021-06,Lancashire Constabulary,Lancashire Constabulary,-2.779179,53.565341,On or near Briars Green,E01025468,West Lancashire 009A,Anti-social behaviour,,
,2021-06,Lancashire Constabulary,Lancashire Constabulary,-2.779059,53.564560,On or near Ashurst Close,E01025468,West Lancashire 009A,Anti-social behaviour,,
,2021-06,Lancashire Constabulary,Lancashire Constabulary,-2.785443,53.561992,On or near Summer Street,E01025468,West Lancashire 009A,Anti-social behaviour,,
,2021-06,Lancashire Constabulary,Lancashire Constabulary,-2.781471,53.561902,On or near Pedestrian Subway,E01025468,West Lancashire 009A,Anti-social behaviour,,
,2021-06,Lancashire Constabulary,Lancashire Constabulary,-2.774650,53.567025,On or near Newburn Close,E01025468,West Lancashire 009A,Anti-social behaviour,,
2b705d21213fc957d5520d5d86fe47daba0482e28b61470222903549527d9dbe,2021-06,Lancashire Constabulary,Lancashire Constabulary,-2.783535,53.564926,On or near Merewood,E01025468,West Lancashire 009A,Violence and sexual offences,Unable to prosecute suspect,
fb3c04ab7e43ef4e3d4d0d744aacb4f68b1d181f00ea4806da16a2a6b13dbb43,2021-06,Lancashire Constabulary,Lancashire Constabulary,-2.784705,53.563696,On or near Melbreck,E01025468,West Lancashire 009A,Other crime,Further investigation is not in the public interest,
,2021-06,Lancashire Constabulary,Lancashire Constabulary,-2.769206,53.562413,On or near Longhey,E01025469,West Lancashire 009B,Anti-social behaviour,,
,2021-06,Lancashire Constabulary,Lancashire Constabulary,-2.773576,53.563625,On or near Lyndale,E01025469,West Lancashire 009B,Anti-social behaviour,,
,2021-06,Lancashire Constabulary,Lancashire Constabulary,-2.772065,53.561864,On or near Lindens,E01025469,West Lancashire 009B,Anti-social behaviour,,
,2021-06,Lancashire Constabulary,Lancashire Constabulary,-2.773576,53.563625,On or near Lyndale,E01025469,West Lancashire 009B,Anti-social behaviour,,
,2021-06,Lancashire Constabulary,Lancashire Constabulary,-2.773576,53.563625,On or near Lyndale,E01025469,West Lancashire 009B,Anti-social behaviour,,
,2021-06,Lancashire Constabulary,Lancashire Constabulary,-2.773889,53.565061,On or near Northfield,E01025469,West Lancashire 009B,Anti-social behaviour,,
29184b72797afc529aec8eb226c4f82ec0cc052b1475507865af4fd14c85331d,2021-06,Lancashire Constabulary,Lancashire Constabulary,-2.774456,53.562172,On or near Lambourne,E01025469,West Lancashire 009B,Burglary,Investigation complete; no suspect identified,
82c84653d7c3eff2bd1c8fc5386c591a47cf3ae9fef7edbea158f90b82617b0d,2021-06,Lancashire Constabulary,Lancashire Constabulary,-2.774028,53.561051,On or near Ashley Road,E01025469,West Lancashire 009B,Violence and sexual offences,Unable to prosecute suspect,
7fa5c550c4735172a21f471709024a0ef7580c39e43e7b3176fe2ac8c9d5242a,2021-06,Lancashire Constabulary,Lancashire Constabulary,-2.773576,53.563625,On or near Lyndale,E01025469,West Lancashire 009B,Violence and sexual offences,Investigation complete; no suspect identified,
cc16a7f9b1239cb54842179e72bf4ebef67f9d01087cb73eea0bb8e33ece0d83,2021-06,Lancashire Constabulary,Lancashire Constabulary,-2.773576,53.563625,On or near Lyndale,E01025469,West Lancashire 009B,Violence and sexual offences,Unable to prosecute suspect,
,2021-06,Lancashire Constabulary,Lancashire Constabulary,-2.762536,53.557521,On or near Fosters Green Road,E01025470,West Lancashire 009C,Anti-social behaviour,,
,2021-06,Lancashire Constabulary,Lancashire Constabulary,-2.762536,53.557521,On or near Fosters Green Road,E01025470,West Lancashire 009C,Anti-social behaviour,,
,2021-06,Lancashire Constabulary,Lancashire Constabulary,-2.764377,53.560862,On or near Elmwood,E01025470,West Lancashire 009C,Anti-social behaviour,,
,2021-06,Lancashire Constabulary,Lancashire Constabulary,-2.767986,53.564218,On or near Kestral Park,E01025470,West Lancashire 009C,Anti-social behaviour,,
833ecea58c90110d870c2cc238bdd5b020c6d7a780c79c9532b4d747bc8bab9d,2021-06,Lancashire Constabulary,Lancashire Constabulary,-2.769624,53.565448,On or near Kestrel Mews,E01025470,West Lancashire 009C,Criminal damage and arson,Investigation complete; no suspect identified,
6a0986cd256b4aa815cce545609dc430dc5760d6a4eeca1a015d2aa348360205,2021-06,Lancashire Constabulary,Lancashire Constabulary,-2.769624,53.565448,On or near Kestrel Mews,E01025470,West Lancashire 009C,Criminal damage and arson,Local resolution,
465a52fe9d0b4437f6ab3bae579b30f376b3b1c31ce82cf93b1e86cad7d59659,2021-06,Lancashire Constabulary,Lancashire Constabulary,-2.764377,53.560862,On or near Elmwood,E01025470,West Lancashire 009C,Other theft,Investigation complete; no suspect identified,
a5c685b6d295ab9b6bac5e845a1f65ed989e1f6ad7029e1b5922930c946d1d26,2021-06,Lancashire Constabulary,Lancashire Constabulary,-2.767986,53.564218,On or near Kestral Park,E01025470,West Lancashire 009C,Violence and sexual offences,Status update unavailable,
,2021-06,Lancashire Constabulary,Lancashire Constabulary,-2.793706,53.560626,On or near Pedestrian Subway,E01025522,West Lancashire 009D,Anti-social behaviour,,
,2021-06,Lancashire Constabulary,Lancashire Constabulary,-2.793706,53.560626,On or near Pedestrian Subway,E01025522,West Lancashire 009D,Anti-social behaviour,,
38fe62d7e8114b91de459934fec6642a566904ccbd4b4d4fce57f2e3bb45450b,2021-06,Lancashire Constabulary,Lancashire Constabulary,-2.789443,53.553005,On or near Appleton Road,E01025522,West Lancashire 009D,Burglary,Unable to prosecute suspect,
7f1cd0d9433ea9c2d09995d81a249b76144394f0ba568312fa0b6888705db78e,2021-06,Lancashire Constabulary,Lancashire Constabulary,-2.792470,53.554261,On or near Neverstitch Close,E01025522,West Lancashire 009D,Other theft,Investigation complete; no suspect identified,
7e31d32ba581e691896395f943c4fd208f405c31b2cd1ed62f105e03ecf98554,2021-06,Lancashire Constabulary,Lancashire Constabulary,-2.793706,53.560626,On or near Pedestrian Subway,E01025522,West Lancashire 009D,Violence and sexual offences,Unable to prosecute suspect,
37dec7a2b363693d6a45ba449f14335b2999ed4062d5b01a762ff6c9fe73af50,2021-06,Lancashire Constabulary,Lancashire Constabulary,-2.793706,53.560626,On or near Pedestrian Subway,E01025522,West Lancashire 009D,Violence and sexual offences,Action to be taken by another organisation,
a27bef07db20889a347cea72275cb887fbf6430657d9537f235de8c8fefbf2cf,2021-06,Lancashire Constabulary,Lancashire Constabulary,-2.795902,53.554535,On or near Thurston,E01025522,West Lancashire 009D,Violence and sexual offences,Further investigation is not in the public interest,
,2021-06,Lancashire Constabulary,Lancashire Constabulary,-2.772537,53.558778,On or near Sports/Recreation Area,E01025471,West Lancashire 010A,Anti-social behaviour,,
,2021-06,Lancashire Constabulary,Lancashire Constabulary,-2.766778,53.557556,On or near Birch Green Road,E01025471,West Lancashire 010A,Anti-social behaviour,,
,2021-06,Lancashire Constabulary,Lancashire Constabulary,-2.770395,53.561353,On or near Lindholme,E01025471,West Lancashire 010A,Anti-social behaviour,,
,2021-06,Lancashire Constabulary,Lancashire Constabulary,-2.766462,53.558412,On or near Falkland,E01025471,West Lancashire 010A,Anti-social behaviour,,
,2021-06,Lancashire Constabulary,Lancashire Constabulary,-2.767793,53.558593,On or near Fairstead,E01025471,West Lancashire 010A,Anti-social behaviour,,
,2021-06,Lancashire Constabulary,Lancashire Constabulary,-2.766110,53.560680,On or near A577,E01025471,West Lancashire 010A,Anti-social behaviour,,
,2021-06,Lancashire Constabulary,Lancashire Constabulary,-2.767793,53.558593,On or near Fairstead,E01025471,West Lancashire 010A,Anti-social behaviour,,
334aa78c002911794447f70b1cf89bd847b77f6f3f2e37e71d6e8be2e8156925,2021-06,Lancashire Constabulary,Lancashire Constabulary,-2.773285,53.560921,On or near Pedestrian Subway,E01025471,West Lancashire 010A,Criminal damage and arson,Unable to prosecute suspect,
7e4456198a2cb4f1b7d768626c19cea18b7ef9405d060c0ddc3ce4932d7dffd9,2021-06,Lancashire Constabulary,Lancashire Constabulary,-2.767793,53.558593,On or near Fairstead,E01025471,West Lancashire 010A,Public order,Unable to prosecute suspect,
,2021-06,Lancashire Constabulary,Lancashire Constabulary,-2.774801,53.555482,On or near Ivydale,E01025480,West Lancashire 010B,Anti-social behaviour,,
,2021-06,Lancashire Constabulary,Lancashire Constabulary,-2.777570,53.556633,On or near Inskip Court,E01025480,West Lancashire 010B,Anti-social behaviour,,
,2021-06,Lancashire Constabulary,Lancashire Constabulary,-2.776870,53.557168,On or near Pedestrian Subway,E01025480,West Lancashire 010B,Anti-social behaviour,,
f627256876d7e4b6a4614d14893205bafdf85cca180683947719507858b75020,2021-06,Lancashire Constabulary,Lancashire Constabulary,-2.774162,53.556862,On or near Feltons,E01025480,West Lancashire 010B,Violence and sexual offences,Investigation complete; no suspect identified,
657f21c4a1e0e91b4b1753043033c18de48c28e7f8b155c1918287e86a6ac08a,2021-06,Lancashire Constabulary,Lancashire Constabulary,-2.774801,53.555482,On or near Ivydale,E01025480,West Lancashire 010B,Violence and sexual offences,Unable to prosecute suspect,
b31c549f84585cb0b7e562e93fe7493f1c797f24df4b80c6a306bbb6e90b1809,2021-06,Lancashire Constabulary,Lancashire Constabulary,-2.767776,53.556822,On or near Heathgate,E01025480,West Lancashire 010B,Violence and sexual offences,Status update unavailable,
aad634b306d247197a7d71d9d9357e842524ee0b0397d47d133c8a5afceacb1f,2021-06,Lancashire Constabulary,Lancashire Constabulary,-2.774801,53.555482,On or near Ivydale,E01025480,West Lancashire 010B,Violence and sexual offences,Unable to prosecute suspect,
aa16c15cb8cab8668d0b4fd925cd741f1c64b6c7fa1446440cb6f69b51b046d3,2021-06,Lancashire Constabulary,Lancashire Constabulary,-2.774162,53.556862,On or near Feltons,E01025480,West Lancashire 010B,Other crime,Further investigation is not in the public interest,
,2021-06,Lancashire Constabulary,Lancashire Constabulary,-2.771708,53.552203,On or near Firbeck,E01025481,West Lancashire 010C,Anti-social behaviour,,
,2021-06,Lancashire Constabulary,Lancashire Constabulary,-2.780170,53.556823,On or near Inskip,E01025481,West Lancashire 010C,Anti-social behaviour,,
,2021-06,Lancashire Constabulary,Lancashire Constabulary,-2.780170,53.556823,On or near Inskip,E01025481,West Lancashire 010C,Anti-social behaviour,,
,2021-06,Lancashire Constabulary,Lancashire Constabulary,-2.771708,53.552203,On or near Firbeck,E01025481,West Lancashire 010C,Anti-social behaviour,,
,2021-06,Lancashire Constabulary,Lancashire Constabulary,-2.771708,53.552203,On or near Firbeck,E01025481,West Lancashire 010C,Anti-social behaviour,,
,2021-06,Lancashire Constabulary,Lancashire Constabulary,-2.770945,53.555094,On or near Ferndale,E01025481,West Lancashire 010C,Anti-social behaviour,,
,2021-06,Lancashire Constabulary,Lancashire Constabulary,-2.777983,53.551992,On or near Ingram,E01025481,West Lancashire 010C,Anti-social behaviour,,
c9723c1228d8a6832d709bd193dd57b0b50ab497ac882e33ac577fecb24d2f9c,2021-06,Lancashire Constabulary,Lancashire Constabulary,-2.780223,53.558045,On or near Irwell,E01025481,West Lancashire 010C,Criminal damage and arson,Investigation complete; no suspect identified,
fb6192cf384eff13c470c4006ce29cda189b365e7b1b108c26677932aeb85569,2021-06,Lancashire Constabulary,Lancashire Constabulary,-2.777124,53.552905,On or near Petrol Station,E01025481,West Lancashire 010C,Other theft,Status update unavailable,
4c1a8fa0b60b98dc33827c7aa0c7ab910b1b02ea930ae0c3830b826a150175c8,2021-06,Lancashire Constabulary,Lancashire Constabulary,-2.771708,53.552203,On or near Firbeck,E01025481,West Lancashire 010C,Public order,Local resolution,
a023e26107f6bedfe32c9bda1883a778878087ba073c5f23ec472f8f331d1e43,2021-06,Lancashire Constabulary,Lancashire Constabulary,-2.777124,53.552905,On or near Petrol Station,E01025481,West Lancashire 010C,Shoplifting,Investigation complete; no suspect identified,
68b4601ecbecf277f8523db7759e3efa2a9c6e50aa76723ce7954e2d41f220a8,2021-06,Lancashire Constabulary,Lancashire Constabulary,-2.770945,53.555094,On or near Ferndale,E01025481,West Lancashire 010C,Violence and sexual offences,Investigation complete; no suspect identified,
5792b9941e148fa70333a63cbcacec41e3b01fafdf45773b633a0748ed54d8e2,2021-06,Lancashire Constabulary,Lancashire Constabulary,-2.770945,53.555094,On or near Ferndale,E01025481,West Lancashire 010C,Violence and sexual offences,Unable to prosecute suspect,
177177e28de9ec613b4c7c944ea4719b541b1c8ee33ceadd219cc1c47969e545,2021-06,Lancashire Constabulary,Lancashire Constabulary,-2.778907,53.555447,On or near Inglewhite,E01025481,West Lancashire 010C,Violence and sexual offences,Unable to prosecute suspect,
194316fb904e8038cb43e7d4a5ba9a30c72073af5d418f60900f0e984d3b4911,2021-06,Lancashire Constabulary,Lancashire Constabulary,-2.771708,53.552203,On or near Firbeck,E01025481,West Lancashire 010C,Violence and sexual offences,Investigation complete; no suspect identified,
c87afd79181b768ca4388fb7abfe1c04951334ea0de40e5939a6de53463a0d3c,2021-06,Lancashire Constabulary,Lancashire Constabulary,-2.780381,53.553522,On or near Sports/Recreation Area,E01025481,West Lancashire 010C,Violence and sexual offences,Status update unavailable,
a41570f4d23af7639bdca944fb9ae02812ccf740a52fe72362df1c2f33ba5c9d,2021-06,Lancashire Constabulary,Lancashire Constabulary,-2.780381,53.553522,On or near Sports/Recreation Area,E01025481,West Lancashire 010C,Violence and sexual offences,Unable to prosecute suspect,
93a43203960b4ef60964a527336dea7585e9717615a45c21f61cf1dcc3bbbf51,2021-06,Lancashire Constabulary,Lancashire Constabulary,-2.770945,53.555094,On or near Ferndale,E01025481,West Lancashire 010C,Violence and sexual offences,Unable to prosecute suspect,
4728bfe5de22c9ddb158f7d737d07f8f69da67929dd93fd47bd7fa15927e0a17,2021-06,Lancashire Constabulary,Lancashire Constabulary,-2.778907,53.555447,On or near Inglewhite,E01025481,West Lancashire 010C,Violence and sexual offences,Unable to prosecute suspect,
,2021-06,Lancashire Constabulary,Lancashire Constabulary,-2.761937,53.552770,On or near Flordon,E01025482,West Lancashire 010D,Anti-social behaviour,,
,2021-06,Lancashire Constabulary,Lancashire Constabulary,-2.765925,53.553805,On or near Harsnips,E01025482,West Lancashire 010D,Anti-social behaviour,,
,2021-06,Lancashire Constabulary,Lancashire Constabulary,-2.774307,53.549877,On or near Supermarket,E01025482,West Lancashire 010D,Anti-social behaviour,,
,2021-06,Lancashire Constabulary,Lancashire Constabulary,-2.761029,53.556029,On or near Elmers Green,E01025482,West Lancashire 010D,Anti-social behaviour,,
,2021-06,Lancashire Constabulary,Lancashire Constabulary,-2.768865,53.551934,On or near Houghton'S Lane,E01025482,West Lancashire 010D,Anti-social behaviour,,
,2021-06,Lancashire Constabulary,Lancashire Constabulary,-2.771783,53.549713,On or near Parking Area,E01025482,West Lancashire 010D,Anti-social behaviour,,
,2021-06,Lancashire Constabulary,Lancashire Constabulary,-2.765925,53.553805,On or near Harsnips,E01025482,West Lancashire 010D,Anti-social behaviour,,
,2021-06,Lancashire Constabulary,Lancashire Constabulary,-2.771783,53.549713,On or near Parking Area,E01025482,West Lancashire 010D,Anti-social behaviour,,
,2021-06,Lancashire Constabulary,Lancashire Constabulary,-2.774307,53.549877,On or near Supermarket,E01025482,West Lancashire 010D,Anti-social behaviour,,
,2021-06,Lancashire Constabulary,Lancashire Constabulary,-2.765566,53.552279,On or near Flamstead,E01025482,West Lancashire 010D,Anti-social behaviour,,
,2021-06,Lancashire Constabulary,Lancashire Constabulary,-2.774307,53.549877,On or near Supermarket,E01025482,West Lancashire 010D,Anti-social behaviour,,
a327fd4855793a2a37fbb00e8ffa8837ae6b830cc9a4125ced374f0a661042b9,2021-06,Lancashire Constabulary,Lancashire Constabulary,-2.774307,53.549877,On or near Supermarket,E01025482,West Lancashire 010D,Bicycle theft,Unable to prosecute suspect,
dd3f7548963f1a07063cb1e953d571398a3d3dd16b4d1943ad11f046ba846063,2021-06,Lancashire Constabulary,Lancashire Constabulary,-2.763260,53.552464,On or near Flimby,E01025482,West Lancashire 010D,Criminal damage and arson,Investigation complete; no suspect identified,
25bf1cb3e04ff6c43dc747ae51c386a2238d818708c947edd6304a1cd9a6bfcd,2021-06,Lancashire Constabulary,Lancashire Constabulary,-2.761937,53.552770,On or near Flordon,E01025482,West Lancashire 010D,Criminal damage and arson,Investigation complete; no suspect identified,
bf4ee1a70c6a035b08d474ab3e0f76b1d01253bb0468de3c100a5ac114ff0512,2021-06,Lancashire Constabulary,Lancashire Constabulary,-2.764404,53.552286,On or near Flaxton,E01025482,West Lancashire 010D,Other theft,Unable to prosecute suspect,
8b2e9d014b724fbc996cbed1d4ea87e61a49866c7592f777067b5edcebe613bf,2021-06,Lancashire Constabulary,Lancashire Constabulary,-2.765566,53.552279,On or near Flamstead,E01025482,West Lancashire 010D,Public order,Investigation complete; no suspect identified,
614a0e2357985ce19e1a428596e45c2f791a712977a5505f2665581edb7f958f,2021-06,Lancashire Constabulary,Lancashire Constabulary,-2.765925,53.553805,On or near Harsnips,E01025482,West Lancashire 010D,Public order,Unable to prosecute suspect,
7827a7fc7630759f5cbc170be6ead6317dae9a6eb9f14c13b590ccc7e867a196,2021-06,Lancashire Constabulary,Lancashire Constabulary,-2.773337,53.549685,On or near Shopping Area,E01025482,West Lancashire 010D,Shoplifting,Status update unavailable,
948c4a48e58f6e0cf52347ed9e4d919cbe75c8e8163213125e982cfec6d6cedd,2021-06,Lancashire Constabulary,Lancashire Constabulary,-2.764404,53.552286,On or near Flaxton,E01025482,West Lancashire 010D,Violence and sexual offences,Unable to prosecute suspect,
75a8a3cedd30abd03bb204cc5f9173d65ebf6c327dacef9cc8fe8b9ba53ea254,2021-06,Lancashire Constabulary,Lancashire Constabulary,-2.763260,53.552464,On or near Flimby,E01025482,West Lancashire 010D,Violence and sexual offences,Investigation complete; no suspect identified,
3d06a7b6005f2a3671b40884eeef0c78caf2289a82e846661398b0aefd11a265,2021-06,Lancashire Constabulary,Lancashire Constabulary,-2.764780,53.553920,On or near Hartshead,E01025482,West Lancashire 010D,Violence and sexual offences,Unable to prosecute suspect,
7fa30363ce3697762772976eb075c05176873b1a9f5747507ff794d7019e384f,2021-06,Lancashire Constabulary,Lancashire Constabulary,-2.763260,53.552464,On or near Flimby,E01025482,West Lancashire 010D,Violence and sexual offences,Unable to prosecute suspect,
cdd16269cea0ca0fdf949396ad4fead7b222d06f0ec1dc30ad53f4ce8a2c9c7a,2021-06,Lancashire Constabulary,Lancashire Constabulary,-2.765566,53.552279,On or near Flamstead,E01025482,West Lancashire 010D,Violence and sexual offences,Unable to prosecute suspect,
bab77630d746ddfcd8e19accb558305b691ebc578af12ea1d5820a7223c84d2e,2021-06,Lancashire Constabulary,Lancashire Constabulary,-2.765566,53.552279,On or near Flamstead,E01025482,West Lancashire 010D,Violence and sexual offences,Investigation complete; no suspect identified,
,2021-06,Lancashire Constabulary,Lancashire Constabulary,-2.788259,53.551826,On or near Tanfields,E01025520,West Lancashire 010E,Anti-social behaviour,,
,2021-06,Lancashire Constabulary,Lancashire Constabulary,-2.794781,53.552700,On or near Laurel Drive,E01025520,West Lancashire 010E,Anti-social behaviour,,
,2021-06,Lancashire Constabulary,Lancashire Constabulary,-2.794781,53.552700,On or near Laurel Drive,E01025520,West Lancashire 010E,Anti-social behaviour,,
,2021-06,Lancashire Constabulary,Lancashire Constabulary,-2.794781,53.552700,On or near Laurel Drive,E01025520,West Lancashire 010E,Anti-social behaviour,,
,2021-06,Lancashire Constabulary,Lancashire Constabulary,-2.790353,53.551596,On or near Tarlswood,E01025520,West Lancashire 010E,Anti-social behaviour,,
,2021-06,Lancashire Constabulary,Lancashire Constabulary,-2.794781,53.552700,On or near Laurel Drive,E01025520,West Lancashire 010E,Anti-social behaviour,,
,2021-06,Lancashire Constabulary,Lancashire Constabulary,-2.788259,53.551826,On or near Tanfields,E01025520,West Lancashire 010E,Anti-social behaviour,,
2bfe232049267eb1214901e25303ae52f90245c7c41f89ac3d1c925be7eb766d,2021-06,Lancashire Constabulary,Lancashire Constabulary,-2.790353,53.551596,On or near Tarlswood,E01025520,West Lancashire 010E,Criminal damage and arson,Court result unavailable,
611d909e842ad70f001f04e65b69bccd928d395eeacc13e4593b910ac31fbaeb,2021-06,Lancashire Constabulary,Lancashire Constabulary,-2.794781,53.552700,On or near Laurel Drive,E01025520,West Lancashire 010E,Criminal damage and arson,Unable to prosecute suspect,
,2021-06,Lancashire Constabulary,Lancashire Constabulary,-2.789071,53.549214,On or near Willow Hey,E01025521,West Lancashire 010F,Anti-social behaviour,,
,2021-06,Lancashire Constabulary,Lancashire Constabulary,-2.787029,53.549003,On or near Windrows,E01025521,West Lancashire 010F,Anti-social behaviour,,
,2021-06,Lancashire Constabulary,Lancashire Constabulary,-2.783158,53.550259,On or near Yewdale,E01025521,West Lancashire 010F,Anti-social behaviour,,
,2021-06,Lancashire Constabulary,Lancashire Constabulary,-2.787029,53.549003,On or near Windrows,E01025521,West Lancashire 010F,Anti-social behaviour,,
,2021-06,Lancashire Constabulary,Lancashire Constabulary,-2.790909,53.549858,On or near The Winsters,E01025521,West Lancashire 010F,Anti-social behaviour,,
,2021-06,Lancashire Constabulary,Lancashire Constabulary,-2.785446,53.549067,On or near Glenburn Road,E01025521,West Lancashire 010F,Anti-social behaviour,,
,2021-06,Lancashire Constabulary,Lancashire Constabulary,-2.789647,53.544491,On or near Greenhey Place,E01025521,West Lancashire 010F,Anti-social behaviour,,
035a3bb8f7e28b58e4a86651a1cc367cb987424ebd8e4d46405c5ca795be1a74,2021-06,Lancashire Constabulary,Lancashire Constabulary,-2.788683,53.547832,On or near Wigan Road,E01025521,West Lancashire 010F,Burglary,Investigation complete; no suspect identified,
29cec572bd7d4222a729f4df393200a9f611dbdc15fc0ed2dd2148fe9836b51b,2021-06,Lancashire Constabulary,Lancashire Constabulary,-2.787029,53.549003,On or near Windrows,E01025521,West Lancashire 010F,Criminal damage and arson,Investigation complete; no suspect identified,
a8e05e866082bb3c87ca2ab71e4031d967d246fbc50d044faa40918992beef02,2021-06,Lancashire Constabulary,Lancashire Constabulary,-2.787029,53.549003,On or near Windrows,E01025521,West Lancashire 010F,Criminal damage and arson,Court result unavailable,
b75bb207c3ef957755315e81cbe51497fa67d1e15c15f47b67d2051b84260b3d,2021-06,Lancashire Constabulary,Lancashire Constabulary,-2.789647,53.544491,On or near Greenhey Place,E01025521,West Lancashire 010F,Criminal damage and arson,Status update unavailable,
be68bee97b112050b2212333c7533dcb4021d087f528c73077d9e9941a845ee7,2021-06,Lancashire Constabulary,Lancashire Constabulary,-2.790909,53.549858,On or near The Winsters,E01025521,West Lancashire 010F,Other theft,Investigation complete; no suspect identified,
bece45963aca8e5efb9f61fe597ceb37ebb7618fb31a3d638c8b6675f2704fdd,2021-06,Lancashire Constabulary,Lancashire Constabulary,-2.788683,53.547832,On or near Wigan Road,E01025521,West Lancashire 010F,Other theft,Unable to prosecute suspect,
c6c34e7248e5d0825f696eb6cb8462582bec462ab07a13ceb5b567ed475d9043,2021-06,Lancashire Constabulary,Lancashire Constabulary,-2.782988,53.545964,On or near Petrol Station,E01025521,West Lancashire 010F,Other theft,Status update unavailable,
ae266c6b363798af2da81167791ef9202451b6cd0acc6944d171b532a9667dba,2021-06,Lancashire Constabulary,Lancashire Constabulary,-2.783158,53.550259,On or near Yewdale,E01025521,West Lancashire 010F,Other theft,Unable to prosecute suspect,
2e9e953ae3b9d66487bc8aea53bc519f8e1bd073ae4fe7b915b2b1fb17fca059,2021-06,Lancashire Constabulary,Lancashire Constabulary,-2.783158,53.550259,On or near Yewdale,E01025521,West Lancashire 010F,Possession of weapons,Court result unavailable,
dc4b80fece2dffd0128dce616119c27cd44e10d502fcfc78c761fb10cea936f9,2021-06,Lancashire Constabulary,Lancashire Constabulary,-2.787029,53.549003,On or near Windrows,E01025521,West Lancashire 010F,Vehicle crime,Investigation complete; no suspect identified,
08a8fccfa116685c97f01b7eb70c3f92b40ae554cafe129ecb6463b8304fa8e6,2021-06,Lancashire Constabulary,Lancashire Constabulary,-2.789647,53.544491,On or near Greenhey Place,E01025521,West Lancashire 010F,Violence and sexual offences,Unable to prosecute suspect,
bac94b924ab4ca0a0eb69de3b544898c4bd139bb83922dbf60a934ebc921d5e5,2021-06,Lancashire Constabulary,Lancashire Constabulary,-2.787029,53.549003,On or near Windrows,E01025521,West Lancashire 010F,Violence and sexual offences,Action to be taken by another organisation,
f8533aa50018b711cb4e1a12533542417421d43670bd9bc42a0759adccfe24de,2021-06,Lancashire Constabulary,Lancashire Constabulary,-2.791802,53.550796,On or near The Tamneys,E01025521,West Lancashire 010F,Violence and sexual offences,Unable to prosecute suspect,
ea0496e03dd96f9d6d999460a188f4d0f2f00d05c2b0536a3fc8e5750c171af2,2021-06,Lancashire Constabulary,Lancashire Constabulary,-2.787029,53.549003,On or near Windrows,E01025521,West Lancashire 010F,Violence and sexual offences,Unable to prosecute suspect,
a9b49e875ac07370ecc19a2944035c69ead7d786a66556e8d1122ea06d059120,2021-06,Lancashire Constabulary,Lancashire Constabulary,-2.783158,53.550259,On or near Yewdale,E01025521,West Lancashire 010F,Violence and sexual offences,Investigation complete; no suspect identified,
2eb674243d908f3523ba5e8596e16700d452760000087beb941067a4a376d326,2021-06,Lancashire Constabulary,Lancashire Constabulary,-2.787029,53.549003,On or near Windrows,E01025521,West Lancashire 010F,Violence and sexual offences,Formal action is not in the public interest,
ca00895666a1fe69b08c707b0c84bba239a440f6d22413991e4ad890ebc3de44,2021-06,Lancashire Constabulary,Lancashire Constabulary,-2.786239,53.551165,On or near Sports/Recreation Area,E01025521,West Lancashire 010F,Violence and sexual offences,Unable to prosecute suspect,
cf241bacd3e94473d464fb617b6a3dab0f0f4b06aad064d25fd7770c3977f21e,2021-06,Lancashire Constabulary,Lancashire Constabulary,-2.787029,53.549003,On or near Windrows,E01025521,West Lancashire 010F,Violence and sexual offences,Investigation complete; no suspect identified,
16ed9c15b7f5c4a0d11eda1ece7d2e5f5b310804f038df4f948b2c080cc92643,2021-06,Lancashire Constabulary,Lancashire Constabulary,-2.783158,53.550259,On or near Yewdale,E01025521,West Lancashire 010F,Violence and sexual offences,Court result unavailable,
e7e2bcdacb4a8348de03a027237c4d71656f622851db6f812a89478dff6a1115,2021-06,Lancashire Constabulary,Lancashire Constabulary,-2.787029,53.549003,On or near Windrows,E01025521,West Lancashire 010F,Violence and sexual offences,Investigation complete; no suspect identified,
d540e7826a2583b41369c21a7d3ac0b13a75a73800f22dc0ee8ddaff83b473ab,2021-06,Lancashire Constabulary,Lancashire Constabulary,-2.789647,53.544491,On or near Greenhey Place,E01025521,West Lancashire 010F,Violence and sexual offences,Unable to prosecute suspect,
,2021-06,Lancashire Constabulary,Lancashire Constabulary,-2.797733,53.547583,On or near High Street,E01025523,West Lancashire 011A,Anti-social behaviour,,
,2021-06,Lancashire Constabulary,Lancashire Constabulary,-2.792089,53.537886,On or near Maple View,E01025523,West Lancashire 011A,Anti-social behaviour,,
,2021-06,Lancashire Constabulary,Lancashire Constabulary,-2.797751,53.548509,On or near Fern Close,E01025523,West Lancashire 011A,Anti-social behaviour,,
b014178e0a33b24e707d1eae555f5cdb1645852c3fb8de6626f6e2b599ab3e8e,2021-06,Lancashire Constabulary,Lancashire Constabulary,-2.811102,53.545039,On or near Liverpool Road,E01025523,West Lancashire 011A,Burglary,Status update unavailable,
a9b5f054e8046a1c950acf16a7d188904b9d16f0d03c8578bbad2b72bd1bcbeb,2021-06,Lancashire Constabulary,Lancashire Constabulary,-2.799144,53.546360,On or near Wheatacre,E01025523,West Lancashire 011A,Criminal damage and arson,Investigation complete; no suspect identified,
5409139eb45e286948b43f57bda23cc0fd29df513931b3ac9da61cd76ce714f8,2021-06,Lancashire Constabulary,Lancashire Constabulary,-2.806688,53.543847,On or near Village Way,E01025523,West Lancashire 011A,Violence and sexual offences,Unable to prosecute suspect,
97bfae2d32edd080aa8218da8ceef975270dcec0d5b2e3c428d4702c8fec1387,2021-06,Lancashire Constabulary,Lancashire Constabulary,-2.808294,53.544205,On or near White Moss Road,E01025523,West Lancashire 011A,Violence and sexual offences,Investigation complete; no suspect identified,
d7c6ae7746d69a316ca261fb4fd92d5362777e8883031bcd7b58e01f6e23c293,2021-06,Lancashire Constabulary,Lancashire Constabulary,-2.800275,53.545499,On or near Railway Road,E01025523,West Lancashire 011A,Violence and sexual offences,Unable to prosecute suspect,
24be46bd7b83d422328a2871fd7ec23109b6b7f240b365a13ad8842f0721388e,2021-06,Lancashire Constabulary,Lancashire Constabulary,-2.790604,53.538354,On or near Moss Lane,E01025523,West Lancashire 011A,Violence and sexual offences,Status update unavailable,
,2021-06,Lancashire Constabulary,Lancashire Constabulary,-2.795472,53.547688,On or near Woodrow,E01025524,West Lancashire 011B,Anti-social behaviour,,
,2021-06,Lancashire Constabulary,Lancashire Constabulary,-2.802015,53.549739,On or near Oak Crescent,E01025524,West Lancashire 011B,Anti-social behaviour,,
,2021-06,Lancashire Constabulary,Lancashire Constabulary,-2.801730,53.548213,On or near Waverley,E01025524,West Lancashire 011B,Anti-social behaviour,,
b7e31b54a0673a70bd3d22ff0047d4bcf3793e291b27bba6606041a984c49527,2021-06,Lancashire Constabulary,Lancashire Constabulary,-2.797871,53.549263,On or near Rose Crescent,E01025524,West Lancashire 011B,Public order,Unable to prosecute suspect,
706c423a74afddb7fa3abd9fc4578ff7f73584b08aed65a58cae066bc7c4b844,2021-06,Lancashire Constabulary,Lancashire Constabulary,-2.802015,53.549739,On or near Oak Crescent,E01025524,West Lancashire 011B,Vehicle crime,Unable to prosecute suspect,
c512b94a74036a08f0ac0e2facb7a790e683183f2b5e16624781efce0842affa,2021-06,Lancashire Constabulary,Lancashire Constabulary,-2.792581,53.547276,On or near Woodcroft,E01025524,West Lancashire 011B,Violence and sexual offences,Investigation complete; no suspect identified,
19193307e82c7e5f2711cf3429372733544545b10dbb3fe59446430676fb80a0,2021-06,Lancashire Constabulary,Lancashire Constabulary,-2.804174,53.550569,On or near Uppingham,E01025524,West Lancashire 011B,Violence and sexual offences,Investigation complete; no suspect identified,
32988e41d94db44161c268323b6499aa5cb39184c81d92cfac5bbf913c5d0db8,2021-06,Lancashire Constabulary,Lancashire Constabulary,-2.797871,53.549263,On or near Rose Crescent,E01025524,West Lancashire 011B,Violence and sexual offences,Unable to prosecute suspect,
,2021-06,Lancashire Constabulary,Lancashire Constabulary,-2.800938,53.552658,On or near Tongbarn,E01025525,West Lancashire 011C,Anti-social behaviour,,
,2021-06,Lancashire Constabulary,Lancashire Constabulary,-2.795474,53.549423,On or near Beech Close,E01025525,West Lancashire 011C,Anti-social behaviour,,
,2021-06,Lancashire Constabulary,Lancashire Constabulary,-2.801104,53.554230,On or near Tintagel,E01025525,West Lancashire 011C,Anti-social behaviour,,
f87d0cb4f897ec54044604d201a57027a05f9d3351ca57afc684d42450fa4484,2021-06,Lancashire Constabulary,Lancashire Constabulary,-2.795474,53.549423,On or near Beech Close,E01025525,West Lancashire 011C,Criminal damage and arson,Investigation complete; no suspect identified,
cb613e5c224880a62b280eab695169740c05ac6a47a403aada4deead2d5cd0d6,2021-06,Lancashire Constabulary,Lancashire Constabulary,-2.795474,53.549423,On or near Beech Close,E01025525,West Lancashire 011C,Criminal damage and arson,Investigation complete; no suspect identified,
8177fb160d7f3f2106afbbbd890e8885aa5b875f2a3590169b6060f04c84d70c,2021-06,Lancashire Constabulary,Lancashire Constabulary,-2.795474,53.549423,On or near Beech Close,E01025525,West Lancashire 011C,Criminal damage and arson,Unable to prosecute suspect,
f7eb7c497aaa78861268c796dea62e7492a76a03471d74b89e31ff239eb06785,2021-06,Lancashire Constabulary,Lancashire Constabulary,-2.795474,53.549423,On or near Beech Close,E01025525,West Lancashire 011C,Other theft,Status update unavailable,
74daf2f51194ad488f7d87882144e47b675e3037515726c7173c1e54df7a36ed,2021-06,Lancashire Constabulary,Lancashire Constabulary,-2.800938,53.552658,On or near Tongbarn,E01025525,West Lancashire 011C,Vehicle crime,Status update unavailable,
77df57991223a29fe2bd9d18dc479dbb56c83cd3e0243e851180da2780186610,2021-06,Lancashire Constabulary,Lancashire Constabulary,-2.795474,53.549423,On or near Beech Close,E01025525,West Lancashire 011C,Violence and sexual offences,Unable to prosecute suspect,
c411604abe214272cee7dab5b16cd8fead50b1210b54c1c4f70223c0ff36b855,2021-06,Lancashire Constabulary,Lancashire Constabulary,-2.797552,53.552366,On or near Kiln Lane,E01025525,West Lancashire 011C,Violence and sexual offences,Court result unavailable,
bb4d7314d0af7738fbb4a8e060b847b441890cb902b4989b8b0271465b392fbd,2021-06,Lancashire Constabulary,Lancashire Constabulary,-2.797552,53.552366,On or near Kiln Lane,E01025525,West Lancashire 011C,Violence and sexual offences,Court result unavailable,
,2021-06,Lancashire Constabulary,Lancashire Constabulary,-2.805362,53.551892,On or near Cardiff Street,E01025526,West Lancashire 011D,Anti-social behaviour,,
,2021-06,Lancashire Constabulary,Lancashire Constabulary,-2.808822,53.550529,On or near Petrol Station,E01025526,West Lancashire 011D,Anti-social behaviour,,
,2021-06,Lancashire Constabulary,Lancashire Constabulary,-2.808822,53.550529,On or near Petrol Station,E01025526,West Lancashire 011D,Anti-social behaviour,,
,2021-06,Lancashire Constabulary,Lancashire Constabulary,-2.805176,53.547677,On or near West Park Close,E01025526,West Lancashire 011D,Anti-social behaviour,,
,2021-06,Lancashire Constabulary,Lancashire Constabulary,-2.806410,53.552253,On or near Stafford Street,E01025526,West Lancashire 011D,Anti-social behaviour,,
,2021-06,Lancashire Constabulary,Lancashire Constabulary,-2.805362,53.551892,On or near Cardiff Street,E01025526,West Lancashire 011D,Anti-social behaviour,,
217f723a33ffe9c7b251e571b4f8dc630e4a9a14eb78f5686cdfc65efef4b6ec,2021-06,Lancashire Constabulary,Lancashire Constabulary,-2.806974,53.550182,On or near Sandy Lane,E01025526,West Lancashire 011D,Other theft,Unable to prosecute suspect,
af3ce2cd2c69b412506630e3b6d9fff80be731e25601437035080500c92281b3,2021-06,Lancashire Constabulary,Lancashire Constabulary,-2.808822,53.550529,On or near Petrol Station,E01025526,West Lancashire 011D,Other theft,Status update unavailable,
049b1c59aa79823bd4e32304b8bd6b8d48b83c212cab947478a78b8cec1be16f,2021-06,Lancashire Constabulary,Lancashire Constabulary,-2.804834,53.548731,On or near Supermarket,E01025526,West Lancashire 011D,Shoplifting,Investigation complete; no suspect identified,
f3a9cd334a30ac22e478f5c2b9f92c82e6f8b5cc5a5a51c5018aa6d309b51253,2021-06,Lancashire Constabulary,Lancashire Constabulary,-2.808665,53.547833,On or near Sports/Recreation Area,E01025526,West Lancashire 011D,Vehicle crime,Investigation complete; no suspect identified,
b276216ba66e8114847f3c164d51607c45a13d1a827a63253b49ffd2f5479a4f,2021-06,Lancashire Constabulary,Lancashire Constabulary,-2.806822,53.550902,On or near Witham Road,E01025526,West Lancashire 011D,Violence and sexual offences,Investigation complete; no suspect identified,
c7443fa7781d771c695103bb5cb4f5cf6e1e38a6bb964378123ab7de78447ab8,2021-06,Lancashire Constabulary,Lancashire Constabulary,-2.811146,53.550486,On or near Taylor Street,E01025526,West Lancashire 011D,Violence and sexual offences,Unable to prosecute suspect,
ce2478c65b36fec6277a5e90f65ac70cd00e75d670e0cb6c5c88cf78418c1f18,2021-06,Lancashire Constabulary,Lancashire Constabulary,-2.805362,53.551892,On or near Cardiff Street,E01025526,West Lancashire 011D,Violence and sexual offences,Further investigation is not in the public interest,
8ed9680ac31a74e26345ae89190c2040ea8830d35522b11f4edfc19d90ac44af,2021-06,Lancashire Constabulary,Lancashire Constabulary,-2.805362,53.551892,On or near Cardiff Street,E01025526,West Lancashire 011D,Violence and sexual offences,Unable to prosecute suspect,
2e4e0a462682d9bd05114a19c3fd41422905f819bf6aba5c74348c54f56f5603,2021-06,Lancashire Constabulary,Lancashire Constabulary,-2.805362,53.551892,On or near Cardiff Street,E01025526,West Lancashire 011D,Violence and sexual offences,Unable to prosecute suspect,
0c1c04df29feda8cb02cb602856d3ef4fc58a8204912649c8d0ee30191282052,2021-06,Lancashire Constabulary,Lancashire Constabulary,-2.805637,53.551315,On or near Marchbank Road,E01025526,West Lancashire 011D,Violence and sexual offences,Unable to prosecute suspect,
58f0c90d567d14202fcd6a7a98477b99c8cad5694ade8788cee369b693b5b9eb,2021-06,Lancashire Constabulary,Lancashire Constabulary,-2.805362,53.551892,On or near Cardiff Street,E01025526,West Lancashire 011D,Violence and sexual offences,Investigation complete; no suspect identified,
fa4f7d4356a3a202d78b843668d6287c76ebabf515016fa7f3a26fa57fe0a138,2021-06,Lancashire Constabulary,Lancashire Constabulary,-2.811146,53.550486,On or near Taylor Street,E01025526,West Lancashire 011D,Violence and sexual offences,Unable to prosecute suspect,
c328297eced5ebfb864acc3bf0001ea5e6f0870bf7f0fdf0bab54d1aea279747,2021-06,Lancashire Constabulary,Lancashire Constabulary,-2.806822,53.550902,On or near Witham Road,E01025526,West Lancashire 011D,Violence and sexual offences,Unable to prosecute suspect,
,2021-06,Lancashire Constabulary,Lancashire Constabulary,-2.909265,53.546059,On or near Granville Park West,E01025472,West Lancashire 012A,Anti-social behaviour,,
ed0533457fe3a5a392251d1335868ca3c7d7fa37525abaecf6949ac230f54f0e,2021-06,Lancashire Constabulary,Lancashire Constabulary,-2.893926,53.531469,On or near Bowker'S Green Lane,E01025472,West Lancashire 012A,Criminal damage and arson,Investigation complete; no suspect identified,
f296ad9316333a40ec02bddba8809c4dc897adf6d412e14b9885df126cdb3af1,2021-06,Lancashire Constabulary,Lancashire Constabulary,-2.901527,53.546279,On or near Norris House Drive,E01025472,West Lancashire 012A,Criminal damage and arson,Investigation complete; no suspect identified,
291500d631570081b20195ff977596e40a65d6fc8136cd7d7681fdf85ffe075f,2021-06,Lancashire Constabulary,Lancashire Constabulary,-2.915761,53.524724,On or near Butchers Lane,E01025472,West Lancashire 012A,Violence and sexual offences,Unable to prosecute suspect,
,2021-06,Lancashire Constabulary,Lancashire Constabulary,-2.915836,53.537254,On or near Beech Road,E01025473,West Lancashire 012B,Anti-social behaviour,,
,2021-06,Lancashire Constabulary,Lancashire Constabulary,-2.904952,53.540591,On or near Belvedere Park,E01025473,West Lancashire 012B,Anti-social behaviour,,
,2021-06,Lancashire Constabulary,Lancashire Constabulary,-2.915836,53.537254,On or near Beech Road,E01025473,West Lancashire 012B,Anti-social behaviour,,
,2021-06,Lancashire Constabulary,Lancashire Constabulary,-2.907218,53.541383,On or near Ledson Grove,E01025473,West Lancashire 012B,Anti-social behaviour,,
,2021-06,Lancashire Constabulary,Lancashire Constabulary,-2.928626,53.537029,On or near Swan Lane,E01025473,West Lancashire 012B,Anti-social behaviour,,
1f570795dec66dcd9ceee5c976820b1d38d47ba68e92870504bb78f6c72509da,2021-06,Lancashire Constabulary,Lancashire Constabulary,-2.915827,53.538944,On or near The Rowans,E01025473,West Lancashire 012B,Burglary,Investigation complete; no suspect identified,
2580ff757f209bf3721c8810e1bb87c3964ba3d99bbed7dd96c25779f94ab58b,2021-06,Lancashire Constabulary,Lancashire Constabulary,-2.900805,53.543543,On or near Whalley Drive,E01025473,West Lancashire 012B,Violence and sexual offences,Unable to prosecute suspect,
3e4b58b08ae0d5e0b1f1b9ab14f31af436a955f7a49a968da0c8e0752ff4b319,2021-06,Lancashire Constabulary,Lancashire Constabulary,-2.900805,53.543543,On or near Whalley Drive,E01025473,West Lancashire 012B,Violence and sexual offences,Unable to prosecute suspect,
fe30b2918d07e8c3a41c990652ce369dbebba4db0baaa623136f5cc7a10d4e35,2021-06,Lancashire Constabulary,Lancashire Constabulary,-2.900805,53.543543,On or near Whalley Drive,E01025473,West Lancashire 012B,Violence and sexual offences,Unable to prosecute suspect,
,2021-06,Lancashire Constabulary,Lancashire Constabulary,-2.913213,53.548573,On or near Narrow Croft Road,E01025475,West Lancashire 012C,Anti-social behaviour,,
,2021-06,Lancashire Constabulary,Lancashire Constabulary,-2.908766,53.551663,On or near Fernhurst Gate,E01025475,West Lancashire 012C,Anti-social behaviour,,
,2021-06,Lancashire Constabulary,Lancashire Constabulary,-2.906689,53.543454,On or near Parking Area,E01025475,West Lancashire 012C,Anti-social behaviour,,
,2021-06,Lancashire Constabulary,Lancashire Constabulary,-2.906689,53.543454,On or near Parking Area,E01025475,West Lancashire 012C,Anti-social behaviour,,
,2021-06,Lancashire Constabulary,Lancashire Constabulary,-2.906689,53.543454,On or near Parking Area,E01025475,West Lancashire 012C,Anti-social behaviour,,
,2021-06,Lancashire Constabulary,Lancashire Constabulary,-2.904119,53.548210,On or near Quarry Drive,E01025475,West Lancashire 012C,Anti-social behaviour,,
,2021-06,Lancashire Constabulary,Lancashire Constabulary,-2.906689,53.543454,On or near Parking Area,E01025475,West Lancashire 012C,Anti-social behaviour,,
,2021-06,Lancashire Constabulary,Lancashire Constabulary,-2.906689,53.543454,On or near Parking Area,E01025475,West Lancashire 012C,Anti-social behaviour,,
,2021-06,Lancashire Constabulary,Lancashire Constabulary,-2.913213,53.548573,On or near Narrow Croft Road,E01025475,West Lancashire 012C,Anti-social behaviour,,
,2021-06,Lancashire Constabulary,Lancashire Constabulary,-2.906689,53.543454,On or near Parking Area,E01025475,West Lancashire 012C,Anti-social behaviour,,
,2021-06,Lancashire Constabulary,Lancashire Constabulary,-2.906689,53.543454,On or near Parking Area,E01025475,West Lancashire 012C,Anti-social behaviour,,
,2021-06,Lancashire Constabulary,Lancashire Constabulary,-2.908659,53.550891,On or near Cherry Green,E01025475,West Lancashire 012C,Anti-social behaviour,,
,2021-06,Lancashire Constabulary,Lancashire Constabulary,-2.906689,53.543454,On or near Parking Area,E01025475,West Lancashire 012C,Anti-social behaviour,,
,2021-06,Lancashire Constabulary,Lancashire Constabulary,-2.908659,53.550891,On or near Cherry Green,E01025475,West Lancashire 012C,Anti-social behaviour,,
,2021-06,Lancashire Constabulary,Lancashire Constabulary,-2.913213,53.548573,On or near Narrow Croft Road,E01025475,West Lancashire 012C,Anti-social behaviour,,
,2021-06,Lancashire Constabulary,Lancashire Constabulary,-2.909217,53.550877,On or near Cherry Tree Lane,E01025475,West Lancashire 012C,Anti-social behaviour,,
,2021-06,Lancashire Constabulary,Lancashire Constabulary,-2.906689,53.543454,On or near Parking Area,E01025475,West Lancashire 012C,Anti-social behaviour,,
,2021-06,Lancashire Constabulary,Lancashire Constabulary,-2.906924,53.550230,On or near School Close,E01025475,West Lancashire 012C,Anti-social behaviour,,
,2021-06,Lancashire Constabulary,Lancashire Constabulary,-2.913213,53.548573,On or near Narrow Croft Road,E01025475,West Lancashire 012C,Anti-social behaviour,,
,2021-06,Lancashire Constabulary,Lancashire Constabulary,-2.908794,53.548049,On or near Crescent Green,E01025475,West Lancashire 012C,Anti-social behaviour,,
,2021-06,Lancashire Constabulary,Lancashire Constabulary,-2.906924,53.550230,On or near School Close,E01025475,West Lancashire 012C,Anti-social behaviour,,
,2021-06,Lancashire Constabulary,Lancashire Constabulary,-2.906689,53.543454,On or near Parking Area,E01025475,West Lancashire 012C,Anti-social behaviour,,
,2021-06,Lancashire Constabulary,Lancashire Constabulary,-2.906575,53.544479,On or near Capilano Park,E01025475,West Lancashire 012C,Anti-social behaviour,,
,2021-06,Lancashire Constabulary,Lancashire Constabulary,-2.906689,53.543454,On or near Parking Area,E01025475,West Lancashire 012C,Anti-social behaviour,,
,2021-06,Lancashire Constabulary,Lancashire Constabulary,-2.913213,53.548573,On or near Narrow Croft Road,E01025475,West Lancashire 012C,Anti-social behaviour,,
,2021-06,Lancashire Constabulary,Lancashire Constabulary,-2.906689,53.543454,On or near Parking Area,E01025475,West Lancashire 012C,Anti-social behaviour,,
,2021-06,Lancashire Constabulary,Lancashire Constabulary,-2.906689,53.543454,On or near Parking Area,E01025475,West Lancashire 012C,Anti-social behaviour,,
,2021-06,Lancashire Constabulary,Lancashire Constabulary,-2.906689,53.543454,On or near Parking Area,E01025475,West Lancashire 012C,Anti-social behaviour,,
47d463c2d45edad611c4fc9ffa1a26378046d09a25410b102d13b26244eb44c0,2021-06,Lancashire Constabulary,Lancashire Constabulary,-2.904119,53.548210,On or near Quarry Drive,E01025475,West Lancashire 012C,Criminal damage and arson,Investigation complete; no suspect identified,
a14b736e9265f794bac16f166be637b40ae3b192589207d3980e46884dcabcaa,2021-06,Lancashire Constabulary,Lancashire Constabulary,-2.906924,53.550230,On or near School Close,E01025475,West Lancashire 012C,Vehicle crime,Investigation complete; no suspect identified,
e5bc6e3b8287e74b12199bc41dc18f01cecf466134607e219a96ea96ae2e347e,2021-06,Lancashire Constabulary,Lancashire Constabulary,-2.906924,53.550230,On or near School Close,E01025475,West Lancashire 012C,Violence and sexual offences,Action to be taken by another organisation,
,2021-06,Lancashire Constabulary,Lancashire Constabulary,-2.887664,53.551624,On or near Scarth Hill Lane,E01025476,West Lancashire 012D,Anti-social behaviour,,
f407d156206661e552b7255fd5dbc2ed7fba06b9f2b974e1693d07941c8c806f,2021-06,Lancashire Constabulary,Lancashire Constabulary,-2.899882,53.556233,On or near Red Fold,E01025476,West Lancashire 012D,Criminal damage and arson,Investigation complete; no suspect identified,
372353349868c2d3c88dd43549c47ab280d80636c880f84332eafad0236a980b,2021-06,Lancashire Constabulary,Lancashire Constabulary,-2.896546,53.555539,On or near Rose Place,E01025476,West Lancashire 012D,Criminal damage and arson,Unable to prosecute suspect,
cb2bca671f800d9823313ee416102f90c265500298a0fc1fd12efe5bc2520ed0,2021-06,Lancashire Constabulary,Lancashire Constabulary,-2.896546,53.555539,On or near Rose Place,E01025476,West Lancashire 012D,Criminal damage and arson,Court result unavailable,
346c4009fbf14cf44df2708c3cec4a3f982d2ce73917c203cddb8713bf436aff,2021-06,Lancashire Constabulary,Lancashire Constabulary,-2.887664,53.551624,On or near Scarth Hill Lane,E01025476,West Lancashire 012D,Violence and sexual offences,Further investigation is not in the public interest,
9ac5c3ac1ce1a9a011127358f84ec04283a99379aa3748b8a72582ae02af3b27,2021-06,Lancashire Constabulary,Lancashire Constabulary,-2.896546,53.555539,On or near Rose Place,E01025476,West Lancashire 012D,Violence and sexual offences,Unable to prosecute suspect,
0011dd75e80500389996051e319e13f7ef2d3bfbbcfe7332087c176a4b94e3d6,2021-06,Lancashire Constabulary,Lancashire Constabulary,-2.896546,53.555539,On or near Rose Place,E01025476,West Lancashire 012D,Violence and sexual offences,Unable to prosecute suspect,
,2021-06,Lancashire Constabulary,Lancashire Constabulary,-2.906646,53.555571,On or near Standhouse Lane,E01025477,West Lancashire 012E,Anti-social behaviour,,
,2021-06,Lancashire Constabulary,Lancashire Constabulary,-2.906271,53.557084,On or near The Acorns,E01025477,West Lancashire 012E,Anti-social behaviour,,
,2021-06,Lancashire Constabulary,Lancashire Constabulary,-2.906646,53.555571,On or near Standhouse Lane,E01025477,West Lancashire 012E,Anti-social behaviour,,
,2021-06,Lancashire Constabulary,Lancashire Constabulary,-2.909894,53.553605,On or near Pine Crest,E01025477,West Lancashire 012E,Anti-social behaviour,,
,2021-06,Lancashire Constabulary,Lancashire Constabulary,-2.931180,53.557836,On or near Clieves Hills Lane,E01025477,West Lancashire 012E,Anti-social behaviour,,
,2021-06,Lancashire Constabulary,Lancashire Constabulary,-2.908205,53.554355,On or near Rothwell Drive,E01025477,West Lancashire 012E,Anti-social behaviour,,
acfc790805d97aa6844d68c000080822c726fd3210177edbe62a19fac77a83c9,2021-06,Lancashire Constabulary,Lancashire Constabulary,-2.908205,53.554355,On or near Rothwell Drive,E01025477,West Lancashire 012E,Vehicle crime,Investigation complete; no suspect identified,
e1e41b03db6ac6b4373a6265ebf251c3d9fbb856bbf28c3c88f7a7ad6e222948,2021-06,Lancashire Constabulary,Lancashire Constabulary,-2.906997,53.552233,On or near Moss Nook,E01025477,West Lancashire 012E,Violence and sexual offences,Unable to prosecute suspect,
dfe150410a5699e74147780f13c3fcb6191a409d6241db743183f518c4fa02aa,2021-06,Lancashire Constabulary,Lancashire Constabulary,-2.909894,53.553605,On or near Pine Crest,E01025477,West Lancashire 012E,Violence and sexual offences,Investigation complete; no suspect identified,
72aeedfd507ead4f5079d04e328f32324ca7790acf1a6bfe7a8a728e60b46ed3,2021-06,Lancashire Constabulary,Lancashire Constabulary,-2.906997,53.552233,On or near Moss Nook,E01025477,West Lancashire 012E,Violence and sexual offences,Unable to prosecute suspect,
7dacd7d3b8353031848cca3f5fb3ab39e039ae1eb7cbcbce452fa3688a5812f7,2021-06,Lancashire Constabulary,Lancashire Constabulary,-2.909894,53.553605,On or near Pine Crest,E01025477,West Lancashire 012E,Other crime,Unable to prosecute suspect,
,2021-06,Lancashire Constabulary,Lancashire Constabulary,-2.902867,53.551087,On or near Ryder Crescent,E01025478,West Lancashire 012F,Anti-social behaviour,,
,2021-06,Lancashire Constabulary,Lancashire Constabulary,-2.902867,53.551087,On or near Ryder Crescent,E01025478,West Lancashire 012F,Anti-social behaviour,,
,2021-06,Lancashire Constabulary,Lancashire Constabulary,-2.902867,53.551087,On or near Ryder Crescent,E01025478,West Lancashire 012F,Anti-social behaviour,,
026f1bc2a59a4de8749ac3a0151a1b40bc8bdc24c61abef548792eb3225f0325,2021-06,Lancashire Constabulary,Lancashire Constabulary,-2.903450,53.553654,On or near Swanpool Lane,E01025478,West Lancashire 012F,Criminal damage and arson,Investigation complete; no suspect identified,
,2021-06,Lancashire Constabulary,Lancashire Constabulary,-2.769501,53.542061,On or near Daniels Lane,E01025492,West Lancashire 013A,Anti-social behaviour,,
,2021-06,Lancashire Constabulary,Lancashire Constabulary,-2.768651,53.546803,On or near Eskbank,E01025492,West Lancashire 013A,Anti-social behaviour,,
,2021-06,Lancashire Constabulary,Lancashire Constabulary,-2.772960,53.543872,On or near Greenway Avenue,E01025492,West Lancashire 013A,Anti-social behaviour,,
,2021-06,Lancashire Constabulary,Lancashire Constabulary,-2.768651,53.546803,On or near Eskbank,E01025492,West Lancashire 013A,Anti-social behaviour,,
,2021-06,Lancashire Constabulary,Lancashire Constabulary,-2.771116,53.541268,On or near Digmoor Drive,E01025492,West Lancashire 013A,Anti-social behaviour,,
22efac0cc490f93ba7ded1c805d3b46dd2ae3ea41c0aee5c5f3d21436dd5ff93,2021-06,Lancashire Constabulary,Lancashire Constabulary,-2.769472,53.543769,On or near Hurlston Avenue,E01025492,West Lancashire 013A,Criminal damage and arson,Unable to prosecute suspect,
8f84e166d1b9010ab6767f0c82163005f7a51a6bad6b9776911d8ef67f6438a2,2021-06,Lancashire Constabulary,Lancashire Constabulary,-2.768715,53.543657,On or near Scarth Park,E01025492,West Lancashire 013A,Criminal damage and arson,Status update unavailable,
525692a70fb6f17159b16423a576d1852bc7a844ec85dd57b11cc8823437bd1a,2021-06,Lancashire Constabulary,Lancashire Constabulary,-2.768651,53.546803,On or near Eskbank,E01025492,West Lancashire 013A,Violence and sexual offences,Unable to prosecute suspect,
2d714a96b25854db52a1f4237f00f3069ccd85e708abe5f243e24d18cbc8a8fb,2021-06,Lancashire Constabulary,Lancashire Constabulary,-2.768651,53.546803,On or near Eskbank,E01025492,West Lancashire 013A,Violence and sexual offences,Unable to prosecute suspect,
2e979385ec766c34cd71d38ab8a8541b7c72794b07b75a9f62880d02844f2704,2021-06,Lancashire Constabulary,Lancashire Constabulary,-2.769472,53.543769,On or near Hurlston Avenue,E01025492,West Lancashire 013A,Violence and sexual offences,Status update unavailable,
,2021-06,Lancashire Constabulary,Lancashire Constabulary,-2.768997,53.547529,On or near Eskbank,E01025527,West Lancashire 013B,Anti-social behaviour,,
,2021-06,Lancashire Constabulary,Lancashire Constabulary,-2.768997,53.547529,On or near Eskbank,E01025527,West Lancashire 013B,Anti-social behaviour,,
,2021-06,Lancashire Constabulary,Lancashire Constabulary,-2.764218,53.545321,On or near Tawd Road,E01025527,West Lancashire 013B,Anti-social behaviour,,
,2021-06,Lancashire Constabulary,Lancashire Constabulary,-2.770639,53.545739,On or near Sports/Recreation Area,E01025527,West Lancashire 013B,Anti-social behaviour,,
,2021-06,Lancashire Constabulary,Lancashire Constabulary,-2.768997,53.547529,On or near Eskbank,E01025527,West Lancashire 013B,Anti-social behaviour,,
,2021-06,Lancashire Constabulary,Lancashire Constabulary,-2.768997,53.547529,On or near Eskbank,E01025527,West Lancashire 013B,Anti-social behaviour,,
,2021-06,Lancashire Constabulary,Lancashire Constabulary,-2.770639,53.545739,On or near Sports/Recreation Area,E01025527,West Lancashire 013B,Anti-social behaviour,,
,2021-06,Lancashire Constabulary,Lancashire Constabulary,-2.768997,53.547529,On or near Eskbank,E01025527,West Lancashire 013B,Anti-social behaviour,,
b4132cb9a50b402d43945c768f003d83dc1ee394ce2a610d1b11eb96742b9c2a,2021-06,Lancashire Constabulary,Lancashire Constabulary,-2.762974,53.547478,On or near Elmstead,E01025527,West Lancashire 013B,Burglary,Investigation complete; no suspect identified,
51ac989a78a39afba36ce19143e7417e34269dbf164584dbd4103ccf35c5a1c6,2021-06,Lancashire Constabulary,Lancashire Constabulary,-2.771812,53.547178,On or near Eskdale,E01025527,West Lancashire 013B,Burglary,Investigation complete; no suspect identified,
baab963126ce3143e638a640194da17da10d4854d4ac0011be8e18d5e2f2b3ec,2021-06,Lancashire Constabulary,Lancashire Constabulary,-2.769257,53.548570,On or near Fenney Court,E01025527,West Lancashire 013B,Criminal damage and arson,Investigation complete; no suspect identified,
175b443f37f6f77f42c8da6d8c63442dc2eddf3ad7bc4efb63420c1e52fb08a2,2021-06,Lancashire Constabulary,Lancashire Constabulary,-2.771812,53.547178,On or near Eskdale,E01025527,West Lancashire 013B,Possession of weapons,Court result unavailable,
fd1d571ec803855f0a81e9df8d9617641f7f385331f0bb05cb964c95c00ad4fc,2021-06,Lancashire Constabulary,Lancashire Constabulary,-2.771812,53.547178,On or near Eskdale,E01025527,West Lancashire 013B,Violence and sexual offences,Unable to prosecute suspect,
1769f921bf05af46899f7edb9738eea90253851ed76df2e232e1b5814947a546,2021-06,Lancashire Constabulary,Lancashire Constabulary,-2.771812,53.547178,On or near Eskdale,E01025527,West Lancashire 013B,Violence and sexual offences,Court result unavailable,
a72b423bbd88f267695d90a5d7be81d7ba7656765bbe1db09df45153c310de2b,2021-06,Lancashire Constabulary,Lancashire Constabulary,-2.768997,53.547529,On or near Eskbank,E01025527,West Lancashire 013B,Violence and sexual offences,Unable to prosecute suspect,
7ea860763944ce8db6576d9ac5f109939179631a91ecfcd735bcc6f442cc7e21,2021-06,Lancashire Constabulary,Lancashire Constabulary,-2.764588,53.547458,On or near Elswick,E01025527,West Lancashire 013B,Violence and sexual offences,Court result unavailable,
afa863ee7ae297cde1e362c3dfb0e1ea952c6fe7e94dd5a3e56776995056ad5d,2021-06,Lancashire Constabulary,Lancashire Constabulary,-2.764588,53.547458,On or near Elswick,E01025527,West Lancashire 013B,Violence and sexual offences,Unable to prosecute suspect,
5dc1962b13f4ca9750aae3e27b66cd285d181d5d7365c0de4d7ac80c9e31d506,2021-06,Lancashire Constabulary,Lancashire Constabulary,-2.762974,53.547478,On or near Elmstead,E01025527,West Lancashire 013B,Violence and sexual offences,Unable to prosecute suspect,
2dced1edd265f90ec4a3a3eabd8f855e92bfe5bcaced01284ae2502db1cf546e,2021-06,Lancashire Constabulary,Lancashire Constabulary,-2.762974,53.547478,On or near Elmstead,E01025527,West Lancashire 013B,Violence and sexual offences,Investigation complete; no suspect identified,
f8eff9182f0fd28ca13e3c17897f6c0a17d7b293efa1773db39bcc5d09b561f1,2021-06,Lancashire Constabulary,Lancashire Constabulary,-2.768997,53.547529,On or near Eskbank,E01025527,West Lancashire 013B,Violence and sexual offences,Investigation complete; no suspect identified,
,2021-06,Lancashire Constabulary,Lancashire Constabulary,-2.757499,53.545157,On or near Egerton,E01025528,West Lancashire 013C,Anti-social behaviour,,
,2021-06,Lancashire Constabulary,Lancashire Constabulary,-2.753019,53.544413,On or near Wellington Close,E01025528,West Lancashire 013C,Anti-social behaviour,,
,2021-06,Lancashire Constabulary,Lancashire Constabulary,-2.753019,53.544413,On or near Wellington Close,E01025528,West Lancashire 013C,Anti-social behaviour,,
,2021-06,Lancashire Constabulary,Lancashire Constabulary,-2.757937,53.548552,On or near Enstone,E01025528,West Lancashire 013C,Anti-social behaviour,,
,2021-06,Lancashire Constabulary,Lancashire Constabulary,-2.756011,53.544628,On or near Caister Close,E01025528,West Lancashire 013C,Anti-social behaviour,,
,2021-06,Lancashire Constabulary,Lancashire Constabulary,-2.757499,53.545157,On or near Egerton,E01025528,West Lancashire 013C,Anti-social behaviour,,
dca58a9380b2ba2ed2cb150c9b46b46022743a524bea73f79a5cfc4b7e862a33,2021-06,Lancashire Constabulary,Lancashire Constabulary,-2.761346,53.547578,On or near Elmridge,E01025528,West Lancashire 013C,Criminal damage and arson,Unable to prosecute suspect,
d8655fd62acef70853a812307e0992d7e7a5d9d7d1465697e860d0b2752b2803,2021-06,Lancashire Constabulary,Lancashire Constabulary,-2.757937,53.548552,On or near Enstone,E01025528,West Lancashire 013C,Criminal damage and arson,Investigation complete; no suspect identified,
487cfa3357f34494bc9f1bd0b4c19eae92190a4c48e3200ef6f42a225228c6dd,2021-06,Lancashire Constabulary,Lancashire Constabulary,-2.757499,53.545157,On or near Egerton,E01025528,West Lancashire 013C,Other theft,Unable to prosecute suspect,
90a738e66bbf233ac195bcc8dde34cdec70c899fa8a53f0ba96d63e8faad8264,2021-06,Lancashire Constabulary,Lancashire Constabulary,-2.757730,53.547089,On or near Ennerdale,E01025528,West Lancashire 013C,Violence and sexual offences,Unable to prosecute suspect,
37ddf26e216c33c861d89b2a9302d020fb63b268c54439b8fcbd0f1fbd9ed3b7,2021-06,Lancashire Constabulary,Lancashire Constabulary,-2.757499,53.545157,On or near Egerton,E01025528,West Lancashire 013C,Violence and sexual offences,Investigation complete; no suspect identified,
38f035b2c5e4b8061ea880f0f2dd41e5f0c45005a818d821fef35933dd710077,2021-06,Lancashire Constabulary,Lancashire Constabulary,-2.757499,53.545157,On or near Egerton,E01025528,West Lancashire 013C,Violence and sexual offences,Unable to prosecute suspect,
9a52ddf3bb0795d9bac1b571275ff241d4d3fa7b743765cbd49be7032f4f419e,2021-06,Lancashire Constabulary,Lancashire Constabulary,-2.757937,53.548552,On or near Enstone,E01025528,West Lancashire 013C,Violence and sexual offences,Unable to prosecute suspect,
d4616daf7c349bdde9ad3656d2a781590a9103628a954d86d3383801f7246d31,2021-06,Lancashire Constabulary,Lancashire Constabulary,-2.757937,53.548552,On or near Enstone,E01025528,West Lancashire 013C,Violence and sexual offences,Unable to prosecute suspect,
0f4f378e43f08de70d451fe941035daff86e7bc0cd81591d3ea28c5c4b57cd04,2021-06,Lancashire Constabulary,Lancashire Constabulary,-2.757499,53.545157,On or near Egerton,E01025528,West Lancashire 013C,Violence and sexual offences,Unable to prosecute suspect,
7c2279e3139ac0ce9f3a2c8544effa44e75879de0bbcad57ad279990fa13b5c4,2021-06,Lancashire Constabulary,Lancashire Constabulary,-2.761346,53.547578,On or near Elmridge,E01025528,West Lancashire 013C,Violence and sexual offences,Unable to prosecute suspect,
c79c321d4e870ccd82805ea02bb3c316c14c92cf4b714a9671bcb17824395287,2021-06,Lancashire Constabulary,Lancashire Constabulary,-2.757730,53.547089,On or near Ennerdale,E01025528,West Lancashire 013C,Violence and sexual offences,Unable to prosecute suspect,
804517ad1023fdce64f7d5282376d69ed889b12ecd46e8a43712bc37725e3c60,2021-06,Lancashire Constabulary,Lancashire Constabulary,-2.757499,53.545157,On or near Egerton,E01025528,West Lancashire 013C,Violence and sexual offences,Unable to prosecute suspect,
fdfb7ff9aec8102d416a330a8d0f68ead43754ababd5beb00d38a01e51e75075,2021-06,Lancashire Constabulary,Lancashire Constabulary,-2.761346,53.547578,On or near Elmridge,E01025528,West Lancashire 013C,Violence and sexual offences,Unable to prosecute suspect,
0e92895e0184ef13cf8cc92b70d400d09ba1cd881fd1cbcc6ced71953e2d63d2,2021-06,Lancashire Constabulary,Lancashire Constabulary,-2.757730,53.547089,On or near Ennerdale,E01025528,West Lancashire 013C,Violence and sexual offences,Unable to prosecute suspect,
521f7966f6b480113266756fc085f4efb3410c383f3e6a7190cb00f5c170f070,2021-06,Lancashire Constabulary,Lancashire Constabulary,-2.757937,53.548552,On or near Enstone,E01025528,West Lancashire 013C,Violence and sexual offences,Action to be taken by another organisation,
3b1096817359a576faed0580b32d82c3453315a9b835aee4745fcb86da9aae7b,2021-06,Lancashire Constabulary,Lancashire Constabulary,-2.761346,53.547578,On or near Elmridge,E01025528,West Lancashire 013C,Violence and sexual offences,Unable to prosecute suspect,
1f5e1a894c9ccbecaf9a576021aecb21c5f6a60baa2ba05c56997c428a42ab86,2021-06,Lancashire Constabulary,Lancashire Constabulary,-2.757730,53.547089,On or near Ennerdale,E01025528,West Lancashire 013C,Violence and sexual offences,Further investigation is not in the public interest,
957f5fc3d0691ff23b486d107b26cc7f11f1406b579c5610e5bad56fbd662784,2021-06,Lancashire Constabulary,Lancashire Constabulary,-2.757937,53.548552,On or near Enstone,E01025528,West Lancashire 013C,Violence and sexual offences,Unable to prosecute suspect,
,2021-06,Lancashire Constabulary,Lancashire Constabulary,-2.756702,53.554636,On or near Elmers Green,E01025529,West Lancashire 013D,Anti-social behaviour,,
,2021-06,Lancashire Constabulary,Lancashire Constabulary,-2.761620,53.550273,On or near Eversley,E01025529,West Lancashire 013D,Anti-social behaviour,,
,2021-06,Lancashire Constabulary,Lancashire Constabulary,-2.754959,53.549155,On or near Earlswood,E01025529,West Lancashire 013D,Anti-social behaviour,,
,2021-06,Lancashire Constabulary,Lancashire Constabulary,-2.758103,53.551949,On or near Elmers Wood Road,E01025529,West Lancashire 013D,Anti-social behaviour,,
,2021-06,Lancashire Constabulary,Lancashire Constabulary,-2.761620,53.550273,On or near Eversley,E01025529,West Lancashire 013D,Anti-social behaviour,,
,2021-06,Lancashire Constabulary,Lancashire Constabulary,-2.750319,53.545356,On or near Hawker Drive,E01025529,West Lancashire 013D,Anti-social behaviour,,
,2021-06,Lancashire Constabulary,Lancashire Constabulary,-2.758103,53.551949,On or near Elmers Wood Road,E01025529,West Lancashire 013D,Anti-social behaviour,,
,2021-06,Lancashire Constabulary,Lancashire Constabulary,-2.759029,53.551377,On or near Evington,E01025529,West Lancashire 013D,Anti-social behaviour,,
,2021-06,Lancashire Constabulary,Lancashire Constabulary,-2.754959,53.549155,On or near Earlswood,E01025529,West Lancashire 013D,Anti-social behaviour,,
,2021-06,Lancashire Constabulary,Lancashire Constabulary,-2.754959,53.549155,On or near Earlswood,E01025529,West Lancashire 013D,Anti-social behaviour,,
272bb89521b6ac018323a42c68d6fa4d70d2db54b5ffba32165bb29dc4de0590,2021-06,Lancashire Constabulary,Lancashire Constabulary,-2.763111,53.550074,On or near Evenwood,E01025529,West Lancashire 013D,Criminal damage and arson,Unable to prosecute suspect,
731ce0edde065ab606599c245a7409455d0a6da641c38213bb1b3c72c69a539f,2021-06,Lancashire Constabulary,Lancashire Constabulary,-2.758103,53.551949,On or near Elmers Wood Road,E01025529,West Lancashire 013D,Public order,Unable to prosecute suspect,
72bc2b2d635644416964ae66b7362dd45bf936fa7d6157da9ec92837c084d7d4,2021-06,Lancashire Constabulary,Lancashire Constabulary,-2.755729,53.547443,On or near Tanhouse Road,E01025529,West Lancashire 013D,Violence and sexual offences,Unable to prosecute suspect,
2cbbc6628b14d41b68513037e35fdba6f639384f1c37bb4272a8049e86293fc1,2021-06,Lancashire Constabulary,Lancashire Constabulary,-2.761620,53.550273,On or near Eversley,E01025529,West Lancashire 013D,Violence and sexual offences,Status update unavailable,
fbd65bfc473405be68c28ceb485aa9162e90ddfd93c7f2568dc25990627f0d56,2021-06,Lancashire Constabulary,Lancashire Constabulary,-2.759029,53.551377,On or near Evington,E01025529,West Lancashire 013D,Violence and sexual offences,Unable to prosecute suspect,
cea6cefaf1b62e9f79b998f944babcb1b7d6e0e80d7e0b906804edf9df7a7282,2021-06,Lancashire Constabulary,Lancashire Constabulary,-2.750980,53.546017,On or near Mercury Way,E01025529,West Lancashire 013D,Violence and sexual offences,Investigation complete; no suspect identified,
c28d3152da6c198c59f3db8cbea5b00bef4649f7d7d1fea7f8909de79edb9544,2021-06,Lancashire Constabulary,Lancashire Constabulary,-2.759029,53.551377,On or near Evington,E01025529,West Lancashire 013D,Violence and sexual offences,Unable to prosecute suspect,
01bfe84d204368dad8045a123f9d7948d2d8ac01220b682f47b1dea45e7f2eb7,2021-06,Lancashire Constabulary,Lancashire Constabulary,-2.763111,53.550074,On or near Evenwood,E01025529,West Lancashire 013D,Violence and sexual offences,Unable to prosecute suspect,
29961c6ff671c01ba4cc286b6c54d08a5df7cf28f2056a71cf11540c91b80cf2,2021-06,Lancashire Constabulary,Lancashire Constabulary,-2.755729,53.547443,On or near Tanhouse Road,E01025529,West Lancashire 013D,Violence and sexual offences,Unable to prosecute suspect,
,2021-06,Lancashire Constabulary,Lancashire Constabulary,-2.765050,53.541280,On or near Banksbarn,E01025493,West Lancashire 014A,Anti-social behaviour,,
,2021-06,Lancashire Constabulary,Lancashire Constabulary,-2.760762,53.539465,On or near Sports/Recreation Area,E01025493,West Lancashire 014A,Anti-social behaviour,,
,2021-06,Lancashire Constabulary,Lancashire Constabulary,-2.759830,53.541305,On or near Blakehall,E01025493,West Lancashire 014A,Anti-social behaviour,,
,2021-06,Lancashire Constabulary,Lancashire Constabulary,-2.765034,53.539537,On or near Pedestrian Subway,E01025493,West Lancashire 014A,Anti-social behaviour,,
,2021-06,Lancashire Constabulary,Lancashire Constabulary,-2.765050,53.541280,On or near Banksbarn,E01025493,West Lancashire 014A,Anti-social behaviour,,
,2021-06,Lancashire Constabulary,Lancashire Constabulary,-2.764979,53.539016,On or near Digmoor Road,E01025493,West Lancashire 014A,Anti-social behaviour,,
,2021-06,Lancashire Constabulary,Lancashire Constabulary,-2.765050,53.541280,On or near Banksbarn,E01025493,West Lancashire 014A,Anti-social behaviour,,
46601918572d8c5a7f5d040e0250f2aabdfae4fe5db792d8e056e4d187b6ad42,2021-06,Lancashire Constabulary,Lancashire Constabulary,-2.759830,53.541305,On or near Blakehall,E01025493,West Lancashire 014A,Other theft,Investigation complete; no suspect identified,
72d15abd45a8edb5d7835dd5fc1707d1bc18fa39245e2987e89343c6b9b5c6e7,2021-06,Lancashire Constabulary,Lancashire Constabulary,-2.766043,53.542784,On or near Bankfield,E01025493,West Lancashire 014A,Possession of weapons,Unable to prosecute suspect,
78d35351ed679cfd354325d348cf4d39320102ceae900f6a5bf6d5636ddbee02,2021-06,Lancashire Constabulary,Lancashire Constabulary,-2.765034,53.539537,On or near Pedestrian Subway,E01025493,West Lancashire 014A,Violence and sexual offences,Unable to prosecute suspect,
e9a10b0c754adf61420edadfd81fa84b6479021e065a27a1d2db4695f4c23017,2021-06,Lancashire Constabulary,Lancashire Constabulary,-2.765034,53.539537,On or near Pedestrian Subway,E01025493,West Lancashire 014A,Violence and sexual offences,Action to be taken by another organisation,
fd7c5e461f61f39d4d558693ddfeb4ec82933eba61216531872d76dfba981532,2021-06,Lancashire Constabulary,Lancashire Constabulary,-2.765034,53.539537,On or near Pedestrian Subway,E01025493,West Lancashire 014A,Violence and sexual offences,Unable to prosecute suspect,
ed29e46c34e6597b13f978d76f378d8d1088d9244d1fc184fe2a774ac4f99cd1,2021-06,Lancashire Constabulary,Lancashire Constabulary,-2.765050,53.541280,On or near Banksbarn,E01025493,West Lancashire 014A,Violence and sexual offences,Status update unavailable,
df2dd2a9705d7f51e5e331332886b2a78b3d53c709c63b8fbdb46da25194eeb0,2021-06,Lancashire Constabulary,Lancashire Constabulary,-2.760762,53.539465,On or near Sports/Recreation Area,E01025493,West Lancashire 014A,Violence and sexual offences,Unable to prosecute suspect,
54c37d9ceb8b7f990d388b3a779f2eb531bc9a6515e40224460b02aa07fed504,2021-06,Lancashire Constabulary,Lancashire Constabulary,-2.765050,53.541280,On or near Banksbarn,E01025493,West Lancashire 014A,Violence and sexual offences,Unable to prosecute suspect,
,2021-06,Lancashire Constabulary,Lancashire Constabulary,-2.770545,53.539708,On or near Abbeystead,E01025494,West Lancashire 014B,Anti-social behaviour,,
,2021-06,Lancashire Constabulary,Lancashire Constabulary,-2.764737,53.537309,On or near Pedestrian Subway,E01025494,West Lancashire 014B,Anti-social behaviour,,
,2021-06,Lancashire Constabulary,Lancashire Constabulary,-2.764737,53.537309,On or near Pedestrian Subway,E01025494,West Lancashire 014B,Anti-social behaviour,,
,2021-06,Lancashire Constabulary,Lancashire Constabulary,-2.764737,53.537309,On or near Pedestrian Subway,E01025494,West Lancashire 014B,Anti-social behaviour,,
,2021-06,Lancashire Constabulary,Lancashire Constabulary,-2.768653,53.539378,On or near Abbeywood,E01025494,West Lancashire 014B,Anti-social behaviour,,
,2021-06,Lancashire Constabulary,Lancashire Constabulary,-2.768653,53.539378,On or near Abbeywood,E01025494,West Lancashire 014B,Anti-social behaviour,,
087e124d814e4d507faa9a4c0f16b7d5ca5b066ace09dcee7d65494974449be0,2021-06,Lancashire Constabulary,Lancashire Constabulary,-2.770545,53.539708,On or near Abbeystead,E01025494,West Lancashire 014B,Criminal damage and arson,Unable to prosecute suspect,
46cf3e6f9f425d2b71266637c33c4c03b39228adc4c8ae127a476451239e69b1,2021-06,Lancashire Constabulary,Lancashire Constabulary,-2.767830,53.539797,On or near Pedestrian Subway,E01025494,West Lancashire 014B,Drugs,Further investigation is not in the public interest,
0b65a7f4bfea44d4fd4f68fdbbe0b93b54d5095e5782db74de035e9d66f77439,2021-06,Lancashire Constabulary,Lancashire Constabulary,-2.768653,53.539378,On or near Abbeywood,E01025494,West Lancashire 014B,Public order,Unable to prosecute suspect,
a2c428ea3bfb8d26359640ec41e8a7b101d85c14bd98d167f1d21cdcfeb90ed0,2021-06,Lancashire Constabulary,Lancashire Constabulary,-2.764737,53.537309,On or near Pedestrian Subway,E01025494,West Lancashire 014B,Public order,Unable to prosecute suspect,
bb5fd4d08ff7106529eb911c7777bcbfdc30bcc10e07746569136266555fb8e0,2021-06,Lancashire Constabulary,Lancashire Constabulary,-2.770545,53.539708,On or near Abbeystead,E01025494,West Lancashire 014B,Violence and sexual offences,Court result unavailable,
c854e90047be39b3c4ec05082c48e82b25209de787371cf320a1505b97327591,2021-06,Lancashire Constabulary,Lancashire Constabulary,-2.764737,53.537309,On or near Pedestrian Subway,E01025494,West Lancashire 014B,Violence and sexual offences,Unable to prosecute suspect,
c0242c01032fc29d8d87ebc5dd5e6ad5a668c343755d065a04774999dfa19f50,2021-06,Lancashire Constabulary,Lancashire Constabulary,-2.764737,53.537309,On or near Pedestrian Subway,E01025494,West Lancashire 014B,Violence and sexual offences,Unable to prosecute suspect,
754e510acb53d831be342b324009ce74963a10cac1711a30fc16dd0be80f54ec,2021-06,Lancashire Constabulary,Lancashire Constabulary,-2.764737,53.537309,On or near Pedestrian Subway,E01025494,West Lancashire 014B,Other crime,Unable to prosecute suspect,
,2021-06,Lancashire Constabulary,Lancashire Constabulary,-2.751485,53.537942,On or near Clay Brow Road,E01025503,West Lancashire 014C,Anti-social behaviour,,
,2021-06,Lancashire Constabulary,Lancashire Constabulary,-2.754655,53.533769,On or near M58,E01025503,West Lancashire 014C,Anti-social behaviour,,
,2021-06,Lancashire Constabulary,Lancashire Constabulary,-2.754655,53.533769,On or near M58,E01025503,West Lancashire 014C,Anti-social behaviour,,
,2021-06,Lancashire Constabulary,Lancashire Constabulary,-2.750815,53.539285,On or near Back Lane,E01025503,West Lancashire 014C,Anti-social behaviour,,
600bd49a066ff1d97624a6e7fe4f0e5a2f7a4a25b733e03f21fd1bea9d105c53,2021-06,Lancashire Constabulary,Lancashire Constabulary,-2.751485,53.537942,On or near Clay Brow Road,E01025503,West Lancashire 014C,Criminal damage and arson,Local resolution,
72fa03472b86dd0e476aebec3f506b21189a53652db0adb953faca4b453457ed,2021-06,Lancashire Constabulary,Lancashire Constabulary,-2.751485,53.537942,On or near Clay Brow Road,E01025503,West Lancashire 014C,Criminal damage and arson,Status update unavailable,
4c5c000c17e14697f6aea1cbe635ee3452acda46a8fd0bd3a6bd38d922e7bb27,2021-06,Lancashire Constabulary,Lancashire Constabulary,-2.750815,53.539285,On or near Back Lane,E01025503,West Lancashire 014C,Drugs,Unable to prosecute suspect,
75d3ca821730c1046f9f04874140d8edba16ecbbaec09cf033833897a3f3931a,2021-06,Lancashire Constabulary,Lancashire Constabulary,-2.751485,53.537942,On or near Clay Brow Road,E01025503,West Lancashire 014C,Public order,Unable to prosecute suspect,
fd603793f79f4babe3cafac7f8979c5bd31413debb1827442fa5b92489ea3592,2021-06,Lancashire Constabulary,Lancashire Constabulary,-2.754655,53.533769,On or near M58,E01025503,West Lancashire 014C,Public order,Investigation complete; no suspect identified,
ba9d0eaa2438057b88621a7a81fbdb77a38ed23940a2d57d989128042a447c5d,2021-06,Lancashire Constabulary,Lancashire Constabulary,-2.754655,53.533769,On or near M58,E01025503,West Lancashire 014C,Violence and sexual offences,Status update unavailable,
,2021-06,Lancashire Constabulary,Lancashire Constabulary,-2.754835,53.537903,On or near Digmoor Road,E01025504,West Lancashire 014D,Anti-social behaviour,,
,2021-06,Lancashire Constabulary,Lancashire Constabulary,-2.754835,53.537903,On or near Digmoor Road,E01025504,West Lancashire 014D,Anti-social behaviour,,
,2021-06,Lancashire Constabulary,Lancashire Constabulary,-2.754835,53.537903,On or near Digmoor Road,E01025504,West Lancashire 014D,Anti-social behaviour,,
,2021-06,Lancashire Constabulary,Lancashire Constabulary,-2.754835,53.537903,On or near Digmoor Road,E01025504,West Lancashire 014D,Anti-social behaviour,,
e255724cc162e00917ad3f48557208bb9ba8a2d2484a2aebda797aacae306d8a,2021-06,Lancashire Constabulary,Lancashire Constabulary,-2.754835,53.537903,On or near Digmoor Road,E01025504,West Lancashire 014D,Bicycle theft,Unable to prosecute suspect,
69e78cdb21f8d9ad0f02f911a1b50ffdea2fb564fb050c4cecf2ac28d9447a41,2021-06,Lancashire Constabulary,Lancashire Constabulary,-2.754835,53.537903,On or near Digmoor Road,E01025504,West Lancashire 014D,Drugs,Court result unavailable,
ec0cb45dac91836cedd94bae72d6c665d445190fe0a24e75b5fda6e34d498e7d,2021-06,Lancashire Constabulary,Lancashire Constabulary,-2.754835,53.537903,On or near Digmoor Road,E01025504,West Lancashire 014D,Vehicle crime,Investigation complete; no suspect identified,
,2021-06,Lancashire Constabulary,Lancashire Constabulary,-2.749596,53.541180,On or near Cornbrook,E01025505,West Lancashire 014E,Anti-social behaviour,,
,2021-06,Lancashire Constabulary,Lancashire Constabulary,-2.749596,53.541180,On or near Cornbrook,E01025505,West Lancashire 014E,Anti-social behaviour,,
,2021-06,Lancashire Constabulary,Lancashire Constabulary,-2.749312,53.539627,On or near Limefield Drive,E01025505,West Lancashire 014E,Anti-social behaviour,,
,2021-06,Lancashire Constabulary,Lancashire Constabulary,-2.750051,53.539569,On or near Barnfield Drive,E01025505,West Lancashire 014E,Anti-social behaviour,,
,2021-06,Lancashire Constabulary,Lancashire Constabulary,-2.749596,53.541180,On or near Cornbrook,E01025505,West Lancashire 014E,Anti-social behaviour,,
,2021-06,Lancashire Constabulary,Lancashire Constabulary,-2.749596,53.541180,On or near Cornbrook,E01025505,West Lancashire 014E,Anti-social behaviour,,
,2021-06,Lancashire Constabulary,Lancashire Constabulary,-2.753824,53.539608,On or near Cherrycroft,E01025505,West Lancashire 014E,Anti-social behaviour,,
,2021-06,Lancashire Constabulary,Lancashire Constabulary,-2.749596,53.541180,On or near Cornbrook,E01025505,West Lancashire 014E,Anti-social behaviour,,
,2021-06,Lancashire Constabulary,Lancashire Constabulary,-2.757685,53.538675,On or near Beavers Lane,E01025505,West Lancashire 014E,Anti-social behaviour,,
3d4062bc97e44a9d95e7cc953ff389e8d0856c63e91ff2140f3a6625d5189415,2021-06,Lancashire Constabulary,Lancashire Constabulary,-2.753241,53.541643,On or near Colinton,E01025505,West Lancashire 014E,Criminal damage and arson,Investigation complete; no suspect identified,
bdf84d4de24607bba7f99a4a89823ccd23494673034db280eab3894a069164f8,2021-06,Lancashire Constabulary,Lancashire Constabulary,-2.757685,53.538675,On or near Beavers Lane,E01025505,West Lancashire 014E,Criminal damage and arson,Unable to prosecute suspect,
46876e4233d0c73289a22938794911e4b55c5cca0a8be0a299ade7e192ab61ad,2021-06,Lancashire Constabulary,Lancashire Constabulary,-2.757685,53.538675,On or near Beavers Lane,E01025505,West Lancashire 014E,Criminal damage and arson,Investigation complete; no suspect identified,
7fd64ee40cfb9e026d75b4b02223b56f43c06c1c229c55d2cfb3aeae6c0fe36c,2021-06,Lancashire Constabulary,Lancashire Constabulary,-2.749596,53.541180,On or near Cornbrook,E01025505,West Lancashire 014E,Public order,Investigation complete; no suspect identified,
86c519035ad9d50f1ac8570fb192338d9cbe6200ea8029302406f37a166894a9,2021-06,Lancashire Constabulary,Lancashire Constabulary,-2.757685,53.538675,On or near Beavers Lane,E01025505,West Lancashire 014E,Violence and sexual offences,Unable to prosecute suspect,
24afa3680511759bb7e784e0993e44e2ae0ffe9bd031f861d68092cb4937ac93,2021-06,Lancashire Constabulary,Lancashire Constabulary,-2.757685,53.538675,On or near Beavers Lane,E01025505,West Lancashire 014E,Violence and sexual offences,Court result unavailable,
0cd5fc9042f5ccb7df27c90167e83b00fa247e4cc16aecf86918e2bdbe002d8f,2021-06,Lancashire Constabulary,Lancashire Constabulary,-2.757685,53.538675,On or near Beavers Lane,E01025505,West Lancashire 014E,Violence and sexual offences,Status update unavailable,
f5afe6082e8389421278f6edf5cf976d4f1232185fe2dfeb5f5cc73c63ead81a,2021-06,Lancashire Constabulary,Lancashire Constabulary,-2.757500,53.540960,On or near Whitstone Drive,E01025505,West Lancashire 014E,Violence and sexual offences,Unable to prosecute suspect,
1990c62eeba006f14cc3e2981d21b72c74e605ce297904ef0b2dcb3b64999da4,2021-06,Lancashire Constabulary,Lancashire Constabulary,-2.753241,53.541643,On or near Colinton,E01025505,West Lancashire 014E,Violence and sexual offences,Investigation complete; no suspect identified,
1d638a035e0f4b9a6389a593bce8ea8bd85b998726a2c5469e7b22f93a33890c,2021-06,Lancashire Constabulary,Lancashire Constabulary,-2.756227,53.538981,On or near Moor Drive,E01025505,West Lancashire 014E,Violence and sexual offences,Unable to prosecute suspect,
,2021-06,Lancashire Constabulary,Lancashire Constabulary,-2.727344,53.542414,On or near Parking Area,E01025534,West Lancashire 015A,Anti-social behaviour,,
,2021-06,Lancashire Constabulary,Lancashire Constabulary,-2.744435,53.529114,On or near Priorswood Place,E01025535,West Lancashire 015B,Anti-social behaviour,,
,2021-06,Lancashire Constabulary,Lancashire Constabulary,-2.746323,53.539547,On or near Sports/Recreation Area,E01025535,West Lancashire 015B,Anti-social behaviour,,
,2021-06,Lancashire Constabulary,Lancashire Constabulary,-2.754991,53.530603,On or near Peel Road,E01025535,West Lancashire 015B,Anti-social behaviour,,
,2021-06,Lancashire Constabulary,Lancashire Constabulary,-2.742897,53.535173,On or near Chequer Lane,E01025535,West Lancashire 015B,Anti-social behaviour,,
,2021-06,Lancashire Constabulary,Lancashire Constabulary,-2.765906,53.529320,On or near Paxton Place,E01025535,West Lancashire 015B,Anti-social behaviour,,
,2021-06,Lancashire Constabulary,Lancashire Constabulary,-2.744435,53.529114,On or near Priorswood Place,E01025535,West Lancashire 015B,Anti-social behaviour,,
,2021-06,Lancashire Constabulary,Lancashire Constabulary,-2.765906,53.529320,On or near Paxton Place,E01025535,West Lancashire 015B,Anti-social behaviour,,
,2021-06,Lancashire Constabulary,Lancashire Constabulary,-2.765906,53.529320,On or near Paxton Place,E01025535,West Lancashire 015B,Anti-social behaviour,,
,2021-06,Lancashire Constabulary,Lancashire Constabulary,-2.742592,53.530707,On or near Pedestrian Subway,E01025535,West Lancashire 015B,Anti-social behaviour,,
,2021-06,Lancashire Constabulary,Lancashire Constabulary,-2.742897,53.535173,On or near Chequer Lane,E01025535,West Lancashire 015B,Anti-social behaviour,,
,2021-06,Lancashire Constabulary,Lancashire Constabulary,-2.760809,53.531986,On or near Potter Place,E01025535,West Lancashire 015B,Anti-social behaviour,,
,2021-06,Lancashire Constabulary,Lancashire Constabulary,-2.760809,53.531986,On or near Potter Place,E01025535,West Lancashire 015B,Anti-social behaviour,,
68ffc05a55afa5188ae15076369a0e9cc7f275ef74346451aeb87fc71ab9969c,2021-06,Lancashire Constabulary,Lancashire Constabulary,-2.748138,53.528668,On or near Prestwood Place,E01025535,West Lancashire 015B,Other theft,Status update unavailable,
89eda7ad00d6d7d0fe9069671aa73c3cbeed19626c0dbaf91c6b39c266c9f21e,2021-06,Lancashire Constabulary,Lancashire Constabulary,-2.753985,53.521495,On or near Manor House Drive,E01025535,West Lancashire 015B,Violence and sexual offences,Unable to prosecute suspect,
7671885f570e3687fb76fd6b082f0432e9b6000bf656490c1ee4ac3a78b1bf94,2021-06,Lancashire Constabulary,Lancashire Constabulary,-2.742842,53.539793,On or near Darfield,E01025535,West Lancashire 015B,Violence and sexual offences,Unable to prosecute suspect,
93cfca65ff9902e23543099437c0c383aa00ea73f683f5be3d7a2fa911f1ff35,2021-06,Lancashire Constabulary,Lancashire Constabulary,-2.742974,53.540431,On or near Ormskirk Road,E01025535,West Lancashire 015B,Violence and sexual offences,Unable to prosecute suspect,
4565a54a430cbaf2412683bef815de47950c4615ef1e3180dee5236a6591fc42,2021-06,Lancashire Constabulary,Lancashire Constabulary,-2.742842,53.539793,On or near Darfield,E01025535,West Lancashire 015B,Violence and sexual offences,Unable to prosecute suspect,
f4f77f8422df98526c74c25f6dc148bcd1dd4c61700cb1109952fd579eb755cc,2021-06,Lancashire Constabulary,Lancashire Constabulary,-2.753985,53.521495,On or near Manor House Drive,E01025535,West Lancashire 015B,Violence and sexual offences,Unable to prosecute suspect,
f4a44f8535c39769ef0c5a3f9163082874639fe395204840879b351700c96ae5,2021-06,Lancashire Constabulary,Lancashire Constabulary,-2.753985,53.521495,On or near Manor House Drive,E01025535,West Lancashire 015B,Violence and sexual offences,Unable to prosecute suspect,
,2021-06,Lancashire Constabulary,Lancashire Constabulary,-2.729675,53.541043,On or near The Dell,E01025536,West Lancashire 015C,Anti-social behaviour,,
,2021-06,Lancashire Constabulary,Lancashire Constabulary,-2.729037,53.542557,On or near Parking Area,E01025536,West Lancashire 015C,Anti-social behaviour,,
,2021-06,Lancashire Constabulary,Lancashire Constabulary,-2.732275,53.543085,On or near Mayfield Road,E01025536,West Lancashire 015C,Anti-social behaviour,,
,2021-06,Lancashire Constabulary,Lancashire Constabulary,-2.735315,53.543444,On or near Delamere Way,E01025536,West Lancashire 015C,Anti-social behaviour,,
,2021-06,Lancashire Constabulary,Lancashire Constabulary,-2.735180,53.541764,On or near Dearden Way,E01025536,West Lancashire 015C,Anti-social behaviour,,
,2021-06,Lancashire Constabulary,Lancashire Constabulary,-2.734481,53.541472,On or near Brandon Close,E01025536,West Lancashire 015C,Anti-social behaviour,,
,2021-06,Lancashire Constabulary,Lancashire Constabulary,-2.729037,53.542557,On or near Parking Area,E01025536,West Lancashire 015C,Anti-social behaviour,,
,2021-06,Lancashire Constabulary,Lancashire Constabulary,-2.729873,53.542048,On or near Supermarket,E01025536,West Lancashire 015C,Anti-social behaviour,,
c6add9bb560cd7aade3c116dc8ab52ae1e50d1f15c0cb6013d1ef97981b4fcf4,2021-06,Lancashire Constabulary,Lancashire Constabulary,-2.735016,53.542727,On or near Parsonage Road,E01025536,West Lancashire 015C,Criminal damage and arson,Unable to prosecute suspect,
e22c688d41b23496d7a367b380cb4e0f4b63e930eaacf5f247ef1f2e1579814d,2021-06,Lancashire Constabulary,Lancashire Constabulary,-2.732275,53.543085,On or near Mayfield Road,E01025536,West Lancashire 015C,Criminal damage and arson,Unable to prosecute suspect,
cad032ab514c02b05db1d0bf167d63af8983ae698c8c7096e241e435db22dfe3,2021-06,Lancashire Constabulary,Lancashire Constabulary,-2.732558,53.541951,On or near Stanley Road,E01025536,West Lancashire 015C,Other theft,Unable to prosecute suspect,
6363046d971e9f1e1edc74d8878cb4bcf1785929e7250e82148287142decb3f0,2021-06,Lancashire Constabulary,Lancashire Constabulary,-2.735180,53.541764,On or near Dearden Way,E01025536,West Lancashire 015C,Other theft,Unable to prosecute suspect,
225be61dad166134fb368f77cb92d798b8fb63bac61d456a95eaefd986a2ff41,2021-06,Lancashire Constabulary,Lancashire Constabulary,-2.734481,53.541472,On or near Brandon Close,E01025536,West Lancashire 015C,Other theft,Unable to prosecute suspect,
2cefc20a45d73c998f3058a0ba4dc293f2a1142bb19be0f0099a5f55ec9c8e53,2021-06,Lancashire Constabulary,Lancashire Constabulary,-2.734481,53.541472,On or near Brandon Close,E01025536,West Lancashire 015C,Public order,Investigation complete; no suspect identified,
2c79e3d1687c095fb9ded198eb811087b3bd95235b1a1221e0cdd1c699dec7ac,2021-06,Lancashire Constabulary,Lancashire Constabulary,-2.729873,53.542048,On or near Supermarket,E01025536,West Lancashire 015C,Shoplifting,Status update unavailable,
67b58ca8c1c8f38a7de7b1677367b6db540aec53d30eb55fc005fc58b2909e7d,2021-06,Lancashire Constabulary,Lancashire Constabulary,-2.729873,53.542048,On or near Supermarket,E01025536,West Lancashire 015C,Shoplifting,Status update unavailable,
28a33f10054662a6be326c7b62e4c37b63ae69c5b8d0e58c0737e61e4069f6ce,2021-06,Lancashire Constabulary,Lancashire Constabulary,-2.729873,53.542048,On or near Supermarket,E01025536,West Lancashire 015C,Shoplifting,Investigation complete; no suspect identified,
10d83c52031e60a94db4d66b44b5aa7167b562bcbd0fc8f84894c93ea9046b20,2021-06,Lancashire Constabulary,Lancashire Constabulary,-2.729675,53.541043,On or near The Dell,E01025536,West Lancashire 015C,Violence and sexual offences,Court result unavailable,
c4f6c1279a0c51cdb96fc5de03bb1234aa9a67aeaf9f873ad565651c46e31ed6,2021-06,Lancashire Constabulary,Lancashire Constabulary,-2.735187,53.542133,On or near Millgreen Close,E01025536,West Lancashire 015C,Violence and sexual offences,Status update unavailable,
8c6db3a38e2cb1b6a5ad95b2e447228cc3cb419da088201d835e6e224cc32cde,2021-06,Lancashire Constabulary,Lancashire Constabulary,-2.729037,53.542557,On or near Parking Area,E01025536,West Lancashire 015C,Violence and sexual offences,Unable to prosecute suspect,
2c48b703546847af99dd20d691d5c2b3969d56d693e0e0174b4055b6e2432589,2021-06,Lancashire Constabulary,Lancashire Constabulary,-2.732275,53.543085,On or near Mayfield Road,E01025536,West Lancashire 015C,Other crime,Unable to prosecute suspect,
,2021-06,Lancashire Constabulary,Lancashire Constabulary,-2.721900,53.539958,On or near St Thomas'S Court,E01025537,West Lancashire 015D,Anti-social behaviour,,
4fc8a7b692f1b9c471da216787f501e2dbc575251c099261d4c1956a94eacd99,2021-06,Lancashire Constabulary,Lancashire Constabulary,-2.724715,53.541334,On or near Alma Close,E01025537,West Lancashire 015D,Violence and sexual offences,Unable to prosecute suspect,
,2021-06,Lancashire Constabulary,Lancashire Constabulary,-2.723897,53.545554,On or near Woodside Close,E01025540,West Lancashire 015E,Anti-social behaviour,,
9c3ebb2c3a4465cd388b0ce164a88b1f0dfd3ee066b2aec1d33141bae278535b,2021-06,Lancashire Constabulary,Lancashire Constabulary,-2.732836,53.551055,On or near Stoney Brow,E01025540,West Lancashire 015E,Burglary,Status update unavailable,
7c9e6c9a630c9a9c1b35824c60ce4eef44adff78d6e938cac6f780091e2b331b,2021-06,Lancashire Constabulary,Lancashire Constabulary,-2.726005,53.547061,On or near Petrol Station,E01025540,West Lancashire 015E,Criminal damage and arson,Investigation complete; no suspect identified,
c7853d59068e193247b12f193348f83f86d63b6dbdde504d066ea05c6d8ec920,2021-06,Lancashire Constabulary,Lancashire Constabulary,-2.728616,53.556707,On or near Knowles Farm Close,E01025540,West Lancashire 015E,Vehicle crime,Investigation complete; no suspect identified,
1daa54ad5670fea1a819ce789e0becfd3424fed34ff96c3a750084db70abc332,2021-06,Lancashire Constabulary,Lancashire Constabulary,-2.728424,53.545554,On or near Hallbridge Gardens,E01025540,West Lancashire 015E,Other crime,Status update unavailable,
b2d789f6efb159ca6e9ff3fc56dbdb6ec79648601e884ecd2d0224f412d5a6d4,2021-06,Lancashire Constabulary,Lancashire Constabulary,-2.627842,53.558025,On or near Bellingham Mount,E01006374,Wigan 006D,Criminal damage and arson,Status update unavailable,
d5495372b423a60cdb316e061e55e5ed573071167c5e7563ef0e055152a8a81e,2021-06,Lancashire Constabulary,Lancashire Constabulary,-3.031000,53.382094,On or near Victoria Fields,E01007131,Wirral 021B,Violence and sexual offences,Status update unavailable,
e34477e1078a6013e8b23fb77fa21a24613b10af62d07593ed7ea14d8e06cdf3,2021-06,Lancashire Constabulary,Lancashire Constabulary,-2.825381,52.991802,On or near Borderbrook,W01000346,Wrexham 018B,Public order,Further investigation is not in the public interest,
,2021-06,Lancashire Constabulary,Lancashire Constabulary,-3.032741,53.914268,On or near Hatfield Gardens,E01025573,Wyre 001A,Anti-social behaviour,,
,2021-06,Lancashire Constabulary,Lancashire Constabulary,-3.030780,53.917466,On or near Westwood Avenue,E01025573,Wyre 001A,Anti-social behaviour,,
,2021-06,Lancashire Constabulary,Lancashire Constabulary,-3.032741,53.914268,On or near Hatfield Gardens,E01025573,Wyre 001A,Anti-social behaviour,,
,2021-06,Lancashire Constabulary,Lancashire Constabulary,-3.027408,53.919679,On or near Poulton Road,E01025573,Wyre 001A,Anti-social behaviour,,
,2021-06,Lancashire Constabulary,Lancashire Constabulary,-3.030144,53.914533,On or near Hatfield Avenue,E01025573,Wyre 001A,Anti-social behaviour,,
f6d792876125e4a7eab624da18d9f70c7c4ec380ced8d250dd23c586c744facb,2021-06,Lancashire Constabulary,Lancashire Constabulary,-3.032741,53.914268,On or near Hatfield Gardens,E01025573,Wyre 001A,Criminal damage and arson,Unable to prosecute suspect,
2a7e206e288b09effc5f2db437a92cc8ecd200166212d2251069a89709da9269,2021-06,Lancashire Constabulary,Lancashire Constabulary,-3.030780,53.917466,On or near Westwood Avenue,E01025573,Wyre 001A,Criminal damage and arson,Investigation complete; no suspect identified,
101b698146da9b2a384b1a8651225154fdb9ea0d2982264a5a1771b5fe7ae791,2021-06,Lancashire Constabulary,Lancashire Constabulary,-3.030402,53.916328,On or near Lincoln Avenue,E01025573,Wyre 001A,Other theft,Unable to prosecute suspect,
61a428be0a1047219a10e704e8176e18875b88658f4eef2c2373ad9e6ac51afa,2021-06,Lancashire Constabulary,Lancashire Constabulary,-3.029450,53.916031,On or near Cambridge Road,E01025573,Wyre 001A,Public order,Unable to prosecute suspect,
deab6bf32be1bed2e02e6aec15a09f0be4b06de56e7908acb926dee04e880f1e,2021-06,Lancashire Constabulary,Lancashire Constabulary,-3.032741,53.914268,On or near Hatfield Gardens,E01025573,Wyre 001A,Public order,Status update unavailable,
126097d9bbef87340b1fb3118683e18372a9199f0ca1b98ce9e9136e9737cb98,2021-06,Lancashire Constabulary,Lancashire Constabulary,-3.030144,53.914533,On or near Hatfield Avenue,E01025573,Wyre 001A,Violence and sexual offences,Unable to prosecute suspect,
,2021-06,Lancashire Constabulary,Lancashire Constabulary,-3.020553,53.917653,On or near Addison Road,E01025574,Wyre 001B,Anti-social behaviour,,
,2021-06,Lancashire Constabulary,Lancashire Constabulary,-3.023672,53.915730,On or near Hatfield Avenue,E01025574,Wyre 001B,Anti-social behaviour,,
,2021-06,Lancashire Constabulary,Lancashire Constabulary,-3.020861,53.917812,On or near Nansen Road,E01025574,Wyre 001B,Anti-social behaviour,,
,2021-06,Lancashire Constabulary,Lancashire Constabulary,-3.020861,53.917812,On or near Nansen Road,E01025574,Wyre 001B,Anti-social behaviour,,
,2021-06,Lancashire Constabulary,Lancashire Constabulary,-3.022836,53.915143,On or near Wyre Street,E01025574,Wyre 001B,Anti-social behaviour,,
,2021-06,Lancashire Constabulary,Lancashire Constabulary,-3.021889,53.918145,On or near Park Avenue,E01025574,Wyre 001B,Anti-social behaviour,,
,2021-06,Lancashire Constabulary,Lancashire Constabulary,-3.023672,53.915730,On or near Hatfield Avenue,E01025574,Wyre 001B,Anti-social behaviour,,
,2021-06,Lancashire Constabulary,Lancashire Constabulary,-3.021011,53.918988,On or near Park Avenue,E01025574,Wyre 001B,Anti-social behaviour,,
,2021-06,Lancashire Constabulary,Lancashire Constabulary,-3.023153,53.916273,On or near Nelson Road,E01025574,Wyre 001B,Anti-social behaviour,,
,2021-06,Lancashire Constabulary,Lancashire Constabulary,-3.022836,53.915143,On or near Wyre Street,E01025574,Wyre 001B,Anti-social behaviour,,
,2021-06,Lancashire Constabulary,Lancashire Constabulary,-3.022836,53.915143,On or near Wyre Street,E01025574,Wyre 001B,Anti-social behaviour,,
927a6926c07d2d465b3e3ccb6cbac4b5a5595f6704a68d7b969cbc75a55a7484,2021-06,Lancashire Constabulary,Lancashire Constabulary,-3.021011,53.918988,On or near Park Avenue,E01025574,Wyre 001B,Criminal damage and arson,Unable to prosecute suspect,
d803215bbf4b757e43ab4c7a54907124f65c5f782f5ec609074975fa23e7818c,2021-06,Lancashire Constabulary,Lancashire Constabulary,-3.020553,53.917653,On or near Addison Road,E01025574,Wyre 001B,Criminal damage and arson,Investigation complete; no suspect identified,
76338b7fb6de4433ba2e37fdb72a76972f272200a4a56aa817e58a01e77f2f32,2021-06,Lancashire Constabulary,Lancashire Constabulary,-3.023715,53.919945,On or near Wolsley Road,E01025574,Wyre 001B,Criminal damage and arson,Unable to prosecute suspect,
f86fb547f985a9c8df814321796987397749cb277fe3706dde61870c6a2a9379,2021-06,Lancashire Constabulary,Lancashire Constabulary,-3.020861,53.917812,On or near Nansen Road,E01025574,Wyre 001B,Criminal damage and arson,Unable to prosecute suspect,
3e58f34275ce1360013836133543cfff9577f61b1a673818734fe2dd4b92f6fb,2021-06,Lancashire Constabulary,Lancashire Constabulary,-3.020861,53.917812,On or near Nansen Road,E01025574,Wyre 001B,Other theft,Further investigation is not in the public interest,
57d97a5f275414cd5552a7d8ed84a3e503c40733f7e067901bd82e0b649d182e,2021-06,Lancashire Constabulary,Lancashire Constabulary,-3.021889,53.918145,On or near Park Avenue,E01025574,Wyre 001B,Public order,Unable to prosecute suspect,
3073d968d5eec7bdbdc4d4d780cc7e4646785255eb8c979edc3d0b377580982c,2021-06,Lancashire Constabulary,Lancashire Constabulary,-3.022059,53.916984,On or near Gordon Road,E01025574,Wyre 001B,Public order,Further investigation is not in the public interest,
2ad5c1c2b06fd1c5093991b2c6180fd1f28f605c198129c612cd1d6ed64e5deb,2021-06,Lancashire Constabulary,Lancashire Constabulary,-3.020385,53.918265,On or near Clifton Road,E01025574,Wyre 001B,Public order,Further investigation is not in the public interest,
23ed34fa1c7098d98d08ff0414e41eb8baa7fdd780217f3ffac53713d21f2dab,2021-06,Lancashire Constabulary,Lancashire Constabulary,-3.021949,53.919330,On or near Warrenhurst Road,E01025574,Wyre 001B,Robbery,Court result unavailable,
75779275a91bd03851c243afb846dd5ef6a3b2c56df8278a5b79b46d5c134920,2021-06,Lancashire Constabulary,Lancashire Constabulary,-3.020948,53.916382,On or near Radcliffe Road,E01025574,Wyre 001B,Vehicle crime,Investigation complete; no suspect identified,
1152166d73cd888457b0d49577c6d33135c1f54a07739fe9aabec267cdc76541,2021-06,Lancashire Constabulary,Lancashire Constabulary,-3.023672,53.915730,On or near Hatfield Avenue,E01025574,Wyre 001B,Vehicle crime,Investigation complete; no suspect identified,
c6875a27e06f814494e4fc71be6e0e1fbf85a32ab61a20afd595585d247a2106,2021-06,Lancashire Constabulary,Lancashire Constabulary,-3.020879,53.919789,On or near Darbishire Road,E01025574,Wyre 001B,Violence and sexual offences,Unable to prosecute suspect,
e65035751f4395099a2ed2e456800c172e1977635fd63d593b0e1f19d79f9a4b,2021-06,Lancashire Constabulary,Lancashire Constabulary,-3.019584,53.919144,On or near Belmont Road,E01025574,Wyre 001B,Violence and sexual offences,Status update unavailable,
e5e76f66ac021195416653e6bbbb01fca7c51e435e61052a528468dbd8f1ba76,2021-06,Lancashire Constabulary,Lancashire Constabulary,-3.019584,53.919144,On or near Belmont Road,E01025574,Wyre 001B,Violence and sexual offences,Unable to prosecute suspect,
65d943b3b9a0c269a704aa9caf8223afe54150ca78ba0462a8d19d2e1a00aa5b,2021-06,Lancashire Constabulary,Lancashire Constabulary,-3.023715,53.919945,On or near Wolsley Road,E01025574,Wyre 001B,Violence and sexual offences,Status update unavailable,
6d7927d7a4871b2dc638e39f65f56ce930e74f9dfa54c299b26bd59eaa238378,2021-06,Lancashire Constabulary,Lancashire Constabulary,-3.023715,53.919945,On or near Wolsley Road,E01025574,Wyre 001B,Violence and sexual offences,Unable to prosecute suspect,
15f3c7ec308836e3ae04813a1f6eb816b3f1b070d71fee42aeb9a0e96c8ebaf2,2021-06,Lancashire Constabulary,Lancashire Constabulary,-3.020553,53.917653,On or near Addison Road,E01025574,Wyre 001B,Violence and sexual offences,Unable to prosecute suspect,
de3af05470d7818a87a519d28ee535b54c185a1d1ffefa3f762f6d54dcfadfa3,2021-06,Lancashire Constabulary,Lancashire Constabulary,-3.023715,53.919945,On or near Wolsley Road,E01025574,Wyre 001B,Violence and sexual offences,Status update unavailable,
686d464e6ba3c59cf807a437b3cc5b767d880ba4e9a6cbe6bc088a62a80b6696,2021-06,Lancashire Constabulary,Lancashire Constabulary,-3.023715,53.919945,On or near Wolsley Road,E01025574,Wyre 001B,Violence and sexual offences,Status update unavailable,
353e92d515425a3da9e3e59711b5a9b13a8d49ec4fb59ee3fd5f5fe1a65a52d9,2021-06,Lancashire Constabulary,Lancashire Constabulary,-3.021598,53.916817,On or near Stanley Road,E01025574,Wyre 001B,Violence and sexual offences,Status update unavailable,
f6d2bf65a886c4f6e35b118ab954f22b85abf9612417398d401ea28e93d49925,2021-06,Lancashire Constabulary,Lancashire Constabulary,-3.020879,53.919789,On or near Darbishire Road,E01025574,Wyre 001B,Violence and sexual offences,Court result unavailable,
add52f23b5729b0335d5558bae0e5ae685e57e8b6287b17f1178e7015c68a977,2021-06,Lancashire Constabulary,Lancashire Constabulary,-3.020553,53.917653,On or near Addison Road,E01025574,Wyre 001B,Violence and sexual offences,Local resolution,
2d29de381225fdd3a9057c74a571e6d6684eef8937c0659dee215e27ab5b7084,2021-06,Lancashire Constabulary,Lancashire Constabulary,-3.020553,53.917653,On or near Addison Road,E01025574,Wyre 001B,Violence and sexual offences,Unable to prosecute suspect,
d03ce43a7d154d0200d602bc71879b5141202c0463714e24d660be8988566e9f,2021-06,Lancashire Constabulary,Lancashire Constabulary,-3.020879,53.919789,On or near Darbishire Road,E01025574,Wyre 001B,Violence and sexual offences,Unable to prosecute suspect,
33dc3c1a7d801e90ce40ef1261cdc95e18bb68988ffef8c2d51d8baee633b313,2021-06,Lancashire Constabulary,Lancashire Constabulary,-3.022059,53.916984,On or near Gordon Road,E01025574,Wyre 001B,Violence and sexual offences,Unable to prosecute suspect,
1105a29cdd0ca9adf90d9a9c51883dfd26207abfc85b243ee2967ae3dbb3608f,2021-06,Lancashire Constabulary,Lancashire Constabulary,-3.023672,53.915730,On or near Hatfield Avenue,E01025574,Wyre 001B,Violence and sexual offences,Unable to prosecute suspect,
fc6ade34ef1d65a5b0b3c59e0ce0f6c03a74a7f88322399b3d2c9b68f0ae820c,2021-06,Lancashire Constabulary,Lancashire Constabulary,-3.020879,53.919789,On or near Darbishire Road,E01025574,Wyre 001B,Violence and sexual offences,Unable to prosecute suspect,
6519159f9adf28c379895a404258c329922935f8537fd1a681fad505df3d8304,2021-06,Lancashire Constabulary,Lancashire Constabulary,-3.022059,53.916984,On or near Gordon Road,E01025574,Wyre 001B,Violence and sexual offences,Unable to prosecute suspect,
ef5410b2ece2689434850949892f9297060ee96a6db6b73b24f0f488ae1bc167,2021-06,Lancashire Constabulary,Lancashire Constabulary,-3.021011,53.918988,On or near Park Avenue,E01025574,Wyre 001B,Violence and sexual offences,Unable to prosecute suspect,
1e7e25f1bdcd43d02cd1baa847cbac6ae4d8e2c9c44817526a67abd10c52e675,2021-06,Lancashire Constabulary,Lancashire Constabulary,-3.022059,53.916984,On or near Gordon Road,E01025574,Wyre 001B,Violence and sexual offences,Further investigation is not in the public interest,
,2021-06,Lancashire Constabulary,Lancashire Constabulary,-3.017050,53.924531,On or near Seabank Road,E01025581,Wyre 001C,Anti-social behaviour,,
,2021-06,Lancashire Constabulary,Lancashire Constabulary,-3.015316,53.923971,On or near Warwick Place,E01025581,Wyre 001C,Anti-social behaviour,,
967e7ba6b172a6cec3ae606626edaf7657c986e48e6e2e3466f3d8a54d9d8cec,2021-06,Lancashire Constabulary,Lancashire Constabulary,-3.019755,53.922396,On or near Chaucer Road,E01025581,Wyre 001C,Criminal damage and arson,Unable to prosecute suspect,
0f836f4c00d2c960879773f7d155db2c17a3fdf49f2ded0770d73d2399a057f8,2021-06,Lancashire Constabulary,Lancashire Constabulary,-3.018092,53.924792,On or near Mount Road,E01025581,Wyre 001C,Vehicle crime,Investigation complete; no suspect identified,
512f9a053a4a50b93f4e633d9921ef311ecb93c211fa0100648b87c8c03db1d1,2021-06,Lancashire Constabulary,Lancashire Constabulary,-3.015316,53.923971,On or near Warwick Place,E01025581,Wyre 001C,Violence and sexual offences,Unable to prosecute suspect,
cfcd47d819dfdc510a5e28db2a8c0ced579987f01d732a744cadcbc966ccc4a8,2021-06,Lancashire Constabulary,Lancashire Constabulary,-3.020343,53.924036,On or near Burns Road,E01025581,Wyre 001C,Violence and sexual offences,Unable to prosecute suspect,
75b66fbc02067d0f22f946b67d7bba63d5622c1f5c7368e125470a94e0f3f02c,2021-06,Lancashire Constabulary,Lancashire Constabulary,-3.019755,53.922396,On or near Chaucer Road,E01025581,Wyre 001C,Violence and sexual offences,Unable to prosecute suspect,
0624296a866152d043b153a57da19db581868fdc968743e0d924a2fd0608aa58,2021-06,Lancashire Constabulary,Lancashire Constabulary,-3.017542,53.923449,On or near Harris Street,E01025581,Wyre 001C,Violence and sexual offences,Unable to prosecute suspect,
d93dffbf6355f07cb2fb759cfd6cb9d4554f3b5d7dafbab5b74843b5f2029d9d,2021-06,Lancashire Constabulary,Lancashire Constabulary,-3.020343,53.924036,On or near Burns Road,E01025581,Wyre 001C,Violence and sexual offences,Unable to prosecute suspect,
551660cd82f47f1c9cd5a9c6af9fe8723248c39d413d347c33738bc5d632acf8,2021-06,Lancashire Constabulary,Lancashire Constabulary,-3.021661,53.923135,On or near Warren Avenue North,E01025581,Wyre 001C,Violence and sexual offences,Action to be taken by another organisation,
b616a88be7b42e626061b63165b6bd600dc71ada7d6e8561e7f78aa4cbea2a7c,2021-06,Lancashire Constabulary,Lancashire Constabulary,-3.015316,53.923971,On or near Warwick Place,E01025581,Wyre 001C,Violence and sexual offences,Unable to prosecute suspect,
05c4eca8a0dd858fdf6c1457692e9687c8a53e302b05ab1c29e33cab966f7b8e,2021-06,Lancashire Constabulary,Lancashire Constabulary,-3.021661,53.923135,On or near Warren Avenue North,E01025581,Wyre 001C,Violence and sexual offences,Action to be taken by another organisation,
7952868dea2e9b38483f962db6a2324a48e62383a7be7fb61f0ecb5f369eedc0,2021-06,Lancashire Constabulary,Lancashire Constabulary,-3.019755,53.922396,On or near Chaucer Road,E01025581,Wyre 001C,Other crime,Further investigation is not in the public interest,
,2021-06,Lancashire Constabulary,Lancashire Constabulary,-3.015377,53.921463,On or near Poulton Street,E01025582,Wyre 001D,Anti-social behaviour,,
,2021-06,Lancashire Constabulary,Lancashire Constabulary,-3.012207,53.921993,On or near Supermarket,E01025582,Wyre 001D,Anti-social behaviour,,
,2021-06,Lancashire Constabulary,Lancashire Constabulary,-3.013318,53.920087,On or near Dock Street,E01025582,Wyre 001D,Anti-social behaviour,,
,2021-06,Lancashire Constabulary,Lancashire Constabulary,-3.014249,53.921400,On or near Lord Street,E01025582,Wyre 001D,Anti-social behaviour,,
,2021-06,Lancashire Constabulary,Lancashire Constabulary,-3.014249,53.921400,On or near Lord Street,E01025582,Wyre 001D,Anti-social behaviour,,
,2021-06,Lancashire Constabulary,Lancashire Constabulary,-3.016827,53.922214,On or near Delta Lane,E01025582,Wyre 001D,Anti-social behaviour,,
,2021-06,Lancashire Constabulary,Lancashire Constabulary,-3.012207,53.921993,On or near Supermarket,E01025582,Wyre 001D,Anti-social behaviour,,
,2021-06,Lancashire Constabulary,Lancashire Constabulary,-3.013318,53.920087,On or near Dock Street,E01025582,Wyre 001D,Anti-social behaviour,,
,2021-06,Lancashire Constabulary,Lancashire Constabulary,-3.012207,53.921993,On or near Supermarket,E01025582,Wyre 001D,Anti-social behaviour,,
,2021-06,Lancashire Constabulary,Lancashire Constabulary,-3.016760,53.922601,On or near Poulton Street,E01025582,Wyre 001D,Anti-social behaviour,,
,2021-06,Lancashire Constabulary,Lancashire Constabulary,-3.013318,53.920087,On or near Dock Street,E01025582,Wyre 001D,Anti-social behaviour,,
,2021-06,Lancashire Constabulary,Lancashire Constabulary,-3.014249,53.921400,On or near Lord Street,E01025582,Wyre 001D,Anti-social behaviour,,
,2021-06,Lancashire Constabulary,Lancashire Constabulary,-3.014252,53.920924,On or near Back Cop Lane,E01025582,Wyre 001D,Anti-social behaviour,,
a65863b941bff5e20c7ba5d0746bfdaf494f42c34fbaf259a7932137f714ae65,2021-06,Lancashire Constabulary,Lancashire Constabulary,-3.020712,53.921076,On or near Supermarket,E01025582,Wyre 001D,Burglary,Status update unavailable,
983129765b14c40f3553c9c4ae62f982fb7cc69aa181beb40e971bf8d5c4900b,2021-06,Lancashire Constabulary,Lancashire Constabulary,-3.015921,53.920649,On or near Lord Street,E01025582,Wyre 001D,Burglary,Investigation complete; no suspect identified,
ccc0736aa94d23aeca33e5e7af805643701a6ee182d9ad3c33fa36e6c4f2c323,2021-06,Lancashire Constabulary,Lancashire Constabulary,-3.016827,53.922214,On or near Delta Lane,E01025582,Wyre 001D,Criminal damage and arson,Investigation complete; no suspect identified,
1e8a1c9eb4a02b5f93ddd7f89d32850e4622b921774a54c1dfaed815b0a411df,2021-06,Lancashire Constabulary,Lancashire Constabulary,-3.018616,53.921300,On or near Poulton Road,E01025582,Wyre 001D,Criminal damage and arson,Status update unavailable,
63207d3fe1d2a889c085086872fdcf984ab08f33238f54f79c931b670a318c65,2021-06,Lancashire Constabulary,Lancashire Constabulary,-3.014265,53.922703,On or near King Street,E01025582,Wyre 001D,Criminal damage and arson,Investigation complete; no suspect identified,
5be607cf138bf73121d705402118dab3312411f1db1d806506985ffca056ef02,2021-06,Lancashire Constabulary,Lancashire Constabulary,-3.013318,53.920087,On or near Dock Street,E01025582,Wyre 001D,Criminal damage and arson,Unable to prosecute suspect,
9406d746d0b0eeb0cc3c16708be59cf306ace8bdbf47bc265cf941d625a0ef5a,2021-06,Lancashire Constabulary,Lancashire Constabulary,-3.015377,53.921463,On or near Poulton Street,E01025582,Wyre 001D,Criminal damage and arson,Investigation complete; no suspect identified,
64421a9e386479f5224b5b2e8a3556ffc442df3da2b8b3c5667e607209c6aeb8,2021-06,Lancashire Constabulary,Lancashire Constabulary,-3.017829,53.920849,On or near Ash Street,E01025582,Wyre 001D,Criminal damage and arson,Investigation complete; no suspect identified,
2696e289a01a65a76c9b729adb2df0d9a31caeceaaf62f8fb748bea3810ad37f,2021-06,Lancashire Constabulary,Lancashire Constabulary,-3.015377,53.921463,On or near Poulton Street,E01025582,Wyre 001D,Criminal damage and arson,Unable to prosecute suspect,
d457223feb2cea1d2ae54215f6c6b3d9e849aca2f68bb7fdef1533483e9cc79a,2021-06,Lancashire Constabulary,Lancashire Constabulary,-3.012207,53.921993,On or near Supermarket,E01025582,Wyre 001D,Criminal damage and arson,Investigation complete; no suspect identified,
ef201c3fb11931881ae1b326958b69d308e0d17582736ae8e2086928ce974f24,2021-06,Lancashire Constabulary,Lancashire Constabulary,-3.014252,53.920924,On or near Back Cop Lane,E01025582,Wyre 001D,Criminal damage and arson,Investigation complete; no suspect identified,
6a28540fbe83e0242cb2bb5e1d9369e7f57943c3965d506a7dbe91b4c9113326,2021-06,Lancashire Constabulary,Lancashire Constabulary,-3.014300,53.922281,On or near Mount Street,E01025582,Wyre 001D,Criminal damage and arson,Investigation complete; no suspect identified,
2930d3ac863bb4e159568511138cf64bdfe1bfa5c0e53e52cdccc2086400cdb5,2021-06,Lancashire Constabulary,Lancashire Constabulary,-3.014249,53.921400,On or near Lord Street,E01025582,Wyre 001D,Drugs,Further investigation is not in the public interest,
c5271aae6922dfbc455026b9fe0fbe9c9d52dd4c858802e0f66bba8aa6a6ab12,2021-06,Lancashire Constabulary,Lancashire Constabulary,-3.014249,53.921400,On or near Lord Street,E01025582,Wyre 001D,Public order,Court result unavailable,
122bd5219e904e6c05e7b6e34e0474204cab2fee0d09c451ce2a689a2efd1a18,2021-06,Lancashire Constabulary,Lancashire Constabulary,-3.015377,53.921463,On or near Poulton Street,E01025582,Wyre 001D,Public order,Investigation complete; no suspect identified,
31347b645a0f4f8bc37b50a4e8c4cfa33f2776ada86ca2df0d118397e017f89e,2021-06,Lancashire Constabulary,Lancashire Constabulary,-3.016760,53.922601,On or near Poulton Street,E01025582,Wyre 001D,Public order,Unable to prosecute suspect,
51ea22e34eafc1d9f3459c1e8d69dbe8ddc216aa1425f4757eacabad0e9a882a,2021-06,Lancashire Constabulary,Lancashire Constabulary,-3.012207,53.921993,On or near Supermarket,E01025582,Wyre 001D,Public order,Status update unavailable,
3cc5b5e4ecc6a76b8ff5f9632dc33f53d75131abf1f1061c0e39ac0d00760d42,2021-06,Lancashire Constabulary,Lancashire Constabulary,-3.012944,53.922220,On or near Preston Street,E01025582,Wyre 001D,Shoplifting,Investigation complete; no suspect identified,
3571e47efa0a014c75f3f4f4d5e5f8f12d6b5228de8afe45b2030f8fc09126a8,2021-06,Lancashire Constabulary,Lancashire Constabulary,-3.012944,53.922220,On or near Preston Street,E01025582,Wyre 001D,Shoplifting,Court result unavailable,
186bc431eeeceefa437cb80aa06d844915109dcb617fdd75f114a66f6a43605a,2021-06,Lancashire Constabulary,Lancashire Constabulary,-3.012944,53.922220,On or near Preston Street,E01025582,Wyre 001D,Shoplifting,Court result unavailable,
d46d3f25e3f1b8b057ff38b98c79d5d788e363a04a1f3e023e951cafeee4c26f,2021-06,Lancashire Constabulary,Lancashire Constabulary,-3.015861,53.921333,On or near Poulton Grove,E01025582,Wyre 001D,Theft from the person,Investigation complete; no suspect identified,
8223e75a2f3142b8c6e666b1d4058a0b7fd982af7e1c4a95318807b8143b6033,2021-06,Lancashire Constabulary,Lancashire Constabulary,-3.016426,53.921400,On or near Styan Street,E01025582,Wyre 001D,Vehicle crime,Investigation complete; no suspect identified,
342219c924d53546b235dbd8f85c323c811bc7986ba9a8b6185bda1f30d55165,2021-06,Lancashire Constabulary,Lancashire Constabulary,-3.014300,53.922281,On or near Mount Street,E01025582,Wyre 001D,Violence and sexual offences,Unable to prosecute suspect,
a7317c7323c1b62bc75020914a5c4578863212dafb64d0243f9ab22f6dbd9d4f,2021-06,Lancashire Constabulary,Lancashire Constabulary,-3.016827,53.922214,On or near Delta Lane,E01025582,Wyre 001D,Violence and sexual offences,Unable to prosecute suspect,
b40834294042dd0b8764442edf8092407de3d4929723b4dc508f3b2968151521,2021-06,Lancashire Constabulary,Lancashire Constabulary,-3.016760,53.922601,On or near Poulton Street,E01025582,Wyre 001D,Violence and sexual offences,Unable to prosecute suspect,
2b8a3752c8be1e26dbe31e9409af2a5d219c8c156a4266efee58acc0b16d1bd5,2021-06,Lancashire Constabulary,Lancashire Constabulary,-3.016760,53.922601,On or near Poulton Street,E01025582,Wyre 001D,Violence and sexual offences,Unable to prosecute suspect,
55868f2653028daebe298f7c1ec27560a53a001dcb02fe534d8fd0e6f1820afb,2021-06,Lancashire Constabulary,Lancashire Constabulary,-3.014265,53.922703,On or near King Street,E01025582,Wyre 001D,Violence and sexual offences,Unable to prosecute suspect,
1c080e18e0775cfaa718c4fb6c9b0491f4b25f4d5ef5190928c1d4d5350988ad,2021-06,Lancashire Constabulary,Lancashire Constabulary,-3.015377,53.921463,On or near Poulton Street,E01025582,Wyre 001D,Violence and sexual offences,Offender given a caution,
5e9480bcfafb25939d4381f624bea92648fd844bfb8876e21db8e3520ff2aa19,2021-06,Lancashire Constabulary,Lancashire Constabulary,-3.016827,53.922214,On or near Delta Lane,E01025582,Wyre 001D,Violence and sexual offences,Investigation complete; no suspect identified,
78fe17984980b6f8e1545943ccbe7270473afe35b397ea3fd31845ab8634dba7,2021-06,Lancashire Constabulary,Lancashire Constabulary,-3.016827,53.922214,On or near Delta Lane,E01025582,Wyre 001D,Violence and sexual offences,Unable to prosecute suspect,
d2c24d2c0676291982a039207586fe8531bb1233b418fa71d7a107ff580820fd,2021-06,Lancashire Constabulary,Lancashire Constabulary,-3.012207,53.921993,On or near Supermarket,E01025582,Wyre 001D,Violence and sexual offences,Investigation complete; no suspect identified,
c6762ef9a93c58702051f515360d0091b241a6983d8bf01a571db9d4a1ac4a76,2021-06,Lancashire Constabulary,Lancashire Constabulary,-3.014265,53.922703,On or near King Street,E01025582,Wyre 001D,Violence and sexual offences,Unable to prosecute suspect,
bbb7f962e97a6a45910365091951f8d4158e6ceb352855bfb6ed9b1b5ac83442,2021-06,Lancashire Constabulary,Lancashire Constabulary,-3.012207,53.921993,On or near Supermarket,E01025582,Wyre 001D,Other crime,Unable to prosecute suspect,
,2021-06,Lancashire Constabulary,Lancashire Constabulary,-3.011749,53.923201,On or near Kemp Street,E01025583,Wyre 001E,Anti-social behaviour,,
,2021-06,Lancashire Constabulary,Lancashire Constabulary,-3.013984,53.924953,On or near Westby Grove,E01025583,Wyre 001E,Anti-social behaviour,,
,2021-06,Lancashire Constabulary,Lancashire Constabulary,-3.012479,53.925684,On or near Rhyl Street,E01025583,Wyre 001E,Anti-social behaviour,,
,2021-06,Lancashire Constabulary,Lancashire Constabulary,-3.011436,53.924732,On or near Garfield Street,E01025583,Wyre 001E,Anti-social behaviour,,
,2021-06,Lancashire Constabulary,Lancashire Constabulary,-3.009854,53.924790,On or near Victoria Street,E01025583,Wyre 001E,Anti-social behaviour,,
,2021-06,Lancashire Constabulary,Lancashire Constabulary,-3.012915,53.924180,On or near Blakiston Street,E01025583,Wyre 001E,Anti-social behaviour,,
,2021-06,Lancashire Constabulary,Lancashire Constabulary,-3.009854,53.924790,On or near Victoria Street,E01025583,Wyre 001E,Anti-social behaviour,,
,2021-06,Lancashire Constabulary,Lancashire Constabulary,-3.010561,53.923193,On or near Warren Street,E01025583,Wyre 001E,Anti-social behaviour,,
,2021-06,Lancashire Constabulary,Lancashire Constabulary,-3.012915,53.924180,On or near Blakiston Street,E01025583,Wyre 001E,Anti-social behaviour,,
,2021-06,Lancashire Constabulary,Lancashire Constabulary,-3.013984,53.924953,On or near Westby Grove,E01025583,Wyre 001E,Anti-social behaviour,,
,2021-06,Lancashire Constabulary,Lancashire Constabulary,-3.012915,53.924180,On or near Blakiston Street,E01025583,Wyre 001E,Anti-social behaviour,,
,2021-06,Lancashire Constabulary,Lancashire Constabulary,-3.010561,53.923193,On or near Warren Street,E01025583,Wyre 001E,Anti-social behaviour,,
,2021-06,Lancashire Constabulary,Lancashire Constabulary,-3.012915,53.924180,On or near Blakiston Street,E01025583,Wyre 001E,Anti-social behaviour,,
93d42a0074350f14d8b5f660e1b8320a36405ee477cf8c188ff5aeb73946a5ac,2021-06,Lancashire Constabulary,Lancashire Constabulary,-3.013984,53.924953,On or near Westby Grove,E01025583,Wyre 001E,Burglary,Unable to prosecute suspect,
04dc34a4fad91c6ed1f2a45756255a2a23e78cdeca8a2cdf580f411bbf5ffc6e,2021-06,Lancashire Constabulary,Lancashire Constabulary,-3.011436,53.924732,On or near Garfield Street,E01025583,Wyre 001E,Criminal damage and arson,Investigation complete; no suspect identified,
713e37b453e2f32793ad4b2b4d1e942367b1f4c118662c84a393818b79eeb98a,2021-06,Lancashire Constabulary,Lancashire Constabulary,-3.013984,53.924953,On or near Westby Grove,E01025583,Wyre 001E,Criminal damage and arson,Status update unavailable,
c3fc0722ea0b2fcd6c4ff47cb76530b4ce326bcabc496a2cc1ad6bf6e83c640f,2021-06,Lancashire Constabulary,Lancashire Constabulary,-3.013461,53.925335,On or near Hesketh Place,E01025583,Wyre 001E,Other theft,Unable to prosecute suspect,
9c17b605a791551ac941c5af51f23885884dcd1f0a7d0f81265fc2765f2029b7,2021-06,Lancashire Constabulary,Lancashire Constabulary,-3.012890,53.923155,On or near London Street,E01025583,Wyre 001E,Other theft,Investigation complete; no suspect identified,
682759982e9cf0d58dbca0ea930dbd1c4268be33bb1279643d6c494714502e7d,2021-06,Lancashire Constabulary,Lancashire Constabulary,-3.011749,53.923201,On or near Kemp Street,E01025583,Wyre 001E,Vehicle crime,Investigation complete; no suspect identified,
2299986cde0c4fa1358fb0c1782a8c1ad74fd99664885e477451fce3ac99de4f,2021-06,Lancashire Constabulary,Lancashire Constabulary,-3.011436,53.924732,On or near Garfield Street,E01025583,Wyre 001E,Violence and sexual offences,Investigation complete; no suspect identified,
af088364f554f4a3de3216b56c9097cab9b8b266589c968d0fa3322a3496937b,2021-06,Lancashire Constabulary,Lancashire Constabulary,-3.013984,53.924953,On or near Westby Grove,E01025583,Wyre 001E,Violence and sexual offences,Unable to prosecute suspect,
8f3d360a2dd4bfed1d6ed8dc05734906e45f9b379bcbbf2664f976560bd3c2b3,2021-06,Lancashire Constabulary,Lancashire Constabulary,-3.013461,53.925335,On or near Hesketh Place,E01025583,Wyre 001E,Violence and sexual offences,Unable to prosecute suspect,
02f04ec35f8414bf0af4f44627adca1023f6bd07ef5810985198ffa40c576e99,2021-06,Lancashire Constabulary,Lancashire Constabulary,-3.013984,53.924953,On or near Westby Grove,E01025583,Wyre 001E,Violence and sexual offences,Unable to prosecute suspect,
776f1385d137d2ed0f13f995621a2eb7beea2b19a8b6969e5be55f40e23cea8f,2021-06,Lancashire Constabulary,Lancashire Constabulary,-3.011436,53.924732,On or near Garfield Street,E01025583,Wyre 001E,Violence and sexual offences,Investigation complete; no suspect identified,
f63ffc15c37049785e168578786323be9a1408568ccfc821f0458dee22e082da,2021-06,Lancashire Constabulary,Lancashire Constabulary,-3.012479,53.925684,On or near Rhyl Street,E01025583,Wyre 001E,Violence and sexual offences,Unable to prosecute suspect,
,2021-06,Lancashire Constabulary,Lancashire Constabulary,-3.012376,53.927079,On or near Balmoral Terrace,E01025584,Wyre 001F,Anti-social behaviour,,
,2021-06,Lancashire Constabulary,Lancashire Constabulary,-3.010259,53.921389,On or near Dock Street,E01025584,Wyre 001F,Anti-social behaviour,,
,2021-06,Lancashire Constabulary,Lancashire Constabulary,-3.006520,53.924854,On or near Custom House Lane,E01025584,Wyre 001F,Anti-social behaviour,,
,2021-06,Lancashire Constabulary,Lancashire Constabulary,-3.006520,53.924854,On or near Custom House Lane,E01025584,Wyre 001F,Anti-social behaviour,,
,2021-06,Lancashire Constabulary,Lancashire Constabulary,-3.008308,53.923221,On or near Parking Area,E01025584,Wyre 001F,Anti-social behaviour,,
,2021-06,Lancashire Constabulary,Lancashire Constabulary,-3.011605,53.927301,On or near Windsor Terrace,E01025584,Wyre 001F,Anti-social behaviour,,
,2021-06,Lancashire Constabulary,Lancashire Constabulary,-3.011038,53.922775,On or near Lord Street,E01025584,Wyre 001F,Anti-social behaviour,,
,2021-06,Lancashire Constabulary,Lancashire Constabulary,-3.009276,53.926080,On or near Pharos Grove,E01025584,Wyre 001F,Anti-social behaviour,,
,2021-06,Lancashire Constabulary,Lancashire Constabulary,-3.010592,53.926977,On or near Bold Street,E01025584,Wyre 001F,Anti-social behaviour,,
,2021-06,Lancashire Constabulary,Lancashire Constabulary,-3.014571,53.925892,On or near Mount Road,E01025584,Wyre 001F,Anti-social behaviour,,
,2021-06,Lancashire Constabulary,Lancashire Constabulary,-3.012376,53.927079,On or near Balmoral Terrace,E01025584,Wyre 001F,Anti-social behaviour,,
,2021-06,Lancashire Constabulary,Lancashire Constabulary,-3.017125,53.926993,On or near Theatre/Concert Hall,E01025584,Wyre 001F,Anti-social behaviour,,
,2021-06,Lancashire Constabulary,Lancashire Constabulary,-3.010423,53.926295,On or near Pharos Street,E01025584,Wyre 001F,Anti-social behaviour,,
,2021-06,Lancashire Constabulary,Lancashire Constabulary,-3.010423,53.926295,On or near Pharos Street,E01025584,Wyre 001F,Anti-social behaviour,,
,2021-06,Lancashire Constabulary,Lancashire Constabulary,-3.007921,53.925498,On or near Kent Street,E01025584,Wyre 001F,Anti-social behaviour,,
,2021-06,Lancashire Constabulary,Lancashire Constabulary,-3.012376,53.927079,On or near Balmoral Terrace,E01025584,Wyre 001F,Anti-social behaviour,,
,2021-06,Lancashire Constabulary,Lancashire Constabulary,-3.010180,53.923816,On or near St Peter'S Place,E01025584,Wyre 001F,Anti-social behaviour,,
,2021-06,Lancashire Constabulary,Lancashire Constabulary,-3.007411,53.926419,On or near Pharos Place,E01025584,Wyre 001F,Anti-social behaviour,,
,2021-06,Lancashire Constabulary,Lancashire Constabulary,-3.009276,53.926080,On or near Pharos Grove,E01025584,Wyre 001F,Anti-social behaviour,,
,2021-06,Lancashire Constabulary,Lancashire Constabulary,-3.010592,53.926977,On or near Bold Street,E01025584,Wyre 001F,Anti-social behaviour,,
,2021-06,Lancashire Constabulary,Lancashire Constabulary,-3.008953,53.922802,On or near Church Street,E01025584,Wyre 001F,Anti-social behaviour,,
,2021-06,Lancashire Constabulary,Lancashire Constabulary,-3.010120,53.927610,On or near Police Station,E01025584,Wyre 001F,Anti-social behaviour,,
,2021-06,Lancashire Constabulary,Lancashire Constabulary,-3.011038,53.922775,On or near Lord Street,E01025584,Wyre 001F,Anti-social behaviour,,
,2021-06,Lancashire Constabulary,Lancashire Constabulary,-3.010259,53.921389,On or near Dock Street,E01025584,Wyre 001F,Anti-social behaviour,,
,2021-06,Lancashire Constabulary,Lancashire Constabulary,-3.011605,53.927301,On or near Windsor Terrace,E01025584,Wyre 001F,Anti-social behaviour,,
,2021-06,Lancashire Constabulary,Lancashire Constabulary,-3.012376,53.927079,On or near Balmoral Terrace,E01025584,Wyre 001F,Anti-social behaviour,,
,2021-06,Lancashire Constabulary,Lancashire Constabulary,-3.010120,53.927610,On or near Police Station,E01025584,Wyre 001F,Anti-social behaviour,,
,2021-06,Lancashire Constabulary,Lancashire Constabulary,-3.010423,53.926295,On or near Pharos Street,E01025584,Wyre 001F,Anti-social behaviour,,
,2021-06,Lancashire Constabulary,Lancashire Constabulary,-3.006520,53.924854,On or near Custom House Lane,E01025584,Wyre 001F,Anti-social behaviour,,
,2021-06,Lancashire Constabulary,Lancashire Constabulary,-3.011605,53.927301,On or near Windsor Terrace,E01025584,Wyre 001F,Anti-social behaviour,,
,2021-06,Lancashire Constabulary,Lancashire Constabulary,-3.010259,53.921389,On or near Dock Street,E01025584,Wyre 001F,Anti-social behaviour,,
4b243355c8fb2f40e8760f0e075e5158c1ae561b7a9946ac2a1c980b037b2d92,2021-06,Lancashire Constabulary,Lancashire Constabulary,-3.012376,53.927079,On or near Balmoral Terrace,E01025584,Wyre 001F,Burglary,Unable to prosecute suspect,
9cf473ae564065bac88c11b348de17da48daae013799f5d8558f81e55fd031c7,2021-06,Lancashire Constabulary,Lancashire Constabulary,-3.010592,53.926977,On or near Bold Street,E01025584,Wyre 001F,Burglary,Investigation complete; no suspect identified,
36631971f388879741c46fdd50dd168578e84404a63a0093cdfe761ba2f1bd16,2021-06,Lancashire Constabulary,Lancashire Constabulary,-3.009276,53.926080,On or near Pharos Grove,E01025584,Wyre 001F,Burglary,Status update unavailable,
d2b77498c960e91a751d910c9ed99be75c25462653f4f95a913789036408a128,2021-06,Lancashire Constabulary,Lancashire Constabulary,-3.009374,53.925126,On or near Cross Street,E01025584,Wyre 001F,Burglary,Investigation complete; no suspect identified,
3b956301b53b63d8e14c5c65b8360baa3de086d2284e530257d02b9442b9a893,2021-06,Lancashire Constabulary,Lancashire Constabulary,-3.010423,53.926295,On or near Pharos Street,E01025584,Wyre 001F,Burglary,Investigation complete; no suspect identified,
b0466257cfacd0db8f9fef63c54c558e94b625ed89275003de1d18e25474623c,2021-06,Lancashire Constabulary,Lancashire Constabulary,-3.009374,53.925126,On or near Cross Street,E01025584,Wyre 001F,Burglary,Investigation complete; no suspect identified,
c0cf85b3bb9b46be8f3ed3b3545dc7076c39d5870cd62b8806c213e376b00263,2021-06,Lancashire Constabulary,Lancashire Constabulary,-3.009374,53.925126,On or near Cross Street,E01025584,Wyre 001F,Criminal damage and arson,Unable to prosecute suspect,
447ead3ac1dc472dc079ad04a707905c2de018e3749c47ab32c727d6505c8213,2021-06,Lancashire Constabulary,Lancashire Constabulary,-3.010423,53.926295,On or near Pharos Street,E01025584,Wyre 001F,Criminal damage and arson,Investigation complete; no suspect identified,
acb41289ed9cec54e17878846c8590c569acc3be216621c607f6cacd5b9adb92,2021-06,Lancashire Constabulary,Lancashire Constabulary,-3.006520,53.924854,On or near Custom House Lane,E01025584,Wyre 001F,Criminal damage and arson,Status update unavailable,
9ff35432bdfcc65e57397e40559f542616729b2eb739a1b7efc0af10d270f55d,2021-06,Lancashire Constabulary,Lancashire Constabulary,-3.012376,53.927079,On or near Balmoral Terrace,E01025584,Wyre 001F,Criminal damage and arson,Unable to prosecute suspect,
bf0dada8a20cf1d5ff6d899351a124b628705353b86dc9c2a4cb39dc9193b75b,2021-06,Lancashire Constabulary,Lancashire Constabulary,-3.010120,53.927610,On or near Police Station,E01025584,Wyre 001F,Criminal damage and arson,Further investigation is not in the public interest,
acb5874b88aca0de64901490ab2f450685c95c068dfb7ca5ec6c7d7279ff7985,2021-06,Lancashire Constabulary,Lancashire Constabulary,-3.007029,53.923852,On or near Shopping Area,E01025584,Wyre 001F,Criminal damage and arson,Unable to prosecute suspect,
9dc0a8146df7c253c1d6ecf7419d3a56b69e724d9aa2f22b92911b5e1f7f1664,2021-06,Lancashire Constabulary,Lancashire Constabulary,-3.014571,53.925892,On or near Mount Road,E01025584,Wyre 001F,Drugs,Status update unavailable,
14945aabef84abfbc762da5fea9798152f648484c2faf9ec6ba61ad68dde4ed9,2021-06,Lancashire Constabulary,Lancashire Constabulary,-3.006521,53.922975,On or near Dock Street,E01025584,Wyre 001F,Drugs,Status update unavailable,
5bfa25832a68c685c9900ca0c59f088dc61f6eeb61524039ab74836a30e1f0fb,2021-06,Lancashire Constabulary,Lancashire Constabulary,-3.008953,53.922802,On or near Church Street,E01025584,Wyre 001F,Other theft,Unable to prosecute suspect,
809ecd6937882d4d04d4e6aea585344f4101923663db9d5be1df04e12d8259fe,2021-06,Lancashire Constabulary,Lancashire Constabulary,-3.010592,53.926977,On or near Bold Street,E01025584,Wyre 001F,Other theft,Unable to prosecute suspect,
38b9fe237d7bf08a337243096ccbd445ef5b5f27e11a8d85ffc20484fd5b1269,2021-06,Lancashire Constabulary,Lancashire Constabulary,-3.007990,53.927088,On or near Upper Lune Street,E01025584,Wyre 001F,Other theft,Unable to prosecute suspect,
b3436c33a9fc9074a0da57ef135a5efb36955049c59ed0992ea3ee7279d5725c,2021-06,Lancashire Constabulary,Lancashire Constabulary,-3.007990,53.927088,On or near Upper Lune Street,E01025584,Wyre 001F,Public order,Investigation complete; no suspect identified,
724f7ccbfb0f81ed4c7e819baa29fbfc5617d6036a811fab45d2f2f005769c05,2021-06,Lancashire Constabulary,Lancashire Constabulary,-3.007921,53.925498,On or near Kent Street,E01025584,Wyre 001F,Public order,Unable to prosecute suspect,
a90e8460ad4b65e9fb28fffa76fff631dc999babb3e11c6b1b8040405946cf07,2021-06,Lancashire Constabulary,Lancashire Constabulary,-3.011038,53.922775,On or near Lord Street,E01025584,Wyre 001F,Shoplifting,Unable to prosecute suspect,
66251ab04232e02cc56ec0a03725d925490a86933434d711441d2899b0b30ff4,2021-06,Lancashire Constabulary,Lancashire Constabulary,-3.010423,53.926295,On or near Pharos Street,E01025584,Wyre 001F,Violence and sexual offences,Investigation complete; no suspect identified,
33039ec8ddd4cad974a2530bef1c6ec352c9aaa80ce633fbbd4a04f53ba045dc,2021-06,Lancashire Constabulary,Lancashire Constabulary,-3.011605,53.927301,On or near Windsor Terrace,E01025584,Wyre 001F,Violence and sexual offences,Unable to prosecute suspect,
44149dd2e24ffbd1736eb4e806e6a1bf612d1feddc418ae5c9b70819068ae385,2021-06,Lancashire Constabulary,Lancashire Constabulary,-3.012376,53.927079,On or near Balmoral Terrace,E01025584,Wyre 001F,Violence and sexual offences,Further investigation is not in the public interest,
9534383c7b1c30f5637176d4919b8dea605a5515d1b2cf3dd035f35b5e168d59,2021-06,Lancashire Constabulary,Lancashire Constabulary,-3.010259,53.921389,On or near Dock Street,E01025584,Wyre 001F,Violence and sexual offences,Unable to prosecute suspect,
afa6fd0cd5f8492b99a47afd067226545624a81326deff227d1716cec4d9ae8a,2021-06,Lancashire Constabulary,Lancashire Constabulary,-3.012869,53.921637,On or near Corn Mill Lane,E01025584,Wyre 001F,Violence and sexual offences,Court result unavailable,
54fce70c105e17c6ffa7b01dc458e7ee890febe131662cf208ec7c67f24daa69,2021-06,Lancashire Constabulary,Lancashire Constabulary,-3.007990,53.927088,On or near Upper Lune Street,E01025584,Wyre 001F,Violence and sexual offences,Unable to prosecute suspect,
494fa1599df82fd604f61d05d3c04e49cc5d8c4e667b55013326581dffcb2d6d,2021-06,Lancashire Constabulary,Lancashire Constabulary,-3.010423,53.926295,On or near Pharos Street,E01025584,Wyre 001F,Violence and sexual offences,Unable to prosecute suspect,
eea2503614924d670b1f25af1ef41abd98bb8f104b911d1a2cfa67376520dc89,2021-06,Lancashire Constabulary,Lancashire Constabulary,-3.009374,53.925126,On or near Cross Street,E01025584,Wyre 001F,Violence and sexual offences,Investigation complete; no suspect identified,
6b2d8e4e4ecb4aa05cd1f336b8db294075f209ac765c719e4b71bd1bc5886163,2021-06,Lancashire Constabulary,Lancashire Constabulary,-3.012376,53.927079,On or near Balmoral Terrace,E01025584,Wyre 001F,Violence and sexual offences,Unable to prosecute suspect,
eae14a79dcd1f5080eabb403be7e71ef824f3fad91cba00e782c9a0a796905b3,2021-06,Lancashire Constabulary,Lancashire Constabulary,-3.007292,53.925935,On or near Lower Lune Street,E01025584,Wyre 001F,Violence and sexual offences,Unable to prosecute suspect,
2370eb2c362a0f35a24b658f5bcd595ead9d24caa046010bd584bf2e8a8c42a8,2021-06,Lancashire Constabulary,Lancashire Constabulary,-3.009374,53.925126,On or near Cross Street,E01025584,Wyre 001F,Violence and sexual offences,Unable to prosecute suspect,
6ca56d19d8bc1963daf78191040d44e02c004c5809b87ce0a2e5483c955a9f93,2021-06,Lancashire Constabulary,Lancashire Constabulary,-3.007990,53.927088,On or near Upper Lune Street,E01025584,Wyre 001F,Violence and sexual offences,Court result unavailable,
1421db729939ff3ca1b5888a489961face80e4aa9ba979332878cad78c38eb0b,2021-06,Lancashire Constabulary,Lancashire Constabulary,-3.012376,53.927079,On or near Balmoral Terrace,E01025584,Wyre 001F,Violence and sexual offences,Unable to prosecute suspect,
d6cfb44ce93f3c3523ddfb80a0e93f6b299876aa9e6249198d5fa0c46277ebdd,2021-06,Lancashire Constabulary,Lancashire Constabulary,-3.008708,53.923999,On or near Adelaide Street,E01025584,Wyre 001F,Violence and sexual offences,Unable to prosecute suspect,
15935bd3d97fb0bbd981a8b5ba85c4bc341e8837a8c316180e1a10661c1f1a05,2021-06,Lancashire Constabulary,Lancashire Constabulary,-3.012376,53.927079,On or near Balmoral Terrace,E01025584,Wyre 001F,Violence and sexual offences,Unable to prosecute suspect,
8cffabb8cf1a350927ff276c4aacd60ada90da7643b1b321a57bbbc7016ab11b,2021-06,Lancashire Constabulary,Lancashire Constabulary,-3.012869,53.921637,On or near Corn Mill Lane,E01025584,Wyre 001F,Violence and sexual offences,Court result unavailable,
6d32a32e3c6a84cc9ee08c3867ef02c8074b7d020fc1a31beda54663ba766d22,2021-06,Lancashire Constabulary,Lancashire Constabulary,-3.009374,53.925126,On or near Cross Street,E01025584,Wyre 001F,Violence and sexual offences,Status update unavailable,
cf0d6b9aabaae6ea2fe154afc3477c2c85f5927b9f347f9b8c9f13265bc99eb0,2021-06,Lancashire Constabulary,Lancashire Constabulary,-3.010259,53.921389,On or near Dock Street,E01025584,Wyre 001F,Violence and sexual offences,Unable to prosecute suspect,
3a829496d4b858527f42b882d08db8bb99b4fc5adec175f93277a5150771dc6e,2021-06,Lancashire Constabulary,Lancashire Constabulary,-3.010259,53.921389,On or near Dock Street,E01025584,Wyre 001F,Violence and sexual offences,Unable to prosecute suspect,
4d23fd1e1d971d0279438aa2431c6419e03fb87736f72eb5861aff37ad060c98,2021-06,Lancashire Constabulary,Lancashire Constabulary,-3.012376,53.927079,On or near Balmoral Terrace,E01025584,Wyre 001F,Violence and sexual offences,Unable to prosecute suspect,
819931f3f2cd0f65f4e3936c64947a42546f2e155a1de6bad2bd87f93eefcf14,2021-06,Lancashire Constabulary,Lancashire Constabulary,-3.007990,53.927088,On or near Upper Lune Street,E01025584,Wyre 001F,Violence and sexual offences,Status update unavailable,
,2021-06,Lancashire Constabulary,Lancashire Constabulary,-3.040263,53.918598,On or near The Ridgeway,E01025605,Wyre 002A,Anti-social behaviour,,
,2021-06,Lancashire Constabulary,Lancashire Constabulary,-3.039506,53.916330,On or near Lothian Avenue,E01025605,Wyre 002A,Anti-social behaviour,,
,2021-06,Lancashire Constabulary,Lancashire Constabulary,-3.039506,53.916330,On or near Lothian Avenue,E01025605,Wyre 002A,Anti-social behaviour,,
9729231109348bd298693e67a7474d3dc49674c6a360883eefc3cf9b75087fec,2021-06,Lancashire Constabulary,Lancashire Constabulary,-3.040949,53.920444,On or near Princes Way,E01025605,Wyre 002A,Other theft,Unable to prosecute suspect,
52508ce4ede15f9a7738dba8148f7c0ad562387ade58991ec2ed402dba96f270,2021-06,Lancashire Constabulary,Lancashire Constabulary,-3.036421,53.920842,On or near Beach Road,E01025605,Wyre 002A,Other crime,Formal action is not in the public interest,
,2021-06,Lancashire Constabulary,Lancashire Constabulary,-3.029623,53.922420,On or near Arden Green,E01025606,Wyre 002B,Anti-social behaviour,,
,2021-06,Lancashire Constabulary,Lancashire Constabulary,-3.034879,53.923130,On or near Avon Green,E01025606,Wyre 002B,Anti-social behaviour,,
,2021-06,Lancashire Constabulary,Lancashire Constabulary,-3.034879,53.923130,On or near Avon Green,E01025606,Wyre 002B,Anti-social behaviour,,
,2021-06,Lancashire Constabulary,Lancashire Constabulary,-3.029623,53.922420,On or near Arden Green,E01025606,Wyre 002B,Anti-social behaviour,,
,2021-06,Lancashire Constabulary,Lancashire Constabulary,-3.028723,53.923623,On or near Hamlet Road,E01025606,Wyre 002B,Anti-social behaviour,,
,2021-06,Lancashire Constabulary,Lancashire Constabulary,-3.035826,53.922052,On or near Hathaway Road,E01025606,Wyre 002B,Anti-social behaviour,,
,2021-06,Lancashire Constabulary,Lancashire Constabulary,-3.032484,53.922359,On or near Birnam Green,E01025606,Wyre 002B,Anti-social behaviour,,
,2021-06,Lancashire Constabulary,Lancashire Constabulary,-3.034879,53.923130,On or near Avon Green,E01025606,Wyre 002B,Anti-social behaviour,,
be9afd4c1dd4ca2a61b2c948de2a38d8ed4c2152a5ded503951ecf775275a30b,2021-06,Lancashire Constabulary,Lancashire Constabulary,-3.035826,53.922052,On or near Hathaway Road,E01025606,Wyre 002B,Criminal damage and arson,Investigation complete; no suspect identified,
abf1a5465ff42e05eb49ead324e81aeca2a81f43f7c2fb7371f83e461e76c345,2021-06,Lancashire Constabulary,Lancashire Constabulary,-3.032484,53.922359,On or near Birnam Green,E01025606,Wyre 002B,Criminal damage and arson,Further investigation is not in the public interest,
1bcb932193ed8c947b7be27865ae755f08988dac8379c166c9b2cef288fec4e2,2021-06,Lancashire Constabulary,Lancashire Constabulary,-3.034828,53.921719,On or near Stratford Place,E01025606,Wyre 002B,Other theft,Offender given a caution,
efa6ad8531e0813d3298690958a1c59c63d24ceef778af3d780ae8fd4e5612fe,2021-06,Lancashire Constabulary,Lancashire Constabulary,-3.033709,53.922627,On or near Silvia Way,E01025606,Wyre 002B,Public order,Further investigation is not in the public interest,
fcd0ff3665306d92fe7c0bd0e6ec4a2d3d3f6452f71a25eef5e6a3a29a779d2c,2021-06,Lancashire Constabulary,Lancashire Constabulary,-3.034879,53.923130,On or near Avon Green,E01025606,Wyre 002B,Violence and sexual offences,Unable to prosecute suspect,
4364ab8599964e721d0b9bdbe7f620f3f5f20677e2eb909bb9941edfcc7bb0a4,2021-06,Lancashire Constabulary,Lancashire Constabulary,-3.032301,53.924212,On or near Laidley'S Walk,E01025606,Wyre 002B,Violence and sexual offences,Unable to prosecute suspect,
9dc40cee6db7eb02fc809f47ceec947f0aa13944075871268302544e68a1c4f1,2021-06,Lancashire Constabulary,Lancashire Constabulary,-3.032484,53.922359,On or near Birnam Green,E01025606,Wyre 002B,Violence and sexual offences,Unable to prosecute suspect,
a0cd12af74cb814f3c1ebe1524de008bad81f6c4422191d0a94b77dc89ed7045,2021-06,Lancashire Constabulary,Lancashire Constabulary,-3.032925,53.922329,On or near Mowbray Road,E01025606,Wyre 002B,Violence and sexual offences,Unable to prosecute suspect,
3da26729160e85297ad2ecef423566c82765d09657f7e44fe237b7231d7307e8,2021-06,Lancashire Constabulary,Lancashire Constabulary,-3.034828,53.921719,On or near Stratford Place,E01025606,Wyre 002B,Violence and sexual offences,Unable to prosecute suspect,
38920f1635d5fb1e5c7e4e44d82c406af312f43c2f174c237841554d08073636,2021-06,Lancashire Constabulary,Lancashire Constabulary,-3.034879,53.923130,On or near Avon Green,E01025606,Wyre 002B,Violence and sexual offences,Unable to prosecute suspect,
d636083a15a74889ecc983ea8936cfd398c0c05f4d4939095f5978111679e6ff,2021-06,Lancashire Constabulary,Lancashire Constabulary,-3.034828,53.921719,On or near Stratford Place,E01025606,Wyre 002B,Violence and sexual offences,Unable to prosecute suspect,
618d490c91f967bf9f4cbccbfa6ec2ff3feea873d25d21cbdf8c0f3e30395b1d,2021-06,Lancashire Constabulary,Lancashire Constabulary,-3.032484,53.922359,On or near Birnam Green,E01025606,Wyre 002B,Violence and sexual offences,Unable to prosecute suspect,
b4aacb9ba071b0a67c8694064dcec0876e7136be619ba2375157be0051849766,2021-06,Lancashire Constabulary,Lancashire Constabulary,-3.033709,53.922627,On or near Silvia Way,E01025606,Wyre 002B,Violence and sexual offences,Unable to prosecute suspect,
,2021-06,Lancashire Constabulary,Lancashire Constabulary,-3.023626,53.923801,On or near Galloway Road,E01025607,Wyre 002C,Anti-social behaviour,,
,2021-06,Lancashire Constabulary,Lancashire Constabulary,-3.026421,53.922240,On or near Dronsfield Road,E01025607,Wyre 002C,Anti-social behaviour,,
,2021-06,Lancashire Constabulary,Lancashire Constabulary,-3.023626,53.923801,On or near Galloway Road,E01025607,Wyre 002C,Anti-social behaviour,,
968499fc4c5c33225796e62f22e339f88a93f217fec2c361cb0b097758ee1528,2021-06,Lancashire Constabulary,Lancashire Constabulary,-3.028224,53.923744,On or near Elsinore Close,E01025607,Wyre 002C,Other theft,Court result unavailable,
6bdf5f27f17bc22795941b017f7201b54b5f385b9e3894a6cc3378d9be8d33af,2021-06,Lancashire Constabulary,Lancashire Constabulary,-3.026421,53.922240,On or near Dronsfield Road,E01025607,Wyre 002C,Violence and sexual offences,Investigation complete; no suspect identified,
2fd2d8c21648050dd99d2d2c1bca7195e2d1e47d44dc8cf4538c453f2f339949,2021-06,Lancashire Constabulary,Lancashire Constabulary,-3.032426,53.918755,On or near Poulton Road,E01025608,Wyre 002D,Shoplifting,Unable to prosecute suspect,
e5155e03bad7d3e15a87e1d6e0f79662a8ace0e85718c32a02359297c17182d0,2021-06,Lancashire Constabulary,Lancashire Constabulary,-3.032426,53.918755,On or near Poulton Road,E01025608,Wyre 002D,Violence and sexual offences,Unable to prosecute suspect,
,2021-06,Lancashire Constabulary,Lancashire Constabulary,-3.042223,53.913521,On or near Eden Avenue,E01025590,Wyre 003A,Anti-social behaviour,,
,2021-06,Lancashire Constabulary,Lancashire Constabulary,-3.037466,53.914461,On or near Esk Avenue,E01025590,Wyre 003A,Anti-social behaviour,,
,2021-06,Lancashire Constabulary,Lancashire Constabulary,-3.040359,53.913276,On or near Rothay Avenue,E01025590,Wyre 003A,Anti-social behaviour,,
,2021-06,Lancashire Constabulary,Lancashire Constabulary,-3.038781,53.915321,On or near Grange Road,E01025590,Wyre 003A,Anti-social behaviour,,
,2021-06,Lancashire Constabulary,Lancashire Constabulary,-3.037844,53.911914,On or near Birkbeck Place,E01025590,Wyre 003A,Anti-social behaviour,,
,2021-06,Lancashire Constabulary,Lancashire Constabulary,-3.040395,53.911038,On or near Duddon Avenue,E01025590,Wyre 003A,Anti-social behaviour,,
,2021-06,Lancashire Constabulary,Lancashire Constabulary,-3.036321,53.912520,On or near The Croft,E01025590,Wyre 003A,Anti-social behaviour,,
,2021-06,Lancashire Constabulary,Lancashire Constabulary,-3.038315,53.912476,On or near Troutbeck Avenue,E01025590,Wyre 003A,Anti-social behaviour,,
,2021-06,Lancashire Constabulary,Lancashire Constabulary,-3.037844,53.911914,On or near Birkbeck Place,E01025590,Wyre 003A,Anti-social behaviour,,
,2021-06,Lancashire Constabulary,Lancashire Constabulary,-3.041913,53.913928,On or near Brathay Place,E01025590,Wyre 003A,Anti-social behaviour,,
,2021-06,Lancashire Constabulary,Lancashire Constabulary,-3.040359,53.913276,On or near Rothay Avenue,E01025590,Wyre 003A,Anti-social behaviour,,
,2021-06,Lancashire Constabulary,Lancashire Constabulary,-3.040359,53.913276,On or near Rothay Avenue,E01025590,Wyre 003A,Anti-social behaviour,,
,2021-06,Lancashire Constabulary,Lancashire Constabulary,-3.036321,53.912520,On or near The Croft,E01025590,Wyre 003A,Anti-social behaviour,,
,2021-06,Lancashire Constabulary,Lancashire Constabulary,-3.040359,53.913276,On or near Rothay Avenue,E01025590,Wyre 003A,Anti-social behaviour,,
,2021-06,Lancashire Constabulary,Lancashire Constabulary,-3.036321,53.912520,On or near The Croft,E01025590,Wyre 003A,Anti-social behaviour,,
23b9af8cd869b3fe942c062a3515d48c5c2b39ae913684ff17a934a9c0d40494,2021-06,Lancashire Constabulary,Lancashire Constabulary,-3.039447,53.912089,On or near Staveley Grove,E01025590,Wyre 003A,Criminal damage and arson,Investigation complete; no suspect identified,
b12fcd817ce5609ff641317cfd5ac9d62bc441b62f30b53fe8370081fb1331d0,2021-06,Lancashire Constabulary,Lancashire Constabulary,-3.039447,53.912089,On or near Staveley Grove,E01025590,Wyre 003A,Criminal damage and arson,Status update unavailable,
f05a948c8d92e73b132d5e86f9205a1414d5be08c194e8a59239878da56c0666,2021-06,Lancashire Constabulary,Lancashire Constabulary,-3.039447,53.912089,On or near Staveley Grove,E01025590,Wyre 003A,Criminal damage and arson,Investigation complete; no suspect identified,
693adb12664eab3c8f9d6431791d1b5c4f62685000f3f1955f394861d1cfcc00,2021-06,Lancashire Constabulary,Lancashire Constabulary,-3.040359,53.913276,On or near Rothay Avenue,E01025590,Wyre 003A,Criminal damage and arson,Investigation complete; no suspect identified,
096707f2b0009d1af1ed18507d2d1968fec9e7d1b3755547d176768732a3adce,2021-06,Lancashire Constabulary,Lancashire Constabulary,-3.037466,53.914461,On or near Esk Avenue,E01025590,Wyre 003A,Drugs,Local resolution,
45eb6e50ec4d95140537e0481be734cd93ae5221421c1eae7d7da8df097d3808,2021-06,Lancashire Constabulary,Lancashire Constabulary,-3.039447,53.912089,On or near Staveley Grove,E01025590,Wyre 003A,Other theft,Unable to prosecute suspect,
c73735778823d80df89b83eb77654d577ce87e3264b0bc3aabac3fad25baf102,2021-06,Lancashire Constabulary,Lancashire Constabulary,-3.041108,53.915229,On or near Douglas Place,E01025590,Wyre 003A,Possession of weapons,Unable to prosecute suspect,
c45665e32983a2e6284646579b31b8276c65c62546074731f9edb03a63b5edb5,2021-06,Lancashire Constabulary,Lancashire Constabulary,-3.036321,53.912520,On or near The Croft,E01025590,Wyre 003A,Possession of weapons,Unable to prosecute suspect,
52e5340e0b7ee3ac9fe03f26074b06b7026b64337f8b79bbddf6d4966936d205,2021-06,Lancashire Constabulary,Lancashire Constabulary,-3.041913,53.913928,On or near Brathay Place,E01025590,Wyre 003A,Public order,Offender given penalty notice,
560c1056920cb29efba35fa49a8d2800edf21e611c612797038e7f0c21c9aa2a,2021-06,Lancashire Constabulary,Lancashire Constabulary,-3.039447,53.912089,On or near Staveley Grove,E01025590,Wyre 003A,Public order,Further investigation is not in the public interest,
7ce6f53df3caeeb5e23809c086f73a433aa1b8a34133db5d00691f3d4ca92318,2021-06,Lancashire Constabulary,Lancashire Constabulary,-3.040395,53.911038,On or near Duddon Avenue,E01025590,Wyre 003A,Public order,Further investigation is not in the public interest,
d9a401b4e924b78437a4c6f87dc864aa2e42ed88c262ad428dee16e42da5c9fd,2021-06,Lancashire Constabulary,Lancashire Constabulary,-3.038781,53.915321,On or near Grange Road,E01025590,Wyre 003A,Public order,Unable to prosecute suspect,
225d1b0cd681b914a2aa418252e30e41680d579b0ca1586928939fc80c34f0c3,2021-06,Lancashire Constabulary,Lancashire Constabulary,-3.038315,53.912476,On or near Troutbeck Avenue,E01025590,Wyre 003A,Public order,Status update unavailable,
83ffec8486082a6fea74e01167985ce1f953778ab3aafe525e211686448fb244,2021-06,Lancashire Constabulary,Lancashire Constabulary,-3.042223,53.913521,On or near Eden Avenue,E01025590,Wyre 003A,Violence and sexual offences,Unable to prosecute suspect,
674ea2521b18e677c65d3bd67a4b3f99e25e1ec75620d57f31c60979e6f95fc5,2021-06,Lancashire Constabulary,Lancashire Constabulary,-3.036015,53.911840,On or near Toronto Avenue,E01025590,Wyre 003A,Violence and sexual offences,Investigation complete; no suspect identified,
c3858fdf442cdd3d4650ff1f391ccbfe64b89dcfa4028881cb6e56b92c52d4e0,2021-06,Lancashire Constabulary,Lancashire Constabulary,-3.036321,53.912520,On or near The Croft,E01025590,Wyre 003A,Violence and sexual offences,Unable to prosecute suspect,
ae8d4c82322e65ce22e3e15113a487f175183f642583df1b3aeb5b4f875dea49,2021-06,Lancashire Constabulary,Lancashire Constabulary,-3.037844,53.911914,On or near Birkbeck Place,E01025590,Wyre 003A,Violence and sexual offences,Further investigation is not in the public interest,
46f2e1af71569f6cb01341344189b68e4b32b5a82ec98da0d614425ff3fc26e5,2021-06,Lancashire Constabulary,Lancashire Constabulary,-3.038739,53.913641,On or near Derwent Avenue,E01025590,Wyre 003A,Violence and sexual offences,Unable to prosecute suspect,
2b9a8fecd925d36054ffaeca9260393a89313fd3fa497d035ff26b36634a9e0e,2021-06,Lancashire Constabulary,Lancashire Constabulary,-3.039447,53.912089,On or near Staveley Grove,E01025590,Wyre 003A,Violence and sexual offences,Status update unavailable,
bf00d6ecb850bab0e07d7778812ece579bf3d6de5a47fbe26af0d274581391eb,2021-06,Lancashire Constabulary,Lancashire Constabulary,-3.039901,53.915060,On or near Kentmere Close,E01025590,Wyre 003A,Violence and sexual offences,Unable to prosecute suspect,
87f15b0501815846175c61ed617bd540df415bc3c0ab26d6afc19588fde8a980,2021-06,Lancashire Constabulary,Lancashire Constabulary,-3.038315,53.912476,On or near Troutbeck Avenue,E01025590,Wyre 003A,Violence and sexual offences,Unable to prosecute suspect,
b9f438eda5fa11df3f4833bc8b45705c585c8e860a0d3621b06e914adc4dcbcd,2021-06,Lancashire Constabulary,Lancashire Constabulary,-3.038781,53.915321,On or near Grange Road,E01025590,Wyre 003A,Other crime,Further investigation is not in the public interest,
,2021-06,Lancashire Constabulary,Lancashire Constabulary,-3.043534,53.908089,On or near Parking Area,E01025591,Wyre 003B,Anti-social behaviour,,
,2021-06,Lancashire Constabulary,Lancashire Constabulary,-3.042723,53.907341,On or near Larkholme Parade,E01025591,Wyre 003B,Anti-social behaviour,,
,2021-06,Lancashire Constabulary,Lancashire Constabulary,-3.048888,53.911593,On or near Arndale Close,E01025591,Wyre 003B,Anti-social behaviour,,
,2021-06,Lancashire Constabulary,Lancashire Constabulary,-3.041499,53.907091,On or near Lark Court,E01025591,Wyre 003B,Anti-social behaviour,,
,2021-06,Lancashire Constabulary,Lancashire Constabulary,-3.044819,53.907755,On or near Ennerdale Avenue,E01025591,Wyre 003B,Anti-social behaviour,,
,2021-06,Lancashire Constabulary,Lancashire Constabulary,-3.045522,53.909088,On or near Fern Court,E01025591,Wyre 003B,Anti-social behaviour,,
18dc639f390ac4b99045e64b3fbb946f09d002876f4c5384b04b0f5157bdbc4b,2021-06,Lancashire Constabulary,Lancashire Constabulary,-3.045341,53.910366,On or near Buttermere Avenue,E01025591,Wyre 003B,Criminal damage and arson,Investigation complete; no suspect identified,
2298f5443a973e7d0df7f3bdfb8ac18fdb24227c1a2411e19e4eb5e13a25fba5,2021-06,Lancashire Constabulary,Lancashire Constabulary,-3.047795,53.911701,On or near Greendale Close,E01025591,Wyre 003B,Other theft,Unable to prosecute suspect,
c6189dabacc574139eb47aa32879f13529db281056aa3120aa346087cbcb96da,2021-06,Lancashire Constabulary,Lancashire Constabulary,-3.045341,53.910366,On or near Buttermere Avenue,E01025591,Wyre 003B,Vehicle crime,Investigation complete; no suspect identified,
8afa036353e68afead953b35a369508d4e1d86934be98f314831669455b06028,2021-06,Lancashire Constabulary,Lancashire Constabulary,-3.039190,53.909098,On or near Furness Avenue,E01025591,Wyre 003B,Violence and sexual offences,Action to be taken by another organisation,
b649e578362dd29648902938c6803e176b61e0e20b6ec79ade71f4cbb3dc1dd9,2021-06,Lancashire Constabulary,Lancashire Constabulary,-3.048252,53.906242,On or near Bentham Avenue,E01025591,Wyre 003B,Violence and sexual offences,Unable to prosecute suspect,
0858acb7c0644b4442a9518869d5d1193a9e05c6ea34d86353296465ccb05ef9,2021-06,Lancashire Constabulary,Lancashire Constabulary,-3.048698,53.908260,On or near Tatham Court,E01025591,Wyre 003B,Violence and sexual offences,Unable to prosecute suspect,
0ea23c23d9e32e9c40553e48d7d9a377cd0ce4dca63184d02cab8bae3477a7f9,2021-06,Lancashire Constabulary,Lancashire Constabulary,-3.039190,53.909098,On or near Furness Avenue,E01025591,Wyre 003B,Violence and sexual offences,Unable to prosecute suspect,
6b2cb7f1f81bdcb3c1350338dcb8d85059c62b8793e971264067cbe6cbb79d29,2021-06,Lancashire Constabulary,Lancashire Constabulary,-3.039190,53.909098,On or near Furness Avenue,E01025591,Wyre 003B,Violence and sexual offences,Unable to prosecute suspect,
e51e2188ecb350605bcf201c8996b2c73f23b7233711dd6e9990a8d2cd6f97a7,2021-06,Lancashire Constabulary,Lancashire Constabulary,-3.041979,53.908022,On or near Mere Avenue,E01025591,Wyre 003B,Violence and sexual offences,Unable to prosecute suspect,
d4b5ba42a387ec6aa1f547d55d7ab58758c1a4769c88d5f430ec1ce3e84157ab,2021-06,Lancashire Constabulary,Lancashire Constabulary,-3.048698,53.908260,On or near Tatham Court,E01025591,Wyre 003B,Violence and sexual offences,Unable to prosecute suspect,
,2021-06,Lancashire Constabulary,Lancashire Constabulary,-3.045405,53.914149,On or near Crake Avenue,E01025592,Wyre 003C,Anti-social behaviour,,
,2021-06,Lancashire Constabulary,Lancashire Constabulary,-3.043603,53.912088,On or near Goldbourne Close,E01025592,Wyre 003C,Anti-social behaviour,,
,2021-06,Lancashire Constabulary,Lancashire Constabulary,-3.043603,53.912088,On or near Goldbourne Close,E01025592,Wyre 003C,Anti-social behaviour,,
,2021-06,Lancashire Constabulary,Lancashire Constabulary,-3.043603,53.912088,On or near Goldbourne Close,E01025592,Wyre 003C,Anti-social behaviour,,
,2021-06,Lancashire Constabulary,Lancashire Constabulary,-3.044331,53.911372,On or near Hodder Close,E01025592,Wyre 003C,Anti-social behaviour,,
,2021-06,Lancashire Constabulary,Lancashire Constabulary,-3.044331,53.911372,On or near Hodder Close,E01025592,Wyre 003C,Anti-social behaviour,,
,2021-06,Lancashire Constabulary,Lancashire Constabulary,-3.044331,53.911372,On or near Hodder Close,E01025592,Wyre 003C,Anti-social behaviour,,
,2021-06,Lancashire Constabulary,Lancashire Constabulary,-3.043732,53.910568,On or near Allen Way,E01025592,Wyre 003C,Anti-social behaviour,,
e47ef3ce0246a63be42cac322952c0795c3eedca4e1a64248cf58f50006c7651,2021-06,Lancashire Constabulary,Lancashire Constabulary,-3.042685,53.912537,On or near Chatsworth Avenue,E01025592,Wyre 003C,Criminal damage and arson,Investigation complete; no suspect identified,
afd73bf107367ff6d55b0419d3cfdd37b48967de522fb12d769427b1d28c3b44,2021-06,Lancashire Constabulary,Lancashire Constabulary,-3.043732,53.910568,On or near Allen Way,E01025592,Wyre 003C,Criminal damage and arson,Investigation complete; no suspect identified,
f6ae07506cdc7b7efbf9dfbbf13d255ba777e2f81dc1b2fadbdb582134484d04,2021-06,Lancashire Constabulary,Lancashire Constabulary,-3.043603,53.912088,On or near Goldbourne Close,E01025592,Wyre 003C,Other theft,Status update unavailable,
7bbabf8a52d450ec7f7027464795c9054372ae47456ede5f293e9e07f9daba0c,2021-06,Lancashire Constabulary,Lancashire Constabulary,-3.044331,53.911372,On or near Hodder Close,E01025592,Wyre 003C,Public order,Unable to prosecute suspect,
1697db406cf7eccc5e40d6f0b52a7c02eaa8912dca3e3a2705e0b2581dc048d8,2021-06,Lancashire Constabulary,Lancashire Constabulary,-3.044331,53.911372,On or near Hodder Close,E01025592,Wyre 003C,Public order,Local resolution,
0813afd57253033768ef9ba389f09fcbdb597b120b5b1c01393a5ac0eb65bcb6,2021-06,Lancashire Constabulary,Lancashire Constabulary,-3.042685,53.912537,On or near Chatsworth Avenue,E01025592,Wyre 003C,Shoplifting,Court result unavailable,
243d9056764ebe4e02ad600728c34d751a562d93228a22439b38bb20f5968cd2,2021-06,Lancashire Constabulary,Lancashire Constabulary,-3.044331,53.911372,On or near Hodder Close,E01025592,Wyre 003C,Violence and sexual offences,Unable to prosecute suspect,
b562b5cc9e642ed27bc65dbe11eb2eee6aaeaa33cdbde1d3186fc3bcb5dcfe78,2021-06,Lancashire Constabulary,Lancashire Constabulary,-3.042219,53.911534,On or near Hodder Avenue,E01025592,Wyre 003C,Violence and sexual offences,Unable to prosecute suspect,
a6c17b2e3d2719a22f7881619a8ade36c3ff74c0b696c2cc9680f4a1613edb5f,2021-06,Lancashire Constabulary,Lancashire Constabulary,-3.044331,53.911372,On or near Hodder Close,E01025592,Wyre 003C,Violence and sexual offences,Unable to prosecute suspect,
8dac0d2d7b0e0ef125153ac9273ea3ba18fd99d024ad56a6af78e8339313d782,2021-06,Lancashire Constabulary,Lancashire Constabulary,-3.044331,53.911372,On or near Hodder Close,E01025592,Wyre 003C,Violence and sexual offences,Unable to prosecute suspect,
d6ec8a2a070c0a693754c57b102b9f33b3e77790eb8654a6a4fec849e5d13468,2021-06,Lancashire Constabulary,Lancashire Constabulary,-3.044331,53.911372,On or near Hodder Close,E01025592,Wyre 003C,Violence and sexual offences,Further investigation is not in the public interest,
25629fbc0af72a8adb5bbad751182d718a24bb1843fd48714e8725e2a52d0ce2,2021-06,Lancashire Constabulary,Lancashire Constabulary,-3.044331,53.911372,On or near Hodder Close,E01025592,Wyre 003C,Violence and sexual offences,Status update unavailable,
0bfa5c379f97a3672f484c6f4ac11ead31a19347c1d68258ed0e8bed972d5b43,2021-06,Lancashire Constabulary,Lancashire Constabulary,-3.043732,53.910568,On or near Allen Way,E01025592,Wyre 003C,Violence and sexual offences,Local resolution,
0c2dbfd93653b2a139ca808117ea378afd2c641ab6b6338ecb6e0a0c0d81c341,2021-06,Lancashire Constabulary,Lancashire Constabulary,-3.044331,53.911372,On or near Hodder Close,E01025592,Wyre 003C,Violence and sexual offences,Unable to prosecute suspect,
,2021-06,Lancashire Constabulary,Lancashire Constabulary,-3.042913,53.904571,On or near Medway Avenue,E01025593,Wyre 003D,Anti-social behaviour,,
,2021-06,Lancashire Constabulary,Lancashire Constabulary,-3.042563,53.903361,On or near The Strand,E01025593,Wyre 003D,Anti-social behaviour,,
,2021-06,Lancashire Constabulary,Lancashire Constabulary,-3.048559,53.907578,On or near Wraywood Court,E01025593,Wyre 003D,Anti-social behaviour,,
,2021-06,Lancashire Constabulary,Lancashire Constabulary,-3.047453,53.902887,On or near Hove Avenue,E01025593,Wyre 003D,Anti-social behaviour,,
,2021-06,Lancashire Constabulary,Lancashire Constabulary,-3.041839,53.898109,On or near Sports/Recreation Area,E01025593,Wyre 003D,Anti-social behaviour,,
,2021-06,Lancashire Constabulary,Lancashire Constabulary,-3.047387,53.901503,On or near Fishermans Way,E01025593,Wyre 003D,Anti-social behaviour,,
0a2940dc190f96874868b5f323886c14ad9a04926aa945a6915a462dedb4398a,2021-06,Lancashire Constabulary,Lancashire Constabulary,-3.047453,53.902887,On or near Hove Avenue,E01025593,Wyre 003D,Criminal damage and arson,Unable to prosecute suspect,
646aff41a9c9f18304cc6b50bb018cb23376b47f4e37e16487793db23361190b,2021-06,Lancashire Constabulary,Lancashire Constabulary,-3.043141,53.902709,On or near Holme Avenue,E01025593,Wyre 003D,Violence and sexual offences,Unable to prosecute suspect,
6ca7df36e8d98700c4224ea6f9fcb79cbc12368066f5481ff82f4da01c8e75fe,2021-06,Lancashire Constabulary,Lancashire Constabulary,-3.044532,53.904809,On or near Millom Close,E01025593,Wyre 003D,Violence and sexual offences,Unable to prosecute suspect,
,2021-06,Lancashire Constabulary,Lancashire Constabulary,-2.949981,53.886144,On or near Primrose Drive,E01025563,Wyre 004A,Anti-social behaviour,,
,2021-06,Lancashire Constabulary,Lancashire Constabulary,-2.942871,53.871720,On or near Mill Lane,E01025563,Wyre 004A,Anti-social behaviour,,
f74a771629b7f1a25847cac362cffcd1371b7bf25efe35bca6377968643a610b,2021-06,Lancashire Constabulary,Lancashire Constabulary,-2.962376,53.876023,On or near The Conifers,E01025563,Wyre 004A,Burglary,Investigation complete; no suspect identified,
a626b8d854f939e8a049fc09753a957ca5ab45be78e6660a77c77e3e68a2f63d,2021-06,Lancashire Constabulary,Lancashire Constabulary,-2.962376,53.876023,On or near The Conifers,E01025563,Wyre 004A,Criminal damage and arson,Investigation complete; no suspect identified,
5d84e44545ac66cc30a1fa427d03ea381a70b988bd2a9a12e4b9af3bd35dac9f,2021-06,Lancashire Constabulary,Lancashire Constabulary,-2.960770,53.872962,On or near Salt Marsh Close,E01025563,Wyre 004A,Criminal damage and arson,Status update unavailable,
2a7594e6d3987a5d48f318a91d98d6ea5aa0dc4707021e7b7c36b7ab2cf8b4e6,2021-06,Lancashire Constabulary,Lancashire Constabulary,-2.962376,53.876023,On or near The Conifers,E01025563,Wyre 004A,Criminal damage and arson,Investigation complete; no suspect identified,
53eb3a8ecee3c410fdf27024b43e60aae96a2779e3132200e246c9ef66499997,2021-06,Lancashire Constabulary,Lancashire Constabulary,-2.962376,53.876023,On or near The Conifers,E01025563,Wyre 004A,Criminal damage and arson,Investigation complete; no suspect identified,
f9424a747522f9d6846adf35eb8707fd44b0503637320e5ab4cabe9e53e08e67,2021-06,Lancashire Constabulary,Lancashire Constabulary,-2.960571,53.873575,On or near Pedder Lane,E01025563,Wyre 004A,Violence and sexual offences,Unable to prosecute suspect,
83f6073ffb5d9d3ee75ad212cc6d6a31808b8dd9decc62e6bf3c1fb071b1d04e,2021-06,Lancashire Constabulary,Lancashire Constabulary,-2.962376,53.876023,On or near The Conifers,E01025563,Wyre 004A,Violence and sexual offences,Unable to prosecute suspect,
,2021-06,Lancashire Constabulary,Lancashire Constabulary,-2.953941,53.877655,On or near Ingol Grove,E01025564,Wyre 004B,Anti-social behaviour,,
,2021-06,Lancashire Constabulary,Lancashire Constabulary,-2.951613,53.873584,On or near Sports/Recreation Area,E01025564,Wyre 004B,Anti-social behaviour,,
f90ca9d5daacdd4d58b32e225f05b6dd0c7377de782d78f558f73d3f2dd4e2fd,2021-06,Lancashire Constabulary,Lancashire Constabulary,-2.958246,53.875014,On or near Sherbourne Road,E01025564,Wyre 004B,Public order,Action to be taken by another organisation,
36e85c35d09c41bd056db9714cef89db8b85a42efd28a2810a544015fccbd6fe,2021-06,Lancashire Constabulary,Lancashire Constabulary,-2.955110,53.876872,On or near Carr Road,E01025564,Wyre 004B,Public order,Unable to prosecute suspect,
ceaa734c5833dd326e3732de5d708be97f5980a9823fea6b20f302d58c9a3c7d,2021-06,Lancashire Constabulary,Lancashire Constabulary,-2.953941,53.877655,On or near Ingol Grove,E01025564,Wyre 004B,Vehicle crime,Investigation complete; no suspect identified,
c735229d490da3aad56f587f0f750605808f712357f3c475dbc70fe4c64d8e43,2021-06,Lancashire Constabulary,Lancashire Constabulary,-2.958360,53.874006,On or near Petrol Station,E01025564,Wyre 004B,Violence and sexual offences,Investigation complete; no suspect identified,
,2021-06,Lancashire Constabulary,Lancashire Constabulary,-2.954004,53.902444,On or near Yew Tree Gardens,E01025565,Wyre 004C,Anti-social behaviour,,
,2021-06,Lancashire Constabulary,Lancashire Constabulary,-2.952546,53.899903,On or near Pennine Way,E01025565,Wyre 004C,Anti-social behaviour,,
,2021-06,Lancashire Constabulary,Lancashire Constabulary,-2.950683,53.898965,On or near Birch Grove,E01025565,Wyre 004C,Anti-social behaviour,,
,2021-06,Lancashire Constabulary,Lancashire Constabulary,-2.950103,53.896228,On or near Back Lane,E01025565,Wyre 004C,Anti-social behaviour,,
,2021-06,Lancashire Constabulary,Lancashire Constabulary,-2.957156,53.899866,On or near Sarahs Fold,E01025565,Wyre 004C,Anti-social behaviour,,
,2021-06,Lancashire Constabulary,Lancashire Constabulary,-2.957156,53.899866,On or near Sarahs Fold,E01025565,Wyre 004C,Anti-social behaviour,,
,2021-06,Lancashire Constabulary,Lancashire Constabulary,-2.953588,53.900227,On or near Hillside Drive,E01025565,Wyre 004C,Anti-social behaviour,,
19059ab99c81388db70077dd3d59c8ec19c41b3a292df1b9713818a6b43e328f,2021-06,Lancashire Constabulary,Lancashire Constabulary,-2.954428,53.902341,On or near Park Crescent,E01025565,Wyre 004C,Criminal damage and arson,Investigation complete; no suspect identified,
09c889c1551ae607a2b1f2d5b9166b6379ef991f4cc589c28b7bdd0a7d20bdf3,2021-06,Lancashire Constabulary,Lancashire Constabulary,-2.954491,53.899114,On or near Malvern Avenue,E01025565,Wyre 004C,Criminal damage and arson,Unable to prosecute suspect,
62a52bea49b6210beed882d41ccd2c201411e88e0490080f4bc53df331a4394a,2021-06,Lancashire Constabulary,Lancashire Constabulary,-2.958854,53.899574,On or near Smithy Close,E01025565,Wyre 004C,Other theft,Further investigation is not in the public interest,
ae9f271e75134ffb6c7909404fb880a6920e422773d2557bdd72af876ca470bb,2021-06,Lancashire Constabulary,Lancashire Constabulary,-2.950103,53.896228,On or near Back Lane,E01025565,Wyre 004C,Public order,Status update unavailable,
dd49756099eb610e06eb45a7a45cc286aecf2e771003773439913d260e03bb09,2021-06,Lancashire Constabulary,Lancashire Constabulary,-2.954004,53.902444,On or near Yew Tree Gardens,E01025565,Wyre 004C,Public order,Further investigation is not in the public interest,
11a5e44c7169d626783e77ac65b3ddb8d3aabc13ba88564ee3a4dab222ad61da,2021-06,Lancashire Constabulary,Lancashire Constabulary,-2.969023,53.883223,On or near Wardley'S Lane,E01025565,Wyre 004C,Vehicle crime,Status update unavailable,
5007e9f3071b5c399b1399073f34567c7f6d2c1291bca95814539d356980a9a2,2021-06,Lancashire Constabulary,Lancashire Constabulary,-2.954004,53.902444,On or near Yew Tree Gardens,E01025565,Wyre 004C,Violence and sexual offences,Unable to prosecute suspect,
,2021-06,Lancashire Constabulary,Lancashire Constabulary,-2.975687,53.926340,On or near Lancaster Road,E01025586,Wyre 004D,Anti-social behaviour,,
978e80d850e6d1df86821be440b3f0bef56fe0fe7a37aceed617d003764be17a,2021-06,Lancashire Constabulary,Lancashire Constabulary,-2.984599,53.928415,On or near Elterwater,E01025586,Wyre 004D,Violence and sexual offences,Action to be taken by another organisation,
,2021-06,Lancashire Constabulary,Lancashire Constabulary,-2.971577,53.928395,On or near Pinewood Avenue,E01025587,Wyre 004E,Anti-social behaviour,,
,2021-06,Lancashire Constabulary,Lancashire Constabulary,-2.971577,53.928395,On or near Pinewood Avenue,E01025587,Wyre 004E,Anti-social behaviour,,
,2021-06,Lancashire Constabulary,Lancashire Constabulary,-2.966420,53.922738,On or near Sandy Lane,E01025587,Wyre 004E,Anti-social behaviour,,
6a1f094125722bc50b9aba5a9c8f439fb0eb9737d98e678e1d1569189643ad52,2021-06,Lancashire Constabulary,Lancashire Constabulary,-2.968991,53.929180,On or near Rosslyn Avenue,E01025587,Wyre 004E,Other theft,Unable to prosecute suspect,
9aa4544ffb9aa52f39c31babb54ee642bf8bb7c5f021f20f942a1ec3efb4d082,2021-06,Lancashire Constabulary,Lancashire Constabulary,-2.967041,53.923219,On or near The Lindens,E01025587,Wyre 004E,Public order,Unable to prosecute suspect,
7968be7a34a913a5785bc32e71ac6ffa183b43f3f0e7eb13ae4783483c7db708,2021-06,Lancashire Constabulary,Lancashire Constabulary,-2.971577,53.928395,On or near Pinewood Avenue,E01025587,Wyre 004E,Violence and sexual offences,Unable to prosecute suspect,
99789a7f575d3d700680631b7e3d622a2a492553e424f7ead86d1e748b01a8de,2021-06,Lancashire Constabulary,Lancashire Constabulary,-2.968196,53.927065,On or near Rosslyn Crescent,E01025587,Wyre 004E,Violence and sexual offences,Unable to prosecute suspect,
7c1be15c67ec678d4ba441b4ba37d0927f1ababea2237b787215d2bdd41c3399,2021-06,Lancashire Constabulary,Lancashire Constabulary,-2.967041,53.923219,On or near The Lindens,E01025587,Wyre 004E,Violence and sexual offences,Unable to prosecute suspect,
f65669357b18df9c86b8ff4d70cc5a24a83d051dbd381bdda84e67cf8999045d,2021-06,Lancashire Constabulary,Lancashire Constabulary,-2.967041,53.923219,On or near The Lindens,E01025587,Wyre 004E,Violence and sexual offences,Unable to prosecute suspect,
55f8ee74b50063bcc8a470c731a5c6d16c2a1e302e502ed0df84c0d2f78664f7,2021-06,Lancashire Constabulary,Lancashire Constabulary,-2.968621,53.922424,On or near Fordstone Avenue,E01025587,Wyre 004E,Violence and sexual offences,Further investigation is not in the public interest,
,2021-06,Lancashire Constabulary,Lancashire Constabulary,-2.988711,53.928426,On or near Wyre View,E01025588,Wyre 004F,Anti-social behaviour,,
,2021-06,Lancashire Constabulary,Lancashire Constabulary,-2.987908,53.928595,On or near Lune View,E01025588,Wyre 004F,Anti-social behaviour,,
,2021-06,Lancashire Constabulary,Lancashire Constabulary,-2.994449,53.927633,On or near Ashton Avenue,E01025588,Wyre 004F,Anti-social behaviour,,
f0752253030358be6b07b48ce71567b8025c796adbe091faf5f86b8a2a469062,2021-06,Lancashire Constabulary,Lancashire Constabulary,-2.985967,53.927649,On or near Plantation Avenue,E01025588,Wyre 004F,Other theft,Investigation complete; no suspect identified,
a9ed62055c374628d70e1f6eb97753498402c0b25a54f9547589a575ab47ba25,2021-06,Lancashire Constabulary,Lancashire Constabulary,-2.991594,53.924744,On or near Bleasdale Road,E01025588,Wyre 004F,Possession of weapons,Unable to prosecute suspect,
346d41963f753f0f2b9e4e7aae09a2dae235aa6d48e5462aafc464210087c118,2021-06,Lancashire Constabulary,Lancashire Constabulary,-2.995885,53.927828,On or near Wayside,E01025588,Wyre 004F,Violence and sexual offences,Unable to prosecute suspect,
a3f99a83f10fdcc338ea6b4e093d31c0bc7ef817be9b2dd6998ba4487c5b255f,2021-06,Lancashire Constabulary,Lancashire Constabulary,-2.994449,53.927633,On or near Ashton Avenue,E01025588,Wyre 004F,Violence and sexual offences,Unable to prosecute suspect,
71c7e32713e5ff4ae03b8010ed5ca31d922b0a8e159ab644e35aa3df42b6795c,2021-06,Lancashire Constabulary,Lancashire Constabulary,-2.988711,53.928426,On or near Wyre View,E01025588,Wyre 004F,Violence and sexual offences,Formal action is not in the public interest,
065077147bf5c9efdfda21e33942aefc7e820991203cdaf10ea5a5b5a3fb8e53,2021-06,Lancashire Constabulary,Lancashire Constabulary,-2.988711,53.928426,On or near Wyre View,E01025588,Wyre 004F,Violence and sexual offences,Unable to prosecute suspect,
b140bfc5c40f3fae24f49a2ebffa4db235b57372044c1cf6d0ab51d32bfa1a17,2021-06,Lancashire Constabulary,Lancashire Constabulary,-2.991594,53.924744,On or near Bleasdale Road,E01025588,Wyre 004F,Violence and sexual offences,Court result unavailable,
13d120a300645ce5a8ca345159926643cfb2cf62b73158c28eace0c81543eb5c,2021-06,Lancashire Constabulary,Lancashire Constabulary,-2.992403,53.926122,On or near Parksway,E01025588,Wyre 004F,Violence and sexual offences,Unable to prosecute suspect,
,2021-06,Lancashire Constabulary,Lancashire Constabulary,-2.949299,53.933903,On or near Park/Open Space,E01025589,Wyre 004G,Anti-social behaviour,,
,2021-06,Lancashire Constabulary,Lancashire Constabulary,-2.965259,53.916645,On or near Park Lane,E01025589,Wyre 004G,Anti-social behaviour,,
,2021-06,Lancashire Constabulary,Lancashire Constabulary,-2.958103,53.916630,On or near Green Lane,E01025589,Wyre 004G,Anti-social behaviour,,
,2021-06,Lancashire Constabulary,Lancashire Constabulary,-2.959970,53.907070,On or near Hall Gate Lane,E01025589,Wyre 004G,Anti-social behaviour,,
751303c1f5a39147c6a02ec654583e8aab53f0b38d473e644bb7dcda8cdd2464,2021-06,Lancashire Constabulary,Lancashire Constabulary,-2.957669,53.920265,On or near Gaulter'S Lane,E01025589,Wyre 004G,Other theft,Status update unavailable,
42eb69344a766fbe212f66dccd840d27d8cd14357ce7a58c62a2eab5e54168ae,2021-06,Lancashire Constabulary,Lancashire Constabulary,-2.972702,53.925043,On or near Chelwood Close,E01025589,Wyre 004G,Violence and sexual offences,Further investigation is not in the public interest,
0a4835e9393e30a13b1166625786499b3fef527d89e200d97716e3217df7c858,2021-06,Lancashire Constabulary,Lancashire Constabulary,-2.969621,53.921526,On or near Park Lane,E01025589,Wyre 004G,Violence and sexual offences,Action to be taken by another organisation,
ce2bed31e59500187434d8a61d10023796f0aeffda615f910ee044b7b4815d91,2021-06,Lancashire Constabulary,Lancashire Constabulary,-2.970462,53.923668,On or near Unsworth Avenue,E01025589,Wyre 004G,Violence and sexual offences,Status update unavailable,
ddb28b7fd1e22482597f5106ef9f09e585fe8f46cfaa6b1172961005756857fc,2021-06,Lancashire Constabulary,Lancashire Constabulary,-2.965130,53.917635,On or near Mill Street,E01025589,Wyre 004G,Violence and sexual offences,Unable to prosecute suspect,
529f3d7c1ddfe258560ca78a04ae7cf0a7e284d09e0c21d6f887c34e593db50a,2021-06,Lancashire Constabulary,Lancashire Constabulary,-2.965130,53.917635,On or near Mill Street,E01025589,Wyre 004G,Violence and sexual offences,Further investigation is not in the public interest,
8b60d9012fc6eb773e34513618392a89f012e0f08409ceee2c07189320792500,2021-06,Lancashire Constabulary,Lancashire Constabulary,-2.958103,53.916630,On or near Green Lane,E01025589,Wyre 004G,Violence and sexual offences,Unable to prosecute suspect,
b77736ad0ca4ab7f21a3b755c2973633c2b5ef5477b3b00d8f15a28ff627f64a,2021-06,Lancashire Constabulary,Lancashire Constabulary,-2.970462,53.923668,On or near Unsworth Avenue,E01025589,Wyre 004G,Violence and sexual offences,Unable to prosecute suspect,
61a92358e7f5fe25bb8bcc83f52c8b69c83c4bce428f2c604e0c75aca3492173,2021-06,Lancashire Constabulary,Lancashire Constabulary,-2.958103,53.916630,On or near Green Lane,E01025589,Wyre 004G,Violence and sexual offences,Unable to prosecute suspect,
35a475b0787ca71c6b4a0fbbb283de6a3fe72853a2451b5bb29e021557c1ed23,2021-06,Lancashire Constabulary,Lancashire Constabulary,-2.958103,53.916630,On or near Green Lane,E01025589,Wyre 004G,Violence and sexual offences,Unable to prosecute suspect,
9c586197e69162626f7408c721e849d20a9ca7046cd5c4e126e0b4df78cc2c3f,2021-06,Lancashire Constabulary,Lancashire Constabulary,-2.965130,53.917635,On or near Mill Street,E01025589,Wyre 004G,Other crime,Unable to prosecute suspect,
,2021-06,Lancashire Constabulary,Lancashire Constabulary,-3.030988,53.889475,On or near Newman Grove,E01025557,Wyre 005A,Anti-social behaviour,,
cacf5bafabd434822c03ae8563d883473ccfe1300288ac00be032f51d9b95b50,2021-06,Lancashire Constabulary,Lancashire Constabulary,-3.024148,53.889138,On or near Elderberry Close,E01025557,Wyre 005A,Violence and sexual offences,Unable to prosecute suspect,
b8d5eb306fdff886c418b4af2b38a20dd05fbee78575f5d7616cfbec27a4bd49,2021-06,Lancashire Constabulary,Lancashire Constabulary,-3.024185,53.890630,On or near Thistle Close,E01025557,Wyre 005A,Violence and sexual offences,Unable to prosecute suspect,
,2021-06,Lancashire Constabulary,Lancashire Constabulary,-3.012965,53.919326,On or near Bayside,E01025575,Wyre 005B,Anti-social behaviour,,
,2021-06,Lancashire Constabulary,Lancashire Constabulary,-3.027229,53.913605,On or near Greenfield Road,E01025575,Wyre 005B,Anti-social behaviour,,
,2021-06,Lancashire Constabulary,Lancashire Constabulary,-3.027568,53.913171,On or near Noblett Court,E01025575,Wyre 005B,Anti-social behaviour,,
,2021-06,Lancashire Constabulary,Lancashire Constabulary,-3.014870,53.916254,On or near Shopping Area,E01025575,Wyre 005B,Anti-social behaviour,,
,2021-06,Lancashire Constabulary,Lancashire Constabulary,-3.028282,53.913093,On or near Crookall Close,E01025575,Wyre 005B,Anti-social behaviour,,
,2021-06,Lancashire Constabulary,Lancashire Constabulary,-3.028282,53.913093,On or near Crookall Close,E01025575,Wyre 005B,Anti-social behaviour,,
,2021-06,Lancashire Constabulary,Lancashire Constabulary,-3.024983,53.915161,On or near Broomfield Road,E01025575,Wyre 005B,Anti-social behaviour,,
,2021-06,Lancashire Constabulary,Lancashire Constabulary,-3.012069,53.918803,On or near Anchorage Road,E01025575,Wyre 005B,Anti-social behaviour,,
,2021-06,Lancashire Constabulary,Lancashire Constabulary,-3.024983,53.915161,On or near Broomfield Road,E01025575,Wyre 005B,Anti-social behaviour,,
,2021-06,Lancashire Constabulary,Lancashire Constabulary,-3.014870,53.916254,On or near Shopping Area,E01025575,Wyre 005B,Anti-social behaviour,,
f2cf9a4e69086f47bbdc4003a9482af6a907984089ef78f782832cf940ff9f22,2021-06,Lancashire Constabulary,Lancashire Constabulary,-3.013587,53.915465,On or near Park/Open Space,E01025575,Wyre 005B,Burglary,Investigation complete; no suspect identified,
121e9f8e80bd04ec7bcf6ad918ab170f864bc74f4dc2468b83eb9da6b6d12f4e,2021-06,Lancashire Constabulary,Lancashire Constabulary,-3.025648,53.912468,On or near Mayfield Place,E01025575,Wyre 005B,Criminal damage and arson,Unable to prosecute suspect,
a8507f64f443fe7628d5220b38f8a96da3d06c033e1088eef65f00cdfaffd2ce,2021-06,Lancashire Constabulary,Lancashire Constabulary,-3.012664,53.917603,On or near Shopping Area,E01025575,Wyre 005B,Criminal damage and arson,Investigation complete; no suspect identified,
227586b4e2d3a6c17235b64dad6587c9c98b14b0e31c163498618e0c3687ee9b,2021-06,Lancashire Constabulary,Lancashire Constabulary,-3.027328,53.912705,On or near Lindel Road,E01025575,Wyre 005B,Criminal damage and arson,Unable to prosecute suspect,
40190be02bb0342fb9abd4d6c7928fdf90772697ae5fab6ef608c719f95346da,2021-06,Lancashire Constabulary,Lancashire Constabulary,-3.027999,53.913985,On or near Armitstead Way,E01025575,Wyre 005B,Other theft,Investigation complete; no suspect identified,
0e92f19b87712d24ebae858fe32a95b2b9c7c9dee7dc2e08836447337d72b2d6,2021-06,Lancashire Constabulary,Lancashire Constabulary,-3.024983,53.915161,On or near Broomfield Road,E01025575,Wyre 005B,Other theft,Investigation complete; no suspect identified,
9149aa50e9577dd5b1083eb867bc570c67709b0251ec3977785c224214de4776,2021-06,Lancashire Constabulary,Lancashire Constabulary,-3.018727,53.900195,On or near Park/Open Space,E01025575,Wyre 005B,Other theft,Investigation complete; no suspect identified,
7d12ed9ac7728659611d7b31153faa1b0c035c59d7980e4103a89e53dd8768c4,2021-06,Lancashire Constabulary,Lancashire Constabulary,-3.028960,53.913419,On or near Forshaw Close,E01025575,Wyre 005B,Public order,Unable to prosecute suspect,
596e061eac23a371d2b0af361362e165831a67e49cea677a493308b60142b44a,2021-06,Lancashire Constabulary,Lancashire Constabulary,-3.024983,53.915161,On or near Broomfield Road,E01025575,Wyre 005B,Public order,Unable to prosecute suspect,
4eee89b3ad287e8e9584e3678adfc71b8ae75e279e6e7c0f224ffbc8c593732a,2021-06,Lancashire Constabulary,Lancashire Constabulary,-3.012664,53.917603,On or near Shopping Area,E01025575,Wyre 005B,Public order,Further investigation is not in the public interest,
03effc1bb3d424089a433cfd54c46a6bd5ea6cbb6251e6b410b39ae1a6c266d4,2021-06,Lancashire Constabulary,Lancashire Constabulary,-3.012664,53.917603,On or near Shopping Area,E01025575,Wyre 005B,Shoplifting,Unable to prosecute suspect,
ecfa360fe0d36163fae0669c7ce60944776692d1d55d46d44bf560d2cf14894f,2021-06,Lancashire Constabulary,Lancashire Constabulary,-3.012664,53.917603,On or near Shopping Area,E01025575,Wyre 005B,Shoplifting,Status update unavailable,
7720320967104fdcf07b8e367ac3f3ae76656dfc41a7803358b4b71ed8041c7f,2021-06,Lancashire Constabulary,Lancashire Constabulary,-3.012664,53.917603,On or near Shopping Area,E01025575,Wyre 005B,Shoplifting,Further investigation is not in the public interest,
803217091e5e56d3b98494e86530adbefab5172e160a447fb0a512d273e040b6,2021-06,Lancashire Constabulary,Lancashire Constabulary,-3.012664,53.917603,On or near Shopping Area,E01025575,Wyre 005B,Shoplifting,Status update unavailable,
efdf952c8fd60e3c0109bac49eb296a3e974d635aa1a424220eb203b033e3cee,2021-06,Lancashire Constabulary,Lancashire Constabulary,-3.027328,53.912705,On or near Lindel Road,E01025575,Wyre 005B,Vehicle crime,Investigation complete; no suspect identified,
07bd1b82aac7533a9c674df268217747c8eb3d653936eababa14acddd4aca490,2021-06,Lancashire Constabulary,Lancashire Constabulary,-3.024983,53.915161,On or near Broomfield Road,E01025575,Wyre 005B,Violence and sexual offences,Unable to prosecute suspect,
b0db1f08a5b5f7f3d5bf025a40482d0b7ff259e9ab09ddf1242349cea101b89a,2021-06,Lancashire Constabulary,Lancashire Constabulary,-3.024485,53.914078,On or near Broomfield Road,E01025575,Wyre 005B,Violence and sexual offences,Unable to prosecute suspect,
5f33d7515f288f339d52e01a4c5b15b0d0670b29ebda3f4fd42b68915e524806,2021-06,Lancashire Constabulary,Lancashire Constabulary,-3.025648,53.912468,On or near Mayfield Place,E01025575,Wyre 005B,Violence and sexual offences,Unable to prosecute suspect,
30a118d57317eb4464051ea1865f95fe3c91e2205c39b39845b4a2cb3ade3512,2021-06,Lancashire Constabulary,Lancashire Constabulary,-3.024485,53.914078,On or near Broomfield Road,E01025575,Wyre 005B,Violence and sexual offences,Unable to prosecute suspect,
27cb74cc0a36d4fb9c37f2663e68b7d5b4bf09bc748a40031f31ac3ff536bf5b,2021-06,Lancashire Constabulary,Lancashire Constabulary,-3.028960,53.913419,On or near Forshaw Close,E01025575,Wyre 005B,Violence and sexual offences,Unable to prosecute suspect,
cac2eabf50192818508f29c81e242cff5693b30d0602c0e7109b79505af8ae87,2021-06,Lancashire Constabulary,Lancashire Constabulary,-3.013587,53.915465,On or near Park/Open Space,E01025575,Wyre 005B,Violence and sexual offences,Local resolution,
404638ce5d9780a1688a8b2890b27b5bd12475c7dfdf4237ecb58041101c6935,2021-06,Lancashire Constabulary,Lancashire Constabulary,-3.028960,53.913419,On or near Forshaw Close,E01025575,Wyre 005B,Violence and sexual offences,Local resolution,
8a6a6a21e3279e7402c3193f06d396bbdebafa8c6b3606fa14dde537fbaf6c25,2021-06,Lancashire Constabulary,Lancashire Constabulary,-3.024485,53.914078,On or near Broomfield Road,E01025575,Wyre 005B,Violence and sexual offences,Unable to prosecute suspect,
32ec9c6b52570c562fda3d1e8a618dc594e806b48b178730b8dfe7b738e1c2bb,2021-06,Lancashire Constabulary,Lancashire Constabulary,-3.028960,53.913419,On or near Forshaw Close,E01025575,Wyre 005B,Violence and sexual offences,Unable to prosecute suspect,
28f9559ad99239ce5be9aac204c656c4ce1153c117f7401f1774924607c08a04,2021-06,Lancashire Constabulary,Lancashire Constabulary,-3.013587,53.915465,On or near Park/Open Space,E01025575,Wyre 005B,Violence and sexual offences,Unable to prosecute suspect,
f66cdacd0dd168f14edc7df6387eefac29eeeb8378f16b4fbd3d8051c03ac970,2021-06,Lancashire Constabulary,Lancashire Constabulary,-3.024485,53.914078,On or near Broomfield Road,E01025575,Wyre 005B,Violence and sexual offences,Unable to prosecute suspect,
565cb1b0fc216ebb845015c68196caf8b9249f7b3f75296b07b443771587371b,2021-06,Lancashire Constabulary,Lancashire Constabulary,-3.024983,53.915161,On or near Broomfield Road,E01025575,Wyre 005B,Violence and sexual offences,Unable to prosecute suspect,
8efe7f22f248ecbd34befea2ada36ddc082659e4e43fda34a06197a445a3f888,2021-06,Lancashire Constabulary,Lancashire Constabulary,-3.018727,53.900195,On or near Park/Open Space,E01025575,Wyre 005B,Violence and sexual offences,Unable to prosecute suspect,
f8ecf0989e64e872f45b0c469e9c6dd86fa8aa2e6e311b1dd8355e330c663d81,2021-06,Lancashire Constabulary,Lancashire Constabulary,-3.025648,53.912468,On or near Mayfield Place,E01025575,Wyre 005B,Violence and sexual offences,Unable to prosecute suspect,
6681038bff67617c0f36a71d03ad69470d217f0dff2f41e65ee62d602ee848d8,2021-06,Lancashire Constabulary,Lancashire Constabulary,-3.024983,53.915161,On or near Broomfield Road,E01025575,Wyre 005B,Violence and sexual offences,Unable to prosecute suspect,
,2021-06,Lancashire Constabulary,Lancashire Constabulary,-3.029449,53.906090,On or near Larkholme Avenue,E01025578,Wyre 005C,Anti-social behaviour,,
,2021-06,Lancashire Constabulary,Lancashire Constabulary,-3.030067,53.908304,On or near Flakefleet Avenue,E01025578,Wyre 005C,Anti-social behaviour,,
,2021-06,Lancashire Constabulary,Lancashire Constabulary,-3.030165,53.904232,On or near Wood Street,E01025578,Wyre 005C,Anti-social behaviour,,
,2021-06,Lancashire Constabulary,Lancashire Constabulary,-3.030165,53.904232,On or near Wood Street,E01025578,Wyre 005C,Anti-social behaviour,,
,2021-06,Lancashire Constabulary,Lancashire Constabulary,-3.030067,53.908304,On or near Flakefleet Avenue,E01025578,Wyre 005C,Anti-social behaviour,,
,2021-06,Lancashire Constabulary,Lancashire Constabulary,-3.031370,53.911161,On or near Northfleet Avenue,E01025578,Wyre 005C,Anti-social behaviour,,
383eb93d928717c209d28133ce5f6be9faecd4f6a2bfe21eace32dd27ae70912,2021-06,Lancashire Constabulary,Lancashire Constabulary,-3.029845,53.907318,On or near Southfleet Avenue,E01025578,Wyre 005C,Burglary,Unable to prosecute suspect,
608c8f02f308f067c2442db1ad06a029617a248c6c7c1090ac172410e5df7a2d,2021-06,Lancashire Constabulary,Lancashire Constabulary,-3.032660,53.911608,On or near Langwood,E01025578,Wyre 005C,Criminal damage and arson,Unable to prosecute suspect,
90848f29504ba9a6ec46b4bd23c9fbdb605651acfd14ae304d02354ce765732b,2021-06,Lancashire Constabulary,Lancashire Constabulary,-3.029845,53.907318,On or near Southfleet Avenue,E01025578,Wyre 005C,Criminal damage and arson,Unable to prosecute suspect,
86f910effb1b6d9e45f3b4dce608ee246739f178be71966d409aae82d908d267,2021-06,Lancashire Constabulary,Lancashire Constabulary,-3.028306,53.905407,On or near Maple Avenue,E01025578,Wyre 005C,Criminal damage and arson,Investigation complete; no suspect identified,
754ca60707e0a719ef72b6fca86ca4e39db0f6ada1ea7983ddc1e77d15dd10fa,2021-06,Lancashire Constabulary,Lancashire Constabulary,-3.028370,53.904930,On or near Hazel Avenue,E01025578,Wyre 005C,Other theft,Investigation complete; no suspect identified,
408908b978ed820f00b739813c2beae30ee9d52b47ebd36f57b9bc0e42ad989b,2021-06,Lancashire Constabulary,Lancashire Constabulary,-3.030165,53.904232,On or near Wood Street,E01025578,Wyre 005C,Violence and sexual offences,Unable to prosecute suspect,
703996f925337c73cf58289e12625c2f6b3994d570eac4c718e4e3a2ff55d963,2021-06,Lancashire Constabulary,Lancashire Constabulary,-3.034052,53.910032,On or near Witton Avenue,E01025578,Wyre 005C,Violence and sexual offences,Unable to prosecute suspect,
4c3d4a550748c551ed9a27384e634a2dbfb4d050e75a6f25d6d03f55785a9831,2021-06,Lancashire Constabulary,Lancashire Constabulary,-3.034052,53.910032,On or near Witton Avenue,E01025578,Wyre 005C,Violence and sexual offences,Unable to prosecute suspect,
dc8eb40a4f34e2cbbdaffe10981d0d197a07be9d8b6087d61848cec84c653d26,2021-06,Lancashire Constabulary,Lancashire Constabulary,-3.034052,53.910032,On or near Witton Avenue,E01025578,Wyre 005C,Violence and sexual offences,Unable to prosecute suspect,
af178b059c6acdcbaff59a6395f8c3eba025b09f4c5bbc957c4a982f74316c4a,2021-06,Lancashire Constabulary,Lancashire Constabulary,-3.029447,53.909110,On or near Orchard Drive,E01025578,Wyre 005C,Violence and sexual offences,Unable to prosecute suspect,
2734071de34c1cec669bfc37706a9f1d432e4d1f1a988aefaae1d32e65c51754,2021-06,Lancashire Constabulary,Lancashire Constabulary,-3.032536,53.912139,On or near Langwood Mews,E01025578,Wyre 005C,Violence and sexual offences,Unable to prosecute suspect,
bfa7945c8e34e68f54de29e6ea27929b0aea2480d7c3e5174c35316755e18664,2021-06,Lancashire Constabulary,Lancashire Constabulary,-3.028492,53.904309,On or near Laurel Avenue,E01025578,Wyre 005C,Violence and sexual offences,Unable to prosecute suspect,
5267a989708a9fead4514ec3b73358ab287afe6f29aefd531456eff5b29355cc,2021-06,Lancashire Constabulary,Lancashire Constabulary,-3.034052,53.910032,On or near Witton Avenue,E01025578,Wyre 005C,Violence and sexual offences,Unable to prosecute suspect,
a3adac081ed86a8b16b20f8052e37e4f563bf7564f0a648c1bfd4b55a28b7d8f,2021-06,Lancashire Constabulary,Lancashire Constabulary,-3.028678,53.905063,On or near Broadwater Avenue,E01025578,Wyre 005C,Violence and sexual offences,Unable to prosecute suspect,
86f384b8072f304ad65e9455ec312f20639df454fb75e35702417bf8149d474b,2021-06,Lancashire Constabulary,Lancashire Constabulary,-3.029845,53.907318,On or near Southfleet Avenue,E01025578,Wyre 005C,Violence and sexual offences,Further investigation is not in the public interest,
8c8f153af69ef0a766787763f8b2c2c8d833717ff4b53a51d79cb4479b026caf,2021-06,Lancashire Constabulary,Lancashire Constabulary,-3.034052,53.910032,On or near Witton Avenue,E01025578,Wyre 005C,Violence and sexual offences,Unable to prosecute suspect,
bdb33f260f626d3b81286ed3bf3f6fd92768a8a82117538c68ba56cfc5424b65,2021-06,Lancashire Constabulary,Lancashire Constabulary,-3.031370,53.911161,On or near Northfleet Avenue,E01025578,Wyre 005C,Violence and sexual offences,Unable to prosecute suspect,
7dccb4f9a236daa88227d267e8884166589060644f9dd84d7d144ef376d3a7f4,2021-06,Lancashire Constabulary,Lancashire Constabulary,-3.031370,53.911161,On or near Northfleet Avenue,E01025578,Wyre 005C,Violence and sexual offences,Unable to prosecute suspect,
,2021-06,Lancashire Constabulary,Lancashire Constabulary,-3.026463,53.912182,On or near Wingrove Road,E01025579,Wyre 005D,Anti-social behaviour,,
,2021-06,Lancashire Constabulary,Lancashire Constabulary,-3.026466,53.911059,On or near Radcliffe Road,E01025579,Wyre 005D,Anti-social behaviour,,
,2021-06,Lancashire Constabulary,Lancashire Constabulary,-3.030463,53.912040,On or near Whinfield Avenue,E01025579,Wyre 005D,Anti-social behaviour,,
,2021-06,Lancashire Constabulary,Lancashire Constabulary,-3.031833,53.912649,On or near Westfield Avenue,E01025579,Wyre 005D,Anti-social behaviour,,
,2021-06,Lancashire Constabulary,Lancashire Constabulary,-3.026466,53.911059,On or near Radcliffe Road,E01025579,Wyre 005D,Anti-social behaviour,,
,2021-06,Lancashire Constabulary,Lancashire Constabulary,-3.026466,53.911059,On or near Radcliffe Road,E01025579,Wyre 005D,Anti-social behaviour,,
3f935051e4764ff92c1a79eb5a985a2c88fc6f19424fe39400e679e695989899,2021-06,Lancashire Constabulary,Lancashire Constabulary,-3.027889,53.911990,On or near Hazeldene Road,E01025579,Wyre 005D,Criminal damage and arson,Investigation complete; no suspect identified,
49fd59c60845bc682cd10bbba39a4627c910a83ba18482ad24ac635aa3daf08d,2021-06,Lancashire Constabulary,Lancashire Constabulary,-3.026463,53.912182,On or near Wingrove Road,E01025579,Wyre 005D,Criminal damage and arson,Local resolution,
f13e9ace64298b7f090e59aae5567b4351788bfee1476a0979af1a41fed70e47,2021-06,Lancashire Constabulary,Lancashire Constabulary,-3.031833,53.912649,On or near Westfield Avenue,E01025579,Wyre 005D,Criminal damage and arson,Further investigation is not in the public interest,
86e6a2e0e22bfca8850dbc0f8ffb3a038e89f591d972d05c08a13907b3514339,2021-06,Lancashire Constabulary,Lancashire Constabulary,-3.028057,53.911369,On or near Lingfield Road,E01025579,Wyre 005D,Criminal damage and arson,Investigation complete; no suspect identified,
63201b6c48f742f801d79e31f096df2021431a62d11aae0719459a240b8b7623,2021-06,Lancashire Constabulary,Lancashire Constabulary,-3.033590,53.913487,On or near Petrol Station,E01025579,Wyre 005D,Other theft,Further investigation is not in the public interest,
c1d16dd675557d15fe4be75e50f159b6cba277ef6732da1e13bd95c0b5d70f90,2021-06,Lancashire Constabulary,Lancashire Constabulary,-3.033590,53.913487,On or near Petrol Station,E01025579,Wyre 005D,Shoplifting,Investigation complete; no suspect identified,
2e4abdab65f128bb4aea1a5d5c0d4042b549a536ccc7967c8f6bd7238e9cb8a0,2021-06,Lancashire Constabulary,Lancashire Constabulary,-3.033590,53.913487,On or near Petrol Station,E01025579,Wyre 005D,Shoplifting,Status update unavailable,
db7cf3c83d658b465da19027b91d53afbfec0f418785c6751dc65fa4db7eb45b,2021-06,Lancashire Constabulary,Lancashire Constabulary,-3.033590,53.913487,On or near Petrol Station,E01025579,Wyre 005D,Shoplifting,Status update unavailable,
c441da9aad2e4ababb98ad78a4cb9fda04c244201b92d6ea09eeb1e1f163e664,2021-06,Lancashire Constabulary,Lancashire Constabulary,-3.026466,53.911059,On or near Radcliffe Road,E01025579,Wyre 005D,Violence and sexual offences,Court result unavailable,
7ab3d59e3edb11b0f1fe36a2151e1ef07c93eae8abf8773b851ddb457e94bb23,2021-06,Lancashire Constabulary,Lancashire Constabulary,-3.027889,53.911990,On or near Hazeldene Road,E01025579,Wyre 005D,Violence and sexual offences,Unable to prosecute suspect,
068b7fbbcdfd0a27fc6379285dbe5d5948c04711de90f0891487d132490dcbed,2021-06,Lancashire Constabulary,Lancashire Constabulary,-3.033590,53.913487,On or near Petrol Station,E01025579,Wyre 005D,Violence and sexual offences,Unable to prosecute suspect,
a2cc54fee2d38c8002f94c0b3d3d903b944e2cae8aa4ea021e3e44f375abe4dd,2021-06,Lancashire Constabulary,Lancashire Constabulary,-3.028057,53.911369,On or near Lingfield Road,E01025579,Wyre 005D,Violence and sexual offences,Status update unavailable,
2d69bffc8ef1216353ad45302858c4a94c05f4d5e9befef1a64303bc714f4986,2021-06,Lancashire Constabulary,Lancashire Constabulary,-3.028057,53.911369,On or near Lingfield Road,E01025579,Wyre 005D,Violence and sexual offences,Investigation complete; no suspect identified,
80b958e8216be360ac9766d1541b14b4791b962d84fad19eb316acbc456a4722,2021-06,Lancashire Constabulary,Lancashire Constabulary,-3.027889,53.911990,On or near Hazeldene Road,E01025579,Wyre 005D,Violence and sexual offences,Unable to prosecute suspect,
,2021-06,Lancashire Constabulary,Lancashire Constabulary,-3.032007,53.904270,On or near The Crescent,E01025580,Wyre 005E,Anti-social behaviour,,
,2021-06,Lancashire Constabulary,Lancashire Constabulary,-3.034060,53.900468,On or near Sports/Recreation Area,E01025580,Wyre 005E,Anti-social behaviour,,
,2021-06,Lancashire Constabulary,Lancashire Constabulary,-3.036910,53.905558,On or near Broadway,E01025580,Wyre 005E,Anti-social behaviour,,
,2021-06,Lancashire Constabulary,Lancashire Constabulary,-3.033918,53.906456,On or near Larkholme Lane,E01025580,Wyre 005E,Anti-social behaviour,,
,2021-06,Lancashire Constabulary,Lancashire Constabulary,-3.029639,53.905153,On or near Hawthorn Avenue,E01025580,Wyre 005E,Anti-social behaviour,,
,2021-06,Lancashire Constabulary,Lancashire Constabulary,-3.023396,53.898807,On or near Rossall Lane,E01025580,Wyre 005E,Anti-social behaviour,,
,2021-06,Lancashire Constabulary,Lancashire Constabulary,-3.036910,53.905558,On or near Broadway,E01025580,Wyre 005E,Anti-social behaviour,,
,2021-06,Lancashire Constabulary,Lancashire Constabulary,-3.023396,53.898807,On or near Rossall Lane,E01025580,Wyre 005E,Anti-social behaviour,,
,2021-06,Lancashire Constabulary,Lancashire Constabulary,-3.036910,53.905558,On or near Broadway,E01025580,Wyre 005E,Anti-social behaviour,,
,2021-06,Lancashire Constabulary,Lancashire Constabulary,-3.032007,53.904270,On or near The Crescent,E01025580,Wyre 005E,Anti-social behaviour,,
,2021-06,Lancashire Constabulary,Lancashire Constabulary,-3.033918,53.906456,On or near Larkholme Lane,E01025580,Wyre 005E,Anti-social behaviour,,
,2021-06,Lancashire Constabulary,Lancashire Constabulary,-3.036654,53.899520,On or near Ainsdale Avenue,E01025580,Wyre 005E,Anti-social behaviour,,
d24fee234d00cff19ac7123fe65f18bb2d2ba37c02436bde78596404a7682640,2021-06,Lancashire Constabulary,Lancashire Constabulary,-3.032007,53.904270,On or near The Crescent,E01025580,Wyre 005E,Criminal damage and arson,Investigation complete; no suspect identified,
c9eb1800354dd84702942e3fcdc5466047743fbb2bcf77282c461e2ba0d5dc77,2021-06,Lancashire Constabulary,Lancashire Constabulary,-3.023396,53.898807,On or near Rossall Lane,E01025580,Wyre 005E,Public order,Status update unavailable,
f2aaa8cb67c292c441568e8579c3f3fe2391cabc1ae2fc32248e801c8192027c,2021-06,Lancashire Constabulary,Lancashire Constabulary,-3.023396,53.898807,On or near Rossall Lane,E01025580,Wyre 005E,Violence and sexual offences,Court result unavailable,
b8a2da30fb6367c5ef02bb144f669d4749ef46dac8995898490193fed91c9753,2021-06,Lancashire Constabulary,Lancashire Constabulary,-3.023396,53.898807,On or near Rossall Lane,E01025580,Wyre 005E,Violence and sexual offences,Unable to prosecute suspect,
04121226deeb53654e0f0f5e78bdd73a5652ef2856f1d848380116484d64aa64,2021-06,Lancashire Constabulary,Lancashire Constabulary,-3.029639,53.905153,On or near Hawthorn Avenue,E01025580,Wyre 005E,Violence and sexual offences,Unable to prosecute suspect,
2afcecb9c46f8a4af08ab4389bcd6fdf0e0a610a7309e59ba9d2a26637cf2df9,2021-06,Lancashire Constabulary,Lancashire Constabulary,-3.023396,53.898807,On or near Rossall Lane,E01025580,Wyre 005E,Violence and sexual offences,Unable to prosecute suspect,
1ff597f770c4cbb51646fcd1e06993512f10cdccd3bec53ae942dc3baa2a6612,2021-06,Lancashire Constabulary,Lancashire Constabulary,-3.023396,53.898807,On or near Rossall Lane,E01025580,Wyre 005E,Violence and sexual offences,Unable to prosecute suspect,
8ff50ff32d4b2242340ad076859f5ebc578a0f9e9269b3e3b8bbd46799aa7316,2021-06,Lancashire Constabulary,Lancashire Constabulary,-3.034880,53.904110,On or near Melbourne Avenue,E01025580,Wyre 005E,Violence and sexual offences,Unable to prosecute suspect,
d332b07b5491b3f10335f1a4f5948f3ddf538fc504d319da98d533ba1174db1d,2021-06,Lancashire Constabulary,Lancashire Constabulary,-3.034326,53.897689,On or near Rossall Lane,E01025580,Wyre 005E,Violence and sexual offences,Unable to prosecute suspect,
,2021-06,Lancashire Constabulary,Lancashire Constabulary,-2.731056,53.862160,On or near Brock Side,E01025547,Wyre 006A,Anti-social behaviour,,
,2021-06,Lancashire Constabulary,Lancashire Constabulary,-2.730526,53.863997,On or near Lydiate Lane,E01025547,Wyre 006A,Anti-social behaviour,,
,2021-06,Lancashire Constabulary,Lancashire Constabulary,-2.761500,53.875705,On or near Mayflower Grove,E01025547,Wyre 006A,Anti-social behaviour,,
,2021-06,Lancashire Constabulary,Lancashire Constabulary,-2.761500,53.875705,On or near Mayflower Grove,E01025547,Wyre 006A,Anti-social behaviour,,
c091fb31f1f1c7764d003757f1b53040ceec5f3cf41be433638f36443ac7945c,2021-06,Lancashire Constabulary,Lancashire Constabulary,-2.743411,53.854031,On or near Ballot Hill Crescent,E01025547,Wyre 006A,Burglary,Status update unavailable,
1ba91020cdf904182b5fd0cea334b96f4b953aa5fa5f5eb342c61dd097b5a3c6,2021-06,Lancashire Constabulary,Lancashire Constabulary,-2.691574,53.903083,On or near Delph Lane,E01025547,Wyre 006A,Criminal damage and arson,Unable to prosecute suspect,
57b15cbd739af01bdfdf8b23cda2f5e58a5a249a0fc544126f5c4f5387ec9ddf,2021-06,Lancashire Constabulary,Lancashire Constabulary,-2.761500,53.875705,On or near Mayflower Grove,E01025547,Wyre 006A,Drugs,Status update unavailable,
2254cd09b000937e373cfdec809aabd20e9eb6cc9379e8c565fccfba4ac85879,2021-06,Lancashire Constabulary,Lancashire Constabulary,-2.761500,53.875705,On or near Mayflower Grove,E01025547,Wyre 006A,Drugs,Offender given a caution,
ef47687352a45cb1e7fefe22b0c876f4641a3a6b2b4de930b0a6dd3ca4d701ae,2021-06,Lancashire Constabulary,Lancashire Constabulary,-2.751665,53.878598,On or near Stubbins Lane,E01025547,Wyre 006A,Drugs,Local resolution,
9f77563946b0adf642d9429b922897810cc953edc4899b52bd68e3f48f3ef4ec,2021-06,Lancashire Constabulary,Lancashire Constabulary,-2.745692,53.851518,On or near Bilsborrow Lane,E01025547,Wyre 006A,Possession of weapons,Unable to prosecute suspect,
0f899bfe1bf180f7d4e307d82991fd6a799c4394e93a24385317c1e606a5efa9,2021-06,Lancashire Constabulary,Lancashire Constabulary,-2.745692,53.851518,On or near Bilsborrow Lane,E01025547,Wyre 006A,Public order,Unable to prosecute suspect,
120de037cea01bebfa1827f9e0a180b9e19d58838ec1d95f9d8bb7994c471843,2021-06,Lancashire Constabulary,Lancashire Constabulary,-2.744507,53.854959,On or near Beech Avenue,E01025547,Wyre 006A,Vehicle crime,Investigation complete; no suspect identified,
3f674e4899e897a4254ba0c2655febeb132a3a08b4323d18f1601ebd63046b1a,2021-06,Lancashire Constabulary,Lancashire Constabulary,-2.745692,53.851518,On or near Bilsborrow Lane,E01025547,Wyre 006A,Violence and sexual offences,Investigation complete; no suspect identified,
17d62632a1257677d5a8b18de9fe0e38de38b02a3abe20b03bf2c8960751c166,2021-06,Lancashire Constabulary,Lancashire Constabulary,-2.745692,53.851518,On or near Bilsborrow Lane,E01025547,Wyre 006A,Violence and sexual offences,Investigation complete; no suspect identified,
cb434e93bc2e12d0d886a7855ad4af7c4c761f7eb53c7cef19385c9bb581cd20,2021-06,Lancashire Constabulary,Lancashire Constabulary,-2.761500,53.875705,On or near Mayflower Grove,E01025547,Wyre 006A,Violence and sexual offences,Local resolution,
b60c4c0a20b8e007eb05a92e97f135ab9113ebd517e8c5ded9685d255987548d,2021-06,Lancashire Constabulary,Lancashire Constabulary,-2.745692,53.851518,On or near Bilsborrow Lane,E01025547,Wyre 006A,Violence and sexual offences,Unable to prosecute suspect,
d30bea6f7eb482fe23abb871b0aca285ddf99267c6ca00c9c1c74cd7424f7d55,2021-06,Lancashire Constabulary,Lancashire Constabulary,-2.744507,53.854959,On or near Beech Avenue,E01025547,Wyre 006A,Violence and sexual offences,Investigation complete; no suspect identified,
67526f5ff9f3fd2d745400856c52d154bc18d2e2288dcecf2d7561b0ecbff41c,2021-06,Lancashire Constabulary,Lancashire Constabulary,-2.763096,53.853071,On or near Further/Higher Educational Building,E01025547,Wyre 006A,Violence and sexual offences,Unable to prosecute suspect,
ce4ae23264fa666e0add171bde4f4b754d312a6a473d9921e9d47a81f89d7246,2021-06,Lancashire Constabulary,Lancashire Constabulary,-2.750348,53.865367,On or near Stanzaker Hall Drive,E01025547,Wyre 006A,Other crime,Status update unavailable,
,2021-06,Lancashire Constabulary,Lancashire Constabulary,-2.758629,53.912861,On or near Hazelhead Lane,E01025549,Wyre 006B,Anti-social behaviour,,
,2021-06,Lancashire Constabulary,Lancashire Constabulary,-2.774063,53.897070,On or near Waters Edge Green,E01025549,Wyre 006B,Anti-social behaviour,,
,2021-06,Lancashire Constabulary,Lancashire Constabulary,-2.773000,53.896349,On or near Leathercote,E01025549,Wyre 006B,Anti-social behaviour,,
,2021-06,Lancashire Constabulary,Lancashire Constabulary,-2.714926,53.905085,On or near Burnside Avenue,E01025549,Wyre 006B,Anti-social behaviour,,
,2021-06,Lancashire Constabulary,Lancashire Constabulary,-2.767115,53.887443,On or near Topiary Gardens,E01025549,Wyre 006B,Anti-social behaviour,,
,2021-06,Lancashire Constabulary,Lancashire Constabulary,-2.745727,53.904781,On or near Parkhead Lane,E01025549,Wyre 006B,Anti-social behaviour,,
7138080b7d5c1f313e4833967aa7fa8417a710c832e7c42f86fdd4c3f86c9e61,2021-06,Lancashire Constabulary,Lancashire Constabulary,-2.765328,53.886241,On or near Broom Field,E01025549,Wyre 006B,Burglary,Further investigation is not in the public interest,
acb5ebd038612ebf52478019f8d66d377a14967302a7e96b4a68712a1eaa0621,2021-06,Lancashire Constabulary,Lancashire Constabulary,-2.766789,53.895418,On or near Fairfax Close,E01025549,Wyre 006B,Criminal damage and arson,Unable to prosecute suspect,
d170a25506fbb1e9ef37624247148dc9510fcc9a5a90c4016d0d73eec395de67,2021-06,Lancashire Constabulary,Lancashire Constabulary,-2.741154,53.908656,On or near Delph Lane,E01025549,Wyre 006B,Other theft,Unable to prosecute suspect,
6f7b1174d897a169d664108158e1f94afb0cbcaf32a11c9eb19a573f07dabbb3,2021-06,Lancashire Constabulary,Lancashire Constabulary,-2.765594,53.885835,On or near Shepherd'S Avenue,E01025549,Wyre 006B,Vehicle crime,Unable to prosecute suspect,
5da84334238d0f083537da4df260eec70b8dcbefe737660297a57883ac19146f,2021-06,Lancashire Constabulary,Lancashire Constabulary,-2.731003,53.888774,On or near Bell Lane,E01025549,Wyre 006B,Vehicle crime,Investigation complete; no suspect identified,
a500ae0dccb10910b9ae3cd66822a419f5fbd4dec0c0c32787b74c85e9bedc6d,2021-06,Lancashire Constabulary,Lancashire Constabulary,-2.766789,53.895418,On or near Fairfax Close,E01025549,Wyre 006B,Violence and sexual offences,Unable to prosecute suspect,
91aefe55807f6d9f3db6ee4e688cfc5a747e1576680391cc300c66b6f0faea7a,2021-06,Lancashire Constabulary,Lancashire Constabulary,-2.764664,53.896528,On or near Chepstow Gardens,E01025549,Wyre 006B,Violence and sexual offences,Unable to prosecute suspect,
60ffd512e8ccbb420c3d48c321dea159f13981c7b0d933ef5d6c12843867102a,2021-06,Lancashire Constabulary,Lancashire Constabulary,-2.745110,53.911975,On or near Eidsforth Lane,E01025549,Wyre 006B,Violence and sexual offences,Action to be taken by another organisation,
b0d858b7d075d29ec0d78bd4ccb514bd8f7080ce2ecd48743c0afd1426a0ff09,2021-06,Lancashire Constabulary,Lancashire Constabulary,-2.774063,53.897070,On or near Waters Edge Green,E01025549,Wyre 006B,Violence and sexual offences,Action to be taken by another organisation,
214bbf3a920b71f6449b4f00f0860b7a7df380f488b64ba65dfcb1fc17acfe50,2021-06,Lancashire Constabulary,Lancashire Constabulary,-2.767421,53.889230,On or near Garstang Road,E01025549,Wyre 006B,Other crime,Investigation complete; no suspect identified,
de98a8d3665bf7c666b0d074acaa126b2aa07e0417d2f4586423dc4643e1799b,2021-06,Lancashire Constabulary,Lancashire Constabulary,-2.767421,53.889230,On or near Garstang Road,E01025549,Wyre 006B,Other crime,Further investigation is not in the public interest,
9e7c6f7557ba357ed71b184dcd5327161f816f12ddc87ebac8365d17a59efe5b,2021-06,Lancashire Constabulary,Lancashire Constabulary,-2.767421,53.889230,On or near Garstang Road,E01025549,Wyre 006B,Other crime,Further investigation is not in the public interest,
,2021-06,Lancashire Constabulary,Lancashire Constabulary,-2.793439,53.961468,On or near Cockerham Road,E01025609,Wyre 006C,Anti-social behaviour,,
,2021-06,Lancashire Constabulary,Lancashire Constabulary,-2.760582,53.961645,On or near Motorway Service Area,E01025609,Wyre 006C,Anti-social behaviour,,
,2021-06,Lancashire Constabulary,Lancashire Constabulary,-2.761118,53.931703,On or near Springfield Gardens,E01025609,Wyre 006C,Anti-social behaviour,,
,2021-06,Lancashire Constabulary,Lancashire Constabulary,-2.777024,53.962304,On or near Petrol Station,E01025609,Wyre 006C,Anti-social behaviour,,
,2021-06,Lancashire Constabulary,Lancashire Constabulary,-2.770456,53.953259,On or near Hayshaw Mews,E01025609,Wyre 006C,Anti-social behaviour,,
,2021-06,Lancashire Constabulary,Lancashire Constabulary,-2.718977,53.965469,On or near Tinker'S Lane,E01025609,Wyre 006C,Anti-social behaviour,,
5c72b8fe6e5309248c1dc40cb07d67b32436616f55a253b389e5b076be16697d,2021-06,Lancashire Constabulary,Lancashire Constabulary,-2.760582,53.961645,On or near Motorway Service Area,E01025609,Wyre 006C,Burglary,Status update unavailable,
0b8dd3a169491d4a2a028c8daf46858e515821b493d8cc7ba884cd73cfc00dd8,2021-06,Lancashire Constabulary,Lancashire Constabulary,-2.733493,53.974432,On or near Rivers View Fold,E01025609,Wyre 006C,Criminal damage and arson,Status update unavailable,
4a3a52583a10d8977bc257cd0afb9ba38f2acf0760f4132337435d5e5ad6b6b4,2021-06,Lancashire Constabulary,Lancashire Constabulary,-2.760582,53.961645,On or near Motorway Service Area,E01025609,Wyre 006C,Other theft,Investigation complete; no suspect identified,
e61f5d1b51ea5095297c5f78bebe24b24ddb7d8d4a74177e224afcfbd9654700,2021-06,Lancashire Constabulary,Lancashire Constabulary,-2.760582,53.961645,On or near Motorway Service Area,E01025609,Wyre 006C,Other theft,Status update unavailable,
1ea255f4971538b826ea9ca6af68fbe4ba0b8b118056ffc97c3ecab3a0c0b57c,2021-06,Lancashire Constabulary,Lancashire Constabulary,-2.761358,53.961568,On or near Petrol Station,E01025609,Wyre 006C,Other theft,Status update unavailable,
a7b5b17f00d5f9a35825a3b71649c056bd513fcbf21a7ad4f62cdd6a92f10fc6,2021-06,Lancashire Constabulary,Lancashire Constabulary,-2.760582,53.961645,On or near Motorway Service Area,E01025609,Wyre 006C,Other theft,Status update unavailable,
853efd74013b3bdd062e986541b1d819e28f2962367dbf52c93d6359e6a05d95,2021-06,Lancashire Constabulary,Lancashire Constabulary,-2.749741,53.932565,On or near Park/Open Space,E01025609,Wyre 006C,Other theft,Investigation complete; no suspect identified,
9cd43d88c9ac7f71f6021ae87c099b3a31beed36e37e932e76c9a042e58ed447,2021-06,Lancashire Constabulary,Lancashire Constabulary,-2.759995,53.932752,On or near The Square,E01025609,Wyre 006C,Shoplifting,Investigation complete; no suspect identified,
c5ca1e78ee960bde52c37747ec678af8bfbdc0e55a71ac645c64989298d46e37,2021-06,Lancashire Constabulary,Lancashire Constabulary,-2.761358,53.961568,On or near Petrol Station,E01025609,Wyre 006C,Theft from the person,Investigation complete; no suspect identified,
3ce2ae991a33d0eb38008b8583fe45112921b6e3c92179a6558f3316bee1bf55,2021-06,Lancashire Constabulary,Lancashire Constabulary,-2.747245,53.953082,On or near Park/Open Space,E01025609,Wyre 006C,Violence and sexual offences,Unable to prosecute suspect,
410fd28d8e929f22019c2973a6c618621ff43e388aa2e8f36fcb190b90d02e56,2021-06,Lancashire Constabulary,Lancashire Constabulary,-2.759413,53.935066,On or near Wyresdale Crescent,E01025609,Wyre 006C,Violence and sexual offences,Unable to prosecute suspect,
,2021-06,Lancashire Constabulary,Lancashire Constabulary,-2.775458,53.913239,On or near Norton Road,E01025548,Wyre 007A,Anti-social behaviour,,
,2021-06,Lancashire Constabulary,Lancashire Constabulary,-2.777047,53.928284,On or near Preston Lancaster Road,E01025548,Wyre 007A,Anti-social behaviour,,
6edfadfb7a7a6d1594e874d3759203d6bb3e638e29d977d2b8fe161db0da1e0d,2021-06,Lancashire Constabulary,Lancashire Constabulary,-2.771814,53.938519,On or near Station Lane,E01025548,Wyre 007A,Criminal damage and arson,Status update unavailable,
8a1a80e1fbcc684757ca3f9d474b678ee66ddace35fc77f14e43f8fabdc5379c,2021-06,Lancashire Constabulary,Lancashire Constabulary,-2.771814,53.938519,On or near Station Lane,E01025548,Wyre 007A,Vehicle crime,Unable to prosecute suspect,
965bca63f8ddaf4b9e1973f7f71710fabf78156363ab2d992f5b29244d3cf7f8,2021-06,Lancashire Constabulary,Lancashire Constabulary,-2.783946,53.925821,On or near Fowler Hill Lane,E01025548,Wyre 007A,Violence and sexual offences,Unable to prosecute suspect,
,2021-06,Lancashire Constabulary,Lancashire Constabulary,-2.769411,53.877452,On or near Chapelside Close,E01025553,Wyre 007B,Anti-social behaviour,,
,2021-06,Lancashire Constabulary,Lancashire Constabulary,-2.769948,53.878500,On or near Parkers Fold,E01025553,Wyre 007B,Anti-social behaviour,,
,2021-06,Lancashire Constabulary,Lancashire Constabulary,-2.766443,53.879026,On or near Stone Cross Gardens,E01025553,Wyre 007B,Anti-social behaviour,,
,2021-06,Lancashire Constabulary,Lancashire Constabulary,-2.763166,53.877797,On or near Toulmin Close,E01025553,Wyre 007B,Anti-social behaviour,,
,2021-06,Lancashire Constabulary,Lancashire Constabulary,-2.763166,53.877797,On or near Toulmin Close,E01025553,Wyre 007B,Anti-social behaviour,,
3dd6acee8d8533e1d39ba5be525b41cd1b779c7b7de4312af09f6e7eb9cda3d0,2021-06,Lancashire Constabulary,Lancashire Constabulary,-2.781056,53.881996,On or near Petrol Station,E01025553,Wyre 007B,Shoplifting,Investigation complete; no suspect identified,
8e85265e0be9dc2dadaf5a56d79c322c98622a3f494b8475814c0f0c5043d4ef,2021-06,Lancashire Constabulary,Lancashire Constabulary,-2.781056,53.881996,On or near Petrol Station,E01025553,Wyre 007B,Shoplifting,Status update unavailable,
bb65ecfa5dc7b807e26b82ba79b8409879676695200c00c5dd8218fa926f52fc,2021-06,Lancashire Constabulary,Lancashire Constabulary,-2.768810,53.881986,On or near Keppers Wood Way,E01025553,Wyre 007B,Violence and sexual offences,Unable to prosecute suspect,
3f278d85aed86d0c62a8b1150250ad064cf50fb273860a3c076a110cac94d4c3,2021-06,Lancashire Constabulary,Lancashire Constabulary,-2.766443,53.879026,On or near Stone Cross Gardens,E01025553,Wyre 007B,Violence and sexual offences,Unable to prosecute suspect,
26bea860def88f8952fe372d1873846dce9850af48741679b5c680dcce90aa55,2021-06,Lancashire Constabulary,Lancashire Constabulary,-2.775573,53.901365,On or near Rope Walk,E01025558,Wyre 007C,Shoplifting,Court result unavailable,
b397f6a617ef39a437c325f0cb67ba2b9100cf2829e2fcb618d2c1d5bc82bce1,2021-06,Lancashire Constabulary,Lancashire Constabulary,-2.775573,53.901365,On or near Rope Walk,E01025558,Wyre 007C,Shoplifting,Status update unavailable,
5eb92dbc180d493ff9639de6159f4209ea7e6ad6199ba0f07d5747ca2b7bb4f9,2021-06,Lancashire Constabulary,Lancashire Constabulary,-2.775444,53.904260,On or near Station Way,E01025558,Wyre 007C,Violence and sexual offences,Unable to prosecute suspect,
1921b58da392b2f1c3e54edacc87a9b2ac3fbea4ff880523c0b3de7fb0390724,2021-06,Lancashire Constabulary,Lancashire Constabulary,-2.775444,53.904260,On or near Station Way,E01025558,Wyre 007C,Violence and sexual offences,Action to be taken by another organisation,
fc97983f2ada904a261c13ad6beb1027574060f9da26c3c51124645022634a53,2021-06,Lancashire Constabulary,Lancashire Constabulary,-2.774605,53.904985,On or near Fell View,E01025558,Wyre 007C,Violence and sexual offences,Unable to prosecute suspect,
d27b1f3d70ee101f94fe8e5a8916ae50ef567bc898e2ca955351baa8b53cba3c,2021-06,Lancashire Constabulary,Lancashire Constabulary,-2.775444,53.904260,On or near Station Way,E01025558,Wyre 007C,Violence and sexual offences,Unable to prosecute suspect,
,2021-06,Lancashire Constabulary,Lancashire Constabulary,-2.785703,53.897767,On or near Marshaw Place,E01025559,Wyre 007D,Anti-social behaviour,,
,2021-06,Lancashire Constabulary,Lancashire Constabulary,-2.782546,53.897437,On or near Kepple Lane,E01025559,Wyre 007D,Anti-social behaviour,,
,2021-06,Lancashire Constabulary,Lancashire Constabulary,-2.782546,53.897437,On or near Kepple Lane,E01025559,Wyre 007D,Anti-social behaviour,,
,2021-06,Lancashire Constabulary,Lancashire Constabulary,-2.782546,53.897437,On or near Kepple Lane,E01025559,Wyre 007D,Anti-social behaviour,,
,2021-06,Lancashire Constabulary,Lancashire Constabulary,-2.774995,53.900533,On or near Thomas'S Weind,E01025559,Wyre 007D,Anti-social behaviour,,
,2021-06,Lancashire Constabulary,Lancashire Constabulary,-2.775540,53.897905,On or near Supermarket,E01025559,Wyre 007D,Anti-social behaviour,,
,2021-06,Lancashire Constabulary,Lancashire Constabulary,-2.774984,53.899949,On or near High Street,E01025559,Wyre 007D,Anti-social behaviour,,
,2021-06,Lancashire Constabulary,Lancashire Constabulary,-2.785017,53.899327,On or near Hazelhurst Drive,E01025559,Wyre 007D,Anti-social behaviour,,
5f99ed70cb8dfb3318bea1ae91ad5fa6ddaa2c38e407dee689899530248ad1da,2021-06,Lancashire Constabulary,Lancashire Constabulary,-2.774984,53.899949,On or near High Street,E01025559,Wyre 007D,Criminal damage and arson,Local resolution,
3938d07b6dfb9fdee8f51b4c37a4475d7dd4ec1ed1f2f0ed7ecacc4acc93d6c0,2021-06,Lancashire Constabulary,Lancashire Constabulary,-2.787779,53.898095,On or near Parkside Lane,E01025559,Wyre 007D,Drugs,Court result unavailable,
e61e8c3fd694ad2b8bf5a1b25eb637e2ba674c7dce8450c0af181d1bc564c634,2021-06,Lancashire Constabulary,Lancashire Constabulary,-2.775540,53.897905,On or near Supermarket,E01025559,Wyre 007D,Shoplifting,Action to be taken by another organisation,
168334a93f8e9dc5e3edc101e6cb1dabdaf39823147c22ddb354cad90cbfcc71,2021-06,Lancashire Constabulary,Lancashire Constabulary,-2.787957,53.901087,On or near Nateby Court,E01025559,Wyre 007D,Violence and sexual offences,Unable to prosecute suspect,
a470faa2a0b2d0456448a044805af906a15922c816a55ede9699888b5f0d9ac7,2021-06,Lancashire Constabulary,Lancashire Constabulary,-2.787957,53.901087,On or near Nateby Court,E01025559,Wyre 007D,Violence and sexual offences,Unable to prosecute suspect,
eabe5fbf79066b199529694e17b0aeaf3823f40364096f825cb5ac17ce5f419b,2021-06,Lancashire Constabulary,Lancashire Constabulary,-2.774984,53.899949,On or near High Street,E01025559,Wyre 007D,Violence and sexual offences,Unable to prosecute suspect,
052021c88e68af45369faefbc60fb088dff283efa0145fe617e7b793ca18aa5d,2021-06,Lancashire Constabulary,Lancashire Constabulary,-2.774995,53.900533,On or near Thomas'S Weind,E01025559,Wyre 007D,Violence and sexual offences,Offender given a caution,
764d9845de102ce30a5c90e6ed6d51f7069cda6978e9383d9bb2cc908b8a0b5c,2021-06,Lancashire Constabulary,Lancashire Constabulary,-2.780362,53.902718,On or near Leicester Avenue,E01025560,Wyre 007E,Vehicle crime,Investigation complete; no suspect identified,
1d2711cdd03d506f8d36c51264095bec3c90e43fe713131b01043ef9f4395a70,2021-06,Lancashire Constabulary,Lancashire Constabulary,-2.776980,53.900098,On or near Police Station,E01025560,Wyre 007E,Violence and sexual offences,Unable to prosecute suspect,
,2021-06,Lancashire Constabulary,Lancashire Constabulary,-3.030551,53.886540,On or near Blaydon Avenue,E01025554,Wyre 008A,Anti-social behaviour,,
,2021-06,Lancashire Constabulary,Lancashire Constabulary,-3.029213,53.884079,On or near Kent Avenue,E01025554,Wyre 008A,Anti-social behaviour,,
,2021-06,Lancashire Constabulary,Lancashire Constabulary,-3.027384,53.883969,On or near Warwick Avenue,E01025554,Wyre 008A,Anti-social behaviour,,
,2021-06,Lancashire Constabulary,Lancashire Constabulary,-3.027384,53.883969,On or near Warwick Avenue,E01025554,Wyre 008A,Anti-social behaviour,,
,2021-06,Lancashire Constabulary,Lancashire Constabulary,-3.028599,53.885739,On or near Brook Grove,E01025554,Wyre 008A,Anti-social behaviour,,
,2021-06,Lancashire Constabulary,Lancashire Constabulary,-3.027384,53.883969,On or near Warwick Avenue,E01025554,Wyre 008A,Anti-social behaviour,,
,2021-06,Lancashire Constabulary,Lancashire Constabulary,-3.029213,53.884079,On or near Kent Avenue,E01025554,Wyre 008A,Anti-social behaviour,,
efd179a00bab66933d9209ec9f7b0a539a1cd7d62d8a7a028f1f2139f310f385,2021-06,Lancashire Constabulary,Lancashire Constabulary,-3.029213,53.884079,On or near Kent Avenue,E01025554,Wyre 008A,Burglary,Investigation complete; no suspect identified,
1f0f3063cc229336e10bcf0473c03545ba64a3a500637b0a31ec2d795818bc53,2021-06,Lancashire Constabulary,Lancashire Constabulary,-3.029213,53.884079,On or near Kent Avenue,E01025554,Wyre 008A,Public order,Unable to prosecute suspect,
1054eaa972456b98e4bc44f2f6e88201795f18b77fae7093ad88088a57d3769e,2021-06,Lancashire Constabulary,Lancashire Constabulary,-3.029213,53.884079,On or near Kent Avenue,E01025554,Wyre 008A,Violence and sexual offences,Unable to prosecute suspect,
,2021-06,Lancashire Constabulary,Lancashire Constabulary,-3.040381,53.885997,On or near Rossall Road,E01025556,Wyre 008B,Anti-social behaviour,,
75272db16eda4e2276c8427be955e301e19859baac59be54057e7d5eef0dc00e,2021-06,Lancashire Constabulary,Lancashire Constabulary,-3.035125,53.881404,On or near Leicester Gate,E01025556,Wyre 008B,Public order,Further investigation is not in the public interest,
fb619d91b9cbacddab86d39073cc964adb040c5162005138001e8e0f6ae29822,2021-06,Lancashire Constabulary,Lancashire Constabulary,-3.034548,53.885723,On or near Hexham Avenue,E01025556,Wyre 008B,Violence and sexual offences,Unable to prosecute suspect,
efeb512fb9ecfd5fcf978fa698dec335e1a2a1bf5b5bf88f5f5c56d90bee8ba5,2021-06,Lancashire Constabulary,Lancashire Constabulary,-3.036483,53.884628,On or near Cleveleys Avenue,E01025556,Wyre 008B,Other crime,Unable to prosecute suspect,
,2021-06,Lancashire Constabulary,Lancashire Constabulary,-3.041541,53.876944,On or near Shopping Area,E01025570,Wyre 008C,Anti-social behaviour,,
,2021-06,Lancashire Constabulary,Lancashire Constabulary,-3.045461,53.880443,On or near Cambridge Road,E01025570,Wyre 008C,Anti-social behaviour,,
,2021-06,Lancashire Constabulary,Lancashire Constabulary,-3.041087,53.878872,On or near Parking Area,E01025570,Wyre 008C,Anti-social behaviour,,
,2021-06,Lancashire Constabulary,Lancashire Constabulary,-3.045736,53.877411,On or near Kings Road,E01025570,Wyre 008C,Anti-social behaviour,,
,2021-06,Lancashire Constabulary,Lancashire Constabulary,-3.044749,53.878130,On or near Princess Road,E01025570,Wyre 008C,Anti-social behaviour,,
,2021-06,Lancashire Constabulary,Lancashire Constabulary,-3.044749,53.878130,On or near Princess Road,E01025570,Wyre 008C,Anti-social behaviour,,
,2021-06,Lancashire Constabulary,Lancashire Constabulary,-3.040991,53.878684,On or near St Andrew'S Court,E01025570,Wyre 008C,Anti-social behaviour,,
,2021-06,Lancashire Constabulary,Lancashire Constabulary,-3.045736,53.877411,On or near Kings Road,E01025570,Wyre 008C,Anti-social behaviour,,
,2021-06,Lancashire Constabulary,Lancashire Constabulary,-3.040324,53.876964,On or near Victoria Road West,E01025570,Wyre 008C,Anti-social behaviour,,
,2021-06,Lancashire Constabulary,Lancashire Constabulary,-3.045736,53.877411,On or near Kings Road,E01025570,Wyre 008C,Anti-social behaviour,,
,2021-06,Lancashire Constabulary,Lancashire Constabulary,-3.040991,53.878684,On or near St Andrew'S Court,E01025570,Wyre 008C,Anti-social behaviour,,
,2021-06,Lancashire Constabulary,Lancashire Constabulary,-3.041087,53.878872,On or near Parking Area,E01025570,Wyre 008C,Anti-social behaviour,,
,2021-06,Lancashire Constabulary,Lancashire Constabulary,-3.043207,53.878503,On or near Rough Lea Road,E01025570,Wyre 008C,Anti-social behaviour,,
,2021-06,Lancashire Constabulary,Lancashire Constabulary,-3.041541,53.876944,On or near Shopping Area,E01025570,Wyre 008C,Anti-social behaviour,,
,2021-06,Lancashire Constabulary,Lancashire Constabulary,-3.040991,53.878684,On or near St Andrew'S Court,E01025570,Wyre 008C,Anti-social behaviour,,
,2021-06,Lancashire Constabulary,Lancashire Constabulary,-3.045451,53.876991,On or near Coronation Road,E01025570,Wyre 008C,Anti-social behaviour,,
,2021-06,Lancashire Constabulary,Lancashire Constabulary,-3.043185,53.877613,On or near Supermarket,E01025570,Wyre 008C,Anti-social behaviour,,
,2021-06,Lancashire Constabulary,Lancashire Constabulary,-3.040991,53.878684,On or near St Andrew'S Court,E01025570,Wyre 008C,Anti-social behaviour,,
,2021-06,Lancashire Constabulary,Lancashire Constabulary,-3.045461,53.880443,On or near Cambridge Road,E01025570,Wyre 008C,Anti-social behaviour,,
,2021-06,Lancashire Constabulary,Lancashire Constabulary,-3.045736,53.877411,On or near Kings Road,E01025570,Wyre 008C,Anti-social behaviour,,
,2021-06,Lancashire Constabulary,Lancashire Constabulary,-3.045736,53.877411,On or near Kings Road,E01025570,Wyre 008C,Anti-social behaviour,,
17310b7d91f283bef2b976be88bb2a030bfb875964ca2baa369c3b5cf7052982,2021-06,Lancashire Constabulary,Lancashire Constabulary,-3.045295,53.881082,On or near Sandy Close,E01025570,Wyre 008C,Bicycle theft,Investigation complete; no suspect identified,
c04ac74b487c2b6c3837b687751e3399e37d5cd213c643210c99ed3a0c8adf66,2021-06,Lancashire Constabulary,Lancashire Constabulary,-3.045736,53.877411,On or near Kings Road,E01025570,Wyre 008C,Burglary,Investigation complete; no suspect identified,
416c085452a55d1404a759c98bca1b28a7660cae1adcf4c9c479db2e5a7fd808,2021-06,Lancashire Constabulary,Lancashire Constabulary,-3.041561,53.877744,On or near Shopping Area,E01025570,Wyre 008C,Criminal damage and arson,Investigation complete; no suspect identified,
c708c602157597c7a0d0c854461eb1a30eddad110e30f213a602a1c936272b2d,2021-06,Lancashire Constabulary,Lancashire Constabulary,-3.045461,53.880443,On or near Cambridge Road,E01025570,Wyre 008C,Criminal damage and arson,Unable to prosecute suspect,
b5cb46f097d751e84e78e92bbf3c775ef4e298d45dc85ec899dc8f91e25be4b4,2021-06,Lancashire Constabulary,Lancashire Constabulary,-3.045736,53.877411,On or near Kings Road,E01025570,Wyre 008C,Criminal damage and arson,Court result unavailable,
2a6b199a799b68a38457bb7f6d22dba2f40f0e8186641e374d2f1ef9f12b4e51,2021-06,Lancashire Constabulary,Lancashire Constabulary,-3.047017,53.878766,On or near Parking Area,E01025570,Wyre 008C,Other theft,Status update unavailable,
5cdb6573581b7c1f8b209502edf09df09c9e64b00c4f39bc508573f7e3d501db,2021-06,Lancashire Constabulary,Lancashire Constabulary,-3.044866,53.879126,On or near Parking Area,E01025570,Wyre 008C,Other theft,Status update unavailable,
c0b35e50ef0510aaa353e1973c395379e8aed8df184ec3956fb070058535d3f0,2021-06,Lancashire Constabulary,Lancashire Constabulary,-3.043424,53.877440,On or near Victoria Road West,E01025570,Wyre 008C,Shoplifting,Investigation complete; no suspect identified,
b2d497f391ce3af7b5220e368630f7310096f3e5fb707ef23ad50dd054bb1b29,2021-06,Lancashire Constabulary,Lancashire Constabulary,-3.043424,53.877440,On or near Victoria Road West,E01025570,Wyre 008C,Shoplifting,Status update unavailable,
6e5ca630d3868883da11f99c4a7b1332583dc22dfe2e34f57a47f64e50881acf,2021-06,Lancashire Constabulary,Lancashire Constabulary,-3.045451,53.876991,On or near Coronation Road,E01025570,Wyre 008C,Violence and sexual offences,Unable to prosecute suspect,
c3db545db7beab5637f3688f57ca2cfdc44792115c8fa54c893964faf4ecb05a,2021-06,Lancashire Constabulary,Lancashire Constabulary,-3.045736,53.877411,On or near Kings Road,E01025570,Wyre 008C,Violence and sexual offences,Unable to prosecute suspect,
9b0003f6f1d911cefe8f67b3b8d7498f7f90c3ecbddb9fcc463d721627805c46,2021-06,Lancashire Constabulary,Lancashire Constabulary,-3.047017,53.878766,On or near Parking Area,E01025570,Wyre 008C,Violence and sexual offences,Unable to prosecute suspect,
9859284a01a233edfd19ed1fdd2a9b72c936acc39137588f6415c598072c6ac6,2021-06,Lancashire Constabulary,Lancashire Constabulary,-3.041087,53.878872,On or near Parking Area,E01025570,Wyre 008C,Violence and sexual offences,Investigation complete; no suspect identified,
ddc2c1f5eda6cbde06b9500ce2a87c54425c79b35e29f5dbd9c622be3fc71490,2021-06,Lancashire Constabulary,Lancashire Constabulary,-3.045736,53.877411,On or near Kings Road,E01025570,Wyre 008C,Violence and sexual offences,Unable to prosecute suspect,
2ce24fb0646f8710ddd0fd0041d56770e82d3193a2e2a5407998abde1a444335,2021-06,Lancashire Constabulary,Lancashire Constabulary,-3.043207,53.878503,On or near Rough Lea Road,E01025570,Wyre 008C,Violence and sexual offences,Investigation complete; no suspect identified,
53d138245e9c41578c9c8c999609a8da66019ae3754f88eb2319cb62659509b6,2021-06,Lancashire Constabulary,Lancashire Constabulary,-3.047017,53.878766,On or near Parking Area,E01025570,Wyre 008C,Violence and sexual offences,Unable to prosecute suspect,
70b303bf41248a9300a4618fc441beaa903efbf8b2ef6917fed96105df0ec3e4,2021-06,Lancashire Constabulary,Lancashire Constabulary,-3.045736,53.877411,On or near Kings Road,E01025570,Wyre 008C,Other crime,Court result unavailable,
,2021-06,Lancashire Constabulary,Lancashire Constabulary,-3.040348,53.881593,On or near Beach Avenue,E01025571,Wyre 008D,Anti-social behaviour,,
,2021-06,Lancashire Constabulary,Lancashire Constabulary,-3.044336,53.883508,On or near Jubilee Drive,E01025571,Wyre 008D,Anti-social behaviour,,
,2021-06,Lancashire Constabulary,Lancashire Constabulary,-3.042117,53.883582,On or near Palatine Road,E01025571,Wyre 008D,Anti-social behaviour,,
,2021-06,Lancashire Constabulary,Lancashire Constabulary,-3.041608,53.882085,On or near Manor Drive,E01025571,Wyre 008D,Anti-social behaviour,,
0cc059f4a980f09025a8b4006ff4f6e2aa5a3d755ac5a4fb0864d5f991ee4704,2021-06,Lancashire Constabulary,Lancashire Constabulary,-3.046325,53.885163,On or near Parking Area,E01025571,Wyre 008D,Burglary,Unable to prosecute suspect,
6771580b133ef9788e408eb6319713ef6d8bc7c0cbd6decda1e10f2ed4b94150,2021-06,Lancashire Constabulary,Lancashire Constabulary,-3.044361,53.884524,On or near Carr Gate,E01025571,Wyre 008D,Criminal damage and arson,Unable to prosecute suspect,
37c681129642a5dac0e9d277f296bee41ad0295301f085a67a7c168fec9daf9c,2021-06,Lancashire Constabulary,Lancashire Constabulary,-3.044997,53.881948,On or near Ocean Way,E01025571,Wyre 008D,Criminal damage and arson,Investigation complete; no suspect identified,
859fe0bde9037b5c4b7e867934e1051f16ed881e180c8c5a4ddecab3071a4ba6,2021-06,Lancashire Constabulary,Lancashire Constabulary,-3.041608,53.882085,On or near Manor Drive,E01025571,Wyre 008D,Criminal damage and arson,Investigation complete; no suspect identified,
828282fc4ca0918f99d7c7f744f2c81071385df7ede929c4fa79ae15d54a0583,2021-06,Lancashire Constabulary,Lancashire Constabulary,-3.044336,53.883508,On or near Jubilee Drive,E01025571,Wyre 008D,Theft from the person,Investigation complete; no suspect identified,
8f8b263d0ac4e44331c8a063862e009e23ae51e017addac052a3d8fe5954babd,2021-06,Lancashire Constabulary,Lancashire Constabulary,-3.042666,53.879991,On or near Clegg Avenue,E01025571,Wyre 008D,Violence and sexual offences,Further investigation is not in the public interest,
a2979cfe65baa10350d7c729ab61777793607f31496ee23fc6c7abd54776d314,2021-06,Lancashire Constabulary,Lancashire Constabulary,-3.044997,53.881948,On or near Ocean Way,E01025571,Wyre 008D,Violence and sexual offences,Unable to prosecute suspect,
dab7b157a455e20bd42a3aed9c1742c97bbbde36a143bca5f1459d1f2d42822a,2021-06,Lancashire Constabulary,Lancashire Constabulary,-3.043483,53.879183,On or near Slinger Road,E01025571,Wyre 008D,Violence and sexual offences,Unable to prosecute suspect,
c140b6c8879ddf6d2d40a7d17f64f274047eab3483fdb0c16cbf98c1c8596abf,2021-06,Lancashire Constabulary,Lancashire Constabulary,-3.042666,53.879991,On or near Clegg Avenue,E01025571,Wyre 008D,Other crime,Further investigation is not in the public interest,
,2021-06,Lancashire Constabulary,Lancashire Constabulary,-3.042570,53.888359,On or near East Court,E01025572,Wyre 008E,Anti-social behaviour,,
,2021-06,Lancashire Constabulary,Lancashire Constabulary,-3.040221,53.890582,On or near Broadway,E01025572,Wyre 008E,Anti-social behaviour,,
,2021-06,Lancashire Constabulary,Lancashire Constabulary,-3.044279,53.887338,On or near Lanefield Drive,E01025572,Wyre 008E,Anti-social behaviour,,
,2021-06,Lancashire Constabulary,Lancashire Constabulary,-3.043803,53.886542,On or near South Avenue,E01025572,Wyre 008E,Anti-social behaviour,,
,2021-06,Lancashire Constabulary,Lancashire Constabulary,-3.044165,53.891294,On or near College Gate,E01025572,Wyre 008E,Anti-social behaviour,,
,2021-06,Lancashire Constabulary,Lancashire Constabulary,-3.044279,53.887338,On or near Lanefield Drive,E01025572,Wyre 008E,Anti-social behaviour,,
07c09217a06dc56cf8f7309de631fc480a141f94e269fbdeec3593a30a193679,2021-06,Lancashire Constabulary,Lancashire Constabulary,-3.043803,53.886542,On or near South Avenue,E01025572,Wyre 008E,Burglary,Investigation complete; no suspect identified,
41ae202b3b905ab98ad4d6e5a2084375a91a92c03e9781fc6e228a20abdb01da,2021-06,Lancashire Constabulary,Lancashire Constabulary,-3.044165,53.891294,On or near College Gate,E01025572,Wyre 008E,Other theft,Status update unavailable,
cb85073460f74e091bcc6ac044e75c7e3bcf8c40efc361030101ddc3a0a599bd,2021-06,Lancashire Constabulary,Lancashire Constabulary,-3.044279,53.887338,On or near Lanefield Drive,E01025572,Wyre 008E,Public order,Offender given a caution,
8dfc6578710c173094c8a32e72ba17d673756c0f4a2aeb49314c4fcca0e4b235,2021-06,Lancashire Constabulary,Lancashire Constabulary,-3.045978,53.890154,On or near The Bay,E01025572,Wyre 008E,Vehicle crime,Investigation complete; no suspect identified,
bb807ff61fef4b0f224db005219edc8296043ae9e75f873fc78c063eb29fb4c4,2021-06,Lancashire Constabulary,Lancashire Constabulary,-3.045325,53.889001,On or near Green Drive,E01025572,Wyre 008E,Violence and sexual offences,Unable to prosecute suspect,
59899ebc6dc184e0114aebc400a65bb8886179e324cf61d60d8a3fbfcb9cc053,2021-06,Lancashire Constabulary,Lancashire Constabulary,-3.044279,53.887338,On or near Lanefield Drive,E01025572,Wyre 008E,Violence and sexual offences,Unable to prosecute suspect,
,2021-06,Lancashire Constabulary,Lancashire Constabulary,-3.035844,53.876634,On or near Ramper Gate,E01025604,Wyre 008F,Anti-social behaviour,,
,2021-06,Lancashire Constabulary,Lancashire Constabulary,-3.030969,53.876325,On or near Birch Avenue,E01025604,Wyre 008F,Anti-social behaviour,,
,2021-06,Lancashire Constabulary,Lancashire Constabulary,-3.039681,53.877383,On or near Brighton Avenue,E01025604,Wyre 008F,Anti-social behaviour,,
,2021-06,Lancashire Constabulary,Lancashire Constabulary,-3.037814,53.875718,On or near St David'S Avenue,E01025604,Wyre 008F,Anti-social behaviour,,
,2021-06,Lancashire Constabulary,Lancashire Constabulary,-3.038988,53.875834,On or near St Andrew'S Avenue,E01025604,Wyre 008F,Anti-social behaviour,,
cc8240741cbe3f861dfd7b1338701ed591f2f4fd58ab44494c057f8c9d224f75,2021-06,Lancashire Constabulary,Lancashire Constabulary,-3.030969,53.876325,On or near Birch Avenue,E01025604,Wyre 008F,Criminal damage and arson,Investigation complete; no suspect identified,
7b6c5a113482abe739453de5ccdc9eb571ebc9bf551e759fee1b42b01d968e9d,2021-06,Lancashire Constabulary,Lancashire Constabulary,-3.031999,53.874896,On or near Stoneway Road,E01025604,Wyre 008F,Drugs,Court result unavailable,
66b2123b069cb1ab7e6c0fd7baf0e1f1ef324301681031c453a153a19f0015eb,2021-06,Lancashire Constabulary,Lancashire Constabulary,-3.035844,53.876634,On or near Ramper Gate,E01025604,Wyre 008F,Public order,Investigation complete; no suspect identified,
9aa4bd4084d447f5b16f0f02ab359342a99b9439e3345aee94a4d7865a681cde,2021-06,Lancashire Constabulary,Lancashire Constabulary,-3.030969,53.876325,On or near Birch Avenue,E01025604,Wyre 008F,Vehicle crime,Investigation complete; no suspect identified,
20a1af3642a524138de3bcb9cf5a50c3a5acc62b729bf3455c089cdb77cc2f82,2021-06,Lancashire Constabulary,Lancashire Constabulary,-3.035844,53.876634,On or near Ramper Gate,E01025604,Wyre 008F,Violence and sexual offences,Offender given a caution,
58b30ad96ed12a1f596c9938a649de89ae4181340b9f3e55e635b4af0fd88077,2021-06,Lancashire Constabulary,Lancashire Constabulary,-3.038458,53.875928,On or near St George'S Avenue,E01025604,Wyre 008F,Violence and sexual offences,Unable to prosecute suspect,
f763901c7d950acbaf78bea70f2093187a93cc1daeaedec24fd629dd565fe011,2021-06,Lancashire Constabulary,Lancashire Constabulary,-3.038458,53.875928,On or near St George'S Avenue,E01025604,Wyre 008F,Violence and sexual offences,Unable to prosecute suspect,
c49acbf61835328afdb87d662952105029eedf5aca8eb087575203034a50cd71,2021-06,Lancashire Constabulary,Lancashire Constabulary,-3.035844,53.876634,On or near Ramper Gate,E01025604,Wyre 008F,Violence and sexual offences,Unable to prosecute suspect,
,2021-06,Lancashire Constabulary,Lancashire Constabulary,-2.800504,53.844118,On or near Sowerby Road,E01025561,Wyre 009A,Anti-social behaviour,,
8626436d5d669d1a0ad22e522bc68d185a8861a62b7bc1e8683706fecd0bf2ee,2021-06,Lancashire Constabulary,Lancashire Constabulary,-2.800504,53.844118,On or near Sowerby Road,E01025561,Wyre 009A,Public order,Unable to prosecute suspect,
e0936b9b46607826ee267a25084a50b8983c77aa85f5aef20aeb9f78ca879660,2021-06,Lancashire Constabulary,Lancashire Constabulary,-2.815553,53.833231,On or near Wentworth Avenue,E01025561,Wyre 009A,Public order,Unable to prosecute suspect,
982393f9a142f3cdaafd33ad5355c2408a4bf50dea75cd3b6982c2c1a45dcc64,2021-06,Lancashire Constabulary,Lancashire Constabulary,-2.851867,53.851845,On or near White House Lane,E01025561,Wyre 009A,Violence and sexual offences,Unable to prosecute suspect,
c35ceb5c38fe04a7dbcabe5038c0c86be37b531210927fa3a46e5de77035dfea,2021-06,Lancashire Constabulary,Lancashire Constabulary,-2.851867,53.851845,On or near White House Lane,E01025561,Wyre 009A,Violence and sexual offences,Court result unavailable,
,2021-06,Lancashire Constabulary,Lancashire Constabulary,-2.913615,53.872710,On or near Chapel Lane,E01025562,Wyre 009B,Anti-social behaviour,,
,2021-06,Lancashire Constabulary,Lancashire Constabulary,-2.872016,53.855097,On or near The Weind,E01025562,Wyre 009B,Anti-social behaviour,,
,2021-06,Lancashire Constabulary,Lancashire Constabulary,-2.818028,53.867432,On or near Apple Tree Close,E01025562,Wyre 009B,Anti-social behaviour,,
,2021-06,Lancashire Constabulary,Lancashire Constabulary,-2.876944,53.855223,On or near West End,E01025562,Wyre 009B,Anti-social behaviour,,
806caddc8b652190147f3767a2f492968300605e4be12da25b24c75c223db2ed,2021-06,Lancashire Constabulary,Lancashire Constabulary,-2.880280,53.856260,On or near Malt Kiln Grove,E01025562,Wyre 009B,Burglary,Investigation complete; no suspect identified,
fbaaaad40cbeb0157b21e7f5c3e04180c98c83cbcb00e8e71c8b05a970629426,2021-06,Lancashire Constabulary,Lancashire Constabulary,-2.873193,53.854702,On or near High Street,E01025562,Wyre 009B,Other theft,Investigation complete; no suspect identified,
3260274cc245e78ab1d191a69d01242717b21b8649fb5a5012253e5b1afe117f,2021-06,Lancashire Constabulary,Lancashire Constabulary,-2.913615,53.872710,On or near Chapel Lane,E01025562,Wyre 009B,Public order,Unable to prosecute suspect,
4e2fb663e286ddcaa8ce7685486847407214702f96c957746b8d44ac02e61092,2021-06,Lancashire Constabulary,Lancashire Constabulary,-2.913615,53.872710,On or near Chapel Lane,E01025562,Wyre 009B,Public order,Unable to prosecute suspect,
a575eaabbbba80431fb18c3d379e9f7738585413950cad626727352e01344a13,2021-06,Lancashire Constabulary,Lancashire Constabulary,-2.820559,53.863909,On or near Blackpool Lane,E01025562,Wyre 009B,Violence and sexual offences,Investigation complete; no suspect identified,
4fa3a2ae67656f13c8d51c49f585a864c34df1a7e311dc9d95549056a2ee7f91,2021-06,Lancashire Constabulary,Lancashire Constabulary,-2.919314,53.867669,On or near Whin Lane,E01025562,Wyre 009B,Violence and sexual offences,Unable to prosecute suspect,
36c65d5d32863c2d62121c4145f9ec41438ac1c13fd251c73088f0450f0fc7e9,2021-06,Lancashire Constabulary,Lancashire Constabulary,-2.884240,53.884678,On or near Lancaster Road,E01025562,Wyre 009B,Violence and sexual offences,Further investigation is not in the public interest,
,2021-06,Lancashire Constabulary,Lancashire Constabulary,-2.794204,53.931156,On or near Park Lane,E01025585,Wyre 009C,Anti-social behaviour,,
,2021-06,Lancashire Constabulary,Lancashire Constabulary,-2.911152,53.932878,On or near Libby Lane,E01025585,Wyre 009C,Anti-social behaviour,,
,2021-06,Lancashire Constabulary,Lancashire Constabulary,-2.924735,53.934104,On or near Duck Street,E01025585,Wyre 009C,Anti-social behaviour,,
fa9f448ad8052524695f5f926f27e854a4f1e90ba4a085b615399dacf52dd063,2021-06,Lancashire Constabulary,Lancashire Constabulary,-2.911483,53.926431,On or near Carr Close,E01025585,Wyre 009C,Criminal damage and arson,Investigation complete; no suspect identified,
2ace702ce8fcf75e1eb6d0ffd14363fe4f2fdfc100781fe619af23ca494c3bdd,2021-06,Lancashire Constabulary,Lancashire Constabulary,-2.895700,53.928275,On or near Lancaster Road,E01025585,Wyre 009C,Criminal damage and arson,Unable to prosecute suspect,
ce57e8956dc7cbfbe80d52db56d207b45a1c470ee6155c4d1876237fee757de0,2021-06,Lancashire Constabulary,Lancashire Constabulary,-2.880497,53.925179,On or near Morley Lane,E01025585,Wyre 009C,Other theft,Unable to prosecute suspect,
0227625b0e76efe00fce5844c98a36e10d5e9b1c135a9904acc0bb005de989fd,2021-06,Lancashire Constabulary,Lancashire Constabulary,-2.924735,53.934104,On or near Duck Street,E01025585,Wyre 009C,Violence and sexual offences,Unable to prosecute suspect,
b46ec50dd084b30f116fa86ac0782bf8fa3a000e0cb0241c1c1f2e9a4ef17445,2021-06,Lancashire Constabulary,Lancashire Constabulary,-2.812257,53.918820,On or near Park/Open Space,E01025585,Wyre 009C,Violence and sexual offences,Unable to prosecute suspect,
0bc036546eff553970bc8deca42cb1aa340d63ef47e20bb7d37b5ffc2ffadafc,2021-06,Lancashire Constabulary,Lancashire Constabulary,-2.894242,53.924206,On or near Stakepool Drive,E01025585,Wyre 009C,Violence and sexual offences,Unable to prosecute suspect,
7e6e939300fec218f06ffeb800ed1b68369f00eafacd765b3c9b71a3fccd085f,2021-06,Lancashire Constabulary,Lancashire Constabulary,-2.884789,53.923664,On or near Moss House Lane,E01025585,Wyre 009C,Other crime,Unable to prosecute suspect,
,2021-06,Lancashire Constabulary,Lancashire Constabulary,-3.013344,53.887199,On or near Rose Fold,E01025542,Wyre 010A,Anti-social behaviour,,
222bb98b4c70fdd767eaaade2411a2d9f13b36659136f7fe7f67192eb012bfb6,2021-06,Lancashire Constabulary,Lancashire Constabulary,-3.016615,53.882803,On or near Bennett Road,E01025542,Wyre 010A,Criminal damage and arson,Status update unavailable,
6790ca7c167ec46513c82fe32c6cfbd8e388d4ae2ccce6846b943b1fe7c29ae8,2021-06,Lancashire Constabulary,Lancashire Constabulary,-3.013308,53.887603,On or near Ivy Gardens,E01025542,Wyre 010A,Drugs,Local resolution,
,2021-06,Lancashire Constabulary,Lancashire Constabulary,-3.028052,53.882669,On or near Ingleway,E01025555,Wyre 010B,Anti-social behaviour,,
,2021-06,Lancashire Constabulary,Lancashire Constabulary,-3.025088,53.882758,On or near Central Avenue North,E01025555,Wyre 010B,Anti-social behaviour,,
,2021-06,Lancashire Constabulary,Lancashire Constabulary,-3.026224,53.882559,On or near May Bell Avenue,E01025555,Wyre 010B,Anti-social behaviour,,
,2021-06,Lancashire Constabulary,Lancashire Constabulary,-3.030448,53.881112,On or near Cardinal Place,E01025555,Wyre 010B,Anti-social behaviour,,
0610f8aa5727239fe2b40f811a31ecf25025cfc4f3ee32588d14205df0dbd83b,2021-06,Lancashire Constabulary,Lancashire Constabulary,-3.024402,53.883941,On or near Folkestone Close,E01025555,Wyre 010B,Burglary,Unable to prosecute suspect,
2c83cd320ff803c6b7139bf18b330d37b08f645b2097c2fb1702051e4f2040fb,2021-06,Lancashire Constabulary,Lancashire Constabulary,-3.028052,53.882669,On or near Ingleway,E01025555,Wyre 010B,Burglary,Unable to prosecute suspect,
470c26be94ab2ab1fcdc89695196ffc095f696f795328126f91cd975a04a9c37,2021-06,Lancashire Constabulary,Lancashire Constabulary,-3.023651,53.883732,On or near Portsmouth Close,E01025555,Wyre 010B,Public order,Unable to prosecute suspect,
f25d98f659f45e3a30010928f653db97d70e71093ec0c21550d3f9785b17283b,2021-06,Lancashire Constabulary,Lancashire Constabulary,-3.023651,53.883732,On or near Portsmouth Close,E01025555,Wyre 010B,Vehicle crime,Investigation complete; no suspect identified,
3cabbe99021587026ebf2a85dd89788b0b2423eb3326068c12dda8e90682283d,2021-06,Lancashire Constabulary,Lancashire Constabulary,-3.030157,53.882283,On or near Wolsey Close,E01025555,Wyre 010B,Vehicle crime,Investigation complete; no suspect identified,
6acd216c41955d2c89128bff9021b02913acb2405b6a069f435e97bff868d7cd,2021-06,Lancashire Constabulary,Lancashire Constabulary,-3.028052,53.882669,On or near Ingleway,E01025555,Wyre 010B,Vehicle crime,Investigation complete; no suspect identified,
63f0e8989782eedb00d93dae061fe748ddc190e20476dd6d0be0a12f71ff0384,2021-06,Lancashire Constabulary,Lancashire Constabulary,-3.023651,53.883732,On or near Portsmouth Close,E01025555,Wyre 010B,Violence and sexual offences,Local resolution,
66cac0828de27f2452c91ab22cac21d48106317f8b97aeba7ec57625a61d503c,2021-06,Lancashire Constabulary,Lancashire Constabulary,-3.023651,53.883732,On or near Portsmouth Close,E01025555,Wyre 010B,Violence and sexual offences,Local resolution,
8cc5c7ef1cfff172e6d19698b7588c515edcf0e8a47421160c734c0257442555,2021-06,Lancashire Constabulary,Lancashire Constabulary,-3.023651,53.883732,On or near Portsmouth Close,E01025555,Wyre 010B,Violence and sexual offences,Unable to prosecute suspect,
58639d5f304baaa29104be318a3068cb363ea0f09784fe33875981d81ca4d780,2021-06,Lancashire Constabulary,Lancashire Constabulary,-3.027147,53.886066,On or near Rochester Avenue,E01025555,Wyre 010B,Violence and sexual offences,Investigation complete; no suspect identified,
f70d388038766a704b6629de92780e209881d3fdfda9f3a32d056a74c33ca405,2021-06,Lancashire Constabulary,Lancashire Constabulary,-3.022480,53.886860,On or near Whitecrest Avenue,E01025555,Wyre 010B,Other crime,Status update unavailable,
,2021-06,Lancashire Constabulary,Lancashire Constabulary,-3.025438,53.872832,On or near Supermarket,E01025601,Wyre 010C,Anti-social behaviour,,
,2021-06,Lancashire Constabulary,Lancashire Constabulary,-3.024579,53.873783,On or near Petrol Station,E01025601,Wyre 010C,Anti-social behaviour,,
,2021-06,Lancashire Constabulary,Lancashire Constabulary,-3.032163,53.876028,On or near Parking Area,E01025601,Wyre 010C,Anti-social behaviour,,
,2021-06,Lancashire Constabulary,Lancashire Constabulary,-3.020597,53.873879,On or near Victoria Road East,E01025601,Wyre 010C,Anti-social behaviour,,
,2021-06,Lancashire Constabulary,Lancashire Constabulary,-3.021449,53.876407,On or near Church Road,E01025601,Wyre 010C,Anti-social behaviour,,
3e108eff7398ad7c83211509d21c1d3071ef6ebe2cddcd0c72b74f56db390571,2021-06,Lancashire Constabulary,Lancashire Constabulary,-3.024579,53.873783,On or near Petrol Station,E01025601,Wyre 010C,Other theft,Investigation complete; no suspect identified,
3fda66970d29172d96e683e5f22af2f67a5888734a00239ee71d405440de4c4b,2021-06,Lancashire Constabulary,Lancashire Constabulary,-3.026699,53.877108,On or near The Hermitage,E01025601,Wyre 010C,Vehicle crime,Further investigation is not in the public interest,
abc374088e44ce42f25ebc28e3da72d1d97e4087dc0f187e212ba4c8404946cd,2021-06,Lancashire Constabulary,Lancashire Constabulary,-3.026699,53.877108,On or near The Hermitage,E01025601,Wyre 010C,Vehicle crime,Court result unavailable,
0d0b78b5c700ead04361f180a22033b3fd229331b8e868e2fa055a74eb3397bc,2021-06,Lancashire Constabulary,Lancashire Constabulary,-3.024373,53.875312,On or near Rowland Close,E01025601,Wyre 010C,Vehicle crime,Investigation complete; no suspect identified,
174ae8bb31bf636e5207ca316ac423b6613ececad337799144de1dcc8096fcbb,2021-06,Lancashire Constabulary,Lancashire Constabulary,-3.029888,53.874438,On or near Merlyn Road,E01025601,Wyre 010C,Violence and sexual offences,Unable to prosecute suspect,
527174cc9d6452bcfa5f967197768c83a017e82f6493fa8bfeed453f3a02f999,2021-06,Lancashire Constabulary,Lancashire Constabulary,-3.025438,53.872832,On or near Supermarket,E01025601,Wyre 010C,Violence and sexual offences,Investigation complete; no suspect identified,
,2021-06,Lancashire Constabulary,Lancashire Constabulary,-3.020402,53.865909,On or near Wood Green Drive,E01025602,Wyre 010D,Anti-social behaviour,,
,2021-06,Lancashire Constabulary,Lancashire Constabulary,-3.020097,53.862100,On or near Prenton Gardens,E01025602,Wyre 010D,Anti-social behaviour,,
,2021-06,Lancashire Constabulary,Lancashire Constabulary,-3.020097,53.862100,On or near Prenton Gardens,E01025602,Wyre 010D,Anti-social behaviour,,
66a48edb248421f2a65001b29da3023aff9f2de73a0af4f1ff76c8b06e4e20ed,2021-06,Lancashire Constabulary,Lancashire Constabulary,-3.020097,53.862100,On or near Prenton Gardens,E01025602,Wyre 010D,Criminal damage and arson,Investigation complete; no suspect identified,
b996d473fd1d7f526c25fcbd33c15e4060eb355f1b23d6c6985099864f4737cc,2021-06,Lancashire Constabulary,Lancashire Constabulary,-3.020097,53.862100,On or near Prenton Gardens,E01025602,Wyre 010D,Criminal damage and arson,Investigation complete; no suspect identified,
0cb311ed02916f662b8b9f6675e5bb352877548e69b02783d4d15553bd5a14f0,2021-06,Lancashire Constabulary,Lancashire Constabulary,-3.020402,53.865909,On or near Wood Green Drive,E01025602,Wyre 010D,Vehicle crime,Investigation complete; no suspect identified,
5fad1de7672aee6319dcf83214bf45215f59c51e60d7c9cb4f1bbbc2652faaa8,2021-06,Lancashire Constabulary,Lancashire Constabulary,-3.020362,53.866736,On or near Bovington Avenue,E01025602,Wyre 010D,Vehicle crime,Investigation complete; no suspect identified,
656d8fbba6d1eb863b000e796d49c5e9a6dd3b08f650eedf173bd7e2cb765937,2021-06,Lancashire Constabulary,Lancashire Constabulary,-3.021302,53.869757,On or near Thorncross,E01025602,Wyre 010D,Violence and sexual offences,Unable to prosecute suspect,
43ca097d4b75174db6c4be46af3223659afb058b9d662712ceb28b1096f5ab7d,2021-06,Lancashire Constabulary,Lancashire Constabulary,-3.020097,53.862100,On or near Prenton Gardens,E01025602,Wyre 010D,Violence and sexual offences,Court result unavailable,
4ad6210e170e6d83d1f29e4cecc52550326ebb552579e6668207410083623b79,2021-06,Lancashire Constabulary,Lancashire Constabulary,-3.020402,53.865909,On or near Wood Green Drive,E01025602,Wyre 010D,Violence and sexual offences,Unable to prosecute suspect,
43bb53b59648fbee4b722a8c1c8bd266080c0989b03e4f72909b45ac07d005a4,2021-06,Lancashire Constabulary,Lancashire Constabulary,-3.021327,53.861407,On or near Faraday Way,E01025602,Wyre 010D,Violence and sexual offences,Unable to prosecute suspect,
,2021-06,Lancashire Constabulary,Lancashire Constabulary,-3.033958,53.877873,On or near Ormont Avenue,E01025603,Wyre 010E,Anti-social behaviour,,
5d33dbff65725fb5d4c011dd211c0813eeb264bab07aab19a027ebd129538652,2021-06,Lancashire Constabulary,Lancashire Constabulary,-3.019793,53.880250,On or near Browning Avenue,E01025603,Wyre 010E,Vehicle crime,Investigation complete; no suspect identified,
cb9e6c09fdfb82539312c17110e54bd34183a1d6ff24442a360d5a76c103fcd4,2021-06,Lancashire Constabulary,Lancashire Constabulary,-3.029862,53.877063,On or near Holmefield Close,E01025603,Wyre 010E,Vehicle crime,Investigation complete; no suspect identified,
57a63f26b4680686f5f71871e8077a719ddff5a0fd9429c24c4d425dc4dbe5b8,2021-06,Lancashire Constabulary,Lancashire Constabulary,-3.031919,53.879068,On or near The Grove,E01025603,Wyre 010E,Violence and sexual offences,Unable to prosecute suspect,
1009f7646435aa014dbf85fb311eae895e0151efb395ab3c0e32ccd8425b9670,2021-06,Lancashire Constabulary,Lancashire Constabulary,-3.031919,53.879068,On or near The Grove,E01025603,Wyre 010E,Violence and sexual offences,Unable to prosecute suspect,
,2021-06,Lancashire Constabulary,Lancashire Constabulary,-3.008398,53.887789,On or near Eagle Brow Close,E01025541,Wyre 011A,Anti-social behaviour,,
,2021-06,Lancashire Constabulary,Lancashire Constabulary,-3.008398,53.887789,On or near Eagle Brow Close,E01025541,Wyre 011A,Anti-social behaviour,,
,2021-06,Lancashire Constabulary,Lancashire Constabulary,-3.012193,53.884889,On or near Walker Way,E01025541,Wyre 011A,Anti-social behaviour,,
,2021-06,Lancashire Constabulary,Lancashire Constabulary,-3.004418,53.884883,On or near Butts Close,E01025541,Wyre 011A,Anti-social behaviour,,
,2021-06,Lancashire Constabulary,Lancashire Constabulary,-3.005298,53.888579,On or near Park/Open Space,E01025541,Wyre 011A,Anti-social behaviour,,
,2021-06,Lancashire Constabulary,Lancashire Constabulary,-3.012073,53.887479,On or near Rixton Grove,E01025541,Wyre 011A,Anti-social behaviour,,
,2021-06,Lancashire Constabulary,Lancashire Constabulary,-3.005918,53.886506,On or near Hapton Street,E01025541,Wyre 011A,Anti-social behaviour,,
eb0663a69d779705e432ab8a566c885e6f9b6821371c0596c9218f0808700a9e,2021-06,Lancashire Constabulary,Lancashire Constabulary,-3.011432,53.882990,On or near Fleetwood Road North,E01025541,Wyre 011A,Criminal damage and arson,Investigation complete; no suspect identified,
1ed7b87338820cb40c25baa7a0dd17fa9e79cfa67b1beaaaf9c3374170ca140e,2021-06,Lancashire Constabulary,Lancashire Constabulary,-3.012073,53.887479,On or near Rixton Grove,E01025541,Wyre 011A,Criminal damage and arson,Unable to prosecute suspect,
0f39325d4bf2c6dbf0f8d7165ed624c80a135213cece5ff516de2888a8d89d07,2021-06,Lancashire Constabulary,Lancashire Constabulary,-3.011537,53.880401,On or near Patterdale Avenue,E01025541,Wyre 011A,Criminal damage and arson,Unable to prosecute suspect,
16e549deda7032c6fbd0bed176348e0c6ce3154c7a4419abbc3b007e785d36ce,2021-06,Lancashire Constabulary,Lancashire Constabulary,-3.011261,53.880969,On or near Lowesway,E01025541,Wyre 011A,Other theft,Unable to prosecute suspect,
bd1a23ea06bdb0b8e04b1171bc415d03f0ba11fabddb4830734baec0d5ba2734,2021-06,Lancashire Constabulary,Lancashire Constabulary,-3.013098,53.884594,On or near Supermarket,E01025541,Wyre 011A,Vehicle crime,Investigation complete; no suspect identified,
a85862ae3467223b5ddc01a0025097845359ea00bfc2863d41e91793c2976940,2021-06,Lancashire Constabulary,Lancashire Constabulary,-3.008398,53.887789,On or near Eagle Brow Close,E01025541,Wyre 011A,Violence and sexual offences,Unable to prosecute suspect,
bd8a4c0c8af023ba1ee3434b2679c95440e9bfd5d1e67a7c4e18e26d6856ca36,2021-06,Lancashire Constabulary,Lancashire Constabulary,-3.014735,53.882441,On or near Fairclough Road,E01025541,Wyre 011A,Violence and sexual offences,Investigation complete; no suspect identified,
f30c6ffd79a9d1df02aa1ca389a2570b05e92dabcb339f79657544a987cbfc63,2021-06,Lancashire Constabulary,Lancashire Constabulary,-3.012073,53.887479,On or near Rixton Grove,E01025541,Wyre 011A,Violence and sexual offences,Status update unavailable,
98d7c32fd107b5a82b5884875e194902039f32fce6d6f7e7845cbe3f66c9ce70,2021-06,Lancashire Constabulary,Lancashire Constabulary,-3.009784,53.887849,On or near Crystal Road,E01025541,Wyre 011A,Violence and sexual offences,Unable to prosecute suspect,
e010e4fb95cbd6d6e244a0995a2e15e463a312afa5bcb9ccf27bcf55cc89ff92,2021-06,Lancashire Constabulary,Lancashire Constabulary,-3.004418,53.884883,On or near Butts Close,E01025541,Wyre 011A,Violence and sexual offences,Unable to prosecute suspect,
,2021-06,Lancashire Constabulary,Lancashire Constabulary,-3.006231,53.879259,On or near Brown Street,E01025543,Wyre 011B,Anti-social behaviour,,
,2021-06,Lancashire Constabulary,Lancashire Constabulary,-3.007469,53.882691,On or near The Stables,E01025543,Wyre 011B,Anti-social behaviour,,
,2021-06,Lancashire Constabulary,Lancashire Constabulary,-3.003150,53.878952,On or near Hatfield Close,E01025543,Wyre 011B,Anti-social behaviour,,
,2021-06,Lancashire Constabulary,Lancashire Constabulary,-3.003150,53.878952,On or near Hatfield Close,E01025543,Wyre 011B,Anti-social behaviour,,
,2021-06,Lancashire Constabulary,Lancashire Constabulary,-2.999189,53.879965,On or near Park/Open Space,E01025543,Wyre 011B,Anti-social behaviour,,
,2021-06,Lancashire Constabulary,Lancashire Constabulary,-3.004919,53.877203,On or near Springbank Avenue,E01025543,Wyre 011B,Anti-social behaviour,,
,2021-06,Lancashire Constabulary,Lancashire Constabulary,-3.003150,53.878952,On or near Hatfield Close,E01025543,Wyre 011B,Anti-social behaviour,,
,2021-06,Lancashire Constabulary,Lancashire Constabulary,-2.995298,53.878829,On or near Roscoe Avenue,E01025543,Wyre 011B,Anti-social behaviour,,
,2021-06,Lancashire Constabulary,Lancashire Constabulary,-3.003150,53.878952,On or near Hatfield Close,E01025543,Wyre 011B,Anti-social behaviour,,
,2021-06,Lancashire Constabulary,Lancashire Constabulary,-2.995298,53.878829,On or near Roscoe Avenue,E01025543,Wyre 011B,Anti-social behaviour,,
f61790a970c906f3ba11a1af88de10cef4eb5214418ba196e5a9747b99655b00,2021-06,Lancashire Constabulary,Lancashire Constabulary,-3.004011,53.876788,On or near Prescot Place,E01025543,Wyre 011B,Drugs,Further investigation is not in the public interest,
8a792c10f639d096d40fc6c6f448b02a4853de2f4edc5b2240762f3523dd1adf,2021-06,Lancashire Constabulary,Lancashire Constabulary,-3.004919,53.877203,On or near Springbank Avenue,E01025543,Wyre 011B,Other theft,Investigation complete; no suspect identified,
d2cd476a29ef4237b2aa9e30337889368eb972285d5c97db8519f0f9ae134914,2021-06,Lancashire Constabulary,Lancashire Constabulary,-3.007492,53.879833,On or near Royles Brook Close,E01025543,Wyre 011B,Possession of weapons,Further investigation is not in the public interest,
05b8d1e6a7b9c43eadc90786e460e441de494a802242f8d136053929ef4919fe,2021-06,Lancashire Constabulary,Lancashire Constabulary,-3.003150,53.878952,On or near Hatfield Close,E01025543,Wyre 011B,Public order,Unable to prosecute suspect,
0629e818a64723283f086592db8cbca1cde4de269a08279bfa3d85732f385102,2021-06,Lancashire Constabulary,Lancashire Constabulary,-3.007162,53.879404,On or near Trunnah Road,E01025543,Wyre 011B,Public order,Further investigation is not in the public interest,
ab8b923ee991500d6e257f82e9ba60fbfed8478266aa5c4c320caab1f2a114b8,2021-06,Lancashire Constabulary,Lancashire Constabulary,-2.995823,53.878528,On or near Roscoe Avenue,E01025543,Wyre 011B,Public order,Further investigation is not in the public interest,
1486d044ecc3f970f0e3bc0071664a506109c61b48ff0f6c893cdd4831d3f763,2021-06,Lancashire Constabulary,Lancashire Constabulary,-3.009535,53.878144,On or near Carlisle Grove,E01025543,Wyre 011B,Violence and sexual offences,Unable to prosecute suspect,
f09c42557cd7d6cc27daa10ce3b792f0b925351e89d6c4cbc42ac00400f38514,2021-06,Lancashire Constabulary,Lancashire Constabulary,-3.004969,53.878658,On or near Leslie Avenue,E01025543,Wyre 011B,Violence and sexual offences,Unable to prosecute suspect,
98689faa70532a540bfab57ce69eee7239e019bfe093b6b8e180378e00ff5b2e,2021-06,Lancashire Constabulary,Lancashire Constabulary,-3.007162,53.879404,On or near Trunnah Road,E01025543,Wyre 011B,Violence and sexual offences,Investigation complete; no suspect identified,
bbbaae1d0fbc6150d9ff1db7829f93536bb8c3eaf8476730693307a4ba206af8,2021-06,Lancashire Constabulary,Lancashire Constabulary,-3.005974,53.883764,On or near Ormerod Street,E01025543,Wyre 011B,Violence and sexual offences,Status update unavailable,
c392bf4da62ab7d8ee5105945af00872e7e4de27fcd01f8c9cb91d8e5b70f4f3,2021-06,Lancashire Constabulary,Lancashire Constabulary,-2.995823,53.878528,On or near Roscoe Avenue,E01025543,Wyre 011B,Violence and sexual offences,Unable to prosecute suspect,
ae615c68f02e0468a168ca424b988288a2becf7cdce1321a115c1feb14428ac7,2021-06,Lancashire Constabulary,Lancashire Constabulary,-3.005974,53.883764,On or near Ormerod Street,E01025543,Wyre 011B,Violence and sexual offences,Unable to prosecute suspect,
c5a35123c4488374f84c703053c8a5cc1fac1022805f9d04e47affab58d78ab8,2021-06,Lancashire Constabulary,Lancashire Constabulary,-3.008966,53.879766,On or near Trunnah Gardens,E01025543,Wyre 011B,Violence and sexual offences,Unable to prosecute suspect,
fbd0784d33cd40e3091e10efe55bf260efcbc7e595d8e16b3d1c3fe3324fa8aa,2021-06,Lancashire Constabulary,Lancashire Constabulary,-2.995823,53.878528,On or near Roscoe Avenue,E01025543,Wyre 011B,Violence and sexual offences,Unable to prosecute suspect,
1d624af529be55e5a9cf359c668c62f684dad2e65ead5be54a80be37720fd4b1,2021-06,Lancashire Constabulary,Lancashire Constabulary,-3.005974,53.883764,On or near Ormerod Street,E01025543,Wyre 011B,Violence and sexual offences,Unable to prosecute suspect,
388705f5c8ef4cd744002452c1e954a41cab94301c1bdf0409d7248375ea7f4a,2021-06,Lancashire Constabulary,Lancashire Constabulary,-3.004919,53.877203,On or near Springbank Avenue,E01025543,Wyre 011B,Violence and sexual offences,Unable to prosecute suspect,
dc8199f1afa9438ec69fa953b093b706a39e72177242cee1eef2ef1ebdeb005a,2021-06,Lancashire Constabulary,Lancashire Constabulary,-2.995823,53.878528,On or near Roscoe Avenue,E01025543,Wyre 011B,Violence and sexual offences,Status update unavailable,
97fac42847aefc4d5f11321849093ab053d937369bdd983edc558171101d483e,2021-06,Lancashire Constabulary,Lancashire Constabulary,-3.004098,53.876598,On or near Bancroft Avenue,E01025543,Wyre 011B,Violence and sexual offences,Unable to prosecute suspect,
8eb3eec66a29c96bb5f3e47ebefbb6b4a30e7f711c6e591845c11d03147fc773,2021-06,Lancashire Constabulary,Lancashire Constabulary,-3.004969,53.878658,On or near Leslie Avenue,E01025543,Wyre 011B,Violence and sexual offences,Unable to prosecute suspect,
090b3ab0c593224b45f7b0a4c90f581ee425dc85db6bb10aa6968c0a65dff77a,2021-06,Lancashire Constabulary,Lancashire Constabulary,-3.004098,53.876598,On or near Bancroft Avenue,E01025543,Wyre 011B,Violence and sexual offences,Unable to prosecute suspect,
4444dd4525dbb777eb38d706e13f36ff3d3248c0a2bc471f268954f76f68bef5,2021-06,Lancashire Constabulary,Lancashire Constabulary,-3.005974,53.883764,On or near Ormerod Street,E01025543,Wyre 011B,Violence and sexual offences,Unable to prosecute suspect,
07412fdc729e6939ce531d015b241cfb4b99465fa59507a91d9e626c87d6653a,2021-06,Lancashire Constabulary,Lancashire Constabulary,-3.008966,53.879766,On or near Trunnah Gardens,E01025543,Wyre 011B,Violence and sexual offences,Investigation complete; no suspect identified,
24d791f18f821a230e8f303e729dfce9fd24189eccc06a8a1d56fd07122f6fc7,2021-06,Lancashire Constabulary,Lancashire Constabulary,-3.008588,53.877990,On or near Longton Avenue,E01025543,Wyre 011B,Violence and sexual offences,Investigation complete; no suspect identified,
,2021-06,Lancashire Constabulary,Lancashire Constabulary,-3.014576,53.877777,On or near Gaskell Crescent,E01025544,Wyre 011C,Anti-social behaviour,,
,2021-06,Lancashire Constabulary,Lancashire Constabulary,-3.010380,53.876582,On or near Woodland Avenue,E01025544,Wyre 011C,Anti-social behaviour,,
,2021-06,Lancashire Constabulary,Lancashire Constabulary,-3.010380,53.876582,On or near Woodland Avenue,E01025544,Wyre 011C,Anti-social behaviour,,
921b1957f79e68ce9f0bdebecf2657f5c13a2b0b0d0f67a49057e232e752feae,2021-06,Lancashire Constabulary,Lancashire Constabulary,-3.010907,53.875112,On or near Pleasant Grove,E01025544,Wyre 011C,Other theft,Unable to prosecute suspect,
c5004bb086aab1d89eae9164ae28030cf9501abe37db7fc511e52a7ffc8b2f9f,2021-06,Lancashire Constabulary,Lancashire Constabulary,-3.012745,53.880678,On or near Grizedale Court,E01025544,Wyre 011C,Violence and sexual offences,Further investigation is not in the public interest,
f068753cebb216387c567eb8336fff9ca1288f6fae366630d2470e39d6894e3b,2021-06,Lancashire Constabulary,Lancashire Constabulary,-3.013058,53.881026,On or near Holmes Road,E01025544,Wyre 011C,Violence and sexual offences,Unable to prosecute suspect,
3729e1b8a66dc1ceeb0dd46083945f05c496c9e5b44942de3de0a178b61bd5fb,2021-06,Lancashire Constabulary,Lancashire Constabulary,-3.012745,53.880678,On or near Grizedale Court,E01025544,Wyre 011C,Violence and sexual offences,Unable to prosecute suspect,
72adc337d646184ef0749acd49d999a35cfb30d2f1b239df59ca0735ed2e6572,2021-06,Lancashire Constabulary,Lancashire Constabulary,-3.014576,53.877777,On or near Gaskell Crescent,E01025544,Wyre 011C,Other crime,Further investigation is not in the public interest,
,2021-06,Lancashire Constabulary,Lancashire Constabulary,-3.010164,53.870175,On or near The Runriggs,E01025576,Wyre 011D,Anti-social behaviour,,
,2021-06,Lancashire Constabulary,Lancashire Constabulary,-3.008044,53.871190,On or near Sandown Road,E01025576,Wyre 011D,Anti-social behaviour,,
,2021-06,Lancashire Constabulary,Lancashire Constabulary,-3.008044,53.871190,On or near Sandown Road,E01025576,Wyre 011D,Anti-social behaviour,,
,2021-06,Lancashire Constabulary,Lancashire Constabulary,-3.008044,53.871190,On or near Sandown Road,E01025576,Wyre 011D,Anti-social behaviour,,
,2021-06,Lancashire Constabulary,Lancashire Constabulary,-3.005936,53.872700,On or near Heather Close,E01025576,Wyre 011D,Anti-social behaviour,,
,2021-06,Lancashire Constabulary,Lancashire Constabulary,-3.010595,53.867223,On or near The Paddock,E01025576,Wyre 011D,Anti-social behaviour,,
,2021-06,Lancashire Constabulary,Lancashire Constabulary,-3.008044,53.871190,On or near Sandown Road,E01025576,Wyre 011D,Anti-social behaviour,,
488f5c87524fee3244f09cce51cd9bb58649f0bc8503a88f24aa16cb4f960f65,2021-06,Lancashire Constabulary,Lancashire Constabulary,-3.006859,53.868081,On or near Beverly Close,E01025576,Wyre 011D,Burglary,Status update unavailable,
a82e23a791f64ae7f66b444c1835464e2e66db6837968d630de8c04503f43f17,2021-06,Lancashire Constabulary,Lancashire Constabulary,-3.015919,53.876688,On or near Gordonstoun Place,E01025576,Wyre 011D,Criminal damage and arson,Unable to prosecute suspect,
23aa955d73f4d8a6bdb51db47647c88ce40f01f8169d154eb8d41fa072b27be1,2021-06,Lancashire Constabulary,Lancashire Constabulary,-3.010943,53.874078,On or near Fleetwood Road North,E01025576,Wyre 011D,Public order,Court result unavailable,
597aeaa7506a3a8b057208fa37d7b81ffc7c1d8844e378ec78caca418f51c3e5,2021-06,Lancashire Constabulary,Lancashire Constabulary,-3.012613,53.875214,On or near Parking Area,E01025576,Wyre 011D,Shoplifting,Status update unavailable,
a317617f070e1b6adb68e1a742535b35545df09f969399775f771e60f40f05cf,2021-06,Lancashire Constabulary,Lancashire Constabulary,-3.012613,53.875214,On or near Parking Area,E01025576,Wyre 011D,Shoplifting,Investigation complete; no suspect identified,
fa7e03607c7dbfdf5522ebd870b3a4ad18129dd944704cc9936926ccefdbcafa,2021-06,Lancashire Constabulary,Lancashire Constabulary,-3.011958,53.872649,On or near Mill View,E01025576,Wyre 011D,Violence and sexual offences,Unable to prosecute suspect,
9db7bdf058b25c22a00b1276bc90bec5daa09aa3c0c1c0f0026ad313647d0514,2021-06,Lancashire Constabulary,Lancashire Constabulary,-3.011958,53.872649,On or near Mill View,E01025576,Wyre 011D,Violence and sexual offences,Unable to prosecute suspect,
a543697b21c6cee43de8e4ba9515e3b70819224da2ff1d3647d3d8ab2c2a8975,2021-06,Lancashire Constabulary,Lancashire Constabulary,-3.006859,53.868081,On or near Beverly Close,E01025576,Wyre 011D,Violence and sexual offences,Unable to prosecute suspect,
2ed374706af8ab379bf5b5aaa4e83a1256492661c2ac05fb37bdc2629d68444d,2021-06,Lancashire Constabulary,Lancashire Constabulary,-3.007241,53.867512,On or near Cheryl Drive,E01025576,Wyre 011D,Violence and sexual offences,Unable to prosecute suspect,
71a840d4a116c9e1c483ef188a102440dd3337c828a542940a41b1f36f690aa0,2021-06,Lancashire Constabulary,Lancashire Constabulary,-3.011958,53.872649,On or near Mill View,E01025576,Wyre 011D,Violence and sexual offences,Unable to prosecute suspect,
e7f165ea1725898534e75a922ba4e272fe901778484b725b53cacaa71c11183a,2021-06,Lancashire Constabulary,Lancashire Constabulary,-3.011958,53.872649,On or near Mill View,E01025576,Wyre 011D,Violence and sexual offences,Unable to prosecute suspect,
e5dc3b4d1a0385860e246b561c2240d06956d703ad62d3daf21031ea46605b7f,2021-06,Lancashire Constabulary,Lancashire Constabulary,-3.010164,53.870175,On or near The Runriggs,E01025576,Wyre 011D,Violence and sexual offences,Unable to prosecute suspect,
07cd1d3d97f67456ac554dfbb0b06e8595457160d8d3640d602ec6f6f3acaa2c,2021-06,Lancashire Constabulary,Lancashire Constabulary,-3.011958,53.872649,On or near Mill View,E01025576,Wyre 011D,Violence and sexual offences,Unable to prosecute suspect,
4d3d609e832a822a88493abaa0da7c7345d2927e06b0b1d64ea5ec838cdcf83e,2021-06,Lancashire Constabulary,Lancashire Constabulary,-3.011958,53.872649,On or near Mill View,E01025576,Wyre 011D,Violence and sexual offences,Unable to prosecute suspect,
cdd7794c835c3813e29456ce3d2f00a7c13effcb7a84e403091f4495ef87fc02,2021-06,Lancashire Constabulary,Lancashire Constabulary,-3.007241,53.867512,On or near Cheryl Drive,E01025576,Wyre 011D,Violence and sexual offences,Unable to prosecute suspect,
484ddd4333f7d66203d92f3dfa08c80813e51c181835d21f4d5f8ccfaf38a0ae,2021-06,Lancashire Constabulary,Lancashire Constabulary,-3.011958,53.872649,On or near Mill View,E01025576,Wyre 011D,Violence and sexual offences,Unable to prosecute suspect,
11a1c8f4a1fb27e31b6a23bb2bb160528d2e76e814145fda7e5a880dcd7398c1,2021-06,Lancashire Constabulary,Lancashire Constabulary,-3.010595,53.867223,On or near The Paddock,E01025576,Wyre 011D,Violence and sexual offences,Further investigation is not in the public interest,
5c72d8ee3d9d23e645979a23d64a0794892eb080991f6555b30384af6384a8c3,2021-06,Lancashire Constabulary,Lancashire Constabulary,-3.012613,53.875214,On or near Parking Area,E01025576,Wyre 011D,Violence and sexual offences,Unable to prosecute suspect,
f26c2bd247400dae6cdb4b4a37a1244be88d30ba11ee2b8ab9ee909d4bb49674,2021-06,Lancashire Constabulary,Lancashire Constabulary,-3.015919,53.876688,On or near Gordonstoun Place,E01025576,Wyre 011D,Other crime,Further investigation is not in the public interest,
a51cbec5cc45d1f2b9c93dd9b574d5d03b89d1b1ea336f9ed42217c7fe7dd58d,2021-06,Lancashire Constabulary,Lancashire Constabulary,-3.008044,53.871190,On or near Sandown Road,E01025576,Wyre 011D,Other crime,Status update unavailable,
,2021-06,Lancashire Constabulary,Lancashire Constabulary,-3.003053,53.875537,On or near Lancaster Avenue,E01025577,Wyre 011E,Anti-social behaviour,,
,2021-06,Lancashire Constabulary,Lancashire Constabulary,-3.004624,53.873799,On or near Briar Mews,E01025577,Wyre 011E,Anti-social behaviour,,
,2021-06,Lancashire Constabulary,Lancashire Constabulary,-3.008863,53.873601,On or near Ullswater Avenue,E01025577,Wyre 011E,Anti-social behaviour,,
,2021-06,Lancashire Constabulary,Lancashire Constabulary,-3.008863,53.873601,On or near Ullswater Avenue,E01025577,Wyre 011E,Anti-social behaviour,,
,2021-06,Lancashire Constabulary,Lancashire Constabulary,-3.008578,53.872516,On or near Ullswater Crescent,E01025577,Wyre 011E,Anti-social behaviour,,
,2021-06,Lancashire Constabulary,Lancashire Constabulary,-3.006596,53.872946,On or near Rossendale Avenue South,E01025577,Wyre 011E,Anti-social behaviour,,
,2021-06,Lancashire Constabulary,Lancashire Constabulary,-3.007329,53.854083,On or near The Orchards,E01025550,Wyre 012A,Anti-social behaviour,,
b8c970c7facf4011f6212f97c17f7d78e815069d63654d042c265e88b0626cfc,2021-06,Lancashire Constabulary,Lancashire Constabulary,-3.008814,53.855140,On or near Deepdale Avenue,E01025550,Wyre 012A,Burglary,Investigation complete; no suspect identified,
a7fb4d554a66457342256edd69abe5f35f3ba0f4e07edb281980cf3ef683ed66,2021-06,Lancashire Constabulary,Lancashire Constabulary,-3.007329,53.854083,On or near The Orchards,E01025550,Wyre 012A,Vehicle crime,Investigation complete; no suspect identified,
75c295b427fa40aac702040ee8a3a3ed079c890b0b505b29170379d876000a54,2021-06,Lancashire Constabulary,Lancashire Constabulary,-3.011178,53.857987,On or near Pond Gardens,E01025552,Wyre 012B,Vehicle crime,Investigation complete; no suspect identified,
5e4136befb880e82ddcf47620c791bc2896f9a7d8ef5cb3965c2a3fc9562c621,2021-06,Lancashire Constabulary,Lancashire Constabulary,-3.007794,53.857000,On or near Saville Avenue,E01025552,Wyre 012B,Vehicle crime,Investigation complete; no suspect identified,
,2021-06,Lancashire Constabulary,Lancashire Constabulary,-3.000690,53.867665,On or near Heaton Close,E01025594,Wyre 012C,Anti-social behaviour,,
,2021-06,Lancashire Constabulary,Lancashire Constabulary,-2.995013,53.870041,On or near Fairhaven Close,E01025594,Wyre 012C,Anti-social behaviour,,
,2021-06,Lancashire Constabulary,Lancashire Constabulary,-2.995013,53.870041,On or near Fairhaven Close,E01025594,Wyre 012C,Anti-social behaviour,,
,2021-06,Lancashire Constabulary,Lancashire Constabulary,-2.998605,53.868213,On or near School Road,E01025594,Wyre 012C,Anti-social behaviour,,
aaad0ea0846b365866425490f180f992273d2087b07c6b2630ad6da300e05020,2021-06,Lancashire Constabulary,Lancashire Constabulary,-3.001972,53.869120,On or near Oak Avenue,E01025594,Wyre 012C,Criminal damage and arson,Investigation complete; no suspect identified,
b01a801b2dd3a990b37485cba7fba69b4f6ce212465a21768c2c065b6a8b488d,2021-06,Lancashire Constabulary,Lancashire Constabulary,-3.002766,53.866695,On or near Belvedere Road,E01025594,Wyre 012C,Violence and sexual offences,Investigation complete; no suspect identified,
3afd841061a149f8fd39498066053230d5d28d36a662f4a560902f3f72531607,2021-06,Lancashire Constabulary,Lancashire Constabulary,-3.002766,53.866695,On or near Belvedere Road,E01025594,Wyre 012C,Violence and sexual offences,Unable to prosecute suspect,
387156677bec12942c869d576de177a94bd01df305eb8c32319ec531a2b17614,2021-06,Lancashire Constabulary,Lancashire Constabulary,-2.997769,53.871456,On or near Station Road,E01025594,Wyre 012C,Other crime,Status update unavailable,
,2021-06,Lancashire Constabulary,Lancashire Constabulary,-2.980447,53.861064,On or near Sports/Recreation Area,E01025595,Wyre 012D,Anti-social behaviour,,
adb564728b4782ff712eb3912fae93431cdbb89eaa3b9f76b796093a7ae3d012,2021-06,Lancashire Constabulary,Lancashire Constabulary,-2.980447,53.861064,On or near Sports/Recreation Area,E01025595,Wyre 012D,Public order,Investigation complete; no suspect identified,
,2021-06,Lancashire Constabulary,Lancashire Constabulary,-2.984345,53.879440,On or near River Road,E01025596,Wyre 012E,Anti-social behaviour,,
,2021-06,Lancashire Constabulary,Lancashire Constabulary,-3.000683,53.876294,On or near Hulme Avenue,E01025596,Wyre 012E,Anti-social behaviour,,
,2021-06,Lancashire Constabulary,Lancashire Constabulary,-2.992738,53.874158,On or near Woodfield Road,E01025596,Wyre 012E,Anti-social behaviour,,
,2021-06,Lancashire Constabulary,Lancashire Constabulary,-3.000683,53.876294,On or near Hulme Avenue,E01025596,Wyre 012E,Anti-social behaviour,,
,2021-06,Lancashire Constabulary,Lancashire Constabulary,-2.983207,53.879558,On or near Park/Open Space,E01025596,Wyre 012E,Anti-social behaviour,,
,2021-06,Lancashire Constabulary,Lancashire Constabulary,-2.984345,53.879440,On or near River Road,E01025596,Wyre 012E,Anti-social behaviour,,
,2021-06,Lancashire Constabulary,Lancashire Constabulary,-2.984345,53.879440,On or near River Road,E01025596,Wyre 012E,Anti-social behaviour,,
,2021-06,Lancashire Constabulary,Lancashire Constabulary,-2.992738,53.874158,On or near Woodfield Road,E01025596,Wyre 012E,Anti-social behaviour,,
b2c7850a48365db6db41c616c1ab1b014bbd173189766cd26049abd8106dcf45,2021-06,Lancashire Constabulary,Lancashire Constabulary,-2.988435,53.877429,On or near Stanah Gardens,E01025596,Wyre 012E,Public order,Further action is not in the public interest,
c6a40641bd14bbec6ce8c61a2084d0572b1658dfd9e3655b5176b1daf99ef4f6,2021-06,Lancashire Constabulary,Lancashire Constabulary,-2.995893,53.876343,On or near Hillylaid Road,E01025596,Wyre 012E,Violence and sexual offences,Unable to prosecute suspect,
86888a6f31db1c2148a66c71a62e3a5222ec15eeb4c918298fd82229039896ca,2021-06,Lancashire Constabulary,Lancashire Constabulary,-2.999765,53.876670,On or near Sandwell Avenue,E01025596,Wyre 012E,Violence and sexual offences,Unable to prosecute suspect,
c7483a7243f7c34e76e487c6c010fa4469ad992f9d4b42bc6ff092c79c23412d,2021-06,Lancashire Constabulary,Lancashire Constabulary,-2.995893,53.876343,On or near Hillylaid Road,E01025596,Wyre 012E,Violence and sexual offences,Unable to prosecute suspect,
5fa64c662ea3a51591ee9b029bd75ebbe72de4df66c75cd890571d0f17e7da0e,2021-06,Lancashire Constabulary,Lancashire Constabulary,-3.000683,53.876294,On or near Hulme Avenue,E01025596,Wyre 012E,Violence and sexual offences,Unable to prosecute suspect,
727300298b06e55d795c38a844c07049ccb803019f3a154bd99053837c698540,2021-06,Lancashire Constabulary,Lancashire Constabulary,-2.993919,53.877753,On or near Usk Avenue,E01025596,Wyre 012E,Violence and sexual offences,Unable to prosecute suspect,
,2021-06,Lancashire Constabulary,Lancashire Constabulary,-2.993660,53.871948,On or near Willow Close,E01025597,Wyre 012F,Anti-social behaviour,,
f93414cb94b64cadf1d768547a23cf21f5819c840d535cf912105f2b54fa63e2,2021-06,Lancashire Constabulary,Lancashire Constabulary,-2.993660,53.871948,On or near Willow Close,E01025597,Wyre 012F,Violence and sexual offences,Unable to prosecute suspect,
327637bc214a188ed2ebfe5d9167486fce0a3521c23a4aedf9a28628e8d59a87,2021-06,Lancashire Constabulary,Lancashire Constabulary,-2.999157,53.872235,On or near Hastings Close,E01025597,Wyre 012F,Violence and sexual offences,Status update unavailable,
7d73e0cf5889c90dd332fa314b102ee23a243a1cfecaf026f189f95bae66e592,2021-06,Lancashire Constabulary,Lancashire Constabulary,-2.997351,53.872403,On or near Farnworth Road,E01025597,Wyre 012F,Violence and sexual offences,Unable to prosecute suspect,
,2021-06,Lancashire Constabulary,Lancashire Constabulary,-2.969784,53.844460,On or near Bracewell Avenue,E01025545,Wyre 013A,Anti-social behaviour,,
,2021-06,Lancashire Constabulary,Lancashire Constabulary,-2.987260,53.852101,On or near Chandlers Ford,E01025545,Wyre 013A,Anti-social behaviour,,
,2021-06,Lancashire Constabulary,Lancashire Constabulary,-2.969784,53.844460,On or near Bracewell Avenue,E01025545,Wyre 013A,Anti-social behaviour,,
,2021-06,Lancashire Constabulary,Lancashire Constabulary,-2.969784,53.844460,On or near Bracewell Avenue,E01025545,Wyre 013A,Anti-social behaviour,,
,2021-06,Lancashire Constabulary,Lancashire Constabulary,-2.985970,53.850871,On or near Moorland Gardens,E01025545,Wyre 013A,Anti-social behaviour,,
,2021-06,Lancashire Constabulary,Lancashire Constabulary,-2.969784,53.844460,On or near Bracewell Avenue,E01025545,Wyre 013A,Anti-social behaviour,,
085a2fd05ddfdb7ef542d3abee9b4f04f40c86390744be7b75f76c69e5698b1d,2021-06,Lancashire Constabulary,Lancashire Constabulary,-2.977894,53.848124,On or near Little Poulton Lane,E01025545,Wyre 013A,Burglary,Investigation complete; no suspect identified,
641336edbdc8044eccaea52ee17f4b31ef22ed09e07f06b3740c59bdb31da489,2021-06,Lancashire Constabulary,Lancashire Constabulary,-2.982513,53.848689,On or near Moorland Road,E01025545,Wyre 013A,Other theft,Investigation complete; no suspect identified,
3ad19e10a6e2ecc1586d5146f2d1671842efd6b3e022a8d08048157df7529241,2021-06,Lancashire Constabulary,Lancashire Constabulary,-2.977894,53.848124,On or near Little Poulton Lane,E01025545,Wyre 013A,Vehicle crime,Investigation complete; no suspect identified,
3077b1ce90bfe0d6ce3a4a3b495c07122aad1b0edfda5632b33de69b7ededd5b,2021-06,Lancashire Constabulary,Lancashire Constabulary,-2.969784,53.844460,On or near Bracewell Avenue,E01025545,Wyre 013A,Vehicle crime,Investigation complete; no suspect identified,
d67a37089d4f2b0110124b7b0d9b48223e5e9178be4f167ba83ebbe958acb7d4,2021-06,Lancashire Constabulary,Lancashire Constabulary,-2.965956,53.845228,On or near Bus/Coach Station,E01025545,Wyre 013A,Vehicle crime,Investigation complete; no suspect identified,
a64dd6cf39d989d1aa7fc478e127e7f1976344d6534c131f61cf0845fb0619bb,2021-06,Lancashire Constabulary,Lancashire Constabulary,-2.984482,53.850974,On or near Moorland Avenue,E01025545,Wyre 013A,Vehicle crime,Investigation complete; no suspect identified,
453b96de343cc2ea5c3845869a4d3d7f47ebfa1328c84be131c1413982fa4fab,2021-06,Lancashire Constabulary,Lancashire Constabulary,-2.994845,53.851418,On or near Shirley Heights,E01025545,Wyre 013A,Violence and sexual offences,Unable to prosecute suspect,
76b2641c2d2dfff6430521c4d1be434f97422f7879c48bb2aa47414d9d196166,2021-06,Lancashire Constabulary,Lancashire Constabulary,-2.969784,53.844460,On or near Bracewell Avenue,E01025545,Wyre 013A,Violence and sexual offences,Unable to prosecute suspect,
0ba5099991aa8adc8297c224f934cee635de599812c1f91834382b66754c383c,2021-06,Lancashire Constabulary,Lancashire Constabulary,-2.969784,53.844460,On or near Bracewell Avenue,E01025545,Wyre 013A,Violence and sexual offences,Status update unavailable,
296e06017284dfbbd38a169fadc1f6b0fd7841479ba833845fe751c9857c9395,2021-06,Lancashire Constabulary,Lancashire Constabulary,-2.978281,53.845820,On or near Poulton Gardens,E01025545,Wyre 013A,Violence and sexual offences,Unable to prosecute suspect,
ca9caa9582d9e2ccbe8dd7178099c0aa69569a5a000e3ac5d98758688034cd39,2021-06,Lancashire Constabulary,Lancashire Constabulary,-2.981524,53.849290,On or near Taywood Close,E01025545,Wyre 013A,Violence and sexual offences,Status update unavailable,
eddd6b00585e35d55ce050935378dc8612fab7de527f28ac20501ccf2caddc03,2021-06,Lancashire Constabulary,Lancashire Constabulary,-2.982513,53.848689,On or near Moorland Road,E01025545,Wyre 013A,Violence and sexual offences,Unable to prosecute suspect,
08a027adcd72ffb132cc8ea294974c2fabb7a4f4fa11ea723849a5c087d4b65c,2021-06,Lancashire Constabulary,Lancashire Constabulary,-2.978281,53.845820,On or near Poulton Gardens,E01025545,Wyre 013A,Violence and sexual offences,Unable to prosecute suspect,
6ba3ef7299039e61499a07bffffc0e584d7708c3f358e11fe6ff87cbf0219e93,2021-06,Lancashire Constabulary,Lancashire Constabulary,-2.982513,53.848689,On or near Moorland Road,E01025545,Wyre 013A,Violence and sexual offences,Further investigation is not in the public interest,
617f87897920862028eeeba84cd2298ce2553408199cb4ac7c066e217e51a9fd,2021-06,Lancashire Constabulary,Lancashire Constabulary,-2.978281,53.845820,On or near Poulton Gardens,E01025545,Wyre 013A,Violence and sexual offences,Further investigation is not in the public interest,
,2021-06,Lancashire Constabulary,Lancashire Constabulary,-2.992134,53.846677,On or near Police Station,E01025546,Wyre 013B,Anti-social behaviour,,
,2021-06,Lancashire Constabulary,Lancashire Constabulary,-2.985950,53.846144,On or near Hayfield Avenue,E01025546,Wyre 013B,Anti-social behaviour,,
,2021-06,Lancashire Constabulary,Lancashire Constabulary,-2.992134,53.846677,On or near Police Station,E01025546,Wyre 013B,Anti-social behaviour,,
,2021-06,Lancashire Constabulary,Lancashire Constabulary,-2.992134,53.846677,On or near Police Station,E01025546,Wyre 013B,Anti-social behaviour,,
,2021-06,Lancashire Constabulary,Lancashire Constabulary,-2.991313,53.847987,On or near Breck Road,E01025546,Wyre 013B,Anti-social behaviour,,
,2021-06,Lancashire Constabulary,Lancashire Constabulary,-2.990461,53.848587,On or near Parking Area,E01025546,Wyre 013B,Anti-social behaviour,,
,2021-06,Lancashire Constabulary,Lancashire Constabulary,-2.992243,53.844869,On or near Hardhorn Road,E01025546,Wyre 013B,Anti-social behaviour,,
8af09ed1dfdd6921e50604eb592257d01c1928cf4aafd3ed8c949177bdcb8993,2021-06,Lancashire Constabulary,Lancashire Constabulary,-2.991106,53.846919,On or near Chapel Street,E01025546,Wyre 013B,Criminal damage and arson,Investigation complete; no suspect identified,
c66c4c28f0f5e7ada00d35f9042ad7a547506561dd353faf88eab4382c0d34ec,2021-06,Lancashire Constabulary,Lancashire Constabulary,-2.992134,53.846677,On or near Police Station,E01025546,Wyre 013B,Criminal damage and arson,Unable to prosecute suspect,
adc7b1cd6279aedc1f64339555c762aceb9cde55870319a0d6de79fddb855249,2021-06,Lancashire Constabulary,Lancashire Constabulary,-2.990284,53.844328,On or near Princess Avenue,E01025546,Wyre 013B,Violence and sexual offences,Unable to prosecute suspect,
67d49b2a79d841cd991b21ad416fbf7c85adf98054b2c7cc386b8156cb227503,2021-06,Lancashire Constabulary,Lancashire Constabulary,-2.990639,53.847741,On or near Prudy Hill,E01025546,Wyre 013B,Violence and sexual offences,Unable to prosecute suspect,
f5a5e6250524751a16a0605d8833daf72517c1f67f80d7639396ef466319c656,2021-06,Lancashire Constabulary,Lancashire Constabulary,-2.990639,53.847741,On or near Prudy Hill,E01025546,Wyre 013B,Violence and sexual offences,Unable to prosecute suspect,
3dc7992e11a9e43580933c5d8c14b3b92ba4bcab914a9c59f988dfce9f779218,2021-06,Lancashire Constabulary,Lancashire Constabulary,-2.991970,53.846184,On or near Hardhorn Road,E01025546,Wyre 013B,Violence and sexual offences,Unable to prosecute suspect,
03b02acf476099d14992136271c6ea81ae0973b2be7413d2febccaf636fd257f,2021-06,Lancashire Constabulary,Lancashire Constabulary,-2.986576,53.846912,On or near Windsor Court,E01025546,Wyre 013B,Violence and sexual offences,Unable to prosecute suspect,
,2021-06,Lancashire Constabulary,Lancashire Constabulary,-3.004723,53.853835,On or near Parking Area,E01025551,Wyre 013C,Anti-social behaviour,,
,2021-06,Lancashire Constabulary,Lancashire Constabulary,-2.997531,53.855027,On or near Knaresborough Close,E01025551,Wyre 013C,Anti-social behaviour,,
,2021-06,Lancashire Constabulary,Lancashire Constabulary,-3.000368,53.854806,On or near Maldern Avenue,E01025551,Wyre 013C,Anti-social behaviour,,
5c4236a0d5b75a5faef554378091a0415beb14c179ee34779b8acde45fd727ac,2021-06,Lancashire Constabulary,Lancashire Constabulary,-3.004723,53.853835,On or near Parking Area,E01025551,Wyre 013C,Violence and sexual offences,Investigation complete; no suspect identified,
,2021-06,Lancashire Constabulary,Lancashire Constabulary,-2.987954,53.842163,On or near Pine Crescent,E01025567,Wyre 013D,Anti-social behaviour,,
,2021-06,Lancashire Constabulary,Lancashire Constabulary,-2.987954,53.842163,On or near Pine Crescent,E01025567,Wyre 013D,Anti-social behaviour,,
,2021-06,Lancashire Constabulary,Lancashire Constabulary,-2.979776,53.843426,On or near Broadfield Avenue,E01025567,Wyre 013D,Anti-social behaviour,,
,2021-06,Lancashire Constabulary,Lancashire Constabulary,-2.986337,53.844514,On or near First Avenue,E01025567,Wyre 013D,Anti-social behaviour,,
,2021-06,Lancashire Constabulary,Lancashire Constabulary,-2.982818,53.843527,On or near Oldfield Crescent,E01025567,Wyre 013D,Anti-social behaviour,,
2e0e0d9c677cae4a83b7ceb5003f7483b01e65f26341461e49ab8ca26b6a3a6a,2021-06,Lancashire Constabulary,Lancashire Constabulary,-2.985864,53.842495,On or near Poplar Avenue,E01025567,Wyre 013D,Criminal damage and arson,Unable to prosecute suspect,
953a5693d2917eaa0f257ba162bf353b8e61eb266649acde91bdbd346cdf1d6a,2021-06,Lancashire Constabulary,Lancashire Constabulary,-2.982580,53.841794,On or near Brockholes Crescent,E01025567,Wyre 013D,Vehicle crime,Investigation complete; no suspect identified,
94d16b8e8ac55130e5d9e3fd8383e4939e834f10cb4032315ba4e75ce859d2bf,2021-06,Lancashire Constabulary,Lancashire Constabulary,-2.983965,53.844488,On or near Greenbank,E01025567,Wyre 013D,Vehicle crime,Investigation complete; no suspect identified,
e759bb4e3e332eeb102330fc7fbc996be6866a961f35a6d4c31959f11d437b37,2021-06,Lancashire Constabulary,Lancashire Constabulary,-2.984892,53.843159,On or near Main Drive,E01025567,Wyre 013D,Vehicle crime,Investigation complete; no suspect identified,
5bb49544c1d1dbc17b0f60ca329469cabe8612b672acfb1572cf202df7344684,2021-06,Lancashire Constabulary,Lancashire Constabulary,-2.982999,53.845395,On or near Westwood Avenue,E01025567,Wyre 013D,Violence and sexual offences,Unable to prosecute suspect,
4a14c3049ec1f1f220b64a343c641b456bd1277814a91887adddffb92bc0e314,2021-06,Lancashire Constabulary,Lancashire Constabulary,-2.985864,53.842495,On or near Poplar Avenue,E01025567,Wyre 013D,Violence and sexual offences,Unable to prosecute suspect,
8ea049cc36b84d425db18593244583208c5eb71012f50c43c291448cea353e21,2021-06,Lancashire Constabulary,Lancashire Constabulary,-2.985864,53.842495,On or near Poplar Avenue,E01025567,Wyre 013D,Violence and sexual offences,Unable to prosecute suspect,
6d35685bdcf19bd9ee33020ef876173142849ad2fd2440e1d4efa8a79c59a0a2,2021-06,Lancashire Constabulary,Lancashire Constabulary,-2.986337,53.844514,On or near First Avenue,E01025567,Wyre 013D,Violence and sexual offences,Unable to prosecute suspect,
,2021-06,Lancashire Constabulary,Lancashire Constabulary,-2.994972,53.847148,On or near Queensway,E01025598,Wyre 013E,Anti-social behaviour,,
,2021-06,Lancashire Constabulary,Lancashire Constabulary,-2.994241,53.849005,On or near Longfield Place,E01025598,Wyre 013E,Anti-social behaviour,,
,2021-06,Lancashire Constabulary,Lancashire Constabulary,-2.996546,53.846856,On or near Rivington Close,E01025598,Wyre 013E,Anti-social behaviour,,
,2021-06,Lancashire Constabulary,Lancashire Constabulary,-2.993799,53.846385,On or near Supermarket,E01025598,Wyre 013E,Anti-social behaviour,,
,2021-06,Lancashire Constabulary,Lancashire Constabulary,-2.993458,53.846756,On or near Supermarket,E01025598,Wyre 013E,Anti-social behaviour,,
c3c4bf8f5191ed688c1e6afbd1cac3bf275473ee9968af354342c4b4a9e2e665,2021-06,Lancashire Constabulary,Lancashire Constabulary,-2.993458,53.846756,On or near Supermarket,E01025598,Wyre 013E,Burglary,Investigation complete; no suspect identified,
4234ed593df7a5ed319e3ab2a6bcf9b07fd167fac47fbf925ee9f27f7d1f76a5,2021-06,Lancashire Constabulary,Lancashire Constabulary,-2.993458,53.846756,On or near Supermarket,E01025598,Wyre 013E,Public order,Investigation complete; no suspect identified,
505fa01661c929bec557c74d020cf53cd24837317e1beccd6fcf75932ff2b489,2021-06,Lancashire Constabulary,Lancashire Constabulary,-2.993458,53.846756,On or near Supermarket,E01025598,Wyre 013E,Shoplifting,Investigation complete; no suspect identified,
7c57aba845ae289716cc9a24788df759ab9366bbacbad93cc516638f7c43e30d,2021-06,Lancashire Constabulary,Lancashire Constabulary,-2.994972,53.847148,On or near Queensway,E01025598,Wyre 013E,Shoplifting,Status update unavailable,
748ece379fe8ad557e9bed6247711545abf678d279930bb9bc089248cdd5cae7,2021-06,Lancashire Constabulary,Lancashire Constabulary,-3.001233,53.850916,On or near The Crescent,E01025598,Wyre 013E,Violence and sexual offences,Unable to prosecute suspect,
,2021-06,Lancashire Constabulary,Lancashire Constabulary,-2.991214,53.832186,On or near Cedar Avenue,E01025566,Wyre 014A,Anti-social behaviour,,
,2021-06,Lancashire Constabulary,Lancashire Constabulary,-2.987266,53.838151,On or near Oldfield Carr Lane,E01025566,Wyre 014A,Anti-social behaviour,,
d3c2af3b349b78335498d2b4aff975fcdd2b05148d2974255a4c488da6bbfd6d,2021-06,Lancashire Constabulary,Lancashire Constabulary,-2.991862,53.837143,On or near Sports/Recreation Area,E01025566,Wyre 014A,Burglary,Investigation complete; no suspect identified,
0b1a30e97726cdb6b56d09bacc04f8b740b40693bb0fa217cae847f100d7c9f4,2021-06,Lancashire Constabulary,Lancashire Constabulary,-2.990742,53.837332,On or near Bainesfield,E01025566,Wyre 014A,Vehicle crime,Investigation complete; no suspect identified,
71a7319b1e323437f55da478ad7142f657c8e1b6080cc1013fb4158fd0053dd1,2021-06,Lancashire Constabulary,Lancashire Constabulary,-2.987377,53.841575,On or near Carr Head Lane,E01025566,Wyre 014A,Vehicle crime,Investigation complete; no suspect identified,
197f89f876146fd96b95242252facf621f4f669aab3973e3885486758d38ec1b,2021-06,Lancashire Constabulary,Lancashire Constabulary,-2.988753,53.839308,On or near Maple Drive,E01025566,Wyre 014A,Vehicle crime,Investigation complete; no suspect identified,
23e4da135e4590864c1de43d357a9a5e57f9c082a7306bfc40795897640a4b58,2021-06,Lancashire Constabulary,Lancashire Constabulary,-2.991214,53.832186,On or near Cedar Avenue,E01025566,Wyre 014A,Violence and sexual offences,Status update unavailable,
1b1ac6e7b9e050505219b140f76a3cfa9e0c522c3f495190f191c4fe5c28295f,2021-06,Lancashire Constabulary,Lancashire Constabulary,-2.985422,53.832081,On or near Waterleat Glade,E01025566,Wyre 014A,Violence and sexual offences,Unable to prosecute suspect,
8d0c2680a2f8ff0bd7fd3186e9e5306ad8ec0132b00313267ab586b74f2f99d4,2021-06,Lancashire Constabulary,Lancashire Constabulary,-2.988753,53.839308,On or near Maple Drive,E01025566,Wyre 014A,Violence and sexual offences,Unable to prosecute suspect,
7d178893d09f2d369b91a119bdac6011678bc5bbd9cce4d43e05efaf2e0f7165,2021-06,Lancashire Constabulary,Lancashire Constabulary,-2.988711,53.838832,On or near Lime Grove,E01025566,Wyre 014A,Violence and sexual offences,Unable to prosecute suspect,
7d5acf9c067c0f52ff8bc3dcc3f7e710f33763ab76204a346d3fd2183b3cdb7c,2021-06,Lancashire Constabulary,Lancashire Constabulary,-2.989502,53.835014,On or near The Hamptons,E01025566,Wyre 014A,Violence and sexual offences,Unable to prosecute suspect,
,2021-06,Lancashire Constabulary,Lancashire Constabulary,-3.008918,53.825963,On or near Whitemoss Avenue,E01025568,Wyre 014B,Anti-social behaviour,,
,2021-06,Lancashire Constabulary,Lancashire Constabulary,-3.012386,53.828046,On or near Normoss Avenue,E01025568,Wyre 014B,Anti-social behaviour,,
,2021-06,Lancashire Constabulary,Lancashire Constabulary,-3.006525,53.827538,On or near Petrol Station,E01025568,Wyre 014B,Anti-social behaviour,,
,2021-06,Lancashire Constabulary,Lancashire Constabulary,-3.008604,53.828069,On or near Conway Avenue,E01025568,Wyre 014B,Anti-social behaviour,,
,2021-06,Lancashire Constabulary,Lancashire Constabulary,-3.001189,53.829308,On or near Normoss Road,E01025568,Wyre 014B,Anti-social behaviour,,
,2021-06,Lancashire Constabulary,Lancashire Constabulary,-3.001189,53.829308,On or near Normoss Road,E01025568,Wyre 014B,Anti-social behaviour,,
,2021-06,Lancashire Constabulary,Lancashire Constabulary,-3.001189,53.829308,On or near Normoss Road,E01025568,Wyre 014B,Anti-social behaviour,,
,2021-06,Lancashire Constabulary,Lancashire Constabulary,-2.994859,53.830862,On or near Marina Avenue,E01025568,Wyre 014B,Anti-social behaviour,,
,2021-06,Lancashire Constabulary,Lancashire Constabulary,-2.995342,53.835208,On or near Sefton Avenue,E01025568,Wyre 014B,Anti-social behaviour,,
,2021-06,Lancashire Constabulary,Lancashire Constabulary,-3.001189,53.829308,On or near Normoss Road,E01025568,Wyre 014B,Anti-social behaviour,,
2b700b075aa1171cda36f4bcbbf754cafc258af405582490756aa82ed1fe5c31,2021-06,Lancashire Constabulary,Lancashire Constabulary,-3.006578,53.828508,On or near Dobson Road,E01025568,Wyre 014B,Criminal damage and arson,Investigation complete; no suspect identified,
2ce659c32f17c020e95e5068d5fe1aef63e5eb661477f620a9df28011a549b49,2021-06,Lancashire Constabulary,Lancashire Constabulary,-3.006578,53.828508,On or near Dobson Road,E01025568,Wyre 014B,Criminal damage and arson,Unable to prosecute suspect,
d924b5e98a0ec6fd87ca3220d9eb45ec941f4aadd5d4e00d56a00215f02dc07c,2021-06,Lancashire Constabulary,Lancashire Constabulary,-2.995245,53.833034,On or near Beverley Avenue,E01025568,Wyre 014B,Vehicle crime,Investigation complete; no suspect identified,
747461001424dd790245c0d9a5561699f0a4b50792cf6840e8e42aef46d1e9c0,2021-06,Lancashire Constabulary,Lancashire Constabulary,-3.007935,53.826789,On or near Thornbank,E01025568,Wyre 014B,Vehicle crime,Investigation complete; no suspect identified,
326fd8b67f5a0607640eb856973e3134ba86280f61a7a418e7951d9793f4281d,2021-06,Lancashire Constabulary,Lancashire Constabulary,-2.995245,53.833034,On or near Beverley Avenue,E01025568,Wyre 014B,Violence and sexual offences,Court result unavailable,
d8dcf481c0e837609587d6656b0b880784d2db5518a94ae9bdf48764331e0162,2021-06,Lancashire Constabulary,Lancashire Constabulary,-3.012386,53.828046,On or near Normoss Avenue,E01025568,Wyre 014B,Violence and sexual offences,Unable to prosecute suspect,
d8734ad93648edfebfd3e71fbf071767aea9c1c095039b11545e883a35957e17,2021-06,Lancashire Constabulary,Lancashire Constabulary,-3.012386,53.828046,On or near Normoss Avenue,E01025568,Wyre 014B,Violence and sexual offences,Unable to prosecute suspect,
b50d99d914cdb76fd72dacb363d1e7f047f808191e10aa656c2776e303775f1c,2021-06,Lancashire Constabulary,Lancashire Constabulary,-3.012386,53.828046,On or near Normoss Avenue,E01025568,Wyre 014B,Violence and sexual offences,Unable to prosecute suspect,
b572cef8dde8952d167b16305bc1bfceca059bbf086ff1c348da10e726f9dcd9,2021-06,Lancashire Constabulary,Lancashire Constabulary,-3.004733,53.828227,On or near Normoss Road,E01025568,Wyre 014B,Violence and sexual offences,Unable to prosecute suspect,
9ca4fbdfbae94713b432dc2d29124a15d18b29d0fed0135161d3146c8397c013,2021-06,Lancashire Constabulary,Lancashire Constabulary,-3.004733,53.828227,On or near Normoss Road,E01025568,Wyre 014B,Violence and sexual offences,Unable to prosecute suspect,
,2021-06,Lancashire Constabulary,Lancashire Constabulary,-2.993385,53.844339,On or near Elm Avenue,E01025569,Wyre 014C,Anti-social behaviour,,
,2021-06,Lancashire Constabulary,Lancashire Constabulary,-2.993256,53.840178,On or near Lindsay Avenue,E01025569,Wyre 014C,Anti-social behaviour,,
,2021-06,Lancashire Constabulary,Lancashire Constabulary,-2.996895,53.838530,On or near Newlands Way,E01025569,Wyre 014C,Anti-social behaviour,,
9afa0d7bd484a7176e5793b639e37091d1b4c2aa3ce2935c00836bfc02507fb4,2021-06,Lancashire Constabulary,Lancashire Constabulary,-2.997896,53.841614,On or near Compley Avenue,E01025569,Wyre 014C,Other theft,Unable to prosecute suspect,
01b2d05cf0261596785feea396ef1e104ddefed0b1f33e39785d7eb9faab3ac0,2021-06,Lancashire Constabulary,Lancashire Constabulary,-2.996895,53.838530,On or near Newlands Way,E01025569,Wyre 014C,Vehicle crime,Investigation complete; no suspect identified,
92e6c20525717b67a1b3c7c3a967b126b312020d78cd870b11b99d6afc9de163,2021-06,Lancashire Constabulary,Lancashire Constabulary,-3.001026,53.841579,On or near Garstang Road West,E01025569,Wyre 014C,Vehicle crime,Investigation complete; no suspect identified,
6894dd928b8590d7865bfd649a643c70566a4990d79c486dca472aa6d583c636,2021-06,Lancashire Constabulary,Lancashire Constabulary,-2.999367,53.841485,On or near Newton Avenue,E01025569,Wyre 014C,Violence and sexual offences,Unable to prosecute suspect,
83af85021609fce86ccc45a05f117995d7fa4d754a58822ea08deada56893ca0,2021-06,Lancashire Constabulary,Lancashire Constabulary,-2.996512,53.839684,On or near Hardhorn Way,E01025569,Wyre 014C,Violence and sexual offences,Unable to prosecute suspect,
512b33d9b2b15a8a8e27c425e14617f47e6f6860155d76ac7fc2213a6e896aa0,2021-06,Lancashire Constabulary,Lancashire Constabulary,-2.993385,53.844339,On or near Elm Avenue,E01025569,Wyre 014C,Violence and sexual offences,Unable to prosecute suspect,
,2021-06,Lancashire Constabulary,Lancashire Constabulary,-3.014279,53.842843,On or near Blackpool Road,E01025599,Wyre 014D,Anti-social behaviour,,
5da2d878f86316dae8b1c5852d0e974d0f169f22576d4d0d35dce58bdf3eaf63,2021-06,Lancashire Constabulary,Lancashire Constabulary,-3.017898,53.839172,On or near Robson Way,E01025599,Wyre 014D,Criminal damage and arson,Investigation complete; no suspect identified,
,2021-06,Lancashire Constabulary,Lancashire Constabulary,-3.006165,53.841661,On or near The Fulmars,E01025600,Wyre 014E,Anti-social behaviour,,
,2021-06,Lancashire Constabulary,Lancashire Constabulary,-3.006778,53.843175,On or near Belgrave Road,E01025600,Wyre 014E,Anti-social behaviour,,
,2021-06,Lancashire Constabulary,Lancashire Constabulary,-3.005697,53.843697,On or near Belmont Avenue,E01025600,Wyre 014E,Anti-social behaviour,,
,2021-06,Lancashire Constabulary,Lancashire Constabulary,-3.006316,53.842919,On or near Belgrave Place,E01025600,Wyre 014E,Anti-social behaviour,,
,2021-06,Lancashire Constabulary,Lancashire Constabulary,-3.008103,53.843290,On or near Dale Dyke Walk,E01025600,Wyre 014E,Anti-social behaviour,,
,2021-06,Lancashire Constabulary,Lancashire Constabulary,-3.005431,53.845299,On or near Sports/Recreation Area,E01025600,Wyre 014E,Anti-social behaviour,,
643cb6282b1c26a38557c39ef4eebc61eb0d3f65c15048ed9f724aa0d6d0b767,2021-06,Lancashire Constabulary,Lancashire Constabulary,-3.004444,53.841550,On or near Lawnswood Avenue,E01025600,Wyre 014E,Criminal damage and arson,Investigation complete; no suspect identified,
a85770c5bb59e51cb979a78336779742ba2eb7501139239292daf75f4d531603,2021-06,Lancashire Constabulary,Lancashire Constabulary,-3.008684,53.844678,On or near Kinder Corner,E01025600,Wyre 014E,Shoplifting,Unable to prosecute suspect,
3754c4feb2ed97316392115b40973b21a183e73aedad58d01f7a5b680cb6ed71,2021-06,Lancashire Constabulary,Lancashire Constabulary,-3.009899,53.843374,On or near Dovestone Drive,E01025600,Wyre 014E,Violence and sexual offences,Unable to prosecute suspect,
e543bd22e6bd20c73fde5e890cff9da54e36904bd1c0251e657eac0ef43f887b,2021-06,Lancashire Constabulary,Lancashire Constabulary,,,No Location,,,Bicycle theft,Further investigation is not in the public interest,
be854e8c002942b4507d442bb427799494d880c03e8b277c932e8c3e39e640ae,2021-06,Lancashire Constabulary,Lancashire Constabulary,,,No Location,,,Bicycle theft,Investigation complete; no suspect identified,
c187ed00f7657ca83ee7525a37daa614125ea31aaa306c2c238393017b0235d9,2021-06,Lancashire Constabulary,Lancashire Constabulary,,,No Location,,,Bicycle theft,Investigation complete; no suspect identified,
1f207e14e8549908be4d7c3cb7983fcb9665e7eb864a68438d7ac63724665f5b,2021-06,Lancashire Constabulary,Lancashire Constabulary,,,No Location,,,Bicycle theft,Investigation complete; no suspect identified,
bc633a2bbb851cd1031348d4d571976b583a345fafcff98aee728ffc7811d0f8,2021-06,Lancashire Constabulary,Lancashire Constabulary,,,No Location,,,Bicycle theft,Investigation complete; no suspect identified,
2ba42134dbd16e8f6e6b7fff1b5e5c1f9385e4f126c594a1a8b88d5385a1b85b,2021-06,Lancashire Constabulary,Lancashire Constabulary,,,No Location,,,Bicycle theft,Investigation complete; no suspect identified,
513060754a514386f6539a0dc3b3cad844ce36fad12c229b8eda8b4ceadcb1b8,2021-06,Lancashire Constabulary,Lancashire Constabulary,,,No Location,,,Bicycle theft,Court result unavailable,
8cd9bb6b6d4630d3a568c74ddaee6abf5bf475334993e98a2ef7be25ccbb11f2,2021-06,Lancashire Constabulary,Lancashire Constabulary,,,No Location,,,Bicycle theft,Further investigation is not in the public interest,
00977821c5b28069a1dbb8b0a9416976e9ee10944b72d128db90d9736c2e5557,2021-06,Lancashire Constabulary,Lancashire Constabulary,,,No Location,,,Bicycle theft,Investigation complete; no suspect identified,
55f727de4a93dc8771889bab5326b495a1cb62da57bbd1002cd9257a489199b7,2021-06,Lancashire Constabulary,Lancashire Constabulary,,,No Location,,,Bicycle theft,Unable to prosecute suspect,
100ccda9e8a1b9cf8fceadde4fae1919b1ac930390773ba87afcdc9cf42cb59d,2021-06,Lancashire Constabulary,Lancashire Constabulary,,,No Location,,,Bicycle theft,Unable to prosecute suspect,
0f9d98f43ac3b69e6cae7f42238b0bb9fade9f05a000ddd57eff5ba79ce97056,2021-06,Lancashire Constabulary,Lancashire Constabulary,,,No Location,,,Bicycle theft,Further investigation is not in the public interest,
32a12f12cf414e9d1fd29545cedc188e2563796f973b88fbcd9a1a39837b3196,2021-06,Lancashire Constabulary,Lancashire Constabulary,,,No Location,,,Bicycle theft,Investigation complete; no suspect identified,
a13116613a34b7c05ce482fc190e5f83e5a65634b6c8352f6887261841ad4017,2021-06,Lancashire Constabulary,Lancashire Constabulary,,,No Location,,,Bicycle theft,Unable to prosecute suspect,
0171d9864618d82a537c767c6e833ce65e7119b0854035c455d1648a374d0184,2021-06,Lancashire Constabulary,Lancashire Constabulary,,,No Location,,,Bicycle theft,Status update unavailable,
8367a878b8a7c157a1337219d2079ef513fac2f0ae9cdb032b4b192b4d1db8f2,2021-06,Lancashire Constabulary,Lancashire Constabulary,,,No Location,,,Bicycle theft,Unable to prosecute suspect,
99f96fbf76b1025443982569e04798bc019158ba8661f7301872265a16ed0856,2021-06,Lancashire Constabulary,Lancashire Constabulary,,,No Location,,,Burglary,Investigation complete; no suspect identified,
4bb2aa8d603519bdb694ae28a26992549c764be1f6cee88376734e81843aa81b,2021-06,Lancashire Constabulary,Lancashire Constabulary,,,No Location,,,Burglary,Investigation complete; no suspect identified,
bc356adb29218c16fab4a7166abcac1d8dbb9dba7d4c60a13f5b645689720c05,2021-06,Lancashire Constabulary,Lancashire Constabulary,,,No Location,,,Burglary,Investigation complete; no suspect identified,
d259b0e41ad1b9c5abfbe163f7c90f2b050262929139036b64c4339adbe5f611,2021-06,Lancashire Constabulary,Lancashire Constabulary,,,No Location,,,Burglary,Status update unavailable,
094196e802228d7d93c8b5d821d2c15e06de00c43ffe8ba3860ee0d9bac59a4e,2021-06,Lancashire Constabulary,Lancashire Constabulary,,,No Location,,,Burglary,Investigation complete; no suspect identified,
3beb61d071962f37bd383f9d7fdffd1d3b9cb2059177970e3ab5b2811b589dc9,2021-06,Lancashire Constabulary,Lancashire Constabulary,,,No Location,,,Burglary,Investigation complete; no suspect identified,
98d14fdc65858f149d10f6e443d797c9f28a7377016b8c6544f5cf83be4f06a5,2021-06,Lancashire Constabulary,Lancashire Constabulary,,,No Location,,,Burglary,Investigation complete; no suspect identified,
5952f4497462f7664ddb2345afda25c1ce8df29220d86d40d936cd34bd5b4076,2021-06,Lancashire Constabulary,Lancashire Constabulary,,,No Location,,,Burglary,Investigation complete; no suspect identified,
14e8b54a22e8888371ba8d1a3009071ce967e38f953484b0d5ca445f3ec65cf7,2021-06,Lancashire Constabulary,Lancashire Constabulary,,,No Location,,,Burglary,Investigation complete; no suspect identified,
1dc4eb0086488158f988bb498f0d74169fefa9026773bc0c5c24b7f951fccc85,2021-06,Lancashire Constabulary,Lancashire Constabulary,,,No Location,,,Burglary,Unable to prosecute suspect,
f34110b784a501b2e239a905ee1461185c248dd1acbe97fdeae013cef0679dfb,2021-06,Lancashire Constabulary,Lancashire Constabulary,,,No Location,,,Burglary,Investigation complete; no suspect identified,
e0871bc5a1f315dc129a01ad6bf06ff720470e6422a0b75e643704ed21825558,2021-06,Lancashire Constabulary,Lancashire Constabulary,,,No Location,,,Burglary,Investigation complete; no suspect identified,
e300bdc5978950b7bf3ae152b6e8d5cb06562b331e776d0691df53e859e0c8bb,2021-06,Lancashire Constabulary,Lancashire Constabulary,,,No Location,,,Burglary,Investigation complete; no suspect identified,
8383dc4fd567f8334bf50322c4eed7752ca8e40fa817e790793215f613aceaf4,2021-06,Lancashire Constabulary,Lancashire Constabulary,,,No Location,,,Burglary,Unable to prosecute suspect,
c9f66aa2b01fa9503d9134bb34846f6750f2d35ab70606472e8e209067418d20,2021-06,Lancashire Constabulary,Lancashire Constabulary,,,No Location,,,Burglary,Investigation complete; no suspect identified,
936a9721e9c5e74c9f68b844595e35f4f81e46848f231026b8bf64f92c508ff9,2021-06,Lancashire Constabulary,Lancashire Constabulary,,,No Location,,,Burglary,Investigation complete; no suspect identified,
7bdc844baf413bb908bda7a85ef98ecf45689d1aeadd7182cf3f763e39317992,2021-06,Lancashire Constabulary,Lancashire Constabulary,,,No Location,,,Burglary,Investigation complete; no suspect identified,
c4f5fdba287c798b32bc2bdd2639787e54eae6be9887d709ce3cdb4ffed1c351,2021-06,Lancashire Constabulary,Lancashire Constabulary,,,No Location,,,Burglary,Status update unavailable,
f7acffb90afd8ea004185351f23f08dcbcfc386e005bd784465a66ac7b74904f,2021-06,Lancashire Constabulary,Lancashire Constabulary,,,No Location,,,Burglary,Investigation complete; no suspect identified,
aa3ad243c87bb246a1abd15584fed8b3029e158adfab4c25ef82a93c7202a050,2021-06,Lancashire Constabulary,Lancashire Constabulary,,,No Location,,,Burglary,Investigation complete; no suspect identified,
a860a5c0bae280619dafefeb93bb5e391ee04f0bfd4058ce23db311adb3b7685,2021-06,Lancashire Constabulary,Lancashire Constabulary,,,No Location,,,Burglary,Unable to prosecute suspect,
e251943ee187a38e5cd06c988d99faa94322da4ab46e7ebb4b5e51996e8af00c,2021-06,Lancashire Constabulary,Lancashire Constabulary,,,No Location,,,Burglary,Status update unavailable,
3b023b24dfd232d71dea3f146fb242877d95624342beb48fa2dfffc0d1c85ab7,2021-06,Lancashire Constabulary,Lancashire Constabulary,,,No Location,,,Burglary,Further investigation is not in the public interest,
531d03b0028fb01fbeb1a8938c6f7d8280d5bc5589a1f3ac7eff0f8b52f796f7,2021-06,Lancashire Constabulary,Lancashire Constabulary,,,No Location,,,Burglary,Court result unavailable,
934c81c4007ec6ecf50de0a6be96e0ce5bca467f6b413c500a17fdbd5286dd47,2021-06,Lancashire Constabulary,Lancashire Constabulary,,,No Location,,,Burglary,Investigation complete; no suspect identified,
471d65ce72542dddf2def50896d09430bbc7aa4a2bad4319cf871a5a9ea92942,2021-06,Lancashire Constabulary,Lancashire Constabulary,,,No Location,,,Burglary,Investigation complete; no suspect identified,
e2a3b9f909dd017dd3a6ba41d27a9f9349e076bf15ec2155d8ceec0ae6188dbf,2021-06,Lancashire Constabulary,Lancashire Constabulary,,,No Location,,,Burglary,Investigation complete; no suspect identified,
fabcba46d3c43b888e7ff77296d94430c4b2b63846500d8e4bd7ed59163bcd52,2021-06,Lancashire Constabulary,Lancashire Constabulary,,,No Location,,,Burglary,Investigation complete; no suspect identified,
c5f87d9a72797e84f9afa6c05a007a76f6401e2ed7eaddf75c5c825551eaeeef,2021-06,Lancashire Constabulary,Lancashire Constabulary,,,No Location,,,Burglary,Investigation complete; no suspect identified,
11a6a345ce3bcc3c92d0f22ce4033188696272366cbf47b167de1274d5d8cc06,2021-06,Lancashire Constabulary,Lancashire Constabulary,,,No Location,,,Burglary,Unable to prosecute suspect,
e80a4bc5281291e80f4400e60e42f05680e6c61dd69277b2cd312a246e9bfd74,2021-06,Lancashire Constabulary,Lancashire Constabulary,,,No Location,,,Burglary,Investigation complete; no suspect identified,
56b0e406ae123d427be8d1ce1a34f7d935e1197525f546ee0a53d5243f8ed8c3,2021-06,Lancashire Constabulary,Lancashire Constabulary,,,No Location,,,Burglary,Investigation complete; no suspect identified,
6fa8870320cbaefae05be7f5c15509045d8b141f6f4db4f7df0ea5e8237fd858,2021-06,Lancashire Constabulary,Lancashire Constabulary,,,No Location,,,Burglary,Investigation complete; no suspect identified,
983920d2d39d506c984f687403269ce940447f53efb7ffde6c2c656a7ab6a0e8,2021-06,Lancashire Constabulary,Lancashire Constabulary,,,No Location,,,Burglary,Status update unavailable,
682421c0b33014e9f9041f803f9031d2a8431199e7bb5b9433dc48ad87f22ef9,2021-06,Lancashire Constabulary,Lancashire Constabulary,,,No Location,,,Burglary,Investigation complete; no suspect identified,
0d052c001da39647a92df99d19917311a13585c887851c77ecf09cc30091cc95,2021-06,Lancashire Constabulary,Lancashire Constabulary,,,No Location,,,Burglary,Investigation complete; no suspect identified,
f4af3202970f8a6de7f95a954192bd4b432c2ee446eeceb2282b40841d3d800b,2021-06,Lancashire Constabulary,Lancashire Constabulary,,,No Location,,,Burglary,Status update unavailable,
f891f41ed93bb50a01025381a39362374af688caeb25e916f833202c5a9eb74a,2021-06,Lancashire Constabulary,Lancashire Constabulary,,,No Location,,,Burglary,Investigation complete; no suspect identified,
5d52a7c20ae413ac059c739dd871eea5da60c7fd4e8a28f77ec88fa700cccaa0,2021-06,Lancashire Constabulary,Lancashire Constabulary,,,No Location,,,Burglary,Investigation complete; no suspect identified,
4022de1c027f29f58a8d5557628248dd6cb65497cd93c1870837c296b7c4c3ef,2021-06,Lancashire Constabulary,Lancashire Constabulary,,,No Location,,,Burglary,Investigation complete; no suspect identified,
df1c867e78f862679ce3a686ba4847e8adbbe8d9cbbb35b8cd78499621fe62b4,2021-06,Lancashire Constabulary,Lancashire Constabulary,,,No Location,,,Burglary,Status update unavailable,
aa8fc4de90cb9ef155697957461f46a8cef4976f6762bbd69049b4fdec95dfa5,2021-06,Lancashire Constabulary,Lancashire Constabulary,,,No Location,,,Burglary,Status update unavailable,
803db3dcb63adb3f686b90dc7918eb5e3a88d1d1b8679c0bd0766b7c572e28fd,2021-06,Lancashire Constabulary,Lancashire Constabulary,,,No Location,,,Burglary,Unable to prosecute suspect,
c1d25bafc28eb88f6885f730f036165e486ebe549a72c54931e60d09dbde7fab,2021-06,Lancashire Constabulary,Lancashire Constabulary,,,No Location,,,Burglary,Investigation complete; no suspect identified,
096a9686ab88fd6b4bab4e2000581b39a1fdd4cf17d00fed0ea5620727a58956,2021-06,Lancashire Constabulary,Lancashire Constabulary,,,No Location,,,Burglary,Status update unavailable,
370d1d9ef435eb8470fee8957db922c57425cb0d1b52d12bd076a0589bf67a03,2021-06,Lancashire Constabulary,Lancashire Constabulary,,,No Location,,,Burglary,Status update unavailable,
fb2da5713391fb0315c0af968b9fc5a9435dee8867720056538accd2147dc064,2021-06,Lancashire Constabulary,Lancashire Constabulary,,,No Location,,,Burglary,Investigation complete; no suspect identified,
4f6720a3906bea1234a71fe110b4021e359326d90febe4ad9b6fb30e3d4b830d,2021-06,Lancashire Constabulary,Lancashire Constabulary,,,No Location,,,Burglary,Investigation complete; no suspect identified,
61f89592254a8f240ce1a20d87f441bda3c9643c49eed6aa34d31ba851590181,2021-06,Lancashire Constabulary,Lancashire Constabulary,,,No Location,,,Burglary,Status update unavailable,
ce1a6ea15300dfd0b9e4814e12e7feeafcda46af238f30b868713f43999b9c8b,2021-06,Lancashire Constabulary,Lancashire Constabulary,,,No Location,,,Burglary,Status update unavailable,
d69d98beb84d1bf4861810ed76e83899f3731e41650a18bab0f151d30fcc5030,2021-06,Lancashire Constabulary,Lancashire Constabulary,,,No Location,,,Burglary,Status update unavailable,
1598ccf0be83f46dc06f339f80986f60c1172cac3d1b4934683ebed3f3d330a9,2021-06,Lancashire Constabulary,Lancashire Constabulary,,,No Location,,,Burglary,Investigation complete; no suspect identified,
11c77cb8f1aca22333aa41dd02c89967bed2d2fe02d3b486ae4d9025feca8c94,2021-06,Lancashire Constabulary,Lancashire Constabulary,,,No Location,,,Burglary,Investigation complete; no suspect identified,
5252108dafc9c52baba7c65cc1c7275551f5205ff5540eed6984a5a65dde99a1,2021-06,Lancashire Constabulary,Lancashire Constabulary,,,No Location,,,Burglary,Court result unavailable,
0df8a3c708afab646c86de6410b8781a453265730bc3de6f48d5bf0e0331e6ab,2021-06,Lancashire Constabulary,Lancashire Constabulary,,,No Location,,,Burglary,Investigation complete; no suspect identified,
b13412b933c0a7fce77ac7858d4e08f334dbe995fa75005dfa21c20a3e81cbc9,2021-06,Lancashire Constabulary,Lancashire Constabulary,,,No Location,,,Burglary,Status update unavailable,
c90f1768506bc180fc25ff15243c086eeba467152b593e1342697bea5e8a8a6f,2021-06,Lancashire Constabulary,Lancashire Constabulary,,,No Location,,,Burglary,Status update unavailable,
2a7b291a2a306335cc7c262d47f15385778ba3b39059bc8e933feaa7815308d0,2021-06,Lancashire Constabulary,Lancashire Constabulary,,,No Location,,,Burglary,Investigation complete; no suspect identified,
f81dd137c1c8896317cbee797be5425e3dbad3daf86b2e8b575ac386e46f513f,2021-06,Lancashire Constabulary,Lancashire Constabulary,,,No Location,,,Burglary,Status update unavailable,
0b2be5653f1d0be7ffc569eed225e5d61fa669e4fb19521f9e144b5b189ffaf3,2021-06,Lancashire Constabulary,Lancashire Constabulary,,,No Location,,,Burglary,Investigation complete; no suspect identified,
6d327b5fd1532a15265c5fcfc19527abd60dafd48010f92db87a968a817c1853,2021-06,Lancashire Constabulary,Lancashire Constabulary,,,No Location,,,Burglary,Unable to prosecute suspect,
496e943597df1334191073afc672dcc6746105a402da144e2faeec0b20367c09,2021-06,Lancashire Constabulary,Lancashire Constabulary,,,No Location,,,Burglary,Status update unavailable,
8f73eee1d9d404342e3b6dc4536463c3a53d6c559d37a72d31e7a061463e90b9,2021-06,Lancashire Constabulary,Lancashire Constabulary,,,No Location,,,Burglary,Investigation complete; no suspect identified,
bc69b638a458799f89ab28004fe961ed5a26c644433c95ff5e1b2557413fd674,2021-06,Lancashire Constabulary,Lancashire Constabulary,,,No Location,,,Burglary,Status update unavailable,
e9db1c4fdf93c4bcf11171c498857b179e0b075854021b4d2efa35696603c793,2021-06,Lancashire Constabulary,Lancashire Constabulary,,,No Location,,,Burglary,Unable to prosecute suspect,
0af52b96d570e24e4cc4a91e912d835e6b4e1385444878cf2a7bcee0dc354048,2021-06,Lancashire Constabulary,Lancashire Constabulary,,,No Location,,,Burglary,Status update unavailable,
adabd3d4e089d76219a47acbb360157eb603c97054fc872cd370145db44a8dde,2021-06,Lancashire Constabulary,Lancashire Constabulary,,,No Location,,,Burglary,Unable to prosecute suspect,
60783eda1504594e747aa62b7a453b03add00b757307fbc4b8695957ec284ad3,2021-06,Lancashire Constabulary,Lancashire Constabulary,,,No Location,,,Burglary,Investigation complete; no suspect identified,
653c18c3973ab3b7ab1e41f41cc9cd4f0a50e5d3f3d951b62855ca8ea285a48c,2021-06,Lancashire Constabulary,Lancashire Constabulary,,,No Location,,,Burglary,Investigation complete; no suspect identified,
d8009a41ce1a18387446f96e83c387595852f7ea87470e1bdd5dd7b910fe3c1f,2021-06,Lancashire Constabulary,Lancashire Constabulary,,,No Location,,,Burglary,Court result unavailable,
ace564751bfebbccdcb92e8be5615b3fddd30dd862aef73583b9aad5a56e9164,2021-06,Lancashire Constabulary,Lancashire Constabulary,,,No Location,,,Burglary,Investigation complete; no suspect identified,
507f8f0b412d2cfda6a78e4e530073dbfc2e73a07b2192d042e56fb615a68bb6,2021-06,Lancashire Constabulary,Lancashire Constabulary,,,No Location,,,Burglary,Status update unavailable,
2544b9b97b3ff02f5004bbdeddc7a510159538597493113aac05f4da0a1e96ba,2021-06,Lancashire Constabulary,Lancashire Constabulary,,,No Location,,,Burglary,Investigation complete; no suspect identified,
010082c3100aca9dac29320720560862342abda201067d5d7bc65edcfc4a77b8,2021-06,Lancashire Constabulary,Lancashire Constabulary,,,No Location,,,Burglary,Investigation complete; no suspect identified,
c0758d53559c6ea98aca35d6103174b28a05993b21ac39ce4e31d81b6915bf00,2021-06,Lancashire Constabulary,Lancashire Constabulary,,,No Location,,,Burglary,Investigation complete; no suspect identified,
e4e54ff13b585e7d92fdcb018f21976746f3198d9bb8cf7efcfd0ce216e5a5f2,2021-06,Lancashire Constabulary,Lancashire Constabulary,,,No Location,,,Burglary,Investigation complete; no suspect identified,
8e388f6e05d8652a67edf4355bdb3bdfda4f647a682f01a2552edb213e4b8189,2021-06,Lancashire Constabulary,Lancashire Constabulary,,,No Location,,,Burglary,Investigation complete; no suspect identified,
562a26c825dc7cad2312050b9f4d4da9b7e8d394788cc6e1f1b5969696e32f4c,2021-06,Lancashire Constabulary,Lancashire Constabulary,,,No Location,,,Burglary,Investigation complete; no suspect identified,
307dd3d483d2ca9b6e8a9c3fc78e469d7062ad5d902d63727844f774f29cd374,2021-06,Lancashire Constabulary,Lancashire Constabulary,,,No Location,,,Burglary,Status update unavailable,
ed957089ca969b429350ab4a7455aaa08c8f31d07bda1b7c8e94f4286da6817c,2021-06,Lancashire Constabulary,Lancashire Constabulary,,,No Location,,,Burglary,Investigation complete; no suspect identified,
ef4c9e869ad94eecfacf20634de0f9565cc38f768f6464e65e55215847552c9a,2021-06,Lancashire Constabulary,Lancashire Constabulary,,,No Location,,,Burglary,Investigation complete; no suspect identified,
469ad845f16cc1d4c0551e02d2905a4f63134f14f6013b2939f72bfe34c43e49,2021-06,Lancashire Constabulary,Lancashire Constabulary,,,No Location,,,Burglary,Investigation complete; no suspect identified,
ac6f33216cf00182a9878b8fd5321bde489629f25c6c83c702aa31f3678d6878,2021-06,Lancashire Constabulary,Lancashire Constabulary,,,No Location,,,Burglary,Status update unavailable,
43af456910218e4eb874db22ccae7af590ffecfa2fcce66fdad98e53b7465980,2021-06,Lancashire Constabulary,Lancashire Constabulary,,,No Location,,,Burglary,Court result unavailable,
4e0edc7dd4ca5c6ba84562df91b951d98f843bd2e66943035b4071f905b1f2f6,2021-06,Lancashire Constabulary,Lancashire Constabulary,,,No Location,,,Burglary,Investigation complete; no suspect identified,
e5012ba360216245f39e901e68f98dfc9416ada83b3600e9710036e778709363,2021-06,Lancashire Constabulary,Lancashire Constabulary,,,No Location,,,Burglary,Unable to prosecute suspect,
2a62ebc2108c2387be1cddc87cbc1e2b86ff3a33524dce885ed90c6ab6295992,2021-06,Lancashire Constabulary,Lancashire Constabulary,,,No Location,,,Burglary,Investigation complete; no suspect identified,
c79e71ec9fff656a9def17e31e55995fc95d7ae408fca7daa85e4006fcf4d294,2021-06,Lancashire Constabulary,Lancashire Constabulary,,,No Location,,,Burglary,Investigation complete; no suspect identified,
052b5f35b63203681fc19914ce7b46fed0d8a579590f03efe43a43e84701cf28,2021-06,Lancashire Constabulary,Lancashire Constabulary,,,No Location,,,Burglary,Status update unavailable,
048e2bb1f604f9142de5f1d601dfd28b616bd29a14fc5f3c6d9b4d1f560a4aed,2021-06,Lancashire Constabulary,Lancashire Constabulary,,,No Location,,,Burglary,Status update unavailable,
50b17030f49943351cda6313ee7429ed91196b1150902615cf1cf998a6f2d8ba,2021-06,Lancashire Constabulary,Lancashire Constabulary,,,No Location,,,Burglary,Investigation complete; no suspect identified,
4387f4ee88901d5dcb509e30ef84de38c0354e2b03e63626fc3b99b13962aaf5,2021-06,Lancashire Constabulary,Lancashire Constabulary,,,No Location,,,Burglary,Investigation complete; no suspect identified,
13e2d4af184d9faba683400089f5aee36775e44595089a5e76030d0252f738da,2021-06,Lancashire Constabulary,Lancashire Constabulary,,,No Location,,,Burglary,Investigation complete; no suspect identified,
42a528854fde278081c3389d5e8b188cdd523271bdd2aa3a91ebc3df07764956,2021-06,Lancashire Constabulary,Lancashire Constabulary,,,No Location,,,Burglary,Status update unavailable,
263aaa0731dbf87ade72e7d7b55f9e4168b06c6b4fce32a60d5a1219ca9e06f5,2021-06,Lancashire Constabulary,Lancashire Constabulary,,,No Location,,,Burglary,Status update unavailable,
ea8d1cf475f077bf89a0249d97ad12b271386df7b850a435e5968b6deed693a3,2021-06,Lancashire Constabulary,Lancashire Constabulary,,,No Location,,,Burglary,Unable to prosecute suspect,
b574993bda6a45991e54e2e2ee877986af532fa5b6e0da605c4726c6867ac65e,2021-06,Lancashire Constabulary,Lancashire Constabulary,,,No Location,,,Burglary,Status update unavailable,
63bb6bb5a77229e3ccaf73ad986037a7976ce69ec5989993045fc83f4da43510,2021-06,Lancashire Constabulary,Lancashire Constabulary,,,No Location,,,Burglary,Unable to prosecute suspect,
92b2b4fa0eed5ccaa589d79ad8925f7b6ee88b15e81450078a5125aa78c0290f,2021-06,Lancashire Constabulary,Lancashire Constabulary,,,No Location,,,Burglary,Status update unavailable,
33f5c9708bfaf2ab21a2c530c0250c1e12d4b8cb1fa42d7a9dcb8479c6c5c90b,2021-06,Lancashire Constabulary,Lancashire Constabulary,,,No Location,,,Burglary,Unable to prosecute suspect,
eaac802c95446f841c71c768b2606067df62d87314fa9defbaa53e3452ac2f58,2021-06,Lancashire Constabulary,Lancashire Constabulary,,,No Location,,,Burglary,Investigation complete; no suspect identified,
5c09a7020c45f40eb5928fd09878c005549e62522184c8ee3476ae0f7fd7abad,2021-06,Lancashire Constabulary,Lancashire Constabulary,,,No Location,,,Burglary,Investigation complete; no suspect identified,
cfa391be29ba61033a375e58ecfb43206792eb71a75a062b55fad7861997e080,2021-06,Lancashire Constabulary,Lancashire Constabulary,,,No Location,,,Burglary,Status update unavailable,
08879e6219efc8ae68e2d25bc8c928ea0354001ff7556c1fdb8a21574968f3ad,2021-06,Lancashire Constabulary,Lancashire Constabulary,,,No Location,,,Burglary,Investigation complete; no suspect identified,
78045f67e8142892e2410154fa62f7e67814bb558efd00cc3e29e51429a89508,2021-06,Lancashire Constabulary,Lancashire Constabulary,,,No Location,,,Burglary,Investigation complete; no suspect identified,
ffe7928e0f57373d39ee97b29ea1f609ec536584ce2a4650bf58d04e5ac06629,2021-06,Lancashire Constabulary,Lancashire Constabulary,,,No Location,,,Burglary,Investigation complete; no suspect identified,
2625def912d0941a05ab3eb4acb150541d333bfa666016463e383224355ae2e8,2021-06,Lancashire Constabulary,Lancashire Constabulary,,,No Location,,,Burglary,Investigation complete; no suspect identified,
11f37409bef9bc410b7fa18bb3f5c0858a665c0438c3fe9e1ca2aa0da47c1de1,2021-06,Lancashire Constabulary,Lancashire Constabulary,,,No Location,,,Burglary,Status update unavailable,
42cd4618aaff79bc91d781bbbbd06dd7c852e3518f150e95bd5c8a4675bcddd3,2021-06,Lancashire Constabulary,Lancashire Constabulary,,,No Location,,,Burglary,Status update unavailable,
21987b0f34febba7bc0c476ae0fe9f15d5eef9296c4af62e456e33b28b861e26,2021-06,Lancashire Constabulary,Lancashire Constabulary,,,No Location,,,Burglary,Status update unavailable,
e9c14500207f12a6ee3630ae2ba3921ac5a80a586c8eb262e62491ff4687c635,2021-06,Lancashire Constabulary,Lancashire Constabulary,,,No Location,,,Burglary,Status update unavailable,
aa270e545c7e6eabd0db0cfa4c68d37672a705272ac863944d2c07c1ea7ea485,2021-06,Lancashire Constabulary,Lancashire Constabulary,,,No Location,,,Burglary,Status update unavailable,
ae31e9630e11f826bcd10a40c9c87b5aa681f26a66a22402476ffc24e517c4b6,2021-06,Lancashire Constabulary,Lancashire Constabulary,,,No Location,,,Burglary,Investigation complete; no suspect identified,
49fcb8d512af6bba8d4558d2673e97bb325c208185375d96d98c889c93c5651c,2021-06,Lancashire Constabulary,Lancashire Constabulary,,,No Location,,,Burglary,Status update unavailable,
a7e356622e6ee0443728a66263ac3d55ca1b39efad7a960e9563136368c83f7d,2021-06,Lancashire Constabulary,Lancashire Constabulary,,,No Location,,,Burglary,Investigation complete; no suspect identified,
157097a4fa9d772b566c7ae9c8d4ca00044a30293e7d99d8587fb4370824ecd9,2021-06,Lancashire Constabulary,Lancashire Constabulary,,,No Location,,,Burglary,Unable to prosecute suspect,
2f1a6f01ad3e72c1676f75bbc558524b6a5d78d6efe9bbd044f6365a6eceda22,2021-06,Lancashire Constabulary,Lancashire Constabulary,,,No Location,,,Burglary,Investigation complete; no suspect identified,
07a32ded238b0c709b8656e6d4f76c6d4e42daa6a6843f8b99e28e5dcd7f8b55,2021-06,Lancashire Constabulary,Lancashire Constabulary,,,No Location,,,Burglary,Unable to prosecute suspect,
7774c4ade5c397934a33eeefc5d85cec9ee095dccc33502fc7f47adf3e65c150,2021-06,Lancashire Constabulary,Lancashire Constabulary,,,No Location,,,Burglary,Status update unavailable,
2e9207b15d3891817027e9d65dc3578b999377ab96ec7414fb7e29269f530442,2021-06,Lancashire Constabulary,Lancashire Constabulary,,,No Location,,,Burglary,Investigation complete; no suspect identified,
6e75cd45546c78ecaa3f61381ce4bd392182b59c6a893601cef5e31b265df765,2021-06,Lancashire Constabulary,Lancashire Constabulary,,,No Location,,,Burglary,Investigation complete; no suspect identified,
78ace1f788e4c4dc405814239bc55323f19c861c9fa90ce35b202040cf6caffd,2021-06,Lancashire Constabulary,Lancashire Constabulary,,,No Location,,,Burglary,Status update unavailable,
aa62609b769d44f5f48e32ba62b54a9c3b83097d4c264f97aafb67c85c0cf014,2021-06,Lancashire Constabulary,Lancashire Constabulary,,,No Location,,,Burglary,Unable to prosecute suspect,
7b93d1e8c22ee8ef2edc1f43df666fe62a06f824adb2cf0d0d3e8978c52c9f34,2021-06,Lancashire Constabulary,Lancashire Constabulary,,,No Location,,,Burglary,Status update unavailable,
09adb96043496447df9703d69aa1428575e9570c661805a502d81bce07325060,2021-06,Lancashire Constabulary,Lancashire Constabulary,,,No Location,,,Burglary,Status update unavailable,
7c313f74f646dedaa0b4efe321dfa17ef32ebb5f1c39e1e135a5f1dad266937d,2021-06,Lancashire Constabulary,Lancashire Constabulary,,,No Location,,,Burglary,Investigation complete; no suspect identified,
910d1c2a0ed6d2d9ce5d12fb5ad05b2449a8d4f355631f4e13ebe05ac8c11782,2021-06,Lancashire Constabulary,Lancashire Constabulary,,,No Location,,,Burglary,Status update unavailable,
acf211d054894170d6839964673217f651bc53e24f5115fccd243bdefcd5f668,2021-06,Lancashire Constabulary,Lancashire Constabulary,,,No Location,,,Burglary,Investigation complete; no suspect identified,
87a1d1f1db846591ea95f3edd5b34fa2954eb0a7b39fdc77daa31fa4c5b7b89a,2021-06,Lancashire Constabulary,Lancashire Constabulary,,,No Location,,,Burglary,Investigation complete; no suspect identified,
da6a160302c44dc1432f2e0ebdf261268e8c3efa7a2f8309938cbd5b69db44b8,2021-06,Lancashire Constabulary,Lancashire Constabulary,,,No Location,,,Burglary,Investigation complete; no suspect identified,
ab22e0334e9a18410ba787d2d751ca6df754de76ea18ee51e6d5009469714b28,2021-06,Lancashire Constabulary,Lancashire Constabulary,,,No Location,,,Burglary,Unable to prosecute suspect,
7ac9ab77fe78acd5e6b347edbcb1b4c86e2534c1faf0663f34709762ee4f4ae0,2021-06,Lancashire Constabulary,Lancashire Constabulary,,,No Location,,,Burglary,Investigation complete; no suspect identified,
35d23e2d29989d3493d25b8f194723ea7b071b2762cb4422714601f63a1c947c,2021-06,Lancashire Constabulary,Lancashire Constabulary,,,No Location,,,Burglary,Unable to prosecute suspect,
d4c64a12b671fd49957d6c0edd3be66e3424af34a01267fbfa6df2a1832b3eab,2021-06,Lancashire Constabulary,Lancashire Constabulary,,,No Location,,,Burglary,Investigation complete; no suspect identified,
907c1d710f4e85399832e6bc66e8b2950a6e8176cfb0e5c649a5c16b65d42860,2021-06,Lancashire Constabulary,Lancashire Constabulary,,,No Location,,,Burglary,Status update unavailable,
9b46477c1ccedc91eeba960392cf2998e2a3d2d83f12fa57bd1595590d564eeb,2021-06,Lancashire Constabulary,Lancashire Constabulary,,,No Location,,,Burglary,Unable to prosecute suspect,
1b9a0987eb7dcf90f3c499141a589016a02f4ce0dd041c4ccee70902f32eec33,2021-06,Lancashire Constabulary,Lancashire Constabulary,,,No Location,,,Burglary,Unable to prosecute suspect,
8d6a2e07a80cc686c2cb43ddc5660cf14c864a9f09ac11e4b4006c6d9ce3e43f,2021-06,Lancashire Constabulary,Lancashire Constabulary,,,No Location,,,Burglary,Investigation complete; no suspect identified,
73fe314f12ae32fa70011fbe3a6e208f6cb8aab2dd11016e915fce2ca0cf713f,2021-06,Lancashire Constabulary,Lancashire Constabulary,,,No Location,,,Burglary,Status update unavailable,
0064f7559270e6e9cf9142cb1a46a0717a0703b39e1dc33f4d404f2b152c2e60,2021-06,Lancashire Constabulary,Lancashire Constabulary,,,No Location,,,Burglary,Investigation complete; no suspect identified,
7acdd7d69f6ce2652b384547f4341a36da79e723fdac8c33cf8011ba3cb493bf,2021-06,Lancashire Constabulary,Lancashire Constabulary,,,No Location,,,Burglary,Investigation complete; no suspect identified,
0f130141e63c38853c6ca046dc844ad4fe1b56d2237e42c0e94355ca1255e914,2021-06,Lancashire Constabulary,Lancashire Constabulary,,,No Location,,,Burglary,Investigation complete; no suspect identified,
bb4336e7c312f76ecb47a043ed8cf81540d21244485c21c321fd61df6913a602,2021-06,Lancashire Constabulary,Lancashire Constabulary,,,No Location,,,Burglary,Investigation complete; no suspect identified,
54498bface5516539e91677cf7ec07eaad1cdafb3840060329cafd080b638aa0,2021-06,Lancashire Constabulary,Lancashire Constabulary,,,No Location,,,Burglary,Investigation complete; no suspect identified,
072875eefe08bcd435ef14612ef3ec682db93a6cb2618f46b421a090326385e1,2021-06,Lancashire Constabulary,Lancashire Constabulary,,,No Location,,,Burglary,Status update unavailable,
b6e080d5602c6fc6736855c9742104ac12a18ac40d4768200996bb5aa37de638,2021-06,Lancashire Constabulary,Lancashire Constabulary,,,No Location,,,Burglary,Status update unavailable,
c49dedd45153aeecf124e688d659ba8a1b6ac0ab064ea89fcda593bc85b3609f,2021-06,Lancashire Constabulary,Lancashire Constabulary,,,No Location,,,Burglary,Investigation complete; no suspect identified,
578034762dcc45fa16eec95b1760b0c4348a3e78d5dba4cb0cb5aca9a6a6b43e,2021-06,Lancashire Constabulary,Lancashire Constabulary,,,No Location,,,Burglary,Investigation complete; no suspect identified,
e0483616d687f6ab489a87f0393bdf20dd403962ba989c8b952861338533b4db,2021-06,Lancashire Constabulary,Lancashire Constabulary,,,No Location,,,Criminal damage and arson,Investigation complete; no suspect identified,
6a8db8066ca35ad5a09ec4372e2c60ced296c9abe5bcc32c910e0d7068c6220b,2021-06,Lancashire Constabulary,Lancashire Constabulary,,,No Location,,,Criminal damage and arson,Investigation complete; no suspect identified,
11a0e33a376a82886d8235effb1dfdf09e28849344c816f6db8e474c52e732b2,2021-06,Lancashire Constabulary,Lancashire Constabulary,,,No Location,,,Criminal damage and arson,Investigation complete; no suspect identified,
ea5dcc826e6345c458ef18e5a38fd23f90ef720bf1ff5744ad348a999570399b,2021-06,Lancashire Constabulary,Lancashire Constabulary,,,No Location,,,Criminal damage and arson,Status update unavailable,
6b509820ae7f2a26495491a98740e8e015c2cb36b935b841aab498fcc0b3b479,2021-06,Lancashire Constabulary,Lancashire Constabulary,,,No Location,,,Criminal damage and arson,Unable to prosecute suspect,
658798f28592a6826d3e0a8f5d2a4fea9b8ed776acacc86f3fa2e2e4845b0aa5,2021-06,Lancashire Constabulary,Lancashire Constabulary,,,No Location,,,Criminal damage and arson,Unable to prosecute suspect,
e0bdf70294fbde67fe019bab03480c3bc47af7d074905aa2165baed27ce9a1d3,2021-06,Lancashire Constabulary,Lancashire Constabulary,,,No Location,,,Criminal damage and arson,Investigation complete; no suspect identified,
6d9f7c68aeb92f617cdeb65ead6e28d9761f7d910142c7c71bd025da4c717285,2021-06,Lancashire Constabulary,Lancashire Constabulary,,,No Location,,,Criminal damage and arson,Unable to prosecute suspect,
1f021dbcf1331c5ec20f1b779d6e3140183c85a058b73662c7c404c9182b7580,2021-06,Lancashire Constabulary,Lancashire Constabulary,,,No Location,,,Criminal damage and arson,Investigation complete; no suspect identified,
02f0731abc13240a8606d5caefba571c90780d872c70917fe60ef26bc91fdf6e,2021-06,Lancashire Constabulary,Lancashire Constabulary,,,No Location,,,Criminal damage and arson,Investigation complete; no suspect identified,
55ec3bffe2d30c4fdcaf75a2a37805930e84bb24205de904d9d38b25f7991f64,2021-06,Lancashire Constabulary,Lancashire Constabulary,,,No Location,,,Criminal damage and arson,Investigation complete; no suspect identified,
3ac666a083649d5b12e1289d3a3a5b27732e033e6de13faec921a5eb794cea20,2021-06,Lancashire Constabulary,Lancashire Constabulary,,,No Location,,,Criminal damage and arson,Investigation complete; no suspect identified,
cd0d9b1f7b9034e27b84d92f3426a82d2c65260ffdb50c6bf4435039b5a88ab9,2021-06,Lancashire Constabulary,Lancashire Constabulary,,,No Location,,,Criminal damage and arson,Investigation complete; no suspect identified,
a9c005f87c7cf7baec2a6550c89c539675656a15d1d7db63dff731dc81f852c1,2021-06,Lancashire Constabulary,Lancashire Constabulary,,,No Location,,,Criminal damage and arson,Investigation complete; no suspect identified,
4c9db86e6b1bb57952ca8f6cfa4c7599692b0e37776e05919669e919a9979f59,2021-06,Lancashire Constabulary,Lancashire Constabulary,,,No Location,,,Criminal damage and arson,Investigation complete; no suspect identified,
0f808257ed6dee635a8a2ab4e7a939ef6a2e36f91b1474c3b45cccaed8ef74d1,2021-06,Lancashire Constabulary,Lancashire Constabulary,,,No Location,,,Criminal damage and arson,Investigation complete; no suspect identified,
4315af7b4f63e1aceb727b9eb0735af4f7124d26972136df260ef8f4288acb70,2021-06,Lancashire Constabulary,Lancashire Constabulary,,,No Location,,,Criminal damage and arson,Investigation complete; no suspect identified,
3730ba379c3d3c58a49aba1dd11aa053ea2f0e0dc668be65141b35506516b952,2021-06,Lancashire Constabulary,Lancashire Constabulary,,,No Location,,,Criminal damage and arson,Unable to prosecute suspect,
5f18772985fb440e32370d1e0b444562021efc8aa1ebb466b562eae8bc2c11c7,2021-06,Lancashire Constabulary,Lancashire Constabulary,,,No Location,,,Criminal damage and arson,Unable to prosecute suspect,
97e015370b846231f91e1b6a39773023c00c94f4b87bb7224075dc7736c96223,2021-06,Lancashire Constabulary,Lancashire Constabulary,,,No Location,,,Criminal damage and arson,Investigation complete; no suspect identified,
1ef49327b7da0f552f77431b22e78c2d1f41b32bcbc4a65049d8dbd40fd1429a,2021-06,Lancashire Constabulary,Lancashire Constabulary,,,No Location,,,Criminal damage and arson,Investigation complete; no suspect identified,
65dd4aab34e3dd61ea6f4c9ba3a947841c2df706befa59bfb38d16ab23403309,2021-06,Lancashire Constabulary,Lancashire Constabulary,,,No Location,,,Criminal damage and arson,Investigation complete; no suspect identified,
7ff0588c4973ab148823f37ad7c1ee0662556f2081d02f34dda6eb50a79a529b,2021-06,Lancashire Constabulary,Lancashire Constabulary,,,No Location,,,Criminal damage and arson,Investigation complete; no suspect identified,
f1e2da027a3b94a60e4a226fb5548028c929bf3a906d7fc05abbc9faf7cf8f31,2021-06,Lancashire Constabulary,Lancashire Constabulary,,,No Location,,,Criminal damage and arson,Status update unavailable,
b42a09fb507dcc1bf6b82060c1cfa6020f7f198ed8491fc5c6e49cb23f85550e,2021-06,Lancashire Constabulary,Lancashire Constabulary,,,No Location,,,Criminal damage and arson,Unable to prosecute suspect,
4ba952e45f163a72a740a449e0c1f161a0d5de1d65760748a2843651cf4d4fa6,2021-06,Lancashire Constabulary,Lancashire Constabulary,,,No Location,,,Criminal damage and arson,Investigation complete; no suspect identified,
35590edc9a106fdeb71a823a7814ce35204bdb731ce76839e853e904c1b87375,2021-06,Lancashire Constabulary,Lancashire Constabulary,,,No Location,,,Criminal damage and arson,Unable to prosecute suspect,
875a363a8948c493d8b6aeeb36d1df153c33c4a2b4685d759a70a0e7d8f11c5d,2021-06,Lancashire Constabulary,Lancashire Constabulary,,,No Location,,,Criminal damage and arson,Investigation complete; no suspect identified,
043fcb7849f8ec40db9db6db88c3c921f954efd0902becd7920ae876b6f99bc3,2021-06,Lancashire Constabulary,Lancashire Constabulary,,,No Location,,,Criminal damage and arson,Investigation complete; no suspect identified,
dbb6e677dede41245a707fa12c05a29a2ada3c8608730575cb7b83f1b4f991e3,2021-06,Lancashire Constabulary,Lancashire Constabulary,,,No Location,,,Criminal damage and arson,Investigation complete; no suspect identified,
ecf61922d8ed6006c9c79cb75af84eaab43243fc2996512478e299b3152e4f10,2021-06,Lancashire Constabulary,Lancashire Constabulary,,,No Location,,,Criminal damage and arson,Unable to prosecute suspect,
8defa7179930117c66f08503f86f480e15b1545b23774279d64015a7e9b7c294,2021-06,Lancashire Constabulary,Lancashire Constabulary,,,No Location,,,Criminal damage and arson,Further investigation is not in the public interest,
b8347a1e466d35bf673fe944da1c6bb32074295970ef77a7108be4a5f8c3e343,2021-06,Lancashire Constabulary,Lancashire Constabulary,,,No Location,,,Criminal damage and arson,Unable to prosecute suspect,
b299fda48f8bdf3c0c0bdf1bc47b91c02e0010a8c23ec7e16e96cdd03329082f,2021-06,Lancashire Constabulary,Lancashire Constabulary,,,No Location,,,Criminal damage and arson,Status update unavailable,
b0874a7694f4caebe28a88fa33e2a0de666f31f2c3a6d6e087130ba6fcc70ebb,2021-06,Lancashire Constabulary,Lancashire Constabulary,,,No Location,,,Criminal damage and arson,Investigation complete; no suspect identified,
84cda499c844545c52a46ef9febdefb07bc45e72d272bec966dc9e19b1dc24fc,2021-06,Lancashire Constabulary,Lancashire Constabulary,,,No Location,,,Criminal damage and arson,Local resolution,
0fb913ca6a32d3cdf17b842cd9d4dd58baaccaab69ea0174684c6a6e2e15e9ed,2021-06,Lancashire Constabulary,Lancashire Constabulary,,,No Location,,,Criminal damage and arson,Unable to prosecute suspect,
64c88d8dbec7ef3443a1345bb2d7cd79e7c4c6bd6959120f25d03608b8208b72,2021-06,Lancashire Constabulary,Lancashire Constabulary,,,No Location,,,Criminal damage and arson,Investigation complete; no suspect identified,
ce3251168ffc67ddbbbab283a6d6fce5d488fff5b22bc500788db870d3e7c8a2,2021-06,Lancashire Constabulary,Lancashire Constabulary,,,No Location,,,Criminal damage and arson,Status update unavailable,
6711d4d651b5c984b22264720245ad4b27ca427b1708a31c7c4d347f521ded35,2021-06,Lancashire Constabulary,Lancashire Constabulary,,,No Location,,,Criminal damage and arson,Investigation complete; no suspect identified,
01f2d5c3f7bd8e8bfaa50d9bace4ea03725410bbd660f05fd6a00fd87883d3dd,2021-06,Lancashire Constabulary,Lancashire Constabulary,,,No Location,,,Criminal damage and arson,Unable to prosecute suspect,
093f4fc58d8e115c81b08ad3e090ab9c15fdb92561c660ab1f6c9286d2fd0e3f,2021-06,Lancashire Constabulary,Lancashire Constabulary,,,No Location,,,Criminal damage and arson,Unable to prosecute suspect,
7b4df0b01df25493393730c43aefab9790e455fc0ba0fad82e317ee8e7cb321e,2021-06,Lancashire Constabulary,Lancashire Constabulary,,,No Location,,,Criminal damage and arson,Investigation complete; no suspect identified,
faec33c09b6e6328f22c83547624ae83df9184b2f313d3eba93f1090dddd7bf8,2021-06,Lancashire Constabulary,Lancashire Constabulary,,,No Location,,,Criminal damage and arson,Investigation complete; no suspect identified,
9bc7a7725ef834795a354508daa5697acb67017938fc7563d46b4107d462289a,2021-06,Lancashire Constabulary,Lancashire Constabulary,,,No Location,,,Criminal damage and arson,Further investigation is not in the public interest,
d43cb10690ca827ea8f88d776841cf5585e5e61fcff07a6e5dd897db95b8a525,2021-06,Lancashire Constabulary,Lancashire Constabulary,,,No Location,,,Criminal damage and arson,Investigation complete; no suspect identified,
3ce594d57879d116d9eaabcdf2e96d23cc1e792ca832f3e7216007c0c2bab43d,2021-06,Lancashire Constabulary,Lancashire Constabulary,,,No Location,,,Criminal damage and arson,Investigation complete; no suspect identified,
ed0b8d2a37e673b2cd342d46c60b9477b78ca44d53bbe60b84416a944624e12a,2021-06,Lancashire Constabulary,Lancashire Constabulary,,,No Location,,,Criminal damage and arson,Status update unavailable,
228aedb1eea3270e8633830f3f5a79cc740c3e1c655cd115d6378a4e61a3deb9,2021-06,Lancashire Constabulary,Lancashire Constabulary,,,No Location,,,Criminal damage and arson,Status update unavailable,
aee02f6a5baca8aab0b8d3d0bd74e93d12ae1d7f52633e7b5ae5efcfdc03cc0b,2021-06,Lancashire Constabulary,Lancashire Constabulary,,,No Location,,,Criminal damage and arson,Unable to prosecute suspect,
a62e24e1a01c425273f329a1abbc1ce16b49bdb346c53ae8c7b979db428622e8,2021-06,Lancashire Constabulary,Lancashire Constabulary,,,No Location,,,Criminal damage and arson,Status update unavailable,
3c716c0310033467388bf18272f714771f76ce31b185a9c9187da91a4591eead,2021-06,Lancashire Constabulary,Lancashire Constabulary,,,No Location,,,Criminal damage and arson,Status update unavailable,
12b4d90e99dd3af44ecd00b36e2bbd6522c59ef366c2f429dfef5a13fbbe7339,2021-06,Lancashire Constabulary,Lancashire Constabulary,,,No Location,,,Criminal damage and arson,Investigation complete; no suspect identified,
920e3d9e9a046d906932bd0e505fde9a37a2d2b90cb8f210dd141109912497f0,2021-06,Lancashire Constabulary,Lancashire Constabulary,,,No Location,,,Criminal damage and arson,Local resolution,
0d920a230bc036122d058344e19048107287a226d8b5056167d5ffabdddf18d3,2021-06,Lancashire Constabulary,Lancashire Constabulary,,,No Location,,,Criminal damage and arson,Investigation complete; no suspect identified,
b46d5d048e38479bdda9109524cb25f65b9c6c5ae7108c6f724b092cae664425,2021-06,Lancashire Constabulary,Lancashire Constabulary,,,No Location,,,Criminal damage and arson,Action to be taken by another organisation,
ad09aba0a92e6ed78cd5ebe138897105cc94fbed91077538cc09125c61086b84,2021-06,Lancashire Constabulary,Lancashire Constabulary,,,No Location,,,Criminal damage and arson,Investigation complete; no suspect identified,
1049b8470220210971b5f786705c0803138c334df77a18f614e39f9f89930dba,2021-06,Lancashire Constabulary,Lancashire Constabulary,,,No Location,,,Criminal damage and arson,Investigation complete; no suspect identified,
afa96363dec764e2832389a1d1839cb48b360f4fb7ca6cc27d931e4e7c2473cb,2021-06,Lancashire Constabulary,Lancashire Constabulary,,,No Location,,,Criminal damage and arson,Investigation complete; no suspect identified,
d852d27cc6f98eb98a69764b8c991bde3f3b054bbddaa2564a2f580d031d696f,2021-06,Lancashire Constabulary,Lancashire Constabulary,,,No Location,,,Criminal damage and arson,Investigation complete; no suspect identified,
ba5cbe54556fdc9bfd9eb49f65412f2433e662b4921cad9269e002d2c398d302,2021-06,Lancashire Constabulary,Lancashire Constabulary,,,No Location,,,Criminal damage and arson,Action to be taken by another organisation,
481d4a031eacc59c332ee18f525efd6034a6ecffefe8e9830a4795ffbba00552,2021-06,Lancashire Constabulary,Lancashire Constabulary,,,No Location,,,Criminal damage and arson,Unable to prosecute suspect,
fec588d92b133d3cd0ae440e885f6ffe5526d9120346f33376099ccb91058fb9,2021-06,Lancashire Constabulary,Lancashire Constabulary,,,No Location,,,Criminal damage and arson,Investigation complete; no suspect identified,
64edb462b5ff7f3a38b08afff069fc4a93b96f0fb39dbefffdd057084f18999b,2021-06,Lancashire Constabulary,Lancashire Constabulary,,,No Location,,,Criminal damage and arson,Status update unavailable,
f033dd2b3342eeef90e065aeb5f1db25a773bf89b82cbab90b2f96c3f8e2c05c,2021-06,Lancashire Constabulary,Lancashire Constabulary,,,No Location,,,Criminal damage and arson,Investigation complete; no suspect identified,
5608a6ffd2385916317bd30f634ce13e67270adec5deb4b160e632902a3d8a36,2021-06,Lancashire Constabulary,Lancashire Constabulary,,,No Location,,,Criminal damage and arson,Local resolution,
b858fab137c8018995c0d26c567aa52907c22ec5443f37b89006da2da47d4ac9,2021-06,Lancashire Constabulary,Lancashire Constabulary,,,No Location,,,Criminal damage and arson,Investigation complete; no suspect identified,
2b3e28c0e9e9f4853656aa793561d977ac9c62cfbe3075001d97bc334451ba06,2021-06,Lancashire Constabulary,Lancashire Constabulary,,,No Location,,,Criminal damage and arson,Unable to prosecute suspect,
690bbfd2fc379aa013a34e50daf5e54dbe0c4814224909124c85d783f51da4e0,2021-06,Lancashire Constabulary,Lancashire Constabulary,,,No Location,,,Criminal damage and arson,Investigation complete; no suspect identified,
161fde32b0005d693f384b24bb80c3036a4f64db5935ddc3a95f4f9732fa6c0b,2021-06,Lancashire Constabulary,Lancashire Constabulary,,,No Location,,,Criminal damage and arson,Unable to prosecute suspect,
dc451e09f54a7b8a71563b910f87e41a764e4514c8936b03ec62fd287edab6a5,2021-06,Lancashire Constabulary,Lancashire Constabulary,,,No Location,,,Criminal damage and arson,Status update unavailable,
91bbfb8a0cce05b68f369607de69fa2ee68965dd2cdf15ca2fa76481673b9c65,2021-06,Lancashire Constabulary,Lancashire Constabulary,,,No Location,,,Criminal damage and arson,Unable to prosecute suspect,
0e27462bb051becd1b6cecd5646fddd6530526c2eaa5208287225d6a3c2fa7a8,2021-06,Lancashire Constabulary,Lancashire Constabulary,,,No Location,,,Criminal damage and arson,Unable to prosecute suspect,
cf9b0e159d164c211b71ec2e5c4cd836ce8a860f0a918916b00d0a96b6b3280b,2021-06,Lancashire Constabulary,Lancashire Constabulary,,,No Location,,,Criminal damage and arson,Unable to prosecute suspect,
a7ae472f242c230e36bf691af090dfdbd1904af6301ffeb3edab3bc276233167,2021-06,Lancashire Constabulary,Lancashire Constabulary,,,No Location,,,Criminal damage and arson,Status update unavailable,
8b5cb83643d73bad302ac292d69daf288de0035c71b5969119e88359efb8dc04,2021-06,Lancashire Constabulary,Lancashire Constabulary,,,No Location,,,Criminal damage and arson,Unable to prosecute suspect,
641e672240491147a9a0d8eac0fee975559b93fee997065c2308375de0ccd52a,2021-06,Lancashire Constabulary,Lancashire Constabulary,,,No Location,,,Criminal damage and arson,Investigation complete; no suspect identified,
9c672d3dbdb58bb97547f32f50e01b87e541c7959065131dac753602ec4c1463,2021-06,Lancashire Constabulary,Lancashire Constabulary,,,No Location,,,Criminal damage and arson,Unable to prosecute suspect,
5804635e40fae29b02d43b83a7d88c992df042282389690949e5f2d654c0c642,2021-06,Lancashire Constabulary,Lancashire Constabulary,,,No Location,,,Criminal damage and arson,Local resolution,
5ab52fd2519244c0cff5973d46d444b8d1e097f64d69db7cf18ec92a3e385819,2021-06,Lancashire Constabulary,Lancashire Constabulary,,,No Location,,,Criminal damage and arson,Unable to prosecute suspect,
ffedaea2e20c90fac053caef65a023c852fa45ba54c261e9857285ac7f6d6a69,2021-06,Lancashire Constabulary,Lancashire Constabulary,,,No Location,,,Criminal damage and arson,Investigation complete; no suspect identified,
3122d3c1f7fbe341a1c360d6d133c7db2b9123e8f60dd2e270ee757c7323fef4,2021-06,Lancashire Constabulary,Lancashire Constabulary,,,No Location,,,Criminal damage and arson,Investigation complete; no suspect identified,
35269c05ffdf68cbc46e39b3fb055ed3fed82d82c33aa3c456d6e89763ca6e8f,2021-06,Lancashire Constabulary,Lancashire Constabulary,,,No Location,,,Criminal damage and arson,Investigation complete; no suspect identified,
3013add47494e7c5964ed9ae1e6736fcf24ebc315ba78c37180064b1d8347581,2021-06,Lancashire Constabulary,Lancashire Constabulary,,,No Location,,,Criminal damage and arson,Investigation complete; no suspect identified,
a71cc5d3e98a00a523d52cfd64b9ee8cd1a1043161e760d83435828dbd13c7cd,2021-06,Lancashire Constabulary,Lancashire Constabulary,,,No Location,,,Criminal damage and arson,Court result unavailable,
691ac84110cdb3242894fcde9be3298345cc61c0f7d83acf098abfb4da66f409,2021-06,Lancashire Constabulary,Lancashire Constabulary,,,No Location,,,Criminal damage and arson,Investigation complete; no suspect identified,
655a50df6ad2939c339def4e6f7401be21125f800bb1668b0fc38ff9bd66ebac,2021-06,Lancashire Constabulary,Lancashire Constabulary,,,No Location,,,Criminal damage and arson,Unable to prosecute suspect,
0115ee359431717d5b81942692c1526b2f120f8caff81f5173a96562bbf5ce16,2021-06,Lancashire Constabulary,Lancashire Constabulary,,,No Location,,,Criminal damage and arson,Investigation complete; no suspect identified,
f0edc945d82ebae4987cb4eff69a417cd1b56a3108fa87e015d25cdfdb928a41,2021-06,Lancashire Constabulary,Lancashire Constabulary,,,No Location,,,Criminal damage and arson,Investigation complete; no suspect identified,
bffba45767cc53aee39543e78a4bd5d103ac52e94e51ac26b74d95daa99d4ba1,2021-06,Lancashire Constabulary,Lancashire Constabulary,,,No Location,,,Criminal damage and arson,Investigation complete; no suspect identified,
9e561700f90b8f0c5e7207801aadd21079f4a9bab8c704116e07ad6beadee72a,2021-06,Lancashire Constabulary,Lancashire Constabulary,,,No Location,,,Criminal damage and arson,Investigation complete; no suspect identified,
ff133fa0103c8abec049112653ad3b0de59a1543d9fd93e17816c22ef3b418dc,2021-06,Lancashire Constabulary,Lancashire Constabulary,,,No Location,,,Criminal damage and arson,Local resolution,
587964f1f21b7990765b96ba023e8ac34d42ea2bab035a83907dd58b631c6f0d,2021-06,Lancashire Constabulary,Lancashire Constabulary,,,No Location,,,Criminal damage and arson,Investigation complete; no suspect identified,
bba78faef872aa0188cf4c26a2aa69ed1511beef5d414932b59f1b3a8191a7da,2021-06,Lancashire Constabulary,Lancashire Constabulary,,,No Location,,,Criminal damage and arson,Unable to prosecute suspect,
43fbc4a21da51c21458ab9ed26177cdd6dfb277846a43cfc878a332b07de3d62,2021-06,Lancashire Constabulary,Lancashire Constabulary,,,No Location,,,Criminal damage and arson,Investigation complete; no suspect identified,
aad26a3ebed3bd015bf23e6fb85cae7cb6dd8694b4653f267f1685ff89a4b2be,2021-06,Lancashire Constabulary,Lancashire Constabulary,,,No Location,,,Criminal damage and arson,Unable to prosecute suspect,
4baa6254eeef7b6ad030a533a52a6582d102ffcbec5ec322b3b4d0af9004be5c,2021-06,Lancashire Constabulary,Lancashire Constabulary,,,No Location,,,Criminal damage and arson,Investigation complete; no suspect identified,
1596bbb976770ebb4c05a98ff8a67ab6dde359beca48c9ec7e7a8d2dc38aace1,2021-06,Lancashire Constabulary,Lancashire Constabulary,,,No Location,,,Criminal damage and arson,Unable to prosecute suspect,
44f2af15f0fc6d72687c18840f5ff7cd9adfa22db60b2116ac60c2cb3566cec4,2021-06,Lancashire Constabulary,Lancashire Constabulary,,,No Location,,,Criminal damage and arson,Action to be taken by another organisation,
739391a91d71ab418759b8c85fdf8c31c0a36df0b4404f5aa7ce66963ca7b903,2021-06,Lancashire Constabulary,Lancashire Constabulary,,,No Location,,,Criminal damage and arson,Local resolution,
5dd305f31456ac19cb24d9b70a2c3956910dcd1998bfdb2abd89090d59144aa4,2021-06,Lancashire Constabulary,Lancashire Constabulary,,,No Location,,,Criminal damage and arson,Investigation complete; no suspect identified,
81f73fa7dcc51496434a7e1a9d2c771c55adfc54c1809cf594f13987cd255dc3,2021-06,Lancashire Constabulary,Lancashire Constabulary,,,No Location,,,Criminal damage and arson,Status update unavailable,
3adec72120a821375b2aa306ae65d4d9254eabbd9a690e3c01ddb3112d9d852f,2021-06,Lancashire Constabulary,Lancashire Constabulary,,,No Location,,,Criminal damage and arson,Unable to prosecute suspect,
0dc68ea9e22ad5a01d3e8887eeb1fa063da8ea85bc7842cdc23824cd5a944263,2021-06,Lancashire Constabulary,Lancashire Constabulary,,,No Location,,,Criminal damage and arson,Local resolution,
5ae707c16ccb4237ae785fdc5b92817089e824e49a5ab366fe53bc7bc486ecf5,2021-06,Lancashire Constabulary,Lancashire Constabulary,,,No Location,,,Criminal damage and arson,Investigation complete; no suspect identified,
c908f1746f1c252435b854a2844cf5ce981379f6a94957dab5ab598316bfbe40,2021-06,Lancashire Constabulary,Lancashire Constabulary,,,No Location,,,Criminal damage and arson,Status update unavailable,
7fa9172801af027a6b93e0e5d39210627e76ef9b1802bf4b719c445b2ef51348,2021-06,Lancashire Constabulary,Lancashire Constabulary,,,No Location,,,Criminal damage and arson,Unable to prosecute suspect,
f3485d6389e6dce879af26b9fee7fc8bfb875015a5dd36835719f57b820c999d,2021-06,Lancashire Constabulary,Lancashire Constabulary,,,No Location,,,Criminal damage and arson,Investigation complete; no suspect identified,
5a2304dae09f3a714942c166891403b91ac3e5cfd4300d2b259fa234cdc03b98,2021-06,Lancashire Constabulary,Lancashire Constabulary,,,No Location,,,Criminal damage and arson,Investigation complete; no suspect identified,
e3fc0be9d6b8e4ea8968e0a55cd2185171e84fb03e70c543295086bba5178af2,2021-06,Lancashire Constabulary,Lancashire Constabulary,,,No Location,,,Criminal damage and arson,Further investigation is not in the public interest,
ce41f0bd9a943ed4a19861dc3b9c4dc465da3951d7bd57eaec16a34fb7bc4ccc,2021-06,Lancashire Constabulary,Lancashire Constabulary,,,No Location,,,Criminal damage and arson,Status update unavailable,
ddafb9c11edfc69bf2162016b826ba1445d06ac73703e1b2bd532e88052040d5,2021-06,Lancashire Constabulary,Lancashire Constabulary,,,No Location,,,Criminal damage and arson,Investigation complete; no suspect identified,
a15fa5eb44265ffafb413ac86db149e3bcb70b50b649ae845f905baa64e1f70d,2021-06,Lancashire Constabulary,Lancashire Constabulary,,,No Location,,,Criminal damage and arson,Further investigation is not in the public interest,
73ae648abfdeb2c3558b8b637bf313a19d6ae181a29b7c05bd2d4752b51e7d9a,2021-06,Lancashire Constabulary,Lancashire Constabulary,,,No Location,,,Criminal damage and arson,Unable to prosecute suspect,
1b3d6cf3814cb8fef121a8e0dfe6e370fd747464b1f9044eb88f2cd31e09030e,2021-06,Lancashire Constabulary,Lancashire Constabulary,,,No Location,,,Criminal damage and arson,Investigation complete; no suspect identified,
b060dfb497b42e4189727c53f85caa04ee3fa3cdb71ad97fded9b7bf054ba4df,2021-06,Lancashire Constabulary,Lancashire Constabulary,,,No Location,,,Criminal damage and arson,Unable to prosecute suspect,
e3b0cc58e02b91f2de708d5aa00cedfc44cf582392b0371521b378f13956d2d0,2021-06,Lancashire Constabulary,Lancashire Constabulary,,,No Location,,,Criminal damage and arson,Local resolution,
5c386ca3fc5c3281271e0d485d5ecc797c9ce748cf6ce365fd47d4463378675d,2021-06,Lancashire Constabulary,Lancashire Constabulary,,,No Location,,,Criminal damage and arson,Unable to prosecute suspect,
9998dfd8599c775bcefcea3e5dbdb162096efe15ba49dd16469a08e103d642b0,2021-06,Lancashire Constabulary,Lancashire Constabulary,,,No Location,,,Criminal damage and arson,Investigation complete; no suspect identified,
14ec77796413610320f42486f4abd161cf63604486a84bd7d09cb7de8c5441f1,2021-06,Lancashire Constabulary,Lancashire Constabulary,,,No Location,,,Criminal damage and arson,Investigation complete; no suspect identified,
0f8efb0f6d448faefaa301a2a09c6ce618f0d57609b1788b3ae701f368967f98,2021-06,Lancashire Constabulary,Lancashire Constabulary,,,No Location,,,Criminal damage and arson,Status update unavailable,
bf756ba9afb5e4c03238299098afe41f4ea86717ab77ab5ed033b568b4f2496a,2021-06,Lancashire Constabulary,Lancashire Constabulary,,,No Location,,,Criminal damage and arson,Investigation complete; no suspect identified,
e515c885df76731f696ad09c3202df8fe91a993700051bba428a1aac7929a37e,2021-06,Lancashire Constabulary,Lancashire Constabulary,,,No Location,,,Criminal damage and arson,Status update unavailable,
30bd2928ade4352bce53e238b4369781419da47e50d1b6cf96ca876ef20ff825,2021-06,Lancashire Constabulary,Lancashire Constabulary,,,No Location,,,Criminal damage and arson,Investigation complete; no suspect identified,
c395832f67fa60d1d10058f8c18ee02588ee06b998796c9dcdb4160738240384,2021-06,Lancashire Constabulary,Lancashire Constabulary,,,No Location,,,Criminal damage and arson,Investigation complete; no suspect identified,
2ee30b5c04a35f65677dc1d50423aeff2dcf910431b42cbbc9e612d02175e921,2021-06,Lancashire Constabulary,Lancashire Constabulary,,,No Location,,,Criminal damage and arson,Unable to prosecute suspect,
3ff4ad2f8a0f2398ccabe21f416b2e20a8f69525b7ba878074b67d721ba9af61,2021-06,Lancashire Constabulary,Lancashire Constabulary,,,No Location,,,Criminal damage and arson,Investigation complete; no suspect identified,
6b7f4fd9cab48a6fb5237f3ca38ee53e6ad11b8c0ea7e4dde9fe0385686fff3d,2021-06,Lancashire Constabulary,Lancashire Constabulary,,,No Location,,,Criminal damage and arson,Investigation complete; no suspect identified,
5ac1e91153c575b7d4c51e6c66cc2cb3b0602ee1d89d773f59e14d00799534db,2021-06,Lancashire Constabulary,Lancashire Constabulary,,,No Location,,,Criminal damage and arson,Unable to prosecute suspect,
d5b1668cdb47b6a73349329c5abd931011016d8520985077ecaa87b45f1da35d,2021-06,Lancashire Constabulary,Lancashire Constabulary,,,No Location,,,Criminal damage and arson,Unable to prosecute suspect,
3d10def9bb8201926fe74cf082c478219ebae524fd2ddd7de2cf7598176e6c66,2021-06,Lancashire Constabulary,Lancashire Constabulary,,,No Location,,,Criminal damage and arson,Status update unavailable,
e25bd05b4dc182525e49c7feb9392c4f593ca981d17b9e550cdeeb3b9ae11403,2021-06,Lancashire Constabulary,Lancashire Constabulary,,,No Location,,,Criminal damage and arson,Investigation complete; no suspect identified,
f9b50302d574889d899ba644eba45df22ff9969fca7979cd95a4adf22536cd9a,2021-06,Lancashire Constabulary,Lancashire Constabulary,,,No Location,,,Criminal damage and arson,Investigation complete; no suspect identified,
c035f5de8140548bed79267277553758fac7da7f57b9b98a50b2a3e1bf7fc3b3,2021-06,Lancashire Constabulary,Lancashire Constabulary,,,No Location,,,Criminal damage and arson,Unable to prosecute suspect,
3d9ccfb01bd39d117723f7ff07223e83904506d485ae1f3689ac9b96dee657f1,2021-06,Lancashire Constabulary,Lancashire Constabulary,,,No Location,,,Criminal damage and arson,Investigation complete; no suspect identified,
939d3aa87b0c8ed0bce6c36c7be6e0a95da0c881d65f5848a7361c804b0ad2e2,2021-06,Lancashire Constabulary,Lancashire Constabulary,,,No Location,,,Criminal damage and arson,Unable to prosecute suspect,
d99f0e62fb61f1cb5544330afa7ee61c608db878e43751e9904a617dca90dbce,2021-06,Lancashire Constabulary,Lancashire Constabulary,,,No Location,,,Criminal damage and arson,Unable to prosecute suspect,
278f3d55c2ceeb961b40acb95a5179c3a6d685a890946b637c70839c7b51e20b,2021-06,Lancashire Constabulary,Lancashire Constabulary,,,No Location,,,Criminal damage and arson,Unable to prosecute suspect,
fe08bfab3623e8dea0df7066b539a5058a7f16b0a944549ef89c23d6da9c5a24,2021-06,Lancashire Constabulary,Lancashire Constabulary,,,No Location,,,Criminal damage and arson,Unable to prosecute suspect,
24cfa68dbdfadf9217a93480c658a8aede0c6acf907ad604d01908d9953d1544,2021-06,Lancashire Constabulary,Lancashire Constabulary,,,No Location,,,Criminal damage and arson,Status update unavailable,
7f798e93dd7071cb1348a594ae7034a1382da644667c24dad0fc89f2264653e8,2021-06,Lancashire Constabulary,Lancashire Constabulary,,,No Location,,,Criminal damage and arson,Investigation complete; no suspect identified,
292aaa7b61901d1ce4f2909b9989b1296761da164816748fe8f255d05d411a51,2021-06,Lancashire Constabulary,Lancashire Constabulary,,,No Location,,,Criminal damage and arson,Investigation complete; no suspect identified,
8db5a39a491c3c228914f4e012afc9b5cfc11838dd914cb01e20e44c1b4f53ee,2021-06,Lancashire Constabulary,Lancashire Constabulary,,,No Location,,,Criminal damage and arson,Local resolution,
08ce5e138b7648e14e3c99d645c78a987bb98817fc7d2bb15a3c282825dd3cd7,2021-06,Lancashire Constabulary,Lancashire Constabulary,,,No Location,,,Criminal damage and arson,Investigation complete; no suspect identified,
99a143c9fbe0198d77e1873b1d1e6103e5f8e94669fe6778a776fd6405c835d3,2021-06,Lancashire Constabulary,Lancashire Constabulary,,,No Location,,,Criminal damage and arson,Unable to prosecute suspect,
8e4869878600852085d8ba87b322a8a91eb656e21d13f11a2795e7115fb60e6b,2021-06,Lancashire Constabulary,Lancashire Constabulary,,,No Location,,,Criminal damage and arson,Unable to prosecute suspect,
42754875c984d5a9b53bade0829059edb505351c3c240bcd96e4e87b4d86fa3c,2021-06,Lancashire Constabulary,Lancashire Constabulary,,,No Location,,,Criminal damage and arson,Unable to prosecute suspect,
301f832ce5724dfcd3b387b53a3881f1acf2f046d9de30d40416658a88b9b70f,2021-06,Lancashire Constabulary,Lancashire Constabulary,,,No Location,,,Criminal damage and arson,Investigation complete; no suspect identified,
40292171ad717a24650558e21b6d0f78b9952ea8d5442b4dc35afb68491df01a,2021-06,Lancashire Constabulary,Lancashire Constabulary,,,No Location,,,Criminal damage and arson,Unable to prosecute suspect,
6c79057b21fa247c00053f2b4fd6cd7d029449d82150a3598863721059f30eed,2021-06,Lancashire Constabulary,Lancashire Constabulary,,,No Location,,,Criminal damage and arson,Status update unavailable,
3c1cc3c335fd51579e66576a2eb37694a2f2da3cc4382286ca09e2eebe3057af,2021-06,Lancashire Constabulary,Lancashire Constabulary,,,No Location,,,Criminal damage and arson,Investigation complete; no suspect identified,
9589af15aa577d52811add387f8826bb3856bc8feaeca29de72a850bfb8c568c,2021-06,Lancashire Constabulary,Lancashire Constabulary,,,No Location,,,Criminal damage and arson,Status update unavailable,
aa1b76ad0594a5095b046719231c0c123c59d328b682443d454ff94e9c0f4d89,2021-06,Lancashire Constabulary,Lancashire Constabulary,,,No Location,,,Criminal damage and arson,Investigation complete; no suspect identified,
dc79410248dc79b4010f1ec65648c71c9555bb725d979fe2751de5a738a03c1a,2021-06,Lancashire Constabulary,Lancashire Constabulary,,,No Location,,,Criminal damage and arson,Investigation complete; no suspect identified,
81ca8d9eee6e7bc3de6294091ee2d71dc4dcb8f84a9be327adfb507d736d836c,2021-06,Lancashire Constabulary,Lancashire Constabulary,,,No Location,,,Criminal damage and arson,Unable to prosecute suspect,
5ed08c2a9a9f758d28389d1ebaff1dc889b47c022111c2b3e473405c798820cc,2021-06,Lancashire Constabulary,Lancashire Constabulary,,,No Location,,,Criminal damage and arson,Status update unavailable,
a0afc1a73b7eeaf5d345ce0ac06a84752158e549439562735fbe9fac3aa84cdb,2021-06,Lancashire Constabulary,Lancashire Constabulary,,,No Location,,,Criminal damage and arson,Unable to prosecute suspect,
10d016e54f7b18e82e5f7fa991ddfd091b7668e76ee6dc513b40f6fc541e7491,2021-06,Lancashire Constabulary,Lancashire Constabulary,,,No Location,,,Criminal damage and arson,Further investigation is not in the public interest,
fbc05f4c1223a247ccdd1e16a8b4b561186494da6b9f9819ccd73815976b4185,2021-06,Lancashire Constabulary,Lancashire Constabulary,,,No Location,,,Criminal damage and arson,Further investigation is not in the public interest,
4c1d799c06d20a6b0ff27772d4affe08702f1ff403077aeb2c19695c85d528e4,2021-06,Lancashire Constabulary,Lancashire Constabulary,,,No Location,,,Criminal damage and arson,Unable to prosecute suspect,
55c7b489727519f7902c7853c0db02851a3539f7df239373c37a5738fefc6b25,2021-06,Lancashire Constabulary,Lancashire Constabulary,,,No Location,,,Criminal damage and arson,Investigation complete; no suspect identified,
12d0223d1d1f23c351213d97c77d50e907579197b129173a02c75b5b952eb950,2021-06,Lancashire Constabulary,Lancashire Constabulary,,,No Location,,,Criminal damage and arson,Unable to prosecute suspect,
09faa4e76a8fd24126d58190ef09cdc9ffdb1853d9a7a705cc060157b50a3518,2021-06,Lancashire Constabulary,Lancashire Constabulary,,,No Location,,,Criminal damage and arson,Unable to prosecute suspect,
d71faf78d3e23d2809a8db83d35be5eed2b503100c1979c8789c55a32bf80e20,2021-06,Lancashire Constabulary,Lancashire Constabulary,,,No Location,,,Criminal damage and arson,Unable to prosecute suspect,
2868f91e20ab5996831c177629ecf683cd538f1784ce7b3b64d9821cbbb35249,2021-06,Lancashire Constabulary,Lancashire Constabulary,,,No Location,,,Criminal damage and arson,Unable to prosecute suspect,
955bafc9d417227fcf329cb8eca7e9bb007e43e3478d5bb0c521d9d379a6423d,2021-06,Lancashire Constabulary,Lancashire Constabulary,,,No Location,,,Criminal damage and arson,Investigation complete; no suspect identified,
7e4eefe7d4cc9a7321e6c9ef83cf0109ea2249ea251013778ddcab576552c78d,2021-06,Lancashire Constabulary,Lancashire Constabulary,,,No Location,,,Criminal damage and arson,Investigation complete; no suspect identified,
6a6b164cdbcef90308e8f60e6e284826d46878819607fbda76bdfbbd6802e259,2021-06,Lancashire Constabulary,Lancashire Constabulary,,,No Location,,,Criminal damage and arson,Investigation complete; no suspect identified,
04829c3e4cd0b2935643d3c5a9d4ed8c419c07a4e5657452f325f9223f443813,2021-06,Lancashire Constabulary,Lancashire Constabulary,,,No Location,,,Criminal damage and arson,Investigation complete; no suspect identified,
f6cb4441bcf84b1c2c7da330544dbe629345b05f8afc1a51878fdf21fe78fd53,2021-06,Lancashire Constabulary,Lancashire Constabulary,,,No Location,,,Criminal damage and arson,Investigation complete; no suspect identified,
89a402d9fc4f0ff4ce6e0d7e3510d65757c780f314cbc9d0c47093589f0a5146,2021-06,Lancashire Constabulary,Lancashire Constabulary,,,No Location,,,Criminal damage and arson,Investigation complete; no suspect identified,
fede363971f8b4e64e5d4d0349ce76f959b7d47994326640bd670d52febe5342,2021-06,Lancashire Constabulary,Lancashire Constabulary,,,No Location,,,Criminal damage and arson,Unable to prosecute suspect,
ea5c8969607204969bc85b51731781dbabbd377545d42245ad3e7aa127dbbf4c,2021-06,Lancashire Constabulary,Lancashire Constabulary,,,No Location,,,Criminal damage and arson,Investigation complete; no suspect identified,
61840fb983d55d16978c5ab7b779d99d1e4dcc630fc8802f9f2e3bbaab8dbc9e,2021-06,Lancashire Constabulary,Lancashire Constabulary,,,No Location,,,Criminal damage and arson,Local resolution,
e962fd7af06efd0613831b098a3ce0adc4b78b2c21f835288c84db56f039b1c2,2021-06,Lancashire Constabulary,Lancashire Constabulary,,,No Location,,,Criminal damage and arson,Unable to prosecute suspect,
87c0fafd34e88a0a082381ab74bea0a93901fadeae0bc7e0e5eb8d73ef879438,2021-06,Lancashire Constabulary,Lancashire Constabulary,,,No Location,,,Criminal damage and arson,Status update unavailable,
c263e4816c6749cc448748e60650fdba6b2960610be0d22d6a55fe5e47c74750,2021-06,Lancashire Constabulary,Lancashire Constabulary,,,No Location,,,Criminal damage and arson,Status update unavailable,
783c2645eda97386067e17433efc9a5f317b981ebdb68ee30ec92eda60ec6f35,2021-06,Lancashire Constabulary,Lancashire Constabulary,,,No Location,,,Criminal damage and arson,Status update unavailable,
3c605be821323557e3b0183c510177a92686408557391dc00142cf79a80547ed,2021-06,Lancashire Constabulary,Lancashire Constabulary,,,No Location,,,Criminal damage and arson,Status update unavailable,
ee8f38c41d7aebb1a23c08fa078878f4950cbdd8ba5784770cc5940449d49b30,2021-06,Lancashire Constabulary,Lancashire Constabulary,,,No Location,,,Criminal damage and arson,Unable to prosecute suspect,
fff8ed4a24433d1b98f5e5d0880f958786582a0c28c8e38a6ea749c9f09bfc5f,2021-06,Lancashire Constabulary,Lancashire Constabulary,,,No Location,,,Criminal damage and arson,Investigation complete; no suspect identified,
12423d25726180beee966c2323acb3a1ea8549a40a9212ab34a1fe6638ab2c57,2021-06,Lancashire Constabulary,Lancashire Constabulary,,,No Location,,,Criminal damage and arson,Status update unavailable,
77e8c2f2b3a5d040a4e647ed0a6993dd16a9793bf72fa15c2fc53e49e36ee225,2021-06,Lancashire Constabulary,Lancashire Constabulary,,,No Location,,,Criminal damage and arson,Investigation complete; no suspect identified,
fc9ef4909ba8a788cf8ca394986ac6bca4848871e405438bafacb3300884a5d8,2021-06,Lancashire Constabulary,Lancashire Constabulary,,,No Location,,,Criminal damage and arson,Unable to prosecute suspect,
0465de9346745af64ace2650ba221af70b388b8406a308ec96a93f55a28c513b,2021-06,Lancashire Constabulary,Lancashire Constabulary,,,No Location,,,Criminal damage and arson,Unable to prosecute suspect,
865fdc5628cd6f33b6f5d60fe11cfa27ffe55b62d2f30297b422aaae65dc47ce,2021-06,Lancashire Constabulary,Lancashire Constabulary,,,No Location,,,Criminal damage and arson,Investigation complete; no suspect identified,
4faca0cae0ab64a3a0c3f4d70597b6e4819c1b5cc77ce80b9f276693a0c15e7b,2021-06,Lancashire Constabulary,Lancashire Constabulary,,,No Location,,,Criminal damage and arson,Unable to prosecute suspect,
d72b15790c6069260d75f023a59ff315255c3966b98b7759bb043e96a71e9f46,2021-06,Lancashire Constabulary,Lancashire Constabulary,,,No Location,,,Criminal damage and arson,Unable to prosecute suspect,
cb68eeb24505e65ce289a50a9e8b8ba3061a20962def789a70b82df5b9204e34,2021-06,Lancashire Constabulary,Lancashire Constabulary,,,No Location,,,Criminal damage and arson,Unable to prosecute suspect,
13e6aa93287f9740337b7a93a861bad37fcd552790b82c43ca16852a58c95019,2021-06,Lancashire Constabulary,Lancashire Constabulary,,,No Location,,,Criminal damage and arson,Status update unavailable,
ed7d123af424763eb7163c51282db07a4b7c41479e9665d28a2646114078484b,2021-06,Lancashire Constabulary,Lancashire Constabulary,,,No Location,,,Criminal damage and arson,Investigation complete; no suspect identified,
cfd7250d94c49418f88b1022578614fe4e9e725adb120cc815b9e4f9f4e9dee0,2021-06,Lancashire Constabulary,Lancashire Constabulary,,,No Location,,,Criminal damage and arson,Status update unavailable,
5d512462cce94bfe0ed0ab76d6888d5c13e84f030aa68bbf9a16f53b1cf05754,2021-06,Lancashire Constabulary,Lancashire Constabulary,,,No Location,,,Criminal damage and arson,Investigation complete; no suspect identified,
0b45462259a3c3ffe69bfef1c73b81cfe84ebb7f9974dc5daf6376da64c430ab,2021-06,Lancashire Constabulary,Lancashire Constabulary,,,No Location,,,Criminal damage and arson,Investigation complete; no suspect identified,
17b7eb23a1f64ccd526daaa489f44e8914b00960616303b10a06c45a4a76aabe,2021-06,Lancashire Constabulary,Lancashire Constabulary,,,No Location,,,Criminal damage and arson,Unable to prosecute suspect,
4ac121b60aa4950dffe314c27b91878c90d9f8dc45b6880f4a6b80fed639757c,2021-06,Lancashire Constabulary,Lancashire Constabulary,,,No Location,,,Criminal damage and arson,Status update unavailable,
78727c44a3915085baa3b120fbb36ff6c3d53d8b58f4cd803387fcaa4807b5f7,2021-06,Lancashire Constabulary,Lancashire Constabulary,,,No Location,,,Criminal damage and arson,Investigation complete; no suspect identified,
8760cdf75df56a2aaac24277a5a4e636e067538270730d922edd37a98003829b,2021-06,Lancashire Constabulary,Lancashire Constabulary,,,No Location,,,Criminal damage and arson,Investigation complete; no suspect identified,
480c184b2cf3bc4405d901e562ce704cd221d65d4da16a65ca14be07d25e5a86,2021-06,Lancashire Constabulary,Lancashire Constabulary,,,No Location,,,Criminal damage and arson,Status update unavailable,
3dc98ab8dd28a5687657ab1d43dbef44a06a7899cc950e3cdb494e1e259bb7f3,2021-06,Lancashire Constabulary,Lancashire Constabulary,,,No Location,,,Criminal damage and arson,Investigation complete; no suspect identified,
49a180965f3eb6efa5da88f89933ced7a60acac95807cd3d00f1d129c262bbbb,2021-06,Lancashire Constabulary,Lancashire Constabulary,,,No Location,,,Criminal damage and arson,Unable to prosecute suspect,
ad67e5bcc76e0f52f1273b51469f5949d456bba7c78a7489a6aa51be39dbb62e,2021-06,Lancashire Constabulary,Lancashire Constabulary,,,No Location,,,Criminal damage and arson,Unable to prosecute suspect,
9d7c20b4ed632d5d3f3144f9b49bee8ba0ab7a6db442a9876699629f65dcdda8,2021-06,Lancashire Constabulary,Lancashire Constabulary,,,No Location,,,Criminal damage and arson,Further investigation is not in the public interest,
cb2c33ecd7cf11f5c246b3691dc95c5368e75a4ce34a42f8554647123581b7b9,2021-06,Lancashire Constabulary,Lancashire Constabulary,,,No Location,,,Criminal damage and arson,Investigation complete; no suspect identified,
fb9f9802a22915675ec165ef0fcf71d3789192526a2799dcd0cab5064c5aa263,2021-06,Lancashire Constabulary,Lancashire Constabulary,,,No Location,,,Criminal damage and arson,Court result unavailable,
2c76d1a3ee3dc70422893069ae9af2c9c4f3073ca5830a148536737bb247e4bd,2021-06,Lancashire Constabulary,Lancashire Constabulary,,,No Location,,,Criminal damage and arson,Unable to prosecute suspect,
0dd49dd69000842f2bef4551f5ce70e7c3c39555106a484d4b9706ab93fe338a,2021-06,Lancashire Constabulary,Lancashire Constabulary,,,No Location,,,Criminal damage and arson,Investigation complete; no suspect identified,
874a7c013c995f9a15d4f6882d55ac955f4839a710d6aad4d1fe1f8de866d835,2021-06,Lancashire Constabulary,Lancashire Constabulary,,,No Location,,,Criminal damage and arson,Status update unavailable,
4e0c0a84b6cec7533783bebde971e9027511864544d0cdc9117276d5a703707b,2021-06,Lancashire Constabulary,Lancashire Constabulary,,,No Location,,,Criminal damage and arson,Status update unavailable,
a12319db9888735eebcdd6d1478659e5814da477c3ca68c82f91632da1e93241,2021-06,Lancashire Constabulary,Lancashire Constabulary,,,No Location,,,Criminal damage and arson,Investigation complete; no suspect identified,
29f8e6a9efd29b4bf7609effed6d3bd4e9dbaf986d8d8f16e79204744fd92488,2021-06,Lancashire Constabulary,Lancashire Constabulary,,,No Location,,,Criminal damage and arson,Investigation complete; no suspect identified,
c54f8303fe53697e3b19118548d4b28867f52589ea9c428defc7e727596c1b0c,2021-06,Lancashire Constabulary,Lancashire Constabulary,,,No Location,,,Criminal damage and arson,Further investigation is not in the public interest,
cbf5e38574c58314d2a82eb51749992be52768eaf5277d73195c613061e16104,2021-06,Lancashire Constabulary,Lancashire Constabulary,,,No Location,,,Criminal damage and arson,Investigation complete; no suspect identified,
eb96944d2f01df24ef9c4b0c84922743fef7ee36ebd2ceeb2869da807f8c295b,2021-06,Lancashire Constabulary,Lancashire Constabulary,,,No Location,,,Criminal damage and arson,Unable to prosecute suspect,
09a2673f695e0f71c58602a60ec08f8c7ce02667e28cafceeefc09c8d9353f11,2021-06,Lancashire Constabulary,Lancashire Constabulary,,,No Location,,,Criminal damage and arson,Unable to prosecute suspect,
1b6aeabb4417509cfe8e5e795c2d39c3d51423fecfa4c2ff3b9439e2745eb56e,2021-06,Lancashire Constabulary,Lancashire Constabulary,,,No Location,,,Criminal damage and arson,Status update unavailable,
2bd6d43a5f56ff87c4c95b3a50b51fcc8b0f9550cd29390a6af0268f124f2dd2,2021-06,Lancashire Constabulary,Lancashire Constabulary,,,No Location,,,Criminal damage and arson,Status update unavailable,
38dd1ff646cf6fd9b49253fc75974865c9d49b1eb918fa79a395da4c6c0640ae,2021-06,Lancashire Constabulary,Lancashire Constabulary,,,No Location,,,Criminal damage and arson,Status update unavailable,
c7f54536eb9d994cf91106c5d2dd2fbbe0d5532d84cf344cfd3d9571f147375d,2021-06,Lancashire Constabulary,Lancashire Constabulary,,,No Location,,,Criminal damage and arson,Local resolution,
7ea44f6ea00af0ed2cd4db31ba56583c47eb2449b1ef14e09f6d5aa8c4bddfed,2021-06,Lancashire Constabulary,Lancashire Constabulary,,,No Location,,,Criminal damage and arson,Court result unavailable,
a75c44b7fd2b4043761c59c81d665e1f4b720ea50b80163cea79fe077d920196,2021-06,Lancashire Constabulary,Lancashire Constabulary,,,No Location,,,Criminal damage and arson,Status update unavailable,
41cdb21459ab6b879d31f49a410ff426b0b96918654c09f2f06b93b82ced22f4,2021-06,Lancashire Constabulary,Lancashire Constabulary,,,No Location,,,Criminal damage and arson,Investigation complete; no suspect identified,
ea3661577ef06a6b3d954fcf9703f0294e97351ae1f48c85836cf9d5e804693e,2021-06,Lancashire Constabulary,Lancashire Constabulary,,,No Location,,,Criminal damage and arson,Unable to prosecute suspect,
ec19589c136da893c3f4186e53853c05aec62696474d5b261dd9e17e56d079aa,2021-06,Lancashire Constabulary,Lancashire Constabulary,,,No Location,,,Criminal damage and arson,Status update unavailable,
a9caccca3df461c6eda714411db2dfd86edfea3fe03d1f59997aaec1633d21de,2021-06,Lancashire Constabulary,Lancashire Constabulary,,,No Location,,,Criminal damage and arson,Unable to prosecute suspect,
0f3796327c699ceca530eb8bb06d06d76450a3e1536c4d9d98d2adad1eee4c7b,2021-06,Lancashire Constabulary,Lancashire Constabulary,,,No Location,,,Criminal damage and arson,Investigation complete; no suspect identified,
a39c6f28ad84b7eaedc388bd5c80cb6606f0b243ddcbc196711a0dc35fcbb4fe,2021-06,Lancashire Constabulary,Lancashire Constabulary,,,No Location,,,Criminal damage and arson,Investigation complete; no suspect identified,
9fa04bf8b761eddba218cf3e4ed17ea42fea1772578b35cbf36c9d44175ee1ff,2021-06,Lancashire Constabulary,Lancashire Constabulary,,,No Location,,,Criminal damage and arson,Further investigation is not in the public interest,
64a3b2301d5a9bdef473bc2778a4ebfdc02a0690a9c423a1e4a7206f77b090f5,2021-06,Lancashire Constabulary,Lancashire Constabulary,,,No Location,,,Criminal damage and arson,Local resolution,
5450268329d742d6ab6728187b06a76c23e3986651a7e39efb240669ebddc9fc,2021-06,Lancashire Constabulary,Lancashire Constabulary,,,No Location,,,Criminal damage and arson,Court result unavailable,
07a963fc1e90b559385b58647e905a836424a39b377cf6a0d984465128019563,2021-06,Lancashire Constabulary,Lancashire Constabulary,,,No Location,,,Criminal damage and arson,Status update unavailable,
c8c372483753b8919ce1c2b0d34c4e3ec7bb525c5dab6d00a5f2ff215ccb0b44,2021-06,Lancashire Constabulary,Lancashire Constabulary,,,No Location,,,Criminal damage and arson,Investigation complete; no suspect identified,
8c73230e8e7ba263ffd7dfb711d86efa5cdc74cebd9e0cbf376efa5cf86e3301,2021-06,Lancashire Constabulary,Lancashire Constabulary,,,No Location,,,Criminal damage and arson,Investigation complete; no suspect identified,
7b1d6ace1c8c7148d949639775d1e8e80f695333fbc581a629f1cbabdfc7d568,2021-06,Lancashire Constabulary,Lancashire Constabulary,,,No Location,,,Criminal damage and arson,Action to be taken by another organisation,
18878139bcd7ff0d7d5e576e5bbe79e28429d1b881c91710b080bf34bf17b7e6,2021-06,Lancashire Constabulary,Lancashire Constabulary,,,No Location,,,Criminal damage and arson,Unable to prosecute suspect,
9c837f2c1c7a677d8d3f046c214fca58ecac5074e2ebe966ebce1067ee5dff23,2021-06,Lancashire Constabulary,Lancashire Constabulary,,,No Location,,,Criminal damage and arson,Investigation complete; no suspect identified,
a7af7eaa03b1e4cd9eb77278928d7b4fcf5ca68c493b8c434642dd4c85efcea6,2021-06,Lancashire Constabulary,Lancashire Constabulary,,,No Location,,,Criminal damage and arson,Investigation complete; no suspect identified,
2f0f7430db73f3d5a6d0ad264bddb39006da5bb9e6988aa5b0dd18a14ea36dee,2021-06,Lancashire Constabulary,Lancashire Constabulary,,,No Location,,,Criminal damage and arson,Status update unavailable,
a622f644a9d6d9c70d980cf3dc13e3be1544c0bf4e0c2402a84101f9ee378fd6,2021-06,Lancashire Constabulary,Lancashire Constabulary,,,No Location,,,Criminal damage and arson,Status update unavailable,
38a68650ef0a7fde9675116c49568a88213b00901603be8e44ce754c20cdf91f,2021-06,Lancashire Constabulary,Lancashire Constabulary,,,No Location,,,Criminal damage and arson,Investigation complete; no suspect identified,
ab3fbc4e690f5a1da42a3c87eb241fc2e55121a4917ab3f756a168cba28c8fd8,2021-06,Lancashire Constabulary,Lancashire Constabulary,,,No Location,,,Criminal damage and arson,Investigation complete; no suspect identified,
376f8a2d538c5c2f3c14553326af4b5260b3635303fe0045b328c53d6b3450c3,2021-06,Lancashire Constabulary,Lancashire Constabulary,,,No Location,,,Criminal damage and arson,Unable to prosecute suspect,
dcaa1fe6098ee0cee95b3c01aa6146bb92699e58c1f7fa59074bce22343f30a4,2021-06,Lancashire Constabulary,Lancashire Constabulary,,,No Location,,,Criminal damage and arson,Investigation complete; no suspect identified,
59f4313906f51bb75a4772334fcf41673ee0522aac402390378dc8b6112bd1a5,2021-06,Lancashire Constabulary,Lancashire Constabulary,,,No Location,,,Criminal damage and arson,Investigation complete; no suspect identified,
c4d720bb01ffadfb4aee8094f05d4b36a28e286060d580f3c94a9174abd07160,2021-06,Lancashire Constabulary,Lancashire Constabulary,,,No Location,,,Criminal damage and arson,Investigation complete; no suspect identified,
0a2aba59eb987deeb4933570498143a66f00cc7655bc0fca5bf5ac764600584f,2021-06,Lancashire Constabulary,Lancashire Constabulary,,,No Location,,,Criminal damage and arson,Investigation complete; no suspect identified,
6724a7fe8db59a4559b5195e1cdea631373fb4ac924590a842336daf3b0ca672,2021-06,Lancashire Constabulary,Lancashire Constabulary,,,No Location,,,Criminal damage and arson,Unable to prosecute suspect,
f4ca7ccb89b5f1839e97b34a2f293415e0f978d18aafce8a1077a8dd83d59484,2021-06,Lancashire Constabulary,Lancashire Constabulary,,,No Location,,,Criminal damage and arson,Unable to prosecute suspect,
63df4bd9db423f0c4162f10aa5693afe534b597a1662dcc8040d9f24e8226816,2021-06,Lancashire Constabulary,Lancashire Constabulary,,,No Location,,,Criminal damage and arson,Investigation complete; no suspect identified,
83b7f2eead148393980e99eb38fda89e8a085da36d810fcd22c83aa8a633e80b,2021-06,Lancashire Constabulary,Lancashire Constabulary,,,No Location,,,Criminal damage and arson,Unable to prosecute suspect,
43dddee44ab3e4d34b0477084906f4cf927b15bd7e755de1174af1cebc262b33,2021-06,Lancashire Constabulary,Lancashire Constabulary,,,No Location,,,Criminal damage and arson,Status update unavailable,
30fd154195d061a867b4f4405f492c6fdac03ee569675e57aee39a4c39133959,2021-06,Lancashire Constabulary,Lancashire Constabulary,,,No Location,,,Criminal damage and arson,Investigation complete; no suspect identified,
413f5eea661d0e5f418b9f8e4b8235cd5f8ede3334e5440d14580270f8c3e1b0,2021-06,Lancashire Constabulary,Lancashire Constabulary,,,No Location,,,Criminal damage and arson,Unable to prosecute suspect,
68c7d459f299e691844bb667b26769aa92af67dcc9f113b26878f7cd700b5b0a,2021-06,Lancashire Constabulary,Lancashire Constabulary,,,No Location,,,Criminal damage and arson,Investigation complete; no suspect identified,
ca79231ba102dca5ef390ccf019d03196927231940a2f3555e7e1eb8c941d366,2021-06,Lancashire Constabulary,Lancashire Constabulary,,,No Location,,,Criminal damage and arson,Offender given a caution,
9b47a134c63c69737cb759208bf042c413e9e1396cbc191c1d8df28e4cf28bed,2021-06,Lancashire Constabulary,Lancashire Constabulary,,,No Location,,,Criminal damage and arson,Unable to prosecute suspect,
9204b68db87f1cecec5f0a88c1bb12bb2fa2f14897a37496d29b443bee99acf7,2021-06,Lancashire Constabulary,Lancashire Constabulary,,,No Location,,,Criminal damage and arson,Status update unavailable,
aa5d4f3a4267a5469983aeca251583cccbb9ebe72a4a27ffe50cc2ab102f0a96,2021-06,Lancashire Constabulary,Lancashire Constabulary,,,No Location,,,Criminal damage and arson,Offender given penalty notice,
8707f5e9d3e8b6e665ec206b9f2c2016843c9f793351fb0bc6f6eecfc2e96ec4,2021-06,Lancashire Constabulary,Lancashire Constabulary,,,No Location,,,Criminal damage and arson,Investigation complete; no suspect identified,
152b17389ce4f391ce03c5faf195950d11b26bbe295a98be5bab4e36e8431abc,2021-06,Lancashire Constabulary,Lancashire Constabulary,,,No Location,,,Criminal damage and arson,Status update unavailable,
d4aa0a08eaa819ead8be73deec65e0cef83f08b159ffb02a80a6fb3579118a98,2021-06,Lancashire Constabulary,Lancashire Constabulary,,,No Location,,,Criminal damage and arson,Investigation complete; no suspect identified,
e46101d123899fed2522794a8330b6bba541cecb796c3698bdf370e1a52c8a57,2021-06,Lancashire Constabulary,Lancashire Constabulary,,,No Location,,,Criminal damage and arson,Further investigation is not in the public interest,
65574e0a855a5011b68ad36749196f1a1b7852817739ce004f40736551b17db7,2021-06,Lancashire Constabulary,Lancashire Constabulary,,,No Location,,,Criminal damage and arson,Investigation complete; no suspect identified,
122ad020cb7371e7a3d0012b3e7a319d8affe3b4c6e7448bad7bfb11b70a7deb,2021-06,Lancashire Constabulary,Lancashire Constabulary,,,No Location,,,Criminal damage and arson,Unable to prosecute suspect,
a3268bb3996e1a791d184a591bb1a9b0a833e20dabf63e2a93346577c98a6911,2021-06,Lancashire Constabulary,Lancashire Constabulary,,,No Location,,,Criminal damage and arson,Investigation complete; no suspect identified,
88bbecc35cb08a4184e34ea464be18aa7f570f890d4e0113fcfe4436a90593b3,2021-06,Lancashire Constabulary,Lancashire Constabulary,,,No Location,,,Criminal damage and arson,Investigation complete; no suspect identified,
b54f45dea03ecc02c60ab7977c37264c3c35f0cf1f0d2324e46f621745abae0b,2021-06,Lancashire Constabulary,Lancashire Constabulary,,,No Location,,,Criminal damage and arson,Status update unavailable,
4154eb5704187ff384977640db4cab4eea4a6ec89f5a3631ed5adb2ba3120932,2021-06,Lancashire Constabulary,Lancashire Constabulary,,,No Location,,,Criminal damage and arson,Investigation complete; no suspect identified,
247f9bdc8645d5a2fbc3de445151280f2fb992c5acf3d620264f4bf165e3121b,2021-06,Lancashire Constabulary,Lancashire Constabulary,,,No Location,,,Criminal damage and arson,Status update unavailable,
ab4f8bb934993afd81591445471ea35c533a54c258375930504620d4b56d7f90,2021-06,Lancashire Constabulary,Lancashire Constabulary,,,No Location,,,Criminal damage and arson,Status update unavailable,
766991b210031e4779a582086cd95a7b5c3d537659cd2e9e8f011f036a7e4b6e,2021-06,Lancashire Constabulary,Lancashire Constabulary,,,No Location,,,Criminal damage and arson,Investigation complete; no suspect identified,
17efee704913ca86b1de53492b2b99f9c5ec3e40818ed90e0dff70d4371238d5,2021-06,Lancashire Constabulary,Lancashire Constabulary,,,No Location,,,Criminal damage and arson,Status update unavailable,
aee437acd113d1768cb248d3add88b86e59796aafe03d787df93ad4d2a7ecdb4,2021-06,Lancashire Constabulary,Lancashire Constabulary,,,No Location,,,Criminal damage and arson,Investigation complete; no suspect identified,
c1bc1e6cf5a0e58b12ce7f7d4d177f09253f58e15a4141af053a6d985a9a0da3,2021-06,Lancashire Constabulary,Lancashire Constabulary,,,No Location,,,Criminal damage and arson,Investigation complete; no suspect identified,
0bf94a3a093a8df3efd60d3ae9722e7131f7e771d0ddde376406d01a2271ee63,2021-06,Lancashire Constabulary,Lancashire Constabulary,,,No Location,,,Criminal damage and arson,Status update unavailable,
7488bd212e238dfa16e79f282da9c2f215fad7087ae099c955003f26c135497c,2021-06,Lancashire Constabulary,Lancashire Constabulary,,,No Location,,,Criminal damage and arson,Formal action is not in the public interest,
8f62b62acc8f5ddce87acd1f9541fb8da80398e8c66e4ef82b84b9401c6405c7,2021-06,Lancashire Constabulary,Lancashire Constabulary,,,No Location,,,Criminal damage and arson,Status update unavailable,
473b4b5f5a19ca268dd0f09d53a4855304d27f7946c61baff3307ca6b31b2a63,2021-06,Lancashire Constabulary,Lancashire Constabulary,,,No Location,,,Criminal damage and arson,Status update unavailable,
d014f185951c594eceb6bb96bba20bdc5f08b7337f3e72e883fe42cd8ceae6e0,2021-06,Lancashire Constabulary,Lancashire Constabulary,,,No Location,,,Criminal damage and arson,Status update unavailable,
49bddef602f263e4bd220f1b408fca528492b522397bc9952ad3b8feef158ea5,2021-06,Lancashire Constabulary,Lancashire Constabulary,,,No Location,,,Criminal damage and arson,Local resolution,
75b301c1600c06983c885d5360032b81c86e2c1b36d2f340cd0eb25502c219e8,2021-06,Lancashire Constabulary,Lancashire Constabulary,,,No Location,,,Criminal damage and arson,Status update unavailable,
8e239ba668738acdfa9e750d79a2706bcd30daec1de6dfb754e26e8393834c5e,2021-06,Lancashire Constabulary,Lancashire Constabulary,,,No Location,,,Criminal damage and arson,Status update unavailable,
9af098b03c3c395be381b3ef3eb21956d10f7cb491c380d5c818c44aad6c0d4f,2021-06,Lancashire Constabulary,Lancashire Constabulary,,,No Location,,,Criminal damage and arson,Investigation complete; no suspect identified,
894ae72672367eb2064d9e3bcc0556fb53dff614f46e804d79538a9070b19d11,2021-06,Lancashire Constabulary,Lancashire Constabulary,,,No Location,,,Criminal damage and arson,Status update unavailable,
a357e589afeb87eefd223c70d80f1e29a1c64445e87255070dcfc07f1a0c898f,2021-06,Lancashire Constabulary,Lancashire Constabulary,,,No Location,,,Criminal damage and arson,Unable to prosecute suspect,
7e11b8314930615ce91a645b1719d0a6e24791359a4e7e995731bd0514279fac,2021-06,Lancashire Constabulary,Lancashire Constabulary,,,No Location,,,Criminal damage and arson,Investigation complete; no suspect identified,
177ec490df0a7ccc0af1fa9f7cbb9928900d71da00dee7ecabbf861080dd47c0,2021-06,Lancashire Constabulary,Lancashire Constabulary,,,No Location,,,Criminal damage and arson,Unable to prosecute suspect,
40a6588153202ea7c784776419abaaea2402b63f86c258fd6894404b9ec7d0de,2021-06,Lancashire Constabulary,Lancashire Constabulary,,,No Location,,,Criminal damage and arson,Unable to prosecute suspect,
1255bb0d25b79b12277b953c85f96c30a257d30b783fa9668425558282f0824d,2021-06,Lancashire Constabulary,Lancashire Constabulary,,,No Location,,,Criminal damage and arson,Unable to prosecute suspect,
0f33f506f726c8b90b267c24c5566614078f540f2d5280f7af6eedbc9034cdf8,2021-06,Lancashire Constabulary,Lancashire Constabulary,,,No Location,,,Criminal damage and arson,Investigation complete; no suspect identified,
de961e268f565bb73cdc3c264619750a2d4fd11456dbdd43a0f9b22043a2fcb8,2021-06,Lancashire Constabulary,Lancashire Constabulary,,,No Location,,,Criminal damage and arson,Investigation complete; no suspect identified,
775277c5057a3e773443f773c23a0c13e311307a7660f37024cf3344794ff8b4,2021-06,Lancashire Constabulary,Lancashire Constabulary,,,No Location,,,Criminal damage and arson,Investigation complete; no suspect identified,
f792cfeb324d579862d92421202eced8949e8ec0dc3c1470e8da47c3f60ca9da,2021-06,Lancashire Constabulary,Lancashire Constabulary,,,No Location,,,Criminal damage and arson,Status update unavailable,
3e23a72ee796895bae72c69252e8d957043c41129df52afbb1d2bdace5a9dafb,2021-06,Lancashire Constabulary,Lancashire Constabulary,,,No Location,,,Criminal damage and arson,Status update unavailable,
2746b6d5d99db7d20203f1df7360847c76d726d2082f1921a2719a8db94ee7b0,2021-06,Lancashire Constabulary,Lancashire Constabulary,,,No Location,,,Criminal damage and arson,Investigation complete; no suspect identified,
ff96841032253358fc3a2efb9ab704ed71a6b253a82e08adaf029af1157aca94,2021-06,Lancashire Constabulary,Lancashire Constabulary,,,No Location,,,Criminal damage and arson,Local resolution,
470a1eb40008252fb27b8507331f2d1564a687ad26fd8e489842b03bd56fecbf,2021-06,Lancashire Constabulary,Lancashire Constabulary,,,No Location,,,Criminal damage and arson,Unable to prosecute suspect,
e523a0872ff3ccdc251f0605cb0aec8673f238fa70364290abc87ebf6c978870,2021-06,Lancashire Constabulary,Lancashire Constabulary,,,No Location,,,Criminal damage and arson,Unable to prosecute suspect,
4cbcf1b35fbf4070138ca697a7e06ca2053b7e04ff4d42a45ca78c811413c896,2021-06,Lancashire Constabulary,Lancashire Constabulary,,,No Location,,,Criminal damage and arson,Investigation complete; no suspect identified,
74ef8fa28cb6ee80127a9e302afa69607d3682f5abb158bc97b982a5452dc676,2021-06,Lancashire Constabulary,Lancashire Constabulary,,,No Location,,,Criminal damage and arson,Local resolution,
8d13613f3b0239d5d6c7847e617350df53724ff65e8f34658c0b95f8c8d6e2a0,2021-06,Lancashire Constabulary,Lancashire Constabulary,,,No Location,,,Criminal damage and arson,Unable to prosecute suspect,
24ca1390f0ca89a6ebded3e739eab1f34ac0225e176d20374c71c022cf5ca4f9,2021-06,Lancashire Constabulary,Lancashire Constabulary,,,No Location,,,Criminal damage and arson,Unable to prosecute suspect,
8afac55ee68aa882514bcbfa58dfe827737f59a1e950f4306484450af79fcdda,2021-06,Lancashire Constabulary,Lancashire Constabulary,,,No Location,,,Criminal damage and arson,Investigation complete; no suspect identified,
e234cf8ce3a24dbee116621297f210470fcecba30cec76dbc39b67d8ffa4e66e,2021-06,Lancashire Constabulary,Lancashire Constabulary,,,No Location,,,Criminal damage and arson,Unable to prosecute suspect,
0ca062606e7ef9487d0ae632b8037f389618c52c18f798cfdcd1c424e961f260,2021-06,Lancashire Constabulary,Lancashire Constabulary,,,No Location,,,Criminal damage and arson,Status update unavailable,
f1dd388fd7967140574afdc2d03249dac2ea41ffe1b922770bf1e0ebbff4c597,2021-06,Lancashire Constabulary,Lancashire Constabulary,,,No Location,,,Criminal damage and arson,Investigation complete; no suspect identified,
94f8a541931c0779c7d3e3b093e9c87e49c90deb2ef29ba9c5efbde44a53dafc,2021-06,Lancashire Constabulary,Lancashire Constabulary,,,No Location,,,Criminal damage and arson,Investigation complete; no suspect identified,
203b1a0d60a6f9ae7569e97e8fc088595b930672f6143a55227d041d57229fee,2021-06,Lancashire Constabulary,Lancashire Constabulary,,,No Location,,,Criminal damage and arson,Investigation complete; no suspect identified,
2404a0b706ad590a07abaa2a3dfb8de0ed60a3f431379d532201e86d49fbed78,2021-06,Lancashire Constabulary,Lancashire Constabulary,,,No Location,,,Criminal damage and arson,Investigation complete; no suspect identified,
0a2ec2d189e28219fc686c6a788ac13b6c6428bb717677cbbe4808390aafb3e6,2021-06,Lancashire Constabulary,Lancashire Constabulary,,,No Location,,,Criminal damage and arson,Unable to prosecute suspect,
9363b697629145c2a9b95e047b86478b637591a719d5b32b857e9214ba014245,2021-06,Lancashire Constabulary,Lancashire Constabulary,,,No Location,,,Criminal damage and arson,Further action is not in the public interest,
3c0141b235db22bcfa1ee98c244a75faffe89a669ffc931ea5dca0292b9281c8,2021-06,Lancashire Constabulary,Lancashire Constabulary,,,No Location,,,Criminal damage and arson,Unable to prosecute suspect,
f49f6ee03b24e77952b73b9f8647e79d63a52008524ab36c7f717f4984912dcb,2021-06,Lancashire Constabulary,Lancashire Constabulary,,,No Location,,,Criminal damage and arson,Unable to prosecute suspect,
af6469bad4c4af5043be7286e6ee9180419ae06fdc149ad5c201faeb3add5616,2021-06,Lancashire Constabulary,Lancashire Constabulary,,,No Location,,,Criminal damage and arson,Unable to prosecute suspect,
f91d3ed3407862553d73c0e548297fe1a9ee09b651b4efddddf38c9505b3a7d9,2021-06,Lancashire Constabulary,Lancashire Constabulary,,,No Location,,,Criminal damage and arson,Unable to prosecute suspect,
412991a53239c571f1faa8ffe3b63fc527f87e571ab712a48523fdabc73248b5,2021-06,Lancashire Constabulary,Lancashire Constabulary,,,No Location,,,Criminal damage and arson,Unable to prosecute suspect,
5c9b2a0902b224694a1e0bff9c13b1f6c2dbefd3fc46896253d2351725a30d20,2021-06,Lancashire Constabulary,Lancashire Constabulary,,,No Location,,,Criminal damage and arson,Investigation complete; no suspect identified,
0ca0b82907ead837e18fe2c528fd9e0e63e50af3eee97a7cd68a365070b620f0,2021-06,Lancashire Constabulary,Lancashire Constabulary,,,No Location,,,Criminal damage and arson,Unable to prosecute suspect,
f00164918c41302431138232c710026cf304845baa5e63e1d13927ac8960a7ed,2021-06,Lancashire Constabulary,Lancashire Constabulary,,,No Location,,,Criminal damage and arson,Unable to prosecute suspect,
4710d65a920f16c919b612518ddaa956a39bbe2f3b82a977c7e51c408bfc7baf,2021-06,Lancashire Constabulary,Lancashire Constabulary,,,No Location,,,Criminal damage and arson,Unable to prosecute suspect,
3a12adccffd6b1cb420b5abc5207f37a18b07eaa38967d31a39b5f1b456babed,2021-06,Lancashire Constabulary,Lancashire Constabulary,,,No Location,,,Criminal damage and arson,Investigation complete; no suspect identified,
d8a145b38ae93d822e667f55ed5bdee0c13ee66a58e8d1597303a0891b058ddd,2021-06,Lancashire Constabulary,Lancashire Constabulary,,,No Location,,,Criminal damage and arson,Investigation complete; no suspect identified,
1f9ebc09172b7c655c94c10dacdd28d06042c38a2bd900123bfda19874b3a5a1,2021-06,Lancashire Constabulary,Lancashire Constabulary,,,No Location,,,Criminal damage and arson,Unable to prosecute suspect,
40b78332067ec3b696f3b899a5c1e8a75f50999097804a35b6ed885162822c3e,2021-06,Lancashire Constabulary,Lancashire Constabulary,,,No Location,,,Criminal damage and arson,Investigation complete; no suspect identified,
53034267ccdbbf5026e520efe8445d53604c64b9e4c3ca53123ee86a91937e89,2021-06,Lancashire Constabulary,Lancashire Constabulary,,,No Location,,,Criminal damage and arson,Unable to prosecute suspect,
6be4b9b0872eaff9502780b998676e6480022381de8c6cbf1a67a87098f4e2e6,2021-06,Lancashire Constabulary,Lancashire Constabulary,,,No Location,,,Criminal damage and arson,Unable to prosecute suspect,
972017dcf87be724665db5f7d5aee04d1a560cb43b572d852ebc1decc2bc5aeb,2021-06,Lancashire Constabulary,Lancashire Constabulary,,,No Location,,,Criminal damage and arson,Offender given penalty notice,
3fca57d98dff47c8e0522caece1e63fe414c8ac768c4e356ed060955bacdb645,2021-06,Lancashire Constabulary,Lancashire Constabulary,,,No Location,,,Criminal damage and arson,Unable to prosecute suspect,
2ce893bc2b97c27560e7b0d283b2edd16213c2d1102f0af542b363d6708362f8,2021-06,Lancashire Constabulary,Lancashire Constabulary,,,No Location,,,Criminal damage and arson,Unable to prosecute suspect,
676fef2f44f82a8a1ba1ce1acba1a05bf59f0ae4c652c791445258181f13b9ff,2021-06,Lancashire Constabulary,Lancashire Constabulary,,,No Location,,,Criminal damage and arson,Unable to prosecute suspect,
1e6f5f9a18544aa0bb1179ec87da8b15d358814137de98ce733a487303ead3b0,2021-06,Lancashire Constabulary,Lancashire Constabulary,,,No Location,,,Criminal damage and arson,Investigation complete; no suspect identified,
465bafe629d3c3b3bfe70fed3a1e3615bfd3e54d2579d3c7b807692c021ab42a,2021-06,Lancashire Constabulary,Lancashire Constabulary,,,No Location,,,Criminal damage and arson,Investigation complete; no suspect identified,
7a845f866e47e701c4ba02dd9235c7f3444548a0150a8cee11a7b1668a9e3fd8,2021-06,Lancashire Constabulary,Lancashire Constabulary,,,No Location,,,Criminal damage and arson,Unable to prosecute suspect,
5defdf1ef0a2b1c80f0b26b37c9760f8cc69db8a2366c968f33f2c4a88c736a0,2021-06,Lancashire Constabulary,Lancashire Constabulary,,,No Location,,,Criminal damage and arson,Investigation complete; no suspect identified,
18a7ff6576eb0fde714420a71599e9e6261a69c3163b6f27ea864553bcbb06f4,2021-06,Lancashire Constabulary,Lancashire Constabulary,,,No Location,,,Criminal damage and arson,Investigation complete; no suspect identified,
ccbb7f8c2f3f7bd35479666053171a266193c13d9162e9479af13ee914b60dc8,2021-06,Lancashire Constabulary,Lancashire Constabulary,,,No Location,,,Criminal damage and arson,Investigation complete; no suspect identified,
57316d0e41122efb865c70018383bb76ebbaec78edac76c78751fdd468ac778c,2021-06,Lancashire Constabulary,Lancashire Constabulary,,,No Location,,,Criminal damage and arson,Investigation complete; no suspect identified,
0e46b512ea7c1eb3018f50f200cc700ace47c2efdb9077075ccc900de81f407c,2021-06,Lancashire Constabulary,Lancashire Constabulary,,,No Location,,,Criminal damage and arson,Unable to prosecute suspect,
794decfc93d2f2e1c21be3eada9a4cd5dc658dd3961a0d36801e5f0205d2e1a5,2021-06,Lancashire Constabulary,Lancashire Constabulary,,,No Location,,,Criminal damage and arson,Unable to prosecute suspect,
7b0d04ecb3a198575b7ddd2e00fa6e46f6c5ba13e58c92aa1b2be4d2dea35c45,2021-06,Lancashire Constabulary,Lancashire Constabulary,,,No Location,,,Criminal damage and arson,Investigation complete; no suspect identified,
a25f3cca66bd614c5debc5243fa5b6c87e9eece7a7528764e856acff0cc91868,2021-06,Lancashire Constabulary,Lancashire Constabulary,,,No Location,,,Criminal damage and arson,Investigation complete; no suspect identified,
c4a4639a4bf5054db78f5aae676b58d07bafcf46eab67a073fb5b5674a480b10,2021-06,Lancashire Constabulary,Lancashire Constabulary,,,No Location,,,Criminal damage and arson,Investigation complete; no suspect identified,
63eaa315fd988874bd4ce1a2f6473011958504c51155cba00b7497f9dd5a1914,2021-06,Lancashire Constabulary,Lancashire Constabulary,,,No Location,,,Criminal damage and arson,Investigation complete; no suspect identified,
e2f6aa580d04a3c155213f65f3069637e8bd0563cb09c4c188a07809dffd0d99,2021-06,Lancashire Constabulary,Lancashire Constabulary,,,No Location,,,Criminal damage and arson,Unable to prosecute suspect,
aea2dd979432aaa56ebf2de45ff296647332512c16328912483e8a73af38fe7a,2021-06,Lancashire Constabulary,Lancashire Constabulary,,,No Location,,,Criminal damage and arson,Unable to prosecute suspect,
be3b396449777c867cc7acbe997333953fca353d7a82064372b226852a78a471,2021-06,Lancashire Constabulary,Lancashire Constabulary,,,No Location,,,Criminal damage and arson,Status update unavailable,
4b156c8ecafc751daa25fc35e4590941449db0f24108dae083cc3d740a062086,2021-06,Lancashire Constabulary,Lancashire Constabulary,,,No Location,,,Criminal damage and arson,Unable to prosecute suspect,
b1fcb7e3c73eb6c01e0f0c7180514e4d8580836fa3b02b89de559e841597cd68,2021-06,Lancashire Constabulary,Lancashire Constabulary,,,No Location,,,Criminal damage and arson,Investigation complete; no suspect identified,
362983938ba034be5bc2ed44ddbdcde99ad663bae393ce294d26a57f4c592601,2021-06,Lancashire Constabulary,Lancashire Constabulary,,,No Location,,,Criminal damage and arson,Unable to prosecute suspect,
7cba84a2a23bd818f811da04dfa6b53c8fa424bf928c50eb5c5c168428744679,2021-06,Lancashire Constabulary,Lancashire Constabulary,,,No Location,,,Criminal damage and arson,Status update unavailable,
1e98110620af4a0e8567fcdd288b0108121a2b784cc4ae4b3a1a01a2acc34e1c,2021-06,Lancashire Constabulary,Lancashire Constabulary,,,No Location,,,Criminal damage and arson,Further investigation is not in the public interest,
c22efbb1d994757a940851ca4f24f97d6fef52a3b1ae8ea647e659ebc89ee38e,2021-06,Lancashire Constabulary,Lancashire Constabulary,,,No Location,,,Criminal damage and arson,Unable to prosecute suspect,
3bb84e3118e260bbcf308e66a32e05e2f10d9b5547aae9c99fb05f629a92e364,2021-06,Lancashire Constabulary,Lancashire Constabulary,,,No Location,,,Criminal damage and arson,Unable to prosecute suspect,
2d0684ee326705e9c417b610dc1732f538e5313860a47b325e24cb7140941f83,2021-06,Lancashire Constabulary,Lancashire Constabulary,,,No Location,,,Criminal damage and arson,Investigation complete; no suspect identified,
3907649c62b1d7be1521a8feec01de4fe501776e0efe9bb41510ff8457031d26,2021-06,Lancashire Constabulary,Lancashire Constabulary,,,No Location,,,Criminal damage and arson,Investigation complete; no suspect identified,
67fd48c7ea7fd17a7da7c73c4eaa7cb289d66b902ee215e45a81661df0fd5cf0,2021-06,Lancashire Constabulary,Lancashire Constabulary,,,No Location,,,Criminal damage and arson,Status update unavailable,
acc9ab0e75cb73a89f77dc08be296bbb94e7111474b5b7b39b5e4fe83d85cae9,2021-06,Lancashire Constabulary,Lancashire Constabulary,,,No Location,,,Criminal damage and arson,Unable to prosecute suspect,
c69f413dd43169c61d8b4dfde1be7187edba97e66257c761bdaf369d01ce8b7d,2021-06,Lancashire Constabulary,Lancashire Constabulary,,,No Location,,,Criminal damage and arson,Investigation complete; no suspect identified,
eed1a4f1b015af5c31a3cf76e9fdc9ad22e215e8cd1c1f6c524848b3eb8a42e8,2021-06,Lancashire Constabulary,Lancashire Constabulary,,,No Location,,,Criminal damage and arson,Unable to prosecute suspect,
3239c0c59a4af327174af9bc7db94457b1408ac919430a9784d9e61dee1d4a6c,2021-06,Lancashire Constabulary,Lancashire Constabulary,,,No Location,,,Criminal damage and arson,Investigation complete; no suspect identified,
724a647c60d28dc136ea97118c2db46ba7c496aa735ae264281538b2d0f27774,2021-06,Lancashire Constabulary,Lancashire Constabulary,,,No Location,,,Criminal damage and arson,Investigation complete; no suspect identified,
80981a2e571079071ccb03b1e248b965bd8cdfbb1218d5f45a139f63f65b760e,2021-06,Lancashire Constabulary,Lancashire Constabulary,,,No Location,,,Criminal damage and arson,Investigation complete; no suspect identified,
3812fe5d3d4c037f93b9b94d233532d59372d65e748d464626c383c86e865646,2021-06,Lancashire Constabulary,Lancashire Constabulary,,,No Location,,,Criminal damage and arson,Investigation complete; no suspect identified,
10d25c3c12530331722b9e704cd652033adef796f1c98e393f4d59e513dad835,2021-06,Lancashire Constabulary,Lancashire Constabulary,,,No Location,,,Criminal damage and arson,Status update unavailable,
2571919fbe4df7d3f2fa14bd9334943452892a59c1f9203d8b261889c938dc0a,2021-06,Lancashire Constabulary,Lancashire Constabulary,,,No Location,,,Criminal damage and arson,Status update unavailable,
a8846ab15d045400244bf191e4482d087422fe0e0bbfcdce97c6f282ee489184,2021-06,Lancashire Constabulary,Lancashire Constabulary,,,No Location,,,Criminal damage and arson,Unable to prosecute suspect,
3575ee948e63ba2eaac4dc9a1d468e119cb34a1961e93b12d11e4b36aa7657b0,2021-06,Lancashire Constabulary,Lancashire Constabulary,,,No Location,,,Criminal damage and arson,Investigation complete; no suspect identified,
5bb6852439d6ef4d00990b03f642bd1c263a528546c7f64952a4ca6dc7330111,2021-06,Lancashire Constabulary,Lancashire Constabulary,,,No Location,,,Criminal damage and arson,Court result unavailable,
afbbd413acab0002b76c7b1c1dd7146123808f7156e8f4da569de0b32e99e42a,2021-06,Lancashire Constabulary,Lancashire Constabulary,,,No Location,,,Drugs,Offender given penalty notice,
6e97e54c049e52125116f8760f381b70ece40f5f5636b38d680f1bd388981f93,2021-06,Lancashire Constabulary,Lancashire Constabulary,,,No Location,,,Drugs,Offender given a caution,
a92df53677bb3d6cc728945fbb1671bcf08be8c4d4f3db46f73c42220c408525,2021-06,Lancashire Constabulary,Lancashire Constabulary,,,No Location,,,Drugs,Further investigation is not in the public interest,
7099cae46fc8390d0d776b379a5e8adf10ef23f2e708282ad8a9db55c35f31e6,2021-06,Lancashire Constabulary,Lancashire Constabulary,,,No Location,,,Drugs,Court result unavailable,
3803ffc3e9c0526741dbe51a9085db23692f41944d945111de89bd661d307fb6,2021-06,Lancashire Constabulary,Lancashire Constabulary,,,No Location,,,Drugs,Court result unavailable,
c6ffd526cea702deccca729ab0bacb3342d960f05cf94d7a27e33fb8c515946c,2021-06,Lancashire Constabulary,Lancashire Constabulary,,,No Location,,,Drugs,Offender given penalty notice,
7c5f72d0242f8d24d2cb7777493256b0e2e06dd12181ebfc6c7a68f2d1a36bd7,2021-06,Lancashire Constabulary,Lancashire Constabulary,,,No Location,,,Drugs,Court result unavailable,
b8b1d01c19582f787369b430524002eb61956feb5a86b93c5b9be89a575fc125,2021-06,Lancashire Constabulary,Lancashire Constabulary,,,No Location,,,Drugs,Status update unavailable,
e4296260cd52d07dd0962eafb4f005e3791e6b566b223e95cd6b1c1128e2615e,2021-06,Lancashire Constabulary,Lancashire Constabulary,,,No Location,,,Drugs,Local resolution,
5ebb0257b0addcc7085b952d166f42519195c3497e6db188171d6e87156b13ea,2021-06,Lancashire Constabulary,Lancashire Constabulary,,,No Location,,,Drugs,Offender given penalty notice,
a878485baf76b80891ba12e4850e9e92370a5a0cb05f8b1b7ca4a49cdac235e4,2021-06,Lancashire Constabulary,Lancashire Constabulary,,,No Location,,,Drugs,Court result unavailable,
6488e1478115f0ec9bd70c1f0739d694aa8a495243c45ffa5fe8e79820b7606f,2021-06,Lancashire Constabulary,Lancashire Constabulary,,,No Location,,,Drugs,Status update unavailable,
87144f1343ff88fefcd9d7a8dbf4574e45c04882abd3bfbfbe2a50e8f582ec86,2021-06,Lancashire Constabulary,Lancashire Constabulary,,,No Location,,,Drugs,Court result unavailable,
3008913a2ca0ec1753dac49e14aefcd4c53bdae32eb86a0a04992eedfb29f08a,2021-06,Lancashire Constabulary,Lancashire Constabulary,,,No Location,,,Drugs,Offender given penalty notice,
ab23115b5139e4c5d9678902bde365aac84722803ecf27c296f57e4ee90e9cab,2021-06,Lancashire Constabulary,Lancashire Constabulary,,,No Location,,,Drugs,Unable to prosecute suspect,
e4c6c6d120721aebaebda0cda0806c6b3771ca7b4cb173115e169024f64ce390,2021-06,Lancashire Constabulary,Lancashire Constabulary,,,No Location,,,Drugs,Formal action is not in the public interest,
1a987bbed50571a90f8361f0c078549517aa3275b987f61b8808fb04c9f9f673,2021-06,Lancashire Constabulary,Lancashire Constabulary,,,No Location,,,Drugs,Status update unavailable,
e8e133e1c2dd658cf123beabed3cf5909faf183db85a24dc318c0d56783d2966,2021-06,Lancashire Constabulary,Lancashire Constabulary,,,No Location,,,Drugs,Offender given penalty notice,
4822bd5c5042d73d6e5927c43fbb7b79de297f12eaad688f8fad98e8f6150e86,2021-06,Lancashire Constabulary,Lancashire Constabulary,,,No Location,,,Drugs,Local resolution,
50a1e241598cd9e670d90653e5404fb3b15f0d66bd4a062adf97815e86d46bbc,2021-06,Lancashire Constabulary,Lancashire Constabulary,,,No Location,,,Drugs,Further investigation is not in the public interest,
db768e51afb1ecb8412a88fa284064b2714edef15cc0cd40a0e6425175349686,2021-06,Lancashire Constabulary,Lancashire Constabulary,,,No Location,,,Drugs,Status update unavailable,
478b4dc3d66554c55b2e15ce86b85a26cc652ab7a2454a5c803058c74d9d0604,2021-06,Lancashire Constabulary,Lancashire Constabulary,,,No Location,,,Drugs,Status update unavailable,
11d9dc9cae430bdefe22ce2a1e3e84361c99455887423ac85f20be1c10042a9c,2021-06,Lancashire Constabulary,Lancashire Constabulary,,,No Location,,,Drugs,Status update unavailable,
391260a41dbd0ee0450976d85e95c101d35c79db00a92631aa11985f4a4e4114,2021-06,Lancashire Constabulary,Lancashire Constabulary,,,No Location,,,Drugs,Local resolution,
0525d788efe8032abdbdcaaa5f6470458a655db549560aec67172749942a2d6e,2021-06,Lancashire Constabulary,Lancashire Constabulary,,,No Location,,,Drugs,Further investigation is not in the public interest,
313a4f8816796b53a0ddb5e2afeada3f0d9a8a2aedd4dcfeb95636ca28f38fb4,2021-06,Lancashire Constabulary,Lancashire Constabulary,,,No Location,,,Drugs,Offender given a caution,
3e5bc7d49743c6e680d46f8c23b6d8d203f0e5b3f04facc3c69b8faa496e01c2,2021-06,Lancashire Constabulary,Lancashire Constabulary,,,No Location,,,Drugs,Local resolution,
ddbf6be4228ed7fab385f5ed3960dd8ddada7259898472837e2e7fad37b4ef92,2021-06,Lancashire Constabulary,Lancashire Constabulary,,,No Location,,,Drugs,Local resolution,
39378287a7282f03ac59bcb8bf8c5c4c46fc22425fdbbfdfc8c6daef7086d4e6,2021-06,Lancashire Constabulary,Lancashire Constabulary,,,No Location,,,Drugs,Status update unavailable,
a8192f00330bb6e15b33bdbcb06c4a228dba7e9600eb6a5f97bfc2bc57bc6997,2021-06,Lancashire Constabulary,Lancashire Constabulary,,,No Location,,,Drugs,Court result unavailable,
25cc999acfef07fa79d190132c903d75ccc0bdc373b525e15189cecf0ddb3aed,2021-06,Lancashire Constabulary,Lancashire Constabulary,,,No Location,,,Drugs,Local resolution,
c538ef86e343d5da64e8ca8ad2fcd7aa6f8c6a573b08b0e21cdfb406c249c02f,2021-06,Lancashire Constabulary,Lancashire Constabulary,,,No Location,,,Drugs,Offender given penalty notice,
9d7a39645aa61b92eaa63893629719cf4ab80daf8800a6ee7583243234a7ad59,2021-06,Lancashire Constabulary,Lancashire Constabulary,,,No Location,,,Drugs,Unable to prosecute suspect,
7935e40a9cc9cc4dba5f6c266890784f7c8a0f653ea098562c44f3acf42d7e12,2021-06,Lancashire Constabulary,Lancashire Constabulary,,,No Location,,,Drugs,Local resolution,
bdba2660fe428f122fe72cd2ffcb544e789deb03dcb6f0a7165fa14f12de3cc2,2021-06,Lancashire Constabulary,Lancashire Constabulary,,,No Location,,,Drugs,Offender given penalty notice,
bcd0cd5f4eb7e42b0d696f2243bae05ba50c8cbcd1a6c5e5244ed4deef32e216,2021-06,Lancashire Constabulary,Lancashire Constabulary,,,No Location,,,Drugs,Local resolution,
7f12ed69e5e98ea6c67ee326fedfbf8af89febd2e162442aed9ff40213c3342b,2021-06,Lancashire Constabulary,Lancashire Constabulary,,,No Location,,,Drugs,Local resolution,
25fe44167600760dec22c7c6e2194ed93abc6ec6a814bff112624d268dfe791c,2021-06,Lancashire Constabulary,Lancashire Constabulary,,,No Location,,,Drugs,Local resolution,
fac6f42f335c802d64f9a7cb7b904fa998fec25b99e9e5e0474d94146252b0fe,2021-06,Lancashire Constabulary,Lancashire Constabulary,,,No Location,,,Drugs,Status update unavailable,
41b1d5735286741d16c2a7b90e929905fe9c47d58645920dbdef6d447e4be77a,2021-06,Lancashire Constabulary,Lancashire Constabulary,,,No Location,,,Drugs,Further investigation is not in the public interest,
2ce95d9ff749ce9caa9620378491942dfdd987bc083f804f642ee305e1d228e1,2021-06,Lancashire Constabulary,Lancashire Constabulary,,,No Location,,,Drugs,Unable to prosecute suspect,
32ec3794fc7eae2ceaeb988f86d024209af45e1c74c608d6e3789d9409efdede,2021-06,Lancashire Constabulary,Lancashire Constabulary,,,No Location,,,Drugs,Formal action is not in the public interest,
fbe926541e8afbf851844e2cef7e014c51333bef47eca2b4e17acf52b13d3657,2021-06,Lancashire Constabulary,Lancashire Constabulary,,,No Location,,,Drugs,Local resolution,
aa49a46541ffc4889c9f3c7e2862c667b1a6d9c407bfb94d21026760924c4065,2021-06,Lancashire Constabulary,Lancashire Constabulary,,,No Location,,,Drugs,Status update unavailable,
93982f9c64218f218aa681d3c8b8881f664f51411dd0711ff9b5c4eba1fb4ad7,2021-06,Lancashire Constabulary,Lancashire Constabulary,,,No Location,,,Drugs,Unable to prosecute suspect,
5c018094f46285624c5f7cf985b01ca7e617b63fc65da8d2e8376cad833113b6,2021-06,Lancashire Constabulary,Lancashire Constabulary,,,No Location,,,Drugs,Status update unavailable,
aff993be07afe4bdd41dbf6f576c26cb6852289312f0303898512fd59fdee6ac,2021-06,Lancashire Constabulary,Lancashire Constabulary,,,No Location,,,Drugs,Status update unavailable,
8b87b35fc854bac69abca34ea1969d8784a068c8554b09b31e9c344a01ab2f6b,2021-06,Lancashire Constabulary,Lancashire Constabulary,,,No Location,,,Drugs,Offender given penalty notice,
e0afbd8efb50beeed72202dc3d4fe37aab74d6ab0b2bb21cdb7627a736a90a62,2021-06,Lancashire Constabulary,Lancashire Constabulary,,,No Location,,,Drugs,Unable to prosecute suspect,
0b3710fb4b8b97ea6172ca06b9f7021ebac30b409a539fba8f4c9b62839dfa62,2021-06,Lancashire Constabulary,Lancashire Constabulary,,,No Location,,,Other theft,Unable to prosecute suspect,
68672c06ecb1444acf5de5ded64219e2d695a965e0d7385881d86ead659f16ef,2021-06,Lancashire Constabulary,Lancashire Constabulary,,,No Location,,,Other theft,Status update unavailable,
5bf60bdbfc683c65227c338fad62a09e7542a9d11f39682d3ffac00f38cdc0aa,2021-06,Lancashire Constabulary,Lancashire Constabulary,,,No Location,,,Other theft,Investigation complete; no suspect identified,
7f7ec2b72f0d896e49d4cdc0f26eca6dd8ca3609c8882ec61c3f6334519d0d26,2021-06,Lancashire Constabulary,Lancashire Constabulary,,,No Location,,,Other theft,Investigation complete; no suspect identified,
021f5601e90f891b6e77af2dd4908ace5cef23a7be87d86e01a41da23d23626a,2021-06,Lancashire Constabulary,Lancashire Constabulary,,,No Location,,,Other theft,Unable to prosecute suspect,
dcbeed971ba46c4d1cd3c363dbfed8a8ebd14712b319aa678080006ef2b32867,2021-06,Lancashire Constabulary,Lancashire Constabulary,,,No Location,,,Other theft,Investigation complete; no suspect identified,
15de8e2228a5fa01975b2b61663e217617606cde7123179dd17f600edcb9de0e,2021-06,Lancashire Constabulary,Lancashire Constabulary,,,No Location,,,Other theft,Investigation complete; no suspect identified,
855256a8457bc4f4f95f93b21c75d2773dcd2ddc36f525090f511fd88b9620da,2021-06,Lancashire Constabulary,Lancashire Constabulary,,,No Location,,,Other theft,Status update unavailable,
976b6a4eab5439a70095f69021fc500c4c1cb909876549a2a61c437545f82ea0,2021-06,Lancashire Constabulary,Lancashire Constabulary,,,No Location,,,Other theft,Investigation complete; no suspect identified,
5ce061d0e24328c2d1e405b557a690451fde473208fcc8060efdbeb01d40ab71,2021-06,Lancashire Constabulary,Lancashire Constabulary,,,No Location,,,Other theft,Investigation complete; no suspect identified,
9e866ca1588fbfa88353e7022a314922be3cbaefa728af235297f91ddbe506d1,2021-06,Lancashire Constabulary,Lancashire Constabulary,,,No Location,,,Other theft,Investigation complete; no suspect identified,
ffbfc1a89ac1c9fe2a54861dcb032fbbd158a7709936e11830d7cd6cb59cf3df,2021-06,Lancashire Constabulary,Lancashire Constabulary,,,No Location,,,Other theft,Status update unavailable,
2d07e0ac0a6470387635e0b74c7292e8d759093dd64af14740418249ec5057d4,2021-06,Lancashire Constabulary,Lancashire Constabulary,,,No Location,,,Other theft,Investigation complete; no suspect identified,
51dd0f8201f9000e67424ebe644d1d382654f19e93a9069333946d356a48b824,2021-06,Lancashire Constabulary,Lancashire Constabulary,,,No Location,,,Other theft,Investigation complete; no suspect identified,
2e041804cf5f6b3ad856c304936a9252be13753e2e43a793874c7b39b70dd640,2021-06,Lancashire Constabulary,Lancashire Constabulary,,,No Location,,,Other theft,Investigation complete; no suspect identified,
cf75ade649ebc84356a8c8b5c00479545a8bbb1384215d6d49c330a2525f88d9,2021-06,Lancashire Constabulary,Lancashire Constabulary,,,No Location,,,Other theft,Unable to prosecute suspect,
0ace8a066f749ebf42f84745a9b54fa9b03372ff9ae8b9398980a129e7a347ee,2021-06,Lancashire Constabulary,Lancashire Constabulary,,,No Location,,,Other theft,Further investigation is not in the public interest,
ad9ecbe653270e55bc7995e378e73488439489e74431c6465f7128d3ceda70ac,2021-06,Lancashire Constabulary,Lancashire Constabulary,,,No Location,,,Other theft,Status update unavailable,
124239f51f034b2d6ad51c52f256a60f4d63ca806913717f61a728e3535f63a4,2021-06,Lancashire Constabulary,Lancashire Constabulary,,,No Location,,,Other theft,Unable to prosecute suspect,
a557f98428b1b6c2e668cc09d25e31b569446fb9766e5b1ccede27c82f9a8410,2021-06,Lancashire Constabulary,Lancashire Constabulary,,,No Location,,,Other theft,Status update unavailable,
a26a4e4fe46d0133df13333aacb39e9fe6775e78a6a307e02db919e842a61bf6,2021-06,Lancashire Constabulary,Lancashire Constabulary,,,No Location,,,Other theft,Unable to prosecute suspect,
7b70ec3b116ee5060a48a3a6df047276bd840db40d58daa9a5186267ae1a396b,2021-06,Lancashire Constabulary,Lancashire Constabulary,,,No Location,,,Other theft,Investigation complete; no suspect identified,
9c8232a67335c164231df971e5e973ddc171065b6c6b5837938925b11011c937,2021-06,Lancashire Constabulary,Lancashire Constabulary,,,No Location,,,Other theft,Investigation complete; no suspect identified,
4335b2fdc127b19a54f288a60d414f1d4c0cdbb22f308dbefe68bc01aab1f20c,2021-06,Lancashire Constabulary,Lancashire Constabulary,,,No Location,,,Other theft,Unable to prosecute suspect,
cd14fd1042db050a6c74fb6ceccec4e53b6eb1d014a4e9e0871ab6b741ed4568,2021-06,Lancashire Constabulary,Lancashire Constabulary,,,No Location,,,Other theft,Status update unavailable,
7a258850b7ac226f6fc025e387d2b15f55088e05fbdb56eeaf4addd074fe8f8c,2021-06,Lancashire Constabulary,Lancashire Constabulary,,,No Location,,,Other theft,Investigation complete; no suspect identified,
e3460e8b6a342e70b1254f3852f21efa65d2882bf7dd921b945cec3f589d1bf9,2021-06,Lancashire Constabulary,Lancashire Constabulary,,,No Location,,,Other theft,Investigation complete; no suspect identified,
a0dd4f7ad79208ae8f8707f9ffb87e4bd9f7f9e2ff7da892682fe84d812cebd5,2021-06,Lancashire Constabulary,Lancashire Constabulary,,,No Location,,,Other theft,Investigation complete; no suspect identified,
6ce0b531bd098159fc98babe524e70379585f3222342891741c08cc7fb437a86,2021-06,Lancashire Constabulary,Lancashire Constabulary,,,No Location,,,Other theft,Status update unavailable,
d3339f15ea6851fb98de5608f741513b0ecd1626b9d4952767fffd0dc3482764,2021-06,Lancashire Constabulary,Lancashire Constabulary,,,No Location,,,Other theft,Investigation complete; no suspect identified,
d9b7f0e85590bfa9a58a34a71699a9aa6145aa26ba23780089be6707d8a3b3ee,2021-06,Lancashire Constabulary,Lancashire Constabulary,,,No Location,,,Other theft,Status update unavailable,
7a0da216eb6f06088439ef2aad00087565dccdd72147c701f0af1e6aa4719bef,2021-06,Lancashire Constabulary,Lancashire Constabulary,,,No Location,,,Other theft,Status update unavailable,
2790018256c28be218978adda2c19752c3013ee206eda0b2d0d8a6bb7b77312e,2021-06,Lancashire Constabulary,Lancashire Constabulary,,,No Location,,,Other theft,Unable to prosecute suspect,
746e39a66f510fff1a28571901442e7f09ea3804350688e078e8285a2f43c10b,2021-06,Lancashire Constabulary,Lancashire Constabulary,,,No Location,,,Other theft,Unable to prosecute suspect,
ac77f509858478c79c8e3eb4a8b21a5706726d2a149498d284f218072c926b75,2021-06,Lancashire Constabulary,Lancashire Constabulary,,,No Location,,,Other theft,Investigation complete; no suspect identified,
1191a30a42b553ea229f8cac3f4820b2bc300ad89f6ec38e8d98ec22e9828c6a,2021-06,Lancashire Constabulary,Lancashire Constabulary,,,No Location,,,Other theft,Unable to prosecute suspect,
21c6f8b8f66044da07cb5fcfe8a110c46c31713ecc1eba3161a0e1c24da03e4e,2021-06,Lancashire Constabulary,Lancashire Constabulary,,,No Location,,,Other theft,Unable to prosecute suspect,
812cf9a24f3cdcb8c6b3dacc87fb11c25b84d126a5cf3d909c8be44c9e5cfae8,2021-06,Lancashire Constabulary,Lancashire Constabulary,,,No Location,,,Other theft,Investigation complete; no suspect identified,
631679821e521bab092a94f99e3c634ba9281f42d441fbe72c9227b0a9ae39a9,2021-06,Lancashire Constabulary,Lancashire Constabulary,,,No Location,,,Other theft,Status update unavailable,
09762463d5851d9a93578cf18004fe5881a7401545473b36e675f64822f21357,2021-06,Lancashire Constabulary,Lancashire Constabulary,,,No Location,,,Other theft,Status update unavailable,
fbfbe42051b4bd49739817c408819bbe195b85db7e3c1d4de5db5da09d9a7ba8,2021-06,Lancashire Constabulary,Lancashire Constabulary,,,No Location,,,Other theft,Status update unavailable,
d9f87cb30dfbb6619ec68cf6f062abb473c4e4dc41533f57188994fb3ce3eb64,2021-06,Lancashire Constabulary,Lancashire Constabulary,,,No Location,,,Other theft,Status update unavailable,
18713baba512d153878d3673c396cd3588d760e46e1bc5389331e8186a82c882,2021-06,Lancashire Constabulary,Lancashire Constabulary,,,No Location,,,Other theft,Unable to prosecute suspect,
e3682abde1fd2e63d8a73c1967c26f05168be3af70312ce1612045f8cc22c36c,2021-06,Lancashire Constabulary,Lancashire Constabulary,,,No Location,,,Other theft,Unable to prosecute suspect,
d04455f5952035f2282d3e7f0e9343c705d5dcb129ed178d5963585e0d6e6839,2021-06,Lancashire Constabulary,Lancashire Constabulary,,,No Location,,,Other theft,Investigation complete; no suspect identified,
091cd329325732308fe6476d662779c5648de9fa5adcf4e5706096f922447035,2021-06,Lancashire Constabulary,Lancashire Constabulary,,,No Location,,,Other theft,Investigation complete; no suspect identified,
7e61d8fc4e14337fc6ba60ea44e44bf62cc702ebe38c2a26c4f822c58969c083,2021-06,Lancashire Constabulary,Lancashire Constabulary,,,No Location,,,Other theft,Unable to prosecute suspect,
10f3f8bf5ebc949e2a1e706c058264c4281717691f13201d6583c71dbfbcfdd7,2021-06,Lancashire Constabulary,Lancashire Constabulary,,,No Location,,,Other theft,Investigation complete; no suspect identified,
433d53e8fe1eb18200de84e434f772ccac53b3807df4b0998459cb0dfb1da000,2021-06,Lancashire Constabulary,Lancashire Constabulary,,,No Location,,,Other theft,Investigation complete; no suspect identified,
4f776f2c42ef57923f08b147b299b292b7da58dfc528edbed58d4a2727ec466e,2021-06,Lancashire Constabulary,Lancashire Constabulary,,,No Location,,,Other theft,Status update unavailable,
f1bf79a9ba119c04e40df037c0123374c06d54c55ac9e01fa0098e1975202eab,2021-06,Lancashire Constabulary,Lancashire Constabulary,,,No Location,,,Other theft,Unable to prosecute suspect,
65d7d9f30ca9f9da1d6a710a19b847a6c6b95624822384a4c150cae5b8f8d592,2021-06,Lancashire Constabulary,Lancashire Constabulary,,,No Location,,,Other theft,Status update unavailable,
b425a6219d381d01489e7278d8872126c4965a2d8180244b54eb94bf720e357d,2021-06,Lancashire Constabulary,Lancashire Constabulary,,,No Location,,,Other theft,Status update unavailable,
493246b86f30eb06712f1d519d0c2563d0cf39dd5eb82a7b22ec9f14fc185369,2021-06,Lancashire Constabulary,Lancashire Constabulary,,,No Location,,,Other theft,Investigation complete; no suspect identified,
f010dac3d99ee88536711165788416f9b8d49a21ce03c3900c17156412f2fc77,2021-06,Lancashire Constabulary,Lancashire Constabulary,,,No Location,,,Other theft,Unable to prosecute suspect,
7a99b9fab47cae6c8eee5ed2c1bbc988d13a51d94a56305785f5f64b31b9705d,2021-06,Lancashire Constabulary,Lancashire Constabulary,,,No Location,,,Other theft,Investigation complete; no suspect identified,
0e0ac00d443a7e6f12bdc4d1e44ad861d21d82e7b0e0cf1ee0c6c0b919235e3b,2021-06,Lancashire Constabulary,Lancashire Constabulary,,,No Location,,,Other theft,Investigation complete; no suspect identified,
36550bded06e0852044e330bfbd37e565c0aeeedf8c0c838f72b113cd72f1e3a,2021-06,Lancashire Constabulary,Lancashire Constabulary,,,No Location,,,Other theft,Investigation complete; no suspect identified,
a77adbc1dce11825f941ec47fa89c26e5be2045c86ce0574b5f6cf0c0f33ad27,2021-06,Lancashire Constabulary,Lancashire Constabulary,,,No Location,,,Other theft,Investigation complete; no suspect identified,
3eeb0d2086a930eb903b6f42493b9be2f128f91da874e721dec2ef679622fd63,2021-06,Lancashire Constabulary,Lancashire Constabulary,,,No Location,,,Other theft,Investigation complete; no suspect identified,
c19b725e8807508a8b1fef414fd03b9f638e437a5b9891f094afbfb43b46e907,2021-06,Lancashire Constabulary,Lancashire Constabulary,,,No Location,,,Other theft,Investigation complete; no suspect identified,
bcbf0cb4f4a7544bf7810e445ace883921bde2afe0852f27f1c17c0c94198297,2021-06,Lancashire Constabulary,Lancashire Constabulary,,,No Location,,,Other theft,Investigation complete; no suspect identified,
887526a2c0d19f5ea862affbb490cf78ce93c208f79e1fce7707d05dfcfc087a,2021-06,Lancashire Constabulary,Lancashire Constabulary,,,No Location,,,Other theft,Unable to prosecute suspect,
046fd2b463cd317947b7ddea54160c5ca054073287c7f55a8e09c08578be553b,2021-06,Lancashire Constabulary,Lancashire Constabulary,,,No Location,,,Other theft,Investigation complete; no suspect identified,
eed48159ac29e1ead5f5871cb4839ed180def2432e624d3a09f750e0bdf42d10,2021-06,Lancashire Constabulary,Lancashire Constabulary,,,No Location,,,Other theft,Investigation complete; no suspect identified,
5a7d942544d0ecd51dfc36460e2abf49f2195a69544dbdd2bec95767b8323450,2021-06,Lancashire Constabulary,Lancashire Constabulary,,,No Location,,,Other theft,Investigation complete; no suspect identified,
02dcd78a2acaf2476169aa41faeb4365f892373a7bc2b5427e1f72ed2921b996,2021-06,Lancashire Constabulary,Lancashire Constabulary,,,No Location,,,Other theft,Status update unavailable,
6002c54e185a6f4de4e93efd5be50f45f7f208303329b23ba60c0c74714f6465,2021-06,Lancashire Constabulary,Lancashire Constabulary,,,No Location,,,Other theft,Status update unavailable,
7e574b032b843be480da541cae6dbdd05d5ddf8b6b5c48895d445a12e5857a8d,2021-06,Lancashire Constabulary,Lancashire Constabulary,,,No Location,,,Other theft,Status update unavailable,
886506938981620d7c434956c4012ab2e351a8a4f14ffde076fbbfef147d02f2,2021-06,Lancashire Constabulary,Lancashire Constabulary,,,No Location,,,Other theft,Investigation complete; no suspect identified,
a1c614f57a5cf91b8bbea203e964797243167b74effdf817f895b299707490b1,2021-06,Lancashire Constabulary,Lancashire Constabulary,,,No Location,,,Other theft,Unable to prosecute suspect,
4577fe8a23493bd028a7989b98114420303ea244d4f0c767c0fe112402aff140,2021-06,Lancashire Constabulary,Lancashire Constabulary,,,No Location,,,Other theft,Status update unavailable,
3c4456427da133b2382244e4fc73e64c35169fa3807070608fa14608f5373a7c,2021-06,Lancashire Constabulary,Lancashire Constabulary,,,No Location,,,Other theft,Investigation complete; no suspect identified,
b1c71f8bdb08a8589e11c968a2db3cbba3651afdffdd7a8d4fd7be2e41591103,2021-06,Lancashire Constabulary,Lancashire Constabulary,,,No Location,,,Other theft,Investigation complete; no suspect identified,
4f963e430f33a15b8960084a8c16c75fbb561c3797bb76daf1d376617c44bea6,2021-06,Lancashire Constabulary,Lancashire Constabulary,,,No Location,,,Other theft,Status update unavailable,
0055f4bc3744a4eb76e68d7d1d74c2b95bc2d164f996d4e48ca43ac10caac727,2021-06,Lancashire Constabulary,Lancashire Constabulary,,,No Location,,,Other theft,Investigation complete; no suspect identified,
6280cbb643e79c9df439947a51fe8467856fc24a00a50fc846f252ba3299c8ad,2021-06,Lancashire Constabulary,Lancashire Constabulary,,,No Location,,,Other theft,Unable to prosecute suspect,
57349182e88e14bc58c236a4d7ada5963f25b48a23e62849abad6ad77b8848c8,2021-06,Lancashire Constabulary,Lancashire Constabulary,,,No Location,,,Other theft,Unable to prosecute suspect,
f6c4976237abc1c4dc56fc23f6f44214744153c26e2a52a5bbff1c7e3fc0e42c,2021-06,Lancashire Constabulary,Lancashire Constabulary,,,No Location,,,Other theft,Investigation complete; no suspect identified,
9105754d47368b1c0a2d7bb1f44cc595b3f9b11fc931e07b7b6d80f13347c910,2021-06,Lancashire Constabulary,Lancashire Constabulary,,,No Location,,,Other theft,Investigation complete; no suspect identified,
934ce5cd4101518dffa5e39de2f599e7b53dec747fa913f5f8b0ff8de9156c64,2021-06,Lancashire Constabulary,Lancashire Constabulary,,,No Location,,,Other theft,Unable to prosecute suspect,
bd90d4b9bdf9fb22a1be47e2a2a76693808d98b77aeca0b109f18d457f4e362d,2021-06,Lancashire Constabulary,Lancashire Constabulary,,,No Location,,,Other theft,Unable to prosecute suspect,
2e6ac69bbe4e95b72e17307195ecd510da7d569cace2e315430bbec8e46d19c8,2021-06,Lancashire Constabulary,Lancashire Constabulary,,,No Location,,,Other theft,Unable to prosecute suspect,
c612aedac0608ec30a0c7f810f195db3b2225f1d9ea108d77e5a5b03777c100a,2021-06,Lancashire Constabulary,Lancashire Constabulary,,,No Location,,,Other theft,Status update unavailable,
e4d8241324c22d19866c1c1f8e8dcea9eaf6df8028a9875f0c06f761e2e629aa,2021-06,Lancashire Constabulary,Lancashire Constabulary,,,No Location,,,Other theft,Unable to prosecute suspect,
affe7aeeb1d4c540a870989255bf0afe612a99271a46b84a7f5d76e16e5a54aa,2021-06,Lancashire Constabulary,Lancashire Constabulary,,,No Location,,,Other theft,Unable to prosecute suspect,
a3a84b45a68a79d3b8bc0cd1a00b526654890247cc8acedd4fb642ccdbcbc659,2021-06,Lancashire Constabulary,Lancashire Constabulary,,,No Location,,,Other theft,Investigation complete; no suspect identified,
07f38c104063bfdaed4df11c0bc74b240e17b4e4284e2bcf79c11a9fac2933a5,2021-06,Lancashire Constabulary,Lancashire Constabulary,,,No Location,,,Other theft,Further investigation is not in the public interest,
851b6f42e00e1784db2af2b1238cd76bf839b8f4aa01822feaf5f9ea6be4fe26,2021-06,Lancashire Constabulary,Lancashire Constabulary,,,No Location,,,Other theft,Status update unavailable,
97397d4fe69e3e288993fca32ac178a6c34ee9352a1cdcc0c281749fbd1517c2,2021-06,Lancashire Constabulary,Lancashire Constabulary,,,No Location,,,Other theft,Investigation complete; no suspect identified,
481ed87cb3ed6ecdab14a2eb0301d66ff1e1d7e895ba7068e72e9737c4418006,2021-06,Lancashire Constabulary,Lancashire Constabulary,,,No Location,,,Other theft,Investigation complete; no suspect identified,
a180ec8ed44514a76340dc14b93c39373f81c954af3e3c0c3c947aacdaa89740,2021-06,Lancashire Constabulary,Lancashire Constabulary,,,No Location,,,Other theft,Investigation complete; no suspect identified,
2b86fd908a8acf8bbc5a35840851376ecc0b111fcfa45d756261b144b55414c0,2021-06,Lancashire Constabulary,Lancashire Constabulary,,,No Location,,,Other theft,Unable to prosecute suspect,
aab383f7277d96dc690a3423bfa9c7513507415d1b512531b3a12be72eb27657,2021-06,Lancashire Constabulary,Lancashire Constabulary,,,No Location,,,Other theft,Status update unavailable,
b0f56d3f0bfefdfed3dbcbe62d40c7abc982402fca60ff4bec12dda25077f584,2021-06,Lancashire Constabulary,Lancashire Constabulary,,,No Location,,,Other theft,Unable to prosecute suspect,
9ddb6ce7835db838a2c975486dfdfd63b66adc5974c11376eae94bcf0279f039,2021-06,Lancashire Constabulary,Lancashire Constabulary,,,No Location,,,Other theft,Unable to prosecute suspect,
9994824b6a20edc37dd22279f4a94011807eba7e8f97ca54e843bd824d5eeedb,2021-06,Lancashire Constabulary,Lancashire Constabulary,,,No Location,,,Other theft,Investigation complete; no suspect identified,
263c767c5057c9e4df996daa23bfc53d596bf95f35897560c8e81d4368f4edef,2021-06,Lancashire Constabulary,Lancashire Constabulary,,,No Location,,,Other theft,Investigation complete; no suspect identified,
1572434c1e74b4dde309e3e31cdaa5ad704110c294548db79f1a4e63a2d5b8d5,2021-06,Lancashire Constabulary,Lancashire Constabulary,,,No Location,,,Other theft,Investigation complete; no suspect identified,
8fbca975c45aa91e77faf130e57db735b38147ffc72b64c0f1365a2154077f41,2021-06,Lancashire Constabulary,Lancashire Constabulary,,,No Location,,,Other theft,Status update unavailable,
76dfe9c812dd9604a134844785fa2630635683a848ec90cff4613d9022752450,2021-06,Lancashire Constabulary,Lancashire Constabulary,,,No Location,,,Other theft,Unable to prosecute suspect,
4021b461d69eda35a9ee6ffd80c121800c1a0e12c567da722543ce2f9fc66d6a,2021-06,Lancashire Constabulary,Lancashire Constabulary,,,No Location,,,Other theft,Status update unavailable,
d37b01c66e86064e00cfa07513d20ca87ee1b768ae2439066003829edf9980af,2021-06,Lancashire Constabulary,Lancashire Constabulary,,,No Location,,,Other theft,Unable to prosecute suspect,
cb0880d84fb89e87a66a4c8bcad4eb5333d26f5e9c1e2055b9853acbcdddf01f,2021-06,Lancashire Constabulary,Lancashire Constabulary,,,No Location,,,Other theft,Investigation complete; no suspect identified,
0e8454d9e1f907601af40ea8c4a433526c0ff93aee76cb534f58c14d2c65f2d4,2021-06,Lancashire Constabulary,Lancashire Constabulary,,,No Location,,,Other theft,Unable to prosecute suspect,
79a6b9bebaab0267581381f997b98e6d7dae63f25cea0eafd1e8ea84c33841c6,2021-06,Lancashire Constabulary,Lancashire Constabulary,,,No Location,,,Other theft,Investigation complete; no suspect identified,
70b69e2fc06218cdfdc918f50459a5ed1e3efd62015120f2f8ba745b86683a0c,2021-06,Lancashire Constabulary,Lancashire Constabulary,,,No Location,,,Other theft,Investigation complete; no suspect identified,
0bb33d3190338bf81dbe741a9777d2a2017d3af599cb03e6373761d94053ae4e,2021-06,Lancashire Constabulary,Lancashire Constabulary,,,No Location,,,Other theft,Status update unavailable,
1e28a2eb9f2aacf4f03b9027b0a57e2b3d94d9f5d1a557c3ea011063683cc6e6,2021-06,Lancashire Constabulary,Lancashire Constabulary,,,No Location,,,Other theft,Status update unavailable,
7aaec04346e2b82604138d07d9764073e3f89c4dab6a8aedd39db07a8921b942,2021-06,Lancashire Constabulary,Lancashire Constabulary,,,No Location,,,Other theft,Local resolution,
4351c83c6988233321febee3ea80915c2b2b636e37b3c86b106b6d348fa4503d,2021-06,Lancashire Constabulary,Lancashire Constabulary,,,No Location,,,Other theft,Investigation complete; no suspect identified,
a164b42a0605b2a578cf782cfdfbf81b2ab9dda808447c5d8849928c738475d5,2021-06,Lancashire Constabulary,Lancashire Constabulary,,,No Location,,,Other theft,Status update unavailable,
9d02d7fea88694098183a30d619ce96dc1f336d5d5f08fd372e37b6ce93080ed,2021-06,Lancashire Constabulary,Lancashire Constabulary,,,No Location,,,Other theft,Investigation complete; no suspect identified,
8ed69c0a6f2c71f170c564cb75395d1e9afcbff7b1f91ac166ed7458a8a3b1e2,2021-06,Lancashire Constabulary,Lancashire Constabulary,,,No Location,,,Other theft,Investigation complete; no suspect identified,
019f6a2294ba078505c9e3c87ba233fe901403681b0a5d50fcbfc380525ea5c3,2021-06,Lancashire Constabulary,Lancashire Constabulary,,,No Location,,,Other theft,Unable to prosecute suspect,
286fc667bae400563d8832bd643cb7ff432cd1672b200510f1b05b3cb91735ca,2021-06,Lancashire Constabulary,Lancashire Constabulary,,,No Location,,,Other theft,Unable to prosecute suspect,
3874d39e77d942593fb4b4261be43f67628c61231826d3d3abcdb31433355de5,2021-06,Lancashire Constabulary,Lancashire Constabulary,,,No Location,,,Other theft,Status update unavailable,
35306527ce73d2a436df94fe256ec26f040553b53f1f35f00a6c1dbcd24dac61,2021-06,Lancashire Constabulary,Lancashire Constabulary,,,No Location,,,Other theft,Status update unavailable,
6838fe92450828442ef610305479384d892823c08580ee72ffec2111036618ac,2021-06,Lancashire Constabulary,Lancashire Constabulary,,,No Location,,,Other theft,Status update unavailable,
4779e904b143310b9496e1aac8672d7ede6f33b5d78966481e73d150fafe981f,2021-06,Lancashire Constabulary,Lancashire Constabulary,,,No Location,,,Other theft,Court result unavailable,
353e1d0e524bf998d2ac9beb722cc45f80d84b25bc066720a6b76bbb47e8c1af,2021-06,Lancashire Constabulary,Lancashire Constabulary,,,No Location,,,Other theft,Unable to prosecute suspect,
6048dfb10cbf5d5ae47d54550fe301a419ab3caa252f6fdde02281abee0f86a6,2021-06,Lancashire Constabulary,Lancashire Constabulary,,,No Location,,,Other theft,Unable to prosecute suspect,
1b20362589d8b597cb1cdf96fcfd30c9c2c2f128bdc62e812474a210cef05722,2021-06,Lancashire Constabulary,Lancashire Constabulary,,,No Location,,,Other theft,Investigation complete; no suspect identified,
442cd9dab25bf2f63a1116b3c1aad882b6940e910bbf613fb45f056a730254ed,2021-06,Lancashire Constabulary,Lancashire Constabulary,,,No Location,,,Other theft,Unable to prosecute suspect,
204adfbcc05f47db1cd3f462eaa5a68a2f59c96ad19a2485e9f052d77b8f4978,2021-06,Lancashire Constabulary,Lancashire Constabulary,,,No Location,,,Other theft,Investigation complete; no suspect identified,
69f815e26b98a6340bb7a930a651ea10dabe3537207bc2799457425a4bd22b19,2021-06,Lancashire Constabulary,Lancashire Constabulary,,,No Location,,,Other theft,Investigation complete; no suspect identified,
428d541686cb951b74aee97a2b5b96be2171df8c4c2c45ebaeb569e1206697a7,2021-06,Lancashire Constabulary,Lancashire Constabulary,,,No Location,,,Other theft,Investigation complete; no suspect identified,
885468ee0f1b5a189dd97419db5b021b397df2e16cd410bea5ae2c9af7b57219,2021-06,Lancashire Constabulary,Lancashire Constabulary,,,No Location,,,Other theft,Unable to prosecute suspect,
8e81aee488b942e25fa20be90c0dac056ad1d58121d49384ca08e54e8f719827,2021-06,Lancashire Constabulary,Lancashire Constabulary,,,No Location,,,Other theft,Investigation complete; no suspect identified,
6f5f03019912898e92833e48b031b6f151873551d1e1065a96f7b15dcdedc4ef,2021-06,Lancashire Constabulary,Lancashire Constabulary,,,No Location,,,Other theft,Unable to prosecute suspect,
c92bb7c15dd5753a81d2c711c32531498d5798607cfe212d4967bdae5476c0a6,2021-06,Lancashire Constabulary,Lancashire Constabulary,,,No Location,,,Other theft,Status update unavailable,
f6f9608af07fbe6932a72b7869aad1b901d95303b7f2f7bf9b821b0848bc9c66,2021-06,Lancashire Constabulary,Lancashire Constabulary,,,No Location,,,Other theft,Unable to prosecute suspect,
0b3bf1013244ef993314895839e9a663a49afac96e4c335a009663459d3db125,2021-06,Lancashire Constabulary,Lancashire Constabulary,,,No Location,,,Other theft,Status update unavailable,
b46f0c0b7e2a90cd2fd1b456db75b3c908c23810a5fb688b7a926cc4ab75d868,2021-06,Lancashire Constabulary,Lancashire Constabulary,,,No Location,,,Other theft,Investigation complete; no suspect identified,
e0e41d34f9b3ab6fada95af50667e89cc933761979698072e2f78e3d2e3c5503,2021-06,Lancashire Constabulary,Lancashire Constabulary,,,No Location,,,Other theft,Status update unavailable,
e8829f7025f7aad696057c2621466e8175a59aa338ac1e2876e85985a7d07908,2021-06,Lancashire Constabulary,Lancashire Constabulary,,,No Location,,,Other theft,Status update unavailable,
5708024098de351f0c324f498c091ad00f22574ea4f6efd1b6cb6c6a3fed6b10,2021-06,Lancashire Constabulary,Lancashire Constabulary,,,No Location,,,Other theft,Status update unavailable,
330d4d6c2fca6dd9817bbf9ff9d1503740bc824c38f22a1fa77eca6bf2500ae4,2021-06,Lancashire Constabulary,Lancashire Constabulary,,,No Location,,,Other theft,Status update unavailable,
294737e3dd492c2c5d149fca7df1e80e4e2c55c9c22e001e940a847942285246,2021-06,Lancashire Constabulary,Lancashire Constabulary,,,No Location,,,Other theft,Unable to prosecute suspect,
4a4dd237d6f97f25089016d281ea828289125b7e039ad09d25915e00ca427a0d,2021-06,Lancashire Constabulary,Lancashire Constabulary,,,No Location,,,Other theft,Investigation complete; no suspect identified,
99a78913b331673bd491eeed6b533e3fbe606da7a7974a87755d1e67288ee3ac,2021-06,Lancashire Constabulary,Lancashire Constabulary,,,No Location,,,Other theft,Unable to prosecute suspect,
379af107e76391d93ce4290a965df75e819e16a1ce3fc555b55f20453a418610,2021-06,Lancashire Constabulary,Lancashire Constabulary,,,No Location,,,Other theft,Investigation complete; no suspect identified,
a0f2cf3afd51443059700e6d524b24d7cc821b66f6b4e115abf61aa5e024578a,2021-06,Lancashire Constabulary,Lancashire Constabulary,,,No Location,,,Other theft,Investigation complete; no suspect identified,
1fbc79dd71ad90152ca2887c43df10a3bcf48bb7269215a544a7739a07b22ddd,2021-06,Lancashire Constabulary,Lancashire Constabulary,,,No Location,,,Other theft,Investigation complete; no suspect identified,
07f4d571f0dd5e507a1975614b066ffcfe1d7e4b9cd0c6a82f44cb857ac3667e,2021-06,Lancashire Constabulary,Lancashire Constabulary,,,No Location,,,Other theft,Status update unavailable,
f2fdbf42c73b71b3ddd57a4d9112c9495527485066a588eebb907b24f9762d5a,2021-06,Lancashire Constabulary,Lancashire Constabulary,,,No Location,,,Other theft,Investigation complete; no suspect identified,
01638b73ee6204ac0d5ce8dac5503111c4f61faf9131511fc0158810e71c825e,2021-06,Lancashire Constabulary,Lancashire Constabulary,,,No Location,,,Other theft,Status update unavailable,
2202a231540fb264d17b772d842246bfd7ab8232207c4c8f724d7f93db0fd7ba,2021-06,Lancashire Constabulary,Lancashire Constabulary,,,No Location,,,Other theft,Unable to prosecute suspect,
71f86e5dfd9a9e980929667bc2308796f47135f1e1620cbe37b3df14808602a2,2021-06,Lancashire Constabulary,Lancashire Constabulary,,,No Location,,,Other theft,Unable to prosecute suspect,
1eb4b29197989e6b6576533ad9b3cf5853aebe84c474d9a1a28afce8dd170479,2021-06,Lancashire Constabulary,Lancashire Constabulary,,,No Location,,,Other theft,Investigation complete; no suspect identified,
ba2c2302f48c8f1f8e147ffd7272d0313e93481c2547ba61dafc1126d7354c8a,2021-06,Lancashire Constabulary,Lancashire Constabulary,,,No Location,,,Other theft,Status update unavailable,
3a231c9ae7434b2394258c4901b066a72fcd250f3cd45860fce79e7e7b2667e9,2021-06,Lancashire Constabulary,Lancashire Constabulary,,,No Location,,,Other theft,Status update unavailable,
7b6754f8068049cf0a917f75bd23ce7dfe73b4a6805e49d3ccb36ce2fc736cb1,2021-06,Lancashire Constabulary,Lancashire Constabulary,,,No Location,,,Possession of weapons,Court result unavailable,
7ca607df083d7e30ed6edda14979e079ff62b8227d3fbb04cd99b29b8dddf370,2021-06,Lancashire Constabulary,Lancashire Constabulary,,,No Location,,,Possession of weapons,Investigation complete; no suspect identified,
8139e1ef46320dc74a5f5f1cb557244a74090f6bc3401648ed34496bed50b65d,2021-06,Lancashire Constabulary,Lancashire Constabulary,,,No Location,,,Possession of weapons,Investigation complete; no suspect identified,
1622e2efa626ce4e8e7e7e64d345548fce75b64a091de7b280fc564ab8f5eb33,2021-06,Lancashire Constabulary,Lancashire Constabulary,,,No Location,,,Possession of weapons,Unable to prosecute suspect,
fa200c4154d6668477f224f334e6523dbeba1470138adecea8f0d8a338717c01,2021-06,Lancashire Constabulary,Lancashire Constabulary,,,No Location,,,Possession of weapons,Unable to prosecute suspect,
65d49b6479241264bdc5acc0e1139421de68e19a6211697d72143e0a18c5a9f2,2021-06,Lancashire Constabulary,Lancashire Constabulary,,,No Location,,,Possession of weapons,Investigation complete; no suspect identified,
7579f02b85c2dc3f90194082a09887f5157b1bec82dbbd590cb63249b78fc173,2021-06,Lancashire Constabulary,Lancashire Constabulary,,,No Location,,,Possession of weapons,Court result unavailable,
0e0c1ed7df4f0526605844778c66a91c89cc36f2b3ac3737e92f55400c4bc2e2,2021-06,Lancashire Constabulary,Lancashire Constabulary,,,No Location,,,Possession of weapons,Court result unavailable,
353a35be88cab4d7cb02c60566926f0747280cd4879721a633f5c5d1297aa766,2021-06,Lancashire Constabulary,Lancashire Constabulary,,,No Location,,,Possession of weapons,Unable to prosecute suspect,
8eca5d5350dc4dc19516f151a8e7257c38691dffabef0dfc3c8c657feec23f13,2021-06,Lancashire Constabulary,Lancashire Constabulary,,,No Location,,,Possession of weapons,Investigation complete; no suspect identified,
71a9f0e28ee828218de53d48fcb4bfa7b1aef99cdb154f2ec81730b5c76a9562,2021-06,Lancashire Constabulary,Lancashire Constabulary,,,No Location,,,Possession of weapons,Unable to prosecute suspect,
dfde0e52833a7d923c7c6752e026e38aa234c2c9559dd96acd3a3da9b095ad4e,2021-06,Lancashire Constabulary,Lancashire Constabulary,,,No Location,,,Possession of weapons,Local resolution,
485b451c99ecc3ba2f010d0dc6ddf931d62ea3cee45a17174281154ea95280b0,2021-06,Lancashire Constabulary,Lancashire Constabulary,,,No Location,,,Possession of weapons,Court result unavailable,
b4a527e78dd0d3f4073b02fd6a2bcb7f87f1686719033dea6423bee8e5249f3c,2021-06,Lancashire Constabulary,Lancashire Constabulary,,,No Location,,,Possession of weapons,Court result unavailable,
ecfe34b4da8d1de223c4d3085fe9d1108fd4a24086f04ebee4fc6cc4e2486b31,2021-06,Lancashire Constabulary,Lancashire Constabulary,,,No Location,,,Possession of weapons,Status update unavailable,
deeb5a4f7a8f68938a2b6c5a98a8fcd5558697ea810ba7a5a50a05311b905850,2021-06,Lancashire Constabulary,Lancashire Constabulary,,,No Location,,,Possession of weapons,Offender given a caution,
23b70c77d018f31cb64426613e89e6071457b1ef5b005cfdd7bc3fd2403a8631,2021-06,Lancashire Constabulary,Lancashire Constabulary,,,No Location,,,Public order,Unable to prosecute suspect,
23911aeebeb3c0bf9c4232cf3461891850f0b5212e60597aa640741e8d3cb065,2021-06,Lancashire Constabulary,Lancashire Constabulary,,,No Location,,,Public order,Status update unavailable,
7926ba03429edbb9ae3379600c7b2ddf465db5aace8181c54adaf34611e402ac,2021-06,Lancashire Constabulary,Lancashire Constabulary,,,No Location,,,Public order,Unable to prosecute suspect,
89ac4b0b0645a69cd85b316ddd24d0dc59e9472a6c2a8f71eecc13b40e2635c6,2021-06,Lancashire Constabulary,Lancashire Constabulary,,,No Location,,,Public order,Unable to prosecute suspect,
00edd030ef51c19fcdc7d5730c7586d5458566ada85b39e0e42dab1671c119ec,2021-06,Lancashire Constabulary,Lancashire Constabulary,,,No Location,,,Public order,Unable to prosecute suspect,
2a4460bf94ffcee7458dcab061a8665fbc9169ce8ba8393454a0acb756580fe4,2021-06,Lancashire Constabulary,Lancashire Constabulary,,,No Location,,,Public order,Investigation complete; no suspect identified,
c87807a05185762eb0a89228c0b6c9bf43f3f916068eb47a98697d885c5aa2c4,2021-06,Lancashire Constabulary,Lancashire Constabulary,,,No Location,,,Public order,Unable to prosecute suspect,
a5d210d7e4c8872dd221cb218624ca7e7289f451b6774390ee4e38f0e670d277,2021-06,Lancashire Constabulary,Lancashire Constabulary,,,No Location,,,Public order,Unable to prosecute suspect,
98cf25e415b16d10a02d1f29d759de9c697c61b16e353d796627334bc3bff32f,2021-06,Lancashire Constabulary,Lancashire Constabulary,,,No Location,,,Public order,Investigation complete; no suspect identified,
475747ad1eb4b85b1070c9482555140c9f0fc0ac0b6c174e947b77a19a481e45,2021-06,Lancashire Constabulary,Lancashire Constabulary,,,No Location,,,Public order,Status update unavailable,
86c15881a875196ea0988dd168e3798f25aacbddd8ba80effcfd86b1131db491,2021-06,Lancashire Constabulary,Lancashire Constabulary,,,No Location,,,Public order,Investigation complete; no suspect identified,
ab92e0b6248e5ed2dcc28ed698843567fbee9cc2f76daeed85c38ed3ec4ddb64,2021-06,Lancashire Constabulary,Lancashire Constabulary,,,No Location,,,Public order,Status update unavailable,
2438f05bc1d10e2c286c6cca502ba3fa23f168901655c137a946ccfabaa15da0,2021-06,Lancashire Constabulary,Lancashire Constabulary,,,No Location,,,Public order,Unable to prosecute suspect,
838529e28129107eb1c55e5824a880c270203fb011b035e4d13894dbb9e521d5,2021-06,Lancashire Constabulary,Lancashire Constabulary,,,No Location,,,Public order,Unable to prosecute suspect,
e3692979e43b2051b97e57e4052e7509831c06ba827efdd807b51995e58612bf,2021-06,Lancashire Constabulary,Lancashire Constabulary,,,No Location,,,Public order,Investigation complete; no suspect identified,
99c4bf091e2d4bad126f9f2de7ae26308b82f2fd566eb9d30ac3d87180302f61,2021-06,Lancashire Constabulary,Lancashire Constabulary,,,No Location,,,Public order,Further investigation is not in the public interest,
0ef8900b7517d7d752bd1f0f8fedc7cc7f3e8773401658ef07036c2cc3bdb0b1,2021-06,Lancashire Constabulary,Lancashire Constabulary,,,No Location,,,Public order,Unable to prosecute suspect,
9c6006f453fd099f186191531d4fd36a4a7261b49e6635242c3b7e4edef2bc42,2021-06,Lancashire Constabulary,Lancashire Constabulary,,,No Location,,,Public order,Offender given a caution,
a707b733ea2c5091997ab6c53106660bd48e33c0f8252e5979c4150e3f8c4954,2021-06,Lancashire Constabulary,Lancashire Constabulary,,,No Location,,,Public order,Investigation complete; no suspect identified,
c573d5c2674d040bb153e9c8ccbf3a06e1602be76506e96f2c20d13f0f1a880f,2021-06,Lancashire Constabulary,Lancashire Constabulary,,,No Location,,,Public order,Investigation complete; no suspect identified,
4db9ef73a1d545669a6bc6bfb0a90a28bc0ea38a9c21578f9b7a8e7f3fcf7b24,2021-06,Lancashire Constabulary,Lancashire Constabulary,,,No Location,,,Public order,Unable to prosecute suspect,
d74bea62a4f04bb71a8014294c7d2028191612bd151df16dbd4db9e194dfee37,2021-06,Lancashire Constabulary,Lancashire Constabulary,,,No Location,,,Public order,Unable to prosecute suspect,
1e83a63e283c53d9964e6fb272e209661b069fb330c43004075f82737bbe1900,2021-06,Lancashire Constabulary,Lancashire Constabulary,,,No Location,,,Public order,Unable to prosecute suspect,
4210efb19558262f1bf2943d06c5f842d866c398f2b6486358ab59ca99b66101,2021-06,Lancashire Constabulary,Lancashire Constabulary,,,No Location,,,Public order,Unable to prosecute suspect,
a1f2b861eab9d77ea6f0bae885bc781b3b4bdcb3beb0b10bce76982a4729015b,2021-06,Lancashire Constabulary,Lancashire Constabulary,,,No Location,,,Public order,Further investigation is not in the public interest,
4880054b61ff2591616742af34b96fede5a7e1ab58280b520b7debd0ea4e3562,2021-06,Lancashire Constabulary,Lancashire Constabulary,,,No Location,,,Public order,Unable to prosecute suspect,
9d75f59cd44c6c77f1dd3b1ea333db236708dab242ccb87a6ddd75aca720411b,2021-06,Lancashire Constabulary,Lancashire Constabulary,,,No Location,,,Public order,Further investigation is not in the public interest,
789046246519d1781accd0456222afb4c1d9f0428b595058a93c9ea67373f0f9,2021-06,Lancashire Constabulary,Lancashire Constabulary,,,No Location,,,Public order,Status update unavailable,
f37704ba312037541a79b75864c092ec4697812f046128d9c5e6faa0fda07a16,2021-06,Lancashire Constabulary,Lancashire Constabulary,,,No Location,,,Public order,Investigation complete; no suspect identified,
72df45c039f3bc7c85acfc1fed97e07ada6ecd2035dbac63c0da0dfcb4aa3cc0,2021-06,Lancashire Constabulary,Lancashire Constabulary,,,No Location,,,Public order,Unable to prosecute suspect,
e9a476c6a4b313308ccb6e4c56b965e5024fe17306ba1d6126614458216153fa,2021-06,Lancashire Constabulary,Lancashire Constabulary,,,No Location,,,Public order,Unable to prosecute suspect,
65dba19a89a3edf760f60049fc790aaf5173e87f80267971610d694a30507707,2021-06,Lancashire Constabulary,Lancashire Constabulary,,,No Location,,,Public order,Status update unavailable,
9bf9148ed8e2d422a902ef93ec17302274e2e3077d42110d2b5608212512a674,2021-06,Lancashire Constabulary,Lancashire Constabulary,,,No Location,,,Public order,Unable to prosecute suspect,
a8ad268735a83d3cdf42708ffee27394803aa6b0577704e2fab1cff4abfb7000,2021-06,Lancashire Constabulary,Lancashire Constabulary,,,No Location,,,Public order,Unable to prosecute suspect,
88dbd5e615b5a0ba99c32c911d93a1163850fb19e42a45905627cfcee0d37fb4,2021-06,Lancashire Constabulary,Lancashire Constabulary,,,No Location,,,Public order,Status update unavailable,
a03e80581a4dea17d9a94a3842889063841faa8fbfdbe621b90cf37f71fb443a,2021-06,Lancashire Constabulary,Lancashire Constabulary,,,No Location,,,Public order,Investigation complete; no suspect identified,
09d973f4c2ce6d0c65a6d381817288f778d1ed0824e0b4a213d7e62181061466,2021-06,Lancashire Constabulary,Lancashire Constabulary,,,No Location,,,Public order,Investigation complete; no suspect identified,
6680cca16278be8d03178d38119fe3c7412afea87dd73eb0afee0994abc6842e,2021-06,Lancashire Constabulary,Lancashire Constabulary,,,No Location,,,Public order,Unable to prosecute suspect,
432813b1e4a2d42600bc5be3c98fad1c3762da4966bc007fee84e14a7ce27eaa,2021-06,Lancashire Constabulary,Lancashire Constabulary,,,No Location,,,Public order,Status update unavailable,
1ddba044e96fb082771abf360a717a89e8b2192b64d1995fc53443ad21e2e500,2021-06,Lancashire Constabulary,Lancashire Constabulary,,,No Location,,,Public order,Unable to prosecute suspect,
1ab2c2f1c80baccdc856fd62fcb4111a472c760b7f8a07575453d8296d5dbbf5,2021-06,Lancashire Constabulary,Lancashire Constabulary,,,No Location,,,Public order,Investigation complete; no suspect identified,
2bd9d3b6be489119dcba04f3c5b0870590031a875dcdeadcaa72f2cc402449f8,2021-06,Lancashire Constabulary,Lancashire Constabulary,,,No Location,,,Public order,Status update unavailable,
1c53a26acbc9716b9d3f59c7e7d7699d03b8d4c99790d0cb04f2c34f7c6e622a,2021-06,Lancashire Constabulary,Lancashire Constabulary,,,No Location,,,Public order,Further investigation is not in the public interest,
85dfad64f80eae4676a507ba0c97e3829997d7798be03d0d88b7f3f8e3a26308,2021-06,Lancashire Constabulary,Lancashire Constabulary,,,No Location,,,Public order,Investigation complete; no suspect identified,
fe5a856092c478d40376bdb9bb120bbd6ee550ce1543f987a08d3d03061bf8fc,2021-06,Lancashire Constabulary,Lancashire Constabulary,,,No Location,,,Public order,Further investigation is not in the public interest,
831e9f4afee1d44f4dbb294ba71a6bf28dce312ef31ca3a4fa06e99d4b68a7c2,2021-06,Lancashire Constabulary,Lancashire Constabulary,,,No Location,,,Public order,Unable to prosecute suspect,
905f42453a00d4dcae7e3fa5e07fa6b5ce873cdb2eff0292d6cd3171083f9dc9,2021-06,Lancashire Constabulary,Lancashire Constabulary,,,No Location,,,Public order,Unable to prosecute suspect,
91c18917775f113b8b28ed9c9d2dc2c23ab59fc47c789f34366e983e03c7f94e,2021-06,Lancashire Constabulary,Lancashire Constabulary,,,No Location,,,Public order,Unable to prosecute suspect,
831f5b7697aa48c28d8b37ad5cceff9ac38f56ff0d3e3fb958dfd73357a202ed,2021-06,Lancashire Constabulary,Lancashire Constabulary,,,No Location,,,Public order,Unable to prosecute suspect,
f48bf8fcf8858d597b875e72fad01449e475baf2d3bb2d7fd9fa2487ceff4b28,2021-06,Lancashire Constabulary,Lancashire Constabulary,,,No Location,,,Public order,Investigation complete; no suspect identified,
e3d0a42323fd1b553d803aa165859de5d5186eb07f398e70b3d86ad2f34dd749,2021-06,Lancashire Constabulary,Lancashire Constabulary,,,No Location,,,Public order,Investigation complete; no suspect identified,
4e1dce8088a69793f176fdd86454928151cb2cb0f6232abd20285708297d9595,2021-06,Lancashire Constabulary,Lancashire Constabulary,,,No Location,,,Public order,Status update unavailable,
804916c1919ca8c32dbea8535c79383077837ff9f8747e08676cee89d463cfa9,2021-06,Lancashire Constabulary,Lancashire Constabulary,,,No Location,,,Public order,Unable to prosecute suspect,
9cc48d573b8c2013d15930bd9034d91aa486f995d904897230c42134fbd04bb6,2021-06,Lancashire Constabulary,Lancashire Constabulary,,,No Location,,,Public order,Unable to prosecute suspect,
709848e16b6e71368645ba1f40a76234ae8f26674c5edc583f77dfe1b1c93b2a,2021-06,Lancashire Constabulary,Lancashire Constabulary,,,No Location,,,Public order,Investigation complete; no suspect identified,
9dde15fd69bee616a69081f5971dc754ba6dd46fe259f83a3a1fd38c19286883,2021-06,Lancashire Constabulary,Lancashire Constabulary,,,No Location,,,Public order,Unable to prosecute suspect,
ba293c4ab8615d37351cee86dc805c5a123ed60b013567d5acd207ef7f365bea,2021-06,Lancashire Constabulary,Lancashire Constabulary,,,No Location,,,Public order,Unable to prosecute suspect,
5626420cf4145d580930b7b5b63fdc0867128d67ca468eb167d4c23688cb4e6c,2021-06,Lancashire Constabulary,Lancashire Constabulary,,,No Location,,,Public order,Further investigation is not in the public interest,
ce16343484731cbe7d2f601912ce27b013832ec6a659c92199ae735ecee77542,2021-06,Lancashire Constabulary,Lancashire Constabulary,,,No Location,,,Public order,Investigation complete; no suspect identified,
8cb57447862172cdc903796ba63b68edcaa54513c20afe941b7ae68cc893e08c,2021-06,Lancashire Constabulary,Lancashire Constabulary,,,No Location,,,Public order,Unable to prosecute suspect,
86eae05575224f65884887127541221e57e5a3050e44c4e2fc255dc936f0b40c,2021-06,Lancashire Constabulary,Lancashire Constabulary,,,No Location,,,Public order,Further investigation is not in the public interest,
569b6159c9aa84219d6e0904bbb1b4d2e32e4b17a4e02c5e924a853b63700ec3,2021-06,Lancashire Constabulary,Lancashire Constabulary,,,No Location,,,Public order,Unable to prosecute suspect,
4a3927ba6a7cf773b393662cb9d2992b71a2b872238bb29926e2b744919cfe69,2021-06,Lancashire Constabulary,Lancashire Constabulary,,,No Location,,,Public order,Investigation complete; no suspect identified,
43a4befd74eec11b43cd5e0ff610af8da8f4c0c24cb6873f6cca46e978fdec5a,2021-06,Lancashire Constabulary,Lancashire Constabulary,,,No Location,,,Public order,Further investigation is not in the public interest,
e964dd67078cab6bd70ee9d806acab3b3b48912ca852cef8fd780b45c5dfe7f4,2021-06,Lancashire Constabulary,Lancashire Constabulary,,,No Location,,,Public order,Offender given penalty notice,
cc11f620113ea18d0d5e7232506c6147b2f5296359726b82fe3121bf2937c73c,2021-06,Lancashire Constabulary,Lancashire Constabulary,,,No Location,,,Public order,Unable to prosecute suspect,
45f43928ef820e0625607ba4a001b62a37d9832db97676c1ced7109111d7d5ce,2021-06,Lancashire Constabulary,Lancashire Constabulary,,,No Location,,,Public order,Unable to prosecute suspect,
cc8d3505a8d6983516e72c4ec90984d5836ec7f9f1d99888532e03b69ce54843,2021-06,Lancashire Constabulary,Lancashire Constabulary,,,No Location,,,Public order,Status update unavailable,
b6811fcddbc03c092b0da2914811ca0f587e75d15b3830cfde582388b1bf453d,2021-06,Lancashire Constabulary,Lancashire Constabulary,,,No Location,,,Public order,Unable to prosecute suspect,
040153651e3a94538d107b41184df20382e3775de76befbd6c6761638565f59b,2021-06,Lancashire Constabulary,Lancashire Constabulary,,,No Location,,,Public order,Unable to prosecute suspect,
eec8ac5bac409d108e586e15dc2e5c083abfdae07a43ec8c9934b0cb9511c58f,2021-06,Lancashire Constabulary,Lancashire Constabulary,,,No Location,,,Public order,Unable to prosecute suspect,
b6447dde1b99f5a10c507ace1002f5ed1246d992db519a1a4a56f635032c0fcd,2021-06,Lancashire Constabulary,Lancashire Constabulary,,,No Location,,,Public order,Investigation complete; no suspect identified,
5328fa3d165dc65921e45f617af15f0e8aad9d48dd20f1b1a28955866ca2c104,2021-06,Lancashire Constabulary,Lancashire Constabulary,,,No Location,,,Public order,Investigation complete; no suspect identified,
a39aaba3e5dfe2ad6a94369d5abf69801f913620eb66a45ec34fed688d2fe7ca,2021-06,Lancashire Constabulary,Lancashire Constabulary,,,No Location,,,Public order,Further investigation is not in the public interest,
e181ce27c76072395d0e6ce5aaba9c574a1143c24c7b4ae5adbfbd996aa8abb5,2021-06,Lancashire Constabulary,Lancashire Constabulary,,,No Location,,,Public order,Status update unavailable,
fedf960ba8ad5bd376c1179f6f8cd02751e6839bed87fd9ba2f82b2726af2ccd,2021-06,Lancashire Constabulary,Lancashire Constabulary,,,No Location,,,Public order,Status update unavailable,
64a6fea1746d1163f3c90eda64fe8ca81e8cc08076422de77eb9f27f6b161604,2021-06,Lancashire Constabulary,Lancashire Constabulary,,,No Location,,,Public order,Further investigation is not in the public interest,
84f9458576b3a6eeb18b95622008a1e280bbc455264ef66673b5e37e284e91fc,2021-06,Lancashire Constabulary,Lancashire Constabulary,,,No Location,,,Public order,Status update unavailable,
8d3eb979644853c88e64f5ec5760ff9dc6feff8324e8feefbe811a455926a41e,2021-06,Lancashire Constabulary,Lancashire Constabulary,,,No Location,,,Public order,Status update unavailable,
3b6a49dc36cd8f537eb2ed67421771dcfe5f6424196ef359f645ef6f7c8ad753,2021-06,Lancashire Constabulary,Lancashire Constabulary,,,No Location,,,Public order,Unable to prosecute suspect,
9eeb89a798b2eae684da00d0dfedc5fee0e364ff5081e160fa571713993f8851,2021-06,Lancashire Constabulary,Lancashire Constabulary,,,No Location,,,Public order,Unable to prosecute suspect,
206c0a3b4a7fe4d39fcfae9ef58568439381f4e8b6e43aaf74e8b7ea02083392,2021-06,Lancashire Constabulary,Lancashire Constabulary,,,No Location,,,Public order,Further investigation is not in the public interest,
9493b78d20b38d8e2ce87844c553e122475721f2d552cd6ce97a2b1a4d7bf8b6,2021-06,Lancashire Constabulary,Lancashire Constabulary,,,No Location,,,Public order,Further action is not in the public interest,
25cd0710b1f06956856b1634575dd0def34857643fbec9d1e492bbe97b9f3c3b,2021-06,Lancashire Constabulary,Lancashire Constabulary,,,No Location,,,Public order,Local resolution,
cd12271b1a5585bbe02606a33303b78d1028d099185111ca3a4f089de24e8522,2021-06,Lancashire Constabulary,Lancashire Constabulary,,,No Location,,,Public order,Status update unavailable,
c835caf0351cfbd4260202974dd6ecbd9581f5811d980233c5aab429b37dede3,2021-06,Lancashire Constabulary,Lancashire Constabulary,,,No Location,,,Public order,Unable to prosecute suspect,
0dc6097ed5b2bbaf83a838e7f719026f883f732738fde39a728dd8c6b86920b3,2021-06,Lancashire Constabulary,Lancashire Constabulary,,,No Location,,,Public order,Unable to prosecute suspect,
99dc74e81b358a67764bfb9377e1b03603c5f862ddd48adcc378efe5d74d9e49,2021-06,Lancashire Constabulary,Lancashire Constabulary,,,No Location,,,Public order,Investigation complete; no suspect identified,
1ed2de57b3dcba2282edd22fb69e124710edee40e27a4c71ace0fa389f7a4aea,2021-06,Lancashire Constabulary,Lancashire Constabulary,,,No Location,,,Public order,Further investigation is not in the public interest,
a00bb3457ed90145e954802d379068b4c030dc3b101f358929de8f00ca7735e8,2021-06,Lancashire Constabulary,Lancashire Constabulary,,,No Location,,,Public order,Unable to prosecute suspect,
a37304e585129dbc17f65136c19ef79426bfa6d5feeca36cc48a8101899b62cf,2021-06,Lancashire Constabulary,Lancashire Constabulary,,,No Location,,,Public order,Unable to prosecute suspect,
945f19dea2455206da435e27bdd11019e80d4b1847626057f69250b07a8fba53,2021-06,Lancashire Constabulary,Lancashire Constabulary,,,No Location,,,Public order,Unable to prosecute suspect,
7fc33dd4f56f05eb399c8457b9a115af540db37412b27f46bc24c31bf30fdad5,2021-06,Lancashire Constabulary,Lancashire Constabulary,,,No Location,,,Public order,Status update unavailable,
dfbb90ee90ec067f9dc8cb4b7b9403119ac346e6f2b9eed0782c954456ab4921,2021-06,Lancashire Constabulary,Lancashire Constabulary,,,No Location,,,Public order,Unable to prosecute suspect,
7a57f7b9fb2ae059a57a606007803a5649c2bb042004a45fa4d0f64ee884621f,2021-06,Lancashire Constabulary,Lancashire Constabulary,,,No Location,,,Public order,Further investigation is not in the public interest,
b4b28d5ee27690c8448e3173b39c04d254b72c144b31b1dd8a6765d67cc4e968,2021-06,Lancashire Constabulary,Lancashire Constabulary,,,No Location,,,Public order,Unable to prosecute suspect,
b07ef089e906c6c01d11357bd6dec76fd17f1681f985b68028cf924848d2cf63,2021-06,Lancashire Constabulary,Lancashire Constabulary,,,No Location,,,Public order,Unable to prosecute suspect,
e3ccded707b7959201393be8d8dd1de097f3fc309997afb59ba96f423b075aed,2021-06,Lancashire Constabulary,Lancashire Constabulary,,,No Location,,,Public order,Unable to prosecute suspect,
bf829f6c89bdaac10e5a9032316719053767e7df71e33fe4c9db7e56cbc098f2,2021-06,Lancashire Constabulary,Lancashire Constabulary,,,No Location,,,Public order,Unable to prosecute suspect,
9a8a10f3afd3da08d95c38d5d2b20c98b799a9a10f8554fba0753bd66791fde4,2021-06,Lancashire Constabulary,Lancashire Constabulary,,,No Location,,,Public order,Court result unavailable,
62fc18e3bd9b650bc16bf919f9c82a8ba2a73ed8c41bd646aa920d8e068d885f,2021-06,Lancashire Constabulary,Lancashire Constabulary,,,No Location,,,Public order,Unable to prosecute suspect,
81f8e14a0e7c3670d85a6b91eaaa7f2309ef1e64c3a4fced293efa032fc14dc1,2021-06,Lancashire Constabulary,Lancashire Constabulary,,,No Location,,,Public order,Status update unavailable,
4c1e9af07036fc56dbe52ca68afa7996d2a2c71b71280125abeeca19a3ae2261,2021-06,Lancashire Constabulary,Lancashire Constabulary,,,No Location,,,Public order,Unable to prosecute suspect,
296036ae0b197078bd08b7ea8736352b72a92a699ab5c40802845f73edbe95a1,2021-06,Lancashire Constabulary,Lancashire Constabulary,,,No Location,,,Public order,Investigation complete; no suspect identified,
388c6dcff55d0c171df0a893017c1ad550ecd57738d58038a1777cddc6562ff2,2021-06,Lancashire Constabulary,Lancashire Constabulary,,,No Location,,,Public order,Unable to prosecute suspect,
c49ec16415c662c38025f3f981d7e55c1db1d39893ecdb8cafd91e98bf79f30d,2021-06,Lancashire Constabulary,Lancashire Constabulary,,,No Location,,,Public order,Court result unavailable,
aceae323780e35f3a1f7fc84b010d6c09bf58c6f089945553b91aeab02fa6538,2021-06,Lancashire Constabulary,Lancashire Constabulary,,,No Location,,,Public order,Investigation complete; no suspect identified,
773f76824fb1deb69e4cfc7a01761de58b26871d27a4bd9f6c4d9533859a2cd2,2021-06,Lancashire Constabulary,Lancashire Constabulary,,,No Location,,,Public order,Unable to prosecute suspect,
6cddb0487fe787f116cacb4a502d3ac50bee710c78a205810b89dec3f0a12e33,2021-06,Lancashire Constabulary,Lancashire Constabulary,,,No Location,,,Public order,Investigation complete; no suspect identified,
ca1564b9d918d7a8f36ecf65501817e6c22b5b466e423e18e6f5518e2705dde3,2021-06,Lancashire Constabulary,Lancashire Constabulary,,,No Location,,,Public order,Further investigation is not in the public interest,
db10d6f72bcf5e10bcef6ba8c3fdd23bc83e11b440739136d65ad3d852846fd8,2021-06,Lancashire Constabulary,Lancashire Constabulary,,,No Location,,,Public order,Investigation complete; no suspect identified,
a6c698fa821905fcb2814023b954bcbc65d5981c37b65d29ee1004d7d15ac7a0,2021-06,Lancashire Constabulary,Lancashire Constabulary,,,No Location,,,Public order,Further investigation is not in the public interest,
0d6373dc8f1dce9dec80e9a9d666adef3f746fe25bfed19d017786b0ac76c7bf,2021-06,Lancashire Constabulary,Lancashire Constabulary,,,No Location,,,Public order,Unable to prosecute suspect,
eb2ed5481a96369c532bbea723117f1d3c80193134d3ee170639ebb976e70576,2021-06,Lancashire Constabulary,Lancashire Constabulary,,,No Location,,,Public order,Unable to prosecute suspect,
4cb4742a698324425ac29be4c1b8665560b5459ae07381e78dcc12dbd0f39ee4,2021-06,Lancashire Constabulary,Lancashire Constabulary,,,No Location,,,Public order,Unable to prosecute suspect,
1fb4e467cd080e28a7d706c02f7e8fc6ec92608e79784c2d1efe4e0f595edfb2,2021-06,Lancashire Constabulary,Lancashire Constabulary,,,No Location,,,Public order,Unable to prosecute suspect,
49097fcd5ed1cf1061857f0b94eed54df69e969f588cf399b9f1233d39695770,2021-06,Lancashire Constabulary,Lancashire Constabulary,,,No Location,,,Public order,Investigation complete; no suspect identified,
3ca4e52c301f08b7796c2933d15e6c40b5eb0fb5ebe1dcb530f114eaf45548dd,2021-06,Lancashire Constabulary,Lancashire Constabulary,,,No Location,,,Public order,Unable to prosecute suspect,
2bc7b776b6f48e470680d6170b756ba62ca8a05b46db026cda35ee05932f1dbf,2021-06,Lancashire Constabulary,Lancashire Constabulary,,,No Location,,,Public order,Unable to prosecute suspect,
964aabe951ecb365b35f247a27f730c1fd0e41ef9121f3f74cea3c0df9dce245,2021-06,Lancashire Constabulary,Lancashire Constabulary,,,No Location,,,Public order,Investigation complete; no suspect identified,
886c11a433ebb4bb1d1e236f4108ca6ad8f2484b31d2c24ee1e20fbc54140721,2021-06,Lancashire Constabulary,Lancashire Constabulary,,,No Location,,,Public order,Further investigation is not in the public interest,
abaf84ed2e0e2f7054803005d16e350736da0df0b42a1446ad5599151ae124b3,2021-06,Lancashire Constabulary,Lancashire Constabulary,,,No Location,,,Public order,Unable to prosecute suspect,
9574228b8a7d098bc8c62bc4d1828a6c440730a8d3aa5db8e2773f720fbf20c5,2021-06,Lancashire Constabulary,Lancashire Constabulary,,,No Location,,,Public order,Unable to prosecute suspect,
3c1b8386b308229d965d6d4e9df879c6c1acfb933f17b1b7ead1110dfeca2663,2021-06,Lancashire Constabulary,Lancashire Constabulary,,,No Location,,,Public order,Unable to prosecute suspect,
8c3f3a321ac80b84ef4982f1e7928744a9a55a18aa6b02b21444909ed57c84dd,2021-06,Lancashire Constabulary,Lancashire Constabulary,,,No Location,,,Public order,Unable to prosecute suspect,
ea51c45ad630db46c8f102248fc709000eb775f8bc6232919f321176141d2077,2021-06,Lancashire Constabulary,Lancashire Constabulary,,,No Location,,,Public order,Investigation complete; no suspect identified,
cc6b2bbc26aafe469b3d76ecf83f38f8d192186d1cd4eeb7d1ad51fa387cc742,2021-06,Lancashire Constabulary,Lancashire Constabulary,,,No Location,,,Public order,Unable to prosecute suspect,
67fdb0b2950f34bcf03adc064b45c5aff07939b96b3f1b6bf6933adb3f324180,2021-06,Lancashire Constabulary,Lancashire Constabulary,,,No Location,,,Public order,Unable to prosecute suspect,
5f7ecaea53439ad85ef19ab866ab1a64330cb8c80d9e97d3b483eee3dd1f704d,2021-06,Lancashire Constabulary,Lancashire Constabulary,,,No Location,,,Public order,Local resolution,
297d31220afc34291a3b749a4dcd1683fdbbf4df0d9afe79dd856d432267330a,2021-06,Lancashire Constabulary,Lancashire Constabulary,,,No Location,,,Public order,Unable to prosecute suspect,
eedc7b6eb788f643085ce8cbfbf61d09fc1ca81e74d0681851ef85ccfb45f4df,2021-06,Lancashire Constabulary,Lancashire Constabulary,,,No Location,,,Public order,Unable to prosecute suspect,
c713e55e3f58c385e80a08edc0df7d03a0bbad8a1960fe80999c2c1c4d900654,2021-06,Lancashire Constabulary,Lancashire Constabulary,,,No Location,,,Public order,Status update unavailable,
57cbb88699dd326acd5e12b2697dd0a20e66d5e020656fac79c32a5f98294b33,2021-06,Lancashire Constabulary,Lancashire Constabulary,,,No Location,,,Public order,Further investigation is not in the public interest,
1a37d041dd6dc188c3be0abf15a0651950d9cb138fbfcf9e69ee20e2491a5c1c,2021-06,Lancashire Constabulary,Lancashire Constabulary,,,No Location,,,Public order,Unable to prosecute suspect,
2e2038e0b89308a71c77da1cfba0b98a298e23e52cc9de7b79d74e54bbf1fbda,2021-06,Lancashire Constabulary,Lancashire Constabulary,,,No Location,,,Public order,Court result unavailable,
e3ed7899bf8bee3cb49764b6ba4a782e6c160ca9a3024a59cc7ea43edf9cdaa9,2021-06,Lancashire Constabulary,Lancashire Constabulary,,,No Location,,,Public order,Investigation complete; no suspect identified,
d6a27f58ea2570812dcbb861e04ca2949c77eae2476112c754cbb92b43ca94a2,2021-06,Lancashire Constabulary,Lancashire Constabulary,,,No Location,,,Public order,Unable to prosecute suspect,
c45ea2922b60881908af636388fabdb5d6502ba21109f00d58f9821ef8c1747e,2021-06,Lancashire Constabulary,Lancashire Constabulary,,,No Location,,,Public order,Court result unavailable,
7d8af641aac33f9dfe35422626122f9562a07bf50f593334d5b30011c85cb2b1,2021-06,Lancashire Constabulary,Lancashire Constabulary,,,No Location,,,Public order,Unable to prosecute suspect,
661d8de229095311f70bdf23e50a5a9253a54402139fc4a681aa3a69a56b4514,2021-06,Lancashire Constabulary,Lancashire Constabulary,,,No Location,,,Public order,Status update unavailable,
7b73202ec93a09da516fbc49e82990c52e19d99d3abaf3a175ae57a936a1c804,2021-06,Lancashire Constabulary,Lancashire Constabulary,,,No Location,,,Public order,Unable to prosecute suspect,
f15899eaabf0cc023c3c358c6124331e543449b874f0141f23d4c6e84c899042,2021-06,Lancashire Constabulary,Lancashire Constabulary,,,No Location,,,Public order,Further investigation is not in the public interest,
67f52dfb2140b672b0eb5d5cc3254cce3370929b637d3ec00a570b0d828c3f38,2021-06,Lancashire Constabulary,Lancashire Constabulary,,,No Location,,,Public order,Unable to prosecute suspect,
6d2df6defa1c79102b253f3b204fa503aa490494e437c39d0316c2c85ed5b78f,2021-06,Lancashire Constabulary,Lancashire Constabulary,,,No Location,,,Public order,Investigation complete; no suspect identified,
645ebfc819d6f49503e50a002b1033b5989107ebde070539a7ec912fd9012475,2021-06,Lancashire Constabulary,Lancashire Constabulary,,,No Location,,,Public order,Status update unavailable,
493f483c0de2aa25651fdbe7e46af6380cab4e81443023d280265aca78b1efa4,2021-06,Lancashire Constabulary,Lancashire Constabulary,,,No Location,,,Public order,Unable to prosecute suspect,
251cf7eeab87b1ac8ecbb97376f7f1447d5cc510b7e1464bdd3f23b88e74bc7a,2021-06,Lancashire Constabulary,Lancashire Constabulary,,,No Location,,,Public order,Investigation complete; no suspect identified,
0a7b8e97f3fb2fd261e36c3339dc21ff1279793a6a4147437ce45a9d3c84a290,2021-06,Lancashire Constabulary,Lancashire Constabulary,,,No Location,,,Public order,Unable to prosecute suspect,
d96ee461d6ae10865c66efa42f519790711c8acb53d7585d9dcd5e8f98860c72,2021-06,Lancashire Constabulary,Lancashire Constabulary,,,No Location,,,Public order,Further investigation is not in the public interest,
2f13e1e36c56524559dda48a97ddf194e6e8c6ac5f3c342758698c33f2d4708d,2021-06,Lancashire Constabulary,Lancashire Constabulary,,,No Location,,,Public order,Status update unavailable,
1d8c382552653dc93f84c3bfc7cf5a808ddaa5faa73c828a3b13613a438a0fbf,2021-06,Lancashire Constabulary,Lancashire Constabulary,,,No Location,,,Public order,Unable to prosecute suspect,
e274c75ea2bee9d0619b51031d2a8fd636ba5bb62e82eee8df611583854472ac,2021-06,Lancashire Constabulary,Lancashire Constabulary,,,No Location,,,Public order,Unable to prosecute suspect,
429e255162d5bad9050071284103b1b8f5ca9c990e5c22cd798e059cc5f6de65,2021-06,Lancashire Constabulary,Lancashire Constabulary,,,No Location,,,Public order,Unable to prosecute suspect,
71d651dae7fcae0fbe6aa1a3da902261ae27051b71c7c09703b1f84550563f18,2021-06,Lancashire Constabulary,Lancashire Constabulary,,,No Location,,,Public order,Status update unavailable,
9bca19bd1fccfd3b9b82d5483809c5a991f56be51c805786a68df2f70c0c5a2d,2021-06,Lancashire Constabulary,Lancashire Constabulary,,,No Location,,,Public order,Unable to prosecute suspect,
3fe7c84654e21d78e352e3c7c4f5953e40e4fb51e868fdbf094a47050f3f0348,2021-06,Lancashire Constabulary,Lancashire Constabulary,,,No Location,,,Public order,Unable to prosecute suspect,
ccb8a49ccc4a4a6fc8b118bb0a468c864c55420b4a388994fbb2216dd5f803a1,2021-06,Lancashire Constabulary,Lancashire Constabulary,,,No Location,,,Public order,Unable to prosecute suspect,
5b7393806d615e723ed7f8a630a247fd3e1781d82e3e6fedb465064534f9b44b,2021-06,Lancashire Constabulary,Lancashire Constabulary,,,No Location,,,Public order,Unable to prosecute suspect,
f292e3a7855f87cf1e3fcc752a7f514bab652dbffe64251152edbba0e369d013,2021-06,Lancashire Constabulary,Lancashire Constabulary,,,No Location,,,Public order,Unable to prosecute suspect,
53d519b58ede4b12b12fd8e0462d092ddd594f8c8f4277e7562d4078b48161fa,2021-06,Lancashire Constabulary,Lancashire Constabulary,,,No Location,,,Public order,Unable to prosecute suspect,
70b0a07cf8909c1e4ec9319c7f5d5551a2e2f8dca045dd91880347568576cbe8,2021-06,Lancashire Constabulary,Lancashire Constabulary,,,No Location,,,Public order,Status update unavailable,
db4eaf32c4bee4d61c8e7ce53f50487d826efa252c05d40554ada2d5d5284f58,2021-06,Lancashire Constabulary,Lancashire Constabulary,,,No Location,,,Public order,Unable to prosecute suspect,
7c42275f0f143189cbd3e5b0d34437217213d9f519220ea8aa04ca0636f2a464,2021-06,Lancashire Constabulary,Lancashire Constabulary,,,No Location,,,Public order,Unable to prosecute suspect,
db8df96e36747ada85ae3870e72ae80262c465e580ab98ecf19dba6ff6bec27d,2021-06,Lancashire Constabulary,Lancashire Constabulary,,,No Location,,,Public order,Investigation complete; no suspect identified,
b673f785bb0601f0b87c663a52dcb096d738a9948f1e19dce935550aaa88b60c,2021-06,Lancashire Constabulary,Lancashire Constabulary,,,No Location,,,Public order,Further investigation is not in the public interest,
9ee9450fa2ffb39c1035284deb68cf930f06940e35c49e6f972be61af8a5f6e9,2021-06,Lancashire Constabulary,Lancashire Constabulary,,,No Location,,,Public order,Unable to prosecute suspect,
84139e9512cb41a800fb1ce0681ea6e7e85755199709d87572615b94fd7adcad,2021-06,Lancashire Constabulary,Lancashire Constabulary,,,No Location,,,Public order,Local resolution,
e1d69065b57e0d68f0055ef693a4fa514911949902496b61c7e9a898890894e9,2021-06,Lancashire Constabulary,Lancashire Constabulary,,,No Location,,,Public order,Unable to prosecute suspect,
36d6bad2071dae41dce8302e1dc2921f5dbedbe77283a46692483b48e634ff2e,2021-06,Lancashire Constabulary,Lancashire Constabulary,,,No Location,,,Public order,Investigation complete; no suspect identified,
1556e49b7de7d3dd6dea9ac2eba70fb01f431a450e1b2958694eb8e002398849,2021-06,Lancashire Constabulary,Lancashire Constabulary,,,No Location,,,Public order,Investigation complete; no suspect identified,
97390722508d4cd7ac05d68396838c2f3f93e8366402d165ad821129526a8244,2021-06,Lancashire Constabulary,Lancashire Constabulary,,,No Location,,,Public order,Further investigation is not in the public interest,
337b68444bca14be5782a5209ebd84014ccfb630da4adffab1361f5c262c6bfe,2021-06,Lancashire Constabulary,Lancashire Constabulary,,,No Location,,,Public order,Offender given a caution,
4dc3c1bebecccf8c7ca0cff06fa60cb852733bb8a50086f7982501ff8ccc93e4,2021-06,Lancashire Constabulary,Lancashire Constabulary,,,No Location,,,Public order,Status update unavailable,
d1d5a56954e7bf3ca60c2a51b9a8847f2e1dce3404d7bf491ec6db621de8c0ab,2021-06,Lancashire Constabulary,Lancashire Constabulary,,,No Location,,,Public order,Investigation complete; no suspect identified,
5ce5c9a06bbe0d0b4b197b4dad89b5e72a79e99708357ce9bcebc5278f54f0c2,2021-06,Lancashire Constabulary,Lancashire Constabulary,,,No Location,,,Public order,Investigation complete; no suspect identified,
48a6a0dde3cff7a7437b5fe5bb472c857c0268a18e2d0a04957fa0a3a7eafa66,2021-06,Lancashire Constabulary,Lancashire Constabulary,,,No Location,,,Public order,Investigation complete; no suspect identified,
a0e5b72e01d5f1078b2c14c83b9967f35ab7684b676fdec90b0aa5a0e14fa811,2021-06,Lancashire Constabulary,Lancashire Constabulary,,,No Location,,,Public order,Investigation complete; no suspect identified,
af6ce5dacc6e83c7f8a7700cfe2f8049a762b8366c4b88dbcae630100a4052ba,2021-06,Lancashire Constabulary,Lancashire Constabulary,,,No Location,,,Public order,Investigation complete; no suspect identified,
a1202fde19eca779c4b3de966322ceb03f7d6b5b5150f14ea6894645986e0ea3,2021-06,Lancashire Constabulary,Lancashire Constabulary,,,No Location,,,Public order,Unable to prosecute suspect,
b5cdda8f8bacabd63d7286b53f0604f4493b588690748166f0369c69e522c10a,2021-06,Lancashire Constabulary,Lancashire Constabulary,,,No Location,,,Public order,Status update unavailable,
fb2193e32a58c253ad17ee3fa7ec3316a40c5fa6e33bea4014a3d023a9cfa4b7,2021-06,Lancashire Constabulary,Lancashire Constabulary,,,No Location,,,Public order,Unable to prosecute suspect,
1cb5c61142c4afd5d34a75c9cd2d82f915eea7ce2b6e0e2682fa3605d667b99f,2021-06,Lancashire Constabulary,Lancashire Constabulary,,,No Location,,,Public order,Investigation complete; no suspect identified,
ce2d621de278816e00ad7339abff6ae9b49035547fb2ae5f98edd80c2f755c56,2021-06,Lancashire Constabulary,Lancashire Constabulary,,,No Location,,,Public order,Status update unavailable,
215062f2ea4f4f6f4c359bc8cc1d670bb196326e3a4894fac56be73a47bf4c96,2021-06,Lancashire Constabulary,Lancashire Constabulary,,,No Location,,,Public order,Unable to prosecute suspect,
73584aca7f0fbc229d605e2c2e00886b7ff022008ecba82ce8f6ebf0e6e3d301,2021-06,Lancashire Constabulary,Lancashire Constabulary,,,No Location,,,Public order,Unable to prosecute suspect,
52fc0eaf4bcfa7931ae15b4b305d5f6be0e7a976c796ff8d166231f7f2ad4567,2021-06,Lancashire Constabulary,Lancashire Constabulary,,,No Location,,,Public order,Status update unavailable,
6f8ca39330b02bfadf913ee76c3795c85e3188b0c91641473fcc627e489fdf99,2021-06,Lancashire Constabulary,Lancashire Constabulary,,,No Location,,,Public order,Unable to prosecute suspect,
acaf8f37c4ebb155477cd9b79c99c8b925aaf6f5664636c13e35084611179c06,2021-06,Lancashire Constabulary,Lancashire Constabulary,,,No Location,,,Public order,Unable to prosecute suspect,
213d2b854bda7c20dc4cb1f0e56564268a840a0ac68e19b04e23497af1e1be48,2021-06,Lancashire Constabulary,Lancashire Constabulary,,,No Location,,,Public order,Unable to prosecute suspect,
57eef614243ae5c9d1ced644c4bd92d3a5e79122a4a5774e058f1d065086886f,2021-06,Lancashire Constabulary,Lancashire Constabulary,,,No Location,,,Public order,Status update unavailable,
8af16a8a6377d50c430262f457800829f0c8978bbd7addb4b0ac2b12ec9d54a7,2021-06,Lancashire Constabulary,Lancashire Constabulary,,,No Location,,,Public order,Unable to prosecute suspect,
9ead0d7acea14c65115a566d9af56bedf87bba8a8230d10a67d8d4afe9908494,2021-06,Lancashire Constabulary,Lancashire Constabulary,,,No Location,,,Public order,Investigation complete; no suspect identified,
d8b0fb57b950d0b5b3d47b3eba6bf8a8aee0ced7eca155c1abe39da37dfc75bc,2021-06,Lancashire Constabulary,Lancashire Constabulary,,,No Location,,,Public order,Unable to prosecute suspect,
f19c7ac38c4918398472e83bc8c235dfbb7e03a45b9a3775a4b07895768253dc,2021-06,Lancashire Constabulary,Lancashire Constabulary,,,No Location,,,Public order,Status update unavailable,
e894c9970e23b997d2139b4479e918600f8210b6d31737edb40697acbc96b3ad,2021-06,Lancashire Constabulary,Lancashire Constabulary,,,No Location,,,Public order,Unable to prosecute suspect,
98c0ca72483c0b6d9b049fbc0d6749e5708be234a4bc85a57e0726f065916cda,2021-06,Lancashire Constabulary,Lancashire Constabulary,,,No Location,,,Public order,Unable to prosecute suspect,
bc914ff2199de5cac52d280d35b47eefec5fd618d037c1c3052f885422f1cd44,2021-06,Lancashire Constabulary,Lancashire Constabulary,,,No Location,,,Public order,Unable to prosecute suspect,
458443f02ee7f2ab13e706094a86af00eb8490ca74329032ee30812028f2363f,2021-06,Lancashire Constabulary,Lancashire Constabulary,,,No Location,,,Public order,Investigation complete; no suspect identified,
88f6a244bb02285ca89cefe96ef6c7f04c6ca34ca14d9b93dfcbdf2e4f30dc3e,2021-06,Lancashire Constabulary,Lancashire Constabulary,,,No Location,,,Public order,Status update unavailable,
5224d7bb947a84ce3e4f9949618da9f7f9f5e02b36261dc37f68f2004ab81df9,2021-06,Lancashire Constabulary,Lancashire Constabulary,,,No Location,,,Public order,Status update unavailable,
757542aa2341041d89648c8f63576b195e11cdf1f66b6c488f02c98e53c6bf85,2021-06,Lancashire Constabulary,Lancashire Constabulary,,,No Location,,,Public order,Unable to prosecute suspect,
5c84110b562f6aa296349390fff5916178343bfa9897776fd9d9a2f101c3f51a,2021-06,Lancashire Constabulary,Lancashire Constabulary,,,No Location,,,Public order,Further investigation is not in the public interest,
a02dbca66c0583efe67b41284a6eeab2fd2a7ff4739261722232a60b2aacf386,2021-06,Lancashire Constabulary,Lancashire Constabulary,,,No Location,,,Public order,Status update unavailable,
5fbee79df7494d77cfd90b146d583566e2ce602a8adcd96cbdf3e732f7ec1038,2021-06,Lancashire Constabulary,Lancashire Constabulary,,,No Location,,,Public order,Status update unavailable,
c27906481213c5225d2f0f18ae3d255ecc421e0c1246bc0519c9e69e00b0925f,2021-06,Lancashire Constabulary,Lancashire Constabulary,,,No Location,,,Public order,Action to be taken by another organisation,
d85092430f6f26d706ce82248a038ad5ff1ca723cef799e00714855402717a10,2021-06,Lancashire Constabulary,Lancashire Constabulary,,,No Location,,,Public order,Unable to prosecute suspect,
6129ef8b3821ea2c9690cab0dff6e8b43cab65d28525a5ba50e97d226d97dc5a,2021-06,Lancashire Constabulary,Lancashire Constabulary,,,No Location,,,Public order,Status update unavailable,
c3b313c26bb8da3b6268700cb41a6c3fcb7725675030c5ba6e6b70bfdb620202,2021-06,Lancashire Constabulary,Lancashire Constabulary,,,No Location,,,Public order,Status update unavailable,
a3e7db977ff11e8fffd1b693e3535781751e1693bf81b3fa4997c3d987475035,2021-06,Lancashire Constabulary,Lancashire Constabulary,,,No Location,,,Public order,Further investigation is not in the public interest,
b12e59eea8f1bcd356d618a5eedaa85ba44cdcd89c7e51cf9d7d26df7f2cde03,2021-06,Lancashire Constabulary,Lancashire Constabulary,,,No Location,,,Public order,Status update unavailable,
7885650c2603f92ff0f80b80785ba9e5df6ad28c52d5d8970da9d14ba61af895,2021-06,Lancashire Constabulary,Lancashire Constabulary,,,No Location,,,Public order,Unable to prosecute suspect,
6500f62138398ae753733c7c63d1d885f46e4e4a505ab263931da9830860ba17,2021-06,Lancashire Constabulary,Lancashire Constabulary,,,No Location,,,Public order,Unable to prosecute suspect,
18d49f1618d31a363fb74bd909d77378fce506af142c09ea80f3e73a9c58a171,2021-06,Lancashire Constabulary,Lancashire Constabulary,,,No Location,,,Public order,Unable to prosecute suspect,
be116b3e591ef0cf024e8f752f62594b56e4e11351687335198082a38fdfcdd7,2021-06,Lancashire Constabulary,Lancashire Constabulary,,,No Location,,,Public order,Unable to prosecute suspect,
0c592ef5a28543024edacfabf38cd9d5bda2d0a53e2f096bec9f9a4f4bb69ee7,2021-06,Lancashire Constabulary,Lancashire Constabulary,,,No Location,,,Public order,Investigation complete; no suspect identified,
e80434935f55a159f5e70705cc78fefa1aa9892825d4aada28a563d6451a2c2b,2021-06,Lancashire Constabulary,Lancashire Constabulary,,,No Location,,,Public order,Unable to prosecute suspect,
d1541f3b619ec76d85d2b23150ce86bfe0cf73d02a52bdd8a9ae0e1522acacdb,2021-06,Lancashire Constabulary,Lancashire Constabulary,,,No Location,,,Public order,Unable to prosecute suspect,
7c1c21c94f72eaf444df192ee1d0752ee8e977f6db9de8e690a2b51f2ba6cb3b,2021-06,Lancashire Constabulary,Lancashire Constabulary,,,No Location,,,Public order,Investigation complete; no suspect identified,
5d842a8f925e50b43bdad49469e6c6a91e10b2750c86c0e9120f982530ede2f4,2021-06,Lancashire Constabulary,Lancashire Constabulary,,,No Location,,,Public order,Court result unavailable,
a630de6969bc30f304015674e0b677f7cd8174d1e651bd322556ea32b286abed,2021-06,Lancashire Constabulary,Lancashire Constabulary,,,No Location,,,Public order,Investigation complete; no suspect identified,
ec89d4e779150e0562440f5fe1863d62726a1686649ec3fd1db75b4ee61d0596,2021-06,Lancashire Constabulary,Lancashire Constabulary,,,No Location,,,Public order,Unable to prosecute suspect,
3aa51a55ffa2c4f262ea61496d790dae43902d2f44ea6302e898680a433449b1,2021-06,Lancashire Constabulary,Lancashire Constabulary,,,No Location,,,Public order,Unable to prosecute suspect,
ecf156c2e0aa1d41955d817dd0b6e7d1e901f61737a25114bc6e0d83eb86aff5,2021-06,Lancashire Constabulary,Lancashire Constabulary,,,No Location,,,Public order,Investigation complete; no suspect identified,
dca97769000d0178634d8bf7eb1d042885da4a085df63b77a05ff1aacc6b7374,2021-06,Lancashire Constabulary,Lancashire Constabulary,,,No Location,,,Public order,Action to be taken by another organisation,
f2ab43bae2c64f3c7dc4a6eefdeac53411808f395dfd95cb9e414c204d5b1aed,2021-06,Lancashire Constabulary,Lancashire Constabulary,,,No Location,,,Public order,Unable to prosecute suspect,
5fbcb34576c72e441e5aec799be66cf8940f520e1688717b9ac65c5363107887,2021-06,Lancashire Constabulary,Lancashire Constabulary,,,No Location,,,Public order,Unable to prosecute suspect,
babbeb5c72bde612e73f06a9f3a017c8edd5549bcb6143103e2bc3543c906a30,2021-06,Lancashire Constabulary,Lancashire Constabulary,,,No Location,,,Public order,Investigation complete; no suspect identified,
4d061a9247580efab2b48f96e42ad4c1ce56db2c2bb33fcf07dd92d6a9c5b95b,2021-06,Lancashire Constabulary,Lancashire Constabulary,,,No Location,,,Public order,Investigation complete; no suspect identified,
7303f7d8c5083d0ef66d27262111566e34199fd6fc366ce5c21ff6e0635df476,2021-06,Lancashire Constabulary,Lancashire Constabulary,,,No Location,,,Public order,Unable to prosecute suspect,
0974998ca4f1bb81b7a144c6f87d9e08bc82f5cd3e4ffdbd2de511176cda0f9e,2021-06,Lancashire Constabulary,Lancashire Constabulary,,,No Location,,,Public order,Unable to prosecute suspect,
3596fc028244ce5ad52ff0b9918e72d7845402ddf9c8268a55a2bf95276d375f,2021-06,Lancashire Constabulary,Lancashire Constabulary,,,No Location,,,Public order,Investigation complete; no suspect identified,
f385f8b09e4e7518d99edb6b6f8646a2afaf9d0a3789ec346ae6c6ab0062b46d,2021-06,Lancashire Constabulary,Lancashire Constabulary,,,No Location,,,Public order,Status update unavailable,
475a877951985db029bf6b02e9ad80157ddf0e12be5b00fb126a26ab153bdca4,2021-06,Lancashire Constabulary,Lancashire Constabulary,,,No Location,,,Public order,Unable to prosecute suspect,
636c13534feee4b1191fbc06830ea4998a7d28b766b5b50603163d409c884211,2021-06,Lancashire Constabulary,Lancashire Constabulary,,,No Location,,,Public order,Investigation complete; no suspect identified,
9d469420fd3f6973ad4c89cfffb666330184ead1a9274d6ce8d2b79d7e99bf23,2021-06,Lancashire Constabulary,Lancashire Constabulary,,,No Location,,,Public order,Unable to prosecute suspect,
516a8e7f7dad334a17d565bdb54552756222d95a68fbc927c0d4c4f821036767,2021-06,Lancashire Constabulary,Lancashire Constabulary,,,No Location,,,Public order,Further investigation is not in the public interest,
92e762692589f803f9f57989a47c3e213ae5bd674b5ca221167f5a41f19600b1,2021-06,Lancashire Constabulary,Lancashire Constabulary,,,No Location,,,Public order,Unable to prosecute suspect,
96275d85d488e4715e29ccd33b6fa7ed3a3bc3892a159e3722245ab454f1996f,2021-06,Lancashire Constabulary,Lancashire Constabulary,,,No Location,,,Public order,Status update unavailable,
c375b53804400fa6cf6de896281d9d6964ad4923e5015c065242419b8e1b00a4,2021-06,Lancashire Constabulary,Lancashire Constabulary,,,No Location,,,Public order,Investigation complete; no suspect identified,
6262d734a41c0a9a917298dd299a4b44cff1047e7397dac4051361eb9896e1ed,2021-06,Lancashire Constabulary,Lancashire Constabulary,,,No Location,,,Public order,Unable to prosecute suspect,
33a833eac4b5034b5becfb437488ff12ace988ac2b32b9301b3294dda90e85e9,2021-06,Lancashire Constabulary,Lancashire Constabulary,,,No Location,,,Public order,Offender given a caution,
538c8b2d2609269102d5af5009981b87d37dfef9f02fb5015df14eedf9048ca0,2021-06,Lancashire Constabulary,Lancashire Constabulary,,,No Location,,,Public order,Status update unavailable,
9877b618c93691133ef08e9852d69abc715c17f871048636ae4aa70e1369b6a0,2021-06,Lancashire Constabulary,Lancashire Constabulary,,,No Location,,,Public order,Unable to prosecute suspect,
0bfd8a66d29cab14a134a4eb98186d667c9a4be68847178087e481de6c90a4e6,2021-06,Lancashire Constabulary,Lancashire Constabulary,,,No Location,,,Public order,Investigation complete; no suspect identified,
882082ad43af8396e40d485a596926b601fd1418d4e68ae3232d4fa27b855d14,2021-06,Lancashire Constabulary,Lancashire Constabulary,,,No Location,,,Public order,Unable to prosecute suspect,
6279e654341971319f7ead29afcefc00520396a772f11a2f7e80ab7e3d44d8d8,2021-06,Lancashire Constabulary,Lancashire Constabulary,,,No Location,,,Public order,Investigation complete; no suspect identified,
00990ad7b0c9bfa3a75dfd8a4a52c1c9e5da14deda8d6142f1cc49650265b3e1,2021-06,Lancashire Constabulary,Lancashire Constabulary,,,No Location,,,Public order,Further investigation is not in the public interest,
09e33d720a4b4dc64d0d7107505be8f149839e763677b833156d41d7220bd69b,2021-06,Lancashire Constabulary,Lancashire Constabulary,,,No Location,,,Public order,Unable to prosecute suspect,
6aba0b63f2624234fa4f63e791efc099a89fc7db84b2e930165d936334c840a2,2021-06,Lancashire Constabulary,Lancashire Constabulary,,,No Location,,,Public order,Status update unavailable,
6e91246c19e09afbb13c815d01d167c6545ef632258905a667c87c868a0b7a87,2021-06,Lancashire Constabulary,Lancashire Constabulary,,,No Location,,,Public order,Offender given penalty notice,
c4c57ed893bee84694cd45b8944dece270c5d4fb2cf703aad2276aaee7202316,2021-06,Lancashire Constabulary,Lancashire Constabulary,,,No Location,,,Robbery,Unable to prosecute suspect,
1272c927fb1b571a22228be38c14ed9802d4bc36cdca82cc49e8599ea21228b0,2021-06,Lancashire Constabulary,Lancashire Constabulary,,,No Location,,,Robbery,Unable to prosecute suspect,
9dd971b7f0be32f61bb61d5387509a21f3ba1da65225eb17412b07dd035bbeef,2021-06,Lancashire Constabulary,Lancashire Constabulary,,,No Location,,,Robbery,Unable to prosecute suspect,
ff543d1d0659eadf5bc732eee965e8449d45ffe65cbbbe1cdd1910b560a54d39,2021-06,Lancashire Constabulary,Lancashire Constabulary,,,No Location,,,Robbery,Status update unavailable,
1ee163ed9c470f38c58513cbef7791e388c7b91372c5e613d241c436d5060377,2021-06,Lancashire Constabulary,Lancashire Constabulary,,,No Location,,,Robbery,Investigation complete; no suspect identified,
de5e42dc8200a4e917ecc0d665a7fa412051ff47c33fe2664dcc98724530b938,2021-06,Lancashire Constabulary,Lancashire Constabulary,,,No Location,,,Robbery,Investigation complete; no suspect identified,
b1303cd56432d56ad52cc96b705352a3950d39a1dbdd24d403f60ec4f1ee68b3,2021-06,Lancashire Constabulary,Lancashire Constabulary,,,No Location,,,Robbery,Unable to prosecute suspect,
9ca4ab286d2a224cc08edd4f441bb5462653039e889ad3d9b9bd658c1f83f759,2021-06,Lancashire Constabulary,Lancashire Constabulary,,,No Location,,,Robbery,Investigation complete; no suspect identified,
1963f9ce4b69e484999ccbbab9b1e9f5cc1e619960a2ab11b873e8b40c68ccf6,2021-06,Lancashire Constabulary,Lancashire Constabulary,,,No Location,,,Robbery,Investigation complete; no suspect identified,
039afcce520ba9990f128098f6659bfc229f25584a965feeb6d1c81155ec62f6,2021-06,Lancashire Constabulary,Lancashire Constabulary,,,No Location,,,Robbery,Investigation complete; no suspect identified,
90c5c8cae3d0db03eb69b0b8e0bcd6cad3e978081bda3555798dd64566ef4639,2021-06,Lancashire Constabulary,Lancashire Constabulary,,,No Location,,,Robbery,Status update unavailable,
d5f4680f1d60d7767e3a7a38fbe7d37eac5425ea56125b379c3c0b4586fad817,2021-06,Lancashire Constabulary,Lancashire Constabulary,,,No Location,,,Robbery,Status update unavailable,
ecd7dcae31bf3c511153ae917e45474282cb7c7aa96a61d24ec47ee54a0d57d5,2021-06,Lancashire Constabulary,Lancashire Constabulary,,,No Location,,,Robbery,Status update unavailable,
f5a955588b5d7309f218a877cf36b0d5105f5a6e50885062bab44ea58db76863,2021-06,Lancashire Constabulary,Lancashire Constabulary,,,No Location,,,Robbery,Investigation complete; no suspect identified,
e8400df5efcec1bc886128cb88466aae212c5aad06bc80ef4636404d6a1e7a2a,2021-06,Lancashire Constabulary,Lancashire Constabulary,,,No Location,,,Robbery,Investigation complete; no suspect identified,
c01a8bf7fc2b3e1f6f78862de54663e6f27da1dc4f3ee4265071854330b02c14,2021-06,Lancashire Constabulary,Lancashire Constabulary,,,No Location,,,Robbery,Investigation complete; no suspect identified,
7cecf73ecdddb2433cd2db621baebb80e9ab309813a0890fb35025d7164fbefc,2021-06,Lancashire Constabulary,Lancashire Constabulary,,,No Location,,,Robbery,Investigation complete; no suspect identified,
c3d3c5902f0e757bde83add7d939d732aae02f5fca50dd31a7a53c500bf4669e,2021-06,Lancashire Constabulary,Lancashire Constabulary,,,No Location,,,Robbery,Unable to prosecute suspect,
4d238f3cc6bc23bbd91a2f5cca7e0b9c9a8cb8926536afb04b5e08fb15f2e2ae,2021-06,Lancashire Constabulary,Lancashire Constabulary,,,No Location,,,Robbery,Unable to prosecute suspect,
eb6ef3a87310f2fa79a1339be5a9e91f214f72f95eee2683d23c293cc6490fb5,2021-06,Lancashire Constabulary,Lancashire Constabulary,,,No Location,,,Robbery,Unable to prosecute suspect,
3760e07932a8a919a84834c11708e4b5ac1c243da6fcfb80999889236f70455c,2021-06,Lancashire Constabulary,Lancashire Constabulary,,,No Location,,,Robbery,Status update unavailable,
0f14b9acd926662119dfe9fb994f0e39ea7597f034c2c1cfd410bd4cb5dc6fee,2021-06,Lancashire Constabulary,Lancashire Constabulary,,,No Location,,,Shoplifting,Unable to prosecute suspect,
cc8573c7718498a310c11be6b7aa0fd425165a143c98259141c87efca764668e,2021-06,Lancashire Constabulary,Lancashire Constabulary,,,No Location,,,Shoplifting,Court result unavailable,
776b26035e625bfdb674515c041da23eb82c3e20c711389f496236c956ebd9de,2021-06,Lancashire Constabulary,Lancashire Constabulary,,,No Location,,,Shoplifting,Unable to prosecute suspect,
1f1c0e9d87f2e3406acf0af060a6039d1992a4f0fd39b51296e557cdcb63475b,2021-06,Lancashire Constabulary,Lancashire Constabulary,,,No Location,,,Shoplifting,Status update unavailable,
8344cc8f7c31e4c23a11ce13cc7ce5e36c9fecb0d691d90041f602afeb3926cd,2021-06,Lancashire Constabulary,Lancashire Constabulary,,,No Location,,,Shoplifting,Unable to prosecute suspect,
c571d4c1389bcc934fb31cb5d23b6413eddb45eeb6ff59984ea338a47635b7d8,2021-06,Lancashire Constabulary,Lancashire Constabulary,,,No Location,,,Shoplifting,Unable to prosecute suspect,
6eaa02a8a3275b40730b513981fe840682f5cff8983844575b22cc1241cc3a9b,2021-06,Lancashire Constabulary,Lancashire Constabulary,,,No Location,,,Shoplifting,Status update unavailable,
bcfec9f6cbb6418a0b27906fdacaaf7fc7c965a4796e7a5f46b60658f6445429,2021-06,Lancashire Constabulary,Lancashire Constabulary,,,No Location,,,Shoplifting,Unable to prosecute suspect,
18f6b3038b5bc5a4a83fc18296b9a480dffd5befed366bdfbdb0f4906cd4af75,2021-06,Lancashire Constabulary,Lancashire Constabulary,,,No Location,,,Shoplifting,Status update unavailable,
20a98549e0722879f9932d0239e53f4b33d9398b68d7f12d9b0068c6946ce116,2021-06,Lancashire Constabulary,Lancashire Constabulary,,,No Location,,,Shoplifting,Unable to prosecute suspect,
e709435f4b98d0e1a6077b78bcb970420e93eb567135c32a2581a1ed92c2f28e,2021-06,Lancashire Constabulary,Lancashire Constabulary,,,No Location,,,Shoplifting,Status update unavailable,
4a9a46478efc4bc38d1e10ecbe8ce8a2bb01adb88d2635b61872c5079386af61,2021-06,Lancashire Constabulary,Lancashire Constabulary,,,No Location,,,Shoplifting,Unable to prosecute suspect,
defc258c2b9c4d47a20419a250c0a3420ca5b6a0370309a3d0b54b5e41a26a56,2021-06,Lancashire Constabulary,Lancashire Constabulary,,,No Location,,,Shoplifting,Local resolution,
30eb1e31b7f10a9f836291b52e3e5dfe889e628249a77aa2a2478671085b89fe,2021-06,Lancashire Constabulary,Lancashire Constabulary,,,No Location,,,Shoplifting,Investigation complete; no suspect identified,
d3f91e84d8f9af89b069c93a8b9a0eb321179bf068571a9e064cf66631fc7dcc,2021-06,Lancashire Constabulary,Lancashire Constabulary,,,No Location,,,Shoplifting,Unable to prosecute suspect,
677dbff4058d2aabe0bd0c3300eb7e023eb37d070d141b01ad448654c0ec605e,2021-06,Lancashire Constabulary,Lancashire Constabulary,,,No Location,,,Shoplifting,Status update unavailable,
848d41f1970919ca7637e70fc1a4d980df83e93ddee2fa77ce8b58f7c4de3316,2021-06,Lancashire Constabulary,Lancashire Constabulary,,,No Location,,,Shoplifting,Status update unavailable,
bf80bbc3e5924497f7bcbf6b8dc3231e86bda35f30296341cd20de61adc3c865,2021-06,Lancashire Constabulary,Lancashire Constabulary,,,No Location,,,Shoplifting,Investigation complete; no suspect identified,
ce4d365dac1b1415523d2aaf5366f67685cb2aebda31ef2d5215637dddae29eb,2021-06,Lancashire Constabulary,Lancashire Constabulary,,,No Location,,,Shoplifting,Investigation complete; no suspect identified,
517a321b3491f7cc55d0b382401d68c883a72ed106f847064301a65f7d2c9180,2021-06,Lancashire Constabulary,Lancashire Constabulary,,,No Location,,,Shoplifting,Status update unavailable,
f4a1c84e3efb0a9f0e81b9fea5a0486385d443fad034c7bdb15d67b0bd471f13,2021-06,Lancashire Constabulary,Lancashire Constabulary,,,No Location,,,Shoplifting,Further investigation is not in the public interest,
6277b04a479ce9658912b694440373794006b68a0795c786fb3af9558d471de0,2021-06,Lancashire Constabulary,Lancashire Constabulary,,,No Location,,,Shoplifting,Unable to prosecute suspect,
e56f1f9ed757c0892745de4a7c249d4c96edaff74b41d804982d93de3ffac5af,2021-06,Lancashire Constabulary,Lancashire Constabulary,,,No Location,,,Shoplifting,Status update unavailable,
76de6422077b1bfb262c18c354debce3f98664a2543079219270cdc8e421600d,2021-06,Lancashire Constabulary,Lancashire Constabulary,,,No Location,,,Shoplifting,Further investigation is not in the public interest,
afe166158fd9365f54e2958ac402a580ac8b86fe3912a8592654880c5073fa25,2021-06,Lancashire Constabulary,Lancashire Constabulary,,,No Location,,,Shoplifting,Formal action is not in the public interest,
32571251016c57ada6287e1adcfef4102b97366ec65269040afcf09c939682d4,2021-06,Lancashire Constabulary,Lancashire Constabulary,,,No Location,,,Shoplifting,Further investigation is not in the public interest,
7b3c1182fb9030e5590a363aadb6536e48deb6ffc8786b2622f43c1258429b7e,2021-06,Lancashire Constabulary,Lancashire Constabulary,,,No Location,,,Shoplifting,Investigation complete; no suspect identified,
9d24516244bfd57a40a3bbd3c8c339f624eaf32f1c36575d4ddecf846d5fb706,2021-06,Lancashire Constabulary,Lancashire Constabulary,,,No Location,,,Shoplifting,Unable to prosecute suspect,
9b9eb13d4c47b7a0e80b8481c7e26288f953128553e7c3791898704a00dea4dc,2021-06,Lancashire Constabulary,Lancashire Constabulary,,,No Location,,,Shoplifting,Status update unavailable,
14a6b293850cc30692a3a893b16a8c8eae13dac3d8e67cc41f0fa9acf9133b58,2021-06,Lancashire Constabulary,Lancashire Constabulary,,,No Location,,,Shoplifting,Investigation complete; no suspect identified,
62f6ff67cf68c6d5b1ca4df028ef3d477ada11dd74b73cce6fd09cd013437540,2021-06,Lancashire Constabulary,Lancashire Constabulary,,,No Location,,,Shoplifting,Unable to prosecute suspect,
eb6852aa4c74f393d917ba0114603d7634c22c52f356536437276a98b107e9ab,2021-06,Lancashire Constabulary,Lancashire Constabulary,,,No Location,,,Shoplifting,Unable to prosecute suspect,
f19ccab78e091777ea7187de116cd8529d2d0d63bf8a15bce9137cac38b0fe4a,2021-06,Lancashire Constabulary,Lancashire Constabulary,,,No Location,,,Shoplifting,Investigation complete; no suspect identified,
d1a071769a8a2ce63f07d3223f5c4ca204a1b532f6462eae7e1939f0d466729d,2021-06,Lancashire Constabulary,Lancashire Constabulary,,,No Location,,,Shoplifting,Status update unavailable,
98af2b9328a570ab3a8633ff5d504082701d24cbc22f06a7414a866be9557486,2021-06,Lancashire Constabulary,Lancashire Constabulary,,,No Location,,,Shoplifting,Status update unavailable,
3241cbeb953e0188ee5eeb5a1bba08d654436420c8419ae1c53a27c27ea2b775,2021-06,Lancashire Constabulary,Lancashire Constabulary,,,No Location,,,Shoplifting,Status update unavailable,
c98c5626f36f08a127be67b8cc38db57f16cbfadf613bcfb6918e96ac2fc7199,2021-06,Lancashire Constabulary,Lancashire Constabulary,,,No Location,,,Shoplifting,Local resolution,
21ddf9936b3721c23ac43522e2b3315ee89c5794c81e23b6e47abd33c80f0f7f,2021-06,Lancashire Constabulary,Lancashire Constabulary,,,No Location,,,Shoplifting,Status update unavailable,
6871580ba20e4980cceff2c00aea62a7ce1b2f7ec9bafba690bc1e6920c06e6a,2021-06,Lancashire Constabulary,Lancashire Constabulary,,,No Location,,,Shoplifting,Status update unavailable,
76978418ba5cda26dd6d0144f82e13135814983d07bd6f3a46d00ab1b77a2772,2021-06,Lancashire Constabulary,Lancashire Constabulary,,,No Location,,,Shoplifting,Investigation complete; no suspect identified,
7c920eb9a91d37152a86d7643c324ddc9b282eb0e2cafe89a8ebe4eb38716771,2021-06,Lancashire Constabulary,Lancashire Constabulary,,,No Location,,,Shoplifting,Unable to prosecute suspect,
273c78df6fe2c49aaeafcf45fad3c0139d12fb76aa499b1f9ebedf35e9f7ec74,2021-06,Lancashire Constabulary,Lancashire Constabulary,,,No Location,,,Shoplifting,Unable to prosecute suspect,
61e69496b0b3a0270b7c547b0aa6dd2ad0c38e96a757869f772a2419d34f687f,2021-06,Lancashire Constabulary,Lancashire Constabulary,,,No Location,,,Shoplifting,Unable to prosecute suspect,
55be861b6f25b9ef571a8963d09d4d4c965041a1d196ed332f73d70b2d7c01d0,2021-06,Lancashire Constabulary,Lancashire Constabulary,,,No Location,,,Shoplifting,Status update unavailable,
9f9002b3ccb1276940919f79f39d2c3753e93ec73943f65b3253df8310061c20,2021-06,Lancashire Constabulary,Lancashire Constabulary,,,No Location,,,Shoplifting,Investigation complete; no suspect identified,
c007d8992cf416b4d8b010cea5e00e80c68cc2b43cdd840b117e58724c668437,2021-06,Lancashire Constabulary,Lancashire Constabulary,,,No Location,,,Shoplifting,Investigation complete; no suspect identified,
7c42b6f1abbcbca349b43e2f84b723de8ea996573dd4ea3941eca5ace794fba7,2021-06,Lancashire Constabulary,Lancashire Constabulary,,,No Location,,,Shoplifting,Unable to prosecute suspect,
3bdeba9af132a7c76e6088ff4917103ee6cb8c5c17833bfe9ad0d292358eb079,2021-06,Lancashire Constabulary,Lancashire Constabulary,,,No Location,,,Shoplifting,Unable to prosecute suspect,
85c5709c330bdaffa77a6a7dc722d45c46a9788bd40d71a4cf686bc22f5ecbc0,2021-06,Lancashire Constabulary,Lancashire Constabulary,,,No Location,,,Shoplifting,Status update unavailable,
cee6748cbdab218b86f69c7208943aaf38b820d3c33c1e5a8ea4b32ad5f1935c,2021-06,Lancashire Constabulary,Lancashire Constabulary,,,No Location,,,Shoplifting,Status update unavailable,
4da5c7a53e6067ec3dd32d00590ef518b0505de992424c1040ae59a5d713d916,2021-06,Lancashire Constabulary,Lancashire Constabulary,,,No Location,,,Shoplifting,Status update unavailable,
525fe840971bf86c656b764113af0738264425ccf3d0556403babb26714bbefc,2021-06,Lancashire Constabulary,Lancashire Constabulary,,,No Location,,,Shoplifting,Investigation complete; no suspect identified,
ac372ebef6928d6bbfc343e177fb5247408c30645640ce1c3aa8cfbf8baca7ad,2021-06,Lancashire Constabulary,Lancashire Constabulary,,,No Location,,,Shoplifting,Investigation complete; no suspect identified,
778cf007f73c60005d3816a2f58d66b61e8f3a55ff7bdbe0d35abb3db12b636b,2021-06,Lancashire Constabulary,Lancashire Constabulary,,,No Location,,,Shoplifting,Investigation complete; no suspect identified,
fe348a9af0dd56b73288496aff48092b10ba4977735f192ac325c8dd8003b048,2021-06,Lancashire Constabulary,Lancashire Constabulary,,,No Location,,,Shoplifting,Offender given penalty notice,
a987433e83c10f6f7685b03ee2c6caea9159e2c28968004ecd13a717c9dce9b5,2021-06,Lancashire Constabulary,Lancashire Constabulary,,,No Location,,,Shoplifting,Court result unavailable,
7e00fe4d402ee0f3e121fa96498d40c7874b61c3910b6ad1096ee8e465041d62,2021-06,Lancashire Constabulary,Lancashire Constabulary,,,No Location,,,Shoplifting,Investigation complete; no suspect identified,
288de29838d03a5fcbb0246dfb0d9b71afc6e03ac6e3cecd8328d03160ccb27c,2021-06,Lancashire Constabulary,Lancashire Constabulary,,,No Location,,,Shoplifting,Status update unavailable,
45d43a511aa1e6fafc995a5fba41bd978dfbb2c3ba949e2acc918e18cda2431f,2021-06,Lancashire Constabulary,Lancashire Constabulary,,,No Location,,,Shoplifting,Unable to prosecute suspect,
1aaa8441c72739c4be16bf387f48e0908b8c5689689e7c64dfc61290e69930c4,2021-06,Lancashire Constabulary,Lancashire Constabulary,,,No Location,,,Shoplifting,Status update unavailable,
21b36c7891bc431a46d6459f560aecd091b47d9845d1669ecf285d9860762c34,2021-06,Lancashire Constabulary,Lancashire Constabulary,,,No Location,,,Shoplifting,Unable to prosecute suspect,
d96c74a96186b9cd699432f5a3aab8177d609b40411989651057d97857327788,2021-06,Lancashire Constabulary,Lancashire Constabulary,,,No Location,,,Shoplifting,Investigation complete; no suspect identified,
3f5ff8f395a9abfd22f1150e470d453aecd57283d15750faa3c5e17657e309bc,2021-06,Lancashire Constabulary,Lancashire Constabulary,,,No Location,,,Shoplifting,Status update unavailable,
cd7b9504179a5eb92e0fb26c524b3177f6d31b80df00fbeee8dd270d9770fa66,2021-06,Lancashire Constabulary,Lancashire Constabulary,,,No Location,,,Shoplifting,Investigation complete; no suspect identified,
4d2cdb51c0e70c551147da7b78b43e3b967120ca0b5c4d5ea3bbbda3af56dc0c,2021-06,Lancashire Constabulary,Lancashire Constabulary,,,No Location,,,Shoplifting,Investigation complete; no suspect identified,
3a24e14b48bd1b5d5232406839bb57bc19a133142feaffd32ca53c500f7df08b,2021-06,Lancashire Constabulary,Lancashire Constabulary,,,No Location,,,Shoplifting,Investigation complete; no suspect identified,
b9ba81a0033d735101a2658be259692e1e660066fa00cc98a04376372eba080e,2021-06,Lancashire Constabulary,Lancashire Constabulary,,,No Location,,,Shoplifting,Unable to prosecute suspect,
015dd8fa51e061d045f3715636a8d74cc453647e983753202f165ed9505ac255,2021-06,Lancashire Constabulary,Lancashire Constabulary,,,No Location,,,Shoplifting,Further investigation is not in the public interest,
a3346c37c857c9f9a743e3ed7db086627b92a8bf5f0b73ee216e810ea3ea63d7,2021-06,Lancashire Constabulary,Lancashire Constabulary,,,No Location,,,Shoplifting,Investigation complete; no suspect identified,
f8ddfc0bfdec91ef976fb4c60b87ee6b328e5ad95e81881a51cb88d9ecc278ef,2021-06,Lancashire Constabulary,Lancashire Constabulary,,,No Location,,,Shoplifting,Status update unavailable,
99bbf13a38455d74f4392fb571ee543c78ea6a1d5ecfd56fd5b616b63d2a518f,2021-06,Lancashire Constabulary,Lancashire Constabulary,,,No Location,,,Shoplifting,Formal action is not in the public interest,
2646a74ae2bc8baa6c7a6e4b45449c97f09c704f102dfbd2202f52708fbfe3ad,2021-06,Lancashire Constabulary,Lancashire Constabulary,,,No Location,,,Shoplifting,Status update unavailable,
1ae2433c6692ca90858cfe5b199759d7722e34d3060d34d465ce8454bb72ef1e,2021-06,Lancashire Constabulary,Lancashire Constabulary,,,No Location,,,Shoplifting,Further investigation is not in the public interest,
b252e108c9575de13365ab2033f2ee30f4db3313fe6eaddee7f8b8756c66b1a4,2021-06,Lancashire Constabulary,Lancashire Constabulary,,,No Location,,,Shoplifting,Court result unavailable,
3b1e0bda379115a6c5ed56c0459aa11204bb0201d2494c79ddd5048c047bf35c,2021-06,Lancashire Constabulary,Lancashire Constabulary,,,No Location,,,Shoplifting,Unable to prosecute suspect,
32d9a11e2177a8c2a48fe153d96d97e2124d993b2bd1ee1e1910c492cb5605e5,2021-06,Lancashire Constabulary,Lancashire Constabulary,,,No Location,,,Shoplifting,Court result unavailable,
a5a19c4d01ac382cfaea13ab1235f71807b18db26f42056d139a6dad0b8b5851,2021-06,Lancashire Constabulary,Lancashire Constabulary,,,No Location,,,Shoplifting,Unable to prosecute suspect,
2b6106f188712b8d5f27f8e4d01da02d8d65d890a0091a587f46c93b446fb193,2021-06,Lancashire Constabulary,Lancashire Constabulary,,,No Location,,,Shoplifting,Investigation complete; no suspect identified,
4a9ce403e4c860dcbbfbd07d0cc695adfba4e6d5ee2116849d18fefb31e63b35,2021-06,Lancashire Constabulary,Lancashire Constabulary,,,No Location,,,Shoplifting,Status update unavailable,
85ff7a4230f6de34641160c06187baa853ed2ecf08eb03a957c7eca79dfe9d5d,2021-06,Lancashire Constabulary,Lancashire Constabulary,,,No Location,,,Shoplifting,Status update unavailable,
2ca31d7ccfc91ce0d8c717aad59b3125a998d09a4acfc8a6ef880a3b28b4951c,2021-06,Lancashire Constabulary,Lancashire Constabulary,,,No Location,,,Shoplifting,Court result unavailable,
62dafb614abf33f9fe13377886640544ebe8342552ff18bb44df87bb8748616d,2021-06,Lancashire Constabulary,Lancashire Constabulary,,,No Location,,,Shoplifting,Status update unavailable,
4215046c1610dde6647f5c7dfc685034180ad956065b08ac550b3c7754720d38,2021-06,Lancashire Constabulary,Lancashire Constabulary,,,No Location,,,Shoplifting,Investigation complete; no suspect identified,
5c02d9e8424aa1ed720b9907a123db6fe11fbb9ffbf8f228515005e98088901a,2021-06,Lancashire Constabulary,Lancashire Constabulary,,,No Location,,,Shoplifting,Status update unavailable,
9bfc373230f5f7d6661be8d530186fcb29c49e14cc97cd5f7569f5fcde6e4a0f,2021-06,Lancashire Constabulary,Lancashire Constabulary,,,No Location,,,Shoplifting,Unable to prosecute suspect,
8cef6806e679055d63c4d9988c7e48bdd475d73ca9b577d7c9583fafdc7b7b67,2021-06,Lancashire Constabulary,Lancashire Constabulary,,,No Location,,,Shoplifting,Further investigation is not in the public interest,
bbd4f25044335fe44c94332980590c569e366d6f18c76b9588b1c626f3299e9b,2021-06,Lancashire Constabulary,Lancashire Constabulary,,,No Location,,,Shoplifting,Investigation complete; no suspect identified,
00948c411468b3fd1669ae9186ac84d046634d7018fee32ab55b5af96299ba21,2021-06,Lancashire Constabulary,Lancashire Constabulary,,,No Location,,,Shoplifting,Local resolution,
21cf2e655c13f46203ba848d58172e15420b8a312de323ac549b89198c39bda0,2021-06,Lancashire Constabulary,Lancashire Constabulary,,,No Location,,,Shoplifting,Investigation complete; no suspect identified,
5a3dcb444043b5fe04c765a7048d698c071f879196eebf5d61f7e76ce7ec9dae,2021-06,Lancashire Constabulary,Lancashire Constabulary,,,No Location,,,Shoplifting,Status update unavailable,
c2e43becfcc7d7e402e15a2664d99f4e8072ba60549c578acc7d7f3e0cc24e4f,2021-06,Lancashire Constabulary,Lancashire Constabulary,,,No Location,,,Shoplifting,Investigation complete; no suspect identified,
e5197452301496af33ebae688c66935c3f45afa50bdf4d56ba532f0b932e09cd,2021-06,Lancashire Constabulary,Lancashire Constabulary,,,No Location,,,Shoplifting,Investigation complete; no suspect identified,
d633da81a9a6ca91430b63c0339e8baaf064222391ca095ac0d99cea08db4e96,2021-06,Lancashire Constabulary,Lancashire Constabulary,,,No Location,,,Shoplifting,Unable to prosecute suspect,
094fc6f345941932a21b7fd14ec845681095823fa996c71979be783c049235e8,2021-06,Lancashire Constabulary,Lancashire Constabulary,,,No Location,,,Shoplifting,Investigation complete; no suspect identified,
9b356a9c43c2123c0f53870770e18402a3a86406a4a0f1c6a4c694b211e2fc08,2021-06,Lancashire Constabulary,Lancashire Constabulary,,,No Location,,,Shoplifting,Investigation complete; no suspect identified,
9c38f3d6f2e8b396ed491823e4d489b2980efa211309a8d6aa2aba49a6ea6d44,2021-06,Lancashire Constabulary,Lancashire Constabulary,,,No Location,,,Shoplifting,Unable to prosecute suspect,
9d9d3fb01db776f7d48dd790476a74c7fc96c1ccd30ff592a57dae4dfa225a56,2021-06,Lancashire Constabulary,Lancashire Constabulary,,,No Location,,,Shoplifting,Local resolution,
6a898c3b6305e134dcde0efeea5f230199099dfbd218448bc7c41f45eced073e,2021-06,Lancashire Constabulary,Lancashire Constabulary,,,No Location,,,Shoplifting,Further investigation is not in the public interest,
361ac38d9691b479dbc475b7c8efb0f32c1fbd732a386974c121fef21f60c9ef,2021-06,Lancashire Constabulary,Lancashire Constabulary,,,No Location,,,Shoplifting,Investigation complete; no suspect identified,
f6052bd3635215ba44e7571bff008e2a35e1835a4f8eadac5583959ba75ebe32,2021-06,Lancashire Constabulary,Lancashire Constabulary,,,No Location,,,Shoplifting,Local resolution,
ebff940aa36ba38e4f71fb5cadeea3dc97f79623b82510692accc87f3daeb8f4,2021-06,Lancashire Constabulary,Lancashire Constabulary,,,No Location,,,Shoplifting,Unable to prosecute suspect,
20cb245abd6c7e52757f7182b6e7450e53d74b0fcf5bd4a002d8baaba131be4e,2021-06,Lancashire Constabulary,Lancashire Constabulary,,,No Location,,,Shoplifting,Unable to prosecute suspect,
9d21dbcfba8f8eb10b7e12995dfc48a0befad7d7f94f610140653fade2b63d27,2021-06,Lancashire Constabulary,Lancashire Constabulary,,,No Location,,,Theft from the person,Unable to prosecute suspect,
41a5f51cbfdc957058139a57315b08848d12ff36a016750ab9ede1bcddad406e,2021-06,Lancashire Constabulary,Lancashire Constabulary,,,No Location,,,Theft from the person,Investigation complete; no suspect identified,
4a9b44429bd3e5ee8f0a738fb85906eb3d4133a4fc1e908d686c3cf92050d929,2021-06,Lancashire Constabulary,Lancashire Constabulary,,,No Location,,,Theft from the person,Investigation complete; no suspect identified,
4517627191c617abab967073d486b6742f6acfc9808f5f034f4ae4211dd565a1,2021-06,Lancashire Constabulary,Lancashire Constabulary,,,No Location,,,Theft from the person,Unable to prosecute suspect,
e8865e1abbc7ec0fdc4cde76115ed96cc0d9f048ce79fa4f6b90c3ce6e8a9044,2021-06,Lancashire Constabulary,Lancashire Constabulary,,,No Location,,,Theft from the person,Unable to prosecute suspect,
331d03dc3e11424f6078ddf12dfafbf77cc970d6e726e47f0994cd576b38aba3,2021-06,Lancashire Constabulary,Lancashire Constabulary,,,No Location,,,Theft from the person,Status update unavailable,
0602a4c0a1c42d4721483c6b6c469b19351acd531d2f448fc8077051f9ce49df,2021-06,Lancashire Constabulary,Lancashire Constabulary,,,No Location,,,Theft from the person,Unable to prosecute suspect,
b0c53b00ddffa57dccaa4f8baee9042bfe72613b22ee7a939d1b60998d3bd951,2021-06,Lancashire Constabulary,Lancashire Constabulary,,,No Location,,,Theft from the person,Unable to prosecute suspect,
c1c1ef16160a3aabcfd6a08d835103e4c12226429ea075ecbdf6d9e1077eb614,2021-06,Lancashire Constabulary,Lancashire Constabulary,,,No Location,,,Theft from the person,Status update unavailable,
71166e75676981818f7c078f9c29d75e607b0b75405ec725afbee0b95ae65725,2021-06,Lancashire Constabulary,Lancashire Constabulary,,,No Location,,,Theft from the person,Unable to prosecute suspect,
777f665c4447612ccfd7a587e0c11ca4f620666cacc30c72eee1e16c101bc90c,2021-06,Lancashire Constabulary,Lancashire Constabulary,,,No Location,,,Theft from the person,Unable to prosecute suspect,
3e13d75b8dfd64531dfe28be24273064351c1cf3aedfb5ef76f310e576d5601d,2021-06,Lancashire Constabulary,Lancashire Constabulary,,,No Location,,,Theft from the person,Unable to prosecute suspect,
9e32479405a30ba5bff324e9a178e6c005f0b7ca2e980c1d240822e90136945a,2021-06,Lancashire Constabulary,Lancashire Constabulary,,,No Location,,,Theft from the person,Investigation complete; no suspect identified,
6f54b36bb9e10984b66f6245935798f2200ae6311b3817cba2dd4a8a607c33f4,2021-06,Lancashire Constabulary,Lancashire Constabulary,,,No Location,,,Theft from the person,Investigation complete; no suspect identified,
f9399adffd4594c07b43ec7dabaaddc89451e039fb492f382a6e9b46041468d6,2021-06,Lancashire Constabulary,Lancashire Constabulary,,,No Location,,,Theft from the person,Investigation complete; no suspect identified,
771922be10701fa2cd8050bc6317a159b090528b9b05f7fbde44a48771e72ecb,2021-06,Lancashire Constabulary,Lancashire Constabulary,,,No Location,,,Theft from the person,Investigation complete; no suspect identified,
879b936ad2a90bd7270b1098cbe76501a55a7c5cfb2e56485c9043696340599f,2021-06,Lancashire Constabulary,Lancashire Constabulary,,,No Location,,,Theft from the person,Investigation complete; no suspect identified,
e2ccc49f822b9e92a6aa37946c4ae7d889b89bf451491b2d8091f3e73a28ea44,2021-06,Lancashire Constabulary,Lancashire Constabulary,,,No Location,,,Theft from the person,Unable to prosecute suspect,
2829f9d7e9bb74d18f4ccc78bba9c0ce4cd623f106c361bcf592582ab636b553,2021-06,Lancashire Constabulary,Lancashire Constabulary,,,No Location,,,Theft from the person,Unable to prosecute suspect,
94527ad4f5bcf581a678da073dda95c54862a89effaa8123d6a3d210b2d629e9,2021-06,Lancashire Constabulary,Lancashire Constabulary,,,No Location,,,Theft from the person,Status update unavailable,
f87a3100296fbc1a903e53dfa51b6fc047a1418db2ee81257544b5cde40371c1,2021-06,Lancashire Constabulary,Lancashire Constabulary,,,No Location,,,Theft from the person,Investigation complete; no suspect identified,
7410af0a2d0b5042cfa44658f786153dea203cf225995a4a87590b54f832fe14,2021-06,Lancashire Constabulary,Lancashire Constabulary,,,No Location,,,Theft from the person,Unable to prosecute suspect,
4a265e0854865127ba06e6c2e25a18db63232ce3baf409f8d013613d4721c727,2021-06,Lancashire Constabulary,Lancashire Constabulary,,,No Location,,,Theft from the person,Unable to prosecute suspect,
6fa89b53df1284ed1984b61090f1a9b4f10e0bc4bef5f0904ad68e4fd756a563,2021-06,Lancashire Constabulary,Lancashire Constabulary,,,No Location,,,Theft from the person,Further investigation is not in the public interest,
465b4ba4652b225cc8086ebba4c33c2f7e35c67bf3d5a09c4ac4208bc727381a,2021-06,Lancashire Constabulary,Lancashire Constabulary,,,No Location,,,Theft from the person,Unable to prosecute suspect,
e2a10037c5258df42d3bae06bee98467d7e77f47760dbc819af4d58a52e4d9ba,2021-06,Lancashire Constabulary,Lancashire Constabulary,,,No Location,,,Theft from the person,Status update unavailable,
f0d9441e5977aeaae963f5de37d2d081e748101b0637b788d9df6456ed5d05c6,2021-06,Lancashire Constabulary,Lancashire Constabulary,,,No Location,,,Theft from the person,Court result unavailable,
1c2ff3b3f424904f4d3045cc59cc43a7f376f14f29210402f75d1fc4dacaadd1,2021-06,Lancashire Constabulary,Lancashire Constabulary,,,No Location,,,Theft from the person,Unable to prosecute suspect,
424643d9dafdd9599abe86cecbba6e144f91098094602b9d26647897ea50cbe5,2021-06,Lancashire Constabulary,Lancashire Constabulary,,,No Location,,,Theft from the person,Unable to prosecute suspect,
9775e3067c4aa0b06431196d2b7fedd785423bfb7c625ee8c57fcf94286cfb11,2021-06,Lancashire Constabulary,Lancashire Constabulary,,,No Location,,,Theft from the person,Unable to prosecute suspect,
3372f09bd381e0e470310ed518281698b28c3019d9eb677751d3149c20dfe6f7,2021-06,Lancashire Constabulary,Lancashire Constabulary,,,No Location,,,Theft from the person,Investigation complete; no suspect identified,
3ba808ee2275d3418272dbef0c3f9696c342262e0ad50d1b60addb4afa0ea105,2021-06,Lancashire Constabulary,Lancashire Constabulary,,,No Location,,,Theft from the person,Investigation complete; no suspect identified,
baf2ba853ed225015711406536bf234db0c5aea7566900a99d2f930d60d17f0c,2021-06,Lancashire Constabulary,Lancashire Constabulary,,,No Location,,,Theft from the person,Investigation complete; no suspect identified,
1ae8fee26461688ae4503faa4bcb2d62c9c3379e3826b62d43c78e4e463558ca,2021-06,Lancashire Constabulary,Lancashire Constabulary,,,No Location,,,Vehicle crime,Investigation complete; no suspect identified,
75eae40609f28b335596d4f4809ef79017ee8bd582d90ad24fda80bcc39332a6,2021-06,Lancashire Constabulary,Lancashire Constabulary,,,No Location,,,Vehicle crime,Investigation complete; no suspect identified,
6e98e638df643bf7c66789c190eb3017fb7d519fd83f13cad4fa10025f2360b4,2021-06,Lancashire Constabulary,Lancashire Constabulary,,,No Location,,,Vehicle crime,Investigation complete; no suspect identified,
10402fe795b112b12d7236342497692062c399442106e10fd10fcba314b8de3b,2021-06,Lancashire Constabulary,Lancashire Constabulary,,,No Location,,,Vehicle crime,Unable to prosecute suspect,
f8241ef4414060540a9ed4bac176062e530d77ed06c4d4dc574b299ca4b8dbef,2021-06,Lancashire Constabulary,Lancashire Constabulary,,,No Location,,,Vehicle crime,Investigation complete; no suspect identified,
570c578bc9c8025ca8e973487adeb9185c4edc7a876a74bb71110e10810bf4bc,2021-06,Lancashire Constabulary,Lancashire Constabulary,,,No Location,,,Vehicle crime,Investigation complete; no suspect identified,
8332bd125ce7889531f5f05a75e18cb747175725f7e8dd05dc79330d76a0375c,2021-06,Lancashire Constabulary,Lancashire Constabulary,,,No Location,,,Vehicle crime,Investigation complete; no suspect identified,
dbf813e6b5f53965d38acbebea6bc0fb40ae0ec18763677220ec448b96802617,2021-06,Lancashire Constabulary,Lancashire Constabulary,,,No Location,,,Vehicle crime,Unable to prosecute suspect,
f504d76a9cde2b3126dd5c7d66164515c6a3e5d10455a2c48bc875d642e13bd0,2021-06,Lancashire Constabulary,Lancashire Constabulary,,,No Location,,,Vehicle crime,Unable to prosecute suspect,
2064ddbab85b647a89b6f11bae68eac8834d30eeeb96a444465536f5d9ec3d16,2021-06,Lancashire Constabulary,Lancashire Constabulary,,,No Location,,,Vehicle crime,Investigation complete; no suspect identified,
d2183ef95c6cea664290de2b948cff5c4ebc4701542ee834d8984638bc13fb50,2021-06,Lancashire Constabulary,Lancashire Constabulary,,,No Location,,,Vehicle crime,Status update unavailable,
d666ad8c810c1371934b8a9cc2b3fbe216ca82d9234f5408651d3e456e181d6a,2021-06,Lancashire Constabulary,Lancashire Constabulary,,,No Location,,,Vehicle crime,Investigation complete; no suspect identified,
1d517d6a6d9f9936783aa31b3af5bd8f00b379eff836fcb3cb00a04de0dd2cb2,2021-06,Lancashire Constabulary,Lancashire Constabulary,,,No Location,,,Vehicle crime,Investigation complete; no suspect identified,
36c723738c2dc07e26a8b54cab6b2cb57f55dbd358cae0955e51c62a02e09913,2021-06,Lancashire Constabulary,Lancashire Constabulary,,,No Location,,,Vehicle crime,Investigation complete; no suspect identified,
cdf5910c7d37421097ced4f61cd1ae1b6cc33d2115cc2ae9ad42dec5be249f7f,2021-06,Lancashire Constabulary,Lancashire Constabulary,,,No Location,,,Vehicle crime,Investigation complete; no suspect identified,
b2b9eb4c49321983fff7a231cb310c4c71534a7341f9d1dc219ca152f4352061,2021-06,Lancashire Constabulary,Lancashire Constabulary,,,No Location,,,Vehicle crime,Investigation complete; no suspect identified,
f8625199e743a5a04d13ac751957117212ef19c09588ebacb3591a714dfc5139,2021-06,Lancashire Constabulary,Lancashire Constabulary,,,No Location,,,Vehicle crime,Unable to prosecute suspect,
e2a58229102ef562d55cabfe4f776f97bdd19d3d45c70bd4c9d817c755cb9b90,2021-06,Lancashire Constabulary,Lancashire Constabulary,,,No Location,,,Vehicle crime,Investigation complete; no suspect identified,
6d3ec008c72f849705f0a6833d24ff23c5240d09ecf2757b390ccfdd32cc85a4,2021-06,Lancashire Constabulary,Lancashire Constabulary,,,No Location,,,Vehicle crime,Investigation complete; no suspect identified,
5ed551f8255d008ddf4c45adbc07ede007405e9f55d5a1558737246ef9aa5665,2021-06,Lancashire Constabulary,Lancashire Constabulary,,,No Location,,,Vehicle crime,Status update unavailable,
71eea0d996e1feaa508de41b006847688ff0a01de587cfd7a030b717b07b5dcc,2021-06,Lancashire Constabulary,Lancashire Constabulary,,,No Location,,,Vehicle crime,Investigation complete; no suspect identified,
b5e0454c9a20f693c21f4a8df85aacf443a884fa8e2ff94c65ed82ca6fae325b,2021-06,Lancashire Constabulary,Lancashire Constabulary,,,No Location,,,Vehicle crime,Investigation complete; no suspect identified,
08bf13305b9277163a063fa46fabf75aa35264458df7c09e107775b613f1d90e,2021-06,Lancashire Constabulary,Lancashire Constabulary,,,No Location,,,Vehicle crime,Investigation complete; no suspect identified,
54f3c1c08a0e8d8b62a551ecada3838a87d218710fe71ff8373af7bc9e60c681,2021-06,Lancashire Constabulary,Lancashire Constabulary,,,No Location,,,Vehicle crime,Unable to prosecute suspect,
a8f66c29ff478f094ca2bcf5df6528f8b2952c319ac152dd6351f2cb955dcb13,2021-06,Lancashire Constabulary,Lancashire Constabulary,,,No Location,,,Vehicle crime,Investigation complete; no suspect identified,
a4ae27724e727a394193075341638418fa4bfcc3457f8c292c9650eccc923ba4,2021-06,Lancashire Constabulary,Lancashire Constabulary,,,No Location,,,Vehicle crime,Investigation complete; no suspect identified,
923e2d79917db0cc54563122d4be7d17be496398f742cfd59bc2136b4bbbe804,2021-06,Lancashire Constabulary,Lancashire Constabulary,,,No Location,,,Vehicle crime,Investigation complete; no suspect identified,
3de972d78d8a8e6832f3c9896e81c11668080190d6efce33b93dd189fafba3e3,2021-06,Lancashire Constabulary,Lancashire Constabulary,,,No Location,,,Vehicle crime,Investigation complete; no suspect identified,
b769729d8619801b97762f794e7fd2341e8d2841b926e314475b254f0ed4f03c,2021-06,Lancashire Constabulary,Lancashire Constabulary,,,No Location,,,Vehicle crime,Unable to prosecute suspect,
31f86d78c3b15900008691b38d50bb92407f0d8dc21548919daeb04bcd0c270a,2021-06,Lancashire Constabulary,Lancashire Constabulary,,,No Location,,,Vehicle crime,Status update unavailable,
bdc2e8abf90e864db7f91ba1b434b6666ed18a1dc8e86c1e5f10fdc5971c0666,2021-06,Lancashire Constabulary,Lancashire Constabulary,,,No Location,,,Vehicle crime,Investigation complete; no suspect identified,
b2a29d09f61780d59a77c3ffbe6f11b7988114a26457f633b83fd7727eb3a4ef,2021-06,Lancashire Constabulary,Lancashire Constabulary,,,No Location,,,Vehicle crime,Investigation complete; no suspect identified,
ca9c6045afe07e5987d1cff2a3e65acbd06f0ff8ba9032665bf7863de70736d9,2021-06,Lancashire Constabulary,Lancashire Constabulary,,,No Location,,,Vehicle crime,Investigation complete; no suspect identified,
a303c32644427a4683639c78836f41f92edf30103672686f2da08d768bdfa46f,2021-06,Lancashire Constabulary,Lancashire Constabulary,,,No Location,,,Vehicle crime,Investigation complete; no suspect identified,
d4a62853c13674c86bb9e960ec457fe8076f9e0122943c46f2bc53dc931030df,2021-06,Lancashire Constabulary,Lancashire Constabulary,,,No Location,,,Vehicle crime,Investigation complete; no suspect identified,
da9ee831ca397af7fc48685a000db4e2b1eb1c040a7e2c80b99d1758af2410ef,2021-06,Lancashire Constabulary,Lancashire Constabulary,,,No Location,,,Vehicle crime,Investigation complete; no suspect identified,
3ec07c8cd512c0db5f470e43214597fc90c20b709d925480e2e6c98034c892cd,2021-06,Lancashire Constabulary,Lancashire Constabulary,,,No Location,,,Vehicle crime,Investigation complete; no suspect identified,
9fe79e54f171fc0fbd17662a13a2c1c3a99e5d874b62c77e397173e910e30b32,2021-06,Lancashire Constabulary,Lancashire Constabulary,,,No Location,,,Vehicle crime,Investigation complete; no suspect identified,
fcf0d201b0652090d75535225ad8097fb8ec2d39ed2ef8e84dfdab7b90cab481,2021-06,Lancashire Constabulary,Lancashire Constabulary,,,No Location,,,Vehicle crime,Investigation complete; no suspect identified,
3b2376605c6dc28dd5c1f4d0f3809bf0ea6e8aaaa425d6f1728aac11ef558d89,2021-06,Lancashire Constabulary,Lancashire Constabulary,,,No Location,,,Vehicle crime,Unable to prosecute suspect,
e89228ffb6103523574f1f10ce78bcc3c3262e9e072cd25964085344403595c8,2021-06,Lancashire Constabulary,Lancashire Constabulary,,,No Location,,,Vehicle crime,Investigation complete; no suspect identified,
f3e6ac5ef26e8f51d23db470932009199a5097cb4900ac598b61a137b7d37bcb,2021-06,Lancashire Constabulary,Lancashire Constabulary,,,No Location,,,Vehicle crime,Investigation complete; no suspect identified,
ed0dd6e02516af25393682f2edcb43165aaa5c0ebb521d5e6fc06a23f7455426,2021-06,Lancashire Constabulary,Lancashire Constabulary,,,No Location,,,Vehicle crime,Investigation complete; no suspect identified,
31e2633c10149e7288ee540f45308e84e9c3f4a1cbf0d571bba608d0933a56cf,2021-06,Lancashire Constabulary,Lancashire Constabulary,,,No Location,,,Vehicle crime,Investigation complete; no suspect identified,
4c85f8fa07d0c1e8de1bd8186ff27e799b673189541d6beec6c45f0624bc01de,2021-06,Lancashire Constabulary,Lancashire Constabulary,,,No Location,,,Vehicle crime,Investigation complete; no suspect identified,
485d22ece2ca6f64f6ce376f0acdf26e3b73f84a6b18063647e409ae770282fb,2021-06,Lancashire Constabulary,Lancashire Constabulary,,,No Location,,,Vehicle crime,Investigation complete; no suspect identified,
df8f3d00b8f2ff73c88dd8ff0a3d1baae97e0f931ebc49ce3e9ab6a9ff33723d,2021-06,Lancashire Constabulary,Lancashire Constabulary,,,No Location,,,Vehicle crime,Investigation complete; no suspect identified,
e6987e44fccfb716c8bdeec205006768460f5b082144469cce24eee2807e99e6,2021-06,Lancashire Constabulary,Lancashire Constabulary,,,No Location,,,Vehicle crime,Investigation complete; no suspect identified,
2cb9f7521ca1154b091719a0082c17f36c683be61828fffd0498e2964c84819a,2021-06,Lancashire Constabulary,Lancashire Constabulary,,,No Location,,,Vehicle crime,Investigation complete; no suspect identified,
3c71f7ca150738b4a90f436ef9db6d57675e63620073a8b1ce61a5a0b1599d33,2021-06,Lancashire Constabulary,Lancashire Constabulary,,,No Location,,,Vehicle crime,Status update unavailable,
e2d5c4794b0a4af71101254647ef22060f5603646caadff38549561a6eaf028a,2021-06,Lancashire Constabulary,Lancashire Constabulary,,,No Location,,,Vehicle crime,Investigation complete; no suspect identified,
fdc6b8be712ad9bb4dbec8581ca04089256e9730ddad1fea1b6aa24df5a668ad,2021-06,Lancashire Constabulary,Lancashire Constabulary,,,No Location,,,Vehicle crime,Status update unavailable,
1e4ec2ec9cf08301d4149a1540a012010011154bf43e77628584d0ffc8e099b5,2021-06,Lancashire Constabulary,Lancashire Constabulary,,,No Location,,,Vehicle crime,Court result unavailable,
982e7241fb9075eec62fd8d4dc09ac1e3de3b358fec0cfc0f08046256b6e24ad,2021-06,Lancashire Constabulary,Lancashire Constabulary,,,No Location,,,Vehicle crime,Investigation complete; no suspect identified,
b9fe85fff0e695b264593901303c7b46c00198ca7ad375092d76bbdb958ab46d,2021-06,Lancashire Constabulary,Lancashire Constabulary,,,No Location,,,Vehicle crime,Status update unavailable,
14cf5505839659d3a2bad0f7970325c8a736b0196c58840d85ea550ff89589f5,2021-06,Lancashire Constabulary,Lancashire Constabulary,,,No Location,,,Vehicle crime,Investigation complete; no suspect identified,
10522379cf092587fe49e918e2c2242208d66b7d23ff5fb08e4153993bea22c1,2021-06,Lancashire Constabulary,Lancashire Constabulary,,,No Location,,,Vehicle crime,Investigation complete; no suspect identified,
8a03c42257e3b24c5a21c10155f8fbcbc9addb312f83d18da9f1ab1f45dd5b92,2021-06,Lancashire Constabulary,Lancashire Constabulary,,,No Location,,,Vehicle crime,Investigation complete; no suspect identified,
de15dae6fa5cd0557c8783513bf42fad84159ff3489b33c2cb68e0e5cea762bc,2021-06,Lancashire Constabulary,Lancashire Constabulary,,,No Location,,,Vehicle crime,Investigation complete; no suspect identified,
79db82eb1a4228c234e70014e99ea3f58165c111fc96c883fbb1b349b27dc1d3,2021-06,Lancashire Constabulary,Lancashire Constabulary,,,No Location,,,Vehicle crime,Investigation complete; no suspect identified,
b88dc944129dbfc9d867b1f538ebab5dc33c919de82aa51c561479fdedaa03eb,2021-06,Lancashire Constabulary,Lancashire Constabulary,,,No Location,,,Vehicle crime,Investigation complete; no suspect identified,
f6d3b6799caa1dcaf77bffdd1b358232461a6048760377660f9b590306952bb1,2021-06,Lancashire Constabulary,Lancashire Constabulary,,,No Location,,,Vehicle crime,Status update unavailable,
e2b01706ff488cce5d210e071c9abd22e3e4a0dc7b53c21c1a8c4853032c6faf,2021-06,Lancashire Constabulary,Lancashire Constabulary,,,No Location,,,Vehicle crime,Unable to prosecute suspect,
933890ef7ff7e54ae5209e29659159c991aae648808250630c15f33191f760c5,2021-06,Lancashire Constabulary,Lancashire Constabulary,,,No Location,,,Vehicle crime,Unable to prosecute suspect,
795fb985669435dd1a13f570f1c320e3f791cc5adc70c4003186cc0518c641f1,2021-06,Lancashire Constabulary,Lancashire Constabulary,,,No Location,,,Vehicle crime,Investigation complete; no suspect identified,
b7d1a7009990d2bc10a37b249eea1ad139022259921cede22de1057b711f8cc7,2021-06,Lancashire Constabulary,Lancashire Constabulary,,,No Location,,,Vehicle crime,Investigation complete; no suspect identified,
a5c6d5e78baa1d748bb49de369db50a6479288727c9d4adf0c14f1e39b964dd3,2021-06,Lancashire Constabulary,Lancashire Constabulary,,,No Location,,,Vehicle crime,Investigation complete; no suspect identified,
2cc68c4e1ca4828aa9c68f91a0526f40b6595213814f723a20a25e239d524e6e,2021-06,Lancashire Constabulary,Lancashire Constabulary,,,No Location,,,Vehicle crime,Status update unavailable,
f7313598d7a2b79cf461cc0529d761f1f12cd89977db5e54e373a1fec2a9c0e1,2021-06,Lancashire Constabulary,Lancashire Constabulary,,,No Location,,,Vehicle crime,Investigation complete; no suspect identified,
d6f58437f3cd68ff2bf3ae8223fe74e68cb9a9ce513545449be3883b9af5e4bc,2021-06,Lancashire Constabulary,Lancashire Constabulary,,,No Location,,,Vehicle crime,Investigation complete; no suspect identified,
212708bed2b2938d6c73136f2b48698d7a0c8ba515c56e759d277fda98753a0f,2021-06,Lancashire Constabulary,Lancashire Constabulary,,,No Location,,,Vehicle crime,Investigation complete; no suspect identified,
5c9ec079c951ae4a4812ff6ef1ff49cb0ded854179f0d36e24bdaf58c0d737ef,2021-06,Lancashire Constabulary,Lancashire Constabulary,,,No Location,,,Vehicle crime,Court result unavailable,
b29c4487c41a62d260f3ecaa8ce3ab20c95f2a7c5a2cc67eb788cab05ee01a75,2021-06,Lancashire Constabulary,Lancashire Constabulary,,,No Location,,,Vehicle crime,Investigation complete; no suspect identified,
c2831e77a9ea0aaaeef04422da96fde2ce6896eb65b4f7c3ff451d918ae6b7e3,2021-06,Lancashire Constabulary,Lancashire Constabulary,,,No Location,,,Violence and sexual offences,Unable to prosecute suspect,
f3f7c5c7f337a592d67be2d93c12c0c8b6ac4b85157e485cb886ec99b4a6058d,2021-06,Lancashire Constabulary,Lancashire Constabulary,,,No Location,,,Violence and sexual offences,Unable to prosecute suspect,
b673d1c24e1b8d0d9a18d0f1669963a163c249eaad8ba0db3df2f9bbd3c00969,2021-06,Lancashire Constabulary,Lancashire Constabulary,,,No Location,,,Violence and sexual offences,Unable to prosecute suspect,
f676c81219e0122e4991b11a8c0a410f9c1c2796e4f6a876e36a16261c16a32f,2021-06,Lancashire Constabulary,Lancashire Constabulary,,,No Location,,,Violence and sexual offences,Unable to prosecute suspect,
202b9cf436c467b31260a9ec7185241e653ba8b033cbf44af8e410e862ce072a,2021-06,Lancashire Constabulary,Lancashire Constabulary,,,No Location,,,Violence and sexual offences,Court result unavailable,
5f448de245c6f0b2d79cbb1653e59a56b6cc034ff21dd5dcedfdc368a67f2959,2021-06,Lancashire Constabulary,Lancashire Constabulary,,,No Location,,,Violence and sexual offences,Unable to prosecute suspect,
30fc213706baa9ec57064d79735ea9d00c66cb6bde3e44e26d74ce042b9e0f57,2021-06,Lancashire Constabulary,Lancashire Constabulary,,,No Location,,,Violence and sexual offences,Investigation complete; no suspect identified,
a29865d235fcbbef8893ea0193567b49cceca7067c6e286cc5c2a84fbf55bc7b,2021-06,Lancashire Constabulary,Lancashire Constabulary,,,No Location,,,Violence and sexual offences,Status update unavailable,
fc04a17d23e523425590f181c75fbabea7b428220a5ccd8c8d76fb0d2be61e16,2021-06,Lancashire Constabulary,Lancashire Constabulary,,,No Location,,,Violence and sexual offences,Unable to prosecute suspect,
036afe1f53722109cf9921865af1329c880eb784f73adfe0172b23840e5cf2ba,2021-06,Lancashire Constabulary,Lancashire Constabulary,,,No Location,,,Violence and sexual offences,Status update unavailable,
ac1a1eaa0f3a01151dae9731364c7bc4568140fdd060c9c1000830ee6bcb8899,2021-06,Lancashire Constabulary,Lancashire Constabulary,,,No Location,,,Violence and sexual offences,Unable to prosecute suspect,
7d4a6b724471b673647b881e21b551e7e2287ed722243185b92bd0ae80c4fa10,2021-06,Lancashire Constabulary,Lancashire Constabulary,,,No Location,,,Violence and sexual offences,Further investigation is not in the public interest,
434522d9040671cea063c8724dc290fd966187d9566c2f6207c1ef32ccff559a,2021-06,Lancashire Constabulary,Lancashire Constabulary,,,No Location,,,Violence and sexual offences,Unable to prosecute suspect,
9bede60e7f493baaafd657686cd1fba2aaa14c1540fd34e5029aa31f00c96629,2021-06,Lancashire Constabulary,Lancashire Constabulary,,,No Location,,,Violence and sexual offences,Unable to prosecute suspect,
7b94cafc09e3caf05d9891512674a02dc1ede9b6b5deb594d68a3e716165018f,2021-06,Lancashire Constabulary,Lancashire Constabulary,,,No Location,,,Violence and sexual offences,Unable to prosecute suspect,
b269a1d3cf8c6c6e37baa069e28e2ba0cfb4bb8c9068c5db0b33654d98c2eea7,2021-06,Lancashire Constabulary,Lancashire Constabulary,,,No Location,,,Violence and sexual offences,Investigation complete; no suspect identified,
5bf37d5741b2ced415ce6d14055cd0e1386c5147d19eafdc1419e91fbdf97d2e,2021-06,Lancashire Constabulary,Lancashire Constabulary,,,No Location,,,Violence and sexual offences,Investigation complete; no suspect identified,
f8db05834fe23a95ab4197e22b2c2276e01e1fbd77ca57ebe4c8c8c5a1f35700,2021-06,Lancashire Constabulary,Lancashire Constabulary,,,No Location,,,Violence and sexual offences,Unable to prosecute suspect,
6cfd5d38c7c3426712a51f98ade4832b821ff7dda81fcceceae17dab5c09cdd4,2021-06,Lancashire Constabulary,Lancashire Constabulary,,,No Location,,,Violence and sexual offences,Unable to prosecute suspect,
b997e80379ff28c03f9c2032fdf3e740fb03e73a13e2bf7622401ecd50b4df37,2021-06,Lancashire Constabulary,Lancashire Constabulary,,,No Location,,,Violence and sexual offences,Unable to prosecute suspect,
e54cafc994f7a9b2b91467d0ca486de4f5ecc9ea6fbd2b43f0c4c7278254b89f,2021-06,Lancashire Constabulary,Lancashire Constabulary,,,No Location,,,Violence and sexual offences,Unable to prosecute suspect,
68ce065d62d6972dd2ed3ae15a50e1fc2ac8159e7b6d086de854ebb9ea754ebe,2021-06,Lancashire Constabulary,Lancashire Constabulary,,,No Location,,,Violence and sexual offences,Unable to prosecute suspect,
9538453bb135da5e43e0b00ca779b48a36b793103a3fef3ff8a5c601c0a4b5fc,2021-06,Lancashire Constabulary,Lancashire Constabulary,,,No Location,,,Violence and sexual offences,Unable to prosecute suspect,
489e8dedd56a8ddd771c95a2a3d1b5cf90dc8e348342f960e7767488bb9cdf51,2021-06,Lancashire Constabulary,Lancashire Constabulary,,,No Location,,,Violence and sexual offences,Investigation complete; no suspect identified,
4427f5b19941c1e4986bfadb223fd924b993270e8a735018464d98bceabd8f18,2021-06,Lancashire Constabulary,Lancashire Constabulary,,,No Location,,,Violence and sexual offences,Unable to prosecute suspect,
823966f9b47e6886669d69bee56bfa9b55c5d524cddf277c12d02ee5025c0eff,2021-06,Lancashire Constabulary,Lancashire Constabulary,,,No Location,,,Violence and sexual offences,Court result unavailable,
577632639f2ef99f86d819ef1428775f3cbde75e1a546178591bedc071b3458e,2021-06,Lancashire Constabulary,Lancashire Constabulary,,,No Location,,,Violence and sexual offences,Unable to prosecute suspect,
aece9cdd54bd4707c55b73f6a618c6cebc03e26ca3a629e8189b1fe53249d688,2021-06,Lancashire Constabulary,Lancashire Constabulary,,,No Location,,,Violence and sexual offences,Investigation complete; no suspect identified,
e279f2d73da3a2bfac91336b4fbf427a8df40ca23735daa94a15ae8f91b1b999,2021-06,Lancashire Constabulary,Lancashire Constabulary,,,No Location,,,Violence and sexual offences,Unable to prosecute suspect,
a6758760287485c50c72dccb0abce10189e12862214059535eb8bd55d009446b,2021-06,Lancashire Constabulary,Lancashire Constabulary,,,No Location,,,Violence and sexual offences,Unable to prosecute suspect,
2fe21eb61861af7a733d0485e53563cdac70757e46288aeff1c782c8a9b73fef,2021-06,Lancashire Constabulary,Lancashire Constabulary,,,No Location,,,Violence and sexual offences,Unable to prosecute suspect,
8e7e699615422c7c7b6da91f14911429efaa09bffed1afdd8118311856688277,2021-06,Lancashire Constabulary,Lancashire Constabulary,,,No Location,,,Violence and sexual offences,Unable to prosecute suspect,
b47dda138fb7fcad5c96dac3e5e33b5268c8c8f8454252e803855726204b267f,2021-06,Lancashire Constabulary,Lancashire Constabulary,,,No Location,,,Violence and sexual offences,Further investigation is not in the public interest,
043043cd292bdaeba92c037799c0dbbdc2efa1332d5662d74f85ed5c2a4e0723,2021-06,Lancashire Constabulary,Lancashire Constabulary,,,No Location,,,Violence and sexual offences,Unable to prosecute suspect,
df1dfd1794bfc07a2ae21ad84dbfbf5fe93ffa12449d6c12e9ac273ae3738a73,2021-06,Lancashire Constabulary,Lancashire Constabulary,,,No Location,,,Violence and sexual offences,Unable to prosecute suspect,
985c1627feb076622642a6b4ba98619e69412409ec72eb21e0678ffbf2e33c85,2021-06,Lancashire Constabulary,Lancashire Constabulary,,,No Location,,,Violence and sexual offences,Unable to prosecute suspect,
969cf437af7f9055ef4eb4a2e3b30a0231c6b24b0aad1404025a1c0de51cffb4,2021-06,Lancashire Constabulary,Lancashire Constabulary,,,No Location,,,Violence and sexual offences,Unable to prosecute suspect,
2783f2538948e52ac11bc3a925523cc26d9280f0c3914f1e18e97362035b9f3c,2021-06,Lancashire Constabulary,Lancashire Constabulary,,,No Location,,,Violence and sexual offences,Investigation complete; no suspect identified,
999014fcc013e98a20f3fafff0dbcc2171857274d45e87d58b4d344d8adcd8bc,2021-06,Lancashire Constabulary,Lancashire Constabulary,,,No Location,,,Violence and sexual offences,Further investigation is not in the public interest,
721bc6ab4be94c7c7dff764d1df6f9da9d6f17530169aba4655d80e9bf0d3756,2021-06,Lancashire Constabulary,Lancashire Constabulary,,,No Location,,,Violence and sexual offences,Status update unavailable,
e12789b3b3424f87d1da99bff3b67a10191e934cbbdfab4959d664b54e6f9fb0,2021-06,Lancashire Constabulary,Lancashire Constabulary,,,No Location,,,Violence and sexual offences,Unable to prosecute suspect,
f5b49f895f16bb4998b56b4b9a9b3d4eec270c45dc1745e97e1571a6a6a02615,2021-06,Lancashire Constabulary,Lancashire Constabulary,,,No Location,,,Violence and sexual offences,Status update unavailable,
eac5df55a717236d3ebe50854764e6f354a5d03385f4c76c85f76417386ff037,2021-06,Lancashire Constabulary,Lancashire Constabulary,,,No Location,,,Violence and sexual offences,Investigation complete; no suspect identified,
4935b292d288343b1ee3bdd363e1fa6b4876fe1c4db488a1f5d66d6c64b1b0f7,2021-06,Lancashire Constabulary,Lancashire Constabulary,,,No Location,,,Violence and sexual offences,Further investigation is not in the public interest,
274a1b4ae5887068fdbde897049882a8f1669c47c1670ab51513931ec2df70da,2021-06,Lancashire Constabulary,Lancashire Constabulary,,,No Location,,,Violence and sexual offences,Unable to prosecute suspect,
d5bef4a7bb722c2c3c12508e069f5e2dc4b1e5356c3404bd6e34b2fdec79c6ba,2021-06,Lancashire Constabulary,Lancashire Constabulary,,,No Location,,,Violence and sexual offences,Court result unavailable,
6538551b4909d4640835d095b6236e1d0b9e503482b148d083f82be375b51b28,2021-06,Lancashire Constabulary,Lancashire Constabulary,,,No Location,,,Violence and sexual offences,Unable to prosecute suspect,
c5424d53e3cdf9e9d6e771128fcd24242eabce8843c08259b1da76b923c40ba6,2021-06,Lancashire Constabulary,Lancashire Constabulary,,,No Location,,,Violence and sexual offences,Unable to prosecute suspect,
2cfea08ea905db3bd19ad0e6ba2d1bd21905c39ab4fc4c64fcbd0a1d2fb807df,2021-06,Lancashire Constabulary,Lancashire Constabulary,,,No Location,,,Violence and sexual offences,Investigation complete; no suspect identified,
baab25af0551e3d9731eaad0068c938094fc7b891c6c2a52690be12565ceb0fd,2021-06,Lancashire Constabulary,Lancashire Constabulary,,,No Location,,,Violence and sexual offences,Further investigation is not in the public interest,
a63472203ef5b543725b0bad89bb2604e7467a8d7350bd84794956443df4cc97,2021-06,Lancashire Constabulary,Lancashire Constabulary,,,No Location,,,Violence and sexual offences,Unable to prosecute suspect,
7c7af960e4cb52ebc4cec2287efa327d60fe49a7813b5a7537eb83959af49412,2021-06,Lancashire Constabulary,Lancashire Constabulary,,,No Location,,,Violence and sexual offences,Unable to prosecute suspect,
e6805b3106465c641f3ef29fa8d24354194fa7293de749b7d1239d18fdd56b8d,2021-06,Lancashire Constabulary,Lancashire Constabulary,,,No Location,,,Violence and sexual offences,Unable to prosecute suspect,
2aac21b706928d0d801e63df21281753c9ab689de1367fa39561b300b309165c,2021-06,Lancashire Constabulary,Lancashire Constabulary,,,No Location,,,Violence and sexual offences,Unable to prosecute suspect,
53f1d2a0ba6c2d4c75ffdbf4af5dfcc22c024841ce07447a8df5f0c00a792345,2021-06,Lancashire Constabulary,Lancashire Constabulary,,,No Location,,,Violence and sexual offences,Unable to prosecute suspect,
19fbfc0f08c1c7dc9c38181f7cd92c0d54d43313bf2324c38c1d84540364835f,2021-06,Lancashire Constabulary,Lancashire Constabulary,,,No Location,,,Violence and sexual offences,Court result unavailable,
9f9dac1bffe68e9535f72e0ecf1a19f812e50009fdcaf91fdea955b0e7a2857d,2021-06,Lancashire Constabulary,Lancashire Constabulary,,,No Location,,,Violence and sexual offences,Investigation complete; no suspect identified,
444d22ca0c1df3e279334421e556bbdfd32b1090c753f8196cfe3c0c0657b1c6,2021-06,Lancashire Constabulary,Lancashire Constabulary,,,No Location,,,Violence and sexual offences,Unable to prosecute suspect,
6cfdab2692652844b2f01d66e19f0800b02d83fa575e3113d39dcc2c6b85fc36,2021-06,Lancashire Constabulary,Lancashire Constabulary,,,No Location,,,Violence and sexual offences,Unable to prosecute suspect,
b8f5e4ef672d0bd776f84383b47b61b4071724a2f5d366d76eb69b8d6fa12815,2021-06,Lancashire Constabulary,Lancashire Constabulary,,,No Location,,,Violence and sexual offences,Unable to prosecute suspect,
445d0dd84a7f68ce9571df0f42c79a0ae93e5201f75bdb4dcdbed097c903883a,2021-06,Lancashire Constabulary,Lancashire Constabulary,,,No Location,,,Violence and sexual offences,Investigation complete; no suspect identified,
f517a416cdecb6eb72a8009c1c59e84c391c91fa32d70eea74fb21a861437921,2021-06,Lancashire Constabulary,Lancashire Constabulary,,,No Location,,,Violence and sexual offences,Further investigation is not in the public interest,
9c0af26b98c509d09a075e958dc7933f70c6a5dd04da2df882f275f5c3ef9bee,2021-06,Lancashire Constabulary,Lancashire Constabulary,,,No Location,,,Violence and sexual offences,Unable to prosecute suspect,
f31a7c6b16549e67b75099e0ef38a49006964c9d362f412a7724ca3f076c3071,2021-06,Lancashire Constabulary,Lancashire Constabulary,,,No Location,,,Violence and sexual offences,Unable to prosecute suspect,
671be290804731c5b5fef1c9079595597b4ec4d8f57ea050e90b9a33a304cbb8,2021-06,Lancashire Constabulary,Lancashire Constabulary,,,No Location,,,Violence and sexual offences,Unable to prosecute suspect,
2734a70e3b6157fb1043b3c8b0b6629e9ed3a473b892c95bf486d2e6c54946df,2021-06,Lancashire Constabulary,Lancashire Constabulary,,,No Location,,,Violence and sexual offences,Further investigation is not in the public interest,
fd0967399f833143dc9846d403ef57f4f8d672c6fa56fd114288cb863238caf7,2021-06,Lancashire Constabulary,Lancashire Constabulary,,,No Location,,,Violence and sexual offences,Unable to prosecute suspect,
d408cfca5168e84a7e35a29d6bed9f5eaf03f52ac6fb0961c858abe19ba71696,2021-06,Lancashire Constabulary,Lancashire Constabulary,,,No Location,,,Violence and sexual offences,Unable to prosecute suspect,
0df59a9e198cddaa32fc0e359f95092cae0b60e5cb12e2c93879c2db289fab21,2021-06,Lancashire Constabulary,Lancashire Constabulary,,,No Location,,,Violence and sexual offences,Unable to prosecute suspect,
e6f05d8af85e2da3d2e9cc6e8a807dc5c65480295a40c1be6e2ac8cc8c6c43b1,2021-06,Lancashire Constabulary,Lancashire Constabulary,,,No Location,,,Violence and sexual offences,Unable to prosecute suspect,
5e8cf49a53af906fb5abae552f6efa0127ec38c78cfbac14d3ab830addee9702,2021-06,Lancashire Constabulary,Lancashire Constabulary,,,No Location,,,Violence and sexual offences,Unable to prosecute suspect,
781c39f8049ef522b9d2f4b2c8aed93699d665c1daa5a6903efc48fdae32a302,2021-06,Lancashire Constabulary,Lancashire Constabulary,,,No Location,,,Violence and sexual offences,Status update unavailable,
febbd13b838121dd47f6769e4d83ea20b309b8ee7cf879de4d86119c57c0dcce,2021-06,Lancashire Constabulary,Lancashire Constabulary,,,No Location,,,Violence and sexual offences,Status update unavailable,
aa3015b5082731073add7a6aa5d0f3a3cd11a8285e2f0dd55b48253dcd0bb7a5,2021-06,Lancashire Constabulary,Lancashire Constabulary,,,No Location,,,Violence and sexual offences,Status update unavailable,
beee2345f37381ce17b9cd40dfd5d0b0095e28e075a0f6bd19b7b0f66878cfee,2021-06,Lancashire Constabulary,Lancashire Constabulary,,,No Location,,,Violence and sexual offences,Action to be taken by another organisation,
0a8a5d5120fbae890ceee9e59e18c6967b3a121f4d9738c8ad9ad5293462033d,2021-06,Lancashire Constabulary,Lancashire Constabulary,,,No Location,,,Violence and sexual offences,Unable to prosecute suspect,
716c81dfedfb9d7bc25444f1103446206a33ba41feadbec172d4551bc6b53af3,2021-06,Lancashire Constabulary,Lancashire Constabulary,,,No Location,,,Violence and sexual offences,Investigation complete; no suspect identified,
e16c6c4494d45ade0c1e973bac0a00ace98773d3cecf7eecd485db8cda0330b6,2021-06,Lancashire Constabulary,Lancashire Constabulary,,,No Location,,,Violence and sexual offences,Investigation complete; no suspect identified,
55e8c2924ad7b85350b15b781daa4552d2210086c1d33bf03492daaf42e83e35,2021-06,Lancashire Constabulary,Lancashire Constabulary,,,No Location,,,Violence and sexual offences,Unable to prosecute suspect,
9d819aaf4744ed328f5260d02be4ed6c26496137c0eb6568969db62ca19b81a4,2021-06,Lancashire Constabulary,Lancashire Constabulary,,,No Location,,,Violence and sexual offences,Unable to prosecute suspect,
b0238aa053073c2dfdcae35197357ae953a319d01fa4dd4a47fb4e0c7a3ab286,2021-06,Lancashire Constabulary,Lancashire Constabulary,,,No Location,,,Violence and sexual offences,Investigation complete; no suspect identified,
10fa83656796b9f49e4e6f979852e6d22da3c0a80290cd7dfafe6b139872c195,2021-06,Lancashire Constabulary,Lancashire Constabulary,,,No Location,,,Violence and sexual offences,Investigation complete; no suspect identified,
8f7c9b17e8368136425d2efeaeb5e4a14125e586d5a14d9306f5c18763d2226a,2021-06,Lancashire Constabulary,Lancashire Constabulary,,,No Location,,,Violence and sexual offences,Investigation complete; no suspect identified,
ead150cff9e99314d6dfc2e736299c9741d17942b7b9678db4d8fea48230bc18,2021-06,Lancashire Constabulary,Lancashire Constabulary,,,No Location,,,Violence and sexual offences,Unable to prosecute suspect,
3cb6fd7d0bedac4d1b6642ea1a79e3b94580b9b26b12954f125a8d2627403f4e,2021-06,Lancashire Constabulary,Lancashire Constabulary,,,No Location,,,Violence and sexual offences,Unable to prosecute suspect,
839b8bb81285122c73436940c9613d7e43e1684257de7b0c1ec437f6dbc2e458,2021-06,Lancashire Constabulary,Lancashire Constabulary,,,No Location,,,Violence and sexual offences,Unable to prosecute suspect,
0e71d484b90d2689b0307eabcc1b43b1919465619738d59b595d5a0afad2f71a,2021-06,Lancashire Constabulary,Lancashire Constabulary,,,No Location,,,Violence and sexual offences,Status update unavailable,
ab360678c524081a68b36bdcaca31fc2da136cc41ed52a6aef7c828ddfcccacb,2021-06,Lancashire Constabulary,Lancashire Constabulary,,,No Location,,,Violence and sexual offences,Investigation complete; no suspect identified,
3a875d6d5c7e6267d200cd4828fd5b50170e78e2b5b445a30a3aa9bf9b956c58,2021-06,Lancashire Constabulary,Lancashire Constabulary,,,No Location,,,Violence and sexual offences,Unable to prosecute suspect,
3ce6c764829a9d0a38fcf3ecdc8af354bde01aa9b1cd84782ccaf4dd546e2f80,2021-06,Lancashire Constabulary,Lancashire Constabulary,,,No Location,,,Violence and sexual offences,Action to be taken by another organisation,
07b3c57f69959113966b18bb91978c295ccb0ded6534490c3a388fca87abcbb1,2021-06,Lancashire Constabulary,Lancashire Constabulary,,,No Location,,,Violence and sexual offences,Unable to prosecute suspect,
b7baac597bb3ead51c4b0963e1e19ee0f06014529d507e9fa2fd22b5cc19c19b,2021-06,Lancashire Constabulary,Lancashire Constabulary,,,No Location,,,Violence and sexual offences,Unable to prosecute suspect,
5268847abd96972bf620b92d2e989f2c936d10fa7641939e9fcd1034c1c0be45,2021-06,Lancashire Constabulary,Lancashire Constabulary,,,No Location,,,Violence and sexual offences,Unable to prosecute suspect,
c18a2852d1c12e6be78e9dde9b32dfb01bb08cc21a921aabff5157770e31eedc,2021-06,Lancashire Constabulary,Lancashire Constabulary,,,No Location,,,Violence and sexual offences,Unable to prosecute suspect,
a93f266fd636e28d94baf6a76e0e6553a02083478c3098f483b6fb0f2d72629d,2021-06,Lancashire Constabulary,Lancashire Constabulary,,,No Location,,,Violence and sexual offences,Offender given a caution,
703018e5f41898edd04a5ff564e0ffed629e336501f372c57f17bae8c2db9240,2021-06,Lancashire Constabulary,Lancashire Constabulary,,,No Location,,,Violence and sexual offences,Unable to prosecute suspect,
b255f2f80d9fee32ba298c19cffe06d79dd83c5bf0a0a626a1bfba9fde2b38f0,2021-06,Lancashire Constabulary,Lancashire Constabulary,,,No Location,,,Violence and sexual offences,Further investigation is not in the public interest,
b3b2c80f60b4773aabe37e8cb2ce21fa73723450e81e9249d0f08c52bc52369b,2021-06,Lancashire Constabulary,Lancashire Constabulary,,,No Location,,,Violence and sexual offences,Status update unavailable,
ecc3a411c20a42b587c71e83e959431df5932e709545178d40ad9bfc46377901,2021-06,Lancashire Constabulary,Lancashire Constabulary,,,No Location,,,Violence and sexual offences,Status update unavailable,
f857fa21627684665eacbaafdb05b5a792913a7a04bbff020bde0c4914f7f1c9,2021-06,Lancashire Constabulary,Lancashire Constabulary,,,No Location,,,Violence and sexual offences,Unable to prosecute suspect,
d40765164e19850c7661f85661db708a36f1e06a330ae0190dd2244fb07cf882,2021-06,Lancashire Constabulary,Lancashire Constabulary,,,No Location,,,Violence and sexual offences,Unable to prosecute suspect,
3c3221660dca3abda172977c102080cdfa1face6e98da1d09e08748888d78773,2021-06,Lancashire Constabulary,Lancashire Constabulary,,,No Location,,,Violence and sexual offences,Unable to prosecute suspect,
60aae70eab1e060bc3b0d1167704696356d1e194c60a89c918ac8cc7496ffebc,2021-06,Lancashire Constabulary,Lancashire Constabulary,,,No Location,,,Violence and sexual offences,Court result unavailable,
b761b44b3f0c7af3d664719fb7eeed8d4809dd2df6b81ecbbcb11e08a8f4d760,2021-06,Lancashire Constabulary,Lancashire Constabulary,,,No Location,,,Violence and sexual offences,Unable to prosecute suspect,
8951217caf3ab8f66bd3cbf28f2b82ec8ff4d95741d66b06d1cb11839ba099e2,2021-06,Lancashire Constabulary,Lancashire Constabulary,,,No Location,,,Violence and sexual offences,Unable to prosecute suspect,
e74c0a8028713a5d2796e20c20ed9dd23fe212f2c0a54e4cf434de8294e96769,2021-06,Lancashire Constabulary,Lancashire Constabulary,,,No Location,,,Violence and sexual offences,Unable to prosecute suspect,
055805ddc6d63b32eba562138bdaba94afd5df33a79bfbe406d50b614ecb30a3,2021-06,Lancashire Constabulary,Lancashire Constabulary,,,No Location,,,Violence and sexual offences,Unable to prosecute suspect,
47e3f71d1c89176ad3f339085b60da7d57b160fc25c3f50d7e6f24bd21518da6,2021-06,Lancashire Constabulary,Lancashire Constabulary,,,No Location,,,Violence and sexual offences,Unable to prosecute suspect,
37d6cc7a24e82ec61357a588461923d3e58cfc371392b96e83aab910394139fa,2021-06,Lancashire Constabulary,Lancashire Constabulary,,,No Location,,,Violence and sexual offences,Unable to prosecute suspect,
55f178b022b44a0aca57b5519f028bd11763ca602ac4d7a2a0db8fb1b24ebceb,2021-06,Lancashire Constabulary,Lancashire Constabulary,,,No Location,,,Violence and sexual offences,Investigation complete; no suspect identified,
915fadaef644cdd43253a0a53b71544f2e066bdf9d0122ffb36a72901f22cba0,2021-06,Lancashire Constabulary,Lancashire Constabulary,,,No Location,,,Violence and sexual offences,Investigation complete; no suspect identified,
cdb48235e44720eab919004c54c4990b5c5891c6ec3d9439a96360e2eecf684f,2021-06,Lancashire Constabulary,Lancashire Constabulary,,,No Location,,,Violence and sexual offences,Action to be taken by another organisation,
1c911330bc986ca4ff65167b9d7bd196c545ba60bb7545e4686fb940aa884759,2021-06,Lancashire Constabulary,Lancashire Constabulary,,,No Location,,,Violence and sexual offences,Unable to prosecute suspect,
70390e8e1ce4f71bdfe4eb328e8dc09614e8ba926190321c603f47793f21bd83,2021-06,Lancashire Constabulary,Lancashire Constabulary,,,No Location,,,Violence and sexual offences,Further investigation is not in the public interest,
517103a87ef512f312d5fcf5ea0f62cf5885cba73c6d5d9bcc89cfa7ce84b1ed,2021-06,Lancashire Constabulary,Lancashire Constabulary,,,No Location,,,Violence and sexual offences,Action to be taken by another organisation,
8915c76b60c0fc8419674cad6dc15778c6017a6ef859600ab20e1dae156f5b86,2021-06,Lancashire Constabulary,Lancashire Constabulary,,,No Location,,,Violence and sexual offences,Further investigation is not in the public interest,
6d479f1bebd5dd93533f7d17ec738dc2cd449ee2f9c458e25b1f76ee1bdc72c7,2021-06,Lancashire Constabulary,Lancashire Constabulary,,,No Location,,,Violence and sexual offences,Unable to prosecute suspect,
572f75fafcc3bbfe8b845ddb6f80c03cc02817aa10c25acb63e06c6f264bffa8,2021-06,Lancashire Constabulary,Lancashire Constabulary,,,No Location,,,Violence and sexual offences,Unable to prosecute suspect,
077eb1912601f7d7a2f6188f0dd840f60082c6131ce4ccae0e8f69c2bdd4ee39,2021-06,Lancashire Constabulary,Lancashire Constabulary,,,No Location,,,Violence and sexual offences,Unable to prosecute suspect,
cfe122b35e5033459fe3b6ee2b374006a764874902962d7a8e2db87875f0a6dd,2021-06,Lancashire Constabulary,Lancashire Constabulary,,,No Location,,,Violence and sexual offences,Unable to prosecute suspect,
077d277532f118559adce1d74b12c015915367dec1388abf7234d94749c5cfe4,2021-06,Lancashire Constabulary,Lancashire Constabulary,,,No Location,,,Violence and sexual offences,Investigation complete; no suspect identified,
1df05a5426b10aff1d51758ee6b24e325ba30bfac50b3059b7017856baf2abdf,2021-06,Lancashire Constabulary,Lancashire Constabulary,,,No Location,,,Violence and sexual offences,Further investigation is not in the public interest,
a183908966d33500595099dbee189f64101d40e67f2903d31208aba525b61613,2021-06,Lancashire Constabulary,Lancashire Constabulary,,,No Location,,,Violence and sexual offences,Unable to prosecute suspect,
17b01bb5a26438f7f9ba0c61beea1b10bd5634958d9a9c4d938b51fd95eceeed,2021-06,Lancashire Constabulary,Lancashire Constabulary,,,No Location,,,Violence and sexual offences,Court result unavailable,
e6ce746cdbfd098f23e1c025336c1017ff19772bba581d587c89906da262ea90,2021-06,Lancashire Constabulary,Lancashire Constabulary,,,No Location,,,Violence and sexual offences,Status update unavailable,
09562c56cd3d9848f532a1c89499a0730b51dd008255c8e6dabbedb1d545b131,2021-06,Lancashire Constabulary,Lancashire Constabulary,,,No Location,,,Violence and sexual offences,Unable to prosecute suspect,
5caa5773c3b1be7b5e2e056ec62c804c79be5429a1eef0b85028ea762e264a3c,2021-06,Lancashire Constabulary,Lancashire Constabulary,,,No Location,,,Violence and sexual offences,Unable to prosecute suspect,
b085de06c472f60e8139f702f02a58dd8f36af1b26391e53535258197a6b877a,2021-06,Lancashire Constabulary,Lancashire Constabulary,,,No Location,,,Violence and sexual offences,Action to be taken by another organisation,
994a2bbbf361f7514500fd967f388fc2585776706d3ff7a5350befd8712a038d,2021-06,Lancashire Constabulary,Lancashire Constabulary,,,No Location,,,Violence and sexual offences,Unable to prosecute suspect,
bbc13ef785c384740578dbc9370c597254017cf35d99a7d21a18b3d57c9f1401,2021-06,Lancashire Constabulary,Lancashire Constabulary,,,No Location,,,Violence and sexual offences,Court result unavailable,
62cbd7af20ee7500aa70b76b3fa156f3f190f9a9ecf0022893486bb05eb48629,2021-06,Lancashire Constabulary,Lancashire Constabulary,,,No Location,,,Violence and sexual offences,Unable to prosecute suspect,
b46bb170903f31827634879ed9771f2cd5982758c9c9b85729032b2c176fc018,2021-06,Lancashire Constabulary,Lancashire Constabulary,,,No Location,,,Violence and sexual offences,Action to be taken by another organisation,
6f8ee65d4c0cb2a9314fb34c254e3516ad4365f38734f1052d283857f8ede5c3,2021-06,Lancashire Constabulary,Lancashire Constabulary,,,No Location,,,Violence and sexual offences,Unable to prosecute suspect,
8e4004ac49987e9908b74061965b5f9fa29cbf962cab4076871d3e217aa2bdf0,2021-06,Lancashire Constabulary,Lancashire Constabulary,,,No Location,,,Violence and sexual offences,Unable to prosecute suspect,
ecd6157307404de62c2acd888da8f5708485c88427e90c9999b7cc6d616fb53a,2021-06,Lancashire Constabulary,Lancashire Constabulary,,,No Location,,,Violence and sexual offences,Status update unavailable,
94402d07e7c2bd281c28af23ef67aece4b90e07601e1a040ce68bd431cfa251a,2021-06,Lancashire Constabulary,Lancashire Constabulary,,,No Location,,,Violence and sexual offences,Unable to prosecute suspect,
5236d20f333f3dfcf0d89a071ed4180e854f813a649a50580afed5c264005e60,2021-06,Lancashire Constabulary,Lancashire Constabulary,,,No Location,,,Violence and sexual offences,Unable to prosecute suspect,
27bcebab4940c1e2298c1d04ff13d33166926b327c1e698767d2e5f7adb6b9a7,2021-06,Lancashire Constabulary,Lancashire Constabulary,,,No Location,,,Violence and sexual offences,Unable to prosecute suspect,
96d888c9f293eadd90c139aa7442560ad3ba15c142863e37627728c5d0b373c7,2021-06,Lancashire Constabulary,Lancashire Constabulary,,,No Location,,,Violence and sexual offences,Action to be taken by another organisation,
d9e3ab5d90c02464998069602df50de9f237653223898b6c9fc2aa90da1f1f14,2021-06,Lancashire Constabulary,Lancashire Constabulary,,,No Location,,,Violence and sexual offences,Investigation complete; no suspect identified,
ce66139b4190898c351a85368a63307cbc29ef09eba3f8d64be418c26496c593,2021-06,Lancashire Constabulary,Lancashire Constabulary,,,No Location,,,Violence and sexual offences,Investigation complete; no suspect identified,
c9591bbb6042fe8082d882dad3284755ac1c6286a14157b8a39500fab2336daa,2021-06,Lancashire Constabulary,Lancashire Constabulary,,,No Location,,,Violence and sexual offences,Unable to prosecute suspect,
76cd44e612564c8b2ac3234ecf015683ddfbea4c9166717d27dbdf8b7988cec9,2021-06,Lancashire Constabulary,Lancashire Constabulary,,,No Location,,,Violence and sexual offences,Unable to prosecute suspect,
f3547119541398d713b60b6ff011a3370dfdded0b493df317308b08f752bf276,2021-06,Lancashire Constabulary,Lancashire Constabulary,,,No Location,,,Violence and sexual offences,Unable to prosecute suspect,
0c02cd8ca514b8718cfb3ed2e968e293f118aa41c2f896231ae7cfbeaf125976,2021-06,Lancashire Constabulary,Lancashire Constabulary,,,No Location,,,Violence and sexual offences,Unable to prosecute suspect,
32d4009262bfa9e157e66cf16367c9ba502945048a50005d883b8e7e2b79cc2d,2021-06,Lancashire Constabulary,Lancashire Constabulary,,,No Location,,,Violence and sexual offences,Status update unavailable,
3738e1078c4ae1563af78bada51e44e0d513a60aeca13ce7f7465d12b9f18e5e,2021-06,Lancashire Constabulary,Lancashire Constabulary,,,No Location,,,Violence and sexual offences,Unable to prosecute suspect,
3bc2fb2f8943fb0ea2d8976630bb2c3bbda2fbf5f753612d5b60001e6283b541,2021-06,Lancashire Constabulary,Lancashire Constabulary,,,No Location,,,Violence and sexual offences,Unable to prosecute suspect,
036edd0a3b35cc07fa8842b04575a953aa52af919027f633532d6b64c244bcfc,2021-06,Lancashire Constabulary,Lancashire Constabulary,,,No Location,,,Violence and sexual offences,Status update unavailable,
83303faba3a61cf0d081063711ffda69e385033e9910ceb9ad576e4ecfb475ac,2021-06,Lancashire Constabulary,Lancashire Constabulary,,,No Location,,,Violence and sexual offences,Unable to prosecute suspect,
b811458671509e830ae78648b729f37e07d29d49ce1e2b5e7c65b38681302db0,2021-06,Lancashire Constabulary,Lancashire Constabulary,,,No Location,,,Violence and sexual offences,Unable to prosecute suspect,
b46990231857bdb336a57c4c0254e7cecac9f7fef473bb7cca0f90466186a203,2021-06,Lancashire Constabulary,Lancashire Constabulary,,,No Location,,,Violence and sexual offences,Unable to prosecute suspect,
a92ac41d0a08c047e4d3f7e5f2706e19780e6b4dfe2d4611eb4f59083df2ed08,2021-06,Lancashire Constabulary,Lancashire Constabulary,,,No Location,,,Violence and sexual offences,Unable to prosecute suspect,
ebfea557d66076d555198170f6547a8f9d63e9cc81185ee879db51074e417047,2021-06,Lancashire Constabulary,Lancashire Constabulary,,,No Location,,,Violence and sexual offences,Unable to prosecute suspect,
cdb7c9561ff9ad237ffce41bb5aa7a08902ee771954a81619d45bc1720c9560d,2021-06,Lancashire Constabulary,Lancashire Constabulary,,,No Location,,,Violence and sexual offences,Investigation complete; no suspect identified,
54fe5026b90a5cb95610e17f7159e5fe9b0dfaa301662132aeb398277caa02fd,2021-06,Lancashire Constabulary,Lancashire Constabulary,,,No Location,,,Violence and sexual offences,Unable to prosecute suspect,
69a1425ad05dd21beaf7e767df2ae28732a1302c3b36baf193e087cf9cc4edfd,2021-06,Lancashire Constabulary,Lancashire Constabulary,,,No Location,,,Violence and sexual offences,Unable to prosecute suspect,
139b6530e9388cf4127264d0983ca130bae0db43ea5689555d97527c71855b0b,2021-06,Lancashire Constabulary,Lancashire Constabulary,,,No Location,,,Violence and sexual offences,Unable to prosecute suspect,
026d428e5715feff0c724c9c77046872b1fb267a3297d653e7f18a7995722886,2021-06,Lancashire Constabulary,Lancashire Constabulary,,,No Location,,,Violence and sexual offences,Unable to prosecute suspect,
9feb1b12f99e07ba603ac63efc64dc1354a1f4b1781045ceee19b0ad6b7882bc,2021-06,Lancashire Constabulary,Lancashire Constabulary,,,No Location,,,Violence and sexual offences,Court result unavailable,
ce8d854f95fb9ca8aa1e915aa0dcb3247859e7d17a8c9df173f5b01a7fd666a3,2021-06,Lancashire Constabulary,Lancashire Constabulary,,,No Location,,,Violence and sexual offences,Unable to prosecute suspect,
66fb57997b1b42a5e403fc1daa645db8322c745f7399b005b8eff568130e2f42,2021-06,Lancashire Constabulary,Lancashire Constabulary,,,No Location,,,Violence and sexual offences,Unable to prosecute suspect,
3c35d9116b27defa65a9883467d0c43efadb11c93190ebecca572392104a1bc0,2021-06,Lancashire Constabulary,Lancashire Constabulary,,,No Location,,,Violence and sexual offences,Unable to prosecute suspect,
ae309329f7b6181d68c66bdd793aebd38ab2e54aa81fb7cea0b8bbad5d2e1dca,2021-06,Lancashire Constabulary,Lancashire Constabulary,,,No Location,,,Violence and sexual offences,Unable to prosecute suspect,
0c311df4e8b8cdd80cece25f56c19c1c001942d7274a3599ab21b1b94dc035b8,2021-06,Lancashire Constabulary,Lancashire Constabulary,,,No Location,,,Violence and sexual offences,Unable to prosecute suspect,
20ff986d0024e7ef7b0853cab1bc566f3a4f3ca4c9497c15f4ea3caa2a4037e1,2021-06,Lancashire Constabulary,Lancashire Constabulary,,,No Location,,,Violence and sexual offences,Investigation complete; no suspect identified,
47d5f6a7813dfa70bbecd2c8789f499a710ea639869290a74c88cb50539f8471,2021-06,Lancashire Constabulary,Lancashire Constabulary,,,No Location,,,Violence and sexual offences,Unable to prosecute suspect,
ab38b0b9f35fdff8567342bd45116b7a94ad8608159542f88f64d54f9e6d465e,2021-06,Lancashire Constabulary,Lancashire Constabulary,,,No Location,,,Violence and sexual offences,Investigation complete; no suspect identified,
16691f75da109f123cb3c56cd9ebb380970740fe068f8f8173f2d168fafeeb1f,2021-06,Lancashire Constabulary,Lancashire Constabulary,,,No Location,,,Violence and sexual offences,Unable to prosecute suspect,
a55b325bb09a4f87b824d64f0ca910692b19029aa4e3ebb5ec3e982e81d9d911,2021-06,Lancashire Constabulary,Lancashire Constabulary,,,No Location,,,Violence and sexual offences,Unable to prosecute suspect,
bd2b75402a72e21158290524c351f8abf17997385c65991897c32e70083e282c,2021-06,Lancashire Constabulary,Lancashire Constabulary,,,No Location,,,Violence and sexual offences,Unable to prosecute suspect,
768d5525ff54ced85b06d1766331d1605da8ae20d1c1488065cf355390712608,2021-06,Lancashire Constabulary,Lancashire Constabulary,,,No Location,,,Violence and sexual offences,Unable to prosecute suspect,
9c1bdf66316f35cb720267d5e07861faab7875dfd44503de9bdb8b956fe27d7d,2021-06,Lancashire Constabulary,Lancashire Constabulary,,,No Location,,,Violence and sexual offences,Court result unavailable,
b1c1c6cbd05989ca3a0251c742de57c16491fe2dd2012db3cb1b09a982f4bba0,2021-06,Lancashire Constabulary,Lancashire Constabulary,,,No Location,,,Violence and sexual offences,Investigation complete; no suspect identified,
5c86d81a84e711da9110c07fb9637e43b316f8ddce7e21485440675e3c431c04,2021-06,Lancashire Constabulary,Lancashire Constabulary,,,No Location,,,Violence and sexual offences,Unable to prosecute suspect,
07856c91c43646b4627a5878d279147a8a68cc3c3a2474d528919e59e0ca8974,2021-06,Lancashire Constabulary,Lancashire Constabulary,,,No Location,,,Violence and sexual offences,Unable to prosecute suspect,
752a7ff4d7e21198f8ece88ed2683d3a35046f0d47e7f6aea3d5123b39f58505,2021-06,Lancashire Constabulary,Lancashire Constabulary,,,No Location,,,Violence and sexual offences,Investigation complete; no suspect identified,
e8aac9c1ec4e25f3ec3a4261d4ea3d8188f8b761284d2c11b96677bb74ef0b8e,2021-06,Lancashire Constabulary,Lancashire Constabulary,,,No Location,,,Violence and sexual offences,Further investigation is not in the public interest,
10e5b337b04151679cf5881dd2298a289c75d045dd4831a50a9ca23d84281e08,2021-06,Lancashire Constabulary,Lancashire Constabulary,,,No Location,,,Violence and sexual offences,Offender given a caution,
34f36da7fb5bb52d0563d4ca0ddadb48048bc27ec70e5e2818e9a332cdfd55f8,2021-06,Lancashire Constabulary,Lancashire Constabulary,,,No Location,,,Violence and sexual offences,Unable to prosecute suspect,
1797f38a2aaf2369f3b452f0bb138aa54d82ba76ba83200b611e746ada9ab520,2021-06,Lancashire Constabulary,Lancashire Constabulary,,,No Location,,,Violence and sexual offences,Unable to prosecute suspect,
a43eed4e1e4e1c4486d5cfab9a48e65e830a49f8cccb4c1409fa1d8d9a493e0d,2021-06,Lancashire Constabulary,Lancashire Constabulary,,,No Location,,,Violence and sexual offences,Unable to prosecute suspect,
312cd6494ef77887b5ee1df7f280c187b08f637758db555b4225b54972acbd99,2021-06,Lancashire Constabulary,Lancashire Constabulary,,,No Location,,,Violence and sexual offences,Unable to prosecute suspect,
c51a3732d5ee26bc740b34fa88abd3d0e54869c8a40b30c6aa7a337caa269770,2021-06,Lancashire Constabulary,Lancashire Constabulary,,,No Location,,,Violence and sexual offences,Unable to prosecute suspect,
4cec3f6e49c42e946a8c566b61f69f509e3549015e27566f96779b0308ed6ed3,2021-06,Lancashire Constabulary,Lancashire Constabulary,,,No Location,,,Violence and sexual offences,Unable to prosecute suspect,
7255ffd0e959640782b83bc8be4094347a9d79936b92ba8be1a68f827d2dcdbb,2021-06,Lancashire Constabulary,Lancashire Constabulary,,,No Location,,,Violence and sexual offences,Unable to prosecute suspect,
35feb2ee4fd787902a7294e4ae4e8fa94ef49a0b1fa5dd709c7000f05d715cbc,2021-06,Lancashire Constabulary,Lancashire Constabulary,,,No Location,,,Violence and sexual offences,Unable to prosecute suspect,
11a5cbec6fcdd701ea4ab3a4aae40121afbcd079bc85d3720aa4bd1351277a05,2021-06,Lancashire Constabulary,Lancashire Constabulary,,,No Location,,,Violence and sexual offences,Investigation complete; no suspect identified,
23236cfb8752be2eeb239032f4c0a31bd7321d10140318229071d34b23fc8938,2021-06,Lancashire Constabulary,Lancashire Constabulary,,,No Location,,,Violence and sexual offences,Investigation complete; no suspect identified,
0e18e6c0d8f1b89b8677e0668cb5309e086a8bdc24a2f48642cf882b9f83c238,2021-06,Lancashire Constabulary,Lancashire Constabulary,,,No Location,,,Violence and sexual offences,Further investigation is not in the public interest,
ceeea74826e587e00be210665515258bbe534e90f99ecde56aa38700cf1dbe15,2021-06,Lancashire Constabulary,Lancashire Constabulary,,,No Location,,,Violence and sexual offences,Unable to prosecute suspect,
8a20d37739c92cd53d894db8d93832d8725d387604298f0eeb14ffc25837bb57,2021-06,Lancashire Constabulary,Lancashire Constabulary,,,No Location,,,Violence and sexual offences,Unable to prosecute suspect,
c35a40b2fe0b483d290c1c0e00261d56c33d6c376f9f6da47a7c116584e0b850,2021-06,Lancashire Constabulary,Lancashire Constabulary,,,No Location,,,Violence and sexual offences,Unable to prosecute suspect,
acc41d3c22d773a431767fe3848b5bead8d7d4b7121efb7180014ff56ec66589,2021-06,Lancashire Constabulary,Lancashire Constabulary,,,No Location,,,Violence and sexual offences,Unable to prosecute suspect,
f696f6e2fd714cb8b5e7cbebb8713633d3e1ea6ddefcb712019384771e3b3793,2021-06,Lancashire Constabulary,Lancashire Constabulary,,,No Location,,,Violence and sexual offences,Unable to prosecute suspect,
2849f6ad7a4e981f8bb892ac4f28aec07006a5625729b74894d4f772c6b9dcdc,2021-06,Lancashire Constabulary,Lancashire Constabulary,,,No Location,,,Violence and sexual offences,Unable to prosecute suspect,
a9c6d45de8d5b10cc81515e35ac2730180ce4e5c57dcf32a9079c712ea89a2df,2021-06,Lancashire Constabulary,Lancashire Constabulary,,,No Location,,,Violence and sexual offences,Unable to prosecute suspect,
54d4352b4f59a454cbbc459ab8c6186b7d5cfb08b6a00727ad17fc4935fb0716,2021-06,Lancashire Constabulary,Lancashire Constabulary,,,No Location,,,Violence and sexual offences,Unable to prosecute suspect,
1372da9353c03a4695880cf9b2d97b18555b824a459850c7757daf53231302aa,2021-06,Lancashire Constabulary,Lancashire Constabulary,,,No Location,,,Violence and sexual offences,Unable to prosecute suspect,
bd40a219551006dbe370dcca4c7861c8c31b9d7b16e0877c95d9b0e9825f72b5,2021-06,Lancashire Constabulary,Lancashire Constabulary,,,No Location,,,Violence and sexual offences,Unable to prosecute suspect,
58cf10d93fd295e7047f5133a23347d4bdd5a71629f0ec6cb340c7cb8d9e8b09,2021-06,Lancashire Constabulary,Lancashire Constabulary,,,No Location,,,Violence and sexual offences,Status update unavailable,
38c507bf1c4af136d02f16044911c4ffcf9b81e911708b1ee7802701e17c0f83,2021-06,Lancashire Constabulary,Lancashire Constabulary,,,No Location,,,Violence and sexual offences,Unable to prosecute suspect,
3c61b98807d93e85d614ecbd3e9bec21e1a21a01bdfa4729316ab4e1d7c34be7,2021-06,Lancashire Constabulary,Lancashire Constabulary,,,No Location,,,Violence and sexual offences,Unable to prosecute suspect,
d4d622e390629cebf52b490dfd7377e95adbaf9c745150ac1bd0772f6e07c56c,2021-06,Lancashire Constabulary,Lancashire Constabulary,,,No Location,,,Violence and sexual offences,Investigation complete; no suspect identified,
cd8ba215ed8fad46a292104e3a271eaffb6d8bb68b8fa4edeac3c202f17b505d,2021-06,Lancashire Constabulary,Lancashire Constabulary,,,No Location,,,Violence and sexual offences,Unable to prosecute suspect,
c19bc5888d7de443e86037883deac378c41fa6be02a4b342de20f4c854d90ad9,2021-06,Lancashire Constabulary,Lancashire Constabulary,,,No Location,,,Violence and sexual offences,Unable to prosecute suspect,
54a8d5441cced90264112af0b5b5487519ca816a98e4ab18b37519f092870199,2021-06,Lancashire Constabulary,Lancashire Constabulary,,,No Location,,,Violence and sexual offences,Offender given a caution,
aa6ce96c19fc9e05ec765da53c7d8135e1a1276fc279596d431253362bfdf540,2021-06,Lancashire Constabulary,Lancashire Constabulary,,,No Location,,,Violence and sexual offences,Investigation complete; no suspect identified,
9e81d3be06b1f478e9e7f315338a5688493613b0bf1df5aaee8529556a6b299c,2021-06,Lancashire Constabulary,Lancashire Constabulary,,,No Location,,,Violence and sexual offences,Unable to prosecute suspect,
0efbc57275443ac7f078edaf4ae78cbfb82c9c01aaeb79cbe85f8335834ffeca,2021-06,Lancashire Constabulary,Lancashire Constabulary,,,No Location,,,Violence and sexual offences,Unable to prosecute suspect,
064fb5267b5399e229e0f39f17468ac7413f15fd62e52bcfe800b5e974b09ec3,2021-06,Lancashire Constabulary,Lancashire Constabulary,,,No Location,,,Violence and sexual offences,Further investigation is not in the public interest,
fb7217225b13898f8e1e11a42245ca92a2d989e8e42a0c660a2bca753cf228f6,2021-06,Lancashire Constabulary,Lancashire Constabulary,,,No Location,,,Violence and sexual offences,Unable to prosecute suspect,
a15435db12efdf9420b680edaf13b2ad1e499828e761c6d9b268cc401dc42f81,2021-06,Lancashire Constabulary,Lancashire Constabulary,,,No Location,,,Violence and sexual offences,Unable to prosecute suspect,
c39b6f26f0efc677570bdbb7e8a27675b89fce969af5cd2b01ba648c893fad53,2021-06,Lancashire Constabulary,Lancashire Constabulary,,,No Location,,,Violence and sexual offences,Investigation complete; no suspect identified,
560ea97a332585af5ec60d0ce92bbf533ebf064ae7f00221968d7999c685ac82,2021-06,Lancashire Constabulary,Lancashire Constabulary,,,No Location,,,Violence and sexual offences,Unable to prosecute suspect,
e323e983fa309ded3290976429f0637aad30483dfdf787d6f6ec0e712b312e62,2021-06,Lancashire Constabulary,Lancashire Constabulary,,,No Location,,,Violence and sexual offences,Investigation complete; no suspect identified,
e0a9df75361047254844e41639c3a6d5134444ffb9c9189e87966dcd7b543de8,2021-06,Lancashire Constabulary,Lancashire Constabulary,,,No Location,,,Violence and sexual offences,Status update unavailable,
19477d4c4d8401326ec47ece13b641ffc19d4f4b0b6dfe45cb01b15f5a40efdb,2021-06,Lancashire Constabulary,Lancashire Constabulary,,,No Location,,,Violence and sexual offences,Unable to prosecute suspect,
73b02a983256e4fe34ea52e5dc1c7b8392a5c1213c5e581ac9969e02e545a3bd,2021-06,Lancashire Constabulary,Lancashire Constabulary,,,No Location,,,Violence and sexual offences,Investigation complete; no suspect identified,
9f055f59ea950a0ab926ecf78b90ca972a4ec29adcc8be9b71f3171b118f44f7,2021-06,Lancashire Constabulary,Lancashire Constabulary,,,No Location,,,Violence and sexual offences,Unable to prosecute suspect,
bd334a783c8ad553a2426f8f6a96be52cb65f80145a41074865c6fe61c513386,2021-06,Lancashire Constabulary,Lancashire Constabulary,,,No Location,,,Violence and sexual offences,Unable to prosecute suspect,
e685ab6a76ed05fc261da1d4ddcad82686b7de0d5a87423c0b5f30389502bda1,2021-06,Lancashire Constabulary,Lancashire Constabulary,,,No Location,,,Violence and sexual offences,Unable to prosecute suspect,
c68f9c936674524435cd3d855ea2d0dc20c59fb79e98277b4f170627533a8346,2021-06,Lancashire Constabulary,Lancashire Constabulary,,,No Location,,,Violence and sexual offences,Investigation complete; no suspect identified,
148bff7485ec8eaa73ae2f1f4261e6604437fb9d4d8188cfbe811fb3964ea6c1,2021-06,Lancashire Constabulary,Lancashire Constabulary,,,No Location,,,Violence and sexual offences,Investigation complete; no suspect identified,
be66c37fb394f91004d7640335bcebd6490ea355bba27219838fc3dc08e8c85b,2021-06,Lancashire Constabulary,Lancashire Constabulary,,,No Location,,,Violence and sexual offences,Unable to prosecute suspect,
120744426b3ce6937cbedb56c445c3f8cf548874ef00d40bc306bf7568659ba4,2021-06,Lancashire Constabulary,Lancashire Constabulary,,,No Location,,,Violence and sexual offences,Unable to prosecute suspect,
18b5e8282807ce625b7c4ce4e10599e32576bd9fa092ec709dbf0ec4b961060b,2021-06,Lancashire Constabulary,Lancashire Constabulary,,,No Location,,,Violence and sexual offences,Court result unavailable,
0821958ea387036c12066db96c7f221d00e1a3fe2ed36b86e4f883518bea6c28,2021-06,Lancashire Constabulary,Lancashire Constabulary,,,No Location,,,Violence and sexual offences,Unable to prosecute suspect,
ad84009f059d8b87e0a663d8a0b960efae40b1c8ca5c5357247d736cdaa242ea,2021-06,Lancashire Constabulary,Lancashire Constabulary,,,No Location,,,Violence and sexual offences,Status update unavailable,
1b151480d82f159106c3777cfc29d265589d6b420b6a37ed8cca626d905c9b49,2021-06,Lancashire Constabulary,Lancashire Constabulary,,,No Location,,,Violence and sexual offences,Investigation complete; no suspect identified,
97892c26f24d6538a9fe1c73c423e91c0a21b438d61c150ceba5781515d1e5f3,2021-06,Lancashire Constabulary,Lancashire Constabulary,,,No Location,,,Violence and sexual offences,Unable to prosecute suspect,
9ae77a4ab27a91ea8a9ad87f63b40c9a8ac8d65e61fe7cd53f739db4c0ea3cf3,2021-06,Lancashire Constabulary,Lancashire Constabulary,,,No Location,,,Violence and sexual offences,Status update unavailable,
e1c1f7b8a8a4338d9be675ebae5de3f65dd06e95d70d2b4ce34324a14e0c407c,2021-06,Lancashire Constabulary,Lancashire Constabulary,,,No Location,,,Violence and sexual offences,Status update unavailable,
dc58d32efd01f02c7984638cb8829540b141b322c8d9c0ba5dc45706379dd4e5,2021-06,Lancashire Constabulary,Lancashire Constabulary,,,No Location,,,Violence and sexual offences,Investigation complete; no suspect identified,
f05a583049241fef65f112334afd7ad86d05360e8921f1414f86c6725acf1e3b,2021-06,Lancashire Constabulary,Lancashire Constabulary,,,No Location,,,Violence and sexual offences,Unable to prosecute suspect,
c1c6d160b4d702531b3296f2ed01f3d955e9546032752eec15d588fe003968f3,2021-06,Lancashire Constabulary,Lancashire Constabulary,,,No Location,,,Violence and sexual offences,Court result unavailable,
f9429ec3e99b13e2db4e8ca118d4c1d866ec60ab87035f71524978519d4294f2,2021-06,Lancashire Constabulary,Lancashire Constabulary,,,No Location,,,Violence and sexual offences,Unable to prosecute suspect,
3f0c54c103605b78f393c43108c2a135185ccda377c47f8e78227ac34f117343,2021-06,Lancashire Constabulary,Lancashire Constabulary,,,No Location,,,Violence and sexual offences,Unable to prosecute suspect,
56205f57b63d57b5b2b9695f31a3993d58e9bbe7af72465bc247aa4b8998690a,2021-06,Lancashire Constabulary,Lancashire Constabulary,,,No Location,,,Violence and sexual offences,Unable to prosecute suspect,
ecfafdfd283060534fd46a9fd96bc16bd50ca548da6904802115418ba859cea4,2021-06,Lancashire Constabulary,Lancashire Constabulary,,,No Location,,,Violence and sexual offences,Status update unavailable,
9151a19d0caf10719900b2ee5c343b93d99a5cd7dfcef2af0e54b93c8898a427,2021-06,Lancashire Constabulary,Lancashire Constabulary,,,No Location,,,Violence and sexual offences,Further investigation is not in the public interest,
d0af954699e8f885a14592829b60ff455b5d63067bc1eb599976fab197d88d6d,2021-06,Lancashire Constabulary,Lancashire Constabulary,,,No Location,,,Violence and sexual offences,Unable to prosecute suspect,
41655fc60f11eb21eea1371c7b26b88b001c05aa4dae56f1dca1ce8269381696,2021-06,Lancashire Constabulary,Lancashire Constabulary,,,No Location,,,Violence and sexual offences,Unable to prosecute suspect,
ddab174d6b67bda191a03ccc27ce09e6743821d4866c184a42c0ce550ec29342,2021-06,Lancashire Constabulary,Lancashire Constabulary,,,No Location,,,Violence and sexual offences,Unable to prosecute suspect,
8eb602dbb687220af42a3ab93cab7b8c0930795249482ad50a29b3793ee5e1ec,2021-06,Lancashire Constabulary,Lancashire Constabulary,,,No Location,,,Violence and sexual offences,Action to be taken by another organisation,
0f4f2f2ba08d4f6960105d146441888d7d27d267c54b3c0b99548ed5c535e02c,2021-06,Lancashire Constabulary,Lancashire Constabulary,,,No Location,,,Violence and sexual offences,Unable to prosecute suspect,
6d60956edd0f32688690ed12cc65e27dab8b21a0cccf7f7751d28a8c1c34b4e0,2021-06,Lancashire Constabulary,Lancashire Constabulary,,,No Location,,,Violence and sexual offences,Court result unavailable,
39f37eee2e09be52fbaf77e81f45c18475d953ee40ab386dabba18a3e15563dd,2021-06,Lancashire Constabulary,Lancashire Constabulary,,,No Location,,,Violence and sexual offences,Unable to prosecute suspect,
5eecca438c769e429703a539cce1ac4c746ec7779aa56591d2de300749f21b87,2021-06,Lancashire Constabulary,Lancashire Constabulary,,,No Location,,,Violence and sexual offences,Status update unavailable,
293c59db0a6ef9da73cd3692ed285203768275dd71fb8d5d1d6a6332cae03a97,2021-06,Lancashire Constabulary,Lancashire Constabulary,,,No Location,,,Violence and sexual offences,Status update unavailable,
b21c1b8dfe340091c008298720ef2606b99fc6ce2a654636750ffa2347b9ba50,2021-06,Lancashire Constabulary,Lancashire Constabulary,,,No Location,,,Violence and sexual offences,Unable to prosecute suspect,
7781fa990f36d4b7d98c16ad8c8770675d5334eae2a14b21aa946730059afb65,2021-06,Lancashire Constabulary,Lancashire Constabulary,,,No Location,,,Violence and sexual offences,Unable to prosecute suspect,
83a00945b1629dfe37c97a5bd5b92b081ffeb8c6d40c6c1e591ef1954d15a128,2021-06,Lancashire Constabulary,Lancashire Constabulary,,,No Location,,,Violence and sexual offences,Local resolution,
d48cccff6bab75d6aebb5f7350959c2e36fcb49936946ffe17f3266de0ced408,2021-06,Lancashire Constabulary,Lancashire Constabulary,,,No Location,,,Violence and sexual offences,Further investigation is not in the public interest,
28179c0c869bced48af1b12085aeede304fc3a51857c9cb7cd8f75f2d3ae95a9,2021-06,Lancashire Constabulary,Lancashire Constabulary,,,No Location,,,Violence and sexual offences,Unable to prosecute suspect,
9808583387e2f7edb5db1cf4cda78f881e611a9c5f05103484799872907a38a5,2021-06,Lancashire Constabulary,Lancashire Constabulary,,,No Location,,,Violence and sexual offences,Court result unavailable,
59326e6e2549ce0c3a5381045c7a140215190a0fd4c6aef79c36dea4710b8c57,2021-06,Lancashire Constabulary,Lancashire Constabulary,,,No Location,,,Violence and sexual offences,Investigation complete; no suspect identified,
6b27ae86a05995acabebcd970128dfbea8b18a931a2076d0e70f38c79e358843,2021-06,Lancashire Constabulary,Lancashire Constabulary,,,No Location,,,Violence and sexual offences,Unable to prosecute suspect,
1a050deab726ea8a54626bf28c4da95bd5d817e66d1ae4532adb45e6c8a4c5a1,2021-06,Lancashire Constabulary,Lancashire Constabulary,,,No Location,,,Violence and sexual offences,Unable to prosecute suspect,
a0af715603962c51c6e5ee92d54c9f045f0d44842af02d44e88d6f8e8bf640ba,2021-06,Lancashire Constabulary,Lancashire Constabulary,,,No Location,,,Violence and sexual offences,Unable to prosecute suspect,
debbb4524961e5c4dd3f026bc8ada7f25a87a83cff1c9abfcbea779444194cd3,2021-06,Lancashire Constabulary,Lancashire Constabulary,,,No Location,,,Violence and sexual offences,Unable to prosecute suspect,
fb7c48119e7a9b9efa5632e36075184082a2dc87ec04be9c38495fb9e0c240cb,2021-06,Lancashire Constabulary,Lancashire Constabulary,,,No Location,,,Violence and sexual offences,Investigation complete; no suspect identified,
b2e9d16aa099b5b5cdf68464ad6cc8d4d73e39bd65a940176933c34b98fe6cb2,2021-06,Lancashire Constabulary,Lancashire Constabulary,,,No Location,,,Violence and sexual offences,Unable to prosecute suspect,
c34aec76c075e7c11982c56af4d18dda981dd8e99d51a73a6b6e0f7d4743ee98,2021-06,Lancashire Constabulary,Lancashire Constabulary,,,No Location,,,Violence and sexual offences,Unable to prosecute suspect,
9c6a280096be940d6b7d48933de71737396ea52765b43dc8f56af10f075826b7,2021-06,Lancashire Constabulary,Lancashire Constabulary,,,No Location,,,Violence and sexual offences,Unable to prosecute suspect,
923c605c51844bf8c0f3d30132f53568f183537666d84f323106c970e950a28f,2021-06,Lancashire Constabulary,Lancashire Constabulary,,,No Location,,,Violence and sexual offences,Action to be taken by another organisation,
2226a0202132cd46c4aab267c0d049f626954635af04056976b42afcd611bd18,2021-06,Lancashire Constabulary,Lancashire Constabulary,,,No Location,,,Violence and sexual offences,Unable to prosecute suspect,
c59c273c09d1b21221a6798447d556598c750da1ce66339943a4367c58ef6d1b,2021-06,Lancashire Constabulary,Lancashire Constabulary,,,No Location,,,Violence and sexual offences,Unable to prosecute suspect,
d9cb603b53bbaf4768ff9ed6aaf3a3bd5cd8098b4c499b228af38d2fa23ae90d,2021-06,Lancashire Constabulary,Lancashire Constabulary,,,No Location,,,Violence and sexual offences,Further investigation is not in the public interest,
a863bc74b5e5cdcddda62d6fa961cb32f59369b5a89cac6c4707e1a909d991d0,2021-06,Lancashire Constabulary,Lancashire Constabulary,,,No Location,,,Violence and sexual offences,Status update unavailable,
e9cdfc1d8cc68e90c128f54e84d3b4ae304196462677b4b893205bc8077fa679,2021-06,Lancashire Constabulary,Lancashire Constabulary,,,No Location,,,Violence and sexual offences,Action to be taken by another organisation,
bfda14cc40042b666699ee586945e7a82617287bb03c3a6412bfff9b137e08f5,2021-06,Lancashire Constabulary,Lancashire Constabulary,,,No Location,,,Violence and sexual offences,Unable to prosecute suspect,
efb21312036c479d241a582cc968b08246d7ce4f6c181dd760a9506ddc4c2e0d,2021-06,Lancashire Constabulary,Lancashire Constabulary,,,No Location,,,Violence and sexual offences,Action to be taken by another organisation,
54088744dfc8b4461bbbec898901208c103a2ff7e6173c19c5cbac74e666ce73,2021-06,Lancashire Constabulary,Lancashire Constabulary,,,No Location,,,Violence and sexual offences,Unable to prosecute suspect,
214a14a0da353abfc7a06886a88d1c22f24dc1090d23ccb37103a9557933638d,2021-06,Lancashire Constabulary,Lancashire Constabulary,,,No Location,,,Violence and sexual offences,Status update unavailable,
8fb261ccc0a669ab94fbbd6786134d2e3970c5ac1be400bdb45ab035f74c1c2a,2021-06,Lancashire Constabulary,Lancashire Constabulary,,,No Location,,,Violence and sexual offences,Unable to prosecute suspect,
c7e1739242f32aab5123e500bb8cae15676fdb7714f90011b598b0f888747363,2021-06,Lancashire Constabulary,Lancashire Constabulary,,,No Location,,,Violence and sexual offences,Status update unavailable,
d4279a02451de98a5899f70bd30947f350c9f3b6ed1770845a602d4cf78f5fd0,2021-06,Lancashire Constabulary,Lancashire Constabulary,,,No Location,,,Violence and sexual offences,Status update unavailable,
8cadf8993fcf0b06b3be708f99396e2f14123fe25dc8148ea9582d54de77045e,2021-06,Lancashire Constabulary,Lancashire Constabulary,,,No Location,,,Violence and sexual offences,Unable to prosecute suspect,
aad421168ea9cb6585f5e83c3dde26af8969b3621080510adee2a96f1d47d3b8,2021-06,Lancashire Constabulary,Lancashire Constabulary,,,No Location,,,Violence and sexual offences,Unable to prosecute suspect,
b20f695b74ee914353082fd0851d1931dea151736885463c366ebe469194196b,2021-06,Lancashire Constabulary,Lancashire Constabulary,,,No Location,,,Violence and sexual offences,Investigation complete; no suspect identified,
41708db786edf8e277476f6e1ef10c4965f0919735d2a112f4298f6dd769e538,2021-06,Lancashire Constabulary,Lancashire Constabulary,,,No Location,,,Violence and sexual offences,Further investigation is not in the public interest,
7a6d87fdb4406f7af6c029f6f50065f81d19279b650e7d7dddcfca4fea6c7e83,2021-06,Lancashire Constabulary,Lancashire Constabulary,,,No Location,,,Violence and sexual offences,Unable to prosecute suspect,
5722cb19f2aa87d981e22c748df21d50a1914a79158ce7ea68a5608ad4a2e4d0,2021-06,Lancashire Constabulary,Lancashire Constabulary,,,No Location,,,Violence and sexual offences,Action to be taken by another organisation,
bbf50f4e011ce46d371deab7752bf17d1a46f32e0f4cfbb9d489b751f1f4de81,2021-06,Lancashire Constabulary,Lancashire Constabulary,,,No Location,,,Violence and sexual offences,Investigation complete; no suspect identified,
6e54048e79c1196be123302820d7af70f5a6c2a69efb2fcc85f07b7dff54d30a,2021-06,Lancashire Constabulary,Lancashire Constabulary,,,No Location,,,Violence and sexual offences,Unable to prosecute suspect,
47b4fad5e9199ad1afad959e40fcc9161e968d3355bb69288b5f6101be1b2e3e,2021-06,Lancashire Constabulary,Lancashire Constabulary,,,No Location,,,Violence and sexual offences,Unable to prosecute suspect,
e4670ea0834c843aca4db75003edc6b13bc3c6abbc3c403d717f226636edaf53,2021-06,Lancashire Constabulary,Lancashire Constabulary,,,No Location,,,Violence and sexual offences,Unable to prosecute suspect,
192fe2026eef5fe9f70da95365b26982a4e11c17fb5cb78fb115f4658c673c25,2021-06,Lancashire Constabulary,Lancashire Constabulary,,,No Location,,,Violence and sexual offences,Status update unavailable,
0b3403557506c8b5496b974cb97c9e24a7b780b62772660437ac32bcf9fc93b8,2021-06,Lancashire Constabulary,Lancashire Constabulary,,,No Location,,,Violence and sexual offences,Further investigation is not in the public interest,
ff3c2be145bac489590aed6c22b035d7a92ad91270ce911ecc84d458b4f4c55e,2021-06,Lancashire Constabulary,Lancashire Constabulary,,,No Location,,,Violence and sexual offences,Action to be taken by another organisation,
78c9dcfef99fc90f017e039caa186a3e14f31d03c008aaa090f7ad2fd7f190d9,2021-06,Lancashire Constabulary,Lancashire Constabulary,,,No Location,,,Violence and sexual offences,Investigation complete; no suspect identified,
7eca09df298da41e4ad278a6d10543a0dd70712d9f32c47b6cebf7c4aa67604f,2021-06,Lancashire Constabulary,Lancashire Constabulary,,,No Location,,,Violence and sexual offences,Unable to prosecute suspect,
76325c0a58ac4c09eda9255b7ae6e4f93720d97589e1cd7ed26fbeb37dde9978,2021-06,Lancashire Constabulary,Lancashire Constabulary,,,No Location,,,Violence and sexual offences,Investigation complete; no suspect identified,
e16e55fb396763a949c001c0c7081b82cce5ff2b4075b1e25b5cab3bc676864f,2021-06,Lancashire Constabulary,Lancashire Constabulary,,,No Location,,,Violence and sexual offences,Unable to prosecute suspect,
4e69c73cebb9389dbcc84aafeebd0fe96ed7fcfac7b47c883c1d96204a61d7a0,2021-06,Lancashire Constabulary,Lancashire Constabulary,,,No Location,,,Violence and sexual offences,Further investigation is not in the public interest,
93406fd1701a570a70d8a0d69363c9f0fd66ff887ad2840e712e3c0e486b12d6,2021-06,Lancashire Constabulary,Lancashire Constabulary,,,No Location,,,Violence and sexual offences,Unable to prosecute suspect,
a7663b08a3d6cb8a6973651dca2d657f525154f6932aec6cbc3b05cf90351bf1,2021-06,Lancashire Constabulary,Lancashire Constabulary,,,No Location,,,Violence and sexual offences,Unable to prosecute suspect,
ac67efdc68effedea05cda02ab8495c6e232b6801cd98fdb063d52cbc2a7d1c9,2021-06,Lancashire Constabulary,Lancashire Constabulary,,,No Location,,,Violence and sexual offences,Unable to prosecute suspect,
0643aa57107ebba009b20dc688080dd828cb4ff82d2b94163b22c37096ee2b99,2021-06,Lancashire Constabulary,Lancashire Constabulary,,,No Location,,,Violence and sexual offences,Unable to prosecute suspect,
e8bc71b41dc366bf067d19d43979e01a38172c6f7d1b5bdfdbc8b7890dbe3892,2021-06,Lancashire Constabulary,Lancashire Constabulary,,,No Location,,,Violence and sexual offences,Unable to prosecute suspect,
a551607ccd2afaf64a2fdc040f25cad649b3769dc3a9a70d4afb424374125e7b,2021-06,Lancashire Constabulary,Lancashire Constabulary,,,No Location,,,Violence and sexual offences,Status update unavailable,
57141ba7fab2b420134470fc0c70c9958f155ff19200956c617d8f915810dd2d,2021-06,Lancashire Constabulary,Lancashire Constabulary,,,No Location,,,Violence and sexual offences,Investigation complete; no suspect identified,
09d63c93ad4fdc2b6d0301328e1cd0577a7639c407884f5ce86fa6e282ecae2c,2021-06,Lancashire Constabulary,Lancashire Constabulary,,,No Location,,,Violence and sexual offences,Unable to prosecute suspect,
290d58f994d078ba4df911555c05001313de85656efcbe44d489390914e3467b,2021-06,Lancashire Constabulary,Lancashire Constabulary,,,No Location,,,Violence and sexual offences,Unable to prosecute suspect,
4bdc6749b4803533bd3a9bdf307e603e1588263906933f4262773392c5310a30,2021-06,Lancashire Constabulary,Lancashire Constabulary,,,No Location,,,Violence and sexual offences,Unable to prosecute suspect,
fa8c6818819034b5097ea016672d222b2896aeab851468f827b1f666692ba06c,2021-06,Lancashire Constabulary,Lancashire Constabulary,,,No Location,,,Violence and sexual offences,Unable to prosecute suspect,
95ee7bddf15cdfc301c7192285450da7a220c08de383e5250fdcf6b1a0c083c8,2021-06,Lancashire Constabulary,Lancashire Constabulary,,,No Location,,,Violence and sexual offences,Unable to prosecute suspect,
bb161c0cc50f267ee8ffe58b530c6b8953f0d7535028a020b2b9652c5f9ce3e9,2021-06,Lancashire Constabulary,Lancashire Constabulary,,,No Location,,,Violence and sexual offences,Unable to prosecute suspect,
582fabae5735fae040e9ec1ad82b8cf08bcdc266899a72aa37688dd72affec65,2021-06,Lancashire Constabulary,Lancashire Constabulary,,,No Location,,,Violence and sexual offences,Status update unavailable,
38ead8c8fe7900faa246acd735a1b56c4e57510ca9302ee87f8562dcb1ebf58b,2021-06,Lancashire Constabulary,Lancashire Constabulary,,,No Location,,,Violence and sexual offences,Unable to prosecute suspect,
60d834c284997aa730d5defaa863bac540fc5f7ca4c5c05a806b31e7a324333b,2021-06,Lancashire Constabulary,Lancashire Constabulary,,,No Location,,,Violence and sexual offences,Unable to prosecute suspect,
d5ccee8579cfaa52b899e2de6148b2ef1dc29982db26d26e8bdda44b73c37caa,2021-06,Lancashire Constabulary,Lancashire Constabulary,,,No Location,,,Violence and sexual offences,Further investigation is not in the public interest,
f50a168872dfdbc7f1f5ad0b6d8a47dd40626eccf55bc0da7cb88e1f3e5e025c,2021-06,Lancashire Constabulary,Lancashire Constabulary,,,No Location,,,Violence and sexual offences,Further investigation is not in the public interest,
befcae3d070caeba61e7a6bd5e3b36a0a71038ac114129ff50b9c697f0f4b6c2,2021-06,Lancashire Constabulary,Lancashire Constabulary,,,No Location,,,Violence and sexual offences,Unable to prosecute suspect,
9493b4c9203a3ec63c1a275283c24818f3437831bac70bb8998f967172137bf6,2021-06,Lancashire Constabulary,Lancashire Constabulary,,,No Location,,,Violence and sexual offences,Further investigation is not in the public interest,
76fb2af6985162830a92277b971bad3fafb539123fbfe0ef59be8b18c34b8521,2021-06,Lancashire Constabulary,Lancashire Constabulary,,,No Location,,,Violence and sexual offences,Further investigation is not in the public interest,
fdc1ca43c67af2b5a76e3709ce5c70d16b06cad967be4948f5260896ff5e7fdc,2021-06,Lancashire Constabulary,Lancashire Constabulary,,,No Location,,,Violence and sexual offences,Investigation complete; no suspect identified,
31add1aabe1ff6f469fd6223d44a261a61d9053037794a39011badf764ac8f00,2021-06,Lancashire Constabulary,Lancashire Constabulary,,,No Location,,,Violence and sexual offences,Action to be taken by another organisation,
ed394ca9e4efda4270eda495365722c4d7e635bc0bd56fad2dd2e06353d859b8,2021-06,Lancashire Constabulary,Lancashire Constabulary,,,No Location,,,Violence and sexual offences,Unable to prosecute suspect,
819ae823ac9eaa3433f3bf4e8a090663f5f00ac91dff1ea0743ef0d69eefd002,2021-06,Lancashire Constabulary,Lancashire Constabulary,,,No Location,,,Violence and sexual offences,Unable to prosecute suspect,
30ed92eeb9a9d31e651850ed91473c6ddddf2b69e56d8c91fbf8f3b98493bf85,2021-06,Lancashire Constabulary,Lancashire Constabulary,,,No Location,,,Violence and sexual offences,Unable to prosecute suspect,
fe3d6e710f1e093ae0ab8826d7d733de88c9413584c1edd87f99fd13dc52c378,2021-06,Lancashire Constabulary,Lancashire Constabulary,,,No Location,,,Violence and sexual offences,Unable to prosecute suspect,
bd31ff2f4f72334d38e7bf160511390cf975152f52b75e4a48d2a55e7a143a1b,2021-06,Lancashire Constabulary,Lancashire Constabulary,,,No Location,,,Violence and sexual offences,Investigation complete; no suspect identified,
27c9ec68e8cccd6dcce157c026c80327502276454ba063f8ce928dc24932309a,2021-06,Lancashire Constabulary,Lancashire Constabulary,,,No Location,,,Violence and sexual offences,Investigation complete; no suspect identified,
5edd1427231e301faf605aabf1503c0e2ed6970a1d7ad0a7383f598bdc77cf09,2021-06,Lancashire Constabulary,Lancashire Constabulary,,,No Location,,,Violence and sexual offences,Unable to prosecute suspect,
2581da9ad0f934efa6838c7d571dd026dd4f2d3eaba629517f5a7005786f0478,2021-06,Lancashire Constabulary,Lancashire Constabulary,,,No Location,,,Violence and sexual offences,Investigation complete; no suspect identified,
b6742b2fa784926cd94e10dd341fe83eb97be73eee0dc5715ea22d43469779de,2021-06,Lancashire Constabulary,Lancashire Constabulary,,,No Location,,,Violence and sexual offences,Unable to prosecute suspect,
6b70e3dcbb588222979211e8b056dc2c226a62736c54f7649bef69a10010a291,2021-06,Lancashire Constabulary,Lancashire Constabulary,,,No Location,,,Violence and sexual offences,Unable to prosecute suspect,
6f5ef7052c5a189a03251eb27b6ccdf1a50087f34430966bf097d1f3d2f9961e,2021-06,Lancashire Constabulary,Lancashire Constabulary,,,No Location,,,Violence and sexual offences,Unable to prosecute suspect,
7f5563610b588c05b9f749566a5dcebda276ec4877288f785d1e68ad386a570f,2021-06,Lancashire Constabulary,Lancashire Constabulary,,,No Location,,,Violence and sexual offences,Court result unavailable,
dd779a588de1ca4d5cf92d533d2ee6292da0f090b7a9b02173d4f26c9a1aae22,2021-06,Lancashire Constabulary,Lancashire Constabulary,,,No Location,,,Violence and sexual offences,Unable to prosecute suspect,
5286cd57681b48e347667ef8e692fb4125d18c00e753c2f8113fa63084526aaf,2021-06,Lancashire Constabulary,Lancashire Constabulary,,,No Location,,,Violence and sexual offences,Unable to prosecute suspect,
eb270a69f50676f900a028cec49b571c35a2160440c658b24dc9719c5134cb41,2021-06,Lancashire Constabulary,Lancashire Constabulary,,,No Location,,,Violence and sexual offences,Unable to prosecute suspect,
d364632cd12632a3eebf70dbd40a0397b4a7f2200c3f5263e38723cf63782772,2021-06,Lancashire Constabulary,Lancashire Constabulary,,,No Location,,,Violence and sexual offences,Status update unavailable,
b254641f2415b3010b9eb930d8722f4a9c8d17df4fdcb4cf4ec6289654b8b025,2021-06,Lancashire Constabulary,Lancashire Constabulary,,,No Location,,,Violence and sexual offences,Unable to prosecute suspect,
5d10c62d1194b4f56db637f276eafbcadd307d413fde59909da74e7a1dd482c8,2021-06,Lancashire Constabulary,Lancashire Constabulary,,,No Location,,,Violence and sexual offences,Unable to prosecute suspect,
d982a3c66d299717eb9ead141a35f663dfeef8f3991b26ee9282485871707b4c,2021-06,Lancashire Constabulary,Lancashire Constabulary,,,No Location,,,Violence and sexual offences,Action to be taken by another organisation,
c50bfed5d524f2d44220de547d2970dd57dfbeaea8e4273baf020ee33505f74d,2021-06,Lancashire Constabulary,Lancashire Constabulary,,,No Location,,,Violence and sexual offences,Unable to prosecute suspect,
6eaa46392bdb79ecdf73dbea1503bfb5542ee61025afb4e38db4fa7e268789e0,2021-06,Lancashire Constabulary,Lancashire Constabulary,,,No Location,,,Violence and sexual offences,Further investigation is not in the public interest,
08b58c68b9b0935da57f27b60fec7b3a8e4db467d3406dd8dd7f9df4b2b1ef03,2021-06,Lancashire Constabulary,Lancashire Constabulary,,,No Location,,,Violence and sexual offences,Status update unavailable,
756f7d73fc1648ff9c0a6c06a25b1aee2425c2eb943a5ad20538fa3415303ded,2021-06,Lancashire Constabulary,Lancashire Constabulary,,,No Location,,,Violence and sexual offences,Status update unavailable,
014a689b9b599c6194979c1a780a938ff0ff61556f04d4725137bc7a7e2f01bf,2021-06,Lancashire Constabulary,Lancashire Constabulary,,,No Location,,,Violence and sexual offences,Status update unavailable,
51053ed87269fe22fc0df91fe67636147d6698c6cba066b577adb5f4f18189bc,2021-06,Lancashire Constabulary,Lancashire Constabulary,,,No Location,,,Violence and sexual offences,Unable to prosecute suspect,
f3c964b1a096eec77896c3225c8b7aae40503479f39f52051fa846ea2cc67c9b,2021-06,Lancashire Constabulary,Lancashire Constabulary,,,No Location,,,Violence and sexual offences,Unable to prosecute suspect,
ad6e6b785902e2f0873d82c4d7a7af3088de9f757508718cc72f71aeb4a24cd7,2021-06,Lancashire Constabulary,Lancashire Constabulary,,,No Location,,,Violence and sexual offences,Unable to prosecute suspect,
315ea3f07b0bf6db78f180df898f73744c51c2136789b9c6c68ea075d0ea60ef,2021-06,Lancashire Constabulary,Lancashire Constabulary,,,No Location,,,Violence and sexual offences,Unable to prosecute suspect,
4b9c92c92ae1aaf4553b16c513530670cd6847d75728133262d05c7794430cc4,2021-06,Lancashire Constabulary,Lancashire Constabulary,,,No Location,,,Violence and sexual offences,Unable to prosecute suspect,
1e4e9c14dc94e013238753c08d235f10c716bac2f6b68a088cf015ea664565c9,2021-06,Lancashire Constabulary,Lancashire Constabulary,,,No Location,,,Violence and sexual offences,Investigation complete; no suspect identified,
8ba3ba541fd5a082970021d5ad2960b1fcd739d85fe5a523f510977663a3bbd2,2021-06,Lancashire Constabulary,Lancashire Constabulary,,,No Location,,,Violence and sexual offences,Unable to prosecute suspect,
9b0b7f9788f7515cb96df79d49ceb92fd65606286db19bcfab167404d072b0ee,2021-06,Lancashire Constabulary,Lancashire Constabulary,,,No Location,,,Violence and sexual offences,Unable to prosecute suspect,
c6f9bb7e90fdbec51b4eb5fab4e13c2dbe910fd10d3a38a898dc752af81aece9,2021-06,Lancashire Constabulary,Lancashire Constabulary,,,No Location,,,Violence and sexual offences,Unable to prosecute suspect,
7205bb3510ed2388977446f739a1b7dd19ac922b51d140eb4bea761f4c7db9ed,2021-06,Lancashire Constabulary,Lancashire Constabulary,,,No Location,,,Violence and sexual offences,Unable to prosecute suspect,
5b0441d0886af67393f1c78edf63e469d720e8ca3b58ce2bbd1ac685f7f63eff,2021-06,Lancashire Constabulary,Lancashire Constabulary,,,No Location,,,Violence and sexual offences,Unable to prosecute suspect,
e3db25e294ae21b4ad7f134fd0c23f447a48e1fef81cf78c9b51a5419d6dad46,2021-06,Lancashire Constabulary,Lancashire Constabulary,,,No Location,,,Violence and sexual offences,Status update unavailable,
6271c0686469ec767e8f7309d463340fd64c086b18561c55f35bf6bb6aa1f4f5,2021-06,Lancashire Constabulary,Lancashire Constabulary,,,No Location,,,Violence and sexual offences,Investigation complete; no suspect identified,
1d44144aa29973b86acb1543404af800da1c5648a01e95679d74cf57ece314cb,2021-06,Lancashire Constabulary,Lancashire Constabulary,,,No Location,,,Violence and sexual offences,Awaiting court outcome,
b233299165302d191b23310d1301ab4a4d234cdd1d0dbb00734ddab0d93318fb,2021-06,Lancashire Constabulary,Lancashire Constabulary,,,No Location,,,Violence and sexual offences,Unable to prosecute suspect,
45451f67b7191fadd1e2d2264181045123a57b736b6c0cee6acf915da787c282,2021-06,Lancashire Constabulary,Lancashire Constabulary,,,No Location,,,Violence and sexual offences,Unable to prosecute suspect,
086e7228b3e5e9292b973e580806b8c134ad881767b209c0d439a4562d1e6986,2021-06,Lancashire Constabulary,Lancashire Constabulary,,,No Location,,,Violence and sexual offences,Status update unavailable,
9ecd64b278a9c2737e954ca9f5ea8e94163be45a0ba8c7fa9ee29ad0e6728577,2021-06,Lancashire Constabulary,Lancashire Constabulary,,,No Location,,,Violence and sexual offences,Unable to prosecute suspect,
82765ba5e4c34a795413743c74f2b45b931ff25e94b4d2cf5335d0e3642059b5,2021-06,Lancashire Constabulary,Lancashire Constabulary,,,No Location,,,Violence and sexual offences,Further investigation is not in the public interest,
6995ed6220232e7058f3e88a6a3b832dd923e45fe178db5578d7f92ab7be3fff,2021-06,Lancashire Constabulary,Lancashire Constabulary,,,No Location,,,Violence and sexual offences,Unable to prosecute suspect,
81843e36745f33c76454a813be9bd9281a852fb58aa43c9fd5748532e0fa8e46,2021-06,Lancashire Constabulary,Lancashire Constabulary,,,No Location,,,Violence and sexual offences,Unable to prosecute suspect,
2b468371679da7905210a67aadaefc5d9a5c6d677f60c4d57166a04693dd3fad,2021-06,Lancashire Constabulary,Lancashire Constabulary,,,No Location,,,Violence and sexual offences,Unable to prosecute suspect,
c721a1baf563368b7991bac08467afe9624a73f05625a97412d4eb4f8eb21d83,2021-06,Lancashire Constabulary,Lancashire Constabulary,,,No Location,,,Violence and sexual offences,Unable to prosecute suspect,
25752065c4d9a5f99dc0ed401610926d5ea401f786335ac495e0f6eaa2bd2e2d,2021-06,Lancashire Constabulary,Lancashire Constabulary,,,No Location,,,Violence and sexual offences,Action to be taken by another organisation,
56a55b3cb6b58c2629d2fa68bceeed5230a126637a0817f09302fb49a74f9147,2021-06,Lancashire Constabulary,Lancashire Constabulary,,,No Location,,,Violence and sexual offences,Unable to prosecute suspect,
3e6992ec3b4e4cd45e5a03c4f5220741e7760ef5c864d9f5cc5dfbfc5961941f,2021-06,Lancashire Constabulary,Lancashire Constabulary,,,No Location,,,Violence and sexual offences,Unable to prosecute suspect,
b4d9de6cefa284d02147d94795e3c1e9132e5331a64e1561298f0c2ad3077d95,2021-06,Lancashire Constabulary,Lancashire Constabulary,,,No Location,,,Violence and sexual offences,Unable to prosecute suspect,
746ffa880f944789689fadebed82ab517f1d2e3ad5b2dd129c7d55ddfec9d997,2021-06,Lancashire Constabulary,Lancashire Constabulary,,,No Location,,,Violence and sexual offences,Local resolution,
67c44c075fcee0b966f70a81c47558a5b4022be6c702454abf1846cc3e636deb,2021-06,Lancashire Constabulary,Lancashire Constabulary,,,No Location,,,Violence and sexual offences,Local resolution,
0e8ce7250ddd203959b4d90f47320639a63537ef94ad12167391e689973defaa,2021-06,Lancashire Constabulary,Lancashire Constabulary,,,No Location,,,Violence and sexual offences,Unable to prosecute suspect,
5f87893b4c13e752a2a4f3e6a9d4ccb4c63092f48500f743d0ebdb2885ed32e8,2021-06,Lancashire Constabulary,Lancashire Constabulary,,,No Location,,,Violence and sexual offences,Unable to prosecute suspect,
4c0e23626e0d252fe20d3d096fb83cb9a0bd85931547910ef1eda0f0039609ba,2021-06,Lancashire Constabulary,Lancashire Constabulary,,,No Location,,,Violence and sexual offences,Unable to prosecute suspect,
13a00e0d13b665a9e754d9e66a65c930c19b26795aced7ba48b6647c8c73d54d,2021-06,Lancashire Constabulary,Lancashire Constabulary,,,No Location,,,Violence and sexual offences,Investigation complete; no suspect identified,
08e347e1226188caba97b9fc165c0d6450fdbd33785f7abbbb06b0e0db3a388a,2021-06,Lancashire Constabulary,Lancashire Constabulary,,,No Location,,,Violence and sexual offences,Unable to prosecute suspect,
b312c9b90fc384d7558e91b422cfc8a3fd446522925bc95bc2839e4c2da6cfad,2021-06,Lancashire Constabulary,Lancashire Constabulary,,,No Location,,,Violence and sexual offences,Status update unavailable,
366f1ab6513515a50a9a5c54103225057681d9f04ac98a3c44efccd1897ed32f,2021-06,Lancashire Constabulary,Lancashire Constabulary,,,No Location,,,Violence and sexual offences,Unable to prosecute suspect,
1d9d98c1459378e688f13bf909e19204674236ef70c1cc26fa31f90f21421748,2021-06,Lancashire Constabulary,Lancashire Constabulary,,,No Location,,,Violence and sexual offences,Investigation complete; no suspect identified,
31bea126d31d40807331caa740dbb5222bc6b711c90c9b1f29629be863137ef9,2021-06,Lancashire Constabulary,Lancashire Constabulary,,,No Location,,,Violence and sexual offences,Unable to prosecute suspect,
74142b75d2564026053b1dd27d8addae34fc5a2eedeee1c85b62ad07f579428a,2021-06,Lancashire Constabulary,Lancashire Constabulary,,,No Location,,,Violence and sexual offences,Status update unavailable,
c36ca8a51deabcda9e6c66aab390045a429354f73adff7d3f8efe2ed786e3e85,2021-06,Lancashire Constabulary,Lancashire Constabulary,,,No Location,,,Violence and sexual offences,Status update unavailable,
3871cacd1a7361785f83e00b6f85fa70eef509a5c8eb9c995584cddfb592193e,2021-06,Lancashire Constabulary,Lancashire Constabulary,,,No Location,,,Violence and sexual offences,Unable to prosecute suspect,
47de11f1003a98730e05ca802bf8aeb1e87c1d488f9ed99b31ef5d315b45aad2,2021-06,Lancashire Constabulary,Lancashire Constabulary,,,No Location,,,Violence and sexual offences,Unable to prosecute suspect,
a0ea666ae6e8eed3db50c4e57a8277042f1c1b060e22e3f19aaa2fa36511577b,2021-06,Lancashire Constabulary,Lancashire Constabulary,,,No Location,,,Violence and sexual offences,Unable to prosecute suspect,
425fb4c15c3f17ee2f35d2d9663225690fe4aca2de24b2ebf2f33da304df2e00,2021-06,Lancashire Constabulary,Lancashire Constabulary,,,No Location,,,Violence and sexual offences,Local resolution,
82ec25483185481902b7570c40c56245e6056b71f3263081703c3dd47e18d734,2021-06,Lancashire Constabulary,Lancashire Constabulary,,,No Location,,,Violence and sexual offences,Unable to prosecute suspect,
d5c4c5c2258777ae2a3c4f42c38a5f831e2b7e7c713f5f0f64902e809ddab4f9,2021-06,Lancashire Constabulary,Lancashire Constabulary,,,No Location,,,Violence and sexual offences,Unable to prosecute suspect,
cbb2411b33967a229e24457ce6305dac84af3db5df07d32fb9f1a9a77ddfecf3,2021-06,Lancashire Constabulary,Lancashire Constabulary,,,No Location,,,Violence and sexual offences,Unable to prosecute suspect,
5286141acc6300c1f56a6e4263fc69d66488b91c275b8896118da55e89c1d014,2021-06,Lancashire Constabulary,Lancashire Constabulary,,,No Location,,,Violence and sexual offences,Unable to prosecute suspect,
53cb5a5d642ba1f2c9b2c2ec0ff6c1408839e66bdc79a5b37e7f29b316662905,2021-06,Lancashire Constabulary,Lancashire Constabulary,,,No Location,,,Violence and sexual offences,Unable to prosecute suspect,
f5525f26f88351e6ab7d2f5196bf98077c0edcfc03f69f8d3868a0ac5f4672e8,2021-06,Lancashire Constabulary,Lancashire Constabulary,,,No Location,,,Violence and sexual offences,Unable to prosecute suspect,
31376e185091fb9b180042cbefef9bf8651ca94376dc742efa34370acc13c04e,2021-06,Lancashire Constabulary,Lancashire Constabulary,,,No Location,,,Violence and sexual offences,Investigation complete; no suspect identified,
28db1b54ec7c572b9d54b320dbc127a562e149da1264a1f684618d3643b1f12c,2021-06,Lancashire Constabulary,Lancashire Constabulary,,,No Location,,,Violence and sexual offences,Further investigation is not in the public interest,
6618ff04da0a44447a8f707cdffa226185e2e3a07eeca68fd80dc9a03f63dd39,2021-06,Lancashire Constabulary,Lancashire Constabulary,,,No Location,,,Violence and sexual offences,Unable to prosecute suspect,
2afe9085e268a2d1a7e7ce49c77e11d520ad7fb10ba933e346c1854a9706dd83,2021-06,Lancashire Constabulary,Lancashire Constabulary,,,No Location,,,Violence and sexual offences,Local resolution,
60be313956a86dbd169d1f352e78ebc1c192097f73dfe1adeac928706390aabc,2021-06,Lancashire Constabulary,Lancashire Constabulary,,,No Location,,,Violence and sexual offences,Status update unavailable,
1289712614a03c60f047dc63cd49b7ebef5d65c7543e4368dae41a4dd92ae926,2021-06,Lancashire Constabulary,Lancashire Constabulary,,,No Location,,,Violence and sexual offences,Status update unavailable,
0b61a558d27475aae2f9262bfc18153aa61f595711847b9014832cc80fa122d8,2021-06,Lancashire Constabulary,Lancashire Constabulary,,,No Location,,,Violence and sexual offences,Investigation complete; no suspect identified,
6faa924f3c9fcb83bf54c6d39e91181a14c8d0519fbfab1567081add86b34c56,2021-06,Lancashire Constabulary,Lancashire Constabulary,,,No Location,,,Violence and sexual offences,Unable to prosecute suspect,
da010dd17011297f47c1af6ab2abfe0f2dfc2516195badbe6a1d33c6bb4321e1,2021-06,Lancashire Constabulary,Lancashire Constabulary,,,No Location,,,Violence and sexual offences,Action to be taken by another organisation,
7056a205b272f1e798db6cc9094f7961e5a7b3e3b75582a672cfec476c5c817c,2021-06,Lancashire Constabulary,Lancashire Constabulary,,,No Location,,,Violence and sexual offences,Unable to prosecute suspect,
b73f5d4eebb596ee389ff168448fd86b3cc648f27a893b73c0b93d09920c2035,2021-06,Lancashire Constabulary,Lancashire Constabulary,,,No Location,,,Violence and sexual offences,Unable to prosecute suspect,
22f1b1c0dd80e4219a4ceef89ef2537a8f16fee6676c927ce282d173d5ff590f,2021-06,Lancashire Constabulary,Lancashire Constabulary,,,No Location,,,Violence and sexual offences,Status update unavailable,
c3a7fac71afe573110078a67eb52be771d3f82d676b80037e8aed92e8d0099dd,2021-06,Lancashire Constabulary,Lancashire Constabulary,,,No Location,,,Violence and sexual offences,Unable to prosecute suspect,
e533406e71482c2e512f1d81c73dc9efec46de9a825b9772b44ca1b56bbc935c,2021-06,Lancashire Constabulary,Lancashire Constabulary,,,No Location,,,Violence and sexual offences,Unable to prosecute suspect,
b0e2fa9d80b93781ce39875426db8d28099a2795bcd1d7db0feda4272d4570e5,2021-06,Lancashire Constabulary,Lancashire Constabulary,,,No Location,,,Violence and sexual offences,Unable to prosecute suspect,
5d82c5bd992f9eb87bb2517fe8c4dbb756d5f2856d5279d9a39d9ac5d3db9b89,2021-06,Lancashire Constabulary,Lancashire Constabulary,,,No Location,,,Violence and sexual offences,Unable to prosecute suspect,
c084e598d8bcd8c558747ee9316cca7bf3b9eb26311f991f821769f68b4cd03e,2021-06,Lancashire Constabulary,Lancashire Constabulary,,,No Location,,,Violence and sexual offences,Unable to prosecute suspect,
01cce1095ff635c3b5d2c5de06e0c861ee074d1b92dc6af39d599aa3dadad12c,2021-06,Lancashire Constabulary,Lancashire Constabulary,,,No Location,,,Violence and sexual offences,Unable to prosecute suspect,
6598d5e4eb9b00f77e25f346c575a397a41f2754d58c00871d9c72bf24255ebd,2021-06,Lancashire Constabulary,Lancashire Constabulary,,,No Location,,,Violence and sexual offences,Unable to prosecute suspect,
e39a3ede52e2c46aae6b830d738c332fd7ee558661976af354bea7b33c62edd4,2021-06,Lancashire Constabulary,Lancashire Constabulary,,,No Location,,,Violence and sexual offences,Unable to prosecute suspect,
b8daf78743511dbfb21bdbd307521a6b31958657303536497a328998302baa06,2021-06,Lancashire Constabulary,Lancashire Constabulary,,,No Location,,,Violence and sexual offences,Unable to prosecute suspect,
07b7f034cdd37eb078575b1a374d0b213fd25a30a18f18cecca05279ca223cbb,2021-06,Lancashire Constabulary,Lancashire Constabulary,,,No Location,,,Violence and sexual offences,Investigation complete; no suspect identified,
aa63bbf7b0f34690bab38564fb3d68a068c0aede127b7ec45b97802760e5cae6,2021-06,Lancashire Constabulary,Lancashire Constabulary,,,No Location,,,Violence and sexual offences,Unable to prosecute suspect,
349bd8aaa858f8722611970818730614f425a1cabf1fdb86673db8391e43e155,2021-06,Lancashire Constabulary,Lancashire Constabulary,,,No Location,,,Violence and sexual offences,Unable to prosecute suspect,
6f0e1f04106ec598e7995222364ba3ad08e540c0ac47da70d85c85f29da7b35b,2021-06,Lancashire Constabulary,Lancashire Constabulary,,,No Location,,,Violence and sexual offences,Unable to prosecute suspect,
3d8132cb6249c9ad44bfc1a465b3af5a15aebc7c351054b2fae198d2c619c9ff,2021-06,Lancashire Constabulary,Lancashire Constabulary,,,No Location,,,Violence and sexual offences,Status update unavailable,
ac707be1f0a16aa78beded7003c75658848fe8d28ecf6d8bc99e77db3f0b314a,2021-06,Lancashire Constabulary,Lancashire Constabulary,,,No Location,,,Violence and sexual offences,Status update unavailable,
4e845db444a01a931359f879d0ad6e98c44e877b3a2215a60270d236e98de6d4,2021-06,Lancashire Constabulary,Lancashire Constabulary,,,No Location,,,Violence and sexual offences,Unable to prosecute suspect,
6f006117c1144bfabff0f047a97a97314dafb526135e1f2dc0679bb5dc81707e,2021-06,Lancashire Constabulary,Lancashire Constabulary,,,No Location,,,Violence and sexual offences,Unable to prosecute suspect,
c2cd59ff345e54634bf261fdc49be8343a63657edef22937c206e52b674953d1,2021-06,Lancashire Constabulary,Lancashire Constabulary,,,No Location,,,Violence and sexual offences,Unable to prosecute suspect,
77a252d2a8d7e783e352f8c1b3f7034bcb33af7deebad914bb30a51bf5eaf794,2021-06,Lancashire Constabulary,Lancashire Constabulary,,,No Location,,,Violence and sexual offences,Unable to prosecute suspect,
7bfe12cab03aa2e53d52240bff5617176ee07f429df6571040fe9f6c934a21f0,2021-06,Lancashire Constabulary,Lancashire Constabulary,,,No Location,,,Violence and sexual offences,Unable to prosecute suspect,
7a3186a1c863ded92169e703c6dd4db62c79359509ef5f66502a969e6e689a58,2021-06,Lancashire Constabulary,Lancashire Constabulary,,,No Location,,,Violence and sexual offences,Unable to prosecute suspect,
f220489880d560196e18386048af487da328d54ea177118b8abbe69c80f0e527,2021-06,Lancashire Constabulary,Lancashire Constabulary,,,No Location,,,Violence and sexual offences,Status update unavailable,
77fca811ab9bdf72c3b99c2cff74cdc76b34e4625f2a6bfcc9a76fe39e800be0,2021-06,Lancashire Constabulary,Lancashire Constabulary,,,No Location,,,Violence and sexual offences,Investigation complete; no suspect identified,
2ba53e3da4fae5a64f2a35c631c50fef45f91450dda22f25c516f2779e7e10ee,2021-06,Lancashire Constabulary,Lancashire Constabulary,,,No Location,,,Violence and sexual offences,Status update unavailable,
ce2ae0cc8e8f86405addd7f97a87eb8680bb4444b23f6b6d27ae393ae59e3706,2021-06,Lancashire Constabulary,Lancashire Constabulary,,,No Location,,,Violence and sexual offences,Unable to prosecute suspect,
77eb6d0d8f845d2e4fff09da12dba290ecc521be22293b08326d4702844d4211,2021-06,Lancashire Constabulary,Lancashire Constabulary,,,No Location,,,Violence and sexual offences,Unable to prosecute suspect,
e8b157db86025aa4815c2d46f58e1f449fb29efa1fd4aa090dcea40f676af769,2021-06,Lancashire Constabulary,Lancashire Constabulary,,,No Location,,,Violence and sexual offences,Investigation complete; no suspect identified,
2c55789a67502d98e9f106097b2aae7c48dfddaf43f90fdc24e2410c7991d753,2021-06,Lancashire Constabulary,Lancashire Constabulary,,,No Location,,,Violence and sexual offences,Status update unavailable,
b116f13c0c4165732e8c079da163697e2312af8f61cd7c400d977777e4f00183,2021-06,Lancashire Constabulary,Lancashire Constabulary,,,No Location,,,Violence and sexual offences,Investigation complete; no suspect identified,
dd8363b95cde4be07f6f9c03020c33f0d801356e083ced55c5070c38e467f01f,2021-06,Lancashire Constabulary,Lancashire Constabulary,,,No Location,,,Violence and sexual offences,Unable to prosecute suspect,
b8cb13e35754701f39972ef5373267f3ffb3561cec219e0efadbb8d5826e72dd,2021-06,Lancashire Constabulary,Lancashire Constabulary,,,No Location,,,Violence and sexual offences,Further investigation is not in the public interest,
9f405758a5ac5d4ba9e91d35dfedcc4160adb60b18e071ba275124510d292f05,2021-06,Lancashire Constabulary,Lancashire Constabulary,,,No Location,,,Violence and sexual offences,Unable to prosecute suspect,
4ea3d241f30d781bd794cb257d5be1ea2c95d8b915817cb7b11c391b2b24b491,2021-06,Lancashire Constabulary,Lancashire Constabulary,,,No Location,,,Violence and sexual offences,Unable to prosecute suspect,
d6d581098c202f1c3ca36c46174e6a51ddff670dccd1666002a444aaf705a51b,2021-06,Lancashire Constabulary,Lancashire Constabulary,,,No Location,,,Violence and sexual offences,Unable to prosecute suspect,
8843a677bde3777c809b55c8bda168840f470e0765378e58009ee351bad63bbf,2021-06,Lancashire Constabulary,Lancashire Constabulary,,,No Location,,,Violence and sexual offences,Unable to prosecute suspect,
648ea33698765bc3d189562a0d6356bf38cee16359ea0a2affbdfc130d40cd03,2021-06,Lancashire Constabulary,Lancashire Constabulary,,,No Location,,,Violence and sexual offences,Unable to prosecute suspect,
40c98783d18bbd306cd323473e7561732817110d54e0870de3bf1a7ea28ccb1e,2021-06,Lancashire Constabulary,Lancashire Constabulary,,,No Location,,,Violence and sexual offences,Unable to prosecute suspect,
146b2098aeb9e25691ae9f0f0576a2a87ebf96231540f3b4c05126005c054c5e,2021-06,Lancashire Constabulary,Lancashire Constabulary,,,No Location,,,Violence and sexual offences,Unable to prosecute suspect,
a17feb861b636816112f3f87425e832d11fe9581951e47d4d12823ed46222f0b,2021-06,Lancashire Constabulary,Lancashire Constabulary,,,No Location,,,Violence and sexual offences,Local resolution,
c8207cc2f6c7a7b9cf03a85148ff6a20250bec101dfb83a9e1fea44d0d65aeff,2021-06,Lancashire Constabulary,Lancashire Constabulary,,,No Location,,,Violence and sexual offences,Status update unavailable,
256d911c65b39f7fe20b19c087b97096d9b93b6d635f9a1c06e80b6b681540c4,2021-06,Lancashire Constabulary,Lancashire Constabulary,,,No Location,,,Violence and sexual offences,Action to be taken by another organisation,
30b6332f35c06894b6658b88b356fc4f0740a2520b67f396f31e2f224987447d,2021-06,Lancashire Constabulary,Lancashire Constabulary,,,No Location,,,Violence and sexual offences,Unable to prosecute suspect,
43e8a5631597121f5a424a7c45d20569862ac368c995dfbcad2471fb4e47749a,2021-06,Lancashire Constabulary,Lancashire Constabulary,,,No Location,,,Violence and sexual offences,Unable to prosecute suspect,
445305f17a709373e54879156cba608392e3b7fb9e56404a3ae6735bdf60afb4,2021-06,Lancashire Constabulary,Lancashire Constabulary,,,No Location,,,Violence and sexual offences,Unable to prosecute suspect,
5dbefb4498fb3a3572e7d6bd0f2233e5dc52980415d25695038de11a770a9873,2021-06,Lancashire Constabulary,Lancashire Constabulary,,,No Location,,,Violence and sexual offences,Investigation complete; no suspect identified,
0137ae519144ff96995a7f0f664daa7108b1423adf58d5b68e7f33254b7e42ab,2021-06,Lancashire Constabulary,Lancashire Constabulary,,,No Location,,,Violence and sexual offences,Unable to prosecute suspect,
0b38d7449bb343dad0e70c1c991cd16b3e18e108dbca80e614797dfc6a1d9819,2021-06,Lancashire Constabulary,Lancashire Constabulary,,,No Location,,,Violence and sexual offences,Status update unavailable,
c8b236bc1252c5b355593322dce64f189ed82c962b55146f69f22b428ab1bb00,2021-06,Lancashire Constabulary,Lancashire Constabulary,,,No Location,,,Violence and sexual offences,Status update unavailable,
5d3faab80f90969008af4c0ec25a8329cf5b888f55335186777fb553d508e081,2021-06,Lancashire Constabulary,Lancashire Constabulary,,,No Location,,,Violence and sexual offences,Unable to prosecute suspect,
973917015ed359336edafa9793c2fd04bde2edaccea9a544b964ba4cab90dfd8,2021-06,Lancashire Constabulary,Lancashire Constabulary,,,No Location,,,Violence and sexual offences,Unable to prosecute suspect,
90c164c331aff0da2848a46ab4077dbaf126f372a0779f25b5f8d1da2bb8fc8e,2021-06,Lancashire Constabulary,Lancashire Constabulary,,,No Location,,,Violence and sexual offences,Unable to prosecute suspect,
5836f29ab21d36a80b27bc627d3c277a678855aa177944ddf8676ce8483e9b7b,2021-06,Lancashire Constabulary,Lancashire Constabulary,,,No Location,,,Violence and sexual offences,Investigation complete; no suspect identified,
b427d0d824aa81df73e9d4187223cccb89d9f7faaaa3578f1e6999081f2d88be,2021-06,Lancashire Constabulary,Lancashire Constabulary,,,No Location,,,Violence and sexual offences,Further investigation is not in the public interest,
9deae8f603a4b85892c29f169f62c3bb2abef084be8a462fb65abaaf54475e41,2021-06,Lancashire Constabulary,Lancashire Constabulary,,,No Location,,,Violence and sexual offences,Investigation complete; no suspect identified,
9ed24b463146c347b9988afc76251db451c96ae737dbf76bf088d822d222ab70,2021-06,Lancashire Constabulary,Lancashire Constabulary,,,No Location,,,Violence and sexual offences,Unable to prosecute suspect,
d568ca3e0ee3aa859d045fd0f888ea94c8a5d569761792899126b0c82ba2d1a2,2021-06,Lancashire Constabulary,Lancashire Constabulary,,,No Location,,,Violence and sexual offences,Unable to prosecute suspect,
9f89d90e3795b2f338f8506cf2ca0a0d46112e3b1d877fdd2836de6f2f860b58,2021-06,Lancashire Constabulary,Lancashire Constabulary,,,No Location,,,Violence and sexual offences,Unable to prosecute suspect,
8fd0cce019901f93c95a9bf6c88b49d14d6f79ecd5bc80890e6d509100f5f47c,2021-06,Lancashire Constabulary,Lancashire Constabulary,,,No Location,,,Violence and sexual offences,Status update unavailable,
7ffef629dae3ae0cdc9a877909880f6d796c2e354f06a5959107db779f726d64,2021-06,Lancashire Constabulary,Lancashire Constabulary,,,No Location,,,Violence and sexual offences,Unable to prosecute suspect,
dd36c041287b1076cb33c444e1e80a8f4fdd56331ac5726164f859bb86113a2f,2021-06,Lancashire Constabulary,Lancashire Constabulary,,,No Location,,,Violence and sexual offences,Further investigation is not in the public interest,
c4c430fadec5a3eaa1a5bd6d89ff9a1bda80c83622b84619085e5757ae201db5,2021-06,Lancashire Constabulary,Lancashire Constabulary,,,No Location,,,Violence and sexual offences,Unable to prosecute suspect,
28ee55ff9db3e04fa0d956975e9a77485c091a61887bf341d8d45ba49f985b7d,2021-06,Lancashire Constabulary,Lancashire Constabulary,,,No Location,,,Violence and sexual offences,Unable to prosecute suspect,
1bf964559498110ddd20da182d41112d3d3857a189fad6d78304d1a48d2a0706,2021-06,Lancashire Constabulary,Lancashire Constabulary,,,No Location,,,Violence and sexual offences,Unable to prosecute suspect,
17d50a627b19d5edf8fc4b84354e166f830b5a8232aaddc4a060915cc41b1cb8,2021-06,Lancashire Constabulary,Lancashire Constabulary,,,No Location,,,Violence and sexual offences,Unable to prosecute suspect,
64cded32629a696b74a43ded89979d470b8a1c8294022f2568e66967e3731531,2021-06,Lancashire Constabulary,Lancashire Constabulary,,,No Location,,,Violence and sexual offences,Investigation complete; no suspect identified,
9b4405fc6891774befdb3f9d118c02cec8612e9c4229fca7650612f96c213b23,2021-06,Lancashire Constabulary,Lancashire Constabulary,,,No Location,,,Violence and sexual offences,Unable to prosecute suspect,
a7840fe592d3de0977ef54d785f9af22bcb7dfde4191b5af3a0cbd61254b536d,2021-06,Lancashire Constabulary,Lancashire Constabulary,,,No Location,,,Violence and sexual offences,Unable to prosecute suspect,
633efa3cb925b6e295bba1f3a0591886e13ba77a891f888c8aeafe716c9c459d,2021-06,Lancashire Constabulary,Lancashire Constabulary,,,No Location,,,Violence and sexual offences,Unable to prosecute suspect,
7b12375de17808770a57353ab3de0935cc0e58cdd735ab9efaa97837a9e9696c,2021-06,Lancashire Constabulary,Lancashire Constabulary,,,No Location,,,Violence and sexual offences,Unable to prosecute suspect,
a5f5f6ec9bcb9e98def12866622f954b7f7223bfd723dd55a95b424ff6b1aeec,2021-06,Lancashire Constabulary,Lancashire Constabulary,,,No Location,,,Violence and sexual offences,Unable to prosecute suspect,
5450cf0421790a86ec1ec5dfe2c192e22ce5af970309d640f99c1a41a561bddd,2021-06,Lancashire Constabulary,Lancashire Constabulary,,,No Location,,,Violence and sexual offences,Investigation complete; no suspect identified,
3c8d628843e701ed8c8659df74b8568e90d7c02414b1937108e16942931d05fb,2021-06,Lancashire Constabulary,Lancashire Constabulary,,,No Location,,,Violence and sexual offences,Unable to prosecute suspect,
87a6908db0e8da6000a4e0d3e0a680eae82a60ffbe6e0e8173d89100716cf336,2021-06,Lancashire Constabulary,Lancashire Constabulary,,,No Location,,,Violence and sexual offences,Unable to prosecute suspect,
01bb99ea6a770dbafd5c0024622ff6374b388b347c8f7ca039bf22c8d98b5933,2021-06,Lancashire Constabulary,Lancashire Constabulary,,,No Location,,,Violence and sexual offences,Investigation complete; no suspect identified,
b4e810b04d16a1ddd1afaa528eaedcfcd8772c6f614151e78580cb307accfb5d,2021-06,Lancashire Constabulary,Lancashire Constabulary,,,No Location,,,Violence and sexual offences,Unable to prosecute suspect,
05164318c2e800743f19df719de41abf3b3dfcf5f4522e84b24aacf6a5b9c47c,2021-06,Lancashire Constabulary,Lancashire Constabulary,,,No Location,,,Violence and sexual offences,Unable to prosecute suspect,
784fa79d1e49af9db6ec1b032e188f4ca67842f19e3386dd379a45c87b72434e,2021-06,Lancashire Constabulary,Lancashire Constabulary,,,No Location,,,Violence and sexual offences,Unable to prosecute suspect,
930001a60826feba0770f9289b65df9ef10da9c6395d02427ac5ecdb4d995712,2021-06,Lancashire Constabulary,Lancashire Constabulary,,,No Location,,,Violence and sexual offences,Unable to prosecute suspect,
a12978cdaa1c2187512bb3198edaf60a7977742e81916143d759318e87407fe0,2021-06,Lancashire Constabulary,Lancashire Constabulary,,,No Location,,,Violence and sexual offences,Unable to prosecute suspect,
a03e88f332f1e57827ad5291c3210de91ef54460dfd2d7bed50da3fba189729e,2021-06,Lancashire Constabulary,Lancashire Constabulary,,,No Location,,,Violence and sexual offences,Unable to prosecute suspect,
3f84b7db051aed9e525f8efb3a89dc01720fb71f70c24d34f118d0d55f908f2e,2021-06,Lancashire Constabulary,Lancashire Constabulary,,,No Location,,,Violence and sexual offences,Investigation complete; no suspect identified,
7004a80b7e2b2a05c63716fb8f2826dd30d6fa91cc2977fdd86052e6a78a370f,2021-06,Lancashire Constabulary,Lancashire Constabulary,,,No Location,,,Violence and sexual offences,Unable to prosecute suspect,
a9bcf1036a6a9ab0ae1731c8c669f31a0776e006790d3c0b798b0bc06aef4ef7,2021-06,Lancashire Constabulary,Lancashire Constabulary,,,No Location,,,Violence and sexual offences,Unable to prosecute suspect,
f692e3d28776f6f6f3e0a283c323ba75dcab6a587fca03900c62414390b9d6af,2021-06,Lancashire Constabulary,Lancashire Constabulary,,,No Location,,,Violence and sexual offences,Unable to prosecute suspect,
e236c82d12f840c1ba1144aad024c899b8d678b10c525b9ead60aac5adacbb9f,2021-06,Lancashire Constabulary,Lancashire Constabulary,,,No Location,,,Violence and sexual offences,Unable to prosecute suspect,
0cf2ef2c0f42189ebe62151ca65c7d20e519bb031255feed1ffa475ac49e6e0e,2021-06,Lancashire Constabulary,Lancashire Constabulary,,,No Location,,,Violence and sexual offences,Status update unavailable,
8f6b1a128535678502d140d9a2ee7bafd0b3892830b746baaae99691bfd10e13,2021-06,Lancashire Constabulary,Lancashire Constabulary,,,No Location,,,Violence and sexual offences,Unable to prosecute suspect,
4301e53b769d4e1a7c3fcfebb069d0469c60af0eae0c184961bbab6b3d1a1cdf,2021-06,Lancashire Constabulary,Lancashire Constabulary,,,No Location,,,Violence and sexual offences,Court result unavailable,
8590197db1f316af9c902941c64ce3676d73ec1f486d9acd886a7100c4dcded0,2021-06,Lancashire Constabulary,Lancashire Constabulary,,,No Location,,,Violence and sexual offences,Unable to prosecute suspect,
7b9eca7910831968d7c0e69fddc17b1633b80c8d46fe0cc40ad8c2f377fe4d9e,2021-06,Lancashire Constabulary,Lancashire Constabulary,,,No Location,,,Violence and sexual offences,Unable to prosecute suspect,
aca46ba38968ade0d10adbe4b9611d1c1e408884b6d733ab1e0abc16bce9ec95,2021-06,Lancashire Constabulary,Lancashire Constabulary,,,No Location,,,Violence and sexual offences,Unable to prosecute suspect,
c823137ddbbf4e888f9b6f6f9a63b8096c01f58c7e88151a0d7bcf124f42fa47,2021-06,Lancashire Constabulary,Lancashire Constabulary,,,No Location,,,Violence and sexual offences,Further investigation is not in the public interest,
1463dbfbbc67335fb23ff0a5dd99250113d6a44a0596ef4273e04f49d2407659,2021-06,Lancashire Constabulary,Lancashire Constabulary,,,No Location,,,Violence and sexual offences,Action to be taken by another organisation,
466e825b75cc3a7a3fa1f786e10b6d6d3832612acf11c0a6a8ae807ca3bbed47,2021-06,Lancashire Constabulary,Lancashire Constabulary,,,No Location,,,Violence and sexual offences,Unable to prosecute suspect,
c864cf4eace0be4d33c4415dba58488ae8cf5b853b38736607b9173713fd96c6,2021-06,Lancashire Constabulary,Lancashire Constabulary,,,No Location,,,Violence and sexual offences,Status update unavailable,
a6cec468087b6d355ce7dc97f40e0b4016b8cd9e9a271d0b599b20344dc974c1,2021-06,Lancashire Constabulary,Lancashire Constabulary,,,No Location,,,Violence and sexual offences,Status update unavailable,
3b5a6b380e49e55248d813953dafe6b7d16331b52d814191ee6b6b77c21d4e15,2021-06,Lancashire Constabulary,Lancashire Constabulary,,,No Location,,,Violence and sexual offences,Unable to prosecute suspect,
74ef66e206431d9b6e3f80950cc4d84044e91bf44b94db269957061f9981cfe5,2021-06,Lancashire Constabulary,Lancashire Constabulary,,,No Location,,,Violence and sexual offences,Unable to prosecute suspect,
d9c367a60f4527702500cf8af5958b8c58d73042c84f13de753de17a70c7f109,2021-06,Lancashire Constabulary,Lancashire Constabulary,,,No Location,,,Violence and sexual offences,Unable to prosecute suspect,
16bd906fd82dfc0dfecbb19eb5c81e9438cf6b3c9a4bc46291cd5dfb750c734e,2021-06,Lancashire Constabulary,Lancashire Constabulary,,,No Location,,,Violence and sexual offences,Unable to prosecute suspect,
ff22cc5f3db48d07f5625f6bd087d549ea215df4f7cb04cfd1c13e2ac9feeba0,2021-06,Lancashire Constabulary,Lancashire Constabulary,,,No Location,,,Violence and sexual offences,Local resolution,
1d2c8723fa6c858d93b4b6a3fddf59ac05ed60b354f893c1f9f4e8af9bf37104,2021-06,Lancashire Constabulary,Lancashire Constabulary,,,No Location,,,Violence and sexual offences,Unable to prosecute suspect,
9abf058b33a4808f5f4f8cbb3876ed0191f906272ff73d2d5da83cc5568ed58a,2021-06,Lancashire Constabulary,Lancashire Constabulary,,,No Location,,,Violence and sexual offences,Further investigation is not in the public interest,
371afde62a3d43acf10a73c79f25b43af04546dfab91705e7c2b0084d6379736,2021-06,Lancashire Constabulary,Lancashire Constabulary,,,No Location,,,Violence and sexual offences,Unable to prosecute suspect,
0c750b4d1bc9ce4e256056596d5f69621cae36ce4fe6eeffbfeb2eaa77a16026,2021-06,Lancashire Constabulary,Lancashire Constabulary,,,No Location,,,Violence and sexual offences,Unable to prosecute suspect,
785156b9659be1a72bed41b3813f2c413a965b7ab6e8fae037cb2dbc9067e11b,2021-06,Lancashire Constabulary,Lancashire Constabulary,,,No Location,,,Violence and sexual offences,Unable to prosecute suspect,
0b417f9af502e9793ec84eae9570ba84bfdf0291646c2ece4a99c2bcc5dacc6d,2021-06,Lancashire Constabulary,Lancashire Constabulary,,,No Location,,,Violence and sexual offences,Unable to prosecute suspect,
b153d2c0959185aec2f5606abfe5aabd09eb7f42350dc076cfcbc72569f1d8a4,2021-06,Lancashire Constabulary,Lancashire Constabulary,,,No Location,,,Violence and sexual offences,Unable to prosecute suspect,
6d2bb4fe034fcb947f870fc25b11bd54a4a26a5080b08f9ccc4086a429e5dc66,2021-06,Lancashire Constabulary,Lancashire Constabulary,,,No Location,,,Violence and sexual offences,Unable to prosecute suspect,
cd2f4632dd97d9e4583f7a2735eb1ff37174b3d74fd78e0b0b59042128a3122e,2021-06,Lancashire Constabulary,Lancashire Constabulary,,,No Location,,,Violence and sexual offences,Unable to prosecute suspect,
bc89c9c6dbccbe4f0c54a593d6e6e67c67dbe150c667e7e1340ce0eef949e07e,2021-06,Lancashire Constabulary,Lancashire Constabulary,,,No Location,,,Violence and sexual offences,Further investigation is not in the public interest,
40cf9fcda2eae928ca13199475364c4bf6281edd8965b742910d5f0389430fb4,2021-06,Lancashire Constabulary,Lancashire Constabulary,,,No Location,,,Violence and sexual offences,Unable to prosecute suspect,
40fb044be61c195bae52b72689315d6d95fccb5fd211d56f74fea7aff5443dad,2021-06,Lancashire Constabulary,Lancashire Constabulary,,,No Location,,,Violence and sexual offences,Unable to prosecute suspect,
9591d536de3cc27ece5b8dfb65d7aaede9552fbba5f85d207c5b943a733947cc,2021-06,Lancashire Constabulary,Lancashire Constabulary,,,No Location,,,Violence and sexual offences,Investigation complete; no suspect identified,
4a4f8a269f8a4f1be8df7a89a3ce6a43b27bb1d739b64904e6e9cdc756876bca,2021-06,Lancashire Constabulary,Lancashire Constabulary,,,No Location,,,Violence and sexual offences,Investigation complete; no suspect identified,
cbb2b6f7e4028dbac6ec3f9b9028e9f2aa8285842c6fbf918f9ef6eca66d4fa0,2021-06,Lancashire Constabulary,Lancashire Constabulary,,,No Location,,,Violence and sexual offences,Unable to prosecute suspect,
d3a3d933cfa88f97cfe4ce506bda567fed5f558091f9abdd8ae39bc9f4ff4ad8,2021-06,Lancashire Constabulary,Lancashire Constabulary,,,No Location,,,Violence and sexual offences,Unable to prosecute suspect,
9096baed415b0261f23a946987b636c1411333b405b854f4c0063052b816c706,2021-06,Lancashire Constabulary,Lancashire Constabulary,,,No Location,,,Violence and sexual offences,Investigation complete; no suspect identified,
fda76eb8bc25554bc5049e85cc1d1568557d3e89b329afd73384f3511d2ef9a9,2021-06,Lancashire Constabulary,Lancashire Constabulary,,,No Location,,,Violence and sexual offences,Investigation complete; no suspect identified,
7ad25216f32129996daa6bb736cd828b6fd383ba170811f6dd12e7dee5f5b1e5,2021-06,Lancashire Constabulary,Lancashire Constabulary,,,No Location,,,Violence and sexual offences,Investigation complete; no suspect identified,
f770fea83787cce654893ffaf908f580e5e9a06daa237e61a1a2b013ab494ff3,2021-06,Lancashire Constabulary,Lancashire Constabulary,,,No Location,,,Violence and sexual offences,Investigation complete; no suspect identified,
22f8eb60672093f77dc342a272cd3a4b657d7536cac42a665a9e370bd4555519,2021-06,Lancashire Constabulary,Lancashire Constabulary,,,No Location,,,Violence and sexual offences,Unable to prosecute suspect,
968997b1bbe6b8731923892b054522a8f0305ecc7a20a6fbf8db6f8586b4ecac,2021-06,Lancashire Constabulary,Lancashire Constabulary,,,No Location,,,Violence and sexual offences,Unable to prosecute suspect,
737700c0149bc538d0e5ca34df71cd5f161e6f09b86f9079b3911a56e121273d,2021-06,Lancashire Constabulary,Lancashire Constabulary,,,No Location,,,Violence and sexual offences,Unable to prosecute suspect,
8666aee44bac9ef1bf468d5b2f596c09ad164b0c6e95cb839878ab5e1bf7e4fd,2021-06,Lancashire Constabulary,Lancashire Constabulary,,,No Location,,,Violence and sexual offences,Unable to prosecute suspect,
d0d72abef7b8fc14b82609efc8c4d4371bc2d8b8e83bdb3b8f2b8f304891ddb1,2021-06,Lancashire Constabulary,Lancashire Constabulary,,,No Location,,,Violence and sexual offences,Unable to prosecute suspect,
695be2ebd5aec5eac6ceaaab0e4732ddc5661ad8060d53ae21db04a28f4eec34,2021-06,Lancashire Constabulary,Lancashire Constabulary,,,No Location,,,Violence and sexual offences,Unable to prosecute suspect,
cda268b9d9b00658556fa70d1907b99ed3a14737984f58578021121a0c6d0b38,2021-06,Lancashire Constabulary,Lancashire Constabulary,,,No Location,,,Violence and sexual offences,Investigation complete; no suspect identified,
7f6775e96d1b8d8eabea3f1fd685a690de00f9df14dea7555392053956175605,2021-06,Lancashire Constabulary,Lancashire Constabulary,,,No Location,,,Violence and sexual offences,Unable to prosecute suspect,
080ed5f3621dd4f40b6d10bf0b63d84399a89c80c5c7cddb42153c70862c225d,2021-06,Lancashire Constabulary,Lancashire Constabulary,,,No Location,,,Violence and sexual offences,Unable to prosecute suspect,
7d5960f99f60bfc617055ff664cd39369b0da447ea2ef58720e071978e2cd1b3,2021-06,Lancashire Constabulary,Lancashire Constabulary,,,No Location,,,Violence and sexual offences,Unable to prosecute suspect,
7fd862ae0066c98cf4f2fd13b8b9cd17cb05056247046d5b5f22bee2f79ac880,2021-06,Lancashire Constabulary,Lancashire Constabulary,,,No Location,,,Violence and sexual offences,Unable to prosecute suspect,
1e186fa5badb53bb2b151a2d52e2d4cb5c6391acc362781b12cc1dcccfe5edd8,2021-06,Lancashire Constabulary,Lancashire Constabulary,,,No Location,,,Violence and sexual offences,Unable to prosecute suspect,
b7a572e2c1068ee01fb2c87d2ab60e9cc806ab323ae974680a8ad4a218747a5c,2021-06,Lancashire Constabulary,Lancashire Constabulary,,,No Location,,,Violence and sexual offences,Investigation complete; no suspect identified,
29bb5ddf1e1a0267e2929fe8b27e06e1719b1707b11f44e673cac8bd2f78b39e,2021-06,Lancashire Constabulary,Lancashire Constabulary,,,No Location,,,Violence and sexual offences,Local resolution,
be2f9697f10c7c459c60c674e772665616b6a40922423fccf6e7f24effb049ca,2021-06,Lancashire Constabulary,Lancashire Constabulary,,,No Location,,,Violence and sexual offences,Unable to prosecute suspect,
2c06eccfb9d6d14cd0111029b3ed40f67c011d5c64f2daf54bf713d6c9df62e5,2021-06,Lancashire Constabulary,Lancashire Constabulary,,,No Location,,,Violence and sexual offences,Unable to prosecute suspect,
d4b0dc05f892a4fb9de83773534791c3720eb7edc79a1630b87b74a3f4420781,2021-06,Lancashire Constabulary,Lancashire Constabulary,,,No Location,,,Violence and sexual offences,Further investigation is not in the public interest,
d93aee35b9d033241ba30506f534e2782914874b26c2340c47e800884a642d7e,2021-06,Lancashire Constabulary,Lancashire Constabulary,,,No Location,,,Violence and sexual offences,Unable to prosecute suspect,
2995be3379a4917f1461dd3b2edf8068d1a58ff68c7f4d900d9178b180f0b3b3,2021-06,Lancashire Constabulary,Lancashire Constabulary,,,No Location,,,Violence and sexual offences,Unable to prosecute suspect,
fc9ee80440f79f921177933ae477335248923169a5b3ed64f4a4d58bbecb0876,2021-06,Lancashire Constabulary,Lancashire Constabulary,,,No Location,,,Violence and sexual offences,Unable to prosecute suspect,
fa82aa75b2d55c8c1bcbc65cc7a762a95ad35eae026ac8c60b906abc65d1bd73,2021-06,Lancashire Constabulary,Lancashire Constabulary,,,No Location,,,Violence and sexual offences,Unable to prosecute suspect,
f0b02276159f699e1d3ac172bffb33d546fb46691b0bbd4ca6f9ae0e95663045,2021-06,Lancashire Constabulary,Lancashire Constabulary,,,No Location,,,Violence and sexual offences,Unable to prosecute suspect,
4723ef7cbae29e50d5d502c64e45a53555b87e31f662a193dc4e500d3b0f7fad,2021-06,Lancashire Constabulary,Lancashire Constabulary,,,No Location,,,Violence and sexual offences,Status update unavailable,
9f2dcc01aaf498da10562d9ccbc68279ed58e3c3b01824443218742e447c5ac0,2021-06,Lancashire Constabulary,Lancashire Constabulary,,,No Location,,,Violence and sexual offences,Unable to prosecute suspect,
0fe057673af00fb144f067b43c907e65c8085090b70c0cc41db482eca73a62a2,2021-06,Lancashire Constabulary,Lancashire Constabulary,,,No Location,,,Violence and sexual offences,Unable to prosecute suspect,
bf6dbb0a2aac108e833cd2eb5a15af61b1ef7e982da753ecb336bac4bca83e3d,2021-06,Lancashire Constabulary,Lancashire Constabulary,,,No Location,,,Violence and sexual offences,Court result unavailable,
476c7b94d98d52eddc3d3959fba30103366b644c862d3d27ed2fb6f2104d27d1,2021-06,Lancashire Constabulary,Lancashire Constabulary,,,No Location,,,Violence and sexual offences,Unable to prosecute suspect,
ae8c639c91510f1c448f686bfe460878bac0116f67ef49f33221d3299784b3a2,2021-06,Lancashire Constabulary,Lancashire Constabulary,,,No Location,,,Violence and sexual offences,Further investigation is not in the public interest,
643563000334ac7c655063d18b758b15482e0cbc2bf33b4ed3119ed2c1564cc5,2021-06,Lancashire Constabulary,Lancashire Constabulary,,,No Location,,,Violence and sexual offences,Court result unavailable,
ad2c1e9e61e273004d6c4955e4ed40391cd88fb24bd4267218d6f725cb056703,2021-06,Lancashire Constabulary,Lancashire Constabulary,,,No Location,,,Violence and sexual offences,Unable to prosecute suspect,
c2d6d2d0511dc77344fc0199730c4a0d06986e9cbc692c77473c6c295659907b,2021-06,Lancashire Constabulary,Lancashire Constabulary,,,No Location,,,Violence and sexual offences,Action to be taken by another organisation,
c80840f252c7e3875cc3a71c17899360b536b7bf89a92338f9b77dbc709032dc,2021-06,Lancashire Constabulary,Lancashire Constabulary,,,No Location,,,Violence and sexual offences,Investigation complete; no suspect identified,
7e6b4069988584dc782180d81823bb441ce836f0bedf361c546a2ff8c445ca98,2021-06,Lancashire Constabulary,Lancashire Constabulary,,,No Location,,,Violence and sexual offences,Unable to prosecute suspect,
7070cb06ad1285fd81f130a630359ba2b4e7bce866f7b501b911adb2c29a6e08,2021-06,Lancashire Constabulary,Lancashire Constabulary,,,No Location,,,Violence and sexual offences,Unable to prosecute suspect,
a2b74828327bb3ec08f88e834149aa5da89851be9bddfc5fe1658e3e186c930f,2021-06,Lancashire Constabulary,Lancashire Constabulary,,,No Location,,,Violence and sexual offences,Further investigation is not in the public interest,
0c0dc61bf4a4699f1f6193dfd36e38bede8caceef26c03c51f349f21f32a1f15,2021-06,Lancashire Constabulary,Lancashire Constabulary,,,No Location,,,Violence and sexual offences,Unable to prosecute suspect,
aad49650d1388e819547f8c814b73ea1b81678e7542ea42d1064ca0afa1f5047,2021-06,Lancashire Constabulary,Lancashire Constabulary,,,No Location,,,Violence and sexual offences,Further investigation is not in the public interest,
6e5f6023b3fcd8540148931d3ecb934f0141233c3df6649c4c3a21ba18f52e53,2021-06,Lancashire Constabulary,Lancashire Constabulary,,,No Location,,,Violence and sexual offences,Unable to prosecute suspect,
7cd0bf4efc7cff2b6af8baa08099ce3ffbe20baf36899f4eae6ff7c4daabd4dc,2021-06,Lancashire Constabulary,Lancashire Constabulary,,,No Location,,,Violence and sexual offences,Unable to prosecute suspect,
c00d575881b2d0d2f19b0ce44d87377328af945c759307c903c368c629e87190,2021-06,Lancashire Constabulary,Lancashire Constabulary,,,No Location,,,Violence and sexual offences,Status update unavailable,
630a398a7dbb163f15d809971d268f03319eeb06361dbfe07393e8216ead01a6,2021-06,Lancashire Constabulary,Lancashire Constabulary,,,No Location,,,Violence and sexual offences,Unable to prosecute suspect,
7e41517350d5baa4e0a551e93105a78f9afc4b60ec66f40df33a5a70e4cfd61d,2021-06,Lancashire Constabulary,Lancashire Constabulary,,,No Location,,,Violence and sexual offences,Further investigation is not in the public interest,
e4d18f97f3ba7bfa2234a4fb4803f39d308d5e6236fba47d8d00145bd66386e4,2021-06,Lancashire Constabulary,Lancashire Constabulary,,,No Location,,,Violence and sexual offences,Investigation complete; no suspect identified,
a8f9901f8bb9f2fd5a6392a3e81a3171dbe4cf50fbddb7de158b4d3850cfb56b,2021-06,Lancashire Constabulary,Lancashire Constabulary,,,No Location,,,Violence and sexual offences,Investigation complete; no suspect identified,
5f41efb18a7337ef88ac38f8bd701cfe339778b53806f0fa07825e774a518565,2021-06,Lancashire Constabulary,Lancashire Constabulary,,,No Location,,,Violence and sexual offences,Investigation complete; no suspect identified,
7d31f4ba7ee64bfcff3ac6181b5716e20faff848d79a5362155b401c71fe4734,2021-06,Lancashire Constabulary,Lancashire Constabulary,,,No Location,,,Violence and sexual offences,Unable to prosecute suspect,
3a5528f51e695621b0768b4e6bda1e8ce67b6c55ee00adf6ca1add2ae950f18b,2021-06,Lancashire Constabulary,Lancashire Constabulary,,,No Location,,,Violence and sexual offences,Unable to prosecute suspect,
06ac9e504f24208153e9e4bd1bb9ac669ffb114466013b8d91903747d5afc843,2021-06,Lancashire Constabulary,Lancashire Constabulary,,,No Location,,,Violence and sexual offences,Investigation complete; no suspect identified,
a98fdf949f51a7cc3eb78489d2ec052ca7e9502c7481ed74b9b357abf9a0ad5d,2021-06,Lancashire Constabulary,Lancashire Constabulary,,,No Location,,,Violence and sexual offences,Investigation complete; no suspect identified,
43bd14b4f977ecc78b7ad565174799fa6c883389d79d002a7e6aa8bdd1fad101,2021-06,Lancashire Constabulary,Lancashire Constabulary,,,No Location,,,Violence and sexual offences,Unable to prosecute suspect,
aa14b766cfad10ac457b89a8a313c297096155c921dc75742087e1b4c678aa9c,2021-06,Lancashire Constabulary,Lancashire Constabulary,,,No Location,,,Violence and sexual offences,Unable to prosecute suspect,
6e1c76b6400e915b61a6601263d54de3ee718ec906cf63525c11dc85a43acec0,2021-06,Lancashire Constabulary,Lancashire Constabulary,,,No Location,,,Violence and sexual offences,Unable to prosecute suspect,
778dec6437af3a0c5e89584552c8affd5f261e9fd487a425de734b4adafdb44d,2021-06,Lancashire Constabulary,Lancashire Constabulary,,,No Location,,,Violence and sexual offences,Further investigation is not in the public interest,
9b7d7139f932c6fab7d29f4a3a51431d322199125cb67bd1a1c7dcf4d109fb51,2021-06,Lancashire Constabulary,Lancashire Constabulary,,,No Location,,,Violence and sexual offences,Unable to prosecute suspect,
256f9db42e26de8735d94f173d6cbd4a4caa5935e54692503c68f7bc419576b5,2021-06,Lancashire Constabulary,Lancashire Constabulary,,,No Location,,,Violence and sexual offences,Status update unavailable,
d6f24353be2ca30a32b2cb2044a42d5cb6c4e8e5fbc9093d2db1cadeced537a3,2021-06,Lancashire Constabulary,Lancashire Constabulary,,,No Location,,,Violence and sexual offences,Unable to prosecute suspect,
bcf2bc0339508b1488a18f8edacddc4137c4e6bd9dca479228766145c4429a16,2021-06,Lancashire Constabulary,Lancashire Constabulary,,,No Location,,,Violence and sexual offences,Unable to prosecute suspect,
b6cb8a0975572f026a1d30de6458f892f8acd85504cee84dafec4bc186fb523d,2021-06,Lancashire Constabulary,Lancashire Constabulary,,,No Location,,,Violence and sexual offences,Further investigation is not in the public interest,
26b0de0eb77cab832aaf7d6f020dcbd70c03ae255d75f0a035f5cc612725a155,2021-06,Lancashire Constabulary,Lancashire Constabulary,,,No Location,,,Violence and sexual offences,Unable to prosecute suspect,
c34f2e9ea26788df4ab903e6b046d916e1afa5ef3ad2b9232419db2d109994a5,2021-06,Lancashire Constabulary,Lancashire Constabulary,,,No Location,,,Violence and sexual offences,Unable to prosecute suspect,
f7e894a1f669b4bb729a6b6767d1ccddba6b65b021feb7d7be47e167479c3edd,2021-06,Lancashire Constabulary,Lancashire Constabulary,,,No Location,,,Violence and sexual offences,Investigation complete; no suspect identified,
9bc6a5d13e431acb7f28058cd1bd658923e5b9ec0b3f9215e6292f186ff6ed7c,2021-06,Lancashire Constabulary,Lancashire Constabulary,,,No Location,,,Violence and sexual offences,Unable to prosecute suspect,
f279d1bc21f643bf89f31023c0262a4ab45199a41a3649f12a2244b53f050769,2021-06,Lancashire Constabulary,Lancashire Constabulary,,,No Location,,,Violence and sexual offences,Unable to prosecute suspect,
add68a6a0a817b4ef5bb4bf59fd1aecc677a54f60babb38703e99af375595c67,2021-06,Lancashire Constabulary,Lancashire Constabulary,,,No Location,,,Violence and sexual offences,Unable to prosecute suspect,
4db7fc77c0f9e8a5fb808006c8409ca3c81ea00f71a9d8afcf7ebcba99f179fd,2021-06,Lancashire Constabulary,Lancashire Constabulary,,,No Location,,,Violence and sexual offences,Unable to prosecute suspect,
9ef2b997c11f506ae29f72be63e6751a46bb0a90112a62df7cf13b1c8d021223,2021-06,Lancashire Constabulary,Lancashire Constabulary,,,No Location,,,Violence and sexual offences,Unable to prosecute suspect,
678630312a75a70dcda8adfa12611c8a67d83713a76250fc003fc1e7610022af,2021-06,Lancashire Constabulary,Lancashire Constabulary,,,No Location,,,Violence and sexual offences,Unable to prosecute suspect,
2cbd3ea6beb1451f7d18abec76051fd207b758208d146ff3a02474c0c7484157,2021-06,Lancashire Constabulary,Lancashire Constabulary,,,No Location,,,Violence and sexual offences,Unable to prosecute suspect,
95dd7e495998a03fee4fc9d95fc13be8f3e6b4c572fb12d7cad8b754c793678c,2021-06,Lancashire Constabulary,Lancashire Constabulary,,,No Location,,,Violence and sexual offences,Further investigation is not in the public interest,
02f1b7b87c9c951317e0b594865295f6ee91a293066eda4df265a0370f2aa2af,2021-06,Lancashire Constabulary,Lancashire Constabulary,,,No Location,,,Violence and sexual offences,Investigation complete; no suspect identified,
b5d7cd23c8dd52381eeb6cb1df2c054a1a8dbfd6f186e6997473c6323cf174bc,2021-06,Lancashire Constabulary,Lancashire Constabulary,,,No Location,,,Violence and sexual offences,Unable to prosecute suspect,
67562b312597c097fb8b4daf42e3eb5048e5d01d2611352e5ad3f0b902065501,2021-06,Lancashire Constabulary,Lancashire Constabulary,,,No Location,,,Violence and sexual offences,Status update unavailable,
1a0c22920f6cac6bb17d6020de1ed29c0bd9546e0619ae8f988cbe4429a05e7d,2021-06,Lancashire Constabulary,Lancashire Constabulary,,,No Location,,,Violence and sexual offences,Unable to prosecute suspect,
e9a118904f21ef57669ac01f2c47a5716a255dfc856ec495db865131bb59f0a3,2021-06,Lancashire Constabulary,Lancashire Constabulary,,,No Location,,,Violence and sexual offences,Court result unavailable,
42f7ee25cf0600249c1c90b0a93819ddfd86fd226cab6b479cf5f7eb08077e71,2021-06,Lancashire Constabulary,Lancashire Constabulary,,,No Location,,,Violence and sexual offences,Unable to prosecute suspect,
31cc3f5bd25314a43aebcd08293780b8b09e8ac1688a9101eb66141d395e252c,2021-06,Lancashire Constabulary,Lancashire Constabulary,,,No Location,,,Violence and sexual offences,Unable to prosecute suspect,
091baab3a1d59b4ca06a4c8f83b05f335a8ecff43bedbb8dd97e50025b2edf7d,2021-06,Lancashire Constabulary,Lancashire Constabulary,,,No Location,,,Violence and sexual offences,Unable to prosecute suspect,
8390452442d7815f1e25ed7fe8d6c5d5c0325902c380679009071024c3bb4507,2021-06,Lancashire Constabulary,Lancashire Constabulary,,,No Location,,,Violence and sexual offences,Action to be taken by another organisation,
70a1112a81823f2216643f157cec1f698e067aa565441144bcc362ef706f7112,2021-06,Lancashire Constabulary,Lancashire Constabulary,,,No Location,,,Violence and sexual offences,Status update unavailable,
7bc8955a2df63b5fd6d475115a0d032cebffafa0d750f5630fc294bfef3e91f2,2021-06,Lancashire Constabulary,Lancashire Constabulary,,,No Location,,,Violence and sexual offences,Unable to prosecute suspect,
36baeec6b2d5ba3d9e372520de2fa5dfd131450976777270050ce1a15bd3abaf,2021-06,Lancashire Constabulary,Lancashire Constabulary,,,No Location,,,Violence and sexual offences,Unable to prosecute suspect,
cb674fe91a8f3664232fd53d0d838ea13bca853880f509438b4bc391c175de1d,2021-06,Lancashire Constabulary,Lancashire Constabulary,,,No Location,,,Violence and sexual offences,Unable to prosecute suspect,
97e48ef8784ab9dc80b2db8a98a6eb4ac7ebf631d3a3064d7ad282c934409cae,2021-06,Lancashire Constabulary,Lancashire Constabulary,,,No Location,,,Violence and sexual offences,Unable to prosecute suspect,
09c79e80f1b92a750489889b5172940b6ca9ac7f39888ee4cab8b5ccf65db5bf,2021-06,Lancashire Constabulary,Lancashire Constabulary,,,No Location,,,Violence and sexual offences,Further investigation is not in the public interest,
f241fbca9e4733c1872450b5db4b98a30fbf8dd0a8e4c9eb1be82f742ff1103e,2021-06,Lancashire Constabulary,Lancashire Constabulary,,,No Location,,,Violence and sexual offences,Unable to prosecute suspect,
498fe0822b2537f9b1b15c0bc2de471b278d823b0b4654f7d4f0323e6152601b,2021-06,Lancashire Constabulary,Lancashire Constabulary,,,No Location,,,Violence and sexual offences,Unable to prosecute suspect,
e0d12507a21d82d6d05a149e3e08689956d8a0006868e5d1b28fd82250445370,2021-06,Lancashire Constabulary,Lancashire Constabulary,,,No Location,,,Violence and sexual offences,Unable to prosecute suspect,
7ffaff3b501c7654e07fc561a384fdcb91e5c29efdd2082fe4e2ad28c3763afd,2021-06,Lancashire Constabulary,Lancashire Constabulary,,,No Location,,,Violence and sexual offences,Unable to prosecute suspect,
9d573286e10db91228eed866fe0d6e2225fe550a41d5873002b440beffd7985c,2021-06,Lancashire Constabulary,Lancashire Constabulary,,,No Location,,,Violence and sexual offences,Further investigation is not in the public interest,
ac6fd7bd5fdf21884b81b9dde73c75873933b6e97b7db4ec7371aa04627f8b49,2021-06,Lancashire Constabulary,Lancashire Constabulary,,,No Location,,,Violence and sexual offences,Unable to prosecute suspect,
12fdf9a33ab4205c3b8adbcd75ca51c28f251e0e5c3b6a5fea7e756191bc89fd,2021-06,Lancashire Constabulary,Lancashire Constabulary,,,No Location,,,Violence and sexual offences,Unable to prosecute suspect,
4913332bbaab4629981a227ef16d760d0ec2669bed5d6523b06fa3b590b53277,2021-06,Lancashire Constabulary,Lancashire Constabulary,,,No Location,,,Violence and sexual offences,Status update unavailable,
fed4e93ca6621d4b5acb2a6becec748e1e9684dfcf3872428e5727b4690bd175,2021-06,Lancashire Constabulary,Lancashire Constabulary,,,No Location,,,Violence and sexual offences,Investigation complete; no suspect identified,
12bc71b9aa560ce8e9765ea8bd8ec189e0cec1f19e939d5b73113394d284523c,2021-06,Lancashire Constabulary,Lancashire Constabulary,,,No Location,,,Violence and sexual offences,Unable to prosecute suspect,
9b53cb98935f67204a98218189ed98c9085a61ddfdd962a99df52055b3492412,2021-06,Lancashire Constabulary,Lancashire Constabulary,,,No Location,,,Violence and sexual offences,Unable to prosecute suspect,
7952b4209d1b42dd8f6209426eb4703fde1b90fb036d77d2b9eabd98dad15489,2021-06,Lancashire Constabulary,Lancashire Constabulary,,,No Location,,,Violence and sexual offences,Unable to prosecute suspect,
3c959a79c7adcd63e2438ba54ea6c1cf093afa838f9cec3a81b2d2cfb74d26de,2021-06,Lancashire Constabulary,Lancashire Constabulary,,,No Location,,,Violence and sexual offences,Unable to prosecute suspect,
ad38a4a9cb2fc8416cb0382b66a0055f4991e02570800a62a44e86d182c0402c,2021-06,Lancashire Constabulary,Lancashire Constabulary,,,No Location,,,Violence and sexual offences,Investigation complete; no suspect identified,
8fe2edb7e995dbfaaaf7c483e8906723000bc8885f089bb3b23b0c17b9a48e5c,2021-06,Lancashire Constabulary,Lancashire Constabulary,,,No Location,,,Violence and sexual offences,Investigation complete; no suspect identified,
997c931b3cb16d9e6caf7020232ea413cc5580d3da95fe829cd886c2a0e26a4d,2021-06,Lancashire Constabulary,Lancashire Constabulary,,,No Location,,,Violence and sexual offences,Unable to prosecute suspect,
92b21c3838e2890c656fc4f82c9269304f4fb0808a7ff5635cdabee8ccf6742b,2021-06,Lancashire Constabulary,Lancashire Constabulary,,,No Location,,,Violence and sexual offences,Unable to prosecute suspect,
c98b0ecc0d26ec5203db74a221e2c303b6d69fa9ad5b8aeab5c4d1159e0f121c,2021-06,Lancashire Constabulary,Lancashire Constabulary,,,No Location,,,Violence and sexual offences,Unable to prosecute suspect,
63eabba0258a8caed3242a1f14e0a03a48b381d0eb1586b9f09ca1665f46d9c7,2021-06,Lancashire Constabulary,Lancashire Constabulary,,,No Location,,,Violence and sexual offences,Unable to prosecute suspect,
08aa5956044c837ba096f79dd82d0140d08d51df2e5b997662dbd8faa448a80f,2021-06,Lancashire Constabulary,Lancashire Constabulary,,,No Location,,,Violence and sexual offences,Unable to prosecute suspect,
8bfd6de268cd5a4f0a6384bf936e3a24a82fdf444237fb1073d54c33f22f0bf9,2021-06,Lancashire Constabulary,Lancashire Constabulary,,,No Location,,,Violence and sexual offences,Unable to prosecute suspect,
1c81da5bf13311142539826e58de98924fc8bcaa1e2e3d74165ca01116572bf3,2021-06,Lancashire Constabulary,Lancashire Constabulary,,,No Location,,,Violence and sexual offences,Unable to prosecute suspect,
b25702d3bcf8c25e4e0f969797b33322da1580e0b3bc9c65e557e50aa6dc96d9,2021-06,Lancashire Constabulary,Lancashire Constabulary,,,No Location,,,Violence and sexual offences,Unable to prosecute suspect,
1bd200ffda8507acccc8aabdc1a4a9927e3500be3fec069ead843818f492b3b4,2021-06,Lancashire Constabulary,Lancashire Constabulary,,,No Location,,,Violence and sexual offences,Unable to prosecute suspect,
8f8e7a8afd843537340970fdbe9cdae5b62e1274f8198e80f3d51a7510e86bc6,2021-06,Lancashire Constabulary,Lancashire Constabulary,,,No Location,,,Violence and sexual offences,Unable to prosecute suspect,
123c461c1eb3aae76c4cba77c7bcd7e9b815b433d763f159fff489622609c8bd,2021-06,Lancashire Constabulary,Lancashire Constabulary,,,No Location,,,Violence and sexual offences,Unable to prosecute suspect,
1a130a55f1d0303c843b2b7434d5586bae8d2a908e32b315b5a2d7f2340b501d,2021-06,Lancashire Constabulary,Lancashire Constabulary,,,No Location,,,Violence and sexual offences,Unable to prosecute suspect,
0992f6d37ef99d6c2843b9c849762ff77e2a78682de99afbcfd233372aca5b34,2021-06,Lancashire Constabulary,Lancashire Constabulary,,,No Location,,,Violence and sexual offences,Unable to prosecute suspect,
cde6330962ceb36934604ff4f582def7ca07b2cb1ad6055d0c3bfdb5658c6420,2021-06,Lancashire Constabulary,Lancashire Constabulary,,,No Location,,,Violence and sexual offences,Unable to prosecute suspect,
650cfab1e5d0e2fe3f85aecee9f1c90111bd315e537fba12e96c5b55010d885c,2021-06,Lancashire Constabulary,Lancashire Constabulary,,,No Location,,,Violence and sexual offences,Unable to prosecute suspect,
7425f465a973e5aab28ad0cb68926e01c9f880594d7cbb9416c84b979ef0a903,2021-06,Lancashire Constabulary,Lancashire Constabulary,,,No Location,,,Violence and sexual offences,Further investigation is not in the public interest,
e21a99f422dc8883c2ad6cba07dd9078ac62882c8945bacb0695391540a4332c,2021-06,Lancashire Constabulary,Lancashire Constabulary,,,No Location,,,Violence and sexual offences,Action to be taken by another organisation,
5d98dcb84b14ac709e8986ec97a83e08807e5558a4c82515c898bc288dc21d38,2021-06,Lancashire Constabulary,Lancashire Constabulary,,,No Location,,,Violence and sexual offences,Unable to prosecute suspect,
b43c85876b0ce71e31753e9b8cb5a949c8164beb29c897e5aaba1770511b772b,2021-06,Lancashire Constabulary,Lancashire Constabulary,,,No Location,,,Violence and sexual offences,Unable to prosecute suspect,
9673e924c3452b9b3ce258c0ca4c119ff462beb9312535c8e2117f18f0f62c7c,2021-06,Lancashire Constabulary,Lancashire Constabulary,,,No Location,,,Violence and sexual offences,Unable to prosecute suspect,
cd029aa7447e70dcc34261e79c487543f7edc2ef096059a42aeeababa20a1fa0,2021-06,Lancashire Constabulary,Lancashire Constabulary,,,No Location,,,Violence and sexual offences,Unable to prosecute suspect,
186196f1cdcea86a5a4fe3c583d11672d9d282da5e7c640d3b197c30828b20db,2021-06,Lancashire Constabulary,Lancashire Constabulary,,,No Location,,,Violence and sexual offences,Unable to prosecute suspect,
69884cc7f6e6a1fbea84a21aee7aa200eb1b699a5ed7e4105cf9be171f4ffead,2021-06,Lancashire Constabulary,Lancashire Constabulary,,,No Location,,,Violence and sexual offences,Unable to prosecute suspect,
0c6ef643ed8d148d2f5771ce52b135b5f8333e018c0850e5644609bb337a4970,2021-06,Lancashire Constabulary,Lancashire Constabulary,,,No Location,,,Violence and sexual offences,Unable to prosecute suspect,
8700d1c21592d4d2c2c6e9cb9ada9ccac2275570f139a45b7ecc893ec1b1dc1b,2021-06,Lancashire Constabulary,Lancashire Constabulary,,,No Location,,,Violence and sexual offences,Unable to prosecute suspect,
2eae3d0f6ce7e0883780d70ca101b3cd75cf53c86d83f7b9ccab795af7c2399c,2021-06,Lancashire Constabulary,Lancashire Constabulary,,,No Location,,,Violence and sexual offences,Court result unavailable,
1596cd1eb0277368060e2f29376ec42cc94fb56ff99dcc29f81ae313f2a479e1,2021-06,Lancashire Constabulary,Lancashire Constabulary,,,No Location,,,Violence and sexual offences,Unable to prosecute suspect,
f42722ffda48abb23c9e53ba6d4c6701874de071e9876b6326042ef1f79308f5,2021-06,Lancashire Constabulary,Lancashire Constabulary,,,No Location,,,Violence and sexual offences,Unable to prosecute suspect,
d436f7496ec96ae6894101405202946501d074f3cf814e1074d95558a5468171,2021-06,Lancashire Constabulary,Lancashire Constabulary,,,No Location,,,Violence and sexual offences,Unable to prosecute suspect,
c50b73d4dcefe9d991e695a19b2268f5fb228b399d156dea0e33fe972882dbf3,2021-06,Lancashire Constabulary,Lancashire Constabulary,,,No Location,,,Violence and sexual offences,Unable to prosecute suspect,
39e3a697af55f242939103d2009c8bb68082c0ec207f3f899acca0f76d1f788e,2021-06,Lancashire Constabulary,Lancashire Constabulary,,,No Location,,,Violence and sexual offences,Unable to prosecute suspect,
74442a407bf92cfc29f0d21046305d65de61322f2aebfb5e2aab5865fdf17778,2021-06,Lancashire Constabulary,Lancashire Constabulary,,,No Location,,,Violence and sexual offences,Unable to prosecute suspect,
b7abe9c8816fccc57b7b073f9859ef193508319db4c83032f405ce281df7ec36,2021-06,Lancashire Constabulary,Lancashire Constabulary,,,No Location,,,Violence and sexual offences,Unable to prosecute suspect,
37305ffc44254df4728a6c1743358ccbebff027c4e91f2a95eb030fcc65642de,2021-06,Lancashire Constabulary,Lancashire Constabulary,,,No Location,,,Violence and sexual offences,Unable to prosecute suspect,
7893e90ceb97cfb4b425760fc9879e57d8dae30ec56c8d6f7f46c7dfaee80130,2021-06,Lancashire Constabulary,Lancashire Constabulary,,,No Location,,,Violence and sexual offences,Unable to prosecute suspect,
5d6b75792cbc958c3e89f6a2fd12de7db060f05a0ef09cc02cd6f648c2fba227,2021-06,Lancashire Constabulary,Lancashire Constabulary,,,No Location,,,Violence and sexual offences,Court result unavailable,
ffd48adfdb1ca228ad7daf31649c3eecb9960d6f27d1df729837d207a1e8074a,2021-06,Lancashire Constabulary,Lancashire Constabulary,,,No Location,,,Violence and sexual offences,Unable to prosecute suspect,
c22945773c457d8826f696c6455027b000a707e40858e2a64dce48c18438d188,2021-06,Lancashire Constabulary,Lancashire Constabulary,,,No Location,,,Violence and sexual offences,Unable to prosecute suspect,
287f08836dec890820df8f8f46751a93e6543c4e15cc24edfbb68614eed6ec03,2021-06,Lancashire Constabulary,Lancashire Constabulary,,,No Location,,,Violence and sexual offences,Action to be taken by another organisation,
b4eea1b6c24fa75268cae214d234df48531a3e74f98e8f66492791191d85732f,2021-06,Lancashire Constabulary,Lancashire Constabulary,,,No Location,,,Violence and sexual offences,Status update unavailable,
a1ed38bf5cff0de313e6f1bf5a680dd2494b7b6f15039ac28037f68ae7dd1d4a,2021-06,Lancashire Constabulary,Lancashire Constabulary,,,No Location,,,Violence and sexual offences,Unable to prosecute suspect,
7308ef018cc7c22e414bc4a274539e63b1aa3a6efa3628fc0905ee63e2bb5728,2021-06,Lancashire Constabulary,Lancashire Constabulary,,,No Location,,,Violence and sexual offences,Unable to prosecute suspect,
382a4b09288f79b6c8989bb91fad541df7fcee75c59c4b60e636bac45a24cbc9,2021-06,Lancashire Constabulary,Lancashire Constabulary,,,No Location,,,Violence and sexual offences,Local resolution,
cf07f4956322b6f11bcf807132409b8cb813472b90d265f0e996d72060d3036b,2021-06,Lancashire Constabulary,Lancashire Constabulary,,,No Location,,,Violence and sexual offences,Unable to prosecute suspect,
aef7cfedee345a2991a9ce9e0f0a6de4f41f559f4dd87dfa9d5fa5701b585e30,2021-06,Lancashire Constabulary,Lancashire Constabulary,,,No Location,,,Violence and sexual offences,Investigation complete; no suspect identified,
38d98b5e894da4d7f5e6b2c357ed9a22bfa38f5186bc50f421090de68ddf8059,2021-06,Lancashire Constabulary,Lancashire Constabulary,,,No Location,,,Violence and sexual offences,Unable to prosecute suspect,
03886b0ad0d31f4ff14664b1079534a7cdfe5c2f71e6c640e0ee989422501604,2021-06,Lancashire Constabulary,Lancashire Constabulary,,,No Location,,,Violence and sexual offences,Unable to prosecute suspect,
27f2b87c6231c4e29c377f8178ff995aa38860d18474a36010fa023040d04588,2021-06,Lancashire Constabulary,Lancashire Constabulary,,,No Location,,,Violence and sexual offences,Unable to prosecute suspect,
2800df065027d0a182ede116f8d079ee07199340ec9f2ea3f0e010b86a2d32cb,2021-06,Lancashire Constabulary,Lancashire Constabulary,,,No Location,,,Violence and sexual offences,Unable to prosecute suspect,
74aca077a22a069d335bc69a9187d38089973cea6a61927905e7a6ea504e3f5a,2021-06,Lancashire Constabulary,Lancashire Constabulary,,,No Location,,,Violence and sexual offences,Unable to prosecute suspect,
b523969eda549078362d175ce561df1ff9197c0d84dd1e29be391a3b7d385dcb,2021-06,Lancashire Constabulary,Lancashire Constabulary,,,No Location,,,Violence and sexual offences,Unable to prosecute suspect,
3ae8fd4af95c2d31c5da4db69cdaa58c7b1f3086a7a72b9e2d9bbe4927cb9885,2021-06,Lancashire Constabulary,Lancashire Constabulary,,,No Location,,,Violence and sexual offences,Further investigation is not in the public interest,
49b69eab645cae7bb598478f5bdf827fb8712dbe66633bd883f879ef1344e3cb,2021-06,Lancashire Constabulary,Lancashire Constabulary,,,No Location,,,Violence and sexual offences,Unable to prosecute suspect,
a460028c9c133c4d9dcd8f575eb75f016c122f2013ecb3ca8405baf517e3fd5a,2021-06,Lancashire Constabulary,Lancashire Constabulary,,,No Location,,,Violence and sexual offences,Further investigation is not in the public interest,
264f328f4e45c14bc5702c95792b60a020fda1bb55571e3b3510747664921e63,2021-06,Lancashire Constabulary,Lancashire Constabulary,,,No Location,,,Violence and sexual offences,Unable to prosecute suspect,
82383de096c7db03be7fda2e046f6533d5149e2132aaa850487df37cf72aebb7,2021-06,Lancashire Constabulary,Lancashire Constabulary,,,No Location,,,Violence and sexual offences,Unable to prosecute suspect,
881bd35735e0ebe132ada82a1957c2809b199b46300efcdad4479f96bd5a449c,2021-06,Lancashire Constabulary,Lancashire Constabulary,,,No Location,,,Violence and sexual offences,Investigation complete; no suspect identified,
8b023cb455cbb9fc1efa498e9ee41d7174e0f61dd56594264f58b1e2fbbfb963,2021-06,Lancashire Constabulary,Lancashire Constabulary,,,No Location,,,Violence and sexual offences,Unable to prosecute suspect,
c9125a62826bd24913240abd46866e76587b562bf7e3a519be81494b8234920a,2021-06,Lancashire Constabulary,Lancashire Constabulary,,,No Location,,,Violence and sexual offences,Investigation complete; no suspect identified,
4abcc4517e32c79144bf2c0ea977368b38b27f8965ece288b9f8128e0fabc691,2021-06,Lancashire Constabulary,Lancashire Constabulary,,,No Location,,,Violence and sexual offences,Action to be taken by another organisation,
ab2bab52e5481c2cf3fcaf29fd6edbf4f305bcb0b1516e26cb4b9d35bcccbf46,2021-06,Lancashire Constabulary,Lancashire Constabulary,,,No Location,,,Violence and sexual offences,Unable to prosecute suspect,
7ff7e4cc2a0c8467a79caff3df9ac651b257cfa12588eaa4242ad647bf9fac18,2021-06,Lancashire Constabulary,Lancashire Constabulary,,,No Location,,,Violence and sexual offences,Local resolution,
c45da626bc6f4b553f895692f5e2814fb4c74fef24ecde8c85d908799b3c22f8,2021-06,Lancashire Constabulary,Lancashire Constabulary,,,No Location,,,Violence and sexual offences,Investigation complete; no suspect identified,
d91482f488a83101fce814545446ca92e43fa22f371b56734a6e7dd9b1c1ccd7,2021-06,Lancashire Constabulary,Lancashire Constabulary,,,No Location,,,Violence and sexual offences,Investigation complete; no suspect identified,
79d8b34a4d347c4851c21464e45e45d6fba563d4404d0010ff31b35fc182e847,2021-06,Lancashire Constabulary,Lancashire Constabulary,,,No Location,,,Violence and sexual offences,Unable to prosecute suspect,
ae8d8b55ee183d48282cff821050898a35c6254f407355f0a33f2b9d62e872f3,2021-06,Lancashire Constabulary,Lancashire Constabulary,,,No Location,,,Violence and sexual offences,Unable to prosecute suspect,
0b05f351c43dcdfabaed5bc88fe1893cfb1848c41d61122967cf1aa4048b4709,2021-06,Lancashire Constabulary,Lancashire Constabulary,,,No Location,,,Violence and sexual offences,Status update unavailable,
4465f20825b6079707d20ab944c290704c094f52aad9919ec4714e79dcf5b8e5,2021-06,Lancashire Constabulary,Lancashire Constabulary,,,No Location,,,Violence and sexual offences,Status update unavailable,
d978cf28cf653ec448f3916c96897c41d8675d91ff732187b5d5116c1fdd2133,2021-06,Lancashire Constabulary,Lancashire Constabulary,,,No Location,,,Violence and sexual offences,Unable to prosecute suspect,
17ae2849640bacaabeaeaa818ff634bb7a3117bbeaa9a54e201928278342c171,2021-06,Lancashire Constabulary,Lancashire Constabulary,,,No Location,,,Violence and sexual offences,Unable to prosecute suspect,
bb58c1a2d10bb022a690b758ae95fc08c5d529115d77cbe50594093b837c90c7,2021-06,Lancashire Constabulary,Lancashire Constabulary,,,No Location,,,Violence and sexual offences,Unable to prosecute suspect,
e82199345e045af3e7811dce8306b758c06928ed5ccc3bc8c6e5273d113daf38,2021-06,Lancashire Constabulary,Lancashire Constabulary,,,No Location,,,Violence and sexual offences,Unable to prosecute suspect,
716771e1bf4d3f39b911c85bb375c247cf3c6baebc8c070fe1047f285ca8d54c,2021-06,Lancashire Constabulary,Lancashire Constabulary,,,No Location,,,Violence and sexual offences,Unable to prosecute suspect,
248fc3cd2d5b63f480091c12a2498af85394ee39dc5fcc66b5f6d6d80b63b3f9,2021-06,Lancashire Constabulary,Lancashire Constabulary,,,No Location,,,Violence and sexual offences,Unable to prosecute suspect,
4db4cefdeb933ec685d2d43365465297b12d30b432185fbbf7e2162ca8bdc17a,2021-06,Lancashire Constabulary,Lancashire Constabulary,,,No Location,,,Violence and sexual offences,Unable to prosecute suspect,
fce71d4b744ba09ec1c28ea2e841554a34f5121436826eed944ba533846403ac,2021-06,Lancashire Constabulary,Lancashire Constabulary,,,No Location,,,Violence and sexual offences,Investigation complete; no suspect identified,
f0448e8ce821073aa2f94429c503c96293f826add0da275e8921db9b9f33035b,2021-06,Lancashire Constabulary,Lancashire Constabulary,,,No Location,,,Violence and sexual offences,Unable to prosecute suspect,
d10f71f6594f395bb958aa94429d53ca5676307b11f187833942f2c89b3fbeb8,2021-06,Lancashire Constabulary,Lancashire Constabulary,,,No Location,,,Violence and sexual offences,Unable to prosecute suspect,
37026bfad68ebd0f745e27d7f751afd03b155d143119970bd8f7b5ff314c3b3d,2021-06,Lancashire Constabulary,Lancashire Constabulary,,,No Location,,,Violence and sexual offences,Unable to prosecute suspect,
78ff4de1b19d6a5b624f008cb3ad83f4ef5babb39c09e4ccded925f38c41d9ac,2021-06,Lancashire Constabulary,Lancashire Constabulary,,,No Location,,,Violence and sexual offences,Unable to prosecute suspect,
18526544260d952f716839be1b5192cdca6ac0f513ab558e10278a732b1653d3,2021-06,Lancashire Constabulary,Lancashire Constabulary,,,No Location,,,Violence and sexual offences,Unable to prosecute suspect,
b1da0a0d18ce0f405767f34b73aada80ca0c399a08254c898be8fd5740839d73,2021-06,Lancashire Constabulary,Lancashire Constabulary,,,No Location,,,Violence and sexual offences,Unable to prosecute suspect,
e30a209e533488b2346a051748f6468de75f06420045d63adf6809e9e4f38bd5,2021-06,Lancashire Constabulary,Lancashire Constabulary,,,No Location,,,Violence and sexual offences,Unable to prosecute suspect,
019c589a88e45dcd1a6236fb7d4438f077db7dbaf2adf72968dbdf4060947d2c,2021-06,Lancashire Constabulary,Lancashire Constabulary,,,No Location,,,Violence and sexual offences,Further investigation is not in the public interest,
7ce98265aa24a2724969e55034d148ba648b291a672481f13448fab12bb5af93,2021-06,Lancashire Constabulary,Lancashire Constabulary,,,No Location,,,Violence and sexual offences,Unable to prosecute suspect,
29d4f0cf5593c765b4d7dd2683a2073e5e8ad27801b7d951a63df0f700dd5495,2021-06,Lancashire Constabulary,Lancashire Constabulary,,,No Location,,,Violence and sexual offences,Unable to prosecute suspect,
3277e94bc995daf711d17edf01f9de8c0c6200b0aac0a97b1a94fc48a4b494dc,2021-06,Lancashire Constabulary,Lancashire Constabulary,,,No Location,,,Violence and sexual offences,Further investigation is not in the public interest,
8b47cdad4593451eefb0ac21f1dfb98bbd099af2b1b40c9a6427b828fc56886c,2021-06,Lancashire Constabulary,Lancashire Constabulary,,,No Location,,,Violence and sexual offences,Unable to prosecute suspect,
d331850c75133e934661381a3be90676553a76e28f7f8590677526b642f2d201,2021-06,Lancashire Constabulary,Lancashire Constabulary,,,No Location,,,Violence and sexual offences,Action to be taken by another organisation,
f2714df3693e4b6f6309f03f6d4e92d12ee3623bf0451096340169d17d84b93a,2021-06,Lancashire Constabulary,Lancashire Constabulary,,,No Location,,,Violence and sexual offences,Unable to prosecute suspect,
a92a8e59ba60d4664d31a44b6d11d7b0fefc3f98940bd4d3bd84ff9e398908a3,2021-06,Lancashire Constabulary,Lancashire Constabulary,,,No Location,,,Violence and sexual offences,Unable to prosecute suspect,
bea1439d472ff98775fc2885dd3c8aea9832660ca62ed15550b65c606dfde9bd,2021-06,Lancashire Constabulary,Lancashire Constabulary,,,No Location,,,Violence and sexual offences,Unable to prosecute suspect,
db30df3c2f4ca200a1143a940b3b33c026b83ff4bc42616dbdd4bfd34ce884ed,2021-06,Lancashire Constabulary,Lancashire Constabulary,,,No Location,,,Violence and sexual offences,Investigation complete; no suspect identified,
2350f7968a058b9abd9b53859828b3b341786648f9f405ac1ba12ba3419795b5,2021-06,Lancashire Constabulary,Lancashire Constabulary,,,No Location,,,Violence and sexual offences,Unable to prosecute suspect,
595a5d32b75d3cbb5e73fb6e3519227292a6cf3684952a5b561f9b22a36509ea,2021-06,Lancashire Constabulary,Lancashire Constabulary,,,No Location,,,Violence and sexual offences,Investigation complete; no suspect identified,
0197e44350a04eef041df44bb4aef4748c1aa69d61f2d58af0cd54c37c9542d4,2021-06,Lancashire Constabulary,Lancashire Constabulary,,,No Location,,,Violence and sexual offences,Unable to prosecute suspect,
ea02ab16aa324f56e0f998159c2d26d40fb062919a5e93a6ac156813327117eb,2021-06,Lancashire Constabulary,Lancashire Constabulary,,,No Location,,,Violence and sexual offences,Unable to prosecute suspect,
a84aaa97e68b7185a9068a093b16ec3d263ed24deacb973344257489e73292a1,2021-06,Lancashire Constabulary,Lancashire Constabulary,,,No Location,,,Violence and sexual offences,Status update unavailable,
d8eb7954495bb3d92aa9517ba48647fbf4ddfb5dd0e5ac381b987a079b70770f,2021-06,Lancashire Constabulary,Lancashire Constabulary,,,No Location,,,Violence and sexual offences,Unable to prosecute suspect,
5d3df632685e6871798aa40023438b8ae817f31b4e0bdb905d96e0601eb418f2,2021-06,Lancashire Constabulary,Lancashire Constabulary,,,No Location,,,Violence and sexual offences,Unable to prosecute suspect,
61d0476c852797dbd08b1451178b1f42f5e798eb03b8c1c8df53e02c8f4b1fe8,2021-06,Lancashire Constabulary,Lancashire Constabulary,,,No Location,,,Violence and sexual offences,Unable to prosecute suspect,
c8b050619852727da436ae7546fa06973ade8233979744fb8fa1077a687f29be,2021-06,Lancashire Constabulary,Lancashire Constabulary,,,No Location,,,Violence and sexual offences,Investigation complete; no suspect identified,
f0b946844933884b3bfaf73bf9096749f12e9f6abd1618a608882a0cad63cb01,2021-06,Lancashire Constabulary,Lancashire Constabulary,,,No Location,,,Violence and sexual offences,Unable to prosecute suspect,
ee9f0dacf4ac371432bfadf121cef23179b559770ddb5f9f7749a1468011a625,2021-06,Lancashire Constabulary,Lancashire Constabulary,,,No Location,,,Violence and sexual offences,Unable to prosecute suspect,
684e99bddac202db47bb5d75200f7a11962a38a6ccb961d177db80a4023092cb,2021-06,Lancashire Constabulary,Lancashire Constabulary,,,No Location,,,Violence and sexual offences,Action to be taken by another organisation,
29b310bd97cfc9183f8913db22fcb1f16c99bd938ecd888f628c1f11373cb6fb,2021-06,Lancashire Constabulary,Lancashire Constabulary,,,No Location,,,Violence and sexual offences,Unable to prosecute suspect,
58464f8751157517a5da5dc1276d43b5f182fbbc7864c9dbe58595bf5ae009be,2021-06,Lancashire Constabulary,Lancashire Constabulary,,,No Location,,,Violence and sexual offences,Court result unavailable,
7ef1a86fbfce0559dc5baf09e1d29ede6980558952e97be250ae77068261694c,2021-06,Lancashire Constabulary,Lancashire Constabulary,,,No Location,,,Violence and sexual offences,Unable to prosecute suspect,
292935b84e7f0a53df445d426762511ffc437cfe3a880350f37b8d52447eb320,2021-06,Lancashire Constabulary,Lancashire Constabulary,,,No Location,,,Violence and sexual offences,Unable to prosecute suspect,
7e90e1ad045b717e37057f8bb204940d99ab789e09cec6f6bd0bcf8bf82fbac4,2021-06,Lancashire Constabulary,Lancashire Constabulary,,,No Location,,,Violence and sexual offences,Unable to prosecute suspect,
a15f200192aaa05490d74122c91e47954814e7e82f2bce6672de596322f7d450,2021-06,Lancashire Constabulary,Lancashire Constabulary,,,No Location,,,Violence and sexual offences,Investigation complete; no suspect identified,
fbdd7ff3d3d9ea2a2253f91c84d09a58373346485a6ebcb3aaf8afc73348d782,2021-06,Lancashire Constabulary,Lancashire Constabulary,,,No Location,,,Violence and sexual offences,Unable to prosecute suspect,
64af5b813c70cd44dd44009d27aaa214161a2ee763b112520facf9345d82e157,2021-06,Lancashire Constabulary,Lancashire Constabulary,,,No Location,,,Violence and sexual offences,Status update unavailable,
a3e1d3d3aacf6ee5ac996e4c0b9d044972ad521e215190f5b29e758514b3f1f8,2021-06,Lancashire Constabulary,Lancashire Constabulary,,,No Location,,,Violence and sexual offences,Unable to prosecute suspect,
9e74f889a770fb2cc26876af9922e99bde04e00b88c4da17b02ef955b66e4784,2021-06,Lancashire Constabulary,Lancashire Constabulary,,,No Location,,,Violence and sexual offences,Investigation complete; no suspect identified,
5367ca8dbced627a8adfca9095586edbb021d2359b08c673c3849c37c96bd9db,2021-06,Lancashire Constabulary,Lancashire Constabulary,,,No Location,,,Violence and sexual offences,Unable to prosecute suspect,
a6089ed2a8d08bb33ab3bb850026db36c465638b41a150ba61ed1be102ea1e08,2021-06,Lancashire Constabulary,Lancashire Constabulary,,,No Location,,,Violence and sexual offences,Unable to prosecute suspect,
3b9f0fee799a41a7e5e2ca309fe4123df471c12b5037351700b8a45cc2f72039,2021-06,Lancashire Constabulary,Lancashire Constabulary,,,No Location,,,Violence and sexual offences,Unable to prosecute suspect,
993c69d66f771f34f29296462fb10a8bc51796f4854506310f7152ce443d9850,2021-06,Lancashire Constabulary,Lancashire Constabulary,,,No Location,,,Violence and sexual offences,Unable to prosecute suspect,
44a258432847a7b2a97d404ca51cb13dfaed16fc25c31f87577b6807847c221a,2021-06,Lancashire Constabulary,Lancashire Constabulary,,,No Location,,,Violence and sexual offences,Unable to prosecute suspect,
65cddf92b4df5e2f51cc1099bd6ca092e4c3e45129da1a46dacf0631ee0dcc04,2021-06,Lancashire Constabulary,Lancashire Constabulary,,,No Location,,,Violence and sexual offences,Further investigation is not in the public interest,
4f9791391d84250a15f9c917af68ce2695234ec29ad698e8d6003b73b9c862d6,2021-06,Lancashire Constabulary,Lancashire Constabulary,,,No Location,,,Violence and sexual offences,Status update unavailable,
db8020ac46118899630f3df8d24352cc74df91575feb7b7ca566f77213bc9f0f,2021-06,Lancashire Constabulary,Lancashire Constabulary,,,No Location,,,Violence and sexual offences,Status update unavailable,
b58e36e14fe97172ce23e9709d20908083a8efeb12e595e9afd9ee09757cffd7,2021-06,Lancashire Constabulary,Lancashire Constabulary,,,No Location,,,Violence and sexual offences,Unable to prosecute suspect,
479391d86ecf29c08bb0d515ad6d8e78e3f05318eec70a3c3e490acd45fce3b0,2021-06,Lancashire Constabulary,Lancashire Constabulary,,,No Location,,,Violence and sexual offences,Further investigation is not in the public interest,
7c2cc44888e5427fd6a0c97e5040350e262886d61460aa55d210429336217d55,2021-06,Lancashire Constabulary,Lancashire Constabulary,,,No Location,,,Violence and sexual offences,Unable to prosecute suspect,
f14d02f239b85c3db59054a9cdaf49f4dab17926b1983b2fa525e9ae8edd43d9,2021-06,Lancashire Constabulary,Lancashire Constabulary,,,No Location,,,Violence and sexual offences,Investigation complete; no suspect identified,
7978bae2c04e3cdcfab8bbb5972b6e610227dd37239828612ab3edc0ee919ebe,2021-06,Lancashire Constabulary,Lancashire Constabulary,,,No Location,,,Violence and sexual offences,Unable to prosecute suspect,
98e271395a24a02098853a8ecc9ced1c83ec2bc707091ed722567f38dc51973c,2021-06,Lancashire Constabulary,Lancashire Constabulary,,,No Location,,,Violence and sexual offences,Status update unavailable,
eded3095826e83cb4a98cb49ff358b67b7300ca071ea319f80d9535d6eb8699f,2021-06,Lancashire Constabulary,Lancashire Constabulary,,,No Location,,,Violence and sexual offences,Unable to prosecute suspect,
f815b253e2962e31363d812ec7a36d1897d3cc1724979e0d464fffdc484d4fb9,2021-06,Lancashire Constabulary,Lancashire Constabulary,,,No Location,,,Violence and sexual offences,Unable to prosecute suspect,
d9f5746153a0d90d08d2f5ef2b49e0e7c9eb4f7ecaaf3b826085f26d050396ca,2021-06,Lancashire Constabulary,Lancashire Constabulary,,,No Location,,,Violence and sexual offences,Unable to prosecute suspect,
741a10711894400dd1280c1e9fccc71e92bfccdd262b3881602cbe747a8e12f5,2021-06,Lancashire Constabulary,Lancashire Constabulary,,,No Location,,,Violence and sexual offences,Unable to prosecute suspect,
db7afd82a8ca52cdfe8f837d88e37a21bcfa898d9bff3fd290eebee17227e01f,2021-06,Lancashire Constabulary,Lancashire Constabulary,,,No Location,,,Violence and sexual offences,Investigation complete; no suspect identified,
6803b51ba8c8a7ecaf9a4d3db3399120d607da55c39da80218c1df2015d0be72,2021-06,Lancashire Constabulary,Lancashire Constabulary,,,No Location,,,Violence and sexual offences,Action to be taken by another organisation,
abce22320f66144f87bedfd4e78850387b35c9c0829d37137f2479222fb60386,2021-06,Lancashire Constabulary,Lancashire Constabulary,,,No Location,,,Violence and sexual offences,Unable to prosecute suspect,
02fb764ad73f7acb45e69bef82d410f310afe80cb65325c7a34494d9fd4c89af,2021-06,Lancashire Constabulary,Lancashire Constabulary,,,No Location,,,Violence and sexual offences,Unable to prosecute suspect,
dca336354e55300373a6cb9f27225bc0c0bbab04ee9dbc83c00d750c87a35be9,2021-06,Lancashire Constabulary,Lancashire Constabulary,,,No Location,,,Violence and sexual offences,Unable to prosecute suspect,
ab908f5e98341c5d1b67470b0b2340707f51546a957c96073df1eec25fea45fd,2021-06,Lancashire Constabulary,Lancashire Constabulary,,,No Location,,,Violence and sexual offences,Unable to prosecute suspect,
9e54759aca4c240172c93f355e086f9f89c0daefe7750e1b3fa318da86340440,2021-06,Lancashire Constabulary,Lancashire Constabulary,,,No Location,,,Violence and sexual offences,Unable to prosecute suspect,
d1a5c819af642906608f982e7578e872a9316ec36ea798617b94865e5d9c7462,2021-06,Lancashire Constabulary,Lancashire Constabulary,,,No Location,,,Violence and sexual offences,Unable to prosecute suspect,
8a5d266456b035448ef136b74055649f990ce56c8619af6ae6b958eb00cce718,2021-06,Lancashire Constabulary,Lancashire Constabulary,,,No Location,,,Violence and sexual offences,Action to be taken by another organisation,
362fcc2ebca32c578a4836e182f70be32e76473d3c7fc7addf3e4682af88c645,2021-06,Lancashire Constabulary,Lancashire Constabulary,,,No Location,,,Violence and sexual offences,Unable to prosecute suspect,
378cb587200953d04bbc8333bec657c249c968d1f074fc73053462c027ef53db,2021-06,Lancashire Constabulary,Lancashire Constabulary,,,No Location,,,Violence and sexual offences,Unable to prosecute suspect,
44d2b674e33e8219c154ef6b0d419f6c643ce56ff02358684f4a53a96aa21f7c,2021-06,Lancashire Constabulary,Lancashire Constabulary,,,No Location,,,Violence and sexual offences,Unable to prosecute suspect,
9fae2cc18e08f112431cecc91a3413181c1b46590ce9b9ec672b71d651f536c9,2021-06,Lancashire Constabulary,Lancashire Constabulary,,,No Location,,,Violence and sexual offences,Unable to prosecute suspect,
5f79c95ff401207e46fc1540892a9923baa73017731a7086bb59a73134315a07,2021-06,Lancashire Constabulary,Lancashire Constabulary,,,No Location,,,Violence and sexual offences,Investigation complete; no suspect identified,
d8161f51dc5478a8263a797a526e08f044461b01652e6bb6f4b2b5d11c5f0e7b,2021-06,Lancashire Constabulary,Lancashire Constabulary,,,No Location,,,Violence and sexual offences,Unable to prosecute suspect,
4b07dfee7f741227ffade7838edb17257c2a5af700dac73e57a68a894b7ed2ef,2021-06,Lancashire Constabulary,Lancashire Constabulary,,,No Location,,,Violence and sexual offences,Unable to prosecute suspect,
7b14b25cb5e6d0c3a0d8481f47632a70114859ca7d223794dc638ad87e3a6867,2021-06,Lancashire Constabulary,Lancashire Constabulary,,,No Location,,,Violence and sexual offences,Unable to prosecute suspect,
60b8b41d3576630f36b0c981cf00bd467e01a2ded639954e65bbea0b33585670,2021-06,Lancashire Constabulary,Lancashire Constabulary,,,No Location,,,Violence and sexual offences,Further investigation is not in the public interest,
093506ec614158ee0da3b3cd45379ecfc8d923a6a7dea6f296cdaee40965b9a7,2021-06,Lancashire Constabulary,Lancashire Constabulary,,,No Location,,,Violence and sexual offences,Status update unavailable,
6f1cc6663fedd1e93f3fadd8c6aa1b7dd5bfefa279cdf884847786328aa9b1cf,2021-06,Lancashire Constabulary,Lancashire Constabulary,,,No Location,,,Violence and sexual offences,Unable to prosecute suspect,
2a889587c34203fae395ce9d83c5a17cae35102ac996da74c4d99bca1edd9860,2021-06,Lancashire Constabulary,Lancashire Constabulary,,,No Location,,,Violence and sexual offences,Unable to prosecute suspect,
697427df30694fd86370f9b0ae799cc0ce9f840ac5b13f9809a510c59ec9e76d,2021-06,Lancashire Constabulary,Lancashire Constabulary,,,No Location,,,Violence and sexual offences,Unable to prosecute suspect,
28690c28ddb771b29398f18abcf92174ebd5dcfc058b2a5c0b2461d16b724a19,2021-06,Lancashire Constabulary,Lancashire Constabulary,,,No Location,,,Violence and sexual offences,Unable to prosecute suspect,
4de7a550a8fe8a5254e36f51cbc0d696e92ed2ea2a0b1f33d185c1374ed43827,2021-06,Lancashire Constabulary,Lancashire Constabulary,,,No Location,,,Violence and sexual offences,Further investigation is not in the public interest,
d40f3fb986c4a0ce1fced0fd76ff652d789f9c3fa3e655381a2425b138e10eae,2021-06,Lancashire Constabulary,Lancashire Constabulary,,,No Location,,,Violence and sexual offences,Unable to prosecute suspect,
33337a25b9f36f94abc7952c5f1b46a86cdb118c27e22e6a59b4e49e1d600d12,2021-06,Lancashire Constabulary,Lancashire Constabulary,,,No Location,,,Violence and sexual offences,Status update unavailable,
10e51987d7ee23144115cb7c33452db9d8dc52a4d6acfc83fb281ce50dba1f9c,2021-06,Lancashire Constabulary,Lancashire Constabulary,,,No Location,,,Violence and sexual offences,Court result unavailable,
e03f591198092e3b65b9f52b8dc3c90584e90cd3b53fffc2e6f2ca1cdbccdb6e,2021-06,Lancashire Constabulary,Lancashire Constabulary,,,No Location,,,Violence and sexual offences,Investigation complete; no suspect identified,
9a2b2d12704aec6583f0ba6e7f8155ea2e2938d8e34e0e8bb1165e1933065f42,2021-06,Lancashire Constabulary,Lancashire Constabulary,,,No Location,,,Violence and sexual offences,Unable to prosecute suspect,
e3b6c345d2afb5a499b0bac72a1fe624f04b074846c6fbe9e90fb7a5fe50a8e4,2021-06,Lancashire Constabulary,Lancashire Constabulary,,,No Location,,,Violence and sexual offences,Unable to prosecute suspect,
2037a08282e6931aec8c4280299455eef491b5a78317d41dc65bdcb490f762b3,2021-06,Lancashire Constabulary,Lancashire Constabulary,,,No Location,,,Violence and sexual offences,Investigation complete; no suspect identified,
c95706890657a5bdc2d9cf1eb72f767827bf7f937b0a816971c50d521076c953,2021-06,Lancashire Constabulary,Lancashire Constabulary,,,No Location,,,Violence and sexual offences,Unable to prosecute suspect,
eef95c948e3e719ecd06bbee527396d401e47bd3d1cbe22245d29be481551b31,2021-06,Lancashire Constabulary,Lancashire Constabulary,,,No Location,,,Violence and sexual offences,Status update unavailable,
ec0724a7fbeea5c32bdbd1d7684c0c6fd2accbabc2eee5aafdd4ccbcf7a3ab34,2021-06,Lancashire Constabulary,Lancashire Constabulary,,,No Location,,,Violence and sexual offences,Unable to prosecute suspect,
ef8bb2b33f0a81184858d471fbfe37deb2ad95f054d8280af9225e5aca61e352,2021-06,Lancashire Constabulary,Lancashire Constabulary,,,No Location,,,Violence and sexual offences,Unable to prosecute suspect,
85ceb932469fd599a7d5e225ced2c0df85744678eb750abb6769b6ef6ee3688e,2021-06,Lancashire Constabulary,Lancashire Constabulary,,,No Location,,,Violence and sexual offences,Further investigation is not in the public interest,
5e9319018f0b7124a2827b2c7f6d3957d5b0812c6e4caa4a441d33409936977b,2021-06,Lancashire Constabulary,Lancashire Constabulary,,,No Location,,,Violence and sexual offences,Unable to prosecute suspect,
246fc7656e5866880b2ca684271e47f77fbd73f36b4658290a49a941594742e4,2021-06,Lancashire Constabulary,Lancashire Constabulary,,,No Location,,,Violence and sexual offences,Further investigation is not in the public interest,
9ae5835d889e46c009fad86fef26fb1861545c6fd64a878bb50d5a45258bbe4e,2021-06,Lancashire Constabulary,Lancashire Constabulary,,,No Location,,,Violence and sexual offences,Further investigation is not in the public interest,
8daeeb54581f7b837ef1246c9e9281abccc434de079fef2c253fa60ce0aa2b07,2021-06,Lancashire Constabulary,Lancashire Constabulary,,,No Location,,,Violence and sexual offences,Unable to prosecute suspect,
e7c0bcc41c10626a0d171e6632888c6e9d25b41e0de967582233f88c44c9d1de,2021-06,Lancashire Constabulary,Lancashire Constabulary,,,No Location,,,Violence and sexual offences,Unable to prosecute suspect,
9f755942af529c180d68c5dafb9b7beccd398bf13eb73cae91da07f42599a7fe,2021-06,Lancashire Constabulary,Lancashire Constabulary,,,No Location,,,Violence and sexual offences,Unable to prosecute suspect,
7d80dcbf559de3061677e7ea31d768718784006d8e11b7d45f6382edc93cab63,2021-06,Lancashire Constabulary,Lancashire Constabulary,,,No Location,,,Violence and sexual offences,Unable to prosecute suspect,
f73b300acf2d1141bbfdcaa674375ccc518c7aa75b8402648d05247ef3071228,2021-06,Lancashire Constabulary,Lancashire Constabulary,,,No Location,,,Violence and sexual offences,Unable to prosecute suspect,
b68ca83a7b29d27b10860da52d28b46e36f916c293675634009a60780dabfdd7,2021-06,Lancashire Constabulary,Lancashire Constabulary,,,No Location,,,Violence and sexual offences,Status update unavailable,
98ab0de01b16c5db184a85d9364d4e7634170f58d51284663470780403038441,2021-06,Lancashire Constabulary,Lancashire Constabulary,,,No Location,,,Violence and sexual offences,Unable to prosecute suspect,
d744f6882cecc57c336c199be93d03a9ab9fe940ec08b7cc25cceb8167ffdd91,2021-06,Lancashire Constabulary,Lancashire Constabulary,,,No Location,,,Violence and sexual offences,Unable to prosecute suspect,
8bca23765ab0588cc851cbf7e098ac77b7b11d5084b4408a03e68b892f7dccd0,2021-06,Lancashire Constabulary,Lancashire Constabulary,,,No Location,,,Violence and sexual offences,Further investigation is not in the public interest,
ecb130d0f8b024d5f9aa31da1f8972726044574dc22b522f601f3e523b98da30,2021-06,Lancashire Constabulary,Lancashire Constabulary,,,No Location,,,Violence and sexual offences,Unable to prosecute suspect,
2a33db6aafe8c9f89defc60d30209aa6232f70e4d94a6f074f41c5b4c6d71f77,2021-06,Lancashire Constabulary,Lancashire Constabulary,,,No Location,,,Violence and sexual offences,Unable to prosecute suspect,
bcf4c52728f9c7a9e6e7a917c1da79d6700b6103c7c4e8f10fecb60841abf01e,2021-06,Lancashire Constabulary,Lancashire Constabulary,,,No Location,,,Violence and sexual offences,Unable to prosecute suspect,
3ec124e94e37f9f32b6959296458ec1061a0a046c410d937fc374da90865a295,2021-06,Lancashire Constabulary,Lancashire Constabulary,,,No Location,,,Violence and sexual offences,Unable to prosecute suspect,
358c34b72131bbbdb272442d2f089f1cc14fdee511d5dd922391a920dc68ec1a,2021-06,Lancashire Constabulary,Lancashire Constabulary,,,No Location,,,Violence and sexual offences,Unable to prosecute suspect,
7bfe3b1cbc20389127b4eb15cecbd215579f53aca6bc362b0888ead21b2de839,2021-06,Lancashire Constabulary,Lancashire Constabulary,,,No Location,,,Violence and sexual offences,Unable to prosecute suspect,
61ddc1f667c15a2a23a9861f5faeb7b3c785be7d37aa6d850604f4232dd2ccdd,2021-06,Lancashire Constabulary,Lancashire Constabulary,,,No Location,,,Violence and sexual offences,Investigation complete; no suspect identified,
eb887141a78798a14c766e6da01229eabcede961026ca92f354dda5345f261e5,2021-06,Lancashire Constabulary,Lancashire Constabulary,,,No Location,,,Violence and sexual offences,Local resolution,
0d282e1e8dcdac48d6893c0a02b85f8e16e2f9303a102a53a3d48214f4ce1baa,2021-06,Lancashire Constabulary,Lancashire Constabulary,,,No Location,,,Violence and sexual offences,Unable to prosecute suspect,
1beea276df9781632768eab0f2560e799fe215a3e3153e474e2f7f3ad99bd01f,2021-06,Lancashire Constabulary,Lancashire Constabulary,,,No Location,,,Violence and sexual offences,Unable to prosecute suspect,
376a7445170e7a68d1caaab749a5ad904c8ef557366b11feed354a4d8bca5335,2021-06,Lancashire Constabulary,Lancashire Constabulary,,,No Location,,,Violence and sexual offences,Unable to prosecute suspect,
f475c7bfb47d2307e03bb605f0bf709cb7455be06ece2be8bc1237960f89d351,2021-06,Lancashire Constabulary,Lancashire Constabulary,,,No Location,,,Violence and sexual offences,Unable to prosecute suspect,
b7890259e34a034e08e8bf151bff72444f8a45b7e20255f9552e13f54f5388c7,2021-06,Lancashire Constabulary,Lancashire Constabulary,,,No Location,,,Violence and sexual offences,Action to be taken by another organisation,
cd916b255ef3c9ba8d01702b23103e51f1152934d2ff88793dd5806c14ae53ac,2021-06,Lancashire Constabulary,Lancashire Constabulary,,,No Location,,,Violence and sexual offences,Unable to prosecute suspect,
44b34ac3f78f73f1e5fbcb322028e4b0caa070b640e153a7339b7c384d7d1c54,2021-06,Lancashire Constabulary,Lancashire Constabulary,,,No Location,,,Violence and sexual offences,Local resolution,
cb82a67f36cce4e881b0ab77130c1c09fa28de137429916b586d5c5ae22dabe6,2021-06,Lancashire Constabulary,Lancashire Constabulary,,,No Location,,,Violence and sexual offences,Unable to prosecute suspect,
b63db14a4da25659afc1cc2db7918bbdbcab8f158629335822694dff7675639c,2021-06,Lancashire Constabulary,Lancashire Constabulary,,,No Location,,,Violence and sexual offences,Unable to prosecute suspect,
9022abe5bbd348cabbda94fb6da9b3daf8d285777cf3d30959bbbd741ad9e874,2021-06,Lancashire Constabulary,Lancashire Constabulary,,,No Location,,,Violence and sexual offences,Investigation complete; no suspect identified,
949d34dc6640b6c61e39d1889d5179ff41fa21f83793f5eb8311bb93690c6542,2021-06,Lancashire Constabulary,Lancashire Constabulary,,,No Location,,,Violence and sexual offences,Investigation complete; no suspect identified,
318df68392a7712c8adde5577f437febeebd853eeed4f90526cf27c7da4d14c5,2021-06,Lancashire Constabulary,Lancashire Constabulary,,,No Location,,,Violence and sexual offences,Unable to prosecute suspect,
c3459934b291ce79185dba8d764e4701c71bf7032d2237ecf29c49e51eed1eeb,2021-06,Lancashire Constabulary,Lancashire Constabulary,,,No Location,,,Violence and sexual offences,Investigation complete; no suspect identified,
bf5199fcc3926aa78fbc98e9d5f7b3848ca94155567e7efc7c0cd47fd5d947b9,2021-06,Lancashire Constabulary,Lancashire Constabulary,,,No Location,,,Violence and sexual offences,Unable to prosecute suspect,
b625f7c5ea7d2ec4723861164f526707713e3928e71c3562480466d997e2082d,2021-06,Lancashire Constabulary,Lancashire Constabulary,,,No Location,,,Violence and sexual offences,Unable to prosecute suspect,
2a7009e69f34764f769827872554cd0730acc3579c4bf8f25e578b4401e72e54,2021-06,Lancashire Constabulary,Lancashire Constabulary,,,No Location,,,Violence and sexual offences,Unable to prosecute suspect,
2fd520a7508faadb677edf32790e053d1668827b70f0a87008742c1dd5d361cc,2021-06,Lancashire Constabulary,Lancashire Constabulary,,,No Location,,,Violence and sexual offences,Unable to prosecute suspect,
6d3f3fea90c6b661ccd25faadc895e73fd212777b72b5d45d3820fa97914b1c9,2021-06,Lancashire Constabulary,Lancashire Constabulary,,,No Location,,,Violence and sexual offences,Investigation complete; no suspect identified,
008a6a23960657e0c4fdc058ea26cecb9d8cbaeb652fe78f92ed9ec6b29ebf90,2021-06,Lancashire Constabulary,Lancashire Constabulary,,,No Location,,,Violence and sexual offences,Further investigation is not in the public interest,
cded46065600b8b2b9a646186f2565901683fbbee26bb91d9557527807c35409,2021-06,Lancashire Constabulary,Lancashire Constabulary,,,No Location,,,Violence and sexual offences,Unable to prosecute suspect,
d5404f121ce58f712d5319baf1c58507f9998ca5201a7018c527092e4298e29e,2021-06,Lancashire Constabulary,Lancashire Constabulary,,,No Location,,,Violence and sexual offences,Unable to prosecute suspect,
8492b8a40beb6b539d1f6017f6e9a337803cc6458846c3e0666d8bc3dbe86dbd,2021-06,Lancashire Constabulary,Lancashire Constabulary,,,No Location,,,Violence and sexual offences,Unable to prosecute suspect,
3484ee6fcaaa4b2e57f7cfa015a10f256ac523afcf5809eb2a9af4565ef864e1,2021-06,Lancashire Constabulary,Lancashire Constabulary,,,No Location,,,Violence and sexual offences,Unable to prosecute suspect,
fdd2fe0480cd9a2e53899055356ac4d6ec920e9d898e9d228bcbd428b1f57f14,2021-06,Lancashire Constabulary,Lancashire Constabulary,,,No Location,,,Violence and sexual offences,Unable to prosecute suspect,
93e39339726ed50195a2b99fc2cfcf60574fef0466466649f0e5e3cfab0644f0,2021-06,Lancashire Constabulary,Lancashire Constabulary,,,No Location,,,Violence and sexual offences,Investigation complete; no suspect identified,
934c9a9349a55ba765721f7a1e935dab034b532bb214d1d2d002fb9aaa4e1882,2021-06,Lancashire Constabulary,Lancashire Constabulary,,,No Location,,,Violence and sexual offences,Unable to prosecute suspect,
2db1f31e2eecff3056af89efb870c7e911b50e9a074233c45ddf83b7a19a3ebc,2021-06,Lancashire Constabulary,Lancashire Constabulary,,,No Location,,,Violence and sexual offences,Unable to prosecute suspect,
d858d06a1a85bfe7f97aa72910d9fc33e5a23b8f8f359467cecbed3a46dda1bb,2021-06,Lancashire Constabulary,Lancashire Constabulary,,,No Location,,,Violence and sexual offences,Unable to prosecute suspect,
8d5102342e0fb137cc4853acc4246f4b4bab5cccac97c472f627f4df59454f75,2021-06,Lancashire Constabulary,Lancashire Constabulary,,,No Location,,,Violence and sexual offences,Unable to prosecute suspect,
9db90ded2b9f93b6759b37f6e4a1fffb6ddde5c96ae5ab0641eec279171db921,2021-06,Lancashire Constabulary,Lancashire Constabulary,,,No Location,,,Violence and sexual offences,Investigation complete; no suspect identified,
1dc262a5c853270721a2478a3da5c8e1b4e5cbf4b0b547e52005580893a45823,2021-06,Lancashire Constabulary,Lancashire Constabulary,,,No Location,,,Violence and sexual offences,Status update unavailable,
6f7c01c69756d135492cfe95756fdcbc83c16bd5be49559621d2ac31eb1c9ff7,2021-06,Lancashire Constabulary,Lancashire Constabulary,,,No Location,,,Violence and sexual offences,Unable to prosecute suspect,
e006cec89db22d1277449a480788fadde6fe94559c41564c121c47d7c57d9456,2021-06,Lancashire Constabulary,Lancashire Constabulary,,,No Location,,,Violence and sexual offences,Unable to prosecute suspect,
c2bf4aeda079b1da1f5f32cd92ca134d28bbe85f474d90b7fc2a380c346e9ff2,2021-06,Lancashire Constabulary,Lancashire Constabulary,,,No Location,,,Violence and sexual offences,Unable to prosecute suspect,
bae5fe8a3b21a8deec9a742b8336f098ad55ffb7a25a55f464e393bb0feae630,2021-06,Lancashire Constabulary,Lancashire Constabulary,,,No Location,,,Violence and sexual offences,Further investigation is not in the public interest,
0fd8c41acb177ad93a00c2f5fc305c93c66b40c0fd82ebc20b8fb29a1b091e4f,2021-06,Lancashire Constabulary,Lancashire Constabulary,,,No Location,,,Violence and sexual offences,Unable to prosecute suspect,
a6fa9873c49bc51b1fdde3550d676419d3e41b338fa68d1fcdb23e0e11377f30,2021-06,Lancashire Constabulary,Lancashire Constabulary,,,No Location,,,Violence and sexual offences,Unable to prosecute suspect,
cc88627c24b75ce5ca19440f8f80ae4a7d8660f0ef116338c3a10ed77023dc9c,2021-06,Lancashire Constabulary,Lancashire Constabulary,,,No Location,,,Violence and sexual offences,Unable to prosecute suspect,
00607da4d2aa8c848fd1e2567720c2c073e3a226151fd4dcc0d49050d777ad0e,2021-06,Lancashire Constabulary,Lancashire Constabulary,,,No Location,,,Violence and sexual offences,Unable to prosecute suspect,
af5c37f3e18d090504c3ea5e9a27246e74b2efc0750e79ca809b5ab884435cdd,2021-06,Lancashire Constabulary,Lancashire Constabulary,,,No Location,,,Violence and sexual offences,Unable to prosecute suspect,
0ee483b401fc96399ef2273c8745773e720bbaa76dad2d87bf34ff6ca38c5f83,2021-06,Lancashire Constabulary,Lancashire Constabulary,,,No Location,,,Violence and sexual offences,Unable to prosecute suspect,
81a5f097ea65901dd0f377ca70c18493ba826fb54391394995cf9d9e4118299c,2021-06,Lancashire Constabulary,Lancashire Constabulary,,,No Location,,,Violence and sexual offences,Unable to prosecute suspect,
1fb1a077ea29d9e0503fb0597dcfd0e8b042b226c7b4620d26f8eee5cb14fca7,2021-06,Lancashire Constabulary,Lancashire Constabulary,,,No Location,,,Violence and sexual offences,Unable to prosecute suspect,
a1b68170455bcaaa664dc0636724c86c1a026de9eea0df5f71c134106df671c9,2021-06,Lancashire Constabulary,Lancashire Constabulary,,,No Location,,,Violence and sexual offences,Unable to prosecute suspect,
2bb11b3c45a3b469db4ac7c77143be8c819bef230ae7e208f659ad008880740a,2021-06,Lancashire Constabulary,Lancashire Constabulary,,,No Location,,,Violence and sexual offences,Unable to prosecute suspect,
b47f3e8e8f45221619716395ba359657e628f68fd3f2ce3fbadc6eb267740d8c,2021-06,Lancashire Constabulary,Lancashire Constabulary,,,No Location,,,Violence and sexual offences,Status update unavailable,
c40d6c52714e0a66b0b182ad3a28d221b054f4af53251ff23b1a55ab325e807e,2021-06,Lancashire Constabulary,Lancashire Constabulary,,,No Location,,,Violence and sexual offences,Unable to prosecute suspect,
1e7aac55e69fb3b76cc095b22c715b23064884681dfe112c436779a2b17cfe43,2021-06,Lancashire Constabulary,Lancashire Constabulary,,,No Location,,,Violence and sexual offences,Investigation complete; no suspect identified,
c498835fd709a75441ce6685758c81a171929743b7806be4f8877b8f2c3f2c56,2021-06,Lancashire Constabulary,Lancashire Constabulary,,,No Location,,,Violence and sexual offences,Unable to prosecute suspect,
4f26c1a83f84028b785f888210ac0287afd151bfe2a2d1063983314b15796e71,2021-06,Lancashire Constabulary,Lancashire Constabulary,,,No Location,,,Violence and sexual offences,Unable to prosecute suspect,
a3484ba77307a694863c8d405732adcdae243308e0b8e44c2de9bcd32e8efca6,2021-06,Lancashire Constabulary,Lancashire Constabulary,,,No Location,,,Violence and sexual offences,Unable to prosecute suspect,
c1dce50bafaaadffa3e40f9dcc70e16e6d8ccf15ef64e28dacea7f21d01d229f,2021-06,Lancashire Constabulary,Lancashire Constabulary,,,No Location,,,Violence and sexual offences,Investigation complete; no suspect identified,
dfc896183cd243ac2ea63e2db79efd946ceedb8ce78e8f44f2b73e2e4ce75e5f,2021-06,Lancashire Constabulary,Lancashire Constabulary,,,No Location,,,Violence and sexual offences,Unable to prosecute suspect,
d74bde1fa91f2163dd23e17b477684f174641b5a505ad7dac05cbaf2c8b99321,2021-06,Lancashire Constabulary,Lancashire Constabulary,,,No Location,,,Violence and sexual offences,Further investigation is not in the public interest,
01141a73a1c360e1afac69d561569f78b9db18d5e6a2b0a457fe2eaa68bd2ba9,2021-06,Lancashire Constabulary,Lancashire Constabulary,,,No Location,,,Violence and sexual offences,Unable to prosecute suspect,
100bf7f984cba40fec0dc40d6ebab6c62b36c49f5523f3e0e6b79d6ecf21a31d,2021-06,Lancashire Constabulary,Lancashire Constabulary,,,No Location,,,Violence and sexual offences,Unable to prosecute suspect,
b364d5a4bc1600c1726830f72dde94a27d716c92a13e4d4a9bcb2d9b84b7b310,2021-06,Lancashire Constabulary,Lancashire Constabulary,,,No Location,,,Violence and sexual offences,Unable to prosecute suspect,
6c216e646bbef9772528b0ff036d9a49abf8ec15bfc4fd1ccb21a3fd8f8e1d51,2021-06,Lancashire Constabulary,Lancashire Constabulary,,,No Location,,,Violence and sexual offences,Unable to prosecute suspect,
15a2d34f1c7250101f3b0183751644e11500a54acca5d479dfc40fdc043e5060,2021-06,Lancashire Constabulary,Lancashire Constabulary,,,No Location,,,Violence and sexual offences,Court result unavailable,
a3a37d2cf2ee7b545a488eacaf7cce9415af57194de9e2a56f968f91de748fb8,2021-06,Lancashire Constabulary,Lancashire Constabulary,,,No Location,,,Violence and sexual offences,Unable to prosecute suspect,
b6a27c769f686cfa04a165a1cf9172b5888b55c381ab376d9a13aaca323ecd62,2021-06,Lancashire Constabulary,Lancashire Constabulary,,,No Location,,,Violence and sexual offences,Unable to prosecute suspect,
40920f11f067aaec03035cb57c4d25e612cc8062d8a2f46c7d49180b5301f1e8,2021-06,Lancashire Constabulary,Lancashire Constabulary,,,No Location,,,Violence and sexual offences,Unable to prosecute suspect,
a0ad295d4e9fb3e8b6ba3855b24b072237169ac56a397f7823e3f72084905754,2021-06,Lancashire Constabulary,Lancashire Constabulary,,,No Location,,,Violence and sexual offences,Further investigation is not in the public interest,
e8f88fe4bf301fae84902737751b4d0a9f25eecb5ba8b87dd127431bf70bd62e,2021-06,Lancashire Constabulary,Lancashire Constabulary,,,No Location,,,Violence and sexual offences,Unable to prosecute suspect,
ad8c8a38255c269182fadaa0cb3017c5c4533ada1c0432d707da3b07ca409227,2021-06,Lancashire Constabulary,Lancashire Constabulary,,,No Location,,,Violence and sexual offences,Unable to prosecute suspect,
e0aad847de5376248e71562b50614d87fdabaadad3b04cb39fcb5ffaf9601b15,2021-06,Lancashire Constabulary,Lancashire Constabulary,,,No Location,,,Violence and sexual offences,Unable to prosecute suspect,
7ffe47d29a5ac105816f765dd526d9ccfcef7aecf4c249f2aa1cb7f3ec7c8f95,2021-06,Lancashire Constabulary,Lancashire Constabulary,,,No Location,,,Violence and sexual offences,Unable to prosecute suspect,
7b62428a0daf2bfb44a5bce975cb4769bc091e18042cd234b95c4e3524bcf74d,2021-06,Lancashire Constabulary,Lancashire Constabulary,,,No Location,,,Violence and sexual offences,Unable to prosecute suspect,
9536db15c9b4af6ea560e2aeb102e463d31a5a24d47df3bf3e342f788c2b610e,2021-06,Lancashire Constabulary,Lancashire Constabulary,,,No Location,,,Violence and sexual offences,Unable to prosecute suspect,
bb18dd84a9fb0c68959a2191695cc12de6deb06fa5489df19cfe31ec9400dde5,2021-06,Lancashire Constabulary,Lancashire Constabulary,,,No Location,,,Violence and sexual offences,Status update unavailable,
4167af3bd17af6ba8953cc46b71448258e0f7ff1a3dfb8d7201a370ed75bd639,2021-06,Lancashire Constabulary,Lancashire Constabulary,,,No Location,,,Violence and sexual offences,Unable to prosecute suspect,
590fe0691261c42cd5911c6077d5a6a97886a8d358f621fb715d557835c0942e,2021-06,Lancashire Constabulary,Lancashire Constabulary,,,No Location,,,Violence and sexual offences,Status update unavailable,
eab63e65623c6e7de2f4e7f7854a7d9fe274036d1599a1a28bfdbb741dc8cbe8,2021-06,Lancashire Constabulary,Lancashire Constabulary,,,No Location,,,Violence and sexual offences,Unable to prosecute suspect,
1130b0a08f91e32aef38bf70d64902cf1f4a93b5baca3c8bb9cf59a3f2087431,2021-06,Lancashire Constabulary,Lancashire Constabulary,,,No Location,,,Violence and sexual offences,Status update unavailable,
dd7187732ff216b10233b67af0f9acf4199dba0c3a9c97926e9f7354ea17aa5f,2021-06,Lancashire Constabulary,Lancashire Constabulary,,,No Location,,,Violence and sexual offences,Unable to prosecute suspect,
a67bd3c392826593654e034bcd688a5db789abd34b031344d0e0df5fadccae56,2021-06,Lancashire Constabulary,Lancashire Constabulary,,,No Location,,,Violence and sexual offences,Unable to prosecute suspect,
dbfe6ff332079b3882a7ebcd1e7ae59629ee3618b04aa8ce0e5b2efd79982de1,2021-06,Lancashire Constabulary,Lancashire Constabulary,,,No Location,,,Violence and sexual offences,Unable to prosecute suspect,
3ccdc8ad769830024e5375fbfe3feef9582e7c5ac091cee76dec6f622a8c52d5,2021-06,Lancashire Constabulary,Lancashire Constabulary,,,No Location,,,Violence and sexual offences,Status update unavailable,
407f93dc4af8ac9b0a3aaadc31d527cdb58a51ecaf7628ff87a044df652fb1fc,2021-06,Lancashire Constabulary,Lancashire Constabulary,,,No Location,,,Violence and sexual offences,Unable to prosecute suspect,
e1692811aa5537866105707c82263a8f56118692765375c4433cd5a54ab3028e,2021-06,Lancashire Constabulary,Lancashire Constabulary,,,No Location,,,Violence and sexual offences,Status update unavailable,
6d2b9f5300f6a4c8f8f0b67f6c010c07a3fe19f291007c575763441183977569,2021-06,Lancashire Constabulary,Lancashire Constabulary,,,No Location,,,Violence and sexual offences,Action to be taken by another organisation,
308f37511b1e893c5174da582d7ce21b286e2a6563a1c05d63b84919e569f9cd,2021-06,Lancashire Constabulary,Lancashire Constabulary,,,No Location,,,Violence and sexual offences,Status update unavailable,
24a8ceb26ba5778bdaea3ceff2c1b900ae982deb425f7409af0e417cff40c99d,2021-06,Lancashire Constabulary,Lancashire Constabulary,,,No Location,,,Violence and sexual offences,Unable to prosecute suspect,
6729ba78e46bb3526059f6998df95368cb4b1c75eabf3fda6ad85f289a70005b,2021-06,Lancashire Constabulary,Lancashire Constabulary,,,No Location,,,Violence and sexual offences,Unable to prosecute suspect,
c54c3f1813f1be24b0f76246160ea1adcf86ff26b1c1937bcd1baaa53c2bd81a,2021-06,Lancashire Constabulary,Lancashire Constabulary,,,No Location,,,Violence and sexual offences,Court result unavailable,
968c5050c7d73d16ad2d3e314aa8d0606f1a3260be0c03aeba449a5502fba11c,2021-06,Lancashire Constabulary,Lancashire Constabulary,,,No Location,,,Violence and sexual offences,Unable to prosecute suspect,
9cfbea8aaabe45be696b35dc77e49dbb60c10ec91b3b439136fcdba31426a193,2021-06,Lancashire Constabulary,Lancashire Constabulary,,,No Location,,,Violence and sexual offences,Unable to prosecute suspect,
7731eca030eec647d1dddb1ca5791dab320e13ae2674a1d34eea9be4b9a4ba19,2021-06,Lancashire Constabulary,Lancashire Constabulary,,,No Location,,,Violence and sexual offences,Status update unavailable,
445017b9255a4b2753c18eb628119e89fc41ce9fdf808d32e96206f315168af0,2021-06,Lancashire Constabulary,Lancashire Constabulary,,,No Location,,,Violence and sexual offences,Unable to prosecute suspect,
1f874bb1e6b9a3724af0e06737b89cdd822b87bb7e4bcd6d07a1cec4306dd027,2021-06,Lancashire Constabulary,Lancashire Constabulary,,,No Location,,,Violence and sexual offences,Unable to prosecute suspect,
28f8034fd798be1b4b7b9c942f4022d648989ad9649c8678571955aa5262d6f3,2021-06,Lancashire Constabulary,Lancashire Constabulary,,,No Location,,,Violence and sexual offences,Unable to prosecute suspect,
0e75d97eacceab4632216cbdeaa3bfc9036da91195080d961c9793df8ae9c20a,2021-06,Lancashire Constabulary,Lancashire Constabulary,,,No Location,,,Violence and sexual offences,Investigation complete; no suspect identified,
79adbd103d820837a0dd9bb18e7f2a7f9058ec8f84e6f59c22f150be67d73451,2021-06,Lancashire Constabulary,Lancashire Constabulary,,,No Location,,,Violence and sexual offences,Unable to prosecute suspect,
5deefe49855b2eed41bfff317556d9547b474cc0ae4281a577c39bbb5bb1c795,2021-06,Lancashire Constabulary,Lancashire Constabulary,,,No Location,,,Violence and sexual offences,Unable to prosecute suspect,
c4d5075622f5cba24cec2e162851d0007ab9cbe35aa0bf0c1b0065601742f1e5,2021-06,Lancashire Constabulary,Lancashire Constabulary,,,No Location,,,Violence and sexual offences,Further investigation is not in the public interest,
32f9837e07ab15766ba3532ea8d21b6579f10a4ef4adb8bf36e8951086e77e28,2021-06,Lancashire Constabulary,Lancashire Constabulary,,,No Location,,,Violence and sexual offences,Status update unavailable,
da659abedafded3e2f0b418e6accb44c1d9339720073bce308027e6b11fa5e1b,2021-06,Lancashire Constabulary,Lancashire Constabulary,,,No Location,,,Violence and sexual offences,Court result unavailable,
b47076317ef4f56cffe18fd47cc26aecd1b6ffbaba0ef7daaaa0c2241cbab63d,2021-06,Lancashire Constabulary,Lancashire Constabulary,,,No Location,,,Violence and sexual offences,Unable to prosecute suspect,
89d49391a621f63e9df1aacdd59a35c7a52018e31a11fcaa25e2f71f9a7a575f,2021-06,Lancashire Constabulary,Lancashire Constabulary,,,No Location,,,Violence and sexual offences,Unable to prosecute suspect,
4b3f9d394b43b6b7f029b42d113184354d6ff8a08d1fa3fade7a52d0abb8be34,2021-06,Lancashire Constabulary,Lancashire Constabulary,,,No Location,,,Violence and sexual offences,Unable to prosecute suspect,
ad0d77360bde5a2025d3f3c5756df52472b0c7744a2a77363c8d632fa241a58e,2021-06,Lancashire Constabulary,Lancashire Constabulary,,,No Location,,,Violence and sexual offences,Unable to prosecute suspect,
1eda663cdbea5078eacbcd950df0f964df82ff94d3089af3a6f8048a015231f6,2021-06,Lancashire Constabulary,Lancashire Constabulary,,,No Location,,,Violence and sexual offences,Status update unavailable,
c3b519d5027db1f4525ac489085693143393389cc1fce0aefd36125b09f1a62e,2021-06,Lancashire Constabulary,Lancashire Constabulary,,,No Location,,,Violence and sexual offences,Unable to prosecute suspect,
bef6c970ced88b0c5e56f4acfa1f675f2096101c7f8e94ab06a07378c9a231f2,2021-06,Lancashire Constabulary,Lancashire Constabulary,,,No Location,,,Violence and sexual offences,Unable to prosecute suspect,
9034203cf3716fe834b63271322456948ed40966942d984b17c5a4f916cf66ff,2021-06,Lancashire Constabulary,Lancashire Constabulary,,,No Location,,,Violence and sexual offences,Status update unavailable,
e9f7999acb2728f0ced22bff7daf6373ab505be07c6966bb36c65db6a44ce179,2021-06,Lancashire Constabulary,Lancashire Constabulary,,,No Location,,,Violence and sexual offences,Unable to prosecute suspect,
b68dcb405475d81ad27fffc7ad4d0fe98bf2532ce117590e87cf562996b059c0,2021-06,Lancashire Constabulary,Lancashire Constabulary,,,No Location,,,Violence and sexual offences,Unable to prosecute suspect,
ea0320e3e6f855d8a82280688f045b5816a1404b6140f3696426d3804ac34e40,2021-06,Lancashire Constabulary,Lancashire Constabulary,,,No Location,,,Violence and sexual offences,Unable to prosecute suspect,
5715bb5db955463ac380e229734a62bc7cb222be6ef1c9119f99369d91cf5cb0,2021-06,Lancashire Constabulary,Lancashire Constabulary,,,No Location,,,Violence and sexual offences,Unable to prosecute suspect,
bdca92117e4bb9c9b6ce9de71798b5e00e5c49a7caf5d50d1a7457ba57defcf6,2021-06,Lancashire Constabulary,Lancashire Constabulary,,,No Location,,,Violence and sexual offences,Unable to prosecute suspect,
f31a16e4305af55d0ccce34fcc303c594ed67ba70d2b000d4769d1ba9b14a9c5,2021-06,Lancashire Constabulary,Lancashire Constabulary,,,No Location,,,Violence and sexual offences,Further investigation is not in the public interest,
e8f88bd447a8d078b98f813990a8d10b6c00eef43043f45c6c8ff9b24d1a9752,2021-06,Lancashire Constabulary,Lancashire Constabulary,,,No Location,,,Violence and sexual offences,Unable to prosecute suspect,
78a08607903f7c5b1ede0a3e09be51d19ca0d60e26e684def7b49eacae6cfb54,2021-06,Lancashire Constabulary,Lancashire Constabulary,,,No Location,,,Violence and sexual offences,Status update unavailable,
00f2c083ed66d1d7f8e01b3e2ee922890d4b4a241331fc550a10aa3cce7d9413,2021-06,Lancashire Constabulary,Lancashire Constabulary,,,No Location,,,Violence and sexual offences,Unable to prosecute suspect,
568bc4cd77ff4bb5b1d4b5ce198a4d0f63562902812d21a11d2726b914116f3c,2021-06,Lancashire Constabulary,Lancashire Constabulary,,,No Location,,,Violence and sexual offences,Unable to prosecute suspect,
b50c6d2e831241888b72a2e9294a960aa95bc6e1c4890b84cb93b6380012a0ae,2021-06,Lancashire Constabulary,Lancashire Constabulary,,,No Location,,,Violence and sexual offences,Unable to prosecute suspect,
9d627071eabd05b60bdcf19ac55a7fa00e20bf86e320f189e4095d44643bf469,2021-06,Lancashire Constabulary,Lancashire Constabulary,,,No Location,,,Violence and sexual offences,Status update unavailable,
f05bc1db4b3fe1afa09092ba8f69f02b658310b2fc2c8e28bfc88a1f5e8c230e,2021-06,Lancashire Constabulary,Lancashire Constabulary,,,No Location,,,Violence and sexual offences,Unable to prosecute suspect,
743426addb2d8d32a28875fd8d53679f9ed1c1d7d745252c483b13d19ba699cc,2021-06,Lancashire Constabulary,Lancashire Constabulary,,,No Location,,,Violence and sexual offences,Local resolution,
de4ac8b57f1d7a082febac35dfe292025784f90e1ef3790cdd7ceb89393ae6d1,2021-06,Lancashire Constabulary,Lancashire Constabulary,,,No Location,,,Violence and sexual offences,Unable to prosecute suspect,
23b9aa57fb07e44270ae6dcd4e92210bb82a1bca635b8b0419694154b2a65639,2021-06,Lancashire Constabulary,Lancashire Constabulary,,,No Location,,,Violence and sexual offences,Further investigation is not in the public interest,
166a5931db5826ee533ca6b4cfaea499829137e4d5cd5ef195ab0f4862009908,2021-06,Lancashire Constabulary,Lancashire Constabulary,,,No Location,,,Violence and sexual offences,Unable to prosecute suspect,
b64373622622fbe37ac75a789b84325218e658c94282401aad662929e5465a1f,2021-06,Lancashire Constabulary,Lancashire Constabulary,,,No Location,,,Violence and sexual offences,Investigation complete; no suspect identified,
cce056e6abf352932f7cfea7cd7c1c5d4fb34c767e09e1664f68ab30d6e177bb,2021-06,Lancashire Constabulary,Lancashire Constabulary,,,No Location,,,Violence and sexual offences,Unable to prosecute suspect,
b97eeaf5b1cfc29ac3e2fe59913613953c8b4bd84a5f70a256e9b0b883d37c8e,2021-06,Lancashire Constabulary,Lancashire Constabulary,,,No Location,,,Violence and sexual offences,Status update unavailable,
ae52c2e407cb9daa079f5cf6863550da21d713cec9de962682e464b45d11cba8,2021-06,Lancashire Constabulary,Lancashire Constabulary,,,No Location,,,Violence and sexual offences,Unable to prosecute suspect,
22a1dc34544983d55a4f4c69be66508f0553ffbd6a0b1c52c6bbf5645035998f,2021-06,Lancashire Constabulary,Lancashire Constabulary,,,No Location,,,Violence and sexual offences,Unable to prosecute suspect,
332525adcbd00cbbbf53fa7b181c6a1f6dd7735566b2b3aeb087c37df8756645,2021-06,Lancashire Constabulary,Lancashire Constabulary,,,No Location,,,Violence and sexual offences,Status update unavailable,
3e9758c22fbf61b57bc751e5ab5ca6fb05d0d3b763e17931bd111ae8d128e716,2021-06,Lancashire Constabulary,Lancashire Constabulary,,,No Location,,,Violence and sexual offences,Unable to prosecute suspect,
69a4c6ae629db167fd34fecac129c2147e7f5af2433583b9115eab421567bdd4,2021-06,Lancashire Constabulary,Lancashire Constabulary,,,No Location,,,Violence and sexual offences,Court result unavailable,
e5f26ee68cfd4dc37cbd3d2332e91d6ae58608260b60a5eef305e1d7c722d8f9,2021-06,Lancashire Constabulary,Lancashire Constabulary,,,No Location,,,Violence and sexual offences,Investigation complete; no suspect identified,
4132045a1b07f2557adf3df07556ca302ba4453cd8372378610ac7d09e38b610,2021-06,Lancashire Constabulary,Lancashire Constabulary,,,No Location,,,Violence and sexual offences,Status update unavailable,
a9a88b9310fead8cbb8d64c2ce27d8d5c19c67d4926033c3740e6f413685ee3b,2021-06,Lancashire Constabulary,Lancashire Constabulary,,,No Location,,,Violence and sexual offences,Unable to prosecute suspect,
2469b7ddadbcdad22ea473513c36b8266ae8949b6d8d6d4810c1c0926559898d,2021-06,Lancashire Constabulary,Lancashire Constabulary,,,No Location,,,Violence and sexual offences,Status update unavailable,
43745b74526becb501b139c6e232cbf049ef35b0c5070f606521205052c615fd,2021-06,Lancashire Constabulary,Lancashire Constabulary,,,No Location,,,Violence and sexual offences,Status update unavailable,
e50dd06b59c00c77703874e8694dab9a495e9426f9d1526de6c1a701aac2ed56,2021-06,Lancashire Constabulary,Lancashire Constabulary,,,No Location,,,Violence and sexual offences,Unable to prosecute suspect,
2f1a9428f95179b6cf9abb11ee34aedd8b84fb44f206f70df534349b6bda9db3,2021-06,Lancashire Constabulary,Lancashire Constabulary,,,No Location,,,Violence and sexual offences,Further investigation is not in the public interest,
18cffe8c72b71c51fcdb545ad47b4348498e2a4a3d3a6590c98b7334916621d0,2021-06,Lancashire Constabulary,Lancashire Constabulary,,,No Location,,,Violence and sexual offences,Unable to prosecute suspect,
29a1acc15158f78b458cae2f97bfa5f6c23be7a8a08214dcd2b38e6af36fea47,2021-06,Lancashire Constabulary,Lancashire Constabulary,,,No Location,,,Violence and sexual offences,Status update unavailable,
88be6217396e6e43749e4d20750a84ef76afcce007e44b8e0f636479b45dd402,2021-06,Lancashire Constabulary,Lancashire Constabulary,,,No Location,,,Violence and sexual offences,Investigation complete; no suspect identified,
634e877222d1974091c3e118d5bbde370d622b60062beee965b842147e7369f7,2021-06,Lancashire Constabulary,Lancashire Constabulary,,,No Location,,,Violence and sexual offences,Further investigation is not in the public interest,
bb433fc7a1d3613ac49a534699d126e01fa8a29e1780208ac8b349351484a759,2021-06,Lancashire Constabulary,Lancashire Constabulary,,,No Location,,,Violence and sexual offences,Unable to prosecute suspect,
c1c80992dd4cf6613e34153933e90b96c726176e5e6409e5596641b05a48b774,2021-06,Lancashire Constabulary,Lancashire Constabulary,,,No Location,,,Violence and sexual offences,Unable to prosecute suspect,
a8a96db6f37b3066a6a89ac624601a2c67c74a83bc6678d438fce5975fdbf182,2021-06,Lancashire Constabulary,Lancashire Constabulary,,,No Location,,,Violence and sexual offences,Action to be taken by another organisation,
b1c20874c8ba9ef3d720da836526a1e7c7522464bf645785ad9af9f1e20d525a,2021-06,Lancashire Constabulary,Lancashire Constabulary,,,No Location,,,Violence and sexual offences,Action to be taken by another organisation,
859719eeaea6c8a464a434b5327068b0d0516886cdbaa014f54614421b9190ca,2021-06,Lancashire Constabulary,Lancashire Constabulary,,,No Location,,,Violence and sexual offences,Unable to prosecute suspect,
3a3f39de2327d85acb718a27f34a64fd75d725fbc7a4584470d2d09a9a4185af,2021-06,Lancashire Constabulary,Lancashire Constabulary,,,No Location,,,Violence and sexual offences,Unable to prosecute suspect,
6c8071564b49ef70c661e590c5a10123fc60a30b5078a2131c91dfedb04ac58c,2021-06,Lancashire Constabulary,Lancashire Constabulary,,,No Location,,,Violence and sexual offences,Unable to prosecute suspect,
cf0a9ef275a021f0f744052e098ea028ba58329438a5dc0d14b13a719526a78e,2021-06,Lancashire Constabulary,Lancashire Constabulary,,,No Location,,,Violence and sexual offences,Unable to prosecute suspect,
6901ec3ca7ff3261f999756a6215d02948cb21cbbccba4f65bdef9011bfc30d1,2021-06,Lancashire Constabulary,Lancashire Constabulary,,,No Location,,,Violence and sexual offences,Unable to prosecute suspect,
f8d06ce3e5b6b24d2ecabbb07fc9b55b0961a6494534cde0f27beed4498026d3,2021-06,Lancashire Constabulary,Lancashire Constabulary,,,No Location,,,Violence and sexual offences,Unable to prosecute suspect,
19488f8d13b761447370bdeea362d16ae8eb1d068fa0d00c332cac755d4a8d82,2021-06,Lancashire Constabulary,Lancashire Constabulary,,,No Location,,,Violence and sexual offences,Unable to prosecute suspect,
2efa0e1e641331b2bd7f9373884ffd098ae37ab64cfe5d8a0731323e43e49e55,2021-06,Lancashire Constabulary,Lancashire Constabulary,,,No Location,,,Violence and sexual offences,Unable to prosecute suspect,
a3e820d82ec253dd3b17fe7a9c3b34b873aa489e0001b42bdc756e2a05a9393c,2021-06,Lancashire Constabulary,Lancashire Constabulary,,,No Location,,,Violence and sexual offences,Further investigation is not in the public interest,
67a6db7223b3e784385d654dd34701246005fe336e27ffc7c94cd40bf05dbb65,2021-06,Lancashire Constabulary,Lancashire Constabulary,,,No Location,,,Violence and sexual offences,Unable to prosecute suspect,
2d233117c24ab68fb5de38cdd6809d593acc4db1db4288f51c2f294f8b31afeb,2021-06,Lancashire Constabulary,Lancashire Constabulary,,,No Location,,,Violence and sexual offences,Unable to prosecute suspect,
96cf1783d261b4ab009c7b5c284e2affc310f016c3a1642e1735f8a69498f103,2021-06,Lancashire Constabulary,Lancashire Constabulary,,,No Location,,,Violence and sexual offences,Unable to prosecute suspect,
826980d1a03673cf3c925c05c0b5c7ab3ea5760df848778143e86d9df8b3a1c1,2021-06,Lancashire Constabulary,Lancashire Constabulary,,,No Location,,,Violence and sexual offences,Unable to prosecute suspect,
63ecce04009cd3af7bb0ba76e964a43eaaca15b6ec654f460aa6c5b352ac6ab4,2021-06,Lancashire Constabulary,Lancashire Constabulary,,,No Location,,,Violence and sexual offences,Local resolution,
7b857e7c53681ee1c3c56287cd38a39b783130d316aad5343d2b5fe99480336a,2021-06,Lancashire Constabulary,Lancashire Constabulary,,,No Location,,,Violence and sexual offences,Unable to prosecute suspect,
a2c427467397e2c671a92425196f513a68317a78ac883d9283d8fceb13616c31,2021-06,Lancashire Constabulary,Lancashire Constabulary,,,No Location,,,Violence and sexual offences,Unable to prosecute suspect,
5ddac1ac052676718155a39e12114ac2bac6fcee8d8d1d493154e2ebcab6c864,2021-06,Lancashire Constabulary,Lancashire Constabulary,,,No Location,,,Violence and sexual offences,Status update unavailable,
a429342a8d714b8adddecbc9a57a2f60bc03ec89e3d0abe5d6a27a03dc0d09ff,2021-06,Lancashire Constabulary,Lancashire Constabulary,,,No Location,,,Violence and sexual offences,Unable to prosecute suspect,
ac010f2998a91ef4e7386e7b2591619a1a5490104b4a8c8472e4dc197a67280b,2021-06,Lancashire Constabulary,Lancashire Constabulary,,,No Location,,,Violence and sexual offences,Investigation complete; no suspect identified,
01ab0d7a5049ecb3b762f8f2d25b79addfba9f1bc4c4698fc1a6e00b9ed60e09,2021-06,Lancashire Constabulary,Lancashire Constabulary,,,No Location,,,Violence and sexual offences,Unable to prosecute suspect,
5f05cf49a279ed479d0f4318c546d6756fcb881382baab2be48289f9395df411,2021-06,Lancashire Constabulary,Lancashire Constabulary,,,No Location,,,Violence and sexual offences,Unable to prosecute suspect,
06824cdfc1940ec2e91947def56650d30fa73cadc3ab27865c5291b8aa3c2360,2021-06,Lancashire Constabulary,Lancashire Constabulary,,,No Location,,,Violence and sexual offences,Unable to prosecute suspect,
b48c8932b740614b5fb59afdb40ad5093b1408611b6d10bca36405512dfb2f87,2021-06,Lancashire Constabulary,Lancashire Constabulary,,,No Location,,,Violence and sexual offences,Action to be taken by another organisation,
c35fe04e3dc7fc8d94f77cd7ce4ba40cb8baee4dc01f0d8a008d0487f52e385a,2021-06,Lancashire Constabulary,Lancashire Constabulary,,,No Location,,,Violence and sexual offences,Unable to prosecute suspect,
0280a7cdfe3f6106d8c8858231915726de94b54bc18e77e44dadce6b5a2044f4,2021-06,Lancashire Constabulary,Lancashire Constabulary,,,No Location,,,Violence and sexual offences,Action to be taken by another organisation,
11ce3ecbf150290ee94dba41c25ca18d18361239c71bf36d8dd923da72532f09,2021-06,Lancashire Constabulary,Lancashire Constabulary,,,No Location,,,Violence and sexual offences,Status update unavailable,
6f670ac6a5e5fe70c3116d46b1804273abc71376ec05677b297df6c250b8d693,2021-06,Lancashire Constabulary,Lancashire Constabulary,,,No Location,,,Violence and sexual offences,Unable to prosecute suspect,
507abbe05a3510c458479731e454146acca52506aecc97ef202f7d3e061156c2,2021-06,Lancashire Constabulary,Lancashire Constabulary,,,No Location,,,Violence and sexual offences,Investigation complete; no suspect identified,
e12ba1416459a2d073a2eefcf3b5b667d83b8b9c879142188fc451685e60f206,2021-06,Lancashire Constabulary,Lancashire Constabulary,,,No Location,,,Violence and sexual offences,Unable to prosecute suspect,
d59d85336e27e68b8bedff5894a2b90285508002cd91e3e5629d0dfbdf3c6bc6,2021-06,Lancashire Constabulary,Lancashire Constabulary,,,No Location,,,Violence and sexual offences,Unable to prosecute suspect,
1862979c5167d36df6e72d19a4e89594f861da6a24d925018c971a5e616bf2cd,2021-06,Lancashire Constabulary,Lancashire Constabulary,,,No Location,,,Violence and sexual offences,Unable to prosecute suspect,
a333c67c9472cf6dbb81eefc9ddfe866f5a83ccb0fd0e056a8c786c2814c2ced,2021-06,Lancashire Constabulary,Lancashire Constabulary,,,No Location,,,Violence and sexual offences,Unable to prosecute suspect,
693e283d52ac450106762080287d6e43d712a8ac58a94fb76048c77032580cf1,2021-06,Lancashire Constabulary,Lancashire Constabulary,,,No Location,,,Violence and sexual offences,Investigation complete; no suspect identified,
5f1d67fa5a08984464c5e8c9856fd894ed5d0ec730b579b5fe00a4ed0f4da8fd,2021-06,Lancashire Constabulary,Lancashire Constabulary,,,No Location,,,Violence and sexual offences,Unable to prosecute suspect,
f3a02ad98af9764b489d38d3967b70dfb98abc4ffa84a335fa7308620c668de9,2021-06,Lancashire Constabulary,Lancashire Constabulary,,,No Location,,,Violence and sexual offences,Unable to prosecute suspect,
6ee8e6fbcd1c5f3c9bae98c4a7ba5bb5b6ab9d798d0d81f3a0f2b6100fa6c72f,2021-06,Lancashire Constabulary,Lancashire Constabulary,,,No Location,,,Violence and sexual offences,Status update unavailable,
d0ed49c6948a4f1cfb86df9fd62ca90e09ffe9139bace41f0756c9a219955649,2021-06,Lancashire Constabulary,Lancashire Constabulary,,,No Location,,,Violence and sexual offences,Unable to prosecute suspect,
c9871fefee9abc1bfca00cfeb268b3fc80883c3b6668dd1cc6e544a29f45d176,2021-06,Lancashire Constabulary,Lancashire Constabulary,,,No Location,,,Violence and sexual offences,Unable to prosecute suspect,
aac7c48990a2c667e15f087ff74e0a65804748c4981e929b0d4f0cdb89f035dc,2021-06,Lancashire Constabulary,Lancashire Constabulary,,,No Location,,,Violence and sexual offences,Unable to prosecute suspect,
d251b905e707e5e0713cee174202e8a62145321185ba480f5588546d06a1efdc,2021-06,Lancashire Constabulary,Lancashire Constabulary,,,No Location,,,Violence and sexual offences,Unable to prosecute suspect,
4ac2a8f298e3bf167fb6d992ed2a69bf19c77b4a2626efbbf18c0a5dd4f930fa,2021-06,Lancashire Constabulary,Lancashire Constabulary,,,No Location,,,Violence and sexual offences,Unable to prosecute suspect,
5905d038a78bf2d23b62c14a7a4230c95b8be10aa82d625979343081c12d5f23,2021-06,Lancashire Constabulary,Lancashire Constabulary,,,No Location,,,Violence and sexual offences,Status update unavailable,
35c553255bb230df85c29aa546db69ed95f9229dba73ccf80f14b0ae903480ed,2021-06,Lancashire Constabulary,Lancashire Constabulary,,,No Location,,,Violence and sexual offences,Status update unavailable,
55cedb22c09e1e007872afd2e80d16b269d5c0e7fa285d84daea5c4f36e31091,2021-06,Lancashire Constabulary,Lancashire Constabulary,,,No Location,,,Violence and sexual offences,Status update unavailable,
2bae4631796b639087f53abc8872525a19d953b3e7a277387f7382fb7601ca24,2021-06,Lancashire Constabulary,Lancashire Constabulary,,,No Location,,,Violence and sexual offences,Status update unavailable,
44d003e35ea167d5bd6096d7b73ca74442566f6803d129c05ff336a8c4b86dab,2021-06,Lancashire Constabulary,Lancashire Constabulary,,,No Location,,,Violence and sexual offences,Investigation complete; no suspect identified,
6ba41af25e26ce433eb507406a97b2026a4c4fa64e990fa7c4273df22c10ed7b,2021-06,Lancashire Constabulary,Lancashire Constabulary,,,No Location,,,Violence and sexual offences,Status update unavailable,
697c82edba8e51f95d88910f20c3a7c960e6afc904e1204dd228cd22002c9699,2021-06,Lancashire Constabulary,Lancashire Constabulary,,,No Location,,,Violence and sexual offences,Status update unavailable,
0c0501fea7c796521f58bfd63d4cc1794b2075b103d990bf522249bf4bed9e3c,2021-06,Lancashire Constabulary,Lancashire Constabulary,,,No Location,,,Violence and sexual offences,Investigation complete; no suspect identified,
edb07db00cf818e10c4d52b40d31f7aa3b181bd6ee7a2bf4e0119c9670524345,2021-06,Lancashire Constabulary,Lancashire Constabulary,,,No Location,,,Violence and sexual offences,Unable to prosecute suspect,
143d00774938d15f27555263c6c1fc74bf6cd5b8ee23add1942f47d688d00cf5,2021-06,Lancashire Constabulary,Lancashire Constabulary,,,No Location,,,Violence and sexual offences,Status update unavailable,
d8b3edcf62da5be0e2dcc5b39addad5de76d71935eaebdeacbfce2c8383c0a2d,2021-06,Lancashire Constabulary,Lancashire Constabulary,,,No Location,,,Violence and sexual offences,Unable to prosecute suspect,
2203cb91df1e884dd571e7f3b4290868c09ac8728a75262c2af23389dba347c7,2021-06,Lancashire Constabulary,Lancashire Constabulary,,,No Location,,,Violence and sexual offences,Investigation complete; no suspect identified,
304c947405b9443b4254dbce983810b839600f01933cfc90c75c5cb51047ef22,2021-06,Lancashire Constabulary,Lancashire Constabulary,,,No Location,,,Violence and sexual offences,Unable to prosecute suspect,
b24be27d92a383fbca36a23c506143e947b4963350a7f1872765c9d35f55072e,2021-06,Lancashire Constabulary,Lancashire Constabulary,,,No Location,,,Violence and sexual offences,Unable to prosecute suspect,
2f80609285ecd99caefc98481687dde278e2a52108b5f17f4f75bc2f62d5d101,2021-06,Lancashire Constabulary,Lancashire Constabulary,,,No Location,,,Violence and sexual offences,Investigation complete; no suspect identified,
c856798c136fde947813f4f8a1b3a9e378f62fe04d1fe4d33282eff8a3adbb31,2021-06,Lancashire Constabulary,Lancashire Constabulary,,,No Location,,,Violence and sexual offences,Unable to prosecute suspect,
cb7ac2ea51d72e28c2856d436505b5f1b719ec943db5ebcde22e45ca310fac92,2021-06,Lancashire Constabulary,Lancashire Constabulary,,,No Location,,,Violence and sexual offences,Status update unavailable,
abf8ef7cb4da7e1e992ddd8aa04fbd907d5ce2bdf22603b6e0499cbea41adbbe,2021-06,Lancashire Constabulary,Lancashire Constabulary,,,No Location,,,Violence and sexual offences,Local resolution,
2437c6d9f4fc6352a7ab4841a656f2200336acd7ed5d60baee48e6f109c9864b,2021-06,Lancashire Constabulary,Lancashire Constabulary,,,No Location,,,Violence and sexual offences,Unable to prosecute suspect,
aea8b61e015d6458e8928845b9dd5c0377dfab519544ef248d04e796406bfd62,2021-06,Lancashire Constabulary,Lancashire Constabulary,,,No Location,,,Violence and sexual offences,Unable to prosecute suspect,
9af08fafbcb4d56088c554b2b3fe9d7b9f76be38e47c9578edb029d48b2dd95a,2021-06,Lancashire Constabulary,Lancashire Constabulary,,,No Location,,,Violence and sexual offences,Unable to prosecute suspect,
5bec4cea639aebe864fbac44a1a035e8a7268b3a44f152c7a37a5bda1c79a445,2021-06,Lancashire Constabulary,Lancashire Constabulary,,,No Location,,,Violence and sexual offences,Status update unavailable,
0f96c7fc4701ca517ebd18643450c933992a1b3e8532b89a8fc45ca046fd88bd,2021-06,Lancashire Constabulary,Lancashire Constabulary,,,No Location,,,Violence and sexual offences,Investigation complete; no suspect identified,
68e93e0d39b8a0a987345b9f17629c13f915f918c99646aa395b50ea09ae05e0,2021-06,Lancashire Constabulary,Lancashire Constabulary,,,No Location,,,Violence and sexual offences,Unable to prosecute suspect,
3993e95caacef4d7bf79a78321141ab24293cda07f092c538d5a7468b3330598,2021-06,Lancashire Constabulary,Lancashire Constabulary,,,No Location,,,Violence and sexual offences,Unable to prosecute suspect,
651ad4b1c5d312b20df2dd7f24078d3898d16ad0b61e6302d2e89e3b935c7970,2021-06,Lancashire Constabulary,Lancashire Constabulary,,,No Location,,,Violence and sexual offences,Court result unavailable,
1095a478bf4b31e83bc18090094ede20ad598c0703970c3023113c945a2e8075,2021-06,Lancashire Constabulary,Lancashire Constabulary,,,No Location,,,Violence and sexual offences,Unable to prosecute suspect,
89d387d9ec7c39a3a7d430534a2d05b6b2b6ae0d9271cddd6f4220d142a64784,2021-06,Lancashire Constabulary,Lancashire Constabulary,,,No Location,,,Violence and sexual offences,Unable to prosecute suspect,
f1c7deabb00ad4464c80a889a7962eb85d692439a99e02073c14f58e5557dc10,2021-06,Lancashire Constabulary,Lancashire Constabulary,,,No Location,,,Violence and sexual offences,Investigation complete; no suspect identified,
9b903db48328729566f34c437aeaa940d9b51f5022ad66a0ec2c5ec02a67fc80,2021-06,Lancashire Constabulary,Lancashire Constabulary,,,No Location,,,Violence and sexual offences,Unable to prosecute suspect,
2a8ce3dffe00ec10dc38f8a7dce8b8c91c37f01df2a2348cd0078ccf1b07cf99,2021-06,Lancashire Constabulary,Lancashire Constabulary,,,No Location,,,Violence and sexual offences,Unable to prosecute suspect,
cd339aeee71de079ea2a185532fc78960bb9dd75b2e8fbb62d0e342513b2a54a,2021-06,Lancashire Constabulary,Lancashire Constabulary,,,No Location,,,Violence and sexual offences,Unable to prosecute suspect,
041ada91a52f2254c2ebc3fce0d15cbe2db19155bb64489fe126e30b064747e8,2021-06,Lancashire Constabulary,Lancashire Constabulary,,,No Location,,,Violence and sexual offences,Status update unavailable,
bc9a571a6c3025deb4a888edca3b119ac2118e2e8f04ed35ce5ee6f0072bb4c1,2021-06,Lancashire Constabulary,Lancashire Constabulary,,,No Location,,,Violence and sexual offences,Awaiting court outcome,
5f4225615d45c23fa5acbdd2a779bb9b2134691324a7ea4cb3e5d0a7ec2e8bca,2021-06,Lancashire Constabulary,Lancashire Constabulary,,,No Location,,,Violence and sexual offences,Status update unavailable,
ff6a7bacfa709ee6ba1a9274aa89e59a666b72ebe1b1b73ddb68293507f33752,2021-06,Lancashire Constabulary,Lancashire Constabulary,,,No Location,,,Violence and sexual offences,Unable to prosecute suspect,
4f48fbd6682e26d8401f0086c81a9cc413c0cea8f7af7b2d98f1ca2167002bbc,2021-06,Lancashire Constabulary,Lancashire Constabulary,,,No Location,,,Violence and sexual offences,Unable to prosecute suspect,
a12402db7fb1e7fd2e14e7bbf7bbe35c0d68d683998fddd430cddcd53f51652d,2021-06,Lancashire Constabulary,Lancashire Constabulary,,,No Location,,,Violence and sexual offences,Unable to prosecute suspect,
72541103e7c0b817ab725796b5eb742e729502c6bcd49228a85c971cfb22c2fb,2021-06,Lancashire Constabulary,Lancashire Constabulary,,,No Location,,,Violence and sexual offences,Unable to prosecute suspect,
bfb866c018f37f6e626dcdea3e8ab53e1fee06678a6c3a786a88e2bcb24fc49c,2021-06,Lancashire Constabulary,Lancashire Constabulary,,,No Location,,,Violence and sexual offences,Unable to prosecute suspect,
30b0391d2ae9ae977e00dd54b90b4d8b5fca019bff5a201a396b00a3a6dbd865,2021-06,Lancashire Constabulary,Lancashire Constabulary,,,No Location,,,Violence and sexual offences,Status update unavailable,
2512b59655a329416366f75e81e5ccc6e928e8f484dad769e4aeea388ec0ecfe,2021-06,Lancashire Constabulary,Lancashire Constabulary,,,No Location,,,Violence and sexual offences,Investigation complete; no suspect identified,
32541298dda43edb7a53226a6fd6d0760e2e92c81ae68f70773901fd8655d5fd,2021-06,Lancashire Constabulary,Lancashire Constabulary,,,No Location,,,Violence and sexual offences,Unable to prosecute suspect,
cccc5927e67555a3e37b5bfee1eb1174975bcb51149d3ed91866ee0b3cc8e23e,2021-06,Lancashire Constabulary,Lancashire Constabulary,,,No Location,,,Violence and sexual offences,Unable to prosecute suspect,
e5fb007a53dd38b8146ef8503cc0d1d5cbf67e93d45556fe7c6b6dd50a091240,2021-06,Lancashire Constabulary,Lancashire Constabulary,,,No Location,,,Violence and sexual offences,Status update unavailable,
f899b08448e1d3e5917cb02ee03b4bd54212ca7c9bc946c3859497b294dcc0b8,2021-06,Lancashire Constabulary,Lancashire Constabulary,,,No Location,,,Violence and sexual offences,Status update unavailable,
defb7572ebd62bf7355395d2463b93147787825bd2298e5dadd29c32f544061b,2021-06,Lancashire Constabulary,Lancashire Constabulary,,,No Location,,,Violence and sexual offences,Unable to prosecute suspect,
a4acd2a5104f5c94fd655bfcb216b8bfbedd1473ea3b1546dc38aea4e70d925a,2021-06,Lancashire Constabulary,Lancashire Constabulary,,,No Location,,,Violence and sexual offences,Status update unavailable,
a22bcbd9cc7cde0d10e340076dee3e1385d681498e7031f62467b9d477099476,2021-06,Lancashire Constabulary,Lancashire Constabulary,,,No Location,,,Violence and sexual offences,Unable to prosecute suspect,
b71e233812c122a0414c9c4e5b5c670af213e070c3ec91a440439c7164f25827,2021-06,Lancashire Constabulary,Lancashire Constabulary,,,No Location,,,Violence and sexual offences,Unable to prosecute suspect,
c3b50823a4fa8e4bd2cec16945714cb19dbdfec7c1a8c2b996074e82dc2eb32d,2021-06,Lancashire Constabulary,Lancashire Constabulary,,,No Location,,,Violence and sexual offences,Status update unavailable,
5c8093ec3dbe981646c3dd317f28f88e29dd64f602686019221b3a3d669ca469,2021-06,Lancashire Constabulary,Lancashire Constabulary,,,No Location,,,Violence and sexual offences,Unable to prosecute suspect,
2abc93822866bdb95b4d9b55989a3bf9da3b433cb2251a1fe081dc18d059d5a0,2021-06,Lancashire Constabulary,Lancashire Constabulary,,,No Location,,,Violence and sexual offences,Formal action is not in the public interest,
2185a32e4b2dcf5e176687bf6a993d797479219f9518de10505d5f9764974d28,2021-06,Lancashire Constabulary,Lancashire Constabulary,,,No Location,,,Violence and sexual offences,Action to be taken by another organisation,
13e6e44068e9b25eaa7430699063d81bad3d954416c9ceb3e013bc346914c0e5,2021-06,Lancashire Constabulary,Lancashire Constabulary,,,No Location,,,Violence and sexual offences,Unable to prosecute suspect,
35c923a494368f430e4c9d4b78d4302c54279abb606bf4bc19bfbd8417a68c1f,2021-06,Lancashire Constabulary,Lancashire Constabulary,,,No Location,,,Violence and sexual offences,Unable to prosecute suspect,
bcb906b5620f3397fe26de06f02c1020a477a798a08f6a0dfce52c783382e77a,2021-06,Lancashire Constabulary,Lancashire Constabulary,,,No Location,,,Violence and sexual offences,Unable to prosecute suspect,
1069436276afb092929a8352e669c9859f247e227e6536ca5d64e99d686fbc62,2021-06,Lancashire Constabulary,Lancashire Constabulary,,,No Location,,,Violence and sexual offences,Unable to prosecute suspect,
5123df803c03b68667c08dc49a17d47910a1ce25345096402b2ed370247e0014,2021-06,Lancashire Constabulary,Lancashire Constabulary,,,No Location,,,Violence and sexual offences,Unable to prosecute suspect,
6c0cf6eea5d014215ce92aec7fe9e660bc97c6baee2bdadca1cdf5a3506dca8b,2021-06,Lancashire Constabulary,Lancashire Constabulary,,,No Location,,,Violence and sexual offences,Unable to prosecute suspect,
9f7ee874b6b66d48c1b459d1268291909f11b90022a898d840db443a5b0cb840,2021-06,Lancashire Constabulary,Lancashire Constabulary,,,No Location,,,Violence and sexual offences,Unable to prosecute suspect,
1db0d3a6e01cf285106334b19a42e0d1ed562d65f42f6d47a8e7919d125ea3a7,2021-06,Lancashire Constabulary,Lancashire Constabulary,,,No Location,,,Violence and sexual offences,Unable to prosecute suspect,
bc28a94960e2ba30d1f45de381184da0ad20c4480389b9f65b86736b1a4a5e7d,2021-06,Lancashire Constabulary,Lancashire Constabulary,,,No Location,,,Violence and sexual offences,Unable to prosecute suspect,
a0d95511a89e37977d387457f55f6783be5f1dc26e3d67fee472fea79685fd8d,2021-06,Lancashire Constabulary,Lancashire Constabulary,,,No Location,,,Violence and sexual offences,Unable to prosecute suspect,
f549d0888269909ab9f0455145ebfee55a62c52b2162b639cee3422bf0d480c3,2021-06,Lancashire Constabulary,Lancashire Constabulary,,,No Location,,,Violence and sexual offences,Unable to prosecute suspect,
124273f1fd88a7748064abe9836414d970620d8dc8698489a85349919e3dd1a4,2021-06,Lancashire Constabulary,Lancashire Constabulary,,,No Location,,,Violence and sexual offences,Unable to prosecute suspect,
6a0a880d09638dbf00cd246e0cb4a1342cc6195b81e7f30db393f50ea6a324f8,2021-06,Lancashire Constabulary,Lancashire Constabulary,,,No Location,,,Violence and sexual offences,Unable to prosecute suspect,
a1cda17554664e76e862e807c3e16d26e4db98d9e2432c96b5d875eae5838491,2021-06,Lancashire Constabulary,Lancashire Constabulary,,,No Location,,,Violence and sexual offences,Action to be taken by another organisation,
11216e7899abb8563f75aabf10582ab81fdedf1d97e3e885ac6ded0d0483eaab,2021-06,Lancashire Constabulary,Lancashire Constabulary,,,No Location,,,Violence and sexual offences,Unable to prosecute suspect,
0e5bd8f61c9364d4499eed78bdcc89a830951c027ff9d375dd03fff98945770b,2021-06,Lancashire Constabulary,Lancashire Constabulary,,,No Location,,,Violence and sexual offences,Unable to prosecute suspect,
e17906963b34236e22a944d01cf75cc19ebdd6c6764631cc4454aa86665fe5d8,2021-06,Lancashire Constabulary,Lancashire Constabulary,,,No Location,,,Violence and sexual offences,Unable to prosecute suspect,
d79920c5c386e34b8ae7a61f5df5dc3df13cd4ddaa6f4db0ed0776a3b5e44a57,2021-06,Lancashire Constabulary,Lancashire Constabulary,,,No Location,,,Violence and sexual offences,Unable to prosecute suspect,
0e0cc81fa4506be1f460d8f07a818f028d7ea144e1c4887ded742b1cd6ba47fb,2021-06,Lancashire Constabulary,Lancashire Constabulary,,,No Location,,,Violence and sexual offences,Unable to prosecute suspect,
879d883247d95562c371a9cfe354cf1deb1ad766eb33bb0fcbb65d759fb1040b,2021-06,Lancashire Constabulary,Lancashire Constabulary,,,No Location,,,Violence and sexual offences,Unable to prosecute suspect,
e9c016fb30a656b56fec3c2ffa2173987f6eea9db98a12cc9ce479205e4b7bc0,2021-06,Lancashire Constabulary,Lancashire Constabulary,,,No Location,,,Violence and sexual offences,Unable to prosecute suspect,
379c9bfdf7fccf74e8596ff61278bf5ffad7011ea009b56ea5958d7ba1a41f43,2021-06,Lancashire Constabulary,Lancashire Constabulary,,,No Location,,,Violence and sexual offences,Unable to prosecute suspect,
6cdb2a46da87537e78cbd3d6e797837f76d6ce16f0a0bcabe6be83a020624ef6,2021-06,Lancashire Constabulary,Lancashire Constabulary,,,No Location,,,Violence and sexual offences,Unable to prosecute suspect,
3c191a970bdf848eab9f365fa7293db9091801a513a9a161e24bb9e0f550f5e3,2021-06,Lancashire Constabulary,Lancashire Constabulary,,,No Location,,,Violence and sexual offences,Unable to prosecute suspect,
aa21a4b62c398015d17664019121a7297aa0230386698ceff2f4666a06697266,2021-06,Lancashire Constabulary,Lancashire Constabulary,,,No Location,,,Violence and sexual offences,Unable to prosecute suspect,
36cf71746cd4f5867eccd9845c94fdf8b9594af51f7e61e1941f075357745872,2021-06,Lancashire Constabulary,Lancashire Constabulary,,,No Location,,,Violence and sexual offences,Unable to prosecute suspect,
24e305c46a3190d141c99ebb1d1fa960310875d4dadd8b87de2489091fc450e8,2021-06,Lancashire Constabulary,Lancashire Constabulary,,,No Location,,,Violence and sexual offences,Unable to prosecute suspect,
4eff44e362dd01090075b2e79f2304d71982c743965414219c07c5bbe312c6f1,2021-06,Lancashire Constabulary,Lancashire Constabulary,,,No Location,,,Violence and sexual offences,Unable to prosecute suspect,
f334d4105ef540aa177e2b7e05c58cd95f9142d906f1a0cac9d46a4ef2b21b1b,2021-06,Lancashire Constabulary,Lancashire Constabulary,,,No Location,,,Violence and sexual offences,Unable to prosecute suspect,
77300c759e99502d14e3a53f3c54630a0d47a7f90a9194e19ee26e39b656033a,2021-06,Lancashire Constabulary,Lancashire Constabulary,,,No Location,,,Violence and sexual offences,Unable to prosecute suspect,
3bde8df8e746c035c3ea1038695ca86ad5daabb0d58934ea98bf7e7a24db3365,2021-06,Lancashire Constabulary,Lancashire Constabulary,,,No Location,,,Violence and sexual offences,Unable to prosecute suspect,
bbe76f19c617b71458fc663f4e52974884c101bb619fd97ed195b7b1ab3da177,2021-06,Lancashire Constabulary,Lancashire Constabulary,,,No Location,,,Violence and sexual offences,Investigation complete; no suspect identified,
1bd4842717744cf052d13088b52912f01a815c8a4edd033dd9734d37f38d7cbf,2021-06,Lancashire Constabulary,Lancashire Constabulary,,,No Location,,,Violence and sexual offences,Unable to prosecute suspect,
3a97c89f092604ffdc58a6d6e1fec64d4d82b558c6f72670552a4e9187dab6f4,2021-06,Lancashire Constabulary,Lancashire Constabulary,,,No Location,,,Violence and sexual offences,Local resolution,
9a8ce705a81094518cc2b4c4793c84c91775f6418476fc89e5c4f93ad9ef1309,2021-06,Lancashire Constabulary,Lancashire Constabulary,,,No Location,,,Violence and sexual offences,Unable to prosecute suspect,
b30f88f32aa17f7112b11d3014e6f23da07c3d315eeea65c0f103d27843e7541,2021-06,Lancashire Constabulary,Lancashire Constabulary,,,No Location,,,Violence and sexual offences,Investigation complete; no suspect identified,
9b7286887bb1a0eeed17ea74e0db4ab32401de0c69ea3157f2e6430e88625ba4,2021-06,Lancashire Constabulary,Lancashire Constabulary,,,No Location,,,Violence and sexual offences,Investigation complete; no suspect identified,
12904d417f9e9913a6f236badc7739dc0a36da119445d82e6136985f534b16d7,2021-06,Lancashire Constabulary,Lancashire Constabulary,,,No Location,,,Violence and sexual offences,Unable to prosecute suspect,
6cb161980cb20f425b3576dd85c73270e2069e6b2b6d503851d4872cb8a0d3aa,2021-06,Lancashire Constabulary,Lancashire Constabulary,,,No Location,,,Violence and sexual offences,Unable to prosecute suspect,
292ecdec4de1ce95e75111b896d0c7e6c65ffa943dcb97301e85653a5485afc9,2021-06,Lancashire Constabulary,Lancashire Constabulary,,,No Location,,,Violence and sexual offences,Unable to prosecute suspect,
b2ddb953ac524882e09b78e3ef592b2c51c7ca8efebc6c25197b216432d0c553,2021-06,Lancashire Constabulary,Lancashire Constabulary,,,No Location,,,Violence and sexual offences,Investigation complete; no suspect identified,
f1344e694cf1292b2c130c3351b4c2226778121744c399501875d375119ff5ca,2021-06,Lancashire Constabulary,Lancashire Constabulary,,,No Location,,,Violence and sexual offences,Investigation complete; no suspect identified,
ec6867c04bdb1f2f9c749b58da090ee87c24f62cf4afba4951696cd030723a34,2021-06,Lancashire Constabulary,Lancashire Constabulary,,,No Location,,,Violence and sexual offences,Further investigation is not in the public interest,
41e7d994f0fd5ffb8cbec1ec5e293736238b278bc082d2b9ed673303308f5628,2021-06,Lancashire Constabulary,Lancashire Constabulary,,,No Location,,,Violence and sexual offences,Unable to prosecute suspect,
74a90e200b45527554a621317bafbb3eec8c63586aba661355ad66cbab1187ad,2021-06,Lancashire Constabulary,Lancashire Constabulary,,,No Location,,,Violence and sexual offences,Further investigation is not in the public interest,
f21a9597d91c0dcbb679bae5e0c76e3f454451036619406e13577513aaa41eaa,2021-06,Lancashire Constabulary,Lancashire Constabulary,,,No Location,,,Violence and sexual offences,Unable to prosecute suspect,
c9345b0ff875be82944d9e769876ab6e173133bcaf8fb0f92904f295c7338bb2,2021-06,Lancashire Constabulary,Lancashire Constabulary,,,No Location,,,Violence and sexual offences,Unable to prosecute suspect,
52f9621616f4f4315803d2ace7084a55b2f29fbb324743c591375202ad90f3c8,2021-06,Lancashire Constabulary,Lancashire Constabulary,,,No Location,,,Violence and sexual offences,Unable to prosecute suspect,
ff19ce26996eb9251eedba4923a6be6f2d228e606ed3c3b02f4f2eb6306d13e3,2021-06,Lancashire Constabulary,Lancashire Constabulary,,,No Location,,,Violence and sexual offences,Unable to prosecute suspect,
bcc0765b3de3b8e04575982f6d59704705db3aa01531c8f843becd56497c5089,2021-06,Lancashire Constabulary,Lancashire Constabulary,,,No Location,,,Violence and sexual offences,Action to be taken by another organisation,
4bd908feffb53962be3499fce6f09e915acddf1e969ef6b39c759a7173ec32ac,2021-06,Lancashire Constabulary,Lancashire Constabulary,,,No Location,,,Violence and sexual offences,Unable to prosecute suspect,
82263d0a435ee107f929b4b87e2d56a42fa7fadb967dba6869dc5f72c57dfd5a,2021-06,Lancashire Constabulary,Lancashire Constabulary,,,No Location,,,Violence and sexual offences,Investigation complete; no suspect identified,
4708ebee19a3f9c8073081c2375788fc5fc389a21a45fa02267ce1d72bb885aa,2021-06,Lancashire Constabulary,Lancashire Constabulary,,,No Location,,,Violence and sexual offences,Unable to prosecute suspect,
926fd1951b73316c08eec009b22a83031856e75d2a2a22341dc07c8c7685b88d,2021-06,Lancashire Constabulary,Lancashire Constabulary,,,No Location,,,Violence and sexual offences,Unable to prosecute suspect,
409b9fad49fd34fe01e720f50830261abf1594f734d028047878a97a3eea3c50,2021-06,Lancashire Constabulary,Lancashire Constabulary,,,No Location,,,Violence and sexual offences,Investigation complete; no suspect identified,
07c5dd03546e738564057daf5136abb8fd770940fa91891d240f3baeea6f881a,2021-06,Lancashire Constabulary,Lancashire Constabulary,,,No Location,,,Violence and sexual offences,Unable to prosecute suspect,
5139c6599c0848c3eb253550f72aea210161953b9cfe1ee8e69a63509a733a91,2021-06,Lancashire Constabulary,Lancashire Constabulary,,,No Location,,,Violence and sexual offences,Action to be taken by another organisation,
46035e04f671f51d49acb94a1e1abb6c2a00fa293e7e769cfe7cf208c4ec6e5e,2021-06,Lancashire Constabulary,Lancashire Constabulary,,,No Location,,,Violence and sexual offences,Unable to prosecute suspect,
2eb750d89fff98fd0c24c0681d14f6b01ee7f93aea74ac191a066b8faaea7cd3,2021-06,Lancashire Constabulary,Lancashire Constabulary,,,No Location,,,Violence and sexual offences,Unable to prosecute suspect,
e46dac4345eaca8bbda0ce8b2d93c21c13e55d88746422730fa7052e3fd2c4b3,2021-06,Lancashire Constabulary,Lancashire Constabulary,,,No Location,,,Violence and sexual offences,Unable to prosecute suspect,
4ea80f8c40652bf2282751c03d094f7650c84b59ba467f890a3409ac993da842,2021-06,Lancashire Constabulary,Lancashire Constabulary,,,No Location,,,Violence and sexual offences,Further investigation is not in the public interest,
9ee065e33c9c8a6498a5d4013cc346efc57b92ee38b7418cd9a93cc2da82ecad,2021-06,Lancashire Constabulary,Lancashire Constabulary,,,No Location,,,Violence and sexual offences,Investigation complete; no suspect identified,
11aacd41efefe10036e10ea47ad0b9eead9c88a506945304c6bf3f980fe25f9a,2021-06,Lancashire Constabulary,Lancashire Constabulary,,,No Location,,,Violence and sexual offences,Unable to prosecute suspect,
8d4cf5d4a062ce0f0fb5ec38ded7b7de4295f7c1304144eaca2b830491174a47,2021-06,Lancashire Constabulary,Lancashire Constabulary,,,No Location,,,Violence and sexual offences,Unable to prosecute suspect,
895ef18f1dc4f32fe572fb7dd6831b64d06e24b239394378c367bc557b33c8c1,2021-06,Lancashire Constabulary,Lancashire Constabulary,,,No Location,,,Violence and sexual offences,Further investigation is not in the public interest,
5ccb2f065605240290bce44a9f42381d8a2f87f6b00a854a0776c3cafd2f5617,2021-06,Lancashire Constabulary,Lancashire Constabulary,,,No Location,,,Violence and sexual offences,Unable to prosecute suspect,
2c424e63534220f672ce6c9ec11ca115ab3bdb08ed90f681176cfeda792a60fd,2021-06,Lancashire Constabulary,Lancashire Constabulary,,,No Location,,,Violence and sexual offences,Unable to prosecute suspect,
70d2607f6595ed8be3d0e1f6665dfbba468cfe95a276a0363f9a5bbcf5263af4,2021-06,Lancashire Constabulary,Lancashire Constabulary,,,No Location,,,Violence and sexual offences,Court result unavailable,
981eecafab3d1c064ace4c81c1209e07ac780d00e7ce91f85edf960c9af7b32e,2021-06,Lancashire Constabulary,Lancashire Constabulary,,,No Location,,,Violence and sexual offences,Unable to prosecute suspect,
317f94568082f4dbaaca6b3e43c4b0bdd0d28b1ab0fbe8eb254675b311d4e5d4,2021-06,Lancashire Constabulary,Lancashire Constabulary,,,No Location,,,Violence and sexual offences,Investigation complete; no suspect identified,
0712a35d4381a9e5afdbbed7b87aa681aec0c82f57aa94de5d3087ed7e3e7030,2021-06,Lancashire Constabulary,Lancashire Constabulary,,,No Location,,,Violence and sexual offences,Unable to prosecute suspect,
2ac57429c9c7a5886eef8514a28fa650489a765cd9feab076f6c70a0d9e0b989,2021-06,Lancashire Constabulary,Lancashire Constabulary,,,No Location,,,Violence and sexual offences,Unable to prosecute suspect,
d42513486d60dada113d61b3914e53a39713b0fb49aad4323ac67b4935d08d2c,2021-06,Lancashire Constabulary,Lancashire Constabulary,,,No Location,,,Violence and sexual offences,Unable to prosecute suspect,
8b3670700ee267f91608eb6ff6b45580fb2b4d052a97e341f69b81f48d4e364d,2021-06,Lancashire Constabulary,Lancashire Constabulary,,,No Location,,,Violence and sexual offences,Unable to prosecute suspect,
7e447fa98a1d47bbda878c058d5a1cc92e003292ce7ce0c9162279a599ee8019,2021-06,Lancashire Constabulary,Lancashire Constabulary,,,No Location,,,Violence and sexual offences,Investigation complete; no suspect identified,
1d03ed56ebea4503bf65d73bc5222d33490bc05aa2e1e1cee7e64d43b8a4cace,2021-06,Lancashire Constabulary,Lancashire Constabulary,,,No Location,,,Violence and sexual offences,Unable to prosecute suspect,
6901e16c6e18f55f1b1de24fc60728065459b3aa36006ffebc1d57fe47c5b2d5,2021-06,Lancashire Constabulary,Lancashire Constabulary,,,No Location,,,Violence and sexual offences,Unable to prosecute suspect,
647853482b666c567fbff5a8b846fc44f5f0c2f6b4784d231b152395c0f000c4,2021-06,Lancashire Constabulary,Lancashire Constabulary,,,No Location,,,Violence and sexual offences,Unable to prosecute suspect,
316e887a41646b4637d1a6790c6a5c60b1e0f1fcb2f916e1cb90d77c13b0b301,2021-06,Lancashire Constabulary,Lancashire Constabulary,,,No Location,,,Violence and sexual offences,Local resolution,
0e7c59bc0c1667e92c62b7bafb02f89169beca772a4e6a6bf8ae97152a2ae7d5,2021-06,Lancashire Constabulary,Lancashire Constabulary,,,No Location,,,Violence and sexual offences,Unable to prosecute suspect,
b3877333a7cf433d48ee926403fd0f8b79af590797ab96c91fea82f0465e77b1,2021-06,Lancashire Constabulary,Lancashire Constabulary,,,No Location,,,Violence and sexual offences,Unable to prosecute suspect,
6dc73180c2b63a4216b19747f709b106934afaa58d0799cc272121ca48c3f586,2021-06,Lancashire Constabulary,Lancashire Constabulary,,,No Location,,,Violence and sexual offences,Status update unavailable,
db34c5db156149bc0afe79f58245a957a30e4a6faad802d9138103b699153a71,2021-06,Lancashire Constabulary,Lancashire Constabulary,,,No Location,,,Violence and sexual offences,Local resolution,
acd06cb9ba536a6bac18a5fbebe64aba1bc506b129aefc91810d8c3e0efb3b41,2021-06,Lancashire Constabulary,Lancashire Constabulary,,,No Location,,,Violence and sexual offences,Investigation complete; no suspect identified,
1fa2a2547600b362407595bedc3bd63e5a090dbfdc4ebae34098fc940386acd2,2021-06,Lancashire Constabulary,Lancashire Constabulary,,,No Location,,,Violence and sexual offences,Unable to prosecute suspect,
c39cc5c166e12a69bbf68100b9c7bd52bd9254e4afbc27de20e6e0aca1444dd9,2021-06,Lancashire Constabulary,Lancashire Constabulary,,,No Location,,,Violence and sexual offences,Unable to prosecute suspect,
2e9a58d204c14a23153aea02a48f49ac803764066f70c0479153e54f04ba0e2f,2021-06,Lancashire Constabulary,Lancashire Constabulary,,,No Location,,,Violence and sexual offences,Investigation complete; no suspect identified,
07367148d408df32ef2913442cd23736390d117c00de542720e9b3e1fdd32da1,2021-06,Lancashire Constabulary,Lancashire Constabulary,,,No Location,,,Violence and sexual offences,Status update unavailable,
1ea2f90ec472d642d4ade4b38b840f452f7bf79178bdd47bacc8155ccb5d01b5,2021-06,Lancashire Constabulary,Lancashire Constabulary,,,No Location,,,Violence and sexual offences,Investigation complete; no suspect identified,
0ea67c7d546a2a91f743cedd17203690d67918d43d5402d8d89bae61846b9cab,2021-06,Lancashire Constabulary,Lancashire Constabulary,,,No Location,,,Violence and sexual offences,Awaiting court outcome,
c19193eb51cdf042f007a480c2758a61d8fafc4c7d6d7dc92817d2351f79f838,2021-06,Lancashire Constabulary,Lancashire Constabulary,,,No Location,,,Violence and sexual offences,Unable to prosecute suspect,
d89966dd68719c64e95c20e4ca5eae2a387eac15b70375a72d8551fac29863dc,2021-06,Lancashire Constabulary,Lancashire Constabulary,,,No Location,,,Violence and sexual offences,Unable to prosecute suspect,
3fb3072f89eef4a9a791e7b4ea969506dc18157697d0b4314321bf5e8731f476,2021-06,Lancashire Constabulary,Lancashire Constabulary,,,No Location,,,Violence and sexual offences,Unable to prosecute suspect,
40ff317f2ae1decf922866707325bfa08ce808e3ad6b55ab56d2ba725fc1a66d,2021-06,Lancashire Constabulary,Lancashire Constabulary,,,No Location,,,Violence and sexual offences,Unable to prosecute suspect,
6dee4080433ebdc4722490542a92e6fd4f80e702f28d89f41a752efff62a7291,2021-06,Lancashire Constabulary,Lancashire Constabulary,,,No Location,,,Violence and sexual offences,Status update unavailable,
f76928da37c00856bc92d996a0ec40fb6eafb719402b0aac6fcf75afbdeaf7a5,2021-06,Lancashire Constabulary,Lancashire Constabulary,,,No Location,,,Violence and sexual offences,Status update unavailable,
60efbc4d26be995c1d84ad71b1cc03f0edcb80d3a57b7a3e7013a8b093358bcf,2021-06,Lancashire Constabulary,Lancashire Constabulary,,,No Location,,,Violence and sexual offences,Unable to prosecute suspect,
ae2f3251b318d7c82c9ca5ab896822803887d5ae3538711beaee74825e7cd99b,2021-06,Lancashire Constabulary,Lancashire Constabulary,,,No Location,,,Violence and sexual offences,Status update unavailable,
902503b3a63d59ff51c0a742dd26aa16eb308e82e59e84af068d0284b2627b4d,2021-06,Lancashire Constabulary,Lancashire Constabulary,,,No Location,,,Violence and sexual offences,Unable to prosecute suspect,
e14f4ebb266759264f7ad4be2572f9ecfb6a8f848e427c87e2f5be47c9243a35,2021-06,Lancashire Constabulary,Lancashire Constabulary,,,No Location,,,Violence and sexual offences,Unable to prosecute suspect,
7c9c9823c42cfd1e196617eb8a1a2430a9b4a20fd58013e173e606bc8ee57298,2021-06,Lancashire Constabulary,Lancashire Constabulary,,,No Location,,,Violence and sexual offences,Unable to prosecute suspect,
2b427cde90c36c1f7dcf98b65cbfd38c4861956aa593fcf22c670e07990ef4b5,2021-06,Lancashire Constabulary,Lancashire Constabulary,,,No Location,,,Violence and sexual offences,Unable to prosecute suspect,
0db7e0bda34742726d7876162efea1910e2d2d070855e5fd6bec3309058740a5,2021-06,Lancashire Constabulary,Lancashire Constabulary,,,No Location,,,Violence and sexual offences,Unable to prosecute suspect,
417f5742c92f71133be98d4bbca3f9786783d720ba75f67d762d49de2a86d1fe,2021-06,Lancashire Constabulary,Lancashire Constabulary,,,No Location,,,Violence and sexual offences,Further investigation is not in the public interest,
df548ac09333892b9d2861823654f877151f96e0c0b136fe511d518a53046cdb,2021-06,Lancashire Constabulary,Lancashire Constabulary,,,No Location,,,Violence and sexual offences,Investigation complete; no suspect identified,
f43e39eb2cd7561bfa6e948e06c2599d67688cc9119dca848f8c32741ce0d098,2021-06,Lancashire Constabulary,Lancashire Constabulary,,,No Location,,,Violence and sexual offences,Unable to prosecute suspect,
663a2a1c2edc47950eb30d97c8df23ec7ce17e4e5e4f85eb582593893e8c7a37,2021-06,Lancashire Constabulary,Lancashire Constabulary,,,No Location,,,Violence and sexual offences,Unable to prosecute suspect,
34d00e09269e8d3a676751bccf45d98c9f777e15b25c1b32f6d1b90ff68ce537,2021-06,Lancashire Constabulary,Lancashire Constabulary,,,No Location,,,Violence and sexual offences,Court result unavailable,
673319701d7206180272cdb839e46ff4344e042900a840eac42b28a0b80df799,2021-06,Lancashire Constabulary,Lancashire Constabulary,,,No Location,,,Violence and sexual offences,Status update unavailable,
245abf484736b0b7a2077137c07536dbfcae7a8fb89f034c53e5f18b685f0b78,2021-06,Lancashire Constabulary,Lancashire Constabulary,,,No Location,,,Violence and sexual offences,Unable to prosecute suspect,
457857f47406d8833fd3c0dce852402f6025e90fb48992e9ffad69d5ab75bfa5,2021-06,Lancashire Constabulary,Lancashire Constabulary,,,No Location,,,Violence and sexual offences,Unable to prosecute suspect,
e0fe8275876ca2fd5140c3b654b3512914f58a9a79ddc792bb6c87e9aebf763b,2021-06,Lancashire Constabulary,Lancashire Constabulary,,,No Location,,,Violence and sexual offences,Local resolution,
90d36edc7b5560cd0c3a5b229190cd47e10c0089afc0c4dc6d88494ec0842f1d,2021-06,Lancashire Constabulary,Lancashire Constabulary,,,No Location,,,Violence and sexual offences,Unable to prosecute suspect,
ea438b1b134043b3462d4b1e7f3d9b90179c306db1f4203e3d8453705b990b2f,2021-06,Lancashire Constabulary,Lancashire Constabulary,,,No Location,,,Violence and sexual offences,Unable to prosecute suspect,
584c2378dee7cdf37ddfd71d35f041a515b6100d7f1abf557dcbaf331affa11b,2021-06,Lancashire Constabulary,Lancashire Constabulary,,,No Location,,,Violence and sexual offences,Investigation complete; no suspect identified,
7278611ac8af9dc9bce7bff420f824fda6f3f0db144f1457afc3ff7e2ab62f52,2021-06,Lancashire Constabulary,Lancashire Constabulary,,,No Location,,,Violence and sexual offences,Further investigation is not in the public interest,
e4570257b969add90f576f1739e11470fa612d5ddffc6ad291f605ae02e91075,2021-06,Lancashire Constabulary,Lancashire Constabulary,,,No Location,,,Violence and sexual offences,Court result unavailable,
ca45d8b82a4bc4de13bdaf1845cc83f0eaef7d536bfb14021056f030f05c5d26,2021-06,Lancashire Constabulary,Lancashire Constabulary,,,No Location,,,Violence and sexual offences,Unable to prosecute suspect,
930e7a6883cac277d6418dc355f75dd5e85730cd7090fd121be758ffbd01246e,2021-06,Lancashire Constabulary,Lancashire Constabulary,,,No Location,,,Violence and sexual offences,Status update unavailable,
1ba9b7dd7d9209ee3f89055d1e668da1ec34e93bf322182097f18f71a9e34de4,2021-06,Lancashire Constabulary,Lancashire Constabulary,,,No Location,,,Violence and sexual offences,Unable to prosecute suspect,
05e528da9f08087d7a6719036d5f02e87909e9007e9b90b219a5324fa3802cd6,2021-06,Lancashire Constabulary,Lancashire Constabulary,,,No Location,,,Violence and sexual offences,Investigation complete; no suspect identified,
c33e2b9f69cca6c4d42f4b3ff974d196aca588973e144807d73b3bd7041cd637,2021-06,Lancashire Constabulary,Lancashire Constabulary,,,No Location,,,Violence and sexual offences,Unable to prosecute suspect,
a413e609c0b4e5ec10a729e046f33cb4b70d605a0c24299fa2f4b22b407f3ccf,2021-06,Lancashire Constabulary,Lancashire Constabulary,,,No Location,,,Violence and sexual offences,Status update unavailable,
219764cda375ec7c504206eec45d64bece29ffe792aeee8df6f2f7637624870a,2021-06,Lancashire Constabulary,Lancashire Constabulary,,,No Location,,,Violence and sexual offences,Unable to prosecute suspect,
57ce916af0aa3f1b8a7de38aee19beb66e20bf8f55942c8403fd5ca90ceaad3d,2021-06,Lancashire Constabulary,Lancashire Constabulary,,,No Location,,,Violence and sexual offences,Unable to prosecute suspect,
c923b6a8577980e545ac7e10450ae948c0e770253f9c5d3e1de0a1b6151ce5b0,2021-06,Lancashire Constabulary,Lancashire Constabulary,,,No Location,,,Violence and sexual offences,Investigation complete; no suspect identified,
08353454810a055e5ed61b5f8f6ccdb921af1069917b9d6369e221a5fcb8be0d,2021-06,Lancashire Constabulary,Lancashire Constabulary,,,No Location,,,Violence and sexual offences,Unable to prosecute suspect,
589a46a1ad2fc6768f4e5b16a4743024de535d2ea847d08265e464abd9f7633e,2021-06,Lancashire Constabulary,Lancashire Constabulary,,,No Location,,,Violence and sexual offences,Unable to prosecute suspect,
52beff53dbca5362db9f9e02945f83b88e8d6c8722233673ca1561400c6a2200,2021-06,Lancashire Constabulary,Lancashire Constabulary,,,No Location,,,Violence and sexual offences,Unable to prosecute suspect,
8ba0996307ba5900423f86a58beeb6ecc2e836ab676221ba0d128c9afc2f74cb,2021-06,Lancashire Constabulary,Lancashire Constabulary,,,No Location,,,Violence and sexual offences,Status update unavailable,
1b5e7591f62f6a6d54cddce32d3cf2ec2b0e9656aab7384bfd01700b6f8732a4,2021-06,Lancashire Constabulary,Lancashire Constabulary,,,No Location,,,Violence and sexual offences,Status update unavailable,
c02bd6b964d297a0235910576f8d1fff04af479c397f505701ae1d7298f6779d,2021-06,Lancashire Constabulary,Lancashire Constabulary,,,No Location,,,Violence and sexual offences,Status update unavailable,
5aa7d8725de95ab99f1b5fbeec784f1ef6d3debb701c47501eb66d27a874acb3,2021-06,Lancashire Constabulary,Lancashire Constabulary,,,No Location,,,Violence and sexual offences,Further investigation is not in the public interest,
0a31a6bf0255e2217fdaf2f0492e7d03f8a0c407b594e579ff8c96aee61bcba9,2021-06,Lancashire Constabulary,Lancashire Constabulary,,,No Location,,,Violence and sexual offences,Unable to prosecute suspect,
ffe1605de6b3bf9785da7506d56941057c1242a8728d1cf9c0aaa339f523df7c,2021-06,Lancashire Constabulary,Lancashire Constabulary,,,No Location,,,Violence and sexual offences,Action to be taken by another organisation,
1ecec987c5ee3a4986e770134eb8c5b4ae383a94e3b83782baf293fdc16d465b,2021-06,Lancashire Constabulary,Lancashire Constabulary,,,No Location,,,Violence and sexual offences,Status update unavailable,
d69f1cb0b99cb290c5d4026203af3807a40d792a444927a13f67757f04abaadf,2021-06,Lancashire Constabulary,Lancashire Constabulary,,,No Location,,,Violence and sexual offences,Status update unavailable,
8bb0115e03c27f9adf052ce89150d193a9e25d0f0eab19edef3f0d9d9c0fc0a2,2021-06,Lancashire Constabulary,Lancashire Constabulary,,,No Location,,,Violence and sexual offences,Unable to prosecute suspect,
c6abf9dc94d3667c2f0d699a7009f3c51d0b38c22331d72cc013c7701b4d5e7f,2021-06,Lancashire Constabulary,Lancashire Constabulary,,,No Location,,,Violence and sexual offences,Unable to prosecute suspect,
c1ed490699ee30ad68de835f4067f416896a522e0385985af84b80d639a28876,2021-06,Lancashire Constabulary,Lancashire Constabulary,,,No Location,,,Violence and sexual offences,Investigation complete; no suspect identified,
ed19d248824a2d34b806c49ada1a90f457bee1aae1de81f6d7a39fc04e3cd806,2021-06,Lancashire Constabulary,Lancashire Constabulary,,,No Location,,,Violence and sexual offences,Unable to prosecute suspect,
6c6e436368923444c2f35237d7329553aad310149b5c33a36f5da40773eb50ae,2021-06,Lancashire Constabulary,Lancashire Constabulary,,,No Location,,,Violence and sexual offences,Unable to prosecute suspect,
bd1d85727242f7b78fe78e6c4edddf2faa1d24ce5c05de4e2b74032b76cde272,2021-06,Lancashire Constabulary,Lancashire Constabulary,,,No Location,,,Violence and sexual offences,Unable to prosecute suspect,
9376b5b565046fd3c085221a8b8e940e0ff6cabf762370ff5a2ed6dfa272a206,2021-06,Lancashire Constabulary,Lancashire Constabulary,,,No Location,,,Violence and sexual offences,Unable to prosecute suspect,
e1eb5f92f9034511f9ba6cd1e1ba5d2f85bfed04839a06e96651dfbe690b67f5,2021-06,Lancashire Constabulary,Lancashire Constabulary,,,No Location,,,Violence and sexual offences,Court result unavailable,
58bbafa794d5d969c198a8719888e2c892086338f5f98ae22f6a75f1e4862384,2021-06,Lancashire Constabulary,Lancashire Constabulary,,,No Location,,,Violence and sexual offences,Local resolution,
0d8a46c75f51bcf867dabad6fee02e42c0463148fcf31d51f250d973d897068c,2021-06,Lancashire Constabulary,Lancashire Constabulary,,,No Location,,,Violence and sexual offences,Investigation complete; no suspect identified,
419c906e76c009d506fc42bbc65011b8f33f0ee21efdb9e860c91ec794c6be9d,2021-06,Lancashire Constabulary,Lancashire Constabulary,,,No Location,,,Violence and sexual offences,Investigation complete; no suspect identified,
6c4c7b06a1e7f4aab39aff6daf38d6a9174747c63b5d0b9cc94cc7d5f1c371d2,2021-06,Lancashire Constabulary,Lancashire Constabulary,,,No Location,,,Violence and sexual offences,Court result unavailable,
0095ea812e100b3f455781f0f77a80a67cdfa4b284958c1629246e16fa1fabff,2021-06,Lancashire Constabulary,Lancashire Constabulary,,,No Location,,,Violence and sexual offences,Unable to prosecute suspect,
52f1bec5ec3e78de265f0d2e191aec5ea6017a398f17da701c9f255d6ea3d87d,2021-06,Lancashire Constabulary,Lancashire Constabulary,,,No Location,,,Violence and sexual offences,Unable to prosecute suspect,
be131b86ea8cfc5636fa00c01e7b59b7b3cd8493791c0256ef9413b2884741e8,2021-06,Lancashire Constabulary,Lancashire Constabulary,,,No Location,,,Violence and sexual offences,Status update unavailable,
a5e2eb5e408740e40dfa791e4f73d25102b929a313250b13278e11e3a5d3f731,2021-06,Lancashire Constabulary,Lancashire Constabulary,,,No Location,,,Violence and sexual offences,Unable to prosecute suspect,
2bb45fd445aecd69995b6cf4493d5532eb6cf93558cf321c31e8e8209f92a69a,2021-06,Lancashire Constabulary,Lancashire Constabulary,,,No Location,,,Violence and sexual offences,Unable to prosecute suspect,
90862f7d544b46d58f7312df8c66d62e2479ca6f9b6b40e064aa09ae63de61a0,2021-06,Lancashire Constabulary,Lancashire Constabulary,,,No Location,,,Violence and sexual offences,Unable to prosecute suspect,
8eaa00e95e6a64d4dafdf4169fba78c3daf167f8a32513e3c4ae48be35df2f79,2021-06,Lancashire Constabulary,Lancashire Constabulary,,,No Location,,,Violence and sexual offences,Unable to prosecute suspect,
4467b1dfe924119e703c5dbaa835bd88cdb80324efe89e0a7702102c90a2fa00,2021-06,Lancashire Constabulary,Lancashire Constabulary,,,No Location,,,Violence and sexual offences,Further investigation is not in the public interest,
580ce96e1d0f9518753b9c34544e9d4848d8ae25cbdc33976db79ea48ee9fe3d,2021-06,Lancashire Constabulary,Lancashire Constabulary,,,No Location,,,Violence and sexual offences,Unable to prosecute suspect,
805363eaf80c458e2d8a34e78eb2b6b2c8d79787d5e49c6190296934edef3e7e,2021-06,Lancashire Constabulary,Lancashire Constabulary,,,No Location,,,Violence and sexual offences,Court result unavailable,
de9b97502b2542508cc68d5bbb237e43be1f6d7822917a5d67b8b4f788e0058d,2021-06,Lancashire Constabulary,Lancashire Constabulary,,,No Location,,,Violence and sexual offences,Unable to prosecute suspect,
085fa1f1197755e13157ddde802805038a32c004b9d214919122b30c40a92c69,2021-06,Lancashire Constabulary,Lancashire Constabulary,,,No Location,,,Violence and sexual offences,Unable to prosecute suspect,
3e0615c5ca9e2a44098e572da7787f02a2677de1def8a189a6c26a273d81fe43,2021-06,Lancashire Constabulary,Lancashire Constabulary,,,No Location,,,Violence and sexual offences,Unable to prosecute suspect,
89b777d0a7f06bb5711905f7dfd6fabf7f6ca100a0c107b8c0797d5ccbabfea5,2021-06,Lancashire Constabulary,Lancashire Constabulary,,,No Location,,,Violence and sexual offences,Unable to prosecute suspect,
ee5d5449587b57dfb42b9524b195df1f5e07a293d431de07aca674cdaa8232c0,2021-06,Lancashire Constabulary,Lancashire Constabulary,,,No Location,,,Violence and sexual offences,Unable to prosecute suspect,
16d64af35f9cd6084081451557fd7e1070b91c0703616d8fd72f5f35047117c0,2021-06,Lancashire Constabulary,Lancashire Constabulary,,,No Location,,,Violence and sexual offences,Offender given a caution,
7de847160e7ebb306d3bada4a5a04c590826078e06710078fe13b1e01a4adbd2,2021-06,Lancashire Constabulary,Lancashire Constabulary,,,No Location,,,Violence and sexual offences,Court result unavailable,
c7e032f5406e995ea533910a5524257aebda1af1be6b1557898b177ea5ee2bb2,2021-06,Lancashire Constabulary,Lancashire Constabulary,,,No Location,,,Violence and sexual offences,Unable to prosecute suspect,
d540112b4927e61b9b7b60c24d800a6a0ae94cd12e8abc97ccf736f1ca9de74f,2021-06,Lancashire Constabulary,Lancashire Constabulary,,,No Location,,,Violence and sexual offences,Unable to prosecute suspect,
2c57a6c82f5bcf2ba36d60b7084f6bfbe1fb96d3e27dab804f174d00913e0686,2021-06,Lancashire Constabulary,Lancashire Constabulary,,,No Location,,,Other crime,Unable to prosecute suspect,
0010f5522e856242b31f719aca1ba6477a23c5bacd900dd911dd8225d5ba02d8,2021-06,Lancashire Constabulary,Lancashire Constabulary,,,No Location,,,Other crime,Unable to prosecute suspect,
b70e79c30f8b4317af39d1eeea44ec9d0e3336abf10623333bc22b7caa79929d,2021-06,Lancashire Constabulary,Lancashire Constabulary,,,No Location,,,Other crime,Investigation complete; no suspect identified,
3f7d707d0985dc01b982a9be7d16a4763fae03f3af82d7eedc3008af14c432ed,2021-06,Lancashire Constabulary,Lancashire Constabulary,,,No Location,,,Other crime,Unable to prosecute suspect,
47fa9a6e72b9f27b039b6c80e9f7d4fdb181827359ff836b0350432400ed67e1,2021-06,Lancashire Constabulary,Lancashire Constabulary,,,No Location,,,Other crime,Unable to prosecute suspect,
42bee84f65004a6927df7d8d5f8984deb6ea88cd3dfe9387f1ee07fe9d2ab4ed,2021-06,Lancashire Constabulary,Lancashire Constabulary,,,No Location,,,Other crime,Status update unavailable,
f47d680aebe2886b7a0479b88030eda4487065da92ff5aadfcd39402d48cbd1f,2021-06,Lancashire Constabulary,Lancashire Constabulary,,,No Location,,,Other crime,Further investigation is not in the public interest,
58810b2774f12c936730dd110895faedb1b7b15e6af649e46a8889250ff0dfeb,2021-06,Lancashire Constabulary,Lancashire Constabulary,,,No Location,,,Other crime,Status update unavailable,
c701b4b4ca4eaf7febdd3f862cf1b4c31dfa7812e857433659f5f3c37a92faf1,2021-06,Lancashire Constabulary,Lancashire Constabulary,,,No Location,,,Other crime,Unable to prosecute suspect,
932eb19f2a81884ba47b8421c2ff3db913f00d4de55ab9f7d292116bc65e03fb,2021-06,Lancashire Constabulary,Lancashire Constabulary,,,No Location,,,Other crime,Unable to prosecute suspect,
6f0433f68841f0aaa3766e729225dd13b7f2d4f76dd40880eafd0cef8243ef56,2021-06,Lancashire Constabulary,Lancashire Constabulary,,,No Location,,,Other crime,Investigation complete; no suspect identified,
dd260dae8d51006854877405fe5aa74126db0ce729a1ad629922ed3c2a21b2a1,2021-06,Lancashire Constabulary,Lancashire Constabulary,,,No Location,,,Other crime,Offender given penalty notice,
14cbc5d2a7d6d9373a166eb41464241626ac4fe6e846c5bc6057ed72f8bff2ea,2021-06,Lancashire Constabulary,Lancashire Constabulary,,,No Location,,,Other crime,Unable to prosecute suspect,
6478bf576b0b5b4439d73b463c3bc2a205e2439f5be31279756db80fbaf9e3fc,2021-06,Lancashire Constabulary,Lancashire Constabulary,,,No Location,,,Other crime,Further investigation is not in the public interest,
666ef28205b9cd513cdd3960e2ff7b399821ab938f41182ac86cea445723dfd3,2021-06,Lancashire Constabulary,Lancashire Constabulary,,,No Location,,,Other crime,Unable to prosecute suspect,
5a445dc715ed72d06dd1a781c2cc7eaf0b1447a03b53de5209e59cbbbc6ee889,2021-06,Lancashire Constabulary,Lancashire Constabulary,,,No Location,,,Other crime,Status update unavailable,
11f7b3cd3874c720559ef68efa3354521ff44df8bd0bde90a41fd62c438ebffc,2021-06,Lancashire Constabulary,Lancashire Constabulary,,,No Location,,,Other crime,Investigation complete; no suspect identified,
8e5253b083ea49ee613296e257177132ef13db2f222273a56d4ae02426f99a04,2021-06,Lancashire Constabulary,Lancashire Constabulary,,,No Location,,,Other crime,Status update unavailable,
52101a726da2210c4ec4add37688bfdaeeae16fa2a06739596a8e65d6e9d03c8,2021-06,Lancashire Constabulary,Lancashire Constabulary,,,No Location,,,Other crime,Unable to prosecute suspect,
d8df5a39f28d0e3d63fc99ea2737711b52245317df3649cdf5f0c8cb3e739d41,2021-06,Lancashire Constabulary,Lancashire Constabulary,,,No Location,,,Other crime,Investigation complete; no suspect identified,
1ea960dbf42a6a99979af96d9710e00a706e7898bd1f2158c9e963a735c653df,2021-06,Lancashire Constabulary,Lancashire Constabulary,,,No Location,,,Other crime,Status update unavailable,
793ee0d0b188431273aa98a1ef51387d5e2cb704581c2232c764878edbc74455,2021-06,Lancashire Constabulary,Lancashire Constabulary,,,No Location,,,Other crime,Court result unavailable,
8edd32dfe92b60972d070091e4b31c68568b757ec6b74de006f6b83121d359d6,2021-06,Lancashire Constabulary,Lancashire Constabulary,,,No Location,,,Other crime,Unable to prosecute suspect,
d9888cbbfbfeecc7e80a813d4c7234fb440b31d308d6730e59e55c8adae420fc,2021-06,Lancashire Constabulary,Lancashire Constabulary,,,No Location,,,Other crime,Status update unavailable,
aa5f054e33f1a452ba6fe0d125635d465082e754769d7517dcc687123c132ea5,2021-06,Lancashire Constabulary,Lancashire Constabulary,,,No Location,,,Other crime,Status update unavailable,
1d35d634d54a4082db4536f939867528141cf64babd8fdb1529758bae4fa6926,2021-06,Lancashire Constabulary,Lancashire Constabulary,,,No Location,,,Other crime,Status update unavailable,
80f26a0658564b9ae783fe059687c486788b52ab8e5d7b9e03654299c3bb879a,2021-06,Lancashire Constabulary,Lancashire Constabulary,,,No Location,,,Other crime,Unable to prosecute suspect,
8bf358adf8dd9763f47a8140e77b16b1d39cbe190e0bb8a4b741986084f7f1ec,2021-06,Lancashire Constabulary,Lancashire Constabulary,,,No Location,,,Other crime,Action to be taken by another organisation,
e0262172acc3f082d6cc84b1202b3207fcdb1bc30d67af884bc73e32cbb15a0d,2021-06,Lancashire Constabulary,Lancashire Constabulary,,,No Location,,,Other crime,Court result unavailable,
94d90b238134d5f8d67d6fccb83115cdf14cedec7e8dd083e102f63e1638683b,2021-06,Lancashire Constabulary,Lancashire Constabulary,,,No Location,,,Other crime,Investigation complete; no suspect identified,
1b3fb89a11118cf8e65ebb2895b85d915116232a9115fde676ce92e8b9f01af8,2021-06,Lancashire Constabulary,Lancashire Constabulary,,,No Location,,,Other crime,Investigation complete; no suspect identified,
a1b141105c351ab24e1c40f239b7824d96cff8ed2b1de3c143cfbef040a3f0fa,2021-06,Lancashire Constabulary,Lancashire Constabulary,,,No Location,,,Other crime,Status update unavailable,
29fdcef0d661122a403150c339df648c6f3a99c294f1eae4b288ab04bb910012,2021-06,Lancashire Constabulary,Lancashire Constabulary,,,No Location,,,Other crime,Status update unavailable,
c8bac49e2f81618cab8884d09689973ba9927194978a669484ab3eee9c33d606,2021-06,Lancashire Constabulary,Lancashire Constabulary,,,No Location,,,Other crime,Status update unavailable,
d2ee212661d4193effd040570d2420bda42935d32fa2535edcd657e78bab00f9,2021-06,Lancashire Constabulary,Lancashire Constabulary,,,No Location,,,Other crime,Investigation complete; no suspect identified,
c66293c03db666b28b2610a6410241736e1b87c9ab7512b746e232875c955513,2021-06,Lancashire Constabulary,Lancashire Constabulary,,,No Location,,,Other crime,Status update unavailable,
6947f77dbb7a58fbc361b38fdb6e213afcf3041acd644db0652b550800acd264,2021-06,Lancashire Constabulary,Lancashire Constabulary,,,No Location,,,Other crime,Status update unavailable,
7938ec8ac1c26efa7628eee6b64a7f824086f3be3f05273ba13ea51c2ec2a7dd,2021-06,Lancashire Constabulary,Lancashire Constabulary,,,No Location,,,Other crime,Unable to prosecute suspect,
432ab1c893eb0ce7af295d1035c7b72deb1174e43db719e7420ae73bfe9ddf72,2021-06,Lancashire Constabulary,Lancashire Constabulary,,,No Location,,,Other crime,Investigation complete; no suspect identified,
27cfd22a3e0e0ca894a4ac101a66cc391ac7c02e2c923d89c2c865f695176a98,2021-06,Lancashire Constabulary,Lancashire Constabulary,,,No Location,,,Other crime,Unable to prosecute suspect,
446feb46bd3e98d8919a65f23c451de1c16c42b7f35002ccbb39575a3bc89787,2021-06,Lancashire Constabulary,Lancashire Constabulary,,,No Location,,,Other crime,Status update unavailable,
1e26b3fa7e19b4acbedee1de16912a2ded0eaca5c5c065237652bf33dddfb480,2021-06,Lancashire Constabulary,Lancashire Constabulary,,,No Location,,,Other crime,Unable to prosecute suspect,
5592fe6f65fa2329d507b2d38901f33b09b565698ae8264e6cd952894183cd02,2021-06,Lancashire Constabulary,Lancashire Constabulary,,,No Location,,,Other crime,Unable to prosecute suspect,
8ccef204b0df0d06f3176f74166f9ff8d598bc0cce274c4fad5364e457830141,2021-06,Lancashire Constabulary,Lancashire Constabulary,,,No Location,,,Other crime,Status update unavailable,
33bc52153a991ddac0f6c132ab53596afe281fa2b3204ea651e274f9990d0b4f,2021-06,Lancashire Constabulary,Lancashire Constabulary,,,No Location,,,Other crime,Status update unavailable,
d64a2e68e9008dafd6bbf50721d5f5b9e53ea3993c2c970d69e2ee9946f1f2ff,2021-06,Lancashire Constabulary,Lancashire Constabulary,,,No Location,,,Other crime,Unable to prosecute suspect,
222569a89c0243f5c2ddb1a8dad68291c0900753dfde61491e72eac3025ad567,2021-06,Lancashire Constabulary,Lancashire Constabulary,,,No Location,,,Other crime,Investigation complete; no suspect identified,
ca65d9829d2f6f95dbc342b50171fc896ada2e4b9c10e29c2c46452392fbff26,2021-06,Lancashire Constabulary,Lancashire Constabulary,,,No Location,,,Other crime,Court result unavailable,
0f44b191fb23d56f4a07beefc7c985d5d89347fa8a6672cf79ec95d0ddecada4,2021-06,Lancashire Constabulary,Lancashire Constabulary,,,No Location,,,Other crime,Unable to prosecute suspect,
9efd32417985b134ebd2cb9667fb872cc8ba4c80cf80b9b92875fc475afb7d25,2021-06,Lancashire Constabulary,Lancashire Constabulary,,,No Location,,,Other crime,Investigation complete; no suspect identified,
767394d4be96c40d0b85bb0d95f464eadd017705fabd9be681ecdcbfdac8892b,2021-06,Lancashire Constabulary,Lancashire Constabulary,,,No Location,,,Other crime,Status update unavailable,
483c1078c6d1654ff1fa1257268c55322a31458586f7c1a3e16aeb20c4d44fa4,2021-06,Lancashire Constabulary,Lancashire Constabulary,,,No Location,,,Other crime,Unable to prosecute suspect,
3891b74c1867e5e3e8f531813ec203a58fa894a019a5349915a0206e639beb66,2021-06,Lancashire Constabulary,Lancashire Constabulary,,,No Location,,,Other crime,Status update unavailable,
b2806625bb3fb19d0dda069daefd49bfad9c5259bf390a3c92b10475583d9372,2021-06,Lancashire Constabulary,Lancashire Constabulary,,,No Location,,,Other crime,Status update unavailable,
81e76c9d9c1d0cb0471316ec10a2a5998c9237bf4e7b1acc2163254c2bcc1126,2021-06,Lancashire Constabulary,Lancashire Constabulary,,,No Location,,,Other crime,Unable to prosecute suspect,
