Crime ID,Month,Reported by,Falls within,Longitude,Latitude,Location,LSOA code,LSOA name,Crime type,Last outcome category,Context
28a70bd0fa9449bf3c27d7e00cb882b5ecb0b76a4e1e344b7928a465839b5803,2022-06,Bedfordshire Police,Bedfordshire Police,-0.734107,51.899705,On or near Stewkley Road,E01017732,Aylesbury Vale 007C,Vehicle crime,Status update unavailable,
5f27a51cf36d1980aa91d5ab4c8f1cdbc0eb60de2a37f228951d87a76070de68,2022-06,Bedfordshire Police,Bedfordshire Police,-0.586643,51.864353,On or near Kings Mead,E01017657,Aylesbury Vale 009C,Other theft,Investigation complete; no suspect identified,
933cf4ab626f701cf14ee67a547c4a1389e4382b3f8bf9fbf0200235f97db29d,2022-06,Bedfordshire Police,Bedfordshire Police,-0.586643,51.864353,On or near Kings Mead,E01017657,Aylesbury Vale 009C,Violence and sexual offences,Investigation complete; no suspect identified,
3ecddc5d3f0a048e1682f46a4cff99b7a167361ee8c426e89841c1afbcf3cd65,2022-06,Bedfordshire Police,Bedfordshire Police,-0.161233,51.637455,On or near Albemarle Road,E01000175,Barnet 006E,Violence and sexual offences,Status update unavailable,
b3669df6d5e8a854c925efb50e6d434da652c3bb483770e633eaca366586cdd3,2022-06,Bedfordshire Police,Bedfordshire Police,-0.271862,51.627067,On or near Glendevon Close,E01000187,Barnet 014B,Violence and sexual offences,Action to be taken by another organisation,
,2022-06,Bedfordshire Police,Bedfordshire Police,-0.436626,52.214299,On or near Cross End,E01017540,Bedford 001A,Anti-social behaviour,,
2c8ef5689b892cf4193a112ff9f585cceb04c902c8e3aca4b3b1e75fc95b8aec,2022-06,Bedfordshire Police,Bedfordshire Police,-0.467855,52.298281,On or near Brook Lane,E01017540,Bedford 001A,Other theft,Investigation complete; no suspect identified,
1eea3a07f7348bc498237fc55329ca036043f6f1a3b3395d049e34faf01668a0,2022-06,Bedfordshire Police,Bedfordshire Police,-0.409147,52.276268,On or near Kimbolton Road,E01017540,Bedford 001A,Public order,Unable to prosecute suspect,
0f5da5bd46fb179fce94a77858c49870ce4c53c2ca418940b5599d24561590fa,2022-06,Bedfordshire Police,Bedfordshire Police,-0.423448,52.250799,On or near Wybridge Close,E01017540,Bedford 001A,Violence and sexual offences,Local resolution,
c2e442cdb590d91581a8661444835d3f17152b016f24f17a23d170834907f71a,2022-06,Bedfordshire Police,Bedfordshire Police,-0.423448,52.250799,On or near Wybridge Close,E01017540,Bedford 001A,Violence and sexual offences,Unable to prosecute suspect,
,2022-06,Bedfordshire Police,Bedfordshire Police,-0.481135,52.252140,On or near The Orchard,E01017541,Bedford 001B,Anti-social behaviour,,
63632f9f76210bfcc0caf78487eae18e454182151768c54a65b4af1256b098d2,2022-06,Bedfordshire Police,Bedfordshire Police,-0.473746,52.253177,On or near Graham'S Gardens,E01017541,Bedford 001B,Violence and sexual offences,Unable to prosecute suspect,
545e17f15e61c5f635538d52ce4cdf2679606c5da7193cf6e3dba0196a0104f3,2022-06,Bedfordshire Police,Bedfordshire Police,-0.467375,52.259074,On or near Petrol Station,E01017541,Bedford 001B,Other crime,Further investigation is not in the public interest,
,2022-06,Bedfordshire Police,Bedfordshire Police,-0.548892,52.226495,On or near Grange Gardens,E01017544,Bedford 001C,Anti-social behaviour,,
d9a9b04952a8f7547584ceb740661a65382318f12cac6c9987724b5639deae1c,2022-06,Bedfordshire Police,Bedfordshire Police,-0.548074,52.223752,On or near Pinchmill Close,E01017544,Bedford 001C,Other theft,Investigation complete; no suspect identified,
d80d0e7da3eeed35d44769f3ca761088995cc31c6887f96b9e4941cb3739a7c3,2022-06,Bedfordshire Police,Bedfordshire Police,-0.548074,52.223752,On or near Pinchmill Close,E01017544,Bedford 001C,Public order,Unable to prosecute suspect,
,2022-06,Bedfordshire Police,Bedfordshire Police,-0.569973,52.227957,On or near Sports/Recreation Area,E01017545,Bedford 001D,Anti-social behaviour,,
c45b2b39e8986cb9cef262e7564acaea97cd694d455e2d24977f9f4555edbbbe,2022-06,Bedfordshire Police,Bedfordshire Police,-0.553975,52.228221,On or near Colworth Road,E01017545,Bedford 001D,Burglary,Investigation complete; no suspect identified,
67f2a276ec94564f9e74c6d87018b3fbb8593df767204989872f80184b084695,2022-06,Bedfordshire Police,Bedfordshire Police,-0.556254,52.222072,On or near Dolcey Way,E01017545,Bedford 001D,Violence and sexual offences,Action to be taken by another organisation,
adf8f380af81e573c5cd5f11831a77e2c918542ceee67a9493795c09a045db75,2022-06,Bedfordshire Police,Bedfordshire Police,-0.559201,52.247697,On or near Chapel Lane,E01017545,Bedford 001D,Violence and sexual offences,Unable to prosecute suspect,
3d571b6d51f28812204186ad3f7fe38a284866849147ef262d35154bb4366b06,2022-06,Bedfordshire Police,Bedfordshire Police,-0.556254,52.222072,On or near Dolcey Way,E01017545,Bedford 001D,Violence and sexual offences,Action to be taken by another organisation,
dae72602b126a3caa74aca312405bbcfbfe319e97eb732b47c568d80637fd2f5,2022-06,Bedfordshire Police,Bedfordshire Police,-0.553587,52.213597,On or near Park/Open Space,E01017545,Bedford 001D,Violence and sexual offences,Action to be taken by another organisation,
668d9ce2913a5de7153cf299acc261f5453777dfbcaf4cd3760df8c5e2800988,2022-06,Bedfordshire Police,Bedfordshire Police,-0.557690,52.245071,On or near High Street,E01017545,Bedford 001D,Violence and sexual offences,Investigation complete; no suspect identified,
9a67ddaa14d57e8b8e2658e9dd8dd2491c709eee39fb68493d61b836de72a956,2022-06,Bedfordshire Police,Bedfordshire Police,-0.556254,52.222072,On or near Dolcey Way,E01017545,Bedford 001D,Violence and sexual offences,Action to be taken by another organisation,
f35a0b66b392eb4598b146f6a8c7c272f33d54f5de08317efa270c7c8321adac,2022-06,Bedfordshire Police,Bedfordshire Police,-0.556254,52.222072,On or near Dolcey Way,E01017545,Bedford 001D,Other crime,Action to be taken by another organisation,
7abb55b609c985991763db61e9df2edfc0fecc23be580b1dd839becd3c21d66c,2022-06,Bedfordshire Police,Bedfordshire Police,-0.532031,52.188138,On or near Close Road,E01017464,Bedford 002A,Burglary,Investigation complete; no suspect identified,
dbf4637a1ce4f27818735c8c4b5032a576b918b98d371dc33312571531f3aa42,2022-06,Bedfordshire Police,Bedfordshire Police,-0.554379,52.188719,On or near Orchard Close,E01017464,Bedford 002A,Other theft,Unable to prosecute suspect,
cda7541ac85fc0fa27a6d0a33639f9b5f8e586eb11d0f53c2220074de6f809e4,2022-06,Bedfordshire Police,Bedfordshire Police,-0.532031,52.188138,On or near Close Road,E01017464,Bedford 002A,Other theft,Investigation complete; no suspect identified,
0aa7b7de48df767e454c433577342561109c1f6052b2863a6963b16f278a10c6,2022-06,Bedfordshire Police,Bedfordshire Police,-0.550276,52.191654,On or near The Bury,E01017464,Bedford 002A,Public order,Unable to prosecute suspect,
,2022-06,Bedfordshire Police,Bedfordshire Police,-0.602618,52.270103,On or near Manor Lane,E01017503,Bedford 002C,Anti-social behaviour,,
,2022-06,Bedfordshire Police,Bedfordshire Police,-0.600987,52.268834,On or near Church Lane,E01017503,Bedford 002C,Anti-social behaviour,,
,2022-06,Bedfordshire Police,Bedfordshire Police,-0.602618,52.270103,On or near Manor Lane,E01017503,Bedford 002C,Anti-social behaviour,,
,2022-06,Bedfordshire Police,Bedfordshire Police,-0.623728,52.253322,On or near Hornbeam Close,E01017503,Bedford 002C,Anti-social behaviour,,
a704bf3c4a9ee563516350f9317bf4912da53d6ca1c902adade109276eaf5dcb,2022-06,Bedfordshire Police,Bedfordshire Police,-0.601847,52.268529,On or near Brook Farm Close,E01017503,Bedford 002C,Burglary,Investigation complete; no suspect identified,
35db963dbb8c5dae45c36f0d000d5bff907b329ef2fe06c276324b9bc94818d9,2022-06,Bedfordshire Police,Bedfordshire Police,-0.602618,52.270103,On or near Manor Lane,E01017503,Bedford 002C,Criminal damage and arson,Investigation complete; no suspect identified,
1d7a3eece61260a6a46145a218bd135ebe7729c9af43dde9a6ccc626bc31820a,2022-06,Bedfordshire Police,Bedfordshire Police,-0.602618,52.270103,On or near Manor Lane,E01017503,Bedford 002C,Criminal damage and arson,Unable to prosecute suspect,
1c168caf8ab6b161db6489936b92bef3a9a744775e07becf40c243e938507fba,2022-06,Bedfordshire Police,Bedfordshire Police,-0.602618,52.270103,On or near Manor Lane,E01017503,Bedford 002C,Criminal damage and arson,Investigation complete; no suspect identified,
a96b2b608496bb84be879ac8f8a48d47b3e4b21919eeda92ca81dfd6b3daa9d5,2022-06,Bedfordshire Police,Bedfordshire Police,-0.602618,52.270103,On or near Manor Lane,E01017503,Bedford 002C,Criminal damage and arson,Unable to prosecute suspect,
e6982c9190c5f761177e617b11914dd30839abe74062f989cf5303a74af2a80d,2022-06,Bedfordshire Police,Bedfordshire Police,-0.602618,52.270103,On or near Manor Lane,E01017503,Bedford 002C,Criminal damage and arson,Unable to prosecute suspect,
1c4b1e9de48c602c3bf88716ec8e74ab8e3750ac13c919d5481189569cb119f9,2022-06,Bedfordshire Police,Bedfordshire Police,-0.627906,52.249459,On or near Hinwick Road,E01017503,Bedford 002C,Criminal damage and arson,Investigation complete; no suspect identified,
18a8a1c73e85fd4d7f0a9d8ecffccccb24d5628d8f2f13b1cdc539eebdf5b6c6,2022-06,Bedfordshire Police,Bedfordshire Police,-0.621953,52.253876,On or near High Street,E01017503,Bedford 002C,Other theft,Investigation complete; no suspect identified,
343e3a8f857df87be778b9cd8c95c9221cf134cc1a1cdfba13216164ce53c250,2022-06,Bedfordshire Police,Bedfordshire Police,-0.602609,52.273168,On or near Rushden Road,E01017503,Bedford 002C,Other theft,Investigation complete; no suspect identified,
e27eaecab151e954b12906bc4ab77d523ba44db230a853b86bab9b59beddc22b,2022-06,Bedfordshire Police,Bedfordshire Police,-0.602618,52.270103,On or near Manor Lane,E01017503,Bedford 002C,Violence and sexual offences,Unable to prosecute suspect,
092293a5aceeeb0f0ea3b8cbd4a0645e8fc98778b86d7edcae50e0d6200193de,2022-06,Bedfordshire Police,Bedfordshire Police,-0.602618,52.270103,On or near Manor Lane,E01017503,Bedford 002C,Violence and sexual offences,Local resolution,
6dfd42da2a85ac632126d5c1cdebaac797c982cd8e8d39d03ff304f1e1235282,2022-06,Bedfordshire Police,Bedfordshire Police,-0.608879,52.236272,On or near Sports/Recreation Area,E01017503,Bedford 002C,Violence and sexual offences,Unable to prosecute suspect,
73feeae98e2e72c0bd5c4e3d9bfe416a3259b39d3efde54478dff4489c3f84d6,2022-06,Bedfordshire Police,Bedfordshire Police,-0.602618,52.270103,On or near Manor Lane,E01017503,Bedford 002C,Violence and sexual offences,Action to be taken by another organisation,
c8275d6606aa550ca7e80682a25fbee647bc3f0b57eebfd739c451e5ee7e29fe,2022-06,Bedfordshire Police,Bedfordshire Police,-0.602618,52.270103,On or near Manor Lane,E01017503,Bedford 002C,Violence and sexual offences,Unable to prosecute suspect,
3e5ef07b542f757603d352fb5a1323aff1846e7c2a51fc5ecafae973c9018ce9,2022-06,Bedfordshire Police,Bedfordshire Police,-0.602618,52.270103,On or near Manor Lane,E01017503,Bedford 002C,Violence and sexual offences,Unable to prosecute suspect,
8f5e3200e95628da407ccdc8e1c2303bad36d3e1abbca4bb63f1afa46953847f,2022-06,Bedfordshire Police,Bedfordshire Police,-0.602618,52.270103,On or near Manor Lane,E01017503,Bedford 002C,Violence and sexual offences,Unable to prosecute suspect,
,2022-06,Bedfordshire Police,Bedfordshire Police,-0.610222,52.200305,On or near Priory Close,E01017504,Bedford 002D,Anti-social behaviour,,
,2022-06,Bedfordshire Police,Bedfordshire Police,-0.610352,52.201305,On or near High Street,E01017504,Bedford 002D,Anti-social behaviour,,
,2022-06,Bedfordshire Police,Bedfordshire Police,-0.610352,52.201305,On or near High Street,E01017504,Bedford 002D,Anti-social behaviour,,
,2022-06,Bedfordshire Police,Bedfordshire Police,-0.610352,52.201305,On or near High Street,E01017504,Bedford 002D,Anti-social behaviour,,
08bd849069be492e76bf12b4130cf3bc85d199acea64766ca18c1b4601b09dc9,2022-06,Bedfordshire Police,Bedfordshire Police,-0.588660,52.209355,On or near Mill Lane,E01017504,Bedford 002D,Criminal damage and arson,Investigation complete; no suspect identified,
d35265844d01295f482a7772ecb8e867d08ec1b1273a2aefd5df6c7d6faf776f,2022-06,Bedfordshire Police,Bedfordshire Police,-0.605066,52.202825,On or near Peach'S Close,E01017504,Bedford 002D,Violence and sexual offences,Unable to prosecute suspect,
4f04d6cd972f5ebf933be27f3168afcf43eeb5cf64f3b29aa147a49fcea9990e,2022-06,Bedfordshire Police,Bedfordshire Police,-0.604508,52.201011,On or near Sports/Recreation Area,E01017504,Bedford 002D,Violence and sexual offences,Investigation complete; no suspect identified,
1bd964f99f6866d95d03aa080fa744bd637f14db3606462fb66274362c9dac8a,2022-06,Bedfordshire Police,Bedfordshire Police,-0.588660,52.209355,On or near Mill Lane,E01017504,Bedford 002D,Violence and sexual offences,Unable to prosecute suspect,
b4010623e98b8384ebf941477c5e872f87869878b83e73d4ca6001997f61c245,2022-06,Bedfordshire Police,Bedfordshire Police,-0.619514,52.199812,On or near New Road,E01017504,Bedford 002D,Violence and sexual offences,Unable to prosecute suspect,
75aecdabc22f5933c12983a7057fd6c2dce99854e507a74407dd134484f50ef0,2022-06,Bedfordshire Police,Bedfordshire Police,-0.594473,52.201845,On or near Park/Open Space,E01017504,Bedford 002D,Violence and sexual offences,Unable to prosecute suspect,
,2022-06,Bedfordshire Police,Bedfordshire Police,-0.624121,52.162931,On or near Laws Close,E01017546,Bedford 002E,Anti-social behaviour,,
,2022-06,Bedfordshire Police,Bedfordshire Police,-0.527719,52.130891,On or near Box End Road,E01017547,Bedford 002F,Anti-social behaviour,,
,2022-06,Bedfordshire Police,Bedfordshire Police,-0.586406,52.122123,On or near Parking Area,E01017547,Bedford 002F,Anti-social behaviour,,
,2022-06,Bedfordshire Police,Bedfordshire Police,-0.519657,52.118023,On or near Cemetery Road,E01017547,Bedford 002F,Anti-social behaviour,,
15cdecb65744ff2d9d3aeda6abb78eca96038c843a0dafab508d40e0795fcb6b,2022-06,Bedfordshire Police,Bedfordshire Police,-0.521138,52.119606,On or near Parking Area,E01017547,Bedford 002F,Burglary,Investigation complete; no suspect identified,
31cc9f0bc46dbce8ed5f4b8d5755aa372e6bff9cb687804888e44253667773d3,2022-06,Bedfordshire Police,Bedfordshire Police,-0.567271,52.131711,On or near Church Lane,E01017547,Bedford 002F,Burglary,Investigation complete; no suspect identified,
e69547a06a44c926b32d77bffa84966da06260da04f27d8848c91441c695425f,2022-06,Bedfordshire Police,Bedfordshire Police,-0.540624,52.124488,On or near West End Road,E01017547,Bedford 002F,Burglary,Investigation complete; no suspect identified,
74c298e2512f89f4e015d33902b10293c1219c5ce4786c45ecadb96ece6a4a93,2022-06,Bedfordshire Police,Bedfordshire Police,-0.542137,52.108107,On or near Wood End Road,E01017547,Bedford 002F,Drugs,Status update unavailable,
8a11e8cea6c6fec6a35275456d189951ea74448de0d7eecf91f4f8433bbd1dc3,2022-06,Bedfordshire Police,Bedfordshire Police,-0.586406,52.122123,On or near Parking Area,E01017547,Bedford 002F,Other theft,Status update unavailable,
4a8c7982ada9ec2b9421608cf78ea0b37aa6ad99675d54b2e7cb97154fced5ba,2022-06,Bedfordshire Police,Bedfordshire Police,-0.522658,52.118249,On or near Parking Area,E01017547,Bedford 002F,Violence and sexual offences,Status update unavailable,
b39a7b22e61a4dcfc4a767223c48b594e0ec36bc24e49c6550d16402c1e09426,2022-06,Bedfordshire Police,Bedfordshire Police,-0.525075,52.111410,On or near Ibbett Close,E01017547,Bedford 002F,Violence and sexual offences,Unable to prosecute suspect,
36c7dc2e8c91b042802676df33ab29e30ef3d5a596282143d84063bf0b485eec,2022-06,Bedfordshire Police,Bedfordshire Police,-0.586406,52.122123,On or near Parking Area,E01017547,Bedford 002F,Violence and sexual offences,Unable to prosecute suspect,
b1a922b7f4ed58097f93cfb4655f4fc9fa265d9a3f7d71dde653108bde31c5b7,2022-06,Bedfordshire Police,Bedfordshire Police,-0.586406,52.122123,On or near Parking Area,E01017547,Bedford 002F,Violence and sexual offences,Unable to prosecute suspect,
,2022-06,Bedfordshire Police,Bedfordshire Police,-0.508287,52.227940,On or near Bourne End Lane,E01017478,Bedford 003A,Anti-social behaviour,,
8d0ec657f1eed79a4ce4ab6acf826f9757acca13d360cb5a3aeae5fac88809dc,2022-06,Bedfordshire Police,Bedfordshire Police,-0.486421,52.194970,On or near Prison,E01017478,Bedford 003A,Criminal damage and arson,Unable to prosecute suspect,
3668ccd8e2aeaedd8b29242b22ca80c22004cca81e40e5fd75bc58e0b90c6ee8,2022-06,Bedfordshire Police,Bedfordshire Police,-0.486421,52.194970,On or near Prison,E01017478,Bedford 003A,Violence and sexual offences,Investigation complete; no suspect identified,
685089dd49eca7b30d721de2f623c1f12e768cc51cd5d9afc5d27ca7c6236765,2022-06,Bedfordshire Police,Bedfordshire Police,-0.516150,52.195869,On or near Butterfield Court,E01017478,Bedford 003A,Violence and sexual offences,Unable to prosecute suspect,
18c1d062b65b4b9dedbfa999d6c0868b43b35882ab250e930e91e3bf40d39902,2022-06,Bedfordshire Police,Bedfordshire Police,-0.496421,52.160931,On or near High Street,E01017479,Bedford 003B,Criminal damage and arson,Local resolution,
160be0535de217bd5431029a4596e9dcb25f045a5743c4985f338bccc03e50a6,2022-06,Bedfordshire Police,Bedfordshire Police,-0.487400,52.158344,On or near Bedford Road,E01017479,Bedford 003B,Other theft,Investigation complete; no suspect identified,
90888aa48987be3031f2b7012849c117f1265618c1cff521d0e9b95f18d21487,2022-06,Bedfordshire Police,Bedfordshire Police,-0.489993,52.159923,On or near Ursula Taylor Walk,E01017479,Bedford 003B,Vehicle crime,Investigation complete; no suspect identified,
9475161e18a332d5edded8103ef66ac8d0ebada57f19a71b52eaa140239eaa9e,2022-06,Bedfordshire Police,Bedfordshire Police,-0.494457,52.160646,On or near High Street (Service Road),E01017479,Bedford 003B,Violence and sexual offences,Formal action is not in the public interest,
4944c8e6b0ae93198265756569f564a647db6fdb63b643360ba1c56353bfece4,2022-06,Bedfordshire Police,Bedfordshire Police,-0.489993,52.159923,On or near Ursula Taylor Walk,E01017479,Bedford 003B,Violence and sexual offences,Unable to prosecute suspect,
154549e4e60c50bd1a21eea8c00ffa822dad5ab234829fb2a4ccceb5b23c16f1,2022-06,Bedfordshire Police,Bedfordshire Police,-0.493477,52.162395,On or near The Slade,E01017479,Bedford 003B,Violence and sexual offences,Unable to prosecute suspect,
4234c2f4228a9391781008be7caf51bb0375c4e83b150c03c006f6d63c58ad35,2022-06,Bedfordshire Police,Bedfordshire Police,-0.489993,52.159923,On or near Ursula Taylor Walk,E01017479,Bedford 003B,Violence and sexual offences,Unable to prosecute suspect,
a75ad256e716b98116e7bdf7dd510d68d4335d0d89a6df39747260382145ac97,2022-06,Bedfordshire Police,Bedfordshire Police,-0.493477,52.162395,On or near The Slade,E01017479,Bedford 003B,Violence and sexual offences,Unable to prosecute suspect,
86fcee288c82ec5461f9cba2b85145c83216aa42213d84f08f3bbf42360c0f42,2022-06,Bedfordshire Police,Bedfordshire Police,-0.504089,52.163762,On or near Hunter'S Close,E01017479,Bedford 003B,Violence and sexual offences,Status update unavailable,
7689b261486e6f7da77048d759cfe1da2eea51c69ea5b91cf4dfb53dbffc80a3,2022-06,Bedfordshire Police,Bedfordshire Police,-0.506118,52.165595,On or near Prior Close,E01017480,Bedford 003C,Vehicle crime,Investigation complete; no suspect identified,
18b086bd46487e586cefb196809209b3cffc31dd183bc268e585771453b188c4,2022-06,Bedfordshire Police,Bedfordshire Police,-0.502979,52.167659,On or near Saddle Close,E01017480,Bedford 003C,Vehicle crime,Investigation complete; no suspect identified,
cb426a806a00390843cd93d35d0d2e6fc07510e7b001827a806e090fd7ce001b,2022-06,Bedfordshire Police,Bedfordshire Police,-0.504320,52.169079,On or near Shire Road,E01017480,Bedford 003C,Vehicle crime,Unable to prosecute suspect,
783e7a2a12cd8d115a3f6810cebb2a2e7d754c6dfdc0953699ef4166f1b88da8,2022-06,Bedfordshire Police,Bedfordshire Police,-0.506842,52.168437,On or near Fox Close,E01017480,Bedford 003C,Vehicle crime,Investigation complete; no suspect identified,
a1708af27b136f5e71b65d5b5a81a22e4178dfe0b328fb3186a9ee1271312278,2022-06,Bedfordshire Police,Bedfordshire Police,-0.502979,52.167659,On or near Saddle Close,E01017480,Bedford 003C,Vehicle crime,Investigation complete; no suspect identified,
9e21442a0e54fe3576112cb363ba3532a4498fb71ff49d22ee9cbca9ec5e3ef0,2022-06,Bedfordshire Police,Bedfordshire Police,-0.506996,52.167782,On or near Loake Close,E01017480,Bedford 003C,Violence and sexual offences,Action to be taken by another organisation,
721c9e8287a35338d923e51e621b3d72f6314aa14caa5a553ffe5cc8bdc9a468,2022-06,Bedfordshire Police,Bedfordshire Police,-0.504320,52.169079,On or near Shire Road,E01017480,Bedford 003C,Violence and sexual offences,Unable to prosecute suspect,
9a89eded5ffcb7802ead58851c68177afd148ee6168383375694f6e6b054c9fa,2022-06,Bedfordshire Police,Bedfordshire Police,-0.502004,52.166622,On or near Fetlock Close,E01017480,Bedford 003C,Violence and sexual offences,Unable to prosecute suspect,
b1e20213eb274ad85af1526ac975e2cde20b11923ea4aae132d12c6dc3117600,2022-06,Bedfordshire Police,Bedfordshire Police,-0.500503,52.165191,On or near Mount Pleasant Road,E01017480,Bedford 003C,Violence and sexual offences,Unable to prosecute suspect,
cd8fef1de621e25af116e7218b43cc5d89818366bf8321f6804847edca125735,2022-06,Bedfordshire Police,Bedfordshire Police,-0.503772,52.169728,On or near Tinsley Close,E01017480,Bedford 003C,Violence and sexual offences,Unable to prosecute suspect,
6ccfa3e917b34877b3eba845b2ad46944a5b42f32215f3e45b6ab556c6488eb4,2022-06,Bedfordshire Police,Bedfordshire Police,-0.503772,52.169728,On or near Tinsley Close,E01017480,Bedford 003C,Violence and sexual offences,Unable to prosecute suspect,
cb17f763802ae06713daa6dd1896fdbe2fda64e06b9dd13d56eeb2e134f8a321,2022-06,Bedfordshire Police,Bedfordshire Police,-0.504320,52.169079,On or near Shire Road,E01017480,Bedford 003C,Violence and sexual offences,Unable to prosecute suspect,
c6606ed37e2bfd5328b529805577a1a609214715bdf6c0b18768dadc87c6002f,2022-06,Bedfordshire Police,Bedfordshire Police,-0.500503,52.165191,On or near Mount Pleasant Road,E01017480,Bedford 003C,Violence and sexual offences,Unable to prosecute suspect,
e6bf3cb716d043819fe14979c52705b0f3f4054ac45709b0ca309d406f7fa766,2022-06,Bedfordshire Police,Bedfordshire Police,-0.500503,52.165191,On or near Mount Pleasant Road,E01017480,Bedford 003C,Violence and sexual offences,Unable to prosecute suspect,
f07b85b0bf880a22560706b7fba15569989e6fae5c97a56c8e1e2966d54eeaba,2022-06,Bedfordshire Police,Bedfordshire Police,-0.497317,52.166005,On or near Bents Close,E01017481,Bedford 003D,Criminal damage and arson,Investigation complete; no suspect identified,
f84cd9a34b10334699f8e5e21e0c7860606dda5049339c1ccd6a022945b46e20,2022-06,Bedfordshire Police,Bedfordshire Police,-0.501963,52.164805,On or near George Street,E01017481,Bedford 003D,Violence and sexual offences,Unable to prosecute suspect,
38efae24efb89f59f5bf5016dbcc78be88a52c657e1b8b62550ea9ec08d7a29a,2022-06,Bedfordshire Police,Bedfordshire Police,-0.501963,52.164805,On or near George Street,E01017481,Bedford 003D,Violence and sexual offences,Investigation complete; no suspect identified,
,2022-06,Bedfordshire Police,Bedfordshire Police,-0.531118,52.171448,On or near Town Farm Court,E01017528,Bedford 003E,Anti-social behaviour,,
b01bcd99ac22b311605b1aaf8a3e7b49de05e16646088ffe16aa2192641b09eb,2022-06,Bedfordshire Police,Bedfordshire Police,-0.531118,52.171448,On or near Town Farm Court,E01017528,Bedford 003E,Burglary,Investigation complete; no suspect identified,
b13ea2ea94d8921a585cdb7d836f7aa8b42195fb0218aa17cb0796a1d83c5f8e,2022-06,Bedfordshire Police,Bedfordshire Police,-0.522823,52.176856,On or near The Furlong,E01017528,Bedford 003E,Other theft,Investigation complete; no suspect identified,
dfc538f88a1594a2165e3398ba8e6f47cb52a36357133f04325bd62907b5c6a2,2022-06,Bedfordshire Police,Bedfordshire Police,-0.522823,52.176856,On or near The Furlong,E01017528,Bedford 003E,Other theft,Investigation complete; no suspect identified,
6f01eb53b617284e971e9ee9b4ef7effd1dea3c03a7de5cf58a60ad9ede59e86,2022-06,Bedfordshire Police,Bedfordshire Police,-0.524935,52.172692,On or near Farsands,E01017528,Bedford 003E,Public order,Unable to prosecute suspect,
a45d933ff9f774714185b612880c2945ddd4f496777841616f73f6a57f527e94,2022-06,Bedfordshire Police,Bedfordshire Police,-0.523783,52.171707,On or near Burleigh Place,E01017528,Bedford 003E,Violence and sexual offences,Unable to prosecute suspect,
9a9a974e3e5c072dbbb6d746f7fafe79c11c04ee61ff5b11b53f419da759ec66,2022-06,Bedfordshire Police,Bedfordshire Police,-0.524935,52.172692,On or near Farsands,E01017528,Bedford 003E,Violence and sexual offences,Unable to prosecute suspect,
da1d9c39ba46e4315130763ac6accef93489df83d9fa89dada5876e7894001b6,2022-06,Bedfordshire Police,Bedfordshire Police,-0.521413,52.167343,On or near Parsonage Close,E01017528,Bedford 003E,Violence and sexual offences,Unable to prosecute suspect,
,2022-06,Bedfordshire Police,Bedfordshire Police,-0.357307,52.160281,On or near Fishers Close,E01017495,Bedford 004B,Anti-social behaviour,,
,2022-06,Bedfordshire Police,Bedfordshire Police,-0.356327,52.157507,On or near Dothans Close,E01017495,Bedford 004B,Anti-social behaviour,,
6867e72da7f0d89a6d9d524d7f5a3a7309c8eab9e79fb3bc519f612ee66aa9ce,2022-06,Bedfordshire Police,Bedfordshire Police,-0.345217,52.158691,On or near Addingtons Road,E01017495,Bedford 004B,Public order,Unable to prosecute suspect,
118a1c423236c0f1d24dbbe309a6fee7479a0617d7e368663c42e608db6ee9e2,2022-06,Bedfordshire Police,Bedfordshire Police,-0.353322,52.158526,On or near Norman Close,E01017495,Bedford 004B,Vehicle crime,Investigation complete; no suspect identified,
e547b689cf1b54edb3f0fe116d6ac87a73642d40390ad3b180e7030fe6741728,2022-06,Bedfordshire Police,Bedfordshire Police,-0.352952,52.156264,On or near Bereford Close,E01017495,Bedford 004B,Violence and sexual offences,Investigation complete; no suspect identified,
dfe20db290c280f96227a2619271225f3aaf95ae52b5693956650f1f6663f457,2022-06,Bedfordshire Police,Bedfordshire Police,-0.347364,52.156375,On or near Saville Close,E01017495,Bedford 004B,Violence and sexual offences,Unable to prosecute suspect,
b2ac3277ddec2f58b9319dd042799a7035b17dfdbd19cb8f14b2377e5940ef94,2022-06,Bedfordshire Police,Bedfordshire Police,-0.356327,52.157507,On or near Dothans Close,E01017495,Bedford 004B,Violence and sexual offences,Investigation complete; no suspect identified,
,2022-06,Bedfordshire Police,Bedfordshire Police,-0.385362,52.137246,On or near Church End,E01017496,Bedford 004C,Anti-social behaviour,,
,2022-06,Bedfordshire Police,Bedfordshire Police,-0.379655,52.132249,On or near Moxhill Gardens,E01017496,Bedford 004C,Anti-social behaviour,,
,2022-06,Bedfordshire Police,Bedfordshire Police,-0.379655,52.132249,On or near Moxhill Gardens,E01017496,Bedford 004C,Anti-social behaviour,,
99d31eb017389fe4b42ab19b695be3e002f829b370bf7ac93b99c0d0143c6752,2022-06,Bedfordshire Police,Bedfordshire Police,-0.374054,52.137216,On or near Russell Drive,E01017496,Bedford 004C,Other theft,Investigation complete; no suspect identified,
,2022-06,Bedfordshire Police,Bedfordshire Police,-0.316064,52.177323,On or near High Street,E01017542,Bedford 004D,Anti-social behaviour,,
,2022-06,Bedfordshire Police,Bedfordshire Police,-0.303327,52.187273,On or near Parking Area,E01017542,Bedford 004D,Anti-social behaviour,,
366897fbe4ee10fb7ebc5a37bc2f5004c98fbd1d506e2b4a0197965f8f47fdb2,2022-06,Bedfordshire Police,Bedfordshire Police,-0.270013,52.208108,On or near Alington Road,E01017542,Bedford 004D,Criminal damage and arson,Investigation complete; no suspect identified,
500f52240db140bb83d4ffd1f1317d0db0e8b7c77fa06ea0230848968559ff1d,2022-06,Bedfordshire Police,Bedfordshire Police,-0.320140,52.191021,On or near Park/Open Space,E01017542,Bedford 004D,Other theft,Investigation complete; no suspect identified,
d20fcb8d0b369432ad2dea460f4a162e0dc15f15b2eb6756712d5e45522d7f34,2022-06,Bedfordshire Police,Bedfordshire Police,-0.267155,52.207832,On or near Barford Road,E01017542,Bedford 004D,Other theft,Investigation complete; no suspect identified,
38ed68aa0cd72a476fa147a27a8b49cc236d4859f5b1c2b3178182d368482e0f,2022-06,Bedfordshire Police,Bedfordshire Police,-0.298881,52.194519,On or near Great North Road,E01017542,Bedford 004D,Other theft,Investigation complete; no suspect identified,
96d809eb5fddc81905128254f501693f0dd9e0d04e4c4ba79f7a23b07fcf7ed8,2022-06,Bedfordshire Police,Bedfordshire Police,-0.316064,52.177323,On or near High Street,E01017542,Bedford 004D,Other theft,Unable to prosecute suspect,
a13c8f256a85ca7e29c6855de79226f5a6a2174b0fad6e60cfe2db34bf3df5e7,2022-06,Bedfordshire Police,Bedfordshire Police,-0.315332,52.178904,On or near Trinity Close,E01017542,Bedford 004D,Public order,Unable to prosecute suspect,
0ec33e9571b7814229a29a2a4e75c9b7bae9f4d177758c8dd03d1e00accee101,2022-06,Bedfordshire Police,Bedfordshire Police,-0.315332,52.178904,On or near Trinity Close,E01017542,Bedford 004D,Public order,Unable to prosecute suspect,
e28c3a47ff6c26da0f858c18b4bf90bf86d92663c69aa3f692743434c4980f79,2022-06,Bedfordshire Police,Bedfordshire Police,-0.313177,52.173999,On or near Ford Lane,E01017542,Bedford 004D,Violence and sexual offences,Unable to prosecute suspect,
739eb82d683d1a0502ae1277ddb893edc0d1b9053cddaf6e07fbca41d80113a9,2022-06,Bedfordshire Police,Bedfordshire Police,-0.316544,52.174686,On or near Southfields,E01017542,Bedford 004D,Violence and sexual offences,Unable to prosecute suspect,
cb5cee1bc67bb5c9ab204c598670e553dfafe56f9c5a4803dfd0a90b79c52ab7,2022-06,Bedfordshire Police,Bedfordshire Police,-0.303423,52.173221,On or near Park/Open Space,E01017542,Bedford 004D,Violence and sexual offences,Awaiting court outcome,
25f022dc6d4eadd5fe55fe66a64dfaac79f8b135204bc10dfe0f520b62a5918d,2022-06,Bedfordshire Police,Bedfordshire Police,-0.303423,52.173221,On or near Park/Open Space,E01017542,Bedford 004D,Violence and sexual offences,Unable to prosecute suspect,
52edb2d28f8d2659a68939390818bd90de71b31409a67394ad73e31f79688e4a,2022-06,Bedfordshire Police,Bedfordshire Police,-0.366422,52.234316,On or near Park/Open Space,E01017543,Bedford 004E,Burglary,Investigation complete; no suspect identified,
729d7c31af453c307f047d39ada08a26abfc5c108deccb4f48b3e873928ba71c,2022-06,Bedfordshire Police,Bedfordshire Police,-0.308462,52.198065,On or near The Lane,E01017543,Bedford 004E,Criminal damage and arson,Unable to prosecute suspect,
00d65f7a9eea7a4c440f84735e66a2d3eae83a6714e8e6aaf8618d7e925a9bf9,2022-06,Bedfordshire Police,Bedfordshire Police,-0.293555,52.229671,On or near Duloe Road,E01017543,Bedford 004E,Criminal damage and arson,Investigation complete; no suspect identified,
104bbcfd153a676f48a22f376bfaaf601d33e09c87da992be2db14c50c7c5b18,2022-06,Bedfordshire Police,Bedfordshire Police,-0.308462,52.198065,On or near The Lane,E01017543,Bedford 004E,Criminal damage and arson,Unable to prosecute suspect,
79e01b5167edaed9f2b60f73241f6a5d0deb59f2a4751c4bcacf3042e69b17bd,2022-06,Bedfordshire Police,Bedfordshire Police,-0.308462,52.198065,On or near The Lane,E01017543,Bedford 004E,Criminal damage and arson,Formal action is not in the public interest,
555453a9a156f4181c49b05a4c5f913f2cf55125043cf69c1c2197ba2fcbc9c0,2022-06,Bedfordshire Police,Bedfordshire Police,-0.308462,52.198065,On or near The Lane,E01017543,Bedford 004E,Criminal damage and arson,Unable to prosecute suspect,
790882f585cb297cdf5d12ceeed3cc9b18ae2dca3b886ac655fde5c0b0da1a33,2022-06,Bedfordshire Police,Bedfordshire Police,-0.329610,52.234601,On or near Basemead Manor Lane,E01017543,Bedford 004E,Public order,Unable to prosecute suspect,
f975370d7087a01894daa99cfba5240bf7fd6ba1cd51eb2ad3c1024707314eaf,2022-06,Bedfordshire Police,Bedfordshire Police,-0.308462,52.198065,On or near The Lane,E01017543,Bedford 004E,Violence and sexual offences,Unable to prosecute suspect,
88cff108c338e9f7d3ea6b95706167be9d8f346122fbdd0a708fb2e7807858b3,2022-06,Bedfordshire Police,Bedfordshire Police,-0.293555,52.229671,On or near Duloe Road,E01017543,Bedford 004E,Violence and sexual offences,Local resolution,
36ecdceaddff51a65c055dfa9aec1553920a60d9fcf8f45014eb7332f6024b0e,2022-06,Bedfordshire Police,Bedfordshire Police,-0.308462,52.198065,On or near The Lane,E01017543,Bedford 004E,Violence and sexual offences,Formal action is not in the public interest,
6de08fd37873077dfbab1a5cf61037811f782bed73c72f5c1d4e7fd055c25763,2022-06,Bedfordshire Police,Bedfordshire Police,-0.305745,52.197918,On or near Farm Close,E01017543,Bedford 004E,Violence and sexual offences,Investigation complete; no suspect identified,
,2022-06,Bedfordshire Police,Bedfordshire Police,-0.457636,52.168918,On or near Margil Road,E01033431,Bedford 004F,Anti-social behaviour,,
,2022-06,Bedfordshire Police,Bedfordshire Police,-0.458937,52.168504,On or near Ribston Close,E01033431,Bedford 004F,Anti-social behaviour,,
79c44105141974405def51a90d6426d6113e125d4e9c71f59036af893ffb75d3,2022-06,Bedfordshire Police,Bedfordshire Police,-0.455684,52.167868,On or near Pomeroy Close,E01033431,Bedford 004F,Public order,Unable to prosecute suspect,
0ed6b7b49d3e3c54509343e972beb6612da59599c38511a4016a161109550a29,2022-06,Bedfordshire Police,Bedfordshire Police,-0.458937,52.168504,On or near Ribston Close,E01033431,Bedford 004F,Public order,Offender given a caution,
f00697387bdd5a7ff3a491e02b9edfb9836317efd41265456c81bd203990bba9,2022-06,Bedfordshire Police,Bedfordshire Police,-0.459987,52.169003,On or near Ashmead Road,E01033431,Bedford 004F,Violence and sexual offences,Investigation complete; no suspect identified,
c8f1693aba338b47b61821e7ded2b2c20332920e7e493cda59c72a3214c6a99d,2022-06,Bedfordshire Police,Bedfordshire Police,-0.461443,52.167907,On or near Tydeman Close,E01033431,Bedford 004F,Violence and sexual offences,Action to be taken by another organisation,
7ee0bb40c51a2d786bc52cd27891af39650c70d137ea99cdbe8dd8909c869f18,2022-06,Bedfordshire Police,Bedfordshire Police,-0.457636,52.168918,On or near Margil Road,E01033431,Bedford 004F,Violence and sexual offences,Unable to prosecute suspect,
ac9fcdae40d9e4f0eed9202ade5fdd43e3281eab129be40d02f5d884812acbc5,2022-06,Bedfordshire Police,Bedfordshire Police,-0.450317,52.164507,On or near Kimbolton Road,E01033431,Bedford 004F,Violence and sexual offences,Unable to prosecute suspect,
,2022-06,Bedfordshire Police,Bedfordshire Police,-0.418996,52.156332,On or near Kenwyn Close,E01033432,Bedford 004G,Anti-social behaviour,,
,2022-06,Bedfordshire Police,Bedfordshire Police,-0.418996,52.156332,On or near Kenwyn Close,E01033432,Bedford 004G,Anti-social behaviour,,
3b77906581afdd1803eb11162010d1184d79aea1cc606a68789de14370d03ba0,2022-06,Bedfordshire Police,Bedfordshire Police,-0.409996,52.162747,On or near Church End,E01033432,Bedford 004G,Criminal damage and arson,Investigation complete; no suspect identified,
6732cc065ba997cef9a7fde1e363b8636e4b752f825d514c3fb23e2dc93a42da,2022-06,Bedfordshire Police,Bedfordshire Police,-0.418996,52.156332,On or near Kenwyn Close,E01033432,Bedford 004G,Public order,Unable to prosecute suspect,
e6270157bd588941795b3fc850345a8bddba193b28054e60e13c74119656c795,2022-06,Bedfordshire Police,Bedfordshire Police,-0.418996,52.156332,On or near Kenwyn Close,E01033432,Bedford 004G,Public order,Unable to prosecute suspect,
6a2106aab6ad15531d9141edc6602cef2a0669e6fac029c7492a1fee7c375805,2022-06,Bedfordshire Police,Bedfordshire Police,-0.382239,52.147633,On or near Water Lane,E01033432,Bedford 004G,Vehicle crime,Investigation complete; no suspect identified,
70c962e76fd6466da5cccf1b8a49373a66fe14292e8fe70798d3957fa5222d6e,2022-06,Bedfordshire Police,Bedfordshire Police,-0.420444,52.155901,On or near Maskell Drive,E01033432,Bedford 004G,Vehicle crime,Investigation complete; no suspect identified,
e54bc10715caef3bb5ffce87d31cbcbfbf9a05bc0011fbc4103a089359b27b67,2022-06,Bedfordshire Police,Bedfordshire Police,-0.422744,52.154943,On or near Parish Close,E01033432,Bedford 004G,Vehicle crime,Investigation complete; no suspect identified,
453299a447bf71e57f942e7e5d98931eb963d26e04d5b5fa35298557a6fc6fd1,2022-06,Bedfordshire Police,Bedfordshire Police,-0.419928,52.156029,On or near Lammerside,E01033432,Bedford 004G,Vehicle crime,Investigation complete; no suspect identified,
526439b0c6a32d90fcb75f9d2bf5c57641efcca3d50b7e60297f7e3fa8337311,2022-06,Bedfordshire Police,Bedfordshire Police,-0.420465,52.156531,On or near Pedley Way,E01033432,Bedford 004G,Vehicle crime,Investigation complete; no suspect identified,
c3d70e330f0b83f7dcb47f620d2d46337e73d353a491f7a8b18f776693c78f3a,2022-06,Bedfordshire Police,Bedfordshire Police,-0.432299,52.172136,On or near Ravensden Road,E01033432,Bedford 004G,Vehicle crime,Offender given a caution,
0bd8e3017fe84c60dfb88fa1acd2fa91368009bac70ed8ea8007c3793fa5645a,2022-06,Bedfordshire Police,Bedfordshire Police,-0.425763,52.177084,On or near Church End,E01033432,Bedford 004G,Violence and sexual offences,Unable to prosecute suspect,
607c7f048fafc55b4129f872282d6edec4ab3ad1250fc0f791505aaab33d8e06,2022-06,Bedfordshire Police,Bedfordshire Police,-0.418996,52.156332,On or near Kenwyn Close,E01033432,Bedford 004G,Violence and sexual offences,Action to be taken by another organisation,
b46e6949ec5fc810904fbbd88b399016a3cebec4b479a4ec4b412af7fac32351,2022-06,Bedfordshire Police,Bedfordshire Police,-0.418996,52.156332,On or near Kenwyn Close,E01033432,Bedford 004G,Violence and sexual offences,Unable to prosecute suspect,
2c124a8731a1110cb5b7bf2a7fde7fd1c6bab70875d7f970092c9ea7c2d1db41,2022-06,Bedfordshire Police,Bedfordshire Police,-0.421531,52.155736,On or near Silverburn Close,E01033432,Bedford 004G,Violence and sexual offences,Unable to prosecute suspect,
cfc0c2ce24da86d37cd8d5467240db102969b6655ca43f3f7fda6874bc60e71f,2022-06,Bedfordshire Police,Bedfordshire Police,-0.418996,52.156332,On or near Kenwyn Close,E01033432,Bedford 004G,Violence and sexual offences,Unable to prosecute suspect,
e1866ec32c8e32be53c11ce5f716b8f948d4336e5dbc51f2155fd284b72c404c,2022-06,Bedfordshire Police,Bedfordshire Police,-0.418996,52.156332,On or near Kenwyn Close,E01033432,Bedford 004G,Violence and sexual offences,Unable to prosecute suspect,
f863007bc7bf47cca7e41bc8a87e308951dc4f7b9bcb39b246599a125c5c64ac,2022-06,Bedfordshire Police,Bedfordshire Police,-0.418996,52.156332,On or near Kenwyn Close,E01033432,Bedford 004G,Other crime,Unable to prosecute suspect,
,2022-06,Bedfordshire Police,Bedfordshire Police,-0.460221,52.166048,On or near Hodder Road,E01017453,Bedford 005A,Anti-social behaviour,,
c0a455cd1cf867ec5becd66e31702fba9e2e8ba068d7fe8778e70005365f6041,2022-06,Bedfordshire Police,Bedfordshire Police,-0.461175,52.165512,On or near Carron Road,E01017453,Bedford 005A,Criminal damage and arson,Formal action is not in the public interest,
d92801ab4e8e2f39635e8cff79e9fe1438c20270e173d165777e16f26398192b,2022-06,Bedfordshire Police,Bedfordshire Police,-0.461175,52.165512,On or near Carron Road,E01017453,Bedford 005A,Criminal damage and arson,Investigation complete; no suspect identified,
871cb4c0681b95ad8909b36c7f07df9442d0e6f0c53fc4efb2734852096c308a,2022-06,Bedfordshire Police,Bedfordshire Police,-0.458199,52.158118,On or near Parking Area,E01017453,Bedford 005A,Theft from the person,Investigation complete; no suspect identified,
70a53bbd24d62cc55a829ba8e6378828a5534dc1b029783a0b426a00e588f522,2022-06,Bedfordshire Police,Bedfordshire Police,-0.460485,52.163894,On or near Regent Close,E01017453,Bedford 005A,Vehicle crime,Unable to prosecute suspect,
68943071dbb75f2e3df2479113fddfa56eef096e6f618d7d498192063a8e4105,2022-06,Bedfordshire Police,Bedfordshire Police,-0.459972,52.158438,On or near Severn Way,E01017453,Bedford 005A,Violence and sexual offences,Investigation complete; no suspect identified,
84ec722ef3ad372b3cc74c2e21d72d88bafb566b0bf17777efa3a004865363ec,2022-06,Bedfordshire Police,Bedfordshire Police,-0.461175,52.165512,On or near Carron Road,E01017453,Bedford 005A,Violence and sexual offences,Status update unavailable,
30c5fc6764f23956db567225f39162682295fda2fa278eade4a8005a70f4f43a,2022-06,Bedfordshire Police,Bedfordshire Police,-0.460484,52.163516,On or near Beaufort Way,E01017453,Bedford 005A,Violence and sexual offences,Action to be taken by another organisation,
,2022-06,Bedfordshire Police,Bedfordshire Police,-0.452180,52.160953,On or near Wentworth Drive,E01017454,Bedford 005B,Anti-social behaviour,,
,2022-06,Bedfordshire Police,Bedfordshire Police,-0.452180,52.160953,On or near Wentworth Drive,E01017454,Bedford 005B,Anti-social behaviour,,
d97a5e42d036c9f5b3dc03689ee78ea29e27be0962241fed550a164e0ea38af3,2022-06,Bedfordshire Police,Bedfordshire Police,-0.458532,52.160344,On or near Clyde Crescent,E01017454,Bedford 005B,Criminal damage and arson,Unable to prosecute suspect,
888b0005edb8dea41095ef16cf6e9143bbdee05866f95b9d7a23e09a1f922fb3,2022-06,Bedfordshire Police,Bedfordshire Police,-0.454187,52.162957,On or near Pedestrian Subway,E01017454,Bedford 005B,Violence and sexual offences,Investigation complete; no suspect identified,
3171804d5d44d111d5a581458d67424daa97e650ab9f4d4581836b203dd16a03,2022-06,Bedfordshire Police,Bedfordshire Police,-0.452180,52.160953,On or near Wentworth Drive,E01017454,Bedford 005B,Violence and sexual offences,Status update unavailable,
7dd876b590aebc0e5c2f861a46b5d6679d660be9a73aef02ed2626922a6c816b,2022-06,Bedfordshire Police,Bedfordshire Police,-0.458532,52.160344,On or near Clyde Crescent,E01017454,Bedford 005B,Violence and sexual offences,Unable to prosecute suspect,
ec6f9f956de74630890f01a4c2a2429820c608841496c3a28b749df00ebac481,2022-06,Bedfordshire Police,Bedfordshire Police,-0.457866,52.159714,On or near Wye Close,E01017454,Bedford 005B,Violence and sexual offences,Unable to prosecute suspect,
6605076f880e7d80b03c81010248aef20d0ae7d12a3f029c435a7b0de22cba3c,2022-06,Bedfordshire Police,Bedfordshire Police,-0.452180,52.160953,On or near Wentworth Drive,E01017454,Bedford 005B,Violence and sexual offences,Unable to prosecute suspect,
c5a3799101352559d45243e59163a0712a4835854f5929a93cc2ecf8dc484c3d,2022-06,Bedfordshire Police,Bedfordshire Police,-0.452180,52.160953,On or near Wentworth Drive,E01017454,Bedford 005B,Violence and sexual offences,Unable to prosecute suspect,
5305a89683586703efb4ec9ea7e6e551aabcf0caefbe843e271c352d54b14115,2022-06,Bedfordshire Police,Bedfordshire Police,-0.466835,52.155695,On or near Swift Close,E01017455,Bedford 005C,Public order,Investigation complete; no suspect identified,
b4bccadd54d21149d44290af0817c80bdd4138d346cd78da135523b2c1802292,2022-06,Bedfordshire Police,Bedfordshire Police,-0.465331,52.158625,On or near Hawk Drive,E01017455,Bedford 005C,Violence and sexual offences,Action to be taken by another organisation,
458649dd2fe22391bdd98275760cd78bbb538aa9c60d4b235410ade824a405d6,2022-06,Bedfordshire Police,Bedfordshire Police,-0.462205,52.159375,On or near Torridge Rise,E01017455,Bedford 005C,Violence and sexual offences,Unable to prosecute suspect,
dbef2c4fd19c53146b4c2b502f7933006a79e20a42efc46601594d9d421dfdee,2022-06,Bedfordshire Police,Bedfordshire Police,-0.468693,52.155630,On or near Plover Way,E01017455,Bedford 005C,Violence and sexual offences,Unable to prosecute suspect,
d73c8010189ef3a540da8a39a03c1e4a1ca9236a28bbf9a802145d958fe1d539,2022-06,Bedfordshire Police,Bedfordshire Police,-0.465331,52.158625,On or near Hawk Drive,E01017455,Bedford 005C,Violence and sexual offences,Unable to prosecute suspect,
60449529a7608a904fe5cd6083a53942f2b702e1bbd0b506ef8105baee5ff8f6,2022-06,Bedfordshire Police,Bedfordshire Police,-0.457802,52.155650,On or near Francis Groves Close,E01017455,Bedford 005C,Violence and sexual offences,Investigation complete; no suspect identified,
cf407ef5ca45ddc20e26cf2edf4c7368d6b4bf9c718b09854b5b28af2072b64c,2022-06,Bedfordshire Police,Bedfordshire Police,-0.468693,52.155630,On or near Plover Way,E01017455,Bedford 005C,Violence and sexual offences,Unable to prosecute suspect,
9b69f9344a068e962bd6544750646c508a0e6d286af66c6beb5394548971ff67,2022-06,Bedfordshire Police,Bedfordshire Police,-0.457802,52.155650,On or near Francis Groves Close,E01017455,Bedford 005C,Violence and sexual offences,Unable to prosecute suspect,
21ba832032f6540db944eda3eb0d76c5885da1967ced739489ee59bdf0345f8c,2022-06,Bedfordshire Police,Bedfordshire Police,-0.462536,52.157411,On or near Windrush Avenue,E01017455,Bedford 005C,Violence and sexual offences,Unable to prosecute suspect,
0b25fb656d50a9934f739f4689d3bc517f982b62f942832a2f4b95ffc3f32e66,2022-06,Bedfordshire Police,Bedfordshire Police,-0.457278,52.153053,On or near Fulmar Road,E01017456,Bedford 005D,Public order,Investigation complete; no suspect identified,
184326fc3a3543afcc1d4f0b536f66fbe4ee344ac9dba4a4b1041bad6f56570d,2022-06,Bedfordshire Police,Bedfordshire Police,-0.455504,52.150683,On or near Kingfisher Close,E01017456,Bedford 005D,Vehicle crime,Investigation complete; no suspect identified,
765191f08c9cda1f02288e7c629352143523fdfa76b587004d52d1a585541a8e,2022-06,Bedfordshire Police,Bedfordshire Police,-0.453550,52.149687,On or near Putnoe Lane,E01017456,Bedford 005D,Violence and sexual offences,Investigation complete; no suspect identified,
,2022-06,Bedfordshire Police,Bedfordshire Police,-0.465181,52.154046,On or near Parking Area,E01017457,Bedford 005E,Anti-social behaviour,,
,2022-06,Bedfordshire Police,Bedfordshire Police,-0.465181,52.154046,On or near Parking Area,E01017457,Bedford 005E,Anti-social behaviour,,
607f162a62b0c7cdb8f20d929140602d61a2dc535e65e6cb4986b9a260007327,2022-06,Bedfordshire Police,Bedfordshire Police,-0.465181,52.154046,On or near Parking Area,E01017457,Bedford 005E,Shoplifting,Court result unavailable,
ee0b7c569a9cf393635ae5deb2f4997e5bcd0fe2ed1c4369a8bcc206a0719e44,2022-06,Bedfordshire Police,Bedfordshire Police,-0.466152,52.155138,On or near Kestrel Road,E01017457,Bedford 005E,Vehicle crime,Investigation complete; no suspect identified,
21d768b607d4ce95738180835f91c71fca6ebbf8ad677c5aa59e476c1065baec,2022-06,Bedfordshire Police,Bedfordshire Police,-0.464993,52.152291,On or near Mallard Hill,E01017457,Bedford 005E,Violence and sexual offences,Unable to prosecute suspect,
aa82c67d7755bf45766b404cf4cf727d5c815f5585bf5f6c37223fb0f6b6cf16,2022-06,Bedfordshire Police,Bedfordshire Police,-0.463228,52.152609,On or near Robin Hill,E01017457,Bedford 005E,Violence and sexual offences,Status update unavailable,
5dc4b8064ecddb7ad91c1c922a4d2e378963e300b629e5468e32f449378d9418,2022-06,Bedfordshire Police,Bedfordshire Police,-0.463228,52.152609,On or near Robin Hill,E01017457,Bedford 005E,Violence and sexual offences,Status update unavailable,
056c7d00071bcfa9ce029d356a3ccfe06594498bfcc1b87bbe2ee4c952c7955a,2022-06,Bedfordshire Police,Bedfordshire Police,-0.459221,52.164093,On or near Marlow Way,E01017458,Bedford 005F,Drugs,Offender given a caution,
,2022-06,Bedfordshire Police,Bedfordshire Police,-0.428520,52.152395,On or near Pedestrian Subway,E01017529,Bedford 006A,Anti-social behaviour,,
,2022-06,Bedfordshire Police,Bedfordshire Police,-0.438286,52.152758,On or near Uplands,E01017529,Bedford 006A,Anti-social behaviour,,
,2022-06,Bedfordshire Police,Bedfordshire Police,-0.428269,52.151214,On or near Church Lane,E01017529,Bedford 006A,Anti-social behaviour,,
,2022-06,Bedfordshire Police,Bedfordshire Police,-0.428269,52.151214,On or near Church Lane,E01017529,Bedford 006A,Anti-social behaviour,,
4975eca480c90038f97d5f9378c5505c580cae67639fa07d1b349c4252a56080,2022-06,Bedfordshire Police,Bedfordshire Police,-0.439548,52.154295,On or near Putnoe Street,E01017529,Bedford 006A,Public order,Unable to prosecute suspect,
7e12e9a0a31147500c024df67c1aa85d4b6b6e6dccabfffa9cdb23c5878a37e3,2022-06,Bedfordshire Police,Bedfordshire Police,-0.428761,52.155518,On or near Cawdor Close,E01017529,Bedford 006A,Vehicle crime,Investigation complete; no suspect identified,
668b6d33f667311784d98b0a48bbc4b1228383b3ab48b97fb6e8b79a09c27bfc,2022-06,Bedfordshire Police,Bedfordshire Police,-0.428520,52.152395,On or near Pedestrian Subway,E01017529,Bedford 006A,Violence and sexual offences,Unable to prosecute suspect,
550be24c07d6a57d4d6f8ec5226d34e032df762f813c386c1a7750a75687ec8f,2022-06,Bedfordshire Police,Bedfordshire Police,-0.428269,52.151214,On or near Church Lane,E01017529,Bedford 006A,Violence and sexual offences,Unable to prosecute suspect,
f0d632e92ae9d4a228fa0bf152bfcde48d9918ae52a2390d6d87543483ef1d4e,2022-06,Bedfordshire Police,Bedfordshire Police,-0.428269,52.151214,On or near Church Lane,E01017529,Bedford 006A,Violence and sexual offences,Unable to prosecute suspect,
37244521c5c7ebac66854db16a6d63f5b441c0b7e356b6f473c0f8a2f6b639ef,2022-06,Bedfordshire Police,Bedfordshire Police,-0.435580,52.153640,On or near Stokesay Close,E01017529,Bedford 006A,Violence and sexual offences,Further action is not in the public interest,
a126a602e7bb24edcb9caead77964c6658e07c8b6ba15907589bdac9fdac79b1,2022-06,Bedfordshire Police,Bedfordshire Police,-0.430059,52.150608,On or near Pevensey Road,E01017529,Bedford 006A,Other crime,Formal action is not in the public interest,
455cf81b122f46271e4515e2731b72206cff1788c0580206c3597b0866a97a95,2022-06,Bedfordshire Police,Bedfordshire Police,-0.451094,52.159806,On or near Troon Close,E01017530,Bedford 006B,Burglary,Unable to prosecute suspect,
65b1827f4464de20ef67249cec5dcc73de5233884a5be5e40cfcac93e46b7818,2022-06,Bedfordshire Police,Bedfordshire Police,-0.451094,52.159806,On or near Troon Close,E01017530,Bedford 006B,Criminal damage and arson,Investigation complete; no suspect identified,
b0b6e534ebd3dfa2633c520c2e5b4b6f6c6990f0b5304451a8e136065c85d7d6,2022-06,Bedfordshire Police,Bedfordshire Police,-0.451094,52.159806,On or near Troon Close,E01017530,Bedford 006B,Vehicle crime,Investigation complete; no suspect identified,
5337afc66c1d7168d86db45ffa0d20da8366555888e369aa97dfc6e951e4be31,2022-06,Bedfordshire Police,Bedfordshire Police,-0.443531,52.157431,On or near Sherbourne Way,E01017530,Bedford 006B,Violence and sexual offences,Status update unavailable,
089c2c9c647e9f5f8f2ab063a580fcdc7a58ac89212e564c2dd794c6ad95af60,2022-06,Bedfordshire Police,Bedfordshire Police,-0.449612,52.160811,On or near Parkstone Close,E01017530,Bedford 006B,Violence and sexual offences,Unable to prosecute suspect,
74fef1c927e93545dc483ede4d865619bd2551a256467b0e2fa68f3ea11f8e91,2022-06,Bedfordshire Police,Bedfordshire Police,-0.443531,52.157431,On or near Sherbourne Way,E01017530,Bedford 006B,Violence and sexual offences,Unable to prosecute suspect,
b2bd3c9fbd995b0cd38704cb0adf580d5ee5610953a55743fee53c315b9ef39e,2022-06,Bedfordshire Police,Bedfordshire Police,-0.449612,52.160811,On or near Parkstone Close,E01017530,Bedford 006B,Violence and sexual offences,Unable to prosecute suspect,
,2022-06,Bedfordshire Police,Bedfordshire Police,-0.427371,52.155958,On or near Pedestrian Subway,E01017531,Bedford 006C,Anti-social behaviour,,
7a18ab85e451a3de414c7f2f6db0647bef59003dc320af49d1c08a8efa0af717,2022-06,Bedfordshire Police,Bedfordshire Police,-0.432862,52.154862,On or near Raglan Green,E01017531,Bedford 006C,Burglary,Investigation complete; no suspect identified,
2bf3d6e73f906e4e74eb0d5e5549cddeaecb8166e2304180f974c1cf0b540682,2022-06,Bedfordshire Police,Bedfordshire Police,-0.431546,52.156967,On or near Newark Avenue,E01017531,Bedford 006C,Criminal damage and arson,Unable to prosecute suspect,
ec2cc1a5495d57d4839e20d043a83991192d3906a2e1ba6ab54fa9f34aaf7047,2022-06,Bedfordshire Police,Bedfordshire Police,-0.431546,52.156967,On or near Newark Avenue,E01017531,Bedford 006C,Public order,Action to be taken by another organisation,
3b83da349d930ccb7a69df5c1c9eaf81205bebb08bce6e132904a75b63a33a83,2022-06,Bedfordshire Police,Bedfordshire Police,-0.427371,52.155958,On or near Pedestrian Subway,E01017531,Bedford 006C,Robbery,Investigation complete; no suspect identified,
babc1e7072087a4a5b640f8fce364a58f2440f6aacb10e4bb92b684111a8170e,2022-06,Bedfordshire Police,Bedfordshire Police,-0.432862,52.154862,On or near Raglan Green,E01017531,Bedford 006C,Violence and sexual offences,Offender given a caution,
f78b6bbae53e7c1e9022dba91d8e6e1a2bc4b0be4bf75fd7b98cea358e4c07bd,2022-06,Bedfordshire Police,Bedfordshire Police,-0.432862,52.154862,On or near Raglan Green,E01017531,Bedford 006C,Violence and sexual offences,Unable to prosecute suspect,
36570d995081101bafca3120faec5ce8a3fa04bc832d011a7f9b4dab4407c5d9,2022-06,Bedfordshire Police,Bedfordshire Police,-0.427371,52.155958,On or near Pedestrian Subway,E01017531,Bedford 006C,Violence and sexual offences,Investigation complete; no suspect identified,
6f0e3f03afc1366fe1792efdcf216371e167df9ac5b25ce7e0d17694b1dc62eb,2022-06,Bedfordshire Police,Bedfordshire Police,-0.427371,52.155958,On or near Pedestrian Subway,E01017531,Bedford 006C,Violence and sexual offences,Investigation complete; no suspect identified,
cc65850ad0fb63294b137ecdee0359f0a49df71d6b603d538a916c9e36c55e29,2022-06,Bedfordshire Police,Bedfordshire Police,-0.431546,52.156967,On or near Newark Avenue,E01017531,Bedford 006C,Violence and sexual offences,Unable to prosecute suspect,
d7b13870ae0b9921f095369bf89b7ecd95f9a7adc3e45199a5bbcc2e00e7fe20,2022-06,Bedfordshire Police,Bedfordshire Police,-0.431546,52.156967,On or near Newark Avenue,E01017531,Bedford 006C,Violence and sexual offences,Unable to prosecute suspect,
638f1deaabd329e2479831d6cf34a1872525185b123261f98993d6e3eff83a9b,2022-06,Bedfordshire Police,Bedfordshire Police,-0.427371,52.155958,On or near Pedestrian Subway,E01017531,Bedford 006C,Violence and sexual offences,Unable to prosecute suspect,
,2022-06,Bedfordshire Police,Bedfordshire Police,-0.445803,52.156014,On or near Brecon Way,E01017532,Bedford 006D,Anti-social behaviour,,
e724fda0d843bbe172c40f46116a2df86a4c68439036d95edc06c71ee786fb52,2022-06,Bedfordshire Police,Bedfordshire Police,-0.445480,52.153528,On or near Putnoe Lane,E01017532,Bedford 006D,Public order,Investigation complete; no suspect identified,
1eadc366f820014b3f4bfed7a2104c0e2b6c840045751cc9195f63b8dd305749,2022-06,Bedfordshire Police,Bedfordshire Police,-0.446696,52.150936,On or near Hartshill,E01017532,Bedford 006D,Vehicle crime,Investigation complete; no suspect identified,
d6c3dfb0c472d1096001a1c407f2eedb6997e414cdd43beea10ab5b148179020,2022-06,Bedfordshire Police,Bedfordshire Police,-0.442170,52.154131,On or near Parking Area,E01017532,Bedford 006D,Violence and sexual offences,Unable to prosecute suspect,
,2022-06,Bedfordshire Police,Bedfordshire Police,-0.439069,52.157534,On or near Dunvegan Way,E01017533,Bedford 006E,Anti-social behaviour,,
,2022-06,Bedfordshire Police,Bedfordshire Police,-0.436792,52.157855,On or near Somerton Close,E01017533,Bedford 006E,Anti-social behaviour,,
11d9638ec80a5173f1519e05e2c9ac73e97aef77e2d4382464ac235eed419f31,2022-06,Bedfordshire Police,Bedfordshire Police,-0.437533,52.154214,On or near Harlech Road,E01017533,Bedford 006E,Criminal damage and arson,Unable to prosecute suspect,
80b31ae87ad277b4185ed4ca873b3f15899068e0a7b77461661f00cf0030bead,2022-06,Bedfordshire Police,Bedfordshire Police,-0.433618,52.157893,On or near Colchester Way,E01017533,Bedford 006E,Public order,Unable to prosecute suspect,
585c70731742b5d545c9cda079c91b963c21c6dd05d2dab8faa51afae7870b5b,2022-06,Bedfordshire Police,Bedfordshire Police,-0.439321,52.155766,On or near Wheathouse Close,E01017533,Bedford 006E,Vehicle crime,Investigation complete; no suspect identified,
86a47650d2ec5cddec1e1752f7095174eb11aaf0e6dd23647d443d88cf45a39a,2022-06,Bedfordshire Police,Bedfordshire Police,-0.440479,52.155242,On or near Godso Close,E01017533,Bedford 006E,Vehicle crime,Investigation complete; no suspect identified,
6f3b09f73e89db2ac34b685377f3ebfd4920a5b652e50a32d66bfea5aaa80ae5,2022-06,Bedfordshire Police,Bedfordshire Police,-0.451304,52.147877,On or near Brendon Avenue,E01017534,Bedford 006F,Burglary,Investigation complete; no suspect identified,
2321c1305e8d58b39cd26fe06d00ee9e9d0f9c1a1ec414a5d8a7620f7164133f,2022-06,Bedfordshire Police,Bedfordshire Police,-0.450765,52.147402,On or near Langdale,E01017534,Bedford 006F,Vehicle crime,Investigation complete; no suspect identified,
0c06551adcdea17fb86b303764e27e57a1c89daa1372b03ae612d4007d0f30ed,2022-06,Bedfordshire Police,Bedfordshire Police,-0.438243,52.148541,On or near Petrol Station,E01017488,Bedford 007A,Shoplifting,Awaiting court outcome,
f02f4f43474ec84f2008d58aeec6137a88ea44ecb340243701c911477acb51ab,2022-06,Bedfordshire Police,Bedfordshire Police,-0.438243,52.148541,On or near Petrol Station,E01017488,Bedford 007A,Shoplifting,Unable to prosecute suspect,
a74dde70197d7bebd19cf4af608b0aedd337ba50ecea837660f51a0bf18c36ae,2022-06,Bedfordshire Police,Bedfordshire Police,-0.438541,52.147124,On or near Cotswold Close,E01017488,Bedford 007A,Violence and sexual offences,Unable to prosecute suspect,
0cc7387e1c3c13fd8be91d5cb760df4923544e2dccc68491d746aada3cf540ee,2022-06,Bedfordshire Police,Bedfordshire Police,-0.433308,52.150903,On or near Putnoe Street,E01017488,Bedford 007A,Violence and sexual offences,Investigation complete; no suspect identified,
57088b8227a33264328a97877e0da9b8f4babb6e5405e467e8061e036245f44e,2022-06,Bedfordshire Police,Bedfordshire Police,-0.434869,52.150582,On or near Northcote,E01017488,Bedford 007A,Violence and sexual offences,Investigation complete; no suspect identified,
,2022-06,Bedfordshire Police,Bedfordshire Police,-0.430906,52.147293,On or near The Risings,E01017489,Bedford 007B,Anti-social behaviour,,
84ee500d72c398a531dbebbf60f500a4d0edc1b7f113ccb82a9233f011cb7714,2022-06,Bedfordshire Police,Bedfordshire Police,-0.431151,52.146163,On or near Linkway,E01017489,Bedford 007B,Burglary,Investigation complete; no suspect identified,
75e7817a62b05a473da1d8985b65168f307619dedda085d0e188d61838113fe2,2022-06,Bedfordshire Police,Bedfordshire Police,-0.432255,52.145926,On or near The Fairway,E01017489,Bedford 007B,Burglary,Investigation complete; no suspect identified,
0a641bc501eefeb17bd56a4fbfbfa253321532d7fbe67de56612e5c09138eb17,2022-06,Bedfordshire Police,Bedfordshire Police,-0.424775,52.148730,On or near Fieldside,E01017489,Bedford 007B,Drugs,Awaiting court outcome,
cc0ffd91c6ccb3c88216320608601e203c1d2df59991bb4ea89ed3593a291493,2022-06,Bedfordshire Police,Bedfordshire Police,-0.424775,52.148730,On or near Fieldside,E01017489,Bedford 007B,Public order,Unable to prosecute suspect,
a704d4dd1f703d448f563e25416780b258942b05f1394469bb84e04231accf5f,2022-06,Bedfordshire Police,Bedfordshire Police,-0.429240,52.149374,On or near Cheltenham Close,E01017489,Bedford 007B,Vehicle crime,Unable to prosecute suspect,
823c8edb62df81a9cf11be68023f9b077a5917c876a5a312c411276d183c6f4a,2022-06,Bedfordshire Police,Bedfordshire Police,-0.434541,52.148681,On or near Dale Close,E01017489,Bedford 007B,Vehicle crime,Investigation complete; no suspect identified,
4681e772e04836704436c0e31f8e675da4958e1f2245dd806ab238e24b3e759d,2022-06,Bedfordshire Police,Bedfordshire Police,-0.434541,52.148681,On or near Dale Close,E01017489,Bedford 007B,Vehicle crime,Status update unavailable,
18eefa12e6b36418c1131c99e5c6fcfe8301e893cd4642907fc9442551ef8af6,2022-06,Bedfordshire Police,Bedfordshire Police,-0.424775,52.148730,On or near Fieldside,E01017489,Bedford 007B,Violence and sexual offences,Action to be taken by another organisation,
68be9fd55aec5a3a2e7366aa45cc162e199640e7691e18552733b8917a5f865f,2022-06,Bedfordshire Police,Bedfordshire Police,-0.433779,52.147475,On or near Downside,E01017489,Bedford 007B,Violence and sexual offences,Unable to prosecute suspect,
a32712e41e8a6fba67ad2e2c4b00c014016124c5d886f56fde19eb89cf6c2b8f,2022-06,Bedfordshire Police,Bedfordshire Police,-0.429240,52.149374,On or near Cheltenham Close,E01017489,Bedford 007B,Violence and sexual offences,Unable to prosecute suspect,
,2022-06,Bedfordshire Police,Bedfordshire Police,-0.422742,52.148380,On or near Kershope Close,E01017490,Bedford 007C,Anti-social behaviour,,
,2022-06,Bedfordshire Police,Bedfordshire Police,-0.422675,52.149844,On or near Clipstone Close,E01017490,Bedford 007C,Anti-social behaviour,,
,2022-06,Bedfordshire Police,Bedfordshire Police,-0.421549,52.148615,On or near Leighfield Close,E01017490,Bedford 007C,Anti-social behaviour,,
,2022-06,Bedfordshire Police,Bedfordshire Police,-0.422199,52.146376,On or near Shuttleworth Road,E01017490,Bedford 007C,Anti-social behaviour,,
,2022-06,Bedfordshire Police,Bedfordshire Police,-0.422675,52.149844,On or near Clipstone Close,E01017490,Bedford 007C,Anti-social behaviour,,
893cfe303b6cdf288a0d563a652c6f034b6dc43bcdb36017da4be430254e0c0f,2022-06,Bedfordshire Police,Bedfordshire Police,-0.422742,52.148380,On or near Kershope Close,E01017490,Bedford 007C,Burglary,Investigation complete; no suspect identified,
3bf444a14c6ca874e14c08e2bc17dfa42fbd2361a4b4c982a3771d4b9d9bc325,2022-06,Bedfordshire Police,Bedfordshire Police,-0.426805,52.147948,On or near Elliot Crescent,E01017490,Bedford 007C,Criminal damage and arson,Investigation complete; no suspect identified,
faa7469c4a4553af9827fed181bcc6b2e1c4bab19b920c7110c1fe7cf1af70da,2022-06,Bedfordshire Police,Bedfordshire Police,-0.428119,52.145098,On or near Sports/Recreation Area,E01017490,Bedford 007C,Other theft,Investigation complete; no suspect identified,
e04b585c79d325039ad3a60b56ea9e2eb5dab0c948ec1b9993ac3392a43bcbf6,2022-06,Bedfordshire Police,Bedfordshire Police,-0.418614,52.146076,On or near Sergeants Way,E01017490,Bedford 007C,Public order,Investigation complete; no suspect identified,
bd1f955cc0c8293e83973b59d42b6534031217720cfcc76a26f659511bd92da8,2022-06,Bedfordshire Police,Bedfordshire Police,-0.418614,52.146076,On or near Sergeants Way,E01017490,Bedford 007C,Shoplifting,Investigation complete; no suspect identified,
808a1e87b81dd67e71072723807b7278517e153a08d2243a5406ed313a4587fa,2022-06,Bedfordshire Police,Bedfordshire Police,-0.422742,52.148380,On or near Kershope Close,E01017490,Bedford 007C,Theft from the person,Unable to prosecute suspect,
e32cd4d93f85ee7d02b9c87180d57c2a560ff207c5eefb73f24f36d722d161da,2022-06,Bedfordshire Police,Bedfordshire Police,-0.418614,52.146076,On or near Sergeants Way,E01017490,Bedford 007C,Vehicle crime,Investigation complete; no suspect identified,
5a9fb9eb7ad864ab4c7e05c8c501412c072b6bcce40ff008a558706529ba0e47,2022-06,Bedfordshire Police,Bedfordshire Police,-0.418614,52.146076,On or near Sergeants Way,E01017490,Bedford 007C,Violence and sexual offences,Unable to prosecute suspect,
a0e37af836c2cbc12a8b68aabcf988db00df43a3230885fc55fe1e0b7c26f042,2022-06,Bedfordshire Police,Bedfordshire Police,-0.428119,52.145098,On or near Sports/Recreation Area,E01017490,Bedford 007C,Violence and sexual offences,Unable to prosecute suspect,
a8e9a326600ce12defaa5446cbbe247929d72143054dc3fc507902a42f38b18e,2022-06,Bedfordshire Police,Bedfordshire Police,-0.422742,52.148380,On or near Kershope Close,E01017490,Bedford 007C,Violence and sexual offences,Unable to prosecute suspect,
30ca640935ffbd80c804fdfdda870bc38c9b47286d05fde191c4db9cf62c09c6,2022-06,Bedfordshire Police,Bedfordshire Police,-0.426805,52.147948,On or near Elliot Crescent,E01017490,Bedford 007C,Violence and sexual offences,Unable to prosecute suspect,
7f1b7c6ce77d06d3bfdb71fbfc1c762e9ceac8358a164fde62b8ee4271125f61,2022-06,Bedfordshire Police,Bedfordshire Police,-0.428119,52.145098,On or near Sports/Recreation Area,E01017490,Bedford 007C,Violence and sexual offences,Unable to prosecute suspect,
cceb32dec950590c1dceaa727211af3b0dda96d79d9d3969418161890690e956,2022-06,Bedfordshire Police,Bedfordshire Police,-0.426805,52.147948,On or near Elliot Crescent,E01017490,Bedford 007C,Other crime,Unable to prosecute suspect,
,2022-06,Bedfordshire Police,Bedfordshire Police,-0.431130,52.143825,On or near Goldington Green,E01017491,Bedford 007D,Anti-social behaviour,,
,2022-06,Bedfordshire Police,Bedfordshire Police,-0.429835,52.146172,On or near Vicars Walk,E01017491,Bedford 007D,Anti-social behaviour,,
cd72622b301cabf2d3c6814a886d9a280a9654ec979a09839cead7238cb91cc3,2022-06,Bedfordshire Police,Bedfordshire Police,-0.432586,52.143170,On or near Ballinghall Close,E01017491,Bedford 007D,Criminal damage and arson,Investigation complete; no suspect identified,
5967e099a60959a18e6f0e3c045829bf0bc423c62b99f669899fb1e46371b74b,2022-06,Bedfordshire Police,Bedfordshire Police,-0.432586,52.143170,On or near Ballinghall Close,E01017491,Bedford 007D,Public order,Investigation complete; no suspect identified,
acd724f1d43cbbbbbef1f1aaa00e16f00b3239ce4e2c08f4bfcfeb804ae94e98,2022-06,Bedfordshire Police,Bedfordshire Police,-0.431130,52.143825,On or near Goldington Green,E01017491,Bedford 007D,Public order,Investigation complete; no suspect identified,
d4b0ab81c67742fe41f68e58c05d6c4f5254d1ffc8b4f4f9b338571611c46409,2022-06,Bedfordshire Police,Bedfordshire Police,-0.432586,52.143170,On or near Ballinghall Close,E01017491,Bedford 007D,Robbery,Investigation complete; no suspect identified,
9c9fdf92c42ca02e3e8ccdd8fc146b5025655b8991220eeba6497d2c1ad04a38,2022-06,Bedfordshire Police,Bedfordshire Police,-0.432586,52.143170,On or near Ballinghall Close,E01017491,Bedford 007D,Vehicle crime,Investigation complete; no suspect identified,
2da24f62a9cc1f1edb97b09427f60dd73f9588aec48f53bee9e87f8bcf13da27,2022-06,Bedfordshire Police,Bedfordshire Police,-0.439982,52.141452,On or near Pearmain Close,E01017491,Bedford 007D,Vehicle crime,Investigation complete; no suspect identified,
91ed15672cd92510829964128a0170ec22f7030c30871eb786e3dbf9ac71f711,2022-06,Bedfordshire Police,Bedfordshire Police,-0.432586,52.143170,On or near Ballinghall Close,E01017491,Bedford 007D,Violence and sexual offences,Unable to prosecute suspect,
e32b57ca09a2a2c0a16eec05413333c7bf9e763ea7b26a468feefa2fab008c87,2022-06,Bedfordshire Police,Bedfordshire Police,-0.432586,52.143170,On or near Ballinghall Close,E01017491,Bedford 007D,Violence and sexual offences,Action to be taken by another organisation,
fab27c6595c88dde080f1ac756f0ea15d8ec7f4f2a7eb8f4f3a2ade107ee0e01,2022-06,Bedfordshire Police,Bedfordshire Police,-0.429835,52.146172,On or near Vicars Walk,E01017491,Bedford 007D,Violence and sexual offences,Investigation complete; no suspect identified,
6e515b2c6666480401e97bdef646b8d71f01fa3d0d1b7c53510d1439e92c29b3,2022-06,Bedfordshire Police,Bedfordshire Police,-0.432586,52.143170,On or near Ballinghall Close,E01017491,Bedford 007D,Other crime,Unable to prosecute suspect,
,2022-06,Bedfordshire Police,Bedfordshire Police,-0.424506,52.153879,On or near Hamsterley Close,E01017492,Bedford 007E,Anti-social behaviour,,
,2022-06,Bedfordshire Police,Bedfordshire Police,-0.427362,52.153297,On or near Parking Area,E01017492,Bedford 007E,Anti-social behaviour,,
,2022-06,Bedfordshire Police,Bedfordshire Police,-0.427362,52.153297,On or near Parking Area,E01017492,Bedford 007E,Anti-social behaviour,,
ca01ccdfae6f4c46488a91b237c259b73238f8222a204bc79ffdaea1b752579d,2022-06,Bedfordshire Police,Bedfordshire Police,-0.422201,52.153344,On or near Greskine Close,E01017492,Bedford 007E,Bicycle theft,Investigation complete; no suspect identified,
47565789d9edc4909741e74fe52ddab24bd9c1c5b2859bc123ed12e1abbf300a,2022-06,Bedfordshire Police,Bedfordshire Police,-0.422201,52.153344,On or near Greskine Close,E01017492,Bedford 007E,Bicycle theft,Investigation complete; no suspect identified,
1111e3fa92c2f60da7dd8e3b6dcec84102c154698b997a444598880271099174,2022-06,Bedfordshire Police,Bedfordshire Police,-0.422201,52.153344,On or near Greskine Close,E01017492,Bedford 007E,Criminal damage and arson,Investigation complete; no suspect identified,
dae2e1597b0ea119bba5c7efb8f19872c4e61d36fac4abc05a5454f319e61ab3,2022-06,Bedfordshire Police,Bedfordshire Police,-0.427400,52.152632,On or near Supermarket,E01017492,Bedford 007E,Possession of weapons,Court result unavailable,
281d8dec75629335b4067709bf864dd334121b6568092981a461d0d824a9bc5b,2022-06,Bedfordshire Police,Bedfordshire Police,-0.427400,52.152632,On or near Supermarket,E01017492,Bedford 007E,Public order,Investigation complete; no suspect identified,
3b30231b84ab3b2b092c71b94ff20bc7c1f4043422eddbd919ceff130aa285a1,2022-06,Bedfordshire Police,Bedfordshire Police,-0.427362,52.153297,On or near Parking Area,E01017492,Bedford 007E,Public order,Awaiting court outcome,
bfc05ced9d7f40798189cd6430e9e59e1d201ca693dd20d03a913fdea6bfaf25,2022-06,Bedfordshire Police,Bedfordshire Police,-0.427400,52.152632,On or near Supermarket,E01017492,Bedford 007E,Public order,Investigation complete; no suspect identified,
418d6d62f8561af316ef8f84a5df0bcabadbf3a7eb5e205450463b1d0f56e894,2022-06,Bedfordshire Police,Bedfordshire Police,-0.425035,52.152564,On or near Cranborne Close,E01017492,Bedford 007E,Public order,Investigation complete; no suspect identified,
3ce21efeedb34fd542f9c4db12c20e0014d2c2e266ae889880370c71130bc6f1,2022-06,Bedfordshire Police,Bedfordshire Police,-0.427362,52.153297,On or near Parking Area,E01017492,Bedford 007E,Public order,Investigation complete; no suspect identified,
2cfef3f9a3a8d4e435867f98952ed14c0b008113c4f11a743eb807cfec0b66a6,2022-06,Bedfordshire Police,Bedfordshire Police,-0.427362,52.153297,On or near Parking Area,E01017492,Bedford 007E,Shoplifting,Investigation complete; no suspect identified,
5e483dcba9a07a8a6c877e1d43ac4982c504695e8dad899bef2daaeb8d2a10cc,2022-06,Bedfordshire Police,Bedfordshire Police,-0.427400,52.152632,On or near Supermarket,E01017492,Bedford 007E,Shoplifting,Court result unavailable,
4cae916d4041ae8abe7b56a9042b78adb20aae14664e3fa6a8c163d59a313bb6,2022-06,Bedfordshire Police,Bedfordshire Police,-0.427400,52.152632,On or near Supermarket,E01017492,Bedford 007E,Shoplifting,Court result unavailable,
6cdcbffa5d2cf9574a85994340eb7b7221365b0944b1927e0a6244ed1a8faef1,2022-06,Bedfordshire Police,Bedfordshire Police,-0.427362,52.153297,On or near Parking Area,E01017492,Bedford 007E,Shoplifting,Investigation complete; no suspect identified,
2cdad5b14436d1580994e5e3b96cd8c72bd91f3e6ea8cf77e931fabe234586ad,2022-06,Bedfordshire Police,Bedfordshire Police,-0.427362,52.153297,On or near Parking Area,E01017492,Bedford 007E,Shoplifting,Investigation complete; no suspect identified,
d97125608a146c95130134dcb8c59e152116766fd6379eccf2b20d1cb44cd50a,2022-06,Bedfordshire Police,Bedfordshire Police,-0.427362,52.153297,On or near Parking Area,E01017492,Bedford 007E,Shoplifting,Investigation complete; no suspect identified,
20d2f5cba3f8f02eaff5b35329ead2d6e9c510ec610c169a0a819a75eaf44c27,2022-06,Bedfordshire Police,Bedfordshire Police,-0.427362,52.153297,On or near Parking Area,E01017492,Bedford 007E,Shoplifting,Investigation complete; no suspect identified,
cd31085e706c110e86f76110263607053dc02182166bba1d86a115f3dce53fab,2022-06,Bedfordshire Police,Bedfordshire Police,-0.427362,52.153297,On or near Parking Area,E01017492,Bedford 007E,Shoplifting,Investigation complete; no suspect identified,
db551d1cc5f9b84ea1037516e4599d1a3d49effe063219e33360f408dc14acbd,2022-06,Bedfordshire Police,Bedfordshire Police,-0.418374,52.153680,On or near Columbine Close,E01017492,Bedford 007E,Vehicle crime,Investigation complete; no suspect identified,
edab3b2f66d63db5039e6b52b532925352f1583a883de81f94dce26194e257d5,2022-06,Bedfordshire Police,Bedfordshire Police,-0.420066,52.154188,On or near Norse Road,E01017492,Bedford 007E,Vehicle crime,Investigation complete; no suspect identified,
a5a10e0c2bcf124ff2741f7d71f2472aa7492ce8e630a0ba5b1ba0b98a24d183,2022-06,Bedfordshire Police,Bedfordshire Police,-0.422201,52.153344,On or near Greskine Close,E01017492,Bedford 007E,Violence and sexual offences,Unable to prosecute suspect,
ce2211b143155c4f97045de5cc23eac42b3af1477097ca73884958b2dc779ed6,2022-06,Bedfordshire Police,Bedfordshire Police,-0.425035,52.152564,On or near Cranborne Close,E01017492,Bedford 007E,Violence and sexual offences,Status update unavailable,
394c625240e5fcaca14a201711ed3a5654368cc7ef4e49e74c102508b73b759d,2022-06,Bedfordshire Police,Bedfordshire Police,-0.423084,52.151918,On or near Needwood Road,E01017492,Bedford 007E,Violence and sexual offences,Unable to prosecute suspect,
,2022-06,Bedfordshire Police,Bedfordshire Police,-0.409328,52.152380,On or near Asgard Drive,E01017493,Bedford 007F,Anti-social behaviour,,
,2022-06,Bedfordshire Police,Bedfordshire Police,-0.418736,52.152525,On or near Strathconon Road,E01017493,Bedford 007F,Anti-social behaviour,,
,2022-06,Bedfordshire Police,Bedfordshire Police,-0.425060,52.151018,On or near Charnwood Avenue,E01017493,Bedford 007F,Anti-social behaviour,,
a0990ad01b2e335b892e364d8589ba85141fe231c7cb1a085e286b2525d7ceff,2022-06,Bedfordshire Police,Bedfordshire Police,-0.421551,52.152706,On or near Ettrick Drive,E01017493,Bedford 007F,Criminal damage and arson,Status update unavailable,
7eb4a24a54dbc224f5f66cf3b1cd01d79b10efee5a6e7bc2b4b87a014c54c692,2022-06,Bedfordshire Police,Bedfordshire Police,-0.421551,52.152706,On or near Ettrick Drive,E01017493,Bedford 007F,Criminal damage and arson,Unable to prosecute suspect,
4bf218932109f968e4edd06e1d8ce0f79213b9ebb1c75478d430fbbf7b5c99a4,2022-06,Bedfordshire Police,Bedfordshire Police,-0.421551,52.152706,On or near Ettrick Drive,E01017493,Bedford 007F,Criminal damage and arson,Unable to prosecute suspect,
51cb0bd98bdfaf9cfc3d31d9c3aa073f74afdeb7228238001224b61866b8b8da,2022-06,Bedfordshire Police,Bedfordshire Police,-0.425060,52.151018,On or near Charnwood Avenue,E01017493,Bedford 007F,Criminal damage and arson,Investigation complete; no suspect identified,
0911a6b6f8cb2e6828d95989073353f72de15e90595c408c550eebefab0203c4,2022-06,Bedfordshire Police,Bedfordshire Police,-0.415712,52.147116,On or near Caxton Road,E01017493,Bedford 007F,Public order,Unable to prosecute suspect,
3970ad98088a0e6dad0c162e9d8e178325b62d89b1b03b70a6f374e6d62ee80b,2022-06,Bedfordshire Police,Bedfordshire Police,-0.413061,52.149760,On or near Napier Road,E01017493,Bedford 007F,Public order,Investigation complete; no suspect identified,
391cc93a75b37f2b86390f9bfb3312bafffd902631db1251dfe78659f936fd72,2022-06,Bedfordshire Police,Bedfordshire Police,-0.421551,52.152706,On or near Ettrick Drive,E01017493,Bedford 007F,Public order,Unable to prosecute suspect,
59d3a951e10fb3ed9dd5c3318d517cf827ed6d8ce690e9eb66fb437bce1d396c,2022-06,Bedfordshire Police,Bedfordshire Police,-0.421356,52.150357,On or near Nutwood Close,E01017493,Bedford 007F,Shoplifting,Investigation complete; no suspect identified,
99929f642739e4e7a3a4a6c4d78d42292014a55cc8e2b4c783d46ba612b60769,2022-06,Bedfordshire Police,Bedfordshire Police,-0.415712,52.147116,On or near Caxton Road,E01017493,Bedford 007F,Vehicle crime,Investigation complete; no suspect identified,
6e939373b2c9df4ab720c9aacd171dee3ceb23e74ea7d5f223563502a3fdea0e,2022-06,Bedfordshire Police,Bedfordshire Police,-0.415712,52.147116,On or near Caxton Road,E01017493,Bedford 007F,Vehicle crime,Investigation complete; no suspect identified,
2bf62a5bb6182e865a027ee2612988b823e3b2190bfa8982c13e0f546339e580,2022-06,Bedfordshire Police,Bedfordshire Police,-0.415712,52.147116,On or near Caxton Road,E01017493,Bedford 007F,Vehicle crime,Investigation complete; no suspect identified,
b2a0c57c296736bc0e5f69187b1e6e88884ebf9635e8ad1b04e64873ee981fa5,2022-06,Bedfordshire Police,Bedfordshire Police,-0.421551,52.152706,On or near Ettrick Drive,E01017493,Bedford 007F,Violence and sexual offences,Unable to prosecute suspect,
d4a37126c928c026513d04446697b25d9c4260ef1937d7568797a2d50715db13,2022-06,Bedfordshire Police,Bedfordshire Police,-0.417579,52.153417,On or near Poppyfields,E01017493,Bedford 007F,Violence and sexual offences,Unable to prosecute suspect,
c5e448e8fb741c9104a4d6ad8da45dcdc5d1e9a88076473113da332be3e10eeb,2022-06,Bedfordshire Police,Bedfordshire Police,-0.417579,52.153417,On or near Poppyfields,E01017493,Bedford 007F,Violence and sexual offences,Unable to prosecute suspect,
0f211f2803c53d77459c9b934c78a88c91a10cf2e6a2db219986cdb722c9104f,2022-06,Bedfordshire Police,Bedfordshire Police,-0.421551,52.152706,On or near Ettrick Drive,E01017493,Bedford 007F,Violence and sexual offences,Unable to prosecute suspect,
c536a6b097d6c1b9c1313171ded4931938b3a74e4c74ca4048d7833051d1e367,2022-06,Bedfordshire Police,Bedfordshire Police,-0.421551,52.152706,On or near Ettrick Drive,E01017493,Bedford 007F,Violence and sexual offences,Unable to prosecute suspect,
4c0ddc808a5f61749008462970b68fc96401196bdb3ac1757b82668f67a81d45,2022-06,Bedfordshire Police,Bedfordshire Police,-0.421551,52.152706,On or near Ettrick Drive,E01017493,Bedford 007F,Violence and sexual offences,Unable to prosecute suspect,
bf1dbec935c56c791e1687d2f8d2c6f96e285a7eae362c5262fb12fb52f485ae,2022-06,Bedfordshire Police,Bedfordshire Police,-0.413061,52.149760,On or near Napier Road,E01017493,Bedford 007F,Violence and sexual offences,Unable to prosecute suspect,
727b104f372f57f64ed1adf58caea771dedafd240c34f48b0ed7738d922a450a,2022-06,Bedfordshire Police,Bedfordshire Police,-0.417579,52.153417,On or near Poppyfields,E01017493,Bedford 007F,Violence and sexual offences,Unable to prosecute suspect,
622c2a42093224c75ebc5de95ed4bf1afc277160daa854766e7d270d41f2b2b5,2022-06,Bedfordshire Police,Bedfordshire Police,-0.421551,52.152706,On or near Ettrick Drive,E01017493,Bedford 007F,Violence and sexual offences,Unable to prosecute suspect,
3c594aa7a005a14db0ea89e94996b5c5cbc488f397dddf575eebff83d10e25c8,2022-06,Bedfordshire Police,Bedfordshire Police,-0.535889,52.143257,On or near Thistley Lane,E01017459,Bedford 008A,Other theft,Investigation complete; no suspect identified,
032690dfe5aa01363ce9936a9ce10046fd5f8918d59d8a0097225e0f64fedf37,2022-06,Bedfordshire Police,Bedfordshire Police,-0.538634,52.143327,On or near Tollgate Close,E01017459,Bedford 008A,Violence and sexual offences,Unable to prosecute suspect,
de77faeafb1de1345b4271932d22d5c696ccba212561386a9382c21e65498952,2022-06,Bedfordshire Police,Bedfordshire Police,-0.496313,52.139405,On or near Biddenham Turn,E01017460,Bedford 008B,Violence and sexual offences,Unable to prosecute suspect,
,2022-06,Bedfordshire Police,Bedfordshire Police,-0.517944,52.132243,On or near Carnoustie Drive,E01017461,Bedford 008C,Anti-social behaviour,,
,2022-06,Bedfordshire Police,Bedfordshire Police,-0.515007,52.129158,On or near Kingswood Way,E01017461,Bedford 008C,Anti-social behaviour,,
,2022-06,Bedfordshire Police,Bedfordshire Police,-0.515960,52.124216,On or near The Frank Branston Way,E01017461,Bedford 008C,Anti-social behaviour,,
,2022-06,Bedfordshire Police,Bedfordshire Police,-0.514719,52.132985,On or near St Mellion Drive,E01017461,Bedford 008C,Anti-social behaviour,,
,2022-06,Bedfordshire Police,Bedfordshire Police,-0.515960,52.124216,On or near The Frank Branston Way,E01017461,Bedford 008C,Anti-social behaviour,,
,2022-06,Bedfordshire Police,Bedfordshire Police,-0.517944,52.132243,On or near Carnoustie Drive,E01017461,Bedford 008C,Anti-social behaviour,,
,2022-06,Bedfordshire Police,Bedfordshire Police,-0.515960,52.124216,On or near The Frank Branston Way,E01017461,Bedford 008C,Anti-social behaviour,,
,2022-06,Bedfordshire Police,Bedfordshire Police,-0.517944,52.132243,On or near Carnoustie Drive,E01017461,Bedford 008C,Anti-social behaviour,,
,2022-06,Bedfordshire Police,Bedfordshire Police,-0.509434,52.130679,On or near Ryder Close,E01017461,Bedford 008C,Anti-social behaviour,,
,2022-06,Bedfordshire Police,Bedfordshire Police,-0.508078,52.129736,On or near Saxon Way,E01017461,Bedford 008C,Anti-social behaviour,,
,2022-06,Bedfordshire Police,Bedfordshire Police,-0.515007,52.129158,On or near Kingswood Way,E01017461,Bedford 008C,Anti-social behaviour,,
,2022-06,Bedfordshire Police,Bedfordshire Police,-0.517944,52.132243,On or near Carnoustie Drive,E01017461,Bedford 008C,Anti-social behaviour,,
,2022-06,Bedfordshire Police,Bedfordshire Police,-0.515960,52.124216,On or near The Frank Branston Way,E01017461,Bedford 008C,Anti-social behaviour,,
,2022-06,Bedfordshire Police,Bedfordshire Police,-0.515007,52.129158,On or near Kingswood Way,E01017461,Bedford 008C,Anti-social behaviour,,
,2022-06,Bedfordshire Police,Bedfordshire Police,-0.515960,52.124216,On or near The Frank Branston Way,E01017461,Bedford 008C,Anti-social behaviour,,
,2022-06,Bedfordshire Police,Bedfordshire Police,-0.515007,52.129158,On or near Kingswood Way,E01017461,Bedford 008C,Anti-social behaviour,,
,2022-06,Bedfordshire Police,Bedfordshire Police,-0.523244,52.137183,On or near Park/Open Space,E01017461,Bedford 008C,Anti-social behaviour,,
,2022-06,Bedfordshire Police,Bedfordshire Police,-0.515007,52.129158,On or near Kingswood Way,E01017461,Bedford 008C,Anti-social behaviour,,
,2022-06,Bedfordshire Police,Bedfordshire Police,-0.523244,52.137183,On or near Park/Open Space,E01017461,Bedford 008C,Anti-social behaviour,,
cc96c7bf3bb13d17bde987993390d5126c2f774d013897e0d6b44a448e2117a2,2022-06,Bedfordshire Police,Bedfordshire Police,-0.508231,52.130403,On or near Greenkeepers Road,E01017461,Bedford 008C,Bicycle theft,Investigation complete; no suspect identified,
27ee36042476e70f3f957c2f725f500bdd894f357704da36691d31f92afeabe9,2022-06,Bedfordshire Police,Bedfordshire Police,-0.515007,52.129158,On or near Kingswood Way,E01017461,Bedford 008C,Burglary,Investigation complete; no suspect identified,
53c36099cd206e6aae53e54686fe085d3c055d8aa05a76474ae980bec904e5be,2022-06,Bedfordshire Police,Bedfordshire Police,-0.515960,52.124216,On or near The Frank Branston Way,E01017461,Bedford 008C,Criminal damage and arson,Investigation complete; no suspect identified,
d19eadd40683fbc6c125a50c7c0c27df730744d0556b72a1256ff61c6497db74,2022-06,Bedfordshire Police,Bedfordshire Police,-0.500824,52.131703,On or near Sauton Close,E01017461,Bedford 008C,Criminal damage and arson,Unable to prosecute suspect,
7f70551c0a47480c13e21d5088454927d3efdf29c7dfd375b1879f71a737b36b,2022-06,Bedfordshire Police,Bedfordshire Police,-0.514967,52.128618,On or near Lytham Place,E01017461,Bedford 008C,Criminal damage and arson,Investigation complete; no suspect identified,
7d8593190745471597c0ccca300545513a852b7ab6fe7fb448cc1b5e5a703f0b,2022-06,Bedfordshire Police,Bedfordshire Police,-0.512932,52.140155,On or near Gold Lane,E01017461,Bedford 008C,Criminal damage and arson,Unable to prosecute suspect,
6d418047a34dc94c928b58ee845961556d46433c1332acf2609c5b1a795b7bfb,2022-06,Bedfordshire Police,Bedfordshire Police,-0.508331,52.129155,On or near Stedeham Road,E01017461,Bedford 008C,Other theft,Unable to prosecute suspect,
f971e4f7f0dba60fa54c6d92f7ec6c083b5ceec89906052f3f6f03c39a57ad77,2022-06,Bedfordshire Police,Bedfordshire Police,-0.514967,52.128618,On or near Lytham Place,E01017461,Bedford 008C,Other theft,Unable to prosecute suspect,
40b6ad722f84b923d9021de406d0e6f5b69113f97d62afcb16e5268faf2ebec9,2022-06,Bedfordshire Police,Bedfordshire Police,-0.511389,52.129014,On or near Mercia Road,E01017461,Bedford 008C,Other theft,Investigation complete; no suspect identified,
f98d7231af7115678550bade4b160e34e035539c412b58ec088dab4324ca9322,2022-06,Bedfordshire Police,Bedfordshire Police,-0.511389,52.129014,On or near Mercia Road,E01017461,Bedford 008C,Public order,Investigation complete; no suspect identified,
c2c23588699ac1786c05d1758d81576d04e444e2e74d32354d028d51fdcd745c,2022-06,Bedfordshire Police,Bedfordshire Police,-0.510703,52.130291,On or near Masters Close,E01017461,Bedford 008C,Public order,Investigation complete; no suspect identified,
5f5653d0d39af5558760004686ad64047d5b2992e793a5d751e3cebf2f7cd0cd,2022-06,Bedfordshire Police,Bedfordshire Police,-0.510703,52.130291,On or near Masters Close,E01017461,Bedford 008C,Vehicle crime,Investigation complete; no suspect identified,
628072b4de5d3db63d000fd6d1a1403608ee6d6b6ebc5e17052bdf535ecb5769,2022-06,Bedfordshire Police,Bedfordshire Police,-0.515960,52.124216,On or near The Frank Branston Way,E01017461,Bedford 008C,Vehicle crime,Investigation complete; no suspect identified,
ced9d27099abb5677f6d22b720695d5b8eab6883fdabbc429978f964e04806a2,2022-06,Bedfordshire Police,Bedfordshire Police,-0.500824,52.131703,On or near Sauton Close,E01017461,Bedford 008C,Vehicle crime,Investigation complete; no suspect identified,
d9547abae40e67698b4e4f6d0ca716cc3c27d1c98cc67d742b59433a3ba972fa,2022-06,Bedfordshire Police,Bedfordshire Police,-0.515960,52.124216,On or near The Frank Branston Way,E01017461,Bedford 008C,Vehicle crime,Investigation complete; no suspect identified,
abeedcc50d686d94dd72ac00e28b996a64160d96d87fd2b7586cd022be234b9c,2022-06,Bedfordshire Police,Bedfordshire Police,-0.507113,52.143292,On or near Bromham Road,E01017461,Bedford 008C,Vehicle crime,Investigation complete; no suspect identified,
64b56259b0e1cbc1e2a1fd2c75b05647bd3f328ea91780f70664e2b85df96f77,2022-06,Bedfordshire Police,Bedfordshire Police,-0.511389,52.129014,On or near Mercia Road,E01017461,Bedford 008C,Vehicle crime,Investigation complete; no suspect identified,
c9b25073a3f612ef0685c61d0a573021fe812435d5b6e314faeaacba3117d1a1,2022-06,Bedfordshire Police,Bedfordshire Police,-0.516495,52.127460,On or near Stone Close,E01017461,Bedford 008C,Vehicle crime,Investigation complete; no suspect identified,
2a8c42623374e9eafc880effe2136bbb7969e2f12754694759d27b1ba5a8c3fd,2022-06,Bedfordshire Police,Bedfordshire Police,-0.507316,52.128917,On or near Lindsey Close,E01017461,Bedford 008C,Vehicle crime,Investigation complete; no suspect identified,
6c2c2fb32c6c9de1806bfd157726b6268e263dc0619711915f88887eeef2b112,2022-06,Bedfordshire Police,Bedfordshire Police,-0.515960,52.124216,On or near The Frank Branston Way,E01017461,Bedford 008C,Vehicle crime,Investigation complete; no suspect identified,
625e52e7bcf01e8e5400e9b6c2181936c803198e4083f99fdfc97e8053a92116,2022-06,Bedfordshire Police,Bedfordshire Police,-0.507316,52.128917,On or near Lindsey Close,E01017461,Bedford 008C,Vehicle crime,Investigation complete; no suspect identified,
2effa1ee726a684fc528f40368d237b5e7f9c752b78b3b34e5922993e12ea3ad,2022-06,Bedfordshire Police,Bedfordshire Police,-0.500824,52.131703,On or near Sauton Close,E01017461,Bedford 008C,Violence and sexual offences,Unable to prosecute suspect,
a0c6501598825f005c413ac13fa9d491fab37d46bcf1185b37f07cc058de8250,2022-06,Bedfordshire Police,Bedfordshire Police,-0.500824,52.131703,On or near Sauton Close,E01017461,Bedford 008C,Violence and sexual offences,Unable to prosecute suspect,
27bed805e477f100872d2ba53f42fd48c3d61c3e4670d6af244e600673535f5e,2022-06,Bedfordshire Police,Bedfordshire Police,-0.512932,52.140155,On or near Gold Lane,E01017461,Bedford 008C,Violence and sexual offences,Unable to prosecute suspect,
3256bf349505fd2d823f5f4f964914f9dc5149af844ea2cba2a5e5db2042c55c,2022-06,Bedfordshire Police,Bedfordshire Police,-0.513581,52.126793,On or near Woodville Drive,E01017461,Bedford 008C,Violence and sexual offences,Unable to prosecute suspect,
fdf64a4d1000ba3e9ea891969f625fa91e7e55494151a45b1d4a5f9330997c78,2022-06,Bedfordshire Police,Bedfordshire Police,-0.509434,52.130679,On or near Ryder Close,E01017461,Bedford 008C,Violence and sexual offences,Unable to prosecute suspect,
ae6307fa8bcbe852c2a73f2749090759e74303fefe05518df4db13686dbbb5e0,2022-06,Bedfordshire Police,Bedfordshire Police,-0.513581,52.126793,On or near Woodville Drive,E01017461,Bedford 008C,Violence and sexual offences,Action to be taken by another organisation,
28dbc85ded99f7a9cbaf2da0004d2f23e5652a4b4133d179a4f22b749706e4f9,2022-06,Bedfordshire Police,Bedfordshire Police,-0.507113,52.143292,On or near Bromham Road,E01017461,Bedford 008C,Violence and sexual offences,Unable to prosecute suspect,
43c7a539d51800f679d50545918f80ccf8ce5de9141445d0f32668388337a999,2022-06,Bedfordshire Police,Bedfordshire Police,-0.514502,52.128091,On or near Mentmore Close,E01017461,Bedford 008C,Violence and sexual offences,Unable to prosecute suspect,
3bda1b869b8dd498a13a795b65baede976f45feec146ee9d3756fe16e54f6baf,2022-06,Bedfordshire Police,Bedfordshire Police,-0.500824,52.131703,On or near Sauton Close,E01017461,Bedford 008C,Violence and sexual offences,Unable to prosecute suspect,
,2022-06,Bedfordshire Police,Bedfordshire Police,-0.528291,52.145455,On or near Bucks Close,E01017462,Bedford 008D,Anti-social behaviour,,
,2022-06,Bedfordshire Police,Bedfordshire Police,-0.528291,52.145455,On or near Bucks Close,E01017462,Bedford 008D,Anti-social behaviour,,
0943e01da64b55fe329e1cf87c54883ce282da3f0851e5af59a60ff5e9763f51,2022-06,Bedfordshire Police,Bedfordshire Police,-0.534626,52.146568,On or near Trevor Drive,E01017462,Bedford 008D,Burglary,Investigation complete; no suspect identified,
2e92ce94ef6812fffdf30015953c34c538c6f1bc18db554bb87eb2b054995fa5,2022-06,Bedfordshire Police,Bedfordshire Police,-0.526057,52.145373,On or near Millfield,E01017462,Bedford 008D,Public order,Investigation complete; no suspect identified,
a18746c79749860fdb5ef28bf8d9112df13136facf019f0f214418a983970383,2022-06,Bedfordshire Police,Bedfordshire Police,-0.531601,52.147906,On or near Neville Crescent,E01017462,Bedford 008D,Public order,Investigation complete; no suspect identified,
66297fc8ec2ed89f5f25a0e4d7d3f75ddeb07a197210379d1ff18db1544bea9f,2022-06,Bedfordshire Police,Bedfordshire Police,-0.523141,52.154463,On or near Manor Close,E01017463,Bedford 008E,Other theft,Investigation complete; no suspect identified,
815ad944978fb4906a66ac8d54e9336a68fc3d42cceeba35fdc7fed7c53d80cc,2022-06,Bedfordshire Police,Bedfordshire Police,-0.529794,52.152181,On or near Molivers Lane,E01017463,Bedford 008E,Public order,Unable to prosecute suspect,
1a3784fdb515d2516b2752fff256c0646320b99d51536e559b659f9e339f0aa7,2022-06,Bedfordshire Police,Bedfordshire Police,-0.525987,52.153257,On or near Wingfield Road,E01017463,Bedford 008E,Violence and sexual offences,Status update unavailable,
55f88ed5ef136a7903d1ca3c2e5cf95e59a4479e72419b4ad7e7bd31a4105884,2022-06,Bedfordshire Police,Bedfordshire Police,-0.523141,52.154463,On or near Manor Close,E01017463,Bedford 008E,Other crime,Further investigation is not in the public interest,
,2022-06,Bedfordshire Police,Bedfordshire Police,-0.469496,52.146289,On or near Parking Area,E01017482,Bedford 009A,Anti-social behaviour,,
bb3571ee723463043cc7b1619a4d4e648778d75e1eb3220f00ef6d37a499e150,2022-06,Bedfordshire Police,Bedfordshire Police,-0.459952,52.146300,On or near St George'S Road,E01017482,Bedford 009A,Criminal damage and arson,Unable to prosecute suspect,
f13c395a0ea31f7db31cb84a5d5baeeab70a00b861fdf2d14f9dd6735e8c375b,2022-06,Bedfordshire Police,Bedfordshire Police,-0.469496,52.146289,On or near Parking Area,E01017482,Bedford 009A,Other theft,Investigation complete; no suspect identified,
fdd5d87cd34581b08bc03aa116295b8088851313f147477f6b366e6845df2f20,2022-06,Bedfordshire Police,Bedfordshire Police,-0.459952,52.146300,On or near St George'S Road,E01017482,Bedford 009A,Other theft,Investigation complete; no suspect identified,
836a02cd9b05a21c3500f67fba963b52300698cd0c23618d708e943dcbcd395d,2022-06,Bedfordshire Police,Bedfordshire Police,-0.456744,52.146941,On or near St Edmond Road,E01017482,Bedford 009A,Public order,Unable to prosecute suspect,
4a1d0131c588eef70138a29ed35347e8a58dfd6c7db8411bd8ea93e3028488f2,2022-06,Bedfordshire Police,Bedfordshire Police,-0.456744,52.146941,On or near St Edmond Road,E01017482,Bedford 009A,Public order,Investigation complete; no suspect identified,
9b1af29947ad6a48652834e70580eebd214c04f303689ce04cff73ddc34bcc3f,2022-06,Bedfordshire Police,Bedfordshire Police,-0.456744,52.146941,On or near St Edmond Road,E01017482,Bedford 009A,Robbery,Investigation complete; no suspect identified,
0f7b0dc4aa09d2273808aeb6b8a94be567eff83ddedf3519b484630b04225f56,2022-06,Bedfordshire Police,Bedfordshire Police,-0.451951,52.146905,On or near Brendon Avenue,E01017482,Bedford 009A,Vehicle crime,Investigation complete; no suspect identified,
2ffdd78a29af9db19358057f88f520066da8b829da81474845e0eb26f8d63152,2022-06,Bedfordshire Police,Bedfordshire Police,-0.457335,52.146742,On or near St Alban Road,E01017482,Bedford 009A,Vehicle crime,Investigation complete; no suspect identified,
ae762ac8160c87aac954482a42a40ed8012c67fa56fea872ee559542ce882d79,2022-06,Bedfordshire Police,Bedfordshire Police,-0.462547,52.146504,On or near Park Avenue,E01017482,Bedford 009A,Violence and sexual offences,Unable to prosecute suspect,
cb454b28aa7dfda5ba8d9aa084009f0ca64a2393209f117343ac96a5f7ccff67,2022-06,Bedfordshire Police,Bedfordshire Police,-0.459234,52.145086,On or near St Michael'S Road,E01017482,Bedford 009A,Violence and sexual offences,Action to be taken by another organisation,
6301e4c0e9511953db652341d4b9700d055417147529cd3d6186438a2a268c4e,2022-06,Bedfordshire Police,Bedfordshire Police,-0.458360,52.146261,On or near St Augustine'S Road,E01017482,Bedford 009A,Violence and sexual offences,Unable to prosecute suspect,
41743f98525e7d40d912c9a124e370925ae92c8164ab6a395555f13da4d60463,2022-06,Bedfordshire Police,Bedfordshire Police,-0.469496,52.146289,On or near Parking Area,E01017482,Bedford 009A,Violence and sexual offences,Investigation complete; no suspect identified,
88ac89fa1c3dd157d6f1f6caad18f07d6df870053c68bb66af3909389faca78e,2022-06,Bedfordshire Police,Bedfordshire Police,-0.457335,52.146742,On or near St Alban Road,E01017482,Bedford 009A,Violence and sexual offences,Investigation complete; no suspect identified,
,2022-06,Bedfordshire Police,Bedfordshire Police,-0.449197,52.142472,On or near Seaton Drive,E01017483,Bedford 009B,Anti-social behaviour,,
efd2c1aaf80baa4e51181811d850a9030659503abcedf983e592d690209ca1d1,2022-06,Bedfordshire Police,Bedfordshire Police,-0.446665,52.141315,On or near Salcombe Close,E01017483,Bedford 009B,Bicycle theft,Investigation complete; no suspect identified,
4315e4c94d6c12d4db8791d398f4e7b2dcfd11fab76c803b78706c09e000d409,2022-06,Bedfordshire Police,Bedfordshire Police,-0.449638,52.140707,On or near Abrahams Close,E01017483,Bedford 009B,Criminal damage and arson,Investigation complete; no suspect identified,
25bc0f3c364a1fe021c1c10ced522e8c51125034c82304fcba886c7fa8240ca0,2022-06,Bedfordshire Police,Bedfordshire Police,-0.447329,52.143221,On or near Widecombe Close,E01017483,Bedford 009B,Public order,Unable to prosecute suspect,
7ae02ac16456661533384d2099657f9fec3fa40b8611ae0e8b7737384175dff6,2022-06,Bedfordshire Police,Bedfordshire Police,-0.447329,52.143221,On or near Widecombe Close,E01017483,Bedford 009B,Public order,Unable to prosecute suspect,
c10be5f4e39bb63663a224339efacfdb92d45d07ff19925d754c771449e132bf,2022-06,Bedfordshire Police,Bedfordshire Police,-0.447329,52.143221,On or near Widecombe Close,E01017483,Bedford 009B,Public order,Unable to prosecute suspect,
a12d8208c12cb3d7053bebb315c2fe45a743f8bfec6c61285961b5bb606b0914,2022-06,Bedfordshire Police,Bedfordshire Police,-0.449638,52.140707,On or near Abrahams Close,E01017483,Bedford 009B,Violence and sexual offences,Unable to prosecute suspect,
b1d52be02247b72bb2f2ce40dda7b9037a51b2927495bb7f5b2ab20bcf9595f3,2022-06,Bedfordshire Police,Bedfordshire Police,-0.449638,52.140707,On or near Abrahams Close,E01017483,Bedford 009B,Violence and sexual offences,Unable to prosecute suspect,
906da1c044f9fe07b17ef90815389a450a61f0f9b82cfbb8a171f0cf0ea7a40f,2022-06,Bedfordshire Police,Bedfordshire Police,-0.447996,52.142133,On or near Hartland Avenue,E01017483,Bedford 009B,Violence and sexual offences,Investigation complete; no suspect identified,
c28dda3bb563badd26fcb200a9555d79a7925a3587de21782ed8a58621f73642,2022-06,Bedfordshire Police,Bedfordshire Police,-0.447996,52.142133,On or near Hartland Avenue,E01017483,Bedford 009B,Violence and sexual offences,Investigation complete; no suspect identified,
cf66a514ac73eb56cd73f55d18b076afcf6ec5804f5dd9cd52aff5bf3324f7f5,2022-06,Bedfordshire Police,Bedfordshire Police,-0.453134,52.140195,On or near Goldington Road,E01017483,Bedford 009B,Violence and sexual offences,Investigation complete; no suspect identified,
97e7e226a18550a98e37b2a6e81e4f45d4d34d8a7c28123137f696751652644d,2022-06,Bedfordshire Police,Bedfordshire Police,-0.444708,52.142126,On or near Clovelly Way,E01017483,Bedford 009B,Violence and sexual offences,Unable to prosecute suspect,
38453ebf9a6da416959e10f55762299914f7c442e17bfcbac61b8118c7dc4159,2022-06,Bedfordshire Police,Bedfordshire Police,-0.444708,52.142126,On or near Clovelly Way,E01017483,Bedford 009B,Violence and sexual offences,Unable to prosecute suspect,
,2022-06,Bedfordshire Police,Bedfordshire Police,-0.464837,52.138982,On or near St Peter'S Street,E01017484,Bedford 009C,Anti-social behaviour,,
,2022-06,Bedfordshire Police,Bedfordshire Police,-0.462859,52.139540,On or near Kimbolton Road,E01017484,Bedford 009C,Anti-social behaviour,,
7d81817d056736189797c261e906427df416e5d8acb7b37c5a812cf961f96a68,2022-06,Bedfordshire Police,Bedfordshire Police,-0.466354,52.140341,On or near Nightclub,E01017484,Bedford 009C,Burglary,Investigation complete; no suspect identified,
1633e60fc669be530c8c5d5bc29dd30fdae70b39ae18d4440336515e934732d1,2022-06,Bedfordshire Police,Bedfordshire Police,-0.466837,52.142020,On or near De Parys Avenue,E01017484,Bedford 009C,Burglary,Investigation complete; no suspect identified,
663809f18bd61e3ba2b7d1621621347be3062b6888dbd0223eb941d1b4ee417f,2022-06,Bedfordshire Police,Bedfordshire Police,-0.464837,52.138982,On or near St Peter'S Street,E01017484,Bedford 009C,Criminal damage and arson,Investigation complete; no suspect identified,
777e4fbeb5da226b2697a81f21162ba7ea78fe35ef3245704097410e9e450943,2022-06,Bedfordshire Police,Bedfordshire Police,-0.460911,52.145197,On or near St Andrews Road,E01017484,Bedford 009C,Criminal damage and arson,Unable to prosecute suspect,
18f50dbfb477fb43fa6ce12be27f6efa623d47b1bc60ae114591683cf3e2037d,2022-06,Bedfordshire Police,Bedfordshire Police,-0.462859,52.139540,On or near Kimbolton Road,E01017484,Bedford 009C,Drugs,Local resolution,
4f45f373e95604605caf1a1e5f53381d1cf025cda906419592e3a0599c57a078,2022-06,Bedfordshire Police,Bedfordshire Police,-0.464837,52.138982,On or near St Peter'S Street,E01017484,Bedford 009C,Drugs,Status update unavailable,
0bdc6a16252dba5d406f8c511878841264fe91cfd0ad8edf2e70b106af9d4913,2022-06,Bedfordshire Police,Bedfordshire Police,-0.464837,52.138982,On or near St Peter'S Street,E01017484,Bedford 009C,Other theft,Investigation complete; no suspect identified,
3f6cb729f68c3c593962110e067027a90286aabe3e39d59b2cdfc393b8ed346e,2022-06,Bedfordshire Police,Bedfordshire Police,-0.462859,52.139540,On or near Kimbolton Road,E01017484,Bedford 009C,Robbery,Investigation complete; no suspect identified,
eb18f5abca5f82a49f42ba7776fa52f98aee27de3191c112c474e24c21663ebc,2022-06,Bedfordshire Police,Bedfordshire Police,-0.459569,52.143436,On or near Supermarket,E01017484,Bedford 009C,Shoplifting,Investigation complete; no suspect identified,
083c347fb81b86d8382266415a45b19c3a12fabaccef04bc0701d50ceda96e65,2022-06,Bedfordshire Police,Bedfordshire Police,-0.459569,52.143436,On or near Supermarket,E01017484,Bedford 009C,Shoplifting,Investigation complete; no suspect identified,
5b19ce0c01b7d7472aa586e3b113f4f5178fb04de6a05a79b5c8b459e6c5dbd1,2022-06,Bedfordshire Police,Bedfordshire Police,-0.459569,52.143436,On or near Supermarket,E01017484,Bedford 009C,Shoplifting,Investigation complete; no suspect identified,
afe7b542b8b9872480999e23464e6cdc3fa841664458d28e1e182533bb3ae5f4,2022-06,Bedfordshire Police,Bedfordshire Police,-0.459569,52.143436,On or near Supermarket,E01017484,Bedford 009C,Shoplifting,Investigation complete; no suspect identified,
235bae5b8bc9da3aa718b9f28ccf7d138c4e8f236e51ed4bb7c271e237491e76,2022-06,Bedfordshire Police,Bedfordshire Police,-0.462859,52.139540,On or near Kimbolton Road,E01017484,Bedford 009C,Vehicle crime,Investigation complete; no suspect identified,
2ac2c1651b717312b0a8eedbb665063911f202fb33e29336bec8efe8f3480449,2022-06,Bedfordshire Police,Bedfordshire Police,-0.459569,52.143436,On or near Supermarket,E01017484,Bedford 009C,Vehicle crime,Investigation complete; no suspect identified,
599cf405c4c314c641dd2eeba88c00cca488eb5eabe04a3cbdcf958c1eda1eb3,2022-06,Bedfordshire Police,Bedfordshire Police,-0.467107,52.139667,On or near The Broadway,E01017484,Bedford 009C,Violence and sexual offences,Investigation complete; no suspect identified,
830763b9ed3090fd2cc70373e11106903ad32dfaec7abcad5f19880dbfc00156,2022-06,Bedfordshire Police,Bedfordshire Police,-0.462612,52.139924,On or near Kimbolton Road,E01017484,Bedford 009C,Violence and sexual offences,Unable to prosecute suspect,
7526b3d8050eaa483c7fe5483d037cc95673fe06600d50df477110ade2c284b9,2022-06,Bedfordshire Police,Bedfordshire Police,-0.459569,52.143436,On or near Supermarket,E01017484,Bedford 009C,Violence and sexual offences,Unable to prosecute suspect,
ad35879e555b48127f91e94f796ea32c6782b21e90672d5e8fa30f44fb3c1df6,2022-06,Bedfordshire Police,Bedfordshire Police,-0.459569,52.143436,On or near Supermarket,E01017484,Bedford 009C,Violence and sexual offences,Unable to prosecute suspect,
,2022-06,Bedfordshire Police,Bedfordshire Police,-0.457255,52.139764,On or near Goldington Road,E01017485,Bedford 009D,Anti-social behaviour,,
,2022-06,Bedfordshire Police,Bedfordshire Police,-0.457255,52.139764,On or near Goldington Road,E01017485,Bedford 009D,Anti-social behaviour,,
887eb1cdc9359795b9dad17cfcf446c2696243d98c64c4f43d8a0b6554d6cf4f,2022-06,Bedfordshire Police,Bedfordshire Police,-0.457255,52.139764,On or near Goldington Road,E01017485,Bedford 009D,Bicycle theft,Investigation complete; no suspect identified,
a5328b09723ceb084b72560c9a662c123a92323855c04b1eaf061676e87024fa,2022-06,Bedfordshire Police,Bedfordshire Police,-0.457255,52.139764,On or near Goldington Road,E01017485,Bedford 009D,Criminal damage and arson,Investigation complete; no suspect identified,
23cfd27f8b4a4be9fee00a0d48e5d6af638c592dece112cdd62c379c3a964259,2022-06,Bedfordshire Police,Bedfordshire Police,-0.457255,52.139764,On or near Goldington Road,E01017485,Bedford 009D,Criminal damage and arson,Investigation complete; no suspect identified,
b92d5713d70837d891742672f976969c09e6a4a0571d16f8c922e992f0da1d7b,2022-06,Bedfordshire Police,Bedfordshire Police,-0.457255,52.139764,On or near Goldington Road,E01017485,Bedford 009D,Vehicle crime,Status update unavailable,
746bb58e9cdf44b4767cc7b8f02417b897a3000a0b7ae6a71243e6de4175c174,2022-06,Bedfordshire Police,Bedfordshire Police,-0.457255,52.139764,On or near Goldington Road,E01017485,Bedford 009D,Vehicle crime,Investigation complete; no suspect identified,
fa1f9173852913c8e0958df40008fc5de2f7e72f11adc9495b6b54b384bf45c9,2022-06,Bedfordshire Police,Bedfordshire Police,-0.457255,52.139764,On or near Goldington Road,E01017485,Bedford 009D,Violence and sexual offences,Unable to prosecute suspect,
fad5f51634797001fd6c593ade108f8540150962a7794f8107cc1cfd42c5477e,2022-06,Bedfordshire Police,Bedfordshire Police,-0.454583,52.140970,On or near Appledore Road,E01017485,Bedford 009D,Violence and sexual offences,Unable to prosecute suspect,
,2022-06,Bedfordshire Police,Bedfordshire Police,-0.468806,52.143412,On or near Foster Hill Road,E01017497,Bedford 010A,Anti-social behaviour,,
,2022-06,Bedfordshire Police,Bedfordshire Police,-0.468806,52.143412,On or near Foster Hill Road,E01017497,Bedford 010A,Anti-social behaviour,,
,2022-06,Bedfordshire Police,Bedfordshire Police,-0.469625,52.143369,On or near Argyll Street,E01017497,Bedford 010A,Anti-social behaviour,,
,2022-06,Bedfordshire Police,Bedfordshire Police,-0.468806,52.143412,On or near Foster Hill Road,E01017497,Bedford 010A,Anti-social behaviour,,
09f6ffe0fbe699d328406539492f4842cef30bc8e8f18bd67a3d224e282a4641,2022-06,Bedfordshire Police,Bedfordshire Police,-0.469625,52.143369,On or near Argyll Street,E01017497,Bedford 010A,Criminal damage and arson,Investigation complete; no suspect identified,
7bb837d8e7767033f39e77e62980c16a905a3afad83d6c4959cd41f7eb3a4cc3,2022-06,Bedfordshire Police,Bedfordshire Police,-0.469625,52.143369,On or near Argyll Street,E01017497,Bedford 010A,Drugs,Local resolution,
bc2058d6e02da15ed06e756f7e59729e10af591207877438b8bacefed6c8d7ca,2022-06,Bedfordshire Police,Bedfordshire Police,-0.468806,52.143412,On or near Foster Hill Road,E01017497,Bedford 010A,Other theft,Investigation complete; no suspect identified,
f3b1755fda246c4ae1ead705fd2e9acd39c590d3adaec02187a469041361e0b9,2022-06,Bedfordshire Police,Bedfordshire Police,-0.470475,52.145448,On or near Salisbury Street,E01017497,Bedford 010A,Other theft,Investigation complete; no suspect identified,
eda91cc6a0c8c4ff1d603759e8c8657d4d7f9c64947d09ff64c0f64e6e6df218,2022-06,Bedfordshire Police,Bedfordshire Police,-0.468806,52.143412,On or near Foster Hill Road,E01017497,Bedford 010A,Public order,Court result unavailable,
2e344e01fafba81e72e8e18803407a9c6f70ebf9a555be823cfd1b991adf5d0a,2022-06,Bedfordshire Police,Bedfordshire Police,-0.470475,52.145448,On or near Salisbury Street,E01017497,Bedford 010A,Public order,Formal action is not in the public interest,
c54e676a565bc44d57b73898f1a29297c3f7b389be263789935eff7af3218808,2022-06,Bedfordshire Police,Bedfordshire Police,-0.470475,52.145448,On or near Salisbury Street,E01017497,Bedford 010A,Public order,Unable to prosecute suspect,
c89e4b9f8d0c158c164758b8989dd1b72e65888cb0605d6a3166d48b1b48e3e0,2022-06,Bedfordshire Police,Bedfordshire Police,-0.469625,52.143369,On or near Argyll Street,E01017497,Bedford 010A,Vehicle crime,Court result unavailable,
e8d8e858f5599ebed0253c9c6bbafed138a64dbe59744c96add0e4c75a058572,2022-06,Bedfordshire Police,Bedfordshire Police,-0.471896,52.143209,On or near Roff Avenue,E01017497,Bedford 010A,Violence and sexual offences,Unable to prosecute suspect,
474459f981263605fa81f9aa37b1a4651c0db9b780efd66d094aa28ac4d59b62,2022-06,Bedfordshire Police,Bedfordshire Police,-0.468073,52.141334,On or near Foster Hill Road,E01017497,Bedford 010A,Violence and sexual offences,Court result unavailable,
2ede9818716b3ce42890a73c163f8cd4ea73ef1baabcd03948bb391295f3b3f6,2022-06,Bedfordshire Police,Bedfordshire Police,-0.468806,52.143412,On or near Foster Hill Road,E01017497,Bedford 010A,Violence and sexual offences,Unable to prosecute suspect,
fa7f4b310ee935b086c0d6d543b11dcd3b6fe6e2943e01a92d902e5c5276dbf7,2022-06,Bedfordshire Police,Bedfordshire Police,-0.470475,52.145448,On or near Salisbury Street,E01017497,Bedford 010A,Violence and sexual offences,Unable to prosecute suspect,
198c2ab5dae8612d07049fd2d8aa5097920dd3dae0b19cde6ebb9f25ec78cec6,2022-06,Bedfordshire Police,Bedfordshire Police,-0.468806,52.143412,On or near Foster Hill Road,E01017497,Bedford 010A,Violence and sexual offences,Unable to prosecute suspect,
20869d47a70e312e720ae9e1a9890f786025730a57d81fdd2dea66c0d3ec9040,2022-06,Bedfordshire Police,Bedfordshire Police,-0.470475,52.145448,On or near Salisbury Street,E01017497,Bedford 010A,Violence and sexual offences,Investigation complete; no suspect identified,
c45a61e5c304656a224f4d95d53f7d8876b05d97a7354c764b821dbb425544b3,2022-06,Bedfordshire Police,Bedfordshire Police,-0.470475,52.145448,On or near Salisbury Street,E01017497,Bedford 010A,Violence and sexual offences,Unable to prosecute suspect,
,2022-06,Bedfordshire Police,Bedfordshire Police,-0.471543,52.147125,On or near Park Road North,E01017498,Bedford 010B,Anti-social behaviour,,
c0fb64dd24c7c6cad53e522ae859fb59b707db663589a72547b240e8e441aade,2022-06,Bedfordshire Police,Bedfordshire Police,-0.471598,52.149346,On or near Wedgwood Road,E01017498,Bedford 010B,Burglary,Unable to prosecute suspect,
203accf0569312ed0a6faecb59652dc17c0efc984e66bdad080aefbb5380f07e,2022-06,Bedfordshire Police,Bedfordshire Police,-0.476773,52.147606,On or near Kneller Close,E01017498,Bedford 010B,Other theft,Investigation complete; no suspect identified,
dfd124202455ac6eb3afed2e1c2251b1375638e9557f9df170adbb1c332fd139,2022-06,Bedfordshire Police,Bedfordshire Police,-0.471481,52.147223,On or near Hill Rise,E01017498,Bedford 010B,Vehicle crime,Investigation complete; no suspect identified,
6145fb9c82e48e560051b192b1bcbcd4ecfc7770115e42bba51135ee0e75d830,2022-06,Bedfordshire Police,Bedfordshire Police,-0.472377,52.147954,On or near Ramsay Close,E01017498,Bedford 010B,Violence and sexual offences,Unable to prosecute suspect,
0fca04e61a9c19e49b5e960d550af3b2f08b12671bbc0480ecc849b66e849be0,2022-06,Bedfordshire Police,Bedfordshire Police,-0.472377,52.147954,On or near Ramsay Close,E01017498,Bedford 010B,Violence and sexual offences,Unable to prosecute suspect,
,2022-06,Bedfordshire Police,Bedfordshire Police,-0.487099,52.148683,On or near Paula Radcliffe Way,E01017499,Bedford 010C,Anti-social behaviour,,
,2022-06,Bedfordshire Police,Bedfordshire Police,-0.480373,52.144892,On or near Clapham Road,E01017499,Bedford 010C,Anti-social behaviour,,
110ef08998289c574025bf7923f418f7bbe9d6a2a6635bb2b9ca4fce2b486a60,2022-06,Bedfordshire Police,Bedfordshire Police,-0.483707,52.144863,On or near Byron Crescent,E01017499,Bedford 010C,Burglary,Investigation complete; no suspect identified,
570f88da76f9b52e37b7d61f9d3dc8e1cc2a9e47d64294e26276997079f974ac,2022-06,Bedfordshire Police,Bedfordshire Police,-0.486202,52.144122,On or near Sports/Recreation Area,E01017499,Bedford 010C,Criminal damage and arson,Investigation complete; no suspect identified,
58aa89e792182bd15ab6305ae727d832fec2b610a1112ce56729a8d108ee4904,2022-06,Bedfordshire Police,Bedfordshire Police,-0.485821,52.145430,On or near Petrol Station,E01017499,Bedford 010C,Public order,Unable to prosecute suspect,
4ccddeb78e0837ee99de648b887e981a762006283fa5d85b0cb85ffcb9584b74,2022-06,Bedfordshire Police,Bedfordshire Police,-0.485821,52.145430,On or near Petrol Station,E01017499,Bedford 010C,Shoplifting,Investigation complete; no suspect identified,
553bd29398dd694b3c43e7b7a975e3e2a0d08e3bd48a33a279e64e6e2b70360c,2022-06,Bedfordshire Police,Bedfordshire Police,-0.485821,52.145430,On or near Petrol Station,E01017499,Bedford 010C,Shoplifting,Investigation complete; no suspect identified,
d1e063d1ef44ed7f7a0567969ef6e39e2920f6dd4736eb2e9c12a83f9b5297b8,2022-06,Bedfordshire Police,Bedfordshire Police,-0.483389,52.141299,On or near Spenser Road,E01017499,Bedford 010C,Vehicle crime,Investigation complete; no suspect identified,
abc3200814c1af51f27b9a6b8ff5c1cda9f5b4c3d42d5a2da2ba375f6046adee,2022-06,Bedfordshire Police,Bedfordshire Police,-0.483514,52.143647,On or near Cowper Road,E01017499,Bedford 010C,Vehicle crime,Investigation complete; no suspect identified,
8547a6c8822713d76d1d205e3289823a996e1ef3f218f88518a8a3305d42482a,2022-06,Bedfordshire Police,Bedfordshire Police,-0.480373,52.144892,On or near Clapham Road,E01017499,Bedford 010C,Vehicle crime,Investigation complete; no suspect identified,
d4cc70c2e0f472367288683db2db72d05c007fe65193df19231cf17e040e226e,2022-06,Bedfordshire Police,Bedfordshire Police,-0.482538,52.140982,On or near Milton Road,E01017499,Bedford 010C,Violence and sexual offences,Unable to prosecute suspect,
bf64e799d05a1e642f0c7c6e00c809fdd84f3ac8febc06a10f5be4909cf19868,2022-06,Bedfordshire Police,Bedfordshire Police,-0.485821,52.145430,On or near Petrol Station,E01017499,Bedford 010C,Violence and sexual offences,Unable to prosecute suspect,
597caa0bbca4615cf6308d5a5b7a8ec46e9e17bb3ed836d20da173da5b99fdaa,2022-06,Bedfordshire Police,Bedfordshire Police,-0.481357,52.142630,On or near Shakespeare Road,E01017499,Bedford 010C,Violence and sexual offences,Formal action is not in the public interest,
32fd352f0c1f54acf3a0e680d29bcb36b21ef7ce1f2ff41ac22177c549fc3ea5,2022-06,Bedfordshire Police,Bedfordshire Police,-0.480373,52.144892,On or near Clapham Road,E01017499,Bedford 010C,Violence and sexual offences,Status update unavailable,
8d3ffb89cd7306c4eb725c744b7c933f256d7bfc232a3bfeb2e955430baf1fca,2022-06,Bedfordshire Police,Bedfordshire Police,-0.482344,52.141537,On or near Chaucer Road,E01017499,Bedford 010C,Violence and sexual offences,Unable to prosecute suspect,
3047061a2b6031a363648a81dec4292641469d01b347cce6f2879ec3ee757ee9,2022-06,Bedfordshire Police,Bedfordshire Police,-0.482344,52.141537,On or near Chaucer Road,E01017499,Bedford 010C,Violence and sexual offences,Unable to prosecute suspect,
,2022-06,Bedfordshire Police,Bedfordshire Police,-0.474493,52.142047,On or near A6,E01017500,Bedford 010D,Anti-social behaviour,,
,2022-06,Bedfordshire Police,Bedfordshire Police,-0.474493,52.142047,On or near A6,E01017500,Bedford 010D,Anti-social behaviour,,
,2022-06,Bedfordshire Police,Bedfordshire Police,-0.474493,52.142047,On or near A6,E01017500,Bedford 010D,Anti-social behaviour,,
1cb8fd39a09cfcabd4e6089219a577cd18125cad640af9a77b26ffaa1956bbfd,2022-06,Bedfordshire Police,Bedfordshire Police,-0.474493,52.142047,On or near A6,E01017500,Bedford 010D,Criminal damage and arson,Unable to prosecute suspect,
39afeb679d8b8545477098c98746da28c7acfef4d5ae8465dc8285a238b05a58,2022-06,Bedfordshire Police,Bedfordshire Police,-0.474493,52.142047,On or near A6,E01017500,Bedford 010D,Vehicle crime,Investigation complete; no suspect identified,
f9ded591b2ee64e9716dd4455864b574c59f65bdeb62c0bd7e5d02f8a633e81d,2022-06,Bedfordshire Police,Bedfordshire Police,-0.473193,52.143757,On or near Beaconsfield Street,E01017500,Bedford 010D,Violence and sexual offences,Investigation complete; no suspect identified,
fe2b8dbb4f134109fc19751b191fa3fd79ed9adf04300cb3a594b3c7a6344574,2022-06,Bedfordshire Police,Bedfordshire Police,-0.473686,52.143008,On or near Park Road West,E01017500,Bedford 010D,Violence and sexual offences,Unable to prosecute suspect,
a250d95b847772eec18211eb23440fd6f24692d1b3362f4ad0e8734d08998872,2022-06,Bedfordshire Police,Bedfordshire Police,-0.473686,52.143008,On or near Park Road West,E01017500,Bedford 010D,Violence and sexual offences,Unable to prosecute suspect,
,2022-06,Bedfordshire Police,Bedfordshire Police,-0.478111,52.142660,On or near Warwick Avenue,E01017501,Bedford 010E,Anti-social behaviour,,
53b1de2eb66d7f69d6ae9e62c58a0a66fe3a64f0a1fd7687a03a76a98ec27ea1,2022-06,Bedfordshire Police,Bedfordshire Police,-0.477301,52.141139,On or near Lansdowne Road,E01017501,Bedford 010E,Burglary,Investigation complete; no suspect identified,
dff9b9cd013340183f4ea9751db0d404d7c09b282da0ee9492845dd723cef6e2,2022-06,Bedfordshire Police,Bedfordshire Police,-0.477301,52.141139,On or near Lansdowne Road,E01017501,Bedford 010E,Burglary,Investigation complete; no suspect identified,
9186f70265519380b7d128b112555d8b03ffd2891400077f9d6b10c9babdf2ee,2022-06,Bedfordshire Police,Bedfordshire Police,-0.478111,52.142660,On or near Warwick Avenue,E01017501,Bedford 010E,Criminal damage and arson,Unable to prosecute suspect,
870fbccbf36a9bb525ce4da40ced0f2b95c5a98e4b4d4ff5e58ffe7664a7fe04,2022-06,Bedfordshire Police,Bedfordshire Police,-0.478111,52.142660,On or near Warwick Avenue,E01017501,Bedford 010E,Criminal damage and arson,Investigation complete; no suspect identified,
797248e60398f6d0348b7aecffa64b0633ad33c2ac5e29d76cd9c2275d31a997,2022-06,Bedfordshire Police,Bedfordshire Police,-0.478111,52.142660,On or near Warwick Avenue,E01017501,Bedford 010E,Other theft,Investigation complete; no suspect identified,
822ff60a56c8077abaf98219ceb9139a2621b2e90ad8eb4bc0aff8c40df0d464,2022-06,Bedfordshire Police,Bedfordshire Police,-0.477301,52.141139,On or near Lansdowne Road,E01017501,Bedford 010E,Vehicle crime,Investigation complete; no suspect identified,
ff5cc824eb6c09d0fc50bb7b7a9c2497974f21d258ee3a847dfa5a24f9018f54,2022-06,Bedfordshire Police,Bedfordshire Police,-0.478111,52.142660,On or near Warwick Avenue,E01017501,Bedford 010E,Violence and sexual offences,Unable to prosecute suspect,
0d06c4f6a6e3dfa16fe556ac364073d0f1d07d88119832f13bafbbcf13d42974,2022-06,Bedfordshire Police,Bedfordshire Police,-0.479337,52.141849,On or near Linden Road,E01017501,Bedford 010E,Violence and sexual offences,Unable to prosecute suspect,
a2343d6e6cfec78e16fe75cbf1efe35c201fd50b5b97f759f5501f755de91e1e,2022-06,Bedfordshire Police,Bedfordshire Police,-0.479337,52.141849,On or near Linden Road,E01017501,Bedford 010E,Violence and sexual offences,Investigation complete; no suspect identified,
123a61074db00ac93437d0afcb0caddd48363a7ff915fc7a9a561f82174a97a5,2022-06,Bedfordshire Police,Bedfordshire Police,-0.476742,52.139523,On or near Bromham Road,E01017501,Bedford 010E,Violence and sexual offences,Unable to prosecute suspect,
e938ea060931d35170852a18d510a1143bd3d16281b4310237e48b9345c116dc,2022-06,Bedfordshire Police,Bedfordshire Police,-0.478111,52.142660,On or near Warwick Avenue,E01017501,Bedford 010E,Violence and sexual offences,Unable to prosecute suspect,
9a8b23d95ccdce7470b6122274c844596889064b241e17b93239f9409c759f3c,2022-06,Bedfordshire Police,Bedfordshire Police,-0.478609,52.140922,On or near Sports/Recreation Area,E01017501,Bedford 010E,Violence and sexual offences,Unable to prosecute suspect,
e084b7888273070d1dcd57313bc9c3e13bcae4bed4f72f5212f50142918ee63b,2022-06,Bedfordshire Police,Bedfordshire Police,-0.478111,52.142660,On or near Warwick Avenue,E01017501,Bedford 010E,Violence and sexual offences,Unable to prosecute suspect,
dea00be6766da0ad2b7f6e0647940f9aefe2bf0448d5690a1dab97d32b237161,2022-06,Bedfordshire Police,Bedfordshire Police,-0.478111,52.142660,On or near Warwick Avenue,E01017501,Bedford 010E,Other crime,Unable to prosecute suspect,
,2022-06,Bedfordshire Police,Bedfordshire Police,-0.466850,52.138639,On or near The Broadway,E01017502,Bedford 010F,Anti-social behaviour,,
,2022-06,Bedfordshire Police,Bedfordshire Police,-0.466850,52.138639,On or near The Broadway,E01017502,Bedford 010F,Anti-social behaviour,,
,2022-06,Bedfordshire Police,Bedfordshire Police,-0.470685,52.141009,On or near Boswell Place,E01017502,Bedford 010F,Anti-social behaviour,,
,2022-06,Bedfordshire Police,Bedfordshire Police,-0.468587,52.139992,On or near Harpur Street,E01017502,Bedford 010F,Anti-social behaviour,,
,2022-06,Bedfordshire Police,Bedfordshire Police,-0.469650,52.140519,On or near Peel Street,E01017502,Bedford 010F,Anti-social behaviour,,
aa1230ae11bdafdb5bd5f9da1bf039212cca095832568355fe40eb36fab4e8c1,2022-06,Bedfordshire Police,Bedfordshire Police,-0.466850,52.138639,On or near The Broadway,E01017502,Bedford 010F,Bicycle theft,Investigation complete; no suspect identified,
d1a6255fc5364bbc9d3eaa37d0232220d2c858e8f9ffefda3cf49ffcec82adfe,2022-06,Bedfordshire Police,Bedfordshire Police,-0.474093,52.140927,On or near Tavistock Place,E01017502,Bedford 010F,Bicycle theft,Investigation complete; no suspect identified,
fd1505f615c1133a558c5613b9ace3366d4329654701e99b5e1a64940cdc7744,2022-06,Bedfordshire Police,Bedfordshire Police,-0.466850,52.138639,On or near The Broadway,E01017502,Bedford 010F,Burglary,Court result unavailable,
a1f250e794c6dd8baa0a223e697b1fcb5eeed24d1569c0ba4598d97438b7b5b2,2022-06,Bedfordshire Police,Bedfordshire Police,-0.471139,52.139720,On or near Adelaide Square,E01017502,Bedford 010F,Criminal damage and arson,Unable to prosecute suspect,
57c51f7404ec7736da1e0e4613d98dbc831537bb7f2fac132a606e490b1cc329,2022-06,Bedfordshire Police,Bedfordshire Police,-0.471361,52.140919,On or near Tavistock Street,E01017502,Bedford 010F,Criminal damage and arson,Investigation complete; no suspect identified,
3ad3e6b1f7c1f48550b49fedde6d02f7026df17878fc6ca28fbd768bc688b9d7,2022-06,Bedfordshire Police,Bedfordshire Police,-0.467557,52.139754,On or near The Broadway,E01017502,Bedford 010F,Criminal damage and arson,Unable to prosecute suspect,
51e24c2c6bbf2ead5b042be7b08ded0397c86cc6e4890d0190c5ab0285c2a4c6,2022-06,Bedfordshire Police,Bedfordshire Police,-0.471139,52.139720,On or near Adelaide Square,E01017502,Bedford 010F,Criminal damage and arson,Unable to prosecute suspect,
213a3625022bdc5ba541e2591853797d8ccbed48581b0f9d3d9aaa32d2f9f19c,2022-06,Bedfordshire Police,Bedfordshire Police,-0.471139,52.139720,On or near Adelaide Square,E01017502,Bedford 010F,Criminal damage and arson,Unable to prosecute suspect,
86e1285bdfadc0ce4c85847f6f6f067b40371f11ab8fbc7dce74d402c587d2d4,2022-06,Bedfordshire Police,Bedfordshire Police,-0.471139,52.139720,On or near Adelaide Square,E01017502,Bedford 010F,Criminal damage and arson,Unable to prosecute suspect,
73034b0a80d5741497cb7d3cedb270d5c6cab0a3a8c80634db2f8cd4773f1aab,2022-06,Bedfordshire Police,Bedfordshire Police,-0.470685,52.141009,On or near Boswell Place,E01017502,Bedford 010F,Drugs,Awaiting court outcome,
2019c176828bed2cd03473bde7ab06f29bc6d81bb1c1be328aac09fcbe4a6d84,2022-06,Bedfordshire Police,Bedfordshire Police,-0.466850,52.138639,On or near The Broadway,E01017502,Bedford 010F,Drugs,Court result unavailable,
478faa50d6d9c75630ca4b3dc1cd99783415eb987d828460a5de9c93f16ae504,2022-06,Bedfordshire Police,Bedfordshire Police,-0.470759,52.141837,On or near Queen Street,E01017502,Bedford 010F,Drugs,Court result unavailable,
19818732717baf6cd0ef9366664da33762996b6d1345cad3e126be30eb99594d,2022-06,Bedfordshire Police,Bedfordshire Police,-0.469650,52.140519,On or near Peel Street,E01017502,Bedford 010F,Other theft,Unable to prosecute suspect,
15b5485d21854ac7e13bd2a02d9029cccadd3df22baafa7781a0ed01d3338a41,2022-06,Bedfordshire Police,Bedfordshire Police,-0.469650,52.140519,On or near Peel Street,E01017502,Bedford 010F,Other theft,Investigation complete; no suspect identified,
21f2ac5cd6342ac8ea25260e1f1191f5b175ede7515e67e46b7b598166e06e0f,2022-06,Bedfordshire Police,Bedfordshire Police,-0.472755,52.142034,On or near Chandos Street,E01017502,Bedford 010F,Other theft,Investigation complete; no suspect identified,
5c3a5c7e25e54f03657be70f3181bbf9f236aad2dc510ef266c7934b248a4efb,2022-06,Bedfordshire Police,Bedfordshire Police,-0.470759,52.141837,On or near Queen Street,E01017502,Bedford 010F,Other theft,Investigation complete; no suspect identified,
4b4034c2eb1c1f8ef914e47c3394503007355826c4e64621457cd54a38d149b4,2022-06,Bedfordshire Police,Bedfordshire Police,-0.470685,52.141009,On or near Boswell Place,E01017502,Bedford 010F,Other theft,Investigation complete; no suspect identified,
da0ffe01a8458a5b8a369d940d655b7b53d05994fe4d0c23b1582d36b4467248,2022-06,Bedfordshire Police,Bedfordshire Police,-0.468473,52.138633,On or near Dame Alice Street,E01017502,Bedford 010F,Other theft,Investigation complete; no suspect identified,
f34edec09ad95434eb3f85bb4236c51fec98079572a9a201c58bd3b03a02bb83,2022-06,Bedfordshire Police,Bedfordshire Police,-0.468254,52.139476,On or near Balsall Street East,E01017502,Bedford 010F,Public order,Unable to prosecute suspect,
c314bb06578964ec957d7b4062cc5329cd2966be0b66fecce55755194cc0d0b0,2022-06,Bedfordshire Police,Bedfordshire Police,-0.466850,52.138639,On or near The Broadway,E01017502,Bedford 010F,Shoplifting,Investigation complete; no suspect identified,
4f3a72b760c85da08788768f5414900d501cd0e420f39e1f4283e2d7430d2054,2022-06,Bedfordshire Police,Bedfordshire Police,-0.466850,52.138639,On or near The Broadway,E01017502,Bedford 010F,Theft from the person,Investigation complete; no suspect identified,
da672aba4e75796fce87286911c084f4e4406d1fd1a6abd316172e7672fcd943,2022-06,Bedfordshire Police,Bedfordshire Police,-0.466850,52.138639,On or near The Broadway,E01017502,Bedford 010F,Theft from the person,Investigation complete; no suspect identified,
8598a86e56c571e23258f0a4394abe3bf13778244ce09f561e974ad94842b023,2022-06,Bedfordshire Police,Bedfordshire Police,-0.472755,52.142034,On or near Chandos Street,E01017502,Bedford 010F,Vehicle crime,Unable to prosecute suspect,
8cd6f6be88532b596b007a3acb884a8672dd1733badda408d49d06d768040759,2022-06,Bedfordshire Police,Bedfordshire Police,-0.471139,52.139720,On or near Adelaide Square,E01017502,Bedford 010F,Violence and sexual offences,Unable to prosecute suspect,
ce1be1a192ce363fff7e7ba1995fa7251673a05ef1095a4afea8915b428d2ea5,2022-06,Bedfordshire Police,Bedfordshire Police,-0.469650,52.140519,On or near Peel Street,E01017502,Bedford 010F,Violence and sexual offences,Unable to prosecute suspect,
9801825951283406b24d93f9dc9ccd9cb12e47eac715a6815406f464ff7ce19d,2022-06,Bedfordshire Police,Bedfordshire Police,-0.472755,52.142034,On or near Chandos Street,E01017502,Bedford 010F,Violence and sexual offences,Unable to prosecute suspect,
a11a6bc195f793ef9ebca10ed1b198b9c53ecd3d62d050f6322f5cf2207c761e,2022-06,Bedfordshire Police,Bedfordshire Police,-0.469650,52.140519,On or near Peel Street,E01017502,Bedford 010F,Violence and sexual offences,Unable to prosecute suspect,
434572ad842fd4764df377e661fb811097636e7b03b9da778e67f2c687776dfa,2022-06,Bedfordshire Police,Bedfordshire Police,-0.468587,52.139992,On or near Harpur Street,E01017502,Bedford 010F,Violence and sexual offences,Investigation complete; no suspect identified,
fee3d4915fa35beb6621dc55b5b86acf7cfc42a4937e115ab351e58cde15e6ff,2022-06,Bedfordshire Police,Bedfordshire Police,-0.471139,52.139720,On or near Adelaide Square,E01017502,Bedford 010F,Violence and sexual offences,Unable to prosecute suspect,
9c5a3870a2c461b2ce2b24bdd0583a1ee375a29b81b27ccadd8d745d1e23ce82,2022-06,Bedfordshire Police,Bedfordshire Police,-0.469650,52.140519,On or near Peel Street,E01017502,Bedford 010F,Violence and sexual offences,Unable to prosecute suspect,
61c66ea70dd147007b04c12ae57171c0c21d0ade69627a8101533887d50ff4ea,2022-06,Bedfordshire Police,Bedfordshire Police,-0.472954,52.139213,On or near Bromham Road,E01017502,Bedford 010F,Violence and sexual offences,Status update unavailable,
a64beb4a43657b494559effaf4e2510e9afd06d2545178024a717783f6bba213,2022-06,Bedfordshire Police,Bedfordshire Police,-0.470685,52.141009,On or near Boswell Place,E01017502,Bedford 010F,Violence and sexual offences,Unable to prosecute suspect,
fcfc78b168128078f49378ea6731a0d773f9e3c31a370ee037f7a6da805d0769,2022-06,Bedfordshire Police,Bedfordshire Police,-0.471139,52.139720,On or near Adelaide Square,E01017502,Bedford 010F,Violence and sexual offences,Unable to prosecute suspect,
425a9b6f69708e59b3926030aeb349315ac8867a276d9715ca533770be9d8d1f,2022-06,Bedfordshire Police,Bedfordshire Police,-0.471139,52.139720,On or near Adelaide Square,E01017502,Bedford 010F,Violence and sexual offences,Status update unavailable,
0e45df94cfafd106b0579412f851133a1878feab0ee39336b404a9738b7add68,2022-06,Bedfordshire Police,Bedfordshire Police,-0.472755,52.142034,On or near Chandos Street,E01017502,Bedford 010F,Violence and sexual offences,Unable to prosecute suspect,
62ad84dc93a3c5ca322388dd84abc4d1d31826d6960c1fef79b858d418887044,2022-06,Bedfordshire Police,Bedfordshire Police,-0.468587,52.139992,On or near Harpur Street,E01017502,Bedford 010F,Violence and sexual offences,Local resolution,
68cedcbc2583056e4f2c91b4f3314e725f5926fc97ddd64684fa5a9dda703695,2022-06,Bedfordshire Police,Bedfordshire Police,-0.471139,52.139720,On or near Adelaide Square,E01017502,Bedford 010F,Violence and sexual offences,Status update unavailable,
2a9a86852887beaba6dc7610baf63175d1bc2d3c53521bc5b80b475fcdf35b4b,2022-06,Bedfordshire Police,Bedfordshire Police,-0.471139,52.139720,On or near Adelaide Square,E01017502,Bedford 010F,Violence and sexual offences,Action to be taken by another organisation,
e5fda1b663a7ce60fe3608f977490adfa774e1b969a94d698eb0f9e5b6e33d31,2022-06,Bedfordshire Police,Bedfordshire Police,-0.468587,52.139992,On or near Harpur Street,E01017502,Bedford 010F,Violence and sexual offences,Unable to prosecute suspect,
ef231248a34b3324affb18e2bdbbd5bc090c93a7ed71cacebf7139532737a2ab,2022-06,Bedfordshire Police,Bedfordshire Police,-0.471139,52.139720,On or near Adelaide Square,E01017502,Bedford 010F,Violence and sexual offences,Unable to prosecute suspect,
5e1281a88c2d2538aec05b99dff5d4d61b69e2a45b3a81047d38f484d0bf6bfc,2022-06,Bedfordshire Police,Bedfordshire Police,-0.468473,52.138633,On or near Dame Alice Street,E01017502,Bedford 010F,Violence and sexual offences,Unable to prosecute suspect,
d866d80d5b7aec305d3f4dac9f9d5dbe84d0b0e6a412572fbc72be5110b37654,2022-06,Bedfordshire Police,Bedfordshire Police,-0.471139,52.139720,On or near Adelaide Square,E01017502,Bedford 010F,Violence and sexual offences,Unable to prosecute suspect,
2dd7cda2841e17ad8a340e99eae634b5e9d7ca370dd57b15cb16c2af9f531c15,2022-06,Bedfordshire Police,Bedfordshire Police,-0.471139,52.139720,On or near Adelaide Square,E01017502,Bedford 010F,Violence and sexual offences,Awaiting court outcome,
17aa7221c6b901970294e9003f28017688013c4cd3f28c6a9efdc5016a15cb91,2022-06,Bedfordshire Police,Bedfordshire Police,-0.471139,52.139720,On or near Adelaide Square,E01017502,Bedford 010F,Violence and sexual offences,Unable to prosecute suspect,
0c01fee4e4c36a1ddebae959dfa253d960d3ac6d351f5e73b536848d6dc92f41,2022-06,Bedfordshire Police,Bedfordshire Police,-0.470759,52.141837,On or near Queen Street,E01017502,Bedford 010F,Violence and sexual offences,Unable to prosecute suspect,
acd01476f63070ca1cd4e48d4bed0ec9102a2f2d1e44cff35605275e9a3b469b,2022-06,Bedfordshire Police,Bedfordshire Police,-0.471139,52.139720,On or near Adelaide Square,E01017502,Bedford 010F,Violence and sexual offences,Unable to prosecute suspect,
ac3cfd304d4fdbe587b692eda2d1dc5e4f41ef4c8db765fba3f725a442e98491,2022-06,Bedfordshire Police,Bedfordshire Police,-0.469650,52.140519,On or near Peel Street,E01017502,Bedford 010F,Violence and sexual offences,Unable to prosecute suspect,
23aa14ebc669157b72f8bd63a3f88511898ee1d8856232fa92af618999a9feac,2022-06,Bedfordshire Police,Bedfordshire Police,-0.471139,52.139720,On or near Adelaide Square,E01017502,Bedford 010F,Other crime,Unable to prosecute suspect,
7ac91994cab591a9411d08156182ed47135be8f5d9d38b6b29fa8c56d18f24e7,2022-06,Bedfordshire Police,Bedfordshire Police,-0.471139,52.139720,On or near Adelaide Square,E01017502,Bedford 010F,Other crime,Action to be taken by another organisation,
,2022-06,Bedfordshire Police,Bedfordshire Police,-0.443338,52.138664,On or near Petrol Station,E01017524,Bedford 011A,Anti-social behaviour,,
4d73f6ff7d84a1b46eb608a89a1f9ecda1bf0cfdfee5869b53c3fb715c14f9e1,2022-06,Bedfordshire Police,Bedfordshire Police,-0.439157,52.139957,On or near Risborough Road,E01017524,Bedford 011A,Bicycle theft,Investigation complete; no suspect identified,
4240676113273e7ae50c1716b6b9c0f26e3f8180a4bd94062b40f77d669bf6d7,2022-06,Bedfordshire Police,Bedfordshire Police,-0.444600,52.138087,On or near Castle Road,E01017524,Bedford 011A,Criminal damage and arson,Investigation complete; no suspect identified,
0c0908197f11f686b4c5361f5e7b5d24f8c58c97a3bf603c0cb09167565f6bfa,2022-06,Bedfordshire Police,Bedfordshire Police,-0.439157,52.139957,On or near Risborough Road,E01017524,Bedford 011A,Other theft,Investigation complete; no suspect identified,
9dddd1a5c433ebf2e526519a7543deb397dc5c1cfccc31ba31831fdd9c22a39e,2022-06,Bedfordshire Police,Bedfordshire Police,-0.443791,52.139488,On or near Dean Street,E01017524,Bedford 011A,Public order,Unable to prosecute suspect,
d3eed67238fe15cbec1d21936695ed0a3fc2c2e6a8f156901a021eda306cb6b4,2022-06,Bedfordshire Police,Bedfordshire Police,-0.444051,52.138763,On or near Rosamond Road,E01017524,Bedford 011A,Public order,Investigation complete; no suspect identified,
f1eceb3b4ed7b0839d8b128a91074854dfbe02f25bb524235a9fdead3deb83ed,2022-06,Bedfordshire Police,Bedfordshire Police,-0.437587,52.133463,On or near Maia Close,E01017524,Bedford 011A,Vehicle crime,Investigation complete; no suspect identified,
52504c4e195d7932974c457ff0df6e012996802786d843064e9601f3804deea7,2022-06,Bedfordshire Police,Bedfordshire Police,-0.437967,52.141407,On or near Brookfield Road,E01017524,Bedford 011A,Vehicle crime,Investigation complete; no suspect identified,
aa1d068700ecb4bf2241bccc43dda3cd9e669544626c5bb0b92f9724fefa4d45,2022-06,Bedfordshire Police,Bedfordshire Police,-0.437587,52.133463,On or near Maia Close,E01017524,Bedford 011A,Vehicle crime,Investigation complete; no suspect identified,
021fadf80a5fcc1256a8b64ae754275feaddcfcc0da5c916a69e697174872177,2022-06,Bedfordshire Police,Bedfordshire Police,-0.443712,52.135054,On or near Sports/Recreation Area,E01017524,Bedford 011A,Vehicle crime,Investigation complete; no suspect identified,
14ed36d1073c0777bf4a56331e0c92f049ae3bbb7f5d65eb815069a8a6a25a77,2022-06,Bedfordshire Police,Bedfordshire Police,-0.437967,52.141407,On or near Brookfield Road,E01017524,Bedford 011A,Violence and sexual offences,Unable to prosecute suspect,
922405f36c7c7944ad3d1d4fa6eda04cef829ab1d124ed16fb84ee4b10ad587a,2022-06,Bedfordshire Police,Bedfordshire Police,-0.437833,52.139382,On or near Wendover Drive,E01017524,Bedford 011A,Violence and sexual offences,Unable to prosecute suspect,
,2022-06,Bedfordshire Police,Bedfordshire Police,-0.435015,52.136809,On or near Kimble Drive,E01017525,Bedford 011B,Anti-social behaviour,,
,2022-06,Bedfordshire Police,Bedfordshire Police,-0.434707,52.138945,On or near Harpenden Close,E01017525,Bedford 011B,Anti-social behaviour,,
,2022-06,Bedfordshire Police,Bedfordshire Police,-0.435015,52.136809,On or near Kimble Drive,E01017525,Bedford 011B,Anti-social behaviour,,
ae5c695d957e3d1be08660d58c18713531eccc3e43f8d2fb9c28563efca36083,2022-06,Bedfordshire Police,Bedfordshire Police,-0.434707,52.138945,On or near Harpenden Close,E01017525,Bedford 011B,Vehicle crime,Investigation complete; no suspect identified,
9911989c9e50be27b0df8e85d054f5fcf622e39a6063588d7da508832cfa375b,2022-06,Bedfordshire Police,Bedfordshire Police,-0.434707,52.138945,On or near Harpenden Close,E01017525,Bedford 011B,Vehicle crime,Investigation complete; no suspect identified,
db89833dd98457b4d4c3d76a4ea69c48513587badc1f73f6244bcfe6fc59c0bf,2022-06,Bedfordshire Police,Bedfordshire Police,-0.433553,52.136430,On or near Barker'S Lane,E01017525,Bedford 011B,Violence and sexual offences,Unable to prosecute suspect,
c0e900d0747e1a9590da85dd5f5f289f0b36951588191321c0bf2d6e7d917f0c,2022-06,Bedfordshire Police,Bedfordshire Police,-0.434707,52.138945,On or near Harpenden Close,E01017525,Bedford 011B,Violence and sexual offences,Investigation complete; no suspect identified,
84b28775bfea4b5979fe18244a595b8dc0cdb57ba11f70c52edc01b71880b9bc,2022-06,Bedfordshire Police,Bedfordshire Police,-0.433553,52.136430,On or near Barker'S Lane,E01017525,Bedford 011B,Violence and sexual offences,Unable to prosecute suspect,
,2022-06,Bedfordshire Police,Bedfordshire Police,-0.428224,52.135469,On or near Lindisfarne Priory,E01017526,Bedford 011C,Anti-social behaviour,,
b39a74c9dbeaa0cefe2c0dc395d30c8956830aeb5c0c5dadfd32c22fbb934741,2022-06,Bedfordshire Police,Bedfordshire Police,-0.431650,52.138617,On or near Coles Close,E01017526,Bedford 011C,Violence and sexual offences,Unable to prosecute suspect,
1dd9343d5f3aab2d2bca3a45f3f253d2b250b6045b20bf56ca9761bba09680f5,2022-06,Bedfordshire Police,Bedfordshire Police,-0.432978,52.136162,On or near Malmesbury Abbey,E01017526,Bedford 011C,Violence and sexual offences,Investigation complete; no suspect identified,
a797c864e9dc6ac7ff50128cc76777010b5da8110d3910b761b0644a14ee9f64,2022-06,Bedfordshire Police,Bedfordshire Police,-0.428887,52.137402,On or near Torre Abbey,E01017526,Bedford 011C,Violence and sexual offences,Action to be taken by another organisation,
,2022-06,Bedfordshire Police,Bedfordshire Police,-0.431891,52.141731,On or near Sandy Road,E01017527,Bedford 011D,Anti-social behaviour,,
,2022-06,Bedfordshire Police,Bedfordshire Police,-0.431891,52.141731,On or near Sandy Road,E01017527,Bedford 011D,Anti-social behaviour,,
,2022-06,Bedfordshire Police,Bedfordshire Police,-0.426331,52.141091,On or near Heather Gardens,E01017527,Bedford 011D,Anti-social behaviour,,
,2022-06,Bedfordshire Police,Bedfordshire Police,-0.428447,52.131201,On or near Park/Open Space,E01017527,Bedford 011D,Anti-social behaviour,,
,2022-06,Bedfordshire Police,Bedfordshire Police,-0.431891,52.141731,On or near Sandy Road,E01017527,Bedford 011D,Anti-social behaviour,,
,2022-06,Bedfordshire Police,Bedfordshire Police,-0.427146,52.142441,On or near Chapel Close,E01017527,Bedford 011D,Anti-social behaviour,,
9d266913cbead58883719ba469a7f3d4b9f960e8a503011e2fb6ccc137827164,2022-06,Bedfordshire Police,Bedfordshire Police,-0.425441,52.139397,On or near Warden Abbey,E01017527,Bedford 011D,Burglary,Unable to prosecute suspect,
c06d3d3700a2145e525e7aadd71655dac2c75cafd7f8ee42a3a60df892dfd9a1,2022-06,Bedfordshire Police,Bedfordshire Police,-0.426331,52.141091,On or near Heather Gardens,E01017527,Bedford 011D,Drugs,Local resolution,
2a729e48906f71acc5e1f688b537b5fdfa3c5dd5870987e020934288ba1bf810,2022-06,Bedfordshire Police,Bedfordshire Police,-0.426331,52.141091,On or near Heather Gardens,E01017527,Bedford 011D,Drugs,Local resolution,
aec0a18e0b0fe282ec457cf967aa1c89c274148da6d32397f5adfe8f0120e9b8,2022-06,Bedfordshire Police,Bedfordshire Police,-0.424653,52.140610,On or near Bryony Close,E01017527,Bedford 011D,Other theft,Investigation complete; no suspect identified,
a00dcab91a7957172d714d4d5b5a2aa2438b2fdc11b641df5ad72f07223d72a0,2022-06,Bedfordshire Police,Bedfordshire Police,-0.426331,52.141091,On or near Heather Gardens,E01017527,Bedford 011D,Other theft,Investigation complete; no suspect identified,
e7e772a307d411184ff9cfaf4a858130ce103b768ed89b7260ff29b04523a0d0,2022-06,Bedfordshire Police,Bedfordshire Police,-0.408123,52.148057,On or near St Neots Road,E01017527,Bedford 011D,Other theft,Investigation complete; no suspect identified,
bf74087d4f49577893437d1a20b9215937f6436c2bcea78a18d0cecea1dc8425,2022-06,Bedfordshire Police,Bedfordshire Police,-0.426331,52.141091,On or near Heather Gardens,E01017527,Bedford 011D,Other theft,Investigation complete; no suspect identified,
3e654186faed194b6373e900e41ad093a79ed4f0f8a6ecaf1ad1f9af93511fff,2022-06,Bedfordshire Police,Bedfordshire Police,-0.424653,52.140610,On or near Bryony Close,E01017527,Bedford 011D,Other theft,Investigation complete; no suspect identified,
55bd6d07f83247af34bebd84b1bcc2637f6a8c4a0b1e67d77693208e9d3f63d8,2022-06,Bedfordshire Police,Bedfordshire Police,-0.423820,52.144734,On or near Bury Walk,E01017527,Bedford 011D,Public order,Investigation complete; no suspect identified,
afd824cb6ba5aeba5cb10d16b41843ec360fd4a5d588e8cb4f790c2e7a2d5dde,2022-06,Bedfordshire Police,Bedfordshire Police,-0.426331,52.141091,On or near Heather Gardens,E01017527,Bedford 011D,Public order,Investigation complete; no suspect identified,
fe79335437218b810515d1b7c022906913752165b23b20fa5af3eb90db4ebba2,2022-06,Bedfordshire Police,Bedfordshire Police,-0.426331,52.141091,On or near Heather Gardens,E01017527,Bedford 011D,Public order,Investigation complete; no suspect identified,
c8f3f3e8f2499e57dd4b84bfc5d1c599b52bb625736d318b958e416255764f31,2022-06,Bedfordshire Police,Bedfordshire Police,-0.431891,52.141731,On or near Sandy Road,E01017527,Bedford 011D,Public order,Investigation complete; no suspect identified,
7df3254fd8d06dde902496a81f9fa9347b556ed62eb9af8ca2bf66e06a04c3a6,2022-06,Bedfordshire Police,Bedfordshire Police,-0.425637,52.143770,On or near Goldington Road,E01017527,Bedford 011D,Public order,Unable to prosecute suspect,
ad9b01e7f36eb7955758c67be2da027d99fddd65cb84c8124d4078f630771e67,2022-06,Bedfordshire Police,Bedfordshire Police,-0.424653,52.140610,On or near Bryony Close,E01017527,Bedford 011D,Public order,Unable to prosecute suspect,
b8689d1ad58b975c62562868d2c2348683b25258fe91a4245a388a0adc5a2607,2022-06,Bedfordshire Police,Bedfordshire Police,-0.426331,52.141091,On or near Heather Gardens,E01017527,Bedford 011D,Public order,Unable to prosecute suspect,
fa9a6bb9547dedc27c94c686b4e123a64420db738f18c66f41153e16ed522187,2022-06,Bedfordshire Police,Bedfordshire Police,-0.430245,52.140738,On or near Chinnor Close,E01017527,Bedford 011D,Vehicle crime,Investigation complete; no suspect identified,
747991526b27d2abee3f54c4dd7e398c1bb66586bb6a29e5f66a8281fef78979,2022-06,Bedfordshire Police,Bedfordshire Police,-0.431891,52.141731,On or near Sandy Road,E01017527,Bedford 011D,Violence and sexual offences,Unable to prosecute suspect,
04c526f01c1bea056bf8d9e382392dfb8dd2dcab77c21468547d811b9a1cbb9d,2022-06,Bedfordshire Police,Bedfordshire Police,-0.431891,52.141731,On or near Sandy Road,E01017527,Bedford 011D,Violence and sexual offences,Awaiting court outcome,
b6b00aa32a34e20f4d2ac658b77bd5be011ab92b36b642b7556d5767bb8b2189,2022-06,Bedfordshire Police,Bedfordshire Police,-0.433771,52.131056,On or near Park/Open Space,E01017527,Bedford 011D,Violence and sexual offences,Investigation complete; no suspect identified,
e37e0e65a77603ceaa049e1ea56b4e951128b004dd15c51463513d21793a6885,2022-06,Bedfordshire Police,Bedfordshire Police,-0.431891,52.141731,On or near Sandy Road,E01017527,Bedford 011D,Violence and sexual offences,Unable to prosecute suspect,
4280671c1da9a716ff978b1d5b75de3d33e09c3f75b7a14aad0c1c399dcbe6ac,2022-06,Bedfordshire Police,Bedfordshire Police,-0.427146,52.142441,On or near Chapel Close,E01017527,Bedford 011D,Violence and sexual offences,Unable to prosecute suspect,
5c75dc5fb1cc105688f42e52c95ee784648b6b3297ce0f51dedbd2d85e83d08b,2022-06,Bedfordshire Police,Bedfordshire Police,-0.433771,52.131056,On or near Park/Open Space,E01017527,Bedford 011D,Violence and sexual offences,Investigation complete; no suspect identified,
,2022-06,Bedfordshire Police,Bedfordshire Police,-0.470498,52.134964,On or near A6,E01017466,Bedford 012A,Anti-social behaviour,,
,2022-06,Bedfordshire Police,Bedfordshire Police,-0.471544,52.134294,On or near Heron Quay,E01017466,Bedford 012A,Anti-social behaviour,,
,2022-06,Bedfordshire Police,Bedfordshire Police,-0.469781,52.137140,On or near Shopping Area,E01017466,Bedford 012A,Anti-social behaviour,,
,2022-06,Bedfordshire Police,Bedfordshire Police,-0.473421,52.135784,On or near Midland Road,E01017466,Bedford 012A,Anti-social behaviour,,
,2022-06,Bedfordshire Police,Bedfordshire Police,-0.469700,52.138209,On or near St Loyes Street,E01017466,Bedford 012A,Anti-social behaviour,,
,2022-06,Bedfordshire Police,Bedfordshire Police,-0.469610,52.137866,On or near Dane Street,E01017466,Bedford 012A,Anti-social behaviour,,
,2022-06,Bedfordshire Police,Bedfordshire Police,-0.472533,52.133983,On or near Poulter Close,E01017466,Bedford 012A,Anti-social behaviour,,
,2022-06,Bedfordshire Police,Bedfordshire Police,-0.473690,52.133918,On or near Prebend Street,E01017466,Bedford 012A,Anti-social behaviour,,
,2022-06,Bedfordshire Police,Bedfordshire Police,-0.470498,52.134964,On or near A6,E01017466,Bedford 012A,Anti-social behaviour,,
,2022-06,Bedfordshire Police,Bedfordshire Police,-0.473036,52.135087,On or near Battison Street,E01017466,Bedford 012A,Anti-social behaviour,,
,2022-06,Bedfordshire Police,Bedfordshire Police,-0.470498,52.134964,On or near A6,E01017466,Bedford 012A,Anti-social behaviour,,
,2022-06,Bedfordshire Police,Bedfordshire Police,-0.472321,52.135078,On or near Maitland Street,E01017466,Bedford 012A,Anti-social behaviour,,
,2022-06,Bedfordshire Police,Bedfordshire Police,-0.471544,52.134294,On or near Heron Quay,E01017466,Bedford 012A,Anti-social behaviour,,
,2022-06,Bedfordshire Police,Bedfordshire Police,-0.472489,52.134432,On or near Commercial Road,E01017466,Bedford 012A,Anti-social behaviour,,
,2022-06,Bedfordshire Police,Bedfordshire Police,-0.473421,52.135784,On or near Midland Road,E01017466,Bedford 012A,Anti-social behaviour,,
,2022-06,Bedfordshire Police,Bedfordshire Police,-0.468839,52.137757,On or near Parking Area,E01017466,Bedford 012A,Anti-social behaviour,,
a25bdebb67016b0d260c1367e0ad96e8a3e357886bffe661b54b145fede0d26f,2022-06,Bedfordshire Police,Bedfordshire Police,-0.468839,52.137757,On or near Parking Area,E01017466,Bedford 012A,Bicycle theft,Unable to prosecute suspect,
c3f22d2d13e7123e95d032c59b08483a0a4b17c18628a31b7fab6ec2ab1d8f0e,2022-06,Bedfordshire Police,Bedfordshire Police,-0.470832,52.135436,On or near Parking Area,E01017466,Bedford 012A,Bicycle theft,Investigation complete; no suspect identified,
fd19c95c2de8fcde977f7a3c85cf6f592ea3f1b47ffb3b3dabaf618cea31290b,2022-06,Bedfordshire Police,Bedfordshire Police,-0.468839,52.137757,On or near Parking Area,E01017466,Bedford 012A,Burglary,Investigation complete; no suspect identified,
390282e0c3c3b6f8cba785cd6d84af0d994209c9f433fac717e39eee1c8b8677,2022-06,Bedfordshire Police,Bedfordshire Police,-0.475106,52.136525,On or near Alexandra Road,E01017466,Bedford 012A,Burglary,Unable to prosecute suspect,
500bb601a6b5de5ebce117e60b1f30489158a17d8eb9482a40611ec118a74275,2022-06,Bedfordshire Police,Bedfordshire Police,-0.469700,52.138209,On or near St Loyes Street,E01017466,Bedford 012A,Burglary,Investigation complete; no suspect identified,
e0dafd3d1672188613b80118506d1943f5c78cc8038522cc28074a676936dbb6,2022-06,Bedfordshire Police,Bedfordshire Police,-0.476930,52.136585,On or near Gibbons Road,E01017466,Bedford 012A,Criminal damage and arson,Unable to prosecute suspect,
f667a9400db7314febf79703d0d714f4c1834cf34129ecc152ffabd77ff7f56c,2022-06,Bedfordshire Police,Bedfordshire Police,-0.475106,52.136525,On or near Alexandra Road,E01017466,Bedford 012A,Criminal damage and arson,Investigation complete; no suspect identified,
a5de7bf207242c3b09e10f21ee5b3347006d9341d15931afe8d7c754c778ed4d,2022-06,Bedfordshire Police,Bedfordshire Police,-0.475198,52.135537,On or near Nightclub,E01017466,Bedford 012A,Criminal damage and arson,Investigation complete; no suspect identified,
352184f385593a36e827d4b1bbca2bd5145ee8e670c9ee02bae485dac9e717e1,2022-06,Bedfordshire Police,Bedfordshire Police,-0.473690,52.133918,On or near Prebend Street,E01017466,Bedford 012A,Criminal damage and arson,Investigation complete; no suspect identified,
fee9cf85f40552314aa0186c1d4ba7051e934987fa78b29a8060fe1bcb69702c,2022-06,Bedfordshire Police,Bedfordshire Police,-0.470498,52.134964,On or near A6,E01017466,Bedford 012A,Drugs,Local resolution,
70dba9afac40e76ad24d53da009eb171cec8a89845f8ff0ce19a0bf8a5e139c3,2022-06,Bedfordshire Police,Bedfordshire Police,-0.475198,52.135537,On or near Nightclub,E01017466,Bedford 012A,Drugs,Unable to prosecute suspect,
5dde2dc37bedf85d24936ea5aacc185aca879cd32aeca6741cdfa28b95216162,2022-06,Bedfordshire Police,Bedfordshire Police,-0.470498,52.134964,On or near A6,E01017466,Bedford 012A,Drugs,Status update unavailable,
880a146ce81c3fdf199460c578ffb16ddb3afdb54fc86d8feca8495837b83c70,2022-06,Bedfordshire Police,Bedfordshire Police,-0.469276,52.135668,On or near Shopping Area,E01017466,Bedford 012A,Other theft,Unable to prosecute suspect,
66068c14671753598ca766ed3a749de64b5ca772bfaf9eb65d76f783e364fc4e,2022-06,Bedfordshire Police,Bedfordshire Police,-0.474140,52.136126,On or near Church Street,E01017466,Bedford 012A,Other theft,Unable to prosecute suspect,
d97fe7a48ab41ce1bf3bcdb694228bf03d429ffe5a58bdeb7499818426e3cee2,2022-06,Bedfordshire Police,Bedfordshire Police,-0.469700,52.138209,On or near St Loyes Street,E01017466,Bedford 012A,Other theft,Investigation complete; no suspect identified,
f5d2f8813461fe57f719a64d0736b2067e09879882c728c11091f87cfb393446,2022-06,Bedfordshire Police,Bedfordshire Police,-0.470498,52.134964,On or near A6,E01017466,Bedford 012A,Other theft,Investigation complete; no suspect identified,
56893227a4aef51404157c6e25209f1fa519e70a94e7e21d54e2478e4d91ef34,2022-06,Bedfordshire Police,Bedfordshire Police,-0.472489,52.134432,On or near Commercial Road,E01017466,Bedford 012A,Other theft,Investigation complete; no suspect identified,
fca7de8946847a1b63c02c99de7165b58c55be5ffee3ad429aac7a4e2638cf70,2022-06,Bedfordshire Police,Bedfordshire Police,-0.471690,52.136850,On or near Saffron Close,E01017466,Bedford 012A,Other theft,Investigation complete; no suspect identified,
1e3fb8d7cb8a2b436d03521eb26fa989491ff66cd818b8f846eaa85e91c4a1ef,2022-06,Bedfordshire Police,Bedfordshire Police,-0.475198,52.135537,On or near Nightclub,E01017466,Bedford 012A,Possession of weapons,Court result unavailable,
1a86f82c144068e1758d3060e23a8d4b533fc951a76abd0c7b0a0edcdd12bdec,2022-06,Bedfordshire Police,Bedfordshire Police,-0.469700,52.138209,On or near St Loyes Street,E01017466,Bedford 012A,Possession of weapons,Unable to prosecute suspect,
6655268cd1f70a73f238aeb015baaadb9b5f420624c99682712a9f3a8f57a11c,2022-06,Bedfordshire Police,Bedfordshire Police,-0.475198,52.135537,On or near Nightclub,E01017466,Bedford 012A,Possession of weapons,Unable to prosecute suspect,
edede7f99c4648cf0bf3d67e5e3230e56091f5368803a2202622986ad66327b9,2022-06,Bedfordshire Police,Bedfordshire Police,-0.471161,52.135647,On or near River Street,E01017466,Bedford 012A,Possession of weapons,Unable to prosecute suspect,
1239d9c181b2fffaa7638ec42e3689783a522307e3b8df269469e89fe2243522,2022-06,Bedfordshire Police,Bedfordshire Police,-0.471161,52.135647,On or near River Street,E01017466,Bedford 012A,Possession of weapons,Status update unavailable,
00dff13a30fc669ad98dbd2ffbfdfd51b00ac104597eb27f99fdfb6ce575a585,2022-06,Bedfordshire Police,Bedfordshire Police,-0.475106,52.136525,On or near Alexandra Road,E01017466,Bedford 012A,Public order,Investigation complete; no suspect identified,
03035e42215108cbc33500229304b21f73f398eaef6437905688a076a886e480,2022-06,Bedfordshire Police,Bedfordshire Police,-0.470498,52.134964,On or near A6,E01017466,Bedford 012A,Public order,Unable to prosecute suspect,
eecfde6227fb894d04c86b67983561c5610de8bb8b22d6de14173b388cc14740,2022-06,Bedfordshire Police,Bedfordshire Police,-0.475198,52.135537,On or near Nightclub,E01017466,Bedford 012A,Public order,Unable to prosecute suspect,
e37e80e5ddfee9e7748a533b81275accd4d8520ed535f3ec2ad0f65858b8ec40,2022-06,Bedfordshire Police,Bedfordshire Police,-0.475198,52.135537,On or near Nightclub,E01017466,Bedford 012A,Public order,Unable to prosecute suspect,
0490b624903389fa07e930da1cb8cb1a6966e79d2a7a6336b1061cd16eb55207,2022-06,Bedfordshire Police,Bedfordshire Police,-0.471690,52.136850,On or near Saffron Close,E01017466,Bedford 012A,Public order,Unable to prosecute suspect,
7a31668b821599cc5835435d681e790bf8644e3ca7a182b91d521c7622ec366f,2022-06,Bedfordshire Police,Bedfordshire Police,-0.476930,52.136585,On or near Gibbons Road,E01017466,Bedford 012A,Public order,Unable to prosecute suspect,
385a2bd0dc3da636b95703964177750a842fba71ae5a87b62384a88a44b25e64,2022-06,Bedfordshire Police,Bedfordshire Police,-0.471928,52.135450,On or near Costin Street,E01017466,Bedford 012A,Public order,Investigation complete; no suspect identified,
46440177c1949f5197d2f2cb64f6690221c1c50184acff2db744ba4f764183a1,2022-06,Bedfordshire Police,Bedfordshire Police,-0.470832,52.135436,On or near Parking Area,E01017466,Bedford 012A,Public order,Investigation complete; no suspect identified,
1d460b2dd00437756062d1eb318f185f30d71355c48cc829c09a73416a6eb9d0,2022-06,Bedfordshire Police,Bedfordshire Police,-0.469781,52.137140,On or near Shopping Area,E01017466,Bedford 012A,Public order,Investigation complete; no suspect identified,
7486371f65b44ed7779d1a0721de182ec6cee2f6b4a1be91c57940de6f705167,2022-06,Bedfordshire Police,Bedfordshire Police,-0.475106,52.136525,On or near Alexandra Road,E01017466,Bedford 012A,Public order,Unable to prosecute suspect,
aef2aa32c2054b369a98436f5034685a881c0ac5c71935e00edaad1996ee51be,2022-06,Bedfordshire Police,Bedfordshire Police,-0.471161,52.135647,On or near River Street,E01017466,Bedford 012A,Public order,Unable to prosecute suspect,
a9e8e1dd2beb0c9c442759bc8b06d8333f02695b47b4296dab728e30676fdf1d,2022-06,Bedfordshire Police,Bedfordshire Police,-0.470498,52.134964,On or near A6,E01017466,Bedford 012A,Public order,Investigation complete; no suspect identified,
26ebe13608474690d9d682a10dc8d5b4d8eeb0fde96a2d521c68d4751019a41d,2022-06,Bedfordshire Police,Bedfordshire Police,-0.476930,52.136585,On or near Gibbons Road,E01017466,Bedford 012A,Public order,Unable to prosecute suspect,
bfa06d33fe51c394d7c5cef80dbc844070707d368d26f708ad089d7ba72cf08b,2022-06,Bedfordshire Police,Bedfordshire Police,-0.471928,52.135450,On or near Costin Street,E01017466,Bedford 012A,Public order,Investigation complete; no suspect identified,
7e6511518521de1ccb3b56d42778d23bf4cfddde046588d0a6f5a1ef59e85d6d,2022-06,Bedfordshire Police,Bedfordshire Police,-0.475198,52.135537,On or near Nightclub,E01017466,Bedford 012A,Robbery,Unable to prosecute suspect,
759631d400ccf272fe5807888ae3907da8f1f6fc857780248692849ae0cd7227,2022-06,Bedfordshire Police,Bedfordshire Police,-0.471690,52.136850,On or near Saffron Close,E01017466,Bedford 012A,Robbery,Investigation complete; no suspect identified,
4a7d49ec3d09da29f0cd47de88992f9402c7fe1727b454c9721c14edfa553201,2022-06,Bedfordshire Police,Bedfordshire Police,-0.469700,52.138209,On or near St Loyes Street,E01017466,Bedford 012A,Robbery,Investigation complete; no suspect identified,
11f88490330d021ebfabccbbea3b51bea35a5a0bf5630085e4d324bfb600ff4d,2022-06,Bedfordshire Police,Bedfordshire Police,-0.468922,52.137039,On or near Shopping Area,E01017466,Bedford 012A,Robbery,Unable to prosecute suspect,
0148b33e6f2ff7ddbd8656b1649246e182ef3739b8fff3c4d14a266736669694,2022-06,Bedfordshire Police,Bedfordshire Police,-0.468922,52.137039,On or near Shopping Area,E01017466,Bedford 012A,Shoplifting,Investigation complete; no suspect identified,
d5437ed1a0611b0154a979ea48a986e4238d86d3df2200aee5216af4a9229a8b,2022-06,Bedfordshire Police,Bedfordshire Police,-0.470832,52.135436,On or near Parking Area,E01017466,Bedford 012A,Shoplifting,Investigation complete; no suspect identified,
71131a643a885d3469a5d847ec63d2172ee396c88f9b3512692cb7175a44ebca,2022-06,Bedfordshire Police,Bedfordshire Police,-0.470832,52.135436,On or near Parking Area,E01017466,Bedford 012A,Shoplifting,Investigation complete; no suspect identified,
964bf56ea2ceeaaca5e1339ba2ede9fc0b798c390c4caf2f5cc342dcd39ee06c,2022-06,Bedfordshire Police,Bedfordshire Police,-0.470832,52.135436,On or near Parking Area,E01017466,Bedford 012A,Shoplifting,Court result unavailable,
ea4c137c887d7378235b8635de96c3f12b3c1ca219b3cdffb7348fefc4022e8a,2022-06,Bedfordshire Police,Bedfordshire Police,-0.470832,52.135436,On or near Parking Area,E01017466,Bedford 012A,Shoplifting,Court result unavailable,
4ffa2625ddbe46634de4f28ec5f375140c527d126305570c83dec5637576b1bb,2022-06,Bedfordshire Police,Bedfordshire Police,-0.475198,52.135537,On or near Nightclub,E01017466,Bedford 012A,Shoplifting,Investigation complete; no suspect identified,
f84d2242e974e84c1b22aba296aab44f535f223babbf3abb7f1c9b77ffc59ebd,2022-06,Bedfordshire Police,Bedfordshire Police,-0.471161,52.135647,On or near River Street,E01017466,Bedford 012A,Shoplifting,Court result unavailable,
cad350cc52a82e1be53b2c97af1dcb5036802922d9d49a7953a2e62877351674,2022-06,Bedfordshire Police,Bedfordshire Police,-0.470832,52.135436,On or near Parking Area,E01017466,Bedford 012A,Shoplifting,Unable to prosecute suspect,
dee25360f360cf8f97929f65bee455988cbb4a13289ce8f6ec89aa2a112f6077,2022-06,Bedfordshire Police,Bedfordshire Police,-0.468922,52.137039,On or near Shopping Area,E01017466,Bedford 012A,Shoplifting,Court result unavailable,
5124ab4b85aefecd11855a73370f9773b29ba737c0583bb27dc493b5b5e96c78,2022-06,Bedfordshire Police,Bedfordshire Police,-0.469610,52.137866,On or near Dane Street,E01017466,Bedford 012A,Theft from the person,Investigation complete; no suspect identified,
e37db1a6e5afb9afb1579cbda541549c04ce58813d3cadd2d54e23e453cfde36,2022-06,Bedfordshire Police,Bedfordshire Police,-0.469317,52.135317,On or near Horne Lane,E01017466,Bedford 012A,Theft from the person,Investigation complete; no suspect identified,
26e49146a235a93a58d27aa91660cf873c6ea242b8cb9cb1cc5c64932206ba06,2022-06,Bedfordshire Police,Bedfordshire Police,-0.470498,52.134964,On or near A6,E01017466,Bedford 012A,Theft from the person,Investigation complete; no suspect identified,
9e680129b32e4c608d78ce76e5741ca8695de7268f55f37366cdaa1fb60a1f32,2022-06,Bedfordshire Police,Bedfordshire Police,-0.471690,52.136850,On or near Saffron Close,E01017466,Bedford 012A,Theft from the person,Investigation complete; no suspect identified,
06fe0e1e6a260ed5df6276e5bbc77b65ba9661d3e8433af81e9a31d83c243d06,2022-06,Bedfordshire Police,Bedfordshire Police,-0.469610,52.137866,On or near Dane Street,E01017466,Bedford 012A,Theft from the person,Investigation complete; no suspect identified,
c696cd1935cc7855fc0bff8f6117a8d7931385a7254dac7a18886661d61298b1,2022-06,Bedfordshire Police,Bedfordshire Police,-0.474140,52.136126,On or near Church Street,E01017466,Bedford 012A,Vehicle crime,Investigation complete; no suspect identified,
8f1b12c1e25e9b6c00160e0b7a835b099a5119233929abb7784abf99fdeb5312,2022-06,Bedfordshire Police,Bedfordshire Police,-0.468839,52.137757,On or near Parking Area,E01017466,Bedford 012A,Vehicle crime,Investigation complete; no suspect identified,
6865a0eb5c9f1923f9a25aa381b51029543708f4c93387f5f1ff461526f4ff7c,2022-06,Bedfordshire Police,Bedfordshire Police,-0.471161,52.135647,On or near River Street,E01017466,Bedford 012A,Violence and sexual offences,Unable to prosecute suspect,
003026f7fdfc460dc1eb6a04293a099794fb406c261a757424da1bdbc2f45394,2022-06,Bedfordshire Police,Bedfordshire Police,-0.474140,52.136126,On or near Church Street,E01017466,Bedford 012A,Violence and sexual offences,Unable to prosecute suspect,
c2ca0702c2dd65cb13cffd46694146a50d51634cb4afb1786ec0bc2b902a9a69,2022-06,Bedfordshire Police,Bedfordshire Police,-0.474140,52.136126,On or near Church Street,E01017466,Bedford 012A,Violence and sexual offences,Unable to prosecute suspect,
8a0e4cd4544fc2212a545ce41c668ecb04f3a32d9f540af78a85a23c6935eef4,2022-06,Bedfordshire Police,Bedfordshire Police,-0.470498,52.134964,On or near A6,E01017466,Bedford 012A,Violence and sexual offences,Unable to prosecute suspect,
9e7a3bb1392f6a00cc1d2b3d094836d7f389ac533532b8b61c4082e362a6509d,2022-06,Bedfordshire Police,Bedfordshire Police,-0.471161,52.135647,On or near River Street,E01017466,Bedford 012A,Violence and sexual offences,Investigation complete; no suspect identified,
4d86837a7de5ff9daaf8db2c4e4d10ee3db576eafd26195a061ea939e2d17e46,2022-06,Bedfordshire Police,Bedfordshire Police,-0.469700,52.138209,On or near St Loyes Street,E01017466,Bedford 012A,Violence and sexual offences,Investigation complete; no suspect identified,
fee8181d7a479d14d21c0098a49a2516b5ab1816b6e46e4dbab874955ec49bb0,2022-06,Bedfordshire Police,Bedfordshire Police,-0.469781,52.137140,On or near Shopping Area,E01017466,Bedford 012A,Violence and sexual offences,Unable to prosecute suspect,
146f3c1befff7b81c40fa616feee119d9e7af16dde0553f717fa08b9d6e43835,2022-06,Bedfordshire Police,Bedfordshire Police,-0.469317,52.135317,On or near Horne Lane,E01017466,Bedford 012A,Violence and sexual offences,Investigation complete; no suspect identified,
ec417f24e10f33c7aadb2520d490b0260b63bd705e99c91bda35035847995b89,2022-06,Bedfordshire Police,Bedfordshire Police,-0.469508,52.135707,On or near Parking Area,E01017466,Bedford 012A,Violence and sexual offences,Investigation complete; no suspect identified,
66f2d8ab57987c6e6cee7f1385e841b4b58856358a4507c5e6d7d3dfbdb95561,2022-06,Bedfordshire Police,Bedfordshire Police,-0.476930,52.136585,On or near Gibbons Road,E01017466,Bedford 012A,Violence and sexual offences,Unable to prosecute suspect,
8657d4503fbc29ccc6dc33ff1014eacf022eb0f90f8c46dfbd4cf43bef597bd1,2022-06,Bedfordshire Police,Bedfordshire Police,-0.469317,52.135317,On or near Horne Lane,E01017466,Bedford 012A,Violence and sexual offences,Unable to prosecute suspect,
19d32d26dfd765eb7a421fd58fe3417255b6fb6f918e197ccde41dec61dbe1f8,2022-06,Bedfordshire Police,Bedfordshire Police,-0.472533,52.133983,On or near Poulter Close,E01017466,Bedford 012A,Violence and sexual offences,Investigation complete; no suspect identified,
c8525d948c5570237007b59c003c15ea1d5cf7a76156414bd7ce1f526589747f,2022-06,Bedfordshire Police,Bedfordshire Police,-0.471690,52.136850,On or near Saffron Close,E01017466,Bedford 012A,Violence and sexual offences,Investigation complete; no suspect identified,
b1e4e315a281a2f58926f6f1dd8645f604f2cccc76da95289b2ba7a16781d6d6,2022-06,Bedfordshire Police,Bedfordshire Police,-0.473690,52.133918,On or near Prebend Street,E01017466,Bedford 012A,Violence and sexual offences,Unable to prosecute suspect,
b4b3e8ec7c327d3bfd30d498d62702bb801986fd0f9f3530627ddc7b54d763ac,2022-06,Bedfordshire Police,Bedfordshire Police,-0.473690,52.133918,On or near Prebend Street,E01017466,Bedford 012A,Violence and sexual offences,Investigation complete; no suspect identified,
35aa059ebd3ad10d29355161c586034e33661d9672d7c75b258d2eefa910042b,2022-06,Bedfordshire Police,Bedfordshire Police,-0.469781,52.137140,On or near Shopping Area,E01017466,Bedford 012A,Violence and sexual offences,Investigation complete; no suspect identified,
f2d53f7246a4450730ef70f89c58efe462ab19181f686c33d2023f279e241b76,2022-06,Bedfordshire Police,Bedfordshire Police,-0.471928,52.135450,On or near Costin Street,E01017466,Bedford 012A,Violence and sexual offences,Unable to prosecute suspect,
44f1e7ccaceb48994f338c8f8e09f352f3f238d89237a0680aa01d70d30999b7,2022-06,Bedfordshire Police,Bedfordshire Police,-0.471161,52.135647,On or near River Street,E01017466,Bedford 012A,Violence and sexual offences,Awaiting court outcome,
bbbb03b7aa9d27e7e5529d206301029670c5e32d38c42c9dee96c987ac3ee51c,2022-06,Bedfordshire Police,Bedfordshire Police,-0.469700,52.138209,On or near St Loyes Street,E01017466,Bedford 012A,Violence and sexual offences,Unable to prosecute suspect,
d813074dad5cc5ea627a9efd46b0d1c5966a3c643f603dccc42a5f23c532c775,2022-06,Bedfordshire Police,Bedfordshire Police,-0.476930,52.136585,On or near Gibbons Road,E01017466,Bedford 012A,Violence and sexual offences,Investigation complete; no suspect identified,
b2e108791e5de4c470a3ca85b6522badadad8bf4914b747e5f4c41f5aba5610e,2022-06,Bedfordshire Police,Bedfordshire Police,-0.471161,52.135647,On or near River Street,E01017466,Bedford 012A,Other crime,Awaiting court outcome,
,2022-06,Bedfordshire Police,Bedfordshire Police,-0.453305,52.138642,On or near Fontwell Close,E01017467,Bedford 012B,Anti-social behaviour,,
e638379f6a47a03505e21a90b90976a4071cab6e29a17dc1a8d0a33f39174969,2022-06,Bedfordshire Police,Bedfordshire Police,-0.456216,52.134310,On or near The Embankment,E01017467,Bedford 012B,Burglary,Investigation complete; no suspect identified,
6f2f1695bf3b3a7c1228c9b20c04e6ea634248a72cc654ad797b3df82101571b,2022-06,Bedfordshire Police,Bedfordshire Police,-0.452041,52.137574,On or near York Street,E01017467,Bedford 012B,Criminal damage and arson,Formal action is not in the public interest,
88eb734bdbbc6e7391312b1b2a59e7061d30d47d067ec1eda4764913c503d6c1,2022-06,Bedfordshire Police,Bedfordshire Police,-0.455949,52.136950,On or near Bushmead Avenue,E01017467,Bedford 012B,Other theft,Investigation complete; no suspect identified,
fa05f507dc24e6bcbce0fd171b93f3aec3b315be942e4d2a79e554960c17b974,2022-06,Bedfordshire Police,Bedfordshire Police,-0.452718,52.137007,On or near Pembroke Street,E01017467,Bedford 012B,Other theft,Unable to prosecute suspect,
95ffe3d6421ecc75b40602d478fbcf108fcb9d20b89ffd3cb51253d97b7267a8,2022-06,Bedfordshire Police,Bedfordshire Police,-0.455949,52.136950,On or near Bushmead Avenue,E01017467,Bedford 012B,Possession of weapons,Unable to prosecute suspect,
08aa579d80c0e5346553192963829da15abaeb25521dd5ff151b7b12c7c8abc6,2022-06,Bedfordshire Police,Bedfordshire Police,-0.455482,52.136953,On or near Castle Road,E01017467,Bedford 012B,Public order,Unable to prosecute suspect,
c6d37de8a6de4807b9182c7373779937186b2bd11090766e3a3b862138e61df0,2022-06,Bedfordshire Police,Bedfordshire Police,-0.455482,52.136953,On or near Castle Road,E01017467,Bedford 012B,Violence and sexual offences,Unable to prosecute suspect,
cd549bfc1ec2d8130ee843d3a0b6981fee1441057cf993c85310cbcbe4620509,2022-06,Bedfordshire Police,Bedfordshire Police,-0.455949,52.136950,On or near Bushmead Avenue,E01017467,Bedford 012B,Violence and sexual offences,Investigation complete; no suspect identified,
a1c1096241d7b8178e8ce96d77980b6e2b48ed74a63d3af09147ae3be6f4ce3f,2022-06,Bedfordshire Police,Bedfordshire Police,-0.447394,52.134213,On or near Tennyson Road,E01017468,Bedford 012C,Burglary,Investigation complete; no suspect identified,
6b2edf30aab13212776a1412caa9bdadc1dcae2e442ea6a629f42cdebee86bce,2022-06,Bedfordshire Police,Bedfordshire Police,-0.447394,52.134213,On or near Tennyson Road,E01017468,Bedford 012C,Public order,Investigation complete; no suspect identified,
92ca7d13500f2df3aba1f9e95f3843ac357e39ef4428e4c84d1bbe572819f908,2022-06,Bedfordshire Police,Bedfordshire Police,-0.446839,52.132956,On or near Longholme Way,E01017468,Bedford 012C,Robbery,Status update unavailable,
,2022-06,Bedfordshire Police,Bedfordshire Police,-0.466146,52.135753,On or near Shopping Area,E01017469,Bedford 012D,Anti-social behaviour,,
,2022-06,Bedfordshire Police,Bedfordshire Police,-0.466377,52.137122,On or near Shopping Area,E01017469,Bedford 012D,Anti-social behaviour,,
,2022-06,Bedfordshire Police,Bedfordshire Police,-0.464227,52.137589,On or near Gadsby Street,E01017469,Bedford 012D,Anti-social behaviour,,
,2022-06,Bedfordshire Police,Bedfordshire Police,-0.468277,52.136671,On or near Shopping Area,E01017469,Bedford 012D,Anti-social behaviour,,
,2022-06,Bedfordshire Police,Bedfordshire Police,-0.468277,52.136671,On or near Shopping Area,E01017469,Bedford 012D,Anti-social behaviour,,
,2022-06,Bedfordshire Police,Bedfordshire Police,-0.466128,52.136706,On or near Supermarket,E01017469,Bedford 012D,Anti-social behaviour,,
,2022-06,Bedfordshire Police,Bedfordshire Police,-0.466146,52.135753,On or near Shopping Area,E01017469,Bedford 012D,Anti-social behaviour,,
,2022-06,Bedfordshire Police,Bedfordshire Police,-0.466146,52.135753,On or near Shopping Area,E01017469,Bedford 012D,Anti-social behaviour,,
,2022-06,Bedfordshire Police,Bedfordshire Police,-0.466146,52.135753,On or near Shopping Area,E01017469,Bedford 012D,Anti-social behaviour,,
,2022-06,Bedfordshire Police,Bedfordshire Police,-0.466128,52.136706,On or near Supermarket,E01017469,Bedford 012D,Anti-social behaviour,,
8553bdc919ee7bb0e2b57f891a0d98955860cf4a21b91091b2de741dfdfec9b0,2022-06,Bedfordshire Police,Bedfordshire Police,-0.468277,52.136671,On or near Shopping Area,E01017469,Bedford 012D,Bicycle theft,Investigation complete; no suspect identified,
1a5d3e37f343866241f17b77e448cd086d66c7fe68fc1483c2d32c57b89e5b1e,2022-06,Bedfordshire Police,Bedfordshire Police,-0.466075,52.138251,On or near Nightclub,E01017469,Bedford 012D,Bicycle theft,Investigation complete; no suspect identified,
0915c41d4847ea9bc1f5c1f6a25c189cc6ea9e779e4c19c66472e1b386cbafd2,2022-06,Bedfordshire Police,Bedfordshire Police,-0.466128,52.136706,On or near Supermarket,E01017469,Bedford 012D,Burglary,Investigation complete; no suspect identified,
0d76f8b8381d686ea8e7167df6a6b36201bd6755349ce8718ecbfe001612e424,2022-06,Bedfordshire Police,Bedfordshire Police,-0.464227,52.137589,On or near Gadsby Street,E01017469,Bedford 012D,Burglary,Investigation complete; no suspect identified,
1567608314a21c702a3d57ccb8866ad7a25f8f3d6d2d36d5a70c8eadaa8c667b,2022-06,Bedfordshire Police,Bedfordshire Police,-0.466377,52.137122,On or near Shopping Area,E01017469,Bedford 012D,Burglary,Investigation complete; no suspect identified,
d26fdb7ecfca14bb0eeb7e2a042f44df8fe47a5ffd9f8863bb1d1c697c9f1ad3,2022-06,Bedfordshire Police,Bedfordshire Police,-0.466128,52.136706,On or near Supermarket,E01017469,Bedford 012D,Burglary,Investigation complete; no suspect identified,
56a3f4ec134d741bc602418fb678f9fdcb5c8f021deafde3dc378dbe519f2f78,2022-06,Bedfordshire Police,Bedfordshire Police,-0.461695,52.137286,On or near Newnham Street,E01017469,Bedford 012D,Burglary,Investigation complete; no suspect identified,
290c8a91d0d3b10cc20584728c9a16858044be23395ee3b7de23622e90a909ac,2022-06,Bedfordshire Police,Bedfordshire Police,-0.461695,52.137286,On or near Newnham Street,E01017469,Bedford 012D,Burglary,Investigation complete; no suspect identified,
6c927450a47ffcfc247fdc9ad95750b492a3744903c5e28e7218613f6d9ab47a,2022-06,Bedfordshire Police,Bedfordshire Police,-0.465555,52.137633,On or near Howard Street,E01017469,Bedford 012D,Burglary,Court result unavailable,
e267d9a91b5074906be40490d1a9338fa6a7ab7d6cc0ea9e630d5ecae1fe4059,2022-06,Bedfordshire Police,Bedfordshire Police,-0.464833,52.135700,On or near Castle Lane,E01017469,Bedford 012D,Burglary,Court result unavailable,
a100f6ce5973e02ab919f0ee3310f3b7497d85509129dfa14004629cea7fae49,2022-06,Bedfordshire Police,Bedfordshire Police,-0.465555,52.137633,On or near Howard Street,E01017469,Bedford 012D,Burglary,Court result unavailable,
6a5ca134ab56993062beb629727a40c466fd54cc64a8d592fc8cf720ad08f221,2022-06,Bedfordshire Police,Bedfordshire Police,-0.461695,52.137286,On or near Newnham Street,E01017469,Bedford 012D,Burglary,Investigation complete; no suspect identified,
d00e6960bca6912d97faa2b468fa94f40bcf72fe328f341dff7d79d61b1a9d69,2022-06,Bedfordshire Police,Bedfordshire Police,-0.464832,52.136985,On or near Mill Street,E01017469,Bedford 012D,Burglary,Court result unavailable,
732654b3e709c5d9377cbabe8f1d3a9a58f1b871217932440ccdca4e9dcf964f,2022-06,Bedfordshire Police,Bedfordshire Police,-0.461695,52.137286,On or near Newnham Street,E01017469,Bedford 012D,Burglary,Investigation complete; no suspect identified,
035a566bee8ab92c147c0a59a3774c1fab5f96b84e1e088d75be086c13659dd8,2022-06,Bedfordshire Police,Bedfordshire Police,-0.460701,52.138568,On or near The Grove,E01017469,Bedford 012D,Criminal damage and arson,Investigation complete; no suspect identified,
b1c8c0aedcede68265e8a24461826ef4fbfd22ea2daafdbdb292d8b78169ec67,2022-06,Bedfordshire Police,Bedfordshire Police,-0.461695,52.137286,On or near Newnham Street,E01017469,Bedford 012D,Criminal damage and arson,Unable to prosecute suspect,
923d4d4ea7f1c95310fd746a8a88d37fb9242143829f17df7afb7a3eef3beb1f,2022-06,Bedfordshire Police,Bedfordshire Police,-0.466673,52.136155,On or near Nightclub,E01017469,Bedford 012D,Criminal damage and arson,Local resolution,
ceb4048d95d55857e874a371832a6cce45bba568333d09991c933ea657a5ec67,2022-06,Bedfordshire Police,Bedfordshire Police,-0.461824,52.138214,On or near Grove Place,E01017469,Bedford 012D,Criminal damage and arson,Investigation complete; no suspect identified,
a33cb634272f86a8f30d76b915cd7e9a89aed8d5c4c53370283403f5bab0dd8c,2022-06,Bedfordshire Police,Bedfordshire Police,-0.466128,52.136706,On or near Supermarket,E01017469,Bedford 012D,Drugs,Offender given a caution,
2582054792123fd391d1365b79f9a0d0feded9f73f6d05a49a136f77cd0ac957,2022-06,Bedfordshire Police,Bedfordshire Police,-0.466146,52.135753,On or near Shopping Area,E01017469,Bedford 012D,Drugs,Local resolution,
28521f0be86e8e66eebd0bfc4c6a0ee9a5081cee62222f446a9ccc8bfe8254a7,2022-06,Bedfordshire Police,Bedfordshire Police,-0.465555,52.137633,On or near Howard Street,E01017469,Bedford 012D,Drugs,Formal action is not in the public interest,
ca0ab07ad73dacb353ff7af06cb9935c38cf693c54335cf915d5bd9f9a3c5b3b,2022-06,Bedfordshire Police,Bedfordshire Police,-0.468277,52.136671,On or near Shopping Area,E01017469,Bedford 012D,Drugs,Unable to prosecute suspect,
8fcea27b117fc6c9759efd4ad185af899886eeb062d1ae8aaeac7e9ad1afa929,2022-06,Bedfordshire Police,Bedfordshire Police,-0.466377,52.137122,On or near Shopping Area,E01017469,Bedford 012D,Drugs,Formal action is not in the public interest,
b1345bf59367aec12e646e74b5c077f436f7d8b33fc0fb473af53f055bc53009,2022-06,Bedfordshire Police,Bedfordshire Police,-0.466146,52.135753,On or near Shopping Area,E01017469,Bedford 012D,Other theft,Investigation complete; no suspect identified,
ae1c375ec44d99f55c78877f412ecb5648a3adb1e1ff887cad2aa2db3a887ea2,2022-06,Bedfordshire Police,Bedfordshire Police,-0.466075,52.138251,On or near Nightclub,E01017469,Bedford 012D,Other theft,Investigation complete; no suspect identified,
2f160ad94a5daebcfca6554e276e216fb70962984abee970d55a2d97a0087286,2022-06,Bedfordshire Police,Bedfordshire Police,-0.461695,52.137286,On or near Newnham Street,E01017469,Bedford 012D,Other theft,Investigation complete; no suspect identified,
94f345b191d5b56121cf61c714fa65775673c1c4ece6a7823320c0b63dc4bf2e,2022-06,Bedfordshire Police,Bedfordshire Police,-0.465555,52.137633,On or near Howard Street,E01017469,Bedford 012D,Other theft,Investigation complete; no suspect identified,
3cb1f6d0b5994e8c75dc84806a6f1ba11bd5d0d431a7bdec215cfc0593bc0e99,2022-06,Bedfordshire Police,Bedfordshire Police,-0.466146,52.135753,On or near Shopping Area,E01017469,Bedford 012D,Other theft,Local resolution,
a190114b90727b2a338cee2d4606a43c267c2d4071f9f6d9d3b9f7d7e21c6a00,2022-06,Bedfordshire Police,Bedfordshire Police,-0.461695,52.137286,On or near Newnham Street,E01017469,Bedford 012D,Public order,Unable to prosecute suspect,
d664cc1b8a26ac50e32bd20dfc041a32e6eb1bc0a0ebef0844050ad6fbca0cd2,2022-06,Bedfordshire Police,Bedfordshire Police,-0.461515,52.135719,On or near Albany Road,E01017469,Bedford 012D,Public order,Unable to prosecute suspect,
759e1240226c51b8320202f9d59431d407087e6def724110fc14aab52834c51f,2022-06,Bedfordshire Police,Bedfordshire Police,-0.466128,52.136706,On or near Supermarket,E01017469,Bedford 012D,Public order,Investigation complete; no suspect identified,
4295b6bd53c38a80ad492338c4e0702ac46139bde86f29b5ac19126c9f003b21,2022-06,Bedfordshire Police,Bedfordshire Police,-0.466075,52.138251,On or near Nightclub,E01017469,Bedford 012D,Public order,Investigation complete; no suspect identified,
105cd251e121092661b90be32fd224cf4060ac377a32afd227d6894e679296b7,2022-06,Bedfordshire Police,Bedfordshire Police,-0.466673,52.136155,On or near Nightclub,E01017469,Bedford 012D,Public order,Unable to prosecute suspect,
c6b256c29983d23733ab4618448747480013fe2fe012062106fc1a7f9753ee25,2022-06,Bedfordshire Police,Bedfordshire Police,-0.466673,52.136155,On or near Nightclub,E01017469,Bedford 012D,Public order,Unable to prosecute suspect,
940c612c48947f2ddeb406c644fdb96b74f15d9d87ef350f16c42ba983f3bfe5,2022-06,Bedfordshire Police,Bedfordshire Police,-0.466128,52.136706,On or near Supermarket,E01017469,Bedford 012D,Public order,Court result unavailable,
48d9f3d3dfbda8de96004e8bbb713a3af924c55a53f005d317b85a2aa9692e3e,2022-06,Bedfordshire Police,Bedfordshire Police,-0.466673,52.136155,On or near Nightclub,E01017469,Bedford 012D,Public order,Unable to prosecute suspect,
902aa26c972b59999abe1e4ca8c9ab0530186382da55aa8e733a98108a20787f,2022-06,Bedfordshire Police,Bedfordshire Police,-0.466673,52.136155,On or near Nightclub,E01017469,Bedford 012D,Public order,Unable to prosecute suspect,
39492949f18a35b530e3174da65fac14b1a8911929568549f76634ac1d07abe9,2022-06,Bedfordshire Police,Bedfordshire Police,-0.468277,52.136671,On or near Shopping Area,E01017469,Bedford 012D,Shoplifting,Local resolution,
c9d4122dff306451a1ddf692094a075bddca6665cb4fa1699319e3371941ad8d,2022-06,Bedfordshire Police,Bedfordshire Police,-0.466146,52.135753,On or near Shopping Area,E01017469,Bedford 012D,Shoplifting,Investigation complete; no suspect identified,
19fa0c83455bd3b3a6031170254fcd28fd396d4b8e8043d72593eb2c44f75c5a,2022-06,Bedfordshire Police,Bedfordshire Police,-0.466146,52.135753,On or near Shopping Area,E01017469,Bedford 012D,Shoplifting,Unable to prosecute suspect,
a5ae73363e194be2c889ea516aef468e7dc8fdff6ec5d484592d6712600ed6eb,2022-06,Bedfordshire Police,Bedfordshire Police,-0.466146,52.135753,On or near Shopping Area,E01017469,Bedford 012D,Theft from the person,Investigation complete; no suspect identified,
c8302636af0b65232040f67efe13fef91b785b971715f9b3ee5c07d9bc775d61,2022-06,Bedfordshire Police,Bedfordshire Police,-0.466146,52.135753,On or near Shopping Area,E01017469,Bedford 012D,Theft from the person,Investigation complete; no suspect identified,
acc211ae6b13a186c05799546f79fcaad42220ea284821cf5e822de9f413c249,2022-06,Bedfordshire Police,Bedfordshire Police,-0.466075,52.138251,On or near Nightclub,E01017469,Bedford 012D,Theft from the person,Investigation complete; no suspect identified,
601a35ada8f935083580aaa1afe2555f1061fa5b686e9d4e99844c655bedae73,2022-06,Bedfordshire Police,Bedfordshire Police,-0.466673,52.136155,On or near Nightclub,E01017469,Bedford 012D,Theft from the person,Investigation complete; no suspect identified,
4622876343dde8c480c28d43b2b71ef38ad90d12ff528607747430a939f02fdb,2022-06,Bedfordshire Police,Bedfordshire Police,-0.466673,52.136155,On or near Nightclub,E01017469,Bedford 012D,Theft from the person,Investigation complete; no suspect identified,
d7318a024326aa6413e866b43242c3c5a44027de99e32cd74ecc5fb4cad9eae7,2022-06,Bedfordshire Police,Bedfordshire Police,-0.466377,52.137122,On or near Shopping Area,E01017469,Bedford 012D,Theft from the person,Investigation complete; no suspect identified,
f033050973ebab9c9e3733bcae948f54f49b29147b1045460e07c98d4d09d770,2022-06,Bedfordshire Police,Bedfordshire Police,-0.466924,52.138613,On or near Dame Alice Street,E01017469,Bedford 012D,Theft from the person,Investigation complete; no suspect identified,
28c7baab9547597b2f371b7d6e5ee4f970cc3d04a27cb1c4c37f09af5c61245c,2022-06,Bedfordshire Police,Bedfordshire Police,-0.466146,52.135753,On or near Shopping Area,E01017469,Bedford 012D,Theft from the person,Investigation complete; no suspect identified,
17af30a0552cebefe74152b29cf6a7c9989845692f78163043f5d21920b9060f,2022-06,Bedfordshire Police,Bedfordshire Police,-0.461515,52.135719,On or near Albany Road,E01017469,Bedford 012D,Vehicle crime,Investigation complete; no suspect identified,
95ade9c62dcbcfb6b0bc4ae08da95d1fdf0f9b0f79d9472a10bc035151c08a8b,2022-06,Bedfordshire Police,Bedfordshire Police,-0.461515,52.135719,On or near Albany Road,E01017469,Bedford 012D,Vehicle crime,Court result unavailable,
8b16894a18f49a3910c4fb72ebc0d9806890164f7eca63663a56d9726576eb57,2022-06,Bedfordshire Police,Bedfordshire Police,-0.466146,52.135753,On or near Shopping Area,E01017469,Bedford 012D,Vehicle crime,Investigation complete; no suspect identified,
725aae490f7c5322bcb8b796a8758b516ea9de7ff276544553fb0b40aced0fd5,2022-06,Bedfordshire Police,Bedfordshire Police,-0.458925,52.138365,On or near Rothsay Gardens,E01017469,Bedford 012D,Vehicle crime,Investigation complete; no suspect identified,
698168e1dd54dff85515848e128ae08210be62503dff3a9cbb185bbd5d0b8413,2022-06,Bedfordshire Police,Bedfordshire Police,-0.460701,52.138568,On or near The Grove,E01017469,Bedford 012D,Vehicle crime,Investigation complete; no suspect identified,
fec8b40520ecd062e212512fd2f8beef04027061c1851a16ce46afc7e479dbc8,2022-06,Bedfordshire Police,Bedfordshire Police,-0.466673,52.136155,On or near Nightclub,E01017469,Bedford 012D,Violence and sexual offences,Unable to prosecute suspect,
6c56353be381111590082da41b01f3ccd61e99b985a729dd534fb0cbc3ae602e,2022-06,Bedfordshire Police,Bedfordshire Police,-0.466128,52.136706,On or near Supermarket,E01017469,Bedford 012D,Violence and sexual offences,Unable to prosecute suspect,
6c8fc2ca93371ddd75d352423661a925f1fd0d381e67faf7ecced74fc4b6e110,2022-06,Bedfordshire Police,Bedfordshire Police,-0.466673,52.136155,On or near Nightclub,E01017469,Bedford 012D,Violence and sexual offences,Unable to prosecute suspect,
ce84e6f6aafcea179f3756600a770aa0adc6d61e1c74f38fcf06ae6582f2db08,2022-06,Bedfordshire Police,Bedfordshire Police,-0.466128,52.136706,On or near Supermarket,E01017469,Bedford 012D,Violence and sexual offences,Court result unavailable,
eb752c071a811ce1117a0818360dac64e50422aff3e8b84f995a8cdd27aef38b,2022-06,Bedfordshire Police,Bedfordshire Police,-0.465555,52.137633,On or near Howard Street,E01017469,Bedford 012D,Violence and sexual offences,Unable to prosecute suspect,
ad3c72e9389643df5a936dd16a27bc89ce8d594a2f9228bd094ed200b74852b7,2022-06,Bedfordshire Police,Bedfordshire Police,-0.466673,52.136155,On or near Nightclub,E01017469,Bedford 012D,Violence and sexual offences,Unable to prosecute suspect,
1daed6e2d2fa267f61f47f98ddfbefddd58109cf261e3cf53db9cf14f3ff9165,2022-06,Bedfordshire Police,Bedfordshire Police,-0.466075,52.138251,On or near Nightclub,E01017469,Bedford 012D,Violence and sexual offences,Court result unavailable,
7105e2b1acfab4d1eb7d9414b57dc6faf5a3d1e9d81f863d81aea3b8187b78d1,2022-06,Bedfordshire Police,Bedfordshire Police,-0.468277,52.136671,On or near Shopping Area,E01017469,Bedford 012D,Violence and sexual offences,Unable to prosecute suspect,
b75554a5933ea5cf1f9365f30d2cc971e6061f1a39980e76697d6f12db9cde73,2022-06,Bedfordshire Police,Bedfordshire Police,-0.466673,52.136155,On or near Nightclub,E01017469,Bedford 012D,Violence and sexual offences,Status update unavailable,
bcc7bd72195304016d716c2b1b3d68e1d66894c48e1253681e450134f8da9a33,2022-06,Bedfordshire Police,Bedfordshire Police,-0.468277,52.136671,On or near Shopping Area,E01017469,Bedford 012D,Violence and sexual offences,Investigation complete; no suspect identified,
bdbf1e673f92bb4ea8563c1af0e51bdd564eeb4c262c0850c17fd1d8c4f892a9,2022-06,Bedfordshire Police,Bedfordshire Police,-0.466673,52.136155,On or near Nightclub,E01017469,Bedford 012D,Violence and sexual offences,Unable to prosecute suspect,
b5750865ccd0f8927d737fcb6225b9d05459cffd9bea9eea3e14804c6053c916,2022-06,Bedfordshire Police,Bedfordshire Police,-0.466673,52.136155,On or near Nightclub,E01017469,Bedford 012D,Violence and sexual offences,Court result unavailable,
6e4389caccfcd79dff649c1ab870953ddaa3a3ab195c96ef655b97f2ee3170a8,2022-06,Bedfordshire Police,Bedfordshire Police,-0.466673,52.136155,On or near Nightclub,E01017469,Bedford 012D,Violence and sexual offences,Formal action is not in the public interest,
cabcdc86d0ccc1c70cb4f7cd993bc8754e1578038c66e31df8585d9f25311764,2022-06,Bedfordshire Police,Bedfordshire Police,-0.466377,52.137122,On or near Shopping Area,E01017469,Bedford 012D,Violence and sexual offences,Investigation complete; no suspect identified,
c9f914033e2ac329aed093ebcefc6e6fb8a40a661a7bfb9e55c4f17f4d1fde3a,2022-06,Bedfordshire Police,Bedfordshire Police,-0.466377,52.137122,On or near Shopping Area,E01017469,Bedford 012D,Violence and sexual offences,Unable to prosecute suspect,
cad9816252a9b2b72ef091bf9213bd3eeca32118210f1ed2eb6efd3f768a698d,2022-06,Bedfordshire Police,Bedfordshire Police,-0.468277,52.136671,On or near Shopping Area,E01017469,Bedford 012D,Violence and sexual offences,Unable to prosecute suspect,
abec2bc07354daca31b0641063238984e8fe9bc492bc7612529bcc714a1250bc,2022-06,Bedfordshire Police,Bedfordshire Police,-0.466673,52.136155,On or near Nightclub,E01017469,Bedford 012D,Violence and sexual offences,Court result unavailable,
fcf59194ff7bdae50272227566594c3aaf003dd90d05400f00df9a9e40753f30,2022-06,Bedfordshire Police,Bedfordshire Police,-0.466924,52.138613,On or near Dame Alice Street,E01017469,Bedford 012D,Violence and sexual offences,Status update unavailable,
35f5945554e0c684b6fdf2b800d6d23a087e5d6d3d24449b6e66c79101916556,2022-06,Bedfordshire Police,Bedfordshire Police,-0.466128,52.136706,On or near Supermarket,E01017469,Bedford 012D,Violence and sexual offences,Court result unavailable,
f57eb1d2385ad27789190e650036576201b7759db5b1f4fe7a07aa5874ef09c9,2022-06,Bedfordshire Police,Bedfordshire Police,-0.466673,52.136155,On or near Nightclub,E01017469,Bedford 012D,Violence and sexual offences,Unable to prosecute suspect,
272405845e4a009dc2338fb0d64580d9e8f82afb2e36dd97b2c3a57da277d155,2022-06,Bedfordshire Police,Bedfordshire Police,-0.466075,52.138251,On or near Nightclub,E01017469,Bedford 012D,Violence and sexual offences,Court result unavailable,
67e7344edaa1a00095310526ec37c8802e450ada8e4a3a8283587fe2324b345d,2022-06,Bedfordshire Police,Bedfordshire Police,-0.466146,52.135753,On or near Shopping Area,E01017469,Bedford 012D,Other crime,Unable to prosecute suspect,
dfaa94815726728259614e00973b8beb76c743811597e8dac20cf3189bde62b7,2022-06,Bedfordshire Police,Bedfordshire Police,-0.448663,52.138905,On or near Rosamond Road,E01017470,Bedford 012E,Burglary,Investigation complete; no suspect identified,
722c64b87a3dad1e24e2fc89e7e46c62195966ca001c0b0f9544553be5044189,2022-06,Bedfordshire Police,Bedfordshire Police,-0.444404,52.139946,On or near Dean Street,E01017470,Bedford 012E,Violence and sexual offences,Unable to prosecute suspect,
,2022-06,Bedfordshire Police,Bedfordshire Police,-0.476167,52.134984,On or near Midland Road,E01017471,Bedford 012F,Anti-social behaviour,,
,2022-06,Bedfordshire Police,Bedfordshire Police,-0.478583,52.135662,On or near Parking Area,E01017471,Bedford 012F,Anti-social behaviour,,
,2022-06,Bedfordshire Police,Bedfordshire Police,-0.471331,52.137510,On or near Bus/Coach Station,E01017471,Bedford 012F,Anti-social behaviour,,
,2022-06,Bedfordshire Police,Bedfordshire Police,-0.476167,52.134984,On or near Midland Road,E01017471,Bedford 012F,Anti-social behaviour,,
,2022-06,Bedfordshire Police,Bedfordshire Police,-0.476167,52.134984,On or near Midland Road,E01017471,Bedford 012F,Anti-social behaviour,,
,2022-06,Bedfordshire Police,Bedfordshire Police,-0.478583,52.135662,On or near Parking Area,E01017471,Bedford 012F,Anti-social behaviour,,
,2022-06,Bedfordshire Police,Bedfordshire Police,-0.480489,52.138924,On or near The Finches,E01017471,Bedford 012F,Anti-social behaviour,,
,2022-06,Bedfordshire Police,Bedfordshire Police,-0.477390,52.137238,On or near Woburn Road,E01017471,Bedford 012F,Anti-social behaviour,,
,2022-06,Bedfordshire Police,Bedfordshire Police,-0.471383,52.138572,On or near Gwyn Street,E01017471,Bedford 012F,Anti-social behaviour,,
,2022-06,Bedfordshire Police,Bedfordshire Police,-0.476167,52.134984,On or near Midland Road,E01017471,Bedford 012F,Anti-social behaviour,,
,2022-06,Bedfordshire Police,Bedfordshire Police,-0.471331,52.137510,On or near Bus/Coach Station,E01017471,Bedford 012F,Anti-social behaviour,,
54de0e16fdbcd1cb7f2f1e1f8c2018a965a683a27db0a608ffbc0af2a9e870f1,2022-06,Bedfordshire Police,Bedfordshire Police,-0.480489,52.138924,On or near The Finches,E01017471,Bedford 012F,Bicycle theft,Investigation complete; no suspect identified,
13a0f4decd2dff82b08a9af4916485d915fbc84d82c6b94667e03136b8100263,2022-06,Bedfordshire Police,Bedfordshire Police,-0.480182,52.137202,On or near Parking Area,E01017471,Bedford 012F,Bicycle theft,Investigation complete; no suspect identified,
e1cf70fa7da1294939e92bf157582baffc10642c669ffc1c4edb7d5ad1ed5b73,2022-06,Bedfordshire Police,Bedfordshire Police,-0.480489,52.138924,On or near The Finches,E01017471,Bedford 012F,Bicycle theft,Investigation complete; no suspect identified,
3d54048af54d24932365d68577da139b5358635f3ab2190daa75e2f6f94c383e,2022-06,Bedfordshire Police,Bedfordshire Police,-0.471331,52.137510,On or near Bus/Coach Station,E01017471,Bedford 012F,Bicycle theft,Investigation complete; no suspect identified,
7649d8c165ad50e2afe05f010b737561e345db846c8fc5b91316c342effa1158,2022-06,Bedfordshire Police,Bedfordshire Police,-0.473696,52.138440,On or near Beckett Street,E01017471,Bedford 012F,Burglary,Investigation complete; no suspect identified,
cc20baf30955928ea0648e3a30125e79cfcbaaa303ee36537fdcad8e90a568ed,2022-06,Bedfordshire Police,Bedfordshire Police,-0.476637,52.135754,On or near Grafton Road,E01017471,Bedford 012F,Burglary,Investigation complete; no suspect identified,
008f1910a3d29e4e3fbbfd4a5e07d01db4b2c183cd03ab3954b02d6ffab22f1d,2022-06,Bedfordshire Police,Bedfordshire Police,-0.478804,52.138192,On or near Guru Ravidass Lane,E01017471,Bedford 012F,Criminal damage and arson,Unable to prosecute suspect,
8a59b3be7cebe368c58a25983e959a8652d8c62a9e814f8761f7bdf3fc3658e9,2022-06,Bedfordshire Police,Bedfordshire Police,-0.474442,52.137137,On or near Alexandra Place,E01017471,Bedford 012F,Drugs,Status update unavailable,
84f8692a4dd89435eefaf8856468ad88ca186985ca18cf76b49f9322d7529c28,2022-06,Bedfordshire Police,Bedfordshire Police,-0.471383,52.138572,On or near Gwyn Street,E01017471,Bedford 012F,Drugs,Court result unavailable,
53caac7b1eba6661a177006429647323ca797dfbafcc33458664212d1cd760c7,2022-06,Bedfordshire Police,Bedfordshire Police,-0.478841,52.137122,On or near Ashburnham Road,E01017471,Bedford 012F,Other theft,Investigation complete; no suspect identified,
52186454113e6412120fd894ea233e92c33185ac7e514e565b64730dd154137a,2022-06,Bedfordshire Police,Bedfordshire Police,-0.473696,52.138440,On or near Beckett Street,E01017471,Bedford 012F,Other theft,Unable to prosecute suspect,
9acdb63ec7ab1dbd4437dbc93a77bc23420b6d8a7fb935731ecda80a81294e11,2022-06,Bedfordshire Police,Bedfordshire Police,-0.471331,52.137510,On or near Bus/Coach Station,E01017471,Bedford 012F,Other theft,Investigation complete; no suspect identified,
8b31b5a50f9578e1962d9ae6ee3225bf3eb9354c6ff9ef8e8675d8bef70b9e16,2022-06,Bedfordshire Police,Bedfordshire Police,-0.476167,52.134984,On or near Midland Road,E01017471,Bedford 012F,Other theft,Investigation complete; no suspect identified,
de0d797d0fcc91a938005329784fe5f4bee30ec28dad66167dfbfe47c2e15d17,2022-06,Bedfordshire Police,Bedfordshire Police,-0.471331,52.137510,On or near Bus/Coach Station,E01017471,Bedford 012F,Other theft,Investigation complete; no suspect identified,
ae9c725c450fc9c0296d7e564b468f03938aab5497ea6b7c49442da40b2fef19,2022-06,Bedfordshire Police,Bedfordshire Police,-0.471331,52.137510,On or near Bus/Coach Station,E01017471,Bedford 012F,Other theft,Investigation complete; no suspect identified,
c1864072d8fffbf11adfc64196547cc5af0e47f24c99bed54bf96fe53fb3a388,2022-06,Bedfordshire Police,Bedfordshire Police,-0.472313,52.138278,On or near Hassett Street,E01017471,Bedford 012F,Possession of weapons,Unable to prosecute suspect,
7ddf595370de65b8ac7074e975198d44004a53fb86b728905bbca4e518230881,2022-06,Bedfordshire Police,Bedfordshire Police,-0.474442,52.137137,On or near Alexandra Place,E01017471,Bedford 012F,Public order,Unable to prosecute suspect,
810f6ab56b51ad9027c6cc28e3020e032593dc2cf24d2298a10d2c06eabae2d9,2022-06,Bedfordshire Police,Bedfordshire Police,-0.480489,52.138924,On or near The Finches,E01017471,Bedford 012F,Public order,Unable to prosecute suspect,
cf18e6cf0dc193fc98972c51348aaaf659bd217d3654fd4c553edaab26f58fc3,2022-06,Bedfordshire Police,Bedfordshire Police,-0.474442,52.137137,On or near Alexandra Place,E01017471,Bedford 012F,Public order,Status update unavailable,
f47f994f24a424dd8168f181ac97e9363ba2a32338395963a733e7eb0a84a615,2022-06,Bedfordshire Police,Bedfordshire Police,-0.474442,52.137137,On or near Alexandra Place,E01017471,Bedford 012F,Public order,Unable to prosecute suspect,
9832e361546211d715d5886b7dbd69fb09463f46088f67494b65582d300c7349,2022-06,Bedfordshire Police,Bedfordshire Police,-0.471331,52.137510,On or near Bus/Coach Station,E01017471,Bedford 012F,Public order,Investigation complete; no suspect identified,
f13e14114686b24f89253c1935b4734768386d0439e3807662026ef7bafc3115,2022-06,Bedfordshire Police,Bedfordshire Police,-0.474442,52.137137,On or near Alexandra Place,E01017471,Bedford 012F,Robbery,Investigation complete; no suspect identified,
282607ad9b3f17567fece1bb29592a5944dd2de5688939b974793ae680c4cd88,2022-06,Bedfordshire Police,Bedfordshire Police,-0.471331,52.137510,On or near Bus/Coach Station,E01017471,Bedford 012F,Shoplifting,Investigation complete; no suspect identified,
be0307f2f68630e86f79a4e0a5495eae0b7ddc8e924293e267a38604838c6e55,2022-06,Bedfordshire Police,Bedfordshire Police,-0.471331,52.137510,On or near Bus/Coach Station,E01017471,Bedford 012F,Shoplifting,Court result unavailable,
aaee216a1dbf1fef14f940a483ea7b50f065fee509a2c5c4c253ca53b71bd54d,2022-06,Bedfordshire Police,Bedfordshire Police,-0.471331,52.137510,On or near Bus/Coach Station,E01017471,Bedford 012F,Shoplifting,Investigation complete; no suspect identified,
fa229c9118cf1e1b960fde827ba1acc0c496e3159cc8f0a803ecc717d81a22c0,2022-06,Bedfordshire Police,Bedfordshire Police,-0.471383,52.138572,On or near Gwyn Street,E01017471,Bedford 012F,Theft from the person,Investigation complete; no suspect identified,
e8f7cc62eefd344730080d78d25d245433f19a2e29ae07f789311d959998fa28,2022-06,Bedfordshire Police,Bedfordshire Police,-0.476167,52.134984,On or near Midland Road,E01017471,Bedford 012F,Theft from the person,Investigation complete; no suspect identified,
9b8f18aa293a5754a407b7e74398b93ed9fea2e7b60148749eb596a0da25d0e7,2022-06,Bedfordshire Police,Bedfordshire Police,-0.478841,52.137122,On or near Ashburnham Road,E01017471,Bedford 012F,Vehicle crime,Investigation complete; no suspect identified,
db6242cbe58a75364825f87784f58264dc48a6dfa4a1f7933b47e778e91a7daa,2022-06,Bedfordshire Police,Bedfordshire Police,-0.480489,52.138924,On or near The Finches,E01017471,Bedford 012F,Violence and sexual offences,Unable to prosecute suspect,
ae20b759b193b83d80314362f2001f7bdb37cbada876b1facfa52df94f3973b8,2022-06,Bedfordshire Police,Bedfordshire Police,-0.478727,52.139602,On or near Bromham Road,E01017471,Bedford 012F,Violence and sexual offences,Unable to prosecute suspect,
493416f50becb4f5026258b45e67f5cec3f47f0daead08855994bffdc39b78f0,2022-06,Bedfordshire Police,Bedfordshire Police,-0.471383,52.138572,On or near Gwyn Street,E01017471,Bedford 012F,Violence and sexual offences,Unable to prosecute suspect,
6f5f51fe3183bbf426faee9d492e11f67136bd6c5e94361316d25cfbd27b319d,2022-06,Bedfordshire Police,Bedfordshire Police,-0.474442,52.137137,On or near Alexandra Place,E01017471,Bedford 012F,Violence and sexual offences,Unable to prosecute suspect,
a0b80439a324be928af75812dc8babc6741b9546b47abf5c8364f283e7f9f4f5,2022-06,Bedfordshire Police,Bedfordshire Police,-0.476167,52.134984,On or near Midland Road,E01017471,Bedford 012F,Violence and sexual offences,Unable to prosecute suspect,
69992d711c79ca31cbee66d653ed91001a54fb9828549b772e2256c34236e653,2022-06,Bedfordshire Police,Bedfordshire Police,-0.476167,52.134984,On or near Midland Road,E01017471,Bedford 012F,Violence and sexual offences,Unable to prosecute suspect,
639964a279efac5ea4170b897e67b173ef965a89572481a5dc0f67db64577b79,2022-06,Bedfordshire Police,Bedfordshire Police,-0.473475,52.138923,On or near Roise Street,E01017471,Bedford 012F,Violence and sexual offences,Unable to prosecute suspect,
fd8aa15d7e6d62e5055f59c8d6bd202956b40c4005e20c17def6ffbda6f2bc11,2022-06,Bedfordshire Police,Bedfordshire Police,-0.472313,52.138278,On or near Hassett Street,E01017471,Bedford 012F,Violence and sexual offences,Unable to prosecute suspect,
9324c97729a0b46fd09d77120097e1982ef20cb7f59f761fde7d8d979bf1a97f,2022-06,Bedfordshire Police,Bedfordshire Police,-0.477390,52.137238,On or near Woburn Road,E01017471,Bedford 012F,Violence and sexual offences,Investigation complete; no suspect identified,
1106b49b201bf5f29b659b907c928827d4445381153a3c8ed55bbacab93c4f8a,2022-06,Bedfordshire Police,Bedfordshire Police,-0.480489,52.138924,On or near The Finches,E01017471,Bedford 012F,Violence and sexual offences,Unable to prosecute suspect,
cd5fa57a61743a951432b188fedf017747ac89feef7c0048f0d80bdd1c06e0a9,2022-06,Bedfordshire Police,Bedfordshire Police,-0.479839,52.139554,On or near Bromham Road,E01017471,Bedford 012F,Violence and sexual offences,Unable to prosecute suspect,
3436c1b47d67c0cafd3dc0a7dbbf6abf091c26d96c75a610dc1c7f6f01e3840f,2022-06,Bedfordshire Police,Bedfordshire Police,-0.478727,52.139602,On or near Bromham Road,E01017471,Bedford 012F,Violence and sexual offences,Unable to prosecute suspect,
a50b609e4b53169560e2d57a5da5c2ffd76bc5d88348c14aa2e6044b6f03a3bb,2022-06,Bedfordshire Police,Bedfordshire Police,-0.480489,52.138924,On or near The Finches,E01017471,Bedford 012F,Violence and sexual offences,Unable to prosecute suspect,
662cbf351246f89e951ae78793a419d4b3c0c2389b4d93b918a2d50e029f30a6,2022-06,Bedfordshire Police,Bedfordshire Police,-0.476167,52.134984,On or near Midland Road,E01017471,Bedford 012F,Violence and sexual offences,Investigation complete; no suspect identified,
e82549fc5a7634ccca639faff4d8e028b9b9ad2a51619ff43eacf7d72ea58a4e,2022-06,Bedfordshire Police,Bedfordshire Police,-0.478841,52.137122,On or near Ashburnham Road,E01017471,Bedford 012F,Violence and sexual offences,Investigation complete; no suspect identified,
f75e4ea7047b501a209ee08eccc8146b0b23132bc8f1318436234d061a74cdd4,2022-06,Bedfordshire Police,Bedfordshire Police,-0.471331,52.137510,On or near Bus/Coach Station,E01017471,Bedford 012F,Violence and sexual offences,Local resolution,
78fd011684190099c699079a1def57022251c080bf272b3deab077f5c84eaa08,2022-06,Bedfordshire Police,Bedfordshire Police,-0.473696,52.138440,On or near Beckett Street,E01017471,Bedford 012F,Violence and sexual offences,Status update unavailable,
fa49773aa71cc9d8e50cd7807412a33bc62584ee825260b2b1de510d6e5aa143,2022-06,Bedfordshire Police,Bedfordshire Police,-0.473696,52.138440,On or near Beckett Street,E01017471,Bedford 012F,Violence and sexual offences,Status update unavailable,
c0ce791753f6b4c5d672526fc00b03288382a72fc84fcd8bb20e7dcc485680c5,2022-06,Bedfordshire Police,Bedfordshire Police,-0.478841,52.137122,On or near Ashburnham Road,E01017471,Bedford 012F,Violence and sexual offences,Action to be taken by another organisation,
984299d16fc876f369487d25f0baa38314c602257344fe9af4505987a73d7631,2022-06,Bedfordshire Police,Bedfordshire Police,-0.477390,52.137238,On or near Woburn Road,E01017471,Bedford 012F,Violence and sexual offences,Unable to prosecute suspect,
e0754929ccda68d38f38b9c0dcafa9cb26c8405ff29a35871661e39f6e3e3fc0,2022-06,Bedfordshire Police,Bedfordshire Police,-0.476167,52.134984,On or near Midland Road,E01017471,Bedford 012F,Violence and sexual offences,Unable to prosecute suspect,
2a8f4599105b1a48f0bc709eb84ed42f86f362b85b869a6ef5ed4d99427831dd,2022-06,Bedfordshire Police,Bedfordshire Police,-0.473696,52.138440,On or near Beckett Street,E01017471,Bedford 012F,Violence and sexual offences,Status update unavailable,
a34f4c3c3e45883dfcb23c25adcc081e0972fc746ba175c8c33d2e49d93b3728,2022-06,Bedfordshire Police,Bedfordshire Police,-0.476532,52.138414,On or near Conduit Road,E01017471,Bedford 012F,Violence and sexual offences,Investigation complete; no suspect identified,
5b57e233a0465ff44aaa028ffab7a20e05168def73e9805f8693cc040745a3a5,2022-06,Bedfordshire Police,Bedfordshire Police,-0.480489,52.138924,On or near The Finches,E01017471,Bedford 012F,Violence and sexual offences,Unable to prosecute suspect,
3bfe817eeba85a867340e2263569ebdd02fc0b516af81e0cea767df20f12173e,2022-06,Bedfordshire Police,Bedfordshire Police,-0.477737,52.137782,On or near The Avenue,E01017471,Bedford 012F,Violence and sexual offences,Unable to prosecute suspect,
f92327e6d9297295355a12ad55c2f299a509d4e34bbd060e74c1803946c81d5b,2022-06,Bedfordshire Police,Bedfordshire Police,-0.476167,52.134984,On or near Midland Road,E01017471,Bedford 012F,Violence and sexual offences,Investigation complete; no suspect identified,
c0afd0d5bec6741d55e90a1574c799f97ba22c49481b3544bf56414d60fd4c54,2022-06,Bedfordshire Police,Bedfordshire Police,-0.471383,52.138572,On or near Gwyn Street,E01017471,Bedford 012F,Violence and sexual offences,Unable to prosecute suspect,
ea00064b254d845694176a23af95a00a67202d146fb219ed27be97624df51150,2022-06,Bedfordshire Police,Bedfordshire Police,-0.480489,52.138924,On or near The Finches,E01017471,Bedford 012F,Violence and sexual offences,Status update unavailable,
6a5ac83bfaa1df8e715075e4d249102bf2c8ff108bde8e267b1857acb0184699,2022-06,Bedfordshire Police,Bedfordshire Police,-0.473475,52.138923,On or near Roise Street,E01017471,Bedford 012F,Violence and sexual offences,Unable to prosecute suspect,
af451c5381d9186c1b1f5f91ba3cb76b2cb056647ce23e693dac545bbdbc807a,2022-06,Bedfordshire Police,Bedfordshire Police,-0.476167,52.134984,On or near Midland Road,E01017471,Bedford 012F,Violence and sexual offences,Investigation complete; no suspect identified,
a2c5388620ce058e6cf135f4fb09a37da8cf5451460bfc243a8eec23f1bf2c61,2022-06,Bedfordshire Police,Bedfordshire Police,-0.476637,52.135754,On or near Grafton Road,E01017471,Bedford 012F,Violence and sexual offences,Unable to prosecute suspect,
d276b0f74b3d35db9bb156e90ef61acd769fb63915ae88eb2d96d46cb63d371b,2022-06,Bedfordshire Police,Bedfordshire Police,-0.476167,52.134984,On or near Midland Road,E01017471,Bedford 012F,Violence and sexual offences,Unable to prosecute suspect,
6108788f412b6cea045d34642087a8a394cb36caacd4b71999d68d8900eddb31,2022-06,Bedfordshire Police,Bedfordshire Police,-0.479839,52.139554,On or near Bromham Road,E01017471,Bedford 012F,Violence and sexual offences,Unable to prosecute suspect,
3f31517e92d97c6738239f18b337c45cb3391537818757fbd23e9bba213c7c5e,2022-06,Bedfordshire Police,Bedfordshire Police,-0.477390,52.137238,On or near Woburn Road,E01017471,Bedford 012F,Other crime,Status update unavailable,
96653e8d53f578cc96fde4618ff0fd4124c43fe76d691c09106b9f4ab08ce495,2022-06,Bedfordshire Police,Bedfordshire Police,-0.477390,52.137238,On or near Woburn Road,E01017471,Bedford 012F,Other crime,Unable to prosecute suspect,
2ac31f9a2b72c48238122cb6804db26854b34f3a80d16506e05ec3fc358e7aec,2022-06,Bedfordshire Police,Bedfordshire Police,-0.474757,52.139047,On or near Greyfriars,E01017471,Bedford 012F,Other crime,Status update unavailable,
,2022-06,Bedfordshire Police,Bedfordshire Police,-0.490006,52.142256,On or near Sports/Recreation Area,E01017535,Bedford 013A,Anti-social behaviour,,
,2022-06,Bedfordshire Police,Bedfordshire Police,-0.487017,52.138180,On or near Cutcliffe Place,E01017535,Bedford 013A,Anti-social behaviour,,
4156f2fedfaf3ed7925ae44e637aa2fb4e6f6da7a7f476d57bf73571e6aeeccd,2022-06,Bedfordshire Police,Bedfordshire Police,-0.486884,52.131750,On or near Short Street,E01017535,Bedford 013A,Criminal damage and arson,Unable to prosecute suspect,
e9feecfa3bebe813ffc1e133bb7f1428daa9b92def92a0da0d9819b9dd46d95b,2022-06,Bedfordshire Police,Bedfordshire Police,-0.486884,52.131750,On or near Short Street,E01017535,Bedford 013A,Drugs,Awaiting court outcome,
dd4b546715571710d2772400033985cd181ffcac45f82d3a1d93ef4759842e70,2022-06,Bedfordshire Police,Bedfordshire Police,-0.490006,52.142256,On or near Sports/Recreation Area,E01017535,Bedford 013A,Other theft,Investigation complete; no suspect identified,
c252701030681f37aacd111780c1c8a73b97acbfc95487ad067557b9d419bdba,2022-06,Bedfordshire Police,Bedfordshire Police,-0.488645,52.134110,On or near Allen Close,E01017535,Bedford 013A,Vehicle crime,Unable to prosecute suspect,
5ced1a9d14f56285f3ebaa1ade269a14468a9fc938a033c2a90fb82a4fa9e57d,2022-06,Bedfordshire Police,Bedfordshire Police,-0.490512,52.143719,On or near Sports/Recreation Area,E01017535,Bedford 013A,Vehicle crime,Status update unavailable,
b737bf6999be272dcbfb2d6bdaa578036a8693aede845ded1046ab6d928315ac,2022-06,Bedfordshire Police,Bedfordshire Police,-0.487017,52.138180,On or near Cutcliffe Place,E01017535,Bedford 013A,Vehicle crime,Investigation complete; no suspect identified,
c27451b7045e0d0ca769b14f6e292e0b763ea403f60a51b238bcb253c48ecb75,2022-06,Bedfordshire Police,Bedfordshire Police,-0.486884,52.131750,On or near Short Street,E01017535,Bedford 013A,Violence and sexual offences,Status update unavailable,
519ff3e1005e77798d2cbfc8d2c1ac071ea1edfd6d4f9d9cd81d01bd2037e578,2022-06,Bedfordshire Police,Bedfordshire Police,-0.486884,52.131750,On or near Short Street,E01017535,Bedford 013A,Violence and sexual offences,Awaiting court outcome,
43271dc10b6e6326f177b1628eff9c80d2374cf3ec54e6b8aca334a7ad46d92c,2022-06,Bedfordshire Police,Bedfordshire Police,-0.486884,52.131750,On or near Short Street,E01017535,Bedford 013A,Violence and sexual offences,Unable to prosecute suspect,
5eb52e6698512680f11afe32b08f4851be746988f4b065061c49a20793d4a414,2022-06,Bedfordshire Police,Bedfordshire Police,-0.486884,52.131750,On or near Short Street,E01017535,Bedford 013A,Violence and sexual offences,Awaiting court outcome,
,2022-06,Bedfordshire Police,Bedfordshire Police,-0.485944,52.133194,On or near Westbourne Road,E01017536,Bedford 013B,Anti-social behaviour,,
,2022-06,Bedfordshire Police,Bedfordshire Police,-0.479975,52.134277,On or near Kempster Close,E01017536,Bedford 013B,Anti-social behaviour,,
,2022-06,Bedfordshire Police,Bedfordshire Police,-0.483015,52.133399,On or near Cromwell Road,E01017536,Bedford 013B,Anti-social behaviour,,
2df7c7510c13357bf81716785224a4c005475b33cf293fe4057c3ff408aab2d4,2022-06,Bedfordshire Police,Bedfordshire Police,-0.483192,52.138077,On or near Queensbury Close,E01017536,Bedford 013B,Other theft,Investigation complete; no suspect identified,
138a779da2f9d50d982eea28643b68ec425d5d9c75b392ccaf04a68a5fd678eb,2022-06,Bedfordshire Police,Bedfordshire Police,-0.485673,52.134288,On or near Marlborough Road,E01017536,Bedford 013B,Public order,Unable to prosecute suspect,
00f6ec981f90bf6985a07976a005b5b3733e54ae92a65417270d626c64f4709a,2022-06,Bedfordshire Police,Bedfordshire Police,-0.480825,52.135053,On or near Henley Road,E01017536,Bedford 013B,Robbery,Unable to prosecute suspect,
7fcda3193177e5bbb389940cc374e171dfec9b98ba1148b1c397f72dfff420b0,2022-06,Bedfordshire Police,Bedfordshire Police,-0.485673,52.134288,On or near Marlborough Road,E01017536,Bedford 013B,Violence and sexual offences,Awaiting court outcome,
9d3f9d8ab84e26fdd7cddf80f9174d8e8bdb38087653469fa4c3dbc5984edec5,2022-06,Bedfordshire Police,Bedfordshire Police,-0.479975,52.134277,On or near Kempster Close,E01017536,Bedford 013B,Violence and sexual offences,Unable to prosecute suspect,
526ce997408f51c4e98a40774f9d04a204a9aec01e9f027b618b12e96e081f81,2022-06,Bedfordshire Police,Bedfordshire Police,-0.482084,52.133711,On or near Fairfax Road,E01017536,Bedford 013B,Violence and sexual offences,Unable to prosecute suspect,
18d86202ee772434fdc4fe8a3c6eab67215aa512143b793083c726c9e5f3df27,2022-06,Bedfordshire Police,Bedfordshire Police,-0.479975,52.134277,On or near Kempster Close,E01017536,Bedford 013B,Violence and sexual offences,Unable to prosecute suspect,
93d55ec482ef47e1cce15255e04c00bc6cfa2e6e91f6858c94d491847e0e969f,2022-06,Bedfordshire Police,Bedfordshire Police,-0.482084,52.133711,On or near Fairfax Road,E01017536,Bedford 013B,Violence and sexual offences,Unable to prosecute suspect,
c428239e23a741069a9ff70a8b11382143384f986e5ca62fea1f8846fe1afd15,2022-06,Bedfordshire Police,Bedfordshire Police,-0.480825,52.135053,On or near Henley Road,E01017536,Bedford 013B,Violence and sexual offences,Unable to prosecute suspect,
c8c40020456420ee07a2d34390455256dc6f769f8de01c2bee54aa9b44ce6267,2022-06,Bedfordshire Police,Bedfordshire Police,-0.482084,52.133711,On or near Fairfax Road,E01017536,Bedford 013B,Violence and sexual offences,Unable to prosecute suspect,
,2022-06,Bedfordshire Police,Bedfordshire Police,-0.495030,52.133239,On or near Sports/Recreation Area,E01017537,Bedford 013C,Anti-social behaviour,,
,2022-06,Bedfordshire Police,Bedfordshire Police,-0.493210,52.133494,On or near Carlisle Road,E01017537,Bedford 013C,Anti-social behaviour,,
1cf50ca14cbc47ca42b26e83e951f9565c476d1c27dd881d9d3b6512050a6704,2022-06,Bedfordshire Police,Bedfordshire Police,-0.492282,52.131981,On or near Old Ford End Road,E01017537,Bedford 013C,Drugs,Awaiting court outcome,
47fcfbe49c45c5374226bc7bc134b4f5aa5042471929002b92374ed39b1d5f23,2022-06,Bedfordshire Police,Bedfordshire Police,-0.495030,52.133239,On or near Sports/Recreation Area,E01017537,Bedford 013C,Vehicle crime,Unable to prosecute suspect,
b7eebd6ffce453d2c451da9ec792220bb54912837676df2329e41964c87d7364,2022-06,Bedfordshire Police,Bedfordshire Police,-0.493210,52.133494,On or near Carlisle Road,E01017537,Bedford 013C,Violence and sexual offences,Unable to prosecute suspect,
1a39e1d32d1e6473da0eb070e1d8714f1c9ad17fec0fedb160d6454149816188,2022-06,Bedfordshire Police,Bedfordshire Police,-0.489967,52.132599,On or near Saunders Gardens,E01017537,Bedford 013C,Violence and sexual offences,Unable to prosecute suspect,
,2022-06,Bedfordshire Police,Bedfordshire Police,-0.484444,52.131332,On or near Raleigh Street,E01017538,Bedford 013D,Anti-social behaviour,,
6da18698c43626a95d27326a0ea77defae7567d049bc1f60807adf6ae78262e3,2022-06,Bedfordshire Police,Bedfordshire Police,-0.481880,52.132387,On or near Havelock Street,E01017538,Bedford 013D,Drugs,Local resolution,
a733e0400c8cd5a96f53afb375c11d62a0040ba1b0bb48cabb1fc0ccb860f148,2022-06,Bedfordshire Police,Bedfordshire Police,-0.483755,52.132240,On or near Ford End Road,E01017538,Bedford 013D,Public order,Unable to prosecute suspect,
6d716133ebeff2fbac4eadb25209b85bc67ed8146b1ead50626ba40c2a29b462,2022-06,Bedfordshire Police,Bedfordshire Police,-0.481880,52.132387,On or near Havelock Street,E01017538,Bedford 013D,Public order,Unable to prosecute suspect,
387881d1f63cd03938eca011e2ab973b17613d36c1e1730486767c329c898642,2022-06,Bedfordshire Police,Bedfordshire Police,-0.484444,52.131332,On or near Raleigh Street,E01017538,Bedford 013D,Public order,Unable to prosecute suspect,
103491d4481931cf85140529b935f5ad01ed56382494afc73e4c3651124493e9,2022-06,Bedfordshire Police,Bedfordshire Police,-0.482722,52.132128,On or near Lawrence Street,E01017538,Bedford 013D,Shoplifting,Status update unavailable,
69ad487d30171badb5e362e0366d978da76a81ff92cd171d48d60df6611942db,2022-06,Bedfordshire Police,Bedfordshire Police,-0.488367,52.130654,On or near Honey Hill Road,E01017538,Bedford 013D,Vehicle crime,Unable to prosecute suspect,
cc83cd6b8c4ae2d9dfe94d07e549ad43f7d226d9ec231e35534eceb8dad861dc,2022-06,Bedfordshire Police,Bedfordshire Police,-0.487766,52.131581,On or near Trinity Road,E01017538,Bedford 013D,Vehicle crime,Investigation complete; no suspect identified,
0fb97ef619c6ebd10b0122097865361f1219aa489444c3dbf5336e0d62d0f82e,2022-06,Bedfordshire Police,Bedfordshire Police,-0.491328,52.130818,On or near Wingfield Close,E01017538,Bedford 013D,Violence and sexual offences,Unable to prosecute suspect,
8a4a33e9fe3183954ecd6ef1f2a6081e6901c08307fb7289d25d2f0bfc1b99c1,2022-06,Bedfordshire Police,Bedfordshire Police,-0.484444,52.131332,On or near Raleigh Street,E01017538,Bedford 013D,Violence and sexual offences,Investigation complete; no suspect identified,
009184c16502e9f3d0dd1d99e482623fe2b9a36dab782c86f580ba791e7dc65f,2022-06,Bedfordshire Police,Bedfordshire Police,-0.484444,52.131332,On or near Raleigh Street,E01017538,Bedford 013D,Violence and sexual offences,Investigation complete; no suspect identified,
ebed4c83508677bd61bcca42cac398e06abfbc217cdae77283ee048117d5ac89,2022-06,Bedfordshire Police,Bedfordshire Police,-0.483755,52.132240,On or near Ford End Road,E01017538,Bedford 013D,Violence and sexual offences,Formal action is not in the public interest,
ac01da40414ec6a2faf2ce5a0ae826ad21c2771e845ed1baf7f8de687c1ed8d1,2022-06,Bedfordshire Police,Bedfordshire Police,-0.487102,52.130044,On or near Cox'S Close,E01017538,Bedford 013D,Violence and sexual offences,Unable to prosecute suspect,
4cddd84faa8b67711b4dba751eee987f1534e9666c183b5433a8446ec67a7476,2022-06,Bedfordshire Police,Bedfordshire Police,-0.490280,52.131560,On or near Fernlea Close,E01017538,Bedford 013D,Violence and sexual offences,Investigation complete; no suspect identified,
1b02fe30f828524938ca88cdb313cf51aa7414da819248ab3eb2f42775dbc9ea,2022-06,Bedfordshire Police,Bedfordshire Police,-0.487102,52.130044,On or near Cox'S Close,E01017538,Bedford 013D,Violence and sexual offences,Unable to prosecute suspect,
,2022-06,Bedfordshire Police,Bedfordshire Police,-0.484435,52.135459,On or near Gratton Road,E01017539,Bedford 013E,Anti-social behaviour,,
4a045f818a8e723792506b807fc7420c265dc85d128f3262f4d3dcb7bff12a22,2022-06,Bedfordshire Police,Bedfordshire Police,-0.485835,52.136825,On or near Winifred Road,E01017539,Bedford 013E,Burglary,Investigation complete; no suspect identified,
3f44b30a63851f98498c7fb9f7a33ebbe9e803e2ec199c5f3cf51e19767453e8,2022-06,Bedfordshire Police,Bedfordshire Police,-0.485835,52.136825,On or near Winifred Road,E01017539,Bedford 013E,Burglary,Investigation complete; no suspect identified,
7e6d587fb8ba28dd9ad5cd02ed6099170ed6f0086447fa9bb5323f148c157084,2022-06,Bedfordshire Police,Bedfordshire Police,-0.485835,52.136825,On or near Winifred Road,E01017539,Bedford 013E,Other theft,Unable to prosecute suspect,
ca7f71ba1410406342c8a378f7597bad319b21ce028f2536746c1b8b319b51a0,2022-06,Bedfordshire Police,Bedfordshire Police,-0.485470,52.137684,On or near Cutcliffe Gardens,E01017539,Bedford 013E,Public order,Unable to prosecute suspect,
cddb9eb767346372b351cd34bb5b4d96fe7cc991f54244590a1845e28b3d0b0c,2022-06,Bedfordshire Police,Bedfordshire Police,-0.485497,52.138188,On or near Cutcliffe Grove,E01017539,Bedford 013E,Public order,Unable to prosecute suspect,
64947afdf63ebc9f1ce8f0e5fd4cdbb93dc0765421cd5b84439cfa4d6ba4320b,2022-06,Bedfordshire Police,Bedfordshire Police,-0.484435,52.135459,On or near Gratton Road,E01017539,Bedford 013E,Violence and sexual offences,Investigation complete; no suspect identified,
4cf3a49a0682028151d7fa986b533ae7b0b4c4170c544cfbbe3b99574be388a4,2022-06,Bedfordshire Police,Bedfordshire Police,-0.484435,52.135459,On or near Gratton Road,E01017539,Bedford 013E,Violence and sexual offences,Investigation complete; no suspect identified,
,2022-06,Bedfordshire Police,Bedfordshire Police,-0.448645,52.119250,On or near Hereford Road,E01017518,Bedford 014A,Anti-social behaviour,,
,2022-06,Bedfordshire Police,Bedfordshire Police,-0.456107,52.122665,On or near Myrtle Road,E01017518,Bedford 014A,Anti-social behaviour,,
,2022-06,Bedfordshire Police,Bedfordshire Police,-0.456107,52.122665,On or near Myrtle Road,E01017518,Bedford 014A,Anti-social behaviour,,
0f1406e19655ddaac77bb8d5e15ca97ed21d8dc7285f23c8a00bc7c3e1f2fd58,2022-06,Bedfordshire Police,Bedfordshire Police,-0.450650,52.119555,On or near Mile Road,E01017518,Bedford 014A,Bicycle theft,Investigation complete; no suspect identified,
c1636894eab8ef3087705916319e66fef9ee293c90f9f5ea42d7f7289e134702,2022-06,Bedfordshire Police,Bedfordshire Police,-0.448083,52.117768,On or near Foxglove Way,E01017518,Bedford 014A,Criminal damage and arson,Investigation complete; no suspect identified,
bd39221d491ad5fd70f64de41040d1d185a168dd93d3724fa2a5cf2abf3b8714,2022-06,Bedfordshire Police,Bedfordshire Police,-0.450650,52.119555,On or near Mile Road,E01017518,Bedford 014A,Possession of weapons,Action to be taken by another organisation,
abef0677ef28ff83f78937bd5ad954111a1564a53b9b749723d440c7910302fa,2022-06,Bedfordshire Police,Bedfordshire Police,-0.455265,52.122106,On or near St Helena Road,E01017518,Bedford 014A,Vehicle crime,Unable to prosecute suspect,
9a59c254c38d30f21253cecd98c2fd103188a2b973e38ddf0390eaaf4df773bd,2022-06,Bedfordshire Police,Bedfordshire Police,-0.448947,52.114749,On or near Sandleford Drive,E01017518,Bedford 014A,Vehicle crime,Investigation complete; no suspect identified,
634edd55d480f224cb14654e391eee588cdb99e1ba9b98d72b9ae41236dcfb17,2022-06,Bedfordshire Police,Bedfordshire Police,-0.458948,52.124168,On or near Kathie Road,E01017518,Bedford 014A,Vehicle crime,Investigation complete; no suspect identified,
aaf03b135ee2f490c931c53b37349f3d4e1873d17d0eb824212ca73ba403d719,2022-06,Bedfordshire Police,Bedfordshire Police,-0.458948,52.124168,On or near Kathie Road,E01017518,Bedford 014A,Vehicle crime,Investigation complete; no suspect identified,
4804054f849794df0f5d40586c7f1e5cab2b94f82a9b7df2a3f677c510ef3dac,2022-06,Bedfordshire Police,Bedfordshire Police,-0.455265,52.122106,On or near St Helena Road,E01017518,Bedford 014A,Vehicle crime,Investigation complete; no suspect identified,
bdaa6032c2d87194b0dfb73f374a6de3cdcac9295a36aebc8a0d35fa3dad1f07,2022-06,Bedfordshire Police,Bedfordshire Police,-0.445607,52.117555,On or near Buttercup Close,E01017518,Bedford 014A,Violence and sexual offences,Unable to prosecute suspect,
1cbe1048d833a3463164078cedd97fe7ad631b70e54d105a2ab648b7dae4b2cc,2022-06,Bedfordshire Police,Bedfordshire Police,-0.455265,52.122106,On or near St Helena Road,E01017518,Bedford 014A,Violence and sexual offences,Unable to prosecute suspect,
5eee1a90bbb1c12f6fe38d2c3a8ee24cac835a99c219e3192f89683b3621d7d9,2022-06,Bedfordshire Police,Bedfordshire Police,-0.450650,52.119555,On or near Mile Road,E01017518,Bedford 014A,Violence and sexual offences,Unable to prosecute suspect,
2c79f453b6fe9182fa5b1c5a95ae47e34726ef20d3c26617f47b88405c3ca520,2022-06,Bedfordshire Police,Bedfordshire Police,-0.448083,52.117768,On or near Foxglove Way,E01017518,Bedford 014A,Other crime,Unable to prosecute suspect,
,2022-06,Bedfordshire Police,Bedfordshire Police,-0.451338,52.127521,On or near Collie Road,E01017519,Bedford 014B,Anti-social behaviour,,
,2022-06,Bedfordshire Police,Bedfordshire Police,-0.451203,52.129713,On or near Supermarket,E01017519,Bedford 014B,Anti-social behaviour,,
,2022-06,Bedfordshire Police,Bedfordshire Police,-0.451203,52.129713,On or near Supermarket,E01017519,Bedford 014B,Anti-social behaviour,,
,2022-06,Bedfordshire Police,Bedfordshire Police,-0.451203,52.129713,On or near Supermarket,E01017519,Bedford 014B,Anti-social behaviour,,
,2022-06,Bedfordshire Police,Bedfordshire Police,-0.451203,52.129713,On or near Supermarket,E01017519,Bedford 014B,Anti-social behaviour,,
,2022-06,Bedfordshire Police,Bedfordshire Police,-0.451203,52.129713,On or near Supermarket,E01017519,Bedford 014B,Anti-social behaviour,,
,2022-06,Bedfordshire Police,Bedfordshire Police,-0.451203,52.129713,On or near Supermarket,E01017519,Bedford 014B,Anti-social behaviour,,
,2022-06,Bedfordshire Police,Bedfordshire Police,-0.451203,52.129713,On or near Supermarket,E01017519,Bedford 014B,Anti-social behaviour,,
,2022-06,Bedfordshire Police,Bedfordshire Police,-0.451203,52.129713,On or near Supermarket,E01017519,Bedford 014B,Anti-social behaviour,,
,2022-06,Bedfordshire Police,Bedfordshire Police,-0.451203,52.129713,On or near Supermarket,E01017519,Bedford 014B,Anti-social behaviour,,
,2022-06,Bedfordshire Police,Bedfordshire Police,-0.451203,52.129713,On or near Supermarket,E01017519,Bedford 014B,Anti-social behaviour,,
,2022-06,Bedfordshire Police,Bedfordshire Police,-0.449725,52.129379,On or near Petrol Station,E01017519,Bedford 014B,Anti-social behaviour,,
,2022-06,Bedfordshire Police,Bedfordshire Police,-0.447987,52.125984,On or near Mareth Road,E01017519,Bedford 014B,Anti-social behaviour,,
,2022-06,Bedfordshire Police,Bedfordshire Police,-0.451203,52.129713,On or near Supermarket,E01017519,Bedford 014B,Anti-social behaviour,,
149d9a6c931084d58a5235719c8929ca74ccf1711e1831ccfebae70efbf86973,2022-06,Bedfordshire Police,Bedfordshire Police,-0.451203,52.129713,On or near Supermarket,E01017519,Bedford 014B,Criminal damage and arson,Investigation complete; no suspect identified,
f53277b0c3e5ff402413471a223069d855ae3886d6abe567dddec7f65faf209a,2022-06,Bedfordshire Police,Bedfordshire Police,-0.442798,52.123983,On or near Reddall Close,E01017519,Bedford 014B,Criminal damage and arson,Investigation complete; no suspect identified,
3b5bfed7befe543da521734a802a30c8cd1d79bac4f0bb4df7340698eef4e4b9,2022-06,Bedfordshire Police,Bedfordshire Police,-0.451203,52.129713,On or near Supermarket,E01017519,Bedford 014B,Criminal damage and arson,Investigation complete; no suspect identified,
2fa16dcc340492f2c94bf916fd3742a24cad92200e4d16d50000c70ab68e3b97,2022-06,Bedfordshire Police,Bedfordshire Police,-0.448073,52.130670,On or near Park/Open Space,E01017519,Bedford 014B,Other theft,Investigation complete; no suspect identified,
97ef80b049a2e32485347d964c10819e299578ffa8d63956e1a9ec257f728d51,2022-06,Bedfordshire Police,Bedfordshire Police,-0.448073,52.130670,On or near Park/Open Space,E01017519,Bedford 014B,Other theft,Investigation complete; no suspect identified,
5502b04e4aa8dc57212e2afb6d7f8c7db4605cba0a3dc60015d0a49c7f4c1278,2022-06,Bedfordshire Police,Bedfordshire Police,-0.451203,52.129713,On or near Supermarket,E01017519,Bedford 014B,Public order,Investigation complete; no suspect identified,
95d465052e69030bf223af446604a7bbfb16bd6572d8bffc69fdef6d9435dbf4,2022-06,Bedfordshire Police,Bedfordshire Police,-0.451203,52.129713,On or near Supermarket,E01017519,Bedford 014B,Shoplifting,Court result unavailable,
260d85716b7db656e6fa72c1515d2ee08bda6d0a0d8be9acd56dd86240096834,2022-06,Bedfordshire Police,Bedfordshire Police,-0.451203,52.129713,On or near Supermarket,E01017519,Bedford 014B,Shoplifting,Investigation complete; no suspect identified,
69e33907f6db92f470c23c2decd379bc6e02f82cc549d72ab6714b55b02b1bf4,2022-06,Bedfordshire Police,Bedfordshire Police,-0.451203,52.129713,On or near Supermarket,E01017519,Bedford 014B,Shoplifting,Investigation complete; no suspect identified,
71411dc1555ed283f9bc415e2445080c45f46872a18604c1da4c03fe3f2b09f3,2022-06,Bedfordshire Police,Bedfordshire Police,-0.451203,52.129713,On or near Supermarket,E01017519,Bedford 014B,Shoplifting,Investigation complete; no suspect identified,
38e8d0530c42fcba0bcd023919394bfed9fdab3d127c45ac56cc20e5539a8db6,2022-06,Bedfordshire Police,Bedfordshire Police,-0.447347,52.132216,On or near Longholme Way,E01017519,Bedford 014B,Violence and sexual offences,Unable to prosecute suspect,
a524d27062d9d1b95526fbf38f7f8849ce79bd0d9ac34dcb9ba4b0aeaf856166,2022-06,Bedfordshire Police,Bedfordshire Police,-0.441800,52.122864,On or near Leith Road,E01017519,Bedford 014B,Violence and sexual offences,Status update unavailable,
fc0c1dfad5e57d6745eed04d6689260edbd3747a7273cd64cebc75dc4421bf05,2022-06,Bedfordshire Police,Bedfordshire Police,-0.451338,52.127521,On or near Collie Road,E01017519,Bedford 014B,Violence and sexual offences,Court result unavailable,
,2022-06,Bedfordshire Police,Bedfordshire Police,-0.413887,52.128552,On or near Sports/Recreation Area,E01017520,Bedford 014C,Anti-social behaviour,,
,2022-06,Bedfordshire Police,Bedfordshire Police,-0.438944,52.123078,On or near Alburgh Close,E01017520,Bedford 014C,Anti-social behaviour,,
,2022-06,Bedfordshire Police,Bedfordshire Police,-0.440756,52.121366,On or near Collins Place,E01017520,Bedford 014C,Anti-social behaviour,,
,2022-06,Bedfordshire Police,Bedfordshire Police,-0.439825,52.119601,On or near Harrowden Road,E01017520,Bedford 014C,Anti-social behaviour,,
4b40335730296afe401d990b896fc0ae70b4347f4e383acfc76ffe026ece8be4,2022-06,Bedfordshire Police,Bedfordshire Police,-0.435796,52.122029,On or near Arkwright Road,E01017520,Bedford 014C,Burglary,Investigation complete; no suspect identified,
e8fe64a20b62db0950a2bdb1ad3725675861a16e9dfceb68224874209587ab85,2022-06,Bedfordshire Police,Bedfordshire Police,-0.439825,52.119601,On or near Harrowden Road,E01017520,Bedford 014C,Criminal damage and arson,Investigation complete; no suspect identified,
c573a41a0c6e501448cd2abc21ad2b7a5e56ca372eb0e16363fd376b28e3559e,2022-06,Bedfordshire Police,Bedfordshire Police,-0.431549,52.123159,On or near St Martins Way,E01017520,Bedford 014C,Shoplifting,Unable to prosecute suspect,
1f9f267c20f0513377f5ec11f543a8f8468963dfe5ce4c2cc91e6630eb300c30,2022-06,Bedfordshire Police,Bedfordshire Police,-0.437661,52.117162,On or near A421,E01017520,Bedford 014C,Vehicle crime,Investigation complete; no suspect identified,
db76b2f0635e93ea37117da0cb8f2a198501b6acddf1a6a10b5aca99c865a5fb,2022-06,Bedfordshire Police,Bedfordshire Police,-0.413887,52.128552,On or near Sports/Recreation Area,E01017520,Bedford 014C,Vehicle crime,Investigation complete; no suspect identified,
c5b1c6540fed8ee0fd2a62df162a24b86a3926157044f3071b0cea41a0b6a6ae,2022-06,Bedfordshire Police,Bedfordshire Police,-0.440756,52.121366,On or near Collins Place,E01017520,Bedford 014C,Vehicle crime,Investigation complete; no suspect identified,
81c3349d27aeaeae91d97a3bf87e546608d8382e47942fc5410a3ece4d205a79,2022-06,Bedfordshire Police,Bedfordshire Police,-0.438944,52.123078,On or near Alburgh Close,E01017520,Bedford 014C,Vehicle crime,Investigation complete; no suspect identified,
bf3b864179d98a76e73ada9a09f0e3b8152ceb36a57e0aef20c2cc131eae914e,2022-06,Bedfordshire Police,Bedfordshire Police,-0.440743,52.122157,On or near Bamford Road,E01017520,Bedford 014C,Vehicle crime,Investigation complete; no suspect identified,
fea44d29a85b1f2fbbd2eba97cefaa65a7353ac8bd600edd0c38f3bd9677a5db,2022-06,Bedfordshire Police,Bedfordshire Police,-0.437661,52.117162,On or near A421,E01017520,Bedford 014C,Vehicle crime,Investigation complete; no suspect identified,
f4d6be0b5b130ff4fe1d906431e6970a378f516ef22689c6d2a12f155f054197,2022-06,Bedfordshire Police,Bedfordshire Police,-0.437661,52.117162,On or near A421,E01017520,Bedford 014C,Violence and sexual offences,Investigation complete; no suspect identified,
2716ff1cc471d7e158041794c9af0e077c9a25088c0ef2796b8ef855b69f3cbb,2022-06,Bedfordshire Police,Bedfordshire Police,-0.440743,52.122157,On or near Bamford Road,E01017520,Bedford 014C,Violence and sexual offences,Action to be taken by another organisation,
c9c05c955f10b5e1159824138ff898ecb29c774fedeb094b60f7fb2930503da5,2022-06,Bedfordshire Police,Bedfordshire Police,-0.431549,52.123159,On or near St Martins Way,E01017520,Bedford 014C,Violence and sexual offences,Investigation complete; no suspect identified,
39ad78979f8ca3a1e945c05aa77592d28a682a67cdfae1796817e816befc1c17,2022-06,Bedfordshire Police,Bedfordshire Police,-0.431549,52.123159,On or near St Martins Way,E01017520,Bedford 014C,Violence and sexual offences,Investigation complete; no suspect identified,
,2022-06,Bedfordshire Police,Bedfordshire Police,-0.448038,52.120303,On or near Leiston Close,E01017521,Bedford 014D,Anti-social behaviour,,
,2022-06,Bedfordshire Police,Bedfordshire Police,-0.443430,52.119684,On or near Harrowden Road,E01017521,Bedford 014D,Anti-social behaviour,,
,2022-06,Bedfordshire Police,Bedfordshire Police,-0.448038,52.120303,On or near Leiston Close,E01017521,Bedford 014D,Anti-social behaviour,,
,2022-06,Bedfordshire Police,Bedfordshire Police,-0.448038,52.120303,On or near Leiston Close,E01017521,Bedford 014D,Anti-social behaviour,,
,2022-06,Bedfordshire Police,Bedfordshire Police,-0.448038,52.120303,On or near Leiston Close,E01017521,Bedford 014D,Anti-social behaviour,,
7ea5f361c315ef1f532a6ebb6ca20d48ff8c3d3153de24e535c09c5d31085a44,2022-06,Bedfordshire Police,Bedfordshire Police,-0.449761,52.124551,On or near Parking Area,E01017521,Bedford 014D,Drugs,Status update unavailable,
4be9269f64c64f6238488de0add60c380c9450c562db5b002902b320b54632b6,2022-06,Bedfordshire Police,Bedfordshire Police,-0.448038,52.120303,On or near Leiston Close,E01017521,Bedford 014D,Other theft,Investigation complete; no suspect identified,
5a672225afb4861cd59edba94f0f30b2d97677eeee5136aff1ccad04fdeb52e8,2022-06,Bedfordshire Police,Bedfordshire Police,-0.449761,52.124551,On or near Parking Area,E01017521,Bedford 014D,Possession of weapons,Investigation complete; no suspect identified,
9bdd7daaae1cf3639a64f29b025876bae4227e826d5e1487478f5ffc7feb78f7,2022-06,Bedfordshire Police,Bedfordshire Police,-0.449761,52.124551,On or near Parking Area,E01017521,Bedford 014D,Public order,Investigation complete; no suspect identified,
d8dac40b29a35603677c6230b0a8219fead9d95ba86357d050eb677cf061980d,2022-06,Bedfordshire Police,Bedfordshire Police,-0.454670,52.124103,On or near Cedar Road,E01017521,Bedford 014D,Vehicle crime,Investigation complete; no suspect identified,
4d02ecf45d0febaec4e7677c01068b4a06c297363f5ac561c1e4563bbb4ebc60,2022-06,Bedfordshire Police,Bedfordshire Police,-0.453013,52.123002,On or near Oak Road,E01017521,Bedford 014D,Vehicle crime,Investigation complete; no suspect identified,
731b39ba4ef9c6d51e1ab967a320e9a3d7c37cb9b9c94dc72664861d021efd2a,2022-06,Bedfordshire Police,Bedfordshire Police,-0.454670,52.124103,On or near Cedar Road,E01017521,Bedford 014D,Vehicle crime,Investigation complete; no suspect identified,
b1ff1e6d5be3e6c8cfb13b7f96d2967f96012be0660574fc53176ff8f3858c13,2022-06,Bedfordshire Police,Bedfordshire Police,-0.453147,52.125063,On or near Voyce Way,E01017521,Bedford 014D,Vehicle crime,Investigation complete; no suspect identified,
95d6efdb869028756c1f65bec949a3b3a6d366e47571e54028e7ef938770f8e3,2022-06,Bedfordshire Police,Bedfordshire Police,-0.442957,52.118995,On or near Worcester Road,E01017521,Bedford 014D,Vehicle crime,Investigation complete; no suspect identified,
433d864228dc8053145a4d484e187efaef2c344da200fca3a46ce78f48ebef68,2022-06,Bedfordshire Police,Bedfordshire Police,-0.454670,52.124103,On or near Cedar Road,E01017521,Bedford 014D,Vehicle crime,Investigation complete; no suspect identified,
340dffccb35062ba5afa5b26a3046f8f743f2821cf4fee99f33e7a12e268879b,2022-06,Bedfordshire Police,Bedfordshire Police,-0.453147,52.125063,On or near Voyce Way,E01017521,Bedford 014D,Violence and sexual offences,Unable to prosecute suspect,
7e099cc0a1ea78faddbef61ed15d5dbc5ee78ed14befd2e9d495d7097e9b6ef1,2022-06,Bedfordshire Police,Bedfordshire Police,-0.442957,52.118995,On or near Worcester Road,E01017521,Bedford 014D,Violence and sexual offences,Unable to prosecute suspect,
d6bd644d669a7b39305441302ea6532f3862c7d40945c7c8481bee54b747fb99,2022-06,Bedfordshire Police,Bedfordshire Police,-0.454670,52.124103,On or near Cedar Road,E01017521,Bedford 014D,Violence and sexual offences,Unable to prosecute suspect,
,2022-06,Bedfordshire Police,Bedfordshire Police,-0.463161,52.133322,On or near Chethams,E01017522,Bedford 014E,Anti-social behaviour,,
,2022-06,Bedfordshire Police,Bedfordshire Police,-0.461478,52.127033,On or near Vulcan Street,E01017522,Bedford 014E,Anti-social behaviour,,
,2022-06,Bedfordshire Police,Bedfordshire Police,-0.458245,52.128861,On or near Fenlake Road,E01017522,Bedford 014E,Anti-social behaviour,,
,2022-06,Bedfordshire Police,Bedfordshire Police,-0.458245,52.128861,On or near Fenlake Road,E01017522,Bedford 014E,Anti-social behaviour,,
,2022-06,Bedfordshire Police,Bedfordshire Police,-0.458410,52.131273,On or near Cardington Road,E01017522,Bedford 014E,Anti-social behaviour,,
,2022-06,Bedfordshire Police,Bedfordshire Police,-0.465525,52.132139,On or near St John'S Street,E01017522,Bedford 014E,Anti-social behaviour,,
,2022-06,Bedfordshire Police,Bedfordshire Police,-0.466065,52.133864,On or near St Mary'S Street,E01017522,Bedford 014E,Anti-social behaviour,,
,2022-06,Bedfordshire Police,Bedfordshire Police,-0.462297,52.127440,On or near Grosvenor Street,E01017522,Bedford 014E,Anti-social behaviour,,
4eda5dacaa0762b3d0af896b889ffd0cd8a0ef3fd12124c11132f730ccf9cc2b,2022-06,Bedfordshire Police,Bedfordshire Police,-0.460797,52.131107,On or near Kingsbrook Road,E01017522,Bedford 014E,Burglary,Investigation complete; no suspect identified,
dfff4b50a66c6932ac114c1a928572b2cd132d9885cda1fde81b9646b210fa61,2022-06,Bedfordshire Police,Bedfordshire Police,-0.462283,52.131665,On or near Ray'S Close,E01017522,Bedford 014E,Burglary,Court result unavailable,
b3cafc39befe08cd854f1a65fb8c6fc3dbe81f7b681b2ad47d2baec7bedf40df,2022-06,Bedfordshire Police,Bedfordshire Police,-0.462297,52.127440,On or near Grosvenor Street,E01017522,Bedford 014E,Criminal damage and arson,Unable to prosecute suspect,
7e832eb24a5ef0cb504a90a028316045c543bc5d62e8230fff983bcd1831a886,2022-06,Bedfordshire Police,Bedfordshire Police,-0.463695,52.127575,On or near Elstow Road,E01017522,Bedford 014E,Criminal damage and arson,Investigation complete; no suspect identified,
c21e038571420cb9e20a395e2d0a4144eb66b13ed098b0a74e9f796c90821e54,2022-06,Bedfordshire Police,Bedfordshire Police,-0.466065,52.133864,On or near St Mary'S Street,E01017522,Bedford 014E,Criminal damage and arson,Investigation complete; no suspect identified,
85a6275faf89fadf01b7f0a407b643384b9a86b7146caee663129d1882f5eadf,2022-06,Bedfordshire Police,Bedfordshire Police,-0.462297,52.127440,On or near Grosvenor Street,E01017522,Bedford 014E,Criminal damage and arson,Unable to prosecute suspect,
aaa51aa66a5bee809dc4067f696480490e3bf5ceea6eca6296fbfe0db5f779b1,2022-06,Bedfordshire Police,Bedfordshire Police,-0.463695,52.127575,On or near Elstow Road,E01017522,Bedford 014E,Criminal damage and arson,Investigation complete; no suspect identified,
3ac0ae7ef4c668d196b265237945d40ae3465fa4f0e7ac54a0b6e13bbf38552a,2022-06,Bedfordshire Police,Bedfordshire Police,-0.459997,52.126358,On or near Petrol Station,E01017522,Bedford 014E,Criminal damage and arson,Investigation complete; no suspect identified,
c4d72de9198913db95d14af5a6b200d5b8c8e0bc807da2d4369448a709e1ce80,2022-06,Bedfordshire Police,Bedfordshire Police,-0.465525,52.132139,On or near St John'S Street,E01017522,Bedford 014E,Drugs,Unable to prosecute suspect,
3288e4fa2bdb12e94a0e889cd8a84545b01fca3a43e563cece6cc5c202bfc745,2022-06,Bedfordshire Police,Bedfordshire Police,-0.465525,52.132139,On or near St John'S Street,E01017522,Bedford 014E,Other theft,Investigation complete; no suspect identified,
d6809f145dac99b79a6203065c6e3d9ac546b2a12e7149879c26fefcbd0eae74,2022-06,Bedfordshire Police,Bedfordshire Police,-0.462815,52.126394,On or near Redwood Grove,E01017522,Bedford 014E,Other theft,Investigation complete; no suspect identified,
c11027e76619961ce937014469fc8d48f0dbcec0c385c126699f104129da7f07,2022-06,Bedfordshire Police,Bedfordshire Police,-0.458245,52.128861,On or near Fenlake Road,E01017522,Bedford 014E,Other theft,Investigation complete; no suspect identified,
cb5c6458d83ee52df4195cbfd6cd52c358cd3227c4e413ac299c41572d450fda,2022-06,Bedfordshire Police,Bedfordshire Police,-0.465525,52.132139,On or near St John'S Street,E01017522,Bedford 014E,Public order,Investigation complete; no suspect identified,
81b8c25a4e8b349229ae5a7f4594d56f412de60eae8e9e249ddf3ddb49629048,2022-06,Bedfordshire Police,Bedfordshire Police,-0.457080,52.128756,On or near Hockliffe Road,E01017522,Bedford 014E,Public order,Unable to prosecute suspect,
767a4690a2e018d1728df9a379c36c65b62eb07ff6ad9df15a4f9c6586db9a12,2022-06,Bedfordshire Police,Bedfordshire Police,-0.458245,52.128861,On or near Fenlake Road,E01017522,Bedford 014E,Shoplifting,Investigation complete; no suspect identified,
b2a27e0504107c55922e393854825547dacb57810bf80784040ecfe0cfbb92f9,2022-06,Bedfordshire Police,Bedfordshire Police,-0.458245,52.128861,On or near Fenlake Road,E01017522,Bedford 014E,Shoplifting,Investigation complete; no suspect identified,
5de181ae4a7c0b87285ce58499e96b22bb06f2f68ea5c82a008f4e9bf25d3426,2022-06,Bedfordshire Police,Bedfordshire Police,-0.458410,52.131273,On or near Cardington Road,E01017522,Bedford 014E,Shoplifting,Unable to prosecute suspect,
0bd9416f396051729f42889fe73064dab2ebc3a75c4c5df891abef322cf8718c,2022-06,Bedfordshire Police,Bedfordshire Police,-0.461294,52.130681,On or near Rope Walk,E01017522,Bedford 014E,Shoplifting,Investigation complete; no suspect identified,
55ecbc290e3b30a0ac075ff9906a2ca39c5310b6bc769fd4a949bb49ac0699de,2022-06,Bedfordshire Police,Bedfordshire Police,-0.463161,52.133322,On or near Chethams,E01017522,Bedford 014E,Vehicle crime,Unable to prosecute suspect,
2ec9f806cdc0659605b66935d6bb74fc400f0863039aa6fd3f2dd6d5bfe59e7d,2022-06,Bedfordshire Police,Bedfordshire Police,-0.462297,52.127440,On or near Grosvenor Street,E01017522,Bedford 014E,Vehicle crime,Investigation complete; no suspect identified,
d12ddd0870e42ad89a5eafa204f95e1040c941eba81b9ac8833b3a0aa3cfbd3f,2022-06,Bedfordshire Police,Bedfordshire Police,-0.463161,52.133322,On or near Chethams,E01017522,Bedford 014E,Violence and sexual offences,Unable to prosecute suspect,
a0be5ff43ea36277e99594d8fb60c3fe43de1f8b4ba271a4cbbd8ce96645c833,2022-06,Bedfordshire Police,Bedfordshire Police,-0.457080,52.128756,On or near Hockliffe Road,E01017522,Bedford 014E,Violence and sexual offences,Unable to prosecute suspect,
009c7900450d7cd1f8e6ac7df6551f8a118db49a2f824492c7ae591925e91ade,2022-06,Bedfordshire Police,Bedfordshire Police,-0.463161,52.133322,On or near Chethams,E01017522,Bedford 014E,Violence and sexual offences,Action to be taken by another organisation,
eb3ca022546321b564d4a4f4be32ce7c840d472b3fc69ac280d95ca2a218654c,2022-06,Bedfordshire Police,Bedfordshire Police,-0.463161,52.133322,On or near Chethams,E01017522,Bedford 014E,Violence and sexual offences,Action to be taken by another organisation,
d3bff2d6a4601747fe4510ad43b90840b42a16cf5fd0e9d7b31e08c3c6fd0128,2022-06,Bedfordshire Police,Bedfordshire Police,-0.465525,52.132139,On or near St John'S Street,E01017522,Bedford 014E,Violence and sexual offences,Unable to prosecute suspect,
07360fe4ee29947bb448a7073aed83a871dffe84ab6c841ca15bb77feb1b0623,2022-06,Bedfordshire Police,Bedfordshire Police,-0.462815,52.126394,On or near Redwood Grove,E01017522,Bedford 014E,Violence and sexual offences,Unable to prosecute suspect,
609c6a1c0b5275c39c0e5a0e84da39ad6171c215c45805ce39683a23ac54d4ae,2022-06,Bedfordshire Police,Bedfordshire Police,-0.466065,52.133864,On or near St Mary'S Street,E01017522,Bedford 014E,Violence and sexual offences,Investigation complete; no suspect identified,
13e9f52484e12c3d64f487bd3dbd93dfa3d45ef8ca72abdadf569073d55dc672,2022-06,Bedfordshire Police,Bedfordshire Police,-0.462297,52.127440,On or near Grosvenor Street,E01017522,Bedford 014E,Violence and sexual offences,Investigation complete; no suspect identified,
9ba4cbd4bfe5f23ad55b2fb293ef19c5a1ae8c9df3b1299bc1363d0bd8a0335d,2022-06,Bedfordshire Police,Bedfordshire Police,-0.458245,52.128861,On or near Fenlake Road,E01017522,Bedford 014E,Violence and sexual offences,Offender given a caution,
88608a5f0ee234c9920f8507eebe8fa41bf18d085bfac476078c0bd269fcc182,2022-06,Bedfordshire Police,Bedfordshire Police,-0.465525,52.132139,On or near St John'S Street,E01017522,Bedford 014E,Violence and sexual offences,Unable to prosecute suspect,
dfb82353b88eb48398b789da8d2339f698591034aecd78891cf9bee3774a8107,2022-06,Bedfordshire Police,Bedfordshire Police,-0.466065,52.133864,On or near St Mary'S Street,E01017522,Bedford 014E,Violence and sexual offences,Unable to prosecute suspect,
54dc551a61135e2eccf4f94aaa0e9f25895a26572f3e27f0241cf64b6daee077,2022-06,Bedfordshire Police,Bedfordshire Police,-0.466065,52.133864,On or near St Mary'S Street,E01017522,Bedford 014E,Violence and sexual offences,Investigation complete; no suspect identified,
08ca3c67bf1643a24e6fd5697b71b35437c5a2ab141f070a17f9174f7e1471ae,2022-06,Bedfordshire Police,Bedfordshire Police,-0.462297,52.127440,On or near Grosvenor Street,E01017522,Bedford 014E,Violence and sexual offences,Unable to prosecute suspect,
fa2be4d9f9f1d1bd282f0f0abf1ce1f3e75e53252a9ae1b5f9d439c198ae4a30,2022-06,Bedfordshire Police,Bedfordshire Police,-0.456428,52.128190,On or near Coombs Close,E01017522,Bedford 014E,Violence and sexual offences,Unable to prosecute suspect,
,2022-06,Bedfordshire Police,Bedfordshire Police,-0.456432,52.125106,On or near Paradine Road,E01017523,Bedford 014F,Anti-social behaviour,,
,2022-06,Bedfordshire Police,Bedfordshire Police,-0.458772,52.127133,On or near Gifford Road,E01017523,Bedford 014F,Anti-social behaviour,,
,2022-06,Bedfordshire Police,Bedfordshire Police,-0.456960,52.126741,On or near Faldo Road,E01017523,Bedford 014F,Anti-social behaviour,,
a98f0af33d69e9d8b74ef4184a866063db2f62c1bbf3543710746cd202c33c46,2022-06,Bedfordshire Police,Bedfordshire Police,-0.456960,52.126741,On or near Faldo Road,E01017523,Bedford 014F,Criminal damage and arson,Investigation complete; no suspect identified,
6339a9045de35f6f6d096742ec0f147d3eaa5dc7ee9b2b93a95e1f9a7616a1f2,2022-06,Bedfordshire Police,Bedfordshire Police,-0.453668,52.125600,On or near Acacia Road,E01017523,Bedford 014F,Drugs,Local resolution,
534548e46ea7e13fee3faa97716c8bab9b3e1a5dcfebec4ad761d2999579103f,2022-06,Bedfordshire Police,Bedfordshire Police,-0.457940,52.127554,On or near Christie Road,E01017523,Bedford 014F,Public order,Unable to prosecute suspect,
ffe5b9e9de5a60f98c48a3a8fcde8d602bf1081aa952577339a41e1e10f950b9,2022-06,Bedfordshire Police,Bedfordshire Police,-0.456960,52.126741,On or near Faldo Road,E01017523,Bedford 014F,Robbery,Unable to prosecute suspect,
5f033764fa22da0622bf3eaec8d3dd33909b78a43845f6e637be542d4d1cdf24,2022-06,Bedfordshire Police,Bedfordshire Police,-0.456960,52.126741,On or near Faldo Road,E01017523,Bedford 014F,Theft from the person,Investigation complete; no suspect identified,
900eb8c4ddbc56103d376de548cf7722ed820a1f17420c5fbe3c70ca3c468408,2022-06,Bedfordshire Police,Bedfordshire Police,-0.458772,52.127133,On or near Gifford Road,E01017523,Bedford 014F,Vehicle crime,Investigation complete; no suspect identified,
563e9ad103834e670f37191c492f419479c4c22e746747195d41ef957df3391c,2022-06,Bedfordshire Police,Bedfordshire Police,-0.452864,52.127316,On or near Harding Close,E01017523,Bedford 014F,Vehicle crime,Investigation complete; no suspect identified,
3725661824d59dfa48ec32a4420fdb58eb1ebc68a08bea7101ab3562e5742072,2022-06,Bedfordshire Police,Bedfordshire Police,-0.456960,52.126741,On or near Faldo Road,E01017523,Bedford 014F,Vehicle crime,Investigation complete; no suspect identified,
41f809c711c20e7b9a03d3742e22030bcdc42d2588dd41b920b9f9f19f9a7cb4,2022-06,Bedfordshire Police,Bedfordshire Police,-0.452864,52.127316,On or near Harding Close,E01017523,Bedford 014F,Violence and sexual offences,Investigation complete; no suspect identified,
27c093c5d77cda8b133309a02805acff08b0acc3df6c01ca9f75a43ad00e0438,2022-06,Bedfordshire Police,Bedfordshire Police,-0.456432,52.125106,On or near Paradine Road,E01017523,Bedford 014F,Violence and sexual offences,Unable to prosecute suspect,
18e477dd98edb3a71a85e638b6ca6d58a6be908c0384f35630c881f152b0b545,2022-06,Bedfordshire Police,Bedfordshire Police,-0.452864,52.127316,On or near Harding Close,E01017523,Bedford 014F,Violence and sexual offences,Local resolution,
4b8dfac6255b354d275119ba3e69691ab9c6b2f930ec0f793367aeca5fe5b3d5,2022-06,Bedfordshire Police,Bedfordshire Police,-0.456960,52.126741,On or near Faldo Road,E01017523,Bedford 014F,Violence and sexual offences,Unable to prosecute suspect,
9b3745a8463e5b9a1b1e4affe52906a8b366ef9e31e08f0ab1033030880f951e,2022-06,Bedfordshire Police,Bedfordshire Police,-0.456432,52.125106,On or near Paradine Road,E01017523,Bedford 014F,Violence and sexual offences,Unable to prosecute suspect,
6135f367480beef890db145d42489454c014bad2af76d5f0df35ad6f32ef694e,2022-06,Bedfordshire Police,Bedfordshire Police,-0.457940,52.127554,On or near Christie Road,E01017523,Bedford 014F,Violence and sexual offences,Unable to prosecute suspect,
603a96ba50dd061d37aada1bee781cf3990a43718ada0581503c70d59a7674c6,2022-06,Bedfordshire Police,Bedfordshire Police,-0.459548,52.122018,On or near Edinburgh Close,E01017472,Bedford 015A,Criminal damage and arson,Investigation complete; no suspect identified,
7213ee52317f75d3d323f90165586c0579b182c6613ffc238b31c1404491d731,2022-06,Bedfordshire Police,Bedfordshire Police,-0.461217,52.122732,On or near Newton Road,E01017472,Bedford 015A,Criminal damage and arson,Investigation complete; no suspect identified,
3d482da9fcbe1d2fd2ed87a6a374337e6b6510783a7b31c1929792bc67ab51c9,2022-06,Bedfordshire Police,Bedfordshire Police,-0.459548,52.122018,On or near Edinburgh Close,E01017472,Bedford 015A,Criminal damage and arson,Unable to prosecute suspect,
7bf8405dc3e8516de39400d64ba154eaab6b72f58e471cbc425d54e9d4975b5c,2022-06,Bedfordshire Police,Bedfordshire Police,-0.464532,52.124061,On or near Hawkins Road,E01017472,Bedford 015A,Drugs,Court result unavailable,
c91404a2c2d1b7e60e9db67289f053f1e5c07d2e626a03fee13810d279ff64fb,2022-06,Bedfordshire Police,Bedfordshire Police,-0.459548,52.122018,On or near Edinburgh Close,E01017472,Bedford 015A,Drugs,Local resolution,
ce6bcf3b23391eb81e16da073895feca733a97cea00c4efcd0ef809bfa3e886d,2022-06,Bedfordshire Police,Bedfordshire Police,-0.465816,52.124087,On or near Petrol Station,E01017472,Bedford 015A,Other theft,Investigation complete; no suspect identified,
3a3a766e2e50bd884b798d016434cd4b62be16ca8e90b167f3f685607477caa8,2022-06,Bedfordshire Police,Bedfordshire Police,-0.465816,52.124087,On or near Petrol Station,E01017472,Bedford 015A,Other theft,Investigation complete; no suspect identified,
2b7e42d4b854b47834383b6653854c981a487dd609da9d4efd551893e48e0cd4,2022-06,Bedfordshire Police,Bedfordshire Police,-0.457128,52.120188,On or near Windsor Road,E01017472,Bedford 015A,Other theft,Investigation complete; no suspect identified,
207148f1f43cfaa4dbb186662f30dea841a38dcec985afbc5ac8445707a2d7f2,2022-06,Bedfordshire Police,Bedfordshire Police,-0.466285,52.123185,On or near Kennedy Road,E01017472,Bedford 015A,Public order,Investigation complete; no suspect identified,
fd9d7c7f89e0820dc1638454af58292a347d556ebfaf4a8402bbd4313378acfd,2022-06,Bedfordshire Police,Bedfordshire Police,-0.465816,52.124087,On or near Petrol Station,E01017472,Bedford 015A,Public order,Unable to prosecute suspect,
39dbf940004a73be49a036ffed5bfdaa717ccd0ccc32f4870c34cc74b8eb3202,2022-06,Bedfordshire Police,Bedfordshire Police,-0.459548,52.122018,On or near Edinburgh Close,E01017472,Bedford 015A,Vehicle crime,Investigation complete; no suspect identified,
bb039939329196b1fde17f8e54383d4fcb208ac4c31a2f2e9e468cbc2d9acae6,2022-06,Bedfordshire Police,Bedfordshire Police,-0.466285,52.123185,On or near Kennedy Road,E01017472,Bedford 015A,Vehicle crime,Unable to prosecute suspect,
0b13dec28ac5636c716c9c63c88ccfaa79c9be52ed7e1fa34b5cba528b85fda6,2022-06,Bedfordshire Police,Bedfordshire Police,-0.465832,52.122783,On or near Elstow Road,E01017472,Bedford 015A,Vehicle crime,Investigation complete; no suspect identified,
f08c1b546471840059a37549ca4e1bb39bdfe34875b391819ae9bc8ba07c5eb2,2022-06,Bedfordshire Police,Bedfordshire Police,-0.459548,52.122018,On or near Edinburgh Close,E01017472,Bedford 015A,Vehicle crime,Investigation complete; no suspect identified,
eb589a97118fe1965b1ecdc97d7d3c82ff076125e3b5d2243378f4f9c7399645,2022-06,Bedfordshire Police,Bedfordshire Police,-0.459002,52.122595,On or near Monmouth Close,E01017472,Bedford 015A,Violence and sexual offences,Action to be taken by another organisation,
a27c866b92308c0f0d04e7c9f02f4cbcd0427cee00f2b902ed5afb8583a42981,2022-06,Bedfordshire Police,Bedfordshire Police,-0.459548,52.122018,On or near Edinburgh Close,E01017472,Bedford 015A,Violence and sexual offences,Unable to prosecute suspect,
69123e7bdb15545b488c0432540e8e34dc93042169116ee2c16595da8ff94d54,2022-06,Bedfordshire Police,Bedfordshire Police,-0.464508,52.125158,On or near Firbank Road,E01017472,Bedford 015A,Violence and sexual offences,Unable to prosecute suspect,
24e909d265e42d56c9554c6eecbe4d043f2efb7b980931c96480ac28e9bbfbe9,2022-06,Bedfordshire Police,Bedfordshire Police,-0.457128,52.120188,On or near Windsor Road,E01017472,Bedford 015A,Violence and sexual offences,Unable to prosecute suspect,
ba648d1ef7826460eee2a3f2d8cb36350ded88dfea3f938c6dfcfb0a557af658,2022-06,Bedfordshire Police,Bedfordshire Police,-0.462888,52.122574,On or near Faraday Square,E01017472,Bedford 015A,Other crime,Investigation complete; no suspect identified,
,2022-06,Bedfordshire Police,Bedfordshire Police,-0.472997,52.130240,On or near Usher Close,E01017473,Bedford 015B,Anti-social behaviour,,
,2022-06,Bedfordshire Police,Bedfordshire Police,-0.465245,52.131353,On or near St John'S Street,E01017473,Bedford 015B,Anti-social behaviour,,
,2022-06,Bedfordshire Police,Bedfordshire Police,-0.464561,52.130005,On or near London Road,E01017473,Bedford 015B,Anti-social behaviour,,
,2022-06,Bedfordshire Police,Bedfordshire Police,-0.468880,52.131877,On or near Kingsway,E01017473,Bedford 015B,Anti-social behaviour,,
,2022-06,Bedfordshire Police,Bedfordshire Police,-0.466390,52.129912,On or near Ampthill Street,E01017473,Bedford 015B,Anti-social behaviour,,
,2022-06,Bedfordshire Police,Bedfordshire Police,-0.472967,52.127291,On or near Endsleigh Road,E01017473,Bedford 015B,Anti-social behaviour,,
,2022-06,Bedfordshire Police,Bedfordshire Police,-0.465245,52.131353,On or near St John'S Street,E01017473,Bedford 015B,Anti-social behaviour,,
,2022-06,Bedfordshire Police,Bedfordshire Police,-0.465245,52.131353,On or near St John'S Street,E01017473,Bedford 015B,Anti-social behaviour,,
,2022-06,Bedfordshire Police,Bedfordshire Police,-0.465245,52.131353,On or near St John'S Street,E01017473,Bedford 015B,Anti-social behaviour,,
,2022-06,Bedfordshire Police,Bedfordshire Police,-0.474853,52.128529,On or near Kempston Road,E01017473,Bedford 015B,Anti-social behaviour,,
,2022-06,Bedfordshire Police,Bedfordshire Police,-0.474853,52.128529,On or near Kempston Road,E01017473,Bedford 015B,Anti-social behaviour,,
,2022-06,Bedfordshire Police,Bedfordshire Police,-0.468880,52.131877,On or near Kingsway,E01017473,Bedford 015B,Anti-social behaviour,,
7a6f0743befb928ac0cf36fd58f8ed3524bae050ba6bf00993a3110133779aa2,2022-06,Bedfordshire Police,Bedfordshire Police,-0.472997,52.130240,On or near Usher Close,E01017473,Bedford 015B,Bicycle theft,Investigation complete; no suspect identified,
9186866f0adabf5f36451e6abf4d61bf26d6d2cc8f22534bea7c735ac4b15226,2022-06,Bedfordshire Police,Bedfordshire Police,-0.471730,52.128848,On or near Hospital,E01017473,Bedford 015B,Bicycle theft,Investigation complete; no suspect identified,
3ddb00c03db8e1e01e03174394202ccc46e4280799c32cb5b4b0136ba56d6745,2022-06,Bedfordshire Police,Bedfordshire Police,-0.466302,52.125244,On or near Gillespie Close,E01017473,Bedford 015B,Burglary,Status update unavailable,
55527dcd57a990eb77d3c129d370e3e9b5624da0db00389954e39160cdce9234,2022-06,Bedfordshire Police,Bedfordshire Police,-0.465245,52.131353,On or near St John'S Street,E01017473,Bedford 015B,Burglary,Unable to prosecute suspect,
24ebab62e570f835e2cbe0dd1b7b0de1acb6b95d83ff8694a40e50d469276d2c,2022-06,Bedfordshire Police,Bedfordshire Police,-0.473730,52.130169,On or near Palgrave Road,E01017473,Bedford 015B,Burglary,Investigation complete; no suspect identified,
caa5cbc35c85cc7940c579f09221282adba6431275422d4d4c91680eeb5299bc,2022-06,Bedfordshire Police,Bedfordshire Police,-0.468880,52.131877,On or near Kingsway,E01017473,Bedford 015B,Burglary,Investigation complete; no suspect identified,
4a39541545b3071b440dc51ad04274dd776687e1f1ca1eb3165967a3248bcc20,2022-06,Bedfordshire Police,Bedfordshire Police,-0.464561,52.130005,On or near London Road,E01017473,Bedford 015B,Burglary,Investigation complete; no suspect identified,
afd4273d4f09c66f71f24cc04b2493df106d0a699dcd75115a446e8cc1a324d8,2022-06,Bedfordshire Police,Bedfordshire Police,-0.465245,52.131353,On or near St John'S Street,E01017473,Bedford 015B,Burglary,Unable to prosecute suspect,
1ad0cd0c8ac37ab665df0bbcf50ad29a53e1b04e8a36ea52e70feda07339dbbf,2022-06,Bedfordshire Police,Bedfordshire Police,-0.476935,52.126173,On or near Cauldwell Walk,E01017473,Bedford 015B,Criminal damage and arson,Investigation complete; no suspect identified,
2ca08d00d962c0a050bb6ba7f75e7272b20577157cd2cc74615059b269502129,2022-06,Bedfordshire Police,Bedfordshire Police,-0.474853,52.128529,On or near Kempston Road,E01017473,Bedford 015B,Criminal damage and arson,Investigation complete; no suspect identified,
4a1694ac3625e975beb92a585748bcf3c8869215bc91c0aec30c0bcd92e08a2d,2022-06,Bedfordshire Police,Bedfordshire Police,-0.468880,52.131877,On or near Kingsway,E01017473,Bedford 015B,Criminal damage and arson,Unable to prosecute suspect,
c650180cd94e61349e10ad2b569b19a0d912f77f78296f876fba2db14cf53bc5,2022-06,Bedfordshire Police,Bedfordshire Police,-0.467709,52.130639,On or near Melbourne Street,E01017473,Bedford 015B,Criminal damage and arson,Investigation complete; no suspect identified,
eff5571a8da47a988ebc12b336e160056f268085f1088aee3b3a45fd14c14a9c,2022-06,Bedfordshire Police,Bedfordshire Police,-0.465245,52.131353,On or near St John'S Street,E01017473,Bedford 015B,Criminal damage and arson,Unable to prosecute suspect,
87315af180c0d50c3699df1f793f49849d25c1b9c6a0acc3329f63b3607c03ac,2022-06,Bedfordshire Police,Bedfordshire Police,-0.469910,52.129085,On or near King'S Place,E01017473,Bedford 015B,Criminal damage and arson,Unable to prosecute suspect,
3667aa12af951ba96db8e687d8f1fdaa8c5eadfbdf5a1bd37f41df05c43c48b6,2022-06,Bedfordshire Police,Bedfordshire Police,-0.468880,52.131877,On or near Kingsway,E01017473,Bedford 015B,Criminal damage and arson,Unable to prosecute suspect,
621cd8bc2665f07d96fc4928f7ba0e1debd719bfa1cc6a1db779812809d7414e,2022-06,Bedfordshire Police,Bedfordshire Police,-0.465245,52.131353,On or near St John'S Street,E01017473,Bedford 015B,Criminal damage and arson,Investigation complete; no suspect identified,
63d14a580d0c2cd440c4eb027ccead7bdd4140cc9775437730437fded1aa7952,2022-06,Bedfordshire Police,Bedfordshire Police,-0.472016,52.126883,On or near Aspley Road,E01017473,Bedford 015B,Drugs,Formal action is not in the public interest,
596a5bd43f4406fe37aad6daec1091744efcb9336eea2168416c44c79faf8e7f,2022-06,Bedfordshire Police,Bedfordshire Police,-0.473730,52.130169,On or near Palgrave Road,E01017473,Bedford 015B,Other theft,Investigation complete; no suspect identified,
182680c56716cde54987b25841d786628c2146d63d61d74ff0c55a72551538fa,2022-06,Bedfordshire Police,Bedfordshire Police,-0.474853,52.128529,On or near Kempston Road,E01017473,Bedford 015B,Other theft,Investigation complete; no suspect identified,
2c280f55894cec5fcbb45c94f717f95d9eea591b056b54db83271b93af983422,2022-06,Bedfordshire Police,Bedfordshire Police,-0.475211,52.127023,On or near Edward Road,E01017473,Bedford 015B,Other theft,Investigation complete; no suspect identified,
d3223bc076dd2081d88ed6325a996a613c693a6129702f511f1164b56cffa756,2022-06,Bedfordshire Police,Bedfordshire Police,-0.475211,52.127023,On or near Edward Road,E01017473,Bedford 015B,Other theft,Unable to prosecute suspect,
ca565ef30a5612c057cd340a31bc9bbe1b14f81c6ce250992d77fc27ef0e3ac9,2022-06,Bedfordshire Police,Bedfordshire Police,-0.475211,52.127023,On or near Edward Road,E01017473,Bedford 015B,Other theft,Investigation complete; no suspect identified,
75aa8414f1052111e8fe02a01efdb6debaaa6dc51827a5a245d98b50b075d996,2022-06,Bedfordshire Police,Bedfordshire Police,-0.473730,52.130169,On or near Palgrave Road,E01017473,Bedford 015B,Other theft,Investigation complete; no suspect identified,
56af2232351092da61c56f50336a7c564a0c36fec0539be2b1e7fd21dce27cb2,2022-06,Bedfordshire Police,Bedfordshire Police,-0.475211,52.127023,On or near Edward Road,E01017473,Bedford 015B,Possession of weapons,Court result unavailable,
0270af5c5aac285bcb2310644488b29cc6e242f03782ecf403339689d6696ce0,2022-06,Bedfordshire Police,Bedfordshire Police,-0.473474,52.126973,On or near Victoria Road,E01017473,Bedford 015B,Possession of weapons,Court result unavailable,
3c3ad673e957efbd176f006815ccc2daa788651754e316ef506caaa3978fc1d4,2022-06,Bedfordshire Police,Bedfordshire Police,-0.471730,52.128848,On or near Hospital,E01017473,Bedford 015B,Public order,Unable to prosecute suspect,
acc24b51f905f223fc8c6311d0948df8ed60320ed18666307352cea496729793,2022-06,Bedfordshire Police,Bedfordshire Police,-0.468874,52.130771,On or near Holt Row,E01017473,Bedford 015B,Public order,Unable to prosecute suspect,
643a1be1d59a24cb1ececa9f2d893e889aebf13d49710e5e0f600ff8746018fc,2022-06,Bedfordshire Police,Bedfordshire Police,-0.472967,52.127291,On or near Endsleigh Road,E01017473,Bedford 015B,Public order,Unable to prosecute suspect,
d1ee78b793d1cbca91d2d50c118761fc8b9db7682c5e7603fb4aaca0dfa2df34,2022-06,Bedfordshire Police,Bedfordshire Police,-0.474853,52.128529,On or near Kempston Road,E01017473,Bedford 015B,Public order,Unable to prosecute suspect,
9d2425fe4511b51de53b8ab5ace8387e2726b77ff837db7e7a3a7e0ecd0fcdef,2022-06,Bedfordshire Police,Bedfordshire Police,-0.473474,52.126973,On or near Victoria Road,E01017473,Bedford 015B,Public order,Unable to prosecute suspect,
03b2a4965df1989d72d487babee633808196b6fca44d9647c0290791e10e551c,2022-06,Bedfordshire Police,Bedfordshire Police,-0.465245,52.131353,On or near St John'S Street,E01017473,Bedford 015B,Public order,Investigation complete; no suspect identified,
e6abd4f88d6a3f684b812a6ddefb9447e2159004e52b0dbe8504988bd94edb73,2022-06,Bedfordshire Police,Bedfordshire Police,-0.468880,52.131877,On or near Kingsway,E01017473,Bedford 015B,Shoplifting,Investigation complete; no suspect identified,
c3db4dee4bb63acbe3d14790784eaa66eb9305862e73a8a9facd38637621c973,2022-06,Bedfordshire Police,Bedfordshire Police,-0.465245,52.131353,On or near St John'S Street,E01017473,Bedford 015B,Vehicle crime,Investigation complete; no suspect identified,
8045924f7140358231d4f409431fcb194eb5a682be1f1ad61c2f7bc22313c0c9,2022-06,Bedfordshire Police,Bedfordshire Police,-0.476935,52.126173,On or near Cauldwell Walk,E01017473,Bedford 015B,Vehicle crime,Investigation complete; no suspect identified,
79c5110ac700575db2892b73a68f4ea7817eca6b3d8059b29db92e29f04468cb,2022-06,Bedfordshire Police,Bedfordshire Police,-0.472016,52.126883,On or near Aspley Road,E01017473,Bedford 015B,Violence and sexual offences,Unable to prosecute suspect,
71467a21daba6e4936270a9e68c3ce54867bab66b9d625691fd6d7fee5a01a6d,2022-06,Bedfordshire Police,Bedfordshire Police,-0.468880,52.131877,On or near Kingsway,E01017473,Bedford 015B,Violence and sexual offences,Unable to prosecute suspect,
c8ab5ae91b3ae434858d723f7ce23def789895ec3e5ea01760ba6c54b76d0899,2022-06,Bedfordshire Police,Bedfordshire Police,-0.474853,52.128529,On or near Kempston Road,E01017473,Bedford 015B,Violence and sexual offences,Unable to prosecute suspect,
1ef6c1e76f2f67c53799090db110ba6ffd11f041ec07c28a1aaf3b79512ae9ee,2022-06,Bedfordshire Police,Bedfordshire Police,-0.474853,52.128529,On or near Kempston Road,E01017473,Bedford 015B,Violence and sexual offences,Status update unavailable,
468fd1e7dd2510e6fb54b46fddb4903de1a3f92f58ebe25b16fc98fbf7e2a1f1,2022-06,Bedfordshire Police,Bedfordshire Police,-0.467709,52.130639,On or near Melbourne Street,E01017473,Bedford 015B,Violence and sexual offences,Investigation complete; no suspect identified,
a6d6df3c2ee0d321a390e23660d2d5a6ec5b929196c2709b700e8ba67e795be6,2022-06,Bedfordshire Police,Bedfordshire Police,-0.468880,52.131877,On or near Kingsway,E01017473,Bedford 015B,Violence and sexual offences,Unable to prosecute suspect,
9c00ddcf4bda53bb451012c47bdb8b615922966a08730a5c7e4abd09e111c4e4,2022-06,Bedfordshire Police,Bedfordshire Police,-0.465617,52.129029,On or near St Leonard'S Street,E01017473,Bedford 015B,Violence and sexual offences,Unable to prosecute suspect,
62e8156435280147b9ee00f00a253ae5f06451964258d2c1078b1236cdcdd217,2022-06,Bedfordshire Police,Bedfordshire Police,-0.465245,52.131353,On or near St John'S Street,E01017473,Bedford 015B,Violence and sexual offences,Unable to prosecute suspect,
a5dbc7ac9fe5aaf79eca692d5892b497315b0240df3d15523d5f7cc28e3bd4d4,2022-06,Bedfordshire Police,Bedfordshire Police,-0.471639,52.127246,On or near Ombersley Road,E01017473,Bedford 015B,Violence and sexual offences,Unable to prosecute suspect,
7c8a7f215afd7332a08e0902b153452c33e56525f5efa39fcc71bcd0779bd3fd,2022-06,Bedfordshire Police,Bedfordshire Police,-0.464561,52.130005,On or near London Road,E01017473,Bedford 015B,Violence and sexual offences,Court result unavailable,
c3a756ce5ed16a03dcc8688a992d8c8574ef1cb06ebf2140c77dd2bcb1edefed,2022-06,Bedfordshire Police,Bedfordshire Police,-0.464665,52.129089,On or near St Leonard'S Avenue,E01017473,Bedford 015B,Violence and sexual offences,Action to be taken by another organisation,
18af3628b4739728780d03ed4b3f42d79a44d29d0b4adf72d1bcd29ffa262fc5,2022-06,Bedfordshire Police,Bedfordshire Police,-0.471639,52.127246,On or near Ombersley Road,E01017473,Bedford 015B,Violence and sexual offences,Unable to prosecute suspect,
7c6d8873599096f92f683faee5da00b6dad12c256bd57377cf08c883cc07bfd9,2022-06,Bedfordshire Police,Bedfordshire Police,-0.471639,52.127246,On or near Ombersley Road,E01017473,Bedford 015B,Violence and sexual offences,Unable to prosecute suspect,
e1c1dee497a6676b526aefb89d79e5cf192c26e851489c834ba0f79c4cf7c384,2022-06,Bedfordshire Police,Bedfordshire Police,-0.474853,52.128529,On or near Kempston Road,E01017473,Bedford 015B,Violence and sexual offences,Unable to prosecute suspect,
f4ef8d28efc4de69cd2a37defb4e0a46a562e1ee157c4f1dd7c58207953ae06a,2022-06,Bedfordshire Police,Bedfordshire Police,-0.472997,52.130240,On or near Usher Close,E01017473,Bedford 015B,Violence and sexual offences,Unable to prosecute suspect,
a6b0f46531c427f2a602595fb4c7915a9b73791a976e77ac4384feafd4e6a71a,2022-06,Bedfordshire Police,Bedfordshire Police,-0.468880,52.131877,On or near Kingsway,E01017473,Bedford 015B,Violence and sexual offences,Status update unavailable,
fe167131495dff8deec9ab4f334725943c3b11e7ae242627dea5225331dcbf58,2022-06,Bedfordshire Police,Bedfordshire Police,-0.473474,52.126973,On or near Victoria Road,E01017473,Bedford 015B,Violence and sexual offences,Unable to prosecute suspect,
f7cd76b7af2197ac31993a2b32e222b3c3e3e23a489ad23a12c8311de090992d,2022-06,Bedfordshire Police,Bedfordshire Police,-0.464561,52.130005,On or near London Road,E01017473,Bedford 015B,Violence and sexual offences,Unable to prosecute suspect,
0a1d533f6159b6b9aa75e8a0dcba3b036548ff6106dae59e395536c0871d301c,2022-06,Bedfordshire Police,Bedfordshire Police,-0.465245,52.131353,On or near St John'S Street,E01017473,Bedford 015B,Violence and sexual offences,Unable to prosecute suspect,
e426fd48418cc3014900a8a450802343f2be86bd45fb4e9883a879b3e662c2d3,2022-06,Bedfordshire Police,Bedfordshire Police,-0.471639,52.127246,On or near Ombersley Road,E01017473,Bedford 015B,Violence and sexual offences,Unable to prosecute suspect,
ffa69fd40b95f698f5821fb5333b641a2fca1f6297ebeabbf6d22f6234fead9b,2022-06,Bedfordshire Police,Bedfordshire Police,-0.468880,52.131877,On or near Kingsway,E01017473,Bedford 015B,Violence and sexual offences,Unable to prosecute suspect,
9908b2069066587f8dd2780bdab45181e44a18a8dee1408ee7dddd7d17b2eeaf,2022-06,Bedfordshire Police,Bedfordshire Police,-0.465245,52.131353,On or near St John'S Street,E01017473,Bedford 015B,Other crime,Unable to prosecute suspect,
,2022-06,Bedfordshire Police,Bedfordshire Police,-0.471671,52.125449,On or near Ampthill Road,E01017474,Bedford 015C,Anti-social behaviour,,
,2022-06,Bedfordshire Police,Bedfordshire Police,-0.468965,52.125126,On or near Derwent Place,E01017474,Bedford 015C,Anti-social behaviour,,
,2022-06,Bedfordshire Police,Bedfordshire Police,-0.468965,52.125126,On or near Derwent Place,E01017474,Bedford 015C,Anti-social behaviour,,
4ea28036d1a7c0932fa256d92e7b42e43afec8ff8dcaf0d13b34de4e96bf1058,2022-06,Bedfordshire Police,Bedfordshire Police,-0.469620,52.125620,On or near Sandhurst Place,E01017474,Bedford 015C,Burglary,Suspect charged as part of another case,
9bb7d16f0e97545d00023847c59a8215a1c1687571863a7355991a5d1ad9cc08,2022-06,Bedfordshire Police,Bedfordshire Police,-0.471095,52.125630,On or near St Leonards Court,E01017474,Bedford 015C,Drugs,Awaiting court outcome,
d1816a06692e8fa914cfc6e5c80ebc6afe5e5ea993faed3c075e08af02082a1f,2022-06,Bedfordshire Police,Bedfordshire Police,-0.468797,52.127479,On or near Althorpe Street,E01017474,Bedford 015C,Public order,Unable to prosecute suspect,
21adbb58904e8986f9ed66e440d2a1097cc552e310a2b8df381015f5456deba9,2022-06,Bedfordshire Police,Bedfordshire Police,-0.471671,52.125449,On or near Ampthill Road,E01017474,Bedford 015C,Public order,Unable to prosecute suspect,
fe6d1e46f17777f0860aa12a35b2062313896856e05e114e274a1808ef8b0335,2022-06,Bedfordshire Police,Bedfordshire Police,-0.468797,52.127479,On or near Althorpe Street,E01017474,Bedford 015C,Public order,Formal action is not in the public interest,
2f6a0a9da62c6e4529970bbecf2ad9b50bd886b47952d83b40698e6e3699a485,2022-06,Bedfordshire Police,Bedfordshire Police,-0.470988,52.123650,On or near Muswell Road,E01017474,Bedford 015C,Public order,Offender given a caution,
37f0c4339422b56488c43d670b912bd7a1338bd3936f21b989996ceb507d1586,2022-06,Bedfordshire Police,Bedfordshire Police,-0.469480,52.127146,On or near Houghton Road,E01017474,Bedford 015C,Violence and sexual offences,Court result unavailable,
517d289f429379c9324752c1f64cac1bb506d5139e1a62500fe98a8f5485a02f,2022-06,Bedfordshire Police,Bedfordshire Police,-0.468797,52.127479,On or near Althorpe Street,E01017474,Bedford 015C,Violence and sexual offences,Unable to prosecute suspect,
fbbf2fdf48edd848adf1a69395e7e97cfdc1e371614de96c1559d2b5cc9391f6,2022-06,Bedfordshire Police,Bedfordshire Police,-0.470322,52.124739,On or near Offa Road,E01017474,Bedford 015C,Violence and sexual offences,Unable to prosecute suspect,
079c3ce18fe711372af846d896abeac473c62026d00cf78eb38e95a89c582987,2022-06,Bedfordshire Police,Bedfordshire Police,-0.468797,52.127479,On or near Althorpe Street,E01017474,Bedford 015C,Violence and sexual offences,Unable to prosecute suspect,
1f14618c53e69182c7888f08c48a80d7da261a0f736a180e70c3c3997da68793,2022-06,Bedfordshire Police,Bedfordshire Police,-0.468797,52.127479,On or near Althorpe Street,E01017474,Bedford 015C,Violence and sexual offences,Investigation complete; no suspect identified,
40e7adc0c98858ca0f48a3d139f1c1749404d1ec135b39c3d730fd6fd7c2facf,2022-06,Bedfordshire Police,Bedfordshire Police,-0.470501,52.126342,On or near Ridgmount Street,E01017474,Bedford 015C,Violence and sexual offences,Unable to prosecute suspect,
a0164f104e77a6a19dea87037686bf16027913854776857e865cd98bd4b0ffa9,2022-06,Bedfordshire Police,Bedfordshire Police,-0.470501,52.126342,On or near Ridgmount Street,E01017474,Bedford 015C,Other crime,Status update unavailable,
,2022-06,Bedfordshire Police,Bedfordshire Police,-0.468294,52.122554,On or near Goodman Road,E01017475,Bedford 015D,Anti-social behaviour,,
d154911ea7fa86534c743b0a34590a9f378b8c156aeb18b9e62d329328e9ce74,2022-06,Bedfordshire Police,Bedfordshire Police,-0.471341,52.123143,On or near College Road,E01017475,Bedford 015D,Burglary,Awaiting court outcome,
66e81b3474b8c9d17613d882ab6b7a90c42ae9d6e418990f55107eef1164c818,2022-06,Bedfordshire Police,Bedfordshire Police,-0.468689,52.122955,On or near Dorsey Drive,E01017475,Bedford 015D,Burglary,Suspect charged as part of another case,
ac578279dfe96e08598fb5fe3a94e73b0a82514bf7cd6041b7d894e1ee9954ca,2022-06,Bedfordshire Police,Bedfordshire Police,-0.472566,52.121486,On or near Maryville Road,E01017475,Bedford 015D,Criminal damage and arson,Investigation complete; no suspect identified,
da40b78e8bf2f18709f0f5f9627728c0ef03340d6f31e89798730f499dd5691b,2022-06,Bedfordshire Police,Bedfordshire Police,-0.472566,52.121486,On or near Maryville Road,E01017475,Bedford 015D,Other theft,Investigation complete; no suspect identified,
d7e1d526822b88814a2594102ec743516ec4ca0c0c729d6a99ed0da7e95decc4,2022-06,Bedfordshire Police,Bedfordshire Police,-0.472566,52.121486,On or near Maryville Road,E01017475,Bedford 015D,Other theft,Investigation complete; no suspect identified,
732ebbebec5d47ae16f7b50059fb70f033ce5195a2be6bbac1ff2c212164f3b2,2022-06,Bedfordshire Police,Bedfordshire Police,-0.472566,52.121486,On or near Maryville Road,E01017475,Bedford 015D,Other theft,Investigation complete; no suspect identified,
2281e2d7fa83f9a008e3ae0745878a23aec09085db9ba34b1463dd3ce747dede,2022-06,Bedfordshire Police,Bedfordshire Police,-0.472566,52.121486,On or near Maryville Road,E01017475,Bedford 015D,Other theft,Investigation complete; no suspect identified,
2c46b94cf5f4685f1425d728b5284323dd5f785921b387ea0848aeadba17ab6c,2022-06,Bedfordshire Police,Bedfordshire Police,-0.475655,52.117849,On or near Ampthill Road,E01017475,Bedford 015D,Other theft,Status update unavailable,
f3d3c287b1645a32f98c18c963f1a06244d5c2c8e2f7177f5252bea341649e4c,2022-06,Bedfordshire Police,Bedfordshire Police,-0.472566,52.121486,On or near Maryville Road,E01017475,Bedford 015D,Other theft,Investigation complete; no suspect identified,
45ce9edb4038244982cf875ff2b1b60a301ccc22311a440bf42f14c8a433c59f,2022-06,Bedfordshire Police,Bedfordshire Police,-0.472566,52.121486,On or near Maryville Road,E01017475,Bedford 015D,Public order,Unable to prosecute suspect,
29afa872c0af5bc9311e5d837c37ba1ff23a2ceb7591e11e725ac44e95b624da,2022-06,Bedfordshire Police,Bedfordshire Police,-0.471341,52.123143,On or near College Road,E01017475,Bedford 015D,Public order,Investigation complete; no suspect identified,
9eaab61c430611b0836d9e63e205f30a8099b7a71c9b26a0392f7edc0b2d8000,2022-06,Bedfordshire Police,Bedfordshire Police,-0.472102,52.124384,On or near Ampthill Road,E01017475,Bedford 015D,Public order,Unable to prosecute suspect,
f4c53b74aa8d6eea62cd22042d84b300c275522d2fdbe7dba7a567b566d4c5b0,2022-06,Bedfordshire Police,Bedfordshire Police,-0.472102,52.124384,On or near Ampthill Road,E01017475,Bedford 015D,Shoplifting,Investigation complete; no suspect identified,
c681588bf5443ebf532b0dca2157cabad46af3a53a1a622c2d2061c4fc0e4178,2022-06,Bedfordshire Police,Bedfordshire Police,-0.472102,52.124384,On or near Ampthill Road,E01017475,Bedford 015D,Shoplifting,Investigation complete; no suspect identified,
6f7007693dca4df4d4c56c0111772346256449a8f7ee33489e11b64fdbacb791,2022-06,Bedfordshire Police,Bedfordshire Police,-0.467806,52.122278,On or near Miller Road,E01017475,Bedford 015D,Vehicle crime,Investigation complete; no suspect identified,
7c1689643cb7eab34b9691ead4305eff442aeb7ddae54773a32cc38f074d0b16,2022-06,Bedfordshire Police,Bedfordshire Police,-0.471841,52.122619,On or near Eastville Road,E01017475,Bedford 015D,Violence and sexual offences,Unable to prosecute suspect,
f678055fcbbd7eb2ba65b97f7544f907237255804c65484d79b8d61e1e80c056,2022-06,Bedfordshire Police,Bedfordshire Police,-0.472566,52.121486,On or near Maryville Road,E01017475,Bedford 015D,Violence and sexual offences,Unable to prosecute suspect,
7aed0954ed1e9d072e4c01aee6a632331efad28857812faf9a1f5b2f0e1b002a,2022-06,Bedfordshire Police,Bedfordshire Police,-0.477072,52.117435,On or near Cosmic Avenue,E01017475,Bedford 015D,Violence and sexual offences,Unable to prosecute suspect,
b08e0600ea8d4fbd2b7583d8309aa0d9d9074d13bd338e2f92b1ed8d39377a03,2022-06,Bedfordshire Police,Bedfordshire Police,-0.477072,52.117435,On or near Cosmic Avenue,E01017475,Bedford 015D,Violence and sexual offences,Unable to prosecute suspect,
4904e213f0a8c030e831a0f5c4860e623d2732c378f71195fc9e02700e5861d5,2022-06,Bedfordshire Police,Bedfordshire Police,-0.472102,52.124384,On or near Ampthill Road,E01017475,Bedford 015D,Violence and sexual offences,Investigation complete; no suspect identified,
,2022-06,Bedfordshire Police,Bedfordshire Police,-0.468673,52.120006,On or near Hope Road,E01017476,Bedford 015E,Anti-social behaviour,,
10972b7208055e484087558d03a4529d1bb6b45fb6872fe77f2e6e62bd45f0da,2022-06,Bedfordshire Police,Bedfordshire Police,-0.468673,52.120006,On or near Hope Road,E01017476,Bedford 015E,Burglary,Suspect charged as part of another case,
c7d74d63ad9f367cf6823c65a1edd2f751a34a39a00de1711670ee130b511517,2022-06,Bedfordshire Police,Bedfordshire Police,-0.463885,52.120780,On or near Lancaster Avenue,E01017476,Bedford 015E,Vehicle crime,Investigation complete; no suspect identified,
89563c9072e3d44df9cf9e898626764024eaa490b89ee18026b1d43c0820b60f,2022-06,Bedfordshire Police,Bedfordshire Police,-0.459172,52.120197,On or near Broad Avenue,E01017476,Bedford 015E,Vehicle crime,Investigation complete; no suspect identified,
942065a96c93ecfebb5a864a30980ce018bf385b03a80488926f5353303922ff,2022-06,Bedfordshire Police,Bedfordshire Police,-0.463885,52.120780,On or near Lancaster Avenue,E01017476,Bedford 015E,Violence and sexual offences,Unable to prosecute suspect,
eb477f35a2baed3a96d26f2419c52f0fa3e932c09666b3e8bd3575c0b319b2a4,2022-06,Bedfordshire Police,Bedfordshire Police,-0.459172,52.120197,On or near Broad Avenue,E01017476,Bedford 015E,Violence and sexual offences,Unable to prosecute suspect,
ce2c8dd5a39efbf87d1752fd499bb446c5c02967fe4e508bf388f20d77f1502e,2022-06,Bedfordshire Police,Bedfordshire Police,-0.468673,52.120006,On or near Hope Road,E01017476,Bedford 015E,Violence and sexual offences,Unable to prosecute suspect,
,2022-06,Bedfordshire Police,Bedfordshire Police,-0.459983,52.117870,On or near Corby Close,E01017477,Bedford 015F,Anti-social behaviour,,
,2022-06,Bedfordshire Police,Bedfordshire Police,-0.465678,52.118744,On or near Carroll Drive,E01017477,Bedford 015F,Anti-social behaviour,,
,2022-06,Bedfordshire Police,Bedfordshire Police,-0.465678,52.118744,On or near Carroll Drive,E01017477,Bedford 015F,Anti-social behaviour,,
df7c4814cf1b38b9b0d8ec6532370885d2ed9f96d3691422e43031feb4c2b10c,2022-06,Bedfordshire Police,Bedfordshire Police,-0.458198,52.117945,On or near Moor Lane,E01017477,Bedford 015F,Drugs,Local resolution,
705d368568a00234943d456a6f179528ec80b4b11dc70e3c3f24290a9f5eaca3,2022-06,Bedfordshire Police,Bedfordshire Police,-0.459983,52.117870,On or near Corby Close,E01017477,Bedford 015F,Public order,Unable to prosecute suspect,
af2e3525aa8584d3f1e9362be4bfc10e2e415d8e6a9a20d9b5da21f487cd60d6,2022-06,Bedfordshire Police,Bedfordshire Police,-0.458198,52.117945,On or near Moor Lane,E01017477,Bedford 015F,Public order,Unable to prosecute suspect,
31e6346ceabb4361a8e22b820ab61ccc837bd471a062f27865348a45cead384d,2022-06,Bedfordshire Police,Bedfordshire Police,-0.458198,52.117945,On or near Moor Lane,E01017477,Bedford 015F,Public order,Investigation complete; no suspect identified,
371bd1ea9089c1beab20fef14dcfc382f2f13bc66c286fb09e1187936dd99918,2022-06,Bedfordshire Police,Bedfordshire Police,-0.463098,52.118594,On or near Luke Place,E01017477,Bedford 015F,Vehicle crime,Unable to prosecute suspect,
85af1c2d4a02e87dee20729bb6091901275fb77fd28aeade4370d50ddb88d37d,2022-06,Bedfordshire Police,Bedfordshire Police,-0.463098,52.118594,On or near Luke Place,E01017477,Bedford 015F,Vehicle crime,Investigation complete; no suspect identified,
27a21cba6c4dd5000551211a5199a92c1a4d64e3c678f9a08d0740db490e3e4f,2022-06,Bedfordshire Police,Bedfordshire Police,-0.459375,52.118554,On or near Stapleton Road,E01017477,Bedford 015F,Vehicle crime,Investigation complete; no suspect identified,
5976cca2774f4e31a316488a71ccbc621703b9ab985fb6650d877d5c5d60855a,2022-06,Bedfordshire Police,Bedfordshire Police,-0.463331,52.117761,On or near Berkeley Road,E01017477,Bedford 015F,Violence and sexual offences,Unable to prosecute suspect,
1c1d35ef75606a3c81438c8a747d7a3f58229f44e08c751c42071140918b9bab,2022-06,Bedfordshire Police,Bedfordshire Police,-0.458198,52.117945,On or near Moor Lane,E01017477,Bedford 015F,Violence and sexual offences,Unable to prosecute suspect,
801eabcf7f68ee9dc92b11871b3bede150a3d126e6fcf297bf3a4e46b955f476,2022-06,Bedfordshire Police,Bedfordshire Police,-0.459983,52.117870,On or near Corby Close,E01017477,Bedford 015F,Violence and sexual offences,Unable to prosecute suspect,
711d178a10c8346dbe508a9bd013280812575736f5b89ecc4478fee77a10f756,2022-06,Bedfordshire Police,Bedfordshire Police,-0.460818,52.119067,On or near Mile Road,E01017477,Bedford 015F,Violence and sexual offences,Unable to prosecute suspect,
b92e8cf9167274bc6f4b8585ba7ca038e1c939605c1c3318fe416843c2750d7d,2022-06,Bedfordshire Police,Bedfordshire Police,-0.459983,52.117870,On or near Corby Close,E01017477,Bedford 015F,Violence and sexual offences,Investigation complete; no suspect identified,
ef579cce9f7e259cb05629e51ce137a339cbb5ee5051ff36b37b1fe961c319aa,2022-06,Bedfordshire Police,Bedfordshire Police,-0.459375,52.118554,On or near Stapleton Road,E01017477,Bedford 015F,Other crime,Unable to prosecute suspect,
,2022-06,Bedfordshire Police,Bedfordshire Police,-0.493227,52.119981,On or near Police Station,E01017509,Bedford 016A,Anti-social behaviour,,
0432e5f2872665f8b54bb244ae9cd4873f796dd84995ac0c15d8cbe98a9a7241,2022-06,Bedfordshire Police,Bedfordshire Police,-0.493227,52.119981,On or near Police Station,E01017509,Bedford 016A,Criminal damage and arson,Investigation complete; no suspect identified,
2c2db5e9b65cd3268deacd530bc442324be74983e04e6156a9c1040da2976bf8,2022-06,Bedfordshire Police,Bedfordshire Police,-0.497159,52.124688,On or near Garden Close,E01017509,Bedford 016A,Possession of weapons,Formal action is not in the public interest,
19a59c7575434116c2745d4045642952c176ae048254fcae5dfdc78af3ad5bc0,2022-06,Bedfordshire Police,Bedfordshire Police,-0.499547,52.123595,On or near Emmerton Road,E01017509,Bedford 016A,Public order,Investigation complete; no suspect identified,
4bda8021ff8265f6159ef30670f1a39c90d2086b2292248266eb6c96fb1a9aaa,2022-06,Bedfordshire Police,Bedfordshire Police,-0.495913,52.123494,On or near Vineyard Way,E01017509,Bedford 016A,Vehicle crime,Investigation complete; no suspect identified,
c085ca046432f76d74d3b52da151a38ce54a0c9b5640f6473bb2d88cc59ad69d,2022-06,Bedfordshire Police,Bedfordshire Police,-0.499547,52.123595,On or near Emmerton Road,E01017509,Bedford 016A,Violence and sexual offences,Unable to prosecute suspect,
5672b4e142f096216f2842eccc086eb56c96f038c59267800c7be80f7803f4a1,2022-06,Bedfordshire Police,Bedfordshire Police,-0.497159,52.124688,On or near Garden Close,E01017509,Bedford 016A,Violence and sexual offences,Investigation complete; no suspect identified,
,2022-06,Bedfordshire Police,Bedfordshire Police,-0.503786,52.117409,On or near King William Close,E01017510,Bedford 016B,Anti-social behaviour,,
5810960ed50f3292b3d02c38953407ba2700b9abc87e1066f0087d85eb179d37,2022-06,Bedfordshire Police,Bedfordshire Police,-0.499090,52.122411,On or near Gulliver Close,E01017510,Bedford 016B,Criminal damage and arson,Unable to prosecute suspect,
42b380d6916923f058ead4467f8f349d0a116b6edebf578b7d50ebcbea4449af,2022-06,Bedfordshire Police,Bedfordshire Police,-0.502336,52.115799,On or near High Street,E01017510,Bedford 016B,Public order,Unable to prosecute suspect,
cc9a742c9d157ad77448a990cc84cb3e8ed334d3be66ac2bc7a24e3eabff4275,2022-06,Bedfordshire Police,Bedfordshire Police,-0.507641,52.115264,On or near Water Lane,E01017510,Bedford 016B,Robbery,Investigation complete; no suspect identified,
b07a9d8b6c64a209c18a8f3bcce6a7f2a12fb46d687716f21a40c65000be4cb6,2022-06,Bedfordshire Police,Bedfordshire Police,-0.500079,52.121255,On or near Vyne Close,E01017510,Bedford 016B,Violence and sexual offences,Unable to prosecute suspect,
13afc503229cfc830162a6fa5d39d0f794e9189752c17d7d9f85efd113101fbb,2022-06,Bedfordshire Police,Bedfordshire Police,-0.503829,52.115701,On or near Molly Moore Avenue,E01017510,Bedford 016B,Violence and sexual offences,Unable to prosecute suspect,
23dbdd732b7ce7994021d65ce7666172c51b6ab7f5f252e8318d09a23db102e2,2022-06,Bedfordshire Police,Bedfordshire Police,-0.500079,52.121255,On or near Vyne Close,E01017510,Bedford 016B,Violence and sexual offences,Unable to prosecute suspect,
b85203c6fa45ab4e30603809d6cafc4cb1e06fe9a2d9f120c34ac96eda5cf4d5,2022-06,Bedfordshire Police,Bedfordshire Police,-0.506926,52.116109,On or near Meadowview Road,E01017510,Bedford 016B,Violence and sexual offences,Action to be taken by another organisation,
1f1a8e96c483ccdff4630df96a3aef9abe2067b753cfa258f7fc20d867553173,2022-06,Bedfordshire Police,Bedfordshire Police,-0.509392,52.115735,On or near Church Walk,E01017510,Bedford 016B,Violence and sexual offences,Unable to prosecute suspect,
ae4d593ed15fc1d74ff73e51f51e8577eb631c1c7ae39cb52b7abd03ec5795bc,2022-06,Bedfordshire Police,Bedfordshire Police,-0.498852,52.120394,On or near Egglestone Close,E01017510,Bedford 016B,Other crime,Investigation complete; no suspect identified,
,2022-06,Bedfordshire Police,Bedfordshire Police,-0.493121,52.126174,On or near Ely Way,E01017511,Bedford 016C,Anti-social behaviour,,
1c343a9df10c491ced571e2492a0940130f9fde6cde8858eed403ec3fd805f33,2022-06,Bedfordshire Police,Bedfordshire Police,-0.495619,52.125739,On or near Ripon Close,E01017511,Bedford 016C,Criminal damage and arson,Awaiting court outcome,
518c5bbefbe1b42e2588bbf62b830f8180b88c6e26410412d8a62625f6339027,2022-06,Bedfordshire Police,Bedfordshire Police,-0.495428,52.126626,On or near Kingston Close,E01017511,Bedford 016C,Criminal damage and arson,Unable to prosecute suspect,
c85a04d0d81ab0b1249431b15705b550ff8836b4d2300459f5a0bf6b551eaba4,2022-06,Bedfordshire Police,Bedfordshire Police,-0.495428,52.126626,On or near Kingston Close,E01017511,Bedford 016C,Public order,Investigation complete; no suspect identified,
30cb5d9cbb7d10977cca638766332172a9d8a18f36b1b70994e4da009cc12927,2022-06,Bedfordshire Police,Bedfordshire Police,-0.498167,52.127731,On or near Odell Close,E01017511,Bedford 016C,Robbery,Unable to prosecute suspect,
,2022-06,Bedfordshire Police,Bedfordshire Police,-0.480680,52.127282,On or near Granville Street,E01017512,Bedford 016D,Anti-social behaviour,,
,2022-06,Bedfordshire Police,Bedfordshire Police,-0.485215,52.124958,On or near Marlborough Park,E01017512,Bedford 016D,Anti-social behaviour,,
,2022-06,Bedfordshire Police,Bedfordshire Police,-0.490192,52.120760,On or near Bedford Road,E01017512,Bedford 016D,Anti-social behaviour,,
,2022-06,Bedfordshire Police,Bedfordshire Police,-0.490192,52.120760,On or near Bedford Road,E01017512,Bedford 016D,Anti-social behaviour,,
,2022-06,Bedfordshire Police,Bedfordshire Police,-0.485215,52.124958,On or near Marlborough Park,E01017512,Bedford 016D,Anti-social behaviour,,
611fc2fab8f6207219d02881ec92ef2d56044cc575fd4132f27d7e03c2670b2d,2022-06,Bedfordshire Police,Bedfordshire Police,-0.492294,52.120364,On or near Supermarket,E01017512,Bedford 016D,Bicycle theft,Investigation complete; no suspect identified,
541e9f49235462f21f6f666cc3ca301dcab2cf6e3ee0ef3f53ba601b3ce1fadb,2022-06,Bedfordshire Police,Bedfordshire Police,-0.481722,52.125866,On or near Austin Canons,E01017512,Bedford 016D,Burglary,Investigation complete; no suspect identified,
b39f6485730cc7b840e1dafcc43fda2693358564448bb986e6a450093ed69db1,2022-06,Bedfordshire Police,Bedfordshire Police,-0.481722,52.125866,On or near Austin Canons,E01017512,Bedford 016D,Burglary,Investigation complete; no suspect identified,
54027ff9d5359a52eecc1b6af76d556cd39c7f29e204607d7c9bd715c2178568,2022-06,Bedfordshire Police,Bedfordshire Police,-0.479278,52.127723,On or near Riverside Close,E01017512,Bedford 016D,Criminal damage and arson,Investigation complete; no suspect identified,
74b7fba58ae788d5cc5dea6160a891c8b676b0e8bfe904864b52719c97ee97d1,2022-06,Bedfordshire Police,Bedfordshire Police,-0.480469,52.126632,On or near Stafford Road,E01017512,Bedford 016D,Other theft,Unable to prosecute suspect,
5174425be3b34b377456e65dd96db3bbf4fbfeca788a87cf9a97b72b11b00c98,2022-06,Bedfordshire Police,Bedfordshire Police,-0.480627,52.127578,On or near Marina Court,E01017512,Bedford 016D,Vehicle crime,Investigation complete; no suspect identified,
faa719162d8d9a110307c4fd5d7260991a61678b0c5b28c08347d20ac5a94b3f,2022-06,Bedfordshire Police,Bedfordshire Police,-0.490192,52.120760,On or near Bedford Road,E01017512,Bedford 016D,Vehicle crime,Court result unavailable,
939ee24bb819ec681481ca06e7ee3b0a640417ae96df8c699e7708d8b2570249,2022-06,Bedfordshire Police,Bedfordshire Police,-0.479278,52.127723,On or near Riverside Close,E01017512,Bedford 016D,Violence and sexual offences,Unable to prosecute suspect,
63d98ef787bf7fedf6b9186cfaa165a1c13785741171b8ceb98a8f04b4055892,2022-06,Bedfordshire Police,Bedfordshire Police,-0.492179,52.125065,On or near Butler Way,E01017512,Bedford 016D,Violence and sexual offences,Unable to prosecute suspect,
e4d1e6b0cbc3985337a3710fb4ed684fb7d6600ffaee3e8fa09f145c5c57f2b3,2022-06,Bedfordshire Police,Bedfordshire Police,-0.480627,52.127578,On or near Marina Court,E01017512,Bedford 016D,Violence and sexual offences,Unable to prosecute suspect,
38c875e7eb459ce6eca0347099f3860c87b1c2318fc71caf13a1f97fd4f285b1,2022-06,Bedfordshire Police,Bedfordshire Police,-0.490192,52.120760,On or near Bedford Road,E01017512,Bedford 016D,Violence and sexual offences,Unable to prosecute suspect,
,2022-06,Bedfordshire Police,Bedfordshire Police,-0.495290,52.117283,On or near Supermarket,E01017505,Bedford 017A,Anti-social behaviour,,
9ce92b33e3137a6b9a0f3dc1bbd16eec924e9f58429185c9c140dc3fd6cc748e,2022-06,Bedfordshire Police,Bedfordshire Police,-0.493977,52.118102,On or near Tempsford Street,E01017505,Bedford 017A,Burglary,Investigation complete; no suspect identified,
8770dc1f87d42810af12631ceefc71f4e759eb99601e284234a4c0c333b83099,2022-06,Bedfordshire Police,Bedfordshire Police,-0.492508,52.116636,On or near Harris Close,E01017505,Bedford 017A,Burglary,Court result unavailable,
326105e324b74de0e4431f6dda23973958a895185ae6e4ec8eeeb32b343ae5f8,2022-06,Bedfordshire Police,Bedfordshire Police,-0.498919,52.114901,On or near St John'S Street,E01017505,Bedford 017A,Criminal damage and arson,Investigation complete; no suspect identified,
7f184a644524494b7b44910fcf7e7ae055bdaf38684d30bfb2e4ca606b03a60f,2022-06,Bedfordshire Police,Bedfordshire Police,-0.495290,52.117283,On or near Supermarket,E01017505,Bedford 017A,Criminal damage and arson,Court result unavailable,
665adc2e9332cb6435e9971c6c28441e1924dfd751a7755a521b0d800ced2c03,2022-06,Bedfordshire Police,Bedfordshire Police,-0.493977,52.118102,On or near Tempsford Street,E01017505,Bedford 017A,Criminal damage and arson,Investigation complete; no suspect identified,
91d2c69578d96fd7f41e53f5191b086d35a81b674250d4246c2a224db65e9448,2022-06,Bedfordshire Police,Bedfordshire Police,-0.495290,52.117283,On or near Supermarket,E01017505,Bedford 017A,Public order,Investigation complete; no suspect identified,
b4183536ecc43e00c3f73eef994bfd1a5b56ff3dd4269324d8078e5a6597bd01,2022-06,Bedfordshire Police,Bedfordshire Police,-0.493977,52.118102,On or near Tempsford Street,E01017505,Bedford 017A,Public order,Investigation complete; no suspect identified,
c9e93cd8f52f79b53908ba3272b3a082ab525db9441014bb96eee03501cd16c8,2022-06,Bedfordshire Police,Bedfordshire Police,-0.495290,52.117283,On or near Supermarket,E01017505,Bedford 017A,Shoplifting,Investigation complete; no suspect identified,
9157d7ecac8d091a796a617440486b9038f5e3a65b79b75b2a2475c15226295e,2022-06,Bedfordshire Police,Bedfordshire Police,-0.495290,52.117283,On or near Supermarket,E01017505,Bedford 017A,Shoplifting,Investigation complete; no suspect identified,
c7b7b1625840d65ab8ead705454c18a33e2ecb85b27be98eb3650cc7b30bdacf,2022-06,Bedfordshire Police,Bedfordshire Police,-0.495290,52.117283,On or near Supermarket,E01017505,Bedford 017A,Shoplifting,Investigation complete; no suspect identified,
0ccb160c85c2c2b215d23e09ac791ee55515893717bbf303db3d7d09741751c7,2022-06,Bedfordshire Police,Bedfordshire Police,-0.494667,52.117562,On or near Petrol Station,E01017505,Bedford 017A,Shoplifting,Unable to prosecute suspect,
1e4551ca842ed989c06fcc79255b33cbfab2530dd4e3953fba5a142fa1ef3f06,2022-06,Bedfordshire Police,Bedfordshire Police,-0.495290,52.117283,On or near Supermarket,E01017505,Bedford 017A,Shoplifting,Unable to prosecute suspect,
a8c75e5c5585ef429ae41d0a3d6f240881f8005cae86bb4fcc754a4fc439652f,2022-06,Bedfordshire Police,Bedfordshire Police,-0.495290,52.117283,On or near Supermarket,E01017505,Bedford 017A,Shoplifting,Investigation complete; no suspect identified,
2ac5861c8317909bb33981817c4058f37c03c3ae443987cd1b6d877c9569b642,2022-06,Bedfordshire Police,Bedfordshire Police,-0.495290,52.117283,On or near Supermarket,E01017505,Bedford 017A,Shoplifting,Investigation complete; no suspect identified,
e95d8ad1c3948a85c28892471055a0558f83571d96d187831624fe348f0f1728,2022-06,Bedfordshire Police,Bedfordshire Police,-0.495290,52.117283,On or near Supermarket,E01017505,Bedford 017A,Shoplifting,Investigation complete; no suspect identified,
645c52aa08f68acb57cd8de9fb3ce00703a526d11abb3fb0ce88522cb8760973,2022-06,Bedfordshire Police,Bedfordshire Police,-0.495290,52.117283,On or near Supermarket,E01017505,Bedford 017A,Shoplifting,Unable to prosecute suspect,
68f22f4dd2a586f8fac5bde4f6d56dba06782c8f0d6d7784c1964b112ee8f626,2022-06,Bedfordshire Police,Bedfordshire Police,-0.495290,52.117283,On or near Supermarket,E01017505,Bedford 017A,Shoplifting,Investigation complete; no suspect identified,
6d29c0e5a9aa0d880f2e9009fb3a3d124f27a87235c0c06ffa459a30215c42db,2022-06,Bedfordshire Police,Bedfordshire Police,-0.495290,52.117283,On or near Supermarket,E01017505,Bedford 017A,Shoplifting,Unable to prosecute suspect,
1f3115f19ec8db0f4a5a347ce3c308ecb6e3cc749f515757a3d9fb1091c39f99,2022-06,Bedfordshire Police,Bedfordshire Police,-0.495290,52.117283,On or near Supermarket,E01017505,Bedford 017A,Shoplifting,Court result unavailable,
00b2bc46f37c7ebd598bffb67ef75176e40295bc97fd3a2485b643cc1730ab4d,2022-06,Bedfordshire Police,Bedfordshire Police,-0.495290,52.117283,On or near Supermarket,E01017505,Bedford 017A,Shoplifting,Court result unavailable,
2e4c01c9e03a221b35dc98000f131a5de342a4296bfa742db39cc8356ac98b44,2022-06,Bedfordshire Police,Bedfordshire Police,-0.495290,52.117283,On or near Supermarket,E01017505,Bedford 017A,Shoplifting,Action to be taken by another organisation,
0e2300c59095ec7766a46f66f01637ead99422467e625d8511f558cf08c192a4,2022-06,Bedfordshire Police,Bedfordshire Police,-0.495290,52.117283,On or near Supermarket,E01017505,Bedford 017A,Shoplifting,Investigation complete; no suspect identified,
d6fd2d39b09dffaf060acad308f30a475fc8077af3675705dca28e4e5be75be8,2022-06,Bedfordshire Police,Bedfordshire Police,-0.495290,52.117283,On or near Supermarket,E01017505,Bedford 017A,Shoplifting,Investigation complete; no suspect identified,
67d6ce6349be3df1e2860a7248fe89d5a31075e0e9227566696afcc75bee5a74,2022-06,Bedfordshire Police,Bedfordshire Police,-0.495290,52.117283,On or near Supermarket,E01017505,Bedford 017A,Shoplifting,Investigation complete; no suspect identified,
89b7a8f7d5da054abec34cbd21de1d58895304a8a855f92c60a799e3d72f6094,2022-06,Bedfordshire Police,Bedfordshire Police,-0.495290,52.117283,On or near Supermarket,E01017505,Bedford 017A,Shoplifting,Investigation complete; no suspect identified,
38a4b6ca266d1a7503d70b6fcd5902fe487fef8ec1d268643f2dc95aa661c3fa,2022-06,Bedfordshire Police,Bedfordshire Police,-0.495290,52.117283,On or near Supermarket,E01017505,Bedford 017A,Violence and sexual offences,Unable to prosecute suspect,
c99d966a2dd543f72012710c360246fa25cfac6a45ee860e485a3948171a4684,2022-06,Bedfordshire Police,Bedfordshire Police,-0.495290,52.117283,On or near Supermarket,E01017505,Bedford 017A,Violence and sexual offences,Unable to prosecute suspect,
b52e4149910d07a71893687e9ead49577e9eb02c739444ea9521f9112dea7126,2022-06,Bedfordshire Police,Bedfordshire Police,-0.495290,52.117283,On or near Supermarket,E01017505,Bedford 017A,Violence and sexual offences,Unable to prosecute suspect,
,2022-06,Bedfordshire Police,Bedfordshire Police,-0.483014,52.123959,On or near Ramillies Close,E01017506,Bedford 017B,Anti-social behaviour,,
,2022-06,Bedfordshire Police,Bedfordshire Police,-0.480464,52.119053,On or near Northdale Close,E01017506,Bedford 017B,Anti-social behaviour,,
,2022-06,Bedfordshire Police,Bedfordshire Police,-0.480257,52.125982,On or near Bedford Road,E01017506,Bedford 017B,Anti-social behaviour,,
2f2d103e06d0a8311ad250d0f2387a91e3e7bdab1aec4a4ea39329938dfdd2a6,2022-06,Bedfordshire Police,Bedfordshire Police,-0.480439,52.123656,On or near Ryswick Road,E01017506,Bedford 017B,Criminal damage and arson,Investigation complete; no suspect identified,
f29a0b2367427b5bbf3df73591e442372034d60df7886b124f8d18260cb5ecda,2022-06,Bedfordshire Police,Bedfordshire Police,-0.480594,52.122507,On or near Malakand Road,E01017506,Bedford 017B,Criminal damage and arson,Investigation complete; no suspect identified,
8ddb55ec9d88838abf727d72bbe238c0f5832189345b12155e9485e301edaf7b,2022-06,Bedfordshire Police,Bedfordshire Police,-0.483014,52.123959,On or near Ramillies Close,E01017506,Bedford 017B,Drugs,Local resolution,
a2fcd5742e378a816f984f388fcf52ee83c61644743a2c7a647c76e3429800d4,2022-06,Bedfordshire Police,Bedfordshire Police,-0.480257,52.125982,On or near Bedford Road,E01017506,Bedford 017B,Drugs,Local resolution,
0fe58928bbb324be36f2895d569e69484e99e86a4553a7f7c7845a24ad93391f,2022-06,Bedfordshire Police,Bedfordshire Police,-0.480257,52.125982,On or near Bedford Road,E01017506,Bedford 017B,Drugs,Unable to prosecute suspect,
4025593d547c678e095c75ddc720f10c56fab4a3f45d12af3eef42508b516815,2022-06,Bedfordshire Police,Bedfordshire Police,-0.479396,52.126394,On or near Kempston Road,E01017506,Bedford 017B,Other theft,Investigation complete; no suspect identified,
c1357a0e6ced0c29ddb113e5430a032b8865daafaff585104d11ff68ff0f5c10,2022-06,Bedfordshire Police,Bedfordshire Police,-0.480257,52.125982,On or near Bedford Road,E01017506,Bedford 017B,Possession of weapons,Court result unavailable,
06c4faa5c25571b3d485e3c4404db52d8d46ab558d473a9bd55425c240f6e8cc,2022-06,Bedfordshire Police,Bedfordshire Police,-0.480257,52.125982,On or near Bedford Road,E01017506,Bedford 017B,Public order,Unable to prosecute suspect,
0f0c1cc89a8fc1017a8cafac212686e2e316a5892ef78069301a6dff0618c64b,2022-06,Bedfordshire Police,Bedfordshire Police,-0.479869,52.120654,On or near College Street,E01017506,Bedford 017B,Public order,Unable to prosecute suspect,
6755d50b8ed9a5a17796ded935a19e369d803a80c1bfba76f550e7d4f7e47e3a,2022-06,Bedfordshire Police,Bedfordshire Police,-0.479869,52.120654,On or near College Street,E01017506,Bedford 017B,Public order,Unable to prosecute suspect,
dfb042bb330c238a0243c2d20d578c0e732ead4e739102b789abbe4d6538e588,2022-06,Bedfordshire Police,Bedfordshire Police,-0.480257,52.125982,On or near Bedford Road,E01017506,Bedford 017B,Public order,Investigation complete; no suspect identified,
20577c30856f1a1db3581c207a43f92f23c99cc859969c42c7b2bd0caa9c7388,2022-06,Bedfordshire Police,Bedfordshire Police,-0.480257,52.125982,On or near Bedford Road,E01017506,Bedford 017B,Public order,Unable to prosecute suspect,
ad1327a97ac30ad02a7931e9ce32eaa8158d3a4314246a48f659d92268456cde,2022-06,Bedfordshire Police,Bedfordshire Police,-0.480088,52.124937,On or near Beatrice Street,E01017506,Bedford 017B,Vehicle crime,Investigation complete; no suspect identified,
79d0798aaf2e353006bff766c52db55d995ea143eeb4408ebed546e225423794,2022-06,Bedfordshire Police,Bedfordshire Police,-0.481609,52.122754,On or near Walcourt Road,E01017506,Bedford 017B,Vehicle crime,Investigation complete; no suspect identified,
216a66f446a3371b3473fb60832fa0d3ab997069c3c1c7b190a4921f6319f28c,2022-06,Bedfordshire Police,Bedfordshire Police,-0.479869,52.120654,On or near College Street,E01017506,Bedford 017B,Vehicle crime,Investigation complete; no suspect identified,
daa04b0d7ebbac8a47d9caecb37d422841b0b482c93e629b990c66143398d79a,2022-06,Bedfordshire Police,Bedfordshire Police,-0.479396,52.126394,On or near Kempston Road,E01017506,Bedford 017B,Violence and sexual offences,Unable to prosecute suspect,
2a81e070d021df04b83db5b6c8aa732c56fc44bb3288667218c5359d2e1d0eac,2022-06,Bedfordshire Police,Bedfordshire Police,-0.479869,52.120654,On or near College Street,E01017506,Bedford 017B,Violence and sexual offences,Awaiting court outcome,
c6d2a07ed430dc46c688ca03c9513d7038a419ab71f7a44f7fd863afb6bf7ee9,2022-06,Bedfordshire Police,Bedfordshire Police,-0.482386,52.122224,On or near Normandy Close,E01017506,Bedford 017B,Violence and sexual offences,Unable to prosecute suspect,
e288c039adde909499d70d4da569b48f3473c36487098d598aa75761c52060bb,2022-06,Bedfordshire Police,Bedfordshire Police,-0.480464,52.119053,On or near Northdale Close,E01017506,Bedford 017B,Violence and sexual offences,Local resolution,
d8711f5058c83f568c924f4cac99cacb05167b60a78671f27818e08ae5de79fc,2022-06,Bedfordshire Police,Bedfordshire Police,-0.480257,52.125982,On or near Bedford Road,E01017506,Bedford 017B,Violence and sexual offences,Investigation complete; no suspect identified,
,2022-06,Bedfordshire Police,Bedfordshire Police,-0.484979,52.119839,On or near Birchdale Avenue,E01017507,Bedford 017C,Anti-social behaviour,,
,2022-06,Bedfordshire Police,Bedfordshire Police,-0.480369,52.117972,On or near Stonedale Road,E01017507,Bedford 017C,Anti-social behaviour,,
,2022-06,Bedfordshire Police,Bedfordshire Police,-0.479493,52.118384,On or near Eastdale Close,E01017507,Bedford 017C,Anti-social behaviour,,
3dfafea6f76c70dd8a6c898db6dad558394f78b92c9f6a425cbd0518c8af6d48,2022-06,Bedfordshire Police,Bedfordshire Police,-0.483942,52.117704,On or near Thetford Close,E01017507,Bedford 017C,Drugs,Status update unavailable,
7b503126168d7cdc46055b27489edab39910a3b785afccf0eedf387b8910fc81,2022-06,Bedfordshire Police,Bedfordshire Police,-0.483942,52.117704,On or near Thetford Close,E01017507,Bedford 017C,Drugs,Local resolution,
cbb41b5bc5b119fdee7b5bc3b942e6363db1b5a75147940710ee932cd7c30ea5,2022-06,Bedfordshire Police,Bedfordshire Police,-0.479493,52.118384,On or near Eastdale Close,E01017507,Bedford 017C,Violence and sexual offences,Unable to prosecute suspect,
5d60c68f09930299303cc5441ac3ae748a1ddb3ff939e6695f61d279be081241,2022-06,Bedfordshire Police,Bedfordshire Police,-0.479493,52.118384,On or near Eastdale Close,E01017507,Bedford 017C,Violence and sexual offences,Action to be taken by another organisation,
,2022-06,Bedfordshire Police,Bedfordshire Police,-0.486712,52.121291,On or near Littledale Street,E01017508,Bedford 017D,Anti-social behaviour,,
,2022-06,Bedfordshire Police,Bedfordshire Police,-0.487775,52.118796,On or near Margetts Road,E01017508,Bedford 017D,Anti-social behaviour,,
,2022-06,Bedfordshire Police,Bedfordshire Police,-0.485594,52.121088,On or near Thornton Street,E01017508,Bedford 017D,Anti-social behaviour,,
257c1d928e345ce31464b38b097e6d5713812b7a484fb573dd681c75362311fe,2022-06,Bedfordshire Police,Bedfordshire Police,-0.487600,52.117085,On or near Garnith Close,E01017508,Bedford 017D,Other theft,Investigation complete; no suspect identified,
52c992fdd8f19c5b4500d397045d7a2800281585a4d21d8d678ca327cf796c60,2022-06,Bedfordshire Police,Bedfordshire Police,-0.487470,52.120482,On or near Silverdale Street,E01017508,Bedford 017D,Other theft,Investigation complete; no suspect identified,
b14690ecd2f1e06ea5b69b42c55f77ae5cf86b3de3eba72f2fb70f3c67c7df19,2022-06,Bedfordshire Police,Bedfordshire Police,-0.486712,52.121291,On or near Littledale Street,E01017508,Bedford 017D,Robbery,Investigation complete; no suspect identified,
b1d9000c1e994501818c662fbb1681b168002e1fcbe15fda37d36d3a3aace431,2022-06,Bedfordshire Police,Bedfordshire Police,-0.484950,52.121996,On or near Park Road,E01017508,Bedford 017D,Vehicle crime,Investigation complete; no suspect identified,
1768a0c4a44a9a2e26fc837ebc99234a35b2741e842e194b6708d3e6932cf4ec,2022-06,Bedfordshire Police,Bedfordshire Police,-0.486712,52.121291,On or near Littledale Street,E01017508,Bedford 017D,Vehicle crime,Investigation complete; no suspect identified,
4ab8505edea95086aea26e18d5090c19966a5d9c57b87b427180c2bcd7045065,2022-06,Bedfordshire Police,Bedfordshire Police,-0.490420,52.118326,On or near Rosedale Way,E01017508,Bedford 017D,Violence and sexual offences,Unable to prosecute suspect,
d0896ef357f9bd30b8f85b73dea5be44adde67769299cf071cfb697817cd6dc8,2022-06,Bedfordshire Police,Bedfordshire Police,-0.485594,52.121088,On or near Thornton Street,E01017508,Bedford 017D,Violence and sexual offences,Investigation complete; no suspect identified,
82cd36432ffc436fbd0ac4330d71dca0c7da53aa675731bab39503fe276eac9c,2022-06,Bedfordshire Police,Bedfordshire Police,-0.487470,52.120482,On or near Silverdale Street,E01017508,Bedford 017D,Violence and sexual offences,Unable to prosecute suspect,
,2022-06,Bedfordshire Police,Bedfordshire Police,-0.487942,52.114743,On or near The Larches,E01017513,Bedford 018A,Anti-social behaviour,,
d169dd578470dedbeed25fd1d0bd5b83840b67ecaadae76e9acfa7c656e20057,2022-06,Bedfordshire Police,Bedfordshire Police,-0.491240,52.114812,On or near The Links,E01017513,Bedford 018A,Criminal damage and arson,Investigation complete; no suspect identified,
73ec6e6405b6fac9787e7d2a569d7447203a69482006f866ea8f55b04322c8a4,2022-06,Bedfordshire Police,Bedfordshire Police,-0.487523,52.113748,On or near The Hollies,E01017513,Bedford 018A,Criminal damage and arson,Investigation complete; no suspect identified,
d91b326fc8953e4ec3e0c40374d73f6474d8d76726c0f053792f9025e188eff0,2022-06,Bedfordshire Police,Bedfordshire Police,-0.487523,52.113748,On or near The Hollies,E01017513,Bedford 018A,Criminal damage and arson,Unable to prosecute suspect,
ba5570dfe098b9d37490753374ecef86d7d48c872b4ac00571724258df8af348,2022-06,Bedfordshire Police,Bedfordshire Police,-0.491755,52.113821,On or near The Elms,E01017513,Bedford 018A,Criminal damage and arson,Local resolution,
d6b4557d2a36fbeb3a92092fd09701d79dd01373cc07830393449cb936ddcc90,2022-06,Bedfordshire Police,Bedfordshire Police,-0.494492,52.113226,On or near The Alders,E01017513,Bedford 018A,Public order,Unable to prosecute suspect,
a43149d52f79985c7a1592d7213e33850bf83b7431d82169f5ddf888f20b0262,2022-06,Bedfordshire Police,Bedfordshire Police,-0.488387,52.115387,On or near The Rowans,E01017513,Bedford 018A,Public order,Investigation complete; no suspect identified,
1fd468278d4ee493ac9682f0b845bfbc19d451b09869dd7d3b381db0cb12fcd0,2022-06,Bedfordshire Police,Bedfordshire Police,-0.487523,52.113748,On or near The Hollies,E01017513,Bedford 018A,Public order,Unable to prosecute suspect,
75acdf4f218ec2ff33f5a375b47dfa2ffde06d5c671c518ec966a261a88ec3be,2022-06,Bedfordshire Police,Bedfordshire Police,-0.487942,52.114743,On or near The Larches,E01017513,Bedford 018A,Robbery,Investigation complete; no suspect identified,
83d358d6bdb752da86df3f9ec6465ac4050dad0beee950fe0410a2cf4d9c7847,2022-06,Bedfordshire Police,Bedfordshire Police,-0.487523,52.113748,On or near The Hollies,E01017513,Bedford 018A,Violence and sexual offences,Unable to prosecute suspect,
e0b3ec31672a6eea063af392352cc9c25fffc178ff599cc317f7ecc008e67e51,2022-06,Bedfordshire Police,Bedfordshire Police,-0.487523,52.113748,On or near The Hollies,E01017513,Bedford 018A,Violence and sexual offences,Action to be taken by another organisation,
,2022-06,Bedfordshire Police,Bedfordshire Police,-0.496553,52.112722,On or near Dudley Close,E01017514,Bedford 018B,Anti-social behaviour,,
,2022-06,Bedfordshire Police,Bedfordshire Police,-0.500789,52.109242,On or near Abbott Crescent,E01017514,Bedford 018B,Anti-social behaviour,,
,2022-06,Bedfordshire Police,Bedfordshire Police,-0.501636,52.107923,On or near Police Station,E01017514,Bedford 018B,Anti-social behaviour,,
,2022-06,Bedfordshire Police,Bedfordshire Police,-0.497021,52.114032,On or near B531,E01017514,Bedford 018B,Anti-social behaviour,,
,2022-06,Bedfordshire Police,Bedfordshire Police,-0.501636,52.107923,On or near Police Station,E01017514,Bedford 018B,Anti-social behaviour,,
,2022-06,Bedfordshire Police,Bedfordshire Police,-0.499033,52.109769,On or near Woburn Road,E01017514,Bedford 018B,Anti-social behaviour,,
,2022-06,Bedfordshire Police,Bedfordshire Police,-0.502401,52.112536,On or near Sports/Recreation Area,E01017514,Bedford 018B,Anti-social behaviour,,
,2022-06,Bedfordshire Police,Bedfordshire Police,-0.501221,52.114634,On or near Campbell Close,E01017514,Bedford 018B,Anti-social behaviour,,
c29a97932bbaf2776cacb500d4e23d15cbb70562b354630ab432eac963092c5f,2022-06,Bedfordshire Police,Bedfordshire Police,-0.505004,52.107210,On or near Sports/Recreation Area,E01017514,Bedford 018B,Burglary,Suspect charged as part of another case,
408fa9aef2b9de6c914dfeb41e6277943f4b21f9430cde48a40703e2ad63f2ff,2022-06,Bedfordshire Police,Bedfordshire Police,-0.501636,52.107923,On or near Police Station,E01017514,Bedford 018B,Criminal damage and arson,Court result unavailable,
b1a494d19ff4bd8d3a1a5fcfc15ea898ca03387c82a45c3a875eb77fb6d45f9d,2022-06,Bedfordshire Police,Bedfordshire Police,-0.501636,52.107923,On or near Police Station,E01017514,Bedford 018B,Criminal damage and arson,Investigation complete; no suspect identified,
2219175b9f96274645a99168e7f7c0466ca5ac30e19b43b29430f2689286a63e,2022-06,Bedfordshire Police,Bedfordshire Police,-0.501636,52.107923,On or near Police Station,E01017514,Bedford 018B,Criminal damage and arson,Court result unavailable,
f0331887b81210185c3e695ca1d625a087ad3ddbb60bfb658924666ecfa8ec76,2022-06,Bedfordshire Police,Bedfordshire Police,-0.501636,52.107923,On or near Police Station,E01017514,Bedford 018B,Criminal damage and arson,Investigation complete; no suspect identified,
c9819ffde7d820ecfef2843e83a640c6787718052df079b026d486c7d0009078,2022-06,Bedfordshire Police,Bedfordshire Police,-0.501526,52.111194,On or near Hastings Road,E01017514,Bedford 018B,Criminal damage and arson,Unable to prosecute suspect,
028ae956b05491405c514b557d3967baba140deca5b6d6b946df03cae0f51b94,2022-06,Bedfordshire Police,Bedfordshire Police,-0.498254,52.111665,On or near Cryselco Close,E01017514,Bedford 018B,Drugs,Unable to prosecute suspect,
f885f1fbdf95ed9f426c5a9a292585d750c300f29ecaf51237af5133045bc1b0,2022-06,Bedfordshire Police,Bedfordshire Police,-0.501636,52.107923,On or near Police Station,E01017514,Bedford 018B,Drugs,Status update unavailable,
b35fcd8227862b3bbf1c606992f64ccb98c574f17d153d21b4596ac883c2194a,2022-06,Bedfordshire Police,Bedfordshire Police,-0.501636,52.107923,On or near Police Station,E01017514,Bedford 018B,Drugs,Court result unavailable,
1c66f746aa721cc12d910b2409a098167b4459257b83da5302ded03000a1c204,2022-06,Bedfordshire Police,Bedfordshire Police,-0.498254,52.111665,On or near Cryselco Close,E01017514,Bedford 018B,Drugs,Local resolution,
7787a49e18d5c01db4a8989b661c47ecea808cd05babbd72ea7ad049c623d442,2022-06,Bedfordshire Police,Bedfordshire Police,-0.502351,52.115358,On or near Petrol Station,E01017514,Bedford 018B,Other theft,Investigation complete; no suspect identified,
f5e5a2ab72e8d6137d4571d7ba31b0f6333e467c8acf012394f5489d12bebb70,2022-06,Bedfordshire Police,Bedfordshire Police,-0.502351,52.115358,On or near Petrol Station,E01017514,Bedford 018B,Other theft,Investigation complete; no suspect identified,
722a0475daa791f8df06cd651de2a0e3aa4552bdeb406f120e17b404f8dda19d,2022-06,Bedfordshire Police,Bedfordshire Police,-0.496553,52.112722,On or near Dudley Close,E01017514,Bedford 018B,Public order,Unable to prosecute suspect,
5927910b781faa032f47f1fce65e08f8ae90d47c5d7164d343ec5401d24f2c12,2022-06,Bedfordshire Police,Bedfordshire Police,-0.498508,52.113673,On or near St John'S Avenue,E01017514,Bedford 018B,Public order,Local resolution,
0ab9d46fa51c524e65b536e1b3f86e1d44febef65cbd3915ff1309daaf1117d7,2022-06,Bedfordshire Police,Bedfordshire Police,-0.501636,52.107923,On or near Police Station,E01017514,Bedford 018B,Public order,Formal action is not in the public interest,
7907e5ecb6abe44a472a74f0c919e4a7f9bfb39168bd239131375278382c2790,2022-06,Bedfordshire Police,Bedfordshire Police,-0.501636,52.107923,On or near Police Station,E01017514,Bedford 018B,Public order,Formal action is not in the public interest,
8fe1886f1ae0e10434d105e3992b7eb181bdb268ea89f29b4ee88cb07ab6c657,2022-06,Bedfordshire Police,Bedfordshire Police,-0.501636,52.107923,On or near Police Station,E01017514,Bedford 018B,Public order,Action to be taken by another organisation,
5d7f87585a15717044e90ad3cf15374ce188468dd4b7976b512c419cffca85c0,2022-06,Bedfordshire Police,Bedfordshire Police,-0.505004,52.107210,On or near Sports/Recreation Area,E01017514,Bedford 018B,Public order,Unable to prosecute suspect,
9e5945ea2654c49194878bfb88eef60da4ca47f2d27bf0930a4cf561fb490f46,2022-06,Bedfordshire Police,Bedfordshire Police,-0.505004,52.107210,On or near Sports/Recreation Area,E01017514,Bedford 018B,Public order,Unable to prosecute suspect,
e2c24669f2463ea283ff03082f488b06bff27058ed41736fb119a03e745ef0c2,2022-06,Bedfordshire Police,Bedfordshire Police,-0.501636,52.107923,On or near Police Station,E01017514,Bedford 018B,Shoplifting,Local resolution,
99f9ca20f48f35bd3cade1766c678ad4c5521468aa4cd4f446eb50d0f58cc0c7,2022-06,Bedfordshire Police,Bedfordshire Police,-0.505004,52.107210,On or near Sports/Recreation Area,E01017514,Bedford 018B,Vehicle crime,Investigation complete; no suspect identified,
7883e6c0bca27c968cb39c280b403722c030e1c8a12ffb1525cf0cf075faaa66,2022-06,Bedfordshire Police,Bedfordshire Police,-0.501636,52.107923,On or near Police Station,E01017514,Bedford 018B,Vehicle crime,Investigation complete; no suspect identified,
9b897e9d4a24dfa06a59c7933f7902b7e57bdd9ab04acf4c15c63ebd354447a2,2022-06,Bedfordshire Police,Bedfordshire Police,-0.505004,52.107210,On or near Sports/Recreation Area,E01017514,Bedford 018B,Violence and sexual offences,Unable to prosecute suspect,
1a636415be957351270f2c445e2a214cc35f6f3edadba203c1bb1e098fd2943a,2022-06,Bedfordshire Police,Bedfordshire Police,-0.501636,52.107923,On or near Police Station,E01017514,Bedford 018B,Violence and sexual offences,Action to be taken by another organisation,
81ecc17587ae0a4e21fc0eea12cd4a4671fec0e38c58f23425e6f441c37843f0,2022-06,Bedfordshire Police,Bedfordshire Police,-0.501636,52.107923,On or near Police Station,E01017514,Bedford 018B,Violence and sexual offences,Unable to prosecute suspect,
b6d8c26d65c28d65bf45e09797014f55ca7df0d0b02b9dd1aed373d4826df711,2022-06,Bedfordshire Police,Bedfordshire Police,-0.498508,52.113673,On or near St John'S Avenue,E01017514,Bedford 018B,Violence and sexual offences,Unable to prosecute suspect,
f4f4b7c80385808ab99ed78517ec60fdae9db66cb0c8afc814c1dac6a2f72fdc,2022-06,Bedfordshire Police,Bedfordshire Police,-0.501636,52.107923,On or near Police Station,E01017514,Bedford 018B,Violence and sexual offences,Unable to prosecute suspect,
4759b1939e4522d349d7f27ead95a559c8cf26e58caf142b05c141ec1dafb81c,2022-06,Bedfordshire Police,Bedfordshire Police,-0.505004,52.107210,On or near Sports/Recreation Area,E01017514,Bedford 018B,Violence and sexual offences,Unable to prosecute suspect,
8589ac944ca29d14807e78239d11830ed16718efc1e3cbac51f93ecac5037162,2022-06,Bedfordshire Police,Bedfordshire Police,-0.501636,52.107923,On or near Police Station,E01017514,Bedford 018B,Violence and sexual offences,Unable to prosecute suspect,
2ac59b909f989ead4f0a0661fdce359e0abcc76f94f64011109dfd7a226b9036,2022-06,Bedfordshire Police,Bedfordshire Police,-0.498508,52.113673,On or near St John'S Avenue,E01017514,Bedford 018B,Violence and sexual offences,Unable to prosecute suspect,
14e5a5d57cd76b9c33baefe8f9789cc9b364b28f7b93e59286626e35cce4b483,2022-06,Bedfordshire Police,Bedfordshire Police,-0.505275,52.107825,On or near Sports/Recreation Area,E01017514,Bedford 018B,Violence and sexual offences,Unable to prosecute suspect,
494b602003ae0f570e20fb19b5c84ed4f0d224d9f67b518af45b1560cf3125b0,2022-06,Bedfordshire Police,Bedfordshire Police,-0.501636,52.107923,On or near Police Station,E01017514,Bedford 018B,Violence and sexual offences,Status update unavailable,
52f2edeff09bef3ce1a3a23d0d6663dca4124d311963ecd336d3776ad02c5b31,2022-06,Bedfordshire Police,Bedfordshire Police,-0.501636,52.107923,On or near Police Station,E01017514,Bedford 018B,Violence and sexual offences,Court result unavailable,
492fb8849320f91919b032eb5d9c763f7581154af64c8745961fa93f47b7916c,2022-06,Bedfordshire Police,Bedfordshire Police,-0.501636,52.107923,On or near Police Station,E01017514,Bedford 018B,Violence and sexual offences,Unable to prosecute suspect,
4c1249d876477556337ac11ea523d1fdf2aa29de3bb0f74daec25f800c8152de,2022-06,Bedfordshire Police,Bedfordshire Police,-0.501636,52.107923,On or near Police Station,E01017514,Bedford 018B,Violence and sexual offences,Court result unavailable,
e3424f7426b11c2828b2ed66834b1ea407424ae31a6232a5d79c51d40ddeace9,2022-06,Bedfordshire Police,Bedfordshire Police,-0.501636,52.107923,On or near Police Station,E01017514,Bedford 018B,Violence and sexual offences,Status update unavailable,
399f9f6a5da65c2ff86e1e5890df106b2b12ec68f732dc8928f7648302d63650,2022-06,Bedfordshire Police,Bedfordshire Police,-0.501636,52.107923,On or near Police Station,E01017514,Bedford 018B,Violence and sexual offences,Unable to prosecute suspect,
604c5271a4efd165b1cb5dc226683d74f7f68263163433cedee7bbf7a598efec,2022-06,Bedfordshire Police,Bedfordshire Police,-0.502200,52.110249,On or near Lincoln Road,E01017514,Bedford 018B,Violence and sexual offences,Local resolution,
a8f39d209b08765c093fe983aad3f07b0fd98ce482917e61bc9d98fb2ab5a3ac,2022-06,Bedfordshire Police,Bedfordshire Police,-0.501636,52.107923,On or near Police Station,E01017514,Bedford 018B,Violence and sexual offences,Investigation complete; no suspect identified,
c42add0fb83b8f514111ef34e70923cc2bc93d1361d1ac4432820c87cd475df0,2022-06,Bedfordshire Police,Bedfordshire Police,-0.501636,52.107923,On or near Police Station,E01017514,Bedford 018B,Violence and sexual offences,Unable to prosecute suspect,
83669ab1acd02435cbff1928f877265207da2b57a4334961691fa45f29fd0acc,2022-06,Bedfordshire Police,Bedfordshire Police,-0.501636,52.107923,On or near Police Station,E01017514,Bedford 018B,Violence and sexual offences,Status update unavailable,
21362d420978c3cee5e72b0c3c58c2cc199b7a29a55e561e285ebe94530f7883,2022-06,Bedfordshire Police,Bedfordshire Police,-0.501636,52.107923,On or near Police Station,E01017514,Bedford 018B,Violence and sexual offences,Status update unavailable,
56db69971c326af4e98fc7415a340ff080452f13371f9858f19d14fe852f10b3,2022-06,Bedfordshire Police,Bedfordshire Police,-0.501636,52.107923,On or near Police Station,E01017514,Bedford 018B,Violence and sexual offences,Court result unavailable,
2996381d53ccb318ab26397fc1e475be702f022497495cff80e28a777bc19f92,2022-06,Bedfordshire Police,Bedfordshire Police,-0.501636,52.107923,On or near Police Station,E01017514,Bedford 018B,Other crime,Court result unavailable,
3cf60a64b84c27b4e76060d00f44eddaf853330f3d050b0b01cff496901f84b4,2022-06,Bedfordshire Police,Bedfordshire Police,-0.501636,52.107923,On or near Police Station,E01017514,Bedford 018B,Other crime,Formal action is not in the public interest,
77fe450f56c8244209c4a3f4d04563e845647b41699ef7394e12464ec726336f,2022-06,Bedfordshire Police,Bedfordshire Police,-0.501636,52.107923,On or near Police Station,E01017514,Bedford 018B,Other crime,Unable to prosecute suspect,
2d73be4f1ad956f79e9f1ce45ee614d6ac86defae0e7e1a748026495a5cec03b,2022-06,Bedfordshire Police,Bedfordshire Police,-0.501636,52.107923,On or near Police Station,E01017514,Bedford 018B,Other crime,Investigation complete; no suspect identified,
,2022-06,Bedfordshire Police,Bedfordshire Police,-0.506305,52.112855,On or near White Lodge Close,E01017515,Bedford 018C,Anti-social behaviour,,
,2022-06,Bedfordshire Police,Bedfordshire Police,-0.504152,52.113907,On or near Owen Close,E01017515,Bedford 018C,Anti-social behaviour,,
f458e35d2e0d65b876d371ce61aa3f3bdace11ce44cce3a403613d1df00e8cff,2022-06,Bedfordshire Police,Bedfordshire Police,-0.510070,52.111185,On or near Ditmas Avenue,E01017515,Bedford 018C,Public order,Investigation complete; no suspect identified,
d9f4be489af5a257d16bc5f506068fafeebedbf9d6dd5e5e8cbf6b0acd7b28e7,2022-06,Bedfordshire Police,Bedfordshire Police,-0.505231,52.111322,On or near Hooper Close,E01017515,Bedford 018C,Public order,Awaiting court outcome,
e4faaafe97a98a35821ce99eb702dde76e87141987da99cfcc3d17b70fb828b5,2022-06,Bedfordshire Police,Bedfordshire Police,-0.510070,52.111185,On or near Ditmas Avenue,E01017515,Bedford 018C,Public order,Unable to prosecute suspect,
a6c43175f2c815817173a5ee99b5b0cef16bf63d7fec2914b01b4dc328e0d5b8,2022-06,Bedfordshire Police,Bedfordshire Police,-0.504197,52.112999,On or near Kendall Road,E01017515,Bedford 018C,Vehicle crime,Unable to prosecute suspect,
ca7df5b7f56fa622706e21fe151d797061083fb86ebe58c691553722cfa07b85,2022-06,Bedfordshire Police,Bedfordshire Police,-0.510070,52.111185,On or near Ditmas Avenue,E01017515,Bedford 018C,Violence and sexual offences,Further action is not in the public interest,
b58739c38a964c167130c71d01e4ef814e8a7ae0ada0773905f35c48bb638774,2022-06,Bedfordshire Police,Bedfordshire Police,-0.503216,52.109156,On or near Dennis Road,E01017515,Bedford 018C,Violence and sexual offences,Unable to prosecute suspect,
f9edc94cdf460eaab9c662910172fd6d87ded051f91183777b1e1d71aabd422a,2022-06,Bedfordshire Police,Bedfordshire Police,-0.505231,52.111322,On or near Hooper Close,E01017515,Bedford 018C,Violence and sexual offences,Unable to prosecute suspect,
04f683103a957929fd7b42ef47df0a8662c6092287368dab9bdef09d788fb6ba,2022-06,Bedfordshire Police,Bedfordshire Police,-0.504152,52.113907,On or near Owen Close,E01017515,Bedford 018C,Violence and sexual offences,Unable to prosecute suspect,
,2022-06,Bedfordshire Police,Bedfordshire Police,-0.500980,52.090462,On or near Manor Road,E01017516,Bedford 018D,Anti-social behaviour,,
,2022-06,Bedfordshire Police,Bedfordshire Police,-0.500980,52.090462,On or near Manor Road,E01017516,Bedford 018D,Anti-social behaviour,,
,2022-06,Bedfordshire Police,Bedfordshire Police,-0.496889,52.104922,On or near A421,E01017516,Bedford 018D,Anti-social behaviour,,
9583c3b9a4d5a60b8e2b4e8f0a92f978439b87c2a9e93a81edd701c8fbcbe3c0,2022-06,Bedfordshire Police,Bedfordshire Police,-0.485354,52.108353,On or near Shopping Area,E01017516,Bedford 018D,Bicycle theft,Investigation complete; no suspect identified,
0661718f69f7bb84013d97e95be046e2d71c7a5968db6fa69c28fd939824e226,2022-06,Bedfordshire Police,Bedfordshire Police,-0.515298,52.115126,On or near Brooks Close,E01017516,Bedford 018D,Burglary,Suspect charged as part of another case,
1d3cbb156ea9d81f5605a368717cba2d508542ab5db9236c379a6519eef6ea7a,2022-06,Bedfordshire Police,Bedfordshire Police,-0.508389,52.112980,On or near Eugster Avenue,E01017516,Bedford 018D,Criminal damage and arson,Investigation complete; no suspect identified,
340113292ab71bc4b27a1185086c98597d695b17a8aa8d9a056423b8c08c9030,2022-06,Bedfordshire Police,Bedfordshire Police,-0.504027,52.104995,On or near Woburn Road,E01017516,Bedford 018D,Drugs,Awaiting court outcome,
c8df356103c18d396ca9a3424879c6aefcc7542514329f1778fc6b2ff5ebd3c6,2022-06,Bedfordshire Police,Bedfordshire Police,-0.508389,52.112980,On or near Eugster Avenue,E01017516,Bedford 018D,Other theft,Investigation complete; no suspect identified,
7da31b7dde5f9675def79b58d95df98b5351067cbd5298d6a735d158faf4c5f8,2022-06,Bedfordshire Police,Bedfordshire Police,-0.516336,52.114663,On or near Crowsley Road,E01017516,Bedford 018D,Other theft,Investigation complete; no suspect identified,
b4680db225c58e1c8b3a003c2ff91686a69fc61d5abc7bd183c8b3bbcd1f5f1d,2022-06,Bedfordshire Police,Bedfordshire Police,-0.485354,52.108353,On or near Shopping Area,E01017516,Bedford 018D,Public order,Investigation complete; no suspect identified,
d6636ab3dd4f3beb44e84066b17c644dfeb291642250f74561b9034d51f0054b,2022-06,Bedfordshire Police,Bedfordshire Police,-0.486636,52.108450,On or near Shopping Area,E01017516,Bedford 018D,Shoplifting,Investigation complete; no suspect identified,
f119215885b6c9b7041091b7fc56da4e977ed3d605766e6c6a1e574304352f20,2022-06,Bedfordshire Police,Bedfordshire Police,-0.485354,52.108353,On or near Shopping Area,E01017516,Bedford 018D,Shoplifting,Investigation complete; no suspect identified,
c3dd5c12239f0a27993ede8485605872f55c2618d5ce7e160543c9ee6d9f138c,2022-06,Bedfordshire Police,Bedfordshire Police,-0.486636,52.108450,On or near Shopping Area,E01017516,Bedford 018D,Shoplifting,Investigation complete; no suspect identified,
8fb3f76111597a426ece15e1edfead85c2b1849ce963de1a673f90aa6b599383,2022-06,Bedfordshire Police,Bedfordshire Police,-0.486636,52.108450,On or near Shopping Area,E01017516,Bedford 018D,Shoplifting,Unable to prosecute suspect,
dc830e28d5e91b179b32c3d3c23f6b766789b3559f78a6555b7a60cdd08b2314,2022-06,Bedfordshire Police,Bedfordshire Police,-0.513815,52.111844,On or near The Dell,E01017516,Bedford 018D,Shoplifting,Investigation complete; no suspect identified,
9e9e196b8010a15e2465e2b55590d9237a563470586fb9ee4b8814106bd08c65,2022-06,Bedfordshire Police,Bedfordshire Police,-0.499155,52.107441,On or near Singer Way,E01017516,Bedford 018D,Vehicle crime,Investigation complete; no suspect identified,
04516d522b7aa6dcd8fa77d8af933d97fd8e87fc4d546e617b42863e12a81bd1,2022-06,Bedfordshire Police,Bedfordshire Police,-0.515623,52.115014,On or near Basen Close,E01017516,Bedford 018D,Vehicle crime,Investigation complete; no suspect identified,
8eaed3c10f219d9df936e0324a20a0d240dc3c2f9a17802dced20627ad22278b,2022-06,Bedfordshire Police,Bedfordshire Police,-0.512215,52.114305,On or near Burr Close,E01017516,Bedford 018D,Vehicle crime,Suspect charged as part of another case,
c5801d35109f087f354d0deb36085873cce44c4c080f4c69f9e7cb8e56adb5cb,2022-06,Bedfordshire Police,Bedfordshire Police,-0.515623,52.115014,On or near Basen Close,E01017516,Bedford 018D,Vehicle crime,Investigation complete; no suspect identified,
cc1ae948d18ae65fe0572f5b4a4e5ffb6c7fafecb8b09c0e276f4f207480fb46,2022-06,Bedfordshire Police,Bedfordshire Police,-0.516336,52.114663,On or near Crowsley Road,E01017516,Bedford 018D,Vehicle crime,Investigation complete; no suspect identified,
8ecbb4014f53968bf7c30d789b33d79ddd2a55b2a0f3c9c8049b765448069ae3,2022-06,Bedfordshire Police,Bedfordshire Police,-0.519084,52.116343,On or near The Frank Branston Way,E01017516,Bedford 018D,Violence and sexual offences,Unable to prosecute suspect,
eff0a54bd71db4f6256fb2818d9f0bfaf93a4e5ef48250bb9b58ca51f1835e6c,2022-06,Bedfordshire Police,Bedfordshire Police,-0.497126,52.110904,On or near Naylor Avenue,E01017516,Bedford 018D,Violence and sexual offences,Unable to prosecute suspect,
bbc0c6643e34a4ea4f55b06859580623194c5585b7ff4cc129a6f1bda35a89d6,2022-06,Bedfordshire Police,Bedfordshire Police,-0.508389,52.112980,On or near Eugster Avenue,E01017516,Bedford 018D,Violence and sexual offences,Local resolution,
ed4f189971a70d6d4898455e5cefae2d0c60dc290e757663b0cc89fc97425a12,2022-06,Bedfordshire Police,Bedfordshire Police,-0.499155,52.107441,On or near Singer Way,E01017516,Bedford 018D,Violence and sexual offences,Unable to prosecute suspect,
64a5b6166647db825a0a786be8fd0cbb849ee56ffc23363e4f99296fab2a1390,2022-06,Bedfordshire Police,Bedfordshire Police,-0.485354,52.108353,On or near Shopping Area,E01017516,Bedford 018D,Violence and sexual offences,Unable to prosecute suspect,
cd00cdc1e0dabd5a35a5980107fce731bdfd9219d1074410f7db0564e1cae56c,2022-06,Bedfordshire Police,Bedfordshire Police,-0.519084,52.116343,On or near The Frank Branston Way,E01017516,Bedford 018D,Violence and sexual offences,Investigation complete; no suspect identified,
4bc26d362e405fb30b2be7019919cfcc98141a091aa5829bc862fbfe1360a87a,2022-06,Bedfordshire Police,Bedfordshire Police,-0.494457,52.110349,On or near Chantry Road,E01017516,Bedford 018D,Violence and sexual offences,Unable to prosecute suspect,
55027a0fcb460e1e194ad1c9e1743d8ae72a6a9b3164cc794762717f513324d0,2022-06,Bedfordshire Police,Bedfordshire Police,-0.519084,52.116343,On or near The Frank Branston Way,E01017516,Bedford 018D,Violence and sexual offences,Unable to prosecute suspect,
9e496839313ccea296e47c4cea427be4e578f205a92469a3bbfd80d9486f78fa,2022-06,Bedfordshire Police,Bedfordshire Police,-0.494457,52.110349,On or near Chantry Road,E01017516,Bedford 018D,Violence and sexual offences,Unable to prosecute suspect,
f23daf97996e19b771012a4959755b191c6c87741afc285fc59e637eec798f28,2022-06,Bedfordshire Police,Bedfordshire Police,-0.499155,52.107441,On or near Singer Way,E01017516,Bedford 018D,Other crime,Unable to prosecute suspect,
,2022-06,Bedfordshire Police,Bedfordshire Police,-0.488974,52.113587,On or near The Sycamores,E01017517,Bedford 018E,Anti-social behaviour,,
,2022-06,Bedfordshire Police,Bedfordshire Police,-0.481214,52.115466,On or near The Almonds,E01017517,Bedford 018E,Anti-social behaviour,,
5a7870573e4fc509a2fd706e8336a3f7f59a3df053b39274ca4519a5788d72c5,2022-06,Bedfordshire Police,Bedfordshire Police,-0.482131,52.112969,On or near Sports/Recreation Area,E01017517,Bedford 018E,Violence and sexual offences,Unable to prosecute suspect,
,2022-06,Bedfordshire Police,Bedfordshire Police,-0.421105,52.118605,On or near Harrowden Lane,E01017486,Bedford 019A,Anti-social behaviour,,
,2022-06,Bedfordshire Police,Bedfordshire Police,-0.412380,52.094104,On or near Gales Place,E01017486,Bedford 019A,Anti-social behaviour,,
992759c03703b084d316841012d01877a224eb42bd3d072a669eafcb370c0a7e,2022-06,Bedfordshire Police,Bedfordshire Police,-0.416542,52.096929,On or near Hermitage Gardens,E01017486,Bedford 019A,Burglary,Investigation complete; no suspect identified,
df79fd0c533a3ac0218a2d0f8bce3e02587535f9af97c69931b14fc47f075679,2022-06,Bedfordshire Police,Bedfordshire Police,-0.415115,52.092711,On or near Sports/Recreation Area,E01017486,Bedford 019A,Criminal damage and arson,Investigation complete; no suspect identified,
e59861e8279f2e10296b5d2efbeff935ccad22ed76065d5e8d8006b2979716bb,2022-06,Bedfordshire Police,Bedfordshire Police,-0.433674,52.109656,On or near Greycote,E01017486,Bedford 019A,Other theft,Investigation complete; no suspect identified,
62ccc7a59dfd2e3e140c661bbeafd3f01a24815dcb358b1c51afcede5d5e35fa,2022-06,Bedfordshire Police,Bedfordshire Police,-0.431873,52.108526,On or near Comet Drive,E01017486,Bedford 019A,Public order,Unable to prosecute suspect,
eb6f6db8bd036433e0215c26c5ac6f34c5ed80f0897ca21684f7c43224e99b37,2022-06,Bedfordshire Police,Bedfordshire Police,-0.415247,52.117816,On or near Holm Oak Green,E01017486,Bedford 019A,Vehicle crime,Investigation complete; no suspect identified,
157ae43b9f72e4accd6a0480a3bf1ffded8d7553dceca0b637c3616fc563584b,2022-06,Bedfordshire Police,Bedfordshire Police,-0.415247,52.117816,On or near Holm Oak Green,E01017486,Bedford 019A,Vehicle crime,Investigation complete; no suspect identified,
f8379fb84a6d8a67e8103389116a2b8210934a740177fa970f1513ea0188d82d,2022-06,Bedfordshire Police,Bedfordshire Police,-0.434939,52.120633,On or near Arkwright Road,E01017486,Bedford 019A,Vehicle crime,Investigation complete; no suspect identified,
0fbda99800a74087ce29e54fe3cbf93c7cb2e7879c020f7b304f05dab6951844,2022-06,Bedfordshire Police,Bedfordshire Police,-0.434939,52.120633,On or near Arkwright Road,E01017486,Bedford 019A,Vehicle crime,Investigation complete; no suspect identified,
b970a6a44ce6894b7a29a31434c24f83cfbf153e362d68f08e0c40df1c4cf8ef,2022-06,Bedfordshire Police,Bedfordshire Police,-0.415247,52.117816,On or near Holm Oak Green,E01017486,Bedford 019A,Vehicle crime,Investigation complete; no suspect identified,
1ecfb2f3a953aa2c5e4cade49a7938de82d4df61aef0aa2c1e176adc6f82b464,2022-06,Bedfordshire Police,Bedfordshire Police,-0.431375,52.111064,On or near The Crescent,E01017486,Bedford 019A,Vehicle crime,Investigation complete; no suspect identified,
5b4e78d0ad4648df18b1c2df5278458f36c3f281bdc40fa3be385a758790c43d,2022-06,Bedfordshire Police,Bedfordshire Police,-0.418935,52.125455,On or near A421,E01017486,Bedford 019A,Vehicle crime,Investigation complete; no suspect identified,
d615c4251e6e6904cb87682dd1c0838f876f8987ae17792266c03584d9f903f8,2022-06,Bedfordshire Police,Bedfordshire Police,-0.421105,52.118605,On or near Harrowden Lane,E01017486,Bedford 019A,Vehicle crime,Investigation complete; no suspect identified,
19ab64b50b38c05d9bb4a5845e7af54376a101457e92a141e76004100f9555f2,2022-06,Bedfordshire Police,Bedfordshire Police,-0.416704,52.093191,On or near Meeting Close,E01017486,Bedford 019A,Violence and sexual offences,Unable to prosecute suspect,
ba0e6ad2042f0f474ecc5d445f5cbdeaa2eba616e7751e15ed9d348e0d0785d4,2022-06,Bedfordshire Police,Bedfordshire Police,-0.431873,52.108526,On or near Comet Drive,E01017486,Bedford 019A,Violence and sexual offences,Unable to prosecute suspect,
a2235f9904864ee10a8dd52e3077b13d4ad4209d447ca894dae24e93a52eb8fc,2022-06,Bedfordshire Police,Bedfordshire Police,-0.431873,52.108526,On or near Comet Drive,E01017486,Bedford 019A,Violence and sexual offences,Unable to prosecute suspect,
1df35c07f0bb21e1474988f8a79b84877e968397e16d1d27f20c6c3889092923,2022-06,Bedfordshire Police,Bedfordshire Police,-0.421105,52.118605,On or near Harrowden Lane,E01017486,Bedford 019A,Violence and sexual offences,Status update unavailable,
0f897ea9e126056de29216e71b4fb2636988d3a61275734aada27ce2f6eae454,2022-06,Bedfordshire Police,Bedfordshire Police,-0.431873,52.108526,On or near Comet Drive,E01017486,Bedford 019A,Violence and sexual offences,Unable to prosecute suspect,
295a003f89d244a1c078f972e61768bea9027d73d966273056fff3814cf26a9f,2022-06,Bedfordshire Police,Bedfordshire Police,-0.431375,52.111064,On or near The Crescent,E01017486,Bedford 019A,Violence and sexual offences,Investigation complete; no suspect identified,
22421848c371cf2214bc09cd5df9f56811e97bac741c1342f6049139d13a72b9,2022-06,Bedfordshire Police,Bedfordshire Police,-0.431873,52.108526,On or near Comet Drive,E01017486,Bedford 019A,Violence and sexual offences,Investigation complete; no suspect identified,
,2022-06,Bedfordshire Police,Bedfordshire Police,-0.430898,52.108864,On or near Blackburn Close,E01017487,Bedford 019B,Anti-social behaviour,,
,2022-06,Bedfordshire Police,Bedfordshire Police,-0.432112,52.112117,On or near The Highway,E01017487,Bedford 019B,Anti-social behaviour,,
,2022-06,Bedfordshire Police,Bedfordshire Police,-0.430898,52.108864,On or near Blackburn Close,E01017487,Bedford 019B,Anti-social behaviour,,
31abad10594b7ab732348cfded77f472d27717a4a905342add6df76c8916f808,2022-06,Bedfordshire Police,Bedfordshire Police,-0.432112,52.112117,On or near The Highway,E01017487,Bedford 019B,Burglary,Investigation complete; no suspect identified,
4b3038a6380702a5dcb4892d864ff14242a7e9e84e75a44dd477c4507a90d7a6,2022-06,Bedfordshire Police,Bedfordshire Police,-0.432112,52.112117,On or near The Highway,E01017487,Bedford 019B,Public order,Investigation complete; no suspect identified,
2f4660aa4f2f5ceca6400777f29d822a936e7ce6ad5c39198a132435534dec84,2022-06,Bedfordshire Police,Bedfordshire Police,-0.430898,52.108864,On or near Blackburn Close,E01017487,Bedford 019B,Public order,Investigation complete; no suspect identified,
b7c76675ae2a11de584854c10138324672a1425e62e0362f541887a25da233b6,2022-06,Bedfordshire Police,Bedfordshire Police,-0.432112,52.112117,On or near The Highway,E01017487,Bedford 019B,Vehicle crime,Investigation complete; no suspect identified,
26d1af99bb2e2f012604b1d59d78659595741bdb321a95c39c12a8d6c7f81914,2022-06,Bedfordshire Police,Bedfordshire Police,-0.430898,52.108864,On or near Blackburn Close,E01017487,Bedford 019B,Violence and sexual offences,Unable to prosecute suspect,
1ed56bd135930b4aca48154ab4190c1a59cea05d91e984bb965023879f167c7f,2022-06,Bedfordshire Police,Bedfordshire Police,-0.432112,52.112117,On or near The Highway,E01017487,Bedford 019B,Violence and sexual offences,Investigation complete; no suspect identified,
1ecfaa7f2bd131fd7c6f2ee43eefe058c151986b7fccf1b398415bfad414bb07,2022-06,Bedfordshire Police,Bedfordshire Police,-0.432112,52.112117,On or near The Highway,E01017487,Bedford 019B,Violence and sexual offences,Action to be taken by another organisation,
,2022-06,Bedfordshire Police,Bedfordshire Police,-0.461371,52.088990,On or near Bedford Road,E01017548,Bedford 019C,Anti-social behaviour,,
,2022-06,Bedfordshire Police,Bedfordshire Police,-0.457091,52.082757,On or near A6,E01017548,Bedford 019C,Anti-social behaviour,,
,2022-06,Bedfordshire Police,Bedfordshire Police,-0.462003,52.095238,On or near Millbrook Close,E01017548,Bedford 019C,Anti-social behaviour,,
,2022-06,Bedfordshire Police,Bedfordshire Police,-0.460379,52.093652,On or near Bluebird Gardens,E01017548,Bedford 019C,Anti-social behaviour,,
,2022-06,Bedfordshire Police,Bedfordshire Police,-0.462003,52.095238,On or near Millbrook Close,E01017548,Bedford 019C,Anti-social behaviour,,
a3e11bd0034364f7448d9a6986534919ea5cccdf99cdb7d2a4f42071ae978094,2022-06,Bedfordshire Police,Bedfordshire Police,-0.423094,52.083341,On or near Elms Lane,E01017548,Bedford 019C,Burglary,Investigation complete; no suspect identified,
dfb0e4375068cf1a05398a5dbcd298862ccd370e1d4a426d80076fb08ad8bdd6,2022-06,Bedfordshire Police,Bedfordshire Police,-0.445822,52.080702,On or near Castle Close,E01017548,Bedford 019C,Public order,Unable to prosecute suspect,
407fbc3294ab214dd7bd1438ff9a3b118d0e0ce86917ffb259e8c69501b4998f,2022-06,Bedfordshire Police,Bedfordshire Police,-0.457091,52.082757,On or near A6,E01017548,Bedford 019C,Public order,Unable to prosecute suspect,
b01541dac324becf8abe8939deb149fbe4169cd7c6e772bb8d562528936b675d,2022-06,Bedfordshire Police,Bedfordshire Police,-0.457091,52.082757,On or near A6,E01017548,Bedford 019C,Public order,Unable to prosecute suspect,
176244c3534c1e99f6c0c1b280af72d171f30bf493b4b903f726be60a7cf3faa,2022-06,Bedfordshire Police,Bedfordshire Police,-0.460379,52.093652,On or near Bluebird Gardens,E01017548,Bedford 019C,Vehicle crime,Unable to prosecute suspect,
32c9b744fc3b30796faa038b21317c147a479be3f6d69d9b621e7930f1aa5a78,2022-06,Bedfordshire Police,Bedfordshire Police,-0.463020,52.094523,On or near Moorland Close,E01017548,Bedford 019C,Vehicle crime,Investigation complete; no suspect identified,
fc66ceac1086772f300a7e0fcbebf57abb1524103231d02cb7ec8a016fcdf53a,2022-06,Bedfordshire Police,Bedfordshire Police,-0.459475,52.090233,On or near School Lane,E01017548,Bedford 019C,Violence and sexual offences,Unable to prosecute suspect,
484ca3e02c75b2e1611872b35ad002af88d51f6a8d07400c5b2d5b80cd335270,2022-06,Bedfordshire Police,Bedfordshire Police,-0.461400,52.091544,On or near Park/Open Space,E01017548,Bedford 019C,Violence and sexual offences,Unable to prosecute suspect,
6f821b646f545870bcd1fcab9a975dcf562457ab2eeef41ab826cb5267de658f,2022-06,Bedfordshire Police,Bedfordshire Police,-0.462633,52.087118,On or near Swift Way,E01017548,Bedford 019C,Violence and sexual offences,Action to be taken by another organisation,
dce5818e95e3589ba70299d26959604192198d44e44a32e0cb0d97e51b9bdfa6,2022-06,Bedfordshire Police,Bedfordshire Police,-0.462633,52.087118,On or near Swift Way,E01017548,Bedford 019C,Violence and sexual offences,Unable to prosecute suspect,
e3e6080ce354f397e795d3930e143248c210fa220d24b1b4e33e73555d3008cc,2022-06,Bedfordshire Police,Bedfordshire Police,-0.462633,52.087118,On or near Swift Way,E01017548,Bedford 019C,Violence and sexual offences,Unable to prosecute suspect,
7ee3cff28637f8e27560bd27c2d73ab4ad1447e385674cf3aeb6f2bf13e99f5e,2022-06,Bedfordshire Police,Bedfordshire Police,-0.463527,52.090834,On or near Parking Area,E01017548,Bedford 019C,Violence and sexual offences,Unable to prosecute suspect,
c8927a427cfcbd567a70b03790845eccc7ba2c5d8a016a42555c731185cf80f8,2022-06,Bedfordshire Police,Bedfordshire Police,-0.462633,52.087118,On or near Swift Way,E01017548,Bedford 019C,Violence and sexual offences,Unable to prosecute suspect,
92f5a1e873ca02c842dff1dd4794d0d7a4b53c0a5ef38a365c2a11fdfdf1400d,2022-06,Bedfordshire Police,Bedfordshire Police,-0.434839,52.081798,On or near Cotton End Road,E01017548,Bedford 019C,Violence and sexual offences,Unable to prosecute suspect,
060a77a40fbb1256162ef892c2f15bb271ef879406b6fadc64a6b454061c0a29,2022-06,Bedfordshire Police,Bedfordshire Police,-0.434839,52.081798,On or near Cotton End Road,E01017548,Bedford 019C,Violence and sexual offences,Unable to prosecute suspect,
3ba3f095bb213f45f68712d744b0d1bd618b2809b80fb92613ac4b958af03a66,2022-06,Bedfordshire Police,Bedfordshire Police,-0.462003,52.095238,On or near Millbrook Close,E01017548,Bedford 019C,Other crime,Investigation complete; no suspect identified,
,2022-06,Bedfordshire Police,Bedfordshire Police,-0.480915,52.106210,On or near Ampthill Road,E01017550,Bedford 019E,Anti-social behaviour,,
,2022-06,Bedfordshire Police,Bedfordshire Police,-0.463209,52.114513,On or near Romsey Way,E01017550,Bedford 019E,Anti-social behaviour,,
,2022-06,Bedfordshire Police,Bedfordshire Police,-0.471877,52.100626,On or near Park/Open Space,E01017550,Bedford 019E,Anti-social behaviour,,
,2022-06,Bedfordshire Police,Bedfordshire Police,-0.467512,52.119361,On or near Mile Road,E01017550,Bedford 019E,Anti-social behaviour,,
82e3677390620935b22ed4ba4033ea93511c6bdccc3458d0725d8593e06951bd,2022-06,Bedfordshire Police,Bedfordshire Police,-0.464336,52.108513,On or near Lynn Close,E01017550,Bedford 019E,Burglary,Investigation complete; no suspect identified,
1e418a05f11074cb206e8ce5768eda459a7b27444b8afc2f2e066f5c4a7147e8,2022-06,Bedfordshire Police,Bedfordshire Police,-0.458189,52.113566,On or near Tewkesbury Road,E01017550,Bedford 019E,Other theft,Investigation complete; no suspect identified,
93b19a78068977cbe9c542a7f5da1d9dba19261ca7051ba4178c6710484d826f,2022-06,Bedfordshire Police,Bedfordshire Police,-0.462009,52.112897,On or near Lilleshall Drive,E01017550,Bedford 019E,Public order,Unable to prosecute suspect,
8d314f0a4d38cd2eb7a6b09622790fee3a580a052ddf7dafd7f038258be787eb,2022-06,Bedfordshire Police,Bedfordshire Police,-0.480915,52.106210,On or near Ampthill Road,E01017550,Bedford 019E,Shoplifting,Unable to prosecute suspect,
3b52803ee0439c5872f3fdd27b9039804576a5b32c245ad2c99439f8c98fcc89,2022-06,Bedfordshire Police,Bedfordshire Police,-0.488234,52.088393,On or near Bedford Road,E01017550,Bedford 019E,Vehicle crime,Investigation complete; no suspect identified,
84322cdf196a9715a99f4c8c3706ac0120cee937c75a0fb6d97f250f7bab9561,2022-06,Bedfordshire Police,Bedfordshire Police,-0.467470,52.111206,On or near Sports/Recreation Area,E01017550,Bedford 019E,Vehicle crime,Investigation complete; no suspect identified,
fc904c97cf57abf4ba36ffb1d3bcbac5f39d3e26398c3cdb860cfac6b488d878,2022-06,Bedfordshire Police,Bedfordshire Police,-0.480915,52.106210,On or near Ampthill Road,E01017550,Bedford 019E,Vehicle crime,Investigation complete; no suspect identified,
e915f15435861951dc42a647eac66340e988e1cc81a929712a30753f0651841c,2022-06,Bedfordshire Police,Bedfordshire Police,-0.473332,52.116164,On or near St Helenas Garden,E01017550,Bedford 019E,Violence and sexual offences,Unable to prosecute suspect,
305d580b0150b0dd416eb6fcfc1df1172cbe7ee2adf70707c3f7d2fabd2ff4b4,2022-06,Bedfordshire Police,Bedfordshire Police,-0.463520,52.113537,On or near Whitby Way,E01017550,Bedford 019E,Violence and sexual offences,Status update unavailable,
ba7f2c752915f9c078b1948c5977ede8149a82ea7f09ce4aca7032e03d19a41b,2022-06,Bedfordshire Police,Bedfordshire Police,-0.470554,52.114968,On or near Abbey Close,E01017550,Bedford 019E,Violence and sexual offences,Unable to prosecute suspect,
47fc60864c8435ddb385e9fb78d869b5f4e5c185e617ccab2de1231bf5911819,2022-06,Bedfordshire Police,Bedfordshire Police,-0.468279,52.119147,On or near A5134,E01017550,Bedford 019E,Violence and sexual offences,Unable to prosecute suspect,
,2022-06,Bedfordshire Police,Bedfordshire Police,-0.531068,52.094347,On or near Old School Gardens,E01017551,Bedford 020A,Anti-social behaviour,,
,2022-06,Bedfordshire Police,Bedfordshire Police,-0.523714,52.093347,On or near Stewart Court,E01017551,Bedford 020A,Anti-social behaviour,,
,2022-06,Bedfordshire Police,Bedfordshire Police,-0.524017,52.093459,On or near Haycroft,E01017551,Bedford 020A,Anti-social behaviour,,
,2022-06,Bedfordshire Police,Bedfordshire Police,-0.523714,52.093347,On or near Stewart Court,E01017551,Bedford 020A,Anti-social behaviour,,
,2022-06,Bedfordshire Police,Bedfordshire Police,-0.525584,52.093757,On or near Monoux Road,E01017551,Bedford 020A,Anti-social behaviour,,
,2022-06,Bedfordshire Police,Bedfordshire Police,-0.523714,52.093347,On or near Stewart Court,E01017551,Bedford 020A,Anti-social behaviour,,
,2022-06,Bedfordshire Police,Bedfordshire Police,-0.524017,52.093459,On or near Haycroft,E01017551,Bedford 020A,Anti-social behaviour,,
,2022-06,Bedfordshire Police,Bedfordshire Police,-0.524017,52.093459,On or near Haycroft,E01017551,Bedford 020A,Anti-social behaviour,,
4a1f20de618b75484ab9be74fdcf6899b39cab949db2ab9eb36344390aa07b44,2022-06,Bedfordshire Police,Bedfordshire Police,-0.526341,52.094252,On or near Beauchamp Road,E01017551,Bedford 020A,Criminal damage and arson,Local resolution,
92bcf86f9c361ce00a177edd5afde0a0506aa445e2cf69f27a82e8f1b68d816e,2022-06,Bedfordshire Police,Bedfordshire Police,-0.530073,52.093966,On or near Petrol Station,E01017551,Bedford 020A,Other theft,Unable to prosecute suspect,
f3f53e233ebaa394aa2ebfbf30b19f084c89408b4a73fb489d652c4e2f57fc18,2022-06,Bedfordshire Police,Bedfordshire Police,-0.534881,52.087570,On or near Cranfield Road,E01017551,Bedford 020A,Other theft,Investigation complete; no suspect identified,
3eed48897c4df5cd9f7bedd8da14d6408ae270c20153a99af9f1c26e782b21b1,2022-06,Bedfordshire Police,Bedfordshire Police,-0.530073,52.093966,On or near Petrol Station,E01017551,Bedford 020A,Other theft,Investigation complete; no suspect identified,
fb9259598b7bdf419de68d285fe8c98597124b2d92544649b55b8aa1fa4a22ec,2022-06,Bedfordshire Police,Bedfordshire Police,-0.531615,52.093698,On or near Squires Road,E01017551,Bedford 020A,Public order,Investigation complete; no suspect identified,
f7df8f9f4e2227c760e1fab0da159cfb79860269b98d91fb285ce024710f4625,2022-06,Bedfordshire Police,Bedfordshire Police,-0.523714,52.093347,On or near Stewart Court,E01017551,Bedford 020A,Vehicle crime,Investigation complete; no suspect identified,
b183d895f99ee130e78d174c40b6b46d433502d39d1c187ac1862612fe3ed56a,2022-06,Bedfordshire Police,Bedfordshire Police,-0.523714,52.093347,On or near Stewart Court,E01017551,Bedford 020A,Vehicle crime,Investigation complete; no suspect identified,
ad42099aee6f9ddd345deb33b38a655a02737818a28e265e3f95e7d29bb2a5c0,2022-06,Bedfordshire Police,Bedfordshire Police,-0.529009,52.091705,On or near Browns Lane,E01017551,Bedford 020A,Violence and sexual offences,Unable to prosecute suspect,
c1f21e84324fdf7c3d564ffc26c666e87928a7b2aacf80d8a41390d569b044a2,2022-06,Bedfordshire Police,Bedfordshire Police,-0.534881,52.087570,On or near Cranfield Road,E01017551,Bedford 020A,Violence and sexual offences,Action to be taken by another organisation,
d44e9d350c80c81e0636542445b0ff6da0c6c0608c56a8cf2824ce36851578ab,2022-06,Bedfordshire Police,Bedfordshire Police,-0.523714,52.093347,On or near Stewart Court,E01017551,Bedford 020A,Violence and sexual offences,Unable to prosecute suspect,
f1c45408646497cd7cc7ba0872d3dbe27f44e6f11b5327cce198302db09a0edd,2022-06,Bedfordshire Police,Bedfordshire Police,-0.523714,52.093347,On or near Stewart Court,E01017551,Bedford 020A,Violence and sexual offences,Unable to prosecute suspect,
,2022-06,Bedfordshire Police,Bedfordshire Police,-0.507886,52.071173,On or near Pillinge Road,E01017552,Bedford 020B,Anti-social behaviour,,
,2022-06,Bedfordshire Police,Bedfordshire Police,-0.510235,52.070736,On or near Park Crescent,E01017552,Bedford 020B,Anti-social behaviour,,
1f2c3f2ad3e53677221bd8adfe791b68ca3213d701788957ee399ed44daede48,2022-06,Bedfordshire Police,Bedfordshire Police,-0.512533,52.070944,On or near Sports/Recreation Area,E01017552,Bedford 020B,Burglary,Investigation complete; no suspect identified,
b06953f39e262f634f6598612f1fa70c98829d71f1c8b36f97d534e2567e2910,2022-06,Bedfordshire Police,Bedfordshire Police,-0.489511,52.084309,On or near Bedford Road,E01017552,Bedford 020B,Criminal damage and arson,Investigation complete; no suspect identified,
750c240ec7b4b2ec175ead80f57dd705b520e354e259b0a3d767785493ce92f6,2022-06,Bedfordshire Police,Bedfordshire Police,-0.493569,52.082123,On or near Park/Open Space,E01017552,Bedford 020B,Criminal damage and arson,Investigation complete; no suspect identified,
4418ae7fef5889239bc8077cba351061183fb9208b140cc4fdd5e11b44bbe431,2022-06,Bedfordshire Police,Bedfordshire Police,-0.506702,52.070349,On or near Magpie Avenue,E01017552,Bedford 020B,Drugs,Local resolution,
de2552c649879917c4356f6c4b2c902d2d7110f1ae91fb16fad3b7e9acc28f32,2022-06,Bedfordshire Police,Bedfordshire Police,-0.512533,52.070944,On or near Sports/Recreation Area,E01017552,Bedford 020B,Other theft,Investigation complete; no suspect identified,
32b731a6a68d15f23f73f21b1462390cfc62c61c61eb2e0f5b01697c16254342,2022-06,Bedfordshire Police,Bedfordshire Police,-0.507886,52.071173,On or near Pillinge Road,E01017552,Bedford 020B,Public order,Unable to prosecute suspect,
2cf123535e9ca809131bae8bda430d7b7c253e09d435f0d1b59f532f3380f219,2022-06,Bedfordshire Police,Bedfordshire Police,-0.507886,52.071173,On or near Pillinge Road,E01017552,Bedford 020B,Violence and sexual offences,Unable to prosecute suspect,
1c7a25329b28d1d87675c51c08507bd641e575bf0452b67f821793a4dbbec1f9,2022-06,Bedfordshire Police,Bedfordshire Police,-0.507886,52.071173,On or near Pillinge Road,E01017552,Bedford 020B,Violence and sexual offences,Unable to prosecute suspect,
0ed7d0cbac6a73cc164c94e64c3385b3f387fd7f17d9da958c47cb9674dcd0b9,2022-06,Bedfordshire Police,Bedfordshire Police,-0.507886,52.071173,On or near Pillinge Road,E01017552,Bedford 020B,Violence and sexual offences,Unable to prosecute suspect,
7ed5e44b2bbb124e3512a85c757f4a38add1938e8ca6cb56811028b156650717,2022-06,Bedfordshire Police,Bedfordshire Police,-0.506702,52.070349,On or near Magpie Avenue,E01017552,Bedford 020B,Violence and sexual offences,Unable to prosecute suspect,
,2022-06,Bedfordshire Police,Bedfordshire Police,-0.523867,52.099329,On or near Potters Cross,E01017553,Bedford 020C,Anti-social behaviour,,
,2022-06,Bedfordshire Police,Bedfordshire Police,-0.523867,52.099329,On or near Potters Cross,E01017553,Bedford 020C,Anti-social behaviour,,
,2022-06,Bedfordshire Police,Bedfordshire Police,-0.523867,52.099329,On or near Potters Cross,E01017553,Bedford 020C,Anti-social behaviour,,
7df656f61a590e732626dcd6a4e73ff81bb3f3c80674b5c7e4845dc8682a1472,2022-06,Bedfordshire Police,Bedfordshire Police,-0.530424,52.100615,On or near Neale Road,E01017553,Bedford 020C,Criminal damage and arson,Unable to prosecute suspect,
3a68af25adb0eb061760e05b73eeb053d58e8659945c128c04b64d72d4cdbaa0,2022-06,Bedfordshire Police,Bedfordshire Police,-0.523867,52.099329,On or near Potters Cross,E01017553,Bedford 020C,Public order,Unable to prosecute suspect,
95e7ab615e61feb822addab557b814cc53b7bb0ce512b4a59ee90d8c28c4b534,2022-06,Bedfordshire Police,Bedfordshire Police,-0.525349,52.101757,On or near The Cedars,E01017553,Bedford 020C,Violence and sexual offences,Unable to prosecute suspect,
c21669ae5d0804d8175743800044c0492cc98c8d343c63984513e2a49072cb44,2022-06,Bedfordshire Police,Bedfordshire Police,-0.523867,52.099329,On or near Potters Cross,E01017553,Bedford 020C,Violence and sexual offences,Unable to prosecute suspect,
cede587fb71430f77ba291b7e0955e0e105ad09a037590a346477b178e5c7a9f,2022-06,Bedfordshire Police,Bedfordshire Police,-0.523867,52.099329,On or near Potters Cross,E01017553,Bedford 020C,Violence and sexual offences,Unable to prosecute suspect,
,2022-06,Bedfordshire Police,Bedfordshire Police,-0.525107,52.098031,On or near Manor Road,E01017554,Bedford 020D,Anti-social behaviour,,
,2022-06,Bedfordshire Police,Bedfordshire Police,-0.536370,52.096922,On or near Studley Road,E01017554,Bedford 020D,Anti-social behaviour,,
,2022-06,Bedfordshire Police,Bedfordshire Police,-0.525107,52.098031,On or near Manor Road,E01017554,Bedford 020D,Anti-social behaviour,,
e6dd8c9e577735e77dd1849b5bac7846b59ec710acb41ddd7163b9dac5a94257,2022-06,Bedfordshire Police,Bedfordshire Police,-0.525107,52.098031,On or near Manor Road,E01017554,Bedford 020D,Criminal damage and arson,Investigation complete; no suspect identified,
51f4a8efc96a189f1917184f1ea0960b871d5ec1464aed3186991fba5c4aeabe,2022-06,Bedfordshire Police,Bedfordshire Police,-0.525107,52.098031,On or near Manor Road,E01017554,Bedford 020D,Criminal damage and arson,Unable to prosecute suspect,
d98de357e1877702137e31bdad2e2be670463018b1ebfc72f8961962e69aca68,2022-06,Bedfordshire Police,Bedfordshire Police,-0.525107,52.098031,On or near Manor Road,E01017554,Bedford 020D,Criminal damage and arson,Unable to prosecute suspect,
7bbe348859a2535746bb1671c1aee6e46cd8bf24a50199f048b45c77619a6674,2022-06,Bedfordshire Police,Bedfordshire Police,-0.525107,52.098031,On or near Manor Road,E01017554,Bedford 020D,Public order,Investigation complete; no suspect identified,
93d59b40f720d4013643a9c7a1bd9fe669b528b298ee2150833eef6528a56176,2022-06,Bedfordshire Police,Bedfordshire Police,-0.525107,52.098031,On or near Manor Road,E01017554,Bedford 020D,Public order,Formal action is not in the public interest,
3b1fe910a905979b878e99ce0b19bef8ae86171476a2ec7f8e4770831c49255a,2022-06,Bedfordshire Police,Bedfordshire Police,-0.525107,52.098031,On or near Manor Road,E01017554,Bedford 020D,Public order,Unable to prosecute suspect,
768d2267c599dabe23d710a151302c5274bcc59ed5812c7d3dc8048634f13ffb,2022-06,Bedfordshire Police,Bedfordshire Police,-0.525107,52.098031,On or near Manor Road,E01017554,Bedford 020D,Violence and sexual offences,Unable to prosecute suspect,
926584b6d6c499b5414558ad74c675188bd4a244cefd09fad469a3f58b6cc3e5,2022-06,Bedfordshire Police,Bedfordshire Police,-0.525107,52.098031,On or near Manor Road,E01017554,Bedford 020D,Violence and sexual offences,Investigation complete; no suspect identified,
2dc397a6c9ed8dc16acb7d2e8555f89000857b92e44b17bc706cb67a3f474803,2022-06,Bedfordshire Police,Bedfordshire Police,-0.531159,52.098251,On or near Cause End Road,E01017554,Bedford 020D,Violence and sexual offences,Investigation complete; no suspect identified,
6acb4dda41a745815fef6b8a829a15cc4261fa8fd1151d19bfd94add8959bcb1,2022-06,Bedfordshire Police,Bedfordshire Police,-0.525107,52.098031,On or near Manor Road,E01017554,Bedford 020D,Violence and sexual offences,Unable to prosecute suspect,
9b373829538703ac6275ec1b477a12318517dbd630d0d8384ac8f41a6b81e959,2022-06,Bedfordshire Police,Bedfordshire Police,-0.528643,52.098381,On or near Farrell Road,E01017554,Bedford 020D,Violence and sexual offences,Unable to prosecute suspect,
4fba8128b6d263388ec7a151857dc5f8f1307c93c1219597f3376ba3ffe658ee,2022-06,Bedfordshire Police,Bedfordshire Police,-0.525107,52.098031,On or near Manor Road,E01017554,Bedford 020D,Violence and sexual offences,Unable to prosecute suspect,
,2022-06,Bedfordshire Police,Bedfordshire Police,0.134341,52.216080,On or near Chesterton Road,E01018008,Cambridge 004C,Anti-social behaviour,,
,2022-06,Bedfordshire Police,Bedfordshire Police,-0.290237,52.134943,On or near Winchester Road,E01017433,Central Bedfordshire 001A,Anti-social behaviour,,
,2022-06,Bedfordshire Police,Bedfordshire Police,-0.290339,52.136860,On or near Maple Road,E01017433,Central Bedfordshire 001A,Anti-social behaviour,,
,2022-06,Bedfordshire Police,Bedfordshire Police,-0.290237,52.134943,On or near Winchester Road,E01017433,Central Bedfordshire 001A,Anti-social behaviour,,
,2022-06,Bedfordshire Police,Bedfordshire Police,-0.286719,52.137122,On or near Sports/Recreation Area,E01017433,Central Bedfordshire 001A,Anti-social behaviour,,
,2022-06,Bedfordshire Police,Bedfordshire Police,-0.293362,52.136121,On or near Engayne Avenue,E01017433,Central Bedfordshire 001A,Anti-social behaviour,,
0299bcb5a4505124f9398dbe8cd8e73f4fae47a098fa597cba304a5c6124c67f,2022-06,Bedfordshire Police,Bedfordshire Police,-0.290237,52.134943,On or near Winchester Road,E01017433,Central Bedfordshire 001A,Public order,Unable to prosecute suspect,
4091c7fe4eedc18f9517aff6c502109b71622ca754a586dbcfc779610c7949db,2022-06,Bedfordshire Police,Bedfordshire Police,-0.289244,52.136062,On or near Wesley Road,E01017433,Central Bedfordshire 001A,Vehicle crime,Court result unavailable,
cde66a1d2f84386b5dd741af4fd0aba62230853a4f0ba77529604d0e9df461b3,2022-06,Bedfordshire Police,Bedfordshire Police,-0.290237,52.134943,On or near Winchester Road,E01017433,Central Bedfordshire 001A,Vehicle crime,Investigation complete; no suspect identified,
75e99397325d8f7a86bccc0577ae62e259bfc7935f770c3a6cf7e3cb34e317cc,2022-06,Bedfordshire Police,Bedfordshire Police,-0.289244,52.136062,On or near Wesley Road,E01017433,Central Bedfordshire 001A,Violence and sexual offences,Unable to prosecute suspect,
94ce8839034c5a4f913740f7d5eda8bb6383526a62c1d9d79d153264e5e3c5dc,2022-06,Bedfordshire Police,Bedfordshire Police,-0.286573,52.133316,On or near Abbey Grove,E01017433,Central Bedfordshire 001A,Violence and sexual offences,Unable to prosecute suspect,
9b75e8dd4af9020a6a9199df87e311ac8e85e6f855d2bb0b13857ce34e9cf9a6,2022-06,Bedfordshire Police,Bedfordshire Police,-0.289893,52.135891,On or near College Road,E01017433,Central Bedfordshire 001A,Violence and sexual offences,Unable to prosecute suspect,
,2022-06,Bedfordshire Police,Bedfordshire Police,-0.290479,52.132429,On or near Churchill Way,E01017434,Central Bedfordshire 001B,Anti-social behaviour,,
,2022-06,Bedfordshire Police,Bedfordshire Police,-0.291571,52.132517,On or near Glebe Road,E01017434,Central Bedfordshire 001B,Anti-social behaviour,,
856ce03d081fd6ef922ef434624b74cff3222b93d5929ad08514df96ff04dfdd,2022-06,Bedfordshire Police,Bedfordshire Police,-0.295177,52.133360,On or near Pentland Close,E01017434,Central Bedfordshire 001B,Criminal damage and arson,Investigation complete; no suspect identified,
1d076433666e2c96b6a01b3e05be6d3a8d0d73bc46effd10fccc37db56808510,2022-06,Bedfordshire Police,Bedfordshire Police,-0.292835,52.133470,On or near Longfield Road,E01017434,Central Bedfordshire 001B,Drugs,Unable to prosecute suspect,
94e819ad3eb20991a147f29b03659fb22bc2c4147e134a62aeceb75595d3a915,2022-06,Bedfordshire Police,Bedfordshire Police,-0.293370,52.133999,On or near East Road,E01017434,Central Bedfordshire 001B,Public order,Unable to prosecute suspect,
f3796bc1f3c99e6ffbf36e2fd150bb7b350f33b8e26cfa47aa71df08e8e38563,2022-06,Bedfordshire Police,Bedfordshire Police,-0.288075,52.134525,On or near Lindisfarne Close,E01017434,Central Bedfordshire 001B,Public order,Unable to prosecute suspect,
3ead7f3a0c74f009bfd75b2b5bab0fcc1f2abea36d57db30980574c1444a1dc4,2022-06,Bedfordshire Police,Bedfordshire Police,-0.295149,52.134870,On or near Rowan Court,E01017434,Central Bedfordshire 001B,Violence and sexual offences,Unable to prosecute suspect,
5cf5dad15daf60edb70e512eb60cddafb9639dfc5fa513c294a85e01db5ba8dc,2022-06,Bedfordshire Police,Bedfordshire Police,-0.292835,52.133470,On or near Longfield Road,E01017434,Central Bedfordshire 001B,Violence and sexual offences,Unable to prosecute suspect,
4202241ca955e890a9b16b1b6628540b47fa275c7759002acc20ed9e11e38d21,2022-06,Bedfordshire Police,Bedfordshire Police,-0.295149,52.134870,On or near Rowan Court,E01017434,Central Bedfordshire 001B,Violence and sexual offences,Unable to prosecute suspect,
0e868a657a1a0324fdb2a8dd7a45b549fa6f720f82917a26c5ef4af9fcd9eac1,2022-06,Bedfordshire Police,Bedfordshire Police,-0.289017,52.133972,On or near Middleham Close,E01017434,Central Bedfordshire 001B,Other crime,Further investigation is not in the public interest,
,2022-06,Bedfordshire Police,Bedfordshire Police,-0.292899,52.138290,On or near Shannon Close,E01017436,Central Bedfordshire 001C,Anti-social behaviour,,
,2022-06,Bedfordshire Police,Bedfordshire Police,-0.290896,52.140626,On or near The Buntings,E01017436,Central Bedfordshire 001C,Anti-social behaviour,,
e4630943509cefa9a4b32360989d16819b4499343255f7de752e0581d1c6edf0,2022-06,Bedfordshire Police,Bedfordshire Police,-0.290517,52.141745,On or near Brambling Close,E01017436,Central Bedfordshire 001C,Violence and sexual offences,Unable to prosecute suspect,
d9307851e21c00745ed1a9b609d267ae63c86f501e748f68be3fd6496ae7014a,2022-06,Bedfordshire Police,Bedfordshire Police,-0.294916,52.138679,On or near Powers Close,E01017436,Central Bedfordshire 001C,Violence and sexual offences,Unable to prosecute suspect,
,2022-06,Bedfordshire Police,Bedfordshire Police,-0.299499,52.131130,On or near Sandford Rise,E01017430,Central Bedfordshire 002A,Anti-social behaviour,,
,2022-06,Bedfordshire Police,Bedfordshire Police,-0.299499,52.131130,On or near Sandford Rise,E01017430,Central Bedfordshire 002A,Anti-social behaviour,,
,2022-06,Bedfordshire Police,Bedfordshire Police,-0.296823,52.131972,On or near West Road,E01017430,Central Bedfordshire 002A,Anti-social behaviour,,
,2022-06,Bedfordshire Police,Bedfordshire Police,-0.299499,52.131130,On or near Sandford Rise,E01017430,Central Bedfordshire 002A,Anti-social behaviour,,
,2022-06,Bedfordshire Police,Bedfordshire Police,-0.298913,52.133873,On or near Bickerdikes Gardens,E01017430,Central Bedfordshire 002A,Anti-social behaviour,,
b22812964df0fc50a4e77be7a7c3f3b93c0445a21a76fd4bf2fd1aec13f72f44,2022-06,Bedfordshire Police,Bedfordshire Police,-0.296823,52.131972,On or near West Road,E01017430,Central Bedfordshire 002A,Other theft,Investigation complete; no suspect identified,
40df512163e6ed7b1fea7bb12ae2af9246a45c4764f0ecd7a2a6595a76adc78e,2022-06,Bedfordshire Police,Bedfordshire Police,-0.299499,52.131130,On or near Sandford Rise,E01017430,Central Bedfordshire 002A,Violence and sexual offences,Unable to prosecute suspect,
216da19f21ef518f97a12f55d5150f2bae547fe78cabe4cd38dd5de3df63e486,2022-06,Bedfordshire Police,Bedfordshire Police,-0.297743,52.134674,On or near Western Way,E01017430,Central Bedfordshire 002A,Violence and sexual offences,Unable to prosecute suspect,
fe3ceb54f05f592ba9ed784fa2eb3696e05390fdbe0a98e875b6ee7839d044ed,2022-06,Bedfordshire Police,Bedfordshire Police,-0.299499,52.131130,On or near Sandford Rise,E01017430,Central Bedfordshire 002A,Violence and sexual offences,Unable to prosecute suspect,
107f1160fd847f8a2cf3be4cf3fe4912e0513ca308321f37eac464dcd1c3df6f,2022-06,Bedfordshire Police,Bedfordshire Police,-0.299852,52.139919,On or near Georgetown,E01017430,Central Bedfordshire 002A,Violence and sexual offences,Unable to prosecute suspect,
ff0db5769aa5f32db5840a2d6f8869ded46daeff10d344a53d56ad8873416719,2022-06,Bedfordshire Police,Bedfordshire Police,-0.295627,52.131146,On or near South Road,E01017430,Central Bedfordshire 002A,Violence and sexual offences,Unable to prosecute suspect,
ac0ad8681c770d0a25ad143fb100f02cf9e6ca227764311c1853e214de0fbd95,2022-06,Bedfordshire Police,Bedfordshire Police,-0.295627,52.131146,On or near South Road,E01017430,Central Bedfordshire 002A,Violence and sexual offences,Unable to prosecute suspect,
d298cf33b5c8e3bc71bdb92d6718eea5782a5b31fc3f86a8ca9e92b86b6fbaae,2022-06,Bedfordshire Police,Bedfordshire Police,-0.298575,52.136610,On or near London Road,E01017430,Central Bedfordshire 002A,Violence and sexual offences,Investigation complete; no suspect identified,
b841991d47a3273a3affd87007dc454f8d1e822504efad809d92b031d76b1bf4,2022-06,Bedfordshire Police,Bedfordshire Police,-0.299305,52.129715,On or near Poplar Grove,E01017430,Central Bedfordshire 002A,Violence and sexual offences,Unable to prosecute suspect,
5436f4afe4f903331321fff2b1575f02b35907cdd8783ea385488966fe65e116,2022-06,Bedfordshire Police,Bedfordshire Police,-0.299499,52.131130,On or near Sandford Rise,E01017430,Central Bedfordshire 002A,Violence and sexual offences,Unable to prosecute suspect,
46fc21c7bd7eb52961a3baff7540670b245c6d25c069620debd3e677d47da38b,2022-06,Bedfordshire Police,Bedfordshire Police,-0.296823,52.131972,On or near West Road,E01017430,Central Bedfordshire 002A,Other crime,Investigation complete; no suspect identified,
55a68df094dd4bd9bd6f4e90d8d811d9644c6cf2b3c22752138cf0094706d581,2022-06,Bedfordshire Police,Bedfordshire Police,-0.296823,52.131972,On or near West Road,E01017430,Central Bedfordshire 002A,Other crime,Further investigation is not in the public interest,
,2022-06,Bedfordshire Police,Bedfordshire Police,-0.288326,52.127983,On or near Monoux Place,E01017431,Central Bedfordshire 002B,Anti-social behaviour,,
be7a936c34be76e4003cb933e1a71b2a360f9ba2a0d1f276bad4f20c50453eb6,2022-06,Bedfordshire Police,Bedfordshire Police,-0.287675,52.118290,On or near A1,E01017431,Central Bedfordshire 002B,Other theft,Investigation complete; no suspect identified,
b92481e2660e1d69bf40f948968f13bad96732e7f86cd30fe6e18a2dbda3b163,2022-06,Bedfordshire Police,Bedfordshire Police,-0.284875,52.125793,On or near Ivel Road,E01017431,Central Bedfordshire 002B,Public order,Unable to prosecute suspect,
780202ca1275040800340988e3944bb87eaa74310ac2253758ac23c707367708,2022-06,Bedfordshire Police,Bedfordshire Police,-0.293288,52.129655,On or near Robert Hunt Gardens,E01017431,Central Bedfordshire 002B,Public order,Investigation complete; no suspect identified,
4c72af04ad76df0582fbe4baac8b90438ed5d949eab7d7b4c5edc6c6cbc5fec5,2022-06,Bedfordshire Police,Bedfordshire Police,-0.298170,52.128062,On or near Bedford Road,E01017431,Central Bedfordshire 002B,Shoplifting,Investigation complete; no suspect identified,
0d50a7b0b1174fd171efbedfdaa6c341b41272889cc6acdac69a1229879ac814,2022-06,Bedfordshire Police,Bedfordshire Police,-0.295937,52.129145,On or near Laburnum Road,E01017431,Central Bedfordshire 002B,Violence and sexual offences,Unable to prosecute suspect,
42aaff8aa600c4b88471ea85c1f85acb95165d7703568f3f1d1fa1a4f0d3a8b0,2022-06,Bedfordshire Police,Bedfordshire Police,-0.288326,52.127983,On or near Monoux Place,E01017431,Central Bedfordshire 002B,Violence and sexual offences,Investigation complete; no suspect identified,
5750b02f8181a439b696db3b08f8ddab7df31fa732f69bb8bb1c1301e591bbec,2022-06,Bedfordshire Police,Bedfordshire Police,-0.279232,52.117924,On or near Park/Open Space,E01017431,Central Bedfordshire 002B,Violence and sexual offences,Investigation complete; no suspect identified,
04b807b197729ce11d0a479ce84b0f73aca8f93f07d76cb11f9ba88980859e49,2022-06,Bedfordshire Police,Bedfordshire Police,-0.288326,52.127983,On or near Monoux Place,E01017431,Central Bedfordshire 002B,Violence and sexual offences,Investigation complete; no suspect identified,
130a01a86ad7e113b4da5fcf8833bcf11daa2396c9e642d33c5d2a27284a1f7d,2022-06,Bedfordshire Police,Bedfordshire Police,-0.283955,52.126148,On or near Ongley Court,E01017431,Central Bedfordshire 002B,Violence and sexual offences,Unable to prosecute suspect,
0f5650115952ceedcc2f76ce024be707b3a1187ddd787329e1473cc2485ec0d0,2022-06,Bedfordshire Police,Bedfordshire Police,-0.283955,52.126148,On or near Ongley Court,E01017431,Central Bedfordshire 002B,Violence and sexual offences,Unable to prosecute suspect,
99406eaf5a4f9e2e8277362e7406289e8177025abc9881982d0bb98a40796d5c,2022-06,Bedfordshire Police,Bedfordshire Police,-0.281490,52.124539,On or near Parking Area,E01017431,Central Bedfordshire 002B,Violence and sexual offences,Unable to prosecute suspect,
4b22da57f6431ad36e1d4e497a59979ef958056c0253732725b69bf83280143e,2022-06,Bedfordshire Police,Bedfordshire Police,-0.295937,52.129145,On or near Laburnum Road,E01017431,Central Bedfordshire 002B,Violence and sexual offences,Unable to prosecute suspect,
bb61eca12f95f9227072b890a6158d844f4a6877836e898342589ef23ef5c8c5,2022-06,Bedfordshire Police,Bedfordshire Police,-0.298170,52.128062,On or near Bedford Road,E01017431,Central Bedfordshire 002B,Violence and sexual offences,Action to be taken by another organisation,
e4191d3368ae1acd78ab693dd97fa593e7958f195e2ab5031e210fde9d6c6f29,2022-06,Bedfordshire Police,Bedfordshire Police,-0.288326,52.127983,On or near Monoux Place,E01017431,Central Bedfordshire 002B,Violence and sexual offences,Investigation complete; no suspect identified,
,2022-06,Bedfordshire Police,Bedfordshire Police,-0.300046,52.124052,On or near Parking Area,E01017432,Central Bedfordshire 002C,Anti-social behaviour,,
,2022-06,Bedfordshire Police,Bedfordshire Police,-0.295146,52.120781,On or near The Knolls,E01017432,Central Bedfordshire 002C,Anti-social behaviour,,
,2022-06,Bedfordshire Police,Bedfordshire Police,-0.297140,52.126717,On or near Rivermead Gardens,E01017432,Central Bedfordshire 002C,Anti-social behaviour,,
62d61a595628aeacf9ea9acdbfbbaaf0eeac381d70e2d734713ae22bfad7b60b,2022-06,Bedfordshire Police,Bedfordshire Police,-0.291689,52.127915,On or near Sports/Recreation Area,E01017432,Central Bedfordshire 002C,Violence and sexual offences,Further action is not in the public interest,
0de4a4fc03a8e40c7fbdd6982c402e8e55b64845542668edd7246b85f58aef70,2022-06,Bedfordshire Police,Bedfordshire Police,-0.290732,52.126579,On or near Foster Grove,E01017432,Central Bedfordshire 002C,Violence and sexual offences,Status update unavailable,
073509b8dc91e25dcbddc569f324788a78cfbfe1d491c113ca3ff86c05039e98,2022-06,Bedfordshire Police,Bedfordshire Police,-0.295146,52.120781,On or near The Knolls,E01017432,Central Bedfordshire 002C,Violence and sexual offences,Unable to prosecute suspect,
,2022-06,Bedfordshire Police,Bedfordshire Police,-0.281098,52.129038,On or near Sports/Recreation Area,E01017435,Central Bedfordshire 002D,Anti-social behaviour,,
,2022-06,Bedfordshire Police,Bedfordshire Police,-0.287781,52.129261,On or near Market Square,E01017435,Central Bedfordshire 002D,Anti-social behaviour,,
,2022-06,Bedfordshire Police,Bedfordshire Police,-0.281098,52.129038,On or near Sports/Recreation Area,E01017435,Central Bedfordshire 002D,Anti-social behaviour,,
,2022-06,Bedfordshire Police,Bedfordshire Police,-0.282946,52.131510,On or near Brickhill Road,E01017435,Central Bedfordshire 002D,Anti-social behaviour,,
,2022-06,Bedfordshire Police,Bedfordshire Police,-0.284522,52.142961,On or near Gosforth Close,E01017435,Central Bedfordshire 002D,Anti-social behaviour,,
af64b5f8fe0670c58e1c5b354d8c0547e9178c8cb3e3877dc68cdede1a59c554,2022-06,Bedfordshire Police,Bedfordshire Police,-0.282946,52.131510,On or near Brickhill Road,E01017435,Central Bedfordshire 002D,Burglary,Investigation complete; no suspect identified,
93064c2889fd52a3336edb1d81a65f34ba601913a8d03b6b31e9b751f49d260c,2022-06,Bedfordshire Police,Bedfordshire Police,-0.287900,52.129586,On or near Pleasant Place,E01017435,Central Bedfordshire 002D,Burglary,Investigation complete; no suspect identified,
d5ba2d15c0701d1590b179b86884397c72dee848cbfaaa0e19328f11baf43e60,2022-06,Bedfordshire Police,Bedfordshire Police,-0.283344,52.127236,On or near Stonecroft,E01017435,Central Bedfordshire 002D,Criminal damage and arson,Investigation complete; no suspect identified,
94ba38c456162fa9fe0d0e02c89e0ff0562e8495da70369748a4879f22d55cf9,2022-06,Bedfordshire Police,Bedfordshire Police,-0.282946,52.131510,On or near Brickhill Road,E01017435,Central Bedfordshire 002D,Criminal damage and arson,Investigation complete; no suspect identified,
de8dcabf3c1b45851370d2a2db4902642b828db72a2540c5a1c6392f7fce47a1,2022-06,Bedfordshire Police,Bedfordshire Police,-0.284458,52.132467,On or near Friars Walk,E01017435,Central Bedfordshire 002D,Criminal damage and arson,Investigation complete; no suspect identified,
67264fc0183017e2f5f7677b9dfaec4e5a3cd2626c37b8adcb35553f76c733b0,2022-06,Bedfordshire Police,Bedfordshire Police,-0.284522,52.142961,On or near Gosforth Close,E01017435,Central Bedfordshire 002D,Criminal damage and arson,Investigation complete; no suspect identified,
205f4402ee1f14776966b108095c392b1f191029ef63f310fb40d13d130ee959,2022-06,Bedfordshire Police,Bedfordshire Police,-0.283973,52.129880,On or near Edward Close,E01017435,Central Bedfordshire 002D,Criminal damage and arson,Unable to prosecute suspect,
7763f7bd127f4acdca08b93fd2c00363133b8d5466689303fcdc11465b74d06a,2022-06,Bedfordshire Police,Bedfordshire Police,-0.237720,52.125367,On or near Potton Road,E01017435,Central Bedfordshire 002D,Criminal damage and arson,Unable to prosecute suspect,
027b7e0ab662d840a2be24bf013146a3e268ac5b9e539d9a221904b9779b1980,2022-06,Bedfordshire Police,Bedfordshire Police,-0.237720,52.125367,On or near Potton Road,E01017435,Central Bedfordshire 002D,Other theft,Investigation complete; no suspect identified,
df742f1af78caac3f4c3edad60ddc6770db98055a52cedc29232cf50978715d5,2022-06,Bedfordshire Police,Bedfordshire Police,-0.287781,52.129261,On or near Market Square,E01017435,Central Bedfordshire 002D,Public order,Unable to prosecute suspect,
b9155f4ed9e164509ece4158612d0c88c6e2bf85661039fc45ce5c0f07ccc50f,2022-06,Bedfordshire Police,Bedfordshire Police,-0.287900,52.129586,On or near Pleasant Place,E01017435,Central Bedfordshire 002D,Shoplifting,Investigation complete; no suspect identified,
bd7ef71f0808913890e48bff32c924a5b7d6102ab9aab88f79a12af88475b0d2,2022-06,Bedfordshire Police,Bedfordshire Police,-0.284522,52.142961,On or near Gosforth Close,E01017435,Central Bedfordshire 002D,Vehicle crime,Investigation complete; no suspect identified,
79b2b6042691acf2a9fd0f7645bce605768f0177b02e1ce9ae3610426292c12f,2022-06,Bedfordshire Police,Bedfordshire Police,-0.298055,52.142195,On or near Swallow Crest,E01017435,Central Bedfordshire 002D,Vehicle crime,Investigation complete; no suspect identified,
d2fe8cfea4ed25ea060cb465f97965e21ac2b31e56e26431ea5b87de3970fd60,2022-06,Bedfordshire Police,Bedfordshire Police,-0.284434,52.136504,On or near Darlington Close,E01017435,Central Bedfordshire 002D,Vehicle crime,Investigation complete; no suspect identified,
f168d24085ee7baba6271007c04a5a18128441c0f8ae02f9b632c0d03f998370,2022-06,Bedfordshire Police,Bedfordshire Police,-0.287378,52.132132,On or near Dapifer Drive,E01017435,Central Bedfordshire 002D,Violence and sexual offences,Unable to prosecute suspect,
b4872076dc219012c6e0bab076d8a9caa3e37f7d39fa4993ab6aa1501a215b18,2022-06,Bedfordshire Police,Bedfordshire Police,-0.289780,52.129685,On or near B1042,E01017435,Central Bedfordshire 002D,Violence and sexual offences,Awaiting court outcome,
e33a0cdf95a74804f739218964fb5ca04722acf16ab2e454f9c340ecdab1dcae,2022-06,Bedfordshire Police,Bedfordshire Police,-0.286585,52.129963,On or near Northcroft,E01017435,Central Bedfordshire 002D,Violence and sexual offences,Unable to prosecute suspect,
66406d18274b301a27161cd75666f7a49810f668856e27a4c425f7451de52ce9,2022-06,Bedfordshire Police,Bedfordshire Police,-0.287378,52.132132,On or near Dapifer Drive,E01017435,Central Bedfordshire 002D,Violence and sexual offences,Unable to prosecute suspect,
c8325f0145fb72cb8330004e75146c2fb314b9e036e0a3d644a6c45680fbebda,2022-06,Bedfordshire Police,Bedfordshire Police,-0.177156,52.095916,On or near High Street,E01017425,Central Bedfordshire 003A,Burglary,Investigation complete; no suspect identified,
6a7892b1802d0b2d53ce3f00ca677cf0512d302bd2fda4eb3d083f57f307d001,2022-06,Bedfordshire Police,Bedfordshire Police,-0.213483,52.111164,On or near High Street,E01017425,Central Bedfordshire 003A,Criminal damage and arson,Investigation complete; no suspect identified,
23ccc4c13bd0c8114d6e09d476382898a5ed7f730d7dcf6c91e5d138ff60538c,2022-06,Bedfordshire Police,Bedfordshire Police,-0.194251,52.084013,On or near Lees Close,E01017425,Central Bedfordshire 003A,Vehicle crime,Investigation complete; no suspect identified,
a9b780d410b9d46a5a9fcc5260221039d3c87c4b8bc14b84393375f75468596d,2022-06,Bedfordshire Police,Bedfordshire Police,-0.213483,52.111164,On or near High Street,E01017425,Central Bedfordshire 003A,Violence and sexual offences,Unable to prosecute suspect,
,2022-06,Bedfordshire Police,Bedfordshire Police,-0.212295,52.131728,On or near Woodlands Close,E01017426,Central Bedfordshire 003B,Anti-social behaviour,,
275bce669184e679fc8a1350aedf32a05a135488279aad52d7d621a64696868a,2022-06,Bedfordshire Police,Bedfordshire Police,-0.165030,52.103605,On or near Eyeworth Road,E01017426,Central Bedfordshire 003B,Burglary,Investigation complete; no suspect identified,
5c2f51e08c9910ab2eb012b75c7730465dd2fcc7553054f9461804641ca90ec0,2022-06,Bedfordshire Police,Bedfordshire Police,-0.162940,52.111107,On or near Church Lane,E01017426,Central Bedfordshire 003B,Violence and sexual offences,Unable to prosecute suspect,
b8f38512fe58d803d20da1e6e93cd59896654361fe8494d6323ebd0da4b0b9a3,2022-06,Bedfordshire Police,Bedfordshire Police,-0.162940,52.111107,On or near Church Lane,E01017426,Central Bedfordshire 003B,Violence and sexual offences,Unable to prosecute suspect,
,2022-06,Bedfordshire Police,Bedfordshire Police,-0.219428,52.126882,On or near Oak Crescent,E01017427,Central Bedfordshire 003C,Anti-social behaviour,,
,2022-06,Bedfordshire Police,Bedfordshire Police,-0.242658,52.144656,On or near Sports/Recreation Area,E01017427,Central Bedfordshire 003C,Anti-social behaviour,,
8896b17577dd424f8ee337fb4bb92a4ebbe8dfd936bdd2a6254dbcd93ec33db7,2022-06,Bedfordshire Police,Bedfordshire Police,-0.224181,52.128590,On or near Bellevue Close,E01017427,Central Bedfordshire 003C,Burglary,Investigation complete; no suspect identified,
1d4797906a7adbdb44a992b2bb8396690dbc3b44bf938d78859dc87314d6b44b,2022-06,Bedfordshire Police,Bedfordshire Police,-0.225681,52.127983,On or near Maystone Close,E01017427,Central Bedfordshire 003C,Criminal damage and arson,Unable to prosecute suspect,
5fd945435c9df0399ddb889401aff8dd2cf34a8686bf5b4b000c0127252943d2,2022-06,Bedfordshire Police,Bedfordshire Police,-0.244393,52.146255,On or near Church Road,E01017427,Central Bedfordshire 003C,Public order,Investigation complete; no suspect identified,
d2dc6b7f64a4695b879eb0b77209355221f1a221a5dab342044ba2a56b69d7eb,2022-06,Bedfordshire Police,Bedfordshire Police,-0.223229,52.129394,On or near Festival Road,E01017427,Central Bedfordshire 003C,Violence and sexual offences,Unable to prosecute suspect,
,2022-06,Bedfordshire Police,Bedfordshire Police,-0.215327,52.132260,On or near Downside Gardens,E01017428,Central Bedfordshire 003D,Anti-social behaviour,,
,2022-06,Bedfordshire Police,Bedfordshire Police,-0.213329,52.130341,On or near Spencer Close,E01017428,Central Bedfordshire 003D,Anti-social behaviour,,
,2022-06,Bedfordshire Police,Bedfordshire Police,-0.213257,52.128488,On or near Supermarket,E01017428,Central Bedfordshire 003D,Anti-social behaviour,,
d2f429b6717bde295e2d63330955cdeacf2aa19b38e42f0dcde0d57d7e672d0d,2022-06,Bedfordshire Police,Bedfordshire Police,-0.219932,52.132554,On or near Torrington Close,E01017428,Central Bedfordshire 003D,Burglary,Investigation complete; no suspect identified,
61bf90f7fa68201c308d4d5941f591494431c7dbeb0b33a9584f6039f0b1d9b8,2022-06,Bedfordshire Police,Bedfordshire Police,-0.214844,52.130094,On or near Sheffield Close,E01017428,Central Bedfordshire 003D,Vehicle crime,Investigation complete; no suspect identified,
04a80d7736e73169351c77c73e35f25dca8884bd84c29e0e9734e8b5fd3b913a,2022-06,Bedfordshire Police,Bedfordshire Police,-0.214355,52.133558,On or near Common Road,E01017428,Central Bedfordshire 003D,Violence and sexual offences,Investigation complete; no suspect identified,
54c1d83f6bfaa4b1dc9f93e48d63f877796bf6cdb050e67305ddc64c9c03979e,2022-06,Bedfordshire Police,Bedfordshire Police,-0.219049,52.132361,On or near Jennings Close,E01017428,Central Bedfordshire 003D,Violence and sexual offences,Unable to prosecute suspect,
03f47190b4edee81e4e77a5bce20723e6a63f0750a628bef681285efd002aa0e,2022-06,Bedfordshire Police,Bedfordshire Police,-0.214355,52.133558,On or near Common Road,E01017428,Central Bedfordshire 003D,Other crime,Further investigation is not in the public interest,
,2022-06,Bedfordshire Police,Bedfordshire Police,-0.218572,52.124531,On or near Biggleswade Road,E01017429,Central Bedfordshire 003E,Anti-social behaviour,,
,2022-06,Bedfordshire Police,Bedfordshire Police,-0.218572,52.124531,On or near Biggleswade Road,E01017429,Central Bedfordshire 003E,Anti-social behaviour,,
,2022-06,Bedfordshire Police,Bedfordshire Police,-0.217161,52.123296,On or near Sports/Recreation Area,E01017429,Central Bedfordshire 003E,Anti-social behaviour,,
354768206e7714d4622658d64eb62f3d09cb240543ebd7108d2c98eb05935d2c,2022-06,Bedfordshire Police,Bedfordshire Police,-0.216888,52.127212,On or near Cave'S Court,E01017429,Central Bedfordshire 003E,Public order,Investigation complete; no suspect identified,
a627a5a5660ab530b1697cfd2d89358372b9116c074abe77fa7bdc29a060b996,2022-06,Bedfordshire Police,Bedfordshire Police,-0.215356,52.127890,On or near Bull Street,E01017429,Central Bedfordshire 003E,Violence and sexual offences,Unable to prosecute suspect,
e0f809d1cc85750e3aa7480b91824a1e08627d9edd0487a0c513123f5d4f7917,2022-06,Bedfordshire Police,Bedfordshire Police,-0.214982,52.126994,On or near Sun Street,E01017429,Central Bedfordshire 003E,Violence and sexual offences,Unable to prosecute suspect,
c4cd06c6bb822dde373f3abbf85e5b9945e7204a85132e380f12e5c559af9101,2022-06,Bedfordshire Police,Bedfordshire Police,-0.217158,52.123359,On or near Sports/Recreation Area,E01017429,Central Bedfordshire 003E,Violence and sexual offences,Unable to prosecute suspect,
,2022-06,Bedfordshire Police,Bedfordshire Police,-0.299977,52.085568,On or near B658,E01017412,Central Bedfordshire 004A,Anti-social behaviour,,
5fe65609bf972b03594f3dd3edd2ed56c71bbb74db5a89b6c964b9780247cb68,2022-06,Bedfordshire Police,Bedfordshire Police,-0.349345,52.079067,On or near Bedford Road,E01017412,Central Bedfordshire 004A,Burglary,Investigation complete; no suspect identified,
0f85aaab90d111bf3555cc6f6ba8084bc0a6c6ca2c3e4aeb9550e93e1ed54529,2022-06,Bedfordshire Police,Bedfordshire Police,-0.325617,52.065398,On or near School Lane,E01017412,Central Bedfordshire 004A,Burglary,Investigation complete; no suspect identified,
e45b4150baa8bfe2fa3d697b8657a70162dad8e612ec923a8938d061d01c067e,2022-06,Bedfordshire Police,Bedfordshire Police,-0.325617,52.065398,On or near School Lane,E01017412,Central Bedfordshire 004A,Burglary,Investigation complete; no suspect identified,
b96a3b70d426e33b2904e49ec42b4cf8785c5aaff2437d0b48a2da99e4d475a2,2022-06,Bedfordshire Police,Bedfordshire Police,-0.349345,52.079067,On or near Bedford Road,E01017412,Central Bedfordshire 004A,Burglary,Investigation complete; no suspect identified,
a997975c4250e6bd51c890cd16ad9905b8022de128adba0152ba0db2a6c9c838,2022-06,Bedfordshire Police,Bedfordshire Police,-0.323276,52.064412,On or near Sports/Recreation Area,E01017412,Central Bedfordshire 004A,Other theft,Investigation complete; no suspect identified,
97155154451d4f4bb98b6aff79011d49202999c775a334fc99e0cbfc8d551ea7,2022-06,Bedfordshire Police,Bedfordshire Police,-0.297380,52.087832,On or near Park/Open Space,E01017412,Central Bedfordshire 004A,Other theft,Investigation complete; no suspect identified,
d873f6f85031f48662412a4339a4d31269e9f015930de886ff312670623f5657,2022-06,Bedfordshire Police,Bedfordshire Police,-0.289261,52.073796,On or near The Woodlands,E01017412,Central Bedfordshire 004A,Vehicle crime,Investigation complete; no suspect identified,
39b422a82e5a2180ff541e47c9d96bb7a5bc76eb5fe09a5d9afb97bcd4bf30b9,2022-06,Bedfordshire Police,Bedfordshire Police,-0.305385,52.055308,On or near Old School Lane,E01017412,Central Bedfordshire 004A,Violence and sexual offences,Unable to prosecute suspect,
95c50b0d2e54c636c28cd645b1d16bbb101be0012af67939bf973e3bedcf3c0f,2022-06,Bedfordshire Police,Bedfordshire Police,-0.303593,52.056011,On or near The Crescent,E01017412,Central Bedfordshire 004A,Violence and sexual offences,Unable to prosecute suspect,
b958208cfed52f64e36662aa3664819aa23429dbafcc3e3af608f50dc488e4e6,2022-06,Bedfordshire Police,Bedfordshire Police,-0.305385,52.055308,On or near Old School Lane,E01017412,Central Bedfordshire 004A,Violence and sexual offences,Unable to prosecute suspect,
,2022-06,Bedfordshire Police,Bedfordshire Police,-0.273788,52.093621,On or near Petrol Station,E01017422,Central Bedfordshire 004B,Anti-social behaviour,,
febb27717fea8a3874872d41cf9f1afa656ec9cd64cb528a2de77f4d7f455d60,2022-06,Bedfordshire Police,Bedfordshire Police,-0.300329,52.095122,On or near Hitchin Road,E01017422,Central Bedfordshire 004B,Burglary,Investigation complete; no suspect identified,
4276aeb9a1f9bcf4026abf5a70540d539494ee95bdbcad8a835bbb088401e23c,2022-06,Bedfordshire Police,Bedfordshire Police,-0.270230,52.092778,On or near Shortmead Street,E01017422,Central Bedfordshire 004B,Other theft,Investigation complete; no suspect identified,
7579ef604227b255140475c33afa6d2e4f5d8852e1b3b6b077e2538e6f5d44b3,2022-06,Bedfordshire Police,Bedfordshire Police,-0.273788,52.093621,On or near Petrol Station,E01017422,Central Bedfordshire 004B,Shoplifting,Investigation complete; no suspect identified,
3d30763a9ff04f67629457dffc5011f92b5542c7b980479b613d50d8bde587c6,2022-06,Bedfordshire Police,Bedfordshire Police,-0.273788,52.093621,On or near Petrol Station,E01017422,Central Bedfordshire 004B,Shoplifting,Unable to prosecute suspect,
12deb0942e78e68ff2691a196bcfa1359f654525f622e0fed591a0c322046816,2022-06,Bedfordshire Police,Bedfordshire Police,-0.273788,52.093621,On or near Petrol Station,E01017422,Central Bedfordshire 004B,Shoplifting,Unable to prosecute suspect,
efc562c199927e99e21c3c1966f6b7d69a9c6ef864e876964a803b20de949909,2022-06,Bedfordshire Police,Bedfordshire Police,-0.273788,52.093621,On or near Petrol Station,E01017422,Central Bedfordshire 004B,Shoplifting,Investigation complete; no suspect identified,
b696df244dab3a92d3baf246b26573f1e46f01d5cb7b6e6fa6813987d0705dfc,2022-06,Bedfordshire Police,Bedfordshire Police,-0.299997,52.091170,On or near B658,E01017422,Central Bedfordshire 004B,Vehicle crime,Unable to prosecute suspect,
12019cedbbb0b947017abd4a914cc7ddc883cf3a233e7b69354d5811f3d9a8f5,2022-06,Bedfordshire Police,Bedfordshire Police,-0.300329,52.095122,On or near Hitchin Road,E01017422,Central Bedfordshire 004B,Vehicle crime,Investigation complete; no suspect identified,
1ab519cf88666f379cf8b640fbafb7ac852d7da9e46de62fd7e6b26113f47010,2022-06,Bedfordshire Police,Bedfordshire Police,-0.300329,52.095122,On or near Hitchin Road,E01017422,Central Bedfordshire 004B,Vehicle crime,Investigation complete; no suspect identified,
ee7d16c533ef6b9a49b7e55dbc94616e0b6896b3c4d1147283318f4785032ab0,2022-06,Bedfordshire Police,Bedfordshire Police,-0.300329,52.095122,On or near Hitchin Road,E01017422,Central Bedfordshire 004B,Vehicle crime,Investigation complete; no suspect identified,
e3a3dc669a3a5a340224c965060593e42925db9e88d73fed15b351f88bdde17e,2022-06,Bedfordshire Police,Bedfordshire Police,-0.298697,52.098110,On or near Manor Place,E01017422,Central Bedfordshire 004B,Violence and sexual offences,Unable to prosecute suspect,
5fa70e958ff678ebab0675d34e1ae2782813e4400e03d7b320ee2c8bf26c8cb7,2022-06,Bedfordshire Police,Bedfordshire Police,-0.322456,52.145045,On or near The Avenue,E01017423,Central Bedfordshire 004C,Criminal damage and arson,Unable to prosecute suspect,
be77214eb176369f8499233948cc3272a20ca7ece9e4b8b2cb2707d15187362c,2022-06,Bedfordshire Police,Bedfordshire Police,-0.322456,52.145045,On or near The Avenue,E01017423,Central Bedfordshire 004C,Criminal damage and arson,Investigation complete; no suspect identified,
1eabe627b951a29713e57639dd2375228be5c33b382377d797be001b49c71760,2022-06,Bedfordshire Police,Bedfordshire Police,-0.322456,52.145045,On or near The Avenue,E01017423,Central Bedfordshire 004C,Criminal damage and arson,Unable to prosecute suspect,
47538165654916dd01376eeff568526d5145cc15a295d1477229a0468f918c80,2022-06,Bedfordshire Police,Bedfordshire Police,-0.322456,52.145045,On or near The Avenue,E01017423,Central Bedfordshire 004C,Criminal damage and arson,Unable to prosecute suspect,
c5870330f7b625f4441d9a790a5aef8a8a08b5dbad49acb77a210c75b2ff7069,2022-06,Bedfordshire Police,Bedfordshire Police,-0.322456,52.145045,On or near The Avenue,E01017423,Central Bedfordshire 004C,Criminal damage and arson,Unable to prosecute suspect,
f4fd9e1b85a06f1332095a4a615a900b5487374473cb1b043113c83156062cc8,2022-06,Bedfordshire Police,Bedfordshire Police,-0.322456,52.145045,On or near The Avenue,E01017423,Central Bedfordshire 004C,Criminal damage and arson,Unable to prosecute suspect,
7c992956dcb55541b9934ce7f3aee12c8997c618f534f55da9151153e078e13e,2022-06,Bedfordshire Police,Bedfordshire Police,-0.322456,52.145045,On or near The Avenue,E01017423,Central Bedfordshire 004C,Public order,Unable to prosecute suspect,
40b66cc803a23198d36f9077af9a3545be9e5c9d12d2997faeb7023e18e78457,2022-06,Bedfordshire Police,Bedfordshire Police,-0.322456,52.145045,On or near The Avenue,E01017423,Central Bedfordshire 004C,Public order,Unable to prosecute suspect,
44c5367ce87621942b5890e2a13448e41eb2b7a0520a985aa5de12ed9a0f09d8,2022-06,Bedfordshire Police,Bedfordshire Police,-0.290525,52.170913,On or near The Close,E01017423,Central Bedfordshire 004C,Public order,Investigation complete; no suspect identified,
b465f82b32f30176ebfab68242576008a092d418b529fb3bb0acc09b9c6798f6,2022-06,Bedfordshire Police,Bedfordshire Police,-0.322456,52.145045,On or near The Avenue,E01017423,Central Bedfordshire 004C,Violence and sexual offences,Unable to prosecute suspect,
6a90f7fac3766bbf13f791b71c1ac1c2d28daad41b3f83f5225883d9e84306f9,2022-06,Bedfordshire Police,Bedfordshire Police,-0.322456,52.145045,On or near The Avenue,E01017423,Central Bedfordshire 004C,Violence and sexual offences,Unable to prosecute suspect,
6f48c23afd60c7b02c001b2d069465899d31f42947e5854bf312f7207d495816,2022-06,Bedfordshire Police,Bedfordshire Police,-0.322456,52.145045,On or near The Avenue,E01017423,Central Bedfordshire 004C,Violence and sexual offences,Unable to prosecute suspect,
c8a0c914d68821622609af36691c157f42c2f87488509c3ced2bfe082aa0660d,2022-06,Bedfordshire Police,Bedfordshire Police,-0.322456,52.145045,On or near The Avenue,E01017423,Central Bedfordshire 004C,Violence and sexual offences,Investigation complete; no suspect identified,
b2899011bb8943d94c961eaeb9aa7b6ad4c46de9b6dd764c1679e4ca52347937,2022-06,Bedfordshire Police,Bedfordshire Police,-0.322456,52.145045,On or near The Avenue,E01017423,Central Bedfordshire 004C,Violence and sexual offences,Unable to prosecute suspect,
a5f0caa039b3000abebc0c9a614d61ec0f1e8d1423632fe2acbb1530699c2b5b,2022-06,Bedfordshire Police,Bedfordshire Police,-0.322456,52.145045,On or near The Avenue,E01017423,Central Bedfordshire 004C,Violence and sexual offences,Unable to prosecute suspect,
4edace0dba9d785f905bd282b3f68db4cc03727ea232ab8f244c33b78e0f7fcf,2022-06,Bedfordshire Police,Bedfordshire Police,-0.322456,52.145045,On or near The Avenue,E01017423,Central Bedfordshire 004C,Violence and sexual offences,Unable to prosecute suspect,
50e2a402c9f882bcb484da2441f5e57e1a2e3708bfc7a5c4b7fbcde11080ea30,2022-06,Bedfordshire Police,Bedfordshire Police,-0.322456,52.145045,On or near The Avenue,E01017423,Central Bedfordshire 004C,Violence and sexual offences,Investigation complete; no suspect identified,
b2d6d864673bfc764e2d64df5015ecdb2b926ee24d4e81d79240f7f87ec848c7,2022-06,Bedfordshire Police,Bedfordshire Police,-0.322456,52.145045,On or near The Avenue,E01017423,Central Bedfordshire 004C,Violence and sexual offences,Unable to prosecute suspect,
5c6a8e60969782d6624d5c3b924003dd980042d90c8abfbaa73b45dcc8fd194e,2022-06,Bedfordshire Police,Bedfordshire Police,-0.322456,52.145045,On or near The Avenue,E01017423,Central Bedfordshire 004C,Violence and sexual offences,Action to be taken by another organisation,
622070a81941c0736f5e97f536727032eff3d7572bb15057440acfb424cff9b0,2022-06,Bedfordshire Police,Bedfordshire Police,-0.322456,52.145045,On or near The Avenue,E01017423,Central Bedfordshire 004C,Violence and sexual offences,Local resolution,
e42c0feebad09da502c586d1c17166a1329dbc6ad50bf04381da6271ffb014b8,2022-06,Bedfordshire Police,Bedfordshire Police,-0.322456,52.145045,On or near The Avenue,E01017423,Central Bedfordshire 004C,Violence and sexual offences,Action to be taken by another organisation,
78629f0a5c4d059b044f97c58b5072ac8d1bdf8a0290186dceb188fa2d624911,2022-06,Bedfordshire Police,Bedfordshire Police,-0.322456,52.145045,On or near The Avenue,E01017423,Central Bedfordshire 004C,Violence and sexual offences,Investigation complete; no suspect identified,
35631e4b0b34125f9e64519954c652b90b15ad19f036f6bc692eea81a22ce147,2022-06,Bedfordshire Police,Bedfordshire Police,-0.322456,52.145045,On or near The Avenue,E01017423,Central Bedfordshire 004C,Violence and sexual offences,Unable to prosecute suspect,
b778791ee82f235a2efcb9e1a0dae89a96a2f72404106fde7d9b295d5bbda89a,2022-06,Bedfordshire Police,Bedfordshire Police,-0.322456,52.145045,On or near The Avenue,E01017423,Central Bedfordshire 004C,Violence and sexual offences,Unable to prosecute suspect,
066f985f3a4e6d3397de6150c14a26bd928da69acb27eac3fc8402b9e1f08a96,2022-06,Bedfordshire Police,Bedfordshire Police,-0.290525,52.170913,On or near The Close,E01017423,Central Bedfordshire 004C,Violence and sexual offences,Unable to prosecute suspect,
,2022-06,Bedfordshire Police,Bedfordshire Police,-0.321411,52.140174,On or near Station Road,E01017424,Central Bedfordshire 004D,Anti-social behaviour,,
,2022-06,Bedfordshire Police,Bedfordshire Police,-0.321568,52.104885,On or near Garner Close,E01017424,Central Bedfordshire 004D,Anti-social behaviour,,
f541347dcf60df8cb1fba1fb91e2a59e0f87d1946818f4e2594b3e43e83b4459,2022-06,Bedfordshire Police,Bedfordshire Police,-0.321411,52.140174,On or near Station Road,E01017424,Central Bedfordshire 004D,Bicycle theft,Investigation complete; no suspect identified,
a028275f396949084877a7a576e3e763b03cdc7c5c299cc3aeb9ccf00bedd363,2022-06,Bedfordshire Police,Bedfordshire Police,-0.271325,52.099555,On or near Park/Open Space,E01017424,Central Bedfordshire 004D,Burglary,Investigation complete; no suspect identified,
e099a402b800e2e22808bf26a530cb60c914e91a64b046fee87d742ffe27ea0b,2022-06,Bedfordshire Police,Bedfordshire Police,-0.279490,52.105528,On or near High Road,E01017424,Central Bedfordshire 004D,Burglary,Investigation complete; no suspect identified,
07642ccfdf30ef605f99ad25caa739ee1854448a890e6ad95871ee5fdba6aec2,2022-06,Bedfordshire Police,Bedfordshire Police,-0.306386,52.131004,On or near Park/Open Space,E01017424,Central Bedfordshire 004D,Vehicle crime,Awaiting court outcome,
0f8a6e3d6d687200dc6a8a55854a3cac4b39b572cafe3e88a8711fbb92f0939e,2022-06,Bedfordshire Police,Bedfordshire Police,-0.308893,52.126517,On or near A603,E01017424,Central Bedfordshire 004D,Vehicle crime,Investigation complete; no suspect identified,
301953e6d180d3b67335daed60f145a87774fba9713800489dcb5a68239489da,2022-06,Bedfordshire Police,Bedfordshire Police,-0.255562,52.086339,On or near Dilly Croft,E01017383,Central Bedfordshire 005A,Other theft,Investigation complete; no suspect identified,
,2022-06,Bedfordshire Police,Bedfordshire Police,-0.257916,52.089593,On or near Lawrence Road,E01017384,Central Bedfordshire 005B,Anti-social behaviour,,
,2022-06,Bedfordshire Police,Bedfordshire Police,-0.257916,52.089593,On or near Lawrence Road,E01017384,Central Bedfordshire 005B,Anti-social behaviour,,
,2022-06,Bedfordshire Police,Bedfordshire Police,-0.265217,52.090663,On or near Sun Street,E01017384,Central Bedfordshire 005B,Anti-social behaviour,,
,2022-06,Bedfordshire Police,Bedfordshire Police,-0.262592,52.089087,On or near Rose Lane,E01017384,Central Bedfordshire 005B,Anti-social behaviour,,
,2022-06,Bedfordshire Police,Bedfordshire Police,-0.255836,52.087917,On or near The Avenue,E01017384,Central Bedfordshire 005B,Anti-social behaviour,,
,2022-06,Bedfordshire Police,Bedfordshire Police,-0.257916,52.089593,On or near Lawrence Road,E01017384,Central Bedfordshire 005B,Anti-social behaviour,,
46ef1f47e33bd2295e8442d4385637a7dec01ef718b2d3ef49a1102d2a879dcc,2022-06,Bedfordshire Police,Bedfordshire Police,-0.259583,52.087658,On or near Chestnut Avenue,E01017384,Central Bedfordshire 005B,Burglary,Investigation complete; no suspect identified,
d56b60a7ca9dc953976eedcc8f3250bb6ee9226c8cbcd2784e21778bcdc66b65,2022-06,Bedfordshire Police,Bedfordshire Police,-0.259583,52.087658,On or near Chestnut Avenue,E01017384,Central Bedfordshire 005B,Burglary,Investigation complete; no suspect identified,
6bc9b83ea4738715879fc0ae2faebf45414f29c837ee205b2980c2fa4e7b6f9c,2022-06,Bedfordshire Police,Bedfordshire Police,-0.260040,52.091270,On or near Reynolds Close,E01017384,Central Bedfordshire 005B,Criminal damage and arson,Investigation complete; no suspect identified,
e29105a92389d9f229cd62cce42d4a5bc716245d2d2de046a4556a016b3319f0,2022-06,Bedfordshire Police,Bedfordshire Police,-0.259727,52.089584,On or near Shuttleworth Court,E01017384,Central Bedfordshire 005B,Criminal damage and arson,Investigation complete; no suspect identified,
a62a146a9699a1735642421af416b5174ddfa245da7b6b76d1b39205601f5292,2022-06,Bedfordshire Police,Bedfordshire Police,-0.260040,52.091270,On or near Reynolds Close,E01017384,Central Bedfordshire 005B,Other theft,Unable to prosecute suspect,
fb8c63e8b2434471d17d2f4c2679a6823a69a299014ed539e9eb78fb2ba69e42,2022-06,Bedfordshire Police,Bedfordshire Police,-0.265217,52.090663,On or near Sun Street,E01017384,Central Bedfordshire 005B,Public order,Unable to prosecute suspect,
893b3c15415963dbf76f67ebced24ac6e32998d7f16fce691209fbfcdc74e42e,2022-06,Bedfordshire Police,Bedfordshire Police,-0.260040,52.091270,On or near Reynolds Close,E01017384,Central Bedfordshire 005B,Public order,Unable to prosecute suspect,
840b16b97ba72f5f14fe0945cce721dead49615210517ff01f68900e1e454e36,2022-06,Bedfordshire Police,Bedfordshire Police,-0.255836,52.087917,On or near The Avenue,E01017384,Central Bedfordshire 005B,Violence and sexual offences,Unable to prosecute suspect,
3c74512e9476ce348c534efc3ba72a88fddc893abdf7f2e5fffd14d63d25d2f6,2022-06,Bedfordshire Police,Bedfordshire Police,-0.265217,52.090663,On or near Sun Street,E01017384,Central Bedfordshire 005B,Violence and sexual offences,Unable to prosecute suspect,
e5f0947e5d69c91bde6bbde3d94987c98bd307cdf76c8afdb73b72b787c87943,2022-06,Bedfordshire Police,Bedfordshire Police,-0.255836,52.087917,On or near The Avenue,E01017384,Central Bedfordshire 005B,Violence and sexual offences,Unable to prosecute suspect,
d82fbad3cb4aeacd382690b0cdcf275fefbd481a3d41013a297cd63e21ecddc6,2022-06,Bedfordshire Police,Bedfordshire Police,-0.260040,52.091270,On or near Reynolds Close,E01017384,Central Bedfordshire 005B,Violence and sexual offences,Unable to prosecute suspect,
41ac5dbda42dc18c981f5d53eeec6f21ee020c470dcfc88f6132bd89d25e74d6,2022-06,Bedfordshire Police,Bedfordshire Police,-0.265217,52.090663,On or near Sun Street,E01017384,Central Bedfordshire 005B,Violence and sexual offences,Unable to prosecute suspect,
0fa1aaba893ae2e2a5e656c4a2f141e0fd04f67774388b975af5810a798edfec,2022-06,Bedfordshire Police,Bedfordshire Police,-0.257587,52.090928,On or near Lindsell Crescent,E01017384,Central Bedfordshire 005B,Violence and sexual offences,Unable to prosecute suspect,
6fc3ec594e18a3bd7b37e4fe3f7dfab4bfcf5e53f526d9184ae11d733545e2a9,2022-06,Bedfordshire Police,Bedfordshire Police,-0.260040,52.091270,On or near Reynolds Close,E01017384,Central Bedfordshire 005B,Violence and sexual offences,Unable to prosecute suspect,
1b5b830901d0022c7ef196a69facde5f62ecdcb272001f8bb3eadf59e82ff319,2022-06,Bedfordshire Police,Bedfordshire Police,-0.255836,52.087917,On or near The Avenue,E01017384,Central Bedfordshire 005B,Violence and sexual offences,Unable to prosecute suspect,
3f4cb2c373cafa00bddedbc7785f8cd80a2b6defc1859a867c89f2b1538f604a,2022-06,Bedfordshire Police,Bedfordshire Police,-0.260040,52.091270,On or near Reynolds Close,E01017384,Central Bedfordshire 005B,Violence and sexual offences,Unable to prosecute suspect,
,2022-06,Bedfordshire Police,Bedfordshire Police,-0.267272,52.085100,On or near Mill Close,E01017385,Central Bedfordshire 005C,Anti-social behaviour,,
,2022-06,Bedfordshire Police,Bedfordshire Police,-0.263014,52.086872,On or near High Street,E01017385,Central Bedfordshire 005C,Anti-social behaviour,,
,2022-06,Bedfordshire Police,Bedfordshire Police,-0.266216,52.086353,On or near Parking Area,E01017385,Central Bedfordshire 005C,Anti-social behaviour,,
,2022-06,Bedfordshire Police,Bedfordshire Police,-0.266627,52.088921,On or near Elphick Court,E01017385,Central Bedfordshire 005C,Anti-social behaviour,,
,2022-06,Bedfordshire Police,Bedfordshire Police,-0.262992,52.087438,On or near Wells Court,E01017385,Central Bedfordshire 005C,Anti-social behaviour,,
d0343be6c376a68f9e2bd27e5501872030b7da0bb160b937f171f51aa624cffb,2022-06,Bedfordshire Police,Bedfordshire Police,-0.263900,52.086238,On or near Supermarket,E01017385,Central Bedfordshire 005C,Bicycle theft,Investigation complete; no suspect identified,
3cae78b34d87ff7355bc1c8ca7f006757a8a267743838960c010d3224467ac59,2022-06,Bedfordshire Police,Bedfordshire Police,-0.260033,52.087700,On or near Parking Area,E01017385,Central Bedfordshire 005C,Bicycle theft,Investigation complete; no suspect identified,
5561a450ffb816615db40feaeecce52605770ffd9dadc93b9ee02c1531b6380a,2022-06,Bedfordshire Police,Bedfordshire Police,-0.262626,52.086345,On or near Sand Lane,E01017385,Central Bedfordshire 005C,Burglary,Investigation complete; no suspect identified,
189fdd8113e89d43c75747d4f34aacae411708990f92aea2de940e76a26c7906,2022-06,Bedfordshire Police,Bedfordshire Police,-0.262992,52.087438,On or near Wells Court,E01017385,Central Bedfordshire 005C,Burglary,Investigation complete; no suspect identified,
ccd8df4a98a15eb1e93860844cccfddf488071a42cf0195caf07c30dec7b8468,2022-06,Bedfordshire Police,Bedfordshire Police,-0.266627,52.088921,On or near Elphick Court,E01017385,Central Bedfordshire 005C,Burglary,Investigation complete; no suspect identified,
8f34ee16de512971065cb4911f13fe42de2d352bc9fd5e937acd706742f81c7d,2022-06,Bedfordshire Police,Bedfordshire Police,-0.264398,52.087306,On or near Church Street,E01017385,Central Bedfordshire 005C,Burglary,Unable to prosecute suspect,
e67ca7c64a13e83610e456f519e9b5e036e56166abf488049afab1aa2285166d,2022-06,Bedfordshire Police,Bedfordshire Police,-0.263014,52.086872,On or near High Street,E01017385,Central Bedfordshire 005C,Burglary,Investigation complete; no suspect identified,
e14cb5106869fdb261fc80fbc2a0857e3b81ee6d19e27b610ba9469f5fc6a27b,2022-06,Bedfordshire Police,Bedfordshire Police,-0.263900,52.086238,On or near Supermarket,E01017385,Central Bedfordshire 005C,Burglary,Investigation complete; no suspect identified,
f9979114c74961f8003177712cfdc349ce654c3ee9b494ebaf964e45c80b083f,2022-06,Bedfordshire Police,Bedfordshire Police,-0.264398,52.087306,On or near Church Street,E01017385,Central Bedfordshire 005C,Burglary,Court result unavailable,
647ef15d34cabafa5d3f34203ba5f2e834d65f28f612bf19193e3fab48b0d2c6,2022-06,Bedfordshire Police,Bedfordshire Police,-0.263900,52.086238,On or near Supermarket,E01017385,Central Bedfordshire 005C,Burglary,Unable to prosecute suspect,
768b32228f466753068255abf6350c197207bb18e80ac64ac1b5de5b41745861,2022-06,Bedfordshire Police,Bedfordshire Police,-0.262626,52.086345,On or near Sand Lane,E01017385,Central Bedfordshire 005C,Burglary,Investigation complete; no suspect identified,
7c3840da5bc551aa8928842468d3b4ccbcd802ab477db2c94c812ede87e6c152,2022-06,Bedfordshire Police,Bedfordshire Police,-0.264398,52.087306,On or near Church Street,E01017385,Central Bedfordshire 005C,Criminal damage and arson,Investigation complete; no suspect identified,
8a5cceba0fc708f7b59f9c9bf0342030a594bff58270d48b3db0a7056d674047,2022-06,Bedfordshire Police,Bedfordshire Police,-0.266170,52.084527,On or near Empire Close,E01017385,Central Bedfordshire 005C,Criminal damage and arson,Unable to prosecute suspect,
ff757330f5d72f96529d5e816f188fc4f1b416216deaf805be7a68999caf8c3c,2022-06,Bedfordshire Police,Bedfordshire Police,-0.264250,52.085874,On or near Bonds Lane,E01017385,Central Bedfordshire 005C,Drugs,Formal action is not in the public interest,
598018f0c18b9ddd54346fbe61c7127c170041d66a54af4b4f6d11e36fe49e14,2022-06,Bedfordshire Police,Bedfordshire Police,-0.264250,52.085874,On or near Bonds Lane,E01017385,Central Bedfordshire 005C,Drugs,Formal action is not in the public interest,
62932748ba1d1f9e91f5a6cc80028931e62b5a3df78ff11de6e4a0c6bbf60fe0,2022-06,Bedfordshire Police,Bedfordshire Police,-0.263014,52.086872,On or near High Street,E01017385,Central Bedfordshire 005C,Other theft,Investigation complete; no suspect identified,
32c10da1eeae5f1b35006c314b43a27428cb9c5417d8ff1100325a8d77326612,2022-06,Bedfordshire Police,Bedfordshire Police,-0.264398,52.087306,On or near Church Street,E01017385,Central Bedfordshire 005C,Other theft,Investigation complete; no suspect identified,
66c35107f44611bc827d6410cefe6093e2c9b183b7dd9cf17d87d1597c9cf23b,2022-06,Bedfordshire Police,Bedfordshire Police,-0.264398,52.087306,On or near Church Street,E01017385,Central Bedfordshire 005C,Other theft,Investigation complete; no suspect identified,
f43ef75b6733d6dee79adfccd5d178dbe99e6068fce2d893b55c0bd54bf7a5de,2022-06,Bedfordshire Police,Bedfordshire Police,-0.263014,52.086872,On or near High Street,E01017385,Central Bedfordshire 005C,Other theft,Formal action is not in the public interest,
b7ea86e31e91a474b2328a94da69d2afb2422ec2ac73417e61cd32909a641406,2022-06,Bedfordshire Police,Bedfordshire Police,-0.264172,52.084497,On or near Saffron Road,E01017385,Central Bedfordshire 005C,Public order,Investigation complete; no suspect identified,
2e65697f0076ac01f320d1fb8cad3b71b5a7545d68f1a69f18703364c1c9062d,2022-06,Bedfordshire Police,Bedfordshire Police,-0.263900,52.086238,On or near Supermarket,E01017385,Central Bedfordshire 005C,Shoplifting,Investigation complete; no suspect identified,
61da3ea5bf04f9d07f9bb2eb2cdb69db6fc09340b03da3f92493d7a3f999ad21,2022-06,Bedfordshire Police,Bedfordshire Police,-0.264398,52.087306,On or near Church Street,E01017385,Central Bedfordshire 005C,Shoplifting,Investigation complete; no suspect identified,
ed947bf7fa222aacc14861681d0343723ac6fbde07a9b2ece2b4a6a2567cdbf4,2022-06,Bedfordshire Police,Bedfordshire Police,-0.263150,52.085238,On or near Palace Street,E01017385,Central Bedfordshire 005C,Shoplifting,Investigation complete; no suspect identified,
cc18fc365f79eb707c9db0562945741fb22c1ddf0b3a02ddaef428ae3feb73c6,2022-06,Bedfordshire Police,Bedfordshire Police,-0.263900,52.086238,On or near Supermarket,E01017385,Central Bedfordshire 005C,Shoplifting,Investigation complete; no suspect identified,
860312192f37f58b7579f1fcd1935bb9dac9dd2149cb48a3dc84c0b14c7c916c,2022-06,Bedfordshire Police,Bedfordshire Police,-0.263150,52.085238,On or near Palace Street,E01017385,Central Bedfordshire 005C,Shoplifting,Investigation complete; no suspect identified,
5e17e7e06497b6be897ac1cbc4ca18bcf0165fe2d862d1e0e6e894c7cff01e6d,2022-06,Bedfordshire Police,Bedfordshire Police,-0.264250,52.085874,On or near Bonds Lane,E01017385,Central Bedfordshire 005C,Shoplifting,Awaiting court outcome,
88b896457f3d1edab737514a36871d940b5062b1a01cf3d8f41ca4fda577712b,2022-06,Bedfordshire Police,Bedfordshire Police,-0.266216,52.086353,On or near Parking Area,E01017385,Central Bedfordshire 005C,Shoplifting,Awaiting court outcome,
ac819bf9c5fbf2e597d00eb0195e62981c358eb6fb808d99c6e5798276976534,2022-06,Bedfordshire Police,Bedfordshire Police,-0.264250,52.085874,On or near Bonds Lane,E01017385,Central Bedfordshire 005C,Shoplifting,Investigation complete; no suspect identified,
236238a409f900ac0bf28495ce51e6daeee54974dbe90821d24130ff1e405941,2022-06,Bedfordshire Police,Bedfordshire Police,-0.263900,52.086238,On or near Supermarket,E01017385,Central Bedfordshire 005C,Shoplifting,Investigation complete; no suspect identified,
320e18e9f9e42597d1eac2e116ad3246cb049494f01a4c6aec15beccc661856d,2022-06,Bedfordshire Police,Bedfordshire Police,-0.263900,52.086238,On or near Supermarket,E01017385,Central Bedfordshire 005C,Shoplifting,Investigation complete; no suspect identified,
697abd51edc6110952e6730604c8ab1a531431b6f853fa241bb8410ed0dc4a7b,2022-06,Bedfordshire Police,Bedfordshire Police,-0.263900,52.086238,On or near Supermarket,E01017385,Central Bedfordshire 005C,Shoplifting,Investigation complete; no suspect identified,
39b90289228e128af92e2c1253579fef79ee5427f2a4f82bec01fdbcdf2239bc,2022-06,Bedfordshire Police,Bedfordshire Police,-0.263900,52.086238,On or near Supermarket,E01017385,Central Bedfordshire 005C,Shoplifting,Investigation complete; no suspect identified,
ae5333948e5e587eed29f33c83769d85a84dea221c34143be1308ba2a7017979,2022-06,Bedfordshire Police,Bedfordshire Police,-0.266420,52.085618,On or near St Andrew'S Street,E01017385,Central Bedfordshire 005C,Vehicle crime,Investigation complete; no suspect identified,
be920cb20c56afaa6fb90349bed74728c4ee3d056498a88ae7f2859dcdc98685,2022-06,Bedfordshire Police,Bedfordshire Police,-0.260507,52.088292,On or near Brigham Gardens,E01017385,Central Bedfordshire 005C,Vehicle crime,Investigation complete; no suspect identified,
276615eb9b2b3f2d4852dedc40b43f0757e1982b2bd36a0b9dd2689a30087d43,2022-06,Bedfordshire Police,Bedfordshire Police,-0.266627,52.088921,On or near Elphick Court,E01017385,Central Bedfordshire 005C,Vehicle crime,Investigation complete; no suspect identified,
0e052ed0879ad486e6304a9e1bca5e3ae081629506a031c1bb5d65bde757fa85,2022-06,Bedfordshire Police,Bedfordshire Police,-0.267272,52.085100,On or near Mill Close,E01017385,Central Bedfordshire 005C,Vehicle crime,Investigation complete; no suspect identified,
2fe086613616856d82f3f05e705c230ca49be7874d46b96901bfbe06d205b291,2022-06,Bedfordshire Police,Bedfordshire Police,-0.267536,52.089969,On or near Shortmead Street,E01017385,Central Bedfordshire 005C,Vehicle crime,Investigation complete; no suspect identified,
8b0f212530ea813eadf40a275e1f00ef12588fbc175be01094f0bd5ae645981f,2022-06,Bedfordshire Police,Bedfordshire Police,-0.266627,52.088921,On or near Elphick Court,E01017385,Central Bedfordshire 005C,Vehicle crime,Investigation complete; no suspect identified,
693e1157d826c0d2c8b17c52694b123f7e69b1547407a7465e1633f4f04c3889,2022-06,Bedfordshire Police,Bedfordshire Police,-0.262992,52.087438,On or near Wells Court,E01017385,Central Bedfordshire 005C,Violence and sexual offences,Action to be taken by another organisation,
9e773303ee8156348a1b49716cd4a1f78c62a1550af1b2b516ea5913e5f7b010,2022-06,Bedfordshire Police,Bedfordshire Police,-0.266170,52.084527,On or near Empire Close,E01017385,Central Bedfordshire 005C,Violence and sexual offences,Unable to prosecute suspect,
569af2ed5bc3e48f86ad21d1762c86961a36fedff50c0fc3440227a943ed1fd2,2022-06,Bedfordshire Police,Bedfordshire Police,-0.264398,52.087306,On or near Church Street,E01017385,Central Bedfordshire 005C,Violence and sexual offences,Local resolution,
e1a86595b6cfcef544ad61e1e6a218db7122469b9452597efa7a260aa7c35939,2022-06,Bedfordshire Police,Bedfordshire Police,-0.266170,52.084527,On or near Empire Close,E01017385,Central Bedfordshire 005C,Violence and sexual offences,Unable to prosecute suspect,
,2022-06,Bedfordshire Police,Bedfordshire Police,-0.271077,52.069718,On or near Sports/Recreation Area,E01017386,Central Bedfordshire 005D,Anti-social behaviour,,
,2022-06,Bedfordshire Police,Bedfordshire Police,-0.271077,52.069718,On or near Sports/Recreation Area,E01017386,Central Bedfordshire 005D,Anti-social behaviour,,
a7fce125c190f22294eec54b21d1c2a5b7cf2470b082b1d5b4f3751e65a09555,2022-06,Bedfordshire Police,Bedfordshire Police,-0.264043,52.081034,On or near Berkeley Close,E01017386,Central Bedfordshire 005D,Criminal damage and arson,Unable to prosecute suspect,
65ac524b710f862c98a7fecf04e2ad3a0ba668acf62d0a3f1a317d12e64690c9,2022-06,Bedfordshire Police,Bedfordshire Police,-0.264705,52.082024,On or near South View,E01017386,Central Bedfordshire 005D,Vehicle crime,Investigation complete; no suspect identified,
6657cf937d60cd2ac81cccb9b3c6a6286ee7ea1c727fbf88223e14de2b1e95bd,2022-06,Bedfordshire Police,Bedfordshire Police,-0.264043,52.081034,On or near Berkeley Close,E01017386,Central Bedfordshire 005D,Violence and sexual offences,Unable to prosecute suspect,
4d92a3112ae1d26fb67dc348aa1e47dd443361a614a2f245933336be7031aec5,2022-06,Bedfordshire Police,Bedfordshire Police,-0.264043,52.081034,On or near Berkeley Close,E01017386,Central Bedfordshire 005D,Violence and sexual offences,Unable to prosecute suspect,
786f412c6991f7261bde84043658e747808a0fc01f924b56983feac0926869b1,2022-06,Bedfordshire Police,Bedfordshire Police,-0.263725,52.082459,On or near Holme Crescent,E01017386,Central Bedfordshire 005D,Violence and sexual offences,Formal action is not in the public interest,
,2022-06,Bedfordshire Police,Bedfordshire Police,-0.262941,52.093264,On or near Boothey Close,E01017387,Central Bedfordshire 005E,Anti-social behaviour,,
,2022-06,Bedfordshire Police,Bedfordshire Police,-0.264108,52.096302,On or near Holly Close,E01017387,Central Bedfordshire 005E,Anti-social behaviour,,
,2022-06,Bedfordshire Police,Bedfordshire Police,-0.264108,52.096302,On or near Holly Close,E01017387,Central Bedfordshire 005E,Anti-social behaviour,,
6eaf902ebc502bdcd67900ae5aaf759a338d35cdb0e403cd1d47c5c86b8c3507,2022-06,Bedfordshire Police,Bedfordshire Police,-0.267589,52.092739,On or near Royal Oak Close,E01017387,Central Bedfordshire 005E,Vehicle crime,Investigation complete; no suspect identified,
,2022-06,Bedfordshire Police,Bedfordshire Police,-0.253562,52.095319,On or near Sandy View,E01017388,Central Bedfordshire 005F,Anti-social behaviour,,
,2022-06,Bedfordshire Police,Bedfordshire Police,-0.253562,52.095319,On or near Sandy View,E01017388,Central Bedfordshire 005F,Anti-social behaviour,,
,2022-06,Bedfordshire Police,Bedfordshire Police,-0.257675,52.092026,On or near Lime Tree Walk,E01017388,Central Bedfordshire 005F,Anti-social behaviour,,
,2022-06,Bedfordshire Police,Bedfordshire Police,-0.254825,52.094754,On or near Sports/Recreation Area,E01017388,Central Bedfordshire 005F,Anti-social behaviour,,
,2022-06,Bedfordshire Police,Bedfordshire Police,-0.253562,52.095319,On or near Sandy View,E01017388,Central Bedfordshire 005F,Anti-social behaviour,,
9690891940dccb5767873e6709fe6f47486269a3e0272984383ddd4a2a67df52,2022-06,Bedfordshire Police,Bedfordshire Police,-0.260019,52.092960,On or near Winston Crescent,E01017388,Central Bedfordshire 005F,Public order,Unable to prosecute suspect,
5dba646bdafff27f1b996ddc6f37a10ce039e7df7b9a6087d7fef766777a29c2,2022-06,Bedfordshire Police,Bedfordshire Police,-0.253562,52.095319,On or near Sandy View,E01017388,Central Bedfordshire 005F,Public order,Unable to prosecute suspect,
4ffa6a623e1e2f35d57f62d577e594d2e122eee7cffd738523116880bb3f0246,2022-06,Bedfordshire Police,Bedfordshire Police,-0.257917,52.093693,On or near Stoneland Avenue,E01017388,Central Bedfordshire 005F,Vehicle crime,Unable to prosecute suspect,
7458fea9acb9c89dcd4d5fc08bc9b8e3415f6e4fc4dcc286584edce72a7644ed,2022-06,Bedfordshire Police,Bedfordshire Police,-0.254825,52.094754,On or near Sports/Recreation Area,E01017388,Central Bedfordshire 005F,Violence and sexual offences,Unable to prosecute suspect,
d281c79e4ab0a4b243b4225854670fcf219feb18faae4a1b6c222ec594cfcd6f,2022-06,Bedfordshire Police,Bedfordshire Police,-0.253562,52.095319,On or near Sandy View,E01017388,Central Bedfordshire 005F,Violence and sexual offences,Unable to prosecute suspect,
7099e465a961c55439042991d600c36f10d9600efbbedeb56377515cebedc286,2022-06,Bedfordshire Police,Bedfordshire Police,-0.260019,52.092960,On or near Winston Crescent,E01017388,Central Bedfordshire 005F,Violence and sexual offences,Offender given a caution,
b92ba07cf289a8697e8767d2894a7aaadde391d0fa50074b2ffb92d2bae5ae98,2022-06,Bedfordshire Police,Bedfordshire Police,-0.256062,52.094844,On or near Ashley Gardens,E01017388,Central Bedfordshire 005F,Violence and sexual offences,Awaiting court outcome,
170187f6dbad529c7b6bd68215cbb0f158bae2a74c89ef8f23ce97a159429752,2022-06,Bedfordshire Police,Bedfordshire Police,-0.253562,52.095319,On or near Sandy View,E01017388,Central Bedfordshire 005F,Violence and sexual offences,Awaiting court outcome,
3c9719da0f4708940553b20a3e4658dba23663691f3ecf4356f8af694c167d35,2022-06,Bedfordshire Police,Bedfordshire Police,-0.260019,52.092960,On or near Winston Crescent,E01017388,Central Bedfordshire 005F,Violence and sexual offences,Unable to prosecute suspect,
02188352d9005a0afe4a49f4da1810ac3c4e6795c5d8f3ecd1e2761fc52d4022,2022-06,Bedfordshire Police,Bedfordshire Police,-0.252879,52.095984,On or near Rowletts View,E01017388,Central Bedfordshire 005F,Violence and sexual offences,Status update unavailable,
bbd95b95e36ede499abafe8040132ac918909bcbde47a275ef2867d6babb8231,2022-06,Bedfordshire Police,Bedfordshire Police,-0.252879,52.095984,On or near Rowletts View,E01017388,Central Bedfordshire 005F,Violence and sexual offences,Unable to prosecute suspect,
,2022-06,Bedfordshire Police,Bedfordshire Police,-0.244738,52.076881,On or near Petrol Station,E01017381,Central Bedfordshire 006A,Anti-social behaviour,,
,2022-06,Bedfordshire Police,Bedfordshire Police,-0.244738,52.076881,On or near Petrol Station,E01017381,Central Bedfordshire 006A,Anti-social behaviour,,
,2022-06,Bedfordshire Police,Bedfordshire Police,-0.255812,52.079554,On or near Coopers Close,E01017381,Central Bedfordshire 006A,Anti-social behaviour,,
53a8159aacd62db05c99327025523b229eeb8209d679ec23ae32dcb10dcedda0,2022-06,Bedfordshire Police,Bedfordshire Police,-0.236725,52.045795,On or near Edworth Road,E01017381,Central Bedfordshire 006A,Burglary,Unable to prosecute suspect,
bf2a04a306df29dd964852f6e9404bc01caf88496949e54673833b27a40b3992,2022-06,Bedfordshire Police,Bedfordshire Police,-0.244026,52.073823,On or near Shopping Area,E01017381,Central Bedfordshire 006A,Burglary,Investigation complete; no suspect identified,
898e5fb3a2656b8ed5f615173fbdece5ff7068cf65e9068e0b4ccae6891285c7,2022-06,Bedfordshire Police,Bedfordshire Police,-0.245632,52.074539,On or near Shopping Area,E01017381,Central Bedfordshire 006A,Burglary,Investigation complete; no suspect identified,
35e439d4dfbee633555423c37acc4cefb08d958c67ea61932d8a8a03f8e7fa89,2022-06,Bedfordshire Police,Bedfordshire Police,-0.244738,52.076881,On or near Petrol Station,E01017381,Central Bedfordshire 006A,Criminal damage and arson,Unable to prosecute suspect,
2b211c0193dd87ab41c270011b600a502d96389c1b8b0fe0972348425854318c,2022-06,Bedfordshire Police,Bedfordshire Police,-0.244738,52.076881,On or near Petrol Station,E01017381,Central Bedfordshire 006A,Other theft,Investigation complete; no suspect identified,
4edccd4e694d18970af84c7c8826d0dacaf99926773ccc3df6c4f64b0804b4f3,2022-06,Bedfordshire Police,Bedfordshire Police,-0.244738,52.076881,On or near Petrol Station,E01017381,Central Bedfordshire 006A,Public order,Unable to prosecute suspect,
8479ae6791193c58381e4c41a2f1258e55e0bf9cc1dcd48bc028b6b96c7362bd,2022-06,Bedfordshire Police,Bedfordshire Police,-0.244026,52.073823,On or near Shopping Area,E01017381,Central Bedfordshire 006A,Shoplifting,Investigation complete; no suspect identified,
4d4402c7d975fcc0d40819f0d0f90f993f098959865eb2c05dcde6d9847e7f02,2022-06,Bedfordshire Police,Bedfordshire Police,-0.244026,52.073823,On or near Shopping Area,E01017381,Central Bedfordshire 006A,Shoplifting,Unable to prosecute suspect,
702977446f6ca42558b5292ce4fe3c8d019feef75646fca2c94c95c89a4e9e87,2022-06,Bedfordshire Police,Bedfordshire Police,-0.245632,52.074539,On or near Shopping Area,E01017381,Central Bedfordshire 006A,Shoplifting,Investigation complete; no suspect identified,
41bc6ed8cd1fc030c3a6c7d7f128ff242cc306d7a1879dea39990d7d4d5d4d68,2022-06,Bedfordshire Police,Bedfordshire Police,-0.244026,52.073823,On or near Shopping Area,E01017381,Central Bedfordshire 006A,Shoplifting,Investigation complete; no suspect identified,
d758f53c0bf9e2360646f57cff4b9c5c64fb57a13d6b1933c21fe2a0070623a2,2022-06,Bedfordshire Police,Bedfordshire Police,-0.248930,52.080127,On or near London Road,E01017381,Central Bedfordshire 006A,Violence and sexual offences,Investigation complete; no suspect identified,
549aba79f24ffe16be9fc7f5b852e33611f36b711cb56ae8c312f44ccb54e63e,2022-06,Bedfordshire Police,Bedfordshire Police,-0.244738,52.076881,On or near Petrol Station,E01017381,Central Bedfordshire 006A,Violence and sexual offences,Status update unavailable,
c2704bc46c499e4e78cf99a968557b30477fbf3543d951942363be59529958ac,2022-06,Bedfordshire Police,Bedfordshire Police,-0.244026,52.073823,On or near Shopping Area,E01017381,Central Bedfordshire 006A,Violence and sexual offences,Investigation complete; no suspect identified,
,2022-06,Bedfordshire Police,Bedfordshire Police,-0.255013,52.084686,On or near Apple Tree Close,E01017382,Central Bedfordshire 006B,Anti-social behaviour,,
15edcded99b8995871c5c193e6045bff5ee90ad6d2e2d3c33815513d47f003ab,2022-06,Bedfordshire Police,Bedfordshire Police,-0.256758,52.084100,On or near Broadmead,E01017382,Central Bedfordshire 006B,Burglary,Investigation complete; no suspect identified,
d73f404b1af5fc70a7724715fa754fd1bdefb0f001f97e01adbcfc8ac1f57944,2022-06,Bedfordshire Police,Bedfordshire Police,-0.256758,52.084100,On or near Broadmead,E01017382,Central Bedfordshire 006B,Drugs,Local resolution,
d9d1a5fc7e5d8cfdd0128087787872f0fd7b7a06019dc20857c0705ed062b60c,2022-06,Bedfordshire Police,Bedfordshire Police,-0.253934,52.083915,On or near Elm Road,E01017382,Central Bedfordshire 006B,Public order,Awaiting court outcome,
b0a984d0a02270de0a4c416a96d037edce6c5d04605d41a2a34375cd2383e91b,2022-06,Bedfordshire Police,Bedfordshire Police,-0.254829,52.081932,On or near Mead End,E01017382,Central Bedfordshire 006B,Vehicle crime,Investigation complete; no suspect identified,
4693972d2aeb2b4ace1d5adf6f4ae95f90f7da8d4479d98eb77632dabcce833f,2022-06,Bedfordshire Police,Bedfordshire Police,-0.255558,52.082680,On or near The Grove,E01017382,Central Bedfordshire 006B,Violence and sexual offences,Action to be taken by another organisation,
132c7f2173054ee76dfa2b83b1c96c8cf11b0c88090b67eb57c8563310748c9d,2022-06,Bedfordshire Police,Bedfordshire Police,-0.255013,52.084686,On or near Apple Tree Close,E01017382,Central Bedfordshire 006B,Violence and sexual offences,Investigation complete; no suspect identified,
7267bb7380a342c4741fa7a6ab2e19553b8f7cdcb9b0adc3d405ad4578244656,2022-06,Bedfordshire Police,Bedfordshire Police,-0.255558,52.082680,On or near The Grove,E01017382,Central Bedfordshire 006B,Violence and sexual offences,Unable to prosecute suspect,
,2022-06,Bedfordshire Police,Bedfordshire Police,-0.238016,52.089702,On or near Jupiter Way,E01017389,Central Bedfordshire 006C,Anti-social behaviour,,
,2022-06,Bedfordshire Police,Bedfordshire Police,-0.241203,52.086252,On or near Baden Powell Way,E01017389,Central Bedfordshire 006C,Anti-social behaviour,,
,2022-06,Bedfordshire Police,Bedfordshire Police,-0.246146,52.085247,On or near Tansey End,E01017389,Central Bedfordshire 006C,Anti-social behaviour,,
,2022-06,Bedfordshire Police,Bedfordshire Police,-0.246146,52.085247,On or near Tansey End,E01017389,Central Bedfordshire 006C,Anti-social behaviour,,
1584f697a717766e554fb6a24698e68c891e5d8f9709b3561ab96614b9d97e83,2022-06,Bedfordshire Police,Bedfordshire Police,-0.244651,52.081313,On or near Park/Open Space,E01017389,Central Bedfordshire 006C,Bicycle theft,Investigation complete; no suspect identified,
8524197c90e636a8777194ba44c1169c46bf663ff73ae47300bff713e55adde8,2022-06,Bedfordshire Police,Bedfordshire Police,-0.237168,52.074934,On or near Pegasus Mews,E01017389,Central Bedfordshire 006C,Burglary,Investigation complete; no suspect identified,
1342bac9b7bd0ca188c9643d67f1ab067cda4d81416415f0cda7e84ce07f6f17,2022-06,Bedfordshire Police,Bedfordshire Police,-0.247504,52.082264,On or near Chambers Way,E01017389,Central Bedfordshire 006C,Burglary,Investigation complete; no suspect identified,
4c42cacca5a0bee4a527e98ce611e344d4332978ea2b029769aaf0935eaaddf0,2022-06,Bedfordshire Police,Bedfordshire Police,-0.238016,52.089702,On or near Jupiter Way,E01017389,Central Bedfordshire 006C,Criminal damage and arson,Investigation complete; no suspect identified,
ffb0c873eb04c86d76578007111c550155644bc17d5d3608a0e7c6d6960acd08,2022-06,Bedfordshire Police,Bedfordshire Police,-0.248064,52.085851,On or near Chervil Close,E01017389,Central Bedfordshire 006C,Criminal damage and arson,Unable to prosecute suspect,
c7a2465fb3cd12d2722c0399f37c1e1199d2aa8a6f32ae2074bfadf391a02ceb,2022-06,Bedfordshire Police,Bedfordshire Police,-0.248064,52.085851,On or near Chervil Close,E01017389,Central Bedfordshire 006C,Other theft,Unable to prosecute suspect,
b329c6ac8e8f2273caa52dfb627d65ff0b84152f7320bd26639eea203260a516,2022-06,Bedfordshire Police,Bedfordshire Police,-0.238016,52.089702,On or near Jupiter Way,E01017389,Central Bedfordshire 006C,Shoplifting,Investigation complete; no suspect identified,
349c312ca8d06fe22db92cf6f32632859ef16af66e9a00cd8d3ade5dc06aabb6,2022-06,Bedfordshire Police,Bedfordshire Police,-0.238016,52.089702,On or near Jupiter Way,E01017389,Central Bedfordshire 006C,Shoplifting,Investigation complete; no suspect identified,
f78b8ad1bd00fab5a5697a04e279f80ba740eadc7ba773a1510c82d849ebeab4,2022-06,Bedfordshire Police,Bedfordshire Police,-0.237168,52.074934,On or near Pegasus Mews,E01017389,Central Bedfordshire 006C,Vehicle crime,Investigation complete; no suspect identified,
85f574013beef0c4df48b02d69c912c9968e8e945b8d765cbdff775c88d47a8b,2022-06,Bedfordshire Police,Bedfordshire Police,-0.247504,52.082264,On or near Chambers Way,E01017389,Central Bedfordshire 006C,Violence and sexual offences,Unable to prosecute suspect,
1ba6ea65ba08268ce7d364e761c131c4b756c5472c2eafbf246b8893ce2dc11e,2022-06,Bedfordshire Police,Bedfordshire Police,-0.241203,52.086252,On or near Baden Powell Way,E01017389,Central Bedfordshire 006C,Violence and sexual offences,Unable to prosecute suspect,
4271a9ede4a61e0480512ea21d673a9f8abac4f075814ca2ec184c98e6d90dd8,2022-06,Bedfordshire Police,Bedfordshire Police,-0.238016,52.089702,On or near Jupiter Way,E01017389,Central Bedfordshire 006C,Violence and sexual offences,Unable to prosecute suspect,
ff5ef7d7f5ea069f8735df3b597c66f3f2a9c259206247667a31f44b34f27fc1,2022-06,Bedfordshire Police,Bedfordshire Police,-0.241203,52.086252,On or near Baden Powell Way,E01017389,Central Bedfordshire 006C,Violence and sexual offences,Unable to prosecute suspect,
,2022-06,Bedfordshire Police,Bedfordshire Police,-0.252427,52.087741,On or near Orchard Close,E01017390,Central Bedfordshire 006D,Anti-social behaviour,,
,2022-06,Bedfordshire Police,Bedfordshire Police,-0.249357,52.097927,On or near Potton Road,E01017390,Central Bedfordshire 006D,Anti-social behaviour,,
,2022-06,Bedfordshire Police,Bedfordshire Police,-0.252427,52.087741,On or near Orchard Close,E01017390,Central Bedfordshire 006D,Anti-social behaviour,,
c5b6c4d7fd7446363fb2faca929b86bf4fe05d037968656eeba54e82db1d5367,2022-06,Bedfordshire Police,Bedfordshire Police,-0.249025,52.092240,On or near Sports/Recreation Area,E01017390,Central Bedfordshire 006D,Criminal damage and arson,Investigation complete; no suspect identified,
c421479ce4598a4e2b69494d1b7548b06d75a4b6001f63429d29f30f2f53f20d,2022-06,Bedfordshire Police,Bedfordshire Police,-0.249025,52.092240,On or near Sports/Recreation Area,E01017390,Central Bedfordshire 006D,Public order,Investigation complete; no suspect identified,
c94dab6b15aca4d64a3a31f7ceab5dbc7af28705cd3191a943a322edbf6a654f,2022-06,Bedfordshire Police,Bedfordshire Police,-0.250007,52.094385,On or near Boddington Gardens,E01017390,Central Bedfordshire 006D,Public order,Action to be taken by another organisation,
0fb147a9030118b4dc4583e8ad971e7a74bb004793269a8635290208b3c8e2c9,2022-06,Bedfordshire Police,Bedfordshire Police,-0.250652,52.090214,On or near Sutton Avenue,E01017390,Central Bedfordshire 006D,Vehicle crime,Investigation complete; no suspect identified,
0095833a8d3ad4fa5aa4420efaada7ff137cf1ec69a743421c20a7c29d9151a3,2022-06,Bedfordshire Police,Bedfordshire Police,-0.246776,52.098977,On or near Hospital,E01017390,Central Bedfordshire 006D,Violence and sexual offences,Court result unavailable,
01e43e9a82dd1129cb01e02eaa208dbd61af1fd2726e0e924aec4f351bbafb05,2022-06,Bedfordshire Police,Bedfordshire Police,-0.250509,52.092361,On or near Stratton Way,E01017390,Central Bedfordshire 006D,Violence and sexual offences,Unable to prosecute suspect,
1e19a3b2a60f119544f1fbd142dc0932274d201ddbd553f7064b1e4372c80ff2,2022-06,Bedfordshire Police,Bedfordshire Police,-0.251373,52.091178,On or near South Walk,E01017390,Central Bedfordshire 006D,Violence and sexual offences,Unable to prosecute suspect,
75cd5a00b4651153d61daa1c7266e2e66091cdba20b99a50905e85b9f2d1e2c1,2022-06,Bedfordshire Police,Bedfordshire Police,-0.252427,52.087741,On or near Orchard Close,E01017390,Central Bedfordshire 006D,Violence and sexual offences,Action to be taken by another organisation,
4b949589e478900d4f0e2d36e98a44a162acd6e9ba12451befbe2b0d978ab6da,2022-06,Bedfordshire Police,Bedfordshire Police,-0.250652,52.090214,On or near Sutton Avenue,E01017390,Central Bedfordshire 006D,Violence and sexual offences,Court result unavailable,
a85605031642a457b113d09a4e942db48d22dd4451810a7a02f07a12338f5173,2022-06,Bedfordshire Police,Bedfordshire Police,-0.246776,52.098977,On or near Hospital,E01017390,Central Bedfordshire 006D,Violence and sexual offences,Unable to prosecute suspect,
93158ec3656bf171091e6495937ce26804e403f489c0c4d34f51aed4c442634d,2022-06,Bedfordshire Police,Bedfordshire Police,-0.250509,52.092361,On or near Stratton Way,E01017390,Central Bedfordshire 006D,Violence and sexual offences,Unable to prosecute suspect,
15129af0f3ea57151c2b1be1ae3ef623a88377ea9746048d03f5fd537f4a5901,2022-06,Bedfordshire Police,Bedfordshire Police,-0.246776,52.098977,On or near Hospital,E01017390,Central Bedfordshire 006D,Violence and sexual offences,Unable to prosecute suspect,
b3f8cfa519b0f9ba6ac21b80df9827ad12e56fcf2b806c73274f11f3d1cd8bb2,2022-06,Bedfordshire Police,Bedfordshire Police,-0.251373,52.091178,On or near South Walk,E01017390,Central Bedfordshire 006D,Violence and sexual offences,Status update unavailable,
,2022-06,Bedfordshire Police,Bedfordshire Police,-0.607920,52.013810,On or near Crow Lane,E01017379,Central Bedfordshire 007A,Anti-social behaviour,,
,2022-06,Bedfordshire Police,Bedfordshire Police,-0.607920,52.013810,On or near Crow Lane,E01017379,Central Bedfordshire 007A,Anti-social behaviour,,
81baf026072aac373d25e3d201db2b4b6af2b7d2e977508b022361a79871af78,2022-06,Bedfordshire Police,Bedfordshire Police,-0.602120,52.011952,On or near Sports/Recreation Area,E01017379,Central Bedfordshire 007A,Burglary,Investigation complete; no suspect identified,
c244e4a5c097535c74aa2e1ddbb4365ea5ed1aee3083e1fa071cf398d1a84a41,2022-06,Bedfordshire Police,Bedfordshire Police,-0.593684,52.011465,On or near Ridgmont Road,E01017379,Central Bedfordshire 007A,Other theft,Investigation complete; no suspect identified,
fff47e044bd1be031590c16f1c3d101a937f47a22506eebff59baf219a310e31,2022-06,Bedfordshire Police,Bedfordshire Police,-0.607763,52.026864,On or near A421,E01017379,Central Bedfordshire 007A,Vehicle crime,Investigation complete; no suspect identified,
a20e7f5a73cf9bc7ddb1aad6fb950bdf3894ba2c5b8683929cc108896a95c2c1,2022-06,Bedfordshire Police,Bedfordshire Police,-0.628337,52.014229,On or near The Square,E01017380,Central Bedfordshire 007B,Burglary,Investigation complete; no suspect identified,
53156608fb4c4071392e5ba2131333eb56eb41c606d1199a0cbed4ea982dc87d,2022-06,Bedfordshire Police,Bedfordshire Police,-0.628337,52.014229,On or near The Square,E01017380,Central Bedfordshire 007B,Burglary,Investigation complete; no suspect identified,
6837fed9d31fca58049deb849991243197a97488e4ee2f3a794721fae010f351,2022-06,Bedfordshire Police,Bedfordshire Police,-0.632964,52.012530,On or near The Mount,E01017380,Central Bedfordshire 007B,Criminal damage and arson,Unable to prosecute suspect,
d00bcb41fb859668ecfb8dc36d2d0ae6f0ceecef908cd342ae219e18fca3baaf,2022-06,Bedfordshire Police,Bedfordshire Police,-0.600440,52.074655,On or near Mill Road,E01017394,Central Bedfordshire 007C,Public order,Offender given a caution,
e28036072d0d520f78ad4af3106080a4b893ccee7000d1a0263c50859cd8eff8,2022-06,Bedfordshire Police,Bedfordshire Police,-0.599122,52.074343,On or near Springfield Way,E01017394,Central Bedfordshire 007C,Violence and sexual offences,Unable to prosecute suspect,
3d8c2b819c60b3ad40cbd93b31c2ebb7cc48a1f0d0076a56c6c999791fcd10e6,2022-06,Bedfordshire Police,Bedfordshire Police,-0.599122,52.074343,On or near Springfield Way,E01017394,Central Bedfordshire 007C,Violence and sexual offences,Formal action is not in the public interest,
,2022-06,Bedfordshire Police,Bedfordshire Police,-0.608565,52.070499,On or near Orchard Close,E01017397,Central Bedfordshire 007F,Anti-social behaviour,,
c01744be393708ffada8625236868a0a4675e58990413a61aabfc6a6ea374995,2022-06,Bedfordshire Police,Bedfordshire Police,-0.608422,52.068069,On or near Church Walk,E01017397,Central Bedfordshire 007F,Burglary,Investigation complete; no suspect identified,
e39d011b91dfa884f883c304b7da83ead250b342370dfbde2a3a45b1799bcb00,2022-06,Bedfordshire Police,Bedfordshire Police,-0.609118,52.071485,On or near Lincroft,E01017397,Central Bedfordshire 007F,Public order,Action to be taken by another organisation,
79b5ab6ad67ed09ea79e6e091d631c5a8e175f39e7761545271de9cbdcab36ec,2022-06,Bedfordshire Police,Bedfordshire Police,-0.605779,52.070960,On or near Red Lion Close,E01017397,Central Bedfordshire 007F,Vehicle crime,Investigation complete; no suspect identified,
c798436ce2c6ef263946479bef152842587cb4569ae4eaaadfe79af72c36285e,2022-06,Bedfordshire Police,Bedfordshire Police,-0.608422,52.068069,On or near Church Walk,E01017397,Central Bedfordshire 007F,Violence and sexual offences,Unable to prosecute suspect,
384d7d263baed5ca9a17b94b08b4de8f0cab76338f36baed7dc885ba7ddac50a,2022-06,Bedfordshire Police,Bedfordshire Police,-0.594626,52.074856,On or near Hillcrest,E01017397,Central Bedfordshire 007F,Violence and sexual offences,Investigation complete; no suspect identified,
,2022-06,Bedfordshire Police,Bedfordshire Police,-0.602607,52.027216,On or near M1,E01033194,Central Bedfordshire 007G,Anti-social behaviour,,
,2022-06,Bedfordshire Police,Bedfordshire Police,-0.602607,52.027216,On or near M1,E01033194,Central Bedfordshire 007G,Anti-social behaviour,,
74a2a25a644349646f0f19967362dd367b96a36a93ea4d4ab4e1026d4ba1fc95,2022-06,Bedfordshire Police,Bedfordshire Police,-0.636190,52.041573,On or near Park/Open Space,E01033194,Central Bedfordshire 007G,Burglary,Investigation complete; no suspect identified,
beda912036630346b6986e36c2e51c29773eafa0408e268bc8b36a9bd0fbc8a7,2022-06,Bedfordshire Police,Bedfordshire Police,-0.626948,52.032475,On or near M1,E01033194,Central Bedfordshire 007G,Burglary,Investigation complete; no suspect identified,
53101bb19db271b9433fe4b8b47221382c4f854a0d59155dd46966acbd218411,2022-06,Bedfordshire Police,Bedfordshire Police,-0.601635,52.073779,On or near Millfield Close,E01033194,Central Bedfordshire 007G,Burglary,Investigation complete; no suspect identified,
c4049fd18496bdd18433432b2ad9e4b9a977f00e1763951f41524427a7d27d96,2022-06,Bedfordshire Police,Bedfordshire Police,-0.596149,52.034683,On or near Hill Crescent,E01033194,Central Bedfordshire 007G,Burglary,Investigation complete; no suspect identified,
4d6905c96df10611845f0ad1b1b9621444cbdeb75118cf422966dcb677370e4d,2022-06,Bedfordshire Police,Bedfordshire Police,-0.612154,52.063465,On or near Lodge Road,E01033194,Central Bedfordshire 007G,Public order,Unable to prosecute suspect,
b3c6979463238ba10629b434b4adb94e6e5deb48dc0d6b83286c8f92a556bdb2,2022-06,Bedfordshire Police,Bedfordshire Police,-0.612154,52.063465,On or near Lodge Road,E01033194,Central Bedfordshire 007G,Public order,Unable to prosecute suspect,
5951177fe80f8e40d0c4c4648cbe27901fe181bd96feebf6b849ea6069b0706a,2022-06,Bedfordshire Police,Bedfordshire Police,-0.602607,52.027216,On or near M1,E01033194,Central Bedfordshire 007G,Vehicle crime,Investigation complete; no suspect identified,
cf7ac735a3c2f5fb84fe1fd1eda0f4bdce01d5e0f2a984668b4bb47340defc55,2022-06,Bedfordshire Police,Bedfordshire Police,-0.598240,52.034016,On or near Parking Area,E01033194,Central Bedfordshire 007G,Vehicle crime,Investigation complete; no suspect identified,
1afd4e83d92b8481d75943700e36b35ddc64556ca7615fcbf143c325dc8911bb,2022-06,Bedfordshire Police,Bedfordshire Police,-0.602607,52.027216,On or near M1,E01033194,Central Bedfordshire 007G,Vehicle crime,Investigation complete; no suspect identified,
15c3f52443c972d4b61e6a3ea751294926ece96ce13ce1e8373feffefd8ce75b,2022-06,Bedfordshire Police,Bedfordshire Police,-0.602607,52.027216,On or near M1,E01033194,Central Bedfordshire 007G,Vehicle crime,Investigation complete; no suspect identified,
56650b530014b77737bdc3fbe0c6579e77efafb17786966c253e5d70ccd3ead1,2022-06,Bedfordshire Police,Bedfordshire Police,-0.602607,52.027216,On or near M1,E01033194,Central Bedfordshire 007G,Vehicle crime,Investigation complete; no suspect identified,
358ce211a4378c9c241868e70815a9c1c2e634621913439a8811bfa59fa1fde3,2022-06,Bedfordshire Police,Bedfordshire Police,-0.628558,52.076065,On or near Mitchell Road,E01033194,Central Bedfordshire 007G,Violence and sexual offences,Unable to prosecute suspect,
1673aabc362bac9a7420a3877e3eef421cfc7acfd746d77956fe2e7aa9cbaee4,2022-06,Bedfordshire Police,Bedfordshire Police,-0.636190,52.041573,On or near Park/Open Space,E01033194,Central Bedfordshire 007G,Violence and sexual offences,Unable to prosecute suspect,
9cd036e02f1ac2f2605ed2932750b4206f807c2e900811ab40b6148fc7421aad,2022-06,Bedfordshire Police,Bedfordshire Police,-0.604031,52.080210,On or near Sports/Recreation Area,E01033194,Central Bedfordshire 007G,Violence and sexual offences,Unable to prosecute suspect,
4e9486be19a8d51be69a73cb8e732a35284b8ce42748d8750f4a87645c939ed0,2022-06,Bedfordshire Police,Bedfordshire Police,-0.626962,52.076739,On or near Duncan Road,E01033194,Central Bedfordshire 007G,Violence and sexual offences,Unable to prosecute suspect,
dc6bd2b67d780f0946188d38df9f639220690a758b0c536c5ce20c538f349ac6,2022-06,Bedfordshire Police,Bedfordshire Police,-0.599743,52.076877,On or near Washingleys,E01033194,Central Bedfordshire 007G,Other crime,Action to be taken by another organisation,
022195f7a714c1c021ec19fecfdaa3cae7b0f9ace33d284bb5a1a250a10f65a6,2022-06,Bedfordshire Police,Bedfordshire Police,-0.599743,52.076877,On or near Washingleys,E01033194,Central Bedfordshire 007G,Other crime,Action to be taken by another organisation,
0215b3f4be5e24dc5b2508b686e9604161636c61a7d7ab7b1d7167ce05ff781a,2022-06,Bedfordshire Police,Bedfordshire Police,-0.599743,52.076877,On or near Washingleys,E01033194,Central Bedfordshire 007G,Other crime,Further investigation is not in the public interest,
0afdecb571dac944f0597fa2fc52d506d4f7875c5886ba67a468f18b52a94f10,2022-06,Bedfordshire Police,Bedfordshire Police,-0.390053,52.062232,On or near Northwood End Road,E01017410,Central Bedfordshire 008A,Burglary,Investigation complete; no suspect identified,
07ffb0a314e2e97496ae35098ad1843bd05293e1e612ed5343f6fc74d54678e7,2022-06,Bedfordshire Police,Bedfordshire Police,-0.390053,52.062232,On or near Northwood End Road,E01017410,Central Bedfordshire 008A,Vehicle crime,Investigation complete; no suspect identified,
,2022-06,Bedfordshire Police,Bedfordshire Police,-0.493908,52.054676,On or near How End Road,E01017411,Central Bedfordshire 008B,Anti-social behaviour,,
,2022-06,Bedfordshire Police,Bedfordshire Police,-0.472645,52.063619,On or near Sports/Recreation Area,E01017411,Central Bedfordshire 008B,Anti-social behaviour,,
,2022-06,Bedfordshire Police,Bedfordshire Police,-0.484666,52.080399,On or near Park/Open Space,E01017411,Central Bedfordshire 008B,Anti-social behaviour,,
752964667030440e558ce251221814bc9e130130f3679d4aa364c81436a990dc,2022-06,Bedfordshire Police,Bedfordshire Police,-0.484666,52.080399,On or near Park/Open Space,E01017411,Central Bedfordshire 008B,Criminal damage and arson,Investigation complete; no suspect identified,
e91c249fcde5441632451230b48bc997bd6d34835ebd424460762dc2b13209bb,2022-06,Bedfordshire Police,Bedfordshire Police,-0.493908,52.054676,On or near How End Road,E01017411,Central Bedfordshire 008B,Criminal damage and arson,Unable to prosecute suspect,
bc667bed815089c76e5e382f41a841902ce66d1b87eda67464d22ed706d832ff,2022-06,Bedfordshire Police,Bedfordshire Police,-0.476294,52.062686,On or near High Street,E01017411,Central Bedfordshire 008B,Public order,Unable to prosecute suspect,
e600787f78b52b8aace906ce2f0deedec865cf8bfb7f50e5cffcb81b6722ae6b,2022-06,Bedfordshire Police,Bedfordshire Police,-0.476035,52.063861,On or near Almers Close,E01017411,Central Bedfordshire 008B,Violence and sexual offences,Unable to prosecute suspect,
9df93d342480ea43bd90a1ed6dd129d706c8c3205cfdc641176666cc7b0cce06,2022-06,Bedfordshire Police,Bedfordshire Police,-0.484666,52.080399,On or near Park/Open Space,E01017411,Central Bedfordshire 008B,Violence and sexual offences,Unable to prosecute suspect,
b89511fc29d4fceed54a270a596d523734e2b267cceba8a20604904553e4e23d,2022-06,Bedfordshire Police,Bedfordshire Police,-0.472645,52.063619,On or near Sports/Recreation Area,E01017411,Central Bedfordshire 008B,Violence and sexual offences,Unable to prosecute suspect,
5f44bc85c540fd5cb8ec1aa7b90b4da08c8352f5cc3ee6b5e2aeacd385eacee0,2022-06,Bedfordshire Police,Bedfordshire Police,-0.473260,52.064409,On or near Broadway,E01017411,Central Bedfordshire 008B,Violence and sexual offences,Unable to prosecute suspect,
2fb9f4d9fc38966e5c097d6e72326ca9a720a1ad896b589f580ed7e739e3ee94,2022-06,Bedfordshire Police,Bedfordshire Police,-0.493908,52.054676,On or near How End Road,E01017411,Central Bedfordshire 008B,Other crime,Unable to prosecute suspect,
,2022-06,Bedfordshire Police,Bedfordshire Police,-0.472683,52.029982,On or near Chestnut Crescent,E01017419,Central Bedfordshire 008C,Anti-social behaviour,,
2d66e9759aeae823cf3b831da2ff53b3839eab1d4f0c8902d49ae39c5269c38d,2022-06,Bedfordshire Police,Bedfordshire Police,-0.435108,52.023591,On or near Parking Area,E01017419,Central Bedfordshire 008C,Burglary,Investigation complete; no suspect identified,
afe63770ec3a6e90a62fc046590640b417218c939de86992a49e883dce119f5f,2022-06,Bedfordshire Police,Bedfordshire Police,-0.468559,52.031224,On or near The Magpies,E01017419,Central Bedfordshire 008C,Vehicle crime,Investigation complete; no suspect identified,
9339765dff4d1880a44b1f0483fad38d4ad207c6dd72620a1b95fc0e451d07d8,2022-06,Bedfordshire Police,Bedfordshire Police,-0.468559,52.031224,On or near The Magpies,E01017419,Central Bedfordshire 008C,Vehicle crime,Investigation complete; no suspect identified,
,2022-06,Bedfordshire Police,Bedfordshire Police,-0.457827,52.030032,On or near Church Road,E01017420,Central Bedfordshire 008D,Anti-social behaviour,,
,2022-06,Bedfordshire Police,Bedfordshire Police,-0.472525,52.032057,On or near Sandy Acres,E01017420,Central Bedfordshire 008D,Anti-social behaviour,,
,2022-06,Bedfordshire Police,Bedfordshire Police,-0.469553,52.034132,On or near Wingfield Close,E01017420,Central Bedfordshire 008D,Anti-social behaviour,,
,2022-06,Bedfordshire Police,Bedfordshire Police,-0.475755,52.024106,On or near Flitwick Road,E01017420,Central Bedfordshire 008D,Anti-social behaviour,,
7f7b9136cb73326094e91ccfda9bb7f55fa3b336b7cd27f7dfc69da77b6f11b6,2022-06,Bedfordshire Police,Bedfordshire Police,-0.475755,52.024106,On or near Flitwick Road,E01017420,Central Bedfordshire 008D,Burglary,Investigation complete; no suspect identified,
a4f07caa01c015cfbb0bb6e3488072802ee177e045dbc2460cea0c9eaa410778,2022-06,Bedfordshire Police,Bedfordshire Police,-0.475755,52.024106,On or near Flitwick Road,E01017420,Central Bedfordshire 008D,Criminal damage and arson,Investigation complete; no suspect identified,
ed480b550d1aee87548564bf9944d3c05f2d85a5a83ca3b6b153cf93885f8893,2022-06,Bedfordshire Police,Bedfordshire Police,-0.469553,52.034132,On or near Wingfield Close,E01017420,Central Bedfordshire 008D,Public order,Unable to prosecute suspect,
d3b95334237cead1c9a35a92304c4825690874471959ca3760d786df7be5d652,2022-06,Bedfordshire Police,Bedfordshire Police,-0.471591,52.032072,On or near Becketts Close,E01017420,Central Bedfordshire 008D,Vehicle crime,Investigation complete; no suspect identified,
9b4bb821b3875f0da427dee79bf377a81761cb7abea3cf6405f1464699cbbe63,2022-06,Bedfordshire Police,Bedfordshire Police,-0.472525,52.032057,On or near Sandy Acres,E01017420,Central Bedfordshire 008D,Violence and sexual offences,Unable to prosecute suspect,
31f94245a9f4973a352d73abb558423d2cb45fb686535bd05fbec1e7475fe74d,2022-06,Bedfordshire Police,Bedfordshire Police,-0.472525,52.032057,On or near Sandy Acres,E01017420,Central Bedfordshire 008D,Violence and sexual offences,Unable to prosecute suspect,
22fcc901b9bbfdf53457388561c170ea092408e67c1790808b06b44b3e5381b6,2022-06,Bedfordshire Police,Bedfordshire Police,-0.472525,52.032057,On or near Sandy Acres,E01017420,Central Bedfordshire 008D,Violence and sexual offences,Unable to prosecute suspect,
,2022-06,Bedfordshire Police,Bedfordshire Police,-0.424905,52.028994,On or near Readshill,E01017421,Central Bedfordshire 008E,Anti-social behaviour,,
,2022-06,Bedfordshire Police,Bedfordshire Police,-0.410322,52.032035,On or near Town Shott,E01017421,Central Bedfordshire 008E,Anti-social behaviour,,
05e6bf6bcb2b3e8fa622666309ee76e370a18e9ecbfacc70c1db71ca5f3280f9,2022-06,Bedfordshire Police,Bedfordshire Police,-0.426518,52.028710,On or near Parking Area,E01017421,Central Bedfordshire 008E,Drugs,Local resolution,
43a9e6de6d37a3bd8738f88e9323e11db185018fc2553c772fdd34091f895cdb,2022-06,Bedfordshire Police,Bedfordshire Police,-0.426518,52.028710,On or near Parking Area,E01017421,Central Bedfordshire 008E,Public order,Investigation complete; no suspect identified,
bd86383b53247b3936d02327cf448d459bc928bef726b9eb89b7653c8274db20,2022-06,Bedfordshire Police,Bedfordshire Police,-0.420320,52.030038,On or near Mill Lane,E01017421,Central Bedfordshire 008E,Theft from the person,Investigation complete; no suspect identified,
ff75d451a46a8a66d41e378b0d66eaa032f956e0ee4370f258710a8d5a9373ee,2022-06,Bedfordshire Police,Bedfordshire Police,-0.415973,52.032174,On or near Little Lane,E01017421,Central Bedfordshire 008E,Violence and sexual offences,Status update unavailable,
,2022-06,Bedfordshire Police,Bedfordshire Police,-0.574711,52.050493,On or near A421,E01017416,Central Bedfordshire 009A,Anti-social behaviour,,
,2022-06,Bedfordshire Police,Bedfordshire Police,-0.545069,52.066028,On or near Longcroft Lane,E01017416,Central Bedfordshire 009A,Anti-social behaviour,,
5cc1da6ff17c6633252df0db7c77972287686258bff799fcb9b39147a2c9f4ed,2022-06,Bedfordshire Police,Bedfordshire Police,-0.571672,52.051607,On or near Parking Area,E01017416,Central Bedfordshire 009A,Burglary,Investigation complete; no suspect identified,
1a8b676f1d3506f8e4e6eae53d96597a8638c8693ce46915454c6007f657e297,2022-06,Bedfordshire Police,Bedfordshire Police,-0.559223,52.042339,On or near Hudson Close,E01017416,Central Bedfordshire 009A,Criminal damage and arson,Investigation complete; no suspect identified,
801280759ffa2e232937a39814ae03660115194e27e91507512f8b6d072b186c,2022-06,Bedfordshire Police,Bedfordshire Police,-0.574711,52.050493,On or near A421,E01017416,Central Bedfordshire 009A,Vehicle crime,Investigation complete; no suspect identified,
1c0fce86ab8f53f8fef575157e6c740eaab09e2c23063ea7302a7da75cbbb0bd,2022-06,Bedfordshire Police,Bedfordshire Police,-0.560076,52.055719,On or near Park/Open Space,E01017416,Central Bedfordshire 009A,Vehicle crime,Investigation complete; no suspect identified,
73a6513c9f70f22d009933774037cc36f808c975144eb0dd1646a617cb334af4,2022-06,Bedfordshire Police,Bedfordshire Police,-0.559849,52.042841,On or near Walnut Grove,E01017416,Central Bedfordshire 009A,Violence and sexual offences,Unable to prosecute suspect,
cc1b9d516d9fc1024263871b6d35d7822f8b10be066e5db7e4504148885eb63a,2022-06,Bedfordshire Police,Bedfordshire Police,-0.559849,52.042841,On or near Walnut Grove,E01017416,Central Bedfordshire 009A,Violence and sexual offences,Status update unavailable,
b419e9224e899acb9477b3af162ea17345a5210b7f6548befc805ab24789a8ab,2022-06,Bedfordshire Police,Bedfordshire Police,-0.559849,52.042841,On or near Walnut Grove,E01017416,Central Bedfordshire 009A,Violence and sexual offences,Unable to prosecute suspect,
598c3ade5b69c2dc2f9d1038ef30b428567f3ccd1eca967ee8e9d5dd0385d733,2022-06,Bedfordshire Police,Bedfordshire Police,-0.559849,52.042841,On or near Walnut Grove,E01017416,Central Bedfordshire 009A,Violence and sexual offences,Status update unavailable,
,2022-06,Bedfordshire Police,Bedfordshire Police,-0.555226,52.061396,On or near Drapers End,E01017417,Central Bedfordshire 009B,Anti-social behaviour,,
f80135198ee714f735f48edb6014ea1d433902d4e9451355c49328e2dc64b3ee,2022-06,Bedfordshire Police,Bedfordshire Police,-0.544241,52.067690,On or near Bedford Road,E01017417,Central Bedfordshire 009B,Burglary,Investigation complete; no suspect identified,
8a21498992faa388e99d780c314c5f9482689821110f71a4e5a2970d24e6c97b,2022-06,Bedfordshire Police,Bedfordshire Police,-0.554747,52.064025,On or near Parking Area,E01017417,Central Bedfordshire 009B,Other theft,Unable to prosecute suspect,
fa82fc98db213465801640b4054124363ea85b6c3cbb8e38a87a2d0553f488fd,2022-06,Bedfordshire Police,Bedfordshire Police,-0.556638,52.060128,On or near Howes Drive,E01017417,Central Bedfordshire 009B,Other theft,Investigation complete; no suspect identified,
0db00553392df16a0385ae357a5e119ce45e7a76b1d2a5f4864af8bd6c5616cd,2022-06,Bedfordshire Police,Bedfordshire Police,-0.556638,52.060128,On or near Howes Drive,E01017417,Central Bedfordshire 009B,Other theft,Investigation complete; no suspect identified,
7f76443f9d9709d82cface369b629427246e0c4b76f639f3111ea4fc8c087c18,2022-06,Bedfordshire Police,Bedfordshire Police,-0.554747,52.064025,On or near Parking Area,E01017417,Central Bedfordshire 009B,Public order,Local resolution,
5cd99efce16c9a6738f3ed4c570987237f30b541bfd5cae7c57cc987e01d5408,2022-06,Bedfordshire Police,Bedfordshire Police,-0.554747,52.064025,On or near Parking Area,E01017417,Central Bedfordshire 009B,Public order,Unable to prosecute suspect,
e517b44b1afc6c8c3d9440a4d7c61e8e6e4a0801652e462fdfa548f1fb8d5812,2022-06,Bedfordshire Police,Bedfordshire Police,-0.548676,52.066809,On or near Burridge Close,E01017417,Central Bedfordshire 009B,Vehicle crime,Investigation complete; no suspect identified,
3e60dcd88b6e623bd2d911a2622ba1fb65fc64f20ad6aa88e7cdf439022641f9,2022-06,Bedfordshire Police,Bedfordshire Police,-0.554747,52.064025,On or near Parking Area,E01017417,Central Bedfordshire 009B,Vehicle crime,Investigation complete; no suspect identified,
66d2836e1c63c1e977ae7d0c00725ea03ad038c6994c6ac902eb7888f115c2e0,2022-06,Bedfordshire Police,Bedfordshire Police,-0.551013,52.066281,On or near A421,E01017417,Central Bedfordshire 009B,Vehicle crime,Investigation complete; no suspect identified,
0d56f31443553ca57402161bfcde96e778cbf84db0c4da5f928baa179eef72b2,2022-06,Bedfordshire Police,Bedfordshire Police,-0.556638,52.060128,On or near Howes Drive,E01017417,Central Bedfordshire 009B,Violence and sexual offences,Unable to prosecute suspect,
d74fc0093262d6d1a0689c59ad9df9cbb5160e5177c257b3e7eccba09dcf167f,2022-06,Bedfordshire Police,Bedfordshire Police,-0.554747,52.064025,On or near Parking Area,E01017417,Central Bedfordshire 009B,Violence and sexual offences,Unable to prosecute suspect,
6859158f3b1c7adc61e1e6a254727b4b0acd1a655fef653d8baaa1aca1a6f4a2,2022-06,Bedfordshire Police,Bedfordshire Police,-0.555226,52.061396,On or near Drapers End,E01017417,Central Bedfordshire 009B,Violence and sexual offences,Action to be taken by another organisation,
d38c56b97541fcc19c5cffaa73d7c998bc15cb1b6f316e650cac062f1c398ffc,2022-06,Bedfordshire Police,Bedfordshire Police,-0.555226,52.061396,On or near Drapers End,E01017417,Central Bedfordshire 009B,Violence and sexual offences,Action to be taken by another organisation,
e70e416be730c46b3cb0f4b5b6dc6563a0a3eadb72ef9ee87a840d1ecbe83d46,2022-06,Bedfordshire Police,Bedfordshire Police,-0.554747,52.064025,On or near Parking Area,E01017417,Central Bedfordshire 009B,Violence and sexual offences,Unable to prosecute suspect,
d41f808ad44fa63a491dfd143c36c4747c7bcb62ca41d91fb3325060b923c967,2022-06,Bedfordshire Police,Bedfordshire Police,-0.556638,52.060128,On or near Howes Drive,E01017417,Central Bedfordshire 009B,Violence and sexual offences,Unable to prosecute suspect,
b12a77e41c143facfd79352314ec749c429022a7b406baea11b6bc7444379280,2022-06,Bedfordshire Police,Bedfordshire Police,-0.550137,52.065829,On or near Ingram Close,E01017417,Central Bedfordshire 009B,Violence and sexual offences,Unable to prosecute suspect,
bfae3505c777f501fb6972ecccf4aff266e5cb06b6b52fffd0670fa9e7bbd93f,2022-06,Bedfordshire Police,Bedfordshire Police,-0.556638,52.060128,On or near Howes Drive,E01017417,Central Bedfordshire 009B,Violence and sexual offences,Unable to prosecute suspect,
6cd7baab8aed4279742bd6d41f145b45219549c4e9f0df331a89ccb91655d1dd,2022-06,Bedfordshire Police,Bedfordshire Police,-0.554747,52.064025,On or near Parking Area,E01017417,Central Bedfordshire 009B,Violence and sexual offences,Unable to prosecute suspect,
,2022-06,Bedfordshire Police,Bedfordshire Police,-0.550154,52.062611,On or near Tylecote Close,E01017418,Central Bedfordshire 009C,Anti-social behaviour,,
,2022-06,Bedfordshire Police,Bedfordshire Police,-0.553611,52.059902,On or near Woburn Road,E01017418,Central Bedfordshire 009C,Anti-social behaviour,,
d8fb5a4b1e53a2e54775e6340690e86e3a144b7878786aca6262726985d88549,2022-06,Bedfordshire Police,Bedfordshire Police,-0.546065,52.064997,On or near Oat Piece,E01017418,Central Bedfordshire 009C,Criminal damage and arson,Investigation complete; no suspect identified,
3c6d2e8eb807fc14f2c37f1678fbc7bada3623c7769b056d70c736b2c5f36f75,2022-06,Bedfordshire Police,Bedfordshire Police,-0.546065,52.064997,On or near Oat Piece,E01017418,Central Bedfordshire 009C,Criminal damage and arson,Unable to prosecute suspect,
6d5411913c2bdddc0c1fd9f2fbd7ba7733e05017cffe6e2b1f92e40954f60ea3,2022-06,Bedfordshire Police,Bedfordshire Police,-0.546065,52.064997,On or near Oat Piece,E01017418,Central Bedfordshire 009C,Violence and sexual offences,Investigation complete; no suspect identified,
8fbecded709a612c407aa9084851fc334fb01d8ddc234ab25b85481904badb91,2022-06,Bedfordshire Police,Bedfordshire Police,-0.546065,52.064997,On or near Oat Piece,E01017418,Central Bedfordshire 009C,Violence and sexual offences,Unable to prosecute suspect,
0d99a06c120510d2d1c6a4be7ad8b492e244da16f01f96414429d45bbf4c8a6f,2022-06,Bedfordshire Police,Bedfordshire Police,-0.546065,52.064997,On or near Oat Piece,E01017418,Central Bedfordshire 009C,Violence and sexual offences,Unable to prosecute suspect,
85c6bae59077067cb6836b5df296abff48ffa187047020228499d25b0108c447,2022-06,Bedfordshire Police,Bedfordshire Police,-0.546065,52.064997,On or near Oat Piece,E01017418,Central Bedfordshire 009C,Violence and sexual offences,Action to be taken by another organisation,
e8b5ac9a32212522c43f0a8d8db80be9207817e5b5b5f30775686a2fd8ba0527,2022-06,Bedfordshire Police,Bedfordshire Police,-0.550154,52.062611,On or near Tylecote Close,E01017418,Central Bedfordshire 009C,Violence and sexual offences,Investigation complete; no suspect identified,
2885ab1c8c2c28631993de090a00eb5d23050468bd1c84234d6ccc23259fd995,2022-06,Bedfordshire Police,Bedfordshire Police,-0.550154,52.062611,On or near Tylecote Close,E01017418,Central Bedfordshire 009C,Other crime,Further investigation is not in the public interest,
,2022-06,Bedfordshire Police,Bedfordshire Police,-0.543608,52.001029,On or near M1,E01017451,Central Bedfordshire 009D,Anti-social behaviour,,
,2022-06,Bedfordshire Police,Bedfordshire Police,-0.637617,51.961028,On or near Parking Area,E01017451,Central Bedfordshire 009D,Anti-social behaviour,,
e00db542dbb0cb662f5acf02944f86bb97828e8ac53abf92954b9b74b72b02b4,2022-06,Bedfordshire Police,Bedfordshire Police,-0.575348,52.010292,On or near Eversholt Road,E01017451,Central Bedfordshire 009D,Criminal damage and arson,Investigation complete; no suspect identified,
d9f08215523e6856049dcdd30419758d25d75b6367a9e58911ff80cb11eb2f84,2022-06,Bedfordshire Police,Bedfordshire Police,-0.580276,52.014316,On or near High Street,E01017451,Central Bedfordshire 009D,Criminal damage and arson,Unable to prosecute suspect,
8677bb47eb529d18db4fd60f38171d7499c37f98032c31b4a197dd2d883ae018,2022-06,Bedfordshire Police,Bedfordshire Police,-0.575348,52.010292,On or near Eversholt Road,E01017451,Central Bedfordshire 009D,Criminal damage and arson,Investigation complete; no suspect identified,
c20238053f5a1b377c6a35bab44b13b7090c1f59eb50960e068818852e7b97fd,2022-06,Bedfordshire Police,Bedfordshire Police,-0.577485,52.014562,On or near Church Street,E01017451,Central Bedfordshire 009D,Criminal damage and arson,Investigation complete; no suspect identified,
d1f05906e679d6b17ac4f80b160164715c059eff5cd70cce296f3501e3b1f84c,2022-06,Bedfordshire Police,Bedfordshire Police,-0.575348,52.010292,On or near Eversholt Road,E01017451,Central Bedfordshire 009D,Criminal damage and arson,Investigation complete; no suspect identified,
2cd5187528c82ebc1ec3a29cbc60a0e38c5f120c67f962109bb07a150174df08,2022-06,Bedfordshire Police,Bedfordshire Police,-0.577573,52.015003,On or near Segenhoe Close,E01017451,Central Bedfordshire 009D,Public order,Unable to prosecute suspect,
116148e6fece074a99602bc254855c3a45b39d19cb74c79c7b7295a6e6f4db7e,2022-06,Bedfordshire Police,Bedfordshire Police,-0.580276,52.014316,On or near High Street,E01017451,Central Bedfordshire 009D,Violence and sexual offences,Unable to prosecute suspect,
c959e5368742db6c109887b9e774e4e905f32393931a5c7ea3ab65a964993ede,2022-06,Bedfordshire Police,Bedfordshire Police,-0.577009,52.020859,On or near A507,E01017451,Central Bedfordshire 009D,Violence and sexual offences,Unable to prosecute suspect,
9ffcc868ae1ac4e71750a4d3a58ec5591379531ecb97825ad9c16753d13367d6,2022-06,Bedfordshire Police,Bedfordshire Police,-0.637617,51.961028,On or near Parking Area,E01017451,Central Bedfordshire 009D,Violence and sexual offences,Unable to prosecute suspect,
9a4e70a9281fa92da8cb9f6e2e16d1725de92eca9ac77942d72b333aeebe219e,2022-06,Bedfordshire Police,Bedfordshire Police,-0.577009,52.020859,On or near A507,E01017451,Central Bedfordshire 009D,Violence and sexual offences,Investigation complete; no suspect identified,
1aa51b644bbcf3a8792d282b642c68d1e4521ccd83c1e76ee1701169043f4b50,2022-06,Bedfordshire Police,Bedfordshire Police,-0.586586,51.968527,On or near Meads Close,E01017451,Central Bedfordshire 009D,Violence and sexual offences,Unable to prosecute suspect,
b1f89f730efb085aa9dbd53ddd7d76e943930f65fcd3664644c03d8081003869,2022-06,Bedfordshire Police,Bedfordshire Police,-0.620589,51.987543,On or near Howland Place,E01017451,Central Bedfordshire 009D,Violence and sexual offences,Unable to prosecute suspect,
7c254b04ca2655914b6407cae1f36b56d718ca543e3c0cec8115cd8963919bd8,2022-06,Bedfordshire Police,Bedfordshire Police,-0.560089,52.006779,On or near Cobblers Lane,E01017451,Central Bedfordshire 009D,Violence and sexual offences,Status update unavailable,
,2022-06,Bedfordshire Police,Bedfordshire Police,-0.654538,52.002537,On or near Heath Lane,E01017452,Central Bedfordshire 009E,Anti-social behaviour,,
,2022-06,Bedfordshire Police,Bedfordshire Police,-0.631618,51.995521,On or near Woburn Road,E01017452,Central Bedfordshire 009E,Anti-social behaviour,,
,2022-06,Bedfordshire Police,Bedfordshire Police,-0.650884,52.005822,On or near Church Road,E01017452,Central Bedfordshire 009E,Anti-social behaviour,,
,2022-06,Bedfordshire Police,Bedfordshire Police,-0.655354,52.002529,On or near Danesborough Drive,E01017452,Central Bedfordshire 009E,Anti-social behaviour,,
,2022-06,Bedfordshire Police,Bedfordshire Police,-0.618865,51.991991,On or near Drakeloe Close,E01017452,Central Bedfordshire 009E,Anti-social behaviour,,
,2022-06,Bedfordshire Police,Bedfordshire Police,-0.645676,52.009925,On or near Heath Close,E01017452,Central Bedfordshire 009E,Anti-social behaviour,,
,2022-06,Bedfordshire Police,Bedfordshire Police,-0.655354,52.002529,On or near Danesborough Drive,E01017452,Central Bedfordshire 009E,Anti-social behaviour,,
13e7ac9aaa7cf383fcec4b83c613f68bf72dc797b386af9d79de357b6f3e2905,2022-06,Bedfordshire Police,Bedfordshire Police,-0.618865,51.991991,On or near Drakeloe Close,E01017452,Central Bedfordshire 009E,Other theft,Investigation complete; no suspect identified,
f0251614de27ae8b133ec258f87796fd1d50c186103784c83046c65a5aa6a6c4,2022-06,Bedfordshire Police,Bedfordshire Police,-0.631618,51.995521,On or near Woburn Road,E01017452,Central Bedfordshire 009E,Vehicle crime,Investigation complete; no suspect identified,
5ef4302cfa60034760a2e4bcd92348fae6df1bcc5c054104f937d448d5987b4d,2022-06,Bedfordshire Police,Bedfordshire Police,-0.618865,51.991991,On or near Drakeloe Close,E01017452,Central Bedfordshire 009E,Vehicle crime,Investigation complete; no suspect identified,
,2022-06,Bedfordshire Police,Bedfordshire Police,-0.266934,52.004099,On or near Howberry Green,E01017376,Central Bedfordshire 010A,Anti-social behaviour,,
,2022-06,Bedfordshire Police,Bedfordshire Police,-0.267707,51.996926,On or near Ramerick Gardens,E01017376,Central Bedfordshire 010A,Anti-social behaviour,,
,2022-06,Bedfordshire Police,Bedfordshire Police,-0.264729,52.009515,On or near Cricketer'S Road,E01017376,Central Bedfordshire 010A,Anti-social behaviour,,
,2022-06,Bedfordshire Police,Bedfordshire Police,-0.267707,51.996926,On or near Ramerick Gardens,E01017376,Central Bedfordshire 010A,Anti-social behaviour,,
,2022-06,Bedfordshire Police,Bedfordshire Police,-0.267707,51.996926,On or near Ramerick Gardens,E01017376,Central Bedfordshire 010A,Anti-social behaviour,,
,2022-06,Bedfordshire Police,Bedfordshire Police,-0.266356,52.003218,On or near Prince Of Wales,E01017376,Central Bedfordshire 010A,Anti-social behaviour,,
,2022-06,Bedfordshire Police,Bedfordshire Police,-0.266934,52.004099,On or near Howberry Green,E01017376,Central Bedfordshire 010A,Anti-social behaviour,,
,2022-06,Bedfordshire Police,Bedfordshire Police,-0.267032,52.005710,On or near Hospital Road,E01017376,Central Bedfordshire 010A,Anti-social behaviour,,
,2022-06,Bedfordshire Police,Bedfordshire Police,-0.267402,51.998405,On or near Jubilee Crescent,E01017376,Central Bedfordshire 010A,Anti-social behaviour,,
6f19db0ab66ab952b9dd45de34d5cc4d061edc96ac99e4aa5c86d690d089c091,2022-06,Bedfordshire Police,Bedfordshire Police,-0.264989,52.001283,On or near Sports/Recreation Area,E01017376,Central Bedfordshire 010A,Criminal damage and arson,Investigation complete; no suspect identified,
d0496d366a8e44524e94964adaf1c19d435f060aeec0387340e48f1097f8a484,2022-06,Bedfordshire Police,Bedfordshire Police,-0.266934,52.004099,On or near Howberry Green,E01017376,Central Bedfordshire 010A,Violence and sexual offences,Unable to prosecute suspect,
c9a4cce8bfe312f8019ff4750faa57a5f8d6f1a7d90e639c1bd46c8bcced3680,2022-06,Bedfordshire Police,Bedfordshire Police,-0.267272,52.004796,On or near Lamb Meadow,E01017376,Central Bedfordshire 010A,Violence and sexual offences,Unable to prosecute suspect,
78aad975f4c6f3a36644832e1478f06cbfe628f9a0abbac0297eb76ed71db114,2022-06,Bedfordshire Police,Bedfordshire Police,-0.266509,52.006422,On or near Station Road,E01017376,Central Bedfordshire 010A,Violence and sexual offences,Unable to prosecute suspect,
,2022-06,Bedfordshire Police,Bedfordshire Police,-0.264850,52.020325,On or near Bury Mead,E01017377,Central Bedfordshire 010B,Anti-social behaviour,,
,2022-06,Bedfordshire Police,Bedfordshire Police,-0.264993,52.025668,On or near Old Oak Close,E01017377,Central Bedfordshire 010B,Anti-social behaviour,,
,2022-06,Bedfordshire Police,Bedfordshire Police,-0.264850,52.020325,On or near Bury Mead,E01017377,Central Bedfordshire 010B,Anti-social behaviour,,
,2022-06,Bedfordshire Police,Bedfordshire Police,-0.265447,52.019201,On or near Chase Hill Road,E01017377,Central Bedfordshire 010B,Anti-social behaviour,,
,2022-06,Bedfordshire Police,Bedfordshire Police,-0.257559,52.024543,On or near The Hermitage,E01017377,Central Bedfordshire 010B,Anti-social behaviour,,
,2022-06,Bedfordshire Police,Bedfordshire Police,-0.265447,52.019201,On or near Chase Hill Road,E01017377,Central Bedfordshire 010B,Anti-social behaviour,,
,2022-06,Bedfordshire Police,Bedfordshire Police,-0.265447,52.019201,On or near Chase Hill Road,E01017377,Central Bedfordshire 010B,Anti-social behaviour,,
3fdc4d5d2199ecaabc32fc7ebc4cd8cfd358cc08c51125252421a8be129b89ce,2022-06,Bedfordshire Police,Bedfordshire Police,-0.260998,52.021563,On or near House Lane,E01017377,Central Bedfordshire 010B,Criminal damage and arson,Investigation complete; no suspect identified,
95e1c2192a34471e1443dae837b0dd01bb67e27f01bd3daf8f6aaf9eb61effbb,2022-06,Bedfordshire Police,Bedfordshire Police,-0.265447,52.019201,On or near Chase Hill Road,E01017377,Central Bedfordshire 010B,Public order,Investigation complete; no suspect identified,
bea93ca0a389c34f39b80a06fa2f90fe4c6c652ef3a230d56fd7a22960fff1f5,2022-06,Bedfordshire Police,Bedfordshire Police,-0.257559,52.024543,On or near The Hermitage,E01017377,Central Bedfordshire 010B,Public order,Unable to prosecute suspect,
884f4a657df0a3900fc978e695a9140fa89b061df74cf3b4832f15592c43a227,2022-06,Bedfordshire Police,Bedfordshire Police,-0.265447,52.019201,On or near Chase Hill Road,E01017377,Central Bedfordshire 010B,Public order,Investigation complete; no suspect identified,
837ff65ef130548c8247eef26907a39494488b00372c17bbb645ffc179237fe1,2022-06,Bedfordshire Police,Bedfordshire Police,-0.247544,52.020492,On or near Sports/Recreation Area,E01017377,Central Bedfordshire 010B,Vehicle crime,Investigation complete; no suspect identified,
19886939fcea47351e2c43b02927e52159438b375c01b6f7a47396dfba446695,2022-06,Bedfordshire Police,Bedfordshire Police,-0.258404,52.022667,On or near Chancellors,E01017377,Central Bedfordshire 010B,Violence and sexual offences,Unable to prosecute suspect,
d65ca9662f66d529ebebad60fac7f92e504aac76824ed9a997bfb646340230f4,2022-06,Bedfordshire Police,Bedfordshire Police,-0.261798,52.022735,On or near St Peter'S Avenue,E01017377,Central Bedfordshire 010B,Violence and sexual offences,Action to be taken by another organisation,
9723420304723a7cbfd817ac5f6baf5673f16ef22fbd25b97d5173a92a0bc920,2022-06,Bedfordshire Police,Bedfordshire Police,-0.257559,52.024543,On or near The Hermitage,E01017377,Central Bedfordshire 010B,Violence and sexual offences,Unable to prosecute suspect,
cfbe92674625ff0ee4238788b82444726c52f207d810a52e2edd6e4db7e1e3e2,2022-06,Bedfordshire Police,Bedfordshire Police,-0.258404,52.022667,On or near Chancellors,E01017377,Central Bedfordshire 010B,Violence and sexual offences,Unable to prosecute suspect,
06fd76dc443492f4dae4d442e0fb253e7d7eb48e374fd4e7008af32bf81d7767,2022-06,Bedfordshire Police,Bedfordshire Police,-0.262634,52.025607,On or near Pix Court,E01017377,Central Bedfordshire 010B,Violence and sexual offences,Unable to prosecute suspect,
67f6d6798684f294f395923801adcfea9d7b5e9a6e7d05955b55c45096bfaab8,2022-06,Bedfordshire Police,Bedfordshire Police,-0.258404,52.022667,On or near Chancellors,E01017377,Central Bedfordshire 010B,Violence and sexual offences,Unable to prosecute suspect,
4c397a0485045281ae1a594e42e0b717baea89b2635b1a01de3c8d3ada8106a1,2022-06,Bedfordshire Police,Bedfordshire Police,-0.262990,52.016036,On or near Rose Cottages,E01017377,Central Bedfordshire 010B,Violence and sexual offences,Local resolution,
3913b9add00b6f33034cb2ce46be39edb7fac3e6bd8d0a9b7e851502aabdf6a5,2022-06,Bedfordshire Police,Bedfordshire Police,-0.262392,52.024335,On or near The Poplars,E01017377,Central Bedfordshire 010B,Violence and sexual offences,Unable to prosecute suspect,
df41790698adee6bbabdfb8cb33896fcfc647274d388b460fedaafc1d0a8925f,2022-06,Bedfordshire Police,Bedfordshire Police,-0.262392,52.024335,On or near The Poplars,E01017377,Central Bedfordshire 010B,Violence and sexual offences,Unable to prosecute suspect,
658b86a622ce520d7b80b229d28f5f55a3638edaf3ab0a3ccededfe4b6cbe50e,2022-06,Bedfordshire Police,Bedfordshire Police,-0.262392,52.024335,On or near The Poplars,E01017377,Central Bedfordshire 010B,Violence and sexual offences,Unable to prosecute suspect,
b780ac4c43f7413cc09acbc74697b4ab156ea108e14560d193c9316f66677243,2022-06,Bedfordshire Police,Bedfordshire Police,-0.262990,52.016036,On or near Rose Cottages,E01017377,Central Bedfordshire 010B,Violence and sexual offences,Unable to prosecute suspect,
4783c24788290508a451284c69c0335652b043748ce873623ca2c609683e6291,2022-06,Bedfordshire Police,Bedfordshire Police,-0.264577,52.020960,On or near Carters Close,E01017377,Central Bedfordshire 010B,Other crime,Further investigation is not in the public interest,
a0bb4f87ac2b03eaea98a4b2ad2e298a7e062de0530a097cd32aa0d466a76ca9,2022-06,Bedfordshire Police,Bedfordshire Police,-0.257559,52.024543,On or near The Hermitage,E01017377,Central Bedfordshire 010B,Other crime,Unable to prosecute suspect,
,2022-06,Bedfordshire Police,Bedfordshire Police,-0.263039,52.012152,On or near Cluny Way,E01017378,Central Bedfordshire 010C,Anti-social behaviour,,
,2022-06,Bedfordshire Police,Bedfordshire Police,-0.263039,52.012152,On or near Cluny Way,E01017378,Central Bedfordshire 010C,Anti-social behaviour,,
94a8da05c09333eb3efd4b1cb78db5de2c1017755b4d9c5e49c587a5c5445952,2022-06,Bedfordshire Police,Bedfordshire Police,-0.264393,52.021577,On or near Carters Walk,E01017378,Central Bedfordshire 010C,Other theft,Unable to prosecute suspect,
9ee49cd37107f0c29cff50734b3a808597d6150ccf382ec4e257b7c438478359,2022-06,Bedfordshire Police,Bedfordshire Police,-0.264678,52.007069,On or near Davis' Row,E01017378,Central Bedfordshire 010C,Violence and sexual offences,Investigation complete; no suspect identified,
038086dab05eee13a83452025f6292cd0540b335a53600b1176e28f882a8479e,2022-06,Bedfordshire Police,Bedfordshire Police,-0.264678,52.007069,On or near Davis' Row,E01017378,Central Bedfordshire 010C,Violence and sexual offences,Investigation complete; no suspect identified,
862dc8c7eaf399c4d83f4c37c63b546d5c161a6aa0404bed02438a7074c9e34d,2022-06,Bedfordshire Police,Bedfordshire Police,-0.266143,52.021558,On or near The Rally,E01017378,Central Bedfordshire 010C,Violence and sexual offences,Status update unavailable,
e22ad7c9d65106b2e5407b02e755749e3e6363d2af1c085fe48bea0274b29d0c,2022-06,Bedfordshire Police,Bedfordshire Police,-0.261394,52.012856,On or near Lynton Avenue,E01017378,Central Bedfordshire 010C,Violence and sexual offences,Unable to prosecute suspect,
240d3127e0a11aa01c371b0190098a50f83cdc038fcd0231ed03b5baa23efb66,2022-06,Bedfordshire Police,Bedfordshire Police,-0.266143,52.021558,On or near The Rally,E01017378,Central Bedfordshire 010C,Violence and sexual offences,Status update unavailable,
470d028cd1c6b60784b23dbc1e2eb919a2fe5862dd5756874d1ba038ef908eca,2022-06,Bedfordshire Police,Bedfordshire Police,-0.264393,52.021577,On or near Carters Walk,E01017378,Central Bedfordshire 010C,Violence and sexual offences,Unable to prosecute suspect,
33133ec4c651ca4247946111a712aaac504be416ac71c791eae3da55f3a05b00,2022-06,Bedfordshire Police,Bedfordshire Police,-0.261394,52.012856,On or near Lynton Avenue,E01017378,Central Bedfordshire 010C,Violence and sexual offences,Unable to prosecute suspect,
1d5591a2f7ac6b774b3bfac4bdf63a6e2e06a0192ccd21a5d6041027e8bb6ef5,2022-06,Bedfordshire Police,Bedfordshire Police,-0.263355,52.022407,On or near Church Lane,E01017378,Central Bedfordshire 010C,Violence and sexual offences,Unable to prosecute suspect,
b52632276b723b5a2ee1a90970682d3352b205d8b7c277b7858877084cee3390,2022-06,Bedfordshire Police,Bedfordshire Police,-0.263355,52.022407,On or near Church Lane,E01017378,Central Bedfordshire 010C,Violence and sexual offences,Unable to prosecute suspect,
967c67e0e8a447e42b8f1f0343695c32f1f159f1094216742f95ccdf83e1a897,2022-06,Bedfordshire Police,Bedfordshire Police,-0.266143,52.021558,On or near The Rally,E01017378,Central Bedfordshire 010C,Violence and sexual offences,Unable to prosecute suspect,
b5f6746c66f586bba32df8fd2ee6d76ee950f54b508cee07ee7b377789feba09,2022-06,Bedfordshire Police,Bedfordshire Police,-0.264393,52.021577,On or near Carters Walk,E01017378,Central Bedfordshire 010C,Violence and sexual offences,Unable to prosecute suspect,
,2022-06,Bedfordshire Police,Bedfordshire Police,-0.285436,52.035004,On or near Sports/Recreation Area,E01017413,Central Bedfordshire 010D,Anti-social behaviour,,
,2022-06,Bedfordshire Police,Bedfordshire Police,-0.267874,52.049934,On or near Mager Way,E01017413,Central Bedfordshire 010D,Anti-social behaviour,,
,2022-06,Bedfordshire Police,Bedfordshire Police,-0.267874,52.049934,On or near Mager Way,E01017413,Central Bedfordshire 010D,Anti-social behaviour,,
8e43d6dc29dd7142349d49dd2de2d5cca6c4cdc405e7f74a9244030e5af42ee3,2022-06,Bedfordshire Police,Bedfordshire Police,-0.268202,52.047862,On or near Flexmore Way,E01017413,Central Bedfordshire 010D,Violence and sexual offences,Unable to prosecute suspect,
9fa12b5451937b6ba43e6ebd1cf0b24312b584b08dd2c09a855fd14e7d5e6fc5,2022-06,Bedfordshire Police,Bedfordshire Police,-0.285436,52.035004,On or near Sports/Recreation Area,E01017413,Central Bedfordshire 010D,Violence and sexual offences,Investigation complete; no suspect identified,
c0813bb4005130274e337154f707b5ce088c476532c6b6775d38cc12ceac90c5,2022-06,Bedfordshire Police,Bedfordshire Police,-0.277294,52.047312,On or near B659,E01017413,Central Bedfordshire 010D,Violence and sexual offences,Investigation complete; no suspect identified,
46bfedf3272cb9921c866c97bffc58624cc8a10417ad0b78dea56113e44ed67e,2022-06,Bedfordshire Police,Bedfordshire Police,-0.285436,52.035004,On or near Sports/Recreation Area,E01017413,Central Bedfordshire 010D,Violence and sexual offences,Investigation complete; no suspect identified,
acc04951b8ee96bd1db91bcce6ed8ed1fa27bcc1ae330c8d9189a7a3a62c4b6a,2022-06,Bedfordshire Police,Bedfordshire Police,-0.272176,52.059025,On or near Tithe Farm Close,E01017414,Central Bedfordshire 010E,Burglary,Investigation complete; no suspect identified,
8ac11d372176c2f1b80433855a6a8bf1cda04cee5c5b18ef7fcdb0b603d5a32e,2022-06,Bedfordshire Police,Bedfordshire Police,-0.268422,52.053107,On or near The Avenue,E01017414,Central Bedfordshire 010E,Public order,Unable to prosecute suspect,
7064f6d3b0772f18409c84548ec77d8de895aec0419ece9b264b8d4da7ce503b,2022-06,Bedfordshire Police,Bedfordshire Police,-0.268402,52.060040,On or near St Andrew'S Way,E01017414,Central Bedfordshire 010E,Public order,Investigation complete; no suspect identified,
844c0d012373a389913d34f7d8c973b18b9f3aa4ec14dd81c3827edcbf9495c3,2022-06,Bedfordshire Police,Bedfordshire Police,-0.273294,52.050823,On or near High Street,E01017414,Central Bedfordshire 010E,Public order,Unable to prosecute suspect,
9229a776db46c03e8ade69601fc97360a6adb8e0306374f98ff4109397afa2c9,2022-06,Bedfordshire Police,Bedfordshire Police,-0.267862,52.061183,On or near Denny Crescent,E01017414,Central Bedfordshire 010E,Violence and sexual offences,Unable to prosecute suspect,
1d42d1989f469524cae40cec272cf5083947a523ca9d9d5b586ca1b289015421,2022-06,Bedfordshire Police,Bedfordshire Police,-0.265658,52.060080,On or near East Road,E01017414,Central Bedfordshire 010E,Violence and sexual offences,Status update unavailable,
8766a3b876fae06cb81a6fbdf0a13647e80a9ef37b97fa7a737a52683ac30bf1,2022-06,Bedfordshire Police,Bedfordshire Police,-0.268422,52.053107,On or near The Avenue,E01017414,Central Bedfordshire 010E,Violence and sexual offences,Unable to prosecute suspect,
e733e94cde780feaca29829dcd30fd52bbbdd9cf28c5ca270570fb212d01c16f,2022-06,Bedfordshire Police,Bedfordshire Police,-0.271302,52.053311,On or near Petrol Station,E01017414,Central Bedfordshire 010E,Violence and sexual offences,Unable to prosecute suspect,
e6ffd5374d6b9fba67c0b354f6415b5de539b10a98ecf6accfb7972e7d196296,2022-06,Bedfordshire Police,Bedfordshire Police,-0.288804,52.029263,On or near Chiltern Place,E01017415,Central Bedfordshire 010F,Drugs,Status update unavailable,
0f6ccd46acdb233e1017b063b22bf263522a1b15198c645b66ab499b732ccfff,2022-06,Bedfordshire Police,Bedfordshire Police,-0.285650,52.031321,On or near High Street Henlow,E01017415,Central Bedfordshire 010F,Other theft,Unable to prosecute suspect,
e161fd113fb4f616c4ef541eb7409615aab3e6f131be406d2b50ae8dc22da306,2022-06,Bedfordshire Police,Bedfordshire Police,-0.284191,52.029061,On or near The Dairy,E01017415,Central Bedfordshire 010F,Violence and sexual offences,Investigation complete; no suspect identified,
1f8257b3952734b89cfe4ad44b93d2692cf46581b77c3aca334a23237d0a3a9c,2022-06,Bedfordshire Police,Bedfordshire Police,-0.288804,52.029263,On or near Chiltern Place,E01017415,Central Bedfordshire 010F,Violence and sexual offences,Unable to prosecute suspect,
,2022-06,Bedfordshire Police,Bedfordshire Police,-0.334553,52.040870,On or near Bedford Road,E01017437,Central Bedfordshire 011A,Anti-social behaviour,,
,2022-06,Bedfordshire Police,Bedfordshire Police,-0.334901,52.041711,On or near Cornish Close,E01017437,Central Bedfordshire 011A,Anti-social behaviour,,
50987c4f7622a04421248ec8dbe4530ebddb9065dc0bb9d6c1afbae65700a701,2022-06,Bedfordshire Police,Bedfordshire Police,-0.333550,52.037646,On or near Supermarket,E01017437,Central Bedfordshire 011A,Bicycle theft,Investigation complete; no suspect identified,
d99f534d8d0a7cf8ac6ab1c76f939cf30cd5be481018d26f32f0f00422677178,2022-06,Bedfordshire Police,Bedfordshire Police,-0.335637,52.037981,On or near High Street,E01017437,Central Bedfordshire 011A,Burglary,Unable to prosecute suspect,
02f5454b4efde7db20932e5eda6f99f58d9b86dbdfc0deae48f877d6742e4023,2022-06,Bedfordshire Police,Bedfordshire Police,-0.333030,52.041837,On or near Walkers Close,E01017437,Central Bedfordshire 011A,Criminal damage and arson,Unable to prosecute suspect,
a6cef65e6c8b5f221477004a74a5e824eaa53fd1be6e2ebcd799535d24391787,2022-06,Bedfordshire Police,Bedfordshire Police,-0.332910,52.038401,On or near Southbridge Street,E01017437,Central Bedfordshire 011A,Drugs,Local resolution,
75be88735c5b2c07e1a68b29cbfe89cd6ccfc7c0f08ee64c5095904d548ecaf4,2022-06,Bedfordshire Police,Bedfordshire Police,-0.335637,52.037981,On or near High Street,E01017437,Central Bedfordshire 011A,Other theft,Investigation complete; no suspect identified,
777e158ceb2a5691290039b48fd88e0526e5bb28084b440ddff41c991619e8b7,2022-06,Bedfordshire Police,Bedfordshire Police,-0.335637,52.037981,On or near High Street,E01017437,Central Bedfordshire 011A,Other theft,Investigation complete; no suspect identified,
bfa271aeb9528ccaa07e471434e6a8de65f8d0e2c69c414546918b7ccb560543,2022-06,Bedfordshire Police,Bedfordshire Police,-0.333030,52.041837,On or near Walkers Close,E01017437,Central Bedfordshire 011A,Violence and sexual offences,Unable to prosecute suspect,
c60ff91fdeac222489b8835168965f12718cfbb5d084b1e61152cd387da0182d,2022-06,Bedfordshire Police,Bedfordshire Police,-0.335351,52.043714,On or near Jubilee Place,E01017437,Central Bedfordshire 011A,Violence and sexual offences,Status update unavailable,
960de2658e6b80f7e5075e6a168ff9a2df1d08c78baca90e821cee18d7990a08,2022-06,Bedfordshire Police,Bedfordshire Police,-0.333550,52.037646,On or near Supermarket,E01017437,Central Bedfordshire 011A,Violence and sexual offences,Formal action is not in the public interest,
0131b54bdf2a9d0933bdf0d20b02a497f093683c5a289455ecb8fd018906c2aa,2022-06,Bedfordshire Police,Bedfordshire Police,-0.324273,52.038144,On or near Purcell Way,E01017438,Central Bedfordshire 011B,Robbery,Status update unavailable,
80234582ae216e8019cc920f10a9a922fa9b555b4e20f0eeada17f3cd1dc41f1,2022-06,Bedfordshire Police,Bedfordshire Police,-0.327031,52.037302,On or near Olivers Court,E01017438,Central Bedfordshire 011B,Violence and sexual offences,Unable to prosecute suspect,
bba33f9d185cc4015222fe858278b28802fb9459d2adcd35ef7ebf5a9bdc85c9,2022-06,Bedfordshire Police,Bedfordshire Police,-0.327031,52.037302,On or near Olivers Court,E01017438,Central Bedfordshire 011B,Violence and sexual offences,Unable to prosecute suspect,
,2022-06,Bedfordshire Police,Bedfordshire Police,-0.339139,52.035953,On or near George Street,E01017439,Central Bedfordshire 011C,Anti-social behaviour,,
2d6254696b5303b57a0feb8881382e0d308eb4305dd84bdab5201198918cf1b8,2022-06,Bedfordshire Police,Bedfordshire Police,-0.338931,52.037227,On or near Petrol Station,E01017439,Central Bedfordshire 011C,Other theft,Investigation complete; no suspect identified,
1a35f46369e50bfe6e8bafa6db655b1b9ba9bb2cb73d4cbe5c8a2854db824a7b,2022-06,Bedfordshire Police,Bedfordshire Police,-0.338931,52.037227,On or near Petrol Station,E01017439,Central Bedfordshire 011C,Public order,Unable to prosecute suspect,
27536eb8bb83772ba53417821957f65468ddeb38bd554a2e745aa8a8de9acf84,2022-06,Bedfordshire Police,Bedfordshire Police,-0.338931,52.037227,On or near Petrol Station,E01017439,Central Bedfordshire 011C,Public order,Unable to prosecute suspect,
30cff3311714e4c57d02acf33796b9a8b11f696fd0b31aa9bb402c39ce5cf14b,2022-06,Bedfordshire Police,Bedfordshire Police,-0.339139,52.035953,On or near George Street,E01017439,Central Bedfordshire 011C,Violence and sexual offences,Unable to prosecute suspect,
11451cd8afab1c0bb528b7da76726996998bebc1a71e24ec0da9f415a3a07f9e,2022-06,Bedfordshire Police,Bedfordshire Police,-0.338931,52.037227,On or near Petrol Station,E01017439,Central Bedfordshire 011C,Violence and sexual offences,Unable to prosecute suspect,
84fc1847e7557d7ca8da26737484ad54a0c010327618d24d8d3f7783a812e376,2022-06,Bedfordshire Police,Bedfordshire Police,-0.339139,52.035953,On or near George Street,E01017439,Central Bedfordshire 011C,Violence and sexual offences,Investigation complete; no suspect identified,
6bd72392079b240075458929d3f3021f2b7642cb86a037a37edc323e890ef6f9,2022-06,Bedfordshire Police,Bedfordshire Police,-0.333747,52.032353,On or near Montgomery Avenue,E01017439,Central Bedfordshire 011C,Violence and sexual offences,Unable to prosecute suspect,
,2022-06,Bedfordshire Police,Bedfordshire Police,-0.334462,52.035465,On or near River View,E01017440,Central Bedfordshire 011D,Anti-social behaviour,,
55a8f672e03bea8575f2423ceedfcf7fef4a3f01dadea014edad224694d36209,2022-06,Bedfordshire Police,Bedfordshire Police,-0.335008,52.036875,On or near St Francis Way,E01017440,Central Bedfordshire 011D,Bicycle theft,Investigation complete; no suspect identified,
58b1814fd146d08c4fd878e8225ab4b4d19f4accbdf8e9ad3a7dc389e2c07419,2022-06,Bedfordshire Police,Bedfordshire Police,-0.321075,52.036354,On or near Southfields,E01017440,Central Bedfordshire 011D,Burglary,Unable to prosecute suspect,
8b8d648cf5338ac5ef803971afc653fc7df30083cc7a70c013bc7841f1d3b436,2022-06,Bedfordshire Police,Bedfordshire Police,-0.322336,52.035383,On or near Maple Drive,E01017440,Central Bedfordshire 011D,Criminal damage and arson,Offender given a caution,
35f48b50f8d751713ebe5c9319138b648325e79042daf8e898dd8d9f2599fc63,2022-06,Bedfordshire Police,Bedfordshire Police,-0.322336,52.035383,On or near Maple Drive,E01017440,Central Bedfordshire 011D,Criminal damage and arson,Unable to prosecute suspect,
4655fcf79c291e4585f886a596b8261b595bedf849812a5e7f7a74f5a36a3f09,2022-06,Bedfordshire Police,Bedfordshire Police,-0.322336,52.035383,On or near Maple Drive,E01017440,Central Bedfordshire 011D,Drugs,Court result unavailable,
5b432131d5a2eb7279c15df667d26d49b2a70a79cb19308fef58fb454b339657,2022-06,Bedfordshire Police,Bedfordshire Police,-0.332892,52.031432,On or near Petrol Station,E01017440,Central Bedfordshire 011D,Other theft,Investigation complete; no suspect identified,
b0ad42debba22c7ba21beb55d7d0f8a5443f532c3a547f478e5846a8be60258a,2022-06,Bedfordshire Police,Bedfordshire Police,-0.332892,52.031432,On or near Petrol Station,E01017440,Central Bedfordshire 011D,Other theft,Investigation complete; no suspect identified,
d8a50c43060aea58f9243fa6e198328a3d02e1f9336a63fb6ba3a636f9c73bc4,2022-06,Bedfordshire Police,Bedfordshire Police,-0.332892,52.031432,On or near Petrol Station,E01017440,Central Bedfordshire 011D,Other theft,Investigation complete; no suspect identified,
61b047d685251eeda2b39b66b13dac8d92677d3f2b3af36374dd7f93ff089e9e,2022-06,Bedfordshire Police,Bedfordshire Police,-0.332892,52.031432,On or near Petrol Station,E01017440,Central Bedfordshire 011D,Other theft,Investigation complete; no suspect identified,
ebfe96440491f84b91d95a199033858cab54b1da5297a5b82ddd8baf570b4563,2022-06,Bedfordshire Police,Bedfordshire Police,-0.332892,52.031432,On or near Petrol Station,E01017440,Central Bedfordshire 011D,Other theft,Investigation complete; no suspect identified,
62e548e007c3634ba8b4bffe8398728405d75b56db654396a9b02e065ab890b1,2022-06,Bedfordshire Police,Bedfordshire Police,-0.332892,52.031432,On or near Petrol Station,E01017440,Central Bedfordshire 011D,Other theft,Investigation complete; no suspect identified,
868f0d0eedc143298a0ef1f6ace49d2a992440661f074c97426c4cb03870fca3,2022-06,Bedfordshire Police,Bedfordshire Police,-0.332892,52.031432,On or near Petrol Station,E01017440,Central Bedfordshire 011D,Other theft,Investigation complete; no suspect identified,
56f6611d388df6448b363866fefdd9a7f2e4126bce2d887452af5d71d5abf6ab,2022-06,Bedfordshire Police,Bedfordshire Police,-0.332892,52.031432,On or near Petrol Station,E01017440,Central Bedfordshire 011D,Other theft,Investigation complete; no suspect identified,
f1c94a389dc401c628cc0aa289a0794258afc358a8ac999627d84823fdcaa072,2022-06,Bedfordshire Police,Bedfordshire Police,-0.332892,52.031432,On or near Petrol Station,E01017440,Central Bedfordshire 011D,Other theft,Investigation complete; no suspect identified,
83ccaca901054cbb8304ff4181c837a5dad6f77a132fcad3e6f0619d21b96236,2022-06,Bedfordshire Police,Bedfordshire Police,-0.332892,52.031432,On or near Petrol Station,E01017440,Central Bedfordshire 011D,Other theft,Investigation complete; no suspect identified,
b60d1297aa0fbdf57c6d034ec7a6b08c42128d28599f469006ca58191c175bfa,2022-06,Bedfordshire Police,Bedfordshire Police,-0.332892,52.031432,On or near Petrol Station,E01017440,Central Bedfordshire 011D,Other theft,Investigation complete; no suspect identified,
ec75470ab6a295f30a2ad296068bde2a184d3f739b3c35c1cdb22f1db246b89e,2022-06,Bedfordshire Police,Bedfordshire Police,-0.332892,52.031432,On or near Petrol Station,E01017440,Central Bedfordshire 011D,Other theft,Investigation complete; no suspect identified,
46321995fcc9063a3e35f13f54ed2c7fb613b17af7723aa66961460e02eb6e94,2022-06,Bedfordshire Police,Bedfordshire Police,-0.332892,52.031432,On or near Petrol Station,E01017440,Central Bedfordshire 011D,Other theft,Investigation complete; no suspect identified,
d20c57ca759230103b2fdbe0d74b0929e8bf5a8c194978e37dd4227f293d4107,2022-06,Bedfordshire Police,Bedfordshire Police,-0.322722,52.036350,On or near Pinemead,E01017440,Central Bedfordshire 011D,Public order,Offender given a caution,
d843f6662a856159f271f66c11350802ada6d70a77a569b378ace284caf429fd,2022-06,Bedfordshire Police,Bedfordshire Police,-0.335859,52.035538,On or near Midland Close,E01017440,Central Bedfordshire 011D,Violence and sexual offences,Unable to prosecute suspect,
03be343801fcda07918564e3bcc46039f84f16fac382d2729b113ea5cec291d5,2022-06,Bedfordshire Police,Bedfordshire Police,-0.321075,52.036354,On or near Southfields,E01017440,Central Bedfordshire 011D,Other crime,Unable to prosecute suspect,
525b6964a22049352e3a540a5d83428a8bc1b0791fb3cb42870189e72425a34a,2022-06,Bedfordshire Police,Bedfordshire Police,-0.322336,52.035383,On or near Maple Drive,E01017440,Central Bedfordshire 011D,Other crime,Investigation complete; no suspect identified,
5894953d38f08957061c7b378c68403e2090163b4bf3412a21636ba14b7d86a1,2022-06,Bedfordshire Police,Bedfordshire Police,-0.376741,52.010519,On or near Fishers Close,E01017441,Central Bedfordshire 011E,Drugs,Unable to prosecute suspect,
4f49d375deb49384c893c4f798d9ccf0d0d8202e27cc7a8a97ddcd2073770217,2022-06,Bedfordshire Police,Bedfordshire Police,-0.353589,51.996989,On or near Marquis Hill,E01017444,Central Bedfordshire 011F,Criminal damage and arson,Investigation complete; no suspect identified,
84b3d84a6315cdf4aaffbb697640cf149ea98c02f24d04c7dac95270b29a3262,2022-06,Bedfordshire Police,Bedfordshire Police,-0.365834,51.996341,On or near Greenfields,E01017444,Central Bedfordshire 011F,Violence and sexual offences,Investigation complete; no suspect identified,
94d263df41803663cd06da66291935daa0f235a30f82e298823fd87e609e7a78,2022-06,Bedfordshire Police,Bedfordshire Police,-0.363149,51.997284,On or near Sports/Recreation Area,E01017444,Central Bedfordshire 011F,Violence and sexual offences,Status update unavailable,
ef7123221fb5bc9427d146387e501aca6555f58be5067a73d9e451e8b272b5d9,2022-06,Bedfordshire Police,Bedfordshire Police,-0.358673,51.996574,On or near Marshalls Avenue,E01017444,Central Bedfordshire 011F,Violence and sexual offences,Investigation complete; no suspect identified,
a942e753fcf87f4451e69d4943ecc3de21249387eb5b5b9d07600f30f5723b84,2022-06,Bedfordshire Police,Bedfordshire Police,-0.494202,52.025557,On or near Hospital,E01017371,Central Bedfordshire 012A,Drugs,Local resolution,
6c14fdc563076ab576a8a81a3754cd86fee0109c871e3ace576188072ecf47b1,2022-06,Bedfordshire Police,Bedfordshire Police,-0.493162,52.027863,On or near Arthur Street,E01017372,Central Bedfordshire 012B,Other theft,Investigation complete; no suspect identified,
05bf22681d35c88062a2e65559d5760d76430d14e135f0427df8a979fffd5d9d,2022-06,Bedfordshire Police,Bedfordshire Police,-0.487108,52.022832,On or near Abbey Lane,E01017372,Central Bedfordshire 012B,Public order,Unable to prosecute suspect,
6253cc472ca89d2e33c33b69dc1a61566025872cb5ebc44c351f37f70778cb38,2022-06,Bedfordshire Police,Bedfordshire Police,-0.487108,52.022832,On or near Abbey Lane,E01017372,Central Bedfordshire 012B,Public order,Investigation complete; no suspect identified,
53365759e8d1be415308a4e8a02bc4e5662a2851a7668eadd742ad86ee35f4f4,2022-06,Bedfordshire Police,Bedfordshire Police,-0.487108,52.022832,On or near Abbey Lane,E01017372,Central Bedfordshire 012B,Violence and sexual offences,Unable to prosecute suspect,
49f0521a7507f1142ba07f62e0ef5b8d6018f7794d38ec7459e0443ab503c967,2022-06,Bedfordshire Police,Bedfordshire Police,-0.486485,52.026591,On or near The Coppins,E01017372,Central Bedfordshire 012B,Violence and sexual offences,Unable to prosecute suspect,
0762ec71e3f676d7f45a66a753c3cfa421c497056ae06bac2760999249c2a588,2022-06,Bedfordshire Police,Bedfordshire Police,-0.490875,52.028679,On or near Chiltern Close,E01017372,Central Bedfordshire 012B,Violence and sexual offences,Action to be taken by another organisation,
,2022-06,Bedfordshire Police,Bedfordshire Police,-0.505928,52.022263,On or near A507,E01017373,Central Bedfordshire 012C,Anti-social behaviour,,
80471fe8abb85e06073932af59755572e1c5406704ee3e732969079798cb20d5,2022-06,Bedfordshire Police,Bedfordshire Police,-0.525422,52.038414,On or near Sports/Recreation Area,E01017373,Central Bedfordshire 012C,Vehicle crime,Investigation complete; no suspect identified,
7c5413aa6aeddb4f02bcb3b9decbba9d1a4c85a3fe26372b939ebd89fa17198a,2022-06,Bedfordshire Police,Bedfordshire Police,-0.520732,52.024140,On or near Fordfield Road,E01017373,Central Bedfordshire 012C,Violence and sexual offences,Unable to prosecute suspect,
,2022-06,Bedfordshire Police,Bedfordshire Police,-0.485864,52.031178,On or near Rushbrook Close,E01017374,Central Bedfordshire 012D,Anti-social behaviour,,
,2022-06,Bedfordshire Police,Bedfordshire Police,-0.486881,52.032162,On or near Church View,E01017374,Central Bedfordshire 012D,Anti-social behaviour,,
4e00563c55491cd0f0decaa748c93f9af81c37867fb7a5464a8ad6428fe2d196,2022-06,Bedfordshire Police,Bedfordshire Police,-0.494483,52.032799,On or near Brewery Lane,E01017374,Central Bedfordshire 012D,Public order,Formal action is not in the public interest,
2fe60fed45f46513b673458de5ed408686bc6cae986c8599b74793d027c3745f,2022-06,Bedfordshire Police,Bedfordshire Police,-0.492806,52.032382,On or near Parking Area,E01017374,Central Bedfordshire 012D,Public order,Investigation complete; no suspect identified,
c51a2609945cc0e416ad451f9a191f4c245b70975fe156e39bf649d559e1edf9,2022-06,Bedfordshire Police,Bedfordshire Police,-0.494483,52.032799,On or near Brewery Lane,E01017374,Central Bedfordshire 012D,Shoplifting,Local resolution,
8be5dc5724fbf333209ce4f5a68e40db98561dca98897233e82823ccf0b18718,2022-06,Bedfordshire Police,Bedfordshire Police,-0.494483,52.032799,On or near Brewery Lane,E01017374,Central Bedfordshire 012D,Vehicle crime,Investigation complete; no suspect identified,
22e6d436aa3303fd5cdfa929a8bd658d70afbb8e2cecee10d946fd5b2c0826e0,2022-06,Bedfordshire Police,Bedfordshire Police,-0.501758,52.031489,On or near Moor Pond Piece,E01017374,Central Bedfordshire 012D,Vehicle crime,Unable to prosecute suspect,
5781fbc6aa6e40bdd964f22a89a53cfb3c84b5ce10756582936699eb6a1d5a3f,2022-06,Bedfordshire Police,Bedfordshire Police,-0.505425,52.032974,On or near Sports/Recreation Area,E01017374,Central Bedfordshire 012D,Violence and sexual offences,Unable to prosecute suspect,
,2022-06,Bedfordshire Police,Bedfordshire Police,-0.495511,52.028685,On or near Alameda Walk,E01017375,Central Bedfordshire 012E,Anti-social behaviour,,
,2022-06,Bedfordshire Police,Bedfordshire Police,-0.497008,52.025332,On or near Sidney Road,E01017375,Central Bedfordshire 012E,Anti-social behaviour,,
,2022-06,Bedfordshire Police,Bedfordshire Police,-0.497728,52.025575,On or near Ashburnham Road,E01017375,Central Bedfordshire 012E,Anti-social behaviour,,
,2022-06,Bedfordshire Police,Bedfordshire Police,-0.495511,52.028685,On or near Alameda Walk,E01017375,Central Bedfordshire 012E,Anti-social behaviour,,
26e7a4b5de67c40a72564919c6a40e5665e25919666c6f9f7dd373ee4fd5ba84,2022-06,Bedfordshire Police,Bedfordshire Police,-0.497728,52.025575,On or near Ashburnham Road,E01017375,Central Bedfordshire 012E,Burglary,Status update unavailable,
56c47dc9ac5b1600caa769d1f68b29a3f27f6638f719fd9ae25c0ac0b04fe2d1,2022-06,Bedfordshire Police,Bedfordshire Police,-0.497008,52.025332,On or near Sidney Road,E01017375,Central Bedfordshire 012E,Criminal damage and arson,Investigation complete; no suspect identified,
,2022-06,Bedfordshire Police,Bedfordshire Police,-0.295765,52.038643,On or near Stockbridge Road,E01017391,Central Bedfordshire 013A,Anti-social behaviour,,
5fdd4fa34d53223b312f2010f4f2adfc6ba2f0058cde1848305c35b96147cc90,2022-06,Bedfordshire Police,Bedfordshire Police,-0.299191,52.034053,On or near Petrol Station,E01017391,Central Bedfordshire 013A,Other theft,Investigation complete; no suspect identified,
ccdcb46ac53ca16775694d0130057ca825f26d5b99dc8be8fb8dbab6bcf515b4,2022-06,Bedfordshire Police,Bedfordshire Police,-0.299178,52.035149,On or near The Joint,E01017391,Central Bedfordshire 013A,Public order,Awaiting court outcome,
cf641297514eabde38e492b1fc952dc51fc4e82da94ca9ee85a25b82b250e5ef,2022-06,Bedfordshire Police,Bedfordshire Police,-0.296012,52.039824,On or near Bilberry Road,E01017391,Central Bedfordshire 013A,Vehicle crime,Investigation complete; no suspect identified,
4263a3d6704d66d41dff06dc5026e1e40a8eaeca696267c21d503f03283fcc63,2022-06,Bedfordshire Police,Bedfordshire Police,-0.295765,52.038643,On or near Stockbridge Road,E01017391,Central Bedfordshire 013A,Violence and sexual offences,Unable to prosecute suspect,
56641b91d48f3a878959fe9c8d324b18e713855826ab41466d7ff163d4239463,2022-06,Bedfordshire Police,Bedfordshire Police,-0.299191,52.034053,On or near Petrol Station,E01017391,Central Bedfordshire 013A,Violence and sexual offences,Unable to prosecute suspect,
2c7cd71f8983934e2c845aaeaf03db15f7c7d74cf7597c2f2b2b59126965a266,2022-06,Bedfordshire Police,Bedfordshire Police,-0.306765,52.036554,On or near Fairfax Close,E01017392,Central Bedfordshire 013B,Bicycle theft,Investigation complete; no suspect identified,
7d8277e3638c5289fd0d8eff5eac22a3e96cffbc8de774c80536638fd9bf3854,2022-06,Bedfordshire Police,Bedfordshire Police,-0.310450,52.038180,On or near Pedley Lane,E01017392,Central Bedfordshire 013B,Criminal damage and arson,Investigation complete; no suspect identified,
6c7e11b323164034b10b3adc487eafba907d0c36165af847f16c2eabf6e228dc,2022-06,Bedfordshire Police,Bedfordshire Police,-0.298495,52.041245,On or near Clinton Farm Barns,E01017392,Central Bedfordshire 013B,Other theft,Investigation complete; no suspect identified,
2688ed9987bb484fa8bedfbd57333bdab2a8564eaecaa4dfe3803fa79e7fa70c,2022-06,Bedfordshire Police,Bedfordshire Police,-0.310259,52.034751,On or near Alexander Close,E01017392,Central Bedfordshire 013B,Vehicle crime,Investigation complete; no suspect identified,
9cff8cf30d5f51bc2cc047a6409cd369bd6006f65b25b9a114582c655eed59eb,2022-06,Bedfordshire Police,Bedfordshire Police,-0.306191,52.031294,On or near New Road,E01017392,Central Bedfordshire 013B,Vehicle crime,Investigation complete; no suspect identified,
b7b6d15a63d0251f26d4ac682fafc36c8740b1b5525c14ad65a251b013711859,2022-06,Bedfordshire Police,Bedfordshire Police,-0.303998,52.036460,On or near Link Way,E01017392,Central Bedfordshire 013B,Violence and sexual offences,Unable to prosecute suspect,
471e87127b70e7206ddecc3a5e563c14e3e4edfa01ad4d47f0a0e8d508a9c0f3,2022-06,Bedfordshire Police,Bedfordshire Police,-0.306765,52.036554,On or near Fairfax Close,E01017392,Central Bedfordshire 013B,Violence and sexual offences,Unable to prosecute suspect,
,2022-06,Bedfordshire Police,Bedfordshire Police,-0.339196,52.017890,On or near Crackle Hill Road,E01017393,Central Bedfordshire 013C,Anti-social behaviour,,
426d3214bf0a270a187392c08eb9cad23a83ecd7e1c5ed1d2514616341d95aed,2022-06,Bedfordshire Police,Bedfordshire Police,-0.335653,52.018317,On or near Orchard Close,E01017393,Central Bedfordshire 013C,Violence and sexual offences,Unable to prosecute suspect,
698334346aab4228a81bc9c10eb8a01b39eb24c6f4c5891065decad5879ba893,2022-06,Bedfordshire Police,Bedfordshire Police,-0.332768,52.030855,On or near A507,E01017393,Central Bedfordshire 013C,Violence and sexual offences,Unable to prosecute suspect,
26fff6580a7801ef88fb80c207d866eb83b95fd21cb3ebb0543bc3846e61b5a1,2022-06,Bedfordshire Police,Bedfordshire Police,-0.339196,52.017890,On or near Crackle Hill Road,E01017393,Central Bedfordshire 013C,Violence and sexual offences,Unable to prosecute suspect,
,2022-06,Bedfordshire Police,Bedfordshire Police,-0.305537,52.001523,On or near Rosemary Lane,E01017442,Central Bedfordshire 013D,Anti-social behaviour,,
3e08916ea62c38d6f2f635eb00398e2d120c38eee145aabc7b6fed7f98af959a,2022-06,Bedfordshire Police,Bedfordshire Police,-0.306767,52.006782,On or near Allton Road,E01017442,Central Bedfordshire 013D,Burglary,Unable to prosecute suspect,
c78d827199a2f2c2e2f89b0744e48aa723c3c8064bd654ef0a8e5a91dc98e79a,2022-06,Bedfordshire Police,Bedfordshire Police,-0.317068,52.003270,On or near Endeavour Close,E01017442,Central Bedfordshire 013D,Burglary,Investigation complete; no suspect identified,
a37ce53d0c7880746c30256afdd8c15ebd743c253b7efac02c33be211a0f8a65,2022-06,Bedfordshire Police,Bedfordshire Police,-0.304686,52.007858,On or near Bedford Road,E01017442,Central Bedfordshire 013D,Public order,Unable to prosecute suspect,
fd29583553eff25ace4a56598eba55542abcc9d2f9073143a458d951e3238080,2022-06,Bedfordshire Police,Bedfordshire Police,-0.321150,52.000487,On or near Brittains Rise,E01017442,Central Bedfordshire 013D,Public order,Unable to prosecute suspect,
c1e3be99d8d27da8cb6265425dbcc8740d1923d1d8982fef1d73326514c731ed,2022-06,Bedfordshire Police,Bedfordshire Police,-0.311183,52.010218,On or near Park/Open Space,E01017442,Central Bedfordshire 013D,Public order,Investigation complete; no suspect identified,
7f111e59cdeae7c7684e1e1facfe428f0991fa2f90a17bf50657777534d44301,2022-06,Bedfordshire Police,Bedfordshire Police,-0.321150,52.000487,On or near Brittains Rise,E01017442,Central Bedfordshire 013D,Vehicle crime,Investigation complete; no suspect identified,
0589fa69e23c374b6bb3feac002239754848fe948901651b042791383ca4b304,2022-06,Bedfordshire Police,Bedfordshire Police,-0.320389,51.999406,On or near Long Close,E01017442,Central Bedfordshire 013D,Violence and sexual offences,Unable to prosecute suspect,
6cf0ed6ab82223f9c7f2fa8d08104d69087e98006638b82c7b9f019eba58cb0d,2022-06,Bedfordshire Police,Bedfordshire Police,-0.305875,52.002220,On or near Bluebell Drive,E01017442,Central Bedfordshire 013D,Violence and sexual offences,Unable to prosecute suspect,
0f9c4c9404fb0e41b7539580d3e4c466f15d24e2c58852987a84876244e52d55,2022-06,Bedfordshire Police,Bedfordshire Police,-0.302511,52.005282,On or near Astral Close,E01017443,Central Bedfordshire 013E,Criminal damage and arson,Unable to prosecute suspect,
4b0c35366884a91fbfee3d14dfb65fb60e7d737bcc370721963d3390f12f5219,2022-06,Bedfordshire Police,Bedfordshire Police,-0.296361,52.002262,On or near Southern Avenue,E01017443,Central Bedfordshire 013E,Violence and sexual offences,Unable to prosecute suspect,
bf8834fc422934b76c663c288f81bb467df2b241bd4b865c2b0cbcbb1f816d8b,2022-06,Bedfordshire Police,Bedfordshire Police,-0.301195,52.004247,On or near Jubilee Close,E01017443,Central Bedfordshire 013E,Violence and sexual offences,Unable to prosecute suspect,
1027cae85ebaa6738d6b62fe473b326e7aceaa6d7844ae69a28619c49bce3817,2022-06,Bedfordshire Police,Bedfordshire Police,-0.301195,52.004247,On or near Jubilee Close,E01017443,Central Bedfordshire 013E,Violence and sexual offences,Unable to prosecute suspect,
5c2208d39a0a825c4db0f935a062f25a5f03a51d0b0be9294536be5c310d8a9e,2022-06,Bedfordshire Police,Bedfordshire Police,-0.301195,52.004247,On or near Jubilee Close,E01017443,Central Bedfordshire 013E,Violence and sexual offences,Unable to prosecute suspect,
c44a79601269bdf6276a0ec1090c8afe7d30f6aff9a22a5aff2b40bb17709834,2022-06,Bedfordshire Police,Bedfordshire Police,-0.296361,52.002262,On or near Southern Avenue,E01017443,Central Bedfordshire 013E,Violence and sexual offences,Unable to prosecute suspect,
b8ae7c503252f1feb12a5f278caa3baa48b34b7024e70440263aa4d20fc106f3,2022-06,Bedfordshire Police,Bedfordshire Police,-0.298659,52.002727,On or near Western Avenue,E01017443,Central Bedfordshire 013E,Violence and sexual offences,Action to be taken by another organisation,
,2022-06,Bedfordshire Police,Bedfordshire Police,-0.228954,52.016617,On or near Upperstone Close,E01017446,Central Bedfordshire 014A,Anti-social behaviour,,
,2022-06,Bedfordshire Police,Bedfordshire Police,-0.232993,52.016561,On or near Arlesey Road,E01017446,Central Bedfordshire 014A,Anti-social behaviour,,
,2022-06,Bedfordshire Police,Bedfordshire Police,-0.230256,52.016106,On or near Meadow Way,E01017446,Central Bedfordshire 014A,Anti-social behaviour,,
,2022-06,Bedfordshire Police,Bedfordshire Police,-0.232993,52.016561,On or near Arlesey Road,E01017446,Central Bedfordshire 014A,Anti-social behaviour,,
,2022-06,Bedfordshire Police,Bedfordshire Police,-0.230273,52.020126,On or near Kingsway,E01017446,Central Bedfordshire 014A,Anti-social behaviour,,
,2022-06,Bedfordshire Police,Bedfordshire Police,-0.230273,52.020126,On or near Kingsway,E01017446,Central Bedfordshire 014A,Anti-social behaviour,,
eae2a073bcda0dcd9888b357abaf9fb6b7d7e95e00090cae3056bf81a05f55ed,2022-06,Bedfordshire Police,Bedfordshire Police,-0.232993,52.016561,On or near Arlesey Road,E01017446,Central Bedfordshire 014A,Public order,Unable to prosecute suspect,
798d4d50fee45443992735b2bc201d135ea4ab1d588c26a44792ffe4e8a13f5e,2022-06,Bedfordshire Police,Bedfordshire Police,-0.230524,52.017827,On or near Whitecrofts,E01017446,Central Bedfordshire 014A,Violence and sexual offences,Unable to prosecute suspect,
aed455003b516d2ac0033e1c9dcbb86f825f786b0c3742ac5d5e532d46e9cc3c,2022-06,Bedfordshire Police,Bedfordshire Police,-0.230524,52.017827,On or near Whitecrofts,E01017446,Central Bedfordshire 014A,Violence and sexual offences,Unable to prosecute suspect,
,2022-06,Bedfordshire Police,Bedfordshire Police,-0.227695,52.013442,On or near Grange Drive,E01017447,Central Bedfordshire 014B,Anti-social behaviour,,
58bd9779ce275392630dcd7f8cb6d7dbd4cdf3b6748ae5d6df524101ed1afe52,2022-06,Bedfordshire Police,Bedfordshire Police,-0.223875,52.011289,On or near Tansy Avenue,E01017447,Central Bedfordshire 014B,Burglary,Investigation complete; no suspect identified,
cd337f09e16d7a3410210fff2fd15fa4888150da1de1b69467dbb1e3bc888ceb,2022-06,Bedfordshire Police,Bedfordshire Police,-0.225853,52.016543,On or near Church Road,E01017447,Central Bedfordshire 014B,Burglary,Investigation complete; no suspect identified,
f06b5d918b557877399a07478d9db6f59577ab48677af5edaf15f76350fb0c40,2022-06,Bedfordshire Police,Bedfordshire Police,-0.218315,52.017724,On or near Mill Lane,E01017447,Central Bedfordshire 014B,Vehicle crime,Investigation complete; no suspect identified,
e900ccd9e90f00639184acd34e4044975582e4c340f097e10a255ef92d39f0cc,2022-06,Bedfordshire Police,Bedfordshire Police,-0.225202,52.018988,On or near Oliver'S Lane,E01017447,Central Bedfordshire 014B,Violence and sexual offences,Unable to prosecute suspect,
04b0331ab851c7f047a9d3d5d2c4ab650528ce926329c81b428a8c8ff906b5d8,2022-06,Bedfordshire Police,Bedfordshire Police,-0.223395,52.016785,On or near Rook Tree Close,E01017447,Central Bedfordshire 014B,Violence and sexual offences,Action to be taken by another organisation,
0a378fcd35f4bcdb6762a59952f61c4cf5d9e4a0e1c8055d017f2ce0def7b457,2022-06,Bedfordshire Police,Bedfordshire Police,-0.219943,52.013802,On or near Prince Charles Avenue,E01017447,Central Bedfordshire 014B,Violence and sexual offences,Unable to prosecute suspect,
62f7bd23f8c978c6034f22ea10088983586fa3ff39ffe1e35b41c0c629376358,2022-06,Bedfordshire Police,Bedfordshire Police,-0.224295,52.010253,On or near A507,E01017447,Central Bedfordshire 014B,Violence and sexual offences,Unable to prosecute suspect,
,2022-06,Bedfordshire Police,Bedfordshire Police,-0.223576,52.021787,On or near Sports/Recreation Area,E01017449,Central Bedfordshire 014D,Anti-social behaviour,,
,2022-06,Bedfordshire Police,Bedfordshire Police,-0.227879,52.020944,On or near Netherstones,E01017449,Central Bedfordshire 014D,Anti-social behaviour,,
,2022-06,Bedfordshire Police,Bedfordshire Police,-0.229870,52.021846,On or near Prince'S Street,E01017449,Central Bedfordshire 014D,Anti-social behaviour,,
,2022-06,Bedfordshire Police,Bedfordshire Police,-0.229870,52.021846,On or near Prince'S Street,E01017449,Central Bedfordshire 014D,Anti-social behaviour,,
,2022-06,Bedfordshire Police,Bedfordshire Police,-0.221140,52.020716,On or near Parking Area,E01017449,Central Bedfordshire 014D,Anti-social behaviour,,
137f960da338d106cade591176a4dc901abee024ae6387ceaca41df5816fb164,2022-06,Bedfordshire Police,Bedfordshire Police,-0.226014,52.031625,On or near Mill Lane,E01017449,Central Bedfordshire 014D,Burglary,Investigation complete; no suspect identified,
2939fcca2e3705bfc1c1d435214a221d1c711950c710e5a830d64e9b78eb7bf2,2022-06,Bedfordshire Police,Bedfordshire Police,-0.227628,52.019196,On or near The Mowbrays,E01017449,Central Bedfordshire 014D,Drugs,Status update unavailable,
d69eab6e4900c51b5a55029479d37846e9fdfbba344ba0d353dc11b7704ba000,2022-06,Bedfordshire Police,Bedfordshire Police,-0.226014,52.031625,On or near Mill Lane,E01017449,Central Bedfordshire 014D,Other theft,Investigation complete; no suspect identified,
e87b3798403a1080b3181640496e659aa1f33642e960f909eab9c1459ffbba71,2022-06,Bedfordshire Police,Bedfordshire Police,-0.227050,52.023854,On or near Petrol Station,E01017449,Central Bedfordshire 014D,Violence and sexual offences,Unable to prosecute suspect,
011dfeb09f9e824d975ea7e142ed00f3f97abc5a932921d0ee734b990a2e9d08,2022-06,Bedfordshire Police,Bedfordshire Police,-0.225150,52.020678,On or near The Green,E01017449,Central Bedfordshire 014D,Violence and sexual offences,Unable to prosecute suspect,
791fa7130d182e5d8c799913c9d9a4f45987c8b9657955c735e6ffbe46aca18e,2022-06,Bedfordshire Police,Bedfordshire Police,-0.225150,52.020678,On or near The Green,E01017449,Central Bedfordshire 014D,Violence and sexual offences,Status update unavailable,
233d1f6f03feb46bd056c8db25321ff3c234fbbaf68fe54d3e49c76062f017a3,2022-06,Bedfordshire Police,Bedfordshire Police,-0.222686,52.021801,On or near Sports/Recreation Area,E01017449,Central Bedfordshire 014D,Violence and sexual offences,Investigation complete; no suspect identified,
c3dbb9950295e8033cba1f561091837280576cea9334cde1c0c90568bcb0498e,2022-06,Bedfordshire Police,Bedfordshire Police,-0.240233,52.018476,On or near Arlesry Road,E01033188,Central Bedfordshire 014E,Criminal damage and arson,Investigation complete; no suspect identified,
70e02569579a81cf25779f430fb3375b708e2e78a6bdf5e9334aeac39947db0a,2022-06,Bedfordshire Police,Bedfordshire Police,-0.236890,52.017518,On or near Petrol Station,E01033188,Central Bedfordshire 014E,Shoplifting,Investigation complete; no suspect identified,
9fa1c30fc36c67c7e01824f005ce3e521f352050ea684656d35d297af840c76d,2022-06,Bedfordshire Police,Bedfordshire Police,-0.237123,52.017153,On or near The Gardens,E01033188,Central Bedfordshire 014E,Violence and sexual offences,Local resolution,
,2022-06,Bedfordshire Police,Bedfordshire Police,-0.232434,52.010780,On or near Gentian Gardens,E01033189,Central Bedfordshire 014F,Anti-social behaviour,,
,2022-06,Bedfordshire Police,Bedfordshire Police,-0.232434,52.010780,On or near Gentian Gardens,E01033189,Central Bedfordshire 014F,Anti-social behaviour,,
8b732a2d6b283db8583c0af9b9df6667be12946bed632a5350a9af4414fd0896,2022-06,Bedfordshire Police,Bedfordshire Police,-0.244749,52.000291,On or near Salisbury Close,E01033189,Central Bedfordshire 014F,Public order,Unable to prosecute suspect,
c6754faa5ade43689f12da77e1ae5c996168531359042d801552893e1dc0fba8,2022-06,Bedfordshire Police,Bedfordshire Police,-0.244134,51.998870,On or near Stotfold Road,E01033189,Central Bedfordshire 014F,Vehicle crime,Investigation complete; no suspect identified,
a8ccdd0b97a81697eba99c4ce6dbc0a0f189db807b8fb9652fbb1e5acc3a3525,2022-06,Bedfordshire Police,Bedfordshire Police,-0.233397,52.010003,On or near Daisy Lane,E01033189,Central Bedfordshire 014F,Violence and sexual offences,Unable to prosecute suspect,
07b6554b780e03d4973ba775f94efa2b692c337bbe2a90151d556999e7ce844a,2022-06,Bedfordshire Police,Bedfordshire Police,-0.233397,52.010003,On or near Daisy Lane,E01033189,Central Bedfordshire 014F,Violence and sexual offences,Unable to prosecute suspect,
afb8ba6b147a5a6e51e9873b6d2880447b60b61082db18c4a501f456c088aaa7,2022-06,Bedfordshire Police,Bedfordshire Police,-0.252620,52.000561,On or near Livingstone Way,E01033190,Central Bedfordshire 014G,Violence and sexual offences,Unable to prosecute suspect,
,2022-06,Bedfordshire Police,Bedfordshire Police,-0.502871,52.013439,On or near The Paddocks,E01017399,Central Bedfordshire 015A,Anti-social behaviour,,
ca6357f3bc7c1c5b8e30900ef10b17db9e9ef5e166949e1cc4667861f6f64466,2022-06,Bedfordshire Police,Bedfordshire Police,-0.501658,52.016166,On or near Petrol Station,E01017399,Central Bedfordshire 015A,Other theft,Investigation complete; no suspect identified,
9fc9a8fbc480182f280d671788516ff946d21d6c2ac2c8b895c752e643103702,2022-06,Bedfordshire Police,Bedfordshire Police,-0.500095,52.014078,On or near Chauntry Way,E01017399,Central Bedfordshire 015A,Vehicle crime,Investigation complete; no suspect identified,
,2022-06,Bedfordshire Police,Bedfordshire Police,-0.490159,52.009258,On or near Saxon Close,E01017400,Central Bedfordshire 015B,Anti-social behaviour,,
,2022-06,Bedfordshire Police,Bedfordshire Police,-0.486930,52.006510,On or near Althorp Close,E01017400,Central Bedfordshire 015B,Anti-social behaviour,,
f718d262d10cf445505849967a79402a95908b7aa0932723a2d508eec7a95f14,2022-06,Bedfordshire Police,Bedfordshire Police,-0.491152,52.008767,On or near St Nicholas Close,E01017400,Central Bedfordshire 015B,Other theft,Unable to prosecute suspect,
5e0a3c5ceb5c87f8206a9f4800207635adbae741776cd8bba8733c43b091d960,2022-06,Bedfordshire Police,Bedfordshire Police,-0.491152,52.008767,On or near St Nicholas Close,E01017400,Central Bedfordshire 015B,Other theft,Investigation complete; no suspect identified,
4430a715a1aef6dcc8139b6e2eccdcf46db3072b2f4b2edaa4947ce44da62c97,2022-06,Bedfordshire Police,Bedfordshire Police,-0.497219,52.006848,On or near High Street,E01017401,Central Bedfordshire 015C,Burglary,Investigation complete; no suspect identified,
ae280de34a4cb5fcf836fb8375938552664b6f34a985f7300f5441033cb0d85f,2022-06,Bedfordshire Police,Bedfordshire Police,-0.495010,52.004518,On or near Supermarket,E01017401,Central Bedfordshire 015C,Burglary,Unable to prosecute suspect,
e029461d69661285392b175c8708e47d67a84486d9b478975a8674af17c21c52,2022-06,Bedfordshire Police,Bedfordshire Police,-0.497219,52.006848,On or near High Street,E01017401,Central Bedfordshire 015C,Burglary,Unable to prosecute suspect,
12b29a3bdd0508058897076075614645f9e7371f22a0c04e55bac7c77d147b30,2022-06,Bedfordshire Police,Bedfordshire Police,-0.495813,52.006651,On or near The Hawthorns,E01017401,Central Bedfordshire 015C,Criminal damage and arson,Unable to prosecute suspect,
27fb6ef60413dab97384d6de8d27be53a031dbe21d352c69732f84b604f1e72f,2022-06,Bedfordshire Police,Bedfordshire Police,-0.495010,52.004518,On or near Supermarket,E01017401,Central Bedfordshire 015C,Criminal damage and arson,Unable to prosecute suspect,
1b35240ffca44280cc76ef29824bb2be37718c44422f48ba16126f51bed36bab,2022-06,Bedfordshire Police,Bedfordshire Police,-0.494116,52.008157,On or near Catherine Road,E01017401,Central Bedfordshire 015C,Other theft,Investigation complete; no suspect identified,
a48eb7229fb6e4cf0d4ec45a533c67ecce2ede3879796e0aaba9867a1a6f7b93,2022-06,Bedfordshire Police,Bedfordshire Police,-0.495813,52.006651,On or near The Hawthorns,E01017401,Central Bedfordshire 015C,Possession of weapons,Unable to prosecute suspect,
d6efb858f35b6cc0221b06bb7bcd2687f94acfb03e7cf9b2ea9ef8f033818be2,2022-06,Bedfordshire Police,Bedfordshire Police,-0.495813,52.006651,On or near The Hawthorns,E01017401,Central Bedfordshire 015C,Public order,Unable to prosecute suspect,
be6298f8ad170b45a4ec1f45eb23d81ecd6b0a7daeaee500e9ce8ae29dc6962b,2022-06,Bedfordshire Police,Bedfordshire Police,-0.497219,52.006848,On or near High Street,E01017401,Central Bedfordshire 015C,Violence and sexual offences,Unable to prosecute suspect,
8e0dcbc583ceb1e5100c0d030aadef15777dadec4debc41f110ab1ada928f080,2022-06,Bedfordshire Police,Bedfordshire Police,-0.486986,52.002689,On or near Queens Close,E01017402,Central Bedfordshire 015D,Vehicle crime,Investigation complete; no suspect identified,
,2022-06,Bedfordshire Police,Bedfordshire Police,-0.495462,51.997996,On or near Vicarage Hill,E01017403,Central Bedfordshire 016A,Anti-social behaviour,,
25ca706514d05fe5d4ecb059985917bebf3c93cb2048c73fa006633d4ca0704c,2022-06,Bedfordshire Police,Bedfordshire Police,-0.499398,52.000061,On or near Pipit Close,E01017403,Central Bedfordshire 016A,Criminal damage and arson,Unable to prosecute suspect,
42eee4c294e674d6b17383256c8e26110834b7c9fd516badd7e66f47da87a06f,2022-06,Bedfordshire Police,Bedfordshire Police,-0.495284,51.998965,On or near Lipscombe Drive,E01017403,Central Bedfordshire 016A,Criminal damage and arson,Investigation complete; no suspect identified,
bf23a8136917a174e95b7e9c970eac44b3140faf0ec462fcb9fe8a4a0808a2ea,2022-06,Bedfordshire Police,Bedfordshire Police,-0.495875,51.999135,On or near Petley Close,E01017403,Central Bedfordshire 016A,Possession of weapons,Court result unavailable,
34822a09dfb7cb8256f24ff83b1d75f3800322cd95a5e6e60be861333b41fce2,2022-06,Bedfordshire Police,Bedfordshire Police,-0.498501,51.998161,On or near Hampden Close,E01017403,Central Bedfordshire 016A,Public order,Investigation complete; no suspect identified,
01ce144b73918b1d8b82fa3f26849de745c5a463049c9f917d4999cfbe791108,2022-06,Bedfordshire Police,Bedfordshire Police,-0.495462,51.997996,On or near Vicarage Hill,E01017403,Central Bedfordshire 016A,Public order,Unable to prosecute suspect,
9547147e4c456d3b13fc5a5bf49a3d57112c83c7d5d35d527dcb996e2ae3dae6,2022-06,Bedfordshire Police,Bedfordshire Police,-0.495462,51.997996,On or near Vicarage Hill,E01017403,Central Bedfordshire 016A,Public order,Status update unavailable,
,2022-06,Bedfordshire Police,Bedfordshire Police,-0.506151,51.996334,On or near Balmoral Close,E01017404,Central Bedfordshire 016B,Anti-social behaviour,,
617fbadedd7e68b57657e1150e238eeb2f95ee2dbad5476db281768e53cc0892,2022-06,Bedfordshire Police,Bedfordshire Police,-0.506986,51.997945,On or near Buckingham Mews,E01017404,Central Bedfordshire 016B,Criminal damage and arson,Investigation complete; no suspect identified,
bc1a05eca674dcbb3ac641a2f8ab6697fa8b418fac64db17ad4a0588fd96eaa7,2022-06,Bedfordshire Police,Bedfordshire Police,-0.506821,52.004201,On or near Tennyson Road,E01017404,Central Bedfordshire 016B,Violence and sexual offences,Unable to prosecute suspect,
975e3347e4124b3ca45c816577b325573a86533a93aa2ffbead6288f81a5702f,2022-06,Bedfordshire Police,Bedfordshire Police,-0.504118,51.996560,On or near Church Road,E01017404,Central Bedfordshire 016B,Violence and sexual offences,Local resolution,
,2022-06,Bedfordshire Police,Bedfordshire Police,-0.496714,52.001492,On or near Sports/Recreation Area,E01017405,Central Bedfordshire 016C,Anti-social behaviour,,
,2022-06,Bedfordshire Police,Bedfordshire Police,-0.496714,52.001492,On or near Sports/Recreation Area,E01017405,Central Bedfordshire 016C,Anti-social behaviour,,
,2022-06,Bedfordshire Police,Bedfordshire Police,-0.496136,52.003076,On or near Petrol Station,E01017405,Central Bedfordshire 016C,Anti-social behaviour,,
,2022-06,Bedfordshire Police,Bedfordshire Police,-0.496136,52.003076,On or near Petrol Station,E01017405,Central Bedfordshire 016C,Anti-social behaviour,,
,2022-06,Bedfordshire Police,Bedfordshire Police,-0.501385,51.999897,On or near Swift Close,E01017405,Central Bedfordshire 016C,Anti-social behaviour,,
6d6c808d34857889df14d7a2b2877348740e5d83e5f855aa35c802dca8e50dff,2022-06,Bedfordshire Police,Bedfordshire Police,-0.494817,52.003329,On or near The Avenue,E01017405,Central Bedfordshire 016C,Burglary,Investigation complete; no suspect identified,
ddf70efe508a6fde51fd5b8da21be5bdb92e890069adde858e02800b4291b78f,2022-06,Bedfordshire Police,Bedfordshire Police,-0.496136,52.003076,On or near Petrol Station,E01017405,Central Bedfordshire 016C,Criminal damage and arson,Local resolution,
ec8956734d892a2bf266489dbaa430453eb33fecabb30957d3b6dc4688bb1a12,2022-06,Bedfordshire Police,Bedfordshire Police,-0.494817,52.003329,On or near The Avenue,E01017405,Central Bedfordshire 016C,Other theft,Unable to prosecute suspect,
f2c0f8d4c5c9c5254e4d3f7440d5a3546656b8f6520c38840b8871f7be4d5b05,2022-06,Bedfordshire Police,Bedfordshire Police,-0.496136,52.003076,On or near Petrol Station,E01017405,Central Bedfordshire 016C,Public order,Unable to prosecute suspect,
60b8057ae72d57275530f06b9d1196732963f1c422a937b82884e13df3675e5a,2022-06,Bedfordshire Police,Bedfordshire Police,-0.502953,52.001374,On or near Blackbird Close,E01017405,Central Bedfordshire 016C,Public order,Investigation complete; no suspect identified,
a4ec2b69ac80844a1dc105d652fb6d7d95283c4329ba1ada3754fe6d5704894c,2022-06,Bedfordshire Police,Bedfordshire Police,-0.494817,52.003329,On or near The Avenue,E01017405,Central Bedfordshire 016C,Robbery,Status update unavailable,
e03bbcf84e83785cfe4b2e90df220342681ba2b632899b21e25780a3ad7cb064,2022-06,Bedfordshire Police,Bedfordshire Police,-0.496136,52.003076,On or near Petrol Station,E01017405,Central Bedfordshire 016C,Shoplifting,Investigation complete; no suspect identified,
9385410d1ab8bdc63a24bf6e7e3350e7d205717b927cd9e4aba5bf67a2074728,2022-06,Bedfordshire Police,Bedfordshire Police,-0.496136,52.003076,On or near Petrol Station,E01017405,Central Bedfordshire 016C,Shoplifting,Investigation complete; no suspect identified,
210caba07c2cdcf5914028b43c4a63ce23758ec73bc0875ccc7c102f40962b30,2022-06,Bedfordshire Police,Bedfordshire Police,-0.496282,52.002655,On or near Supermarket,E01017405,Central Bedfordshire 016C,Shoplifting,Investigation complete; no suspect identified,
c4ca29ca463b1a4183a7d29f20953b4f912934bf6f9b8a6330bb426f501b4ec9,2022-06,Bedfordshire Police,Bedfordshire Police,-0.498506,52.003646,On or near Buttermere Close,E01017405,Central Bedfordshire 016C,Violence and sexual offences,Unable to prosecute suspect,
156201650ebe4acf330f8565d620626e5da685fad4d4b4f896f0ceb9640cf5af,2022-06,Bedfordshire Police,Bedfordshire Police,-0.496282,52.002655,On or near Supermarket,E01017405,Central Bedfordshire 016C,Violence and sexual offences,Investigation complete; no suspect identified,
9174523af4c7feff0a39ea6c09131daa374d327ae792bc17db82c4440a5bec21,2022-06,Bedfordshire Police,Bedfordshire Police,-0.494817,52.003329,On or near The Avenue,E01017405,Central Bedfordshire 016C,Violence and sexual offences,Investigation complete; no suspect identified,
d301392b06568fddc908f431cc4f532cac9c7bf498e5b0afbb6dd0df91788607,2022-06,Bedfordshire Police,Bedfordshire Police,-0.497593,52.002214,On or near Coniston Road,E01017405,Central Bedfordshire 016C,Violence and sexual offences,Local resolution,
4f2b793cd82789ae4194df9636687491ce221ea76524e6285e10ab372d5fb5d9,2022-06,Bedfordshire Police,Bedfordshire Police,-0.496282,52.002655,On or near Supermarket,E01017405,Central Bedfordshire 016C,Violence and sexual offences,Further action is not in the public interest,
,2022-06,Bedfordshire Police,Bedfordshire Police,-0.505561,52.006595,On or near Keats Road,E01017406,Central Bedfordshire 016D,Anti-social behaviour,,
,2022-06,Bedfordshire Police,Bedfordshire Police,-0.503691,52.009394,On or near Millwright Way,E01017406,Central Bedfordshire 016D,Anti-social behaviour,,
,2022-06,Bedfordshire Police,Bedfordshire Police,-0.500896,52.007552,On or near Chapel Road,E01017406,Central Bedfordshire 016D,Anti-social behaviour,,
,2022-06,Bedfordshire Police,Bedfordshire Police,-0.527665,52.007871,On or near Church End,E01017406,Central Bedfordshire 016D,Anti-social behaviour,,
5aacdef326f821e4535868731fdb34e203d54d184d64f9b141d6725de20a0978,2022-06,Bedfordshire Police,Bedfordshire Police,-0.510955,52.010008,On or near Conference/Exhibition Centre,E01017406,Central Bedfordshire 016D,Violence and sexual offences,Unable to prosecute suspect,
795cb3783e5353f89e7d97a0d3d5263c107102397c6a987b765410a62f27c616,2022-06,Bedfordshire Police,Bedfordshire Police,-0.499884,52.003834,On or near Malham Close,E01017407,Central Bedfordshire 016E,Criminal damage and arson,Further action is not in the public interest,
0f93efd18e27eff4daac6d3e27ea858e9f5e265be5cb7290074d55bb0170fecd,2022-06,Bedfordshire Police,Bedfordshire Police,-0.498767,52.004144,On or near Hawes Close,E01017407,Central Bedfordshire 016E,Vehicle crime,Investigation complete; no suspect identified,
936d3429ea513ddf4edfc27621742ee4298c7c9b37087ea48d5c90ccb446526a,2022-06,Bedfordshire Police,Bedfordshire Police,-0.500659,52.005939,On or near Fern Gardens,E01017407,Central Bedfordshire 016E,Vehicle crime,Investigation complete; no suspect identified,
8a56550d24883db23debd6f1c435a867b2efe6d2ed4232a759bd33c695f93e86,2022-06,Bedfordshire Police,Bedfordshire Police,-0.499122,52.005281,On or near Hilldene Close,E01017407,Central Bedfordshire 016E,Vehicle crime,Investigation complete; no suspect identified,
29784c3b9be2de4f680d903d71543888ef5570528b9fc80f3a3b56f1e95a0ba3,2022-06,Bedfordshire Police,Bedfordshire Police,-0.499884,52.003834,On or near Malham Close,E01017407,Central Bedfordshire 016E,Violence and sexual offences,Action to be taken by another organisation,
,2022-06,Bedfordshire Police,Bedfordshire Police,-0.457177,52.006556,On or near Eves Field,E01017398,Central Bedfordshire 017A,Anti-social behaviour,,
6195e44ffc42c652521ec1bf31043b05248557d1adc76fbd66e9691addb6e7b9,2022-06,Bedfordshire Police,Bedfordshire Police,-0.460847,52.001101,On or near Maple Close,E01017398,Central Bedfordshire 017A,Burglary,Investigation complete; no suspect identified,
0384026af36aca604cf66447e114f49640df895a424a6ad2f1b5934d9cbbfa32,2022-06,Bedfordshire Police,Bedfordshire Police,-0.462681,52.001997,On or near Beech Close,E01017398,Central Bedfordshire 017A,Public order,Investigation complete; no suspect identified,
969d1a146fe18f7938a6e033336b32954b349f7d76c4595462c49ff63b479bae,2022-06,Bedfordshire Police,Bedfordshire Police,-0.492819,51.960873,On or near Strafford Close,E01017408,Central Bedfordshire 017B,Other theft,Investigation complete; no suspect identified,
,2022-06,Bedfordshire Police,Bedfordshire Police,-0.484079,51.956346,On or near Sundon Road,E01017409,Central Bedfordshire 017C,Anti-social behaviour,,
1a0534b88e8d40d1b2f0a9dbf0ccbc0111ad9ac3ae28946144317e5b8c24b5f8,2022-06,Bedfordshire Police,Bedfordshire Police,-0.491084,51.963989,On or near Church Road,E01017409,Central Bedfordshire 017C,Vehicle crime,Investigation complete; no suspect identified,
5eeed0362f45d601f52556a504958cf1e2f48f9d56d207a1905f0c3f6b6dec7b,2022-06,Bedfordshire Police,Bedfordshire Police,-0.491290,51.967390,On or near Robinson Crescent,E01017409,Central Bedfordshire 017C,Violence and sexual offences,Unable to prosecute suspect,
f3254ac9f0a29fcb5e337ea5e4b70d6d7b6ca5ea79e71799a8c69190acf545b8,2022-06,Bedfordshire Police,Bedfordshire Police,-0.493351,51.967560,On or near Glebe Gardens,E01017409,Central Bedfordshire 017C,Violence and sexual offences,Action to be taken by another organisation,
e3bfc2fb871a0086fcd17706d6f5490598799bbfb4190fb5caf3d0d635e52aba,2022-06,Bedfordshire Police,Bedfordshire Police,-0.491290,51.967390,On or near Robinson Crescent,E01017409,Central Bedfordshire 017C,Violence and sexual offences,Unable to prosecute suspect,
,2022-06,Bedfordshire Police,Bedfordshire Police,-0.407699,52.011076,On or near Park/Open Space,E01017445,Central Bedfordshire 017D,Anti-social behaviour,,
,2022-06,Bedfordshire Police,Bedfordshire Police,-0.428553,52.007256,On or near West End Road,E01017445,Central Bedfordshire 017D,Anti-social behaviour,,
,2022-06,Bedfordshire Police,Bedfordshire Police,-0.409481,52.003556,On or near Park/Open Space,E01017445,Central Bedfordshire 017D,Anti-social behaviour,,
,2022-06,Bedfordshire Police,Bedfordshire Police,-0.428553,52.007256,On or near West End Road,E01017445,Central Bedfordshire 017D,Anti-social behaviour,,
,2022-06,Bedfordshire Police,Bedfordshire Police,-0.409481,52.003556,On or near Park/Open Space,E01017445,Central Bedfordshire 017D,Anti-social behaviour,,
,2022-06,Bedfordshire Police,Bedfordshire Police,-0.426765,52.009210,On or near Poplar Close,E01017445,Central Bedfordshire 017D,Anti-social behaviour,,
,2022-06,Bedfordshire Police,Bedfordshire Police,-0.425150,52.011635,On or near Juniper Close,E01017445,Central Bedfordshire 017D,Anti-social behaviour,,
,2022-06,Bedfordshire Police,Bedfordshire Police,-0.428355,52.005824,On or near Mander Farm Road,E01017445,Central Bedfordshire 017D,Anti-social behaviour,,
,2022-06,Bedfordshire Police,Bedfordshire Police,-0.428355,52.005824,On or near Mander Farm Road,E01017445,Central Bedfordshire 017D,Anti-social behaviour,,
1b2a02d43ddead03b53de369e338f4d68fd043182a4b1e80b25e58799fd40343,2022-06,Bedfordshire Police,Bedfordshire Police,-0.425150,52.011635,On or near Juniper Close,E01017445,Central Bedfordshire 017D,Criminal damage and arson,Unable to prosecute suspect,
14f807cd53cfdd95e57f6706cb886f1b1045e3a5681807ef4a4932b6be305b0b,2022-06,Bedfordshire Police,Bedfordshire Police,-0.413029,52.003353,On or near Park/Open Space,E01017445,Central Bedfordshire 017D,Criminal damage and arson,Investigation complete; no suspect identified,
2086421c72528b788cb51cd885efc6ee5da24ce07bb5f146372ff62bb7859322,2022-06,Bedfordshire Police,Bedfordshire Police,-0.427651,52.015103,On or near Apple Tree Close,E01017445,Central Bedfordshire 017D,Criminal damage and arson,Unable to prosecute suspect,
db87f84cc787cf5da5e2a6cad9d944b611e7a549f43065d667af3ddb6a6308df,2022-06,Bedfordshire Police,Bedfordshire Police,-0.425150,52.011635,On or near Juniper Close,E01017445,Central Bedfordshire 017D,Criminal damage and arson,Unable to prosecute suspect,
a2e82f197e521d2d8b718d98d49240542b3d5a0077fe36e6c608a15cc43ea8a7,2022-06,Bedfordshire Police,Bedfordshire Police,-0.413029,52.003353,On or near Park/Open Space,E01017445,Central Bedfordshire 017D,Criminal damage and arson,Investigation complete; no suspect identified,
dff1be0b20a05aa03fb00c62c6679145b5de665c4c8b5c1b203f4f9c8fd9a34f,2022-06,Bedfordshire Police,Bedfordshire Police,-0.425510,52.010938,On or near High Street,E01017445,Central Bedfordshire 017D,Public order,Action to be taken by another organisation,
6d85c544e1d938578242545614a9a02b1fbec53c79ae870c93b447cbbbc4c992,2022-06,Bedfordshire Police,Bedfordshire Police,-0.407699,52.011076,On or near Park/Open Space,E01017445,Central Bedfordshire 017D,Public order,Investigation complete; no suspect identified,
96edf9f08b12d3c636d610683f00b229efb4469cd2ca2c37cf116511440365b0,2022-06,Bedfordshire Police,Bedfordshire Police,-0.427651,52.015103,On or near Apple Tree Close,E01017445,Central Bedfordshire 017D,Violence and sexual offences,Unable to prosecute suspect,
fc87b58714d2f38692f3c92797cc209093ca89f9ac741e35b04f1ddd690f6d9d,2022-06,Bedfordshire Police,Bedfordshire Police,-0.427651,52.015103,On or near Apple Tree Close,E01017445,Central Bedfordshire 017D,Violence and sexual offences,Unable to prosecute suspect,
449f0256562d01a035e825010dc3480582fb0208970533ebd08eb72f9fa01687,2022-06,Bedfordshire Police,Bedfordshire Police,-0.425510,52.010938,On or near High Street,E01017445,Central Bedfordshire 017D,Violence and sexual offences,Action to be taken by another organisation,
816a86c9d4373c50d47496201e95fd6bc07677e3761761107352e98f4105ef55,2022-06,Bedfordshire Police,Bedfordshire Police,-0.428884,52.008205,On or near Holly Walk,E01017445,Central Bedfordshire 017D,Violence and sexual offences,Unable to prosecute suspect,
335972e5792d6315487e5b402ee39ff9cdfa9c9dfdde456add176ea034a40c36,2022-06,Bedfordshire Police,Bedfordshire Police,-0.425510,52.010938,On or near High Street,E01017445,Central Bedfordshire 017D,Violence and sexual offences,Action to be taken by another organisation,
,2022-06,Bedfordshire Police,Bedfordshire Police,-0.534897,51.980475,On or near St Nicholas Close,E01017450,Central Bedfordshire 017E,Anti-social behaviour,,
,2022-06,Bedfordshire Police,Bedfordshire Police,-0.534632,51.989058,On or near Park/Open Space,E01017450,Central Bedfordshire 017E,Anti-social behaviour,,
,2022-06,Bedfordshire Police,Bedfordshire Police,-0.534897,51.980475,On or near St Nicholas Close,E01017450,Central Bedfordshire 017E,Anti-social behaviour,,
,2022-06,Bedfordshire Police,Bedfordshire Police,-0.534632,51.989058,On or near Park/Open Space,E01017450,Central Bedfordshire 017E,Anti-social behaviour,,
3e6d87d1ba659f4e70c5aa59bc26665fae2a00a112a0f79c22b37f7384d94cb2,2022-06,Bedfordshire Police,Bedfordshire Police,-0.472407,51.970473,On or near Lovett Green,E01017450,Central Bedfordshire 017E,Burglary,Investigation complete; no suspect identified,
33018e2fe9bcb5aead45a841ee6fe1b27ecacb6873e458b871f5d2bb5db2c4c4,2022-06,Bedfordshire Police,Bedfordshire Police,-0.494099,51.983907,On or near Greenfield Road,E01017450,Central Bedfordshire 017E,Criminal damage and arson,Investigation complete; no suspect identified,
9baedf0e4a406adf545a61919ba2860a8cf9c042ba9b72972407a1840b3203ba,2022-06,Bedfordshire Police,Bedfordshire Police,-0.527310,51.981846,On or near M1,E01017450,Central Bedfordshire 017E,Criminal damage and arson,Unable to prosecute suspect,
c178d0b2ca62b6f49b8430b26eae667fe2eba786483b624103088b8e9c6f0044,2022-06,Bedfordshire Police,Bedfordshire Police,-0.493858,51.983724,On or near Ropkins Close,E01017450,Central Bedfordshire 017E,Other theft,Investigation complete; no suspect identified,
6e864792103afdc9135b2c48e020e03757cbd6202c75707536d10a82f07f4725,2022-06,Bedfordshire Police,Bedfordshire Police,-0.493858,51.983724,On or near Ropkins Close,E01017450,Central Bedfordshire 017E,Other theft,Investigation complete; no suspect identified,
a83d28793ead151664ab3aab32dda455fd688e7041bf08c8ebd44b632c86e2c8,2022-06,Bedfordshire Police,Bedfordshire Police,-0.496461,51.980773,On or near The Pyghtle,E01017450,Central Bedfordshire 017E,Public order,Unable to prosecute suspect,
8d6717405b6bab8190a2980a48cfee7f6227e33cff3aa3ee017ec203188fc85c,2022-06,Bedfordshire Police,Bedfordshire Police,-0.495202,51.983580,On or near Bell Close,E01017450,Central Bedfordshire 017E,Public order,Unable to prosecute suspect,
e6e735e94fc194f24c8bf4ada9db9397d1231c6691e38a0a9a00718968c845c0,2022-06,Bedfordshire Police,Bedfordshire Police,-0.506974,51.970260,On or near Parking Area,E01017450,Central Bedfordshire 017E,Public order,Investigation complete; no suspect identified,
e524add5944e2d843ccbc46bde59a95c8a56771f361d73f3b461c45c88ceba38,2022-06,Bedfordshire Police,Bedfordshire Police,-0.496461,51.980773,On or near The Pyghtle,E01017450,Central Bedfordshire 017E,Violence and sexual offences,Unable to prosecute suspect,
6d83d7aa7c0d086148df891d7e58d5d61ce6c85df9bd1a2df3c5b58c26147eae,2022-06,Bedfordshire Police,Bedfordshire Police,-0.495638,51.983181,On or near High Street,E01017450,Central Bedfordshire 017E,Violence and sexual offences,Status update unavailable,
b4597d90ac46dbb78fff15fe606f8fec63b8d78dc22ee874dfc45ac56a53214f,2022-06,Bedfordshire Police,Bedfordshire Police,-0.527310,51.981846,On or near M1,E01017450,Central Bedfordshire 017E,Violence and sexual offences,Formal action is not in the public interest,
143260217c6b8161159d3fb2533e70d6b21572e525ac1fcbff3c7455d063e0be,2022-06,Bedfordshire Police,Bedfordshire Police,-0.497904,51.979874,On or near Kent Close,E01017450,Central Bedfordshire 017E,Violence and sexual offences,Unable to prosecute suspect,
cc5c32be1099c77d1753d4700f6d2839331a244dcafe33f2e8cfc857e4299f7a,2022-06,Bedfordshire Police,Bedfordshire Police,-0.493858,51.983724,On or near Ropkins Close,E01017450,Central Bedfordshire 017E,Violence and sexual offences,Unable to prosecute suspect,
b667f0369b8dde01d042c0b7659885a511b9a6625325c288d04ed1752b10cec3,2022-06,Bedfordshire Police,Bedfordshire Police,-0.496461,51.980773,On or near The Pyghtle,E01017450,Central Bedfordshire 017E,Other crime,Unable to prosecute suspect,
c649af926aadc3e7ba0382221ef71bb8a50dba18fffe786ee286687eb4dae0d7,2022-06,Bedfordshire Police,Bedfordshire Police,-0.427271,51.970679,On or near Bedford Road,E01017558,Central Bedfordshire 018A,Burglary,Investigation complete; no suspect identified,
3f9de979e42c07b67827679f4bc9ba2328637f7b96f53b16844b3e8e582912f0,2022-06,Bedfordshire Police,Bedfordshire Police,-0.429368,51.966904,On or near Portobello Close,E01017558,Central Bedfordshire 018A,Burglary,Investigation complete; no suspect identified,
24fa53e4ba43e2544a4a3f7d1b73a356bcc6caa2cd7b76298d691a9204f58c03,2022-06,Bedfordshire Police,Bedfordshire Police,-0.429368,51.966904,On or near Portobello Close,E01017558,Central Bedfordshire 018A,Other theft,Investigation complete; no suspect identified,
79ae51d9f068c89c22d22d39bc9cacdbd47cf6f8b8457864e57ec78c4c805af0,2022-06,Bedfordshire Police,Bedfordshire Police,-0.427232,51.968449,On or near Supermarket,E01017558,Central Bedfordshire 018A,Violence and sexual offences,Unable to prosecute suspect,
658e731b9e30745ec1417b76ad930b5b27e2ca9d7cc67d1a194f9336e030e25f,2022-06,Bedfordshire Police,Bedfordshire Police,-0.428568,51.971875,On or near Burr Close,E01017558,Central Bedfordshire 018A,Violence and sexual offences,Unable to prosecute suspect,
418cecdadd1555bd74b3c4c784ca5cd6b2ff1b59d1498217a098bcbb7bf57283,2022-06,Bedfordshire Police,Bedfordshire Police,-0.426662,51.965204,On or near Hexton Road,E01017558,Central Bedfordshire 018A,Violence and sexual offences,Unable to prosecute suspect,
a61bf6bff3d5a6bbca1e05cbc87cba6d628f4a1f28b5cb4c6313114e68dfcbdc,2022-06,Bedfordshire Police,Bedfordshire Police,-0.428496,51.968934,On or near Mill Lane,E01017558,Central Bedfordshire 018A,Violence and sexual offences,Offender given a caution,
dbe4ab21b620b4e3bddf296cc43299456b6c3c251cf4d586c2f416178cfd6574,2022-06,Bedfordshire Police,Bedfordshire Police,-0.428714,51.970204,On or near Wiffin Close,E01017558,Central Bedfordshire 018A,Violence and sexual offences,Awaiting court outcome,
09a9e1454e6e4f0d766b909e6f19d514de87f6e263a007c0688648b85b0fb8f9,2022-06,Bedfordshire Police,Bedfordshire Police,-0.426662,51.965204,On or near Hexton Road,E01017558,Central Bedfordshire 018A,Violence and sexual offences,Unable to prosecute suspect,
,2022-06,Bedfordshire Police,Bedfordshire Police,-0.427212,51.964466,On or near Luton Road,E01017559,Central Bedfordshire 018B,Anti-social behaviour,,
cd6a61c3c04503a1e7a92ff5b54630693f3bbb85038381b62c86767f58dafcf9,2022-06,Bedfordshire Police,Bedfordshire Police,-0.422618,51.965114,On or near Dunstall Road,E01017559,Central Bedfordshire 018B,Burglary,Investigation complete; no suspect identified,
7f191d482ef42f8e9dfc851bea8722b20d8f5af47bcf6c4c0e042807545d4a7a,2022-06,Bedfordshire Police,Bedfordshire Police,-0.426424,51.963259,On or near Gale Court,E01017559,Central Bedfordshire 018B,Criminal damage and arson,Investigation complete; no suspect identified,
55b0f0b83d41f3d37dbfaa1665a4593c5340c37555bff2124faeec4d024692cd,2022-06,Bedfordshire Police,Bedfordshire Police,-0.426294,51.965307,On or near Horsler Close,E01017559,Central Bedfordshire 018B,Violence and sexual offences,Unable to prosecute suspect,
fa1363c2b50a2f7d5ba790ac684f86b6ba997fbfa8ba004694fda3fa34c9516f,2022-06,Bedfordshire Police,Bedfordshire Police,-0.438587,51.972224,On or near Park/Open Space,E01017559,Central Bedfordshire 018B,Violence and sexual offences,Unable to prosecute suspect,
3d9013016e9f1123b1d3eb4ed62152d31702a2d986a19894df08c33d17f35522,2022-06,Bedfordshire Police,Bedfordshire Police,-0.426424,51.963259,On or near Gale Court,E01017559,Central Bedfordshire 018B,Violence and sexual offences,Unable to prosecute suspect,
814be8328832ec6d7b0513d248380f9f8da2fefcc88c2b2f052709bb0861625c,2022-06,Bedfordshire Police,Bedfordshire Police,-0.425470,51.965980,On or near Apple Glebe,E01017559,Central Bedfordshire 018B,Violence and sexual offences,Unable to prosecute suspect,
716d7a43bf7db1f76ded67451b1c3981434f8cd019e38ff90fcb5fa2e5a42853,2022-06,Bedfordshire Police,Bedfordshire Police,-0.420169,51.964803,On or near Blakelands,E01017559,Central Bedfordshire 018B,Violence and sexual offences,Action to be taken by another organisation,
d8f64b8c27a40ddd2359e6deb1b08b33462ceb230876e4154ece494a3783b010,2022-06,Bedfordshire Police,Bedfordshire Police,-0.426424,51.963259,On or near Gale Court,E01017559,Central Bedfordshire 018B,Violence and sexual offences,Unable to prosecute suspect,
,2022-06,Bedfordshire Police,Bedfordshire Police,-0.426203,51.973722,On or near Hanover Place,E01017560,Central Bedfordshire 018C,Anti-social behaviour,,
,2022-06,Bedfordshire Police,Bedfordshire Police,-0.426203,51.973722,On or near Hanover Place,E01017560,Central Bedfordshire 018C,Anti-social behaviour,,
5aa1cd04d87c042f48a80dda37d0813b7722e3cf88f034bed001b1a44b5ed0af,2022-06,Bedfordshire Police,Bedfordshire Police,-0.423809,51.972656,On or near Windsor Road,E01017560,Central Bedfordshire 018C,Possession of weapons,Unable to prosecute suspect,
0b60b9458a8bec04923aca3ce979ccc4e42942f485150923645a46112382cc03,2022-06,Bedfordshire Police,Bedfordshire Police,-0.426415,51.969328,On or near Lime Close,E01017560,Central Bedfordshire 018C,Violence and sexual offences,Unable to prosecute suspect,
4fa792b927683a25d289d002621ea2dcdbb6201ca6731f7a19d2da964859b4ec,2022-06,Bedfordshire Police,Bedfordshire Police,-0.426415,51.969328,On or near Lime Close,E01017560,Central Bedfordshire 018C,Violence and sexual offences,Unable to prosecute suspect,
33c596deed4703802f632364030ac676816097eb5818ab2879a43874cd5d9264,2022-06,Bedfordshire Police,Bedfordshire Police,-0.423809,51.972656,On or near Windsor Road,E01017560,Central Bedfordshire 018C,Violence and sexual offences,Unable to prosecute suspect,
,2022-06,Bedfordshire Police,Bedfordshire Police,-0.422368,51.920396,On or near Links Way,E01017616,Central Bedfordshire 018D,Anti-social behaviour,,
,2022-06,Bedfordshire Police,Bedfordshire Police,-0.482277,51.937719,On or near Slate Hall,E01017616,Central Bedfordshire 018D,Anti-social behaviour,,
,2022-06,Bedfordshire Police,Bedfordshire Police,-0.422368,51.920396,On or near Links Way,E01017616,Central Bedfordshire 018D,Anti-social behaviour,,
,2022-06,Bedfordshire Police,Bedfordshire Police,-0.441861,51.942029,On or near Bury Lane,E01017616,Central Bedfordshire 018D,Anti-social behaviour,,
,2022-06,Bedfordshire Police,Bedfordshire Police,-0.422368,51.920396,On or near Links Way,E01017616,Central Bedfordshire 018D,Anti-social behaviour,,
178c5f1890ca39931339ca9078e35a83a1a5ca1d2ac3c5f13aaf42955d5a8571,2022-06,Bedfordshire Police,Bedfordshire Police,-0.447602,51.948111,On or near Parking Area,E01017616,Central Bedfordshire 018D,Drugs,Local resolution,
4328a854fe0a381d1f0efdf350c09c6ef00df95e9afba991ef7d1d3067fee3aa,2022-06,Bedfordshire Police,Bedfordshire Police,-0.480560,51.937310,On or near Hills View,E01017616,Central Bedfordshire 018D,Other theft,Status update unavailable,
1cd5b372ac8b2b8f90e6e18e3c907b49143010f37ceb818e369259e76ca6c216,2022-06,Bedfordshire Police,Bedfordshire Police,-0.448659,51.950364,On or near Sharpenhoe Road,E01017616,Central Bedfordshire 018D,Possession of weapons,Offender given a caution,
7c7d76ea1dbb642fc35aa0e08f220937af0b5fbb5d9aa89db1ee8348b315f357,2022-06,Bedfordshire Police,Bedfordshire Police,-0.480560,51.937310,On or near Hills View,E01017616,Central Bedfordshire 018D,Public order,Court result unavailable,
018ae7c5426006871594ae7d95dd5c2bb0b5ace0bbb53c44e336a1499449a218,2022-06,Bedfordshire Police,Bedfordshire Police,-0.477337,51.923359,On or near Camford Way,E01017616,Central Bedfordshire 018D,Vehicle crime,Investigation complete; no suspect identified,
2437bec2853bcba4ce60a8c4f5042138d12e186ca14e5da38a839168b0ddbaa0,2022-06,Bedfordshire Police,Bedfordshire Police,-0.477337,51.923359,On or near Camford Way,E01017616,Central Bedfordshire 018D,Vehicle crime,Investigation complete; no suspect identified,
8f97f6633350a7c7d2342f996af7f9eed134d64f1b8055d22695a55ea3326d65,2022-06,Bedfordshire Police,Bedfordshire Police,-0.419650,51.915387,On or near Furze Close,E01017616,Central Bedfordshire 018D,Vehicle crime,Investigation complete; no suspect identified,
ae9a98aead1e2648f63f7ef03a5789235175ed05ca79f3743d789c0a1fda52e3,2022-06,Bedfordshire Police,Bedfordshire Police,-0.445256,51.944843,On or near Churchill Close,E01017616,Central Bedfordshire 018D,Violence and sexual offences,Unable to prosecute suspect,
fce14a4a90c2889b39bbf39527283b5753942fb832441a71ce30d1efa1737dee,2022-06,Bedfordshire Police,Bedfordshire Police,-0.411598,51.911610,On or near The Belfry,E01017616,Central Bedfordshire 018D,Violence and sexual offences,Unable to prosecute suspect,
577cb9188cabb0ac8ec3540734304e11a80e1ac63e91614ccdbe979db71517cb,2022-06,Bedfordshire Police,Bedfordshire Police,-0.448659,51.950364,On or near Sharpenhoe Road,E01017616,Central Bedfordshire 018D,Violence and sexual offences,Awaiting court outcome,
59a691a5d7bd0dae917c7cb0946b2a1fdc863643d9f8fad5d6f2441eff63c2a8,2022-06,Bedfordshire Police,Bedfordshire Police,-0.415099,51.913339,On or near Lavender Close,E01017616,Central Bedfordshire 018D,Violence and sexual offences,Action to be taken by another organisation,
7e72a3221b4670878722b94069c162c95d67dcc07ee04b356816a84875647eb3,2022-06,Bedfordshire Police,Bedfordshire Police,-0.417510,51.913407,On or near Cromer Way,E01017616,Central Bedfordshire 018D,Violence and sexual offences,Unable to prosecute suspect,
082006ddc80b45ccfb5a33bc2f71ff954e3cae9b39430e33a356e4d40711ae8a,2022-06,Bedfordshire Police,Bedfordshire Police,-0.480560,51.937310,On or near Hills View,E01017616,Central Bedfordshire 018D,Violence and sexual offences,Unable to prosecute suspect,
581cf8879726320a3a25544db053be3e156d5770c88301660e9d8d0c1ce96d2f,2022-06,Bedfordshire Police,Bedfordshire Police,-0.448659,51.950364,On or near Sharpenhoe Road,E01017616,Central Bedfordshire 018D,Violence and sexual offences,Awaiting court outcome,
882278e727be651c8ea38b2a7f578c21940fe77dcd68cb29b5f7f1649d9ddbf5,2022-06,Bedfordshire Police,Bedfordshire Police,-0.417510,51.913407,On or near Cromer Way,E01017616,Central Bedfordshire 018D,Violence and sexual offences,Action to be taken by another organisation,
e8f65a77ec3cf2c3f8fd1fafd08edf11ef54d5a6ba493ba600c6d317d5962c28,2022-06,Bedfordshire Police,Bedfordshire Police,-0.448659,51.950364,On or near Sharpenhoe Road,E01017616,Central Bedfordshire 018D,Other crime,Unable to prosecute suspect,
49aa45dac5c3fcb686335632c2fd60c828b79163f0277c264aa2e5edf3a21faa,2022-06,Bedfordshire Police,Bedfordshire Police,-0.582651,51.928513,On or near Parking Area,E01017577,Central Bedfordshire 019A,Criminal damage and arson,Unable to prosecute suspect,
242a560e4ef5293d3745091c6183ea3ee28ee073c45006d73f05147c2531995c,2022-06,Bedfordshire Police,Bedfordshire Police,-0.657879,51.942414,On or near Lane'S End,E01017577,Central Bedfordshire 019A,Other theft,Unable to prosecute suspect,
dcd89fed8a5805880d920ce2a305800f3c74b2e89851ccc4fe18086d697c9ecf,2022-06,Bedfordshire Police,Bedfordshire Police,-0.658844,51.944206,On or near Emu Close,E01017577,Central Bedfordshire 019A,Public order,Status update unavailable,
daf5b75a6f8832f345fb6bfd1fa4192e31680dc5f793c0a672ef40d2e47b69eb,2022-06,Bedfordshire Police,Bedfordshire Police,-0.655233,51.952086,On or near Park/Open Space,E01017577,Central Bedfordshire 019A,Vehicle crime,Investigation complete; no suspect identified,
f2e4c654b0e083901e10670032b7118acb1af7b8b3b42d7f36bd5ac651ecac19,2022-06,Bedfordshire Police,Bedfordshire Police,-0.672367,51.946454,On or near Park/Open Space,E01017577,Central Bedfordshire 019A,Vehicle crime,Investigation complete; no suspect identified,
e686d0cb178d0435b50624d736b225d36ffd78713efb3910b107da93a824e57c,2022-06,Bedfordshire Police,Bedfordshire Police,-0.583892,51.929733,On or near The Blackbirds,E01017577,Central Bedfordshire 019A,Vehicle crime,Investigation complete; no suspect identified,
61029ddd059778fd6cb9e7c7ce4c1ef6e9b435734a99c08b9299858252069e90,2022-06,Bedfordshire Police,Bedfordshire Police,-0.594345,51.934075,On or near Church Lane,E01017577,Central Bedfordshire 019A,Violence and sexual offences,Investigation complete; no suspect identified,
,2022-06,Bedfordshire Police,Bedfordshire Police,-0.632221,51.893916,On or near Little Hill,E01017615,Central Bedfordshire 019B,Anti-social behaviour,,
,2022-06,Bedfordshire Police,Bedfordshire Police,-0.631278,51.890992,On or near Choakes Yard,E01017615,Central Bedfordshire 019B,Anti-social behaviour,,
faf3d0cc828940d79df80ed0b163f52615d8a03ca532f0ba7769426df1dde5a5,2022-06,Bedfordshire Police,Bedfordshire Police,-0.642574,51.886969,On or near Gipsy Lane,E01017615,Central Bedfordshire 019B,Criminal damage and arson,Status update unavailable,
85a808f8c16708c59bfe9e4c728f9731a000802facaadf04dd09e4c0e30bb9e7,2022-06,Bedfordshire Police,Bedfordshire Police,-0.642574,51.886969,On or near Gipsy Lane,E01017615,Central Bedfordshire 019B,Criminal damage and arson,Investigation complete; no suspect identified,
7d471cbf4fe93144e207145f7819b3765724c4934117210a0396f1e4a26d40d6,2022-06,Bedfordshire Police,Bedfordshire Police,-0.546574,51.925142,On or near Sports/Recreation Area,E01017615,Central Bedfordshire 019B,Criminal damage and arson,Investigation complete; no suspect identified,
931567fd8e10d5b90028f8a04e78e31d66cbe61e724f232879f6f8b2a12f4d75,2022-06,Bedfordshire Police,Bedfordshire Police,-0.642574,51.886969,On or near Gipsy Lane,E01017615,Central Bedfordshire 019B,Other theft,Investigation complete; no suspect identified,
4cf05b85c546fcea52363c847bd538ed3d6f63562e36f6891548733efe016843,2022-06,Bedfordshire Police,Bedfordshire Police,-0.642574,51.886969,On or near Gipsy Lane,E01017615,Central Bedfordshire 019B,Other theft,Investigation complete; no suspect identified,
e657440aabb194f17bdbac4a8880353e71b00c4aaa4452e76406c16b3189e683,2022-06,Bedfordshire Police,Bedfordshire Police,-0.642574,51.886969,On or near Gipsy Lane,E01017615,Central Bedfordshire 019B,Public order,Investigation complete; no suspect identified,
f7f3c5a4fec2a59b5923ea07a6fdebc0a761b9a2017aa37a8bf69699d52d4b3f,2022-06,Bedfordshire Police,Bedfordshire Police,-0.642574,51.886969,On or near Gipsy Lane,E01017615,Central Bedfordshire 019B,Public order,Status update unavailable,
cf8b2c3c34f7c0bb71dcbcc91e80f6934da76c8af92f8c1343dea47a7f9d9091,2022-06,Bedfordshire Police,Bedfordshire Police,-0.574829,51.923842,On or near Tebworth Road,E01017615,Central Bedfordshire 019B,Vehicle crime,Investigation complete; no suspect identified,
13a8b50f2095c69c4f75ca275999da882174e2c2cdd94628501570286935a857,2022-06,Bedfordshire Police,Bedfordshire Police,-0.575308,51.908230,On or near Dickens Lane,E01017615,Central Bedfordshire 019B,Vehicle crime,Investigation complete; no suspect identified,
f09204a5c2e763cb06fd822d8d58fa913a9cbd9e98c1067c3aef8e8916ef68c4,2022-06,Bedfordshire Police,Bedfordshire Police,-0.574829,51.923842,On or near Tebworth Road,E01017615,Central Bedfordshire 019B,Vehicle crime,Investigation complete; no suspect identified,
2ac3a011b8d3734b286a67142430f7248125148c24af18641788ca81a0e70e7c,2022-06,Bedfordshire Police,Bedfordshire Police,-0.615645,51.907902,On or near Leighton Road,E01017615,Central Bedfordshire 019B,Violence and sexual offences,Unable to prosecute suspect,
f350d4e826b8d5f616c3b877000bf22bcd1b3b430ebca18e7346d5b2bea01da1,2022-06,Bedfordshire Police,Bedfordshire Police,-0.524062,51.932217,On or near New Barn Farm Lane,E01017615,Central Bedfordshire 019B,Violence and sexual offences,Unable to prosecute suspect,
8083c2933bfb72873921c040453560fff3a1bac9f5278c8666a95f6c92283f79,2022-06,Bedfordshire Police,Bedfordshire Police,-0.618131,51.895118,On or near Stanbridge Road,E01017615,Central Bedfordshire 019B,Violence and sexual offences,Unable to prosecute suspect,
8b07a566f27945f1013a74005ff22191b7369f2e77746b45b24698c3c536e6eb,2022-06,Bedfordshire Police,Bedfordshire Police,-0.559609,51.930014,On or near St Mary'S Close,E01017615,Central Bedfordshire 019B,Other crime,Action to be taken by another organisation,
,2022-06,Bedfordshire Police,Bedfordshire Police,-0.518102,51.956401,On or near Harlington Road,E01017620,Central Bedfordshire 019C,Anti-social behaviour,,
c669be6e1f2a58b3647e353b8361ca18f2028fa1b9d5f8d12a7d3de41bac094f,2022-06,Bedfordshire Police,Bedfordshire Police,-0.541170,51.945594,On or near Leighton Road,E01017620,Central Bedfordshire 019C,Burglary,Investigation complete; no suspect identified,
f6299735af95e94943105f6d6e1dfec2fd65aea3276a5fec093986315fba4021,2022-06,Bedfordshire Police,Bedfordshire Police,-0.480194,51.922721,On or near Camford Way,E01017620,Central Bedfordshire 019C,Drugs,Local resolution,
42d139d3de74cbbabf82102a67f70769f1f03cbb5e7873f59a1cf54d4c514019,2022-06,Bedfordshire Police,Bedfordshire Police,-0.503215,51.946763,On or near Parking Area,E01017620,Central Bedfordshire 019C,Other theft,Investigation complete; no suspect identified,
f5fd46dfd83e3f67b5c8ddddd7abcec8b6f0f589812225e5f7329cbc87c14e8b,2022-06,Bedfordshire Police,Bedfordshire Police,-0.503215,51.946763,On or near Parking Area,E01017620,Central Bedfordshire 019C,Other theft,Investigation complete; no suspect identified,
322113c98389fc4f4fb0a030c42e90f19acabd09e5f1301bf044b29c946cd568,2022-06,Bedfordshire Police,Bedfordshire Police,-0.503215,51.946763,On or near Parking Area,E01017620,Central Bedfordshire 019C,Other theft,Investigation complete; no suspect identified,
2c03cb5af4af10b0f88df98a9ec57d84a8f190609ec2759bd6b65990311a3150,2022-06,Bedfordshire Police,Bedfordshire Police,-0.503215,51.946763,On or near Parking Area,E01017620,Central Bedfordshire 019C,Other theft,Investigation complete; no suspect identified,
3983ffaf6be3ad08b6ee7762599d086fc8457ecb3b5ebad46d5e67058f5c62c3,2022-06,Bedfordshire Police,Bedfordshire Police,-0.503215,51.946763,On or near Parking Area,E01017620,Central Bedfordshire 019C,Other theft,Investigation complete; no suspect identified,
785b1c3aae322e9cc10f1ab82af8c46e415d11f51af1a1bb62d359217881129e,2022-06,Bedfordshire Police,Bedfordshire Police,-0.503215,51.946763,On or near Parking Area,E01017620,Central Bedfordshire 019C,Other theft,Investigation complete; no suspect identified,
ca37371f06772041893f0dd47fb7fb8d57c7bc18502e6bed0885c0378118d810,2022-06,Bedfordshire Police,Bedfordshire Police,-0.503215,51.946763,On or near Parking Area,E01017620,Central Bedfordshire 019C,Other theft,Investigation complete; no suspect identified,
2cb59eabd991c71f60664f4106298379f4de9f313c2ffe7a1d7c3fa5ab69c6e7,2022-06,Bedfordshire Police,Bedfordshire Police,-0.503215,51.946763,On or near Parking Area,E01017620,Central Bedfordshire 019C,Other theft,Investigation complete; no suspect identified,
745a37105a761445763be7c83a35a948ef58276856ab45b26d106f590dbab990,2022-06,Bedfordshire Police,Bedfordshire Police,-0.503215,51.946763,On or near Parking Area,E01017620,Central Bedfordshire 019C,Other theft,Investigation complete; no suspect identified,
56238d479152fec19a99478e46ab6ed995f5d9165e3afc51e02f6ec7b416159c,2022-06,Bedfordshire Police,Bedfordshire Police,-0.503215,51.946763,On or near Parking Area,E01017620,Central Bedfordshire 019C,Other theft,Investigation complete; no suspect identified,
c59fcfd75dd1170c3d4d01f1328f0a396c8762219e890ae60fb16b14ba77fe79,2022-06,Bedfordshire Police,Bedfordshire Police,-0.503215,51.946763,On or near Parking Area,E01017620,Central Bedfordshire 019C,Other theft,Investigation complete; no suspect identified,
4221f572dcdec935a5ef86c5a7e24aaae58b4345ffc3a6fddd0eebf4b5f1c303,2022-06,Bedfordshire Police,Bedfordshire Police,-0.503215,51.946763,On or near Parking Area,E01017620,Central Bedfordshire 019C,Other theft,Investigation complete; no suspect identified,
a0718b278bd1576ecde2f0458cd9a430b6de5a77341827691f81f26ff285f2d2,2022-06,Bedfordshire Police,Bedfordshire Police,-0.503215,51.946763,On or near Parking Area,E01017620,Central Bedfordshire 019C,Other theft,Investigation complete; no suspect identified,
7a245ccfb1a815fe0a8b4c89e3a01de467b96a053d70b3d91477862b76516028,2022-06,Bedfordshire Police,Bedfordshire Police,-0.503215,51.946763,On or near Parking Area,E01017620,Central Bedfordshire 019C,Other theft,Investigation complete; no suspect identified,
8d9b7244006b22dada322949af3d97f83e1b08c036a029e6460e5695c90d72fe,2022-06,Bedfordshire Police,Bedfordshire Police,-0.503215,51.946763,On or near Parking Area,E01017620,Central Bedfordshire 019C,Other theft,Investigation complete; no suspect identified,
7f1bc29c62e911bec36978904a7b70aaa4a93faac1cc8525814c8176e7d5ddbe,2022-06,Bedfordshire Police,Bedfordshire Police,-0.503215,51.946763,On or near Parking Area,E01017620,Central Bedfordshire 019C,Other theft,Investigation complete; no suspect identified,
d1d6743895b46740d7684dfeae04f467a346ee96413fbd3253764bc1b0a2931e,2022-06,Bedfordshire Police,Bedfordshire Police,-0.503215,51.946763,On or near Parking Area,E01017620,Central Bedfordshire 019C,Public order,Unable to prosecute suspect,
62dfbcbd57c1f86eb0eb8515a1de28d10356b9c030c6ef55e005333cab06313a,2022-06,Bedfordshire Police,Bedfordshire Police,-0.503215,51.946763,On or near Parking Area,E01017620,Central Bedfordshire 019C,Public order,Investigation complete; no suspect identified,
77975c60bd972686403dcf6f85061a9652a5c09b78a07ae879d71a8d0f12b033,2022-06,Bedfordshire Police,Bedfordshire Police,-0.503215,51.946763,On or near Parking Area,E01017620,Central Bedfordshire 019C,Shoplifting,Investigation complete; no suspect identified,
e1a092959cdbb929e0cd03c84e65cb0b57d53b268982a4a71bde670156653123,2022-06,Bedfordshire Police,Bedfordshire Police,-0.503215,51.946763,On or near Parking Area,E01017620,Central Bedfordshire 019C,Shoplifting,Investigation complete; no suspect identified,
e2c6ed55a5d8a70d6a878c4a1ae1d9027af89effc0c65583cc45edf4e8cc63ee,2022-06,Bedfordshire Police,Bedfordshire Police,-0.501756,51.947760,On or near Parking Area,E01017620,Central Bedfordshire 019C,Shoplifting,Unable to prosecute suspect,
151d4831a1e8bc0f1335d1263f002d953ba6200d570138d1ac8b73b0832ce1f9,2022-06,Bedfordshire Police,Bedfordshire Police,-0.503215,51.946763,On or near Parking Area,E01017620,Central Bedfordshire 019C,Theft from the person,Investigation complete; no suspect identified,
b4310d9e5e6d3529925a91960d34adafff993e8c3f3e34e0f194ead82aa8d717,2022-06,Bedfordshire Police,Bedfordshire Police,-0.480194,51.922721,On or near Camford Way,E01017620,Central Bedfordshire 019C,Vehicle crime,Investigation complete; no suspect identified,
d30cec3312bf4575a1db08d4f0e72174a82d00e95bc6e44df4c0ed8cc27d7c7f,2022-06,Bedfordshire Police,Bedfordshire Police,-0.503215,51.946763,On or near Parking Area,E01017620,Central Bedfordshire 019C,Vehicle crime,Investigation complete; no suspect identified,
75db3dc540c62b7580c7a71f7ef3d8aad76dcc59491c42e8aa9b4b6095f6e6ca,2022-06,Bedfordshire Police,Bedfordshire Police,-0.503215,51.946763,On or near Parking Area,E01017620,Central Bedfordshire 019C,Vehicle crime,Investigation complete; no suspect identified,
533528d7170362d9b5a4cddea3a8bc9fb7f986b7d131bc71d1599b25d5c452f9,2022-06,Bedfordshire Police,Bedfordshire Police,-0.503215,51.946763,On or near Parking Area,E01017620,Central Bedfordshire 019C,Vehicle crime,Investigation complete; no suspect identified,
271e293ee7d220767aa6f38cb503700fbec3e3a6709f8b9aeaae54e87ef53414,2022-06,Bedfordshire Police,Bedfordshire Police,-0.503215,51.946763,On or near Parking Area,E01017620,Central Bedfordshire 019C,Violence and sexual offences,Investigation complete; no suspect identified,
4afd463b9e2fa81fbac2db826ffb95fe17acd67df36c8ae39d81a67fa1807fa5,2022-06,Bedfordshire Police,Bedfordshire Police,-0.500834,51.948342,On or near Motorway Service Area,E01017620,Central Bedfordshire 019C,Violence and sexual offences,Unable to prosecute suspect,
0c35fa5e5708e85ec6c041b4fa8867c2c48141f61555084ce2bcaec7919af8b8,2022-06,Bedfordshire Police,Bedfordshire Police,-0.530965,51.947103,On or near Sports/Recreation Area,E01017620,Central Bedfordshire 019C,Violence and sexual offences,Unable to prosecute suspect,
2262c6d93a7e31c9698f083c389b146ab4d7c44197537116556920d6d7530083,2022-06,Bedfordshire Police,Bedfordshire Police,-0.503215,51.946763,On or near Parking Area,E01017620,Central Bedfordshire 019C,Violence and sexual offences,Unable to prosecute suspect,
9b500c41d291867a2a3ed162f0a2ef934323a2b98a3aaef4225baffa832c632a,2022-06,Bedfordshire Police,Bedfordshire Police,-0.503215,51.946763,On or near Parking Area,E01017620,Central Bedfordshire 019C,Violence and sexual offences,Investigation complete; no suspect identified,
8b8b0105d0eadcbd50f552b8fdcdb2ac8df66c58ac24cc2b3bbbb790624ba760,2022-06,Bedfordshire Police,Bedfordshire Police,-0.503215,51.946763,On or near Parking Area,E01017620,Central Bedfordshire 019C,Violence and sexual offences,Unable to prosecute suspect,
5da775bd7c490d07eb322f4fbce0ff646762044a104438ff54fe53b6f60ec2f9,2022-06,Bedfordshire Police,Bedfordshire Police,-0.500834,51.948342,On or near Motorway Service Area,E01017620,Central Bedfordshire 019C,Violence and sexual offences,Unable to prosecute suspect,
,2022-06,Bedfordshire Police,Bedfordshire Police,-0.539976,51.945183,On or near Holmfield Close,E01017621,Central Bedfordshire 019D,Anti-social behaviour,,
d7308acfee92abb3e199ab9f642ad2b15fd1e441f56d4d827274e268e4d5b46d,2022-06,Bedfordshire Police,Bedfordshire Police,-0.539181,51.945021,On or near Frenchmans Close,E01017621,Central Bedfordshire 019D,Criminal damage and arson,Investigation complete; no suspect identified,
8218662e1a5d24a20f4523ebe40286903f9db3a3be22f7390134bd989dedbdc5,2022-06,Bedfordshire Police,Bedfordshire Police,-0.534276,51.943278,On or near Petrol Station,E01017621,Central Bedfordshire 019D,Other theft,Investigation complete; no suspect identified,
c70f56b88d3e112fe6aa4dca6cecd8b3d3f6f1c223446d85ec749b4971e6af6d,2022-06,Bedfordshire Police,Bedfordshire Police,-0.534276,51.943278,On or near Petrol Station,E01017621,Central Bedfordshire 019D,Other theft,Investigation complete; no suspect identified,
e9c9095e78b2ac9d6554cb9e21244d1325a669e80d19914da896f283c5d2f4e2,2022-06,Bedfordshire Police,Bedfordshire Police,-0.535637,51.947503,On or near Chapel Close,E01017621,Central Bedfordshire 019D,Public order,Unable to prosecute suspect,
,2022-06,Bedfordshire Police,Bedfordshire Police,-0.532415,51.949477,On or near Church Square,E01017622,Central Bedfordshire 019E,Anti-social behaviour,,
2d9b0f88d5ba5dc8d6b02fcec1f6098e6dbef3738233944bc43eaaa9e5a83920,2022-06,Bedfordshire Police,Bedfordshire Police,-0.531122,51.942295,On or near Preston Road,E01017622,Central Bedfordshire 019E,Criminal damage and arson,Investigation complete; no suspect identified,
e26eb93d367b9f5325d68626d9a22a24b3268895b98d32ee05705c468f4ca709,2022-06,Bedfordshire Police,Bedfordshire Police,-0.533274,51.941459,On or near Bradford Way,E01017622,Central Bedfordshire 019E,Public order,Unable to prosecute suspect,
c8dcf7b82358bc442a7f36624fd114740f2c1d98410cb6a1ea4c694c9cd75b29,2022-06,Bedfordshire Police,Bedfordshire Police,-0.532415,51.949477,On or near Church Square,E01017622,Central Bedfordshire 019E,Public order,Unable to prosecute suspect,
f6542d6555dcd1db62820670ff178676bbadd17c909e9de98750d7e25c6b744d,2022-06,Bedfordshire Police,Bedfordshire Police,-0.533274,51.941459,On or near Bradford Way,E01017622,Central Bedfordshire 019E,Violence and sexual offences,Unable to prosecute suspect,
958ef987cd523995acb59f774a707753a31736a6f15a3d50bdc2016ceaf4d1ce,2022-06,Bedfordshire Police,Bedfordshire Police,-0.533066,51.947390,On or near High Street,E01017622,Central Bedfordshire 019E,Violence and sexual offences,Investigation complete; no suspect identified,
eea02809b096a96b61076c5da17987cb8f6f68e4351be65f65147e516593e110,2022-06,Bedfordshire Police,Bedfordshire Police,-0.534376,51.940213,On or near Mount Pleasant Avenue,E01017622,Central Bedfordshire 019E,Violence and sexual offences,Investigation complete; no suspect identified,
fbf8117da6c9ced28409c2357060fe87464e06809f479c6539b68b7ca0624f34,2022-06,Bedfordshire Police,Bedfordshire Police,-0.534376,51.940213,On or near Mount Pleasant Avenue,E01017622,Central Bedfordshire 019E,Violence and sexual offences,Investigation complete; no suspect identified,
fbfa08e270b4c9f002074688223f9463d670a67ca476de8c180799439984107b,2022-06,Bedfordshire Police,Bedfordshire Police,-0.532627,51.948796,On or near Market Square,E01017622,Central Bedfordshire 019E,Violence and sexual offences,Unable to prosecute suspect,
b74e7bc2d2be2b0a0c9f9b107f52dd2ae41acd2420aed9c645059cee131b667e,2022-06,Bedfordshire Police,Bedfordshire Police,-0.645559,51.923985,On or near Greenlands,E01017603,Central Bedfordshire 020A,Other theft,Unable to prosecute suspect,
93b2ebec2ac4d246229f4113937f77e7facc5c28b54c053bc2b40c83b4c3710f,2022-06,Bedfordshire Police,Bedfordshire Police,-0.648895,51.919446,On or near Brook Street,E01017603,Central Bedfordshire 020A,Public order,Unable to prosecute suspect,
4def8fe57f72b4a046cea8495e6bf4a20cec2ea2962ba615a98374438dddea75,2022-06,Bedfordshire Police,Bedfordshire Police,-0.648895,51.919446,On or near Brook Street,E01017603,Central Bedfordshire 020A,Violence and sexual offences,Unable to prosecute suspect,
b8202e832c4cba49d27a17a0e48726f3a86285975d8b72d00af0afaa75bed2c0,2022-06,Bedfordshire Police,Bedfordshire Police,-0.650409,51.920840,On or near Atterbury Avenue,E01017603,Central Bedfordshire 020A,Other crime,Unable to prosecute suspect,
,2022-06,Bedfordshire Police,Bedfordshire Police,-0.639684,51.920617,On or near Orion Way,E01017604,Central Bedfordshire 020B,Anti-social behaviour,,
,2022-06,Bedfordshire Police,Bedfordshire Police,-0.642332,51.920090,On or near Cetus Crescent,E01017604,Central Bedfordshire 020B,Anti-social behaviour,,
bf399a1922a133bb11569c6746180f39f2c2d0a06fd3101683071175afd4b87f,2022-06,Bedfordshire Police,Bedfordshire Police,-0.641676,51.922052,On or near Centauri Close,E01017604,Central Bedfordshire 020B,Criminal damage and arson,Investigation complete; no suspect identified,
,2022-06,Bedfordshire Police,Bedfordshire Police,-0.636609,51.920348,On or near Leighton Road,E01017605,Central Bedfordshire 020C,Anti-social behaviour,,
,2022-06,Bedfordshire Police,Bedfordshire Police,-0.635835,51.921912,On or near Mercury Way,E01017605,Central Bedfordshire 020C,Anti-social behaviour,,
,2022-06,Bedfordshire Police,Bedfordshire Police,-0.635835,51.921912,On or near Mercury Way,E01017605,Central Bedfordshire 020C,Anti-social behaviour,,
509336b3099932607a7ae83672e794408c014357bdf1df486346ad995c998829,2022-06,Bedfordshire Police,Bedfordshire Police,-0.636609,51.920348,On or near Leighton Road,E01017605,Central Bedfordshire 020C,Burglary,Investigation complete; no suspect identified,
2c223837707edac3123261d200d7f28d29c0e8a8d562e335d6609fda2dd9499e,2022-06,Bedfordshire Police,Bedfordshire Police,-0.635374,51.918409,On or near Meadow Way,E01017605,Central Bedfordshire 020C,Burglary,Unable to prosecute suspect,
bd209b1fb4c51da03acff80647dcd37f4e5f52ccf2aa6671b4d2412f33df4ea8,2022-06,Bedfordshire Police,Bedfordshire Police,-0.636609,51.920348,On or near Leighton Road,E01017605,Central Bedfordshire 020C,Public order,Unable to prosecute suspect,
bd78809a3ff7152d5cf739a69c0c204632f5fc24660eef268259154f61bb716b,2022-06,Bedfordshire Police,Bedfordshire Police,-0.636609,51.920348,On or near Leighton Road,E01017605,Central Bedfordshire 020C,Public order,Unable to prosecute suspect,
bd3cb6a002e7fc6332d374e28d4a320244a9998c1aa335cc7549b0bc1508fe6b,2022-06,Bedfordshire Police,Bedfordshire Police,-0.636609,51.920348,On or near Leighton Road,E01017605,Central Bedfordshire 020C,Public order,Unable to prosecute suspect,
cdfb4c8d210e6c62fcbe2a757fc6ec61533938c0e43eea3e7f3e786385c31628,2022-06,Bedfordshire Police,Bedfordshire Police,-0.636609,51.920348,On or near Leighton Road,E01017605,Central Bedfordshire 020C,Violence and sexual offences,Unable to prosecute suspect,
2f0c4c87dfe1cb35f5345a2588d13b050610cf49a4d573cf33c121790dba47b1,2022-06,Bedfordshire Police,Bedfordshire Police,-0.638845,51.919025,On or near Oatfield Gardens,E01017605,Central Bedfordshire 020C,Violence and sexual offences,Court result unavailable,
b3ce1ab198c26cdffb7f79266573f39ded8ff5c67ed712c151e8cd7399d25e89,2022-06,Bedfordshire Police,Bedfordshire Police,-0.635374,51.918409,On or near Meadow Way,E01017605,Central Bedfordshire 020C,Other crime,Unable to prosecute suspect,
9142ee626844da6c85b0dac3e87084d7aedc74cd36545b2023ad57186102ec46,2022-06,Bedfordshire Police,Bedfordshire Police,-0.658902,51.929586,On or near Sports/Recreation Area,E01017606,Central Bedfordshire 020D,Other theft,Investigation complete; no suspect identified,
5ea385defbe8b92be1f057282cfcf795b969401bdb32ebc99291fde8e53b0001,2022-06,Bedfordshire Police,Bedfordshire Police,-0.657795,51.930599,On or near Heath Road,E01017606,Central Bedfordshire 020D,Vehicle crime,Investigation complete; no suspect identified,
b71e37cf1a0f35592150ba4b5ced8d4c1c8358a265ccbc6a65fd617e3dc2caab,2022-06,Bedfordshire Police,Bedfordshire Police,-0.646697,51.926776,On or near Vandyke Road,E01017606,Central Bedfordshire 020D,Violence and sexual offences,Unable to prosecute suspect,
91e849bfc6318ae6191910b52e54a225b0cfc2c1ece24cb509b8230d12c29124,2022-06,Bedfordshire Police,Bedfordshire Police,-0.658641,51.936399,On or near Carlton Grove,E01017606,Central Bedfordshire 020D,Violence and sexual offences,Unable to prosecute suspect,
50f6aba1bad151455fba71a4d04629adbbc7c610eb207e1e2d7b10e1af52da53,2022-06,Bedfordshire Police,Bedfordshire Police,-0.658641,51.936399,On or near Carlton Grove,E01017606,Central Bedfordshire 020D,Violence and sexual offences,Unable to prosecute suspect,
,2022-06,Bedfordshire Police,Bedfordshire Police,-0.664122,51.934024,On or near Redwood Glade,E01017607,Central Bedfordshire 020E,Anti-social behaviour,,
,2022-06,Bedfordshire Police,Bedfordshire Police,-0.678259,51.935092,On or near Old Linslade Road,E01017607,Central Bedfordshire 020E,Anti-social behaviour,,
,2022-06,Bedfordshire Police,Bedfordshire Police,-0.672537,51.938696,On or near The Heath,E01017607,Central Bedfordshire 020E,Anti-social behaviour,,
6fd0245194e0f9cb9692eb298531f1c3ffc312a713276c2af4caa37b2f42dd4e,2022-06,Bedfordshire Police,Bedfordshire Police,-0.659827,51.934191,On or near Copper Beech Way,E01017607,Central Bedfordshire 020E,Other theft,Investigation complete; no suspect identified,
826a683f7348a89ec8ad64cad8465d648c4c23c333959ad5e38dd96e1c82754b,2022-06,Bedfordshire Police,Bedfordshire Police,-0.663600,51.930557,On or near Dingle Dell,E01017607,Central Bedfordshire 020E,Vehicle crime,Investigation complete; no suspect identified,
3dabc4db2a0f20a878982bd94a43cc59cff866333a7d46640f8b48f92d463863,2022-06,Bedfordshire Police,Bedfordshire Police,-0.661552,51.924581,On or near Wentworth Drive,E01017607,Central Bedfordshire 020E,Violence and sexual offences,Status update unavailable,
1cd7af05f75901b9443b42a694c1533778e100a7cb0da92bb1a0a17ad3ef1e13,2022-06,Bedfordshire Police,Bedfordshire Police,-0.663799,51.932187,On or near Plantation Road,E01017607,Central Bedfordshire 020E,Violence and sexual offences,Unable to prosecute suspect,
c5dfd685da649a50648967d1170aad5bbfea0da22e9c8c92de8651aafee28c6d,2022-06,Bedfordshire Police,Bedfordshire Police,-0.663799,51.932187,On or near Plantation Road,E01017607,Central Bedfordshire 020E,Violence and sexual offences,Unable to prosecute suspect,
,2022-06,Bedfordshire Police,Bedfordshire Police,-0.659033,51.914950,On or near Old Chapel Mews,E01017555,Central Bedfordshire 021A,Anti-social behaviour,,
,2022-06,Bedfordshire Police,Bedfordshire Police,-0.663068,51.916156,On or near High Street,E01017555,Central Bedfordshire 021A,Anti-social behaviour,,
,2022-06,Bedfordshire Police,Bedfordshire Police,-0.664630,51.915463,On or near Church Square,E01017555,Central Bedfordshire 021A,Anti-social behaviour,,
,2022-06,Bedfordshire Police,Bedfordshire Police,-0.664630,51.915463,On or near Church Square,E01017555,Central Bedfordshire 021A,Anti-social behaviour,,
,2022-06,Bedfordshire Police,Bedfordshire Police,-0.663053,51.914717,On or near Church Avenue,E01017555,Central Bedfordshire 021A,Anti-social behaviour,,
,2022-06,Bedfordshire Police,Bedfordshire Police,-0.657820,51.915628,On or near Dudley Street,E01017555,Central Bedfordshire 021A,Anti-social behaviour,,
,2022-06,Bedfordshire Police,Bedfordshire Police,-0.657820,51.915628,On or near Dudley Street,E01017555,Central Bedfordshire 021A,Anti-social behaviour,,
,2022-06,Bedfordshire Police,Bedfordshire Police,-0.662906,51.919157,On or near Doggett Street,E01017555,Central Bedfordshire 021A,Anti-social behaviour,,
,2022-06,Bedfordshire Police,Bedfordshire Police,-0.663068,51.916156,On or near High Street,E01017555,Central Bedfordshire 021A,Anti-social behaviour,,
,2022-06,Bedfordshire Police,Bedfordshire Police,-0.663053,51.914717,On or near Church Avenue,E01017555,Central Bedfordshire 021A,Anti-social behaviour,,
,2022-06,Bedfordshire Police,Bedfordshire Police,-0.664630,51.915463,On or near Church Square,E01017555,Central Bedfordshire 021A,Anti-social behaviour,,
,2022-06,Bedfordshire Police,Bedfordshire Police,-0.662078,51.918167,On or near Bossard Court,E01017555,Central Bedfordshire 021A,Anti-social behaviour,,
,2022-06,Bedfordshire Police,Bedfordshire Police,-0.658550,51.919431,On or near Bedford Street,E01017555,Central Bedfordshire 021A,Anti-social behaviour,,
,2022-06,Bedfordshire Police,Bedfordshire Police,-0.663068,51.916156,On or near High Street,E01017555,Central Bedfordshire 021A,Anti-social behaviour,,
,2022-06,Bedfordshire Police,Bedfordshire Police,-0.658114,51.916998,On or near A4012,E01017555,Central Bedfordshire 021A,Anti-social behaviour,,
,2022-06,Bedfordshire Police,Bedfordshire Police,-0.657820,51.915628,On or near Dudley Street,E01017555,Central Bedfordshire 021A,Anti-social behaviour,,
,2022-06,Bedfordshire Police,Bedfordshire Police,-0.660551,51.918177,On or near North Street,E01017555,Central Bedfordshire 021A,Anti-social behaviour,,
5a39e4ca1b2dd9e2adbeca8b036467fc1b96ea80abde89d247806fbf7167969a,2022-06,Bedfordshire Police,Bedfordshire Police,-0.664630,51.915463,On or near Church Square,E01017555,Central Bedfordshire 021A,Bicycle theft,Investigation complete; no suspect identified,
e23c1d46dfedf09ab8fad7adeb3fe5ab015e79fd1d2707b64b6cce174b12406e,2022-06,Bedfordshire Police,Bedfordshire Police,-0.663068,51.916156,On or near High Street,E01017555,Central Bedfordshire 021A,Burglary,Court result unavailable,
d220dd2f64f920f063c7bc9a941e9ae70158f5da425e4bf33f82d64ba6754ce3,2022-06,Bedfordshire Police,Bedfordshire Police,-0.661077,51.916601,On or near Market Square,E01017555,Central Bedfordshire 021A,Burglary,Investigation complete; no suspect identified,
c9974f7d20b9e0fd2e1467e0e2de35aeb6cad2153c43816120d79fde50e41e04,2022-06,Bedfordshire Police,Bedfordshire Police,-0.665009,51.916402,On or near Friday Street,E01017555,Central Bedfordshire 021A,Burglary,Investigation complete; no suspect identified,
1c9a3658bfe185cfbcda6327a1a8da1546268d97cb28f00c5e45824493ebe392,2022-06,Bedfordshire Police,Bedfordshire Police,-0.658075,51.917807,On or near White House Court,E01017555,Central Bedfordshire 021A,Criminal damage and arson,Investigation complete; no suspect identified,
f82be90ea1fd8a829b6f5ef32df51345f85d490029f3d4ed14816f3cd12d4320,2022-06,Bedfordshire Police,Bedfordshire Police,-0.664040,51.914755,On or near Pulford Road,E01017555,Central Bedfordshire 021A,Criminal damage and arson,Investigation complete; no suspect identified,
11fc69001aad5d052ee2569750056185b9d1b4ffcbb2e0fba8609f790d4e84fd,2022-06,Bedfordshire Police,Bedfordshire Police,-0.656029,51.915248,On or near Supermarket,E01017555,Central Bedfordshire 021A,Criminal damage and arson,Investigation complete; no suspect identified,
f893de24e26bd75781b7ecb15ea6b5502344d1e04689b2fc8b8b11fbadcd4404,2022-06,Bedfordshire Police,Bedfordshire Police,-0.663053,51.914717,On or near Church Avenue,E01017555,Central Bedfordshire 021A,Criminal damage and arson,Status update unavailable,
4cdacc674750d522b2f29a73cfb7e8b88cbee6d5d95bf75affd114e978fbdb92,2022-06,Bedfordshire Police,Bedfordshire Police,-0.660194,51.914028,On or near Grove Place,E01017555,Central Bedfordshire 021A,Criminal damage and arson,Status update unavailable,
fb179499d328bff48639d201037de2c460f627200ecfe9fe0886356ff7f33a6d,2022-06,Bedfordshire Police,Bedfordshire Police,-0.664630,51.915463,On or near Church Square,E01017555,Central Bedfordshire 021A,Criminal damage and arson,Investigation complete; no suspect identified,
0c9bae37c1be86f5602a21a27815199a521d095c890a825d94706e4c089b0880,2022-06,Bedfordshire Police,Bedfordshire Police,-0.659876,51.915930,On or near Lake Street,E01017555,Central Bedfordshire 021A,Criminal damage and arson,Unable to prosecute suspect,
b26f4c707a68df8211b1e0f171ecb875d219cbb049b134946c55029f0bc7a461,2022-06,Bedfordshire Police,Bedfordshire Police,-0.657472,51.914132,On or near Petrol Station,E01017555,Central Bedfordshire 021A,Other theft,Investigation complete; no suspect identified,
50e15288196b9e253e6b5c982e7f27315fa91ef8799df2b73d56d596460ce33a,2022-06,Bedfordshire Police,Bedfordshire Police,-0.657472,51.914132,On or near Petrol Station,E01017555,Central Bedfordshire 021A,Other theft,Investigation complete; no suspect identified,
30c9b2771a1c15c566b8fc024b90b4acfeba5fda299a88be1086096342506a14,2022-06,Bedfordshire Police,Bedfordshire Police,-0.657472,51.914132,On or near Petrol Station,E01017555,Central Bedfordshire 021A,Other theft,Investigation complete; no suspect identified,
8908f5e1ef1cc634bf358d03cd5ca4f5d76308af2c06967766e4cc68ab07a95e,2022-06,Bedfordshire Police,Bedfordshire Police,-0.657472,51.914132,On or near Petrol Station,E01017555,Central Bedfordshire 021A,Other theft,Investigation complete; no suspect identified,
0debb4ad7edcda83743f72599a844b21fc7c98020e7ad2055d0f86c553c81c60,2022-06,Bedfordshire Police,Bedfordshire Police,-0.664074,51.917057,On or near Supermarket,E01017555,Central Bedfordshire 021A,Other theft,Formal action is not in the public interest,
920eecc2cf3bb2fbfb9b8d176c9a9608a2b6f3499c8b016b991c0c8df5fa65d6,2022-06,Bedfordshire Police,Bedfordshire Police,-0.659876,51.915930,On or near Lake Street,E01017555,Central Bedfordshire 021A,Other theft,Investigation complete; no suspect identified,
86e88c3f315ce98747cab44e4c43a69b938f16a9b9739438e0f81e1dc6a9d2d1,2022-06,Bedfordshire Police,Bedfordshire Police,-0.664630,51.915463,On or near Church Square,E01017555,Central Bedfordshire 021A,Other theft,Investigation complete; no suspect identified,
284109c0b19f5d36036493015d1998945e7b880bd9cd36a663d1bf318ee6ad3a,2022-06,Bedfordshire Police,Bedfordshire Police,-0.661726,51.917291,On or near Parking Area,E01017555,Central Bedfordshire 021A,Other theft,Investigation complete; no suspect identified,
a79689c5c2b1c03b5dba0ad4e40c5846385bd061a5dfa72fd77587690f38a050,2022-06,Bedfordshire Police,Bedfordshire Police,-0.665009,51.916402,On or near Friday Street,E01017555,Central Bedfordshire 021A,Other theft,Investigation complete; no suspect identified,
6806a158eb626a1894bc06eb9b38d9d6ed979b5f13c22ba96fe9b086ee994158,2022-06,Bedfordshire Police,Bedfordshire Police,-0.664630,51.915463,On or near Church Square,E01017555,Central Bedfordshire 021A,Other theft,Investigation complete; no suspect identified,
8897539edcdfe3e3a65923b2bcc00a74ea6ca5acc49d1a595d5e6b36885a739b,2022-06,Bedfordshire Police,Bedfordshire Police,-0.656029,51.915248,On or near Supermarket,E01017555,Central Bedfordshire 021A,Other theft,Investigation complete; no suspect identified,
1cd17cc80afec3bb620c7b832c2ca8dbf79e065a72f11e6b649dbcadf05a19ad,2022-06,Bedfordshire Police,Bedfordshire Police,-0.657472,51.914132,On or near Petrol Station,E01017555,Central Bedfordshire 021A,Other theft,Investigation complete; no suspect identified,
2968883e1666bf327157392530a5646b901d739717d9c7c5941028f57d560ef4,2022-06,Bedfordshire Police,Bedfordshire Police,-0.657472,51.914132,On or near Petrol Station,E01017555,Central Bedfordshire 021A,Other theft,Investigation complete; no suspect identified,
2b6ee05cbf57cd7a94adec8485e44fd5434d4620183a695b9e229161fdf4efc5,2022-06,Bedfordshire Police,Bedfordshire Police,-0.657472,51.914132,On or near Petrol Station,E01017555,Central Bedfordshire 021A,Other theft,Investigation complete; no suspect identified,
60b6999a2baeae1da7f570082cf4c4e0e032b42f1aa3a00804a6430ff55a3b81,2022-06,Bedfordshire Police,Bedfordshire Police,-0.661247,51.915308,On or near Parking Area,E01017555,Central Bedfordshire 021A,Other theft,Investigation complete; no suspect identified,
4f767bb14b1af6b012b773a6665d4c690a8e6333a7eb30922afc547fb6ac0ad1,2022-06,Bedfordshire Police,Bedfordshire Police,-0.657472,51.914132,On or near Petrol Station,E01017555,Central Bedfordshire 021A,Other theft,Investigation complete; no suspect identified,
087880aa2b13cd7266a7aa4d566ddba3e5fda80b3a6e06c481ed6c3f54eb87ab,2022-06,Bedfordshire Police,Bedfordshire Police,-0.658550,51.919431,On or near Bedford Street,E01017555,Central Bedfordshire 021A,Other theft,Investigation complete; no suspect identified,
f9c4df7e785d8c7fb5e0ec39c0d9d4326d3803f453202977ad200317e994b696,2022-06,Bedfordshire Police,Bedfordshire Police,-0.657472,51.914132,On or near Petrol Station,E01017555,Central Bedfordshire 021A,Other theft,Investigation complete; no suspect identified,
0e71ecaf472b34f76c570cfe349ec67b7022156440bba7df30c540fb3539337c,2022-06,Bedfordshire Police,Bedfordshire Police,-0.664139,51.917292,On or near West Street,E01017555,Central Bedfordshire 021A,Public order,Investigation complete; no suspect identified,
5875a8af79c6adc8a41d28d806a5131335e6a05178eef27430705563cbb6c365,2022-06,Bedfordshire Police,Bedfordshire Police,-0.665009,51.916402,On or near Friday Street,E01017555,Central Bedfordshire 021A,Robbery,Investigation complete; no suspect identified,
da38573e98df22aa95815f2f70b151ea25de5d5798b9e78417bb3e8eef6031b7,2022-06,Bedfordshire Police,Bedfordshire Police,-0.665009,51.916402,On or near Friday Street,E01017555,Central Bedfordshire 021A,Robbery,Status update unavailable,
8fd7f67d09d3eba7f4250f3df654b6f78ade87a4ed044cdd06b9454ae76d0348,2022-06,Bedfordshire Police,Bedfordshire Police,-0.662798,51.916449,On or near Shopping Area,E01017555,Central Bedfordshire 021A,Shoplifting,Unable to prosecute suspect,
d91330e02460d0dd0fcbb3eff84eb8b458fc210db5cb5d822908f324abdbf844,2022-06,Bedfordshire Police,Bedfordshire Police,-0.664074,51.917057,On or near Supermarket,E01017555,Central Bedfordshire 021A,Shoplifting,Investigation complete; no suspect identified,
4af969e300be37a9b1bfb96ee861652e025a6d113f015d12db968efbf9fc74a1,2022-06,Bedfordshire Police,Bedfordshire Police,-0.661077,51.916601,On or near Market Square,E01017555,Central Bedfordshire 021A,Shoplifting,Unable to prosecute suspect,
80d07c96df4baa28dde89ccb32dbe597d105a550292ce295d791f7101e147f0f,2022-06,Bedfordshire Police,Bedfordshire Police,-0.661650,51.916886,On or near Supermarket,E01017555,Central Bedfordshire 021A,Shoplifting,Formal action is not in the public interest,
342835822362f6b3dea44c344b8444c4241d36d12035ff7b13f1656cc09d3f7d,2022-06,Bedfordshire Police,Bedfordshire Police,-0.656029,51.915248,On or near Supermarket,E01017555,Central Bedfordshire 021A,Shoplifting,Unable to prosecute suspect,
5cbc1d2bd6e6fe41cd472989d62d862054af362ecd42df9875ab89167f39f59d,2022-06,Bedfordshire Police,Bedfordshire Police,-0.664074,51.917057,On or near Supermarket,E01017555,Central Bedfordshire 021A,Shoplifting,Investigation complete; no suspect identified,
0ffca234ee2920f5e1e10a513461f7315a7fe45d9aa25aa2a4ad12ed7c4484c1,2022-06,Bedfordshire Police,Bedfordshire Police,-0.659060,51.912576,On or near Sports/Recreation Area,E01017555,Central Bedfordshire 021A,Shoplifting,Investigation complete; no suspect identified,
a2da859cd81f85c933b77cc32160021c71dcaf1cd37647b0f8950fc6f9ea275c,2022-06,Bedfordshire Police,Bedfordshire Police,-0.665009,51.916402,On or near Friday Street,E01017555,Central Bedfordshire 021A,Shoplifting,Investigation complete; no suspect identified,
446598dcd87d5c2dabd374157d845b0f7d57c926c8a386b7b0367b36d3311fcc,2022-06,Bedfordshire Police,Bedfordshire Police,-0.662798,51.916449,On or near Shopping Area,E01017555,Central Bedfordshire 021A,Shoplifting,Investigation complete; no suspect identified,
18d229960b95f40497c612e3c9e4360a7f277d0cd716d9268cd12083317e4190,2022-06,Bedfordshire Police,Bedfordshire Police,-0.662798,51.916449,On or near Shopping Area,E01017555,Central Bedfordshire 021A,Shoplifting,Unable to prosecute suspect,
7713ca6fe7c5b6e9fe4871f6d865457f6b13c71a103c104f576cf39e8ad9d8a8,2022-06,Bedfordshire Police,Bedfordshire Police,-0.664074,51.917057,On or near Supermarket,E01017555,Central Bedfordshire 021A,Shoplifting,Investigation complete; no suspect identified,
f796b0d434af603e9ec183bd2fd768f74720a3d624b1d0cb1d1bd241f5f2240a,2022-06,Bedfordshire Police,Bedfordshire Police,-0.665009,51.916402,On or near Friday Street,E01017555,Central Bedfordshire 021A,Theft from the person,Investigation complete; no suspect identified,
7e23cdf46192def86b4e31e6bcde68fc5aa3c4076e4c279188b958762ee266a8,2022-06,Bedfordshire Police,Bedfordshire Police,-0.664139,51.917292,On or near West Street,E01017555,Central Bedfordshire 021A,Violence and sexual offences,Investigation complete; no suspect identified,
243514fff7c061633888f4ce2279fb01885cfbfefb2ee29285dcba95a567b4f8,2022-06,Bedfordshire Police,Bedfordshire Police,-0.663068,51.916156,On or near High Street,E01017555,Central Bedfordshire 021A,Violence and sexual offences,Local resolution,
0e1dbad926c9fefdd8e8ada3523216e76c9a40ef39f248c5a9064437087c250b,2022-06,Bedfordshire Police,Bedfordshire Police,-0.664139,51.917292,On or near West Street,E01017555,Central Bedfordshire 021A,Violence and sexual offences,Investigation complete; no suspect identified,
afa657c170f27dcf7bc96c414adeab8d17302600fff8a8f1e47a4483ef6149ff,2022-06,Bedfordshire Police,Bedfordshire Police,-0.661077,51.916601,On or near Market Square,E01017555,Central Bedfordshire 021A,Violence and sexual offences,Unable to prosecute suspect,
4799a857b15d2e75f97a7978d731c92e3606fe09d4d2c8d592ce2e6cdb8a21e5,2022-06,Bedfordshire Police,Bedfordshire Police,-0.662906,51.919157,On or near Doggett Street,E01017555,Central Bedfordshire 021A,Violence and sexual offences,Unable to prosecute suspect,
0743b15e5d8a1f7a25c126fc41cdbf2c96653f90915b1f1a7415ac6efe78c8ae,2022-06,Bedfordshire Police,Bedfordshire Police,-0.659701,51.916909,On or near Hockliffe Street,E01017555,Central Bedfordshire 021A,Violence and sexual offences,Unable to prosecute suspect,
cefe03b4526d2f8baabc08d2b47d3345528b5975d037c13559f8f9c969c15472,2022-06,Bedfordshire Police,Bedfordshire Police,-0.659701,51.916909,On or near Hockliffe Street,E01017555,Central Bedfordshire 021A,Violence and sexual offences,Unable to prosecute suspect,
f684f345ca99dd305794e3392dd6cb9dcf3ad10f780fd55ff7e2ac608e3137f1,2022-06,Bedfordshire Police,Bedfordshire Police,-0.663068,51.916156,On or near High Street,E01017555,Central Bedfordshire 021A,Violence and sexual offences,Unable to prosecute suspect,
584e0ce79e9077bf2ef28928d099cdc5b759386c173c0d23d5cc0e58fa289378,2022-06,Bedfordshire Police,Bedfordshire Police,-0.659876,51.915930,On or near Lake Street,E01017555,Central Bedfordshire 021A,Violence and sexual offences,Unable to prosecute suspect,
6ee037d8afc647f2e671b18639097a97dd8e17a895c4362305d08b9cbac28456,2022-06,Bedfordshire Police,Bedfordshire Police,-0.661726,51.917291,On or near Parking Area,E01017555,Central Bedfordshire 021A,Violence and sexual offences,Unable to prosecute suspect,
3836d791e050509ca55b16eaa08ff69c3056c542c14ce30b7ad225cf1251f9a1,2022-06,Bedfordshire Police,Bedfordshire Police,-0.659123,51.920211,On or near St Andrew'S Street,E01017555,Central Bedfordshire 021A,Violence and sexual offences,Unable to prosecute suspect,
a7804f58b0181a18bd7ee1f353827247515da45a003b2bee97b6591d35b1abdd,2022-06,Bedfordshire Police,Bedfordshire Police,-0.656029,51.915248,On or near Supermarket,E01017555,Central Bedfordshire 021A,Violence and sexual offences,Unable to prosecute suspect,
5c7bd0abe93c1332efee50f10b27d2fe6b13cd3d822143a598afcbccf486d831,2022-06,Bedfordshire Police,Bedfordshire Police,-0.659123,51.920211,On or near St Andrew'S Street,E01017555,Central Bedfordshire 021A,Violence and sexual offences,Unable to prosecute suspect,
6df1249352bcad938c008fcb6e7ec337993939e7c4db744d2f39a40856ac0961,2022-06,Bedfordshire Police,Bedfordshire Police,-0.659876,51.915930,On or near Lake Street,E01017555,Central Bedfordshire 021A,Violence and sexual offences,Status update unavailable,
a826d2a2413c8721504bf5810515ba6e9fd48f1a0f85f1b17487cffd64dc5a7e,2022-06,Bedfordshire Police,Bedfordshire Police,-0.653340,51.919084,On or near George Street,E01017556,Central Bedfordshire 021B,Other theft,Investigation complete; no suspect identified,
aec0017242e4052d8870984108679b487acc90563fee02c3854533cfb01d6ef1,2022-06,Bedfordshire Police,Bedfordshire Police,-0.655039,51.918699,On or near Police Station,E01017556,Central Bedfordshire 021B,Public order,Investigation complete; no suspect identified,
8e9e21cde03a3b0aa3e244da77e01ffe978369152c145034c2d8733557dbe0f1,2022-06,Bedfordshire Police,Bedfordshire Police,-0.655039,51.918699,On or near Police Station,E01017556,Central Bedfordshire 021B,Vehicle crime,Unable to prosecute suspect,
41c89a56d404c2d38306bf4f20374fba797ffc58f0ca4942f41e33d6e8bf716a,2022-06,Bedfordshire Police,Bedfordshire Police,-0.651514,51.917444,On or near Woodman Close,E01017556,Central Bedfordshire 021B,Violence and sexual offences,Unable to prosecute suspect,
,2022-06,Bedfordshire Police,Bedfordshire Police,-0.667109,51.916174,On or near Leighton Road,E01017557,Central Bedfordshire 021C,Anti-social behaviour,,
,2022-06,Bedfordshire Police,Bedfordshire Police,-0.668903,51.916977,On or near Petrol Station,E01017557,Central Bedfordshire 021C,Anti-social behaviour,,
,2022-06,Bedfordshire Police,Bedfordshire Police,-0.667784,51.918924,On or near Vimy Road,E01017557,Central Bedfordshire 021C,Anti-social behaviour,,
,2022-06,Bedfordshire Police,Bedfordshire Police,-0.667784,51.918924,On or near Vimy Road,E01017557,Central Bedfordshire 021C,Anti-social behaviour,,
,2022-06,Bedfordshire Police,Bedfordshire Police,-0.665717,51.916069,On or near Bridge Street,E01017557,Central Bedfordshire 021C,Anti-social behaviour,,
12e13fabdee2a3e5288c95cb14e3b0aab2e2bb37e259c6bdb70fc79b5650a83e,2022-06,Bedfordshire Police,Bedfordshire Police,-0.665963,51.917070,On or near Water Lane,E01017557,Central Bedfordshire 021C,Burglary,Investigation complete; no suspect identified,
5be312da16444bb9639e8deb7cd23c75097ee50cc9729405635786febd3dce85,2022-06,Bedfordshire Police,Bedfordshire Police,-0.665909,51.918418,On or near Windsor Avenue,E01017557,Central Bedfordshire 021C,Burglary,Investigation complete; no suspect identified,
a39b97db3bf749ea6696fd8f16c25cbb9a1d90ba08d3f5cd886838e846918721,2022-06,Bedfordshire Police,Bedfordshire Police,-0.665963,51.917070,On or near Water Lane,E01017557,Central Bedfordshire 021C,Burglary,Investigation complete; no suspect identified,
7f29c63a18087189359552748906fda876ecad60d0e77ac1e3617d8faad7e397,2022-06,Bedfordshire Police,Bedfordshire Police,-0.668303,51.915648,On or near Petrol Station,E01017557,Central Bedfordshire 021C,Other theft,Investigation complete; no suspect identified,
39a5bd1eaa61449d388166af405b2e8e3bf32fd64a8813846d52d889cdf8b5c1,2022-06,Bedfordshire Police,Bedfordshire Police,-0.668303,51.915648,On or near Petrol Station,E01017557,Central Bedfordshire 021C,Other theft,Investigation complete; no suspect identified,
c21c7815103cfb7c0d935e575056dfb7e9330eb35527616c61a19c21afe52ab0,2022-06,Bedfordshire Police,Bedfordshire Police,-0.668903,51.916977,On or near Petrol Station,E01017557,Central Bedfordshire 021C,Other theft,Investigation complete; no suspect identified,
f87911b235d69053713f8bcaee1f6dbe5eec4193ca7d8d2257c1123ad305a972,2022-06,Bedfordshire Police,Bedfordshire Police,-0.669472,51.918404,On or near Supermarket,E01017557,Central Bedfordshire 021C,Other theft,Investigation complete; no suspect identified,
d27be3036c0d668fb8cb78ed9d56a90b4e9e536e64baebab165bdc3f48f1193a,2022-06,Bedfordshire Police,Bedfordshire Police,-0.669472,51.918404,On or near Supermarket,E01017557,Central Bedfordshire 021C,Public order,Unable to prosecute suspect,
ca4c4de28c088ca426f9e1cc4b47d84f22007aba6e78e15a3588d9413b9cef82,2022-06,Bedfordshire Police,Bedfordshire Police,-0.664969,51.920709,On or near Millbank,E01017557,Central Bedfordshire 021C,Robbery,Unable to prosecute suspect,
9d0417e0048a6d9b4268e22bdd94fc296ce0b19c5559c7edce929a47e090f0c4,2022-06,Bedfordshire Police,Bedfordshire Police,-0.669472,51.918404,On or near Supermarket,E01017557,Central Bedfordshire 021C,Shoplifting,Investigation complete; no suspect identified,
b3153b8ca9e4d13c3513c8666272fda5c790decf77fa14afb9f4a6e99435e552,2022-06,Bedfordshire Police,Bedfordshire Police,-0.668903,51.916977,On or near Petrol Station,E01017557,Central Bedfordshire 021C,Shoplifting,Investigation complete; no suspect identified,
90e919044ad80a9ff81ada1bfdc774edffa23fca531d457a772ecc6c71666b26,2022-06,Bedfordshire Police,Bedfordshire Police,-0.669472,51.918404,On or near Supermarket,E01017557,Central Bedfordshire 021C,Shoplifting,Investigation complete; no suspect identified,
d45fd395f1bbfbb3b6cd0696d998065ed1b0a62187d5e929955db0b0b1e82b52,2022-06,Bedfordshire Police,Bedfordshire Police,-0.668903,51.916977,On or near Petrol Station,E01017557,Central Bedfordshire 021C,Shoplifting,Investigation complete; no suspect identified,
e7e45848df8e88943684a1954fcbe94e47191d4c3eac5737c627c20ac3380bb9,2022-06,Bedfordshire Police,Bedfordshire Police,-0.668903,51.916977,On or near Petrol Station,E01017557,Central Bedfordshire 021C,Shoplifting,Investigation complete; no suspect identified,
df374d17d012e69f96bb64e72c4f8322459092ddfb81bbf20f344bb2d8907683,2022-06,Bedfordshire Police,Bedfordshire Police,-0.668903,51.916977,On or near Petrol Station,E01017557,Central Bedfordshire 021C,Shoplifting,Investigation complete; no suspect identified,
f5bf445202ebdd1f94c10424e60f06fa346ed0c3ad3b1cc5fdd97a92aa3ee57c,2022-06,Bedfordshire Police,Bedfordshire Police,-0.668903,51.916977,On or near Petrol Station,E01017557,Central Bedfordshire 021C,Shoplifting,Investigation complete; no suspect identified,
7888c6bf16da6ea16edea7e35d57c207e3450c5d417df0f4c0dc5519e2fbfed8,2022-06,Bedfordshire Police,Bedfordshire Police,-0.667784,51.918924,On or near Vimy Road,E01017557,Central Bedfordshire 021C,Shoplifting,Investigation complete; no suspect identified,
a4cd48bd49eaba786043f9addbc51ac079c81a4f047dbf2aef044fabf98344ef,2022-06,Bedfordshire Police,Bedfordshire Police,-0.665909,51.918418,On or near Windsor Avenue,E01017557,Central Bedfordshire 021C,Theft from the person,Investigation complete; no suspect identified,
100bb9829024a8aeaf1c1a9f73bb6d9c617687700d2cac859cf0e36d2e6dcf3c,2022-06,Bedfordshire Police,Bedfordshire Police,-0.668303,51.915648,On or near Petrol Station,E01017557,Central Bedfordshire 021C,Violence and sexual offences,Investigation complete; no suspect identified,
95b8a7619355814962165f32ef02eaba19797fb93821cbc4064602aa7985a038,2022-06,Bedfordshire Police,Bedfordshire Police,-0.668903,51.916977,On or near Petrol Station,E01017557,Central Bedfordshire 021C,Violence and sexual offences,Unable to prosecute suspect,
ee7f15590d8f4d26c35d6b24d5bc3c4b99b29fd474b71eefcac0d14814b36b03,2022-06,Bedfordshire Police,Bedfordshire Police,-0.668903,51.916977,On or near Petrol Station,E01017557,Central Bedfordshire 021C,Violence and sexual offences,Unable to prosecute suspect,
,2022-06,Bedfordshire Police,Bedfordshire Police,-0.656583,51.920533,On or near Adaern Close,E01017608,Central Bedfordshire 021D,Anti-social behaviour,,
,2022-06,Bedfordshire Police,Bedfordshire Police,-0.654200,51.920973,On or near St George'S Close,E01017608,Central Bedfordshire 021D,Anti-social behaviour,,
969f5bfff45c5088adc8e2d6869baf0015af13ab5146b2c4c092f2b87e8b3da0,2022-06,Bedfordshire Police,Bedfordshire Police,-0.659470,51.920296,On or near St Andrews Close,E01017608,Central Bedfordshire 021D,Criminal damage and arson,Investigation complete; no suspect identified,
e77365f5dd6408bb3631944c9d6946c328e55a6e4ff7c38652c20e3575b793b1,2022-06,Bedfordshire Police,Bedfordshire Police,-0.659736,51.923059,On or near Talbot Court,E01017608,Central Bedfordshire 021D,Criminal damage and arson,Investigation complete; no suspect identified,
02a23d7f828b69fd40aad6afab9946a815afb1d257b28ef8d312dcecc2f64ee4,2022-06,Bedfordshire Police,Bedfordshire Police,-0.659470,51.920296,On or near St Andrews Close,E01017608,Central Bedfordshire 021D,Criminal damage and arson,Investigation complete; no suspect identified,
655b241a90c01905a31727d1a4d0666813318f31ebc7d782ca8a8b29627ec442,2022-06,Bedfordshire Police,Bedfordshire Police,-0.656961,51.921031,On or near Plum Tree Lane,E01017608,Central Bedfordshire 021D,Public order,Unable to prosecute suspect,
c037c9a734b99283184ac82dd921366df07a7bc4bd35d95aedad01a476b57e04,2022-06,Bedfordshire Police,Bedfordshire Police,-0.655956,51.920597,On or near East Street,E01017608,Central Bedfordshire 021D,Violence and sexual offences,Investigation complete; no suspect identified,
2ecd638d8b1bec6caaaded81b0b2d2b437c53852131c8280011b9a8013efc90d,2022-06,Bedfordshire Police,Bedfordshire Police,-0.659762,51.926089,On or near Carnation Close,E01017608,Central Bedfordshire 021D,Violence and sexual offences,Unable to prosecute suspect,
d241f25eee49aed5c3883776e6dd8675fa6e4fdd39b6243acf1559164a8609bd,2022-06,Bedfordshire Police,Bedfordshire Police,-0.657068,51.923298,On or near Ash Grove,E01017608,Central Bedfordshire 021D,Violence and sexual offences,Unable to prosecute suspect,
,2022-06,Bedfordshire Police,Bedfordshire Police,-0.652312,51.927209,On or near Blenheim Road,E01017609,Central Bedfordshire 021E,Anti-social behaviour,,
,2022-06,Bedfordshire Police,Bedfordshire Police,-0.652312,51.927209,On or near Blenheim Road,E01017609,Central Bedfordshire 021E,Anti-social behaviour,,
,2022-06,Bedfordshire Police,Bedfordshire Police,-0.652312,51.927209,On or near Blenheim Road,E01017609,Central Bedfordshire 021E,Anti-social behaviour,,
,2022-06,Bedfordshire Police,Bedfordshire Police,-0.652312,51.927209,On or near Blenheim Road,E01017609,Central Bedfordshire 021E,Anti-social behaviour,,
66ef2e0b24d6f428391d90d526dfe6f28a138cb490e59a617cbc2f82e9285666,2022-06,Bedfordshire Police,Bedfordshire Police,-0.655083,51.925497,On or near Oakley Green,E01017609,Central Bedfordshire 021E,Bicycle theft,Unable to prosecute suspect,
4481896f7d988279f52610eae859560aa1ede003f1b6473835b7ab322c412e84,2022-06,Bedfordshire Police,Bedfordshire Police,-0.654062,51.924118,On or near Supermarket,E01017609,Central Bedfordshire 021E,Other theft,Unable to prosecute suspect,
e83550dac67aa881e06f169d460500db339b838d6f97511e6cf28b3177dbf2c7,2022-06,Bedfordshire Police,Bedfordshire Police,-0.653629,51.925471,On or near Montgomery Close,E01017609,Central Bedfordshire 021E,Other theft,Investigation complete; no suspect identified,
77db5881c89d10c295ef1793dedbbb71f0e91b609dd355fbff9badc85a98d2f7,2022-06,Bedfordshire Police,Bedfordshire Police,-0.656995,51.926705,On or near Broomhills Road,E01017609,Central Bedfordshire 021E,Other theft,Investigation complete; no suspect identified,
c8a867f30969fa6f8811eb464fc6c1b3ef2a8fcd6f890efc9fa58d55ce46b79c,2022-06,Bedfordshire Police,Bedfordshire Police,-0.655833,51.926656,On or near Sandhills,E01017609,Central Bedfordshire 021E,Public order,Investigation complete; no suspect identified,
880f5a5b226757e24c0d39db8d440ed7b65bb9b90da5a343d62acedbe50d744d,2022-06,Bedfordshire Police,Bedfordshire Police,-0.653162,51.924567,On or near Mountbatten Gardens,E01017609,Central Bedfordshire 021E,Violence and sexual offences,Unable to prosecute suspect,
d4c17dea963a518ce29008e8e027771715d897322bcacee4c765a1bd5d1110b6,2022-06,Bedfordshire Police,Bedfordshire Police,-0.655083,51.925497,On or near Oakley Green,E01017609,Central Bedfordshire 021E,Violence and sexual offences,Unable to prosecute suspect,
4ed5c206edc6b2bb8cca8a4d88d99838759d5bbc7dc4801f0433d71beffdba76,2022-06,Bedfordshire Police,Bedfordshire Police,-0.656865,51.925211,On or near Winston Close,E01017609,Central Bedfordshire 021E,Violence and sexual offences,Unable to prosecute suspect,
a5416e11d7738b013f79cce78345ef7b6debace8a2263c34e463e61cea80e1c8,2022-06,Bedfordshire Police,Bedfordshire Police,-0.655083,51.925497,On or near Oakley Green,E01017609,Central Bedfordshire 021E,Violence and sexual offences,Unable to prosecute suspect,
,2022-06,Bedfordshire Police,Bedfordshire Police,-0.671346,51.915017,On or near The Wharf,E01017589,Central Bedfordshire 022A,Anti-social behaviour,,
,2022-06,Bedfordshire Police,Bedfordshire Police,-0.677258,51.921135,On or near Hawthorne Close,E01017589,Central Bedfordshire 022A,Anti-social behaviour,,
,2022-06,Bedfordshire Police,Bedfordshire Police,-0.677258,51.921135,On or near Hawthorne Close,E01017589,Central Bedfordshire 022A,Anti-social behaviour,,
,2022-06,Bedfordshire Police,Bedfordshire Police,-0.678028,51.920658,On or near St Mary'S Way,E01017589,Central Bedfordshire 022A,Anti-social behaviour,,
,2022-06,Bedfordshire Police,Bedfordshire Police,-0.671346,51.915017,On or near The Wharf,E01017589,Central Bedfordshire 022A,Anti-social behaviour,,
bf60c940b86e54cc0c0d5841c4d6de8867df6ae265c8280eeb0610041bd6e844,2022-06,Bedfordshire Police,Bedfordshire Police,-0.671346,51.915017,On or near The Wharf,E01017589,Central Bedfordshire 022A,Burglary,Unable to prosecute suspect,
537a4fda41938d74f99782c203c70bf8c5531ddfa872630380207f6b4cdb24d5,2022-06,Bedfordshire Police,Bedfordshire Police,-0.675175,51.916328,On or near Sports/Recreation Area,E01017589,Central Bedfordshire 022A,Criminal damage and arson,Investigation complete; no suspect identified,
104c2ecea762f1f970b7c301270170b21891fea53a7d4cf28c1f7cafb19d0b2e,2022-06,Bedfordshire Police,Bedfordshire Police,-0.675787,51.916776,On or near Station Road,E01017589,Central Bedfordshire 022A,Criminal damage and arson,Investigation complete; no suspect identified,
aa9cd4d2ae8e80f687b2c7a4488804d6ecbf2a425db358261643a70c8bb542b5,2022-06,Bedfordshire Police,Bedfordshire Police,-0.676637,51.917037,On or near Parking Area,E01017589,Central Bedfordshire 022A,Vehicle crime,Investigation complete; no suspect identified,
09c3b089dd7f2b38415057bf10f747df271abd41f0eeab4ed7e58847bb575827,2022-06,Bedfordshire Police,Bedfordshire Police,-0.677258,51.921135,On or near Hawthorne Close,E01017589,Central Bedfordshire 022A,Violence and sexual offences,Unable to prosecute suspect,
0211cdf2565c088b2eb37bcdff1826275d1e2535190afebd4b89d867c33922dc,2022-06,Bedfordshire Police,Bedfordshire Police,-0.668671,51.922360,On or near Bossington Lane,E01017590,Central Bedfordshire 022B,Criminal damage and arson,Investigation complete; no suspect identified,
9dc5dad4a04e01d51dc1f7cc008c5f809aaae952f1b27862d24689f203113fac,2022-06,Bedfordshire Police,Bedfordshire Police,-0.673635,51.917255,On or near Old Road,E01017590,Central Bedfordshire 022B,Public order,Unable to prosecute suspect,
cfcbf78d1da576b6f3a55f95b3fa42e917ea1b75f213f7657d92bb2bb4113b2f,2022-06,Bedfordshire Police,Bedfordshire Police,-0.673635,51.917255,On or near Old Road,E01017590,Central Bedfordshire 022B,Violence and sexual offences,Unable to prosecute suspect,
,2022-06,Bedfordshire Police,Bedfordshire Police,-0.675099,51.908532,On or near Mentmore Road,E01017591,Central Bedfordshire 022C,Anti-social behaviour,,
,2022-06,Bedfordshire Police,Bedfordshire Police,-0.675099,51.908532,On or near Mentmore Road,E01017591,Central Bedfordshire 022C,Anti-social behaviour,,
,2022-06,Bedfordshire Police,Bedfordshire Police,-0.675099,51.908532,On or near Mentmore Road,E01017591,Central Bedfordshire 022C,Anti-social behaviour,,
,2022-06,Bedfordshire Police,Bedfordshire Police,-0.675099,51.908532,On or near Mentmore Road,E01017591,Central Bedfordshire 022C,Anti-social behaviour,,
07fe5f753e8f8d6f53a0563c9d81c0f1a77acad79e1dde07d70439f70b4a72fa,2022-06,Bedfordshire Police,Bedfordshire Police,-0.675214,51.912013,On or near Ashburnham Crescent,E01017591,Central Bedfordshire 022C,Criminal damage and arson,Investigation complete; no suspect identified,
b2b5820bb076b0a1e7004a413d454b6ed9aa653b2757b62d7636552f60b46d4b,2022-06,Bedfordshire Police,Bedfordshire Police,-0.675479,51.910928,On or near Cedars Way,E01017591,Central Bedfordshire 022C,Public order,Unable to prosecute suspect,
ce14ca9e55bcf64b82bd47bdf17814d5dab8cbfa156c2adc8202a145de73f1eb,2022-06,Bedfordshire Police,Bedfordshire Police,-0.675983,51.910115,On or near Finch Crescent,E01017591,Central Bedfordshire 022C,Public order,Unable to prosecute suspect,
0a550e85e48fa2c5b31cc4d06dea23bd3312903122c04a6b454ced86a049299f,2022-06,Bedfordshire Police,Bedfordshire Police,-0.671423,51.905020,On or near Park/Open Space,E01017591,Central Bedfordshire 022C,Violence and sexual offences,Formal action is not in the public interest,
da27792df2d65674cf523967af1196cdaaab6eb805636b9470a3397f85f06c35,2022-06,Bedfordshire Police,Bedfordshire Police,-0.675099,51.908532,On or near Mentmore Road,E01017591,Central Bedfordshire 022C,Violence and sexual offences,Investigation complete; no suspect identified,
6b71971482f828b90a79323e26841913cefed2e149d38f787554746953a965dc,2022-06,Bedfordshire Police,Bedfordshire Police,-0.675099,51.908532,On or near Mentmore Road,E01017591,Central Bedfordshire 022C,Violence and sexual offences,Unable to prosecute suspect,
5c259dc4ad51569ff93af9e61768a2805f542c4738f651a4dc053c421c398684,2022-06,Bedfordshire Police,Bedfordshire Police,-0.671423,51.905020,On or near Park/Open Space,E01017591,Central Bedfordshire 022C,Violence and sexual offences,Unable to prosecute suspect,
9288c616451260733736ff7d253a24ee145d723c12676cdb170e79a628f36690,2022-06,Bedfordshire Police,Bedfordshire Police,-0.683208,51.922542,On or near Chestnut Hill,E01017610,Central Bedfordshire 022D,Other theft,Unable to prosecute suspect,
,2022-06,Bedfordshire Police,Bedfordshire Police,-0.691295,51.920492,On or near Lochy Drive,E01017611,Central Bedfordshire 023A,Anti-social behaviour,,
47610bad2a5d767f04c3546af872e3ecd28ce1535e9ac451b066d1dca50bdbff,2022-06,Bedfordshire Police,Bedfordshire Police,-0.686931,51.921037,On or near Bideford Green,E01017612,Central Bedfordshire 023B,Violence and sexual offences,Unable to prosecute suspect,
a776fbce779f56bc72f1d4ee76d2f82982286e948363e6fcfc0cca1a764709d3,2022-06,Bedfordshire Police,Bedfordshire Police,-0.686931,51.921037,On or near Bideford Green,E01017612,Central Bedfordshire 023B,Violence and sexual offences,Unable to prosecute suspect,
,2022-06,Bedfordshire Police,Bedfordshire Police,-0.678785,51.918653,On or near Leopold Road,E01017613,Central Bedfordshire 023C,Anti-social behaviour,,
,2022-06,Bedfordshire Police,Bedfordshire Police,-0.678785,51.918653,On or near Leopold Road,E01017613,Central Bedfordshire 023C,Anti-social behaviour,,
d66a8c8b729cf5d148cf99ccb940b20210c2fc7aeba9a8a793d7a438eabd7c54,2022-06,Bedfordshire Police,Bedfordshire Police,-0.683124,51.917946,On or near Hanover Court,E01017613,Central Bedfordshire 023C,Criminal damage and arson,Investigation complete; no suspect identified,
31f0b0562ceffdd1f8ce750cef12f571c3cca78c4577ff404dc2ba13d0a916c2,2022-06,Bedfordshire Police,Bedfordshire Police,-0.678785,51.918653,On or near Leopold Road,E01017613,Central Bedfordshire 023C,Violence and sexual offences,Unable to prosecute suspect,
823d6adf36e3292e39abfca222c8daa72aa4da98b9c533abf6e648f54aaaa87a,2022-06,Bedfordshire Police,Bedfordshire Police,-0.684522,51.913898,On or near Chelsea Green,E01017614,Central Bedfordshire 023D,Criminal damage and arson,Unable to prosecute suspect,
c8cfe120920f41bf723aa7a519785f90e7b97448b33da85a3df8d1f9024c285a,2022-06,Bedfordshire Police,Bedfordshire Police,-0.687393,51.917670,On or near Coniston Road,E01017614,Central Bedfordshire 023D,Violence and sexual offences,Investigation complete; no suspect identified,
c65495cb1e35273faa4441956e001c3ff7d2926c8ae2c08eaec44f26f4ae3255,2022-06,Bedfordshire Police,Bedfordshire Police,-0.648038,51.916982,On or near Ashlong Close,E01017573,Central Bedfordshire 024A,Violence and sexual offences,Unable to prosecute suspect,
,2022-06,Bedfordshire Police,Bedfordshire Police,-0.660839,51.909459,On or near Enterprise Way,E01017575,Central Bedfordshire 024C,Anti-social behaviour,,
,2022-06,Bedfordshire Police,Bedfordshire Police,-0.657874,51.899184,On or near Park/Open Space,E01017575,Central Bedfordshire 024C,Anti-social behaviour,,
,2022-06,Bedfordshire Police,Bedfordshire Police,-0.650171,51.906954,On or near Johnson Drive,E01017575,Central Bedfordshire 024C,Anti-social behaviour,,
,2022-06,Bedfordshire Police,Bedfordshire Police,-0.646951,51.908652,On or near Cooper Drive,E01017575,Central Bedfordshire 024C,Anti-social behaviour,,
,2022-06,Bedfordshire Police,Bedfordshire Police,-0.648894,51.908324,On or near Deverell Way,E01017575,Central Bedfordshire 024C,Anti-social behaviour,,
,2022-06,Bedfordshire Police,Bedfordshire Police,-0.661707,51.904712,On or near Grovebury Road,E01017575,Central Bedfordshire 024C,Anti-social behaviour,,
,2022-06,Bedfordshire Police,Bedfordshire Police,-0.661707,51.904712,On or near Grovebury Road,E01017575,Central Bedfordshire 024C,Anti-social behaviour,,
,2022-06,Bedfordshire Police,Bedfordshire Police,-0.650171,51.906954,On or near Johnson Drive,E01017575,Central Bedfordshire 024C,Anti-social behaviour,,
,2022-06,Bedfordshire Police,Bedfordshire Police,-0.661707,51.904712,On or near Grovebury Road,E01017575,Central Bedfordshire 024C,Anti-social behaviour,,
8daf50bf757e6567320d4a24c70fe55d5493261f33501d6d50241efd394b5a2f,2022-06,Bedfordshire Police,Bedfordshire Police,-0.655767,51.913780,On or near Falcon Mews,E01017575,Central Bedfordshire 024C,Burglary,Unable to prosecute suspect,
10bd6f24babbc39722a83a776c9721cafc85f81c017e89dd2b8e11c8e0043500,2022-06,Bedfordshire Police,Bedfordshire Police,-0.661707,51.904712,On or near Grovebury Road,E01017575,Central Bedfordshire 024C,Burglary,Action to be taken by another organisation,
3cd1b5485b2a941e57b5ff4624a76ca3d904c27c3749db047b56a03f5817ba12,2022-06,Bedfordshire Police,Bedfordshire Police,-0.647056,51.911432,On or near Richmond Road,E01017575,Central Bedfordshire 024C,Burglary,Investigation complete; no suspect identified,
4f02640b05707dc178ad891c67c0ca5a9dc96d65045f3b4d65e2105520454a07,2022-06,Bedfordshire Police,Bedfordshire Police,-0.655767,51.913780,On or near Falcon Mews,E01017575,Central Bedfordshire 024C,Criminal damage and arson,Investigation complete; no suspect identified,
c474c78f4d03c69828bc8fe06b9bf8019d32d59d277a917b5c1a4e486a88557a,2022-06,Bedfordshire Police,Bedfordshire Police,-0.647056,51.911432,On or near Richmond Road,E01017575,Central Bedfordshire 024C,Other theft,Investigation complete; no suspect identified,
c728b88eb0a0c2511aff327e813577c213a2b3065ff49c0b2f61b194bf9ebd11,2022-06,Bedfordshire Police,Bedfordshire Police,-0.647056,51.911432,On or near Richmond Road,E01017575,Central Bedfordshire 024C,Other theft,Unable to prosecute suspect,
c80150956c29073fb7a0e95be5fbc6622bef1cfb26f67b481e203edcf483065c,2022-06,Bedfordshire Police,Bedfordshire Police,-0.653528,51.913304,On or near Stanbridge Road Terrace,E01017575,Central Bedfordshire 024C,Public order,Investigation complete; no suspect identified,
6d99b35f1a173b36f2e9e9d43f8cbb92e2c2339470aaf3e4d92a4c696e12d44a,2022-06,Bedfordshire Police,Bedfordshire Police,-0.657057,51.911484,On or near Grovebury Place Estate,E01017575,Central Bedfordshire 024C,Public order,Unable to prosecute suspect,
27680fe313285ecaab9eb6ec8b0aa880418a3d2f39ac8fc9b226343be7b51e87,2022-06,Bedfordshire Police,Bedfordshire Police,-0.657057,51.911484,On or near Grovebury Place Estate,E01017575,Central Bedfordshire 024C,Public order,Unable to prosecute suspect,
d6c998a2ccc21acb761bdf898108f5d4f24c7dccb23fb819552467c5a3d4ce94,2022-06,Bedfordshire Police,Bedfordshire Police,-0.661707,51.904712,On or near Grovebury Road,E01017575,Central Bedfordshire 024C,Vehicle crime,Investigation complete; no suspect identified,
05715145611e68911579e4abe046fd2ad5a0fe5c31e0e03e6aaf2e7650592011,2022-06,Bedfordshire Police,Bedfordshire Police,-0.662724,51.907673,On or near Grovebury Road,E01017575,Central Bedfordshire 024C,Vehicle crime,Investigation complete; no suspect identified,
20ff5ed01701906cd18f42e0b0bfbe4dadea3db3109a4ca58b2f751e666e037b,2022-06,Bedfordshire Police,Bedfordshire Police,-0.647056,51.911432,On or near Richmond Road,E01017575,Central Bedfordshire 024C,Violence and sexual offences,Unable to prosecute suspect,
572950b6bb271ee4307ba08dbfa06ee2b4a4379578f98c15c1ad265f2922e434,2022-06,Bedfordshire Police,Bedfordshire Police,-0.661707,51.904712,On or near Grovebury Road,E01017575,Central Bedfordshire 024C,Violence and sexual offences,Investigation complete; no suspect identified,
a6a48d2d8071d57b12993f3e2d86187a0e77facc5bcfdde958ed01296dcd2e0e,2022-06,Bedfordshire Police,Bedfordshire Police,-0.647056,51.911432,On or near Richmond Road,E01017575,Central Bedfordshire 024C,Violence and sexual offences,Unable to prosecute suspect,
c5abd9ae57344f1bdc99028eb5fbf686c4858433d97e3a7ff9b181f861997f37,2022-06,Bedfordshire Police,Bedfordshire Police,-0.647056,51.911432,On or near Richmond Road,E01017575,Central Bedfordshire 024C,Violence and sexual offences,Unable to prosecute suspect,
3b3daff774fc3058c07551c2682b359f5bdc66c9ecfc856ec9babd3c17e90851,2022-06,Bedfordshire Police,Bedfordshire Police,-0.655767,51.913780,On or near Falcon Mews,E01017575,Central Bedfordshire 024C,Violence and sexual offences,Court result unavailable,
36d39176b5a88d1913cbdb2fcf4abdc3b7d0ce2ffcaf89a8d23bea19ab0163b7,2022-06,Bedfordshire Police,Bedfordshire Police,-0.647056,51.911432,On or near Richmond Road,E01017575,Central Bedfordshire 024C,Violence and sexual offences,Unable to prosecute suspect,
99daf9f39cbb2365b4b50c22fb8e1f9ea4ca22c2e21034175c2e49b9c2d38d4e,2022-06,Bedfordshire Police,Bedfordshire Police,-0.647056,51.911432,On or near Richmond Road,E01017575,Central Bedfordshire 024C,Other crime,Unable to prosecute suspect,
8d7dd4eb4d1f7e41450479e07085f9affa76ac52a73fb3c387f3ba68555ffe46,2022-06,Bedfordshire Police,Bedfordshire Police,-0.647799,51.912340,On or near Highcroft,E01017576,Central Bedfordshire 024D,Violence and sexual offences,Unable to prosecute suspect,
798cea41617d6f8e4f615b3e9b9574cda116e892073d70060fd242803ca5a971,2022-06,Bedfordshire Police,Bedfordshire Police,-0.647799,51.912340,On or near Highcroft,E01017576,Central Bedfordshire 024D,Violence and sexual offences,Unable to prosecute suspect,
9ccd68feb79972053d2b6f72ce0925e3203ba761b23b4ea7845745a6fa4c796d,2022-06,Bedfordshire Police,Bedfordshire Police,-0.649466,51.914445,On or near Brooklands Avenue,E01017576,Central Bedfordshire 024D,Violence and sexual offences,Unable to prosecute suspect,
,2022-06,Bedfordshire Police,Bedfordshire Police,-0.641593,51.911333,On or near Newton Way,E01033191,Central Bedfordshire 024E,Anti-social behaviour,,
,2022-06,Bedfordshire Police,Bedfordshire Police,-0.641593,51.911333,On or near Newton Way,E01033191,Central Bedfordshire 024E,Anti-social behaviour,,
,2022-06,Bedfordshire Police,Bedfordshire Police,-0.637831,51.909752,On or near Palmer Crescent,E01033191,Central Bedfordshire 024E,Anti-social behaviour,,
,2022-06,Bedfordshire Police,Bedfordshire Police,-0.641593,51.911333,On or near Newton Way,E01033191,Central Bedfordshire 024E,Anti-social behaviour,,
,2022-06,Bedfordshire Police,Bedfordshire Police,-0.641593,51.911333,On or near Newton Way,E01033191,Central Bedfordshire 024E,Anti-social behaviour,,
,2022-06,Bedfordshire Police,Bedfordshire Police,-0.639933,51.911898,On or near Bishop Close,E01033191,Central Bedfordshire 024E,Anti-social behaviour,,
,2022-06,Bedfordshire Police,Bedfordshire Police,-0.638406,51.911422,On or near Learoyd Way,E01033191,Central Bedfordshire 024E,Anti-social behaviour,,
,2022-06,Bedfordshire Police,Bedfordshire Police,-0.638406,51.911422,On or near Learoyd Way,E01033191,Central Bedfordshire 024E,Anti-social behaviour,,
,2022-06,Bedfordshire Police,Bedfordshire Police,-0.637831,51.909752,On or near Palmer Crescent,E01033191,Central Bedfordshire 024E,Anti-social behaviour,,
d0f73d824a395dd5f2750bc401bbf17f7e2840f001579debdb482cdce122b3c2,2022-06,Bedfordshire Police,Bedfordshire Police,-0.641420,51.909830,On or near Gibson Drive,E01033191,Central Bedfordshire 024E,Criminal damage and arson,Investigation complete; no suspect identified,
6b5958b43936732c67e99cfe15e5b9669a6910fa1516e7e33394bbe335c6bbea,2022-06,Bedfordshire Police,Bedfordshire Police,-0.638406,51.911422,On or near Learoyd Way,E01033191,Central Bedfordshire 024E,Public order,Unable to prosecute suspect,
86fd054d036c3166274cbe88bcaf654292190e8c1cf706f5eb5a0b17aeccc5d9,2022-06,Bedfordshire Police,Bedfordshire Police,-0.641593,51.911333,On or near Newton Way,E01033191,Central Bedfordshire 024E,Violence and sexual offences,Unable to prosecute suspect,
24b1d3c5fd0dda96d08ca136be7f7c18baca0ed3559fefb8edfaf3241f47af0b,2022-06,Bedfordshire Police,Bedfordshire Police,-0.641593,51.911333,On or near Newton Way,E01033191,Central Bedfordshire 024E,Violence and sexual offences,Unable to prosecute suspect,
,2022-06,Bedfordshire Police,Bedfordshire Police,-0.645763,51.907524,On or near Cooper Drive,E01033192,Central Bedfordshire 024F,Anti-social behaviour,,
,2022-06,Bedfordshire Police,Bedfordshire Police,-0.642366,51.906909,On or near Cormorant Way,E01033192,Central Bedfordshire 024F,Anti-social behaviour,,
,2022-06,Bedfordshire Police,Bedfordshire Police,-0.642366,51.906909,On or near Cormorant Way,E01033192,Central Bedfordshire 024F,Anti-social behaviour,,
41c8cbf58469045c4ca5603da7555163fbf905806f78d96b6753f6b1a5250e8e,2022-06,Bedfordshire Police,Bedfordshire Police,-0.643316,51.907693,On or near Sandpiper Way,E01033192,Central Bedfordshire 024F,Other theft,Investigation complete; no suspect identified,
f2859b0c37268ddc08a8df1ff3f2517238eb00ca80aacae413932a86748952d6,2022-06,Bedfordshire Police,Bedfordshire Police,-0.649486,51.906047,On or near Bunting Drive,E01033192,Central Bedfordshire 024F,Other theft,Investigation complete; no suspect identified,
18c283e8cb515977dfe9d03e905b357bb87b65f2872995b9c211615f89a217f3,2022-06,Bedfordshire Police,Bedfordshire Police,-0.645763,51.907524,On or near Cooper Drive,E01033192,Central Bedfordshire 024F,Public order,Unable to prosecute suspect,
4d63c77a033c73c82bed00a638cda208b3339fbcd39ae42cad00b9f747a37965,2022-06,Bedfordshire Police,Bedfordshire Police,-0.649486,51.906047,On or near Bunting Drive,E01033192,Central Bedfordshire 024F,Violence and sexual offences,Unable to prosecute suspect,
70f3e9ccb3d2e71a4148bf23ce20787782955c5d645d4af88450f5e1e69c08b9,2022-06,Bedfordshire Police,Bedfordshire Police,-0.645763,51.907524,On or near Cooper Drive,E01033192,Central Bedfordshire 024F,Violence and sexual offences,Unable to prosecute suspect,
0f26b86396a8b5ddfb66b33feb07b77bfa41b6d3bcc405d48229bfeb484b7a2d,2022-06,Bedfordshire Police,Bedfordshire Police,-0.642366,51.906909,On or near Cormorant Way,E01033192,Central Bedfordshire 024F,Violence and sexual offences,Unable to prosecute suspect,
,2022-06,Bedfordshire Police,Bedfordshire Police,-0.636208,51.908169,On or near Middleton Way,E01033193,Central Bedfordshire 024G,Anti-social behaviour,,
,2022-06,Bedfordshire Police,Bedfordshire Police,-0.634465,51.914820,On or near Acacia Close,E01033193,Central Bedfordshire 024G,Anti-social behaviour,,
,2022-06,Bedfordshire Police,Bedfordshire Police,-0.649391,51.901460,On or near Petrol Station,E01033193,Central Bedfordshire 024G,Anti-social behaviour,,
,2022-06,Bedfordshire Police,Bedfordshire Police,-0.636208,51.908169,On or near Middleton Way,E01033193,Central Bedfordshire 024G,Anti-social behaviour,,
,2022-06,Bedfordshire Police,Bedfordshire Police,-0.644672,51.906127,On or near Johnson Drive,E01033193,Central Bedfordshire 024G,Anti-social behaviour,,
,2022-06,Bedfordshire Police,Bedfordshire Police,-0.636208,51.908169,On or near Middleton Way,E01033193,Central Bedfordshire 024G,Anti-social behaviour,,
,2022-06,Bedfordshire Police,Bedfordshire Police,-0.636208,51.908169,On or near Middleton Way,E01033193,Central Bedfordshire 024G,Anti-social behaviour,,
,2022-06,Bedfordshire Police,Bedfordshire Police,-0.650101,51.903465,On or near Billington Road,E01033193,Central Bedfordshire 024G,Anti-social behaviour,,
,2022-06,Bedfordshire Police,Bedfordshire Police,-0.634465,51.914820,On or near Acacia Close,E01033193,Central Bedfordshire 024G,Anti-social behaviour,,
,2022-06,Bedfordshire Police,Bedfordshire Police,-0.650101,51.903465,On or near Billington Road,E01033193,Central Bedfordshire 024G,Anti-social behaviour,,
,2022-06,Bedfordshire Police,Bedfordshire Police,-0.634465,51.914820,On or near Acacia Close,E01033193,Central Bedfordshire 024G,Anti-social behaviour,,
5ad4b46c4d8e06a3016784c411b40bfc5cbe2a9a708807b5ddb7a9e3f3020897,2022-06,Bedfordshire Police,Bedfordshire Police,-0.640545,51.907509,On or near Byford Path,E01033193,Central Bedfordshire 024G,Bicycle theft,Unable to prosecute suspect,
eba054b593f32b7964980005d4ef36b4f55780902d89cbfb7dcc1fcc8f37566d,2022-06,Bedfordshire Police,Bedfordshire Police,-0.635825,51.914566,On or near Cherrycourt Way,E01033193,Central Bedfordshire 024G,Burglary,Investigation complete; no suspect identified,
2301592ede44519dab1a37c59c4f69467c9b5443cc7c26d0eca5a0efeb3664fc,2022-06,Bedfordshire Police,Bedfordshire Police,-0.650101,51.903465,On or near Billington Road,E01033193,Central Bedfordshire 024G,Criminal damage and arson,Investigation complete; no suspect identified,
fc8e9a5a362558aee038098d08f6b3b1fbffcd99a9edb654abdb6124277cfa20,2022-06,Bedfordshire Police,Bedfordshire Police,-0.633017,51.910784,On or near Concord Way,E01033193,Central Bedfordshire 024G,Criminal damage and arson,Status update unavailable,
2322b7584f9dd855f3c82335f36f902e710ec6b6b066c0e901c9c03bd10b955c,2022-06,Bedfordshire Police,Bedfordshire Police,-0.650101,51.903465,On or near Billington Road,E01033193,Central Bedfordshire 024G,Other theft,Unable to prosecute suspect,
51550eb7930c8c48276ccf2792dd5a948b1812edd17fd20c28e4f92729f7c137,2022-06,Bedfordshire Police,Bedfordshire Police,-0.635825,51.914566,On or near Cherrycourt Way,E01033193,Central Bedfordshire 024G,Other theft,Investigation complete; no suspect identified,
da0d6ab29c15496e736c27c419804c094eef88ddf10f8d7d6c7540c0663e7e4a,2022-06,Bedfordshire Police,Bedfordshire Police,-0.640100,51.914544,On or near Marley Fields,E01033193,Central Bedfordshire 024G,Robbery,Investigation complete; no suspect identified,
61ccb299acf23abee3c3eca23c7909dba8151ad81bcf641bc9b9f3ac700467b1,2022-06,Bedfordshire Police,Bedfordshire Police,-0.650101,51.903465,On or near Billington Road,E01033193,Central Bedfordshire 024G,Shoplifting,Investigation complete; no suspect identified,
bbda63ef8d8b3d8c914b90ef101f56b537069cb0927c1a25d03cffea550729cc,2022-06,Bedfordshire Police,Bedfordshire Police,-0.649391,51.901460,On or near Petrol Station,E01033193,Central Bedfordshire 024G,Shoplifting,Investigation complete; no suspect identified,
ec02523fc8af49a7f1d012287e4738b9adf7383df0fb7877f750ec82aa019890,2022-06,Bedfordshire Police,Bedfordshire Police,-0.650101,51.903465,On or near Billington Road,E01033193,Central Bedfordshire 024G,Shoplifting,Investigation complete; no suspect identified,
e92ed70dbe4a7791b1676f3f970c5c6c7572d0702f7a9e16eb95f1fad86dd16e,2022-06,Bedfordshire Police,Bedfordshire Police,-0.634599,51.914696,On or near Theatre/Concert Hall,E01033193,Central Bedfordshire 024G,Vehicle crime,Investigation complete; no suspect identified,
dae7674fce3a370dd7001b0b55f93b358f2e3b2831e775dffcbebe3193c68ccf,2022-06,Bedfordshire Police,Bedfordshire Police,-0.650101,51.903465,On or near Billington Road,E01033193,Central Bedfordshire 024G,Violence and sexual offences,Unable to prosecute suspect,
faa975dc55490a638d20aa944662574c6a3a234f25563a0aaaf9c4116f3feedf,2022-06,Bedfordshire Police,Bedfordshire Police,-0.644672,51.906127,On or near Johnson Drive,E01033193,Central Bedfordshire 024G,Violence and sexual offences,Unable to prosecute suspect,
77047bdabdaa36a0f08a9853ea9a9cd1026a8b0c3cd62840b7adb95f18ae3d48,2022-06,Bedfordshire Police,Bedfordshire Police,-0.644672,51.906127,On or near Johnson Drive,E01033193,Central Bedfordshire 024G,Other crime,Further investigation is not in the public interest,
,2022-06,Bedfordshire Police,Bedfordshire Police,-0.498934,51.907191,On or near Conway Close,E01017600,Central Bedfordshire 025A,Anti-social behaviour,,
,2022-06,Bedfordshire Police,Bedfordshire Police,-0.498934,51.907191,On or near Conway Close,E01017600,Central Bedfordshire 025A,Anti-social behaviour,,
0b9b6e55e30c33c9e95acabe61dd63f3ff816181726687d1ae731964d4e848c9,2022-06,Bedfordshire Police,Bedfordshire Police,-0.498053,51.909202,On or near Conquest Road,E01017600,Central Bedfordshire 025A,Burglary,Investigation complete; no suspect identified,
14b87432fc951f60f7e4f512f862ca20e0ca100c8ad65e72a4c41b1cdd9883de,2022-06,Bedfordshire Police,Bedfordshire Police,-0.498053,51.909202,On or near Conquest Road,E01017600,Central Bedfordshire 025A,Criminal damage and arson,Investigation complete; no suspect identified,
f8d67828a777bf7abbb2207746b5194c7a400b9882cdcab0ef2fb9426ac47eb3,2022-06,Bedfordshire Police,Bedfordshire Police,-0.499853,51.910142,On or near Newbury Road,E01017600,Central Bedfordshire 025A,Violence and sexual offences,Unable to prosecute suspect,
8c54b16e09c6e6788b422f953cdad142af9f47638883b50e29ece087e0a1f552,2022-06,Bedfordshire Police,Bedfordshire Police,-0.499853,51.910142,On or near Newbury Road,E01017600,Central Bedfordshire 025A,Violence and sexual offences,Unable to prosecute suspect,
509c026dfe73884d0db36059c55c5b0a7bf853e5f6a7e93f2f7f16a0d269bac2,2022-06,Bedfordshire Police,Bedfordshire Police,-0.497970,51.908194,On or near Fenwick Road,E01017600,Central Bedfordshire 025A,Violence and sexual offences,Unable to prosecute suspect,
,2022-06,Bedfordshire Police,Bedfordshire Police,-0.507476,51.913054,On or near Brentwood Close,E01017601,Central Bedfordshire 025B,Anti-social behaviour,,
,2022-06,Bedfordshire Police,Bedfordshire Police,-0.503590,51.910999,On or near Trident Drive,E01017601,Central Bedfordshire 025B,Anti-social behaviour,,
,2022-06,Bedfordshire Police,Bedfordshire Police,-0.502422,51.909825,On or near Dolphin Drive,E01017601,Central Bedfordshire 025B,Anti-social behaviour,,
,2022-06,Bedfordshire Police,Bedfordshire Police,-0.507476,51.913054,On or near Brentwood Close,E01017601,Central Bedfordshire 025B,Anti-social behaviour,,
,2022-06,Bedfordshire Police,Bedfordshire Police,-0.502422,51.909825,On or near Dolphin Drive,E01017601,Central Bedfordshire 025B,Anti-social behaviour,,
a49a99640cf6d4ed81307aba94b8ea433e61c48e7d23663e938161ae8e256267,2022-06,Bedfordshire Police,Bedfordshire Police,-0.502422,51.909825,On or near Dolphin Drive,E01017601,Central Bedfordshire 025B,Bicycle theft,Investigation complete; no suspect identified,
558be2451fe7045f72a5740e66bc6329775f8c09e45391bf40e435c4c636f933,2022-06,Bedfordshire Police,Bedfordshire Police,-0.506319,51.911996,On or near Enfield Close,E01017601,Central Bedfordshire 025B,Criminal damage and arson,Investigation complete; no suspect identified,
616128900f89c6a83150cad2275f30fa6d08c69b24d5ae22452c0bb2aba23830,2022-06,Bedfordshire Police,Bedfordshire Police,-0.507476,51.913054,On or near Brentwood Close,E01017601,Central Bedfordshire 025B,Other theft,Investigation complete; no suspect identified,
ac945dab9c66166ffd151166b8ea19e3bb6ef56eb6eed63a9dcc0bf061d8d84f,2022-06,Bedfordshire Police,Bedfordshire Police,-0.502422,51.909825,On or near Dolphin Drive,E01017601,Central Bedfordshire 025B,Other theft,Unable to prosecute suspect,
1ef15689312c9032bc1ded717f1d813d60d39d0400159bf270650c28dbf9bb77,2022-06,Bedfordshire Police,Bedfordshire Police,-0.507145,51.911215,On or near Parkside Drive,E01017601,Central Bedfordshire 025B,Other theft,Investigation complete; no suspect identified,
d35eb8cf6ca322a7f556ab25699791d53ba824f5d566bdb8a19a3b8235ff7fee,2022-06,Bedfordshire Police,Bedfordshire Police,-0.502422,51.909825,On or near Dolphin Drive,E01017601,Central Bedfordshire 025B,Robbery,Court result unavailable,
e394fcfe012f36ced79fcec2ad2d9e68177dc97487ed000a3702714880152ef9,2022-06,Bedfordshire Police,Bedfordshire Police,-0.507476,51.913054,On or near Brentwood Close,E01017601,Central Bedfordshire 025B,Vehicle crime,Investigation complete; no suspect identified,
14cd29b1a1f09962321f2a6742fd6acfc039935de553309959902f7e76f4eb80,2022-06,Bedfordshire Police,Bedfordshire Police,-0.507145,51.911215,On or near Parkside Drive,E01017601,Central Bedfordshire 025B,Vehicle crime,Investigation complete; no suspect identified,
7ee24c7572c7d4a0759f4a22fce7d0500274722cfb78b49db848ad0a05662f28,2022-06,Bedfordshire Police,Bedfordshire Police,-0.509327,51.912924,On or near Pedestrian Subway,E01017601,Central Bedfordshire 025B,Violence and sexual offences,Unable to prosecute suspect,
4938cb30b7b9dda0a07009ff1f58210adc53a34a3025a2c06cfa31ce1f8691d8,2022-06,Bedfordshire Police,Bedfordshire Police,-0.503590,51.910999,On or near Trident Drive,E01017601,Central Bedfordshire 025B,Violence and sexual offences,Unable to prosecute suspect,
52c4fb0031563d493213f326d4a7af9d0728bec8d5ef0d4358417db3a9ffb006,2022-06,Bedfordshire Police,Bedfordshire Police,-0.503590,51.910999,On or near Trident Drive,E01017601,Central Bedfordshire 025B,Violence and sexual offences,Unable to prosecute suspect,
,2022-06,Bedfordshire Police,Bedfordshire Police,-0.509234,51.906944,On or near Bloomsbury Gardens,E01017602,Central Bedfordshire 025C,Anti-social behaviour,,
,2022-06,Bedfordshire Police,Bedfordshire Police,-0.509234,51.906944,On or near Bloomsbury Gardens,E01017602,Central Bedfordshire 025C,Anti-social behaviour,,
,2022-06,Bedfordshire Police,Bedfordshire Police,-0.510453,51.907903,On or near Pedestrian Subway,E01017602,Central Bedfordshire 025C,Anti-social behaviour,,
,2022-06,Bedfordshire Police,Bedfordshire Police,-0.509234,51.906944,On or near Bloomsbury Gardens,E01017602,Central Bedfordshire 025C,Anti-social behaviour,,
,2022-06,Bedfordshire Police,Bedfordshire Police,-0.509227,51.909794,On or near Chelsea Gardens,E01017602,Central Bedfordshire 025C,Anti-social behaviour,,
,2022-06,Bedfordshire Police,Bedfordshire Police,-0.508129,51.908710,On or near Bromley Gardens,E01017602,Central Bedfordshire 025C,Anti-social behaviour,,
,2022-06,Bedfordshire Police,Bedfordshire Police,-0.509234,51.906944,On or near Bloomsbury Gardens,E01017602,Central Bedfordshire 025C,Anti-social behaviour,,
7764ec908482158fcc5de4cf399cd4e76d50fd2ec65ecb13de40add60493a59b,2022-06,Bedfordshire Police,Bedfordshire Police,-0.509227,51.909794,On or near Chelsea Gardens,E01017602,Central Bedfordshire 025C,Criminal damage and arson,Investigation complete; no suspect identified,
c34f5b79bac5db4cd437822cbe23ee4314e00e410923e1376222f4d9a62caf56,2022-06,Bedfordshire Police,Bedfordshire Police,-0.513066,51.908907,On or near Hammersmith Close,E01017602,Central Bedfordshire 025C,Criminal damage and arson,Unable to prosecute suspect,
d0263bc0c794d9b00c6b325ce8c5a659488124cac07b7b2741ad15cca07111e7,2022-06,Bedfordshire Police,Bedfordshire Police,-0.510978,51.910922,On or near Westminster Gardens,E01017602,Central Bedfordshire 025C,Criminal damage and arson,Investigation complete; no suspect identified,
98b4a8f6f973100f6fc5f978653a24e3dc09c6012449f3e3a297b330943f8d75,2022-06,Bedfordshire Police,Bedfordshire Police,-0.510978,51.910922,On or near Westminster Gardens,E01017602,Central Bedfordshire 025C,Drugs,Awaiting court outcome,
3a012cea672bc4aa98d9cd9e5636b0d89605e71acbdcde3c926b7ca86d597a89,2022-06,Bedfordshire Police,Bedfordshire Police,-0.509227,51.909794,On or near Chelsea Gardens,E01017602,Central Bedfordshire 025C,Public order,Investigation complete; no suspect identified,
78658aadd97c16ea0cf6ae5d08f8116b119c236f683173f924738ea5b65e9bb3,2022-06,Bedfordshire Police,Bedfordshire Police,-0.508129,51.908710,On or near Bromley Gardens,E01017602,Central Bedfordshire 025C,Violence and sexual offences,Action to be taken by another organisation,
c5515c915a0e6d44bd9ebbe168cc76a092e837f6fa16b9fe5d4da3f026ad36d9,2022-06,Bedfordshire Police,Bedfordshire Police,-0.510453,51.907903,On or near Pedestrian Subway,E01017602,Central Bedfordshire 025C,Violence and sexual offences,Unable to prosecute suspect,
0d3884f51ed93638bd02c6932740fad88b18f01c1816afcba7684b36c726b2fd,2022-06,Bedfordshire Police,Bedfordshire Police,-0.509227,51.909794,On or near Chelsea Gardens,E01017602,Central Bedfordshire 025C,Violence and sexual offences,Investigation complete; no suspect identified,
4ce131bd31fde35c054da6c76a54ee7e0605da959f36576376203698605362e8,2022-06,Bedfordshire Police,Bedfordshire Police,-0.509227,51.909794,On or near Chelsea Gardens,E01017602,Central Bedfordshire 025C,Violence and sexual offences,Investigation complete; no suspect identified,
,2022-06,Bedfordshire Police,Bedfordshire Police,-0.530085,51.912160,On or near Bedford Road,E01017618,Central Bedfordshire 025D,Anti-social behaviour,,
38e02d938ad145d94a3c6658cf955d30b6709c5edd8f567a6ab7013882274ee4,2022-06,Bedfordshire Police,Bedfordshire Police,-0.530085,51.912160,On or near Bedford Road,E01017618,Central Bedfordshire 025D,Burglary,Investigation complete; no suspect identified,
a8098084d1ba7fbfdc635c2a594b9c696b28f94905911f7197bfb25e2588f0bd,2022-06,Bedfordshire Police,Bedfordshire Police,-0.518605,51.908896,On or near Meads Close,E01017618,Central Bedfordshire 025D,Burglary,Investigation complete; no suspect identified,
66ccac8ce3ba2ecb610a9de6d9fb0824de972c22a2007b79f3c307c00549b31e,2022-06,Bedfordshire Police,Bedfordshire Police,-0.530085,51.912160,On or near Bedford Road,E01017618,Central Bedfordshire 025D,Criminal damage and arson,Investigation complete; no suspect identified,
eb8339ba9f78a8c3930599ec7bf347ab233ea83df22f428eb4ec20746d765acf,2022-06,Bedfordshire Police,Bedfordshire Police,-0.530085,51.912160,On or near Bedford Road,E01017618,Central Bedfordshire 025D,Criminal damage and arson,Unable to prosecute suspect,
459eb31873e2469ba305750b317a5b706b61e28b80ce100e6fb584072e58acd7,2022-06,Bedfordshire Police,Bedfordshire Police,-0.521814,51.907678,On or near Dellmont Road,E01017618,Central Bedfordshire 025D,Drugs,Unable to prosecute suspect,
1ea23f163bd747da491fea0a2047dcf840b35b21beea889736dd3ede0ff1c94d,2022-06,Bedfordshire Police,Bedfordshire Police,-0.518399,51.912050,On or near Leaf Road,E01017618,Central Bedfordshire 025D,Public order,Unable to prosecute suspect,
2d77d871d9f96bd93ca78bbb6fbab0b48fb32944b2bbd141b5346a01a0ebd49f,2022-06,Bedfordshire Police,Bedfordshire Police,-0.519451,51.910561,On or near Ash Tree Road,E01017618,Central Bedfordshire 025D,Public order,Unable to prosecute suspect,
555f5035f26a8bc7baf0af3a73a337bf734ee0139380a80fa872751fc81feecf,2022-06,Bedfordshire Police,Bedfordshire Police,-0.530085,51.912160,On or near Bedford Road,E01017618,Central Bedfordshire 025D,Public order,Unable to prosecute suspect,
1162f807c4407baacf2aa2e973b86ee2d344ba11cecde5bf4b01d18e5b8c3366,2022-06,Bedfordshire Police,Bedfordshire Police,-0.530085,51.912160,On or near Bedford Road,E01017618,Central Bedfordshire 025D,Violence and sexual offences,Unable to prosecute suspect,
7b3705f195affcc3a8e0844753667300bcb44fc5cb4ce07f94b817e7c47b4d60,2022-06,Bedfordshire Police,Bedfordshire Police,-0.522163,51.909013,On or near Dell Road,E01017618,Central Bedfordshire 025D,Violence and sexual offences,Unable to prosecute suspect,
501c5926b7d220c05794ae5a2dd2c4f1bc19e43b502b6ead438be1fe579f1f06,2022-06,Bedfordshire Police,Bedfordshire Police,-0.530085,51.912160,On or near Bedford Road,E01017618,Central Bedfordshire 025D,Violence and sexual offences,Unable to prosecute suspect,
03fdcc9b72cd3b22b5f1deea89f1cb1f41c7bf0e0f5159b7a0e434d2eab09eef,2022-06,Bedfordshire Police,Bedfordshire Police,-0.519451,51.910561,On or near Ash Tree Road,E01017618,Central Bedfordshire 025D,Violence and sexual offences,Unable to prosecute suspect,
c1dbe140265f4e67a9ab42b118e525cbfde5e97723fffd7638bdf70b58b19abc,2022-06,Bedfordshire Police,Bedfordshire Police,-0.523283,51.907211,On or near Hillside,E01017618,Central Bedfordshire 025D,Violence and sexual offences,Investigation complete; no suspect identified,
1e17dbdaaa611c2113abde18df05f35c55408d0ca7945e869ba35f6fec54efb5,2022-06,Bedfordshire Police,Bedfordshire Police,-0.522163,51.909013,On or near Dell Road,E01017618,Central Bedfordshire 025D,Violence and sexual offences,Unable to prosecute suspect,
531027ad6443d297ddbe7b62bee83d2aa68aaeec452baa6df2b529038f89a0db,2022-06,Bedfordshire Police,Bedfordshire Police,-0.522163,51.909013,On or near Dell Road,E01017618,Central Bedfordshire 025D,Violence and sexual offences,Court result unavailable,
2cd8dbc8481ee8714d75bc6b0d4a90d25d65fd03b410cfd0eeeb9e1b3d48a5fc,2022-06,Bedfordshire Police,Bedfordshire Police,-0.518399,51.912050,On or near Leaf Road,E01017618,Central Bedfordshire 025D,Violence and sexual offences,Unable to prosecute suspect,
9a0926236fce8859686078021fd59f31811fb6085ae97021153f50b209adb08d,2022-06,Bedfordshire Police,Bedfordshire Police,-0.530085,51.912160,On or near Bedford Road,E01017618,Central Bedfordshire 025D,Violence and sexual offences,Unable to prosecute suspect,
e2b6134ca267d144b114bcd2c1d9f945e793baa19a0f1e6a229d792d57bf7ee0,2022-06,Bedfordshire Police,Bedfordshire Police,-0.530085,51.912160,On or near Bedford Road,E01017618,Central Bedfordshire 025D,Violence and sexual offences,Unable to prosecute suspect,
3dc2ff9eed55fa3ff1f9651d7aff217eac89e9eaa353014dcf4b6535f4b5e29f,2022-06,Bedfordshire Police,Bedfordshire Police,-0.522163,51.909013,On or near Dell Road,E01017618,Central Bedfordshire 025D,Violence and sexual offences,Unable to prosecute suspect,
3f64c601e3ca0620d8780d14ac08799fc42f50e22a0e9b09c27b1dc91ad4e255,2022-06,Bedfordshire Police,Bedfordshire Police,-0.521814,51.907678,On or near Dellmont Road,E01017618,Central Bedfordshire 025D,Other crime,Unable to prosecute suspect,
,2022-06,Bedfordshire Police,Bedfordshire Police,-0.511158,51.914269,On or near Hillborough Crescent,E01017619,Central Bedfordshire 025E,Anti-social behaviour,,
,2022-06,Bedfordshire Police,Bedfordshire Police,-0.512985,51.912233,On or near Sycamore Road,E01017619,Central Bedfordshire 025E,Anti-social behaviour,,
eed786fb6b96c0e9817309663479c6f827519700b43013fe042fd82af204e609,2022-06,Bedfordshire Police,Bedfordshire Police,-0.510218,51.914572,On or near Eddiwick Avenue,E01017619,Central Bedfordshire 025E,Drugs,Status update unavailable,
39a7b1b30e70e1db6f65efffce1a601cff115d6a588371d98dc70c59a1061dc5,2022-06,Bedfordshire Police,Bedfordshire Police,-0.514922,51.911242,On or near Recreation Road,E01017619,Central Bedfordshire 025E,Violence and sexual offences,Unable to prosecute suspect,
a5775806552e3b8e9307567fbafdfe234def0d3801f0faad032441bfe2d0d8df,2022-06,Bedfordshire Police,Bedfordshire Police,-0.509038,51.914179,On or near Kent Road,E01017619,Central Bedfordshire 025E,Violence and sexual offences,Unable to prosecute suspect,
a1f6c806caf792b10874889826bc6aacc1c3aa0f40a947655fb608d07ca30ba4,2022-06,Bedfordshire Police,Bedfordshire Police,-0.508704,51.916387,On or near Thornhill Close,E01017619,Central Bedfordshire 025E,Violence and sexual offences,Investigation complete; no suspect identified,
cef45b74a3dc2827078c40ffad3167f00f758543f94aeb5868f8ad15e45a7369,2022-06,Bedfordshire Police,Bedfordshire Police,-0.512985,51.912233,On or near Sycamore Road,E01017619,Central Bedfordshire 025E,Violence and sexual offences,Unable to prosecute suspect,
f1129ee027219988efa5a778d1a41e7dee68dbedf355f0b7088844518e293364,2022-06,Bedfordshire Police,Bedfordshire Police,-0.514922,51.911242,On or near Recreation Road,E01017619,Central Bedfordshire 025E,Violence and sexual offences,Unable to prosecute suspect,
2aeac1cc2cb3c05bf32e90e9a3971ccf25fb13d68da3dbb402d414b2130c7c42,2022-06,Bedfordshire Police,Bedfordshire Police,-0.512801,51.915594,On or near Grove Road,E01017619,Central Bedfordshire 025E,Violence and sexual offences,Unable to prosecute suspect,
f679ac76c7666abafd561ebace98ad8aee25f5d784c487272a174cfac42db535,2022-06,Bedfordshire Police,Bedfordshire Police,-0.511158,51.914269,On or near Hillborough Crescent,E01017619,Central Bedfordshire 025E,Violence and sexual offences,Unable to prosecute suspect,
,2022-06,Bedfordshire Police,Bedfordshire Police,-0.523250,51.903344,On or near High Street,E01017578,Central Bedfordshire 026A,Anti-social behaviour,,
,2022-06,Bedfordshire Police,Bedfordshire Police,-0.521167,51.900809,On or near Cemetery Road,E01017578,Central Bedfordshire 026A,Anti-social behaviour,,
,2022-06,Bedfordshire Police,Bedfordshire Police,-0.521167,51.900809,On or near Cemetery Road,E01017578,Central Bedfordshire 026A,Anti-social behaviour,,
,2022-06,Bedfordshire Police,Bedfordshire Police,-0.544298,51.901538,On or near Watling Street,E01017578,Central Bedfordshire 026A,Anti-social behaviour,,
,2022-06,Bedfordshire Police,Bedfordshire Police,-0.521167,51.900809,On or near Cemetery Road,E01017578,Central Bedfordshire 026A,Anti-social behaviour,,
8ce0c16fa3ff14d771720745b69d20d7aa190bebe024a5ce463d1cd38d715ab6,2022-06,Bedfordshire Police,Bedfordshire Police,-0.527990,51.901983,On or near Millers Way,E01017578,Central Bedfordshire 026A,Bicycle theft,Investigation complete; no suspect identified,
4b6938cb3bee4e7a3e480a51ba7eef8d7cfd9e5a35e20c4119ad2bebf1161150,2022-06,Bedfordshire Police,Bedfordshire Police,-0.526511,51.896974,On or near Douglas Crescent,E01017578,Central Bedfordshire 026A,Burglary,Investigation complete; no suspect identified,
de32840208fb061fac34f0b8d217c3518b5dd5720690472e6f1406f354fcfdd0,2022-06,Bedfordshire Police,Bedfordshire Police,-0.527037,51.899102,On or near Houghton Road,E01017578,Central Bedfordshire 026A,Criminal damage and arson,Unable to prosecute suspect,
14513957d58c24ac2a9d1eccb7fb826c7af125211646cc5a549a2c34ab268b67,2022-06,Bedfordshire Police,Bedfordshire Police,-0.526574,51.905256,On or near Barleyfield Way,E01017578,Central Bedfordshire 026A,Criminal damage and arson,Unable to prosecute suspect,
dbd372eba535a342d4da99abdcbe4f94aae341afcb3e5394a953c2b06ffec5c3,2022-06,Bedfordshire Police,Bedfordshire Police,-0.521434,51.899320,On or near Orchard Close,E01017578,Central Bedfordshire 026A,Criminal damage and arson,Investigation complete; no suspect identified,
a6773d9caca452d54e41c5a99dffaebebe7c128330c9be69a83a3d567ba36312,2022-06,Bedfordshire Police,Bedfordshire Police,-0.544298,51.901538,On or near Watling Street,E01017578,Central Bedfordshire 026A,Criminal damage and arson,Unable to prosecute suspect,
980e9bbb0398b8f4aee8020be7063125946ad27cc63c1a7294dbdd0bdfa52e90,2022-06,Bedfordshire Police,Bedfordshire Police,-0.544803,51.907964,On or near Park/Open Space,E01017578,Central Bedfordshire 026A,Other theft,Unable to prosecute suspect,
65ac08f18f1cf879413cf03cbedebf207b02052b225f7ce9ade86ffda27b0c8f,2022-06,Bedfordshire Police,Bedfordshire Police,-0.527037,51.899102,On or near Houghton Road,E01017578,Central Bedfordshire 026A,Vehicle crime,Investigation complete; no suspect identified,
267f45254fc99b3657a851a727264c8945c4393818dabdecd98a3ce4da819f2f,2022-06,Bedfordshire Police,Bedfordshire Police,-0.523250,51.903344,On or near High Street,E01017578,Central Bedfordshire 026A,Vehicle crime,Investigation complete; no suspect identified,
b96551e0dbaee9b0b536dd053b30549cf523370addff9b650acc094bc9d66e65,2022-06,Bedfordshire Police,Bedfordshire Police,-0.546518,51.902555,On or near Petrol Station,E01017578,Central Bedfordshire 026A,Violence and sexual offences,Investigation complete; no suspect identified,
,2022-06,Bedfordshire Police,Bedfordshire Police,-0.527320,51.907783,On or near Bankside Close,E01017579,Central Bedfordshire 026B,Anti-social behaviour,,
,2022-06,Bedfordshire Police,Bedfordshire Police,-0.527947,51.906856,On or near Plaiters Way,E01017579,Central Bedfordshire 026B,Anti-social behaviour,,
16a4358244b20317edc1823906beadb86f19c221f0625ac48763dd1da1fe3eb4,2022-06,Bedfordshire Police,Bedfordshire Police,-0.526644,51.902667,On or near Mill Road,E01017579,Central Bedfordshire 026B,Criminal damage and arson,Unable to prosecute suspect,
722c91131f2b1449fcdf44fa3eda2cee012036cf36a9cde98f81c11213397c05,2022-06,Bedfordshire Police,Bedfordshire Police,-0.522882,51.904382,On or near Roman Gardens,E01017579,Central Bedfordshire 026B,Criminal damage and arson,Investigation complete; no suspect identified,
f6abb1783248ea9218bedb8839f6456b5c5a47d1606255205c6e37986d4429d6,2022-06,Bedfordshire Police,Bedfordshire Police,-0.522882,51.904382,On or near Roman Gardens,E01017579,Central Bedfordshire 026B,Violence and sexual offences,Unable to prosecute suspect,
36efee9e64267af2ac226535a13ac84e18365ea936ee7b1a670ee602cd52f2ae,2022-06,Bedfordshire Police,Bedfordshire Police,-0.522669,51.906430,On or near Vicarage Road,E01017579,Central Bedfordshire 026B,Violence and sexual offences,Unable to prosecute suspect,
8199c75d17533d40057d4d492ac073e2d75ceac45e540c3a0a11150e62872c1d,2022-06,Bedfordshire Police,Bedfordshire Police,-0.522882,51.904382,On or near Roman Gardens,E01017579,Central Bedfordshire 026B,Violence and sexual offences,Unable to prosecute suspect,
fa8ddfb781b7063e561fed29b9fa45872ef8a33ae8bf874d5dff8e5b81af3190,2022-06,Bedfordshire Police,Bedfordshire Police,-0.526644,51.902667,On or near Mill Road,E01017579,Central Bedfordshire 026B,Violence and sexual offences,Local resolution,
37ddf23f1e7abd6e1eabd4d88c2a7fd9762c5093394e4929b1aa93ecff1c714b,2022-06,Bedfordshire Police,Bedfordshire Police,-0.522669,51.906430,On or near Vicarage Road,E01017579,Central Bedfordshire 026B,Violence and sexual offences,Unable to prosecute suspect,
5940e2ba663751ec4e60f0b61ea67e9aead3d1b618369a5facf7acd96629a433,2022-06,Bedfordshire Police,Bedfordshire Police,-0.526644,51.902667,On or near Mill Road,E01017579,Central Bedfordshire 026B,Violence and sexual offences,Unable to prosecute suspect,
,2022-06,Bedfordshire Police,Bedfordshire Police,-0.503816,51.904205,On or near Evans Close,E01017580,Central Bedfordshire 026C,Anti-social behaviour,,
,2022-06,Bedfordshire Police,Bedfordshire Police,-0.506396,51.908364,On or near Constable Close,E01017580,Central Bedfordshire 026C,Anti-social behaviour,,
,2022-06,Bedfordshire Police,Bedfordshire Police,-0.500053,51.905020,On or near Richmond Drive,E01017580,Central Bedfordshire 026C,Anti-social behaviour,,
,2022-06,Bedfordshire Police,Bedfordshire Police,-0.506396,51.908364,On or near Constable Close,E01017580,Central Bedfordshire 026C,Anti-social behaviour,,
,2022-06,Bedfordshire Police,Bedfordshire Police,-0.505757,51.901792,On or near Milton Way,E01017580,Central Bedfordshire 026C,Anti-social behaviour,,
,2022-06,Bedfordshire Police,Bedfordshire Police,-0.503816,51.904205,On or near Evans Close,E01017580,Central Bedfordshire 026C,Anti-social behaviour,,
,2022-06,Bedfordshire Police,Bedfordshire Police,-0.503012,51.905219,On or near Kingsland Close,E01017580,Central Bedfordshire 026C,Anti-social behaviour,,
fe9c0fe5dca9baf13b931510265fde9eb24c43d56e118c11121a5a95ae981413,2022-06,Bedfordshire Police,Bedfordshire Police,-0.503674,51.902782,On or near Sandringham Drive,E01017580,Central Bedfordshire 026C,Burglary,Investigation complete; no suspect identified,
90401d5016d8a4751a0b21a17e7ddf9ec6f8ea5b87035cb5af31808a8d083d1c,2022-06,Bedfordshire Police,Bedfordshire Police,-0.503280,51.903703,On or near Tudor Drive,E01017580,Central Bedfordshire 026C,Criminal damage and arson,Investigation complete; no suspect identified,
801a8e23a09b75c50167f56d728e683f7a1264c81aef3b1b44d7560d68451af8,2022-06,Bedfordshire Police,Bedfordshire Police,-0.503012,51.905219,On or near Kingsland Close,E01017580,Central Bedfordshire 026C,Criminal damage and arson,Unable to prosecute suspect,
4fd687cfec25d1519fd446e2cf7fca60f1d2e50c007293a2a5be6bb451d9cd78,2022-06,Bedfordshire Police,Bedfordshire Police,-0.501849,51.905205,On or near Balmoral Road,E01017580,Central Bedfordshire 026C,Criminal damage and arson,Investigation complete; no suspect identified,
6a623a96b784294d59da899fe0ac6b78e476d073bf7cf567048c47036b8f3ec7,2022-06,Bedfordshire Police,Bedfordshire Police,-0.503674,51.902782,On or near Sandringham Drive,E01017580,Central Bedfordshire 026C,Criminal damage and arson,Investigation complete; no suspect identified,
0854120ae7cab4472e5f5f624e6940d07f85d4f62975384b85602f5cf1286087,2022-06,Bedfordshire Police,Bedfordshire Police,-0.503012,51.905219,On or near Kingsland Close,E01017580,Central Bedfordshire 026C,Criminal damage and arson,Unable to prosecute suspect,
aa2ffe66836e57a2d15feececf92fb498fb9a77db04756217923fcfd83474718,2022-06,Bedfordshire Police,Bedfordshire Police,-0.509309,51.904679,On or near Longbrooke,E01017580,Central Bedfordshire 026C,Criminal damage and arson,Unable to prosecute suspect,
76138846dd2be063ed7e5b8103a5ddf5d6fc332a2935a81e326c7db6df756de8,2022-06,Bedfordshire Police,Bedfordshire Police,-0.506396,51.908364,On or near Constable Close,E01017580,Central Bedfordshire 026C,Robbery,Investigation complete; no suspect identified,
3f3cd6bea79b635c8c251eaa85fe3290c625d968724bf5680e38a9970e3188bc,2022-06,Bedfordshire Police,Bedfordshire Police,-0.500692,51.904605,On or near Holyrood Drive,E01017580,Central Bedfordshire 026C,Theft from the person,Unable to prosecute suspect,
3ffe3a45d97ff91d70c5be1cefb5e700ec21339df54b5da51d2198ee17c8b4f1,2022-06,Bedfordshire Police,Bedfordshire Police,-0.503012,51.905219,On or near Kingsland Close,E01017580,Central Bedfordshire 026C,Violence and sexual offences,Unable to prosecute suspect,
e8558563d1a3c42dfc0f56495bff0351745dc4856c27c18bdfca085777e10edd,2022-06,Bedfordshire Police,Bedfordshire Police,-0.503816,51.904205,On or near Evans Close,E01017580,Central Bedfordshire 026C,Violence and sexual offences,Unable to prosecute suspect,
6dc3b2a6212289e965154108fb779555bc7eb8dfa615dce62879b198688f988e,2022-06,Bedfordshire Police,Bedfordshire Police,-0.500053,51.905020,On or near Richmond Drive,E01017580,Central Bedfordshire 026C,Violence and sexual offences,Unable to prosecute suspect,
6866d7d5f741986beaf5eb383e019b28e5ff428f9f923927a178c9759911d49e,2022-06,Bedfordshire Police,Bedfordshire Police,-0.502998,51.903016,On or near St James Close,E01017580,Central Bedfordshire 026C,Violence and sexual offences,Unable to prosecute suspect,
9063cdb6cfe21cfac243432694a6aba1ea79e5a023127550c85cdca885fc7f16,2022-06,Bedfordshire Police,Bedfordshire Police,-0.503012,51.905219,On or near Kingsland Close,E01017580,Central Bedfordshire 026C,Violence and sexual offences,Unable to prosecute suspect,
a7c7b0a8a1ceff1e69f2d57bf9b4082154a4f5cf03a31f2bda9e06ebfd608072,2022-06,Bedfordshire Police,Bedfordshire Police,-0.503012,51.905219,On or near Kingsland Close,E01017580,Central Bedfordshire 026C,Violence and sexual offences,Unable to prosecute suspect,
c5a41f9ffcbcacef590c2497be05a8518e5057da43c033f07bb216ea3cc5b494,2022-06,Bedfordshire Police,Bedfordshire Police,-0.509309,51.904679,On or near Longbrooke,E01017580,Central Bedfordshire 026C,Violence and sexual offences,Unable to prosecute suspect,
303cf141c0441a843267ca842e86d554be3173aa5e6440ae55c7de6858f56168,2022-06,Bedfordshire Police,Bedfordshire Police,-0.507620,51.907840,On or near Turner Close,E01017580,Central Bedfordshire 026C,Violence and sexual offences,Unable to prosecute suspect,
94a0525753b78df0c572e48e34d60be62e0ee3deff5b7674360a2179197f6eee,2022-06,Bedfordshire Police,Bedfordshire Police,-0.500053,51.905020,On or near Richmond Drive,E01017580,Central Bedfordshire 026C,Violence and sexual offences,Unable to prosecute suspect,
9dc9e56d0f68dabb58f12870ee56617dd71711746e4750e8f9585d57e3e2992c,2022-06,Bedfordshire Police,Bedfordshire Police,-0.505757,51.901792,On or near Milton Way,E01017580,Central Bedfordshire 026C,Violence and sexual offences,Status update unavailable,
becdfa40999ab04b8e3376e361217ffed3357fc5a1d864899953a0824ae31fe4,2022-06,Bedfordshire Police,Bedfordshire Police,-0.500053,51.905020,On or near Richmond Drive,E01017580,Central Bedfordshire 026C,Violence and sexual offences,Unable to prosecute suspect,
ed3541bbc402c4b9cae04a3a89d4cf7f1864578eee2e07e970d2b4989def4573,2022-06,Bedfordshire Police,Bedfordshire Police,-0.500692,51.904605,On or near Holyrood Drive,E01017580,Central Bedfordshire 026C,Violence and sexual offences,Unable to prosecute suspect,
53e69d5493fa2bdd002375e21d0fec7d88482d4ffb67527a32e047ca925a50df,2022-06,Bedfordshire Police,Bedfordshire Police,-0.507472,51.907488,On or near Gainsborough Drive,E01017580,Central Bedfordshire 026C,Violence and sexual offences,Unable to prosecute suspect,
,2022-06,Bedfordshire Police,Bedfordshire Police,-0.519920,51.905136,On or near Supermarket,E01017581,Central Bedfordshire 026D,Anti-social behaviour,,
,2022-06,Bedfordshire Police,Bedfordshire Police,-0.517005,51.904506,On or near The Green,E01017581,Central Bedfordshire 026D,Anti-social behaviour,,
,2022-06,Bedfordshire Police,Bedfordshire Police,-0.520097,51.905957,On or near Angels Lane,E01017581,Central Bedfordshire 026D,Anti-social behaviour,,
,2022-06,Bedfordshire Police,Bedfordshire Police,-0.517931,51.902864,On or near Clarkes Way,E01017581,Central Bedfordshire 026D,Anti-social behaviour,,
,2022-06,Bedfordshire Police,Bedfordshire Police,-0.519920,51.905136,On or near Supermarket,E01017581,Central Bedfordshire 026D,Anti-social behaviour,,
,2022-06,Bedfordshire Police,Bedfordshire Police,-0.519826,51.901817,On or near Manor Park,E01017581,Central Bedfordshire 026D,Anti-social behaviour,,
,2022-06,Bedfordshire Police,Bedfordshire Police,-0.519920,51.905136,On or near Supermarket,E01017581,Central Bedfordshire 026D,Anti-social behaviour,,
,2022-06,Bedfordshire Police,Bedfordshire Police,-0.507374,51.895096,On or near Humphrys Road,E01017581,Central Bedfordshire 026D,Anti-social behaviour,,
,2022-06,Bedfordshire Police,Bedfordshire Police,-0.510203,51.903162,On or near Park Road North,E01017581,Central Bedfordshire 026D,Anti-social behaviour,,
,2022-06,Bedfordshire Police,Bedfordshire Police,-0.519920,51.905136,On or near Supermarket,E01017581,Central Bedfordshire 026D,Anti-social behaviour,,
8d7d8a5c290722d7e25008679284de961279e4ee4211dbcca88d4d3a9948239a,2022-06,Bedfordshire Police,Bedfordshire Police,-0.517931,51.902864,On or near Clarkes Way,E01017581,Central Bedfordshire 026D,Bicycle theft,Investigation complete; no suspect identified,
5e5616ca2235aeb7e2592c86e2ab2c452e688b45ceb4b2e104dacb70125acc54,2022-06,Bedfordshire Police,Bedfordshire Police,-0.519752,51.903633,On or near Whitehouse Close,E01017581,Central Bedfordshire 026D,Burglary,Investigation complete; no suspect identified,
68a43ba500424656db5f8e76bda7a7680b3b584d2739b685fff42c2b6fbe281f,2022-06,Bedfordshire Police,Bedfordshire Police,-0.517931,51.902864,On or near Clarkes Way,E01017581,Central Bedfordshire 026D,Criminal damage and arson,Investigation complete; no suspect identified,
54cb7d4d5e2aa1f309227f9e760a5538ab5454948fd495233f96bdbaecb5fba5,2022-06,Bedfordshire Police,Bedfordshire Police,-0.517005,51.904506,On or near The Green,E01017581,Central Bedfordshire 026D,Criminal damage and arson,Investigation complete; no suspect identified,
4490878067f1543bc449c27ba069c8c15eb651d6b5ba8be8722e28c77334b049,2022-06,Bedfordshire Police,Bedfordshire Police,-0.517931,51.902864,On or near Clarkes Way,E01017581,Central Bedfordshire 026D,Criminal damage and arson,Investigation complete; no suspect identified,
8ccccce641dae59d179ec17801fea8642d1be0432e0eccb29e075997dad9c217,2022-06,Bedfordshire Police,Bedfordshire Police,-0.514803,51.906034,On or near East End,E01017581,Central Bedfordshire 026D,Drugs,Formal action is not in the public interest,
ab4a6636ecb03acc2defdcfb3947866df036745f00b240101b8c859a6901bcfd,2022-06,Bedfordshire Police,Bedfordshire Police,-0.514803,51.906034,On or near East End,E01017581,Central Bedfordshire 026D,Drugs,Offender given a caution,
8ad0ea5d2f340cf57578c7caadc319513eb0a40794b2a83ad5582de5ec7adc3b,2022-06,Bedfordshire Police,Bedfordshire Police,-0.519920,51.905136,On or near Supermarket,E01017581,Central Bedfordshire 026D,Other theft,Investigation complete; no suspect identified,
06589e7c8f4835c50185a01a505e1e7a8f316b4d087ab73770dc967a128c3c38,2022-06,Bedfordshire Police,Bedfordshire Police,-0.514803,51.906034,On or near East End,E01017581,Central Bedfordshire 026D,Possession of weapons,Court result unavailable,
6dfa073615387da2c1f9dcd231f1910dcaeadc6b1fab805dc4b89f9b6add98cb,2022-06,Bedfordshire Police,Bedfordshire Police,-0.519826,51.901817,On or near Manor Park,E01017581,Central Bedfordshire 026D,Public order,Unable to prosecute suspect,
c6ef0bef411a0176d5ed9fdb82e4aee7bfea94da667e60700b3b64c1d578316b,2022-06,Bedfordshire Police,Bedfordshire Police,-0.519920,51.905136,On or near Supermarket,E01017581,Central Bedfordshire 026D,Public order,Investigation complete; no suspect identified,
18fb80c6284c86365c6da3fe60877185918bf0ffc0a219ad00dabaa5f66a3fd9,2022-06,Bedfordshire Police,Bedfordshire Police,-0.519920,51.905136,On or near Supermarket,E01017581,Central Bedfordshire 026D,Public order,Investigation complete; no suspect identified,
f8f727a80db3043a1331fb08a94ded027d2e306a787df49c2fff462d3fd649d4,2022-06,Bedfordshire Police,Bedfordshire Police,-0.519920,51.905136,On or near Supermarket,E01017581,Central Bedfordshire 026D,Shoplifting,Unable to prosecute suspect,
19bb0e64f9464758a6b2ace3c7e655fa243476bbe0ef1b3d833735dcd01ebaed,2022-06,Bedfordshire Police,Bedfordshire Police,-0.519920,51.905136,On or near Supermarket,E01017581,Central Bedfordshire 026D,Shoplifting,Investigation complete; no suspect identified,
beb7917d03ab12105adaaf90b4281e57e65689004ebe53de5cf05018b08bfff9,2022-06,Bedfordshire Police,Bedfordshire Police,-0.519920,51.905136,On or near Supermarket,E01017581,Central Bedfordshire 026D,Shoplifting,Investigation complete; no suspect identified,
585ff9406a863c9e0fe51939c4bff7e9aea0238d19c5f5e7b16356438db3a929,2022-06,Bedfordshire Police,Bedfordshire Police,-0.519920,51.905136,On or near Supermarket,E01017581,Central Bedfordshire 026D,Shoplifting,Investigation complete; no suspect identified,
f196efdea0d2847f7fe78cc6481d8810625defccc30761b39304aa91d625257d,2022-06,Bedfordshire Police,Bedfordshire Police,-0.519920,51.905136,On or near Supermarket,E01017581,Central Bedfordshire 026D,Shoplifting,Unable to prosecute suspect,
b751e1baf2fb72d3e5faf4a7d65b521041d5de6dcae270daaa5e655a1808b5c9,2022-06,Bedfordshire Police,Bedfordshire Police,-0.519920,51.905136,On or near Supermarket,E01017581,Central Bedfordshire 026D,Shoplifting,Investigation complete; no suspect identified,
d513264eb7c42908ff3ae19d737c9ac6c70929f16d3d516570c750123a500e5b,2022-06,Bedfordshire Police,Bedfordshire Police,-0.519920,51.905136,On or near Supermarket,E01017581,Central Bedfordshire 026D,Shoplifting,Investigation complete; no suspect identified,
943c6fe5bfa7da1ec327a61a926ff9dbf6d6206d74f4c0602a5f7afff92050e6,2022-06,Bedfordshire Police,Bedfordshire Police,-0.519920,51.905136,On or near Supermarket,E01017581,Central Bedfordshire 026D,Shoplifting,Unable to prosecute suspect,
59db9af217ca19da45d015ad6477808c67b977ec83c47583f7d4f2c8671e07b8,2022-06,Bedfordshire Police,Bedfordshire Police,-0.519920,51.905136,On or near Supermarket,E01017581,Central Bedfordshire 026D,Shoplifting,Court result unavailable,
00726cb5ae6eb53e6b2b66d86a1f749a80abc0f236ceb8605849b3309b6b39fa,2022-06,Bedfordshire Police,Bedfordshire Police,-0.519920,51.905136,On or near Supermarket,E01017581,Central Bedfordshire 026D,Shoplifting,Court result unavailable,
f53ba4e1f396c4fd9820771a5ea6901550220a7dbb56b341b74ab21fcdec3991,2022-06,Bedfordshire Police,Bedfordshire Police,-0.507374,51.895096,On or near Humphrys Road,E01017581,Central Bedfordshire 026D,Theft from the person,Investigation complete; no suspect identified,
05f92f43cb886d013810ecb46a90b2df949ba172f548bb1c5ce2eda99af4b52f,2022-06,Bedfordshire Police,Bedfordshire Police,-0.507374,51.895096,On or near Humphrys Road,E01017581,Central Bedfordshire 026D,Vehicle crime,Investigation complete; no suspect identified,
d7c46b09fb7d0c158da50f33ad8d33cd14e63b8952c1832fea22b74ee47055ec,2022-06,Bedfordshire Police,Bedfordshire Police,-0.510265,51.897758,On or near Porz Avenue,E01017581,Central Bedfordshire 026D,Vehicle crime,Investigation complete; no suspect identified,
c43b8a91a4d982044e2e75dc99d88f0a4db86b58ccfa7fc0b79cc1cde31080dc,2022-06,Bedfordshire Police,Bedfordshire Police,-0.508343,51.903561,On or near Halley'S Way,E01017581,Central Bedfordshire 026D,Vehicle crime,Investigation complete; no suspect identified,
e4e81c58d0f69fd364facf20a66c980019a1603ef0043c4c6c8ab84348239531,2022-06,Bedfordshire Police,Bedfordshire Police,-0.507374,51.895096,On or near Humphrys Road,E01017581,Central Bedfordshire 026D,Vehicle crime,Investigation complete; no suspect identified,
e89181e4159ba8d47278c69424f545b9eb350adab42c4ea2a83d1ba8b2ca8faa,2022-06,Bedfordshire Police,Bedfordshire Police,-0.519920,51.905136,On or near Supermarket,E01017581,Central Bedfordshire 026D,Violence and sexual offences,Unable to prosecute suspect,
15e0695e3b14dbc822be5728b9226a1972e9723119ed082e5710bb6962d3c1da,2022-06,Bedfordshire Police,Bedfordshire Police,-0.519920,51.905136,On or near Supermarket,E01017581,Central Bedfordshire 026D,Violence and sexual offences,Unable to prosecute suspect,
213b244c6bd296db94d9e3088a69e113ab57c187a0088bce31d34d521a5e9682,2022-06,Bedfordshire Police,Bedfordshire Police,-0.517931,51.902864,On or near Clarkes Way,E01017581,Central Bedfordshire 026D,Violence and sexual offences,Unable to prosecute suspect,
60b2d542f0d8ef4d255a791711ed24e36d7cbce6de05371cc35e8db0e1a67b88,2022-06,Bedfordshire Police,Bedfordshire Police,-0.517005,51.904506,On or near The Green,E01017581,Central Bedfordshire 026D,Violence and sexual offences,Investigation complete; no suspect identified,
25cac57b60476ff44671380f20907a38472591f76ddff7f98b6ee136f9b73444,2022-06,Bedfordshire Police,Bedfordshire Police,-0.504572,51.895888,On or near Humphrys Road,E01017581,Central Bedfordshire 026D,Violence and sexual offences,Action to be taken by another organisation,
c6b871694c6f37a2a64c4ddafe2e5180aca689dafb0313732e9f2411599d32b5,2022-06,Bedfordshire Police,Bedfordshire Police,-0.507277,51.902855,On or near Tennyson Avenue,E01017581,Central Bedfordshire 026D,Violence and sexual offences,Investigation complete; no suspect identified,
4113544e97df0efe50bde955c5d8c6d59b960c4f70508c8d6be7f631e9dd743a,2022-06,Bedfordshire Police,Bedfordshire Police,-0.520097,51.905957,On or near Angels Lane,E01017581,Central Bedfordshire 026D,Violence and sexual offences,Unable to prosecute suspect,
e21cc0342892fea09e9a11189227f95900fca9ff97af49f087ba66805961fa06,2022-06,Bedfordshire Police,Bedfordshire Police,-0.517931,51.902864,On or near Clarkes Way,E01017581,Central Bedfordshire 026D,Violence and sexual offences,Awaiting court outcome,
830bf7a5f044fb154890566c6b21baab18fd043e82e36a97f13e4b36bb339927,2022-06,Bedfordshire Police,Bedfordshire Police,-0.519752,51.903633,On or near Whitehouse Close,E01017581,Central Bedfordshire 026D,Violence and sexual offences,Unable to prosecute suspect,
adbe04e9aa470426639d27cda1f3e9c2f72a352ba9bebe4ea4f0cf0e1b286b60,2022-06,Bedfordshire Police,Bedfordshire Police,-0.519826,51.901817,On or near Manor Park,E01017581,Central Bedfordshire 026D,Violence and sexual offences,Unable to prosecute suspect,
d049d5d27b37cc16ecd23d01b72823ae77dacb3c8b2b5c32111ef05dc96a8fb0,2022-06,Bedfordshire Police,Bedfordshire Police,-0.507374,51.895096,On or near Humphrys Road,E01017581,Central Bedfordshire 026D,Violence and sexual offences,Unable to prosecute suspect,
efd4cfef1955eca198275bfaa74728c3863c7511950cbd0a69b427f716d850ba,2022-06,Bedfordshire Police,Bedfordshire Police,-0.517931,51.902864,On or near Clarkes Way,E01017581,Central Bedfordshire 026D,Violence and sexual offences,Unable to prosecute suspect,
,2022-06,Bedfordshire Police,Bedfordshire Police,-0.514811,51.906673,On or near Crossways,E01017617,Central Bedfordshire 026E,Anti-social behaviour,,
,2022-06,Bedfordshire Police,Bedfordshire Police,-0.518695,51.905256,On or near Parking Area,E01017617,Central Bedfordshire 026E,Anti-social behaviour,,
,2022-06,Bedfordshire Police,Bedfordshire Police,-0.518695,51.905256,On or near Parking Area,E01017617,Central Bedfordshire 026E,Anti-social behaviour,,
,2022-06,Bedfordshire Police,Bedfordshire Police,-0.519178,51.906053,On or near Peel Street,E01017617,Central Bedfordshire 026E,Anti-social behaviour,,
,2022-06,Bedfordshire Police,Bedfordshire Police,-0.519804,51.907796,On or near Beech Tree Way,E01017617,Central Bedfordshire 026E,Anti-social behaviour,,
,2022-06,Bedfordshire Police,Bedfordshire Police,-0.519804,51.907796,On or near Beech Tree Way,E01017617,Central Bedfordshire 026E,Anti-social behaviour,,
,2022-06,Bedfordshire Police,Bedfordshire Police,-0.518695,51.905256,On or near Parking Area,E01017617,Central Bedfordshire 026E,Anti-social behaviour,,
809e29334a9374e0e00dbd8d02a96397f325ce76b42ac6f4709e64976e5649ac,2022-06,Bedfordshire Police,Bedfordshire Police,-0.519804,51.907796,On or near Beech Tree Way,E01017617,Central Bedfordshire 026E,Drugs,Status update unavailable,
5d503e237c4ac864de213d52b41c62812baa4dd638c5681ea1e44cbdf9520e77,2022-06,Bedfordshire Police,Bedfordshire Police,-0.518695,51.905256,On or near Parking Area,E01017617,Central Bedfordshire 026E,Public order,Investigation complete; no suspect identified,
83e9459f8482ff16bb4db2b330405867a5553bc40fedddd2e79763b8178473d6,2022-06,Bedfordshire Police,Bedfordshire Police,-0.514811,51.906673,On or near Crossways,E01017617,Central Bedfordshire 026E,Public order,Unable to prosecute suspect,
d16c38e2670b63cac3a8f16fb653ba9c791749697570bbacc4039681b28cd9c0,2022-06,Bedfordshire Police,Bedfordshire Police,-0.515617,51.905586,On or near Petrol Station,E01017617,Central Bedfordshire 026E,Violence and sexual offences,Unable to prosecute suspect,
8350fc46ac28b074387ae9cfcae20fc28faa993888a45dc10c42f3e0902d2712,2022-06,Bedfordshire Police,Bedfordshire Police,-0.517795,51.905218,On or near Park Avenue,E01017617,Central Bedfordshire 026E,Other crime,Status update unavailable,
82f681e8c7826e1ed125e506f4bc52cb91ccaaa1888b7025b520f25fb5f3d320,2022-06,Bedfordshire Police,Bedfordshire Police,-0.496594,51.889762,On or near Fairfield Close,E01017582,Central Bedfordshire 027A,Violence and sexual offences,Unable to prosecute suspect,
dd145b8db4e4b015d2b1e64294e2e8cd4110687b6986885c7edb8aa1d9172c5e,2022-06,Bedfordshire Police,Bedfordshire Police,-0.496594,51.889762,On or near Fairfield Close,E01017582,Central Bedfordshire 027A,Violence and sexual offences,Unable to prosecute suspect,
fb084c186d4594ab049f23219cb1bc70b78862997fb61afacaa08a0aa4826e32,2022-06,Bedfordshire Police,Bedfordshire Police,-0.496594,51.889762,On or near Fairfield Close,E01017582,Central Bedfordshire 027A,Violence and sexual offences,Unable to prosecute suspect,
e752a6a9f9b535446ac76f2c7f2b95b1ad945cd764e7c16660052945bbf097bd,2022-06,Bedfordshire Police,Bedfordshire Police,-0.496594,51.889762,On or near Fairfield Close,E01017582,Central Bedfordshire 027A,Violence and sexual offences,Unable to prosecute suspect,
1e1e981f7fb503d36b7f8bdbd3dec00334c686853c1bb3d7366ca6e9ebcc8a8b,2022-06,Bedfordshire Police,Bedfordshire Police,-0.496594,51.889762,On or near Fairfield Close,E01017582,Central Bedfordshire 027A,Violence and sexual offences,Unable to prosecute suspect,
,2022-06,Bedfordshire Police,Bedfordshire Police,-0.484683,51.890472,On or near Skimpot Road,E01017583,Central Bedfordshire 027B,Anti-social behaviour,,
,2022-06,Bedfordshire Police,Bedfordshire Police,-0.492943,51.889005,On or near Dale Close,E01017583,Central Bedfordshire 027B,Anti-social behaviour,,
,2022-06,Bedfordshire Police,Bedfordshire Police,-0.484683,51.890472,On or near Skimpot Road,E01017583,Central Bedfordshire 027B,Anti-social behaviour,,
,2022-06,Bedfordshire Police,Bedfordshire Police,-0.488924,51.889673,On or near Allenby Avenue,E01017583,Central Bedfordshire 027B,Anti-social behaviour,,
,2022-06,Bedfordshire Police,Bedfordshire Police,-0.492943,51.889005,On or near Dale Close,E01017583,Central Bedfordshire 027B,Anti-social behaviour,,
9edd8275285cef841c7966d53297483f2aa36ae852dfa2cb482fed62c0200213,2022-06,Bedfordshire Police,Bedfordshire Police,-0.484986,51.890530,On or near Petrol Station,E01017583,Central Bedfordshire 027B,Public order,Investigation complete; no suspect identified,
58267a64d699ac1e0a898b4084ec647dda6f2283bad2f737dfb6ead2bd40ddbb,2022-06,Bedfordshire Police,Bedfordshire Police,-0.484683,51.890472,On or near Skimpot Road,E01017583,Central Bedfordshire 027B,Public order,Investigation complete; no suspect identified,
a227935de60197a48530cbff8ae857f15863836b28ae0d386ac685046f86875c,2022-06,Bedfordshire Police,Bedfordshire Police,-0.484683,51.890472,On or near Skimpot Road,E01017583,Central Bedfordshire 027B,Shoplifting,Investigation complete; no suspect identified,
7a146ef737624b399ae1f0978434af9a8c17712c748455c82bb66a8393a5a731,2022-06,Bedfordshire Police,Bedfordshire Police,-0.484683,51.890472,On or near Skimpot Road,E01017583,Central Bedfordshire 027B,Shoplifting,Investigation complete; no suspect identified,
744c73fedf92814af4d136b06aa3d555291eb1521dd0681f94b97eff7aad8922,2022-06,Bedfordshire Police,Bedfordshire Police,-0.484683,51.890472,On or near Skimpot Road,E01017583,Central Bedfordshire 027B,Vehicle crime,Investigation complete; no suspect identified,
21f168e4751b01e7c6e976305eb080074d717df7fc4e7b5e6ce3a8106acc41b4,2022-06,Bedfordshire Police,Bedfordshire Police,-0.491564,51.893708,On or near Old Dairy Court,E01017583,Central Bedfordshire 027B,Vehicle crime,Investigation complete; no suspect identified,
496c00f67c01e2b97ef934d68bf854740fa46ed2839d9266565f4ab4df650592,2022-06,Bedfordshire Police,Bedfordshire Police,-0.492787,51.892357,On or near Calcutt Close,E01017583,Central Bedfordshire 027B,Violence and sexual offences,Investigation complete; no suspect identified,
,2022-06,Bedfordshire Police,Bedfordshire Police,-0.507103,51.888367,On or near Bramley Court,E01017584,Central Bedfordshire 027C,Anti-social behaviour,,
,2022-06,Bedfordshire Police,Bedfordshire Police,-0.507103,51.888367,On or near Bramley Court,E01017584,Central Bedfordshire 027C,Anti-social behaviour,,
,2022-06,Bedfordshire Police,Bedfordshire Police,-0.507716,51.887404,On or near Luton Road,E01017584,Central Bedfordshire 027C,Anti-social behaviour,,
,2022-06,Bedfordshire Police,Bedfordshire Police,-0.513142,51.890727,On or near Shopping Area,E01017584,Central Bedfordshire 027C,Anti-social behaviour,,
,2022-06,Bedfordshire Police,Bedfordshire Police,-0.502988,51.890626,On or near Chalk Acres,E01017584,Central Bedfordshire 027C,Anti-social behaviour,,
eda52832a9dd74ecf4296edf5688ffa93282f134ea91c21820a2df75969e0d63,2022-06,Bedfordshire Police,Bedfordshire Police,-0.507103,51.888367,On or near Bramley Court,E01017584,Central Bedfordshire 027C,Bicycle theft,Investigation complete; no suspect identified,
bef21a211a7c1f6437d722fad6f37b522c7a33c54470e788821a7df771ac13fe,2022-06,Bedfordshire Police,Bedfordshire Police,-0.513142,51.890727,On or near Shopping Area,E01017584,Central Bedfordshire 027C,Bicycle theft,Investigation complete; no suspect identified,
b17778bdf927c7514ce0a1d20f2ad1e5b4fb609b5a08aab94e9c5f0e4bb98073,2022-06,Bedfordshire Police,Bedfordshire Police,-0.512979,51.896993,On or near Porz Avenue,E01017584,Central Bedfordshire 027C,Burglary,Investigation complete; no suspect identified,
11fa354199edad5bb87880c906eb11e189ca69ce8a5ddb2ac421c6cd7ec1facb,2022-06,Bedfordshire Police,Bedfordshire Police,-0.507103,51.888367,On or near Bramley Court,E01017584,Central Bedfordshire 027C,Burglary,Status update unavailable,
2b6203c3adacbf304fbd4b6945ffedfe4f971663719de932b0e4a64977426c06,2022-06,Bedfordshire Police,Bedfordshire Police,-0.503743,51.887587,On or near Petrol Station,E01017584,Central Bedfordshire 027C,Burglary,Investigation complete; no suspect identified,
dc120aab4799cccadffc33cd9f2f6f2ed29e43dbc196d772c9da8366fcb83451,2022-06,Bedfordshire Police,Bedfordshire Police,-0.501987,51.887942,On or near Parrot Close,E01017584,Central Bedfordshire 027C,Drugs,Status update unavailable,
53c2b896587a6623995ba90c7c8b3b7fd907d7c1c3ee635271fcc84cd5b92c30,2022-06,Bedfordshire Police,Bedfordshire Police,-0.501987,51.887942,On or near Parrot Close,E01017584,Central Bedfordshire 027C,Drugs,Investigation complete; no suspect identified,
a31eaa432344b507c2616def96a00ecebcb12011c01aec05c51e76648cdc7c29,2022-06,Bedfordshire Police,Bedfordshire Police,-0.512408,51.888776,On or near Petrol Station,E01017584,Central Bedfordshire 027C,Other theft,Unable to prosecute suspect,
9189105be87f47a53a75fb1af9e18a07150c518bfa2648ef6cb8426b70057ee5,2022-06,Bedfordshire Police,Bedfordshire Police,-0.503743,51.887587,On or near Petrol Station,E01017584,Central Bedfordshire 027C,Other theft,Investigation complete; no suspect identified,
1419d08020fe7fbc0fef6c806a81ec62503f4c198ffe4e3019484ebd225ae383,2022-06,Bedfordshire Police,Bedfordshire Police,-0.512408,51.888776,On or near Petrol Station,E01017584,Central Bedfordshire 027C,Other theft,Investigation complete; no suspect identified,
a84b5d1a74d18d9f219fd36f2d4ed2e343ddc9fc6ad1e1809f9f120037dc91fd,2022-06,Bedfordshire Police,Bedfordshire Police,-0.507716,51.887404,On or near Luton Road,E01017584,Central Bedfordshire 027C,Public order,Unable to prosecute suspect,
76427a7949ab204c492c3df958e46b7618f0e6932c433d455a62987cf3871e66,2022-06,Bedfordshire Police,Bedfordshire Police,-0.503743,51.887587,On or near Petrol Station,E01017584,Central Bedfordshire 027C,Shoplifting,Investigation complete; no suspect identified,
6a5419392703644a48a4507a135d4c5cdafaa6f20d05ae8143eaf540b6d928d6,2022-06,Bedfordshire Police,Bedfordshire Police,-0.513142,51.890727,On or near Shopping Area,E01017584,Central Bedfordshire 027C,Shoplifting,Investigation complete; no suspect identified,
972a1d37087af928d80e5a4e2bfd504497c8a6824aea63eb7e0b5596ec981dbc,2022-06,Bedfordshire Police,Bedfordshire Police,-0.513142,51.890727,On or near Shopping Area,E01017584,Central Bedfordshire 027C,Shoplifting,Investigation complete; no suspect identified,
936b721fe22cf9a3e2ca44a37cd900914f491a9e27eecd3a235e355b6a19313a,2022-06,Bedfordshire Police,Bedfordshire Police,-0.513142,51.890727,On or near Shopping Area,E01017584,Central Bedfordshire 027C,Shoplifting,Investigation complete; no suspect identified,
01f8b741f4125167071b98b34704d8379f02ee504660618a53757d7b553cc01d,2022-06,Bedfordshire Police,Bedfordshire Police,-0.507103,51.888367,On or near Bramley Court,E01017584,Central Bedfordshire 027C,Shoplifting,Investigation complete; no suspect identified,
86cc381052e4b7b7600fd2ccb38340ba1593241170111193bdfc0c516ae028c2,2022-06,Bedfordshire Police,Bedfordshire Police,-0.510814,51.894349,On or near Eyncourt Road,E01017584,Central Bedfordshire 027C,Vehicle crime,Investigation complete; no suspect identified,
e3d23897f7f221cd9282bf3c7acf3436d0be4468a72cce10666fca585ac78805,2022-06,Bedfordshire Police,Bedfordshire Police,-0.507103,51.888367,On or near Bramley Court,E01017584,Central Bedfordshire 027C,Vehicle crime,Investigation complete; no suspect identified,
d725d6acea51917e0e50556d6e3b8be92248970c27a31cdfd322998b493cab98,2022-06,Bedfordshire Police,Bedfordshire Police,-0.507103,51.888367,On or near Bramley Court,E01017584,Central Bedfordshire 027C,Violence and sexual offences,Unable to prosecute suspect,
8018eb0cb24bd987947ea4a2eef97225e526830eb0964351a8d4c9cd3750a1c0,2022-06,Bedfordshire Police,Bedfordshire Police,-0.499885,51.894794,On or near Hadrian Avenue,E01017584,Central Bedfordshire 027C,Violence and sexual offences,Action to be taken by another organisation,
5eac502952eb07e85cf119047aa185c43cb6d6712db36a0cebd4378089661793,2022-06,Bedfordshire Police,Bedfordshire Police,-0.499993,51.890659,On or near Monks Close,E01017584,Central Bedfordshire 027C,Violence and sexual offences,Unable to prosecute suspect,
654728968bf40fdc898110e36be74d5e77097abed9a5be97a91095352bd65117,2022-06,Bedfordshire Police,Bedfordshire Police,-0.503743,51.887587,On or near Petrol Station,E01017584,Central Bedfordshire 027C,Violence and sexual offences,Action to be taken by another organisation,
987ccfe72c372f9decf76f57a11aa92058b0f901bdf9d73afd9b166dd769c03c,2022-06,Bedfordshire Police,Bedfordshire Police,-0.501987,51.887942,On or near Parrot Close,E01017584,Central Bedfordshire 027C,Violence and sexual offences,Action to be taken by another organisation,
11219acb1a628f870b4f5e31e8e8512e2ca26b34ccc425194440e990bb9cc8a2,2022-06,Bedfordshire Police,Bedfordshire Police,-0.503822,51.889593,On or near Florence Close,E01017584,Central Bedfordshire 027C,Violence and sexual offences,Local resolution,
,2022-06,Bedfordshire Police,Bedfordshire Police,-0.540649,51.884058,On or near Lancot Drive,E01017566,Central Bedfordshire 028A,Anti-social behaviour,,
,2022-06,Bedfordshire Police,Bedfordshire Police,-0.543633,51.882558,On or near Totternhoe Road,E01017566,Central Bedfordshire 028A,Anti-social behaviour,,
,2022-06,Bedfordshire Police,Bedfordshire Police,-0.538608,51.881587,On or near Petrol Station,E01017566,Central Bedfordshire 028A,Anti-social behaviour,,
63694e4c3ad0b7986828d733393e6cc5cc6fdee7ce35fcf399f9ce9eb85f1d9b,2022-06,Bedfordshire Police,Bedfordshire Police,-0.538608,51.881587,On or near Petrol Station,E01017566,Central Bedfordshire 028A,Criminal damage and arson,Investigation complete; no suspect identified,
fad1764726acd6caf3d6c67953c06c86de0ab2a8b0cfac461b793477a4251a0f,2022-06,Bedfordshire Police,Bedfordshire Police,-0.536927,51.892194,On or near Creasey Park Drive,E01017595,Central Bedfordshire 028B,Criminal damage and arson,Investigation complete; no suspect identified,
8cf941873daa10c884aaf1c4a0049a4aaafcaffdb0212ef2a8ac00b8ab1dd97b,2022-06,Bedfordshire Police,Bedfordshire Police,-0.537170,51.890993,On or near Brewers Hill Road,E01017595,Central Bedfordshire 028B,Public order,Unable to prosecute suspect,
d74f32e04f18211055316b33a68ca15d9559a78226cc83ade8e197cf34c7eaf6,2022-06,Bedfordshire Police,Bedfordshire Police,-0.539752,51.890665,On or near Aldbanks,E01017595,Central Bedfordshire 028B,Violence and sexual offences,Unable to prosecute suspect,
f3c56a3a877a040ba047eb42186fa6a6e0e8d2ce6c9127ca58ba516de2d5d3bb,2022-06,Bedfordshire Police,Bedfordshire Police,-0.537170,51.890993,On or near Brewers Hill Road,E01017595,Central Bedfordshire 028B,Violence and sexual offences,Unable to prosecute suspect,
d907659c09ba364820e2abbe2fc6af825f273b12650e683354e7156ef9245ce1,2022-06,Bedfordshire Police,Bedfordshire Police,-0.537170,51.890993,On or near Brewers Hill Road,E01017595,Central Bedfordshire 028B,Violence and sexual offences,Unable to prosecute suspect,
8552e3f3f968c18fd7daa84b25ab004d6415ab042d3c620f6a419fec6fb8e43b,2022-06,Bedfordshire Police,Bedfordshire Police,-0.542615,51.889774,On or near Hillcroft,E01017595,Central Bedfordshire 028B,Violence and sexual offences,Unable to prosecute suspect,
b1ae12ede7e58eb36eaa03db7407a83bba2df7dd197745281063f00bf6bd8b2f,2022-06,Bedfordshire Police,Bedfordshire Police,-0.539752,51.890665,On or near Aldbanks,E01017595,Central Bedfordshire 028B,Violence and sexual offences,Unable to prosecute suspect,
17bfdbfe5202e39a4c424755d42f7818147cf9fb3bb62547d18a612a594c6d3d,2022-06,Bedfordshire Police,Bedfordshire Police,-0.536927,51.892194,On or near Creasey Park Drive,E01017595,Central Bedfordshire 028B,Violence and sexual offences,Unable to prosecute suspect,
2aa0fcfa051c6ca4c5f7c1f445f5a99209df2c170c18714ed57d0aef3b66e474,2022-06,Bedfordshire Police,Bedfordshire Police,-0.534182,51.886343,On or near Beecroft Way,E01017596,Central Bedfordshire 028C,Criminal damage and arson,Investigation complete; no suspect identified,
c2ecc5007eee951e714715aff382cd259cc05ad91c17b3fb18818156d60ac902,2022-06,Bedfordshire Police,Bedfordshire Police,-0.537321,51.888558,On or near Ashcroft,E01017596,Central Bedfordshire 028C,Shoplifting,Awaiting court outcome,
b070bbf208efe792450ce2136d77ff58e1670dffa61c0f0c8f88f8f4b3d5828c,2022-06,Bedfordshire Police,Bedfordshire Police,-0.537321,51.888558,On or near Ashcroft,E01017596,Central Bedfordshire 028C,Shoplifting,Court result unavailable,
d542b918ed075a3ee187ccf3d11d3dd12aee286d7eeddd9a45e5e6006bbb037e,2022-06,Bedfordshire Police,Bedfordshire Police,-0.537321,51.888558,On or near Ashcroft,E01017596,Central Bedfordshire 028C,Shoplifting,Court result unavailable,
a9d78eb4689a8052d1dcd04d3246422a893e45d86c6e06b5e85a8c7d650645e6,2022-06,Bedfordshire Police,Bedfordshire Police,-0.533408,51.887808,On or near Beech Green,E01017596,Central Bedfordshire 028C,Vehicle crime,Investigation complete; no suspect identified,
3ac74be4cf48dc4a18607e38909ab4aa9a48914f09076635691d99aa888b1e93,2022-06,Bedfordshire Police,Bedfordshire Police,-0.535681,51.886730,On or near Croft Green,E01017596,Central Bedfordshire 028C,Vehicle crime,Investigation complete; no suspect identified,
eb875db47feeb13a4068c510c000a318832df74c86e117b1619b6489d04942d9,2022-06,Bedfordshire Police,Bedfordshire Police,-0.537558,51.888426,On or near Supermarket,E01017596,Central Bedfordshire 028C,Violence and sexual offences,Unable to prosecute suspect,
19851253ee933f29fb454a244ccefb08b8a91cf2bf8238f27a8e7c4b189c28cf,2022-06,Bedfordshire Police,Bedfordshire Police,-0.534564,51.885322,On or near Hambling Place,E01017596,Central Bedfordshire 028C,Violence and sexual offences,Unable to prosecute suspect,
1cda7d92662acfd544b16462b16ec1ada9bd0a4a7e5f66b374eaf1de19d9cc3e,2022-06,Bedfordshire Police,Bedfordshire Police,-0.533408,51.887808,On or near Beech Green,E01017596,Central Bedfordshire 028C,Violence and sexual offences,Unable to prosecute suspect,
2794095229969f0981b726bf08692a3fc4610c280417abb52b3ecc82c5b7c876,2022-06,Bedfordshire Police,Bedfordshire Police,-0.535017,51.889716,On or near Westfield Road,E01017596,Central Bedfordshire 028C,Violence and sexual offences,Investigation complete; no suspect identified,
,2022-06,Bedfordshire Police,Bedfordshire Police,-0.537501,51.882122,On or near B489,E01017597,Central Bedfordshire 028D,Anti-social behaviour,,
,2022-06,Bedfordshire Police,Bedfordshire Police,-0.537501,51.882122,On or near B489,E01017597,Central Bedfordshire 028D,Anti-social behaviour,,
,2022-06,Bedfordshire Police,Bedfordshire Police,-0.535432,51.888121,On or near Loring Road,E01017597,Central Bedfordshire 028D,Anti-social behaviour,,
3b4166f91915811a5fd6347cd367044587a2769f8332af1a9b090503588edaf9,2022-06,Bedfordshire Police,Bedfordshire Police,-0.540606,51.886755,On or near Bunhill Close,E01017597,Central Bedfordshire 028D,Criminal damage and arson,Investigation complete; no suspect identified,
074aa5ad19bb5d75407b736277d272c8ea4866db81ebe3ad002ac7dd7b418bf7,2022-06,Bedfordshire Police,Bedfordshire Police,-0.538968,51.884388,On or near Spinney Crescent,E01017597,Central Bedfordshire 028D,Violence and sexual offences,Action to be taken by another organisation,
960640c889c5ac2f8ee16253ea71aa0e1eaae7d621f40d7f54d6c97de0c6e3f7,2022-06,Bedfordshire Police,Bedfordshire Police,-0.538968,51.884388,On or near Spinney Crescent,E01017597,Central Bedfordshire 028D,Violence and sexual offences,Action to be taken by another organisation,
1fe5b5a7cd06d234e6c817667f51e0e19535b54b1e2f3519c25a60aac1fb0c48,2022-06,Bedfordshire Police,Bedfordshire Police,-0.538968,51.884388,On or near Spinney Crescent,E01017597,Central Bedfordshire 028D,Violence and sexual offences,Action to be taken by another organisation,
3860d6f95429def7319e7ac969ca1100dbefa15d3b26c4e840ecd26c1520c779,2022-06,Bedfordshire Police,Bedfordshire Police,-0.537729,51.886738,On or near Aynscombe Close,E01017597,Central Bedfordshire 028D,Violence and sexual offences,Unable to prosecute suspect,
,2022-06,Bedfordshire Police,Bedfordshire Police,-0.538841,51.897694,On or near Ravenscourt,E01017598,Central Bedfordshire 028E,Anti-social behaviour,,
413f17831415b93224c72c6fe5e9bb955754b6d80f2ebb0cf2214fd8c9f59c93,2022-06,Bedfordshire Police,Bedfordshire Police,-0.543018,51.896640,On or near Suncote Close,E01017598,Central Bedfordshire 028E,Violence and sexual offences,Status update unavailable,
cea5fc760a1b2bf9372244bd8e6ec81a743953526059533673c31b4adfdba0f2,2022-06,Bedfordshire Police,Bedfordshire Police,-0.541337,51.896466,On or near Suncote Avenue,E01017598,Central Bedfordshire 028E,Violence and sexual offences,Status update unavailable,
b9217e2de63efe37e59e5be82fd5e53cbba0944a12d161e2eac39965fc37ee07,2022-06,Bedfordshire Police,Bedfordshire Police,-0.541337,51.896466,On or near Suncote Avenue,E01017598,Central Bedfordshire 028E,Violence and sexual offences,Unable to prosecute suspect,
a2935b1afc988484ed63789db1a74fa9f13bdb5814ccd9309af5cb98842c94b4,2022-06,Bedfordshire Police,Bedfordshire Police,-0.541337,51.896466,On or near Suncote Avenue,E01017598,Central Bedfordshire 028E,Violence and sexual offences,Unable to prosecute suspect,
01db568be589bfd747492cdacd9a45267743e5c846db900bc18c97c9628967c3,2022-06,Bedfordshire Police,Bedfordshire Police,-0.543018,51.896640,On or near Suncote Close,E01017598,Central Bedfordshire 028E,Violence and sexual offences,Unable to prosecute suspect,
0688cdfe2d450ad5564ecabfb831c8474bcbe16d5b2d41e3e662a23e6114e231,2022-06,Bedfordshire Police,Bedfordshire Police,-0.543018,51.896640,On or near Suncote Close,E01017598,Central Bedfordshire 028E,Violence and sexual offences,Status update unavailable,
,2022-06,Bedfordshire Police,Bedfordshire Police,-0.540172,51.894761,On or near French'S Avenue,E01017599,Central Bedfordshire 028F,Anti-social behaviour,,
,2022-06,Bedfordshire Police,Bedfordshire Police,-0.535100,51.895211,On or near Morris Road,E01017599,Central Bedfordshire 028F,Anti-social behaviour,,
,2022-06,Bedfordshire Police,Bedfordshire Police,-0.530790,51.890544,On or near Cross Street North,E01017599,Central Bedfordshire 028F,Anti-social behaviour,,
,2022-06,Bedfordshire Police,Bedfordshire Police,-0.540172,51.894761,On or near French'S Avenue,E01017599,Central Bedfordshire 028F,Anti-social behaviour,,
,2022-06,Bedfordshire Police,Bedfordshire Police,-0.538117,51.895374,On or near Delco Way,E01017599,Central Bedfordshire 028F,Anti-social behaviour,,
,2022-06,Bedfordshire Police,Bedfordshire Police,-0.529005,51.894937,On or near Olma Road,E01017599,Central Bedfordshire 028F,Anti-social behaviour,,
,2022-06,Bedfordshire Police,Bedfordshire Police,-0.535100,51.895211,On or near Morris Road,E01017599,Central Bedfordshire 028F,Anti-social behaviour,,
49e42f5cbf346fb8ca8e3f6958c726b785bcae8eaf859b2877069be3ba7853bc,2022-06,Bedfordshire Police,Bedfordshire Police,-0.532473,51.895996,On or near Northfields,E01017599,Central Bedfordshire 028F,Burglary,Court result unavailable,
4d4ed65b9b766fada9b8db5167d58590f054a8e19d161035083a58f0caca41e1,2022-06,Bedfordshire Police,Bedfordshire Police,-0.535922,51.895401,On or near Daimler Drive,E01017599,Central Bedfordshire 028F,Criminal damage and arson,Investigation complete; no suspect identified,
f687651fd9f94eef4d76b5e03fbdab4f853cadaf046c34e907f7d446ead57d9c,2022-06,Bedfordshire Police,Bedfordshire Police,-0.536707,51.897173,On or near Watling Street,E01017599,Central Bedfordshire 028F,Drugs,Local resolution,
1c25ef06a5be701766e58d9a35d48e6b44e00b1b2e60649c13f9ad683e9fdaf1,2022-06,Bedfordshire Police,Bedfordshire Police,-0.530730,51.891038,On or near Beale Street,E01017599,Central Bedfordshire 028F,Drugs,Awaiting court outcome,
a53716f1fe7b19f67383bd606dae9f93a092551acdf177370c25cbc2af5a537e,2022-06,Bedfordshire Police,Bedfordshire Police,-0.536707,51.897173,On or near Watling Street,E01017599,Central Bedfordshire 028F,Drugs,Local resolution,
8937346f3d77d6a311c301780e9fde81bab8ab3544d7806f9ea608e1eecefbbf,2022-06,Bedfordshire Police,Bedfordshire Police,-0.535100,51.895211,On or near Morris Road,E01017599,Central Bedfordshire 028F,Other theft,Investigation complete; no suspect identified,
6952e2c257c757bdabe5a06b13ecd02f09117832dc5469f05e8f08ef3114e1a2,2022-06,Bedfordshire Police,Bedfordshire Police,-0.535922,51.895401,On or near Daimler Drive,E01017599,Central Bedfordshire 028F,Other theft,Investigation complete; no suspect identified,
68ea7598baf29ba301178f4e85d05dce76dd03f861170521845586649dc6293d,2022-06,Bedfordshire Police,Bedfordshire Police,-0.535100,51.895211,On or near Morris Road,E01017599,Central Bedfordshire 028F,Other theft,Investigation complete; no suspect identified,
27a719040f3c2721dd75a4c7188796018d3f3da0ab1b3638837847fcf9999e99,2022-06,Bedfordshire Police,Bedfordshire Police,-0.532473,51.895996,On or near Northfields,E01017599,Central Bedfordshire 028F,Other theft,Investigation complete; no suspect identified,
56316109dd01bc7387b4b81d9085e206a19fa601d800617d8c7216b1f2067baf,2022-06,Bedfordshire Police,Bedfordshire Police,-0.533220,51.894900,On or near High Street North,E01017599,Central Bedfordshire 028F,Public order,Local resolution,
b42ac1544fc1133c23751cee13c1fabcfc0d991f3638945dc1e147e1bb8a369f,2022-06,Bedfordshire Police,Bedfordshire Police,-0.533220,51.894900,On or near High Street North,E01017599,Central Bedfordshire 028F,Public order,Unable to prosecute suspect,
8b7c4b282e414db009ff564b311b8d924bffabda788fe3c44c32358febae9d26,2022-06,Bedfordshire Police,Bedfordshire Police,-0.532155,51.894590,On or near Houghton Parade,E01017599,Central Bedfordshire 028F,Public order,Unable to prosecute suspect,
d79ebbc1676caac6f6e0c468b1dcbfb158c672c221c7aa1fbf93ce476fd7b683,2022-06,Bedfordshire Police,Bedfordshire Police,-0.533220,51.894900,On or near High Street North,E01017599,Central Bedfordshire 028F,Public order,Unable to prosecute suspect,
1e0f7f46afe2cae7b94d8b538bb28abfba51d9be7f9c451490eae4d90b7ce443,2022-06,Bedfordshire Police,Bedfordshire Police,-0.530790,51.890544,On or near Cross Street North,E01017599,Central Bedfordshire 028F,Vehicle crime,Unable to prosecute suspect,
e2406d79ad7c1b3a1d4555fbbe221dea41d6b4333663157471a80c8eba330307,2022-06,Bedfordshire Police,Bedfordshire Police,-0.535100,51.895211,On or near Morris Road,E01017599,Central Bedfordshire 028F,Vehicle crime,Investigation complete; no suspect identified,
ddadc828b4b31bb186212b8da74bb2c3ef864a181325ce87d726d65ed03bbf5c,2022-06,Bedfordshire Police,Bedfordshire Police,-0.530790,51.890544,On or near Cross Street North,E01017599,Central Bedfordshire 028F,Vehicle crime,Status update unavailable,
ec1977c4d2d035dd33a8dcf35baecdba8cb4d746acb2fd6b98c456877922258d,2022-06,Bedfordshire Police,Bedfordshire Police,-0.533220,51.894900,On or near High Street North,E01017599,Central Bedfordshire 028F,Violence and sexual offences,Local resolution,
5fb5033d3423699cb01a63bec8f3121582c00b1fd0905efe0b2a51660fba4c56,2022-06,Bedfordshire Police,Bedfordshire Police,-0.532858,51.892647,On or near North Station Way,E01017599,Central Bedfordshire 028F,Violence and sexual offences,Unable to prosecute suspect,
b3f5f9f6d2603e757034ec25aa334e396e2c3a692ed16e9485ce83445049cf7e,2022-06,Bedfordshire Police,Bedfordshire Police,-0.530790,51.890544,On or near Cross Street North,E01017599,Central Bedfordshire 028F,Violence and sexual offences,Unable to prosecute suspect,
,2022-06,Bedfordshire Police,Bedfordshire Police,-0.530670,51.878198,On or near Hurlock Close,E01017565,Central Bedfordshire 029A,Anti-social behaviour,,
,2022-06,Bedfordshire Police,Bedfordshire Police,-0.530670,51.878198,On or near Hurlock Close,E01017565,Central Bedfordshire 029A,Anti-social behaviour,,
,2022-06,Bedfordshire Police,Bedfordshire Police,-0.522820,51.884088,On or near Parking Area,E01017565,Central Bedfordshire 029A,Anti-social behaviour,,
,2022-06,Bedfordshire Police,Bedfordshire Police,-0.530670,51.878198,On or near Hurlock Close,E01017565,Central Bedfordshire 029A,Anti-social behaviour,,
,2022-06,Bedfordshire Police,Bedfordshire Police,-0.519473,51.884711,On or near The Square,E01017565,Central Bedfordshire 029A,Anti-social behaviour,,
,2022-06,Bedfordshire Police,Bedfordshire Police,-0.522820,51.884088,On or near Parking Area,E01017565,Central Bedfordshire 029A,Anti-social behaviour,,
,2022-06,Bedfordshire Police,Bedfordshire Police,-0.530670,51.878198,On or near Hurlock Close,E01017565,Central Bedfordshire 029A,Anti-social behaviour,,
,2022-06,Bedfordshire Police,Bedfordshire Police,-0.521829,51.883761,On or near Friary Field,E01017565,Central Bedfordshire 029A,Anti-social behaviour,,
,2022-06,Bedfordshire Police,Bedfordshire Police,-0.520028,51.883288,On or near Friars Walk,E01017565,Central Bedfordshire 029A,Anti-social behaviour,,
,2022-06,Bedfordshire Police,Bedfordshire Police,-0.524944,51.877353,On or near Hilton Avenue,E01017565,Central Bedfordshire 029A,Anti-social behaviour,,
,2022-06,Bedfordshire Police,Bedfordshire Police,-0.530670,51.878198,On or near Hurlock Close,E01017565,Central Bedfordshire 029A,Anti-social behaviour,,
,2022-06,Bedfordshire Police,Bedfordshire Police,-0.522011,51.878206,On or near Langdale Road,E01017565,Central Bedfordshire 029A,Anti-social behaviour,,
afdc723abb70c769b6dc3008a4c19216cab0a8043a6f5b6c9c02645025738d1b,2022-06,Bedfordshire Police,Bedfordshire Police,-0.527812,51.876283,On or near Morland Close,E01017565,Central Bedfordshire 029A,Burglary,Investigation complete; no suspect identified,
709f496c770ae72ee438e872523f327b5156b79b45b660941d906fe9541e5711,2022-06,Bedfordshire Police,Bedfordshire Police,-0.521829,51.883761,On or near Friary Field,E01017565,Central Bedfordshire 029A,Criminal damage and arson,Unable to prosecute suspect,
0bfdceb90aa1e12c1bd3ef88416128ee0b21632cd6af7c3385b3e80ea71d47ee,2022-06,Bedfordshire Police,Bedfordshire Police,-0.520593,51.884653,On or near Parking Area,E01017565,Central Bedfordshire 029A,Criminal damage and arson,Investigation complete; no suspect identified,
ef70285780122e3f1db391c867447f99f02599908f395e2aa6106a803edb870d,2022-06,Bedfordshire Police,Bedfordshire Police,-0.524944,51.877353,On or near Hilton Avenue,E01017565,Central Bedfordshire 029A,Drugs,Status update unavailable,
27da37c2620d1516f121e4ac45620f87ee8b55be727d7ffd267a1bbabc843ca9,2022-06,Bedfordshire Police,Bedfordshire Police,-0.530670,51.878198,On or near Hurlock Close,E01017565,Central Bedfordshire 029A,Other theft,Investigation complete; no suspect identified,
b6a1fb8e61535a1fdde660eb03e4fb0fb7a781b5e72c817d9f2ef8b9bb956231,2022-06,Bedfordshire Police,Bedfordshire Police,-0.530670,51.878198,On or near Hurlock Close,E01017565,Central Bedfordshire 029A,Other theft,Investigation complete; no suspect identified,
60355d6405bd3480f664853c4d1d18428ac321831f8dd6ee8ce419efc66c93c0,2022-06,Bedfordshire Police,Bedfordshire Police,-0.524125,51.882396,On or near Sports/Recreation Area,E01017565,Central Bedfordshire 029A,Robbery,Investigation complete; no suspect identified,
228c48713a5090087eca2fa1b2342bc0486d90cdda9053c58cf06ed91575eb09,2022-06,Bedfordshire Police,Bedfordshire Police,-0.524125,51.882396,On or near Sports/Recreation Area,E01017565,Central Bedfordshire 029A,Robbery,Investigation complete; no suspect identified,
d927eb239f190b49d6377a670fd2400d39de2c60a4cbe088b1bfba38c7a2902b,2022-06,Bedfordshire Police,Bedfordshire Police,-0.520593,51.884653,On or near Parking Area,E01017565,Central Bedfordshire 029A,Shoplifting,Court result unavailable,
a0afc41f6bc98d9026d04c532df4261ea7a84d3971afc187d942e689afde3782,2022-06,Bedfordshire Police,Bedfordshire Police,-0.520593,51.884653,On or near Parking Area,E01017565,Central Bedfordshire 029A,Shoplifting,Court result unavailable,
a02da5001a608ed874d973bf7dce3f9eedb61268a51bfbed7420b8b1f9de3b33,2022-06,Bedfordshire Police,Bedfordshire Police,-0.520593,51.884653,On or near Parking Area,E01017565,Central Bedfordshire 029A,Shoplifting,Investigation complete; no suspect identified,
ad40ddfb8d342a60d6facc19a99e0eae72cec20d64b74d3731008715b12758db,2022-06,Bedfordshire Police,Bedfordshire Police,-0.529946,51.877217,On or near Ulverston Road,E01017565,Central Bedfordshire 029A,Violence and sexual offences,Local resolution,
49d8493c6eb32e59b8450406f39aa0bcdbbcaa65c0456e9c0f47c16e81bde991,2022-06,Bedfordshire Police,Bedfordshire Police,-0.520593,51.884653,On or near Parking Area,E01017565,Central Bedfordshire 029A,Violence and sexual offences,Unable to prosecute suspect,
756fada8404b375dcc6c9e2fb4d307719cddf549331216a81baaf02ba3bd4a12,2022-06,Bedfordshire Police,Bedfordshire Police,-0.525601,51.882585,On or near Bennetts Close,E01017565,Central Bedfordshire 029A,Violence and sexual offences,Unable to prosecute suspect,
a572443d18bb6436b023508779fdcded1a18fad0d63a85d8d1c05f779a6740a3,2022-06,Bedfordshire Police,Bedfordshire Police,-0.525601,51.882585,On or near Bennetts Close,E01017565,Central Bedfordshire 029A,Violence and sexual offences,Unable to prosecute suspect,
,2022-06,Bedfordshire Police,Bedfordshire Police,-0.533232,51.878922,On or near Quarry Walk,E01017567,Central Bedfordshire 029B,Anti-social behaviour,,
,2022-06,Bedfordshire Police,Bedfordshire Police,-0.532691,51.878573,On or near Spoondell,E01017567,Central Bedfordshire 029B,Anti-social behaviour,,
,2022-06,Bedfordshire Police,Bedfordshire Police,-0.536848,51.879416,On or near Whipsnade Road,E01017567,Central Bedfordshire 029B,Anti-social behaviour,,
,2022-06,Bedfordshire Police,Bedfordshire Police,-0.533232,51.878922,On or near Quarry Walk,E01017567,Central Bedfordshire 029B,Anti-social behaviour,,
,2022-06,Bedfordshire Police,Bedfordshire Police,-0.533232,51.878922,On or near Quarry Walk,E01017567,Central Bedfordshire 029B,Anti-social behaviour,,
,2022-06,Bedfordshire Police,Bedfordshire Police,-0.533232,51.878922,On or near Quarry Walk,E01017567,Central Bedfordshire 029B,Anti-social behaviour,,
,2022-06,Bedfordshire Police,Bedfordshire Police,-0.529287,51.884061,On or near West Street,E01017567,Central Bedfordshire 029B,Anti-social behaviour,,
,2022-06,Bedfordshire Police,Bedfordshire Police,-0.533232,51.878922,On or near Quarry Walk,E01017567,Central Bedfordshire 029B,Anti-social behaviour,,
,2022-06,Bedfordshire Police,Bedfordshire Police,-0.527072,51.883377,On or near Kirby Road,E01017567,Central Bedfordshire 029B,Anti-social behaviour,,
,2022-06,Bedfordshire Police,Bedfordshire Police,-0.533232,51.878922,On or near Quarry Walk,E01017567,Central Bedfordshire 029B,Anti-social behaviour,,
,2022-06,Bedfordshire Police,Bedfordshire Police,-0.533232,51.878922,On or near Quarry Walk,E01017567,Central Bedfordshire 029B,Anti-social behaviour,,
b4609cf4547b686d20c37c64b97c9afbad31149b9c8176dd2818268961927a3e,2022-06,Bedfordshire Police,Bedfordshire Police,-0.532614,51.880506,On or near Meadway,E01017567,Central Bedfordshire 029B,Burglary,Investigation complete; no suspect identified,
f8d905033d7156b6e6fd185b04eee884bacfde738dae90b46da6a8d449518bbc,2022-06,Bedfordshire Police,Bedfordshire Police,-0.533232,51.878922,On or near Quarry Walk,E01017567,Central Bedfordshire 029B,Public order,Unable to prosecute suspect,
a5a439e942d4fcea49994b7245ba81a3733616da61f31da65934f97f8daec4d9,2022-06,Bedfordshire Police,Bedfordshire Police,-0.533232,51.878922,On or near Quarry Walk,E01017567,Central Bedfordshire 029B,Vehicle crime,Investigation complete; no suspect identified,
e67b577d2b665d5cfaef4df282d2b1d23f15faa81dae5a2f20aa2db4b4232547,2022-06,Bedfordshire Police,Bedfordshire Police,-0.532691,51.878573,On or near Spoondell,E01017567,Central Bedfordshire 029B,Violence and sexual offences,Unable to prosecute suspect,
425c483045b82537a2ae11871fcbcc737036fb5e26434046dff021d40487b98c,2022-06,Bedfordshire Police,Bedfordshire Police,-0.533232,51.878922,On or near Quarry Walk,E01017567,Central Bedfordshire 029B,Violence and sexual offences,Unable to prosecute suspect,
5dd31b37c4d941d6be68d6d17912482f1b7fd70434db7d4df3f2accc16a97f20,2022-06,Bedfordshire Police,Bedfordshire Police,-0.527753,51.882999,On or near Long Meadow,E01017567,Central Bedfordshire 029B,Violence and sexual offences,Unable to prosecute suspect,
9d4f36e7ca4b2600e48e0fb1ad1abe002ada784d4d1375699214850721bf1c27,2022-06,Bedfordshire Police,Bedfordshire Police,-0.533532,51.882208,On or near Catchacre,E01017567,Central Bedfordshire 029B,Violence and sexual offences,Unable to prosecute suspect,
8f93abbdd341661dbc4a37c822c13c341f4fd9437721dfa267584a0918a39423,2022-06,Bedfordshire Police,Bedfordshire Police,-0.533532,51.882208,On or near Catchacre,E01017567,Central Bedfordshire 029B,Violence and sexual offences,Unable to prosecute suspect,
,2022-06,Bedfordshire Police,Bedfordshire Police,-0.525970,51.888623,On or near Winfield Street,E01017568,Central Bedfordshire 029C,Anti-social behaviour,,
,2022-06,Bedfordshire Police,Bedfordshire Police,-0.527098,51.889240,On or near Sandland Close,E01017568,Central Bedfordshire 029C,Anti-social behaviour,,
,2022-06,Bedfordshire Police,Bedfordshire Police,-0.527098,51.889240,On or near Sandland Close,E01017568,Central Bedfordshire 029C,Anti-social behaviour,,
,2022-06,Bedfordshire Police,Bedfordshire Police,-0.522952,51.886274,On or near Parking Area,E01017568,Central Bedfordshire 029C,Anti-social behaviour,,
,2022-06,Bedfordshire Police,Bedfordshire Police,-0.527098,51.889240,On or near Sandland Close,E01017568,Central Bedfordshire 029C,Anti-social behaviour,,
,2022-06,Bedfordshire Police,Bedfordshire Police,-0.522952,51.886274,On or near Parking Area,E01017568,Central Bedfordshire 029C,Anti-social behaviour,,
,2022-06,Bedfordshire Police,Bedfordshire Police,-0.523070,51.888002,On or near Supermarket,E01017568,Central Bedfordshire 029C,Anti-social behaviour,,
,2022-06,Bedfordshire Police,Bedfordshire Police,-0.522594,51.887888,On or near Queensway,E01017568,Central Bedfordshire 029C,Anti-social behaviour,,
,2022-06,Bedfordshire Police,Bedfordshire Police,-0.522594,51.887888,On or near Queensway,E01017568,Central Bedfordshire 029C,Anti-social behaviour,,
dce05fbb22e3dac0848d4fba326dfdb1b850897a4ca5b41e2d2788b85ae2e7ad,2022-06,Bedfordshire Police,Bedfordshire Police,-0.528595,51.891470,On or near High Street North,E01017568,Central Bedfordshire 029C,Criminal damage and arson,Investigation complete; no suspect identified,
9c8cba8fc52bdff0beeef3c6501675ba817a385fbbb5e464f06b38ec7e2ebce7,2022-06,Bedfordshire Police,Bedfordshire Police,-0.528595,51.891470,On or near High Street North,E01017568,Central Bedfordshire 029C,Criminal damage and arson,Investigation complete; no suspect identified,
a5cfd3a42d2b1f1b66a46e70f8be26f3d1ce5bf2f95462791ea0d75fa997f162,2022-06,Bedfordshire Police,Bedfordshire Police,-0.522952,51.886274,On or near Parking Area,E01017568,Central Bedfordshire 029C,Criminal damage and arson,Investigation complete; no suspect identified,
da57a5daa7caef8cafc926ad36e2088b2ebcf371210f96e1489be15b5a83717a,2022-06,Bedfordshire Police,Bedfordshire Police,-0.523806,51.887274,On or near Manchester Place,E01017568,Central Bedfordshire 029C,Other theft,Unable to prosecute suspect,
1acfe882f227f160f51af046fe76bff4a1a531cec568b787e7417d58b8ee8e2d,2022-06,Bedfordshire Police,Bedfordshire Police,-0.520266,51.887086,On or near Nightclub,E01017568,Central Bedfordshire 029C,Other theft,Investigation complete; no suspect identified,
33a6f7003ac0c8e524d83cdeb4079e925d702ee27fd857017f20ae1ec13ba677,2022-06,Bedfordshire Police,Bedfordshire Police,-0.522594,51.887888,On or near Queensway,E01017568,Central Bedfordshire 029C,Public order,Unable to prosecute suspect,
f4572341962a778b49529bb165f1563bb4f296552645aa1c3eb8fd9ee38d9bdd,2022-06,Bedfordshire Police,Bedfordshire Police,-0.522952,51.886274,On or near Parking Area,E01017568,Central Bedfordshire 029C,Public order,Unable to prosecute suspect,
3c70ad1826bd93e011dfcbb30fc8a68bf50d1b63e941cfeb8ed257b0e7a36f23,2022-06,Bedfordshire Police,Bedfordshire Police,-0.528726,51.892803,On or near Tavistock Street,E01017568,Central Bedfordshire 029C,Public order,Unable to prosecute suspect,
7c47db199a0a3f17287665467dcd7e88efe91e32519ec9bbb5de558f2413b507,2022-06,Bedfordshire Police,Bedfordshire Police,-0.529126,51.892124,On or near Petrol Station,E01017568,Central Bedfordshire 029C,Public order,Unable to prosecute suspect,
7a7d38597ba14513202b800b11f38743fd6aa271f01043ef2504f64c64c1b357,2022-06,Bedfordshire Police,Bedfordshire Police,-0.520266,51.887086,On or near Nightclub,E01017568,Central Bedfordshire 029C,Shoplifting,Court result unavailable,
89aaded053db88aabef9b41abe6527a160f8cd487303b881fd808686a4537fd9,2022-06,Bedfordshire Police,Bedfordshire Police,-0.520266,51.887086,On or near Nightclub,E01017568,Central Bedfordshire 029C,Shoplifting,Court result unavailable,
a9cc3312faec555b3e2f9c06a5833b40d7e715067f1b364fcc53ba426e333de5,2022-06,Bedfordshire Police,Bedfordshire Police,-0.520266,51.887086,On or near Nightclub,E01017568,Central Bedfordshire 029C,Shoplifting,Court result unavailable,
8558b9f50eb41a44807470bf6a2c76abb3446f692a1c71c4e716cf410495c1f7,2022-06,Bedfordshire Police,Bedfordshire Police,-0.520266,51.887086,On or near Nightclub,E01017568,Central Bedfordshire 029C,Shoplifting,Investigation complete; no suspect identified,
c9ebfe7705de2cdcf26bb904de10880e200bbf928cbddfa2a442af7259e4bbb2,2022-06,Bedfordshire Police,Bedfordshire Police,-0.522594,51.887888,On or near Queensway,E01017568,Central Bedfordshire 029C,Vehicle crime,Investigation complete; no suspect identified,
db68f26c58c399d989f97377eed8c62dad425d04786a3f2ba96d009a8d3b4d71,2022-06,Bedfordshire Police,Bedfordshire Police,-0.527233,51.891795,On or near Park Street,E01017568,Central Bedfordshire 029C,Vehicle crime,Investigation complete; no suspect identified,
1524e4c11e164000359e0d4adfc22bfd005146d48c0a5c313339b2448ab2e556,2022-06,Bedfordshire Police,Bedfordshire Police,-0.526390,51.891784,On or near Falcon Close,E01017568,Central Bedfordshire 029C,Vehicle crime,Investigation complete; no suspect identified,
c3c06a82963a4f2725e72ed4675624ff91cd47101dd8f953929231fab15bfaf5,2022-06,Bedfordshire Police,Bedfordshire Police,-0.527871,51.891812,On or near Tudor Court,E01017568,Central Bedfordshire 029C,Vehicle crime,Investigation complete; no suspect identified,
8e51b84570d6aecd2c9c9f4a05e6ca41888a73566f38bfcd4c43ca9869654a7a,2022-06,Bedfordshire Police,Bedfordshire Police,-0.528595,51.891470,On or near High Street North,E01017568,Central Bedfordshire 029C,Violence and sexual offences,Investigation complete; no suspect identified,
787393ed60555e26a01950e7c7dd2f0816f3dee7805138d669302c956fcdc203,2022-06,Bedfordshire Police,Bedfordshire Police,-0.520266,51.887086,On or near Nightclub,E01017568,Central Bedfordshire 029C,Violence and sexual offences,Unable to prosecute suspect,
77625aa93ab7b88d20da2d3bf2c39a0e126f8611daa726a4f9e34ebc3e7ba6ab,2022-06,Bedfordshire Police,Bedfordshire Police,-0.520266,51.887086,On or near Nightclub,E01017568,Central Bedfordshire 029C,Violence and sexual offences,Court result unavailable,
ab3eab5fe268f6793149fd283ac4e9ca8eb45012c7aa69f65f0084a0bc4a31a1,2022-06,Bedfordshire Police,Bedfordshire Police,-0.520266,51.887086,On or near Nightclub,E01017568,Central Bedfordshire 029C,Violence and sexual offences,Court result unavailable,
cb9b538dc7a453684ed2e9943c46edbc8fa0fc5ec180686b1f69b89ccb1294aa,2022-06,Bedfordshire Police,Bedfordshire Police,-0.529231,51.890687,On or near Stewart Clark Court,E01017568,Central Bedfordshire 029C,Violence and sexual offences,Investigation complete; no suspect identified,
0af31109782db0c4a9302c8259ce7bd78d215429c0daa621dd6d86d77ac1ced5,2022-06,Bedfordshire Police,Bedfordshire Police,-0.525970,51.888623,On or near Winfield Street,E01017568,Central Bedfordshire 029C,Violence and sexual offences,Local resolution,
87f0b4495211e790be2e083923ea0874074ee861c9ea65e28a0a46616de7e87c,2022-06,Bedfordshire Police,Bedfordshire Police,-0.527098,51.889240,On or near Sandland Close,E01017568,Central Bedfordshire 029C,Violence and sexual offences,Unable to prosecute suspect,
d1d022206674be0f0668a84a1be000d0c7a069ba630714caad281590059c0ba9,2022-06,Bedfordshire Police,Bedfordshire Police,-0.522952,51.886274,On or near Parking Area,E01017568,Central Bedfordshire 029C,Violence and sexual offences,Unable to prosecute suspect,
0c6a3a840659241c90f987bacd9c686591fc6793406b4aa5f7256ab57b385e19,2022-06,Bedfordshire Police,Bedfordshire Police,-0.529126,51.892124,On or near Petrol Station,E01017568,Central Bedfordshire 029C,Violence and sexual offences,Unable to prosecute suspect,
ce7a7460990b30c13beb11349d80e21df71429478abedac76380986e6a88ec87,2022-06,Bedfordshire Police,Bedfordshire Police,-0.529126,51.892124,On or near Petrol Station,E01017568,Central Bedfordshire 029C,Violence and sexual offences,Investigation complete; no suspect identified,
5f19b2ed3ac3219ce48fff9aa75eec60ab4cc3c556bb1c853efff5a36aced04b,2022-06,Bedfordshire Police,Bedfordshire Police,-0.520266,51.887086,On or near Nightclub,E01017568,Central Bedfordshire 029C,Violence and sexual offences,Unable to prosecute suspect,
d52b19945999653306e8d674b0c4edee35c85d7411544c6381e924ed31c57c45,2022-06,Bedfordshire Police,Bedfordshire Police,-0.522594,51.887888,On or near Queensway,E01017568,Central Bedfordshire 029C,Violence and sexual offences,Unable to prosecute suspect,
7de321a3c2fa4604e828b4a4f97c63a1f37166fa47b6660983c411348bf2aaa9,2022-06,Bedfordshire Police,Bedfordshire Police,-0.522952,51.886274,On or near Parking Area,E01017568,Central Bedfordshire 029C,Violence and sexual offences,Unable to prosecute suspect,
071ed65a642cffe909e06a283d41e32b9b8e7f77206526d5be9551f18a2490be,2022-06,Bedfordshire Police,Bedfordshire Police,-0.529126,51.892124,On or near Petrol Station,E01017568,Central Bedfordshire 029C,Violence and sexual offences,Investigation complete; no suspect identified,
34a40da38908c3a19c03d6e83595c3839b3eabe75192c8a2cd4566f43400d14c,2022-06,Bedfordshire Police,Bedfordshire Police,-0.526232,51.885075,On or near Parking Area,E01017569,Central Bedfordshire 029D,Criminal damage and arson,Investigation complete; no suspect identified,
8d03b901cc370c48a48ba9c3f28bfd7fa9d7252702b312b76a96f03471beaac1,2022-06,Bedfordshire Police,Bedfordshire Police,-0.526232,51.885075,On or near Parking Area,E01017569,Central Bedfordshire 029D,Public order,Unable to prosecute suspect,
4fed999233c49ba715ffe3048ee1a5bc0f71dceb06870e252d6a0b187cd1b9b3,2022-06,Bedfordshire Police,Bedfordshire Police,-0.526751,51.886520,On or near Princes Street,E01017569,Central Bedfordshire 029D,Vehicle crime,Investigation complete; no suspect identified,
6881c2795215ee1d9f6649c6e27953b266d2383d271cd26a93d6df6dbc180152,2022-06,Bedfordshire Police,Bedfordshire Police,-0.523440,51.886011,On or near Matthew Street,E01017569,Central Bedfordshire 029D,Vehicle crime,Unable to prosecute suspect,
3a7b7f01cf5802ab119c945fbcc4b5de5f9d432646b478ebcbe4fb579243db51,2022-06,Bedfordshire Police,Bedfordshire Police,-0.526232,51.885075,On or near Parking Area,E01017569,Central Bedfordshire 029D,Violence and sexual offences,Unable to prosecute suspect,
480f845c80906d408874fffa629b94fa66d62f7511d26f7153b5fa06d36167e3,2022-06,Bedfordshire Police,Bedfordshire Police,-0.530647,51.888250,On or near Radburn Court,E01017569,Central Bedfordshire 029D,Violence and sexual offences,Action to be taken by another organisation,
348b4b474c4252ce74fac042307b9f862cced096d8fd3a7931cd426699c29916,2022-06,Bedfordshire Police,Bedfordshire Police,-0.525273,51.888165,On or near Regent Street,E01017569,Central Bedfordshire 029D,Violence and sexual offences,Unable to prosecute suspect,
3632267cccb628480457071ddf929a49ad4597bda3cec9f968e3f1b6be12e4da,2022-06,Bedfordshire Police,Bedfordshire Police,-0.525273,51.888165,On or near Regent Street,E01017569,Central Bedfordshire 029D,Violence and sexual offences,Unable to prosecute suspect,
68672d9830c53d9a85554b4a3a23fe94b5b07a33e984c74e0623576e6ba914f4,2022-06,Bedfordshire Police,Bedfordshire Police,-0.531501,51.887451,On or near Chiltern Road,E01017569,Central Bedfordshire 029D,Violence and sexual offences,Unable to prosecute suspect,
4650daee6ffffd0baf771a4797d4ba9e263f84e33e4ed431e1510027c3595db8,2022-06,Bedfordshire Police,Bedfordshire Police,-0.529618,51.886376,On or near West Parade,E01017569,Central Bedfordshire 029D,Other crime,Unable to prosecute suspect,
,2022-06,Bedfordshire Police,Bedfordshire Police,-0.519971,51.885455,On or near Shopping Area,E01017570,Central Bedfordshire 029E,Anti-social behaviour,,
,2022-06,Bedfordshire Police,Bedfordshire Police,-0.518656,51.887012,On or near Supermarket,E01017570,Central Bedfordshire 029E,Anti-social behaviour,,
,2022-06,Bedfordshire Police,Bedfordshire Police,-0.518838,51.890763,On or near Further/Higher Educational Building,E01017570,Central Bedfordshire 029E,Anti-social behaviour,,
,2022-06,Bedfordshire Police,Bedfordshire Police,-0.514874,51.885804,On or near Priory Road,E01017570,Central Bedfordshire 029E,Anti-social behaviour,,
,2022-06,Bedfordshire Police,Bedfordshire Police,-0.518838,51.890763,On or near Further/Higher Educational Building,E01017570,Central Bedfordshire 029E,Anti-social behaviour,,
,2022-06,Bedfordshire Police,Bedfordshire Police,-0.516389,51.887451,On or near Bernard Close,E01017570,Central Bedfordshire 029E,Anti-social behaviour,,
,2022-06,Bedfordshire Police,Bedfordshire Police,-0.521693,51.890107,On or near Theatre/Concert Hall,E01017570,Central Bedfordshire 029E,Anti-social behaviour,,
1c6bd5bd44d551c7e5a26fa4275472e337a1240afc5e6c9b774fbd2d710dff2d,2022-06,Bedfordshire Police,Bedfordshire Police,-0.518838,51.890763,On or near Further/Higher Educational Building,E01017570,Central Bedfordshire 029E,Bicycle theft,Investigation complete; no suspect identified,
cf4c35f1ebd5afc934fdb916ff6619be70bd891fee0ce2f21811f9d23a587e7a,2022-06,Bedfordshire Police,Bedfordshire Police,-0.518838,51.890763,On or near Further/Higher Educational Building,E01017570,Central Bedfordshire 029E,Burglary,Unable to prosecute suspect,
6b171752faa949f399407fef4b8acabd9ace45ff74d4b330613bfb528747b7eb,2022-06,Bedfordshire Police,Bedfordshire Police,-0.516217,51.883870,On or near Wellington Terrace,E01017570,Central Bedfordshire 029E,Criminal damage and arson,Investigation complete; no suspect identified,
53a0dc7e0c7a4727486f1887cbbd1e62c0f55bf635a5c33c387c2c943632f782,2022-06,Bedfordshire Police,Bedfordshire Police,-0.520225,51.887454,On or near Parking Area,E01017570,Central Bedfordshire 029E,Criminal damage and arson,Investigation complete; no suspect identified,
dd3e0ff4d351d4080b73992a8036bf96ab966661231db1a4af0e517394f92379,2022-06,Bedfordshire Police,Bedfordshire Police,-0.518656,51.887012,On or near Supermarket,E01017570,Central Bedfordshire 029E,Other theft,Investigation complete; no suspect identified,
e86b94b35e06e219eb4b9bc76c5d962820401a083cb9daf94422a70df40d941e,2022-06,Bedfordshire Police,Bedfordshire Police,-0.521693,51.890107,On or near Theatre/Concert Hall,E01017570,Central Bedfordshire 029E,Other theft,Investigation complete; no suspect identified,
9e050305c1cd00cfbdd24e53156d87681257ffc55f1f8098c4ca7f25d5098005,2022-06,Bedfordshire Police,Bedfordshire Police,-0.518838,51.890763,On or near Further/Higher Educational Building,E01017570,Central Bedfordshire 029E,Public order,Unable to prosecute suspect,
7e692525410bf9f2927b26d9f4fe4b598e59a913b417215cc1926ec956ed2ad8,2022-06,Bedfordshire Police,Bedfordshire Police,-0.520225,51.887454,On or near Parking Area,E01017570,Central Bedfordshire 029E,Shoplifting,Court result unavailable,
014f7f8e1ed29a145a52e1894190b84f99983bd6b01fd280be10f8961ab79d65,2022-06,Bedfordshire Police,Bedfordshire Police,-0.520225,51.887454,On or near Parking Area,E01017570,Central Bedfordshire 029E,Shoplifting,Court result unavailable,
772afb2ab3fd50c535a2689c9f029ba937928b91b4911f7f3d31a872c4b8f675,2022-06,Bedfordshire Police,Bedfordshire Police,-0.520225,51.887454,On or near Parking Area,E01017570,Central Bedfordshire 029E,Shoplifting,Investigation complete; no suspect identified,
af6203d850c3222f2140fc784a099175062355d0e8296defe9c745528dff960f,2022-06,Bedfordshire Police,Bedfordshire Police,-0.518656,51.887012,On or near Supermarket,E01017570,Central Bedfordshire 029E,Theft from the person,Investigation complete; no suspect identified,
03691686ea7a9d9dead00000f1ee6f67b019cd13c2817590cb26fc62e943c6bb,2022-06,Bedfordshire Police,Bedfordshire Police,-0.514486,51.888757,On or near Shopping Area,E01017570,Central Bedfordshire 029E,Vehicle crime,Investigation complete; no suspect identified,
a0f445b2ed9d1b03f513fa5350666e89ede16bb86b24a686ad7511e081624e40,2022-06,Bedfordshire Police,Bedfordshire Police,-0.518838,51.890763,On or near Further/Higher Educational Building,E01017570,Central Bedfordshire 029E,Vehicle crime,Investigation complete; no suspect identified,
de7c55da86acb8cf1a60fad6afd487bba3c1c0a88b5275769fe32765d40dbde2,2022-06,Bedfordshire Police,Bedfordshire Police,-0.517978,51.886868,On or near Kingsbury Court,E01017570,Central Bedfordshire 029E,Vehicle crime,Investigation complete; no suspect identified,
260be2adbea1bfb06ef882a321b640bda4947ee986e31bee7461a2b770622c66,2022-06,Bedfordshire Police,Bedfordshire Police,-0.520968,51.889630,On or near Court Drive,E01017570,Central Bedfordshire 029E,Vehicle crime,Investigation complete; no suspect identified,
7e7e957c49051474d69dcead445af14646efd272d0426e73d8f2909ab0514dd4,2022-06,Bedfordshire Police,Bedfordshire Police,-0.521693,51.890107,On or near Theatre/Concert Hall,E01017570,Central Bedfordshire 029E,Vehicle crime,Investigation complete; no suspect identified,
e8e98bae9890595fc4f33feacc83c40f1056bddeb07b8cea6c792572744c4617,2022-06,Bedfordshire Police,Bedfordshire Police,-0.518992,51.886081,On or near Church Walk,E01017570,Central Bedfordshire 029E,Vehicle crime,Investigation complete; no suspect identified,
c776a0c54c7aa679c00660ec8a5a1714c363ed808cbdbe3b55a368f81ec85c10,2022-06,Bedfordshire Police,Bedfordshire Police,-0.520968,51.889630,On or near Court Drive,E01017570,Central Bedfordshire 029E,Vehicle crime,Investigation complete; no suspect identified,
7015c4c14d30dee1599cafb0c5bc649aeb91419a009d6de93d73e760a388cba6,2022-06,Bedfordshire Police,Bedfordshire Police,-0.513335,51.885785,On or near Alfred Street,E01017570,Central Bedfordshire 029E,Vehicle crime,Investigation complete; no suspect identified,
7eea1e0f886f7eb8135f1560af739df6594f8c39147646eef91c9931a14e48e5,2022-06,Bedfordshire Police,Bedfordshire Police,-0.517208,51.889511,On or near The Mall,E01017570,Central Bedfordshire 029E,Vehicle crime,Investigation complete; no suspect identified,
5f6e7cd6ad6bddff459668e3656e239daf6d25f5c2a330545667411e46a8d4e2,2022-06,Bedfordshire Police,Bedfordshire Police,-0.518530,51.884663,On or near Wood Street,E01017570,Central Bedfordshire 029E,Violence and sexual offences,Unable to prosecute suspect,
4e1575940744b3985ef40e036a0d0f811a5952421a58231059df9baf14a9e778,2022-06,Bedfordshire Police,Bedfordshire Police,-0.518656,51.887012,On or near Supermarket,E01017570,Central Bedfordshire 029E,Violence and sexual offences,Investigation complete; no suspect identified,
92063bdea23493bf233980a448ffb4b59654d38927c90f26201611ebc18b0d68,2022-06,Bedfordshire Police,Bedfordshire Police,-0.513508,51.886254,On or near St Peter'S Road,E01017570,Central Bedfordshire 029E,Violence and sexual offences,Investigation complete; no suspect identified,
c3d0be59154488196107a1f4c7e68ed81c8cb06d3d84be95f7cc47e72742ac04,2022-06,Bedfordshire Police,Bedfordshire Police,-0.519971,51.885455,On or near Shopping Area,E01017570,Central Bedfordshire 029E,Violence and sexual offences,Unable to prosecute suspect,
281d3bd27a11ae2af0844b4436ac8996fa0ca45f500f6fec70a2d629f412ccfc,2022-06,Bedfordshire Police,Bedfordshire Police,-0.519355,51.888279,On or near Dorchester Close,E01017570,Central Bedfordshire 029E,Violence and sexual offences,Action to be taken by another organisation,
7431e1b34c7530a370eb9bab6f2dc19c3dc15095bcd828064f48d308233b7b65,2022-06,Bedfordshire Police,Bedfordshire Police,-0.517679,51.888887,On or near Kingsway,E01017570,Central Bedfordshire 029E,Violence and sexual offences,Status update unavailable,
1116504e1058fefcb7415c7a4a9dbd339a7cf168aa1baad5c0991da8febcdfa2,2022-06,Bedfordshire Police,Bedfordshire Police,-0.520968,51.889630,On or near Court Drive,E01017570,Central Bedfordshire 029E,Violence and sexual offences,Unable to prosecute suspect,
,2022-06,Bedfordshire Police,Bedfordshire Police,-0.511288,51.886613,On or near Station Road,E01017592,Central Bedfordshire 030A,Anti-social behaviour,,
,2022-06,Bedfordshire Police,Bedfordshire Police,-0.511288,51.886613,On or near Station Road,E01017592,Central Bedfordshire 030A,Anti-social behaviour,,
,2022-06,Bedfordshire Police,Bedfordshire Police,-0.511288,51.886613,On or near Station Road,E01017592,Central Bedfordshire 030A,Anti-social behaviour,,
,2022-06,Bedfordshire Police,Bedfordshire Police,-0.511288,51.886613,On or near Station Road,E01017592,Central Bedfordshire 030A,Anti-social behaviour,,
,2022-06,Bedfordshire Police,Bedfordshire Police,-0.513062,51.884351,On or near Richard Street,E01017592,Central Bedfordshire 030A,Anti-social behaviour,,
,2022-06,Bedfordshire Police,Bedfordshire Police,-0.511288,51.886613,On or near Station Road,E01017592,Central Bedfordshire 030A,Anti-social behaviour,,
74251ec2be660822bd26271ce4d530fda4d6bcf9316e8f1da57929fd2af6ac48,2022-06,Bedfordshire Police,Bedfordshire Police,-0.510122,51.886256,On or near Stokers Close,E01017592,Central Bedfordshire 030A,Possession of weapons,Status update unavailable,
77c0cc763f0e1b1d46914f1f48afe89d2ec40b061193633daa5fca5c50046624,2022-06,Bedfordshire Police,Bedfordshire Police,-0.510122,51.886256,On or near Stokers Close,E01017592,Central Bedfordshire 030A,Robbery,Unable to prosecute suspect,
ec820caa09777a548fed32f609783c70d09849e6ee99b3a097049b74bda06850,2022-06,Bedfordshire Police,Bedfordshire Police,-0.507153,51.882901,On or near Barton Avenue,E01017593,Central Bedfordshire 030B,Violence and sexual offences,Unable to prosecute suspect,
859526fe3f91d8c00f490b33d0c09167665da8a6ba5e4595223eec739044ccc1,2022-06,Bedfordshire Police,Bedfordshire Police,-0.506242,51.878834,On or near Hillside Road,E01017593,Central Bedfordshire 030B,Violence and sexual offences,Unable to prosecute suspect,
,2022-06,Bedfordshire Police,Bedfordshire Police,-0.497677,51.876450,On or near Lincoln Close,E01017594,Central Bedfordshire 030C,Anti-social behaviour,,
,2022-06,Bedfordshire Police,Bedfordshire Police,-0.502304,51.877975,On or near Brive Road,E01017594,Central Bedfordshire 030C,Anti-social behaviour,,
ed453215844787a9ca7f762d0024910c68b760678b9d71341ed1c3a0bcb49e83,2022-06,Bedfordshire Police,Bedfordshire Police,-0.502304,51.877975,On or near Brive Road,E01017594,Central Bedfordshire 030C,Criminal damage and arson,Unable to prosecute suspect,
677b507030a7176d02358e2aec5957eab1fd04031fe4fa46556433d021f6cdbd,2022-06,Bedfordshire Police,Bedfordshire Police,-0.497677,51.876450,On or near Lincoln Close,E01017594,Central Bedfordshire 030C,Criminal damage and arson,Investigation complete; no suspect identified,
d91e8977ba1116bfbe48ec84c4c10c28622e0a5a8b5dab6a1d0f3fafc045f075,2022-06,Bedfordshire Police,Bedfordshire Police,-0.500809,51.878387,On or near Graham Road,E01017594,Central Bedfordshire 030C,Criminal damage and arson,Unable to prosecute suspect,
a58631f15f9ddfb9557d819e04bf3beff7f0cd3bee9c32893dd82b8fe0951a6d,2022-06,Bedfordshire Police,Bedfordshire Police,-0.502861,51.877379,On or near New Woodfield Green,E01017594,Central Bedfordshire 030C,Criminal damage and arson,Unable to prosecute suspect,
1b047849928007f8ba9c631eeb4708ef45490f158710155d890b3e00d9e54c8d,2022-06,Bedfordshire Police,Bedfordshire Police,-0.507129,51.876597,On or near London Road,E01017594,Central Bedfordshire 030C,Drugs,Investigation complete; no suspect identified,
724a0518c2859a69f289e044b96e1154916edeb1337689f638f780013c8dbb20,2022-06,Bedfordshire Police,Bedfordshire Police,-0.505967,51.877904,On or near Mayfield Road,E01017594,Central Bedfordshire 030C,Other theft,Awaiting court outcome,
cdd0bd8832f7409f73567cf938ccb81b165bc36e727481039ed44c7a94b3dee9,2022-06,Bedfordshire Police,Bedfordshire Police,-0.503452,51.878844,On or near Oakwood Avenue,E01017594,Central Bedfordshire 030C,Public order,Investigation complete; no suspect identified,
7049dbe305e46f3d2ede0a94921bd4391d81356c7b33a0dd4b6833b28144fe98,2022-06,Bedfordshire Police,Bedfordshire Police,-0.497677,51.876450,On or near Lincoln Close,E01017594,Central Bedfordshire 030C,Public order,Action to be taken by another organisation,
848ae10cfded8fc6a090018c3dab396683c3df67cc4490d8ed60afaf8717f5f9,2022-06,Bedfordshire Police,Bedfordshire Police,-0.496279,51.875686,On or near Suffolk Road,E01017594,Central Bedfordshire 030C,Robbery,Investigation complete; no suspect identified,
e84cbab77952f5c6ca4bf6d03fa9c0d870bfddab77d3a47fa6e34bd24b665160,2022-06,Bedfordshire Police,Bedfordshire Police,-0.503452,51.878844,On or near Oakwood Avenue,E01017594,Central Bedfordshire 030C,Vehicle crime,Investigation complete; no suspect identified,
ef16b7ef12c3cd570f7e3891d582a7d84edc09de6e9580a099bb69149d8d4f91,2022-06,Bedfordshire Police,Bedfordshire Police,-0.502304,51.877975,On or near Brive Road,E01017594,Central Bedfordshire 030C,Violence and sexual offences,Unable to prosecute suspect,
80462f4ed04520b33f9897b7a5a79e9551e06409f67413cac3670d90f414f453,2022-06,Bedfordshire Police,Bedfordshire Police,-0.504361,51.876391,On or near Mountview Avenue,E01017594,Central Bedfordshire 030C,Violence and sexual offences,Unable to prosecute suspect,
c57c8bc1ab948586744ac9e69e3c770382b0281168e97ee48f3365b9b1135488,2022-06,Bedfordshire Police,Bedfordshire Police,-0.502861,51.877379,On or near New Woodfield Green,E01017594,Central Bedfordshire 030C,Violence and sexual offences,Unable to prosecute suspect,
0571d8e5db99dd81d1053a061ed0fcebcb60fcac3f8686ee23270a7d0883aa7d,2022-06,Bedfordshire Police,Bedfordshire Police,-0.504361,51.876391,On or near Mountview Avenue,E01017594,Central Bedfordshire 030C,Violence and sexual offences,Unable to prosecute suspect,
ac6692bd135bb07b977284578846a06d78bcbd1ef555d446fb39e64bd8eb86d9,2022-06,Bedfordshire Police,Bedfordshire Police,-0.503452,51.878844,On or near Oakwood Avenue,E01017594,Central Bedfordshire 030C,Violence and sexual offences,Status update unavailable,
5f971aeb760ebe40710ec5cdc65857b586a33caa9c44ecb121bded317b22cc92,2022-06,Bedfordshire Police,Bedfordshire Police,-0.498787,51.875826,On or near Southwood Road,E01017594,Central Bedfordshire 030C,Violence and sexual offences,Court result unavailable,
8a7b441bac92209ba7e32bb45aeca204e45bdfca6171c58ebe8432ae44b7a7fa,2022-06,Bedfordshire Police,Bedfordshire Police,-0.505967,51.877904,On or near Mayfield Road,E01017594,Central Bedfordshire 030C,Violence and sexual offences,Investigation complete; no suspect identified,
9db14251da9c79d40debd6788cfb901c1fa10b39380ab008b1918078e4c9a35a,2022-06,Bedfordshire Police,Bedfordshire Police,-0.497205,51.874934,On or near Norfolk Road,E01017594,Central Bedfordshire 030C,Violence and sexual offences,Unable to prosecute suspect,
7bccdc856d2f2f83e458b48f63640a1d2fe545f55b90352f427045e18e8332da,2022-06,Bedfordshire Police,Bedfordshire Police,-0.505967,51.877904,On or near Mayfield Road,E01017594,Central Bedfordshire 030C,Violence and sexual offences,Investigation complete; no suspect identified,
,2022-06,Bedfordshire Police,Bedfordshire Police,-0.518827,51.879155,On or near Furness Avenue,E01017623,Central Bedfordshire 031A,Anti-social behaviour,,
,2022-06,Bedfordshire Police,Bedfordshire Police,-0.515788,51.880555,On or near Garden Road,E01017623,Central Bedfordshire 031A,Anti-social behaviour,,
,2022-06,Bedfordshire Police,Bedfordshire Police,-0.517499,51.882438,On or near Staines Square,E01017623,Central Bedfordshire 031A,Anti-social behaviour,,
4bce9cbf4843622db9785aeee15ca6d990f30959a2940248b3858aae4994d935,2022-06,Bedfordshire Police,Bedfordshire Police,-0.515788,51.880555,On or near Garden Road,E01017623,Central Bedfordshire 031A,Criminal damage and arson,Unable to prosecute suspect,
6a89d5aab46acc223703fdc8cf0115fafe2fc627b5c1822ed4219be54a646017,2022-06,Bedfordshire Police,Bedfordshire Police,-0.516671,51.882877,On or near Petrol Station,E01017623,Central Bedfordshire 031A,Other theft,Investigation complete; no suspect identified,
993d0f795e000902d9fc9a35ff8aec63721bac841d0d45ef251461fbb3d14b28,2022-06,Bedfordshire Police,Bedfordshire Police,-0.517589,51.880569,On or near Hawthorn Close,E01017623,Central Bedfordshire 031A,Public order,Unable to prosecute suspect,
17924f1a8e38f06fed107fb6a9ab1972bfca7902489e11f1b8720b61db19e2ab,2022-06,Bedfordshire Police,Bedfordshire Police,-0.517589,51.880569,On or near Hawthorn Close,E01017623,Central Bedfordshire 031A,Public order,Unable to prosecute suspect,
a9f720e55aaa807eb7ee1fbfb22bc6a50ffb2daee9f0cf676b89a2ad945a4f85,2022-06,Bedfordshire Police,Bedfordshire Police,-0.516671,51.882877,On or near Petrol Station,E01017623,Central Bedfordshire 031A,Public order,Investigation complete; no suspect identified,
e880782cc308cf4e3dbe6293b8ad17cdf13101a0a09f20fca40c10250dddd6c9,2022-06,Bedfordshire Police,Bedfordshire Police,-0.510327,51.878319,On or near Index Drive,E01017623,Central Bedfordshire 031A,Vehicle crime,Investigation complete; no suspect identified,
0c41d6d195a7611a5246289082cb962cbc69abad583ff50a22e23a9072b49f0e,2022-06,Bedfordshire Police,Bedfordshire Police,-0.515788,51.880555,On or near Garden Road,E01017623,Central Bedfordshire 031A,Violence and sexual offences,Unable to prosecute suspect,
3a9afa39090b810492af43139fe99b5183444d2800a8c92451e5783081fe2024,2022-06,Bedfordshire Police,Bedfordshire Police,-0.510327,51.878319,On or near Index Drive,E01017623,Central Bedfordshire 031A,Violence and sexual offences,Status update unavailable,
123312cb466908653e26f0c547dfa4c0faea712476ce8d948cdad83267078abb,2022-06,Bedfordshire Police,Bedfordshire Police,-0.515788,51.880555,On or near Garden Road,E01017623,Central Bedfordshire 031A,Other crime,Action to be taken by another organisation,
,2022-06,Bedfordshire Police,Bedfordshire Police,-0.503441,51.871731,On or near Beech Road,E01017624,Central Bedfordshire 031B,Anti-social behaviour,,
b00d00b05a2fdf1dc74f9e07112b89bdf5d0a3ab2ad23f99411b178fdd614146,2022-06,Bedfordshire Police,Bedfordshire Police,-0.504334,51.874602,On or near London Road,E01017624,Central Bedfordshire 031B,Burglary,Investigation complete; no suspect identified,
3719705a19c54143a087d224d3d9a24e8a045e3413ff54fde379e522ecf27e46,2022-06,Bedfordshire Police,Bedfordshire Police,-0.504334,51.874602,On or near London Road,E01017624,Central Bedfordshire 031B,Criminal damage and arson,Investigation complete; no suspect identified,
f9bc44e6e868c26bc1d61d9111257d59c01447e6e087d489c2147650c4967dc7,2022-06,Bedfordshire Police,Bedfordshire Police,-0.509037,51.876460,On or near Southfields Road,E01017624,Central Bedfordshire 031B,Other theft,Investigation complete; no suspect identified,
e307ddd391b11085d559d2aa207cd795156f2b547ff57f1304b14a85a899740f,2022-06,Bedfordshire Police,Bedfordshire Police,-0.504334,51.874602,On or near London Road,E01017624,Central Bedfordshire 031B,Public order,Status update unavailable,
fd754fa6cb6a4cbb6856fffeb269a2ca08b8dba6e8a158e81747e51994038cc6,2022-06,Bedfordshire Police,Bedfordshire Police,-0.503441,51.871731,On or near Beech Road,E01017624,Central Bedfordshire 031B,Public order,Unable to prosecute suspect,
30ffe45edfdbba08bfa7dac4dd9b639a33c4a3ece8e6340d9ee9248c04235f38,2022-06,Bedfordshire Police,Bedfordshire Police,-0.506400,51.872299,On or near Churchill Road,E01017624,Central Bedfordshire 031B,Violence and sexual offences,Unable to prosecute suspect,
55fab95b44f906343d9afb0b567a4d4ee9f47177db0be0d98da38692869aafa4,2022-06,Bedfordshire Police,Bedfordshire Police,-0.506854,51.874373,On or near Seamons Close,E01017624,Central Bedfordshire 031B,Violence and sexual offences,Investigation complete; no suspect identified,
,2022-06,Bedfordshire Police,Bedfordshire Police,-0.517039,51.876975,On or near Easedale Close,E01017625,Central Bedfordshire 031C,Anti-social behaviour,,
,2022-06,Bedfordshire Police,Bedfordshire Police,-0.517039,51.876975,On or near Easedale Close,E01017625,Central Bedfordshire 031C,Anti-social behaviour,,
,2022-06,Bedfordshire Police,Bedfordshire Police,-0.522048,51.877523,On or near Staveley Road,E01017625,Central Bedfordshire 031C,Anti-social behaviour,,
683c0e6845bfeddaac2aa291cbe18aba2bf5e190b18d19d2726dbb3743ef6b21,2022-06,Bedfordshire Police,Bedfordshire Police,-0.517039,51.876975,On or near Easedale Close,E01017625,Central Bedfordshire 031C,Criminal damage and arson,Investigation complete; no suspect identified,
54826974e8633fb4f8e9ab012ee5c6804ae0fe47a8d2cbb3170a60b7db780465,2022-06,Bedfordshire Police,Bedfordshire Police,-0.521787,51.876603,On or near Kirkstone Drive,E01017625,Central Bedfordshire 031C,Criminal damage and arson,Offender given a caution,
ba60777c07f0109953dbd38037a255f97bb2bfd99f530cc7bb2a417045944b3a,2022-06,Bedfordshire Police,Bedfordshire Police,-0.524817,51.876344,On or near Tarnside Close,E01017625,Central Bedfordshire 031C,Violence and sexual offences,Unable to prosecute suspect,
bf5dc1eb0a26495e65d516bff57c976ad56d2b5f3d0a21684c1b6dbc89cb0a23,2022-06,Bedfordshire Police,Bedfordshire Police,-0.524817,51.876344,On or near Tarnside Close,E01017625,Central Bedfordshire 031C,Violence and sexual offences,Awaiting court outcome,
b815b3b929d5a477a512171e1fc551a48c4f26a9af5f67a184608f313d346227,2022-06,Bedfordshire Police,Bedfordshire Police,-0.521787,51.876603,On or near Kirkstone Drive,E01017625,Central Bedfordshire 031C,Violence and sexual offences,Unable to prosecute suspect,
78edb85b9171ceda94d1485db454dabb8537a701de143978f767ff94dadc9514,2022-06,Bedfordshire Police,Bedfordshire Police,-0.524817,51.876344,On or near Tarnside Close,E01017625,Central Bedfordshire 031C,Violence and sexual offences,Unable to prosecute suspect,
,2022-06,Bedfordshire Police,Bedfordshire Police,-0.514103,51.873925,On or near Pedestrian Subway,E01017626,Central Bedfordshire 031D,Anti-social behaviour,,
,2022-06,Bedfordshire Police,Bedfordshire Police,-0.514961,51.875240,On or near Sports/Recreation Area,E01017626,Central Bedfordshire 031D,Anti-social behaviour,,
b15998a5e7d9a7af79fb1fdee8a83f9980a97d333c9d655cef3e15a20650cc5c,2022-06,Bedfordshire Police,Bedfordshire Police,-0.513407,51.874330,On or near Supermarket,E01017626,Central Bedfordshire 031D,Violence and sexual offences,Unable to prosecute suspect,
,2022-06,Bedfordshire Police,Bedfordshire Police,-0.603431,51.895349,On or near Park/Open Space,E01017571,Central Bedfordshire 032A,Anti-social behaviour,,
c5807f36f1992bdfb70fae57e9a1d7f24f37fa1ef1689df35e0a05b640dbf336,2022-06,Bedfordshire Police,Bedfordshire Police,-0.595860,51.877582,On or near Cantilupe Close,E01017571,Central Bedfordshire 032A,Public order,Unable to prosecute suspect,
d785d23e0d68d0caa21e997880c08fa9e58b37c69ba2d8a4269d28a09cca7e5a,2022-06,Bedfordshire Police,Bedfordshire Police,-0.586005,51.874056,On or near Knights Court,E01017571,Central Bedfordshire 032A,Violence and sexual offences,Unable to prosecute suspect,
51d6d2b677c79ebb890a788c0847e8b8cf6b23ab01ae54749fd505cc2bedfcc5,2022-06,Bedfordshire Police,Bedfordshire Police,-0.586028,51.874731,On or near Perry Mead,E01017571,Central Bedfordshire 032A,Violence and sexual offences,Unable to prosecute suspect,
,2022-06,Bedfordshire Police,Bedfordshire Police,-0.583724,51.876852,On or near School Lane,E01017572,Central Bedfordshire 032B,Anti-social behaviour,,
2b09b87fc30ecddea779f7718aa5504f731361395a7594d09195e2439a8efcfc,2022-06,Bedfordshire Police,Bedfordshire Police,-0.583724,51.876852,On or near School Lane,E01017572,Central Bedfordshire 032B,Criminal damage and arson,Investigation complete; no suspect identified,
8d017ce282a259735d8ab54b53290778d11b12dfddac15c2bf55a28049b6d188,2022-06,Bedfordshire Police,Bedfordshire Police,-0.584655,51.875892,On or near Gurney Court,E01017572,Central Bedfordshire 032B,Other theft,Investigation complete; no suspect identified,
5ee84f5da3236b119d07675af1e391550bf230d8c32f413c3cafb38c8cf7d293,2022-06,Bedfordshire Police,Bedfordshire Police,-0.583724,51.876852,On or near School Lane,E01017572,Central Bedfordshire 032B,Public order,Investigation complete; no suspect identified,
ed4ad4a0f96fe9d637e7cfb743c196978d6d67f33f48815a3c967f055f3dae4f,2022-06,Bedfordshire Police,Bedfordshire Police,-0.583724,51.876852,On or near School Lane,E01017572,Central Bedfordshire 032B,Public order,Investigation complete; no suspect identified,
b6ec159715726281bf88e9bd4b0abcabd62a84fd8389938eee8944c4aba3250a,2022-06,Bedfordshire Police,Bedfordshire Police,-0.583724,51.876852,On or near School Lane,E01017572,Central Bedfordshire 032B,Public order,Investigation complete; no suspect identified,
,2022-06,Bedfordshire Police,Bedfordshire Police,-0.475625,51.848508,On or near Petrol Station,E01017586,Central Bedfordshire 032C,Anti-social behaviour,,
,2022-06,Bedfordshire Police,Bedfordshire Police,-0.529841,51.868413,On or near Park/Open Space,E01017586,Central Bedfordshire 032C,Anti-social behaviour,,
8c21d8f746b6728a38a651f2ce4a5517a6a17aefa4a8ee56b7b228c2c6d49d43,2022-06,Bedfordshire Police,Bedfordshire Police,-0.497837,51.849855,On or near Sports/Recreation Area,E01017586,Central Bedfordshire 032C,Public order,Unable to prosecute suspect,
0da1f2179216f638492807039fb0c4a1c4321dc4961b39f8bcef39cada943d45,2022-06,Bedfordshire Police,Bedfordshire Police,-0.497837,51.849855,On or near Sports/Recreation Area,E01017586,Central Bedfordshire 032C,Vehicle crime,Investigation complete; no suspect identified,
6d1b81d0a985e81876db7ec30b1c544afe6b2fe6acdf03ba8e3612cf41548d58,2022-06,Bedfordshire Police,Bedfordshire Police,-0.496261,51.849646,On or near The Chilterns,E01017586,Central Bedfordshire 032C,Violence and sexual offences,Unable to prosecute suspect,
7b7e212370a086f7db95e1dd4c4483efa1fe23d0cb42bc5b7b892f6d5c93716c,2022-06,Bedfordshire Police,Bedfordshire Police,-0.496261,51.849646,On or near The Chilterns,E01017586,Central Bedfordshire 032C,Violence and sexual offences,Unable to prosecute suspect,
6016a75aeb4565c79e5ff8cc7ab1aacd0fef4e7e9569cf030e8e3c1bb4440c17,2022-06,Bedfordshire Police,Bedfordshire Police,-0.496261,51.849646,On or near The Chilterns,E01017586,Central Bedfordshire 032C,Violence and sexual offences,Unable to prosecute suspect,
efe4138fc77c0bf5d0b8cf969796611cb9094510920a837ce060414dc3321c5c,2022-06,Bedfordshire Police,Bedfordshire Police,-0.496261,51.849646,On or near The Chilterns,E01017586,Central Bedfordshire 032C,Violence and sexual offences,Unable to prosecute suspect,
0f7c0b69fe7b4a4e658585338115cb1f258e281d144d296be3160ce12402bcc3,2022-06,Bedfordshire Police,Bedfordshire Police,-0.496261,51.849646,On or near The Chilterns,E01017586,Central Bedfordshire 032C,Violence and sexual offences,Unable to prosecute suspect,
bc2478cc842b2eabe2037c5b7b7cb6823e8ee811402803f803f95ea9f8eea35f,2022-06,Bedfordshire Police,Bedfordshire Police,-0.509879,51.832528,On or near Byslips Road,E01017587,Central Bedfordshire 032D,Public order,Investigation complete; no suspect identified,
d58409726adfff7a3e6d1e92341f37b3dfed46763f41239f8328852f22f57cc0,2022-06,Bedfordshire Police,Bedfordshire Police,-0.516923,51.832806,On or near Southern Way,E01017587,Central Bedfordshire 032D,Violence and sexual offences,Investigation complete; no suspect identified,
b35589b47cd4c7baeb4ff443bcc463f9ed4719c26646656e2ef9c91faa5b9f9c,2022-06,Bedfordshire Police,Bedfordshire Police,-0.534003,51.851642,On or near B4540,E01017587,Central Bedfordshire 032D,Violence and sexual offences,Unable to prosecute suspect,
8c7c2d8b853fe98561bfa24a8d1dbc4aae77126b86a82f1e63899e633b992572,2022-06,Bedfordshire Police,Bedfordshire Police,-0.532694,51.860644,On or near B4541,E01017587,Central Bedfordshire 032D,Violence and sexual offences,Unable to prosecute suspect,
,2022-06,Bedfordshire Police,Bedfordshire Police,-0.582123,51.892172,On or near Knolls View,E01017588,Central Bedfordshire 032E,Anti-social behaviour,,
dfcc931c895692be4dba498acb8238ee30914f308977b89f36c432ee802d7c43,2022-06,Bedfordshire Police,Bedfordshire Police,-0.563312,51.880983,On or near Church Green,E01017588,Central Bedfordshire 032E,Other theft,Investigation complete; no suspect identified,
a50e59fc959f2962ec1d1408c0bc3ebfd5a28fc82ee19550b8a03576b5fb38dd,2022-06,Bedfordshire Police,Bedfordshire Police,-0.565685,51.883557,On or near Park Avenue,E01017588,Central Bedfordshire 032E,Public order,Court result unavailable,
0dc6879a1b258ed4007325c65961c2dfdf1e6df61c542c9ee70677b07cbead3f,2022-06,Bedfordshire Police,Bedfordshire Police,-0.565685,51.883557,On or near Park Avenue,E01017588,Central Bedfordshire 032E,Public order,Court result unavailable,
4237ab4726ad19deb245fb300715063db1891e7fb7cb84fe6d2b345c1c34a3e1,2022-06,Bedfordshire Police,Bedfordshire Police,-0.588929,51.885052,On or near Honeywick Lane,E01017588,Central Bedfordshire 032E,Violence and sexual offences,Investigation complete; no suspect identified,
3c7e01c4e0b9da4c87feed8193e8b9a67b83ecdbd2a6d797e344de1d4220596c,2022-06,Bedfordshire Police,Bedfordshire Police,-0.573126,51.886264,On or near Castle Close,E01017588,Central Bedfordshire 032E,Violence and sexual offences,Unable to prosecute suspect,
,2022-06,Bedfordshire Police,Bedfordshire Police,-0.459718,51.859001,On or near Mardle Close,E01017561,Central Bedfordshire 033A,Anti-social behaviour,,
2b78cddae76079e0fb2c0408893710e9eb3bc856939380b0321a115c6e268860,2022-06,Bedfordshire Police,Bedfordshire Police,-0.462952,51.859970,On or near Millfield Way,E01017561,Central Bedfordshire 033A,Criminal damage and arson,Investigation complete; no suspect identified,
a09b4c09735bd190e6055a230b3abaa0df5f888fa12a39e2b080aa268f8e851d,2022-06,Bedfordshire Police,Bedfordshire Police,-0.482828,51.860533,On or near A5,E01017561,Central Bedfordshire 033A,Vehicle crime,Investigation complete; no suspect identified,
a5878c67583822181b8c9e810ac99e8bc7ec45fe57df1e24b051376762e84907,2022-06,Bedfordshire Police,Bedfordshire Police,-0.433775,51.855422,On or near Prebendal Drive,E01017561,Central Bedfordshire 033A,Vehicle crime,Investigation complete; no suspect identified,
,2022-06,Bedfordshire Police,Bedfordshire Police,-0.498455,51.874473,On or near Norfolk Road,E01017562,Central Bedfordshire 033B,Anti-social behaviour,,
,2022-06,Bedfordshire Police,Bedfordshire Police,-0.467038,51.878186,On or near Chaul End Road,E01017562,Central Bedfordshire 033B,Anti-social behaviour,,
67e48169f17f2902bd71dba2bd901122448e69714e20c3390643a3c6f5884058,2022-06,Bedfordshire Police,Bedfordshire Police,-0.436649,51.866762,On or near Luton Road,E01017562,Central Bedfordshire 033B,Criminal damage and arson,Investigation complete; no suspect identified,
17d775a34e427ea1d3f116446cac3ce4e4c76ee5166bef51cfb3b24b0d9dee21,2022-06,Bedfordshire Police,Bedfordshire Police,-0.455009,51.866304,On or near Meadow Way,E01017562,Central Bedfordshire 033B,Public order,Unable to prosecute suspect,
7249fc5788c40cfef59854b54aab3a49e8f2a1c91660adf51cec73344b505abd,2022-06,Bedfordshire Police,Bedfordshire Police,-0.436649,51.866762,On or near Luton Road,E01017562,Central Bedfordshire 033B,Violence and sexual offences,Unable to prosecute suspect,
bc194488c54a398aa291153b821d714530fce871c3ec62a5e79760b645039b4d,2022-06,Bedfordshire Police,Bedfordshire Police,-0.457163,51.868301,On or near Rushmore Close,E01017562,Central Bedfordshire 033B,Violence and sexual offences,Unable to prosecute suspect,
722dcd15bc853a39337ee5c5725401a1d1394eb334f5928c27548c9adb07d75b,2022-06,Bedfordshire Police,Bedfordshire Police,-0.452045,51.864215,On or near Five Oaks,E01017562,Central Bedfordshire 033B,Violence and sexual offences,Unable to prosecute suspect,
38d325781bd049afc0278902d6cf44e564bfc06137ea1f91be8187b37443fac8,2022-06,Bedfordshire Police,Bedfordshire Police,-0.436649,51.866762,On or near Luton Road,E01017562,Central Bedfordshire 033B,Violence and sexual offences,Status update unavailable,
9f80ca80a346ee25d13e47affe2a0225e0509f58df21306d6534a15b66949936,2022-06,Bedfordshire Police,Bedfordshire Police,-0.458340,51.864882,On or near Orchard Close,E01017563,Central Bedfordshire 033C,Public order,Local resolution,
,2022-06,Bedfordshire Police,Bedfordshire Police,-0.434640,51.853095,On or near Rossway,E01017564,Central Bedfordshire 033D,Anti-social behaviour,,
,2022-06,Bedfordshire Police,Bedfordshire Police,-0.428673,51.858483,On or near M1,E01017564,Central Bedfordshire 033D,Anti-social behaviour,,
e953ac16b26f61033c526bb9dc7c12c9109b3a02c4c79887f13eae0dbbb775db,2022-06,Bedfordshire Police,Bedfordshire Police,-0.408670,51.847990,On or near Beech Tree Drive,E01017564,Central Bedfordshire 033D,Vehicle crime,Investigation complete; no suspect identified,
55bc1a4de2c0a6c039978f6b20a71b9fd000cb872eb3d169944503f8c05bd316,2022-06,Bedfordshire Police,Bedfordshire Police,-0.431047,51.849532,On or near Brickhill Lane,E01017564,Central Bedfordshire 033D,Violence and sexual offences,Investigation complete; no suspect identified,
505414030ba11d2ff511692d72f8fdc71aa9005cba8540eb781668e22626342a,2022-06,Bedfordshire Police,Bedfordshire Police,-0.428673,51.858483,On or near M1,E01017564,Central Bedfordshire 033D,Violence and sexual offences,Status update unavailable,
a8d09aef25f2956df80983fc206e94106eb5e15705182e0972a1bdc8beeb22b8,2022-06,Bedfordshire Police,Bedfordshire Police,-0.408670,51.847990,On or near Beech Tree Drive,E01017564,Central Bedfordshire 033D,Violence and sexual offences,Unable to prosecute suspect,
d77a14d4d6441932f21962266e30008881be4ded179db3417427f42bf9e8960b,2022-06,Bedfordshire Police,Bedfordshire Police,-1.196047,52.768490,On or near Great Central Road,E01025701,Charnwood 002C,Violence and sexual offences,Status update unavailable,
88f9f914cc5c935607044e1f0c407ed8cd3c79d89b1aaccfee9bb468e1b18b70,2022-06,Bedfordshire Police,Bedfordshire Police,-1.496888,52.406631,On or near Vecqueray Street,E01009635,Coventry 028C,Violence and sexual offences,Unable to prosecute suspect,
3767d5151b6943491d840161908d0205839f1aedba9cb3ddde6b09f2ead6e79e,2022-06,Bedfordshire Police,Bedfordshire Police,-0.448896,51.769922,On or near Redbourn Road,E01023346,Dacorum 013B,Violence and sexual offences,Unable to prosecute suspect,
3f9d8bd402829c05692388a6f544305725b23a9e3f6c23c62be215ee930fcd33,2022-06,Bedfordshire Police,Bedfordshire Police,-0.602691,52.279895,On or near Poplar Close,E01027067,East Northamptonshire 010B,Public order,Unable to prosecute suspect,
938afcd6008b62817351c98213c41f243586283639f81771fb44558d8f58e55d,2022-06,Bedfordshire Police,Bedfordshire Police,-0.043765,51.646662,On or near Walters Road,E01001507,Enfield 012D,Violence and sexual offences,Investigation complete; no suspect identified,
3f320c2c5fd218fbffdc8dee235eaa40bd58c3c54d3a5073b76945a4c6621cad,2022-06,Bedfordshire Police,Bedfordshire Police,0.036050,51.701418,On or near Brookmeadow Way,E01021812,Epping Forest 009B,Violence and sexual offences,Unable to prosecute suspect,
afac184c860f09d919a9e5149253477771a745ea24c0b889a84296b61c7c9199,2022-06,Bedfordshire Police,Bedfordshire Police,-0.369876,51.576243,On or near Imperial Drive,E01002209,Harrow 025B,Violence and sexual offences,Unable to prosecute suspect,
adb3fc69172a9d04bc210a27eb94de4793389c6b5c7102d09af9ef3cbe987ec7,2022-06,Bedfordshire Police,Bedfordshire Police,-0.263947,51.651598,On or near Monksmead,E01023541,Hertsmere 011C,Criminal damage and arson,Unable to prosecute suspect,
aadc23980645a6013c6b5a94a8e2b8f570ee1db2c2638ce1cb106fe4642d5701,2022-06,Bedfordshire Police,Bedfordshire Police,-0.296282,52.210828,On or near Parking Area,E01018177,Huntingdonshire 022A,Violence and sexual offences,Investigation complete; no suspect identified,
79e3cb82bd26325ef3b58e487f34120a48bfbb71c9f66acf3a1923ee0ae6eb01,2022-06,Bedfordshire Police,Bedfordshire Police,-0.114700,51.545381,On or near Roman Way,E01002713,Islington 015C,Violence and sexual offences,Unable to prosecute suspect,
d22a5f06d00d032c1dab80b945b7a2d3b3de862e99e9c76a1f3cb22b145b9eb0,2022-06,Bedfordshire Police,Bedfordshire Police,-1.551759,53.801436,On or near Hospital,E01033008,Leeds 111A,Violence and sexual offences,Unable to prosecute suspect,
1957a8e72d3ba807805a0c112e90801760a95f53ac05ca5da986cc63a1d64101,2022-06,Bedfordshire Police,Bedfordshire Police,-1.551759,53.801436,On or near Hospital,E01033008,Leeds 111A,Violence and sexual offences,Unable to prosecute suspect,
d1b329ae1cb672d969a1930d51fd3c05e6465d08230f7d1bf239159805939d36,2022-06,Bedfordshire Police,Bedfordshire Police,-1.083756,52.625797,On or near Sidmouth Avenue,E01013668,Leicester 019F,Violence and sexual offences,Unable to prosecute suspect,
87b8ce768def1fb3442a4e6a3b944cffb93f8e1766de4dbe864e292c095db383,2022-06,Bedfordshire Police,Bedfordshire Police,-0.434277,51.921256,On or near Quantock Close,E01015706,Luton 001A,Other theft,Unable to prosecute suspect,
1726328526b92dd603e1cdb28e64510915215e17c4c010e9a30620aec8139648,2022-06,Bedfordshire Police,Bedfordshire Police,-0.434277,51.921256,On or near Quantock Close,E01015706,Luton 001A,Violence and sexual offences,Unable to prosecute suspect,
77c967d66c0fbe38fc0539379fd70408221f522861703b49d4e6bea49e33d340,2022-06,Bedfordshire Police,Bedfordshire Police,-0.444718,51.925045,On or near Burford Close,E01015706,Luton 001A,Violence and sexual offences,Unable to prosecute suspect,
,2022-06,Bedfordshire Police,Bedfordshire Police,-0.430683,51.922575,On or near Spurcroft,E01015707,Luton 001B,Anti-social behaviour,,
,2022-06,Bedfordshire Police,Bedfordshire Police,-0.430566,51.923437,On or near Farrow Close,E01015707,Luton 001B,Anti-social behaviour,,
,2022-06,Bedfordshire Police,Bedfordshire Police,-0.427369,51.925031,On or near Turnpike Drive,E01015707,Luton 001B,Anti-social behaviour,,
,2022-06,Bedfordshire Police,Bedfordshire Police,-0.427369,51.925031,On or near Turnpike Drive,E01015707,Luton 001B,Anti-social behaviour,,
eb23ecbf163b99562c59dc198a299f0be0344516b436b11e098a9f8700c4ce2e,2022-06,Bedfordshire Police,Bedfordshire Police,-0.427369,51.925031,On or near Turnpike Drive,E01015707,Luton 001B,Criminal damage and arson,Investigation complete; no suspect identified,
e58f21d10e6b0810a34811d4d4e4f3e56d0d206274664974b106342bb16eb307,2022-06,Bedfordshire Police,Bedfordshire Police,-0.427369,51.925031,On or near Turnpike Drive,E01015707,Luton 001B,Criminal damage and arson,Investigation complete; no suspect identified,
d650395884dbdb3cbeb1f152f22d09956cf8ac7fe7a120dcd3cd9c4308870521,2022-06,Bedfordshire Police,Bedfordshire Police,-0.434585,51.922447,On or near Dexter Close,E01015707,Luton 001B,Violence and sexual offences,Unable to prosecute suspect,
,2022-06,Bedfordshire Police,Bedfordshire Police,-0.445450,51.922375,On or near Ames Close,E01015709,Luton 001D,Anti-social behaviour,,
482c9bef2933ee44a282e1a7dde39fc5851a757cf1d185f7eacd21e4dbe4c530,2022-06,Bedfordshire Police,Bedfordshire Police,-0.447828,51.924682,On or near Whitehaven,E01015709,Luton 001D,Other theft,Investigation complete; no suspect identified,
63bbf1499d2918e8c04ac3e76a9b30866df01a97b04d86367440a7b24dab9007,2022-06,Bedfordshire Police,Bedfordshire Police,-0.444558,51.923362,On or near Albury Close,E01015709,Luton 001D,Public order,Unable to prosecute suspect,
29296e9fb53ed8a4aa734aa7c83697b7aeb6547850d926eff903cd193126db97,2022-06,Bedfordshire Police,Bedfordshire Police,-0.441161,51.919846,On or near Shingle Close,E01015709,Luton 001D,Vehicle crime,Unable to prosecute suspect,
d418bf1351ce6106e9f13204599e236273455d3ff1e33a8b86187d704b03cf33,2022-06,Bedfordshire Police,Bedfordshire Police,-0.438646,51.919390,On or near Speedwell Close,E01015709,Luton 001D,Vehicle crime,Unable to prosecute suspect,
1d79efb42c3656f15b04f74d7c664a0c7d3538b1d02f3d15068bac55e57d9744,2022-06,Bedfordshire Police,Bedfordshire Police,-0.448143,51.924002,On or near Whitehorse Vale,E01015709,Luton 001D,Violence and sexual offences,Unable to prosecute suspect,
,2022-06,Bedfordshire Police,Bedfordshire Police,-0.435379,51.918852,On or near Sharples Green,E01015710,Luton 001E,Anti-social behaviour,,
,2022-06,Bedfordshire Police,Bedfordshire Police,-0.436911,51.919520,On or near Petrol Station,E01015710,Luton 001E,Anti-social behaviour,,
,2022-06,Bedfordshire Police,Bedfordshire Police,-0.432686,51.917683,On or near Icknield Way,E01015710,Luton 001E,Anti-social behaviour,,
,2022-06,Bedfordshire Police,Bedfordshire Police,-0.435379,51.918852,On or near Sharples Green,E01015710,Luton 001E,Anti-social behaviour,,
,2022-06,Bedfordshire Police,Bedfordshire Police,-0.435977,51.917529,On or near Newbold Road,E01015710,Luton 001E,Anti-social behaviour,,
6e61019b07b79f221e178d09d50d0395564cbc6de6f92f6fd4f31a4260a48bc5,2022-06,Bedfordshire Police,Bedfordshire Police,-0.433183,51.918427,On or near Marsom Grove,E01015710,Luton 001E,Violence and sexual offences,Unable to prosecute suspect,
c371177f18ca3cb87572a2a252560ead20e204772b8e8acc560124f1cea31270,2022-06,Bedfordshire Police,Bedfordshire Police,-0.435379,51.918852,On or near Sharples Green,E01015710,Luton 001E,Violence and sexual offences,Investigation complete; no suspect identified,
,2022-06,Bedfordshire Police,Bedfordshire Police,-0.452156,51.918930,On or near Northwell Drive,E01015770,Luton 001F,Anti-social behaviour,,
,2022-06,Bedfordshire Police,Bedfordshire Police,-0.447144,51.917533,On or near Benson Close,E01015770,Luton 001F,Anti-social behaviour,,
,2022-06,Bedfordshire Police,Bedfordshire Police,-0.452156,51.918930,On or near Northwell Drive,E01015770,Luton 001F,Anti-social behaviour,,
17f2180604127af61e725571da90d1df041994be2f8bb308d624aeac294aaa02,2022-06,Bedfordshire Police,Bedfordshire Police,-0.452156,51.918930,On or near Northwell Drive,E01015770,Luton 001F,Other theft,Investigation complete; no suspect identified,
c66c39f15966bb4b8607ab70abedb63b1f7488b6c635c68ee14374d61b3bf33e,2022-06,Bedfordshire Police,Bedfordshire Police,-0.447144,51.917533,On or near Benson Close,E01015770,Luton 001F,Public order,Unable to prosecute suspect,
142d233f030254b3fec95d262557714827ebcf3cf141fbc98ddec2ae7308f85d,2022-06,Bedfordshire Police,Bedfordshire Police,-0.449832,51.918432,On or near Redgrave Gardens,E01015770,Luton 001F,Vehicle crime,Unable to prosecute suspect,
cf3d5bb1e82d94929bdf4edd3d4ebbec4246f915d2011db636b015164d81f892,2022-06,Bedfordshire Police,Bedfordshire Police,-0.452156,51.918930,On or near Northwell Drive,E01015770,Luton 001F,Violence and sexual offences,Action to be taken by another organisation,
39840446eb5b8dae90f648c539c496d753c2acc1f1a35c61fb2b645df5e478a6,2022-06,Bedfordshire Police,Bedfordshire Police,-0.452156,51.918930,On or near Northwell Drive,E01015770,Luton 001F,Violence and sexual offences,Investigation complete; no suspect identified,
2f8fbd63a609c7590fb802c17485fc7d14bee475a8c6ff7d0fe222d6ea7e4c19,2022-06,Bedfordshire Police,Bedfordshire Police,-0.452156,51.918930,On or near Northwell Drive,E01015770,Luton 001F,Violence and sexual offences,Action to be taken by another organisation,
46463a99fdf16c9ad9503a2f6985ad482e43dd876d2ff66c8dd68fba495c9b6e,2022-06,Bedfordshire Police,Bedfordshire Police,-0.452156,51.918930,On or near Northwell Drive,E01015770,Luton 001F,Violence and sexual offences,Unable to prosecute suspect,
,2022-06,Bedfordshire Police,Bedfordshire Police,-0.458233,51.911754,On or near Five Springs,E01015801,Luton 002A,Anti-social behaviour,,
,2022-06,Bedfordshire Police,Bedfordshire Police,-0.466020,51.914904,On or near Fourth Avenue,E01015801,Luton 002A,Anti-social behaviour,,
,2022-06,Bedfordshire Police,Bedfordshire Police,-0.457602,51.912366,On or near Pedestrian Subway,E01015801,Luton 002A,Anti-social behaviour,,
,2022-06,Bedfordshire Police,Bedfordshire Police,-0.463627,51.910062,On or near Sports/Recreation Area,E01015801,Luton 002A,Anti-social behaviour,,
,2022-06,Bedfordshire Police,Bedfordshire Police,-0.466020,51.914904,On or near Fourth Avenue,E01015801,Luton 002A,Anti-social behaviour,,
6fe15fdbb54059348683b0c381d6c2dd1d71ff7ac67abb19738b280ca8e301ed,2022-06,Bedfordshire Police,Bedfordshire Police,-0.457602,51.912366,On or near Pedestrian Subway,E01015801,Luton 002A,Criminal damage and arson,Investigation complete; no suspect identified,
904bf122235803e619329a994631d471c7b9d6f6537b9336f1c016f9a28f760a,2022-06,Bedfordshire Police,Bedfordshire Police,-0.455652,51.908582,On or near Bramingham Road,E01015801,Luton 002A,Criminal damage and arson,Unable to prosecute suspect,
2c984a6dbec607a15db97782d84d98a1a4115ee5a9b3fdabb6a975b97d1539b8,2022-06,Bedfordshire Police,Bedfordshire Police,-0.455652,51.908582,On or near Bramingham Road,E01015801,Luton 002A,Other theft,Investigation complete; no suspect identified,
fac8d9da0215a82ee75299ab7ead67973bace4c388429d78d5832c263d6c9b08,2022-06,Bedfordshire Police,Bedfordshire Police,-0.457602,51.912366,On or near Pedestrian Subway,E01015801,Luton 002A,Public order,Unable to prosecute suspect,
908ba7298b866a4199505019791db7182a4ca6dd71527b04966ad7691941653b,2022-06,Bedfordshire Police,Bedfordshire Police,-0.468987,51.912766,On or near Orchid Close,E01015801,Luton 002A,Violence and sexual offences,Unable to prosecute suspect,
c068f5374ff4a83102279bbe9b53001a333918c64d864cc02f2bc851ee925f20,2022-06,Bedfordshire Police,Bedfordshire Police,-0.457602,51.912366,On or near Pedestrian Subway,E01015801,Luton 002A,Violence and sexual offences,Unable to prosecute suspect,
bdf35a851d1f4b0177d50224675aadda16ee721892baa881aed18a5c3654048d,2022-06,Bedfordshire Police,Bedfordshire Police,-0.457602,51.912366,On or near Pedestrian Subway,E01015801,Luton 002A,Violence and sexual offences,Unable to prosecute suspect,
1956f81fabfe2d47aa01136f892a2a21cd2e49b468ca417382cc87dab3f8a4b6,2022-06,Bedfordshire Police,Bedfordshire Police,-0.468987,51.912766,On or near Orchid Close,E01015801,Luton 002A,Violence and sexual offences,Awaiting court outcome,
9aa3e9eef1035808acc3f2d451cf086196089d2e7d563cc25c3bccc6e83f0a05,2022-06,Bedfordshire Police,Bedfordshire Police,-0.463936,51.913348,On or near Florence Avenue,E01015801,Luton 002A,Violence and sexual offences,Unable to prosecute suspect,
38dbafa31408812276fbb72f32f64efe635e4538a2bfe9d91ea4858d1a96f8cd,2022-06,Bedfordshire Police,Bedfordshire Police,-0.466231,51.921947,On or near Atholl Close,E01015803,Luton 002B,Criminal damage and arson,Investigation complete; no suspect identified,
1f28e6cc5cf0a119485b46d4625fe93c829342ba241df909f35262bfc5cd2645,2022-06,Bedfordshire Police,Bedfordshire Police,-0.473410,51.922939,On or near Firbank Close,E01015803,Luton 002B,Violence and sexual offences,Investigation complete; no suspect identified,
25533e4c80a017a549329e9f73f2823b3cbdbe2a7188aac3ed7b969a433b56eb,2022-06,Bedfordshire Police,Bedfordshire Police,-0.469859,51.920465,On or near Redwood Drive,E01015803,Luton 002B,Violence and sexual offences,Unable to prosecute suspect,
160be81154f481de0ced545286a73e29873cd7a94842d03ca75ba6ec354757fc,2022-06,Bedfordshire Police,Bedfordshire Police,-0.468852,51.922287,On or near Mendip Way,E01015803,Luton 002B,Violence and sexual offences,Investigation complete; no suspect identified,
6491c5c96ab0d90f54bfee398ed4873bec1863b0e69dd6fc63574220638cd348,2022-06,Bedfordshire Police,Bedfordshire Police,-0.466231,51.921947,On or near Atholl Close,E01015803,Luton 002B,Violence and sexual offences,Offender given a caution,
,2022-06,Bedfordshire Police,Bedfordshire Police,-0.472645,51.915493,On or near Daisy Place,E01015804,Luton 002C,Anti-social behaviour,,
,2022-06,Bedfordshire Police,Bedfordshire Police,-0.471542,51.914571,On or near Shopping Area,E01015804,Luton 002C,Anti-social behaviour,,
,2022-06,Bedfordshire Police,Bedfordshire Police,-0.471542,51.914571,On or near Shopping Area,E01015804,Luton 002C,Anti-social behaviour,,
,2022-06,Bedfordshire Police,Bedfordshire Police,-0.471542,51.914571,On or near Shopping Area,E01015804,Luton 002C,Anti-social behaviour,,
2a2697fb69dfc97a6d00eb0caeba96bf7ab90463de6e8e3e65ee097e00676656,2022-06,Bedfordshire Police,Bedfordshire Police,-0.469760,51.915672,On or near The Parade,E01015804,Luton 002C,Drugs,Status update unavailable,
1ee8cd9c66d583c90149a620cd1d004424642873a0e1fbcc5abc3f9b71215856,2022-06,Bedfordshire Police,Bedfordshire Police,-0.471888,51.916374,On or near Park Avenue,E01015804,Luton 002C,Drugs,Local resolution,
be682ec187b2e7342142e5150df92405adab58acdf4e48acdb6982e6d018bebb,2022-06,Bedfordshire Police,Bedfordshire Police,-0.471888,51.916374,On or near Park Avenue,E01015804,Luton 002C,Drugs,Unable to prosecute suspect,
8f1eadc80a9d457441ee9e9d539afcc1e632e26fb01a8620dc1613d811bf8b31,2022-06,Bedfordshire Police,Bedfordshire Police,-0.469461,51.914625,On or near Sundon Park Road,E01015804,Luton 002C,Possession of weapons,Unable to prosecute suspect,
544588f5f621527de3d4afb086bbf684ce285369e66315eaf833693a6c4e0910,2022-06,Bedfordshire Police,Bedfordshire Police,-0.469760,51.915672,On or near The Parade,E01015804,Luton 002C,Possession of weapons,Status update unavailable,
cf1e3d65e7af09a4b57d39b8192e5fb8257d448db1594ef66fa4c83325493d4c,2022-06,Bedfordshire Police,Bedfordshire Police,-0.469522,51.917530,On or near Sports/Recreation Area,E01015804,Luton 002C,Possession of weapons,Action to be taken by another organisation,
ed6b98524475727c2faaec4d36929d07bf7a846a7fc21a38090ff3e5474c4f99,2022-06,Bedfordshire Police,Bedfordshire Police,-0.469461,51.914625,On or near Sundon Park Road,E01015804,Luton 002C,Public order,Investigation complete; no suspect identified,
0c4b8a6a5b90c00e108081a6f76127db1736a604ed8e20b6ded0a7b15f4735f9,2022-06,Bedfordshire Police,Bedfordshire Police,-0.469461,51.914625,On or near Sundon Park Road,E01015804,Luton 002C,Public order,Investigation complete; no suspect identified,
bc392863041c06ec1943d0142e9debde28dc813df88437a150e37f73ba84c775,2022-06,Bedfordshire Police,Bedfordshire Police,-0.469201,51.916285,On or near Colebrook Avenue,E01015804,Luton 002C,Public order,Unable to prosecute suspect,
03a10f3ef7d343d7022c05b2e6187905ea3a390839c65276f2761af65c93f1b4,2022-06,Bedfordshire Police,Bedfordshire Police,-0.466598,51.914605,On or near Ninth Avenue,E01015804,Luton 002C,Public order,Status update unavailable,
38025a8772c8a82581384c126751b47a30f238c99f00ea42f25bb7b1c6c50037,2022-06,Bedfordshire Police,Bedfordshire Police,-0.469461,51.914625,On or near Sundon Park Road,E01015804,Luton 002C,Public order,Unable to prosecute suspect,
423fca82e74c247a6ab86004afb713b6686658d7359fbe03514d3f4fe94196c1,2022-06,Bedfordshire Police,Bedfordshire Police,-0.471888,51.916374,On or near Park Avenue,E01015804,Luton 002C,Public order,Action to be taken by another organisation,
a55f6b3960876eac6c6d412b0a561248339c46c5bd23c8bc9d665f3275f21b46,2022-06,Bedfordshire Police,Bedfordshire Police,-0.471888,51.916374,On or near Park Avenue,E01015804,Luton 002C,Shoplifting,Investigation complete; no suspect identified,
4ca9c08f6b698f9672c98432562aecc6bf2e4554ef12e42bbf7063d4c63f7394,2022-06,Bedfordshire Police,Bedfordshire Police,-0.471888,51.916374,On or near Park Avenue,E01015804,Luton 002C,Shoplifting,Investigation complete; no suspect identified,
2d02fbe781a9cbfa82bb09c9ce5a1745636390b690dfe6919c1d2cbf3c5ef299,2022-06,Bedfordshire Police,Bedfordshire Police,-0.469722,51.915509,On or near Petrol Station,E01015804,Luton 002C,Shoplifting,Investigation complete; no suspect identified,
28acef0b6e84e8ff5d06f757d389d1af24a475d9ec6ece7628ff0fbb293a9e48,2022-06,Bedfordshire Police,Bedfordshire Police,-0.471888,51.916374,On or near Park Avenue,E01015804,Luton 002C,Shoplifting,Investigation complete; no suspect identified,
bfaa9c04d7aa9accd4930943e73420ea633494e4d71f5daf3edbf94ba35e2af1,2022-06,Bedfordshire Police,Bedfordshire Police,-0.471888,51.916374,On or near Park Avenue,E01015804,Luton 002C,Shoplifting,Investigation complete; no suspect identified,
3b25a282cb5c7a3f44bc827fee7ed6a10ade9a28417aa872e63e2b273a75b419,2022-06,Bedfordshire Police,Bedfordshire Police,-0.469522,51.917530,On or near Sports/Recreation Area,E01015804,Luton 002C,Theft from the person,Investigation complete; no suspect identified,
125b5872f68fa285d46b5913c31ad711c2293d05b3a127bedd04305091e1a7a2,2022-06,Bedfordshire Police,Bedfordshire Police,-0.471542,51.914571,On or near Shopping Area,E01015804,Luton 002C,Vehicle crime,Unable to prosecute suspect,
62e0529b022f64d9e2af89c1fa10a5a87b47c30e8a971404a368001879c72065,2022-06,Bedfordshire Police,Bedfordshire Police,-0.481992,51.922034,On or near Camford Way,E01015804,Luton 002C,Vehicle crime,Investigation complete; no suspect identified,
7218601f7856a0c8cb745e47e0371d00b38d3a30d2c114cb40cdf6095ec2fdc3,2022-06,Bedfordshire Police,Bedfordshire Police,-0.465908,51.915639,On or near Third Avenue,E01015804,Luton 002C,Violence and sexual offences,Unable to prosecute suspect,
acc63cfe7e4187c0927bc4369dfa524be764c1652e1bf1701429e1c36c6d65c6,2022-06,Bedfordshire Police,Bedfordshire Police,-0.471888,51.916374,On or near Park Avenue,E01015804,Luton 002C,Violence and sexual offences,Unable to prosecute suspect,
0d7bd7361443cdf5169b8109fc41b2a4c720e84757621d37899160f68a4af1e8,2022-06,Bedfordshire Police,Bedfordshire Police,-0.469722,51.915509,On or near Petrol Station,E01015804,Luton 002C,Violence and sexual offences,Unable to prosecute suspect,
a0eb033156d7797677024cbd1f78c5d4d397a9ffe061579cde9d7b24ef5f4257,2022-06,Bedfordshire Police,Bedfordshire Police,-0.465908,51.915639,On or near Third Avenue,E01015804,Luton 002C,Violence and sexual offences,Unable to prosecute suspect,
cdf9fbac83b3e56f0caaad278597431a61ef215bb313451ef2e4e08e90373023,2022-06,Bedfordshire Police,Bedfordshire Police,-0.471405,51.915198,On or near Honeysuckle Close,E01015804,Luton 002C,Violence and sexual offences,Unable to prosecute suspect,
9f4b40795c6d9447751859b8fbea63b9fa53eb6d6a1e8b49996cfa6d5401f3fd,2022-06,Bedfordshire Police,Bedfordshire Police,-0.471542,51.914571,On or near Shopping Area,E01015804,Luton 002C,Violence and sexual offences,Unable to prosecute suspect,
715a318584ec47259efcf46cdb7a4fc49f349ad1c8444d176f1b45d690f18e4a,2022-06,Bedfordshire Police,Bedfordshire Police,-0.469522,51.917530,On or near Sports/Recreation Area,E01015804,Luton 002C,Violence and sexual offences,Unable to prosecute suspect,
d578f8a0500ffe50951b748617cde9b38f7b7b8de66aecbfa56ba80d411a7ccf,2022-06,Bedfordshire Police,Bedfordshire Police,-0.469461,51.914625,On or near Sundon Park Road,E01015804,Luton 002C,Violence and sexual offences,Unable to prosecute suspect,
2a77c458c286895fc021c169a4d2239e28dbb45815aa32f183d16ad0390622e6,2022-06,Bedfordshire Police,Bedfordshire Police,-0.469722,51.915509,On or near Petrol Station,E01015804,Luton 002C,Violence and sexual offences,Unable to prosecute suspect,
a992f962640b6d483459bc378ae54009eb07c237e34b3fb6bf99b39345ab5186,2022-06,Bedfordshire Police,Bedfordshire Police,-0.468832,51.915597,On or near Tenth Avenue,E01015804,Luton 002C,Violence and sexual offences,Action to be taken by another organisation,
08f47ec04b0a99a25e35dfc360e2616307a4975f2af75338bd9d90f897ab7a6b,2022-06,Bedfordshire Police,Bedfordshire Police,-0.465908,51.915639,On or near Third Avenue,E01015804,Luton 002C,Violence and sexual offences,Unable to prosecute suspect,
,2022-06,Bedfordshire Police,Bedfordshire Police,-0.466254,51.919555,On or near Copse Way,E01015805,Luton 002D,Anti-social behaviour,,
ccac9fb27bc459361c301a9c5dc5f48b795321c2a988604e4416b3e7ae43837f,2022-06,Bedfordshire Police,Bedfordshire Police,-0.462537,51.919399,On or near Rossfold Road,E01015805,Luton 002D,Violence and sexual offences,Unable to prosecute suspect,
7b72e75646566e54bf13b5814151ac2f3ed971a65a389d57638aa10da467ff4c,2022-06,Bedfordshire Police,Bedfordshire Police,-0.464097,51.920139,On or near Alpine Way,E01015805,Luton 002D,Violence and sexual offences,Unable to prosecute suspect,
a199086920cd5b26242a8c567e94461390b8236abc0ffb23064339f223184add,2022-06,Bedfordshire Police,Bedfordshire Police,-0.451631,51.916442,On or near Burnt Close,E01015769,Luton 003A,Criminal damage and arson,Investigation complete; no suspect identified,
1f224303a6e86b1b2a8008849bc3f5690db056be5ffcb9177137305a87766919,2022-06,Bedfordshire Police,Bedfordshire Police,-0.450986,51.915336,On or near Pottery Close,E01015769,Luton 003A,Public order,Unable to prosecute suspect,
fb152c49bcae9f144aa007987f6d8f4d91739bfb66d6bece39c874a2afba7602,2022-06,Bedfordshire Police,Bedfordshire Police,-0.451836,51.917253,On or near Buckle Close,E01015769,Luton 003A,Violence and sexual offences,Further action is not in the public interest,
8895c09a256fa0b851856abbc078ba4f98cc5f1ec4c8ba6947f95059679bb1ef,2022-06,Bedfordshire Police,Bedfordshire Police,-0.450284,51.912072,On or near Repton Close,E01015769,Luton 003A,Violence and sexual offences,Investigation complete; no suspect identified,
3b744727ae2e78f29f03f00044e05873fca82385e5c3f37221b1703222dc46a1,2022-06,Bedfordshire Police,Bedfordshire Police,-0.450284,51.912072,On or near Repton Close,E01015769,Luton 003A,Violence and sexual offences,Investigation complete; no suspect identified,
,2022-06,Bedfordshire Police,Bedfordshire Police,-0.454908,51.919677,On or near Morris Close,E01015771,Luton 003B,Anti-social behaviour,,
,2022-06,Bedfordshire Police,Bedfordshire Police,-0.455795,51.916289,On or near Thrales Close,E01015771,Luton 003B,Anti-social behaviour,,
,2022-06,Bedfordshire Police,Bedfordshire Police,-0.454849,51.917599,On or near The Moakes,E01015771,Luton 003B,Anti-social behaviour,,
,2022-06,Bedfordshire Police,Bedfordshire Police,-0.455795,51.916289,On or near Thrales Close,E01015771,Luton 003B,Anti-social behaviour,,
,2022-06,Bedfordshire Police,Bedfordshire Police,-0.455795,51.916289,On or near Thrales Close,E01015771,Luton 003B,Anti-social behaviour,,
,2022-06,Bedfordshire Police,Bedfordshire Police,-0.455795,51.916289,On or near Thrales Close,E01015771,Luton 003B,Anti-social behaviour,,
8d460edab5b36a280a4d3bc04df4d94f621be77109c1a38e20f1c051ca17ea40,2022-06,Bedfordshire Police,Bedfordshire Police,-0.454849,51.917599,On or near The Moakes,E01015771,Luton 003B,Burglary,Unable to prosecute suspect,
590c3564ad10c6a3c00d83a59938121f00d8b9271fc984425d4233a2d6d91f59,2022-06,Bedfordshire Police,Bedfordshire Police,-0.454162,51.920647,On or near Pedestrian Subway,E01015771,Luton 003B,Criminal damage and arson,Investigation complete; no suspect identified,
222898b4c4b6f3e2f657bda5fa6f96a5cfe0999664bba4be3008a3da0119dcdd,2022-06,Bedfordshire Police,Bedfordshire Police,-0.453342,51.917867,On or near Purway Close,E01015771,Luton 003B,Other theft,Investigation complete; no suspect identified,
0cbec894bef291d3a7b6023a054fb6347ba8abd165fb1f7dafc989321c6ddf75,2022-06,Bedfordshire Police,Bedfordshire Police,-0.454506,51.916983,On or near Vadis Close,E01015771,Luton 003B,Public order,Unable to prosecute suspect,
edab60605d9ecec5b2becfd7bee44066c3929e6f92eb20c309ddc2d31ffeebf6,2022-06,Bedfordshire Police,Bedfordshire Police,-0.453342,51.917867,On or near Purway Close,E01015771,Luton 003B,Violence and sexual offences,Unable to prosecute suspect,
6139e2a0153041b0d29e57fbb94663a24eb2682d34f95009ff0d0b919337e7d0,2022-06,Bedfordshire Police,Bedfordshire Police,-0.456788,51.916177,On or near Wauluds Bank Drive,E01015771,Luton 003B,Violence and sexual offences,Unable to prosecute suspect,
82ea727382b14e7cc5157d3ec3da6c1edf455459ae2639f1c7ff90dafe619a28,2022-06,Bedfordshire Police,Bedfordshire Police,-0.456784,51.917984,On or near Fitzwarin Close,E01015771,Luton 003B,Violence and sexual offences,Unable to prosecute suspect,
0491d94795935d7eca86070c7400fecfdda11420f026b9238daee4c8c6f4cd6a,2022-06,Bedfordshire Police,Bedfordshire Police,-0.454908,51.919677,On or near Morris Close,E01015771,Luton 003B,Violence and sexual offences,Investigation complete; no suspect identified,
56d738d71fc7c551d6ec57d29a2ddb78039edfbf5da80ba5f2e866cabcc99c6e,2022-06,Bedfordshire Police,Bedfordshire Police,-0.456914,51.914596,On or near Thricknells Close,E01015771,Luton 003B,Violence and sexual offences,Unable to prosecute suspect,
75dabd1e4f5b3979aec707ae6f3823d4b5820580d2be872b2faa3d3e02d655b2,2022-06,Bedfordshire Police,Bedfordshire Police,-0.456346,51.917169,On or near Sylam Close,E01015771,Luton 003B,Violence and sexual offences,Status update unavailable,
40fefddc2a1447be7af596702cc871dfa476c47f24f18e9ab48d9da90d1ec2e2,2022-06,Bedfordshire Police,Bedfordshire Police,-0.454908,51.919677,On or near Morris Close,E01015771,Luton 003B,Violence and sexual offences,Investigation complete; no suspect identified,
a58ccc8579bd0b7af5c44859b9919fd85f3cf83bf48183e8be5bd3959a3ebc25,2022-06,Bedfordshire Police,Bedfordshire Police,-0.457428,51.918694,On or near Waleys Close,E01015771,Luton 003B,Violence and sexual offences,Unable to prosecute suspect,
c56832af26c79c7bd47c11c1125bf4d7f27d6f04502369d06e557ad96243a884,2022-06,Bedfordshire Police,Bedfordshire Police,-0.453881,51.917829,On or near Parking Area,E01015771,Luton 003B,Violence and sexual offences,Unable to prosecute suspect,
b26e752da70a19d3b9c90386d4a837b6d0c3c52366575b4a495025da74f6e5d5,2022-06,Bedfordshire Police,Bedfordshire Police,-0.456784,51.917984,On or near Fitzwarin Close,E01015771,Luton 003B,Violence and sexual offences,Unable to prosecute suspect,
e0a1df2ef48fb35f98c7547cd9430913b944bb1c2ec97a3cf0519b734a66a708,2022-06,Bedfordshire Police,Bedfordshire Police,-0.455795,51.916289,On or near Thrales Close,E01015771,Luton 003B,Violence and sexual offences,Unable to prosecute suspect,
,2022-06,Bedfordshire Police,Bedfordshire Police,-0.453175,51.913836,On or near Flint Close,E01015772,Luton 003C,Anti-social behaviour,,
ae06efd052e9d8d729bb9d6b2cb93432af313e6c5787d65da9367b98a9f14521,2022-06,Bedfordshire Police,Bedfordshire Police,-0.454492,51.911048,On or near Spear Close,E01015772,Luton 003C,Criminal damage and arson,Investigation complete; no suspect identified,
a234b5cb02106e3d4e5744a68ecef0cc4e550ad1a3b13f1e985284b06b242c73,2022-06,Bedfordshire Police,Bedfordshire Police,-0.453967,51.914044,On or near Flint Close,E01015772,Luton 003C,Criminal damage and arson,Investigation complete; no suspect identified,
70a68f4e13675500f3aaede984ceaf7bca8f25c5da6b61f53d05fbb00f31898c,2022-06,Bedfordshire Police,Bedfordshire Police,-0.454492,51.911048,On or near Spear Close,E01015772,Luton 003C,Criminal damage and arson,Unable to prosecute suspect,
6bcce9c46c0bd5871421330bd18905d7b0e19c0bd1b8cc0554fa94fb0690575d,2022-06,Bedfordshire Police,Bedfordshire Police,-0.454492,51.911048,On or near Spear Close,E01015772,Luton 003C,Drugs,Unable to prosecute suspect,
32b6018dcf7b4774b946f3c4274332fed540de6e9553bdab8cdefd24378d70b6,2022-06,Bedfordshire Police,Bedfordshire Police,-0.455504,51.912069,On or near Arrow Close,E01015772,Luton 003C,Other theft,Unable to prosecute suspect,
69c5851e44f2325922dbea9ce06f10703a0fe8eaec7c01ca4d6d52a21b94a849,2022-06,Bedfordshire Police,Bedfordshire Police,-0.454492,51.911048,On or near Spear Close,E01015772,Luton 003C,Possession of weapons,Unable to prosecute suspect,
f4d50d646f632b8d6d7d35df69e5b0a7e08c7dddac3664b4abee13c87b529acd,2022-06,Bedfordshire Police,Bedfordshire Police,-0.452003,51.914522,On or near Sherd Close,E01015772,Luton 003C,Robbery,Unable to prosecute suspect,
723f319c60dc5dc9df79efa4d3a392fcdf440b31aa0cc6a35c92de75c8706ba3,2022-06,Bedfordshire Police,Bedfordshire Police,-0.452727,51.912059,On or near Alesia Road,E01015772,Luton 003C,Vehicle crime,Investigation complete; no suspect identified,
184c4d60e9fa516877382f0db0c691a3d92438405d5b7b43be618309d8444ab4,2022-06,Bedfordshire Police,Bedfordshire Police,-0.454492,51.911048,On or near Spear Close,E01015772,Luton 003C,Vehicle crime,Investigation complete; no suspect identified,
c529931a362a526c589043ebb80bbf907beef4e17c27208a14954b2364b96f6b,2022-06,Bedfordshire Police,Bedfordshire Police,-0.456603,51.913090,On or near Sports/Recreation Area,E01015772,Luton 003C,Violence and sexual offences,Action to be taken by another organisation,
ed248d3b7341ddbd1e673f328560c224bdf0f83250f117fa33cae3a549f4e0a2,2022-06,Bedfordshire Police,Bedfordshire Police,-0.455504,51.912069,On or near Arrow Close,E01015772,Luton 003C,Violence and sexual offences,Unable to prosecute suspect,
f029c33a2e3c26473f8d2fdd22e935d439a2830aad85f4948942494fe7949f7c,2022-06,Bedfordshire Police,Bedfordshire Police,-0.453943,51.913064,On or near Axe Close,E01015772,Luton 003C,Violence and sexual offences,Court result unavailable,
,2022-06,Bedfordshire Police,Bedfordshire Police,-0.454939,51.923867,On or near Olympic Close,E01015773,Luton 003D,Anti-social behaviour,,
801b37a56600ed2b63397afb29ebbf9462c098ed3483aae07c66aac519f73baf,2022-06,Bedfordshire Police,Bedfordshire Police,-0.458046,51.921876,On or near Stockholm Way,E01015773,Luton 003D,Other theft,Investigation complete; no suspect identified,
7db67cd4073eeaed9778520d9f8c0b01768efd2a32e138f048eacfadfab55259,2022-06,Bedfordshire Police,Bedfordshire Police,-0.456147,51.921707,On or near Wexham Close,E01015773,Luton 003D,Public order,Unable to prosecute suspect,
a28b05b97884d13c8d1ae5161fd4307356a81d0ef7941b4c375fa28589065150,2022-06,Bedfordshire Police,Bedfordshire Police,-0.457419,51.922362,On or near Denmark Close,E01015773,Luton 003D,Violence and sexual offences,Unable to prosecute suspect,
8483a24826fa69111625a8ab1ca7228a54401b41ecc2f945680ffd9173432d83,2022-06,Bedfordshire Police,Bedfordshire Police,-0.455829,51.920813,On or near Denham Close,E01015773,Luton 003D,Violence and sexual offences,Unable to prosecute suspect,
ab73a02f97e1153264375f32ab844422861e1426da082ac5077f869d4895cf20,2022-06,Bedfordshire Police,Bedfordshire Police,-0.455829,51.920813,On or near Denham Close,E01015773,Luton 003D,Violence and sexual offences,Unable to prosecute suspect,
610f627226f2e4609a781ac62085bc80c1d2711ba1d828acc28d1b267589f38b,2022-06,Bedfordshire Police,Bedfordshire Police,-0.456147,51.921707,On or near Wexham Close,E01015773,Luton 003D,Violence and sexual offences,Unable to prosecute suspect,
,2022-06,Bedfordshire Police,Bedfordshire Police,-0.460668,51.919644,On or near Copenhagen Close,E01015774,Luton 003E,Anti-social behaviour,,
,2022-06,Bedfordshire Police,Bedfordshire Police,-0.461375,51.921919,On or near Brussels Way,E01015774,Luton 003E,Anti-social behaviour,,
4301509b6977a08101055edf1feb8dfb39bd01ebbe1bb5ca79ee1f0c951dc508,2022-06,Bedfordshire Police,Bedfordshire Police,-0.460668,51.919644,On or near Copenhagen Close,E01015774,Luton 003E,Criminal damage and arson,Investigation complete; no suspect identified,
a98da7d55589044430c6c5607460f2e14591df48cc37fadbde0713e5ba842388,2022-06,Bedfordshire Police,Bedfordshire Police,-0.461457,51.922082,On or near Brussels Way,E01015774,Luton 003E,Criminal damage and arson,Investigation complete; no suspect identified,
3c2b92888a6a693d9dfa31adef890af7c75534ff08ec8b2a43165e4dec16e154,2022-06,Bedfordshire Police,Bedfordshire Police,-0.461375,51.921919,On or near Brussels Way,E01015774,Luton 003E,Drugs,Local resolution,
9e2b5459ec0b637aef8bc0b4c437097f6baa712ccef9eadef67a1f699437011f,2022-06,Bedfordshire Police,Bedfordshire Police,-0.460442,51.923256,On or near Southampton Gardens,E01015774,Luton 003E,Other theft,Investigation complete; no suspect identified,
8df588b6e63e4436e9a0373893ce839cf0ec107d1d7cd09839b36f0fe284775e,2022-06,Bedfordshire Police,Bedfordshire Police,-0.458870,51.923298,On or near Petersfield Gardens,E01015774,Luton 003E,Possession of weapons,Unable to prosecute suspect,
97783280a03dedd0768f1437071deb5883b372c1f98ed07c68054eea0eb39a01,2022-06,Bedfordshire Police,Bedfordshire Police,-0.457320,51.923566,On or near Winchester Gardens,E01015774,Luton 003E,Public order,Investigation complete; no suspect identified,
2e3940ee6918c1944381025a7f6c37c0afeeda44691e2b04f271f786a9253479,2022-06,Bedfordshire Police,Bedfordshire Police,-0.460668,51.919644,On or near Copenhagen Close,E01015774,Luton 003E,Violence and sexual offences,Unable to prosecute suspect,
179d5df63ae53b33df2a57d772e33acd81c56ef0c674fe967e1bf07c93ac8fb1,2022-06,Bedfordshire Police,Bedfordshire Police,-0.461457,51.922082,On or near Brussels Way,E01015774,Luton 003E,Violence and sexual offences,Unable to prosecute suspect,
6c5082f79f9048b3b45a32e69e48fe7bca7d242a8ea628bfc42149bb70a59edd,2022-06,Bedfordshire Police,Bedfordshire Police,-0.458870,51.923298,On or near Petersfield Gardens,E01015774,Luton 003E,Violence and sexual offences,Unable to prosecute suspect,
d4104c2b458e1aa9aebc678187bac7ab6351e050a6adb1f9868e759b1fa8720a,2022-06,Bedfordshire Police,Bedfordshire Police,-0.458870,51.923298,On or near Petersfield Gardens,E01015774,Luton 003E,Violence and sexual offences,Unable to prosecute suspect,
,2022-06,Bedfordshire Police,Bedfordshire Police,-0.458994,51.913319,On or near Honiton Mews,E01015802,Luton 003F,Anti-social behaviour,,
,2022-06,Bedfordshire Police,Bedfordshire Police,-0.461618,51.914387,On or near Hillary Close,E01015802,Luton 003F,Anti-social behaviour,,
,2022-06,Bedfordshire Police,Bedfordshire Police,-0.459509,51.918649,On or near Pedestrian Subway,E01015802,Luton 003F,Anti-social behaviour,,
,2022-06,Bedfordshire Police,Bedfordshire Police,-0.461618,51.914387,On or near Hillary Close,E01015802,Luton 003F,Anti-social behaviour,,
38f402ffd676c7585924afdeb69dbedd10ae428f810f7ac0b07cdda5cde02427,2022-06,Bedfordshire Police,Bedfordshire Police,-0.461504,51.915168,On or near Plantation Road,E01015802,Luton 003F,Criminal damage and arson,Status update unavailable,
3f10a1c99ec81e8841fff56ad8d2e65486dde571c3d8fd0c5685127d99a2317a,2022-06,Bedfordshire Police,Bedfordshire Police,-0.458994,51.913319,On or near Honiton Mews,E01015802,Luton 003F,Criminal damage and arson,Court result unavailable,
d65217acd5edf1e0d5855a8394633cfa4e16b4c2fab6829fe995f94db66a1a9a,2022-06,Bedfordshire Police,Bedfordshire Police,-0.459509,51.918649,On or near Pedestrian Subway,E01015802,Luton 003F,Drugs,Unable to prosecute suspect,
ffaccc28b6b65a9a1e5bd257bda84324fbeeccf4d50b34d88cedefe2bbc6a483,2022-06,Bedfordshire Police,Bedfordshire Police,-0.463321,51.916891,On or near Kendal Close,E01015802,Luton 003F,Public order,Investigation complete; no suspect identified,
2e963ee6f5a06fdda9e36159d044a2ef6a23bc16b6ff89a1f4edbfcc1e0d7252,2022-06,Bedfordshire Police,Bedfordshire Police,-0.458994,51.913319,On or near Honiton Mews,E01015802,Luton 003F,Public order,Unable to prosecute suspect,
bf69cd9f9fd3e946884f0b25e7e4482129220dc9cef629abe09f10165222b6b2,2022-06,Bedfordshire Police,Bedfordshire Police,-0.459248,51.913125,On or near Penhill,E01015802,Luton 003F,Public order,Unable to prosecute suspect,
ca59e5d6c0662faf31f94e0e6c3d9c0fb865731771e844a143db5bce7bec5bbf,2022-06,Bedfordshire Police,Bedfordshire Police,-0.460407,51.917896,On or near Bramhanger Acre,E01015802,Luton 003F,Robbery,Investigation complete; no suspect identified,
1061c7de635deb0e09c982430fa0cf081a1a676694bbbb25f3e3b666b80b00af,2022-06,Bedfordshire Police,Bedfordshire Police,-0.458994,51.913319,On or near Honiton Mews,E01015802,Luton 003F,Theft from the person,Unable to prosecute suspect,
98ece4554c492602e64dfb99d5186400c02c3756e5c750429ae15a194d485874,2022-06,Bedfordshire Police,Bedfordshire Police,-0.458994,51.913319,On or near Honiton Mews,E01015802,Luton 003F,Vehicle crime,Unable to prosecute suspect,
14bb6f3cc61b06e6d44180c37e1477bf774bcb03656f8f7d39a93b20a4c941e0,2022-06,Bedfordshire Police,Bedfordshire Police,-0.458994,51.913319,On or near Honiton Mews,E01015802,Luton 003F,Violence and sexual offences,Unable to prosecute suspect,
448bd0bae9b072d1652259dac35a68fa28ef071f754b48af9d108017f1cace56,2022-06,Bedfordshire Police,Bedfordshire Police,-0.458994,51.913319,On or near Honiton Mews,E01015802,Luton 003F,Violence and sexual offences,Unable to prosecute suspect,
530ff12ca675de597057d1bd779213daa55347bf1c6c4368a1323c9ce865f7c9,2022-06,Bedfordshire Police,Bedfordshire Police,-0.458994,51.913319,On or near Honiton Mews,E01015802,Luton 003F,Violence and sexual offences,Unable to prosecute suspect,
7fad1364ea30c5d2ef140b62366a1979bf837585402ff680cd60a709471949ac,2022-06,Bedfordshire Police,Bedfordshire Police,-0.461504,51.915168,On or near Plantation Road,E01015802,Luton 003F,Violence and sexual offences,Status update unavailable,
0a8de89d3246738845f4b796aa672adfdb7ecccff73eaa31cce43d0e72b1e4d6,2022-06,Bedfordshire Police,Bedfordshire Police,-0.461504,51.915168,On or near Plantation Road,E01015802,Luton 003F,Violence and sexual offences,Status update unavailable,
f886b838160589579c3bdba5a358b1d68e725a5d12b4d51c4bd7579331ee1147,2022-06,Bedfordshire Police,Bedfordshire Police,-0.463321,51.916891,On or near Kendal Close,E01015802,Luton 003F,Violence and sexual offences,Status update unavailable,
,2022-06,Bedfordshire Police,Bedfordshire Police,-0.425970,51.911372,On or near Glenfield Road,E01015744,Luton 004A,Anti-social behaviour,,
,2022-06,Bedfordshire Police,Bedfordshire Police,-0.431977,51.910049,On or near Muswell Close,E01015744,Luton 004A,Anti-social behaviour,,
,2022-06,Bedfordshire Police,Bedfordshire Police,-0.431977,51.910049,On or near Muswell Close,E01015744,Luton 004A,Anti-social behaviour,,
21a79ccc73372336e6ac24131476ec624cf893347f08825d77ac36896a707927,2022-06,Bedfordshire Police,Bedfordshire Police,-0.425970,51.911372,On or near Glenfield Road,E01015744,Luton 004A,Burglary,Unable to prosecute suspect,
9d7030fc3473f5bc8686afc52bbdf4218de7b2f586247dff8426e23ef82e9c6f,2022-06,Bedfordshire Police,Bedfordshire Police,-0.425970,51.911372,On or near Glenfield Road,E01015744,Luton 004A,Drugs,Unable to prosecute suspect,
58bf8346591d5a42ae32149f81828105d18f2b9ff0a7822af7435c13808b29e5,2022-06,Bedfordshire Police,Bedfordshire Police,-0.430467,51.910838,On or near Dewsbury Road,E01015744,Luton 004A,Public order,Awaiting court outcome,
be6de8e67ff76eb28b2b31d206f96bc0907f60e7091b4dc63801c55aed37c1e4,2022-06,Bedfordshire Police,Bedfordshire Police,-0.430730,51.913287,On or near Supermarket,E01015744,Luton 004A,Shoplifting,Investigation complete; no suspect identified,
a614446834fff4992438d4a7199f8dfa8f6cb1541778fac83206db27368cc9ab,2022-06,Bedfordshire Police,Bedfordshire Police,-0.430730,51.913287,On or near Supermarket,E01015744,Luton 004A,Shoplifting,Investigation complete; no suspect identified,
6dcd87f34c2fb756b285c655960901ca7f636ed177017a86be9d6745f29ad14c,2022-06,Bedfordshire Police,Bedfordshire Police,-0.432631,51.912153,On or near Halyard Close,E01015744,Luton 004A,Violence and sexual offences,Investigation complete; no suspect identified,
3f640a313b46090a732e33fdbe0cd4914ba45082f341a6908ada73dcd11a7340,2022-06,Bedfordshire Police,Bedfordshire Police,-0.430467,51.910838,On or near Dewsbury Road,E01015744,Luton 004A,Violence and sexual offences,Court result unavailable,
4cb0103d48201ec08ff8ca87d5a96092a97ba27770e83c32081b29ca8cc4b032,2022-06,Bedfordshire Police,Bedfordshire Police,-0.430730,51.913287,On or near Supermarket,E01015744,Luton 004A,Violence and sexual offences,Court result unavailable,
a63707fcf8fd9366e79377bceb66310fde88df343be00bec93ae2338fa585d0e,2022-06,Bedfordshire Police,Bedfordshire Police,-0.435070,51.907249,On or near Birdsfoot Lane,E01015744,Luton 004A,Violence and sexual offences,Investigation complete; no suspect identified,
4bf1bc35ed39119e7a698ef53d056bd9eef6fc511d83498e977490bd29128b27,2022-06,Bedfordshire Police,Bedfordshire Police,-0.425970,51.911372,On or near Glenfield Road,E01015744,Luton 004A,Other crime,Unable to prosecute suspect,
,2022-06,Bedfordshire Police,Bedfordshire Police,-0.424697,51.916588,On or near Sheringham Close,E01015746,Luton 004B,Anti-social behaviour,,
a2fc4cea9b6ad5589788e51860364f0e8816e01659b2dfa3010df2c17f917237,2022-06,Bedfordshire Police,Bedfordshire Police,-0.432604,51.916684,On or near Grasmere Avenue,E01015746,Luton 004B,Criminal damage and arson,Investigation complete; no suspect identified,
ef59ecd0c167ffd8f10ec45f1f7097e3274f8a671ec6a814b1109973bd61f6f5,2022-06,Bedfordshire Police,Bedfordshire Police,-0.424238,51.917678,On or near Kelling Close,E01015746,Luton 004B,Other theft,Investigation complete; no suspect identified,
390e41a2c459bd2683a63c3c398858d8a2e91bcd08d4153c7eaaa6f264c9cd74,2022-06,Bedfordshire Police,Bedfordshire Police,-0.423192,51.918474,On or near Links Way,E01015746,Luton 004B,Other theft,Investigation complete; no suspect identified,
3a1f0daf4356330584a3fcc2fba80513b84af4331162c7689e615315963d75e8,2022-06,Bedfordshire Police,Bedfordshire Police,-0.427066,51.919946,On or near Lancaster Avenue,E01015746,Luton 004B,Other theft,Investigation complete; no suspect identified,
a0c40de3afa5ad8c41df22825727b51b74d5dfebc69dfa4028108b5f3713a367,2022-06,Bedfordshire Police,Bedfordshire Police,-0.424049,51.920562,On or near Warden Hill Gardens,E01015746,Luton 004B,Public order,Unable to prosecute suspect,
b7f1c082e881f4e202f774da33d6ca62c6cb5e49f70a763f615b2076623f6a04,2022-06,Bedfordshire Police,Bedfordshire Police,-0.424049,51.920562,On or near Warden Hill Gardens,E01015746,Luton 004B,Violence and sexual offences,Unable to prosecute suspect,
25281b4c803fb56e36fb65fe2678f79d7b9313b95b0b279962bd8e00b66fdb9a,2022-06,Bedfordshire Police,Bedfordshire Police,-0.424049,51.920562,On or near Warden Hill Gardens,E01015746,Luton 004B,Violence and sexual offences,Action to be taken by another organisation,
983c471c128d76efa5454ba47caa1faead6ef67f10f1ebe50b3e53a61c0f66aa,2022-06,Bedfordshire Police,Bedfordshire Police,-0.419811,51.912476,On or near Ringwood Road,E01015747,Luton 004C,Drugs,Formal action is not in the public interest,
e3aa45ae09001a478baad2629f440c43def3780fdb6d6d8f9a226c505ac41715,2022-06,Bedfordshire Police,Bedfordshire Police,-0.427645,51.912967,On or near Enderby Road,E01015748,Luton 004D,Bicycle theft,Investigation complete; no suspect identified,
972088c7d45d01f4158d3e08794b7a5493198423ec21dc1c64d704016e42a653,2022-06,Bedfordshire Police,Bedfordshire Police,-0.439006,51.912795,On or near Catsbrook Road,E01015748,Luton 004D,Drugs,Local resolution,
75adeab03a94753dafa2a033a2e4e02a6d159d5a5b00ef3fd2b0d6f10783b4fb,2022-06,Bedfordshire Police,Bedfordshire Police,-0.427158,51.916090,On or near Petrol Station,E01015748,Luton 004D,Public order,Investigation complete; no suspect identified,
ef4b5cb557249e41d4c40db64ed5cc69906b083500e3fbda359d83039a700cc5,2022-06,Bedfordshire Police,Bedfordshire Police,-0.427158,51.916090,On or near Petrol Station,E01015748,Luton 004D,Shoplifting,Investigation complete; no suspect identified,
69a1a385ad5c0fef8ffebf688dbed1ca66a0cf2e34a2a67982ede43415bce6ff,2022-06,Bedfordshire Police,Bedfordshire Police,-0.427158,51.916090,On or near Petrol Station,E01015748,Luton 004D,Shoplifting,Investigation complete; no suspect identified,
1ed839645b199ed438db95472991de032d7dd44392d151f4a894ca38c5d7911c,2022-06,Bedfordshire Police,Bedfordshire Police,-0.427158,51.916090,On or near Petrol Station,E01015748,Luton 004D,Shoplifting,Investigation complete; no suspect identified,
648af9f299d625e8020710e7e33dc4dc22bc4075125f12a9b160a220565d7adb,2022-06,Bedfordshire Police,Bedfordshire Police,-0.437508,51.912811,On or near St Olam'S Close,E01015748,Luton 004D,Vehicle crime,Investigation complete; no suspect identified,
0c4802cbf5bce46999ad6f916ee29638a38f804224c8123bef5d6cbb9ff371f6,2022-06,Bedfordshire Police,Bedfordshire Police,-0.436644,51.911721,On or near Canberra Gardens,E01015748,Luton 004D,Vehicle crime,Investigation complete; no suspect identified,
da641d456f5ac6d0445c9d65630554d0340fd4fcf8205d54b8674a81578b442d,2022-06,Bedfordshire Police,Bedfordshire Police,-0.439006,51.912795,On or near Catsbrook Road,E01015748,Luton 004D,Violence and sexual offences,Action to be taken by another organisation,
a9175c5afc36326bcecabfa9dfec27ab1bef09757f0f3c579098dfb2401f4841,2022-06,Bedfordshire Police,Bedfordshire Police,-0.439006,51.912795,On or near Catsbrook Road,E01015748,Luton 004D,Violence and sexual offences,Action to be taken by another organisation,
d281871b4349aed587842ce1fbf11e428005cd0a186fa35869e9689814e75594,2022-06,Bedfordshire Police,Bedfordshire Police,-0.435950,51.913303,On or near The Crest,E01015748,Luton 004D,Violence and sexual offences,Unable to prosecute suspect,
e7a6033be2d98bcdfc206938dd27d5e49aec36e521b5382444a7518bb016f89c,2022-06,Bedfordshire Police,Bedfordshire Police,-0.435950,51.913303,On or near The Crest,E01015748,Luton 004D,Violence and sexual offences,Unable to prosecute suspect,
d3ff476636a20ee875bc603b25814e28b54e20edfcb569106a7521e4192e4712,2022-06,Bedfordshire Police,Bedfordshire Police,-0.435950,51.913303,On or near The Crest,E01015748,Luton 004D,Violence and sexual offences,Unable to prosecute suspect,
899ad4a53f066ee3923c1744c0865d0a18c3363117431eb6fb237f35c6450b1c,2022-06,Bedfordshire Police,Bedfordshire Police,-0.433871,51.912439,On or near Wodecroft Road,E01015748,Luton 004D,Violence and sexual offences,Unable to prosecute suspect,
,2022-06,Bedfordshire Police,Bedfordshire Police,-0.475615,51.904652,On or near Westerdale,E01015749,Luton 005A,Anti-social behaviour,,
,2022-06,Bedfordshire Police,Bedfordshire Police,-0.474552,51.903847,On or near Stonesdale,E01015749,Luton 005A,Anti-social behaviour,,
,2022-06,Bedfordshire Police,Bedfordshire Police,-0.476668,51.905331,On or near Ickley Close,E01015749,Luton 005A,Anti-social behaviour,,
,2022-06,Bedfordshire Police,Bedfordshire Police,-0.471187,51.905772,On or near The Green,E01015749,Luton 005A,Anti-social behaviour,,
,2022-06,Bedfordshire Police,Bedfordshire Police,-0.473239,51.903992,On or near Hockwell Ring,E01015749,Luton 005A,Anti-social behaviour,,
,2022-06,Bedfordshire Police,Bedfordshire Police,-0.473333,51.905081,On or near Hurlock Way,E01015749,Luton 005A,Anti-social behaviour,,
,2022-06,Bedfordshire Police,Bedfordshire Police,-0.471187,51.905772,On or near The Green,E01015749,Luton 005A,Anti-social behaviour,,
0d2429346ab200c6cee9df44def188978e6c211ffa1eef51c57553edc7f0c2c9,2022-06,Bedfordshire Police,Bedfordshire Police,-0.471187,51.905772,On or near The Green,E01015749,Luton 005A,Bicycle theft,Investigation complete; no suspect identified,
1ebb065a08dbb816dc658cb985b14a48ef1a1e3e42be3b4d0784a38d768b8ba9,2022-06,Bedfordshire Police,Bedfordshire Police,-0.475503,51.905801,On or near Pond Close,E01015749,Luton 005A,Criminal damage and arson,Investigation complete; no suspect identified,
ccc13b26f965bb873446b906fcd2c742941971d3a110d6891dd2cfe635a22783,2022-06,Bedfordshire Police,Bedfordshire Police,-0.473239,51.903992,On or near Hockwell Ring,E01015749,Luton 005A,Drugs,Status update unavailable,
2218079b88f94553a45c2767cb4d712a93e85d1b8329a751f833fccbdc5e76f5,2022-06,Bedfordshire Police,Bedfordshire Police,-0.473239,51.903992,On or near Hockwell Ring,E01015749,Luton 005A,Vehicle crime,Unable to prosecute suspect,
e55e00d095f3a8ee8ed8b7f2b13ba6219cfb6b774f881de6eb60e27002a5a061,2022-06,Bedfordshire Police,Bedfordshire Police,-0.471187,51.905772,On or near The Green,E01015749,Luton 005A,Violence and sexual offences,Investigation complete; no suspect identified,
36b92df8082f5f3e8fe19483d2b03f7bec34e0ca5575d284872658629a255250,2022-06,Bedfordshire Police,Bedfordshire Police,-0.475615,51.904652,On or near Westerdale,E01015749,Luton 005A,Violence and sexual offences,Awaiting court outcome,
e76e00cd970840ec1f2cb50c1bc4f769a6fa3172f6209993ccb0c08f78eee176,2022-06,Bedfordshire Police,Bedfordshire Police,-0.473850,51.904386,On or near Home Close,E01015749,Luton 005A,Violence and sexual offences,Unable to prosecute suspect,
41dd9cba24dd26e65616b84ea46ee92749f69f0444b526468779a41582d67882,2022-06,Bedfordshire Police,Bedfordshire Police,-0.473850,51.904386,On or near Home Close,E01015749,Luton 005A,Violence and sexual offences,Awaiting court outcome,
bd863ce8bed244d11ab68d22120d69d2be3b2694a6f3d211ab0b57ca23be8a4a,2022-06,Bedfordshire Police,Bedfordshire Police,-0.474552,51.903847,On or near Stonesdale,E01015749,Luton 005A,Violence and sexual offences,Unable to prosecute suspect,
7cff2745f347be17cf40eb7620c8e85661c3564b7102d258b0e72062365240b6,2022-06,Bedfordshire Police,Bedfordshire Police,-0.476668,51.905331,On or near Ickley Close,E01015749,Luton 005A,Violence and sexual offences,Investigation complete; no suspect identified,
0086afe2fc4f3fc7d9b670e16f37e73eb5f3e642c25385ef9125afb7df980467,2022-06,Bedfordshire Police,Bedfordshire Police,-0.473850,51.904386,On or near Home Close,E01015749,Luton 005A,Violence and sexual offences,Unable to prosecute suspect,
,2022-06,Bedfordshire Police,Bedfordshire Police,-0.470486,51.907157,On or near Newtondale,E01015751,Luton 005B,Anti-social behaviour,,
,2022-06,Bedfordshire Police,Bedfordshire Police,-0.467532,51.907217,On or near Pirton Road,E01015751,Luton 005B,Anti-social behaviour,,
,2022-06,Bedfordshire Police,Bedfordshire Police,-0.467774,51.901826,On or near Petrol Station,E01015751,Luton 005B,Anti-social behaviour,,
,2022-06,Bedfordshire Police,Bedfordshire Police,-0.466830,51.905653,On or near Clifford Crescent,E01015751,Luton 005B,Anti-social behaviour,,
,2022-06,Bedfordshire Police,Bedfordshire Police,-0.468371,51.903928,On or near Mayne Avenue,E01015751,Luton 005B,Anti-social behaviour,,
90a3dd827025d8d0ec8763189a320e64453bea37aaf882e5f95c9a2681e191e4,2022-06,Bedfordshire Police,Bedfordshire Police,-0.470486,51.907157,On or near Newtondale,E01015751,Luton 005B,Burglary,Investigation complete; no suspect identified,
102eb3b0c3ab4fc80c8de80e8eab061244cf1327962eff309c1d97371e56e39c,2022-06,Bedfordshire Police,Bedfordshire Police,-0.468532,51.906053,On or near Barley Lane,E01015751,Luton 005B,Burglary,Investigation complete; no suspect identified,
0ae937cf4121b46a6371de50dd8c5f863db13b64064c10f5f4cc0c9995c8d2f5,2022-06,Bedfordshire Police,Bedfordshire Police,-0.468107,51.901425,On or near High Street,E01015751,Luton 005B,Other theft,Investigation complete; no suspect identified,
b8ca0d0908a051a52c1328a3814a53fd77c8ea634c96c1d150b23d05f6959434,2022-06,Bedfordshire Police,Bedfordshire Police,-0.467774,51.901826,On or near Petrol Station,E01015751,Luton 005B,Public order,Investigation complete; no suspect identified,
bc963553d9265e42cf2456ff5ea7280c8156937806459aedbd5f1dd1de6d8d66,2022-06,Bedfordshire Police,Bedfordshire Police,-0.470486,51.907157,On or near Newtondale,E01015751,Luton 005B,Vehicle crime,Investigation complete; no suspect identified,
11565b1e4a25fb9b089e8da778cecb2a4dce5ef32f280fe23f038d5583d51762,2022-06,Bedfordshire Police,Bedfordshire Police,-0.470486,51.907157,On or near Newtondale,E01015751,Luton 005B,Vehicle crime,Status update unavailable,
5ef847193f6462b8dd60d3abd3f52ea116520d1ba8c43f0bdadf07b149943b5a,2022-06,Bedfordshire Police,Bedfordshire Police,-0.471270,51.900325,On or near Police Station,E01015751,Luton 005B,Violence and sexual offences,Unable to prosecute suspect,
e5bfac8fe0aee0a0de3fc219d3dbbd681619658a17d780ee7aaff563c5555aa1,2022-06,Bedfordshire Police,Bedfordshire Police,-0.473195,51.903137,On or near Saltfield Crescent,E01015751,Luton 005B,Violence and sexual offences,Investigation complete; no suspect identified,
4d05619b8e8ed5dc33c4c22ff1d9fc2c68c71d7e23f50452f89276c1a4d289cd,2022-06,Bedfordshire Police,Bedfordshire Police,-0.466830,51.905653,On or near Clifford Crescent,E01015751,Luton 005B,Violence and sexual offences,Unable to prosecute suspect,
15a544c7fedccceae05ef0bb3e71312a742ddac2e82e75693c1718e65b7c1acd,2022-06,Bedfordshire Police,Bedfordshire Police,-0.465764,51.901521,On or near Chatteris Close,E01015751,Luton 005B,Violence and sexual offences,Unable to prosecute suspect,
5b70f0590d5c6b06e85c974c7dd82b507c704dd8b5621b706832f7b91d1079ad,2022-06,Bedfordshire Police,Bedfordshire Police,-0.475873,51.911210,On or near Needham Road,E01015752,Luton 005C,Drugs,Unable to prosecute suspect,
6b92875681ea3cf895cddb3a6e9517b8bc3f7a9790c2f00809924109965ab8ff,2022-06,Bedfordshire Police,Bedfordshire Police,-0.474470,51.909690,On or near Hillcroft Close,E01015752,Luton 005C,Other theft,Unable to prosecute suspect,
31fb1471015c8b3a7ca0d0155ebf5b66efd1cc8858eb12e9cc8b03d7c0297b72,2022-06,Bedfordshire Police,Bedfordshire Police,-0.473214,51.909449,On or near Wentworth Avenue,E01015752,Luton 005C,Violence and sexual offences,Unable to prosecute suspect,
152ebaa51b242d5300efb2fa5ba557d4c7cdfc62e280610d4901667776c49ec3,2022-06,Bedfordshire Police,Bedfordshire Police,-0.473689,51.910444,On or near Locarno Avenue,E01015752,Luton 005C,Violence and sexual offences,Formal action is not in the public interest,
201918cb4ce13a301367fc4cfbded21f3e648df070abdacfa2dd7dfadc96aec9,2022-06,Bedfordshire Police,Bedfordshire Police,-0.473689,51.910444,On or near Locarno Avenue,E01015752,Luton 005C,Violence and sexual offences,Formal action is not in the public interest,
cccddec39bbe1f1e5147f1a74afeec0830db66e815bb2108f2ce4aad3786b3cd,2022-06,Bedfordshire Police,Bedfordshire Police,-0.474470,51.909690,On or near Hillcroft Close,E01015752,Luton 005C,Violence and sexual offences,Unable to prosecute suspect,
440f3ca2f744d9a151d11c79947e23d08db3bea9faeb437334bb6c5eca499b49,2022-06,Bedfordshire Police,Bedfordshire Police,-0.474470,51.909690,On or near Hillcroft Close,E01015752,Luton 005C,Violence and sexual offences,Unable to prosecute suspect,
,2022-06,Bedfordshire Police,Bedfordshire Police,-0.480894,51.909755,On or near Gilderdale,E01015753,Luton 005D,Anti-social behaviour,,
,2022-06,Bedfordshire Police,Bedfordshire Police,-0.479228,51.911730,On or near Barking Close,E01015753,Luton 005D,Anti-social behaviour,,
,2022-06,Bedfordshire Police,Bedfordshire Police,-0.480894,51.909755,On or near Gilderdale,E01015753,Luton 005D,Anti-social behaviour,,
ca0c1c49b5284cf200077742205b2827607a126583ee948630dc2e68979cf23b,2022-06,Bedfordshire Police,Bedfordshire Police,-0.475381,51.912858,On or near Anstee Road,E01015753,Luton 005D,Other theft,Unable to prosecute suspect,
433b711faa8f93fa3e2ff056c6bdae0343446af178f3ce86a05402cc4b1cc454,2022-06,Bedfordshire Police,Bedfordshire Police,-0.481217,51.912664,On or near B579,E01015753,Luton 005D,Public order,Investigation complete; no suspect identified,
0686ce80f2ce397f44be7426fe06b9be601b827c3a79b0fd1aa35edaa36e17ff,2022-06,Bedfordshire Police,Bedfordshire Police,-0.474752,51.912113,On or near Harry Scott Court,E01015753,Luton 005D,Public order,Unable to prosecute suspect,
cf110a46f9b2282be08a3a52a5aa7e8514fe7328a32ed2e4e9bf8e46225ccfcf,2022-06,Bedfordshire Police,Bedfordshire Police,-0.480572,51.911972,On or near Bellerby Rise,E01015753,Luton 005D,Vehicle crime,Investigation complete; no suspect identified,
,2022-06,Bedfordshire Police,Bedfordshire Police,-0.468706,51.906918,On or near Glaisdale,E01015754,Luton 005E,Anti-social behaviour,,
a923f462c127b919ceee464002197e0b6697a457e67fc79dd88d10a4174677d6,2022-06,Bedfordshire Police,Bedfordshire Police,-0.467729,51.909989,On or near Stoneways Close,E01015754,Luton 005E,Criminal damage and arson,Unable to prosecute suspect,
e42a9d90115eb3afdec74b407f27a4897334c37daa3db70fb6847836dcd596d2,2022-06,Bedfordshire Police,Bedfordshire Police,-0.468626,51.909686,On or near Brooklands Close,E01015754,Luton 005E,Criminal damage and arson,Investigation complete; no suspect identified,
640ddd72885749ce1fe1982d50b2673bb4a16b92848ad4c07fb5f42846f0f89d,2022-06,Bedfordshire Police,Bedfordshire Police,-0.467729,51.909989,On or near Stoneways Close,E01015754,Luton 005E,Drugs,Status update unavailable,
9d3c6a99d1fe673aead3477b51c8eda874a271414a74532f18c8d4da79853d79,2022-06,Bedfordshire Police,Bedfordshire Police,-0.464924,51.907822,On or near Nappsbury Road,E01015754,Luton 005E,Public order,Unable to prosecute suspect,
e9004ba49047a2f96e8f38ce204c124de6ad6bf948dfe366e26ea7cfedb7dbdc,2022-06,Bedfordshire Police,Bedfordshire Police,-0.466997,51.909279,On or near The Hedgerow,E01015754,Luton 005E,Violence and sexual offences,Unable to prosecute suspect,
af571f385e473a86d3e098b18f5b95434f84f079c0376119003178cd6326af38,2022-06,Bedfordshire Police,Bedfordshire Police,-0.470147,51.907710,On or near Acworth Crescent,E01015754,Luton 005E,Violence and sexual offences,Unable to prosecute suspect,
9896e29e892b35fe686e689473e1718e03d0e87bfe306824850c2ba9c8547be2,2022-06,Bedfordshire Police,Bedfordshire Police,-0.471567,51.909122,On or near Chaworth Green,E01015754,Luton 005E,Violence and sexual offences,Unable to prosecute suspect,
9c82817a89b5572b778d0bf0a2948c4d5ac0d34d8dd32f0d28a1e00ae9173cd1,2022-06,Bedfordshire Police,Bedfordshire Police,-0.462345,51.905864,On or near The Avenue,E01015755,Luton 005F,Burglary,Investigation complete; no suspect identified,
da928d946f277bac244c0ae506fab362aa8e025a749f5e18c607877b7e3da32c,2022-06,Bedfordshire Police,Bedfordshire Police,-0.460926,51.906142,On or near Browns Close,E01015755,Luton 005F,Criminal damage and arson,Investigation complete; no suspect identified,
6ca2ab47cde35f07098ac3216f6aae2ed587791dcb5b9dc7f79abc28ee9205b4,2022-06,Bedfordshire Police,Bedfordshire Police,-0.460926,51.906142,On or near Browns Close,E01015755,Luton 005F,Criminal damage and arson,Investigation complete; no suspect identified,
b1041e8717007f48fdf5c5f8143c4c2a561139c39c2b7d2ad9b9b76c6bfadd6d,2022-06,Bedfordshire Police,Bedfordshire Police,-0.459246,51.905527,On or near Station Road,E01015755,Luton 005F,Criminal damage and arson,Investigation complete; no suspect identified,
8ca22f27bbc345231ac830a40a2089ebcd411a8b458e092445c10072b83c2153,2022-06,Bedfordshire Police,Bedfordshire Police,-0.460926,51.906142,On or near Browns Close,E01015755,Luton 005F,Criminal damage and arson,Investigation complete; no suspect identified,
69c163ef5e360b79e437d192a5837357d069f18d07c203d7e95e7d4f9a4f2075,2022-06,Bedfordshire Police,Bedfordshire Police,-0.459341,51.903172,On or near Frome Close,E01015755,Luton 005F,Criminal damage and arson,Unable to prosecute suspect,
0a854b8231a8b0459b1f0fe07f600508656663867023cea76f2f3213d8ab173f,2022-06,Bedfordshire Police,Bedfordshire Police,-0.460926,51.906142,On or near Browns Close,E01015755,Luton 005F,Criminal damage and arson,Unable to prosecute suspect,
2fd3b555407ae4570aa9f1e978248faf2370a6390b7a0b070ec99733153e3091,2022-06,Bedfordshire Police,Bedfordshire Police,-0.459341,51.903172,On or near Frome Close,E01015755,Luton 005F,Vehicle crime,Investigation complete; no suspect identified,
e729a44baf209b032de87cddde6245bd45af647d15f3ef305b85f9ab2c7a20cb,2022-06,Bedfordshire Police,Bedfordshire Police,-0.459341,51.903172,On or near Frome Close,E01015755,Luton 005F,Vehicle crime,Investigation complete; no suspect identified,
129244c503513aa10706ecdf5cece9806a37147a4ad281d44a99f2f61897a38a,2022-06,Bedfordshire Police,Bedfordshire Police,-0.460926,51.906142,On or near Browns Close,E01015755,Luton 005F,Vehicle crime,Investigation complete; no suspect identified,
7a945ccf54e1c23b45330fcae557f9255927f88eb14f54532dffe1e8a3b8a251,2022-06,Bedfordshire Police,Bedfordshire Police,-0.465703,51.903309,On or near Torquay Drive,E01015755,Luton 005F,Violence and sexual offences,Investigation complete; no suspect identified,
a1f70ac146883ed0b3b19e6695ab47971bcd552537974d09f22703ad33af8aa2,2022-06,Bedfordshire Police,Bedfordshire Police,-0.455052,51.903188,On or near Archway Road,E01015755,Luton 005F,Violence and sexual offences,Unable to prosecute suspect,
e215deea412c783f045bb8ace9402e8e70993412ca73b4678ff36e8f225a4ef4,2022-06,Bedfordshire Police,Bedfordshire Police,-0.459246,51.905527,On or near Station Road,E01015755,Luton 005F,Violence and sexual offences,Investigation complete; no suspect identified,
d1301628d31d60fd596d1366dae4c535e78920b6b57af85ffb99884551e5973d,2022-06,Bedfordshire Police,Bedfordshire Police,-0.459246,51.905527,On or near Station Road,E01015755,Luton 005F,Violence and sexual offences,Action to be taken by another organisation,
f2df96998a62b4836ace2eca18af8b79fa8fee8d1b07f457f0f2d91bbb90b0b5,2022-06,Bedfordshire Police,Bedfordshire Police,-0.459246,51.905527,On or near Station Road,E01015755,Luton 005F,Violence and sexual offences,Court result unavailable,
1557df155a7463b0615d1f121af99c8d9638ed4dbf514b20a7154b2e5022e36b,2022-06,Bedfordshire Police,Bedfordshire Police,-0.459246,51.905527,On or near Station Road,E01015755,Luton 005F,Violence and sexual offences,Investigation complete; no suspect identified,
7eb46bf04b6e4a3f4bfb3cefd1cb03ab8eb3ffb9c894697fcefafbdbd0481e0a,2022-06,Bedfordshire Police,Bedfordshire Police,-0.460926,51.906142,On or near Browns Close,E01015755,Luton 005F,Violence and sexual offences,Unable to prosecute suspect,
ccbe5c242acd147b4450ddc2a73795704fd7b6a8024a74d868fd5d67542c77d2,2022-06,Bedfordshire Police,Bedfordshire Police,-0.464717,51.904106,On or near Paignton Close,E01015755,Luton 005F,Other crime,Status update unavailable,
,2022-06,Bedfordshire Police,Bedfordshire Police,-0.446001,51.908940,On or near Leathwaite Close,E01015764,Luton 006A,Anti-social behaviour,,
d946a61208f41f985c760d0d8fdf507dbcfd3b8f44e1c7172ecf4d71eada3dff,2022-06,Bedfordshire Police,Bedfordshire Police,-0.445468,51.909653,On or near Calverton Road,E01015764,Luton 006A,Violence and sexual offences,Unable to prosecute suspect,
3f6cd37bf232efca0e527df38faaf810f845446e47d35967319b8d30d9255028,2022-06,Bedfordshire Police,Bedfordshire Police,-0.445468,51.909653,On or near Calverton Road,E01015764,Luton 006A,Violence and sexual offences,Unable to prosecute suspect,
,2022-06,Bedfordshire Police,Bedfordshire Police,-0.455413,51.904973,On or near Hewlett Road,E01015765,Luton 006B,Anti-social behaviour,,
,2022-06,Bedfordshire Police,Bedfordshire Police,-0.451238,51.908865,On or near Foston Close,E01015765,Luton 006B,Anti-social behaviour,,
,2022-06,Bedfordshire Police,Bedfordshire Police,-0.453746,51.906084,On or near Willow Way,E01015765,Luton 006B,Anti-social behaviour,,
,2022-06,Bedfordshire Police,Bedfordshire Police,-0.458386,51.906864,On or near B579,E01015765,Luton 006B,Anti-social behaviour,,
,2022-06,Bedfordshire Police,Bedfordshire Police,-0.454289,51.904266,On or near Mostyn Road,E01015765,Luton 006B,Anti-social behaviour,,
,2022-06,Bedfordshire Police,Bedfordshire Police,-0.458386,51.906864,On or near B579,E01015765,Luton 006B,Anti-social behaviour,,
3d49f5b1ef4bccd9b10a6d69ae141faa4bbb6425243ed3e8cbbe222d0cbf22f2,2022-06,Bedfordshire Police,Bedfordshire Police,-0.453318,51.904181,On or near Supermarket,E01015765,Luton 006B,Burglary,Unable to prosecute suspect,
d8ec2d3f7d377fc87816949acc1af84d9fd49b9c3e7a068ef343225d4b481afc,2022-06,Bedfordshire Police,Bedfordshire Police,-0.451998,51.905764,On or near Hurst Way,E01015765,Luton 006B,Criminal damage and arson,Unable to prosecute suspect,
ac9a6a6d4de400deda128a330daa1a43d337babe9c0037a0ca0ff6395eaa7ba3,2022-06,Bedfordshire Police,Bedfordshire Police,-0.451998,51.905764,On or near Hurst Way,E01015765,Luton 006B,Criminal damage and arson,Unable to prosecute suspect,
d6fa3d12b93b01d6f5bd286431006224dffb2b8b64c93afb2864c4f16275962b,2022-06,Bedfordshire Police,Bedfordshire Police,-0.458386,51.906864,On or near B579,E01015765,Luton 006B,Criminal damage and arson,Investigation complete; no suspect identified,
3e083a799a6ff5fb5c34141374bfe32f8c245c90459074a9c3947bc3b584ed64,2022-06,Bedfordshire Police,Bedfordshire Police,-0.458386,51.906864,On or near B579,E01015765,Luton 006B,Drugs,Unable to prosecute suspect,
02c2339e457a9cecfdad48ca2d58f2f2e45283a0b138a25975d4c0369f4b0edc,2022-06,Bedfordshire Police,Bedfordshire Police,-0.454640,51.906743,On or near River Way,E01015765,Luton 006B,Other theft,Investigation complete; no suspect identified,
580016e11391d9abf58bdfbe69719874b1f076ee26eb4292041e953baab00c90,2022-06,Bedfordshire Police,Bedfordshire Police,-0.458386,51.906864,On or near B579,E01015765,Luton 006B,Other theft,Investigation complete; no suspect identified,
adcee8e50d405a59df7d5b35d784a95784d1088c80b52aae8e4ea7b1f9a43b7b,2022-06,Bedfordshire Police,Bedfordshire Police,-0.456960,51.905632,On or near Mount Pleasant Road,E01015765,Luton 006B,Other theft,Investigation complete; no suspect identified,
60818cf88589d742deaa266b662fa623ac2d9bf9d2d633be5321d7469d4ecf1f,2022-06,Bedfordshire Police,Bedfordshire Police,-0.453318,51.904181,On or near Supermarket,E01015765,Luton 006B,Other theft,Investigation complete; no suspect identified,
6e2207d281d21c83c369c173098d80da3b025abc0c692bf0d93033808e3b6d50,2022-06,Bedfordshire Police,Bedfordshire Police,-0.458437,51.906226,On or near Petrol Station,E01015765,Luton 006B,Possession of weapons,Unable to prosecute suspect,
1f3325f9ce8f731b70c65a3a40ec97b563964ed742e623409279f5ca0e83ccc8,2022-06,Bedfordshire Police,Bedfordshire Police,-0.458386,51.906864,On or near B579,E01015765,Luton 006B,Possession of weapons,Status update unavailable,
5cd6598f4e8e462c8451a699b1b80731cb6ce48349e9206317668bd728feccaf,2022-06,Bedfordshire Police,Bedfordshire Police,-0.455413,51.904973,On or near Hewlett Road,E01015765,Luton 006B,Public order,Investigation complete; no suspect identified,
2d79c4adfbec9c6aca8c945234085a432a4f2d5760e559985ca0333c3363e575,2022-06,Bedfordshire Police,Bedfordshire Police,-0.458386,51.906864,On or near B579,E01015765,Luton 006B,Public order,Unable to prosecute suspect,
c1e98d459dee53a59c929381c790905b09beed012e450b3c3a8780f370ca308b,2022-06,Bedfordshire Police,Bedfordshire Police,-0.454289,51.904266,On or near Mostyn Road,E01015765,Luton 006B,Public order,Investigation complete; no suspect identified,
5fff97e3a9c44a4d3e5bab73b882670ce8d054044c42f607d039ecb2c714583a,2022-06,Bedfordshire Police,Bedfordshire Police,-0.453746,51.906084,On or near Willow Way,E01015765,Luton 006B,Public order,Formal action is not in the public interest,
fb1bbdfe732ee313bace5e1f10638b8a671357f8c4ee42f52e40aefd7e21b7a2,2022-06,Bedfordshire Police,Bedfordshire Police,-0.454289,51.904266,On or near Mostyn Road,E01015765,Luton 006B,Shoplifting,Investigation complete; no suspect identified,
f9711dd457671bf9ac2a036eb6f74171b97251a6d5d170879fe9aa1eeb26a5f5,2022-06,Bedfordshire Police,Bedfordshire Police,-0.454289,51.904266,On or near Mostyn Road,E01015765,Luton 006B,Shoplifting,Investigation complete; no suspect identified,
c3c8d88be3055d06a9863d16434fcb226eeaa7815e3d5b3336c2596df07daf61,2022-06,Bedfordshire Police,Bedfordshire Police,-0.454640,51.906743,On or near River Way,E01015765,Luton 006B,Vehicle crime,Investigation complete; no suspect identified,
51c589d6588e63ebf6c1a2f9020f52c8d95a8ddfcd80054ee1601c7b9775e42a,2022-06,Bedfordshire Police,Bedfordshire Police,-0.455413,51.904973,On or near Hewlett Road,E01015765,Luton 006B,Vehicle crime,Investigation complete; no suspect identified,
569971b0a049293f7d24bb5571738947244f9033d8b4e1d75faeea738e0deecb,2022-06,Bedfordshire Police,Bedfordshire Police,-0.456960,51.905632,On or near Mount Pleasant Road,E01015765,Luton 006B,Vehicle crime,Unable to prosecute suspect,
8a02fa9e69c3d327e3be824b031ed857b9495babda75691ee1b4ed936e9e334b,2022-06,Bedfordshire Police,Bedfordshire Police,-0.456960,51.905632,On or near Mount Pleasant Road,E01015765,Luton 006B,Violence and sexual offences,Awaiting court outcome,
3f6fc7266a42896d525afd0f63af67fa4c47a74a556fa31c9bf95b34c04aa14c,2022-06,Bedfordshire Police,Bedfordshire Police,-0.454640,51.906743,On or near River Way,E01015765,Luton 006B,Violence and sexual offences,Unable to prosecute suspect,
1ba7d8db1f8529148dab60c109e0221b9c73f4b0468feda05573647d0479c33c,2022-06,Bedfordshire Police,Bedfordshire Police,-0.455413,51.904973,On or near Hewlett Road,E01015765,Luton 006B,Violence and sexual offences,Investigation complete; no suspect identified,
46b728080356f71f3e938f7556d6861f5d2a05347bf93787506da7806564f0eb,2022-06,Bedfordshire Police,Bedfordshire Police,-0.455413,51.904973,On or near Hewlett Road,E01015765,Luton 006B,Violence and sexual offences,Unable to prosecute suspect,
4f6980178e58876121e12f32dce1c00d1e59124f4a6a08c833bd6d8cec01db44,2022-06,Bedfordshire Police,Bedfordshire Police,-0.453318,51.904181,On or near Supermarket,E01015765,Luton 006B,Violence and sexual offences,Investigation complete; no suspect identified,
,2022-06,Bedfordshire Police,Bedfordshire Police,-0.436430,51.904084,On or near Britannia Avenue,E01015766,Luton 006C,Anti-social behaviour,,
,2022-06,Bedfordshire Police,Bedfordshire Police,-0.437682,51.906942,On or near Fenwick Close,E01015766,Luton 006C,Anti-social behaviour,,
eb159b7fe75bb0e477d9d4998e7308ec9c8c365ef82bc9efda0e97259ea890a2,2022-06,Bedfordshire Police,Bedfordshire Police,-0.436906,51.907957,On or near Grosvenor Road,E01015766,Luton 006C,Criminal damage and arson,Investigation complete; no suspect identified,
d6838ef7939c956c1be8e9e6a69882155dd24a1d4e61a8688f7dcb630cd64e61,2022-06,Bedfordshire Police,Bedfordshire Police,-0.439119,51.903670,On or near Trinity Road,E01015766,Luton 006C,Drugs,Investigation complete; no suspect identified,
46f2927753df9355a0402e049e48c5be0235a9a13a7a30d22952af525bfa404f,2022-06,Bedfordshire Police,Bedfordshire Police,-0.436195,51.902885,On or near Petrol Station,E01015766,Luton 006C,Public order,Unable to prosecute suspect,
7775436b1a6dfa32cafb4c46e4ee7d90098adcee120b3014b2ed0fe91ad36628,2022-06,Bedfordshire Police,Bedfordshire Police,-0.439119,51.903670,On or near Trinity Road,E01015766,Luton 006C,Public order,Unable to prosecute suspect,
cad143895a42684a28b94e07dae10901511d4b17e2cacfebaa763437d3012fa5,2022-06,Bedfordshire Police,Bedfordshire Police,-0.437682,51.906942,On or near Fenwick Close,E01015766,Luton 006C,Vehicle crime,Investigation complete; no suspect identified,
129a6c70607dc24d1d2a6a49772d8b3ada4a4a5db14718d664c22b8538cf23fb,2022-06,Bedfordshire Police,Bedfordshire Police,-0.437349,51.904806,On or near Bancroft Road,E01015766,Luton 006C,Violence and sexual offences,Unable to prosecute suspect,
2816ae16eab984c648c2a1d6ca6ad37019441e11c12af129b36d5c8d46d7dda0,2022-06,Bedfordshire Police,Bedfordshire Police,-0.437349,51.904806,On or near Bancroft Road,E01015766,Luton 006C,Violence and sexual offences,Investigation complete; no suspect identified,
abff87eb3252a4a01ec027ef50c1232d5c4f2ce6e5500fafec81978f3fc6b83c,2022-06,Bedfordshire Police,Bedfordshire Police,-0.436182,51.907857,On or near Belvedere Road,E01015766,Luton 006C,Violence and sexual offences,Unable to prosecute suspect,
745003431035b84e3471b53fe70caeb0d568ac7966d015fbdc5e655c7c8e4473,2022-06,Bedfordshire Police,Bedfordshire Police,-0.439119,51.903670,On or near Trinity Road,E01015766,Luton 006C,Violence and sexual offences,Unable to prosecute suspect,
,2022-06,Bedfordshire Police,Bedfordshire Police,-0.441324,51.905057,On or near The Close,E01015767,Luton 006D,Anti-social behaviour,,
35cd78b0713653d4ab5ab05f42f946e0f150f72958d1b1c486b8db38b7d1867e,2022-06,Bedfordshire Police,Bedfordshire Police,-0.451377,51.904803,On or near Nursery Road,E01015767,Luton 006D,Other theft,Unable to prosecute suspect,
88241312b3172e6ecc4ee620e4da2c2b8bf3ed0446f5e80636b4f500ea8c6166,2022-06,Bedfordshire Police,Bedfordshire Police,-0.441324,51.905057,On or near The Close,E01015767,Luton 006D,Vehicle crime,Investigation complete; no suspect identified,
7eaf06d51ed0378994d9d851ce528e8d0a1946b9ca630a1a8315315ec1db5c5a,2022-06,Bedfordshire Police,Bedfordshire Police,-0.441324,51.905057,On or near The Close,E01015767,Luton 006D,Violence and sexual offences,Unable to prosecute suspect,
7867c9ecf07d653f93f643062e2c9135161a38b00694a3148660269a6a33c123,2022-06,Bedfordshire Police,Bedfordshire Police,-0.448410,51.904845,On or near Coniston Road,E01015767,Luton 006D,Violence and sexual offences,Unable to prosecute suspect,
6473cf978efb25ca685bf87743e30f4c003f1f872e74766bfb60b1a8d7aecb8b,2022-06,Bedfordshire Police,Bedfordshire Police,-0.451377,51.904803,On or near Nursery Road,E01015767,Luton 006D,Violence and sexual offences,Unable to prosecute suspect,
,2022-06,Bedfordshire Police,Bedfordshire Police,-0.442318,51.912443,On or near Homerton Road,E01015768,Luton 006E,Anti-social behaviour,,
,2022-06,Bedfordshire Police,Bedfordshire Police,-0.440597,51.911350,On or near Icknield Way,E01015768,Luton 006E,Anti-social behaviour,,
,2022-06,Bedfordshire Police,Bedfordshire Police,-0.442318,51.912443,On or near Homerton Road,E01015768,Luton 006E,Anti-social behaviour,,
a70d3b6ab5590c17cd27cca75ac24cbbb9fa9504ffe5d7cba276c2bc331c2154,2022-06,Bedfordshire Police,Bedfordshire Police,-0.442318,51.912443,On or near Homerton Road,E01015768,Luton 006E,Bicycle theft,Investigation complete; no suspect identified,
909f9979e84c4f04212028806dc4bbb9684c00980e5c7a7b2008535ea89ede97,2022-06,Bedfordshire Police,Bedfordshire Police,-0.444678,51.912753,On or near Wistow Road,E01015768,Luton 006E,Burglary,Investigation complete; no suspect identified,
3b7319a5488d4d7e0f9044dfa41627b191a310e8f3cd0bbce7bf9381e425ff68,2022-06,Bedfordshire Police,Bedfordshire Police,-0.447426,51.912313,On or near Thelby Close,E01015768,Luton 006E,Criminal damage and arson,Unable to prosecute suspect,
e6f9bb9bda64a950e997ddab61698d8ded94a643f82777e601210ab3f326db76,2022-06,Bedfordshire Police,Bedfordshire Police,-0.442318,51.912443,On or near Homerton Road,E01015768,Luton 006E,Public order,Investigation complete; no suspect identified,
e411aa880f40c9d22cb32477f9774a1eedd8be1dd93390d8e7fc6d037ddb6dcd,2022-06,Bedfordshire Police,Bedfordshire Police,-0.436025,51.909447,On or near Waterslade Green,E01015768,Luton 006E,Violence and sexual offences,Unable to prosecute suspect,
04af37f869449f0c6e2a1946c97fa1d5b9bc42f5a23a557fe3a531256fdf21c3,2022-06,Bedfordshire Police,Bedfordshire Police,-0.440827,51.913952,On or near Croxton Close,E01015768,Luton 006E,Violence and sexual offences,Investigation complete; no suspect identified,
66b5ce9cce304d5520bc9b874de6b551d26b5e3d36af5536157512dd2008f7d0,2022-06,Bedfordshire Police,Bedfordshire Police,-0.439680,51.910529,On or near Sports/Recreation Area,E01015768,Luton 006E,Violence and sexual offences,Investigation complete; no suspect identified,
,2022-06,Bedfordshire Police,Bedfordshire Police,-0.437978,51.900085,On or near Trent Road,E01015783,Luton 006F,Anti-social behaviour,,
5e7623824e929ef1a2a65c1cbd321cffb6d53907fa6240cbe72ac2493ddd7fc3,2022-06,Bedfordshire Police,Bedfordshire Police,-0.438234,51.901518,On or near Bristol Road,E01015783,Luton 006F,Criminal damage and arson,Investigation complete; no suspect identified,
3c1345fb4aecf78495c2bfd448ea8a7c9b65be6801b0c6630cef1536d6e140f8,2022-06,Bedfordshire Police,Bedfordshire Police,-0.438426,51.900604,On or near Gayton Close,E01015783,Luton 006F,Violence and sexual offences,Investigation complete; no suspect identified,
b9fe8280bbda5a4c50fecfe11c820bce99e13817ed99502964caefe041dfaaec,2022-06,Bedfordshire Police,Bedfordshire Police,-0.440759,51.898701,On or near Alder Crescent,E01015783,Luton 006F,Violence and sexual offences,Unable to prosecute suspect,
5f69d4842401c6533756a5fbda0099dd120c5dc857416d142b7c4c341e5b2c9c,2022-06,Bedfordshire Police,Bedfordshire Police,-0.439076,51.901116,On or near Solway Road North,E01015783,Luton 006F,Violence and sexual offences,Investigation complete; no suspect identified,
,2022-06,Bedfordshire Police,Bedfordshire Police,-0.451671,51.903018,On or near Marsh Road,E01015785,Luton 006G,Anti-social behaviour,,
e90a172fae2fe3c6c67aae1c6209e2d35d505a58b3b12b4b3b4526d4203e0bb4,2022-06,Bedfordshire Police,Bedfordshire Police,-0.451671,51.903018,On or near Marsh Road,E01015785,Luton 006G,Burglary,Unable to prosecute suspect,
d141f415b863c19b3db8e565f3651b9f3682200db82e1b5bcd64489971282d8c,2022-06,Bedfordshire Police,Bedfordshire Police,-0.451671,51.903018,On or near Marsh Road,E01015785,Luton 006G,Drugs,Unable to prosecute suspect,
acf4a42f079869a396b9eb5c4377857bcc002c6a9a546223a1fd4082f7e7c288,2022-06,Bedfordshire Police,Bedfordshire Police,-0.445439,51.899555,On or near Varna Close,E01015785,Luton 006G,Public order,Unable to prosecute suspect,
21f9acd9d9302d1484cf9d310a2ed41de7c5c4dcacb9b2016520a8a2275442f9,2022-06,Bedfordshire Police,Bedfordshire Police,-0.449924,51.900989,On or near Thorneycroft Close,E01015785,Luton 006G,Public order,Unable to prosecute suspect,
ab64c196c0c0a61b7fed6bc9958e797f018887fc7ac7e293c497a24ed72dfc7e,2022-06,Bedfordshire Police,Bedfordshire Police,-0.446750,51.899869,On or near Cuffley Close,E01015785,Luton 006G,Public order,Unable to prosecute suspect,
6b53d2103351a166e0a435f6a68765aba598133968dc83ae7f08bf2f922752e9,2022-06,Bedfordshire Police,Bedfordshire Police,-0.447312,51.903383,On or near Quilter Close,E01015785,Luton 006G,Vehicle crime,Investigation complete; no suspect identified,
9c26e460ecbaa760ee87c76d4d18800e368ec337f984a80b46bf6aab0f71fbba,2022-06,Bedfordshire Police,Bedfordshire Police,-0.450642,51.901251,On or near Roman Road,E01015785,Luton 006G,Violence and sexual offences,Local resolution,
61e104358aba1081c16f690df5ac37cc67eff855b5ce60d2f69effd89620cd3e,2022-06,Bedfordshire Police,Bedfordshire Police,-0.447455,51.902611,On or near Icknield Road,E01015785,Luton 006G,Violence and sexual offences,Unable to prosecute suspect,
3e7b7987fe078edc9541e82ba6b474c7f5e17c598db822884032c0527934545f,2022-06,Bedfordshire Police,Bedfordshire Police,-0.449415,51.900146,On or near Leafield,E01015785,Luton 006G,Violence and sexual offences,Unable to prosecute suspect,
376d2f83ec3a53fc469c540d18b7dfa5b6c0690900f60d70479af6b75f7e396a,2022-06,Bedfordshire Police,Bedfordshire Police,-0.450642,51.901251,On or near Roman Road,E01015785,Luton 006G,Violence and sexual offences,Local resolution,
,2022-06,Bedfordshire Police,Bedfordshire Police,-0.417259,51.899449,On or near Priory Gardens,E01015693,Luton 007A,Anti-social behaviour,,
,2022-06,Bedfordshire Police,Bedfordshire Police,-0.417259,51.899449,On or near Priory Gardens,E01015693,Luton 007A,Anti-social behaviour,,
,2022-06,Bedfordshire Police,Bedfordshire Police,-0.417259,51.899449,On or near Priory Gardens,E01015693,Luton 007A,Anti-social behaviour,,
,2022-06,Bedfordshire Police,Bedfordshire Police,-0.417259,51.899449,On or near Priory Gardens,E01015693,Luton 007A,Anti-social behaviour,,
,2022-06,Bedfordshire Police,Bedfordshire Police,-0.414799,51.902437,On or near Further/Higher Educational Building,E01015693,Luton 007A,Anti-social behaviour,,
86b91a59b6cdab153fa42364999453660e22d708be56e4b83a0ad685589e57fe,2022-06,Bedfordshire Police,Bedfordshire Police,-0.414368,51.898583,On or near Wychwood Avenue,E01015693,Luton 007A,Criminal damage and arson,Unable to prosecute suspect,
793ef64be6bc147491f4f23faa889261669768841149a5523f06ec2f51c74541,2022-06,Bedfordshire Police,Bedfordshire Police,-0.413462,51.901601,On or near Bradgers Hill Road,E01015693,Luton 007A,Other theft,Investigation complete; no suspect identified,
4499e9887cd02f8f512d4e9dcd1530058a3617a4a91b7ffe64c94bdc1c0a8142,2022-06,Bedfordshire Police,Bedfordshire Police,-0.413462,51.901601,On or near Bradgers Hill Road,E01015693,Luton 007A,Other theft,Investigation complete; no suspect identified,
31283118d1841810c0048734c52496a8d8653c03002dc7c4e511412b37615d56,2022-06,Bedfordshire Police,Bedfordshire Police,-0.414799,51.902437,On or near Further/Higher Educational Building,E01015693,Luton 007A,Other theft,Investigation complete; no suspect identified,
79419d8f6885c971544939aafc87ab1f6fbd1212baabc197410d00cd6d196d77,2022-06,Bedfordshire Police,Bedfordshire Police,-0.412901,51.898563,On or near Elmwood Crescent,E01015693,Luton 007A,Vehicle crime,Investigation complete; no suspect identified,
a0e759c18f2b060e399c7c439ae263c9efa786b0bb0ad7c03a576d512055f1ba,2022-06,Bedfordshire Police,Bedfordshire Police,-0.414368,51.898583,On or near Wychwood Avenue,E01015693,Luton 007A,Violence and sexual offences,Unable to prosecute suspect,
473b5289fdc92380357223084aae1d06414d621862e0597df6ef4471705acec4,2022-06,Bedfordshire Police,Bedfordshire Police,-0.422136,51.906285,On or near Further/Higher Educational Building,E01015694,Luton 007B,Burglary,Investigation complete; no suspect identified,
4c423dc9fe5f68d2e39e4cab92406099f6eeb06b6233c16b4d7c14caf979cb00,2022-06,Bedfordshire Police,Bedfordshire Police,-0.425696,51.902583,On or near Heathfield Road,E01015694,Luton 007B,Vehicle crime,Offender given a caution,
9be7cb57b9fc1d0120ddca6ab6a686bb6ad617a3bca3d9f06134a7630adf926c,2022-06,Bedfordshire Police,Bedfordshire Police,-0.425293,51.901634,On or near Wadhurst Avenue,E01015694,Luton 007B,Violence and sexual offences,Unable to prosecute suspect,
466cd4ff619d6c0bb2367c018cee8e1d082d84274344c6c290d19d0cd58230b1,2022-06,Bedfordshire Police,Bedfordshire Police,-0.424498,51.903601,On or near Midhurst Gardens,E01015694,Luton 007B,Violence and sexual offences,Status update unavailable,
e50cffe87e6685c11b1b407ebc14944ad27f32349282a67693d2427c53806385,2022-06,Bedfordshire Police,Bedfordshire Police,-0.425293,51.901634,On or near Wadhurst Avenue,E01015694,Luton 007B,Violence and sexual offences,Unable to prosecute suspect,
654824935734f1d5c3d7d6ac1e184fe84eab6620e878011a7fc9bd19f977b81f,2022-06,Bedfordshire Police,Bedfordshire Police,-0.424318,51.898339,On or near Fountains Road,E01015695,Luton 007C,Drugs,Unable to prosecute suspect,
7bd1ca36d166c349919769146b66cedf43866f11a71a6e12c70d8d94deb2eb72,2022-06,Bedfordshire Police,Bedfordshire Police,-0.417031,51.898510,On or near Westbury Gardens,E01015695,Luton 007C,Other theft,Unable to prosecute suspect,
7c2f5772c96bffa221b8e4265b3f4cfc3c25ce7c210689006f9b2eedb317e0c7,2022-06,Bedfordshire Police,Bedfordshire Police,-0.421928,51.900617,On or near New Bedford Road,E01015695,Luton 007C,Violence and sexual offences,Unable to prosecute suspect,
ff81533e1fe6644096cbda1a50af448e29836cc6b1830ed7cb5684f23e8a6f53,2022-06,Bedfordshire Police,Bedfordshire Police,-0.424255,51.900163,On or near Graham Gardens,E01015695,Luton 007C,Violence and sexual offences,Unable to prosecute suspect,
c1cf8550ae480ddafd054506a33507d1e933b91b1e225ddc668ef935b4233e2e,2022-06,Bedfordshire Police,Bedfordshire Police,-0.424597,51.899089,On or near St Michael'S Crescent,E01015695,Luton 007C,Violence and sexual offences,Unable to prosecute suspect,
5e38beeaa7c843fb81af9dce2198db3749267382478f57c513fe7b08991ad481,2022-06,Bedfordshire Police,Bedfordshire Police,-0.421928,51.900617,On or near New Bedford Road,E01015695,Luton 007C,Violence and sexual offences,Status update unavailable,
411a6c69fb411e8975a413142b9665e19f5da686e28b3f74b098cd6709e1e76a,2022-06,Bedfordshire Police,Bedfordshire Police,-0.424597,51.899089,On or near St Michael'S Crescent,E01015695,Luton 007C,Violence and sexual offences,Unable to prosecute suspect,
,2022-06,Bedfordshire Police,Bedfordshire Police,-0.415274,51.911264,On or near Elveden Close,E01015696,Luton 007D,Anti-social behaviour,,
,2022-06,Bedfordshire Police,Bedfordshire Police,-0.415274,51.911264,On or near Elveden Close,E01015696,Luton 007D,Anti-social behaviour,,
fd863b3b67d98de307c2df0c461939d18cf63b858c09d49eab4d786c423da889,2022-06,Bedfordshire Police,Bedfordshire Police,-0.412537,51.909312,On or near Heron Drive,E01015696,Luton 007D,Public order,Unable to prosecute suspect,
2e19b08fc9340668fb39acefc5a7d8caa4fcc72e0be43e0605327247eedfdb1b,2022-06,Bedfordshire Police,Bedfordshire Police,-0.410035,51.908523,On or near Gleneagles Drive,E01015697,Luton 007E,Criminal damage and arson,Investigation complete; no suspect identified,
05463d123f99ef621792b2b4b25f72f4ac3c7d03c0384952fd545e3e017273fc,2022-06,Bedfordshire Police,Bedfordshire Police,-0.413464,51.906501,On or near Bushmead Road,E01015697,Luton 007E,Drugs,Investigation complete; no suspect identified,
58a663d5d56919e241c0d98b1b7587b3f3db877e72d43010eeb514c6b93c6d98,2022-06,Bedfordshire Police,Bedfordshire Police,-0.416940,51.905208,On or near Old Bedford Road,E01015697,Luton 007E,Other theft,Unable to prosecute suspect,
3e7479c798ee100f023f6e64659d40750d3ccc0301ff10b83c93e3e2ea184956,2022-06,Bedfordshire Police,Bedfordshire Police,-0.410035,51.908523,On or near Gleneagles Drive,E01015697,Luton 007E,Public order,Unable to prosecute suspect,
f9957888b7b2af7fe901bf62207ae2c6004e0201410be6d113bc10f76b97921d,2022-06,Bedfordshire Police,Bedfordshire Police,-0.411603,51.908580,On or near Supermarket,E01015697,Luton 007E,Shoplifting,Investigation complete; no suspect identified,
891c3b1f881a04bf788b0926b8e02c5adf7d288c2fc9c56d2568c0273b265685,2022-06,Bedfordshire Police,Bedfordshire Police,-0.413687,51.903492,On or near Sports/Recreation Area,E01015697,Luton 007E,Violence and sexual offences,Unable to prosecute suspect,
0a9c00712a97551962161c55f91163e80cb94fc3dd8777d768055384a30bf7e5,2022-06,Bedfordshire Police,Bedfordshire Police,-0.429553,51.905773,On or near Riddy Lane,E01015745,Luton 007F,Vehicle crime,Investigation complete; no suspect identified,
3b6d5a1d91e7861eaa82e62aecb73ae9f45f4fa78aa7a3946740a0871b9407d4,2022-06,Bedfordshire Police,Bedfordshire Police,-0.428933,51.906457,On or near Rackham Drive,E01015745,Luton 007F,Violence and sexual offences,Action to be taken by another organisation,
,2022-06,Bedfordshire Police,Bedfordshire Police,-0.390814,51.906958,On or near Hitchin Road,E01015797,Luton 008A,Anti-social behaviour,,
,2022-06,Bedfordshire Police,Bedfordshire Police,-0.407475,51.901978,On or near Bradgers Hill Road,E01015797,Luton 008A,Anti-social behaviour,,
dcb2134acf9af866c816a8c1ebdf711ff4579fdf175f25c3e72a5cfc17fb0fbb,2022-06,Bedfordshire Police,Bedfordshire Police,-0.384727,51.909266,On or near Wren Close,E01015797,Luton 008A,Burglary,Court result unavailable,
24957ad1428003a8b95b3d68bbdaae963ff76e3d049de2e547f534ea0e4502b4,2022-06,Bedfordshire Police,Bedfordshire Police,-0.386259,51.909926,On or near Lambert Close,E01015797,Luton 008A,Public order,Unable to prosecute suspect,
36223bf42614562c94bcc1e99e155b70ea852bf4f2517d4952fb9165c6a6a940,2022-06,Bedfordshire Police,Bedfordshire Police,-0.386259,51.909926,On or near Lambert Close,E01015797,Luton 008A,Other crime,Unable to prosecute suspect,
,2022-06,Bedfordshire Police,Bedfordshire Police,-0.393077,51.902592,On or near Hawthorn Avenue,E01015798,Luton 008B,Anti-social behaviour,,
,2022-06,Bedfordshire Police,Bedfordshire Police,-0.393077,51.902592,On or near Hawthorn Avenue,E01015798,Luton 008B,Anti-social behaviour,,
,2022-06,Bedfordshire Police,Bedfordshire Police,-0.391831,51.904922,On or near Greenways,E01015798,Luton 008B,Anti-social behaviour,,
,2022-06,Bedfordshire Police,Bedfordshire Police,-0.389713,51.902780,On or near Collingtree,E01015798,Luton 008B,Anti-social behaviour,,
e57476b8bb9f579492fb54027cb11bdc3a1835a1c4a47800f95261c3f05ae894,2022-06,Bedfordshire Police,Bedfordshire Police,-0.391831,51.904922,On or near Greenways,E01015798,Luton 008B,Criminal damage and arson,Investigation complete; no suspect identified,
5a20ce6f9c7581129ec9f9a789a0d02b2e940c13a66445a1415199eab70a1fb5,2022-06,Bedfordshire Police,Bedfordshire Police,-0.392958,51.902662,On or near Putteridge Road,E01015798,Luton 008B,Drugs,Court result unavailable,
4cd919c8ed41c3abdbde5624b36ef07c2f0e5455229a8efe34328a4e7423aa71,2022-06,Bedfordshire Police,Bedfordshire Police,-0.389713,51.902780,On or near Collingtree,E01015798,Luton 008B,Drugs,Local resolution,
0173a122fe5b18a7aef77aef35b5fcde7eade9b290d51691a8e63440722cde16,2022-06,Bedfordshire Police,Bedfordshire Police,-0.393077,51.902592,On or near Hawthorn Avenue,E01015798,Luton 008B,Public order,Investigation complete; no suspect identified,
386506f157fef56269f80f67893ec3b7aedbd6c7bfb0e8a8fa8cd9445a6be260,2022-06,Bedfordshire Police,Bedfordshire Police,-0.393077,51.902592,On or near Hawthorn Avenue,E01015798,Luton 008B,Violence and sexual offences,Unable to prosecute suspect,
deeca70a9b45ae2c0ceebbe875c74757537d91e6d1a9694bdab37eab3d5a5e38,2022-06,Bedfordshire Police,Bedfordshire Police,-0.387936,51.903699,On or near Hayes Close,E01015798,Luton 008B,Violence and sexual offences,Action to be taken by another organisation,
,2022-06,Bedfordshire Police,Bedfordshire Police,-0.381076,51.900431,On or near Wandon Close,E01015799,Luton 008C,Anti-social behaviour,,
,2022-06,Bedfordshire Police,Bedfordshire Police,-0.383812,51.905594,On or near Crowland Road,E01015799,Luton 008C,Anti-social behaviour,,
,2022-06,Bedfordshire Police,Bedfordshire Police,-0.383812,51.905594,On or near Crowland Road,E01015799,Luton 008C,Anti-social behaviour,,
,2022-06,Bedfordshire Police,Bedfordshire Police,-0.381569,51.904098,On or near Rogate Road,E01015799,Luton 008C,Anti-social behaviour,,
fc36fb88d7e62a54c79a3244a0587d9362441c3d3a93d38d8482c4b2b51fcfb6,2022-06,Bedfordshire Police,Bedfordshire Police,-0.381777,51.899515,On or near Eastfield Close,E01015799,Luton 008C,Burglary,Investigation complete; no suspect identified,
f1a1846f6dcb5b45369e704bd056fdcabfe5ed4b2ee7e23d002611ffab02d2e5,2022-06,Bedfordshire Police,Bedfordshire Police,-0.381777,51.899515,On or near Eastfield Close,E01015799,Luton 008C,Vehicle crime,Further action is not in the public interest,
4064fa03117a45453e40efbeffbea22adb2859fbd04078729074da790061db70,2022-06,Bedfordshire Police,Bedfordshire Police,-0.383812,51.905594,On or near Crowland Road,E01015799,Luton 008C,Violence and sexual offences,Action to be taken by another organisation,
1cbc5046e6b80c9087631ad75f97e2da7701aed32325dc9b2f083062bda18c4c,2022-06,Bedfordshire Police,Bedfordshire Police,-0.383812,51.905594,On or near Crowland Road,E01015799,Luton 008C,Violence and sexual offences,Action to be taken by another organisation,
,2022-06,Bedfordshire Police,Bedfordshire Police,-0.389767,51.900442,On or near Mayfield Road,E01015800,Luton 008D,Anti-social behaviour,,
,2022-06,Bedfordshire Police,Bedfordshire Police,-0.387783,51.901449,On or near Stapleford Road,E01015800,Luton 008D,Anti-social behaviour,,
15a2ed9002261a249eb80a676975c911df7f894298c338f28e61c3cee55d4f03,2022-06,Bedfordshire Police,Bedfordshire Police,-0.385447,51.900132,On or near Peartree Road,E01015800,Luton 008D,Burglary,Investigation complete; no suspect identified,
315848a157a24a9dd8782e208fd337dca85cf522f1167f39e1f0ba54b68dbccc,2022-06,Bedfordshire Police,Bedfordshire Police,-0.385447,51.900132,On or near Peartree Road,E01015800,Luton 008D,Burglary,Investigation complete; no suspect identified,
7a3343592d83db6930991ad556840dd09316a2659fd4502e4dab85d0c5dcec49,2022-06,Bedfordshire Police,Bedfordshire Police,-0.387783,51.901449,On or near Stapleford Road,E01015800,Luton 008D,Criminal damage and arson,Investigation complete; no suspect identified,
be933b8b8aca582fe3e00e5f63e326719b20538d414d62780348c47c0af1f011,2022-06,Bedfordshire Police,Bedfordshire Police,-0.391546,51.901096,On or near Hazelwood Close,E01015800,Luton 008D,Criminal damage and arson,Investigation complete; no suspect identified,
c44d0aee8481fae232c22b16f089f5ad7fff1106898e572d25aeca5cf40e31fd,2022-06,Bedfordshire Police,Bedfordshire Police,-0.384389,51.902482,On or near Rochester Avenue,E01015800,Luton 008D,Vehicle crime,Investigation complete; no suspect identified,
17d61dc3039d6f481688d309f3b7dfce87510da6d3aa58de464405817a9f9da9,2022-06,Bedfordshire Police,Bedfordshire Police,-0.387783,51.901449,On or near Stapleford Road,E01015800,Luton 008D,Vehicle crime,Investigation complete; no suspect identified,
e97f4a98cc86b684424fff2d3f167a450126834b25e1b011d5255a36c973502c,2022-06,Bedfordshire Police,Bedfordshire Police,-0.385447,51.900132,On or near Peartree Road,E01015800,Luton 008D,Vehicle crime,Investigation complete; no suspect identified,
23cf903c1cfcc422b7f56e978a9021ec1e49c4ea033be54298434ba1b55c5696,2022-06,Bedfordshire Police,Bedfordshire Police,-0.385447,51.900132,On or near Peartree Road,E01015800,Luton 008D,Vehicle crime,Investigation complete; no suspect identified,
71c08ee3135f7849937353d4d0feeb77cf0ab842cdab58a20758d3756dc5ae29,2022-06,Bedfordshire Police,Bedfordshire Police,-0.384389,51.902482,On or near Rochester Avenue,E01015800,Luton 008D,Vehicle crime,Investigation complete; no suspect identified,
c9ce4473bd8dce657ff919e5f2b6841351e2d3d3d21acac5021c791becac12ae,2022-06,Bedfordshire Police,Bedfordshire Police,-0.387783,51.901449,On or near Stapleford Road,E01015800,Luton 008D,Violence and sexual offences,Unable to prosecute suspect,
f218f570fef8274e91449fbef10889b046abb645a64e578d77c3d0a3828fb68d,2022-06,Bedfordshire Police,Bedfordshire Police,-0.389767,51.900442,On or near Mayfield Road,E01015800,Luton 008D,Violence and sexual offences,Unable to prosecute suspect,
66103d5657044c41a0c3e9b0a12a1840ba68b0e3c9639262fd884830d90bb86a,2022-06,Bedfordshire Police,Bedfordshire Police,-0.387783,51.901449,On or near Stapleford Road,E01015800,Luton 008D,Violence and sexual offences,Unable to prosecute suspect,
,2022-06,Bedfordshire Police,Bedfordshire Police,-0.380051,51.896982,On or near Plumpton Close,E01015812,Luton 008E,Anti-social behaviour,,
,2022-06,Bedfordshire Police,Bedfordshire Police,-0.383232,51.896639,On or near Keymer Close,E01015812,Luton 008E,Anti-social behaviour,,
,2022-06,Bedfordshire Police,Bedfordshire Police,-0.378957,51.895879,On or near Lancing Road,E01015812,Luton 008E,Anti-social behaviour,,
,2022-06,Bedfordshire Police,Bedfordshire Police,-0.383232,51.896639,On or near Keymer Close,E01015812,Luton 008E,Anti-social behaviour,,
06085bb399661f2916ae106f5ab16ae58ed627601f3e32e7ca658f712d7b4dd3,2022-06,Bedfordshire Police,Bedfordshire Police,-0.383232,51.896639,On or near Keymer Close,E01015812,Luton 008E,Public order,Awaiting court outcome,
7d5e001f4aef009c322823b64682b91ab82b71b44cd8e8b666afe863597d97e5,2022-06,Bedfordshire Police,Bedfordshire Police,-0.383232,51.896639,On or near Keymer Close,E01015812,Luton 008E,Public order,Unable to prosecute suspect,
040a88065b2e8713740ff585cfb87a7dab2141a2ad860c3285af003a935fb094,2022-06,Bedfordshire Police,Bedfordshire Police,-0.383232,51.896639,On or near Keymer Close,E01015812,Luton 008E,Public order,Unable to prosecute suspect,
e7200d911d630e734ce13a537870afc1c9b30ab590139e7e7241f88451aeb1f9,2022-06,Bedfordshire Police,Bedfordshire Police,-0.383232,51.896639,On or near Keymer Close,E01015812,Luton 008E,Public order,Awaiting court outcome,
661f04c83a15c6e2241e015b3ef641b283b37de03587c7ab9345d4274623f012,2022-06,Bedfordshire Police,Bedfordshire Police,-0.383232,51.896639,On or near Keymer Close,E01015812,Luton 008E,Public order,Awaiting court outcome,
0e03eeb61db33984f41fe374c9b7357a9db2c9fb44a69ff70c5615a6c0c716e5,2022-06,Bedfordshire Police,Bedfordshire Police,-0.383232,51.896639,On or near Keymer Close,E01015812,Luton 008E,Public order,Unable to prosecute suspect,
399cd70b385cd571c613a1bf28ce83d23b667eae85d8eaab3fa12b19ddd46180,2022-06,Bedfordshire Police,Bedfordshire Police,-0.383232,51.896639,On or near Keymer Close,E01015812,Luton 008E,Public order,Awaiting court outcome,
6ce5fe3903da9e7f608bf61550c41d0643be406be70f6852a6773fb0f64ec5ab,2022-06,Bedfordshire Police,Bedfordshire Police,-0.383232,51.896639,On or near Keymer Close,E01015812,Luton 008E,Violence and sexual offences,Unable to prosecute suspect,
,2022-06,Bedfordshire Police,Bedfordshire Police,-0.384613,51.897036,On or near Lullington Close,E01015813,Luton 008F,Anti-social behaviour,,
7cbf02adb19478718660e7ea707f98f18024ebce3e934f4439554eb180dadc17,2022-06,Bedfordshire Police,Bedfordshire Police,-0.389432,51.897614,On or near Supermarket,E01015813,Luton 008F,Criminal damage and arson,Investigation complete; no suspect identified,
0c936e527f2d841a982f29738a70886a09dff25dac5f7ad52969a0887f5a0f94,2022-06,Bedfordshire Police,Bedfordshire Police,-0.384613,51.897036,On or near Lullington Close,E01015813,Luton 008F,Other theft,Investigation complete; no suspect identified,
551733beb017a55a823131d78c64e6fd9d0e8a6c4a59af801c98ee859d8bc5a2,2022-06,Bedfordshire Police,Bedfordshire Police,-0.389432,51.897614,On or near Supermarket,E01015813,Luton 008F,Public order,Unable to prosecute suspect,
036d5f4e756f00254be29c562c1a67ac334714319728a7009e4947d882af93e7,2022-06,Bedfordshire Police,Bedfordshire Police,-0.389432,51.897614,On or near Supermarket,E01015813,Luton 008F,Public order,Investigation complete; no suspect identified,
bf84c27212d1ab70d32da46b42066b9cc075324ff1da1f43cfdf7eb9ebb6bcea,2022-06,Bedfordshire Police,Bedfordshire Police,-0.384613,51.897036,On or near Lullington Close,E01015813,Luton 008F,Public order,Unable to prosecute suspect,
ea3ec7c89d1ea3f0b3a76ac2211564885eb3874ad38d4c37186deb4645e23a27,2022-06,Bedfordshire Police,Bedfordshire Police,-0.389432,51.897614,On or near Supermarket,E01015813,Luton 008F,Shoplifting,Investigation complete; no suspect identified,
43331ea44148c1fee0ac9a2c1acb95d5d2c267b374c641a82fe2248cf8f0b15d,2022-06,Bedfordshire Police,Bedfordshire Police,-0.381613,51.895988,On or near Ditchling Close,E01015813,Luton 008F,Violence and sexual offences,Investigation complete; no suspect identified,
9f352fc34145309286193c071dbf98cda3bcb08a65b9414f34dddde5995816d1,2022-06,Bedfordshire Police,Bedfordshire Police,-0.384613,51.897036,On or near Lullington Close,E01015813,Luton 008F,Violence and sexual offences,Investigation complete; no suspect identified,
,2022-06,Bedfordshire Police,Bedfordshire Police,-0.486846,51.903079,On or near Swallow Close,E01015756,Luton 009A,Anti-social behaviour,,
,2022-06,Bedfordshire Police,Bedfordshire Police,-0.493484,51.904963,On or near Paddock Close,E01015756,Luton 009A,Anti-social behaviour,,
6cee191865fc0376c6ed4545a1312910a8b061472d1ac36f4a4d4849d41a8f03,2022-06,Bedfordshire Police,Bedfordshire Police,-0.486919,51.906093,On or near Kestrel Way,E01015756,Luton 009A,Other theft,Investigation complete; no suspect identified,
bd4303d448f2c2ab627104978b88070ecc823d966d9b77fad0cbd53df83bb029,2022-06,Bedfordshire Police,Bedfordshire Police,-0.493484,51.904963,On or near Paddock Close,E01015756,Luton 009A,Public order,Unable to prosecute suspect,
bf72bb676c823dc0632c5eedeab8e5be5fc1a49537c3a43c1f00ab038522589f,2022-06,Bedfordshire Police,Bedfordshire Police,-0.492250,51.905370,On or near Gelding Close,E01015756,Luton 009A,Vehicle crime,Unable to prosecute suspect,
2c75ba4a736c4599c00b351180c066fb00021a74b059ebf9cc378ab7d1135083,2022-06,Bedfordshire Police,Bedfordshire Police,-0.485222,51.902978,On or near Finch Close,E01015756,Luton 009A,Vehicle crime,Unable to prosecute suspect,
3d9e324372a4e7e5573cf5e751dfa334714cd194fb1c2d934babf94661cd9f6d,2022-06,Bedfordshire Police,Bedfordshire Police,-0.493484,51.904963,On or near Paddock Close,E01015756,Luton 009A,Violence and sexual offences,Investigation complete; no suspect identified,
e5a4d202291eb02687593dce5ef4a6ec7d9cbf5b0166cf7c884b669f462ec5cf,2022-06,Bedfordshire Police,Bedfordshire Police,-0.486919,51.906093,On or near Kestrel Way,E01015756,Luton 009A,Violence and sexual offences,Unable to prosecute suspect,
80144a5a8ef8ec4e73feea016012f6e4548c3f8d8d215b24c8193dbb0a5c4d5f,2022-06,Bedfordshire Police,Bedfordshire Police,-0.487579,51.904626,On or near Eagle Close,E01015756,Luton 009A,Violence and sexual offences,Unable to prosecute suspect,
b7d98761f974fe703e887bae52504474776457a239e802981a2277eb360b4b54,2022-06,Bedfordshire Police,Bedfordshire Police,-0.493484,51.904963,On or near Paddock Close,E01015756,Luton 009A,Violence and sexual offences,Investigation complete; no suspect identified,
b3cef78a34a02c47603b3f7af994627db1d9032dc42142e3b97cf8118f84a60a,2022-06,Bedfordshire Police,Bedfordshire Police,-0.497070,51.901628,On or near Shepherd Road,E01015757,Luton 009B,Bicycle theft,Investigation complete; no suspect identified,
87f5e3d4678a4e14e0004dba904015683f03e3b30791a637d5c6db46ee649f5f,2022-06,Bedfordshire Police,Bedfordshire Police,-0.502492,51.899000,On or near Poynters Road,E01015757,Luton 009B,Criminal damage and arson,Unable to prosecute suspect,
5064d89429e46cdf9967816f466c1daaec07f9c4306512d321befaeedae60015,2022-06,Bedfordshire Police,Bedfordshire Police,-0.498594,51.901692,On or near Landrace Road,E01015757,Luton 009B,Possession of weapons,Unable to prosecute suspect,
edf2c9f32659d5c1722aa37e9ac51b4535d2317b47edda46848db429b7a62ea8,2022-06,Bedfordshire Police,Bedfordshire Police,-0.502337,51.900580,On or near Nettle Close,E01015757,Luton 009B,Vehicle crime,Investigation complete; no suspect identified,
da22696e620c1c6f3e4daa1496f95518a6c8250e622d74be6ebf2bbd36c4a15d,2022-06,Bedfordshire Police,Bedfordshire Police,-0.499393,51.899536,On or near Aspley Close,E01015757,Luton 009B,Violence and sexual offences,Unable to prosecute suspect,
8288f3f539a112c5138b4ae3d7277075af5c82b7f8d58b52ac70d3f7fae1f2d2,2022-06,Bedfordshire Police,Bedfordshire Police,-0.499393,51.899536,On or near Aspley Close,E01015757,Luton 009B,Violence and sexual offences,Unable to prosecute suspect,
402a60045fb6288d9a4d14c3a53db690546bff1d068b73b36038b30224c26545,2022-06,Bedfordshire Police,Bedfordshire Police,-0.498955,51.903064,On or near Wheatfield Road,E01015757,Luton 009B,Violence and sexual offences,Unable to prosecute suspect,
cd8d09ce8c5960272670827b150b0da311f80b19a35b9fcaf79c81eb844b21c4,2022-06,Bedfordshire Police,Bedfordshire Police,-0.502492,51.899000,On or near Poynters Road,E01015757,Luton 009B,Violence and sexual offences,Unable to prosecute suspect,
32b8d1ec12cfdd2e1222f0095d73dcf05325e47e27a906e58fdee19362e6d253,2022-06,Bedfordshire Police,Bedfordshire Police,-0.502492,51.899000,On or near Poynters Road,E01015757,Luton 009B,Violence and sexual offences,Unable to prosecute suspect,
62a29ad3f250cfe84a7972971db8125c3d5941c280e5d4b613bb83b70cf04330,2022-06,Bedfordshire Police,Bedfordshire Police,-0.502492,51.899000,On or near Poynters Road,E01015757,Luton 009B,Violence and sexual offences,Unable to prosecute suspect,
3aba90003a6c9165f2d411dce2e349dcfd6f208419ac5485af6008d4a5cb1a3e,2022-06,Bedfordshire Police,Bedfordshire Police,-0.483373,51.906496,On or near Goldcrest Close,E01015758,Luton 009C,Burglary,Investigation complete; no suspect identified,
118ccc3ab1c2c5e0bea66a89e382868488272576b07cd1077cdb1e2ebf46da0e,2022-06,Bedfordshire Police,Bedfordshire Police,-0.481155,51.902440,On or near Anmer Gardens,E01015758,Luton 009C,Criminal damage and arson,Unable to prosecute suspect,
8057936b294a30780ef16e262d58e1261c1ee30843640950bfc49cd44190b817,2022-06,Bedfordshire Police,Bedfordshire Police,-0.481155,51.902440,On or near Anmer Gardens,E01015758,Luton 009C,Violence and sexual offences,Unable to prosecute suspect,
4703ccbb28682478af410b25d61c2be598089f3827b5e8c469a10a08ec8f6d47,2022-06,Bedfordshire Police,Bedfordshire Police,-0.492061,51.899289,On or near Baldock Close,E01015759,Luton 009D,Burglary,Offender given a caution,
d95f87ec8e28f69195aa0aa8cc371183bffac751dfac9f218b722a2c2f4fa686,2022-06,Bedfordshire Police,Bedfordshire Police,-0.493906,51.900625,On or near Tomlinson Avenue,E01015759,Luton 009D,Violence and sexual offences,Action to be taken by another organisation,
dcc66dfe890294d3e1a1f18343be4bdcb9aeb126c19bce3860dc72fe1b301871,2022-06,Bedfordshire Police,Bedfordshire Police,-0.491604,51.903824,On or near Sussex Close,E01015759,Luton 009D,Violence and sexual offences,Unable to prosecute suspect,
e6ae0b604f4aaf6547b107acecf985cfa7c502f786d07dcb6153b24a190cfff6,2022-06,Bedfordshire Police,Bedfordshire Police,-0.491604,51.903824,On or near Sussex Close,E01015759,Luton 009D,Violence and sexual offences,Unable to prosecute suspect,
8282a3cbb68b7e8949f250195b0b8b1c628ce70a4f8d23fc65a8bff5547dba89,2022-06,Bedfordshire Police,Bedfordshire Police,-0.492029,51.900251,On or near Raglan Close,E01015759,Luton 009D,Violence and sexual offences,Unable to prosecute suspect,
8d05fda695007fd7a0041306c7209ad04f70c38c0e27c9ce45b7cf12c23f3924,2022-06,Bedfordshire Police,Bedfordshire Police,-0.489760,51.900716,On or near Trefoil Close,E01015759,Luton 009D,Violence and sexual offences,Unable to prosecute suspect,
ce1960150b4769da6e37e8e17083d82bfe0967223d8dcbbf2072c74da8f63381,2022-06,Bedfordshire Police,Bedfordshire Police,-0.493755,51.902952,On or near Radnor Road,E01015759,Luton 009D,Violence and sexual offences,Unable to prosecute suspect,
6844c69d246cf17682037d8846879ce4b186b80dbe43975b1c9717f8207f26db,2022-06,Bedfordshire Police,Bedfordshire Police,-0.492061,51.899289,On or near Baldock Close,E01015759,Luton 009D,Violence and sexual offences,Unable to prosecute suspect,
6bae75f4dc216d05cc65c1370166f8fa960ef4e3590caf6e4e766a43089acd53,2022-06,Bedfordshire Police,Bedfordshire Police,-0.493755,51.902952,On or near Radnor Road,E01015759,Luton 009D,Violence and sexual offences,Unable to prosecute suspect,
8b27b3bcc88a31a4ae31f82b5cdf9aae084545e53fe0ccd94a69092bd2e84ca3,2022-06,Bedfordshire Police,Bedfordshire Police,-0.491604,51.903824,On or near Sussex Close,E01015759,Luton 009D,Violence and sexual offences,Unable to prosecute suspect,
a6c252ac09143def6f811712eb9e794571b952c9646bcb78a4b6e047dd43df2c,2022-06,Bedfordshire Police,Bedfordshire Police,-0.492029,51.900251,On or near Raglan Close,E01015759,Luton 009D,Violence and sexual offences,Unable to prosecute suspect,
b3712f2e4f121282c254af697997d0d25130202933aa17dacfdb095971a1bb26,2022-06,Bedfordshire Police,Bedfordshire Police,-0.491604,51.903824,On or near Sussex Close,E01015759,Luton 009D,Other crime,Court result unavailable,
4235c51978fa0e86d814d83568bfe6c4177cc4b2d9a7ec3866f82109af8f9fb2,2022-06,Bedfordshire Police,Bedfordshire Police,-0.484719,51.897612,On or near Suffolk Close,E01015760,Luton 009E,Burglary,Unable to prosecute suspect,
7872d760af9bf5b09750fd1cb000895970ae090fe7527523ced92702a7e74190,2022-06,Bedfordshire Police,Bedfordshire Police,-0.487320,51.899354,On or near Friesian Close,E01015760,Luton 009E,Public order,Unable to prosecute suspect,
2fae5401685528c8fc2c50bb8f09bd4bea32658f58472ca72d7e22cedd90d3b0,2022-06,Bedfordshire Police,Bedfordshire Police,-0.484938,51.901895,On or near Roydon Close,E01015760,Luton 009E,Robbery,Court result unavailable,
525a2673ffa8acf4e081ff8343584587beb328979d7c2fbacfc4061f15708619,2022-06,Bedfordshire Police,Bedfordshire Police,-0.483495,51.898999,On or near Sports/Recreation Area,E01015760,Luton 009E,Violence and sexual offences,Action to be taken by another organisation,
ece40dec6d2e5d7ab7693204f256fc8aea75726644904a3b2746b249a56da652,2022-06,Bedfordshire Police,Bedfordshire Police,-0.483495,51.898999,On or near Sports/Recreation Area,E01015760,Luton 009E,Violence and sexual offences,Unable to prosecute suspect,
d085ed7e0fd4489df3b7c948604ac8a642bdedfa7758513039ebfa2a5176b202,2022-06,Bedfordshire Police,Bedfordshire Police,-0.486190,51.897083,On or near Leghorn Crescent,E01015760,Luton 009E,Violence and sexual offences,Unable to prosecute suspect,
383f52ff9680d0d6111c0bc236be6e5375e1a59425a2f3da408039018e55f812,2022-06,Bedfordshire Police,Bedfordshire Police,-0.487320,51.899354,On or near Friesian Close,E01015760,Luton 009E,Violence and sexual offences,Court result unavailable,
f78e04ef06723277820cc9bc9b9b120345e87505557654f81eef48a1c0db9cac,2022-06,Bedfordshire Police,Bedfordshire Police,-0.484719,51.897612,On or near Suffolk Close,E01015760,Luton 009E,Other crime,Unable to prosecute suspect,
8ef9716868a8a00b8a6225f13f7d88b1bc25e44f2696707d0724351d6e0e64a5,2022-06,Bedfordshire Police,Bedfordshire Police,-0.491326,51.898650,On or near Ramsey Close,E01015760,Luton 009E,Other crime,Unable to prosecute suspect,
,2022-06,Bedfordshire Police,Bedfordshire Police,-0.489804,51.895493,On or near Emerald Road,E01015761,Luton 009F,Anti-social behaviour,,
876233c5e49de02a2d771183e9e46a8de32e08a3e3801a1186f4c060f9b72201,2022-06,Bedfordshire Police,Bedfordshire Police,-0.493065,51.896218,On or near Bracknell Close,E01015761,Luton 009F,Bicycle theft,Investigation complete; no suspect identified,
394629591121b9c768e7025cf5e0e3ea4c38e2caab8d256fb5ddab11e909ba9b,2022-06,Bedfordshire Police,Bedfordshire Police,-0.493065,51.896218,On or near Bracknell Close,E01015761,Luton 009F,Bicycle theft,Investigation complete; no suspect identified,
51fb82e9c76b9c34389a4cbe9e7031b5a078ce786986219541167a6c962bebe1,2022-06,Bedfordshire Police,Bedfordshire Police,-0.497462,51.899007,On or near Lollard Close,E01015761,Luton 009F,Other theft,Investigation complete; no suspect identified,
8478a31bcac1d743bb38315fbc213df1af7357176e6bbe3121647c933a40f14a,2022-06,Bedfordshire Police,Bedfordshire Police,-0.494494,51.897369,On or near Rodney Close,E01015761,Luton 009F,Other theft,Investigation complete; no suspect identified,
df031aa63c9833615140f6ec4de23236551e2c0ececa1b5db36ce110ba9940f1,2022-06,Bedfordshire Police,Bedfordshire Police,-0.495539,51.900448,On or near Thurlow Close,E01015761,Luton 009F,Vehicle crime,Investigation complete; no suspect identified,
d184d0501fbe74081dcbb5423bb48a77b1ea732947a79795960406bea39b7ebb,2022-06,Bedfordshire Police,Bedfordshire Police,-0.496933,51.898749,On or near Belsize Road,E01015761,Luton 009F,Violence and sexual offences,Unable to prosecute suspect,
235708b2bd754c497059b48177dba642afa20dd8330702e8ff9dbeb127b802f4,2022-06,Bedfordshire Police,Bedfordshire Police,-0.496446,51.901584,On or near Supermarket,E01015761,Luton 009F,Violence and sexual offences,Unable to prosecute suspect,
373deca9c1196348d6c22579322698216b982f5963a8301b6e2ef71ee71db758,2022-06,Bedfordshire Police,Bedfordshire Police,-0.495042,51.895766,On or near Poynters Road,E01015761,Luton 009F,Violence and sexual offences,Investigation complete; no suspect identified,
d6ffc746658cdb06595e8ab5a3aac1c99830303bb95c184a66cb4c2ff2409e60,2022-06,Bedfordshire Police,Bedfordshire Police,-0.493972,51.898630,On or near Chanfield Close,E01015761,Luton 009F,Violence and sexual offences,Status update unavailable,
f777f1afc5b577933b9090bb953800a68d480d2aa5f3f0992c81de3b695ef14c,2022-06,Bedfordshire Police,Bedfordshire Police,-0.493065,51.896218,On or near Bracknell Close,E01015761,Luton 009F,Violence and sexual offences,Action to be taken by another organisation,
32331f7e302d2885852a7f7785cc5cb79695093ec510274d1a898e2b8b820061,2022-06,Bedfordshire Police,Bedfordshire Police,-0.495539,51.900448,On or near Thurlow Close,E01015761,Luton 009F,Violence and sexual offences,Unable to prosecute suspect,
90fd4c65bd1c415d8cca42e6c9188784f5a49dfe0e93ffaa332c80ee115534bb,2022-06,Bedfordshire Police,Bedfordshire Police,-0.493065,51.896218,On or near Bracknell Close,E01015761,Luton 009F,Violence and sexual offences,Unable to prosecute suspect,
14e145c8f2e2766f3aaf52c1f19353a1970ca4cd19b654807ee70383cc3aaaed,2022-06,Bedfordshire Police,Bedfordshire Police,-0.493065,51.896218,On or near Bracknell Close,E01015761,Luton 009F,Violence and sexual offences,Unable to prosecute suspect,
632d0747646135b0900aec59309ae1fd7965cedfb69511e972fd816311c392de,2022-06,Bedfordshire Police,Bedfordshire Police,-0.493972,51.898630,On or near Chanfield Close,E01015761,Luton 009F,Violence and sexual offences,Unable to prosecute suspect,
f908eac1f8dbea80c978928f8c6e850518d263f68c1ac47fc4f7c6a292063b05,2022-06,Bedfordshire Police,Bedfordshire Police,-0.496028,51.898000,On or near Kirkwood Road,E01015761,Luton 009F,Violence and sexual offences,Unable to prosecute suspect,
,2022-06,Bedfordshire Police,Bedfordshire Police,-0.421182,51.892857,On or near New Bedford Road,E01015700,Luton 010A,Anti-social behaviour,,
956ecedcfb48600410b14e238d2c8aafeb86ca5ea9df93d02b53b2ef92285b05,2022-06,Bedfordshire Police,Bedfordshire Police,-0.421182,51.892857,On or near New Bedford Road,E01015700,Luton 010A,Criminal damage and arson,Investigation complete; no suspect identified,
59d865243011957a4cd370db9dbfab5d68f345772314bdabc2a1d9aa10a63bdb,2022-06,Bedfordshire Police,Bedfordshire Police,-0.423716,51.895606,On or near Abigail Close,E01015700,Luton 010A,Drugs,Local resolution,
b0fd4fe5d36f4e5e42037047dff5658087ee1d6c99668ff75c0de56371b371ee,2022-06,Bedfordshire Police,Bedfordshire Police,-0.422474,51.892496,On or near Poppy Close,E01015700,Luton 010A,Other theft,Investigation complete; no suspect identified,
7140904427a76568db82fe4844aaed6b7a26ae0c3fca0e1c9f41e734f47e6fcf,2022-06,Bedfordshire Police,Bedfordshire Police,-0.426739,51.894783,On or near Carlton Close,E01015700,Luton 010A,Vehicle crime,Investigation complete; no suspect identified,
4b8a3f789deb99888ba687f6f37735a608c303ea1f1699e7daa670beae8dc8ef,2022-06,Bedfordshire Police,Bedfordshire Police,-0.423716,51.895606,On or near Abigail Close,E01015700,Luton 010A,Violence and sexual offences,Unable to prosecute suspect,
310ee05d146f495e8291479fc487ccbedd4d8384045969f6409999e391c5cb9e,2022-06,Bedfordshire Police,Bedfordshire Police,-0.423596,51.894058,On or near Bath Road,E01015700,Luton 010A,Violence and sexual offences,Unable to prosecute suspect,
,2022-06,Bedfordshire Police,Bedfordshire Police,-0.434317,51.894192,On or near Denbigh Road,E01015701,Luton 010B,Anti-social behaviour,,
756fc7b47d271d4c6aa5b5e6e2f9ac7ccf54df8816780dfbb793f05b6420cb21,2022-06,Bedfordshire Police,Bedfordshire Police,-0.432230,51.892339,On or near Norman Road,E01015701,Luton 010B,Theft from the person,Unable to prosecute suspect,
96bd611fd46719a2cded8178a92cacfcd80da82a4133ef96a1197e4d77e4caa8,2022-06,Bedfordshire Police,Bedfordshire Police,-0.433307,51.894826,On or near Ascot Road,E01015701,Luton 010B,Violence and sexual offences,Unable to prosecute suspect,
c7ca7b80d92f743d69d7af5bd4dad3ffe1f8c1147516c902ec3f8ff7d26dfd3c,2022-06,Bedfordshire Police,Bedfordshire Police,-0.435964,51.891966,On or near Shopping Area,E01015701,Luton 010B,Violence and sexual offences,Investigation complete; no suspect identified,
9b8fdaeaf04e3b37c66a643e740ffb362c7e44151332ab05f750ad0765dc7543,2022-06,Bedfordshire Police,Bedfordshire Police,-0.430458,51.892747,On or near Supermarket,E01015701,Luton 010B,Violence and sexual offences,Unable to prosecute suspect,
acd96c70361997ad9ed49dd2819fe4aedad3a710b9eb4672538ee73efb66533f,2022-06,Bedfordshire Police,Bedfordshire Police,-0.436018,51.894592,On or near Tudor Road,E01015701,Luton 010B,Violence and sexual offences,Investigation complete; no suspect identified,
18facb5b65911c35dbab1bcd3c4025b0037035e03bf0228ec9c9d418ece1825a,2022-06,Bedfordshire Police,Bedfordshire Police,-0.434317,51.894192,On or near Denbigh Road,E01015701,Luton 010B,Violence and sexual offences,Unable to prosecute suspect,
,2022-06,Bedfordshire Police,Bedfordshire Police,-0.433917,51.891058,On or near Further/Higher Educational Building,E01015704,Luton 010C,Anti-social behaviour,,
32f186a50da7d57f56f900e723942961336289ea706417996bca99fc97ccce3f,2022-06,Bedfordshire Police,Bedfordshire Police,-0.435016,51.890389,On or near Selbourne Road,E01015704,Luton 010C,Criminal damage and arson,Investigation complete; no suspect identified,
a8fb71d34dbf68670c5518246ee9c4f0354bf5670c77adacbd4fd03e15761b7d,2022-06,Bedfordshire Police,Bedfordshire Police,-0.431219,51.891327,On or near Saxon Road,E01015704,Luton 010C,Violence and sexual offences,Investigation complete; no suspect identified,
449214c27a355d4a8d5e7ac446b32ca2a85778ff40f437c62c37b6ee76e7eb8a,2022-06,Bedfordshire Police,Bedfordshire Police,-0.430787,51.890800,On or near Spencer Road,E01015704,Luton 010C,Violence and sexual offences,Investigation complete; no suspect identified,
80867785d4dea3c02cb41d8e4d529e85ec0908c32b6791fb331ac362f671318c,2022-06,Bedfordshire Police,Bedfordshire Police,-0.433151,51.890948,On or near Leagrave Road,E01015704,Luton 010C,Violence and sexual offences,Unable to prosecute suspect,
3086dd5c1a0e32856dfd4bc3a22f7b0255070b25177a7a7a5d4e66e34d5f1431,2022-06,Bedfordshire Police,Bedfordshire Police,-0.435016,51.890389,On or near Selbourne Road,E01015704,Luton 010C,Violence and sexual offences,Status update unavailable,
,2022-06,Bedfordshire Police,Bedfordshire Police,-0.434808,51.896779,On or near St Ives Close,E01015782,Luton 010D,Anti-social behaviour,,
,2022-06,Bedfordshire Police,Bedfordshire Police,-0.434835,51.900619,On or near Galliard Close,E01015782,Luton 010D,Anti-social behaviour,,
,2022-06,Bedfordshire Police,Bedfordshire Police,-0.434808,51.896779,On or near St Ives Close,E01015782,Luton 010D,Anti-social behaviour,,
,2022-06,Bedfordshire Police,Bedfordshire Police,-0.436110,51.897812,On or near St James' Road,E01015782,Luton 010D,Anti-social behaviour,,
,2022-06,Bedfordshire Police,Bedfordshire Police,-0.434808,51.896779,On or near St Ives Close,E01015782,Luton 010D,Anti-social behaviour,,
b5f5b09d536384654027f8f061ba042f5693727542edf592ccb4a03e77faac44,2022-06,Bedfordshire Police,Bedfordshire Police,-0.435998,51.900203,On or near Supermarket,E01015782,Luton 010D,Criminal damage and arson,Investigation complete; no suspect identified,
d9776bf84fa308e3c11303076929bedb5646472257bb92ca3e5701169332324c,2022-06,Bedfordshire Police,Bedfordshire Police,-0.435998,51.900203,On or near Supermarket,E01015782,Luton 010D,Criminal damage and arson,Investigation complete; no suspect identified,
05bc83248377b39a233cdd5faf2cc87607ce6c7dd8e16249d6394e329c5b2704,2022-06,Bedfordshire Police,Bedfordshire Police,-0.436110,51.897812,On or near St James' Road,E01015782,Luton 010D,Criminal damage and arson,Investigation complete; no suspect identified,
efe6ee54cff3ccfcbfe3bc89570cd30398fea864d0dfe70ad13bef1807fd8682,2022-06,Bedfordshire Police,Bedfordshire Police,-0.434180,51.898542,On or near St Margarets Avenue,E01015782,Luton 010D,Criminal damage and arson,Local resolution,
33fc8dadd4d6716031caeb9d1b8988015a84132494ce442c84ddd18b2774cc67,2022-06,Bedfordshire Police,Bedfordshire Police,-0.436159,51.902660,On or near Trinity Road,E01015782,Luton 010D,Shoplifting,Investigation complete; no suspect identified,
474c6c282a4f4496ce69e4e43e454b0c84fa3f5fae700fe6e7eac6a3f08a34be,2022-06,Bedfordshire Police,Bedfordshire Police,-0.430856,51.903416,On or near Fallowfield,E01015782,Luton 010D,Vehicle crime,Investigation complete; no suspect identified,
119e7fe10f25ae5edaa83bcb10147758d0cbae2f447614c6bad21804a044b0f5,2022-06,Bedfordshire Police,Bedfordshire Police,-0.435453,51.898298,On or near St Monicas Avenue,E01015782,Luton 010D,Violence and sexual offences,Unable to prosecute suspect,
e0fc59355ed4a43cbf4e33ba05c4cfc3f475038424caf00c97455b12d13d543e,2022-06,Bedfordshire Police,Bedfordshire Police,-0.434808,51.896779,On or near St Ives Close,E01015782,Luton 010D,Violence and sexual offences,Investigation complete; no suspect identified,
9a8ed1be96314a4756058266174e83cf9ee5c4819997da18622c5ec0b2d988ae,2022-06,Bedfordshire Police,Bedfordshire Police,-0.435998,51.900203,On or near Supermarket,E01015782,Luton 010D,Violence and sexual offences,Status update unavailable,
3b6b24b9529ca5cafef4eeb0a2ca4f5ca51d2fcd34eb2c52fd1e6fb9783f78d0,2022-06,Bedfordshire Police,Bedfordshire Police,-0.436110,51.897812,On or near St James' Road,E01015782,Luton 010D,Violence and sexual offences,Investigation complete; no suspect identified,
d2e7795a062e91779b82bcd612f035c38308153ec459aa7c9783beafa2bc0a94,2022-06,Bedfordshire Police,Bedfordshire Police,-0.434808,51.896779,On or near St Ives Close,E01015782,Luton 010D,Violence and sexual offences,Investigation complete; no suspect identified,
8c8f84a0f9114ed5136c6e72f41cd5ca8dd64b70967edcf763bb2e1fef94bbfe,2022-06,Bedfordshire Police,Bedfordshire Police,-0.434835,51.900619,On or near Galliard Close,E01015782,Luton 010D,Violence and sexual offences,Investigation complete; no suspect identified,
d7df4c6a5db39ee8c0aaef28a408c656199686e0c212ee2be01edc126f174036,2022-06,Bedfordshire Police,Bedfordshire Police,-0.434835,51.900619,On or near Galliard Close,E01015782,Luton 010D,Violence and sexual offences,Unable to prosecute suspect,
2b49a21e8756dcac4c7ef4d98347d14fd718e5137bf3c7b58c159043cc431e40,2022-06,Bedfordshire Police,Bedfordshire Police,-0.431546,51.900305,On or near St Ethelbert Avenue,E01015784,Luton 010E,Criminal damage and arson,Investigation complete; no suspect identified,
fa5dadb67f3e56270c7d07a99eae1187f0f2940dfc635bc479c6648e644a45da,2022-06,Bedfordshire Police,Bedfordshire Police,-0.430436,51.897557,On or near St Augustine Avenue,E01015784,Luton 010E,Criminal damage and arson,Unable to prosecute suspect,
ea2e2fb231e6a036cab45ff27df751df812fd591dc556b31bd801943a8a3e91c,2022-06,Bedfordshire Police,Bedfordshire Police,-0.431546,51.900305,On or near St Ethelbert Avenue,E01015784,Luton 010E,Criminal damage and arson,Unable to prosecute suspect,
09b4ddc07bcb4941c4484ca7c510b33dde9c96d1154619048c6e8e31906172a7,2022-06,Bedfordshire Police,Bedfordshire Police,-0.431391,51.898928,On or near St Mildreds Avenue,E01015784,Luton 010E,Other theft,Investigation complete; no suspect identified,
0bb0e07a05e4d2020c7b4e123051a517518c8a494cceb4bd2b049df4ed938c03,2022-06,Bedfordshire Police,Bedfordshire Police,-0.430436,51.897557,On or near St Augustine Avenue,E01015784,Luton 010E,Possession of weapons,Unable to prosecute suspect,
58f79b1c0735e25be0578a77cd5f054bb2231e8d563358092279bdcbf3e4ee3a,2022-06,Bedfordshire Police,Bedfordshire Police,-0.431546,51.900305,On or near St Ethelbert Avenue,E01015784,Luton 010E,Public order,Investigation complete; no suspect identified,
4cacb42c0240e74eb9646c0b5dff3379f5401c702c9c4921192d165f35bec4be,2022-06,Bedfordshire Police,Bedfordshire Police,-0.431546,51.900305,On or near St Ethelbert Avenue,E01015784,Luton 010E,Violence and sexual offences,Status update unavailable,
952222d43ac4aefc7627835c8671dd3fecfbc584fb3d625afc8d697cc3852791,2022-06,Bedfordshire Police,Bedfordshire Police,-0.428818,51.898938,On or near St Winifreds Avenue,E01015784,Luton 010E,Violence and sexual offences,Unable to prosecute suspect,
2396eecdc6e1ee8ee7d24b6359a2dd133edc5fe8b994a624e600e50f00e95dfd,2022-06,Bedfordshire Police,Bedfordshire Police,-0.430436,51.897557,On or near St Augustine Avenue,E01015784,Luton 010E,Violence and sexual offences,Unable to prosecute suspect,
e1ab05ac6795be09f2aefc8a0b59132e1d7f9bde9cd2217526cbcc96ee837450,2022-06,Bedfordshire Police,Bedfordshire Police,-0.430024,51.898927,On or near St Lawrence Avenue,E01015784,Luton 010E,Violence and sexual offences,Investigation complete; no suspect identified,
9d70e2e7e479ffb93e325c92edddea99b6e962ad9ec144777d82886e0d1c796f,2022-06,Bedfordshire Police,Bedfordshire Police,-0.428818,51.898938,On or near St Winifreds Avenue,E01015784,Luton 010E,Violence and sexual offences,Unable to prosecute suspect,
ba5556be1e7c65f7e59e0da21cce353fe71a00474564423e4f612adc9ff62db9,2022-06,Bedfordshire Police,Bedfordshire Police,-0.427596,51.899389,On or near Culverhouse Road,E01015784,Luton 010E,Violence and sexual offences,Investigation complete; no suspect identified,
,2022-06,Bedfordshire Police,Bedfordshire Police,-0.442227,51.896167,On or near Leagrave Road,E01015786,Luton 010F,Anti-social behaviour,,
,2022-06,Bedfordshire Police,Bedfordshire Police,-0.438496,51.896477,On or near Millfield Road,E01015786,Luton 010F,Anti-social behaviour,,
,2022-06,Bedfordshire Police,Bedfordshire Police,-0.436745,51.899197,On or near Bishopscote Road,E01015786,Luton 010F,Anti-social behaviour,,
,2022-06,Bedfordshire Police,Bedfordshire Police,-0.436745,51.899197,On or near Bishopscote Road,E01015786,Luton 010F,Anti-social behaviour,,
6ba2136d8e31f8274934732c4bf20c0e19606b59364dfcc43cbc368b51867985,2022-06,Bedfordshire Police,Bedfordshire Police,-0.439169,51.897188,On or near Broad Mead,E01015786,Luton 010F,Criminal damage and arson,Investigation complete; no suspect identified,
d9a94cf047344e30c37ab2041d8fcd7971d668d2b54ff6769e0263bcfa4eb683,2022-06,Bedfordshire Police,Bedfordshire Police,-0.439918,51.896119,On or near St Christophers Place,E01015786,Luton 010F,Drugs,Status update unavailable,
aa509e2b0071d2541a032ecef11e022e9e450788aadfa1f1752bc421262cdc20,2022-06,Bedfordshire Police,Bedfordshire Police,-0.436745,51.899197,On or near Bishopscote Road,E01015786,Luton 010F,Other theft,Unable to prosecute suspect,
6f43614cbb9a211de2d38b57739716b21b246322baf326e64080ab208ebe3180,2022-06,Bedfordshire Police,Bedfordshire Police,-0.441174,51.896360,On or near The Meads,E01015786,Luton 010F,Other theft,Status update unavailable,
aeb32cb0caa7b8b1cd38182e6859850a35e0af53e5a9a2d1926e34ba0aa51293,2022-06,Bedfordshire Police,Bedfordshire Police,-0.441945,51.897611,On or near Avenue Grimaldi,E01015786,Luton 010F,Violence and sexual offences,Investigation complete; no suspect identified,
1fd6ee079b9277da09d326309ed6a6e2c9f9c7df3e426791ba586a0b3a6830d8,2022-06,Bedfordshire Police,Bedfordshire Police,-0.437887,51.896011,On or near Fitzroy Avenue,E01015786,Luton 010F,Violence and sexual offences,Unable to prosecute suspect,
5db11108a8cc0cd6c3af2240994897ee4c6b0cc59cc50732f596f53561cde616,2022-06,Bedfordshire Police,Bedfordshire Police,-0.442227,51.896167,On or near Leagrave Road,E01015786,Luton 010F,Violence and sexual offences,Unable to prosecute suspect,
9dd4e9ab95aeb94237afd75b531872a0a98a1b9c9b4c5a58b52cbf00a2b3bccc,2022-06,Bedfordshire Police,Bedfordshire Police,-0.437278,51.895562,On or near Rondini Avenue,E01015786,Luton 010F,Violence and sexual offences,Investigation complete; no suspect identified,
2bde804479332d256e35d01f5593c7f51bb1454aaaa9c632bb745601c12fafeb,2022-06,Bedfordshire Police,Bedfordshire Police,-0.437278,51.895562,On or near Rondini Avenue,E01015786,Luton 010F,Violence and sexual offences,Investigation complete; no suspect identified,
3b9c5dc5307acaa4825e4992c7babe771358a113235f6907ad065d76b99a9e21,2022-06,Bedfordshire Police,Bedfordshire Police,-0.441945,51.897611,On or near Avenue Grimaldi,E01015786,Luton 010F,Violence and sexual offences,Investigation complete; no suspect identified,
,2022-06,Bedfordshire Police,Bedfordshire Police,-0.454961,51.893134,On or near Fulbourne Close,E01015711,Luton 011A,Anti-social behaviour,,
,2022-06,Bedfordshire Police,Bedfordshire Police,-0.458703,51.893345,On or near Humberstone Close,E01015711,Luton 011A,Anti-social behaviour,,
ef16b4ccad8a70eae0a65975ffc4d0c87230b7a06995daa1184ef3a44d6b367f,2022-06,Bedfordshire Police,Bedfordshire Police,-0.453655,51.893926,On or near Chester Close,E01015711,Luton 011A,Drugs,Investigation complete; no suspect identified,
edd255d1e9d3b6fbc2bfdf58a19336200227f221048f7f8273f36287b6afd88f,2022-06,Bedfordshire Police,Bedfordshire Police,-0.454961,51.893134,On or near Fulbourne Close,E01015711,Luton 011A,Public order,Investigation complete; no suspect identified,
c3cd3bca4dd91ec2d092fe40d032f08279f96cab42e9c78bd67b0fecf2da0bb5,2022-06,Bedfordshire Police,Bedfordshire Police,-0.455887,51.895808,On or near Chester Avenue,E01015711,Luton 011A,Violence and sexual offences,Unable to prosecute suspect,
91b4db8e9903d45836dd83660e51e52c0564d79fdee5704958c2fd606932b472,2022-06,Bedfordshire Police,Bedfordshire Police,-0.456565,51.892993,On or near Newbury Close,E01015711,Luton 011A,Violence and sexual offences,Court result unavailable,
ba34087eb9767bb6a4ec07ca8e1b9287acfab0e25da06420b810e56fcc6c92aa,2022-06,Bedfordshire Police,Bedfordshire Police,-0.454566,51.896591,On or near Beechwood Road,E01015711,Luton 011A,Violence and sexual offences,Status update unavailable,
bcb6296ed0f7fa615e4923722b95729bf4155d6e481b778793338f3508243890,2022-06,Bedfordshire Police,Bedfordshire Police,-0.458703,51.893345,On or near Humberstone Close,E01015711,Luton 011A,Violence and sexual offences,Unable to prosecute suspect,
,2022-06,Bedfordshire Police,Bedfordshire Police,-0.461220,51.892416,On or near Dunstable Road,E01015712,Luton 011B,Anti-social behaviour,,
,2022-06,Bedfordshire Police,Bedfordshire Police,-0.458752,51.897032,On or near Oakley Road,E01015712,Luton 011B,Anti-social behaviour,,
,2022-06,Bedfordshire Police,Bedfordshire Police,-0.459757,51.896101,On or near Wyvern Close,E01015712,Luton 011B,Anti-social behaviour,,
,2022-06,Bedfordshire Police,Bedfordshire Police,-0.458752,51.897032,On or near Oakley Road,E01015712,Luton 011B,Anti-social behaviour,,
,2022-06,Bedfordshire Police,Bedfordshire Police,-0.464321,51.893113,On or near Simpson Close,E01015712,Luton 011B,Anti-social behaviour,,
,2022-06,Bedfordshire Police,Bedfordshire Police,-0.461220,51.892416,On or near Dunstable Road,E01015712,Luton 011B,Anti-social behaviour,,
4c243c7ac73e3b7ce10c8c020705fbf68caf0293feae6548a2154bafaf2eeb71,2022-06,Bedfordshire Police,Bedfordshire Police,-0.461220,51.892416,On or near Dunstable Road,E01015712,Luton 011B,Burglary,Investigation complete; no suspect identified,
285ac660d6210988fd661dc45403b2ed43c5010beb52d65673b541d319bf7a8d,2022-06,Bedfordshire Police,Bedfordshire Police,-0.465048,51.896098,On or near Rudyard Close,E01015712,Luton 011B,Criminal damage and arson,Investigation complete; no suspect identified,
38abf50b3d70bab07d51be4b7dab283f22020adfe3ff832b060f65af08638499,2022-06,Bedfordshire Police,Bedfordshire Police,-0.465856,51.894140,On or near Challney Close,E01015712,Luton 011B,Vehicle crime,Investigation complete; no suspect identified,
661621a567a50112fea9c7d98258af6dec2da745978acdd8fbc482abbb68afe6,2022-06,Bedfordshire Police,Bedfordshire Police,-0.461220,51.892416,On or near Dunstable Road,E01015712,Luton 011B,Violence and sexual offences,Court result unavailable,
54f25861c72f69b06387698c5bb46fc8a6439f49e3251dadec5c0eb610764d57,2022-06,Bedfordshire Police,Bedfordshire Police,-0.465856,51.894140,On or near Challney Close,E01015712,Luton 011B,Violence and sexual offences,Action to be taken by another organisation,
418e3db196351523e46f0c1da3e82808393987a58cb3626021568b4b53e60cd8,2022-06,Bedfordshire Police,Bedfordshire Police,-0.459553,51.894849,On or near Humberstone Road,E01015712,Luton 011B,Violence and sexual offences,Unable to prosecute suspect,
4e26daf778c05b81699931a4c72b78cf9433553ca150f077a3bf3faa4aaffb6e,2022-06,Bedfordshire Police,Bedfordshire Police,-0.459757,51.896101,On or near Wyvern Close,E01015712,Luton 011B,Violence and sexual offences,Unable to prosecute suspect,
d164783ac0164c00a60c082f891520bd4ef77a783b1b6dba1956ee57eab7703f,2022-06,Bedfordshire Police,Bedfordshire Police,-0.461837,51.891390,On or near Weatherby Road,E01015712,Luton 011B,Violence and sexual offences,Unable to prosecute suspect,
558ec866cb804867bb87415adb5038272dcc9cac59d458a9f26c2a444d49ffe1,2022-06,Bedfordshire Police,Bedfordshire Police,-0.465856,51.894140,On or near Challney Close,E01015712,Luton 011B,Violence and sexual offences,Unable to prosecute suspect,
,2022-06,Bedfordshire Police,Bedfordshire Police,-0.459788,51.888387,On or near Digby Close,E01015715,Luton 011C,Anti-social behaviour,,
,2022-06,Bedfordshire Police,Bedfordshire Police,-0.465204,51.890652,On or near Overstone Road,E01015715,Luton 011C,Anti-social behaviour,,
,2022-06,Bedfordshire Police,Bedfordshire Police,-0.459516,51.890406,On or near Leicester Close,E01015715,Luton 011C,Anti-social behaviour,,
ac33aced3dbea4faa59374eab91f587c8a5456ef0227de4e597944b020c0a295,2022-06,Bedfordshire Police,Bedfordshire Police,-0.466360,51.888706,On or near Bradley Road,E01015715,Luton 011C,Criminal damage and arson,Investigation complete; no suspect identified,
bba9d297ee6aa3234cdab6df1112afd4963a4a5713d2eae073f1b7868258f0af,2022-06,Bedfordshire Police,Bedfordshire Police,-0.458302,51.889374,On or near Carisbrooke Road,E01015715,Luton 011C,Drugs,Offender given a caution,
7c7ad7ed1405ad9ab3c784b4ab78ed167ed12b39c18531f4cc32fba4e4e7a113,2022-06,Bedfordshire Police,Bedfordshire Police,-0.465204,51.890652,On or near Overstone Road,E01015715,Luton 011C,Public order,Unable to prosecute suspect,
ebf8920e070b91fd9d8057925b4d49943b00b535bd870a00d7a00d4ef43c3cd3,2022-06,Bedfordshire Police,Bedfordshire Police,-0.459788,51.888387,On or near Digby Close,E01015715,Luton 011C,Public order,Unable to prosecute suspect,
48784adf6514bb48067d502c5d73998b0eeb433c6e7efa81311654dba0c59da7,2022-06,Bedfordshire Police,Bedfordshire Police,-0.459788,51.888387,On or near Digby Close,E01015715,Luton 011C,Violence and sexual offences,Unable to prosecute suspect,
8fe059863504d63b21473227aade34a2992d4dd7832d5717d92448f3a13cc5eb,2022-06,Bedfordshire Police,Bedfordshire Police,-0.459788,51.888387,On or near Digby Close,E01015715,Luton 011C,Violence and sexual offences,Unable to prosecute suspect,
08e1606240510dd76bb15ba8214cab234c10458fd539072abbbbcf517618003a,2022-06,Bedfordshire Police,Bedfordshire Police,-0.465204,51.890652,On or near Overstone Road,E01015715,Luton 011C,Violence and sexual offences,Unable to prosecute suspect,
6ab30a7670e59c5be396d25c6158546af6151e574539ba6c2b6a78ad82ec2be5,2022-06,Bedfordshire Police,Bedfordshire Police,-0.459788,51.888387,On or near Digby Close,E01015715,Luton 011C,Violence and sexual offences,Unable to prosecute suspect,
,2022-06,Bedfordshire Police,Bedfordshire Police,-0.463162,51.897261,On or near Collingwood Close,E01015716,Luton 011D,Anti-social behaviour,,
,2022-06,Bedfordshire Police,Bedfordshire Police,-0.465309,51.899510,On or near Ouseley Close,E01015716,Luton 011D,Anti-social behaviour,,
,2022-06,Bedfordshire Police,Bedfordshire Police,-0.465169,51.896792,On or near Rodeheath,E01015716,Luton 011D,Anti-social behaviour,,
,2022-06,Bedfordshire Police,Bedfordshire Police,-0.465380,51.898728,On or near St Vincent Gardens,E01015716,Luton 011D,Anti-social behaviour,,
16910f34dc547020c4517f37e3950d7385b7dc0dfd6b353a328d306b80f0ede0,2022-06,Bedfordshire Police,Bedfordshire Police,-0.464771,51.899952,On or near Seal Close,E01015716,Luton 011D,Burglary,Unable to prosecute suspect,
7f7d904e0ce3934c40df188d004dc3164ff21e8c3300e95c098cf2eaa05d5a9d,2022-06,Bedfordshire Police,Bedfordshire Police,-0.463162,51.897261,On or near Collingwood Close,E01015716,Luton 011D,Drugs,Local resolution,
5f51736941c372f5268e07a5c481e58cbf2ca6d2608fc771f47ece0643198d5b,2022-06,Bedfordshire Police,Bedfordshire Police,-0.465309,51.899510,On or near Ouseley Close,E01015716,Luton 011D,Other theft,Unable to prosecute suspect,
6c76f458c1b3c9e7d4f33664ced01ace7f3a6edbbb1d88e11ca4e4c01d20a93f,2022-06,Bedfordshire Police,Bedfordshire Police,-0.465380,51.898728,On or near St Vincent Gardens,E01015716,Luton 011D,Other theft,Unable to prosecute suspect,
31bd40320a11ed715142d0523d3c752956f3365afa89f0fc9f5109f4a53d9a23,2022-06,Bedfordshire Police,Bedfordshire Police,-0.466922,51.899522,On or near Eynsford Road,E01015716,Luton 011D,Public order,Court result unavailable,
5103fb99719c6b9108fb8b1cf4e23b4a0f99d1f4b3513700d07f00b78b25a11b,2022-06,Bedfordshire Police,Bedfordshire Police,-0.465451,51.897902,On or near Angel Close,E01015716,Luton 011D,Public order,Court result unavailable,
87f2f035dfe547e99e42d70c5f4cd8151ca9eebde02ff9e7613ece384bf01ad9,2022-06,Bedfordshire Police,Bedfordshire Police,-0.465451,51.897902,On or near Angel Close,E01015716,Luton 011D,Public order,Court result unavailable,
5b6e9f1779876919d4e14a4a52c9de75bb7fe6a95ca251b918823ff51e7be9c7,2022-06,Bedfordshire Police,Bedfordshire Police,-0.463162,51.897261,On or near Collingwood Close,E01015716,Luton 011D,Public order,Unable to prosecute suspect,
cc9a1d5af18ff811ac2b16cd3278118e021b36b8eac87d1499b983bab89fc052,2022-06,Bedfordshire Police,Bedfordshire Police,-0.464771,51.899952,On or near Seal Close,E01015716,Luton 011D,Violence and sexual offences,Unable to prosecute suspect,
b7d20f70937d0891eac5fc29709a3615330a8b95a6ffebf0268ba00949a34b2e,2022-06,Bedfordshire Police,Bedfordshire Police,-0.464771,51.899952,On or near Seal Close,E01015716,Luton 011D,Violence and sexual offences,Unable to prosecute suspect,
394dfbbbcb2e2b46aeab7e4b6c5468f5310b96235027f915c89c8ee4e402bcb8,2022-06,Bedfordshire Police,Bedfordshire Police,-0.466922,51.899522,On or near Eynsford Road,E01015716,Luton 011D,Violence and sexual offences,Court result unavailable,
22f0e9596f1c7e67779d5f2cad4768589c083acc50fff056b9449bb877b1f465,2022-06,Bedfordshire Police,Bedfordshire Police,-0.465169,51.896792,On or near Rodeheath,E01015716,Luton 011D,Violence and sexual offences,Unable to prosecute suspect,
c4879b03e7a673ba24ae637707bd9952fcb62a920bbc2b2d6dffc1d9b4662cec,2022-06,Bedfordshire Police,Bedfordshire Police,-0.463162,51.897261,On or near Collingwood Close,E01015716,Luton 011D,Violence and sexual offences,Unable to prosecute suspect,
ce0f5a9bdbc1d1b41939c9efa9ef35cae891012cee0761c91bf830c88d455ae8,2022-06,Bedfordshire Police,Bedfordshire Police,-0.463162,51.897261,On or near Collingwood Close,E01015716,Luton 011D,Violence and sexual offences,Unable to prosecute suspect,
2448f635a4549b3ab1ace511fb1d2b077acd63e0be08c793575f4ffa65cf968f,2022-06,Bedfordshire Police,Bedfordshire Police,-0.463052,51.898797,On or near Paisley Close,E01015716,Luton 011D,Violence and sexual offences,Unable to prosecute suspect,
6c4c4cb02aa7edb8e85bd9be658bea85e596c585a14f6bdfe5dbd2cc1af1beed,2022-06,Bedfordshire Police,Bedfordshire Police,-0.463162,51.897261,On or near Collingwood Close,E01015716,Luton 011D,Violence and sexual offences,Formal action is not in the public interest,
e77b0d774c89e05bfe515f1ba6a13acfe064b0d51b07e50db0c552bbf1a522b6,2022-06,Bedfordshire Police,Bedfordshire Police,-0.463162,51.897261,On or near Collingwood Close,E01015716,Luton 011D,Violence and sexual offences,Investigation complete; no suspect identified,
e834f9f0edfd19bedf2200541af8fc9c02de5d8424f0879c6876678e7f9bc694,2022-06,Bedfordshire Police,Bedfordshire Police,-0.463052,51.898797,On or near Paisley Close,E01015716,Luton 011D,Violence and sexual offences,Unable to prosecute suspect,
82b90d43fba2dada83e1da3438ce0aaf216199e41f1df24ebf75a3a947add96c,2022-06,Bedfordshire Police,Bedfordshire Police,-0.463162,51.897261,On or near Collingwood Close,E01015716,Luton 011D,Violence and sexual offences,Local resolution,
e1d568a20c246f9756d53465dd8073b93e88b5f7d2108f0b25317baa6ecd2ff9,2022-06,Bedfordshire Police,Bedfordshire Police,-0.465169,51.896792,On or near Rodeheath,E01015716,Luton 011D,Violence and sexual offences,Unable to prosecute suspect,
72e1ec093d9f853276da756566d36c62ab929a957597564e088fa1f0c69dea73,2022-06,Bedfordshire Police,Bedfordshire Police,-0.466922,51.899522,On or near Eynsford Road,E01015716,Luton 011D,Violence and sexual offences,Unable to prosecute suspect,
073d75f9f0521f9757017b643a9ea7213c14d3270582b38900d9081e664c2540,2022-06,Bedfordshire Police,Bedfordshire Police,-0.464771,51.899952,On or near Seal Close,E01015716,Luton 011D,Violence and sexual offences,Unable to prosecute suspect,
ce5a3e2020cae8d31245e3ce29a8967f25cd1c00f052b14060476aa7431259f9,2022-06,Bedfordshire Police,Bedfordshire Police,-0.463162,51.897261,On or near Collingwood Close,E01015716,Luton 011D,Violence and sexual offences,Unable to prosecute suspect,
25e6a79fc8821bae179809c82abba6f49668ab89545d5425ea681923cc18149b,2022-06,Bedfordshire Police,Bedfordshire Police,-0.463162,51.897261,On or near Collingwood Close,E01015716,Luton 011D,Violence and sexual offences,Unable to prosecute suspect,
223d516a69fb3b7f0acfb1ea828e44355f78b5f830c893f7560ebe18ec1f32ec,2022-06,Bedfordshire Police,Bedfordshire Police,-0.464771,51.899952,On or near Seal Close,E01015716,Luton 011D,Violence and sexual offences,Investigation complete; no suspect identified,
3168ce11e72dceea1f3da03c01b3979cd72b173591db5c664ffb238681ec100c,2022-06,Bedfordshire Police,Bedfordshire Police,-0.463052,51.898797,On or near Paisley Close,E01015716,Luton 011D,Violence and sexual offences,Unable to prosecute suspect,
cc631eb16c50ac8742737a320ee971e13de1a93414dc6b37b0e70aa80e6ad3cc,2022-06,Bedfordshire Police,Bedfordshire Police,-0.465380,51.898728,On or near St Vincent Gardens,E01015716,Luton 011D,Other crime,Unable to prosecute suspect,
,2022-06,Bedfordshire Police,Bedfordshire Police,-0.450045,51.899579,On or near Bodmin Road,E01015717,Luton 011E,Anti-social behaviour,,
,2022-06,Bedfordshire Police,Bedfordshire Police,-0.451660,51.899978,On or near Dordans Road,E01015717,Luton 011E,Anti-social behaviour,,
,2022-06,Bedfordshire Police,Bedfordshire Police,-0.449641,51.896966,On or near Chiltern Gardens,E01015717,Luton 011E,Anti-social behaviour,,
,2022-06,Bedfordshire Police,Bedfordshire Police,-0.451660,51.899978,On or near Dordans Road,E01015717,Luton 011E,Anti-social behaviour,,
,2022-06,Bedfordshire Police,Bedfordshire Police,-0.452998,51.897820,On or near Tenby Drive,E01015717,Luton 011E,Anti-social behaviour,,
,2022-06,Bedfordshire Police,Bedfordshire Police,-0.452998,51.897820,On or near Tenby Drive,E01015717,Luton 011E,Anti-social behaviour,,
d69f4f16a9688c8257f2a1c943419d36b090914d787ad377d90c04fdc6872ab1,2022-06,Bedfordshire Police,Bedfordshire Police,-0.453522,51.898645,On or near Pembroke Avenue,E01015717,Luton 011E,Public order,Unable to prosecute suspect,
5ec3d80cbb107544633e96cb23d2a3239e5895af222d2e9b5dfdeda709a1b27c,2022-06,Bedfordshire Police,Bedfordshire Police,-0.453522,51.898645,On or near Pembroke Avenue,E01015717,Luton 011E,Public order,Unable to prosecute suspect,
906d48680fdbc06280372a7b13e471f31aa28f1b97ab4c3e6a1f05ceddaf7ea2,2022-06,Bedfordshire Police,Bedfordshire Police,-0.454138,51.897655,On or near Tenby Mews,E01015717,Luton 011E,Vehicle crime,Investigation complete; no suspect identified,
7b8f81923552ffde59aa7c0e4866c18842c36272800cc1a5c3cbb3d3eaf61d24,2022-06,Bedfordshire Police,Bedfordshire Police,-0.451660,51.899978,On or near Dordans Road,E01015717,Luton 011E,Violence and sexual offences,Unable to prosecute suspect,
3dd700dc75182710c185c0905886626126fad044c84c22b5d201da41f99d858d,2022-06,Bedfordshire Police,Bedfordshire Police,-0.452089,51.896351,On or near Dawlish Road,E01015717,Luton 011E,Violence and sexual offences,Unable to prosecute suspect,
2c12ed09fffdb9b8b35ea0f3984314a7eae72d6ebcf55599a34636c4645630f2,2022-06,Bedfordshire Police,Bedfordshire Police,-0.452089,51.896351,On or near Dawlish Road,E01015717,Luton 011E,Violence and sexual offences,Unable to prosecute suspect,
8bb8743b40a67409c81efd0583e386cea449ed40868dbbc844988c3438ca573f,2022-06,Bedfordshire Police,Bedfordshire Police,-0.451660,51.899978,On or near Dordans Road,E01015717,Luton 011E,Violence and sexual offences,Status update unavailable,
cc46d9a0f99d5e4576037123d3ee3e70cb5861aec23a959f3e29bcedfce79473,2022-06,Bedfordshire Police,Bedfordshire Police,-0.451660,51.899978,On or near Dordans Road,E01015717,Luton 011E,Violence and sexual offences,Court result unavailable,
abccfe0abb49e3d5e3ea9fb1b1a338306a8c68d55ff475849e6824ca48972153,2022-06,Bedfordshire Police,Bedfordshire Police,-0.452010,51.897402,On or near Seaton Road,E01015717,Luton 011E,Other crime,Unable to prosecute suspect,
,2022-06,Bedfordshire Police,Bedfordshire Police,-0.461461,51.900260,On or near Milligan Close,E01015750,Luton 011F,Anti-social behaviour,,
,2022-06,Bedfordshire Police,Bedfordshire Police,-0.461461,51.900260,On or near Milligan Close,E01015750,Luton 011F,Anti-social behaviour,,
,2022-06,Bedfordshire Police,Bedfordshire Police,-0.461461,51.900260,On or near Milligan Close,E01015750,Luton 011F,Anti-social behaviour,,
,2022-06,Bedfordshire Police,Bedfordshire Police,-0.463369,51.902272,On or near Piggotts Lane,E01015750,Luton 011F,Anti-social behaviour,,
,2022-06,Bedfordshire Police,Bedfordshire Police,-0.461461,51.900260,On or near Milligan Close,E01015750,Luton 011F,Anti-social behaviour,,
4f25f002314e2f192c5646d8831af1c31a962bef06f7e3e1d8a26b0db0b66df8,2022-06,Bedfordshire Police,Bedfordshire Police,-0.461745,51.900875,On or near Oakley Close,E01015750,Luton 011F,Drugs,Local resolution,
8f9f041bbe8142a1e7df3f94ecdc15c03947d2805bda3ee204c2ca13ec0a4baf,2022-06,Bedfordshire Police,Bedfordshire Police,-0.462826,51.901995,On or near School Lane,E01015750,Luton 011F,Other theft,Investigation complete; no suspect identified,
9e5d2af439bf464ea39cfbbe432fb8604324389e881a006e213c3dd9840a4cc7,2022-06,Bedfordshire Police,Bedfordshire Police,-0.458327,51.901370,On or near Linden Road,E01015750,Luton 011F,Violence and sexual offences,Investigation complete; no suspect identified,
f604d47485791676a0cfc331d08918c4c365576cd720ea006c4281b8b94814a7,2022-06,Bedfordshire Police,Bedfordshire Police,-0.455462,51.900145,On or near Wickstead Avenue,E01015750,Luton 011F,Violence and sexual offences,Unable to prosecute suspect,
,2022-06,Bedfordshire Police,Bedfordshire Police,-0.416732,51.887986,On or near Arncliffe Crescent,E01015740,Luton 012A,Anti-social behaviour,,
,2022-06,Bedfordshire Police,Bedfordshire Police,-0.414539,51.892911,On or near Alwyn Close,E01015740,Luton 012A,Anti-social behaviour,,
,2022-06,Bedfordshire Police,Bedfordshire Police,-0.414539,51.892911,On or near Alwyn Close,E01015740,Luton 012A,Anti-social behaviour,,
,2022-06,Bedfordshire Police,Bedfordshire Police,-0.413558,51.889400,On or near Havelock Rise,E01015740,Luton 012A,Anti-social behaviour,,
b8ff75f5416708afa7472592dbbb37b7d0cecccd10bb2dce1c3314b9edb54c74,2022-06,Bedfordshire Police,Bedfordshire Police,-0.415347,51.888930,On or near Wensleydale,E01015740,Luton 012A,Burglary,Investigation complete; no suspect identified,
6b7138f89db2fdb4959f7fd15dd1c5ce121a0a1fa2b101c175bf168267741c39,2022-06,Bedfordshire Police,Bedfordshire Police,-0.417542,51.888510,On or near The Wickets,E01015740,Luton 012A,Burglary,Investigation complete; no suspect identified,
88bb44ea4350dc66a31729cd67f5abcaa8afeaf861d5efcddfe9e6ae55058a78,2022-06,Bedfordshire Police,Bedfordshire Police,-0.414539,51.892911,On or near Alwyn Close,E01015740,Luton 012A,Other theft,Investigation complete; no suspect identified,
696dd87fdb2769b3cfa3484bc30f38f2bc5087e1f8b784c194f15aa64d32e91d,2022-06,Bedfordshire Police,Bedfordshire Police,-0.415347,51.888930,On or near Wensleydale,E01015740,Luton 012A,Other theft,Unable to prosecute suspect,
7da380bb6a1a0debe492aeac91b9937dc9f615dafd622c464a371ea0cd421dc3,2022-06,Bedfordshire Police,Bedfordshire Police,-0.417631,51.895902,On or near Sports/Recreation Area,E01015740,Luton 012A,Public order,Unable to prosecute suspect,
c93ae99ec071e20d3be1ed0948b55ae151d63f82ee0c07aa5156f7d88b0303e2,2022-06,Bedfordshire Police,Bedfordshire Police,-0.414539,51.892911,On or near Alwyn Close,E01015740,Luton 012A,Public order,Unable to prosecute suspect,
0e668f47287446101ed91c0212b07f803f261ee141670a264684c8ad897f594c,2022-06,Bedfordshire Police,Bedfordshire Police,-0.420064,51.894901,On or near Sports/Recreation Area,E01015740,Luton 012A,Public order,Investigation complete; no suspect identified,
9df357f4fb381b7ccd94df990283dcd1977ac85433b6fd0a8340dabcafa62788,2022-06,Bedfordshire Police,Bedfordshire Police,-0.415912,51.893532,On or near Bowling Green Lane,E01015740,Luton 012A,Public order,Investigation complete; no suspect identified,
5d1c7635b8bc62cf3c70de84c4ceeda7bcf29b690acc930e58d4c858601816ac,2022-06,Bedfordshire Police,Bedfordshire Police,-0.416732,51.887986,On or near Arncliffe Crescent,E01015740,Luton 012A,Vehicle crime,Investigation complete; no suspect identified,
f9a6fac4005305104f81de3738958e397305d6224090790955561961446a3b07,2022-06,Bedfordshire Police,Bedfordshire Police,-0.414225,51.895209,On or near Greenside Park,E01015740,Luton 012A,Vehicle crime,Investigation complete; no suspect identified,
c3488829b3a61ef252cdd2b70ec1917c3285ca96b2ee64f8d515b83224bee155,2022-06,Bedfordshire Police,Bedfordshire Police,-0.414539,51.892911,On or near Alwyn Close,E01015740,Luton 012A,Vehicle crime,Investigation complete; no suspect identified,
f9052b5513f1df69d8d1d7132252371a87361ddb4f95926a9b0c97b6a1c6bd31,2022-06,Bedfordshire Police,Bedfordshire Police,-0.418490,51.890060,On or near Old Bedford Road,E01015740,Luton 012A,Vehicle crime,Investigation complete; no suspect identified,
186829be5bf65560165a507fab5a0513c0ed32de9cafb0a1566cc2e11c213216,2022-06,Bedfordshire Police,Bedfordshire Police,-0.414225,51.895209,On or near Greenside Park,E01015740,Luton 012A,Violence and sexual offences,Unable to prosecute suspect,
cec6cd3ac6c1d6e271d72832532ec050ade8b85a015753ef7ea227f2a6f7b96a,2022-06,Bedfordshire Police,Bedfordshire Police,-0.416732,51.887986,On or near Arncliffe Crescent,E01015740,Luton 012A,Violence and sexual offences,Unable to prosecute suspect,
5cc8573635f264f26d9af003e632cd08ffca6cb34d98e6c6791974e54708dcdb,2022-06,Bedfordshire Police,Bedfordshire Police,-0.417631,51.895902,On or near Sports/Recreation Area,E01015740,Luton 012A,Violence and sexual offences,Unable to prosecute suspect,
71f1e08dad9ed01f592d0380f649abbe889656bd6492d9ab48924b3fe5db6aff,2022-06,Bedfordshire Police,Bedfordshire Police,-0.411330,51.894873,On or near Stockingstone Road,E01015775,Luton 012B,Other theft,Investigation complete; no suspect identified,
ec365c1fb66afc9fa62340062786d71fe509669cf37ab0fcd0aeeaa56c517d59,2022-06,Bedfordshire Police,Bedfordshire Police,-0.407558,51.896342,On or near Fair Oak Drive,E01015775,Luton 012B,Public order,Investigation complete; no suspect identified,
8391cd35a0c0cfad43d6e118823b529644a6bb56261916ae31310b3732736840,2022-06,Bedfordshire Police,Bedfordshire Police,-0.404161,51.896637,On or near Sunningdale,E01015775,Luton 012B,Vehicle crime,Investigation complete; no suspect identified,
6a6068b8bb8f7d54db5e31633d4305528ae3f2c1c2757bb975c7f93b909fa4bd,2022-06,Bedfordshire Police,Bedfordshire Police,-0.402816,51.895639,On or near Englefield,E01015775,Luton 012B,Violence and sexual offences,Unable to prosecute suspect,
122729671cdbe55a4d279f194f9ad3feb903ab1f249aafcacc79208d3f77d150,2022-06,Bedfordshire Police,Bedfordshire Police,-0.409031,51.895786,On or near Felstead Way,E01015775,Luton 012B,Violence and sexual offences,Action to be taken by another organisation,
ddc16ad0cb327f3588a2b7f10d27ef113ad9de571dde532f49b54f2eb8049548,2022-06,Bedfordshire Police,Bedfordshire Police,-0.407584,51.897259,On or near Green Oaks,E01015775,Luton 012B,Violence and sexual offences,Investigation complete; no suspect identified,
dd88fd81ff4eee06b3209abab1c2cb5cd706ff6bd33bf33f6ad612053bd3dda2,2022-06,Bedfordshire Police,Bedfordshire Police,-0.402816,51.895639,On or near Englefield,E01015775,Luton 012B,Violence and sexual offences,Unable to prosecute suspect,
,2022-06,Bedfordshire Police,Bedfordshire Police,-0.391348,51.891598,On or near Yeovil Road,E01015776,Luton 012C,Anti-social behaviour,,
,2022-06,Bedfordshire Police,Bedfordshire Police,-0.391348,51.891598,On or near Yeovil Road,E01015776,Luton 012C,Anti-social behaviour,,
,2022-06,Bedfordshire Police,Bedfordshire Police,-0.392759,51.894819,On or near Ashcroft Road,E01015776,Luton 012C,Anti-social behaviour,,
,2022-06,Bedfordshire Police,Bedfordshire Police,-0.395409,51.895898,On or near Stronnell Close,E01015776,Luton 012C,Anti-social behaviour,,
,2022-06,Bedfordshire Police,Bedfordshire Police,-0.391348,51.891598,On or near Yeovil Road,E01015776,Luton 012C,Anti-social behaviour,,
2ebd0b30ffb748c1b1a724d90e5a271fa1716788f13a842a68a7dfe329288900,2022-06,Bedfordshire Police,Bedfordshire Police,-0.395850,51.894519,On or near Turners Road North,E01015776,Luton 012C,Criminal damage and arson,Investigation complete; no suspect identified,
865af2aba0d5219be00fe40367f3eedb14eed9839cf86527aa9f7f7cb8d44eef,2022-06,Bedfordshire Police,Bedfordshire Police,-0.391403,51.896562,On or near Little Church Road,E01015776,Luton 012C,Criminal damage and arson,Investigation complete; no suspect identified,
5feddd9ef8fd01dc53470a6acbc3287972c00e57dadbb3ce641dcc53321ea1bc,2022-06,Bedfordshire Police,Bedfordshire Police,-0.395409,51.895898,On or near Stronnell Close,E01015776,Luton 012C,Other theft,Investigation complete; no suspect identified,
4ebebdf7efead328bff23442c6ac878fea40e24d0bd6b443ffda4d82284cd692,2022-06,Bedfordshire Police,Bedfordshire Police,-0.389964,51.896570,On or near The Severalls,E01015776,Luton 012C,Public order,Local resolution,
22d84758ada12751f037374d45a4025d2e204abe8664a94c1639b9b87c2b72ff,2022-06,Bedfordshire Police,Bedfordshire Police,-0.396978,51.893860,On or near Moreton Road,E01015776,Luton 012C,Vehicle crime,Investigation complete; no suspect identified,
c2f7f33c93fba8a3872877a97c34f21ef2622fbb300e16fea2a25d39108d92ac,2022-06,Bedfordshire Police,Bedfordshire Police,-0.392759,51.894819,On or near Ashcroft Road,E01015776,Luton 012C,Vehicle crime,Investigation complete; no suspect identified,
f41915c6042b96bf24ec1edfb151bf785bebfe0248d9ed8bcbf1804bd86ad607,2022-06,Bedfordshire Police,Bedfordshire Police,-0.391517,51.892554,On or near Hanswick Close,E01015776,Luton 012C,Violence and sexual offences,Unable to prosecute suspect,
42ba5c30c8f04331909b88b04745ed4f4303a8503853456c7d0037fbefdcf743,2022-06,Bedfordshire Police,Bedfordshire Police,-0.395409,51.895898,On or near Stronnell Close,E01015776,Luton 012C,Violence and sexual offences,Court result unavailable,
1c054581ce2dbf6396036204f0ac1329f58e9d9b620445d5339232264985e344,2022-06,Bedfordshire Police,Bedfordshire Police,-0.396978,51.893860,On or near Moreton Road,E01015776,Luton 012C,Violence and sexual offences,Investigation complete; no suspect identified,
,2022-06,Bedfordshire Police,Bedfordshire Police,-0.398097,51.892248,On or near Oak Tree Row,E01015777,Luton 012D,Anti-social behaviour,,
,2022-06,Bedfordshire Police,Bedfordshire Police,-0.399826,51.892253,On or near Moreton Road South,E01015777,Luton 012D,Anti-social behaviour,,
,2022-06,Bedfordshire Police,Bedfordshire Police,-0.400320,51.891855,On or near Ramridge Road,E01015777,Luton 012D,Anti-social behaviour,,
,2022-06,Bedfordshire Police,Bedfordshire Police,-0.400994,51.895794,On or near A505,E01015777,Luton 012D,Anti-social behaviour,,
7af71c8aab52a2de0a9218e38674d772131a627d7eafde7fe754bb804d6c75bd,2022-06,Bedfordshire Police,Bedfordshire Police,-0.397688,51.894760,On or near Stephens Gardens,E01015777,Luton 012D,Criminal damage and arson,Investigation complete; no suspect identified,
41a10153c1897e19fbaec9d63684f030afdb2cda52c5a58994473896f4692664,2022-06,Bedfordshire Police,Bedfordshire Police,-0.399413,51.891196,On or near Turners Road South,E01015777,Luton 012D,Other theft,Investigation complete; no suspect identified,
9a8d1aa7eeffd73e7887445a38c4e882ad5382b19b3dbda2c3d639820b8f6983,2022-06,Bedfordshire Police,Bedfordshire Police,-0.403741,51.890859,On or near Talbot Road,E01015777,Luton 012D,Public order,Unable to prosecute suspect,
38e39a5f46fd7979fd3f25580bf96effe19655f1efd98fc6bfb049eb804c7ad2,2022-06,Bedfordshire Police,Bedfordshire Police,-0.401224,51.892155,On or near Hitchin Road,E01015777,Luton 012D,Public order,Investigation complete; no suspect identified,
6b0e80c4879bf29ff5537be412ed01df29a9331eea76cdc1ba2c5838f371450c,2022-06,Bedfordshire Police,Bedfordshire Police,-0.403741,51.890859,On or near Talbot Road,E01015777,Luton 012D,Public order,Unable to prosecute suspect,
5d4b6ed2686342674dfebf325f9cec45ef0f38a4766b22a033c0178d5c5ee366,2022-06,Bedfordshire Police,Bedfordshire Police,-0.401224,51.892155,On or near Hitchin Road,E01015777,Luton 012D,Public order,Investigation complete; no suspect identified,
db891fa63f9d52498c1b7489ba01a98d2325b797cb5ea09593a6ff192c6f2a7d,2022-06,Bedfordshire Police,Bedfordshire Police,-0.399413,51.891196,On or near Turners Road South,E01015777,Luton 012D,Vehicle crime,Investigation complete; no suspect identified,
e02b4386da79b8a191ef3c3e5f8f973bc50aaef8314405e7a6dc90ef3724e033,2022-06,Bedfordshire Police,Bedfordshire Police,-0.400320,51.891855,On or near Ramridge Road,E01015777,Luton 012D,Vehicle crime,Investigation complete; no suspect identified,
f16f8c630053a66e4615831dffe36e54e5a3ac08e1104e74caaf287519f4de45,2022-06,Bedfordshire Police,Bedfordshire Police,-0.400820,51.892087,On or near Parking Area,E01015777,Luton 012D,Violence and sexual offences,Unable to prosecute suspect,
bc0203d953f5e9e2e0bf016c1379bba670b212649c4de83a287f51252883a4fb,2022-06,Bedfordshire Police,Bedfordshire Police,-0.404314,51.893555,On or near Northview Road,E01015778,Luton 012E,Burglary,Investigation complete; no suspect identified,
16dcd4aaf4d6a9f973a0bc8bf4fcc6f9da330a92fb5156b00b3026d1289ef155,2022-06,Bedfordshire Police,Bedfordshire Police,-0.408258,51.889706,On or near Richmond Court,E01015778,Luton 012E,Criminal damage and arson,Investigation complete; no suspect identified,
c8fcae9b5fce842a753e85575bd36aac40b9a66c4a4c6353095a6fc915c692cb,2022-06,Bedfordshire Police,Bedfordshire Police,-0.408258,51.889706,On or near Richmond Court,E01015778,Luton 012E,Criminal damage and arson,Investigation complete; no suspect identified,
f37cbf0a5b6ef137c65a19f92951737e20544b6c3826f330e1e9ff7ffd87900a,2022-06,Bedfordshire Police,Bedfordshire Police,-0.410109,51.893256,On or near Hatherley Chase,E01015778,Luton 012E,Vehicle crime,Investigation complete; no suspect identified,
bb496482401a2aa251256d2d40061bc6edb3e2752ee1b4eda78b739aeb4b59ac,2022-06,Bedfordshire Police,Bedfordshire Police,-0.411512,51.891369,On or near Woodbury Hill,E01015778,Luton 012E,Violence and sexual offences,Unable to prosecute suspect,
1c259d80735eeed38c5a91edf6c0dd99680b05a904dd30cda5f9a1a2ee05d91d,2022-06,Bedfordshire Police,Bedfordshire Police,-0.405454,51.891727,On or near Preston Gardens,E01015778,Luton 012E,Violence and sexual offences,Unable to prosecute suspect,
c18ca2de0ce76b92c08b367e30f92fe5a9d12516c109e752a0d72e3d0bec023a,2022-06,Bedfordshire Police,Bedfordshire Police,-0.410503,51.892380,On or near Mountfield Road,E01015778,Luton 012E,Violence and sexual offences,Unable to prosecute suspect,
21c2d19710f7bfe467b83a764dd1cc3a5d69397cfe32a185e35c7430d6c39c9b,2022-06,Bedfordshire Police,Bedfordshire Police,-0.412378,51.890310,On or near Sports/Recreation Area,E01015778,Luton 012E,Violence and sexual offences,Investigation complete; no suspect identified,
b64ea6ec387c6d856d132c0bf26c1c18ac6e5ec25c2e9b2d988da542a445051b,2022-06,Bedfordshire Police,Bedfordshire Police,-0.411512,51.891369,On or near Woodbury Hill,E01015778,Luton 012E,Violence and sexual offences,Unable to prosecute suspect,
,2022-06,Bedfordshire Police,Bedfordshire Police,-0.398346,51.901180,On or near Supermarket,E01015796,Luton 012F,Anti-social behaviour,,
,2022-06,Bedfordshire Police,Bedfordshire Police,-0.395803,51.899931,On or near Sports/Recreation Area,E01015796,Luton 012F,Anti-social behaviour,,
,2022-06,Bedfordshire Police,Bedfordshire Police,-0.396302,51.902654,On or near Petrol Station,E01015796,Luton 012F,Anti-social behaviour,,
,2022-06,Bedfordshire Police,Bedfordshire Police,-0.396302,51.902654,On or near Petrol Station,E01015796,Luton 012F,Anti-social behaviour,,
,2022-06,Bedfordshire Police,Bedfordshire Police,-0.396302,51.902654,On or near Petrol Station,E01015796,Luton 012F,Anti-social behaviour,,
,2022-06,Bedfordshire Police,Bedfordshire Police,-0.402064,51.901662,On or near St Thomas'S Road,E01015796,Luton 012F,Anti-social behaviour,,
,2022-06,Bedfordshire Police,Bedfordshire Police,-0.399857,51.897928,On or near Hitchin Road,E01015796,Luton 012F,Anti-social behaviour,,
,2022-06,Bedfordshire Police,Bedfordshire Police,-0.396302,51.902654,On or near Petrol Station,E01015796,Luton 012F,Anti-social behaviour,,
02e8659a9f8f9059ee8e448c781a0ec139f92aac62aed2ac5495ed8b8f9e22fd,2022-06,Bedfordshire Police,Bedfordshire Police,-0.398352,51.898950,On or near Stopsley Way,E01015796,Luton 012F,Burglary,Investigation complete; no suspect identified,
c9cef6cadc2825fc5cbbee1df9f08a00dd1736f4152ef4f76902b66a650db052,2022-06,Bedfordshire Police,Bedfordshire Police,-0.398352,51.898950,On or near Stopsley Way,E01015796,Luton 012F,Criminal damage and arson,Investigation complete; no suspect identified,
2b904d90d0c5658937c822962aaaba22599f0b8fe47ee85d685009460198270e,2022-06,Bedfordshire Police,Bedfordshire Police,-0.399857,51.897928,On or near Hitchin Road,E01015796,Luton 012F,Criminal damage and arson,Investigation complete; no suspect identified,
32b82c4ae58e043d8f381c0d393583a3ccef2eaf41ebc89d5a0420b2043d2dd5,2022-06,Bedfordshire Police,Bedfordshire Police,-0.403369,51.899702,On or near Mixes Hill Road,E01015796,Luton 012F,Other theft,Investigation complete; no suspect identified,
07dc335580e980b05dab1f442dc5cf9f39619b9c6ef9ef3f0bc0063c276481b3,2022-06,Bedfordshire Police,Bedfordshire Police,-0.396302,51.902654,On or near Petrol Station,E01015796,Luton 012F,Other theft,Investigation complete; no suspect identified,
2b878162ace78f99f179dd3954ec604c78ba2f6b06d39f7bfb5754c052ffbb7e,2022-06,Bedfordshire Police,Bedfordshire Police,-0.403369,51.899702,On or near Mixes Hill Road,E01015796,Luton 012F,Other theft,Investigation complete; no suspect identified,
f062f1dc367fc3e6221918111951b14e9975356f4f9f87b4801bca0b2a38b33a,2022-06,Bedfordshire Police,Bedfordshire Police,-0.393197,51.899248,On or near Walnut Close,E01015796,Luton 012F,Other theft,Awaiting court outcome,
33159a4e539f42eaa81ea8e2afc8f6b3eb0c7ad2ca4e1411dbe2e94686c9f94e,2022-06,Bedfordshire Police,Bedfordshire Police,-0.396302,51.902654,On or near Petrol Station,E01015796,Luton 012F,Public order,Unable to prosecute suspect,
90a72185e667c11552f9522a47f4e74a3383dc49bc10640f4edfdb1caf6a154f,2022-06,Bedfordshire Police,Bedfordshire Police,-0.403369,51.899702,On or near Mixes Hill Road,E01015796,Luton 012F,Public order,Unable to prosecute suspect,
9b26baab5115151f6b19b2667b09ae64bee01880fb12eb29965d631259eef4c4,2022-06,Bedfordshire Police,Bedfordshire Police,-0.396721,51.901922,On or near Supermarket,E01015796,Luton 012F,Shoplifting,Investigation complete; no suspect identified,
f2859ad1a75c55c28d0ce1b8760f122cf517e90f25fd7a344a846e4c43b487c1,2022-06,Bedfordshire Police,Bedfordshire Police,-0.398352,51.898950,On or near Stopsley Way,E01015796,Luton 012F,Theft from the person,Unable to prosecute suspect,
4943a997b8b29b40bfcad49511f6ff3a655b49048ea8185098947017baeafb76,2022-06,Bedfordshire Police,Bedfordshire Police,-0.396302,51.902654,On or near Petrol Station,E01015796,Luton 012F,Vehicle crime,Investigation complete; no suspect identified,
5aced27f77ea20e3e0001bde8e00d862b31249623242cc78b63ddcc946327e63,2022-06,Bedfordshire Police,Bedfordshire Police,-0.398352,51.898950,On or near Stopsley Way,E01015796,Luton 012F,Vehicle crime,Investigation complete; no suspect identified,
cfef597673406b3fc83030798d03d7ca5142285577f5fd605e94994feeefc399,2022-06,Bedfordshire Police,Bedfordshire Police,-0.398352,51.898950,On or near Stopsley Way,E01015796,Luton 012F,Violence and sexual offences,Unable to prosecute suspect,
318fec6e494069d3b679d9a7c94762e46cff2fabebc7b9ee54148fba1be1019e,2022-06,Bedfordshire Police,Bedfordshire Police,-0.398066,51.900070,On or near Sports/Recreation Area,E01015796,Luton 012F,Violence and sexual offences,Further investigation is not in the public interest,
067b354a0117d88248353a00b20308f5c2ff00467d52de2d5d4f2e1c0f675adf,2022-06,Bedfordshire Police,Bedfordshire Police,-0.403369,51.899702,On or near Mixes Hill Road,E01015796,Luton 012F,Violence and sexual offences,Unable to prosecute suspect,
d1ef46b586f227055dd7be777691f6dd58a131c5f61653997fd89df16b199e1e,2022-06,Bedfordshire Police,Bedfordshire Police,-0.397354,51.903315,On or near Lothair Road,E01015796,Luton 012F,Violence and sexual offences,Status update unavailable,
d4d1d4990a69db7e671cf7a45f402a39bc67cd85f5fa40d8f2431b92142d82e0,2022-06,Bedfordshire Police,Bedfordshire Police,-0.399857,51.897928,On or near Hitchin Road,E01015796,Luton 012F,Violence and sexual offences,Unable to prosecute suspect,
1aa76d214a83c4eae8a2fb2967017ab5e192778d532569163ca5090d676429ba,2022-06,Bedfordshire Police,Bedfordshire Police,-0.396302,51.902654,On or near Petrol Station,E01015796,Luton 012F,Violence and sexual offences,Investigation complete; no suspect identified,
504905cec1b33015eb5e520b8b65767b8de94426c207e51c276978e5c4a7eab0,2022-06,Bedfordshire Police,Bedfordshire Police,-0.396087,51.901338,On or near Pedestrian Subway,E01015796,Luton 012F,Other crime,Unable to prosecute suspect,
,2022-06,Bedfordshire Police,Bedfordshire Police,-0.470849,51.893881,On or near Wyndham Road,E01015713,Luton 013A,Anti-social behaviour,,
,2022-06,Bedfordshire Police,Bedfordshire Police,-0.470849,51.893881,On or near Wyndham Road,E01015713,Luton 013A,Anti-social behaviour,,
,2022-06,Bedfordshire Police,Bedfordshire Police,-0.467498,51.892857,On or near Petrol Station,E01015713,Luton 013A,Anti-social behaviour,,
,2022-06,Bedfordshire Police,Bedfordshire Police,-0.470849,51.893881,On or near Wyndham Road,E01015713,Luton 013A,Anti-social behaviour,,
c4d14c1633db918f643e3e19a0b71d240accd1c1fdec662e68175485f2c60ae9,2022-06,Bedfordshire Police,Bedfordshire Police,-0.467498,51.892857,On or near Petrol Station,E01015713,Luton 013A,Burglary,Investigation complete; no suspect identified,
bf2cde7c02c5b8b300b86cc6109aecfe9853278431928ec162747cfd79e7c362,2022-06,Bedfordshire Police,Bedfordshire Police,-0.475446,51.893311,On or near Lewsey Road,E01015713,Luton 013A,Burglary,Court result unavailable,
9cd72559f33b441301c0bb0ed4c928d95d94c6a1be0d482df260288a1b6e3cb1,2022-06,Bedfordshire Police,Bedfordshire Police,-0.470312,51.889171,On or near Ripley Road,E01015713,Luton 013A,Criminal damage and arson,Unable to prosecute suspect,
d1d5541b7a607c35346f8d51cfaab49baddb80c0ef8d8ab3a23adc0453103fd2,2022-06,Bedfordshire Police,Bedfordshire Police,-0.467498,51.892857,On or near Petrol Station,E01015713,Luton 013A,Criminal damage and arson,Unable to prosecute suspect,
9e75bbd04da308d59bdde525c12d4c4452c33d1e120c9468b1f7dbfd464141cc,2022-06,Bedfordshire Police,Bedfordshire Police,-0.475446,51.893311,On or near Lewsey Road,E01015713,Luton 013A,Criminal damage and arson,Unable to prosecute suspect,
15fb5984ed68237c31429352a8b9a230d05f7c9c6a42ffd041964398fbb56fcb,2022-06,Bedfordshire Police,Bedfordshire Police,-0.475446,51.893311,On or near Lewsey Road,E01015713,Luton 013A,Drugs,Status update unavailable,
fc8117002d319d59659109b4929cd6cf77d13e4b0c821b7ae8ed91764ff68e31,2022-06,Bedfordshire Police,Bedfordshire Police,-0.475446,51.893311,On or near Lewsey Road,E01015713,Luton 013A,Other theft,Status update unavailable,
412ec336a8b6f2d7844ac8b6507962a73e62cf2a0f7bd52a94e3afeddea2239f,2022-06,Bedfordshire Police,Bedfordshire Police,-0.467498,51.892857,On or near Petrol Station,E01015713,Luton 013A,Possession of weapons,Court result unavailable,
b02f204b5926fe3fa19844f31b1d52e5ac75cbaa7091ec23f3c07e6f6a5ae34b,2022-06,Bedfordshire Police,Bedfordshire Police,-0.470849,51.893881,On or near Wyndham Road,E01015713,Luton 013A,Public order,Investigation complete; no suspect identified,
23129e44801e1261d413d3ac9c5a5ee1e090c8a62b0bac4dd8b911b863d5524b,2022-06,Bedfordshire Police,Bedfordshire Police,-0.475446,51.893311,On or near Lewsey Road,E01015713,Luton 013A,Public order,Status update unavailable,
e608e32d4fcbe5fe0a84b780bff0793b2bd004b4bd66010501a2ac433d8d0012,2022-06,Bedfordshire Police,Bedfordshire Police,-0.475446,51.893311,On or near Lewsey Road,E01015713,Luton 013A,Public order,Court result unavailable,
0a687a22b94924501d4f310d8a510d18cccca9ec51f67dda56a54faaac4f898a,2022-06,Bedfordshire Police,Bedfordshire Police,-0.475446,51.893311,On or near Lewsey Road,E01015713,Luton 013A,Public order,Local resolution,
6cdd61de4f229936788dd75828bf0fc44a1095971ade0d091d4cfd66d94446c7,2022-06,Bedfordshire Police,Bedfordshire Police,-0.475446,51.893311,On or near Lewsey Road,E01015713,Luton 013A,Theft from the person,Investigation complete; no suspect identified,
b8de3f41f120f1b4146b12dd3747c2deba27d1b3b5dae5f5b97743b104532957,2022-06,Bedfordshire Police,Bedfordshire Police,-0.475446,51.893311,On or near Lewsey Road,E01015713,Luton 013A,Violence and sexual offences,Unable to prosecute suspect,
48ac7fec2da39902cf0d3b3ce1c592a3dfa0be2a2095f7e6a0b3f8b325eabd26,2022-06,Bedfordshire Police,Bedfordshire Police,-0.467369,51.890239,On or near Raleigh Grove,E01015713,Luton 013A,Violence and sexual offences,Unable to prosecute suspect,
215b4d09eab8c8f34025f3770b23d09177812b7473ea063d15bc39a1705ee38f,2022-06,Bedfordshire Police,Bedfordshire Police,-0.475446,51.893311,On or near Lewsey Road,E01015713,Luton 013A,Violence and sexual offences,Court result unavailable,
2e8092432786e43793bad02f3ea203beff4fb4295039e056437aff6b48903eb9,2022-06,Bedfordshire Police,Bedfordshire Police,-0.475446,51.893311,On or near Lewsey Road,E01015713,Luton 013A,Violence and sexual offences,Court result unavailable,
8fe27eda1af26f2a1248f6bec79efa6e1a1a9d8fbe75c06ab1d59c596f8bef3b,2022-06,Bedfordshire Police,Bedfordshire Police,-0.475446,51.893311,On or near Lewsey Road,E01015713,Luton 013A,Violence and sexual offences,Unable to prosecute suspect,
5b2b7a64d02fe174683427ed4cfe975c79ed58d2381280512e0d10bd3c8f004f,2022-06,Bedfordshire Police,Bedfordshire Police,-0.475446,51.893311,On or near Lewsey Road,E01015713,Luton 013A,Violence and sexual offences,Unable to prosecute suspect,
24cdc11d8fab2aace57c68608dc40967b8c86638e635c0b787b573c5b088c1cf,2022-06,Bedfordshire Police,Bedfordshire Police,-0.475446,51.893311,On or near Lewsey Road,E01015713,Luton 013A,Violence and sexual offences,Court result unavailable,
b145b6fb82e3db05550bdb91bac23bb26c7dd55d47ad2aeb3cbb5bdde5ac7a32,2022-06,Bedfordshire Police,Bedfordshire Police,-0.475446,51.893311,On or near Lewsey Road,E01015713,Luton 013A,Violence and sexual offences,Unable to prosecute suspect,
624fedb6c7fe0079be2eddf2962cf5a8c1ed1426b1490298ddf90eccf0395c2d,2022-06,Bedfordshire Police,Bedfordshire Police,-0.475446,51.893311,On or near Lewsey Road,E01015713,Luton 013A,Violence and sexual offences,Status update unavailable,
263ec47e1103f2d07fc5ad54a4a6bd33b25573ffa7717b3d346e8c21e89236c5,2022-06,Bedfordshire Police,Bedfordshire Police,-0.475446,51.893311,On or near Lewsey Road,E01015713,Luton 013A,Violence and sexual offences,Unable to prosecute suspect,
9f74d370cca8d7e32c9b13d5e8be1fec7bb2d78e91aaa585d99dfdff755408ff,2022-06,Bedfordshire Police,Bedfordshire Police,-0.475446,51.893311,On or near Lewsey Road,E01015713,Luton 013A,Violence and sexual offences,Formal action is not in the public interest,
267078b1a8ef185b16864acd34168989396d3cce8985a01f63b923e7d162d7e9,2022-06,Bedfordshire Police,Bedfordshire Police,-0.475446,51.893311,On or near Lewsey Road,E01015713,Luton 013A,Violence and sexual offences,Court result unavailable,
edcb4c77276a8b4ea0049362d1dbc042873430364df8ce4cebf5956424cbcfc4,2022-06,Bedfordshire Police,Bedfordshire Police,-0.470849,51.893881,On or near Wyndham Road,E01015713,Luton 013A,Violence and sexual offences,Investigation complete; no suspect identified,
9f84356ef2b0f1b949b78a64b2112b56e58e3f343b842a834776458b861eda36,2022-06,Bedfordshire Police,Bedfordshire Police,-0.475446,51.893311,On or near Lewsey Road,E01015713,Luton 013A,Violence and sexual offences,Unable to prosecute suspect,
0449121dd25b79ebb127c365ea1f73fd9aee74ee182869c060f11fe3e1216e5d,2022-06,Bedfordshire Police,Bedfordshire Police,-0.467498,51.892857,On or near Petrol Station,E01015713,Luton 013A,Violence and sexual offences,Unable to prosecute suspect,
da73c90b8d5c57789235b7f6e07a3f737bf94047073cceef5c5554a81cdfa28f,2022-06,Bedfordshire Police,Bedfordshire Police,-0.467119,51.889481,On or near Armitage Gardens,E01015713,Luton 013A,Violence and sexual offences,Unable to prosecute suspect,
294b25f40291c6c997ec96de8d909fc02bf0eb0ce3f376f5f09068939948c0c4,2022-06,Bedfordshire Police,Bedfordshire Police,-0.475446,51.893311,On or near Lewsey Road,E01015713,Luton 013A,Violence and sexual offences,Unable to prosecute suspect,
039d0c1a66edf136de9c1c04633fa93cb37131294bb4b3370d8ac000ad4e11a6,2022-06,Bedfordshire Police,Bedfordshire Police,-0.475446,51.893311,On or near Lewsey Road,E01015713,Luton 013A,Violence and sexual offences,Unable to prosecute suspect,
983ed0671fd9e2e717748911626d0b1fddf65cfcfb4ed6ec93d1a41706e9b1c1,2022-06,Bedfordshire Police,Bedfordshire Police,-0.467119,51.889481,On or near Armitage Gardens,E01015713,Luton 013A,Violence and sexual offences,Unable to prosecute suspect,
,2022-06,Bedfordshire Police,Bedfordshire Police,-0.476821,51.892619,On or near Dunstable Road,E01015714,Luton 013B,Anti-social behaviour,,
09971afbb4e43bebd9072e5057b94167ee155b04f94566939e56634626f69d42,2022-06,Bedfordshire Police,Bedfordshire Police,-0.481147,51.890616,On or near Poets Green,E01015714,Luton 013B,Other theft,Investigation complete; no suspect identified,
d6af70a2100987aeab62eda71666b253a5a97a0a4a2f19862657e5fead9939d2,2022-06,Bedfordshire Police,Bedfordshire Police,-0.477494,51.889903,On or near Winkfield Close,E01015714,Luton 013B,Other theft,Investigation complete; no suspect identified,
e6e241ea279f7ac206857be610bd61d7e0562f76ae123b489d1a507c2f93a602,2022-06,Bedfordshire Police,Bedfordshire Police,-0.473615,51.888603,On or near Toland Close,E01015714,Luton 013B,Vehicle crime,Investigation complete; no suspect identified,
7db48c9a432a5b5376752834a73822ee215e9cedb5898766f6fbfc1829702067,2022-06,Bedfordshire Police,Bedfordshire Police,-0.481147,51.890616,On or near Poets Green,E01015714,Luton 013B,Vehicle crime,Investigation complete; no suspect identified,
9e1a047834e1339a5a0c52f434b657aa57279c48790a861eb1e8be90f0fc09d6,2022-06,Bedfordshire Police,Bedfordshire Police,-0.484555,51.891244,On or near Pedestrian Subway,E01015714,Luton 013B,Vehicle crime,Investigation complete; no suspect identified,
7b85622b14568f90371f507bac4be4ca51bc17fd4a134612f5c22ae6df393845,2022-06,Bedfordshire Police,Bedfordshire Police,-0.481147,51.890616,On or near Poets Green,E01015714,Luton 013B,Vehicle crime,Investigation complete; no suspect identified,
79c37a0c24aa0ea510fe2461c48e3409209ba4603094accea14a373498282efa,2022-06,Bedfordshire Police,Bedfordshire Police,-0.473615,51.888603,On or near Toland Close,E01015714,Luton 013B,Violence and sexual offences,Unable to prosecute suspect,
2d87a55f9af8bf893eb79358b12259d0b07cbb867dd9b9c7a074c7d7c4df5a4e,2022-06,Bedfordshire Police,Bedfordshire Police,-0.473615,51.888603,On or near Toland Close,E01015714,Luton 013B,Violence and sexual offences,Unable to prosecute suspect,
69bbd2a22d3823f86339eb99f487c1f812a97a91cbe00ac323598a0c856208f3,2022-06,Bedfordshire Police,Bedfordshire Police,-0.473615,51.888603,On or near Toland Close,E01015714,Luton 013B,Violence and sexual offences,Unable to prosecute suspect,
,2022-06,Bedfordshire Police,Bedfordshire Police,-0.471790,51.897004,On or near Abingdon Road,E01015718,Luton 013C,Anti-social behaviour,,
,2022-06,Bedfordshire Police,Bedfordshire Police,-0.472686,51.895847,On or near Faringdon Road,E01015718,Luton 013C,Anti-social behaviour,,
dd26ba4ebd5042e5c6516aca3b5861369d5019ac552f89390093a500c1364327,2022-06,Bedfordshire Police,Bedfordshire Police,-0.474528,51.898982,On or near Imberfield,E01015718,Luton 013C,Criminal damage and arson,Investigation complete; no suspect identified,
aa8ce8531fd6e62c987aa20a7a3383aee4fb94ea0cfcf38554314f2a354cd437,2022-06,Bedfordshire Police,Bedfordshire Police,-0.472686,51.895847,On or near Faringdon Road,E01015718,Luton 013C,Criminal damage and arson,Unable to prosecute suspect,
35267136333808133bc9ce7455e2bf85f7b88f874ccfb135dc8e8b6b51d76135,2022-06,Bedfordshire Police,Bedfordshire Police,-0.478420,51.899923,On or near Dalby Close,E01015718,Luton 013C,Violence and sexual offences,Unable to prosecute suspect,
ed8065006cf9972d3461e095f2f1c8dd637b9fd39fc8ae3a6ecb6862bf8cf8cb,2022-06,Bedfordshire Police,Bedfordshire Police,-0.474771,51.899965,On or near Copperfields,E01015718,Luton 013C,Violence and sexual offences,Investigation complete; no suspect identified,
6104ba4e0e4f3d6bb15335f50b7ebcd512ad0d01ed4821138719d983957a97c1,2022-06,Bedfordshire Police,Bedfordshire Police,-0.474528,51.898982,On or near Imberfield,E01015718,Luton 013C,Violence and sexual offences,Investigation complete; no suspect identified,
36a982305f886dcea96c0b7d38080b1ab156b49e1916a181e8384cdb987006ed,2022-06,Bedfordshire Police,Bedfordshire Police,-0.478420,51.899923,On or near Dalby Close,E01015718,Luton 013C,Violence and sexual offences,Unable to prosecute suspect,
,2022-06,Bedfordshire Police,Bedfordshire Police,-0.478396,51.894617,On or near Shakespeare Road,E01015762,Luton 013D,Anti-social behaviour,,
,2022-06,Bedfordshire Police,Bedfordshire Police,-0.480157,51.892383,On or near Dunstable Road,E01015762,Luton 013D,Anti-social behaviour,,
,2022-06,Bedfordshire Police,Bedfordshire Police,-0.484334,51.895224,On or near Macaulay Road,E01015762,Luton 013D,Anti-social behaviour,,
98bffd5507f5890b06de43bd6761f9272a9f99548e284b64c6e38c9f12e44910,2022-06,Bedfordshire Police,Bedfordshire Police,-0.483430,51.893585,On or near Wordsworth Road,E01015762,Luton 013D,Burglary,Investigation complete; no suspect identified,
b264f991872d304c642f4c31224c41c98f1801df207dcac278e46a3c44efdaed,2022-06,Bedfordshire Police,Bedfordshire Police,-0.484883,51.891446,On or near A505,E01015762,Luton 013D,Vehicle crime,Investigation complete; no suspect identified,
60ae074acfd8423dd9342ce0bc545c5e3d377a31c58fb4f218273ae4fe0acc9d,2022-06,Bedfordshire Police,Bedfordshire Police,-0.484883,51.891446,On or near A505,E01015762,Luton 013D,Vehicle crime,Investigation complete; no suspect identified,
a7ed2f7cd9ae5df062e3a7c80bc96732eb2a0e3854983cc4a872a0a3264f1116,2022-06,Bedfordshire Police,Bedfordshire Police,-0.476391,51.893728,On or near Parking Area,E01015762,Luton 013D,Violence and sexual offences,Unable to prosecute suspect,
,2022-06,Bedfordshire Police,Bedfordshire Police,-0.482724,51.896427,On or near Carmelite Road,E01015763,Luton 013E,Anti-social behaviour,,
e8920522ed0275c2736d12150f744ac549114031791e06b9f3a8738a2409cc06,2022-06,Bedfordshire Police,Bedfordshire Police,-0.483962,51.893322,On or near Petard Close,E01015763,Luton 013E,Criminal damage and arson,Investigation complete; no suspect identified,
c78b1c8f5ed8973f6b0518438517f7305df3914b8dacdfc83518d12c6373efa7,2022-06,Bedfordshire Police,Bedfordshire Police,-0.487752,51.898604,On or near Hereford Road,E01015763,Luton 013E,Public order,Unable to prosecute suspect,
dafba12ca0c06d1d8c5925cf05e2c1e17b389181b558e1eb84b749fceb2ef870,2022-06,Bedfordshire Police,Bedfordshire Police,-0.483962,51.893322,On or near Petard Close,E01015763,Luton 013E,Vehicle crime,Investigation complete; no suspect identified,
6d599e5395bfbfb82a06fda3b67d289a2950800b74963b4b2eb89501d5940dd5,2022-06,Bedfordshire Police,Bedfordshire Police,-0.487578,51.897748,On or near Orpington Close,E01015763,Luton 013E,Violence and sexual offences,Investigation complete; no suspect identified,
cbe06892920aea0e3482ae6ded9a1a89ce2a4b761eb39eec26a74e3a640f5827,2022-06,Bedfordshire Police,Bedfordshire Police,-0.487578,51.897748,On or near Orpington Close,E01015763,Luton 013E,Violence and sexual offences,Unable to prosecute suspect,
,2022-06,Bedfordshire Police,Bedfordshire Police,-0.377514,51.885501,On or near Eaton Place,E01015721,Luton 014A,Anti-social behaviour,,
,2022-06,Bedfordshire Police,Bedfordshire Police,-0.381085,51.888859,On or near Eastcott Close,E01015721,Luton 014A,Anti-social behaviour,,
33b65fcb95ea0a8f459ea31f0ef6019efcb4bef8049852b9867aa604028f63d0,2022-06,Bedfordshire Police,Bedfordshire Police,-0.383560,51.887095,On or near Lyneham Road,E01015721,Luton 014A,Criminal damage and arson,Investigation complete; no suspect identified,
071b1e9a97a6af69a5f544f5a2944808712b71ccbd9c6e730104335f774d6ced,2022-06,Bedfordshire Police,Bedfordshire Police,-0.386253,51.888993,On or near Fermor Crescent,E01015721,Luton 014A,Drugs,Further action is not in the public interest,
ac5c6a569604ee27ab5d9ee80d274e6f9251f99a209f54e3d7476b6229b77394,2022-06,Bedfordshire Police,Bedfordshire Police,-0.383519,51.884199,On or near Mistletoe Hill,E01015721,Luton 014A,Drugs,Local resolution,
75ead64ae68c87543b1a42066fb9b63c5f449fdf1548ae93af359b30fe418faf,2022-06,Bedfordshire Police,Bedfordshire Police,-0.383024,51.889065,On or near Summers Road,E01015721,Luton 014A,Other theft,Investigation complete; no suspect identified,
e5574f598c2242e4a52c060901bdf98c3e2f995537bdae4bd0d19c5818e1d7d7,2022-06,Bedfordshire Police,Bedfordshire Police,-0.381085,51.888859,On or near Eastcott Close,E01015721,Luton 014A,Public order,Investigation complete; no suspect identified,
c1be3cebcca3b4060da80f29e898cdb11e887e709c79c2e823feebc066877cb3,2022-06,Bedfordshire Police,Bedfordshire Police,-0.379070,51.886278,On or near Barrowby Close,E01015721,Luton 014A,Public order,Action to be taken by another organisation,
98b49218ef4ce8667437e3ebec5c117450d85fb91aa8544101218ac109ad70e7,2022-06,Bedfordshire Police,Bedfordshire Police,-0.384328,51.888364,On or near Carteret Road,E01015721,Luton 014A,Public order,Unable to prosecute suspect,
291ec29f9eaa3e196c20ce40efafba04c1ef11169cbffe0e116a8561cc79b61f,2022-06,Bedfordshire Police,Bedfordshire Police,-0.383560,51.887095,On or near Lyneham Road,E01015721,Luton 014A,Shoplifting,Investigation complete; no suspect identified,
cb24b548795d2ab6b59394d7fc773f83ea1bef86b6699f4b6cb427821d47a36a,2022-06,Bedfordshire Police,Bedfordshire Police,-0.383519,51.884199,On or near Mistletoe Hill,E01015721,Luton 014A,Theft from the person,Unable to prosecute suspect,
4623e708ee7846ae1ea745c9c579992ca90e351601b1f3e00443722edd13024c,2022-06,Bedfordshire Police,Bedfordshire Police,-0.380557,51.885354,On or near Gresham Close,E01015721,Luton 014A,Vehicle crime,Investigation complete; no suspect identified,
0a88d08fe9ea82aa523abfd97d450c0c1ce55620a9d0289cbae5636022ad9888,2022-06,Bedfordshire Police,Bedfordshire Police,-0.380557,51.885354,On or near Gresham Close,E01015721,Luton 014A,Violence and sexual offences,Local resolution,
86101dbec6dd69d674aed13a2875174f63c81d93fd996b417dbbdcb02b6ea19b,2022-06,Bedfordshire Police,Bedfordshire Police,-0.380946,51.884613,On or near Chertsey Close,E01015721,Luton 014A,Violence and sexual offences,Investigation complete; no suspect identified,
4dd2c105af2d834959821c44c97274b1fe552ada8a87fd61c5cfae8ae6e28a7d,2022-06,Bedfordshire Police,Bedfordshire Police,-0.383519,51.884199,On or near Mistletoe Hill,E01015721,Luton 014A,Violence and sexual offences,Unable to prosecute suspect,
cdcb09841b0984ac67747039180b2b7549ec7a7edb8cd012bf8918b04b6ee128,2022-06,Bedfordshire Police,Bedfordshire Police,-0.379070,51.886278,On or near Barrowby Close,E01015721,Luton 014A,Violence and sexual offences,Action to be taken by another organisation,
85db154c9fd123d766e0b065a07722c8332a03683b8290bc055a1f5db379891c,2022-06,Bedfordshire Police,Bedfordshire Police,-0.383024,51.889065,On or near Summers Road,E01015721,Luton 014A,Violence and sexual offences,Unable to prosecute suspect,
09dddc76e638b8f726d9e0679fd599b2de264b3e2b3d4052a54a5d4a83d3c443,2022-06,Bedfordshire Police,Bedfordshire Police,-0.379070,51.886278,On or near Barrowby Close,E01015721,Luton 014A,Violence and sexual offences,Local resolution,
ca6fb3a082384c666e515d0a8a53495ee91c821a594c684abb4697b9c85dbc97,2022-06,Bedfordshire Police,Bedfordshire Police,-0.380501,51.887709,On or near Holtsmere Close,E01015721,Luton 014A,Violence and sexual offences,Local resolution,
,2022-06,Bedfordshire Police,Bedfordshire Police,-0.385749,51.886441,On or near Hollybush Road,E01015722,Luton 014B,Anti-social behaviour,,
c884a08cefd9bac9cd6f27015cc47e1971740ef8ea7d26ff832198403d423925,2022-06,Bedfordshire Police,Bedfordshire Police,-0.387678,51.888554,On or near Crawley Green Road,E01015722,Luton 014B,Criminal damage and arson,Investigation complete; no suspect identified,
91784e35b260dbd6d4f53ad90eaeea62ee803c23d98ecbbd93a0be8c8f027062,2022-06,Bedfordshire Police,Bedfordshire Police,-0.385749,51.886441,On or near Hollybush Road,E01015722,Luton 014B,Public order,Unable to prosecute suspect,
574b5ade8fb568d8bdcee4dd1a32cd790485f4bd30d1a52be3bbeed3965e6e12,2022-06,Bedfordshire Police,Bedfordshire Police,-0.386034,51.884557,On or near Polzeath Close,E01015722,Luton 014B,Public order,Investigation complete; no suspect identified,
3f5022458159747ffb8553f30e9821b58b9388b58ddaf621d65ec05a2ed41ad5,2022-06,Bedfordshire Police,Bedfordshire Police,-0.386034,51.884557,On or near Polzeath Close,E01015722,Luton 014B,Violence and sexual offences,Unable to prosecute suspect,
637cc365f4bb94e904e7966757a69a610fc7cddd61a73395c808e01391f9e0a4,2022-06,Bedfordshire Police,Bedfordshire Police,-0.387394,51.885520,On or near Brendon Avenue,E01015722,Luton 014B,Violence and sexual offences,Action to be taken by another organisation,
8aae12570170e8b8aaaf274b12c07fc4e12e51049797afdbc2483bda3bcbbc95,2022-06,Bedfordshire Police,Bedfordshire Police,-0.369538,51.893519,On or near Cheslyn Close,E01015806,Luton 014C,Public order,Unable to prosecute suspect,
,2022-06,Bedfordshire Police,Bedfordshire Police,-0.372890,51.889213,On or near Supermarket,E01015808,Luton 014D,Anti-social behaviour,,
e5ea67a4cc173dcb2ccb882fe2281068494db18cb18b442b49a654896261e69f,2022-06,Bedfordshire Police,Bedfordshire Police,-0.368115,51.885047,On or near Sports/Recreation Area,E01015808,Luton 014D,Burglary,Investigation complete; no suspect identified,
4b05c09ee364b2b65fb545997acc521a2bcc2865514621cb7054cf5f30ad9e00,2022-06,Bedfordshire Police,Bedfordshire Police,-0.371331,51.891359,On or near Warton Green,E01015808,Luton 014D,Criminal damage and arson,Investigation complete; no suspect identified,
fc80e011b3461590d5f762591914024b3a73377423912d3e19e9c53a68567cc7,2022-06,Bedfordshire Police,Bedfordshire Police,-0.372832,51.888421,On or near Petrol Station,E01015808,Luton 014D,Drugs,Local resolution,
ce3a3130aa5f7b02476f65a473ab9d3e204679c059426daa19f7a0dd91b37a28,2022-06,Bedfordshire Police,Bedfordshire Police,-0.365940,51.889324,On or near Whittingham Close,E01015808,Luton 014D,Drugs,Unable to prosecute suspect,
524b0597f43715f37a4c44a6379b6076b20efae76008048f8d6aa6aa57beaf71,2022-06,Bedfordshire Police,Bedfordshire Police,-0.371328,51.888625,On or near Supermarket,E01015808,Luton 014D,Other theft,Investigation complete; no suspect identified,
e6b313606a00c65974689f410bf214c67ed549e9ad4fc0f6c3867cdd2c4acacb,2022-06,Bedfordshire Police,Bedfordshire Police,-0.372890,51.889213,On or near Supermarket,E01015808,Luton 014D,Public order,Unable to prosecute suspect,
c6961d857e6d40d9c810efebd10c0e0e41761770d1fb4efe65277c439f83da55,2022-06,Bedfordshire Police,Bedfordshire Police,-0.372890,51.889213,On or near Supermarket,E01015808,Luton 014D,Shoplifting,Awaiting court outcome,
dbd02fc39820e7228d8b34d402a4f0a931ce70d982801d6b689e57611d7456e3,2022-06,Bedfordshire Police,Bedfordshire Police,-0.372890,51.889213,On or near Supermarket,E01015808,Luton 014D,Theft from the person,Investigation complete; no suspect identified,
23335ef4bbdf38fd53b199dfc408617c106a53e582b350c0893da6b77554b822,2022-06,Bedfordshire Police,Bedfordshire Police,-0.364484,51.888198,On or near The Dell,E01015808,Luton 014D,Violence and sexual offences,Unable to prosecute suspect,
,2022-06,Bedfordshire Police,Bedfordshire Police,-0.377639,51.891716,On or near Brill Close,E01015809,Luton 014E,Anti-social behaviour,,
b01985cb7eedb7c5e75cebffca10c300603e10a8171356078729d9a3ee795958,2022-06,Bedfordshire Police,Bedfordshire Police,-0.378273,51.893901,On or near Handcross Road,E01015809,Luton 014E,Violence and sexual offences,Unable to prosecute suspect,
e85285ab2d40497cbdc488f6ff4cace922596ea779c262dac3dd700e63a2ba27,2022-06,Bedfordshire Police,Bedfordshire Police,-0.365515,51.891035,On or near Thaxted Close,E01015810,Luton 014F,Drugs,Local resolution,
7f4c82e8955cc7a23d5749ea7292595d297df8e8d5c1fd2d6f3b1afde1bcd0bf,2022-06,Bedfordshire Police,Bedfordshire Police,-0.365363,51.890827,On or near Cutlers Green,E01015810,Luton 014F,Other theft,Investigation complete; no suspect identified,
17809efcad40bb74a8029516069e606435f360bf329534944d734cffe5ef7d57,2022-06,Bedfordshire Police,Bedfordshire Police,-0.366794,51.891431,On or near Manning Place,E01015810,Luton 014F,Violence and sexual offences,Unable to prosecute suspect,
d8cc7b4bdc916271bd787647d0c22a73a24c3da3c3bb2eb1833c2d65f29b919c,2022-06,Bedfordshire Police,Bedfordshire Police,-0.364071,51.890368,On or near Emmer Green,E01015810,Luton 014F,Violence and sexual offences,Unable to prosecute suspect,
498fcfecc1867bb3da77c561ce6a45fa4cdaa671313e388676ddc143b3f85436,2022-06,Bedfordshire Police,Bedfordshire Police,-0.364071,51.890368,On or near Emmer Green,E01015810,Luton 014F,Violence and sexual offences,Unable to prosecute suspect,
,2022-06,Bedfordshire Police,Bedfordshire Police,-0.375044,51.880683,On or near Airport/Airfield,E01015811,Luton 014G,Anti-social behaviour,,
,2022-06,Bedfordshire Police,Bedfordshire Police,-0.376861,51.883082,On or near Prince Way,E01015811,Luton 014G,Anti-social behaviour,,
,2022-06,Bedfordshire Police,Bedfordshire Police,-0.384052,51.877435,On or near Proctor Way,E01015811,Luton 014G,Anti-social behaviour,,
,2022-06,Bedfordshire Police,Bedfordshire Police,-0.376861,51.883082,On or near Prince Way,E01015811,Luton 014G,Anti-social behaviour,,
,2022-06,Bedfordshire Police,Bedfordshire Police,-0.376861,51.883082,On or near Prince Way,E01015811,Luton 014G,Anti-social behaviour,,
,2022-06,Bedfordshire Police,Bedfordshire Police,-0.375044,51.880683,On or near Airport/Airfield,E01015811,Luton 014G,Anti-social behaviour,,
,2022-06,Bedfordshire Police,Bedfordshire Police,-0.375044,51.880683,On or near Airport/Airfield,E01015811,Luton 014G,Anti-social behaviour,,
,2022-06,Bedfordshire Police,Bedfordshire Police,-0.372992,51.878766,On or near Parking Area,E01015811,Luton 014G,Anti-social behaviour,,
,2022-06,Bedfordshire Police,Bedfordshire Police,-0.375044,51.880683,On or near Airport/Airfield,E01015811,Luton 014G,Anti-social behaviour,,
,2022-06,Bedfordshire Police,Bedfordshire Police,-0.385147,51.873638,On or near Airport Way,E01015811,Luton 014G,Anti-social behaviour,,
,2022-06,Bedfordshire Police,Bedfordshire Police,-0.375044,51.880683,On or near Airport/Airfield,E01015811,Luton 014G,Anti-social behaviour,,
f9056ed14ea0389037feed3fca7fcbb254af4066310906d0ffea433e7872f0db,2022-06,Bedfordshire Police,Bedfordshire Police,-0.372172,51.887369,On or near Keeble Close,E01015811,Luton 014G,Burglary,Investigation complete; no suspect identified,
afb0f5d6e50b0f17cc1c85889489aeb5dad66e279134284a16f895d3e29a603e,2022-06,Bedfordshire Police,Bedfordshire Police,-0.375044,51.880683,On or near Airport/Airfield,E01015811,Luton 014G,Criminal damage and arson,Local resolution,
aac0dcd09ee5dc2db1bf6a9d128f6e1c3dc3f114521c42a48b59480f26d3579b,2022-06,Bedfordshire Police,Bedfordshire Police,-0.373566,51.887011,On or near Baylam Dell,E01015811,Luton 014G,Criminal damage and arson,Investigation complete; no suspect identified,
85a5e69acc016abf7d607686e07d13df8e57b317ec44723b396b359659d1112f,2022-06,Bedfordshire Police,Bedfordshire Police,-0.379692,51.875037,On or near Parking Area,E01015811,Luton 014G,Criminal damage and arson,Investigation complete; no suspect identified,
db88fe17668a571610def8611e02226228f08b32230be5fc94dafd1259f3cae5,2022-06,Bedfordshire Police,Bedfordshire Police,-0.379692,51.875037,On or near Parking Area,E01015811,Luton 014G,Criminal damage and arson,Unable to prosecute suspect,
f32dfce770915f4d93d72ebd6e2263b7dae3ac7c1eb60aa0fab42eb2f8d37547,2022-06,Bedfordshire Police,Bedfordshire Police,-0.376453,51.887536,On or near Raynham Way,E01015811,Luton 014G,Criminal damage and arson,Investigation complete; no suspect identified,
cb746d0194f6063d30d8cca0ff5014dd8216fdc02160d77b4ec1a8edcc6b6405,2022-06,Bedfordshire Police,Bedfordshire Police,-0.372992,51.878766,On or near Parking Area,E01015811,Luton 014G,Criminal damage and arson,Local resolution,
0a84efa2abf2af37e040d4ffd52d0cfdf2acbad062350c51658abc465d161e11,2022-06,Bedfordshire Police,Bedfordshire Police,-0.372992,51.878766,On or near Parking Area,E01015811,Luton 014G,Other theft,Unable to prosecute suspect,
1fae98738c3d3be60cdb8032da841a3715d768b5c55f88cdfecbb1d75259d143,2022-06,Bedfordshire Police,Bedfordshire Police,-0.375044,51.880683,On or near Airport/Airfield,E01015811,Luton 014G,Other theft,Status update unavailable,
1504ee19fea0686b8218e95eb57744a417bd050a31132d2bd58e6dad11db68fb,2022-06,Bedfordshire Police,Bedfordshire Police,-0.375044,51.880683,On or near Airport/Airfield,E01015811,Luton 014G,Other theft,Unable to prosecute suspect,
0f781a4c666f81b3d6abaa55bbb090806437021236e1c887bf67fe9cad072093,2022-06,Bedfordshire Police,Bedfordshire Police,-0.375044,51.880683,On or near Airport/Airfield,E01015811,Luton 014G,Other theft,Investigation complete; no suspect identified,
2ddc9a412c5660fad72bb1514b9ad2aea029bd866eca455ec0e25db9938de779,2022-06,Bedfordshire Police,Bedfordshire Police,-0.379692,51.875037,On or near Parking Area,E01015811,Luton 014G,Other theft,Unable to prosecute suspect,
2fb7660ca8c6379130c5c19403a684b03468ec14ba19181e29ebcba94089c813,2022-06,Bedfordshire Police,Bedfordshire Police,-0.372992,51.878766,On or near Parking Area,E01015811,Luton 014G,Other theft,Investigation complete; no suspect identified,
2d71edfb12fd438bef1bf77f1d21980492506e433eccf7c3c3a4b166bca8f97d,2022-06,Bedfordshire Police,Bedfordshire Police,-0.375044,51.880683,On or near Airport/Airfield,E01015811,Luton 014G,Other theft,Investigation complete; no suspect identified,
ddc3f0be23771aa3dafba27d8c53fd760738bf250b58b75b729d2fa228b927f9,2022-06,Bedfordshire Police,Bedfordshire Police,-0.379692,51.875037,On or near Parking Area,E01015811,Luton 014G,Other theft,Investigation complete; no suspect identified,
413ea356ec0526ac9ef3889fd4972479856523dbdde8f7bd2f0ab5ab4ba9b891,2022-06,Bedfordshire Police,Bedfordshire Police,-0.375044,51.880683,On or near Airport/Airfield,E01015811,Luton 014G,Other theft,Status update unavailable,
5fdcc2eee0b22636fc67420fda96ba1f66236b7352239385a84b940eb160f558,2022-06,Bedfordshire Police,Bedfordshire Police,-0.375044,51.880683,On or near Airport/Airfield,E01015811,Luton 014G,Other theft,Investigation complete; no suspect identified,
47a4f3ac71804f0d05f7710b9935c83a230c8a91da1887ef77795e33df4e50bf,2022-06,Bedfordshire Police,Bedfordshire Police,-0.372992,51.878766,On or near Parking Area,E01015811,Luton 014G,Possession of weapons,Formal action is not in the public interest,
b4268d992dd9009e9f0f134d5a036c244ec954b7d53d8a138307018014b34ad9,2022-06,Bedfordshire Police,Bedfordshire Police,-0.372992,51.878766,On or near Parking Area,E01015811,Luton 014G,Possession of weapons,Formal action is not in the public interest,
c3e40e391bcf7abcc8ee9283d68730616e628e2e820c55a67eeb24cd95898cd3,2022-06,Bedfordshire Police,Bedfordshire Police,-0.375044,51.880683,On or near Airport/Airfield,E01015811,Luton 014G,Possession of weapons,Formal action is not in the public interest,
968ac791c60b155f89020b42fdf85cdede99ac77ccb759c9e7a1c3871ef4f830,2022-06,Bedfordshire Police,Bedfordshire Police,-0.375044,51.880683,On or near Airport/Airfield,E01015811,Luton 014G,Possession of weapons,Status update unavailable,
0ee0c0f7d6d0d91d17621cd85e1b6eb48cbbb5190ad22f2d614a8b4935e5b5fd,2022-06,Bedfordshire Police,Bedfordshire Police,-0.375044,51.880683,On or near Airport/Airfield,E01015811,Luton 014G,Public order,Unable to prosecute suspect,
f09afdaf2f797009a9dd583151eba8bcb079928d25be32a836a807b69cbaef45,2022-06,Bedfordshire Police,Bedfordshire Police,-0.385253,51.874736,On or near Airport Way,E01015811,Luton 014G,Public order,Unable to prosecute suspect,
cc0f43b86740fdc34b89db6d37dca2ecb31cdd9288d8c488bc2e745f218c5e4a,2022-06,Bedfordshire Police,Bedfordshire Police,-0.375044,51.880683,On or near Airport/Airfield,E01015811,Luton 014G,Public order,Investigation complete; no suspect identified,
9b761361ff70092ca495b93eb1bd31a53f55e42f153798923571eb2aeb247da6,2022-06,Bedfordshire Police,Bedfordshire Police,-0.382392,51.881585,On or near Provost Way,E01015811,Luton 014G,Public order,Unable to prosecute suspect,
77e5acf5af55706edc1962a6564632f57c30cfd08a7f595deebb399ad1e8b066,2022-06,Bedfordshire Police,Bedfordshire Police,-0.375044,51.880683,On or near Airport/Airfield,E01015811,Luton 014G,Shoplifting,Local resolution,
a6789a5e6de901d5db480e6634e32b36be48f25c10585f7bed1d6e84f771a53a,2022-06,Bedfordshire Police,Bedfordshire Police,-0.375044,51.880683,On or near Airport/Airfield,E01015811,Luton 014G,Shoplifting,Unable to prosecute suspect,
07f1cacb79c25244166479c13a348d2e7a887a8612473a3eb1b70050cc20ba4c,2022-06,Bedfordshire Police,Bedfordshire Police,-0.375044,51.880683,On or near Airport/Airfield,E01015811,Luton 014G,Shoplifting,Investigation complete; no suspect identified,
7019542b43daeb1177b9eb08b72dd69d247ecffb16ee428120486a67c1750b11,2022-06,Bedfordshire Police,Bedfordshire Police,-0.375044,51.880683,On or near Airport/Airfield,E01015811,Luton 014G,Shoplifting,Local resolution,
7701e4f8831bcc984eac496193cdf269e9f148c2d63cda4cbccf72676dd2ed86,2022-06,Bedfordshire Police,Bedfordshire Police,-0.375044,51.880683,On or near Airport/Airfield,E01015811,Luton 014G,Shoplifting,Local resolution,
b0ca863c3c5e5d9cc28b5908a92b0f95742e82df5d9deefb62f47728251bb764,2022-06,Bedfordshire Police,Bedfordshire Police,-0.375044,51.880683,On or near Airport/Airfield,E01015811,Luton 014G,Shoplifting,Local resolution,
2cc7624b0af09a259bfce5a52eb2c59db4328b857c69abf0108ccd4576fe433f,2022-06,Bedfordshire Police,Bedfordshire Police,-0.385147,51.873638,On or near Airport Way,E01015811,Luton 014G,Theft from the person,Investigation complete; no suspect identified,
712caba6506deefea027a8f193949ee7f6890b7fc2b6fcf52b12ac2e36844a8b,2022-06,Bedfordshire Police,Bedfordshire Police,-0.385147,51.873638,On or near Airport Way,E01015811,Luton 014G,Vehicle crime,Status update unavailable,
79c2d2d0f3816665c320f51a646a6e7125de1205fd04f648ecbb30bf645c727c,2022-06,Bedfordshire Police,Bedfordshire Police,-0.375044,51.880683,On or near Airport/Airfield,E01015811,Luton 014G,Vehicle crime,Investigation complete; no suspect identified,
63c0dfd68752d7f8b3068dac22b211b4b9f6a91b25fedd7f48a745cef038ee45,2022-06,Bedfordshire Police,Bedfordshire Police,-0.385147,51.873638,On or near Airport Way,E01015811,Luton 014G,Vehicle crime,Investigation complete; no suspect identified,
804c0242e8b239d644b7655ff2bb908c9e106330cb34c7187ea54aa8325d6bc1,2022-06,Bedfordshire Police,Bedfordshire Police,-0.379692,51.875037,On or near Parking Area,E01015811,Luton 014G,Violence and sexual offences,Investigation complete; no suspect identified,
b53bc55f3ac0ac6df7790b6a189e4c5dffc4430b16d002131dba825514f7bd42,2022-06,Bedfordshire Police,Bedfordshire Police,-0.377829,51.882421,On or near Airport Approach Road,E01015811,Luton 014G,Violence and sexual offences,Investigation complete; no suspect identified,
0319abae797e28f85d2c8ced7b40ee45212ea632719e6510e7da86525f7d97e8,2022-06,Bedfordshire Police,Bedfordshire Police,-0.384052,51.877435,On or near Proctor Way,E01015811,Luton 014G,Violence and sexual offences,Unable to prosecute suspect,
0469da03c8aad1b5f44050cc8e7d3b131bb221a77df1a6241b307c0ede651ff6,2022-06,Bedfordshire Police,Bedfordshire Police,-0.384052,51.877435,On or near Proctor Way,E01015811,Luton 014G,Violence and sexual offences,Unable to prosecute suspect,
3761ed840e42b0c0cdce9537dd63e9020de4c05f7c0892da577e5cd3f020b105,2022-06,Bedfordshire Police,Bedfordshire Police,-0.384052,51.877435,On or near Proctor Way,E01015811,Luton 014G,Violence and sexual offences,Unable to prosecute suspect,
4c282cd2812f916eb9986a48184e686c7554539f87f73d4b254cb76bcd1c72f4,2022-06,Bedfordshire Police,Bedfordshire Police,-0.379692,51.875037,On or near Parking Area,E01015811,Luton 014G,Violence and sexual offences,Unable to prosecute suspect,
dacdf0f615aa0b8a8a7939c74e68d7ac88bf58b3d6aa6c77d8536223c080eddf,2022-06,Bedfordshire Police,Bedfordshire Police,-0.385253,51.874736,On or near Airport Way,E01015811,Luton 014G,Violence and sexual offences,Awaiting court outcome,
429f4cc3f5901e5a94a5d9f0b0f51cd9b9d3e337d0893c4bf8cf95902efb701f,2022-06,Bedfordshire Police,Bedfordshire Police,-0.375044,51.880683,On or near Airport/Airfield,E01015811,Luton 014G,Violence and sexual offences,Investigation complete; no suspect identified,
762af2c9ba52f9575e69ac45b74c1890f67dc299f2d18317cfac471fef9788ee,2022-06,Bedfordshire Police,Bedfordshire Police,-0.375044,51.880683,On or near Airport/Airfield,E01015811,Luton 014G,Violence and sexual offences,Unable to prosecute suspect,
e0bb03b8ec53746be11fd6cb18e1e61f24123392972ca9f4e7208c7d88f8a639,2022-06,Bedfordshire Police,Bedfordshire Police,-0.378934,51.890475,On or near Oving Close,E01015811,Luton 014G,Violence and sexual offences,Unable to prosecute suspect,
1707b115ea2ca980f178117f090ebfe39268d149200807390e625f6551718fcb,2022-06,Bedfordshire Police,Bedfordshire Police,-0.378934,51.890475,On or near Oving Close,E01015811,Luton 014G,Violence and sexual offences,Unable to prosecute suspect,
80b5b8908eacaee456b79bd8dd89497b39a13a521856841e4d51436959e8eb32,2022-06,Bedfordshire Police,Bedfordshire Police,-0.384052,51.877435,On or near Proctor Way,E01015811,Luton 014G,Violence and sexual offences,Unable to prosecute suspect,
555b390410bc3668f818c4b02a308049f03d2592551bf8e829140ee41788c42a,2022-06,Bedfordshire Police,Bedfordshire Police,-0.372992,51.878766,On or near Parking Area,E01015811,Luton 014G,Other crime,Investigation complete; no suspect identified,
86937ba7ccfbf755f2879ac8e9dd79e5ec5606308f4a3ac2f41734cdab031d7d,2022-06,Bedfordshire Police,Bedfordshire Police,-0.375044,51.880683,On or near Airport/Airfield,E01015811,Luton 014G,Other crime,Investigation complete; no suspect identified,
73d9fff1cd23e308c3aa0e7f55b4757a57afd9ad60c290262a252a21b48d1e09,2022-06,Bedfordshire Police,Bedfordshire Police,-0.438973,51.890675,On or near Grantham Road,E01015703,Luton 015A,Criminal damage and arson,Unable to prosecute suspect,
e50d5a3ccf6e00a75705f84f0183fa320bc213ba1c9db7d80330bf4849c8b86c,2022-06,Bedfordshire Police,Bedfordshire Police,-0.437306,51.889727,On or near Lincoln Road,E01015703,Luton 015A,Criminal damage and arson,Investigation complete; no suspect identified,
6f21465bef029b1648f4d7cc75c242be1a96384690716566aacbaa01ea700ed9,2022-06,Bedfordshire Police,Bedfordshire Police,-0.438973,51.890675,On or near Grantham Road,E01015703,Luton 015A,Violence and sexual offences,Unable to prosecute suspect,
5670ed1191447753953c6af8f348515571358ef993e09f966dbb3c51d79b61ec,2022-06,Bedfordshire Police,Bedfordshire Police,-0.438132,51.890214,On or near Stratford Road,E01015703,Luton 015A,Violence and sexual offences,Unable to prosecute suspect,
5822e272ee4dd6597a08efd0e611a2918a98244381759dffb19eae32dd275dd0,2022-06,Bedfordshire Police,Bedfordshire Police,-0.436915,51.886323,On or near Shaftesbury Road,E01015726,Luton 015B,Burglary,Investigation complete; no suspect identified,
fe7b97ab2ba8632f6de0266048603f16dbd57f100d76321744564d66fb610fc8,2022-06,Bedfordshire Police,Bedfordshire Police,-0.436915,51.886323,On or near Shaftesbury Road,E01015726,Luton 015B,Criminal damage and arson,Investigation complete; no suspect identified,
609f3747a40869f7f94d20740439d2248a3a1512d187f51aa7d3e3ccaf970556,2022-06,Bedfordshire Police,Bedfordshire Police,-0.436390,51.887215,On or near Dunstable Road,E01015726,Luton 015B,Criminal damage and arson,Investigation complete; no suspect identified,
ba84aafd2812601679fba9ecb500f9d0f822aae5822b461f2d95c618b2634189,2022-06,Bedfordshire Police,Bedfordshire Police,-0.436390,51.887215,On or near Dunstable Road,E01015726,Luton 015B,Other theft,Investigation complete; no suspect identified,
6f0b3b52c1f7229035c7a84efa94c870e372ca3e3f6d7a8fba0188e1219d97d8,2022-06,Bedfordshire Police,Bedfordshire Police,-0.436408,51.885435,On or near Maple Road West,E01015726,Luton 015B,Other theft,Investigation complete; no suspect identified,
8d7d820e3f32705c6837787dc1fcd4ddd8eaac3193020f0c6079f393aa620eb8,2022-06,Bedfordshire Police,Bedfordshire Police,-0.441547,51.888956,On or near Churchill Road,E01015726,Luton 015B,Vehicle crime,Investigation complete; no suspect identified,
4f9700bf04c461fc4518fd1b0a1029b7108997d554567cc9a7654fbee8f78fc1,2022-06,Bedfordshire Police,Bedfordshire Police,-0.438395,51.887242,On or near Highfield Road,E01015726,Luton 015B,Violence and sexual offences,Unable to prosecute suspect,
dbcdb54d31211047212bc6952c8c8507d1a22f480fbb4d18a8d07f09c25ea3a6,2022-06,Bedfordshire Police,Bedfordshire Police,-0.438395,51.887242,On or near Highfield Road,E01015726,Luton 015B,Violence and sexual offences,Unable to prosecute suspect,
ea0274b5971729b971e7db46f72ae1cc16eb63b4aeb399c43d2709499343c355,2022-06,Bedfordshire Police,Bedfordshire Police,-0.440733,51.888531,On or near Beresford Road,E01015726,Luton 015B,Violence and sexual offences,Status update unavailable,
dffc22258df2492d20f4f73ed61cf306900450da51121096b270b7142a7133d4,2022-06,Bedfordshire Police,Bedfordshire Police,-0.438395,51.887242,On or near Highfield Road,E01015726,Luton 015B,Violence and sexual offences,Court result unavailable,
312b1d36b6a9128722c1f926c6ace197d8f16ac41a36d448b3d5d790bde0dcbd,2022-06,Bedfordshire Police,Bedfordshire Police,-0.436408,51.885435,On or near Maple Road West,E01015726,Luton 015B,Violence and sexual offences,Unable to prosecute suspect,
c313a46e82e6ec3a2132e37a7c3eb3f49c32bf7642b4929d3f7ea329a8fa8d95,2022-06,Bedfordshire Police,Bedfordshire Police,-0.456094,51.889768,On or near Chaul End Lane,E01015731,Luton 015C,Criminal damage and arson,Court result unavailable,
c85b60b1ab3517bacb6d79577faa13a781563a2589606a3e476861e123e48cee,2022-06,Bedfordshire Police,Bedfordshire Police,-0.456094,51.889768,On or near Chaul End Lane,E01015731,Luton 015C,Possession of weapons,Unable to prosecute suspect,
,2022-06,Bedfordshire Police,Bedfordshire Police,-0.447762,51.892437,On or near Caleb Close,E01015787,Luton 015D,Anti-social behaviour,,
,2022-06,Bedfordshire Police,Bedfordshire Police,-0.450566,51.894164,On or near Larkspur Gardens,E01015787,Luton 015D,Anti-social behaviour,,
,2022-06,Bedfordshire Police,Bedfordshire Police,-0.447762,51.892437,On or near Caleb Close,E01015787,Luton 015D,Anti-social behaviour,,
,2022-06,Bedfordshire Police,Bedfordshire Police,-0.450566,51.894164,On or near Larkspur Gardens,E01015787,Luton 015D,Anti-social behaviour,,
,2022-06,Bedfordshire Police,Bedfordshire Police,-0.445169,51.897672,On or near Petrol Station,E01015787,Luton 015D,Anti-social behaviour,,
7a9c3f782fd5a370f5f1d50a4a94e6afa8097c06959c1d2b42dffb3fa706037e,2022-06,Bedfordshire Police,Bedfordshire Police,-0.451500,51.892369,On or near Petrol Station,E01015787,Luton 015D,Burglary,Investigation complete; no suspect identified,
24fb43341fa64f3d8734d47b2407673a72e020c83323a670ffaecff4773221b6,2022-06,Bedfordshire Police,Bedfordshire Police,-0.450580,51.893319,On or near Beechwood Road,E01015787,Luton 015D,Criminal damage and arson,Unable to prosecute suspect,
fc5470689b61b5a672fb2b9fc9487564657b14fd0948bb03f7070e4e1f2af432,2022-06,Bedfordshire Police,Bedfordshire Police,-0.447284,51.896630,On or near Covent Garden Close,E01015787,Luton 015D,Criminal damage and arson,Investigation complete; no suspect identified,
112db8f194f84bb2c4d47233921156a761047881681e95304a3f51e277d82526,2022-06,Bedfordshire Police,Bedfordshire Police,-0.446445,51.898597,On or near Waller Avenue,E01015787,Luton 015D,Drugs,Unable to prosecute suspect,
069fc7044d9bf5156f6fe705968f26f8d512beb2b7744ffb342ce6be4dcf8472,2022-06,Bedfordshire Police,Bedfordshire Police,-0.451500,51.892369,On or near Petrol Station,E01015787,Luton 015D,Other theft,Investigation complete; no suspect identified,
f808206702378b70aaa4ec1bbd376b3a40023a2ca57ff77634c0324f3899ff61,2022-06,Bedfordshire Police,Bedfordshire Police,-0.451500,51.892369,On or near Petrol Station,E01015787,Luton 015D,Other theft,Investigation complete; no suspect identified,
f8ceea6713e7906c10928c6403f634e6b6b829f298a362f0d6f1382a9c09a34f,2022-06,Bedfordshire Police,Bedfordshire Police,-0.451500,51.892369,On or near Petrol Station,E01015787,Luton 015D,Other theft,Investigation complete; no suspect identified,
77050d207a30af5de161d4f603e4410afd17a9e54e933ef55a55e202cf1302df,2022-06,Bedfordshire Police,Bedfordshire Police,-0.450566,51.894164,On or near Larkspur Gardens,E01015787,Luton 015D,Shoplifting,Court result unavailable,
cd9ba90588e97d1805b6fbd1a79327147e77b9ecd2909c795d6455352b2e939f,2022-06,Bedfordshire Police,Bedfordshire Police,-0.450566,51.894164,On or near Larkspur Gardens,E01015787,Luton 015D,Shoplifting,Court result unavailable,
cce598a5c057f0ffbade038e798ffbacc1f3f95766ae1a196681ecbb71f46874,2022-06,Bedfordshire Police,Bedfordshire Police,-0.450566,51.894164,On or near Larkspur Gardens,E01015787,Luton 015D,Vehicle crime,Investigation complete; no suspect identified,
0e9e9c27b32be8ac13390341478411b3c4fc1f6d4e867a864885a4b1ecdf71f1,2022-06,Bedfordshire Police,Bedfordshire Police,-0.450566,51.894164,On or near Larkspur Gardens,E01015787,Luton 015D,Vehicle crime,Investigation complete; no suspect identified,
3b1a46c6abee6dc29b08d5c9deb702d8a5b3a420892ea198120b4d6ea6b047a5,2022-06,Bedfordshire Police,Bedfordshire Police,-0.447762,51.892437,On or near Caleb Close,E01015787,Luton 015D,Violence and sexual offences,Unable to prosecute suspect,
02f4a62f46ec701a53b74ad95d562bc2f283f1d91402146acb37976b9a818f35,2022-06,Bedfordshire Police,Bedfordshire Police,-0.450566,51.894164,On or near Larkspur Gardens,E01015787,Luton 015D,Violence and sexual offences,Unable to prosecute suspect,
ab43a7c06545dac07bcfa07450a3d0c8169012581afcb027b311f822b5a3b36e,2022-06,Bedfordshire Police,Bedfordshire Police,-0.450566,51.894164,On or near Larkspur Gardens,E01015787,Luton 015D,Violence and sexual offences,Unable to prosecute suspect,
331807343fa0939d6f9fd7ec49cd835b696af95694329b3d1590fcfe4ba21868,2022-06,Bedfordshire Police,Bedfordshire Police,-0.446445,51.898597,On or near Waller Avenue,E01015787,Luton 015D,Violence and sexual offences,Further action is not in the public interest,
f4e76d2db0af6e2e186e19f11ab9139dc3ad77623270284b8466877d76649fb7,2022-06,Bedfordshire Police,Bedfordshire Police,-0.451500,51.892369,On or near Petrol Station,E01015787,Luton 015D,Violence and sexual offences,Unable to prosecute suspect,
75e23b1f7303c94502e4259b340ed0bdcf9f13b7ef8c76be40f20948eea28984,2022-06,Bedfordshire Police,Bedfordshire Police,-0.444434,51.893724,On or near Maryport Road,E01015787,Luton 015D,Violence and sexual offences,Unable to prosecute suspect,
46d4a47c2a343847968ad7f7658d813407ac45d4d6401d54234cb125bb48e1bd,2022-06,Bedfordshire Police,Bedfordshire Police,-0.445169,51.897672,On or near Petrol Station,E01015787,Luton 015D,Violence and sexual offences,Unable to prosecute suspect,
3523f8ee91a6aad492df7b38662aa7527bc779f80b81a454b6178891356bdff5,2022-06,Bedfordshire Police,Bedfordshire Police,-0.442810,51.892335,On or near Maidenhall Road,E01015787,Luton 015D,Violence and sexual offences,Status update unavailable,
2236adfb6f01898b7f700e2c7a296ca9f6eb9cfb741141bc31345b6c9dcdfa69,2022-06,Bedfordshire Police,Bedfordshire Police,-0.445169,51.897672,On or near Petrol Station,E01015787,Luton 015D,Violence and sexual offences,Unable to prosecute suspect,
,2022-06,Bedfordshire Police,Bedfordshire Police,-0.445695,51.891277,On or near Crosby Close,E01015788,Luton 015E,Anti-social behaviour,,
17de83c9b2432dbb82df7d37176fa1704e3034964fe087cbc823a2a844f92b6c,2022-06,Bedfordshire Police,Bedfordshire Police,-0.440381,51.892411,On or near Sherwood Road,E01015788,Luton 015E,Criminal damage and arson,Unable to prosecute suspect,
d278c3115a60a56e753f3b0f9ec3e744501837d6cc89de267292ab3f47d3ae59,2022-06,Bedfordshire Police,Bedfordshire Police,-0.445695,51.891277,On or near Crosby Close,E01015788,Luton 015E,Violence and sexual offences,Investigation complete; no suspect identified,
90e249f9ae62bb02741b36cf60a84c64e21fca61a6f03959eec2ecac1e005ff4,2022-06,Bedfordshire Police,Bedfordshire Police,-0.440381,51.892411,On or near Sherwood Road,E01015788,Luton 015E,Violence and sexual offences,Unable to prosecute suspect,
,2022-06,Bedfordshire Police,Bedfordshire Police,-0.398946,51.878970,On or near Ketton Close,E01015719,Luton 016A,Anti-social behaviour,,
,2022-06,Bedfordshire Police,Bedfordshire Police,-0.398946,51.878970,On or near Ketton Close,E01015719,Luton 016A,Anti-social behaviour,,
390a1f58d75a848a49e4d584078ed89b202c6e17c6acde180a0fb00d2f48111b,2022-06,Bedfordshire Police,Bedfordshire Police,-0.397539,51.880137,On or near Norfolk Road,E01015719,Luton 016A,Criminal damage and arson,Unable to prosecute suspect,
39a6c2f8733b0871f179d28ac0efa5e60b4deebfc9366e8d035d187d8dd30bcb,2022-06,Bedfordshire Police,Bedfordshire Police,-0.394827,51.873878,On or near Kimpton Road,E01015719,Luton 016A,Other theft,Investigation complete; no suspect identified,
9875782709d0e546c8eaf0ddf0369470ce6afe853ef2365631967848d3efb655,2022-06,Bedfordshire Police,Bedfordshire Police,-0.397539,51.880137,On or near Norfolk Road,E01015719,Luton 016A,Other theft,Investigation complete; no suspect identified,
f827f296e9b6634515b10197434139124b71353e946f0f0cee0a8b1cc7b14037,2022-06,Bedfordshire Police,Bedfordshire Police,-0.397412,51.882069,On or near Blaydon Road,E01015719,Luton 016A,Other theft,Investigation complete; no suspect identified,
06697d142167133c971148a4bf169667fe9c20aa183790e4345c979ef12f1c1d,2022-06,Bedfordshire Police,Bedfordshire Police,-0.394827,51.873878,On or near Kimpton Road,E01015719,Luton 016A,Public order,Investigation complete; no suspect identified,
9cca90dfe004cb5d1c2bc5c2b7304c1ee76def13e3cbbb459e0a51326d2d12dd,2022-06,Bedfordshire Police,Bedfordshire Police,-0.398946,51.878970,On or near Ketton Close,E01015719,Luton 016A,Public order,Investigation complete; no suspect identified,
6f096f4d37f20cc7c3b4da105941960262c4bf7ebdd8285ddf2fa0cc36138b8d,2022-06,Bedfordshire Police,Bedfordshire Police,-0.397412,51.882069,On or near Blaydon Road,E01015719,Luton 016A,Public order,Status update unavailable,
82765d738b41791c7d6834f1b2b7c84a57e463cc5bef8f46d10b7ef46e6bec91,2022-06,Bedfordshire Police,Bedfordshire Police,-0.394827,51.873878,On or near Kimpton Road,E01015719,Luton 016A,Public order,Unable to prosecute suspect,
f2ba7a52c4d0ec6bbf7360fc5e2f418189f36eda6cab57c37270480846d47259,2022-06,Bedfordshire Police,Bedfordshire Police,-0.394827,51.873878,On or near Kimpton Road,E01015719,Luton 016A,Shoplifting,Investigation complete; no suspect identified,
eeca5802a0c6f30242da2777ba2052d7eadb671c2fd9237d0521fc1a5297ca80,2022-06,Bedfordshire Police,Bedfordshire Police,-0.394827,51.873878,On or near Kimpton Road,E01015719,Luton 016A,Shoplifting,Investigation complete; no suspect identified,
8f709c253a57a378ee9680eeae0d93e61b677c0050d933dd0fc996f0afccd43f,2022-06,Bedfordshire Police,Bedfordshire Police,-0.394827,51.873878,On or near Kimpton Road,E01015719,Luton 016A,Shoplifting,Investigation complete; no suspect identified,
a19be261f6b06de5ad26bf01049616935cec44e4565ad193a5e06b825437cdb4,2022-06,Bedfordshire Police,Bedfordshire Police,-0.394827,51.873878,On or near Kimpton Road,E01015719,Luton 016A,Vehicle crime,Unable to prosecute suspect,
235ff4c79783ac8e500f9fb9dc5eff001e7a146d945e25190df632ca01840e24,2022-06,Bedfordshire Police,Bedfordshire Police,-0.394827,51.873878,On or near Kimpton Road,E01015719,Luton 016A,Vehicle crime,Investigation complete; no suspect identified,
bcec98cca89009820c78634a5d81d25b1bc65e7124450e177564704c71bbcfee,2022-06,Bedfordshire Police,Bedfordshire Police,-0.394827,51.873878,On or near Kimpton Road,E01015719,Luton 016A,Vehicle crime,Investigation complete; no suspect identified,
7241f80ccdf87b7b90b676e447bdb9cd526a7300a293b616453cf577be38ada6,2022-06,Bedfordshire Police,Bedfordshire Police,-0.394827,51.873878,On or near Kimpton Road,E01015719,Luton 016A,Vehicle crime,Investigation complete; no suspect identified,
a7be790a54285421330f81151ceeef0fe8538d706dc9b04ee6e9141db9680384,2022-06,Bedfordshire Police,Bedfordshire Police,-0.396120,51.883688,On or near Leygreen Close,E01015719,Luton 016A,Violence and sexual offences,Unable to prosecute suspect,
d03fcd01077ad40bd3c3b13025db50535d01d1fb666d79f1c3e89b3bcf3fd16e,2022-06,Bedfordshire Police,Bedfordshire Police,-0.397539,51.880137,On or near Norfolk Road,E01015719,Luton 016A,Violence and sexual offences,Unable to prosecute suspect,
,2022-06,Bedfordshire Police,Bedfordshire Police,-0.401598,51.883277,On or near Derwent Road,E01015720,Luton 016B,Anti-social behaviour,,
72d29d5f9a2b615a48687033542cca7f87f07ee1e0cfc6cba0621970ac5da6b1,2022-06,Bedfordshire Police,Bedfordshire Police,-0.404361,51.882775,On or near Haddon Road,E01015720,Luton 016B,Criminal damage and arson,Unable to prosecute suspect,
9ab90a6cb65a32156e1d72bf8ef268d44daae9a39adf2c323d1d97234307af49,2022-06,Bedfordshire Police,Bedfordshire Police,-0.404300,51.882055,On or near Hart Hill Lane,E01015720,Luton 016B,Criminal damage and arson,Investigation complete; no suspect identified,
2c1a74178ebe104da73091d294526b41ed37fbb39c896a4ee7f8d7b09f5f9b14,2022-06,Bedfordshire Police,Bedfordshire Police,-0.402038,51.884389,On or near Tower Road,E01015720,Luton 016B,Other theft,Unable to prosecute suspect,
bdab671c49ca2970bfff6c4d3dce62a6e720a4f50a244ffc910a0a42e26fa39c,2022-06,Bedfordshire Police,Bedfordshire Police,-0.400869,51.882116,On or near Whitecroft Road,E01015720,Luton 016B,Public order,Investigation complete; no suspect identified,
5dda9a7a6bb6f7e9281ca96d253e7110f002432264977a82c88c7179dbde3677,2022-06,Bedfordshire Police,Bedfordshire Police,-0.400869,51.882116,On or near Whitecroft Road,E01015720,Luton 016B,Public order,Unable to prosecute suspect,
306c43b90980d7ebb6864d61ab88d4bc7ff44e9438fc05076a8f06d07e386f02,2022-06,Bedfordshire Police,Bedfordshire Police,-0.400869,51.882116,On or near Whitecroft Road,E01015720,Luton 016B,Robbery,Investigation complete; no suspect identified,
d786ac4bf3821942d42ff7aef14ffd09c3140c992b555934d988559ac41af303,2022-06,Bedfordshire Police,Bedfordshire Police,-0.402554,51.882543,On or near Haddon Road,E01015720,Luton 016B,Vehicle crime,Investigation complete; no suspect identified,
400d1e0ee3181033bf508e5e85c65839454debf326df471250583e609a636228,2022-06,Bedfordshire Police,Bedfordshire Police,-0.400429,51.885086,On or near Tower Way,E01015720,Luton 016B,Violence and sexual offences,Investigation complete; no suspect identified,
1d854613dd4a5b2f77eca26fb88ba37f3dc90e25ad81dfa5a2f9659719513212,2022-06,Bedfordshire Police,Bedfordshire Police,-0.402038,51.884389,On or near Tower Road,E01015720,Luton 016B,Violence and sexual offences,Investigation complete; no suspect identified,
bfdcf8379e1f5b38b75ee1754798f01c307f0778787610a3bca9e2ee682d439d,2022-06,Bedfordshire Police,Bedfordshire Police,-0.402554,51.882543,On or near Haddon Road,E01015720,Luton 016B,Violence and sexual offences,Unable to prosecute suspect,
f5af4325c5a203a8118a992422197b86b9b37fb235ae85d3b25c3fab5f2efd90,2022-06,Bedfordshire Police,Bedfordshire Police,-0.404300,51.882055,On or near Hart Hill Lane,E01015720,Luton 016B,Violence and sexual offences,Awaiting court outcome,
30e1a7e58ca7221705e255ed23c5c3152464ffef15ad343c549b94cc9aac48fa,2022-06,Bedfordshire Police,Bedfordshire Police,-0.400869,51.882116,On or near Whitecroft Road,E01015720,Luton 016B,Violence and sexual offences,Unable to prosecute suspect,
1012b844deee05bd5482f43b95d9d54e3d907e2b8688a3493b93886c61540048,2022-06,Bedfordshire Police,Bedfordshire Police,-0.404300,51.882055,On or near Hart Hill Lane,E01015720,Luton 016B,Violence and sexual offences,Unable to prosecute suspect,
759b05a59aa91616ad8e5e19b226376983ddb61dcced22a79b48f6773b3ce78a,2022-06,Bedfordshire Police,Bedfordshire Police,-0.404300,51.882055,On or near Hart Hill Lane,E01015720,Luton 016B,Violence and sexual offences,Awaiting court outcome,
128a8fa9ffbc450205d856779ebec8027fa46c245d5058e9b92a572c59836bba,2022-06,Bedfordshire Police,Bedfordshire Police,-0.401598,51.883277,On or near Derwent Road,E01015720,Luton 016B,Violence and sexual offences,Unable to prosecute suspect,
1dddfdb7da8367764fc0f4695c24ab27baa4d7e18b80b28cb691ec93b34c2107,2022-06,Bedfordshire Police,Bedfordshire Police,-0.402422,51.879700,On or near Crawley Green Road,E01015720,Luton 016B,Violence and sexual offences,Unable to prosecute suspect,
,2022-06,Bedfordshire Police,Bedfordshire Police,-0.392347,51.881523,On or near Devon Road,E01015723,Luton 016C,Anti-social behaviour,,
,2022-06,Bedfordshire Police,Bedfordshire Police,-0.388735,51.882580,On or near Harrowden Road,E01015723,Luton 016C,Anti-social behaviour,,
,2022-06,Bedfordshire Police,Bedfordshire Police,-0.388735,51.882580,On or near Harrowden Road,E01015723,Luton 016C,Anti-social behaviour,,
3221aa0c9e2edd4ce3647686b63e32934484ebae1adbd9b3afe3c0072f70a77c,2022-06,Bedfordshire Police,Bedfordshire Police,-0.388735,51.882580,On or near Harrowden Road,E01015723,Luton 016C,Vehicle crime,Investigation complete; no suspect identified,
0a89c96dda4f01a3fbd16ac02a252923bdea897949705f396e52d3d6ff3886f2,2022-06,Bedfordshire Police,Bedfordshire Police,-0.391396,51.883731,On or near Buchanan Drive,E01015723,Luton 016C,Violence and sexual offences,Unable to prosecute suspect,
c19f6af7efdd4581e353c1357225ddc5a4c17eb65faa1f017cfd3489e5d771f1,2022-06,Bedfordshire Police,Bedfordshire Police,-0.388735,51.882580,On or near Harrowden Road,E01015723,Luton 016C,Violence and sexual offences,Offender given a caution,
f151651e29d947180dfb32d3a10e89b5782be8bc3fecea955238421509ca8f28,2022-06,Bedfordshire Police,Bedfordshire Police,-0.388735,51.882580,On or near Harrowden Road,E01015723,Luton 016C,Violence and sexual offences,Investigation complete; no suspect identified,
0acce1f1d6af07765b7cd051566d7698c6788c320b7893603d8fa22e30effb8b,2022-06,Bedfordshire Police,Bedfordshire Police,-0.388735,51.882580,On or near Harrowden Road,E01015723,Luton 016C,Violence and sexual offences,Investigation complete; no suspect identified,
297a771976ff240430b13b05aed7486b4a1dd7b6121e4389b2d64e8e1941400e,2022-06,Bedfordshire Police,Bedfordshire Police,-0.388735,51.882580,On or near Harrowden Road,E01015723,Luton 016C,Violence and sexual offences,Offender given a caution,
49d081f6302aa44dbd51a1935ee7caaa2319498ffe1ba5e4ff55cb41627ad0d7,2022-06,Bedfordshire Police,Bedfordshire Police,-0.388735,51.882580,On or near Harrowden Road,E01015723,Luton 016C,Violence and sexual offences,Investigation complete; no suspect identified,
16c45f4ae6f2f8c94b79b7b641314e5c088bb6a3bd5d1d11be8f6972f6ba1063,2022-06,Bedfordshire Police,Bedfordshire Police,-0.394185,51.891916,On or near Upwell Road,E01015779,Luton 016D,Criminal damage and arson,Investigation complete; no suspect identified,
1143948569fcec373729bbbc1115cdb653a1ea8a6d51cf40f17ebb7d9dbea744,2022-06,Bedfordshire Police,Bedfordshire Police,-0.388372,51.891108,On or near Williton Road,E01015779,Luton 016D,Criminal damage and arson,Investigation complete; no suspect identified,
12d266393495946062e6d3587740861f760c3af692195efcc4d5f1a1317c5852,2022-06,Bedfordshire Police,Bedfordshire Police,-0.388372,51.891108,On or near Williton Road,E01015779,Luton 016D,Criminal damage and arson,Investigation complete; no suspect identified,
74efa88536be0a45ab2fa49b54c549e391e58700754a9ed116269fd3d3f7de7a,2022-06,Bedfordshire Police,Bedfordshire Police,-0.393007,51.890290,On or near Hartsfield Road,E01015779,Luton 016D,Public order,Investigation complete; no suspect identified,
4a92f22a8d2e175425d4052be4d6938c1817ce1458442e09e1be983ae620819c,2022-06,Bedfordshire Police,Bedfordshire Police,-0.388372,51.891108,On or near Williton Road,E01015779,Luton 016D,Vehicle crime,Investigation complete; no suspect identified,
8a40d615b397025347b29da63285a049f2f16933bc4f1ca017c72fb1554686b6,2022-06,Bedfordshire Police,Bedfordshire Police,-0.393007,51.890290,On or near Hartsfield Road,E01015779,Luton 016D,Violence and sexual offences,Unable to prosecute suspect,
dc64dceb4757880d6b18874b31b20ca2f4afbd211492a524063ec6376638ed23,2022-06,Bedfordshire Police,Bedfordshire Police,-0.393007,51.890290,On or near Hartsfield Road,E01015779,Luton 016D,Violence and sexual offences,Investigation complete; no suspect identified,
1b69b83039805745294a6ae277c6fd6bffc745dd60a59ef783161fd3af88bcbc,2022-06,Bedfordshire Police,Bedfordshire Police,-0.394185,51.891916,On or near Upwell Road,E01015779,Luton 016D,Violence and sexual offences,Unable to prosecute suspect,
deb5fb7b2c61203fe5b280d399508dd4c156c90ff09befc4ce09a547fb817539,2022-06,Bedfordshire Police,Bedfordshire Police,-0.394185,51.891916,On or near Upwell Road,E01015779,Luton 016D,Violence and sexual offences,Unable to prosecute suspect,
,2022-06,Bedfordshire Police,Bedfordshire Police,-0.399951,51.885466,On or near Abbots Wood Road,E01015780,Luton 016E,Anti-social behaviour,,
,2022-06,Bedfordshire Police,Bedfordshire Police,-0.399951,51.885466,On or near Abbots Wood Road,E01015780,Luton 016E,Anti-social behaviour,,
eedf0a1015272425fa0485d2003feea16e9d766e9c7f7880f67a87fe725b146e,2022-06,Bedfordshire Police,Bedfordshire Police,-0.395910,51.891634,On or near Vauxhall Way,E01015780,Luton 016E,Criminal damage and arson,Investigation complete; no suspect identified,
7c0345e1b80c44d81f3ce2f9f8c7fd0d94bdccd6150f6ee629790e114a8ff4f2,2022-06,Bedfordshire Police,Bedfordshire Police,-0.401675,51.889275,On or near Kenneth Road,E01015780,Luton 016E,Criminal damage and arson,Investigation complete; no suspect identified,
82a177ecab0983130bcd7ef747e2007303145c7779ccf8ab3a3ca80e89cdd537,2022-06,Bedfordshire Police,Bedfordshire Police,-0.401609,51.888690,On or near Cherry Tree Close,E01015780,Luton 016E,Public order,Unable to prosecute suspect,
9cd251c79c0812205b60ef1c438a46ee668974ccfeaa259b50ab050f5e5c91d9,2022-06,Bedfordshire Police,Bedfordshire Police,-0.402594,51.887957,On or near Hart Lane,E01015780,Luton 016E,Public order,Unable to prosecute suspect,
e9969267e44ed87c41a6b39a4b0820771427c2c4eb6cac202b81f69bef9bfc8e,2022-06,Bedfordshire Police,Bedfordshire Police,-0.400686,51.889720,On or near Elmore Road,E01015780,Luton 016E,Vehicle crime,Investigation complete; no suspect identified,
3673d7ecb917864337ef0f60ed68527423126c92f71c74624153d1b5080b45a0,2022-06,Bedfordshire Police,Bedfordshire Police,-0.399951,51.885466,On or near Abbots Wood Road,E01015780,Luton 016E,Vehicle crime,Investigation complete; no suspect identified,
2cf200eca8c86202239c477afeb432fd6c1eb86f63eb6c6b1af6e297642ad8fb,2022-06,Bedfordshire Police,Bedfordshire Police,-0.399951,51.885466,On or near Abbots Wood Road,E01015780,Luton 016E,Violence and sexual offences,Unable to prosecute suspect,
4f54c44d26a26e97df2972d086788fd22acabd5f95f76c9a9f2b86d252a28256,2022-06,Bedfordshire Police,Bedfordshire Police,-0.394968,51.888294,On or near Somerset Avenue,E01015780,Luton 016E,Violence and sexual offences,Unable to prosecute suspect,
87c3e5463a0d838e193fa57b33e28a37095b36d8e78a6ee94de7a165e82bba50,2022-06,Bedfordshire Police,Bedfordshire Police,-0.402594,51.887957,On or near Hart Lane,E01015780,Luton 016E,Violence and sexual offences,Unable to prosecute suspect,
d1d71f030c7b0cb00fc0c17650471e22f7a294f91f548397d28315d41f731164,2022-06,Bedfordshire Police,Bedfordshire Police,-0.400686,51.889720,On or near Elmore Road,E01015780,Luton 016E,Violence and sexual offences,Status update unavailable,
6f2177347ce2a1efdaaa4e76e5593b2eea9b6fefbc8f4f3f8a70f79207d0d13c,2022-06,Bedfordshire Police,Bedfordshire Police,-0.395910,51.891634,On or near Vauxhall Way,E01015780,Luton 016E,Violence and sexual offences,Unable to prosecute suspect,
ceaf09a9c320522cb8af20b52d5b112d44ba1e95a9d26b0b6750883d6f75bcda,2022-06,Bedfordshire Police,Bedfordshire Police,-0.397249,51.891157,On or near Walcot Avenue,E01015780,Luton 016E,Other crime,Further investigation is not in the public interest,
,2022-06,Bedfordshire Police,Bedfordshire Police,-0.399743,51.888871,On or near Elmore Road,E01015781,Luton 016F,Anti-social behaviour,,
,2022-06,Bedfordshire Police,Bedfordshire Police,-0.394879,51.886287,On or near Taunton Avenue,E01015781,Luton 016F,Anti-social behaviour,,
dfcdc4d224573f90066048cbb9d953f39657689645c6da13a4abcf8560fb413d,2022-06,Bedfordshire Police,Bedfordshire Police,-0.394879,51.886287,On or near Taunton Avenue,E01015781,Luton 016F,Criminal damage and arson,Investigation complete; no suspect identified,
061eb6b71ff8b010c65df6f5616fa5fd1fe9124d9b319ece0780fe4361acc7e3,2022-06,Bedfordshire Police,Bedfordshire Police,-0.398096,51.888588,On or near Rosefield Close,E01015781,Luton 016F,Drugs,Status update unavailable,
d9211347e3164cd2e8eb355fe47a961a7e9718a2ec160bc2065cfa27ae4648df,2022-06,Bedfordshire Police,Bedfordshire Police,-0.396995,51.885219,On or near Cowridge Crescent,E01015781,Luton 016F,Vehicle crime,Investigation complete; no suspect identified,
441bbe9f18b449956344185a0b2e4ecf905fa8a434a2109b4a85ee2f3ae6176a,2022-06,Bedfordshire Police,Bedfordshire Police,-0.398096,51.888588,On or near Rosefield Close,E01015781,Luton 016F,Violence and sexual offences,Court result unavailable,
e927137542a20ceba1b8b96757de379c5b594cba8e355ec114a17da5e5351646,2022-06,Bedfordshire Police,Bedfordshire Police,-0.399743,51.888871,On or near Elmore Road,E01015781,Luton 016F,Violence and sexual offences,Status update unavailable,
b0c60d8ca842693b4c62bdbc17b24e93844e6027fbc006e1d73c7713d5d6aa57,2022-06,Bedfordshire Police,Bedfordshire Police,-0.398096,51.888588,On or near Rosefield Close,E01015781,Luton 016F,Violence and sexual offences,Court result unavailable,
18da80f74712d8b6958893f1b46ae3c2c1c1f2324fcf9fa8abf3232a1871d476,2022-06,Bedfordshire Police,Bedfordshire Police,-0.398096,51.888588,On or near Rosefield Close,E01015781,Luton 016F,Other crime,Unable to prosecute suspect,
f51ec3c45fd44318b684fc7ebc43869f9c58dbd55875c901e02015eb13854df7,2022-06,Bedfordshire Police,Bedfordshire Police,-0.398096,51.888588,On or near Rosefield Close,E01015781,Luton 016F,Other crime,Unable to prosecute suspect,
,2022-06,Bedfordshire Police,Bedfordshire Police,-0.387980,51.895967,On or near Long Close,E01015807,Luton 016G,Anti-social behaviour,,
,2022-06,Bedfordshire Police,Bedfordshire Police,-0.381729,51.894775,On or near Wigmore Lane,E01015807,Luton 016G,Anti-social behaviour,,
,2022-06,Bedfordshire Police,Bedfordshire Police,-0.385453,51.893073,On or near Keepers Close,E01015807,Luton 016G,Anti-social behaviour,,
,2022-06,Bedfordshire Police,Bedfordshire Police,-0.381729,51.894775,On or near Wigmore Lane,E01015807,Luton 016G,Anti-social behaviour,,
d700d159349be29b0641b6994059d8be8fafbf4fbce45db6da771b762f28190b,2022-06,Bedfordshire Police,Bedfordshire Police,-0.380508,51.892367,On or near Sports/Recreation Area,E01015807,Luton 016G,Criminal damage and arson,Investigation complete; no suspect identified,
7be36efa6635d56ed97f39015d33ddab5607c64c4102d8298d4fe16603e3f13b,2022-06,Bedfordshire Police,Bedfordshire Police,-0.381729,51.894775,On or near Wigmore Lane,E01015807,Luton 016G,Criminal damage and arson,Investigation complete; no suspect identified,
9b1a3dc22d6ed084ddcbe1acdde90e34eb277dcc3e5d1f3386ef55eb1d25bdbf,2022-06,Bedfordshire Police,Bedfordshire Police,-0.389535,51.895970,On or near Garretts Mead,E01015807,Luton 016G,Drugs,Awaiting court outcome,
40ef87a6ee9707a59b2f8c9cdaf79f36a4ad6ecb5fc9ecb7b371bcf633aa1dc4,2022-06,Bedfordshire Police,Bedfordshire Police,-0.380967,51.893758,On or near Chalfont Way,E01015807,Luton 016G,Other theft,Unable to prosecute suspect,
ce94b6d4a4913018afe999b3671a44424be2bf7065e00610cb55f81712d019aa,2022-06,Bedfordshire Police,Bedfordshire Police,-0.389535,51.895970,On or near Garretts Mead,E01015807,Luton 016G,Possession of weapons,Unable to prosecute suspect,
48a2b1ff534d0b086e3cb182122caa947ec73ff34f896f38dcbfd3072fe0401b,2022-06,Bedfordshire Police,Bedfordshire Police,-0.387980,51.895967,On or near Long Close,E01015807,Luton 016G,Violence and sexual offences,Unable to prosecute suspect,
0c8ae03f26b49e6651e06cd70cf09c6f485efebf57231d6385fd116fdacc737c,2022-06,Bedfordshire Police,Bedfordshire Police,-0.387036,51.894327,On or near Mangrove Road,E01015807,Luton 016G,Violence and sexual offences,Unable to prosecute suspect,
e92fdde431313fcfb0d049ca170d53f8142befbf14f626e3393437b9705a737a,2022-06,Bedfordshire Police,Bedfordshire Police,-0.381876,51.893114,On or near Sports/Recreation Area,E01015807,Luton 016G,Violence and sexual offences,Status update unavailable,
d49933b2cd3d9d61eb0d91b58cd677c0f46b3358608b4cbe0c150dba653a0de6,2022-06,Bedfordshire Police,Bedfordshire Police,-0.387980,51.895967,On or near Long Close,E01015807,Luton 016G,Violence and sexual offences,Unable to prosecute suspect,
bcf4d959af8723603a8282d4561fe53220e158a952cf60f018d0bbf1ddc754f4,2022-06,Bedfordshire Police,Bedfordshire Police,-0.389213,51.893988,On or near Littlefield Road,E01015807,Luton 016G,Other crime,Status update unavailable,
,2022-06,Bedfordshire Police,Bedfordshire Police,-0.425014,51.886335,On or near Biscot Road,E01015698,Luton 017A,Anti-social behaviour,,
,2022-06,Bedfordshire Police,Bedfordshire Police,-0.424290,51.887935,On or near Malzeard Road,E01015698,Luton 017A,Anti-social behaviour,,
b5723a03b730afea058042097a5585a75c160cfe1b26cf8da82c69cbb773dba5,2022-06,Bedfordshire Police,Bedfordshire Police,-0.426991,51.886748,On or near Highbury Road,E01015698,Luton 017A,Burglary,Investigation complete; no suspect identified,
b54f0b2a85029cf047e20699463cb112222cf8f34e21d26b1a3f2caebed07847,2022-06,Bedfordshire Police,Bedfordshire Police,-0.421235,51.890115,On or near New Bedford Road,E01015698,Luton 017A,Criminal damage and arson,Investigation complete; no suspect identified,
955a66d3ae92912ba2db1ba0cb5bb64af1faf25ebb7f1508260eec82f373b876,2022-06,Bedfordshire Police,Bedfordshire Police,-0.426997,51.887387,On or near Whitby Road,E01015698,Luton 017A,Criminal damage and arson,Investigation complete; no suspect identified,
a74edd4cb06e7820522a04d57c8d72b18979c0f5d43a80c2c0203db3e1f0d2c7,2022-06,Bedfordshire Police,Bedfordshire Police,-0.426237,51.885434,On or near Waldeck Road,E01015698,Luton 017A,Other theft,Investigation complete; no suspect identified,
fdaf688d7201e5a6fcea8e413b64c3fa5bba2d5dca9d7e0c1be48ac35a01d9a0,2022-06,Bedfordshire Police,Bedfordshire Police,-0.426915,51.885569,On or near Bury Park Road,E01015698,Luton 017A,Other theft,Investigation complete; no suspect identified,
9bb016d10bcfb7c05f463b5e8a9ebd9f5d241c1d15c4a5b0b8a8013f4c88f08e,2022-06,Bedfordshire Police,Bedfordshire Police,-0.421235,51.890115,On or near New Bedford Road,E01015698,Luton 017A,Public order,Investigation complete; no suspect identified,
3f2d3b71862b56014df057f3e805a41b1936d658c089092f737188b8f34b86c7,2022-06,Bedfordshire Police,Bedfordshire Police,-0.425014,51.886335,On or near Biscot Road,E01015698,Luton 017A,Robbery,Unable to prosecute suspect,
83dfc373ac93de6279cdeb743ce2042ff0a3b494da527962690790bc832341a2,2022-06,Bedfordshire Police,Bedfordshire Police,-0.426997,51.887387,On or near Whitby Road,E01015698,Luton 017A,Vehicle crime,Investigation complete; no suspect identified,
190d9ae230ec32d3e72d7eaffe939d4beed01bbb7229e5bf1e9f1bb30219ebf1,2022-06,Bedfordshire Police,Bedfordshire Police,-0.425014,51.886335,On or near Biscot Road,E01015698,Luton 017A,Vehicle crime,Unable to prosecute suspect,
20fa0180f38a1b20fc34b081f463507df1ca6018858159fd01af987891dae030,2022-06,Bedfordshire Police,Bedfordshire Police,-0.426997,51.887387,On or near Whitby Road,E01015698,Luton 017A,Vehicle crime,Investigation complete; no suspect identified,
e672dc89663c48f52aa92c11ecc04e275c0476233705ae37285f10a56b323434,2022-06,Bedfordshire Police,Bedfordshire Police,-0.424290,51.887935,On or near Malzeard Road,E01015698,Luton 017A,Violence and sexual offences,Unable to prosecute suspect,
73dc1fa1b7b2c69b2460389b0095d44663fed21010ceb7fa01eea8241b7ef9f4,2022-06,Bedfordshire Police,Bedfordshire Police,-0.426915,51.885569,On or near Bury Park Road,E01015698,Luton 017A,Violence and sexual offences,Unable to prosecute suspect,
38a947d9a650d48fad580011dbd7fab920f15e2d23579cbc6471d3594c1486c3,2022-06,Bedfordshire Police,Bedfordshire Police,-0.425014,51.886335,On or near Biscot Road,E01015698,Luton 017A,Violence and sexual offences,Unable to prosecute suspect,
98acaf73d4b5165b809ee168066c99ddd8dab0374beffe966bec78a411556010,2022-06,Bedfordshire Police,Bedfordshire Police,-0.421235,51.890115,On or near New Bedford Road,E01015698,Luton 017A,Violence and sexual offences,Unable to prosecute suspect,
c1caabd112812c78ca0fb6386503d50d5cde2d7c03650ed9d2bd06f07b6c0345,2022-06,Bedfordshire Police,Bedfordshire Police,-0.426237,51.885434,On or near Waldeck Road,E01015698,Luton 017A,Violence and sexual offences,Unable to prosecute suspect,
ed19a4f3953c807cd6073300c559ad4b1bd067440154d38e4582e19b802f90c5,2022-06,Bedfordshire Police,Bedfordshire Police,-0.425014,51.886335,On or near Biscot Road,E01015698,Luton 017A,Violence and sexual offences,Investigation complete; no suspect identified,
1c4a6b6344025ceb166d780548c0062818ee9e4d3f195d7018267dbc4361cc61,2022-06,Bedfordshire Police,Bedfordshire Police,-0.426237,51.885434,On or near Waldeck Road,E01015698,Luton 017A,Violence and sexual offences,Unable to prosecute suspect,
9377dc6df9bc704c238102ab8b825cea9c1d2e0081f5236ce9fc0a1261633587,2022-06,Bedfordshire Police,Bedfordshire Police,-0.424290,51.887935,On or near Malzeard Road,E01015698,Luton 017A,Violence and sexual offences,Unable to prosecute suspect,
90fbcdcecb6ffb9be07ceafde15b558776b8c408caa8f52fe59bb83fe783db3a,2022-06,Bedfordshire Police,Bedfordshire Police,-0.424290,51.887935,On or near Malzeard Road,E01015698,Luton 017A,Violence and sexual offences,Unable to prosecute suspect,
,2022-06,Bedfordshire Police,Bedfordshire Police,-0.421330,51.887392,On or near New Bedford Road,E01015699,Luton 017B,Anti-social behaviour,,
,2022-06,Bedfordshire Police,Bedfordshire Police,-0.423148,51.882776,On or near Supermarket,E01015699,Luton 017B,Anti-social behaviour,,
,2022-06,Bedfordshire Police,Bedfordshire Police,-0.423148,51.882776,On or near Supermarket,E01015699,Luton 017B,Anti-social behaviour,,
d946a4a088d5103f060101b3a004b635885261d40160471c6f802e1d2913c67d,2022-06,Bedfordshire Police,Bedfordshire Police,-0.423107,51.886013,On or near Hillside Road,E01015699,Luton 017B,Bicycle theft,Investigation complete; no suspect identified,
f32ce299449c0100249c9256cd83b7e82d0f9f16c7c78c6636d482b8faaf634f,2022-06,Bedfordshire Police,Bedfordshire Police,-0.424942,51.883816,On or near Francis Street,E01015699,Luton 017B,Criminal damage and arson,Unable to prosecute suspect,
1eb23642099c44c684c415ac310c7923a7049b8f9ed8cca671e8996ec2c0b245,2022-06,Bedfordshire Police,Bedfordshire Police,-0.423148,51.882776,On or near Supermarket,E01015699,Luton 017B,Criminal damage and arson,Investigation complete; no suspect identified,
d2d788b16b5e961e28edd97b2a886881575481f73ca6a0feaf6036c8570b6516,2022-06,Bedfordshire Police,Bedfordshire Police,-0.422877,51.883888,On or near Crawley Road,E01015699,Luton 017B,Drugs,Local resolution,
697791c2e20b318ebfa04962978d21f624a8fd346f32e27a15790680e85c5c94,2022-06,Bedfordshire Police,Bedfordshire Police,-0.422742,51.885648,On or near Brook Street,E01015699,Luton 017B,Drugs,Status update unavailable,
d2e2adb2c04c1baca0547a0e4e9a018a6b275197d817363d1888224a964e7eee,2022-06,Bedfordshire Police,Bedfordshire Police,-0.420744,51.883391,On or near Pedestrian Subway,E01015699,Luton 017B,Drugs,Local resolution,
700e3535a4570927766ab833a8deedbc6095afb9e14242053f34c3e64fff46d3,2022-06,Bedfordshire Police,Bedfordshire Police,-0.424942,51.883816,On or near Francis Street,E01015699,Luton 017B,Other theft,Investigation complete; no suspect identified,
f8185cff28d592cac88339ae1345e054dd5d483944883ce0407cc70328b53665,2022-06,Bedfordshire Police,Bedfordshire Police,-0.423148,51.882776,On or near Supermarket,E01015699,Luton 017B,Other theft,Investigation complete; no suspect identified,
036e9070f1dba78fec73bb82248a6c938699dc1f8605da7923082b9d72ad8126,2022-06,Bedfordshire Police,Bedfordshire Police,-0.422877,51.883888,On or near Crawley Road,E01015699,Luton 017B,Other theft,Investigation complete; no suspect identified,
2e661c48b2ff2881de8491f26feb6178d53a07d1b68ff7dc5ac41519b7f83ab3,2022-06,Bedfordshire Police,Bedfordshire Police,-0.420744,51.883391,On or near Pedestrian Subway,E01015699,Luton 017B,Possession of weapons,Unable to prosecute suspect,
8334e9c4286fdb275708abffa1771747ec99933503e908db6ed4384deba91d5c,2022-06,Bedfordshire Police,Bedfordshire Police,-0.421982,51.883309,On or near Shopping Area,E01015699,Luton 017B,Public order,Investigation complete; no suspect identified,
f6eff772736399a793393aea78bae086a88063003265e9719f8ba777e9d8f78f,2022-06,Bedfordshire Police,Bedfordshire Police,-0.423148,51.882776,On or near Supermarket,E01015699,Luton 017B,Public order,Investigation complete; no suspect identified,
80486b6e4449e92296142d8770ba8c21851564a05263c8a938650ac3c5057276,2022-06,Bedfordshire Police,Bedfordshire Police,-0.423107,51.886013,On or near Hillside Road,E01015699,Luton 017B,Public order,Unable to prosecute suspect,
4aeb78a37f7efbf70ff8d8389c8c05e4c7981adb19370ba35a3ef1db7621442f,2022-06,Bedfordshire Police,Bedfordshire Police,-0.422742,51.885648,On or near Brook Street,E01015699,Luton 017B,Public order,Investigation complete; no suspect identified,
9e81a6a1ea03d0eaf82841a5842eb7bad2587d61929fea3371b0dbf774d640cb,2022-06,Bedfordshire Police,Bedfordshire Police,-0.419485,51.882835,On or near New Bedford Road,E01015699,Luton 017B,Public order,Investigation complete; no suspect identified,
5c62c0b1da517429a3900f26b710e4040dacbed7ec2d080f85c9b3def6a95c42,2022-06,Bedfordshire Police,Bedfordshire Police,-0.421330,51.887392,On or near New Bedford Road,E01015699,Luton 017B,Robbery,Investigation complete; no suspect identified,
15212ba7634ef8daeb1c06fbaf42cbc81cef21232f2eed194fdc09261e9dcc6c,2022-06,Bedfordshire Police,Bedfordshire Police,-0.423148,51.882776,On or near Supermarket,E01015699,Luton 017B,Shoplifting,Investigation complete; no suspect identified,
cde4057d50cf37e43b745d246840d295af22d185761aeb69e40baa93956942ad,2022-06,Bedfordshire Police,Bedfordshire Police,-0.423148,51.882776,On or near Supermarket,E01015699,Luton 017B,Shoplifting,Investigation complete; no suspect identified,
b26dbe5feefb26d39dec3257fbbd74b615aaa1ee643069b2170da0393279ff6c,2022-06,Bedfordshire Police,Bedfordshire Police,-0.423148,51.882776,On or near Supermarket,E01015699,Luton 017B,Shoplifting,Investigation complete; no suspect identified,
1a4228b30ab2873637022c4932fc2131ba215e42b000aba66ba5d8b9333b6008,2022-06,Bedfordshire Police,Bedfordshire Police,-0.423148,51.882776,On or near Supermarket,E01015699,Luton 017B,Shoplifting,Investigation complete; no suspect identified,
8f5ee784134df524b9a76ac6bc8e83262ca1881b7921013790280670cbd164a4,2022-06,Bedfordshire Police,Bedfordshire Police,-0.423148,51.882776,On or near Supermarket,E01015699,Luton 017B,Shoplifting,Investigation complete; no suspect identified,
d0894a9dbc7bd4130a01dfd8e87cfd1107b1133fe44ed636ec12a51955875205,2022-06,Bedfordshire Police,Bedfordshire Police,-0.422877,51.883888,On or near Crawley Road,E01015699,Luton 017B,Shoplifting,Unable to prosecute suspect,
8538aa2478cbedaffbd505ad6fb9badaca7fdfc8fec605b781dc95c30877b6c6,2022-06,Bedfordshire Police,Bedfordshire Police,-0.419485,51.882835,On or near New Bedford Road,E01015699,Luton 017B,Shoplifting,Investigation complete; no suspect identified,
d78d71ef5b6c3d1ecd582bcf5ffc00b6292d6e87fed8653d11b3743ced22732c,2022-06,Bedfordshire Police,Bedfordshire Police,-0.423148,51.882776,On or near Supermarket,E01015699,Luton 017B,Shoplifting,Investigation complete; no suspect identified,
a153a648b34e86fc11553424b1e7523f35c585ec0498b523eb5fb5fe822915d8,2022-06,Bedfordshire Police,Bedfordshire Police,-0.423148,51.882776,On or near Supermarket,E01015699,Luton 017B,Shoplifting,Investigation complete; no suspect identified,
ee823bf20c404539bc16d878c1eafeb61a16b31b949687925fc36f4c7450cc1f,2022-06,Bedfordshire Police,Bedfordshire Police,-0.423148,51.882776,On or near Supermarket,E01015699,Luton 017B,Shoplifting,Investigation complete; no suspect identified,
3de7a5686af7de194668f57e76a6e63efb351ec77c8b495342de972f64aa83f1,2022-06,Bedfordshire Police,Bedfordshire Police,-0.423148,51.882776,On or near Supermarket,E01015699,Luton 017B,Shoplifting,Court result unavailable,
b23261760ef2ef2a147161f2d7da58814bf133ec71a1451a57689a7f4ba365d5,2022-06,Bedfordshire Police,Bedfordshire Police,-0.423148,51.882776,On or near Supermarket,E01015699,Luton 017B,Shoplifting,Investigation complete; no suspect identified,
3dd563ce5802d6e4748cddcecd8dc34f4bb2feede7f1ccc20d4e5168d32e8f4d,2022-06,Bedfordshire Police,Bedfordshire Police,-0.423148,51.882776,On or near Supermarket,E01015699,Luton 017B,Shoplifting,Investigation complete; no suspect identified,
5aeb8322e3f46d4d7bb4d49aefeb32c7cf793560fec3b8eed27e747f4517ea16,2022-06,Bedfordshire Police,Bedfordshire Police,-0.423148,51.882776,On or near Supermarket,E01015699,Luton 017B,Shoplifting,Investigation complete; no suspect identified,
230f5d4c1ec2fbd7eb0d300bc685f5370e0d01c45961ac4b752dc7862b84cf01,2022-06,Bedfordshire Police,Bedfordshire Police,-0.423148,51.882776,On or near Supermarket,E01015699,Luton 017B,Shoplifting,Investigation complete; no suspect identified,
6fa190e0cb34d101e12eed5b9948030524fa64b47a5ae244a0a01b4e35d71d64,2022-06,Bedfordshire Police,Bedfordshire Police,-0.423148,51.882776,On or near Supermarket,E01015699,Luton 017B,Shoplifting,Investigation complete; no suspect identified,
2916113246cedf68ca560630c3b14c2c9e44d4202b89a6994e8f12ebb21bdd84,2022-06,Bedfordshire Police,Bedfordshire Police,-0.423148,51.882776,On or near Supermarket,E01015699,Luton 017B,Shoplifting,Investigation complete; no suspect identified,
43de94b24f8a6d724aa6422fccaf857efb35c3641ca607d3c6bf9b3824ea9ed7,2022-06,Bedfordshire Police,Bedfordshire Police,-0.423148,51.882776,On or near Supermarket,E01015699,Luton 017B,Shoplifting,Investigation complete; no suspect identified,
12799756fab54e472b4617811fe5beba080f949c05790ec93b032fe7b41e0f65,2022-06,Bedfordshire Police,Bedfordshire Police,-0.423148,51.882776,On or near Supermarket,E01015699,Luton 017B,Shoplifting,Investigation complete; no suspect identified,
d87f85f74465565f59c0133dfebf2778b298c3800670df46216e224e36a6d805,2022-06,Bedfordshire Police,Bedfordshire Police,-0.423148,51.882776,On or near Supermarket,E01015699,Luton 017B,Shoplifting,Investigation complete; no suspect identified,
d24fb7f2489ef4839436b38a0c8312073749e041493cf5a5051288cf1b40420c,2022-06,Bedfordshire Police,Bedfordshire Police,-0.423148,51.882776,On or near Supermarket,E01015699,Luton 017B,Shoplifting,Investigation complete; no suspect identified,
9b0de76fe0252d280b7a50779f136796dbff04c3172e63d4a1bd95e0ce365d94,2022-06,Bedfordshire Police,Bedfordshire Police,-0.423148,51.882776,On or near Supermarket,E01015699,Luton 017B,Shoplifting,Unable to prosecute suspect,
52338ecbe8af892bbea1c4c4438a4b3a7766ac1d8efaf2a710a8c1c27196e18e,2022-06,Bedfordshire Police,Bedfordshire Police,-0.425541,51.884148,On or near Moor Street,E01015699,Luton 017B,Vehicle crime,Investigation complete; no suspect identified,
caff536e3c7c66c4e0ea273e37505b20db5aff9d48f1b3c34410bfd6f9561664,2022-06,Bedfordshire Police,Bedfordshire Police,-0.422742,51.885648,On or near Brook Street,E01015699,Luton 017B,Vehicle crime,Investigation complete; no suspect identified,
0e686297beafa31686d616320d9db4b73bb92155d7cd0b7e7a4bfd70ccd91afa,2022-06,Bedfordshire Police,Bedfordshire Police,-0.421330,51.887392,On or near New Bedford Road,E01015699,Luton 017B,Vehicle crime,Investigation complete; no suspect identified,
ed79168e5889034d7b829dcf2598ebf2a25faa7e9502b36833cbac1a5659e3fb,2022-06,Bedfordshire Police,Bedfordshire Police,-0.423148,51.882776,On or near Supermarket,E01015699,Luton 017B,Violence and sexual offences,Unable to prosecute suspect,
88d6a6e7cfb8151845f0faa4edf3f752d5b9dc08009488d421af6e6d23d32313,2022-06,Bedfordshire Police,Bedfordshire Police,-0.424942,51.883816,On or near Francis Street,E01015699,Luton 017B,Violence and sexual offences,Unable to prosecute suspect,
c192bbf903e9104e0e8791aa6e68ba5e1a3f941e180373904335688711366009,2022-06,Bedfordshire Police,Bedfordshire Police,-0.425541,51.884148,On or near Moor Street,E01015699,Luton 017B,Violence and sexual offences,Unable to prosecute suspect,
d57c52d27992ff42d69efb3041157e99308467bd6f19b84511cd7d21030aeb98,2022-06,Bedfordshire Police,Bedfordshire Police,-0.424942,51.883816,On or near Francis Street,E01015699,Luton 017B,Violence and sexual offences,Investigation complete; no suspect identified,
16aa3f70ae23630a0c005e3d57fbb900844d97dbd461512b0f0545c827db1a8a,2022-06,Bedfordshire Police,Bedfordshire Police,-0.425541,51.884148,On or near Moor Street,E01015699,Luton 017B,Violence and sexual offences,Unable to prosecute suspect,
e80dbe65a8a4ee37d9146a5e03e664f33aa0951e89f8888501a21fc308a1254b,2022-06,Bedfordshire Police,Bedfordshire Police,-0.424942,51.883816,On or near Francis Street,E01015699,Luton 017B,Violence and sexual offences,Investigation complete; no suspect identified,
ae0e5e0fef4aa72b762705b88869929480fd505f292eea60a04809e3c1efb61a,2022-06,Bedfordshire Police,Bedfordshire Police,-0.424942,51.883816,On or near Francis Street,E01015699,Luton 017B,Violence and sexual offences,Unable to prosecute suspect,
,2022-06,Bedfordshire Police,Bedfordshire Police,-0.428510,51.892343,On or near Argyll Avenue,E01015702,Luton 017C,Anti-social behaviour,,
,2022-06,Bedfordshire Police,Bedfordshire Police,-0.424590,51.889755,On or near Marlborough Road,E01015702,Luton 017C,Anti-social behaviour,,
,2022-06,Bedfordshire Police,Bedfordshire Police,-0.427195,51.888387,On or near Ellenhall Close,E01015702,Luton 017C,Anti-social behaviour,,
0e6bd816046c0e55c33909a332a0e0fc89c5d8e3169812ed3cfc0939622f06cc,2022-06,Bedfordshire Police,Bedfordshire Police,-0.427195,51.888387,On or near Ellenhall Close,E01015702,Luton 017C,Criminal damage and arson,Court result unavailable,
66a8d7f1c7664209b85e2fc7f48acb37099430ff8a447ee9f5224d5c6d501154,2022-06,Bedfordshire Police,Bedfordshire Police,-0.428510,51.892343,On or near Argyll Avenue,E01015702,Luton 017C,Public order,Status update unavailable,
6fcdf3e87b40c80f0219c677f356b6ade8bc6affd2755fe9646ce59ba0b11d2e,2022-06,Bedfordshire Police,Bedfordshire Police,-0.428510,51.892343,On or near Argyll Avenue,E01015702,Luton 017C,Public order,Status update unavailable,
90e907be9747b5f41af1fe26bbd4df5e763e6b37e433d8fb8351b6c9b7888e30,2022-06,Bedfordshire Police,Bedfordshire Police,-0.427195,51.888387,On or near Ellenhall Close,E01015702,Luton 017C,Public order,Formal action is not in the public interest,
668ff5e797f3d77490e47a23bc06d6dd730993402a6dead0440e6df0032bb9c7,2022-06,Bedfordshire Police,Bedfordshire Police,-0.430960,51.894588,On or near Sheridan Road,E01015702,Luton 017C,Public order,Unable to prosecute suspect,
2c60221903e2210a379cd2e74b2ec721baaa4e71f4784245bd45fa71d6149a0b,2022-06,Bedfordshire Police,Bedfordshire Police,-0.427195,51.888387,On or near Ellenhall Close,E01015702,Luton 017C,Vehicle crime,Investigation complete; no suspect identified,
72eedf51ca119e1ad2c10ab5d5b5b481a94c5e0d7018c649f121999de011ff28,2022-06,Bedfordshire Police,Bedfordshire Police,-0.428887,51.888608,On or near Dorrington Close,E01015702,Luton 017C,Violence and sexual offences,Unable to prosecute suspect,
2fdee652e0ef92e133b33d06a4b38c40771d22240093dab731437073188c69b0,2022-06,Bedfordshire Police,Bedfordshire Police,-0.428510,51.892343,On or near Argyll Avenue,E01015702,Luton 017C,Violence and sexual offences,Investigation complete; no suspect identified,
cccfde45c8c91e2d1f929fceb5bd52e1cb027e8f9f887f056aaa623fc0e71430,2022-06,Bedfordshire Police,Bedfordshire Police,-0.427195,51.888387,On or near Ellenhall Close,E01015702,Luton 017C,Violence and sexual offences,Unable to prosecute suspect,
b9d8fec7c4c2d4ea6eb197e02154278a69aebb53abc0be706dc3a64034fd5f4b,2022-06,Bedfordshire Police,Bedfordshire Police,-0.428510,51.892343,On or near Argyll Avenue,E01015702,Luton 017C,Violence and sexual offences,Investigation complete; no suspect identified,
2520e6ce79fe9a68635982286e53ab5dedc4f9ecfc3158e12871a0857bb02524,2022-06,Bedfordshire Police,Bedfordshire Police,-0.427195,51.888387,On or near Ellenhall Close,E01015702,Luton 017C,Violence and sexual offences,Unable to prosecute suspect,
,2022-06,Bedfordshire Police,Bedfordshire Police,-0.429401,51.889721,On or near Milliners Way,E01015705,Luton 017D,Anti-social behaviour,,
,2022-06,Bedfordshire Police,Bedfordshire Police,-0.429401,51.889721,On or near Milliners Way,E01015705,Luton 017D,Anti-social behaviour,,
,2022-06,Bedfordshire Police,Bedfordshire Police,-0.429401,51.889721,On or near Milliners Way,E01015705,Luton 017D,Anti-social behaviour,,
6a5f55acd1963e863c86884efbebdd361986833855f321f8665b058058034f71,2022-06,Bedfordshire Police,Bedfordshire Police,-0.433202,51.887802,On or near Westbourne Road,E01015705,Luton 017D,Drugs,Local resolution,
7e84181e9ac9b3bdd1f2aa5cc57ec65d4885af45dd221732b35db4aa83a186f0,2022-06,Bedfordshire Police,Bedfordshire Police,-0.429401,51.889721,On or near Milliners Way,E01015705,Luton 017D,Other theft,Investigation complete; no suspect identified,
2f39dc871efddbee8a57d6c7ffccb7b56a126010448f5c82ad2fb144853d9b75,2022-06,Bedfordshire Police,Bedfordshire Police,-0.430485,51.887388,On or near Leagrave Road,E01015705,Luton 017D,Other theft,Investigation complete; no suspect identified,
679c2391cf82ede0ffc97d738d7c06f00e7a95efcbdb1a3b7f3c4cd2036d77fa,2022-06,Bedfordshire Police,Bedfordshire Police,-0.430806,51.889425,On or near The Ridings,E01015705,Luton 017D,Public order,Investigation complete; no suspect identified,
bfbce3ac2a11486ac1de783ae4fea6e14bc10394d090b0b958522f48f7ba8b7d,2022-06,Bedfordshire Police,Bedfordshire Police,-0.430806,51.889425,On or near The Ridings,E01015705,Luton 017D,Robbery,Unable to prosecute suspect,
3f15b8f970166b0f0ff008391b6466a8365cba2633adab4e79de074ced4fd887,2022-06,Bedfordshire Police,Bedfordshire Police,-0.430145,51.886305,On or near Dunstable Road,E01015705,Luton 017D,Shoplifting,Unable to prosecute suspect,
62983417a223b55f06d689a829bc6f65d5b746fb8adbd38ca10b7689cc4b1560,2022-06,Bedfordshire Police,Bedfordshire Police,-0.429401,51.889721,On or near Milliners Way,E01015705,Luton 017D,Violence and sexual offences,Unable to prosecute suspect,
daca6c6158e2ad96d871660a5b98aa1f83cd1a111a5d74df12f6852b02c5dd9d,2022-06,Bedfordshire Police,Bedfordshire Police,-0.430806,51.889425,On or near The Ridings,E01015705,Luton 017D,Violence and sexual offences,Action to be taken by another organisation,
6398c08516a1bb69dcd296c0d6582800eab4339ae7ae327648c734490bd82ee3,2022-06,Bedfordshire Police,Bedfordshire Police,-0.430806,51.889425,On or near The Ridings,E01015705,Luton 017D,Violence and sexual offences,Unable to prosecute suspect,
22917ed30ff5ec66af245fbc15587e2ad7f50241f3b2ba79a0d079f1367a5558,2022-06,Bedfordshire Police,Bedfordshire Police,-0.430806,51.889425,On or near The Ridings,E01015705,Luton 017D,Violence and sexual offences,Unable to prosecute suspect,
06b70230044656b33d90cc3f16bed6a08665fe7922fe6c3a2ae18c9d84445022,2022-06,Bedfordshire Police,Bedfordshire Police,-0.430806,51.889425,On or near The Ridings,E01015705,Luton 017D,Violence and sexual offences,Unable to prosecute suspect,
0adaeb7bcf31e4746b8f2b5f220982bad1025f32d65fe9173b77e58514666638,2022-06,Bedfordshire Police,Bedfordshire Police,-0.434656,51.886095,On or near Hampton Road,E01015725,Luton 017E,Bicycle theft,Unable to prosecute suspect,
83382dc57ada6cb79668ae6a96355ec1f8f432c181731e59913a09b955d4a11b,2022-06,Bedfordshire Police,Bedfordshire Police,-0.434656,51.886095,On or near Hampton Road,E01015725,Luton 017E,Burglary,Investigation complete; no suspect identified,
b8e398ffbc30f9cde8cde747612e5d2522479171733a9dbe927bc50696813fcf,2022-06,Bedfordshire Police,Bedfordshire Police,-0.434656,51.886095,On or near Hampton Road,E01015725,Luton 017E,Burglary,Investigation complete; no suspect identified,
98209338ba80caec9e521f1ba8e9eae953606c20858e6eb32a50deb7350cc63f,2022-06,Bedfordshire Police,Bedfordshire Police,-0.434100,51.884541,On or near Maple Road East,E01015725,Luton 017E,Burglary,Investigation complete; no suspect identified,
bad8cd9eb33f0aa6558bb650a936765086a42ef081aa3e299268633b5b570bbc,2022-06,Bedfordshire Police,Bedfordshire Police,-0.434656,51.886095,On or near Hampton Road,E01015725,Luton 017E,Other theft,Investigation complete; no suspect identified,
73f597424134b5402eda069f84b5cef6ac8a0a30af0d86c47d737cf647840f55,2022-06,Bedfordshire Police,Bedfordshire Police,-0.431991,51.886689,On or near Parking Area,E01015725,Luton 017E,Violence and sexual offences,Unable to prosecute suspect,
58f24e6ad46b7f158ecf349887cd16f97df8744c0180b200a5eba34317fd64e1,2022-06,Bedfordshire Police,Bedfordshire Police,-0.434444,51.885094,On or near Warwick Road East,E01015725,Luton 017E,Violence and sexual offences,Unable to prosecute suspect,
6b233209c58281f175f3deb06454c409f9cba729be5f285ea81a17a5e9914002,2022-06,Bedfordshire Police,Bedfordshire Police,-0.434444,51.885094,On or near Warwick Road East,E01015725,Luton 017E,Violence and sexual offences,Investigation complete; no suspect identified,
398873aa18b08d6c0e93672517a2ad5698ef6093e74e1d0270fbcb7ffd9b46fd,2022-06,Bedfordshire Police,Bedfordshire Police,-0.431991,51.886689,On or near Parking Area,E01015725,Luton 017E,Violence and sexual offences,Unable to prosecute suspect,
764aaebd6bb55d6c79e12b84734e41e1958e799d09fcd9347fcc4e181100fb04,2022-06,Bedfordshire Police,Bedfordshire Police,-0.435897,51.885950,On or near Warwick Road West,E01015725,Luton 017E,Violence and sexual offences,Action to be taken by another organisation,
b82e208c104e15d70996dc1c7880514dcc88762fc2e8dedd64cc958d23b8427a,2022-06,Bedfordshire Police,Bedfordshire Police,-0.434444,51.885094,On or near Warwick Road East,E01015725,Luton 017E,Violence and sexual offences,Action to be taken by another organisation,
3923f71ca6ac960526c25ca21b5e50507a57a5c87e1b36369e54670baa0eb2a9,2022-06,Bedfordshire Police,Bedfordshire Police,-0.431143,51.882263,On or near Vernon Road,E01015727,Luton 017F,Criminal damage and arson,Unable to prosecute suspect,
65911e3eeac636cc97eb57791e10bbf9bdc6492d73a20706baadc99d1f2d7b59,2022-06,Bedfordshire Police,Bedfordshire Police,-0.429814,51.884960,On or near Ivy Road,E01015727,Luton 017F,Criminal damage and arson,Investigation complete; no suspect identified,
68cf922d01f3d463973f058e18068675b92bf985dd8664d032e89618703e96fe,2022-06,Bedfordshire Police,Bedfordshire Police,-0.428066,51.883831,On or near Avondale Road,E01015727,Luton 017F,Other theft,Investigation complete; no suspect identified,
47c48833bacc9c5640c933ba4750dcf07bb4b7dd510bc597d6a3aff82a977849,2022-06,Bedfordshire Police,Bedfordshire Police,-0.428191,51.883149,On or near Hazelbury Crescent,E01015727,Luton 017F,Vehicle crime,Unable to prosecute suspect,
c35ad9427a1647dfd8145756f16f47fab82c730f1137253306034d16739e3978,2022-06,Bedfordshire Police,Bedfordshire Police,-0.427499,51.884669,On or near Dunstable Road,E01015727,Luton 017F,Violence and sexual offences,Unable to prosecute suspect,
f632fb46b9f3ed1d39b0c84da57953cd7e72a0b849d9a88d39242ff83d5c4690,2022-06,Bedfordshire Police,Bedfordshire Police,-0.432113,51.883184,On or near Wimborne Road,E01015727,Luton 017F,Violence and sexual offences,Unable to prosecute suspect,
9846a9f008651f9f150c6af9497401cf49990a557e52b2f09d453d0bf82d19fb,2022-06,Bedfordshire Police,Bedfordshire Police,-0.429814,51.884960,On or near Ivy Road,E01015727,Luton 017F,Violence and sexual offences,Action to be taken by another organisation,
12f4f83420be6cdfdc1426b1004253e50eedbd4658d1fdbd629fc593a04255d3,2022-06,Bedfordshire Police,Bedfordshire Police,-0.429814,51.884960,On or near Ivy Road,E01015727,Luton 017F,Violence and sexual offences,Unable to prosecute suspect,
,2022-06,Bedfordshire Police,Bedfordshire Police,-0.419000,51.885472,On or near Moorland Gardens,E01015739,Luton 018A,Anti-social behaviour,,
,2022-06,Bedfordshire Police,Bedfordshire Police,-0.420632,51.887832,On or near Gregories Close,E01015739,Luton 018A,Anti-social behaviour,,
,2022-06,Bedfordshire Police,Bedfordshire Police,-0.420632,51.887832,On or near Gregories Close,E01015739,Luton 018A,Anti-social behaviour,,
aeaa63cb078861be032c3bde730597d1a2d7b1c8ea1a5d7e7b9851a4ef25c6eb,2022-06,Bedfordshire Police,Bedfordshire Police,-0.419714,51.888719,On or near Earls Meade,E01015739,Luton 018A,Bicycle theft,Investigation complete; no suspect identified,
58334e9337fe13fd18d0a33179bb58d64ef71857e553978f440c9d0f797fc5a0,2022-06,Bedfordshire Police,Bedfordshire Police,-0.419789,51.886184,On or near The Shires,E01015739,Luton 018A,Burglary,Investigation complete; no suspect identified,
8896945bb6343b0d69bed49d661fa9fea79e97d05043d9d5879be40e192abfe7,2022-06,Bedfordshire Police,Bedfordshire Police,-0.415264,51.885934,On or near Mussons Path,E01015739,Luton 018A,Burglary,Investigation complete; no suspect identified,
1b7bd2ffebc5c2b4d769ed84a6b4d9626c0f117d3ec7a98b6f907c3b90e386ba,2022-06,Bedfordshire Police,Bedfordshire Police,-0.419578,51.886811,On or near The Larches,E01015739,Luton 018A,Burglary,Investigation complete; no suspect identified,
a582e176fc35637185f6ab812a4a5f411129641ca43504b1ad8c98e1232c33dc,2022-06,Bedfordshire Police,Bedfordshire Police,-0.419000,51.885472,On or near Moorland Gardens,E01015739,Luton 018A,Criminal damage and arson,Investigation complete; no suspect identified,
ef09634796aa15d22c14c90ea54d4a43ddf8f0e2bd831fdfe3025379904454e4,2022-06,Bedfordshire Police,Bedfordshire Police,-0.418884,51.891666,On or near Park/Open Space,E01015739,Luton 018A,Public order,Investigation complete; no suspect identified,
840f857d692bc37c5155caacadaa099e48729b620bb2fbc9ea1a5a9d4f85daa6,2022-06,Bedfordshire Police,Bedfordshire Police,-0.420632,51.887832,On or near Gregories Close,E01015739,Luton 018A,Vehicle crime,Investigation complete; no suspect identified,
fb306907ce7844b6c2b0bbd318eb1e4c3327c565f267b286fb39500737fbdc9e,2022-06,Bedfordshire Police,Bedfordshire Police,-0.419714,51.888719,On or near Earls Meade,E01015739,Luton 018A,Violence and sexual offences,Unable to prosecute suspect,
f1a2b0b9298db61cf8a342d10c9016e6f8a9472fa7fda46ffa3cdab39f99b783,2022-06,Bedfordshire Police,Bedfordshire Police,-0.419789,51.886184,On or near The Shires,E01015739,Luton 018A,Violence and sexual offences,Unable to prosecute suspect,
4b38b4ed53084da4fc626565ece716f7a24d50519af68eb0abb4194b4bc19ba6,2022-06,Bedfordshire Police,Bedfordshire Police,-0.414923,51.886523,On or near William Street,E01015739,Luton 018A,Violence and sexual offences,Unable to prosecute suspect,
5ae4e5dee4e84977cfcf5cb1207377c6047f111f1648439fb25f1c134b55fc6b,2022-06,Bedfordshire Police,Bedfordshire Police,-0.420632,51.887832,On or near Gregories Close,E01015739,Luton 018A,Violence and sexual offences,Unable to prosecute suspect,
,2022-06,Bedfordshire Police,Bedfordshire Police,-0.415019,51.882973,On or near Parking Area,E01015741,Luton 018B,Anti-social behaviour,,
,2022-06,Bedfordshire Police,Bedfordshire Police,-0.413465,51.882952,On or near Midland Road,E01015741,Luton 018B,Anti-social behaviour,,
,2022-06,Bedfordshire Police,Bedfordshire Police,-0.415019,51.882973,On or near Parking Area,E01015741,Luton 018B,Anti-social behaviour,,
c816cbbf736e1fc9e1e78d840dbf07f66e8d5a8eb57da97e29ee095a4c142429,2022-06,Bedfordshire Police,Bedfordshire Police,-0.418251,51.884041,On or near Villa Road,E01015741,Luton 018B,Bicycle theft,Investigation complete; no suspect identified,
0557f2f3410e1050bc5a14f5c2b9cf6ad50f8f176925fd96d2b56c517c07d53c,2022-06,Bedfordshire Police,Bedfordshire Police,-0.412719,51.886404,On or near North Street,E01015741,Luton 018B,Burglary,Unable to prosecute suspect,
783f25f57d5e7ce850643562b87c9676289e6b78931a564bbfb270bebe921124,2022-06,Bedfordshire Police,Bedfordshire Police,-0.415560,51.884536,On or near Dudley Street,E01015741,Luton 018B,Burglary,Investigation complete; no suspect identified,
de060844f80d880a093bc95bcaee3b0a6164ef34ea599f57ff4db2f3d20d63f4,2022-06,Bedfordshire Police,Bedfordshire Police,-0.412997,51.887163,On or near Havelock Road,E01015741,Luton 018B,Burglary,Investigation complete; no suspect identified,
bf7d964ff1518d44e256b61919760fd1d126c374ccf5ffa1ca4331d1c0188f5e,2022-06,Bedfordshire Police,Bedfordshire Police,-0.413465,51.882952,On or near Midland Road,E01015741,Luton 018B,Drugs,Local resolution,
3501631b57d44d7465637a493933434915acf9f465c61a026269ddeb4a447e99,2022-06,Bedfordshire Police,Bedfordshire Police,-0.415846,51.883433,On or near Nightclub,E01015741,Luton 018B,Other theft,Investigation complete; no suspect identified,
8134b0d68fce6f441d9ec21defabf36839a093c62b4145bff439be716fe97e6f,2022-06,Bedfordshire Police,Bedfordshire Police,-0.415560,51.884536,On or near Dudley Street,E01015741,Luton 018B,Other theft,Investigation complete; no suspect identified,
175a83cb9a501a06e5b570551b938b93d5df528ff178ce5cd62e91a0c2938514,2022-06,Bedfordshire Police,Bedfordshire Police,-0.413380,51.884947,On or near Wenlock Street,E01015741,Luton 018B,Other theft,Investigation complete; no suspect identified,
ab0dc24a4857ea2407dca5e713616d3794872eda4d5958f7e52d82b4987e78f2,2022-06,Bedfordshire Police,Bedfordshire Police,-0.415846,51.883433,On or near Nightclub,E01015741,Luton 018B,Other theft,Investigation complete; no suspect identified,
0e1dd5e619e5d9c52d9b1902840ebc4ed3dbcbe5cc3a5da44878be5744733c80,2022-06,Bedfordshire Police,Bedfordshire Police,-0.412858,51.883681,On or near Parking Area,E01015741,Luton 018B,Other theft,Investigation complete; no suspect identified,
a954bb41e1bd1ff4fbec5d36d575244904ae658fac5e7e5e478d3f9b058d2460,2022-06,Bedfordshire Police,Bedfordshire Police,-0.412888,51.885740,On or near St Matthews Close,E01015741,Luton 018B,Other theft,Unable to prosecute suspect,
aba27da0d15008a2a33c4f3e9238390e51d4b105e39583af9f6a06aa8afd858f,2022-06,Bedfordshire Police,Bedfordshire Police,-0.415846,51.883433,On or near Nightclub,E01015741,Luton 018B,Public order,Status update unavailable,
a7fb2fc8b5630c03811ec1405a54684e74a21cd24f15e53aa078915b938d0bcc,2022-06,Bedfordshire Police,Bedfordshire Police,-0.412997,51.887163,On or near Havelock Road,E01015741,Luton 018B,Public order,Investigation complete; no suspect identified,
6848b5dfd9e8d6d203080cc667d810afc492773c7b89b230d3c76da14c074826,2022-06,Bedfordshire Police,Bedfordshire Police,-0.413465,51.882952,On or near Midland Road,E01015741,Luton 018B,Robbery,Unable to prosecute suspect,
ae9a89e089171ab4310d79816123a93278e8fa1609f21d887b5ae5e0893fa6f8,2022-06,Bedfordshire Police,Bedfordshire Police,-0.414146,51.883842,On or near Albion Road,E01015741,Luton 018B,Theft from the person,Investigation complete; no suspect identified,
79d0a1a76182b1aad03788f55961b55604c44e7c948268b0be00a052346a9d68,2022-06,Bedfordshire Police,Bedfordshire Police,-0.416992,51.883071,On or near Old Bedford Road,E01015741,Luton 018B,Theft from the person,Investigation complete; no suspect identified,
0bcc8b4c614f73f2b49346f1bfa8a3eb5466dc61db34447cb0f95ffc155b53d3,2022-06,Bedfordshire Police,Bedfordshire Police,-0.412888,51.885740,On or near St Matthews Close,E01015741,Luton 018B,Vehicle crime,Unable to prosecute suspect,
4a348c27df57688f00f81d26202599b714abe57873ae56eb2f8531fcf137cd0b,2022-06,Bedfordshire Police,Bedfordshire Police,-0.415019,51.882973,On or near Parking Area,E01015741,Luton 018B,Vehicle crime,Investigation complete; no suspect identified,
7e58ce277c0977b0a9c549f9da0913c6b1c6952229ae5a44e62107afabc493b4,2022-06,Bedfordshire Police,Bedfordshire Police,-0.415560,51.884536,On or near Dudley Street,E01015741,Luton 018B,Vehicle crime,Investigation complete; no suspect identified,
567235c119435c14ef60c5de89cfd6d1b64f70357aa22cc10f0b1126c5bb8c24,2022-06,Bedfordshire Police,Bedfordshire Police,-0.412888,51.885740,On or near St Matthews Close,E01015741,Luton 018B,Vehicle crime,Investigation complete; no suspect identified,
25a4bd8e749452351617245f39ded157d87dd81050f529a2bc526c0414111d2c,2022-06,Bedfordshire Police,Bedfordshire Police,-0.415560,51.884536,On or near Dudley Street,E01015741,Luton 018B,Vehicle crime,Investigation complete; no suspect identified,
abe94f2b0a7f22014b2a0d9ba85a5eb44251384cadb8e36f80c281f720b9b8d6,2022-06,Bedfordshire Police,Bedfordshire Police,-0.412888,51.885740,On or near St Matthews Close,E01015741,Luton 018B,Violence and sexual offences,Unable to prosecute suspect,
2534f0bcc653cf0ff9363eb810deec9ec2bbec7c7394efe38090ee3f81901d8f,2022-06,Bedfordshire Police,Bedfordshire Police,-0.415560,51.884536,On or near Dudley Street,E01015741,Luton 018B,Violence and sexual offences,Unable to prosecute suspect,
79ade7be57c7dc1efd61cec37a0af55cf8b6d821b0b9fddc6437644901e67894,2022-06,Bedfordshire Police,Bedfordshire Police,-0.415560,51.884536,On or near Dudley Street,E01015741,Luton 018B,Violence and sexual offences,Unable to prosecute suspect,
ec76ffa5320e83ed9d6522144024860b5327c793a4c9fda8a1fc0d6c59dc4dd0,2022-06,Bedfordshire Police,Bedfordshire Police,-0.415019,51.882973,On or near Parking Area,E01015741,Luton 018B,Violence and sexual offences,Offender given a caution,
09fd782f86fd5274946b93a2024f2f7e3915bce452cf47c3b3336ef130ac1876,2022-06,Bedfordshire Police,Bedfordshire Police,-0.415560,51.884536,On or near Dudley Street,E01015741,Luton 018B,Violence and sexual offences,Unable to prosecute suspect,
80f0823e9c50499a552067fb529183c9ccdb3aa74766ba2aa06bec4cf6f9e973,2022-06,Bedfordshire Police,Bedfordshire Police,-0.416992,51.883071,On or near Old Bedford Road,E01015741,Luton 018B,Violence and sexual offences,Unable to prosecute suspect,
2c000bc2c6b934e22f21b366cd2b0ddb2a7d1f10f35637ac0a983a1b7c0c4be5,2022-06,Bedfordshire Police,Bedfordshire Police,-0.415019,51.882973,On or near Parking Area,E01015741,Luton 018B,Violence and sexual offences,Unable to prosecute suspect,
7909f8857578a3a7bfd6dc893faba7ab4a7547556c5ae279dafe46c42345370a,2022-06,Bedfordshire Police,Bedfordshire Police,-0.415560,51.884536,On or near Dudley Street,E01015741,Luton 018B,Violence and sexual offences,Unable to prosecute suspect,
88b8c3878d93105613e1381ba0ba351f7247268786cd386256c1ccc674d3bb6c,2022-06,Bedfordshire Police,Bedfordshire Police,-0.412997,51.887163,On or near Havelock Road,E01015741,Luton 018B,Violence and sexual offences,Unable to prosecute suspect,
b9718de0210c8b6464803493c93de62dbe237f42baaaace37ce9a97b683c2531,2022-06,Bedfordshire Police,Bedfordshire Police,-0.415560,51.884536,On or near Dudley Street,E01015741,Luton 018B,Violence and sexual offences,Unable to prosecute suspect,
8ce441e16f6ce0fd67d16f89f182b1b3b6200a483d7738dbc6afd943996d698d,2022-06,Bedfordshire Police,Bedfordshire Police,-0.415846,51.883433,On or near Nightclub,E01015741,Luton 018B,Violence and sexual offences,Unable to prosecute suspect,
6b223c22a35c850e2c9c380f8fd50b1c4f0cf93d462d0266ac8614e1085a192d,2022-06,Bedfordshire Police,Bedfordshire Police,-0.415743,51.887191,On or near Kingham Way,E01015741,Luton 018B,Violence and sexual offences,Unable to prosecute suspect,
d1fbfee38bdc22e227025f32554028f90212f694072bbe7b244b9ecbcb8b7c76,2022-06,Bedfordshire Police,Bedfordshire Police,-0.415846,51.883433,On or near Nightclub,E01015741,Luton 018B,Violence and sexual offences,Unable to prosecute suspect,
ec7b9d67b0c58fb801f72d7e30a5433f41e523afdd346d470c049d6f05d488e2,2022-06,Bedfordshire Police,Bedfordshire Police,-0.410894,51.883771,On or near Duke Street,E01015741,Luton 018B,Violence and sexual offences,Unable to prosecute suspect,
cdf8f71df1fdea3ef02911e2beb1f503448513d6b8abe0e328d8ac47b61664a8,2022-06,Bedfordshire Police,Bedfordshire Police,-0.415846,51.883433,On or near Nightclub,E01015741,Luton 018B,Violence and sexual offences,Investigation complete; no suspect identified,
9a31ae4f04e2e39858878fb873b71f469d17107e157c2eeef61c389eb5b40a1e,2022-06,Bedfordshire Police,Bedfordshire Police,-0.412888,51.885740,On or near St Matthews Close,E01015741,Luton 018B,Violence and sexual offences,Unable to prosecute suspect,
0785023a20302a97b9f1a05512106059a7d58a8c16a6119e4a5a035e286b395f,2022-06,Bedfordshire Police,Bedfordshire Police,-0.415560,51.884536,On or near Dudley Street,E01015741,Luton 018B,Other crime,Local resolution,
3f1ef49b0909eb1243c4ef74f566f51128715d53af2323c28c1bebcc6fd1368f,2022-06,Bedfordshire Police,Bedfordshire Police,-0.411091,51.884763,On or near Parking Area,E01015741,Luton 018B,Other crime,Unable to prosecute suspect,
,2022-06,Bedfordshire Police,Bedfordshire Police,-0.404168,51.889066,On or near Winch Street,E01015742,Luton 018C,Anti-social behaviour,,
,2022-06,Bedfordshire Police,Bedfordshire Police,-0.406545,51.888406,On or near Ridgway Road,E01015742,Luton 018C,Anti-social behaviour,,
,2022-06,Bedfordshire Police,Bedfordshire Police,-0.404389,51.885697,On or near Pomfret Avenue,E01015742,Luton 018C,Anti-social behaviour,,
30aac840da0fe688f147649b7aca5cd05b21c68bc243fe6c392978b317799fdd,2022-06,Bedfordshire Police,Bedfordshire Police,-0.406545,51.888406,On or near Ridgway Road,E01015742,Luton 018C,Criminal damage and arson,Investigation complete; no suspect identified,
c9c72285b90ff1f0ac8e2c4b570de821367adf37d100f699be63cbcef1cfeb29,2022-06,Bedfordshire Police,Bedfordshire Police,-0.406221,51.886882,On or near Oxen Road,E01015742,Luton 018C,Criminal damage and arson,Awaiting court outcome,
32f3713f36c9f60621e5fcd4a93a1f0644bd6a52e93e5000c2cebd4063395b32,2022-06,Bedfordshire Police,Bedfordshire Police,-0.409439,51.886701,On or near Edward Street,E01015742,Luton 018C,Criminal damage and arson,Investigation complete; no suspect identified,
b3d0231c1f0f62cb8fee86e22f2076cbef5491c506337b4f1baab898186247fa,2022-06,Bedfordshire Police,Bedfordshire Police,-0.406545,51.888406,On or near Ridgway Road,E01015742,Luton 018C,Drugs,Investigation complete; no suspect identified,
5d2dbef8b9198c5467ae82c5e6d891e3c73f095966be9e48522586cddc7aea8f,2022-06,Bedfordshire Police,Bedfordshire Police,-0.409439,51.886701,On or near Edward Street,E01015742,Luton 018C,Other theft,Investigation complete; no suspect identified,
416834bd771be6a95af02dc4307b07f00ace1b0f80ca26749b40cccb3d0d9342,2022-06,Bedfordshire Police,Bedfordshire Police,-0.404168,51.889066,On or near Winch Street,E01015742,Luton 018C,Public order,Investigation complete; no suspect identified,
af878950aa8b95a44c1caa5680311c37948b05567946b1751f6437db99702e31,2022-06,Bedfordshire Police,Bedfordshire Police,-0.404168,51.889066,On or near Winch Street,E01015742,Luton 018C,Vehicle crime,Status update unavailable,
057b65d80359c0ef7bac66f0fd3613238b71c8103a781ae683aef6ec76e68d65,2022-06,Bedfordshire Police,Bedfordshire Police,-0.404168,51.889066,On or near Winch Street,E01015742,Luton 018C,Violence and sexual offences,Unable to prosecute suspect,
f134e4e80ff4ca09698784f6567586f7fe0c53872e4138f12727553e478fd4d2,2022-06,Bedfordshire Police,Bedfordshire Police,-0.406221,51.886882,On or near Oxen Road,E01015742,Luton 018C,Violence and sexual offences,Unable to prosecute suspect,
7a583bcd950b29c043c56e34266ca7261c4e128eb31e1d6bf31da73ba9eacf76,2022-06,Bedfordshire Police,Bedfordshire Police,-0.409439,51.886701,On or near Edward Street,E01015742,Luton 018C,Violence and sexual offences,Unable to prosecute suspect,
b640963aaaf23be404e5a0f82759d31e2a5f96a7b9f52707d316f24f069b926a,2022-06,Bedfordshire Police,Bedfordshire Police,-0.404279,51.887144,On or near Conference/Exhibition Centre,E01015742,Luton 018C,Violence and sexual offences,Investigation complete; no suspect identified,
c495dbf86c43dd92009f9b19c9820837b3b52259c586571347def765ad852e77,2022-06,Bedfordshire Police,Bedfordshire Police,-0.409439,51.886701,On or near Edward Street,E01015742,Luton 018C,Violence and sexual offences,Unable to prosecute suspect,
,2022-06,Bedfordshire Police,Bedfordshire Police,-0.408140,51.885631,On or near Charles Street,E01015743,Luton 018D,Anti-social behaviour,,
,2022-06,Bedfordshire Police,Bedfordshire Police,-0.409929,51.882688,On or near Church Street,E01015743,Luton 018D,Anti-social behaviour,,
,2022-06,Bedfordshire Police,Bedfordshire Police,-0.408389,51.883935,On or near Parking Area,E01015743,Luton 018D,Anti-social behaviour,,
,2022-06,Bedfordshire Police,Bedfordshire Police,-0.409929,51.882688,On or near Church Street,E01015743,Luton 018D,Anti-social behaviour,,
,2022-06,Bedfordshire Police,Bedfordshire Police,-0.409929,51.882688,On or near Church Street,E01015743,Luton 018D,Anti-social behaviour,,
,2022-06,Bedfordshire Police,Bedfordshire Police,-0.406317,51.881291,On or near Crescent Road,E01015743,Luton 018D,Anti-social behaviour,,
,2022-06,Bedfordshire Police,Bedfordshire Police,-0.407364,51.882914,On or near Crescent Rise,E01015743,Luton 018D,Anti-social behaviour,,
,2022-06,Bedfordshire Police,Bedfordshire Police,-0.406542,51.881923,On or near Moulton Rise,E01015743,Luton 018D,Anti-social behaviour,,
,2022-06,Bedfordshire Police,Bedfordshire Police,-0.409929,51.882688,On or near Church Street,E01015743,Luton 018D,Anti-social behaviour,,
,2022-06,Bedfordshire Police,Bedfordshire Police,-0.401732,51.880725,On or near Farnley Grove,E01015743,Luton 018D,Anti-social behaviour,,
,2022-06,Bedfordshire Police,Bedfordshire Police,-0.409929,51.882688,On or near Church Street,E01015743,Luton 018D,Anti-social behaviour,,
,2022-06,Bedfordshire Police,Bedfordshire Police,-0.408389,51.883935,On or near Parking Area,E01015743,Luton 018D,Anti-social behaviour,,
4697ce605083ed2cac5d918df0e1720a8c3c8554ac22d4c6626f32ae04b1775a,2022-06,Bedfordshire Police,Bedfordshire Police,-0.407364,51.882914,On or near Crescent Rise,E01015743,Luton 018D,Bicycle theft,Investigation complete; no suspect identified,
c09a0ef00f7214bf7f969b513207001c60f83eba58d149cacafe836e12896ada,2022-06,Bedfordshire Police,Bedfordshire Police,-0.407364,51.882914,On or near Crescent Rise,E01015743,Luton 018D,Criminal damage and arson,Unable to prosecute suspect,
ac79a4a430d99751cb87da970881c26232009fd4777a1fd96bf6c0d03d550951,2022-06,Bedfordshire Police,Bedfordshire Police,-0.406847,51.886441,On or near Jubilee Street,E01015743,Luton 018D,Criminal damage and arson,Unable to prosecute suspect,
7f800a87824a896bae80741ae66d206561df4de8971172153c901d3bf7492f3b,2022-06,Bedfordshire Police,Bedfordshire Police,-0.406847,51.886441,On or near Jubilee Street,E01015743,Luton 018D,Criminal damage and arson,Unable to prosecute suspect,
d3432eb0638bb11008159f0d83b290768b49ffeab0fdffca421e2f111dcbdc2c,2022-06,Bedfordshire Police,Bedfordshire Police,-0.409929,51.882688,On or near Church Street,E01015743,Luton 018D,Possession of weapons,Action to be taken by another organisation,
836756595dbdae4d784349d9a8384d63facdd9b54e25a473303a745037f836e4,2022-06,Bedfordshire Police,Bedfordshire Police,-0.407364,51.882914,On or near Crescent Rise,E01015743,Luton 018D,Public order,Unable to prosecute suspect,
48baa7969f5da1db3398416fbc0ce73a3383ab6674e0b14771073fea129e5682,2022-06,Bedfordshire Police,Bedfordshire Police,-0.406847,51.886441,On or near Jubilee Street,E01015743,Luton 018D,Public order,Investigation complete; no suspect identified,
213e7c977afd7529d971218a845d51f73e4dfc66da6be1c1aa21d65af157e66f,2022-06,Bedfordshire Police,Bedfordshire Police,-0.409929,51.882688,On or near Church Street,E01015743,Luton 018D,Public order,Unable to prosecute suspect,
53d2e62cf19a364162fbad3c9a77f17a667cbb0c89f0b00e619f5f88a2efd1a1,2022-06,Bedfordshire Police,Bedfordshire Police,-0.404906,51.881343,On or near Hart Hill Drive,E01015743,Luton 018D,Vehicle crime,Investigation complete; no suspect identified,
70585c92f4f90e178381ef99bfff3f0b9c42aaf3db31bb0fa46c5376ba982aa3,2022-06,Bedfordshire Police,Bedfordshire Police,-0.407843,51.883757,On or near Hartley Road,E01015743,Luton 018D,Vehicle crime,Investigation complete; no suspect identified,
1347b671ed28a0d01c475d5c0de9100c9361c6a5d0a71b19292e6a993ffd163c,2022-06,Bedfordshire Police,Bedfordshire Police,-0.407364,51.882914,On or near Crescent Rise,E01015743,Luton 018D,Vehicle crime,Investigation complete; no suspect identified,
e7b19f684276949557d079e0ff007e529d915f1c28030a94017e3c1501905ee4,2022-06,Bedfordshire Police,Bedfordshire Police,-0.409929,51.882688,On or near Church Street,E01015743,Luton 018D,Vehicle crime,Investigation complete; no suspect identified,
766826f2091731ffa54db2b16d581582b02c96417f8895f29d9614a8d5b5b6b8,2022-06,Bedfordshire Police,Bedfordshire Police,-0.408140,51.885631,On or near Charles Street,E01015743,Luton 018D,Violence and sexual offences,Unable to prosecute suspect,
c466f138aa72e4402035d989140f668ea0dc6fd675e301a8e5d5bb18f06df65b,2022-06,Bedfordshire Police,Bedfordshire Police,-0.408140,51.885631,On or near Charles Street,E01015743,Luton 018D,Violence and sexual offences,Unable to prosecute suspect,
406fa7fc8d851b8cbac46e2c533a551f7ffd9c7a76728acba272610ea5e4cc1a,2022-06,Bedfordshire Police,Bedfordshire Police,-0.409929,51.882688,On or near Church Street,E01015743,Luton 018D,Violence and sexual offences,Unable to prosecute suspect,
e598ac11e4ea27eee85686cf94bd123126d1776707c7826d5100e299a55be73d,2022-06,Bedfordshire Police,Bedfordshire Police,-0.406542,51.881923,On or near Moulton Rise,E01015743,Luton 018D,Violence and sexual offences,Investigation complete; no suspect identified,
4f9ad82470a5ca698f2d7941c3ddb0adba9727058a2ab45d7ef57d3cde5f97b0,2022-06,Bedfordshire Police,Bedfordshire Police,-0.406542,51.881923,On or near Moulton Rise,E01015743,Luton 018D,Violence and sexual offences,Unable to prosecute suspect,
651a5633469bccf6ec140ef8b58706180fbd9fcc1a95e896cb837917ba1d4e53,2022-06,Bedfordshire Police,Bedfordshire Police,-0.407364,51.882914,On or near Crescent Rise,E01015743,Luton 018D,Violence and sexual offences,Unable to prosecute suspect,
3ea5967ec2842ae782317f8145e17df8d46d71f125203ef8343b9d4373cb7864,2022-06,Bedfordshire Police,Bedfordshire Police,-0.409669,51.884708,On or near York Street,E01015743,Luton 018D,Other crime,Local resolution,
0a2811c49dd1f4f08cbb084bb54c718c144a8e09c30bf6e179b86c86d92ff328,2022-06,Bedfordshire Police,Bedfordshire Police,-0.409929,51.882688,On or near Church Street,E01015743,Luton 018D,Other crime,Local resolution,
4e3e0f94dfd54d9b72cba5f9997abf11211955d3a8c6aef9ddfda7e56f87b8dc,2022-06,Bedfordshire Police,Bedfordshire Police,-0.407843,51.883757,On or near Hartley Road,E01015743,Luton 018D,Other crime,Unable to prosecute suspect,
,2022-06,Bedfordshire Police,Bedfordshire Police,-0.406551,51.877976,On or near Pedestrian Subway,E01015789,Luton 018E,Anti-social behaviour,,
,2022-06,Bedfordshire Police,Bedfordshire Police,-0.406551,51.877976,On or near Pedestrian Subway,E01015789,Luton 018E,Anti-social behaviour,,
,2022-06,Bedfordshire Police,Bedfordshire Police,-0.406551,51.877976,On or near Pedestrian Subway,E01015789,Luton 018E,Anti-social behaviour,,
,2022-06,Bedfordshire Police,Bedfordshire Police,-0.406551,51.877976,On or near Pedestrian Subway,E01015789,Luton 018E,Anti-social behaviour,,
,2022-06,Bedfordshire Police,Bedfordshire Police,-0.406551,51.877976,On or near Pedestrian Subway,E01015789,Luton 018E,Anti-social behaviour,,
,2022-06,Bedfordshire Police,Bedfordshire Police,-0.410028,51.876189,On or near Park Viaduct,E01015789,Luton 018E,Anti-social behaviour,,
,2022-06,Bedfordshire Police,Bedfordshire Police,-0.409749,51.875870,On or near Chobham Street,E01015789,Luton 018E,Anti-social behaviour,,
,2022-06,Bedfordshire Police,Bedfordshire Police,-0.406551,51.877976,On or near Pedestrian Subway,E01015789,Luton 018E,Anti-social behaviour,,
,2022-06,Bedfordshire Police,Bedfordshire Police,-0.407685,51.876705,On or near Gloucester Road,E01015789,Luton 018E,Anti-social behaviour,,
,2022-06,Bedfordshire Police,Bedfordshire Police,-0.410028,51.876189,On or near Park Viaduct,E01015789,Luton 018E,Anti-social behaviour,,
7900b594c6f153e3c5e36b3e61ad1085fb72771acf3e8d482c390d288559302a,2022-06,Bedfordshire Police,Bedfordshire Police,-0.408027,51.878140,On or near Pedestrian Subway,E01015789,Luton 018E,Bicycle theft,Investigation complete; no suspect identified,
f6f90e5e89e840649fb77c3a1f5b24f5de48649d9fdd2eba31f36f12f03399c1,2022-06,Bedfordshire Police,Bedfordshire Police,-0.410801,51.877341,On or near Supermarket,E01015789,Luton 018E,Burglary,Investigation complete; no suspect identified,
175ea3dc354631dd91e5777a54446dba809946e20d249c044ef7971fd968a721,2022-06,Bedfordshire Police,Bedfordshire Police,-0.408027,51.878140,On or near Pedestrian Subway,E01015789,Luton 018E,Criminal damage and arson,Unable to prosecute suspect,
7b60b7ab353f9dc96e89fd20334491e60707c45f130fad6f8a0a6ded9ab2bb39,2022-06,Bedfordshire Police,Bedfordshire Police,-0.409241,51.873364,On or near Kingsland Road,E01015789,Luton 018E,Criminal damage and arson,Investigation complete; no suspect identified,
77469736b4c1664e79685da62286150740dd9aac373b90a17250972c8989ac81,2022-06,Bedfordshire Police,Bedfordshire Police,-0.410801,51.877341,On or near Supermarket,E01015789,Luton 018E,Criminal damage and arson,Awaiting court outcome,
3457273561badb30599653402eae3f414d36ffab13e6f883e8e2adcdfa3d9186,2022-06,Bedfordshire Police,Bedfordshire Police,-0.405633,51.876804,On or near Sports/Recreation Area,E01015789,Luton 018E,Drugs,Local resolution,
891735c7354400f483944598c79746d60ba02ec0deedd2c6ce4032722d1635a5,2022-06,Bedfordshire Police,Bedfordshire Police,-0.411422,51.877862,On or near Further/Higher Educational Building,E01015789,Luton 018E,Drugs,Local resolution,
cf09320bcc6e6986a8a0159722f2116cbabe7423ee8263489af414772f777fa3,2022-06,Bedfordshire Police,Bedfordshire Police,-0.406551,51.877976,On or near Pedestrian Subway,E01015789,Luton 018E,Drugs,Unable to prosecute suspect,
9fa296c43560bffccc131bbbd4e81aaa1e63f893a366a160b41977453fff9231,2022-06,Bedfordshire Police,Bedfordshire Police,-0.408027,51.878140,On or near Pedestrian Subway,E01015789,Luton 018E,Public order,Court result unavailable,
66643e8e307cbad4c641b0abafe8fc90d7598f4e0713732d8a820c0e3e46a302,2022-06,Bedfordshire Police,Bedfordshire Police,-0.410801,51.877341,On or near Supermarket,E01015789,Luton 018E,Public order,Unable to prosecute suspect,
1611a4a867e3f52321c2c25435a9417bb3904736cd65e596e2f4560a78f39643,2022-06,Bedfordshire Police,Bedfordshire Police,-0.404665,51.876674,On or near Windmill Road,E01015789,Luton 018E,Public order,Unable to prosecute suspect,
98eb81e532dc8931cf5eb867cc395077dcf628cd6929b468ad2fd657b2471e57,2022-06,Bedfordshire Police,Bedfordshire Police,-0.410801,51.877341,On or near Supermarket,E01015789,Luton 018E,Public order,Unable to prosecute suspect,
3227315a7bb0f17dae085c8031630c4e70fdade0f51c837db2b58b1352013d2b,2022-06,Bedfordshire Police,Bedfordshire Police,-0.404391,51.877416,On or near Thistle Road,E01015789,Luton 018E,Shoplifting,Investigation complete; no suspect identified,
56671ecb6ccb4cfffcc5e998a3ed334e689dabc97a15c34f5398e402ff6757d4,2022-06,Bedfordshire Police,Bedfordshire Police,-0.410801,51.877341,On or near Supermarket,E01015789,Luton 018E,Shoplifting,Investigation complete; no suspect identified,
0aea40260c4714cdd1c2ebeb00e51c3a1309b9d2ddfc87e97694577f9e399eb0,2022-06,Bedfordshire Police,Bedfordshire Police,-0.411422,51.877862,On or near Further/Higher Educational Building,E01015789,Luton 018E,Theft from the person,Investigation complete; no suspect identified,
a38778f5d998280168ab513d550db5857ca5873204c13a04ef724b05137b4977,2022-06,Bedfordshire Police,Bedfordshire Police,-0.406551,51.877976,On or near Pedestrian Subway,E01015789,Luton 018E,Vehicle crime,Investigation complete; no suspect identified,
e0383f075972e54f8658e3994a7ad17ebc261167ab0056cba7de33b7ef35678b,2022-06,Bedfordshire Police,Bedfordshire Police,-0.408256,51.874519,On or near Bailey Street,E01015789,Luton 018E,Vehicle crime,Investigation complete; no suspect identified,
b7d14f259f2388ec88b99f97f323fdb7e80821779fe751672bd74b6e5ed2d55f,2022-06,Bedfordshire Police,Bedfordshire Police,-0.406551,51.877976,On or near Pedestrian Subway,E01015789,Luton 018E,Violence and sexual offences,Unable to prosecute suspect,
8d304873aa418ab7ff5c18fadefb8c7842b2fe02fa00cb1fa10270cd9808e873,2022-06,Bedfordshire Police,Bedfordshire Police,-0.408027,51.878140,On or near Pedestrian Subway,E01015789,Luton 018E,Violence and sexual offences,Court result unavailable,
6aeeb5b5ef27fb997c054665d0b584938d6929e2a6cc282e4e6c3e982545a5ea,2022-06,Bedfordshire Police,Bedfordshire Police,-0.410801,51.877341,On or near Supermarket,E01015789,Luton 018E,Violence and sexual offences,Unable to prosecute suspect,
a1c35eb21176212db69519165a04018e7d90ab37516c4b10c13a9c25457cc7ce,2022-06,Bedfordshire Police,Bedfordshire Police,-0.410028,51.876189,On or near Park Viaduct,E01015789,Luton 018E,Violence and sexual offences,Unable to prosecute suspect,
d7e7aebf949997cbdb2e3e075d2068c14d4406abc3b418dc61c69aa2bbce0381,2022-06,Bedfordshire Police,Bedfordshire Police,-0.406551,51.877976,On or near Pedestrian Subway,E01015789,Luton 018E,Violence and sexual offences,Unable to prosecute suspect,
aa5b1ea8628247d9cd489f370234c5da741afd7a14453cc2c9de98b4b62e7c16,2022-06,Bedfordshire Police,Bedfordshire Police,-0.411422,51.877862,On or near Further/Higher Educational Building,E01015789,Luton 018E,Violence and sexual offences,Unable to prosecute suspect,
5c33f4d989da9e537a69670356e9ef07bcee2f4b5d9ee4abcaa10afc181e7e83,2022-06,Bedfordshire Police,Bedfordshire Police,-0.409241,51.873364,On or near Kingsland Road,E01015789,Luton 018E,Violence and sexual offences,Action to be taken by another organisation,
ff7ea3cbbe0432482c7435bf12294445f9d8eccdb8409d158baac665b7162e49,2022-06,Bedfordshire Police,Bedfordshire Police,-0.409241,51.873364,On or near Kingsland Road,E01015789,Luton 018E,Violence and sexual offences,Unable to prosecute suspect,
0f627d0a176b0ce02fa65603db0daf00d9796afb94fe6a9b645590196853f5b5,2022-06,Bedfordshire Police,Bedfordshire Police,-0.406551,51.877976,On or near Pedestrian Subway,E01015789,Luton 018E,Violence and sexual offences,Unable to prosecute suspect,
13a76436b4d65f207f7b38ab1b51811c801f0c4e2452d12f512a7813fcbbd742,2022-06,Bedfordshire Police,Bedfordshire Police,-0.408184,51.876155,On or near Park Terrace,E01015789,Luton 018E,Violence and sexual offences,Unable to prosecute suspect,
1f665c23a482303e1a9ce9d3f3e4ddd61929420a96fb479b16505914eaa74f9b,2022-06,Bedfordshire Police,Bedfordshire Police,-0.411422,51.877862,On or near Further/Higher Educational Building,E01015789,Luton 018E,Violence and sexual offences,Unable to prosecute suspect,
bc19f77b5d7be7042f1da3a82f9712d7fd08d367803831c136bf622939022ee0,2022-06,Bedfordshire Police,Bedfordshire Police,-0.410801,51.877341,On or near Supermarket,E01015789,Luton 018E,Violence and sexual offences,Unable to prosecute suspect,
d69aec6ce1f71fea28dcbf3bd2d7d4177e20f0af9327fb0aab6ef146a9e50902,2022-06,Bedfordshire Police,Bedfordshire Police,-0.409241,51.873364,On or near Kingsland Road,E01015789,Luton 018E,Violence and sexual offences,Unable to prosecute suspect,
c3c6f9c3caf002c4f3b6f09287068265472c6a01ab238c4ee07b1a989a00d34d,2022-06,Bedfordshire Police,Bedfordshire Police,-0.409749,51.875870,On or near Chobham Street,E01015789,Luton 018E,Violence and sexual offences,Investigation complete; no suspect identified,
d520312d348bff48e0c8e55f0d80f100313c6c5d861fe9a2f27bfaac79cba8ee,2022-06,Bedfordshire Police,Bedfordshire Police,-0.406551,51.877976,On or near Pedestrian Subway,E01015789,Luton 018E,Violence and sexual offences,Action to be taken by another organisation,
60cd7976216f7c4df2ff18dc9e8fc7a0530385ac6b72fbc2ccf62c1cac6db631,2022-06,Bedfordshire Police,Bedfordshire Police,-0.408027,51.878140,On or near Pedestrian Subway,E01015789,Luton 018E,Violence and sexual offences,Court result unavailable,
,2022-06,Bedfordshire Police,Bedfordshire Police,-0.413327,51.879443,On or near Supermarket,E01015794,Luton 018F,Anti-social behaviour,,
,2022-06,Bedfordshire Police,Bedfordshire Police,-0.418057,51.880874,On or near Manchester Street,E01015794,Luton 018F,Anti-social behaviour,,
,2022-06,Bedfordshire Police,Bedfordshire Police,-0.413993,51.880351,On or near Cheapside,E01015794,Luton 018F,Anti-social behaviour,,
,2022-06,Bedfordshire Police,Bedfordshire Police,-0.419476,51.879769,On or near Upper George Street,E01015794,Luton 018F,Anti-social behaviour,,
,2022-06,Bedfordshire Police,Bedfordshire Police,-0.419476,51.879769,On or near Upper George Street,E01015794,Luton 018F,Anti-social behaviour,,
,2022-06,Bedfordshire Police,Bedfordshire Police,-0.413942,51.878903,On or near Shopping Area,E01015794,Luton 018F,Anti-social behaviour,,
,2022-06,Bedfordshire Police,Bedfordshire Police,-0.417202,51.879154,On or near Shopping Area,E01015794,Luton 018F,Anti-social behaviour,,
,2022-06,Bedfordshire Police,Bedfordshire Police,-0.418624,51.881682,On or near New Bedford Road,E01015794,Luton 018F,Anti-social behaviour,,
,2022-06,Bedfordshire Police,Bedfordshire Police,-0.418624,51.881682,On or near New Bedford Road,E01015794,Luton 018F,Anti-social behaviour,,
,2022-06,Bedfordshire Police,Bedfordshire Police,-0.417049,51.880213,On or near Pedestrian Subway,E01015794,Luton 018F,Anti-social behaviour,,
,2022-06,Bedfordshire Police,Bedfordshire Police,-0.416054,51.881224,On or near Parking Area,E01015794,Luton 018F,Anti-social behaviour,,
,2022-06,Bedfordshire Police,Bedfordshire Police,-0.414294,51.880868,On or near Bute Street,E01015794,Luton 018F,Anti-social behaviour,,
,2022-06,Bedfordshire Police,Bedfordshire Police,-0.422755,51.879471,On or near Bus/Coach Station,E01015794,Luton 018F,Anti-social behaviour,,
,2022-06,Bedfordshire Police,Bedfordshire Police,-0.424401,51.879781,On or near Grove Road,E01015794,Luton 018F,Anti-social behaviour,,
,2022-06,Bedfordshire Police,Bedfordshire Police,-0.414956,51.881048,On or near Guildford Street,E01015794,Luton 018F,Anti-social behaviour,,
,2022-06,Bedfordshire Police,Bedfordshire Police,-0.422755,51.879471,On or near Bus/Coach Station,E01015794,Luton 018F,Anti-social behaviour,,
,2022-06,Bedfordshire Police,Bedfordshire Police,-0.419476,51.879769,On or near Upper George Street,E01015794,Luton 018F,Anti-social behaviour,,
,2022-06,Bedfordshire Police,Bedfordshire Police,-0.422755,51.879471,On or near Bus/Coach Station,E01015794,Luton 018F,Anti-social behaviour,,
,2022-06,Bedfordshire Police,Bedfordshire Police,-0.420495,51.880124,On or near Alma Link,E01015794,Luton 018F,Anti-social behaviour,,
,2022-06,Bedfordshire Police,Bedfordshire Police,-0.414818,51.880021,On or near Silver Street,E01015794,Luton 018F,Anti-social behaviour,,
,2022-06,Bedfordshire Police,Bedfordshire Police,-0.414294,51.880868,On or near Bute Street,E01015794,Luton 018F,Anti-social behaviour,,
,2022-06,Bedfordshire Police,Bedfordshire Police,-0.418342,51.882685,On or near Mill Street,E01015794,Luton 018F,Anti-social behaviour,,
,2022-06,Bedfordshire Police,Bedfordshire Police,-0.417049,51.880213,On or near Pedestrian Subway,E01015794,Luton 018F,Anti-social behaviour,,
,2022-06,Bedfordshire Police,Bedfordshire Police,-0.417202,51.879154,On or near Shopping Area,E01015794,Luton 018F,Anti-social behaviour,,
,2022-06,Bedfordshire Police,Bedfordshire Police,-0.419089,51.878379,On or near Nightclub,E01015794,Luton 018F,Anti-social behaviour,,
,2022-06,Bedfordshire Police,Bedfordshire Police,-0.422643,51.880198,On or near Dunstable Road,E01015794,Luton 018F,Anti-social behaviour,,
,2022-06,Bedfordshire Police,Bedfordshire Police,-0.417202,51.879154,On or near Shopping Area,E01015794,Luton 018F,Anti-social behaviour,,
,2022-06,Bedfordshire Police,Bedfordshire Police,-0.416881,51.881685,On or near Bridge Street,E01015794,Luton 018F,Anti-social behaviour,,
,2022-06,Bedfordshire Police,Bedfordshire Police,-0.423274,51.882077,On or near Telford Way,E01015794,Luton 018F,Anti-social behaviour,,
,2022-06,Bedfordshire Police,Bedfordshire Police,-0.417049,51.880213,On or near Pedestrian Subway,E01015794,Luton 018F,Anti-social behaviour,,
,2022-06,Bedfordshire Police,Bedfordshire Police,-0.418624,51.881682,On or near New Bedford Road,E01015794,Luton 018F,Anti-social behaviour,,
,2022-06,Bedfordshire Police,Bedfordshire Police,-0.423274,51.882077,On or near Telford Way,E01015794,Luton 018F,Anti-social behaviour,,
,2022-06,Bedfordshire Police,Bedfordshire Police,-0.419390,51.880559,On or near Alma Street,E01015794,Luton 018F,Anti-social behaviour,,
,2022-06,Bedfordshire Police,Bedfordshire Police,-0.413942,51.878903,On or near Shopping Area,E01015794,Luton 018F,Anti-social behaviour,,
,2022-06,Bedfordshire Police,Bedfordshire Police,-0.414455,51.881239,On or near Theatre/Concert Hall,E01015794,Luton 018F,Anti-social behaviour,,
,2022-06,Bedfordshire Police,Bedfordshire Police,-0.417202,51.879154,On or near Shopping Area,E01015794,Luton 018F,Anti-social behaviour,,
,2022-06,Bedfordshire Police,Bedfordshire Police,-0.421027,51.881939,On or near Collingdon Street,E01015794,Luton 018F,Anti-social behaviour,,
,2022-06,Bedfordshire Police,Bedfordshire Police,-0.417202,51.879154,On or near Shopping Area,E01015794,Luton 018F,Anti-social behaviour,,
,2022-06,Bedfordshire Police,Bedfordshire Police,-0.422643,51.880198,On or near Dunstable Road,E01015794,Luton 018F,Anti-social behaviour,,
,2022-06,Bedfordshire Police,Bedfordshire Police,-0.413993,51.880351,On or near Cheapside,E01015794,Luton 018F,Anti-social behaviour,,
,2022-06,Bedfordshire Police,Bedfordshire Police,-0.423014,51.879133,On or near Cardiff Road,E01015794,Luton 018F,Anti-social behaviour,,
,2022-06,Bedfordshire Police,Bedfordshire Police,-0.419089,51.878379,On or near Nightclub,E01015794,Luton 018F,Anti-social behaviour,,
,2022-06,Bedfordshire Police,Bedfordshire Police,-0.417202,51.879154,On or near Shopping Area,E01015794,Luton 018F,Anti-social behaviour,,
,2022-06,Bedfordshire Police,Bedfordshire Police,-0.417729,51.878208,On or near King Street,E01015794,Luton 018F,Anti-social behaviour,,
5d52d45453f81fedae4bd19f8a45426eef87352b584e2d5ee1efa37ac53b3498,2022-06,Bedfordshire Police,Bedfordshire Police,-0.414197,51.879077,On or near Parking Area,E01015794,Luton 018F,Bicycle theft,Investigation complete; no suspect identified,
2abb01809b6217a5f463edd9fbf123b7277365b08e3c5844577aa642ad0200ff,2022-06,Bedfordshire Police,Bedfordshire Police,-0.418624,51.881682,On or near New Bedford Road,E01015794,Luton 018F,Bicycle theft,Investigation complete; no suspect identified,
61bf1f925bb0490bb9492cd41900e454bd882ef899a3045c5c98f21a5aa299b1,2022-06,Bedfordshire Police,Bedfordshire Police,-0.421907,51.881303,On or near Liverpool Road,E01015794,Luton 018F,Bicycle theft,Investigation complete; no suspect identified,
c337856289452eadfe8468abbd460955a6e826c5261886eccfec8650aa3e65d8,2022-06,Bedfordshire Police,Bedfordshire Police,-0.416881,51.881685,On or near Bridge Street,E01015794,Luton 018F,Bicycle theft,Investigation complete; no suspect identified,
2ad819b7a039438a52f62b09582b65e9d588f5070b0028f3bae38bf98caf8dc8,2022-06,Bedfordshire Police,Bedfordshire Police,-0.413942,51.878903,On or near Shopping Area,E01015794,Luton 018F,Bicycle theft,Investigation complete; no suspect identified,
6b9ef58d9b0ff02c6fd8fef4d18a3b76b900d80c1ab523cb23622b7367e53438,2022-06,Bedfordshire Police,Bedfordshire Police,-0.420495,51.880124,On or near Alma Link,E01015794,Luton 018F,Burglary,Investigation complete; no suspect identified,
9d98a0428fc09114bdfbdf9e6d1d683c9ea4a889021c38b91f466e5c21a30648,2022-06,Bedfordshire Police,Bedfordshire Police,-0.420495,51.880124,On or near Alma Link,E01015794,Luton 018F,Burglary,Unable to prosecute suspect,
50c75e4006f648a4de2ac43e30a13378ef43ce5f64e020e73d3abb88c322fc64,2022-06,Bedfordshire Police,Bedfordshire Police,-0.420495,51.880124,On or near Alma Link,E01015794,Luton 018F,Burglary,Investigation complete; no suspect identified,
6a5bd096fd53baa7c2e448c3c7c1597fd7cf8e8112470ba1f569966da9524601,2022-06,Bedfordshire Police,Bedfordshire Police,-0.417202,51.879154,On or near Shopping Area,E01015794,Luton 018F,Burglary,Investigation complete; no suspect identified,
5f0cb476c18abb63151c2f08a617fdfaf8dcb19b3a30041232bd703be8e1414e,2022-06,Bedfordshire Police,Bedfordshire Police,-0.420495,51.880124,On or near Alma Link,E01015794,Luton 018F,Burglary,Investigation complete; no suspect identified,
5eeaf2a4508de1d83f8604b3520084a2286c5ef456aa981b94ce0f18bdd3148c,2022-06,Bedfordshire Police,Bedfordshire Police,-0.411407,51.879525,On or near Parking Area,E01015794,Luton 018F,Burglary,Awaiting court outcome,
586a81956d059520d9c81fa2ea9033caf5f0c69045b3c8bcf44425d29ae6351a,2022-06,Bedfordshire Police,Bedfordshire Police,-0.414197,51.879077,On or near Parking Area,E01015794,Luton 018F,Burglary,Investigation complete; no suspect identified,
78e5930708740fae0f1fcc2485b9db9e5202287a023a64f851e538ab4f27fe73,2022-06,Bedfordshire Police,Bedfordshire Police,-0.420224,51.880804,On or near Inkerman Street,E01015794,Luton 018F,Burglary,Investigation complete; no suspect identified,
fa84939da63ddad409520b81993e5b637e775dab26dbce29e1a20218b14b79d2,2022-06,Bedfordshire Police,Bedfordshire Police,-0.420495,51.880124,On or near Alma Link,E01015794,Luton 018F,Burglary,Investigation complete; no suspect identified,
4807af00422b77b044f208203ad434ba56847ac333d926bd702d385a7cbd9ddf,2022-06,Bedfordshire Police,Bedfordshire Police,-0.419476,51.879769,On or near Upper George Street,E01015794,Luton 018F,Criminal damage and arson,Unable to prosecute suspect,
1d56dc8806c89b9366b0e0f3b14d6f64a37f1809a78bd0e353d7065a8fb37953,2022-06,Bedfordshire Police,Bedfordshire Police,-0.420495,51.880124,On or near Alma Link,E01015794,Luton 018F,Criminal damage and arson,Investigation complete; no suspect identified,
00b72ebf843e9c33bdc71e424d18ac812a44bdfad7c4c43811c860c6c793aabf,2022-06,Bedfordshire Police,Bedfordshire Police,-0.420495,51.880124,On or near Alma Link,E01015794,Luton 018F,Criminal damage and arson,Investigation complete; no suspect identified,
ad209e6eb13fc0e4b9c29cf973af409ee6c681e6a1ac4c6728afd8566bfbd124,2022-06,Bedfordshire Police,Bedfordshire Police,-0.418057,51.880874,On or near Manchester Street,E01015794,Luton 018F,Criminal damage and arson,Investigation complete; no suspect identified,
c1c4cbe75e2422aa5ef177d87ccd58efb8bcbd7fd6eb78f5b6f2cc7970828dc1,2022-06,Bedfordshire Police,Bedfordshire Police,-0.417202,51.879154,On or near Shopping Area,E01015794,Luton 018F,Criminal damage and arson,Unable to prosecute suspect,
a33f8dd3540813c2a5317a32d7eeaedf41c621f714995b75ffb7db8426f2c732,2022-06,Bedfordshire Police,Bedfordshire Police,-0.418057,51.880874,On or near Manchester Street,E01015794,Luton 018F,Criminal damage and arson,Investigation complete; no suspect identified,
9b2cc53e509430bf769e341561e20c3a4cf94df13ef3ff356a717a20d9416b76,2022-06,Bedfordshire Police,Bedfordshire Police,-0.418624,51.881682,On or near New Bedford Road,E01015794,Luton 018F,Criminal damage and arson,Unable to prosecute suspect,
9e393bae6c9e5e8d6c1ebd7447c7345c3ecc52a3315039413a07a17d1a47061d,2022-06,Bedfordshire Police,Bedfordshire Police,-0.419754,51.878882,On or near Nightclub,E01015794,Luton 018F,Criminal damage and arson,Unable to prosecute suspect,
2a9148c95acba29140933fe1231495a31a28f1b984c37234d8670783e5e58c7a,2022-06,Bedfordshire Police,Bedfordshire Police,-0.418426,51.879044,On or near Peel Street,E01015794,Luton 018F,Criminal damage and arson,Investigation complete; no suspect identified,
6b6fc30e8325651cd57b472db65280b0ac6c7541cb6df31a4e01916933eed6f0,2022-06,Bedfordshire Police,Bedfordshire Police,-0.417202,51.879154,On or near Shopping Area,E01015794,Luton 018F,Drugs,Formal action is not in the public interest,
d335452fc0d574c48365eb9a17fd4d22d2274ad3c5d24fd6cb9a53805ea45922,2022-06,Bedfordshire Police,Bedfordshire Police,-0.421027,51.881939,On or near Collingdon Street,E01015794,Luton 018F,Drugs,Formal action is not in the public interest,
18dc80beb3303f2c16d2a917b621e82972be24fa574f05c0c63c75a3bcd31717,2022-06,Bedfordshire Police,Bedfordshire Police,-0.417202,51.879154,On or near Shopping Area,E01015794,Luton 018F,Drugs,Local resolution,
d0cb5a4a474845e83f95674d4881e8633cf04302e89652b0f81161a9f023a02f,2022-06,Bedfordshire Police,Bedfordshire Police,-0.424401,51.879781,On or near Grove Road,E01015794,Luton 018F,Drugs,Local resolution,
b13c300c377e511d6af3cc16307167a448ab59e24cd169daf42436f3eb188a90,2022-06,Bedfordshire Police,Bedfordshire Police,-0.417049,51.880213,On or near Pedestrian Subway,E01015794,Luton 018F,Drugs,Local resolution,
9a9ab38c7835d66b8cbc450ab124e25d30fd6d216cc4dbf77ee084d032a932a6,2022-06,Bedfordshire Police,Bedfordshire Police,-0.417202,51.879154,On or near Shopping Area,E01015794,Luton 018F,Drugs,Unable to prosecute suspect,
3dcd5d9c1bd089b2c700789e82597f47844f07e0cde7a71970fc3d0a7026be45,2022-06,Bedfordshire Police,Bedfordshire Police,-0.418624,51.881682,On or near New Bedford Road,E01015794,Luton 018F,Drugs,Court result unavailable,
d90160f4a23db55e9bf4cd210b81a04bf0a1054784e799f7e46cd96ea91967c6,2022-06,Bedfordshire Police,Bedfordshire Police,-0.411407,51.879525,On or near Parking Area,E01015794,Luton 018F,Drugs,Local resolution,
27ee443400387ca6bc2fea13f175c6d093e47fbd63630e881c0770b6de620ae2,2022-06,Bedfordshire Police,Bedfordshire Police,-0.417202,51.879154,On or near Shopping Area,E01015794,Luton 018F,Drugs,Local resolution,
bf6be2131e4ba2a0277b321fddd09a9b05d8d2c5b1fcd8576227dc118291eead,2022-06,Bedfordshire Police,Bedfordshire Police,-0.423014,51.879133,On or near Cardiff Road,E01015794,Luton 018F,Drugs,Local resolution,
2f1546aa2d8c56064d76127ee78db2225c6e297bd2e2d092e16a24618fa07ff0,2022-06,Bedfordshire Police,Bedfordshire Police,-0.417049,51.880213,On or near Pedestrian Subway,E01015794,Luton 018F,Other theft,Investigation complete; no suspect identified,
ba72506e5c34ec9c776832e339b4d7716788d748ad044e41d17f11f6fa80556a,2022-06,Bedfordshire Police,Bedfordshire Police,-0.418624,51.881682,On or near New Bedford Road,E01015794,Luton 018F,Other theft,Investigation complete; no suspect identified,
332281acb5365b7afd4b9483f303877ee6b65d6038c07d61b3e16925cf1722a4,2022-06,Bedfordshire Police,Bedfordshire Police,-0.414956,51.881048,On or near Guildford Street,E01015794,Luton 018F,Other theft,Unable to prosecute suspect,
e5ba6e07ee238de7866a83df95ec4d8f350aa7cdee483478edba8c21c344c778,2022-06,Bedfordshire Police,Bedfordshire Police,-0.413993,51.880351,On or near Cheapside,E01015794,Luton 018F,Other theft,Unable to prosecute suspect,
329739658bd9e04ed66e5ffba9ce1d75a9070f54ad68233c8aaca87ffef37a11,2022-06,Bedfordshire Police,Bedfordshire Police,-0.418426,51.879044,On or near Peel Street,E01015794,Luton 018F,Other theft,Investigation complete; no suspect identified,
71614259d590455d5a8ea26d4a011ce93dc16e0f92e1ee28d2a6fe21c75ce9a7,2022-06,Bedfordshire Police,Bedfordshire Police,-0.413942,51.878903,On or near Shopping Area,E01015794,Luton 018F,Other theft,Investigation complete; no suspect identified,
984e05a627bea23ffcb1d75001482409c3e288fb8939407ed912ee21098a3e3b,2022-06,Bedfordshire Police,Bedfordshire Police,-0.414197,51.879077,On or near Parking Area,E01015794,Luton 018F,Other theft,Investigation complete; no suspect identified,
94a8bd75c2ca0480362108c1c08c823975cbbf2c797b80aef811bf6a9696d036,2022-06,Bedfordshire Police,Bedfordshire Police,-0.418624,51.881682,On or near New Bedford Road,E01015794,Luton 018F,Other theft,Investigation complete; no suspect identified,
96fd5e1e2589d91ea4bc7de8d72bfc58d05d726d8e315a7c2c71536bdd4f8c70,2022-06,Bedfordshire Police,Bedfordshire Police,-0.411407,51.879525,On or near Parking Area,E01015794,Luton 018F,Other theft,Investigation complete; no suspect identified,
526704e24aa0b672eac37975d2e5fdecd722d5ac4e85c2ee0e88b20667ae6644,2022-06,Bedfordshire Police,Bedfordshire Police,-0.414197,51.879077,On or near Parking Area,E01015794,Luton 018F,Other theft,Investigation complete; no suspect identified,
dc09f9fefce5d45809de9b8dfd5727577c7d89ae1eec06aa797cb560ddc75bd7,2022-06,Bedfordshire Police,Bedfordshire Police,-0.413942,51.878903,On or near Shopping Area,E01015794,Luton 018F,Other theft,Investigation complete; no suspect identified,
6eae24c3e251e71143346d33c14795598984078390d7e75663373921e6300f65,2022-06,Bedfordshire Police,Bedfordshire Police,-0.417202,51.879154,On or near Shopping Area,E01015794,Luton 018F,Other theft,Investigation complete; no suspect identified,
0c467f83de230116c92c8d2924c0db505ac607dfc93bb5b20a3819977e951750,2022-06,Bedfordshire Police,Bedfordshire Police,-0.417049,51.880213,On or near Pedestrian Subway,E01015794,Luton 018F,Other theft,Investigation complete; no suspect identified,
a354603d66609628f9d9431dc9e213e1201a05f82b8028975b575ef8f02ec177,2022-06,Bedfordshire Police,Bedfordshire Police,-0.413327,51.879443,On or near Supermarket,E01015794,Luton 018F,Other theft,Investigation complete; no suspect identified,
25c3457703c9b2d27f0b0b6410efa68024154faeefab7a409cf34ff2f02708ea,2022-06,Bedfordshire Police,Bedfordshire Police,-0.413942,51.878903,On or near Shopping Area,E01015794,Luton 018F,Other theft,Investigation complete; no suspect identified,
4740483913d214507c87a1c87710d8f3a13b77e0c2a9a43eaef75951676f23e9,2022-06,Bedfordshire Police,Bedfordshire Police,-0.413327,51.879443,On or near Supermarket,E01015794,Luton 018F,Other theft,Investigation complete; no suspect identified,
19e4cf9d15d074ed34b42a40699001214fdb4078c58b39b3ba4f3303f348c4a4,2022-06,Bedfordshire Police,Bedfordshire Police,-0.412607,51.880081,On or near John Street,E01015794,Luton 018F,Other theft,Investigation complete; no suspect identified,
a1b56dbc9651f3d97a74a91333dae31aedc0265a484e3be06572c5aa1a0e660a,2022-06,Bedfordshire Police,Bedfordshire Police,-0.419089,51.878379,On or near Nightclub,E01015794,Luton 018F,Other theft,Investigation complete; no suspect identified,
484eee66a1e7cf7698ebcf31f48a2c2f02abeb21cfe59c0fa78edb9e7d99e8e9,2022-06,Bedfordshire Police,Bedfordshire Police,-0.418624,51.881682,On or near New Bedford Road,E01015794,Luton 018F,Other theft,Investigation complete; no suspect identified,
2b1409f5e096d99a34d10600ca4498d74b94d8ae24f3fbef69a788bab194bc01,2022-06,Bedfordshire Police,Bedfordshire Police,-0.419089,51.878379,On or near Nightclub,E01015794,Luton 018F,Other theft,Investigation complete; no suspect identified,
f36787953d7bb71f4f45f17ef40733ce58ea5ef09d80e93a2a6013e0322d2f4a,2022-06,Bedfordshire Police,Bedfordshire Police,-0.418624,51.881682,On or near New Bedford Road,E01015794,Luton 018F,Other theft,Investigation complete; no suspect identified,
b6cf0941aa2618fd3680a7cb4808ebc0a3939e1e8db0c326d75c9a27cc427f1d,2022-06,Bedfordshire Police,Bedfordshire Police,-0.418624,51.881682,On or near New Bedford Road,E01015794,Luton 018F,Other theft,Investigation complete; no suspect identified,
f0e9f3b8aba19c8e10bdabf9cb03a2ddce572327902dfb588a1b000aab2c85cc,2022-06,Bedfordshire Police,Bedfordshire Police,-0.414455,51.881239,On or near Theatre/Concert Hall,E01015794,Luton 018F,Other theft,Unable to prosecute suspect,
4eaf981b0072f694298b631cd05970c6ad1f8e380b93ff2239001539a99a99e7,2022-06,Bedfordshire Police,Bedfordshire Police,-0.413327,51.879443,On or near Supermarket,E01015794,Luton 018F,Other theft,Investigation complete; no suspect identified,
dbbab07781381283376436dfea1c37063e8a49a180ddd5907c64921fcd617822,2022-06,Bedfordshire Police,Bedfordshire Police,-0.413327,51.879443,On or near Supermarket,E01015794,Luton 018F,Other theft,Investigation complete; no suspect identified,
97fd72be1c8a0f28c360dbdfc78874854ca56ceefa4176755ad051fe7079ee0a,2022-06,Bedfordshire Police,Bedfordshire Police,-0.414197,51.879077,On or near Parking Area,E01015794,Luton 018F,Other theft,Unable to prosecute suspect,
e3828719846b81952563a7b0e9e677b986b911f011f77105170adbd7ef7f2271,2022-06,Bedfordshire Police,Bedfordshire Police,-0.416084,51.880380,On or near Shopping Area,E01015794,Luton 018F,Other theft,Investigation complete; no suspect identified,
e95a9238728dc9c12b8eb8394ab10ce4778636b14eeb8da72a21cdc4ec194a57,2022-06,Bedfordshire Police,Bedfordshire Police,-0.414197,51.879077,On or near Parking Area,E01015794,Luton 018F,Possession of weapons,Action to be taken by another organisation,
1bfe5598a992a03c0e541b0f594441e94b99353fa95c9c6ffd8eaed6027599fc,2022-06,Bedfordshire Police,Bedfordshire Police,-0.419390,51.880559,On or near Alma Street,E01015794,Luton 018F,Possession of weapons,Court result unavailable,
c39b63298cbf7893d3771f52a31f617f65d759dac58d23f277d0f118aea60393,2022-06,Bedfordshire Police,Bedfordshire Police,-0.419476,51.879769,On or near Upper George Street,E01015794,Luton 018F,Possession of weapons,Court result unavailable,
a3a8bdb14c859c87623f8f1c05b636ffa9f2b46587bee0e740448fe762c3fd6d,2022-06,Bedfordshire Police,Bedfordshire Police,-0.417202,51.879154,On or near Shopping Area,E01015794,Luton 018F,Possession of weapons,Offender given a caution,
6245d37c0271e3656e2857d6b2010f0ee7ad4ada6b2023d4f973f8a473b0f2b7,2022-06,Bedfordshire Police,Bedfordshire Police,-0.419476,51.879769,On or near Upper George Street,E01015794,Luton 018F,Possession of weapons,Awaiting court outcome,
f71b3eb77a78e2da0b74879cad31c64c7ae72ca949dd85e460c516594a2ae31d,2022-06,Bedfordshire Police,Bedfordshire Police,-0.417202,51.879154,On or near Shopping Area,E01015794,Luton 018F,Public order,Investigation complete; no suspect identified,
dd59ca03fc326a6c5cda876c4901ed7259041705752db837faef4bac86d5444a,2022-06,Bedfordshire Police,Bedfordshire Police,-0.417202,51.879154,On or near Shopping Area,E01015794,Luton 018F,Public order,Unable to prosecute suspect,
651a8f2bb68cbad9cb69593499d996f709a8d871c3c83925ba86b1e4cb170016,2022-06,Bedfordshire Police,Bedfordshire Police,-0.413942,51.878903,On or near Shopping Area,E01015794,Luton 018F,Public order,Investigation complete; no suspect identified,
5e9005005f51484a534e6bf9ba1ec3944183ba9d09a42142c1f5f114bcbb6ad4,2022-06,Bedfordshire Police,Bedfordshire Police,-0.417202,51.879154,On or near Shopping Area,E01015794,Luton 018F,Public order,Unable to prosecute suspect,
b474b9fdfef5b4d57a0e00563ce9d10c8c7ef577cb082489c7b8b0464c44291a,2022-06,Bedfordshire Police,Bedfordshire Police,-0.417202,51.879154,On or near Shopping Area,E01015794,Luton 018F,Public order,Court result unavailable,
b257c95bacab7d99f8b121d303a91042a2d544941d0d00af1debfae842f28628,2022-06,Bedfordshire Police,Bedfordshire Police,-0.413942,51.878903,On or near Shopping Area,E01015794,Luton 018F,Public order,Unable to prosecute suspect,
c938b04b254dc8d9514c1e5f2afd5eed8346b5d3e6fed6dfdd339702a946d869,2022-06,Bedfordshire Police,Bedfordshire Police,-0.418624,51.881682,On or near New Bedford Road,E01015794,Luton 018F,Public order,Investigation complete; no suspect identified,
1f517c34268bbac4aac4e8612c93905167ee03d7e4da3bb400e9bf731c131e01,2022-06,Bedfordshire Police,Bedfordshire Police,-0.422755,51.879471,On or near Bus/Coach Station,E01015794,Luton 018F,Public order,Unable to prosecute suspect,
ff89982ed36da786faac50f9f055d490bc1459533bf89940347ea074adf7275b,2022-06,Bedfordshire Police,Bedfordshire Police,-0.414197,51.879077,On or near Parking Area,E01015794,Luton 018F,Public order,Unable to prosecute suspect,
1f4186e38f4befb3b404243d3b52b066e25a7477433c34282c2944bfbdeaaf54,2022-06,Bedfordshire Police,Bedfordshire Police,-0.417202,51.879154,On or near Shopping Area,E01015794,Luton 018F,Public order,Unable to prosecute suspect,
9ab04b9b13a513b6535a56a197aa6a10c5690ecace486dbc98fc10c478b8935a,2022-06,Bedfordshire Police,Bedfordshire Police,-0.416084,51.880380,On or near Shopping Area,E01015794,Luton 018F,Public order,Investigation complete; no suspect identified,
c5051fed6b04c8891a72a22f46da9e4e310c48aec93f3650341c9b27b324fc9a,2022-06,Bedfordshire Police,Bedfordshire Police,-0.418624,51.881682,On or near New Bedford Road,E01015794,Luton 018F,Public order,Investigation complete; no suspect identified,
05bb6a96cc11cec1da5920adaa09ed79d649e3fc56367c87ba7b00feb72ef54b,2022-06,Bedfordshire Police,Bedfordshire Police,-0.418624,51.881682,On or near New Bedford Road,E01015794,Luton 018F,Public order,Formal action is not in the public interest,
264999bce01dfa94eef189a8200f19f0650fac2ea9035ac163ad15b24c6377f3,2022-06,Bedfordshire Police,Bedfordshire Police,-0.422755,51.879471,On or near Bus/Coach Station,E01015794,Luton 018F,Public order,Court result unavailable,
cf6ad82d02e09ce5d01f2024cd3820c7887f33472bb05eaa668169227437021d,2022-06,Bedfordshire Police,Bedfordshire Police,-0.422755,51.879471,On or near Bus/Coach Station,E01015794,Luton 018F,Public order,Investigation complete; no suspect identified,
a3ce275eaf9a571afbd64ac263af138a037a5821a3aede3a7bde21371351e458,2022-06,Bedfordshire Police,Bedfordshire Police,-0.417049,51.880213,On or near Pedestrian Subway,E01015794,Luton 018F,Public order,Awaiting court outcome,
0346c0a6931df623b25a45a716a2f0d64c9f1b54fd07637508644b2a7f99f73f,2022-06,Bedfordshire Police,Bedfordshire Police,-0.414197,51.879077,On or near Parking Area,E01015794,Luton 018F,Public order,Investigation complete; no suspect identified,
a4840db82b40301d3684c579fa5597808cfb8b149fca4180c7bf8a6c527e94f9,2022-06,Bedfordshire Police,Bedfordshire Police,-0.413942,51.878903,On or near Shopping Area,E01015794,Luton 018F,Public order,Unable to prosecute suspect,
7a2b1449a6ea9ca24bd9a6a688d37759506303431ee9b545dc97303909e618dc,2022-06,Bedfordshire Police,Bedfordshire Police,-0.422755,51.879471,On or near Bus/Coach Station,E01015794,Luton 018F,Public order,Status update unavailable,
625ece0123f919ecd3b73e63aeec9122682b4e1871d63b376037118d0cc235bf,2022-06,Bedfordshire Police,Bedfordshire Police,-0.413327,51.879443,On or near Supermarket,E01015794,Luton 018F,Public order,Unable to prosecute suspect,
198f709d4e12761345d2aea7a760f97c7f42167ef9f1567ffb2ac7cb93edff69,2022-06,Bedfordshire Police,Bedfordshire Police,-0.417049,51.880213,On or near Pedestrian Subway,E01015794,Luton 018F,Public order,Status update unavailable,
15fce48f86bdcf64cc4c22e215e13f1a4b75d8b2271209d2202f30fb32bbe3b8,2022-06,Bedfordshire Police,Bedfordshire Police,-0.414818,51.880021,On or near Silver Street,E01015794,Luton 018F,Public order,Unable to prosecute suspect,
5c34a3c765e4e4d055dca0b36bd74570f4d514ad00aac1c9122f8dccd04f7b88,2022-06,Bedfordshire Police,Bedfordshire Police,-0.413942,51.878903,On or near Shopping Area,E01015794,Luton 018F,Public order,Unable to prosecute suspect,
85393f9ae9dd1f718920b0f34dbffe0889938dafe62d7acfbd83052251acceae,2022-06,Bedfordshire Police,Bedfordshire Police,-0.422755,51.879471,On or near Bus/Coach Station,E01015794,Luton 018F,Public order,Investigation complete; no suspect identified,
af3c3f63b49d9cf5a3decfc1922e7325b32908e44163c0d156ce0b8fcd475214,2022-06,Bedfordshire Police,Bedfordshire Police,-0.418624,51.881682,On or near New Bedford Road,E01015794,Luton 018F,Public order,Status update unavailable,
294d0c8e1f6399f3f859f364d4d7e70ee4dc21513ced3d8580fc070ff9587354,2022-06,Bedfordshire Police,Bedfordshire Police,-0.418624,51.881682,On or near New Bedford Road,E01015794,Luton 018F,Public order,Unable to prosecute suspect,
947c795ec4245232500e92f07bc07dc24e255594ce6ba57061e0654502a6fa95,2022-06,Bedfordshire Police,Bedfordshire Police,-0.418624,51.881682,On or near New Bedford Road,E01015794,Luton 018F,Public order,Unable to prosecute suspect,
6b65f24bb82d8b8c29438a54bff4020ecec9f09e08bb51b87ee1e68fd79f7699,2022-06,Bedfordshire Police,Bedfordshire Police,-0.419754,51.878882,On or near Nightclub,E01015794,Luton 018F,Public order,Unable to prosecute suspect,
f997c96bcfc5064624c92d48de10c56e03f1a32c66adb9df54f4957a743f781d,2022-06,Bedfordshire Police,Bedfordshire Police,-0.419754,51.878882,On or near Nightclub,E01015794,Luton 018F,Public order,Unable to prosecute suspect,
c1dbbd2c510214ce5444e2f5f90ce16daffa30be4601beb8fe49df3261a53176,2022-06,Bedfordshire Police,Bedfordshire Police,-0.419476,51.879769,On or near Upper George Street,E01015794,Luton 018F,Public order,Court result unavailable,
dbf0beb671c084f0ba65bc9849f14a551eef47b834a40a6324a98e233a3ccef9,2022-06,Bedfordshire Police,Bedfordshire Police,-0.413327,51.879443,On or near Supermarket,E01015794,Luton 018F,Public order,Unable to prosecute suspect,
8b91c67cf63f0f8ace8969371db6d2d6b4727b81db2b863b1b0bbe0375ff1a77,2022-06,Bedfordshire Police,Bedfordshire Police,-0.413942,51.878903,On or near Shopping Area,E01015794,Luton 018F,Public order,Unable to prosecute suspect,
034cf7edf66663f088d2a62f41103c742ce4b439b3e161502bbd8e49b20ccaa6,2022-06,Bedfordshire Police,Bedfordshire Police,-0.417049,51.880213,On or near Pedestrian Subway,E01015794,Luton 018F,Robbery,Unable to prosecute suspect,
610005abfb10764d6dfb70cd1ce0a04ffbea0542f63048ed4f4716e11df56b65,2022-06,Bedfordshire Police,Bedfordshire Police,-0.418057,51.880874,On or near Manchester Street,E01015794,Luton 018F,Robbery,Unable to prosecute suspect,
8bba77c09bb434e9d9bcb11c695503afcaac54a5afbddbb6acaa67f35647c2f4,2022-06,Bedfordshire Police,Bedfordshire Police,-0.417102,51.882407,On or near Pedestrian Subway,E01015794,Luton 018F,Robbery,Investigation complete; no suspect identified,
397668e2777b4044be8be76985c2f22694eb0de2ba6a21f927edb19901403339,2022-06,Bedfordshire Police,Bedfordshire Police,-0.417202,51.879154,On or near Shopping Area,E01015794,Luton 018F,Robbery,Unable to prosecute suspect,
2519f0de21d649aa8c294ccbbd4fad3589b39d9d5a28092906eace233978fbab,2022-06,Bedfordshire Police,Bedfordshire Police,-0.416881,51.881685,On or near Bridge Street,E01015794,Luton 018F,Robbery,Unable to prosecute suspect,
fdd03f3e0044798ff203846a80075c839da96b60c4986f77a98d8d5c4c8daa02,2022-06,Bedfordshire Police,Bedfordshire Police,-0.418057,51.880874,On or near Manchester Street,E01015794,Luton 018F,Robbery,Investigation complete; no suspect identified,
441d8ac80c7b9ff82a8db017c484231becb9a085a48352bae6d12b79a1742bc0,2022-06,Bedfordshire Police,Bedfordshire Police,-0.411407,51.879525,On or near Parking Area,E01015794,Luton 018F,Robbery,Investigation complete; no suspect identified,
16138ec5171ab41674d1f2fb039b9e694284d21ba58a4aa9811a55ed29939abc,2022-06,Bedfordshire Police,Bedfordshire Police,-0.417202,51.879154,On or near Shopping Area,E01015794,Luton 018F,Robbery,Investigation complete; no suspect identified,
fcd47526cb2a77b6f977307e482c019835d9fedd5ef0c2e7716bfeef222fb91c,2022-06,Bedfordshire Police,Bedfordshire Police,-0.416084,51.880380,On or near Shopping Area,E01015794,Luton 018F,Shoplifting,Investigation complete; no suspect identified,
fe55679dc4ae3ea6764bdd335d840c717420b0c6f7d794c2e495087491f54201,2022-06,Bedfordshire Police,Bedfordshire Police,-0.417202,51.879154,On or near Shopping Area,E01015794,Luton 018F,Shoplifting,Investigation complete; no suspect identified,
f7fca7d521bda51545e1bdecec383fd5cb16e60ca05c76f3684ffb477331bf44,2022-06,Bedfordshire Police,Bedfordshire Police,-0.416084,51.880380,On or near Shopping Area,E01015794,Luton 018F,Shoplifting,Investigation complete; no suspect identified,
953cf32c106f5ac73eb6b8edd6fc72635421d91c5f16db062455627d0541f03b,2022-06,Bedfordshire Police,Bedfordshire Police,-0.416084,51.880380,On or near Shopping Area,E01015794,Luton 018F,Shoplifting,Investigation complete; no suspect identified,
82168cf023343c5878b9c2ab6342031dacfe775a95e4afd80a44af1d47df54a1,2022-06,Bedfordshire Police,Bedfordshire Police,-0.416084,51.880380,On or near Shopping Area,E01015794,Luton 018F,Shoplifting,Investigation complete; no suspect identified,
9fde058733a8e0e831743c5ca0285883ae05468029effd7b3228d32426e2ef5e,2022-06,Bedfordshire Police,Bedfordshire Police,-0.416084,51.880380,On or near Shopping Area,E01015794,Luton 018F,Shoplifting,Investigation complete; no suspect identified,
d61df9212aa50ad99f4549472c4ab38776843547be0b465d44f5d846681c4210,2022-06,Bedfordshire Police,Bedfordshire Police,-0.414818,51.880021,On or near Silver Street,E01015794,Luton 018F,Shoplifting,Investigation complete; no suspect identified,
7be5fbd4053a6ec9a5c203c33272c33d3335c37991dd457f1786af3d2bfc112c,2022-06,Bedfordshire Police,Bedfordshire Police,-0.414197,51.879077,On or near Parking Area,E01015794,Luton 018F,Shoplifting,Unable to prosecute suspect,
f48229d6361f6e563a9330fffbf7e15b1bb933576501d18ca41eb46fd8f27dd2,2022-06,Bedfordshire Police,Bedfordshire Police,-0.413327,51.879443,On or near Supermarket,E01015794,Luton 018F,Shoplifting,Court result unavailable,
14a5c9565c0fcb8181fee97b57fb57ae9088562a1422583a7d811cec73261c62,2022-06,Bedfordshire Police,Bedfordshire Police,-0.414818,51.880021,On or near Silver Street,E01015794,Luton 018F,Shoplifting,Investigation complete; no suspect identified,
fbd303b1c0acef329e325dea541e0d23e6749fb7d7ed6af309a239c76f67883f,2022-06,Bedfordshire Police,Bedfordshire Police,-0.416084,51.880380,On or near Shopping Area,E01015794,Luton 018F,Shoplifting,Investigation complete; no suspect identified,
a3efdbec91b04cb62a0e04ae5e1cc2d922c1abec43635c6cbd24ce72ab573b0d,2022-06,Bedfordshire Police,Bedfordshire Police,-0.416084,51.880380,On or near Shopping Area,E01015794,Luton 018F,Shoplifting,Investigation complete; no suspect identified,
24a51fd581d753d0038157763d0e83b95307a5f4cf75f3120409dd0068cb77b8,2022-06,Bedfordshire Police,Bedfordshire Police,-0.414818,51.880021,On or near Silver Street,E01015794,Luton 018F,Shoplifting,Unable to prosecute suspect,
9c9d6544d8a28be33b47e1765debe56bc16d2f1a18ace4ae24ce1dbcf1465ac9,2022-06,Bedfordshire Police,Bedfordshire Police,-0.413942,51.878903,On or near Shopping Area,E01015794,Luton 018F,Shoplifting,Unable to prosecute suspect,
f2348c7524c4dd5a7ecf9380d747a095023dd065fee1edd73a827390b20f2ecd,2022-06,Bedfordshire Police,Bedfordshire Police,-0.416084,51.880380,On or near Shopping Area,E01015794,Luton 018F,Shoplifting,Unable to prosecute suspect,
418b225a5d73d5fd43abf007fe95ddd703c4c2d8772be1860e0855c3548e28cc,2022-06,Bedfordshire Police,Bedfordshire Police,-0.414818,51.880021,On or near Silver Street,E01015794,Luton 018F,Shoplifting,Investigation complete; no suspect identified,
c13e775deb09fa41f3cbfc1b541f1d7a83fcdeff294c15abc60b5083f11cd4ab,2022-06,Bedfordshire Police,Bedfordshire Police,-0.416084,51.880380,On or near Shopping Area,E01015794,Luton 018F,Shoplifting,Investigation complete; no suspect identified,
089e4d601b1e080386dc7259399f7bb7577dcbad5a6c48f494f638f00ca3e13a,2022-06,Bedfordshire Police,Bedfordshire Police,-0.411407,51.879525,On or near Parking Area,E01015794,Luton 018F,Theft from the person,Investigation complete; no suspect identified,
7ad26c4df61e2687b145750e476646900ca928500e46d98c1ee3e30825c3cdf5,2022-06,Bedfordshire Police,Bedfordshire Police,-0.414818,51.880021,On or near Silver Street,E01015794,Luton 018F,Theft from the person,Unable to prosecute suspect,
6a762d2b4642a0a4165875d7b9e19e6c0991fa2913c2246bc325112d9a713a19,2022-06,Bedfordshire Police,Bedfordshire Police,-0.413327,51.879443,On or near Supermarket,E01015794,Luton 018F,Theft from the person,Investigation complete; no suspect identified,
69ab9cc3f729b6851eebaea4f70e4212cc22d0367cb828f920bae36d1388b111,2022-06,Bedfordshire Police,Bedfordshire Police,-0.414197,51.879077,On or near Parking Area,E01015794,Luton 018F,Theft from the person,Investigation complete; no suspect identified,
109f005e85b0ee27d5b11f7358ea3abe923c5998bbdd587a106b4b03954b0d54,2022-06,Bedfordshire Police,Bedfordshire Police,-0.413327,51.879443,On or near Supermarket,E01015794,Luton 018F,Theft from the person,Investigation complete; no suspect identified,
3f2152b7dd8cc09d0570b48de386d3fdfd10efd7ca16b7be7a6ee261117d0bff,2022-06,Bedfordshire Police,Bedfordshire Police,-0.419089,51.878379,On or near Nightclub,E01015794,Luton 018F,Theft from the person,Investigation complete; no suspect identified,
0739e12b456c50e84c8908f82027e5ff4b76b6ce5ae1760f0e759ff150b56f02,2022-06,Bedfordshire Police,Bedfordshire Police,-0.413327,51.879443,On or near Supermarket,E01015794,Luton 018F,Theft from the person,Awaiting court outcome,
891da71ab4d919d75059c2d06817711511a726fe0584d8efc68d8eac0e7d4534,2022-06,Bedfordshire Police,Bedfordshire Police,-0.422755,51.879471,On or near Bus/Coach Station,E01015794,Luton 018F,Theft from the person,Investigation complete; no suspect identified,
dd0da17ce90a07ab50cc5acfc77efe4008839a110f8d922e70a188fadf8ab8e5,2022-06,Bedfordshire Police,Bedfordshire Police,-0.414197,51.879077,On or near Parking Area,E01015794,Luton 018F,Theft from the person,Investigation complete; no suspect identified,
3f3fe6ce300f598b19f809df0fc6027ea0ed91f163011cdaa43e261268e7cf50,2022-06,Bedfordshire Police,Bedfordshire Police,-0.419476,51.879769,On or near Upper George Street,E01015794,Luton 018F,Vehicle crime,Investigation complete; no suspect identified,
86f8fc3e353962bbcf7bffe301d28a10eecab0a057e453004319bb9c1d28287a,2022-06,Bedfordshire Police,Bedfordshire Police,-0.421027,51.881939,On or near Collingdon Street,E01015794,Luton 018F,Vehicle crime,Investigation complete; no suspect identified,
916d1125a22da9609b0599209404e5caef7257396c5abbf74aab39abf4e27b9c,2022-06,Bedfordshire Police,Bedfordshire Police,-0.414197,51.879077,On or near Parking Area,E01015794,Luton 018F,Vehicle crime,Investigation complete; no suspect identified,
b9db3044b4d3aec6f634e27f4baa541efe9968d5f3f3a6d99ade1250930b34f3,2022-06,Bedfordshire Police,Bedfordshire Police,-0.421027,51.881939,On or near Collingdon Street,E01015794,Luton 018F,Vehicle crime,Investigation complete; no suspect identified,
b835a5e4f4553394c2b75116fbf79feda0ac4647233743df9eb36dc869ec4e32,2022-06,Bedfordshire Police,Bedfordshire Police,-0.418057,51.880874,On or near Manchester Street,E01015794,Luton 018F,Vehicle crime,Investigation complete; no suspect identified,
bd103b1295f579bf06fe2ddab3352cbbeab461233ebc4d0968d9d1925c013861,2022-06,Bedfordshire Police,Bedfordshire Police,-0.417202,51.879154,On or near Shopping Area,E01015794,Luton 018F,Vehicle crime,Unable to prosecute suspect,
82d3938de972c3decae8b914ca4273b1ebbbc29f5ef8fdbabb01ed9dfdeb68d2,2022-06,Bedfordshire Police,Bedfordshire Police,-0.411407,51.879525,On or near Parking Area,E01015794,Luton 018F,Vehicle crime,Investigation complete; no suspect identified,
f02b1a84ee42cd5fc9aaaefb3d37c6cb3510887ab288dbd742c39b751796f7c2,2022-06,Bedfordshire Police,Bedfordshire Police,-0.423788,51.879422,On or near Cardiff Grove,E01015794,Luton 018F,Vehicle crime,Investigation complete; no suspect identified,
e0e2c8dae08fe64dc2fbc9cac41ca5cb7c89bde43ced7b26b13bb7263f65ad6d,2022-06,Bedfordshire Police,Bedfordshire Police,-0.413327,51.879443,On or near Supermarket,E01015794,Luton 018F,Vehicle crime,Investigation complete; no suspect identified,
f4e754db95ff78f14dc5d48e9daac3101404a792037e32cbc3e576e90bb42c96,2022-06,Bedfordshire Police,Bedfordshire Police,-0.411526,51.880660,On or near Church Street,E01015794,Luton 018F,Vehicle crime,Investigation complete; no suspect identified,
cd4237a434fc895d97bb1c6babaf246171188ed110fa3e0cf3071cc43b4ee713,2022-06,Bedfordshire Police,Bedfordshire Police,-0.416881,51.881685,On or near Bridge Street,E01015794,Luton 018F,Vehicle crime,Investigation complete; no suspect identified,
a7dabd40573f66edd144c3e87563ff981168b44e4d72624b172bbe9f07af9c32,2022-06,Bedfordshire Police,Bedfordshire Police,-0.421027,51.881939,On or near Collingdon Street,E01015794,Luton 018F,Vehicle crime,Investigation complete; no suspect identified,
1e9001b3601dbe56eb2fd81a8f1ee436d6c75a294c8ee4b966b32ec648e37a52,2022-06,Bedfordshire Police,Bedfordshire Police,-0.417049,51.880213,On or near Pedestrian Subway,E01015794,Luton 018F,Vehicle crime,Investigation complete; no suspect identified,
a860877e35844172c0f6ae1d9381680745314471e8c288b178f8b8187f8301eb,2022-06,Bedfordshire Police,Bedfordshire Police,-0.413942,51.878903,On or near Shopping Area,E01015794,Luton 018F,Vehicle crime,Investigation complete; no suspect identified,
6391f2491ad813f33bf35846ebff9c0666ea9d1d3c1df98c6c653375833759ef,2022-06,Bedfordshire Police,Bedfordshire Police,-0.419754,51.878882,On or near Nightclub,E01015794,Luton 018F,Vehicle crime,Unable to prosecute suspect,
55c0cf57bbda9f0cc26b7c8713ed7bb9a2f300d08fc7bdc6a3d010b83a268888,2022-06,Bedfordshire Police,Bedfordshire Police,-0.414197,51.879077,On or near Parking Area,E01015794,Luton 018F,Vehicle crime,Investigation complete; no suspect identified,
a5b2443411a3f14a31ff5c8871ca958afb1a8264f35faf9038b377d2bf579ca4,2022-06,Bedfordshire Police,Bedfordshire Police,-0.419754,51.878882,On or near Nightclub,E01015794,Luton 018F,Vehicle crime,Investigation complete; no suspect identified,
f80be6b60166fcdb3b3c3ec950b877bbe286ebb5781ad8be3cdef7cb2d2f6a77,2022-06,Bedfordshire Police,Bedfordshire Police,-0.417202,51.879154,On or near Shopping Area,E01015794,Luton 018F,Violence and sexual offences,Unable to prosecute suspect,
b263d8e5c671438553dad8767a2b82d70d49838d03bb347963cc32e9a919e965,2022-06,Bedfordshire Police,Bedfordshire Police,-0.419089,51.878379,On or near Nightclub,E01015794,Luton 018F,Violence and sexual offences,Unable to prosecute suspect,
e80740df9cfe1cf8162e18ed52872d656c2efa2a067636e99a441ec7b8abfb99,2022-06,Bedfordshire Police,Bedfordshire Police,-0.413942,51.878903,On or near Shopping Area,E01015794,Luton 018F,Violence and sexual offences,Unable to prosecute suspect,
1961d9a52c26eccf4b9f5dc4b3983f5538847b72136d3050c55411d94920b98e,2022-06,Bedfordshire Police,Bedfordshire Police,-0.418057,51.880874,On or near Manchester Street,E01015794,Luton 018F,Violence and sexual offences,Investigation complete; no suspect identified,
e04957227df017da0a9ca006dc07d1950b2c05b50e90f89f1cc1a3c49bec73cf,2022-06,Bedfordshire Police,Bedfordshire Police,-0.414294,51.880868,On or near Bute Street,E01015794,Luton 018F,Violence and sexual offences,Unable to prosecute suspect,
53f07e9305e3e2a8ea847cfa3ecfbce2e4e81b1f932eaa2d411977614aac5a8c,2022-06,Bedfordshire Police,Bedfordshire Police,-0.418624,51.881682,On or near New Bedford Road,E01015794,Luton 018F,Violence and sexual offences,Action to be taken by another organisation,
5d9b08102a78919937066d376a5ddda591697ba0e2f22772c3c4ecfed99e3bad,2022-06,Bedfordshire Police,Bedfordshire Police,-0.417202,51.879154,On or near Shopping Area,E01015794,Luton 018F,Violence and sexual offences,Awaiting court outcome,
35efcc1c88a86f7553cea03572ae48df923b24e2f14deee9738d6be7af4ed363,2022-06,Bedfordshire Police,Bedfordshire Police,-0.419754,51.878882,On or near Nightclub,E01015794,Luton 018F,Violence and sexual offences,Awaiting court outcome,
948327576ad4033e7c247f2e5b408841280937d326d09239c0743cab301d6623,2022-06,Bedfordshire Police,Bedfordshire Police,-0.417049,51.880213,On or near Pedestrian Subway,E01015794,Luton 018F,Violence and sexual offences,Investigation complete; no suspect identified,
a0587bdf7ceaa8676adae0d857c6e01c88e790465643c93fa0848b32ca4d5822,2022-06,Bedfordshire Police,Bedfordshire Police,-0.413327,51.879443,On or near Supermarket,E01015794,Luton 018F,Violence and sexual offences,Unable to prosecute suspect,
3e110e8890fd50d82c7876f1f094dec5799f47209836d320e20da9a1f759b7e0,2022-06,Bedfordshire Police,Bedfordshire Police,-0.413942,51.878903,On or near Shopping Area,E01015794,Luton 018F,Violence and sexual offences,Unable to prosecute suspect,
e53e7ffe224bde67400e7bbf23a40670905f9e7ef0bdf031f6027ee246556d3f,2022-06,Bedfordshire Police,Bedfordshire Police,-0.417049,51.880213,On or near Pedestrian Subway,E01015794,Luton 018F,Violence and sexual offences,Unable to prosecute suspect,
d6d06b45ffd70d3d7b3e2cebae4fd5758da17e06a6f56d03f62fa4d2d998aea7,2022-06,Bedfordshire Police,Bedfordshire Police,-0.413327,51.879443,On or near Supermarket,E01015794,Luton 018F,Violence and sexual offences,Unable to prosecute suspect,
e25310fadcc1d258ee52072a4b4a68d7988d331af09b5b897e0611acdd9f8e5f,2022-06,Bedfordshire Police,Bedfordshire Police,-0.414197,51.879077,On or near Parking Area,E01015794,Luton 018F,Violence and sexual offences,Investigation complete; no suspect identified,
dfe175e55c526652ae417ae4ce277a0fd4582f7b1798ef32336b66da47841a6c,2022-06,Bedfordshire Police,Bedfordshire Police,-0.413942,51.878903,On or near Shopping Area,E01015794,Luton 018F,Violence and sexual offences,Unable to prosecute suspect,
3abd2f3d467780879382c1ad953354047c07598de960194e30c639c1c4b15f20,2022-06,Bedfordshire Police,Bedfordshire Police,-0.419754,51.878882,On or near Nightclub,E01015794,Luton 018F,Violence and sexual offences,Unable to prosecute suspect,
3be1e435e6dc3e34cc252e76930db6ad10ea601ffec4adfc97e46f67bdb82fba,2022-06,Bedfordshire Police,Bedfordshire Police,-0.422814,51.878195,On or near Rothesay Road,E01015794,Luton 018F,Violence and sexual offences,Unable to prosecute suspect,
fe6b1a31244382a2363e89d4392bd1ba434ceb33d5a2e022fbd5c15817a21d64,2022-06,Bedfordshire Police,Bedfordshire Police,-0.419390,51.880559,On or near Alma Street,E01015794,Luton 018F,Violence and sexual offences,Unable to prosecute suspect,
a1ba68c19b33d9df8e0566f3a3673190b1b147e4682afcc6ec00416d8c1bd984,2022-06,Bedfordshire Police,Bedfordshire Police,-0.417202,51.879154,On or near Shopping Area,E01015794,Luton 018F,Violence and sexual offences,Investigation complete; no suspect identified,
02316d50ce91afdee5adefc9e2698b8a0c2a7721142dc5b7b0e8d16babd3484a,2022-06,Bedfordshire Police,Bedfordshire Police,-0.413942,51.878903,On or near Shopping Area,E01015794,Luton 018F,Violence and sexual offences,Unable to prosecute suspect,
5451267a3debff08ff22018b85bfd329cb607ec6c8ba210dedd076a20e5ca099,2022-06,Bedfordshire Police,Bedfordshire Police,-0.423788,51.879422,On or near Cardiff Grove,E01015794,Luton 018F,Violence and sexual offences,Unable to prosecute suspect,
e657a22ba7a3f6624fae3e37f06139270a1b1f5b0aab28da75f6be28b86e4a9c,2022-06,Bedfordshire Police,Bedfordshire Police,-0.423788,51.879422,On or near Cardiff Grove,E01015794,Luton 018F,Violence and sexual offences,Unable to prosecute suspect,
d0ac5537a17716c761c39d2844b7df893662ed7387f8ac1440fa5f65c1b3996a,2022-06,Bedfordshire Police,Bedfordshire Police,-0.424401,51.879781,On or near Grove Road,E01015794,Luton 018F,Violence and sexual offences,Unable to prosecute suspect,
56bc00d3bfafdce3f281cfcb1c815beb4dac17330520dad78fdec7b5ce108e70,2022-06,Bedfordshire Police,Bedfordshire Police,-0.417049,51.880213,On or near Pedestrian Subway,E01015794,Luton 018F,Violence and sexual offences,Investigation complete; no suspect identified,
da8b1478e8c3bd9cbc43405725cce865c0d293a47bcbe396f4c892b966a805f5,2022-06,Bedfordshire Police,Bedfordshire Police,-0.418057,51.880874,On or near Manchester Street,E01015794,Luton 018F,Violence and sexual offences,Status update unavailable,
3c2ecf18d13c446e734dc1a7de408bc0cafb877139a54b90f5203c29bee7e154,2022-06,Bedfordshire Police,Bedfordshire Police,-0.417049,51.880213,On or near Pedestrian Subway,E01015794,Luton 018F,Violence and sexual offences,Unable to prosecute suspect,
303a0b07464ced83f72250c0c69823d5aa1295006b2c990ea4a3f88eb824a58f,2022-06,Bedfordshire Police,Bedfordshire Police,-0.413993,51.880351,On or near Cheapside,E01015794,Luton 018F,Violence and sexual offences,Unable to prosecute suspect,
64121c6dbc827a260bdccc8cf4906f1579e5a4b1d43d5468fc6e04323766c442,2022-06,Bedfordshire Police,Bedfordshire Police,-0.412607,51.880081,On or near John Street,E01015794,Luton 018F,Violence and sexual offences,Unable to prosecute suspect,
776e5cd9947886b014c2ffc90948a255bf697372882e135a6654ebbba7741862,2022-06,Bedfordshire Police,Bedfordshire Police,-0.417202,51.879154,On or near Shopping Area,E01015794,Luton 018F,Violence and sexual offences,Court result unavailable,
f0eddfdd48e22899af0b00b9eafbb3dfcb4c7e99536a0d87e2df72e1c413eaf8,2022-06,Bedfordshire Police,Bedfordshire Police,-0.416881,51.881685,On or near Bridge Street,E01015794,Luton 018F,Violence and sexual offences,Status update unavailable,
d011bcdaadeeb02d9e3aae733c3181f53798205117d775ec8091d81908d6d0cf,2022-06,Bedfordshire Police,Bedfordshire Police,-0.412607,51.880081,On or near John Street,E01015794,Luton 018F,Violence and sexual offences,Unable to prosecute suspect,
246ba4343f574912473e6c30c7f289fa40d38e9514877978595f705507d9a545,2022-06,Bedfordshire Police,Bedfordshire Police,-0.422755,51.879471,On or near Bus/Coach Station,E01015794,Luton 018F,Violence and sexual offences,Unable to prosecute suspect,
bedb7b8b74fd0091978458f15a8ccc04f69db1459fed0ee97e10fc3d3dfa818c,2022-06,Bedfordshire Police,Bedfordshire Police,-0.420224,51.880804,On or near Inkerman Street,E01015794,Luton 018F,Violence and sexual offences,Unable to prosecute suspect,
87646563a27784081f13f24dab6eeaa4adf8be5f417ec29780b6193d030da5ee,2022-06,Bedfordshire Police,Bedfordshire Police,-0.414818,51.880021,On or near Silver Street,E01015794,Luton 018F,Violence and sexual offences,Unable to prosecute suspect,
b788bdee526c926db5eee30ea6fefecfc5868937fd070cea780830f9da20a866,2022-06,Bedfordshire Police,Bedfordshire Police,-0.413942,51.878903,On or near Shopping Area,E01015794,Luton 018F,Violence and sexual offences,Action to be taken by another organisation,
b17918d5507197f8ee9c52264ff8d8dccddd61964410b0a794747fd164d38613,2022-06,Bedfordshire Police,Bedfordshire Police,-0.413942,51.878903,On or near Shopping Area,E01015794,Luton 018F,Violence and sexual offences,Investigation complete; no suspect identified,
f0134bc2f00588f4f439a705ef4a9578d4903ee5fe1eb25cb157b200c2d85629,2022-06,Bedfordshire Police,Bedfordshire Police,-0.416054,51.881224,On or near Parking Area,E01015794,Luton 018F,Violence and sexual offences,Unable to prosecute suspect,
2874801dc99ba690982e73d1fbbcb25cfd4dec7e8cb1bafd76315c53c7b1852d,2022-06,Bedfordshire Police,Bedfordshire Police,-0.414956,51.881048,On or near Guildford Street,E01015794,Luton 018F,Violence and sexual offences,Unable to prosecute suspect,
81f1f8e2f908ba16c7ef67a35130993a3d325e9eca862fe2bc4e852b49dec257,2022-06,Bedfordshire Police,Bedfordshire Police,-0.413327,51.879443,On or near Supermarket,E01015794,Luton 018F,Violence and sexual offences,Unable to prosecute suspect,
480c8b89d0cce8204cca22b671805ed4d6eaee5613b9f11a3bb0c944292b5af7,2022-06,Bedfordshire Police,Bedfordshire Police,-0.417202,51.879154,On or near Shopping Area,E01015794,Luton 018F,Violence and sexual offences,Unable to prosecute suspect,
9a2b49210506f2622933337a66bacc75185c74ca8000142b44e3190b5f165459,2022-06,Bedfordshire Police,Bedfordshire Police,-0.418624,51.881682,On or near New Bedford Road,E01015794,Luton 018F,Violence and sexual offences,Unable to prosecute suspect,
8c6f428c88d5136da266f89972ae132b93e68df5cdba52fd5d3275bc47bd86f6,2022-06,Bedfordshire Police,Bedfordshire Police,-0.417102,51.882407,On or near Pedestrian Subway,E01015794,Luton 018F,Violence and sexual offences,Unable to prosecute suspect,
e19996b012d93ac4982dbfc4e599de01ec70acbc968b7049236968f0624bf558,2022-06,Bedfordshire Police,Bedfordshire Police,-0.418057,51.880874,On or near Manchester Street,E01015794,Luton 018F,Violence and sexual offences,Investigation complete; no suspect identified,
72269ea901a9771c7901ad76dd79c206f942ac0a6dbec64ff9d5cd95f333e540,2022-06,Bedfordshire Police,Bedfordshire Police,-0.413327,51.879443,On or near Supermarket,E01015794,Luton 018F,Violence and sexual offences,Unable to prosecute suspect,
6777d6c995a3a542c493cebaed26a7de04a912f505f8a243acec6bf67a0c1a69,2022-06,Bedfordshire Police,Bedfordshire Police,-0.418057,51.880874,On or near Manchester Street,E01015794,Luton 018F,Violence and sexual offences,Investigation complete; no suspect identified,
08e700eee026376e9bf1763cd31abba93f0e376fe06e1db651dc09987cae5f03,2022-06,Bedfordshire Police,Bedfordshire Police,-0.418057,51.880874,On or near Manchester Street,E01015794,Luton 018F,Violence and sexual offences,Unable to prosecute suspect,
aaf9469d7a0c5ac66f4dcb27907c33f265d8e6f6210394797561ea3f30f7ef6e,2022-06,Bedfordshire Police,Bedfordshire Police,-0.421027,51.881939,On or near Collingdon Street,E01015794,Luton 018F,Violence and sexual offences,Unable to prosecute suspect,
2e9725154242890d7a543c45f1a515e8f413c4780b7cf14a317f5c344e40ad06,2022-06,Bedfordshire Police,Bedfordshire Police,-0.414294,51.880868,On or near Bute Street,E01015794,Luton 018F,Violence and sexual offences,Unable to prosecute suspect,
d637770d93f1ea5b3b680b58c7eaf787d229bb845d5175533df5d14115d7576a,2022-06,Bedfordshire Police,Bedfordshire Police,-0.413942,51.878903,On or near Shopping Area,E01015794,Luton 018F,Violence and sexual offences,Unable to prosecute suspect,
3b58f8294906c3430b0def7978eaac9265bc52981ed857e0a9890e1f4a9eb1c1,2022-06,Bedfordshire Police,Bedfordshire Police,-0.417202,51.879154,On or near Shopping Area,E01015794,Luton 018F,Violence and sexual offences,Unable to prosecute suspect,
895defd7a79c2d3515399eaa50ba494183eeecbc7e0e73edc30002569bbb2126,2022-06,Bedfordshire Police,Bedfordshire Police,-0.415025,51.880320,On or near Parking Area,E01015794,Luton 018F,Violence and sexual offences,Action to be taken by another organisation,
e0b5af519a7df56154336cd4076da2a2ede5aecaa880e788a3af3eacac732670,2022-06,Bedfordshire Police,Bedfordshire Police,-0.417202,51.879154,On or near Shopping Area,E01015794,Luton 018F,Violence and sexual offences,Unable to prosecute suspect,
db87c70dc2ae3302f76b3cd2e1ab8c5048f3f035d0c5517f0b88304caad8aa25,2022-06,Bedfordshire Police,Bedfordshire Police,-0.418057,51.880874,On or near Manchester Street,E01015794,Luton 018F,Violence and sexual offences,Investigation complete; no suspect identified,
beeeb47309f4ffad00e23bd4cea932b800c8229dd77431e6f2c91c7212f49e42,2022-06,Bedfordshire Police,Bedfordshire Police,-0.421027,51.881939,On or near Collingdon Street,E01015794,Luton 018F,Violence and sexual offences,Unable to prosecute suspect,
b5013f4771be52575e25c458a1a172230a64add9aa79c3f92a622113163ab980,2022-06,Bedfordshire Police,Bedfordshire Police,-0.422755,51.879471,On or near Bus/Coach Station,E01015794,Luton 018F,Violence and sexual offences,Investigation complete; no suspect identified,
3b7cd55babce53c99b57418461c86ab9e1ec0514c40a678ed76c6a2d066a3d32,2022-06,Bedfordshire Police,Bedfordshire Police,-0.413327,51.879443,On or near Supermarket,E01015794,Luton 018F,Violence and sexual offences,Awaiting court outcome,
a56a79a430f022a93ba7e7a61bef89897878bb2652f658946fff6431493a7844,2022-06,Bedfordshire Police,Bedfordshire Police,-0.414197,51.879077,On or near Parking Area,E01015794,Luton 018F,Violence and sexual offences,Investigation complete; no suspect identified,
e32e3836698e2740504aadb771b849b2b540d73d85b9657319727f7c6ba8f733,2022-06,Bedfordshire Police,Bedfordshire Police,-0.413327,51.879443,On or near Supermarket,E01015794,Luton 018F,Violence and sexual offences,Status update unavailable,
1889ab8867ce3b316bcbc9832d72aa46c8661a5427200b7fd7058983cc208856,2022-06,Bedfordshire Police,Bedfordshire Police,-0.417202,51.879154,On or near Shopping Area,E01015794,Luton 018F,Violence and sexual offences,Unable to prosecute suspect,
321d083e2b339b583941a48c3656c03b624c3c12e39625280ce17d1d4f7caf89,2022-06,Bedfordshire Police,Bedfordshire Police,-0.421027,51.881939,On or near Collingdon Street,E01015794,Luton 018F,Violence and sexual offences,Unable to prosecute suspect,
f4d5e25de0acb65718e17c210b7e674caa09bcceb7734c6762c0450977384e7a,2022-06,Bedfordshire Police,Bedfordshire Police,-0.417202,51.879154,On or near Shopping Area,E01015794,Luton 018F,Violence and sexual offences,Unable to prosecute suspect,
bfd0df94837e5091c4435f1de5432fd2d5b51abd42a3c10c6f3ea402e2f68e65,2022-06,Bedfordshire Police,Bedfordshire Police,-0.418057,51.880874,On or near Manchester Street,E01015794,Luton 018F,Violence and sexual offences,Unable to prosecute suspect,
a96538ab9eb2ae3504b7082823bf855551b64fdcc73296ac1935003400e2f3a4,2022-06,Bedfordshire Police,Bedfordshire Police,-0.413942,51.878903,On or near Shopping Area,E01015794,Luton 018F,Violence and sexual offences,Investigation complete; no suspect identified,
a29aaf06291e55bd29b72d57d5685c5f482f6f73858cf617eff4fd9cec0ee02b,2022-06,Bedfordshire Police,Bedfordshire Police,-0.420495,51.880124,On or near Alma Link,E01015794,Luton 018F,Violence and sexual offences,Unable to prosecute suspect,
356c1a54d806ad08675c6f5d1e888c5c398f4c646fccefaa45d62b52eaee27c6,2022-06,Bedfordshire Police,Bedfordshire Police,-0.417202,51.879154,On or near Shopping Area,E01015794,Luton 018F,Violence and sexual offences,Unable to prosecute suspect,
c42adb12956bcaf7c497e3e705b3fee77652b0862fa58823328db4f2eb014249,2022-06,Bedfordshire Police,Bedfordshire Police,-0.413942,51.878903,On or near Shopping Area,E01015794,Luton 018F,Violence and sexual offences,Unable to prosecute suspect,
134f0b5fade6b6ceedd310a4ae246ad399aa46478a5d11470e097dbf531a3161,2022-06,Bedfordshire Police,Bedfordshire Police,-0.419390,51.880559,On or near Alma Street,E01015794,Luton 018F,Violence and sexual offences,Unable to prosecute suspect,
8a73e515c072c8c0099ccdc126515e257333e491c6fa754cb3ff5e5101f18632,2022-06,Bedfordshire Police,Bedfordshire Police,-0.418624,51.881682,On or near New Bedford Road,E01015794,Luton 018F,Violence and sexual offences,Unable to prosecute suspect,
bdd89f2792dc09131f214df6621f355afba1a23ce83b4090c7509639c92d8319,2022-06,Bedfordshire Police,Bedfordshire Police,-0.418624,51.881682,On or near New Bedford Road,E01015794,Luton 018F,Violence and sexual offences,Unable to prosecute suspect,
d07a8f07b57ffea7ed27235d3781480c4ccd057550d9be5d1b0d4f290a977a7c,2022-06,Bedfordshire Police,Bedfordshire Police,-0.420495,51.880124,On or near Alma Link,E01015794,Luton 018F,Violence and sexual offences,Unable to prosecute suspect,
9e9d816922657df71e5dec2b942239a3fd9611e41d2b931e903419e4119cbf61,2022-06,Bedfordshire Police,Bedfordshire Police,-0.413942,51.878903,On or near Shopping Area,E01015794,Luton 018F,Violence and sexual offences,Unable to prosecute suspect,
fd0eee4c1d717b8ddbe07d5ead36ac5f29fea945435842866708e6aa4efae9ec,2022-06,Bedfordshire Police,Bedfordshire Police,-0.418057,51.880874,On or near Manchester Street,E01015794,Luton 018F,Violence and sexual offences,Investigation complete; no suspect identified,
a7764bc1f6021bd499a24e394768821e8e9a7cb6603d8121972473a9f71dcc3c,2022-06,Bedfordshire Police,Bedfordshire Police,-0.414197,51.879077,On or near Parking Area,E01015794,Luton 018F,Violence and sexual offences,Unable to prosecute suspect,
05a8747638b51a950c0368e7a62ac53abca360a39fc4b3b57611098e5890251f,2022-06,Bedfordshire Police,Bedfordshire Police,-0.418057,51.880874,On or near Manchester Street,E01015794,Luton 018F,Violence and sexual offences,Investigation complete; no suspect identified,
2ca72b842612a1b9ade5658e4a3045c8d8481df19013e79e61e5797c0dd2cc55,2022-06,Bedfordshire Police,Bedfordshire Police,-0.417202,51.879154,On or near Shopping Area,E01015794,Luton 018F,Violence and sexual offences,Investigation complete; no suspect identified,
bbe4c8e37625e67fff9134df17e134d0605f7a019aa67f035884eccb061262b8,2022-06,Bedfordshire Police,Bedfordshire Police,-0.414197,51.879077,On or near Parking Area,E01015794,Luton 018F,Violence and sexual offences,Investigation complete; no suspect identified,
5199cc6cf6b20cd0c887b818113267adbd7731229aaa0339836dc2f143eefb6b,2022-06,Bedfordshire Police,Bedfordshire Police,-0.414197,51.879077,On or near Parking Area,E01015794,Luton 018F,Violence and sexual offences,Unable to prosecute suspect,
e4323ff77878957b3fc35b6e81b2020ad4b132a07220617eff6f366becc16cda,2022-06,Bedfordshire Police,Bedfordshire Police,-0.414294,51.880868,On or near Bute Street,E01015794,Luton 018F,Violence and sexual offences,Status update unavailable,
7a710be4979d57ed6b6a8c43992f3f53d631ddde0cabc3bc0fb63ac0b15e4af3,2022-06,Bedfordshire Police,Bedfordshire Police,-0.414197,51.879077,On or near Parking Area,E01015794,Luton 018F,Violence and sexual offences,Investigation complete; no suspect identified,
bd3d960c701eb58cb8a6fa48fe70e0137c39caf0bce0f10d9ddb04269b2d3e56,2022-06,Bedfordshire Police,Bedfordshire Police,-0.419754,51.878882,On or near Nightclub,E01015794,Luton 018F,Violence and sexual offences,Unable to prosecute suspect,
a3f505510bd6c46560f9ceaa9174aa196447459d761616acc9de6217dea8dcb1,2022-06,Bedfordshire Police,Bedfordshire Police,-0.416881,51.881685,On or near Bridge Street,E01015794,Luton 018F,Violence and sexual offences,Investigation complete; no suspect identified,
677aaf41f9ccb1a0458cf8aca89d951a2b66f9433bf41002d3f4eea5cbc9e579,2022-06,Bedfordshire Police,Bedfordshire Police,-0.423788,51.879422,On or near Cardiff Grove,E01015794,Luton 018F,Violence and sexual offences,Status update unavailable,
cefccb64fb22623e64a71dce4400e307cb386dfbe48b15fea7c8345eab2803fd,2022-06,Bedfordshire Police,Bedfordshire Police,-0.416881,51.881685,On or near Bridge Street,E01015794,Luton 018F,Violence and sexual offences,Unable to prosecute suspect,
15d4cf4bfb58cfb94949e12fde031ed1cdff794ad984076c3be7e53ec2b224b9,2022-06,Bedfordshire Police,Bedfordshire Police,-0.420495,51.880124,On or near Alma Link,E01015794,Luton 018F,Other crime,Investigation complete; no suspect identified,
e0d8f61a272f7d16574d9aa125c750f3ca994f01069a4a96af7c06f6feb2d1ee,2022-06,Bedfordshire Police,Bedfordshire Police,-0.422755,51.879471,On or near Bus/Coach Station,E01015794,Luton 018F,Other crime,Court result unavailable,
,2022-06,Bedfordshire Police,Bedfordshire Police,-0.435431,51.881367,On or near St Peters Road,E01015724,Luton 019A,Anti-social behaviour,,
940f108f4e9649d1a5464431ab3e5f3552ba87d7ad1e6e75014180b3a02c05bf,2022-06,Bedfordshire Police,Bedfordshire Police,-0.443305,51.886857,On or near Kingsway,E01015724,Luton 019A,Other theft,Unable to prosecute suspect,
737e48282d77c439dd4afe9f32f0dcad7c43bb932d2bf3dfdf4dafbb41c3855a,2022-06,Bedfordshire Police,Bedfordshire Police,-0.443305,51.886857,On or near Kingsway,E01015724,Luton 019A,Violence and sexual offences,Unable to prosecute suspect,
96eb5b8ee06b4855f8cf055a04e1decb3e62c4f80c1cd754a7e9a646c7066651,2022-06,Bedfordshire Police,Bedfordshire Police,-0.441849,51.883160,On or near Dallow Road,E01015724,Luton 019A,Violence and sexual offences,Unable to prosecute suspect,
7749343e1bdc7a81ab2e98231653b617a0f82f300cbcff707e7bfaef15b7e571,2022-06,Bedfordshire Police,Bedfordshire Police,-0.440831,51.884442,On or near Dunraven Avenue,E01015724,Luton 019A,Violence and sexual offences,Unable to prosecute suspect,
4a70e94e9dd5557b2a19007f1a0a5ddc48f1cfeb144ed34fb68fbe57df399def,2022-06,Bedfordshire Police,Bedfordshire Police,-0.436415,51.881479,On or near Ferndale Road,E01015724,Luton 019A,Violence and sexual offences,Investigation complete; no suspect identified,
379a8cc457c0c2f073c7f2f2ad4525837c3c0256e609a0c377909b40bfc67259,2022-06,Bedfordshire Police,Bedfordshire Police,-0.436415,51.881479,On or near Ferndale Road,E01015724,Luton 019A,Violence and sexual offences,Investigation complete; no suspect identified,
00ca049ecf1127c586ba634fc8151f09ed6248d88489bd38cca88755a2092fb3,2022-06,Bedfordshire Police,Bedfordshire Police,-0.450109,51.883377,On or near Kent Road,E01015724,Luton 019A,Violence and sexual offences,Unable to prosecute suspect,
52713c88783fc82d296a2be9ca76329b0e31c07707df86ad4a193642806b3c6b,2022-06,Bedfordshire Police,Bedfordshire Police,-0.453812,51.883840,On or near Easingwold Gardens,E01015728,Luton 019B,Burglary,Unable to prosecute suspect,
812abdd752c3a76850309ee9f12fb3e5d9ed25c4e3da987d5625f50de3ab9140,2022-06,Bedfordshire Police,Bedfordshire Police,-0.458160,51.884607,On or near Sports/Recreation Area,E01015728,Luton 019B,Criminal damage and arson,Investigation complete; no suspect identified,
d791bb20234692f6cd3d82315c3fffeff0638eeea680b1542671adf6406c9800,2022-06,Bedfordshire Police,Bedfordshire Police,-0.452656,51.883231,On or near Warren Road,E01015728,Luton 019B,Criminal damage and arson,Investigation complete; no suspect identified,
7b42f3273b152da5068363778187f50ce4ac56c2b8f023ee24833f5712e2841c,2022-06,Bedfordshire Police,Bedfordshire Police,-0.453812,51.883840,On or near Easingwold Gardens,E01015728,Luton 019B,Drugs,Awaiting court outcome,
19d03083a4766514b8c5efd0528834b4c30594d808eb0b8edf532698fa110c77,2022-06,Bedfordshire Police,Bedfordshire Police,-0.453812,51.883840,On or near Easingwold Gardens,E01015728,Luton 019B,Public order,Status update unavailable,
86cc7701ef7a4f69e9d3939d5bb0464a79c4c038adfe8adc3558042186d62ef9,2022-06,Bedfordshire Police,Bedfordshire Police,-0.458160,51.884607,On or near Sports/Recreation Area,E01015728,Luton 019B,Shoplifting,Court result unavailable,
5616cf7277d954316950521dd24fc0c32db6ad4dd7eb4c2c0adfa6f289bc9046,2022-06,Bedfordshire Police,Bedfordshire Police,-0.450342,51.885457,On or near Bilton Way,E01015728,Luton 019B,Shoplifting,Investigation complete; no suspect identified,
3c02ebdade16a73fe6005498110405a3705cb613642a3f104061d70f3a6ce675,2022-06,Bedfordshire Police,Bedfordshire Police,-0.458160,51.884607,On or near Sports/Recreation Area,E01015728,Luton 019B,Shoplifting,Local resolution,
cf7019645e0af39b2dbb231131af2232995cd80489b825a79d883d3c48220b6e,2022-06,Bedfordshire Police,Bedfordshire Police,-0.458160,51.884607,On or near Sports/Recreation Area,E01015728,Luton 019B,Shoplifting,Investigation complete; no suspect identified,
1c052baab0abcac21681ed436f1052a41fbf867ef48a96dec751ff20c10ae237,2022-06,Bedfordshire Police,Bedfordshire Police,-0.450342,51.885457,On or near Bilton Way,E01015728,Luton 019B,Shoplifting,Investigation complete; no suspect identified,
d9039a6b4456af423dbd169bd8c1e6faf57d4c3e0615fe0b193b9b2da7aa2a0d,2022-06,Bedfordshire Police,Bedfordshire Police,-0.461768,51.887028,On or near Cosgrove Way,E01015728,Luton 019B,Vehicle crime,Investigation complete; no suspect identified,
af71622c832df23a8cdfea461508e14250287c5a85657c0005ed808ae3abc900,2022-06,Bedfordshire Police,Bedfordshire Police,-0.453812,51.883840,On or near Easingwold Gardens,E01015728,Luton 019B,Violence and sexual offences,Local resolution,
29ec190e1674106e7cf12c4b07d9669bd5cc70d77978a87e51997cbdc7bf364e,2022-06,Bedfordshire Police,Bedfordshire Police,-0.458160,51.884607,On or near Sports/Recreation Area,E01015728,Luton 019B,Violence and sexual offences,Unable to prosecute suspect,
d997f49e5b8cf9b22cec8f971441be19770a5fba8c8e17cdfb7bfe334fa9b69d,2022-06,Bedfordshire Police,Bedfordshire Police,-0.458160,51.884607,On or near Sports/Recreation Area,E01015728,Luton 019B,Violence and sexual offences,Unable to prosecute suspect,
102d203285a99e69871fb198b9b9bfef753e408ac69cf57581cca00566f294bf,2022-06,Bedfordshire Police,Bedfordshire Police,-0.453812,51.883840,On or near Easingwold Gardens,E01015728,Luton 019B,Violence and sexual offences,Local resolution,
58b2be6ff5a71c63832a88a728dc8635e2fb377092fa1db604e017a088940b1b,2022-06,Bedfordshire Police,Bedfordshire Police,-0.447592,51.883038,On or near Harefield Road,E01015728,Luton 019B,Violence and sexual offences,Action to be taken by another organisation,
3f1eb86ac36a290ade816d5a22bd6f27c6b565433b29f042db113bbdd82e0712,2022-06,Bedfordshire Police,Bedfordshire Police,-0.453812,51.883840,On or near Easingwold Gardens,E01015728,Luton 019B,Violence and sexual offences,Unable to prosecute suspect,
22d238424a69ef6f7959bf8a262f17b1228fd340d0fde300118a7e2e814f1a06,2022-06,Bedfordshire Police,Bedfordshire Police,-0.453812,51.883840,On or near Easingwold Gardens,E01015728,Luton 019B,Violence and sexual offences,Awaiting court outcome,
,2022-06,Bedfordshire Police,Bedfordshire Police,-0.426106,51.882951,On or near Petrol Station,E01015729,Luton 019C,Anti-social behaviour,,
,2022-06,Bedfordshire Police,Bedfordshire Police,-0.423300,51.880917,On or near Dunstable Road,E01015729,Luton 019C,Anti-social behaviour,,
,2022-06,Bedfordshire Police,Bedfordshire Police,-0.427079,51.880050,On or near Brantwood Road,E01015729,Luton 019C,Anti-social behaviour,,
4923a76ce0dbc946325d4dc40daed336f3d5ed5579ce3cb184025e9aabf59eb2,2022-06,Bedfordshire Police,Bedfordshire Police,-0.426683,51.878921,On or near Ashburnham Road,E01015729,Luton 019C,Criminal damage and arson,Unable to prosecute suspect,
c5bb38c647211263929c79a0f2899398b47648de5ae2852f2d4088f8c3e62c1d,2022-06,Bedfordshire Police,Bedfordshire Police,-0.430665,51.880530,On or near Dale Road,E01015729,Luton 019C,Criminal damage and arson,Unable to prosecute suspect,
1644063432a2b23665af4fd94653c4c8e68d1c73ea49c93f75abc2c602a81f24,2022-06,Bedfordshire Police,Bedfordshire Police,-0.427079,51.880050,On or near Brantwood Road,E01015729,Luton 019C,Drugs,Further action is not in the public interest,
50dcdb1291a087c3c35301cf1d9ab0134144d26e920663e3ff3367b748c6f962,2022-06,Bedfordshire Police,Bedfordshire Police,-0.426106,51.882951,On or near Petrol Station,E01015729,Luton 019C,Other theft,Investigation complete; no suspect identified,
f485b2e76884807b7476ee2e2b277daa5064c35be94d2360c9076eaf682498c9,2022-06,Bedfordshire Police,Bedfordshire Police,-0.427079,51.880050,On or near Brantwood Road,E01015729,Luton 019C,Public order,Investigation complete; no suspect identified,
6af4490d24fd4ad19f333a6ca58825ea456da08c68accc3dc3eef9e7175efc93,2022-06,Bedfordshire Police,Bedfordshire Police,-0.428307,51.880238,On or near Lyndhurst Road,E01015729,Luton 019C,Public order,Awaiting court outcome,
8713899f9d5e10f9e396428b64c5ac3d3322c446a4fb347576ee01256db83552,2022-06,Bedfordshire Police,Bedfordshire Police,-0.425229,51.881024,On or near Dallow Road,E01015729,Luton 019C,Violence and sexual offences,Investigation complete; no suspect identified,
54dac8bc997116cdd427e620966b4a47047916e265146fee7b16fa10f5b17917,2022-06,Bedfordshire Police,Bedfordshire Police,-0.426683,51.878921,On or near Ashburnham Road,E01015729,Luton 019C,Violence and sexual offences,Unable to prosecute suspect,
72e8c0a0ca13a0a35800c202f01401416f6b21195aa8d4653f57812628504b3e,2022-06,Bedfordshire Police,Bedfordshire Police,-0.426683,51.878921,On or near Ashburnham Road,E01015729,Luton 019C,Violence and sexual offences,Unable to prosecute suspect,
b383dda6e309b6efd1943731cefee05e1ea908b901d2e43e6602d69eb83a4462,2022-06,Bedfordshire Police,Bedfordshire Police,-0.428307,51.880238,On or near Lyndhurst Road,E01015729,Luton 019C,Violence and sexual offences,Unable to prosecute suspect,
bd38630bdaf237bff76a286af6772367bb7d0ea708ed7aa367d7449d2fb220f4,2022-06,Bedfordshire Police,Bedfordshire Police,-0.426683,51.878921,On or near Ashburnham Road,E01015729,Luton 019C,Violence and sexual offences,Unable to prosecute suspect,
e938147f060bf99e410955bd83e4a469f47325f9b21cf4f423343857cedc5c83,2022-06,Bedfordshire Police,Bedfordshire Police,-0.429552,51.880380,On or near Belmont Road,E01015729,Luton 019C,Violence and sexual offences,Court result unavailable,
1dc604f3027cc6dfab5ce6d07a19fac388c78d44a425f694ead7ada81af34d5b,2022-06,Bedfordshire Police,Bedfordshire Police,-0.424837,51.880587,On or near Vestry Close,E01015729,Luton 019C,Violence and sexual offences,Unable to prosecute suspect,
e61065729c96d10a9c42f8b8755ce1c0d236c6c1249325bc625d7edb5ad60284,2022-06,Bedfordshire Police,Bedfordshire Police,-0.426106,51.882951,On or near Petrol Station,E01015729,Luton 019C,Violence and sexual offences,Investigation complete; no suspect identified,
8fdce98014b9fd70ce03d4964336e43d352f6b5bcd87aa19fa2c6ab3fdf4b867,2022-06,Bedfordshire Police,Bedfordshire Police,-0.426106,51.882951,On or near Petrol Station,E01015729,Luton 019C,Violence and sexual offences,Investigation complete; no suspect identified,
9a296973c9db45c9f02019c96dcfb451fc1ccb759bf371d34dfcd9673fbfb160,2022-06,Bedfordshire Police,Bedfordshire Police,-0.424837,51.880587,On or near Vestry Close,E01015729,Luton 019C,Violence and sexual offences,Action to be taken by another organisation,
95662286fa8122d6053623bdda4dda489d155e1599abdcb2aff686a8147a02b5,2022-06,Bedfordshire Police,Bedfordshire Police,-0.427079,51.880050,On or near Brantwood Road,E01015729,Luton 019C,Violence and sexual offences,Unable to prosecute suspect,
accf5012ce079faf853d6e4cce20ace5c207fbbe3199b13d576a880a540e9c1e,2022-06,Bedfordshire Police,Bedfordshire Police,-0.423300,51.880917,On or near Dunstable Road,E01015729,Luton 019C,Violence and sexual offences,Unable to prosecute suspect,
,2022-06,Bedfordshire Police,Bedfordshire Police,-0.434492,51.881219,On or near Butlin Road,E01015730,Luton 019D,Anti-social behaviour,,
6e1f1642979b803dc4cde1684cd58c23d826b2e7e18679d1ab761c75f1a94a00,2022-06,Bedfordshire Police,Bedfordshire Police,-0.432930,51.882682,On or near Granville Road,E01015730,Luton 019D,Criminal damage and arson,Investigation complete; no suspect identified,
d9071b50abfc152b93619cc1a1caf608e322c0d9ecc769b44631bd4db1b90c62,2022-06,Bedfordshire Police,Bedfordshire Police,-0.432930,51.882682,On or near Granville Road,E01015730,Luton 019D,Criminal damage and arson,Investigation complete; no suspect identified,
697ae918e3d1e5a8280cdbdea0432fe704dc328b686ccf2e5e024c22e450cc42,2022-06,Bedfordshire Police,Bedfordshire Police,-0.432983,51.879904,On or near Ashburnham Road,E01015730,Luton 019D,Other theft,Unable to prosecute suspect,
351ab36161cce03b3e40a1c73cce35d3a65a248a156f0453d67bcc0ea1cfca85,2022-06,Bedfordshire Police,Bedfordshire Police,-0.432930,51.882682,On or near Granville Road,E01015730,Luton 019D,Public order,Unable to prosecute suspect,
9ebd06718303a98a7e688d821f3a31560efd676cd4d4a676940b8f718471c422,2022-06,Bedfordshire Police,Bedfordshire Police,-0.434492,51.881219,On or near Butlin Road,E01015730,Luton 019D,Public order,Unable to prosecute suspect,
ab5ba96810f21d969294b91ec0d385473b100b024306dd5544ae11cb32fb4995,2022-06,Bedfordshire Police,Bedfordshire Police,-0.439539,51.883984,On or near Marlow Avenue,E01015730,Luton 019D,Vehicle crime,Investigation complete; no suspect identified,
c8fcf07c332fa64e83a80666dbe5c54baa324342f8c87d0bfcbe962e050fed12,2022-06,Bedfordshire Police,Bedfordshire Police,-0.439539,51.883984,On or near Marlow Avenue,E01015730,Luton 019D,Vehicle crime,Investigation complete; no suspect identified,
fd2a32131732d9b6fa3500043f9c4594f08a303ab174068929e51f6c291f657e,2022-06,Bedfordshire Police,Bedfordshire Police,-0.432930,51.882682,On or near Granville Road,E01015730,Luton 019D,Violence and sexual offences,Unable to prosecute suspect,
30ada587e6ec092a3fba6762d070df7ca433f25bbd88fc9b303853ab60f6ab32,2022-06,Bedfordshire Police,Bedfordshire Police,-0.433553,51.881045,On or near Naseby Road,E01015730,Luton 019D,Violence and sexual offences,Unable to prosecute suspect,
f939165c17097112d3a3329bf43f8f96d7dd7d1b5dae88782db94a746a3f33a1,2022-06,Bedfordshire Police,Bedfordshire Police,-0.434492,51.881219,On or near Butlin Road,E01015730,Luton 019D,Other crime,Status update unavailable,
,2022-06,Bedfordshire Police,Bedfordshire Police,-0.433950,51.870476,On or near Masters Close,E01015732,Luton 020A,Anti-social behaviour,,
,2022-06,Bedfordshire Police,Bedfordshire Police,-0.432864,51.869113,On or near Farley Farm Road,E01015732,Luton 020A,Anti-social behaviour,,
,2022-06,Bedfordshire Police,Bedfordshire Police,-0.432864,51.869113,On or near Farley Farm Road,E01015732,Luton 020A,Anti-social behaviour,,
,2022-06,Bedfordshire Police,Bedfordshire Police,-0.433898,51.870718,On or near The Grove,E01015732,Luton 020A,Anti-social behaviour,,
,2022-06,Bedfordshire Police,Bedfordshire Police,-0.433898,51.870718,On or near The Grove,E01015732,Luton 020A,Anti-social behaviour,,
,2022-06,Bedfordshire Police,Bedfordshire Police,-0.427638,51.869439,On or near Farley Hill,E01015732,Luton 020A,Anti-social behaviour,,
,2022-06,Bedfordshire Police,Bedfordshire Police,-0.433424,51.870973,On or near St John Close,E01015732,Luton 020A,Anti-social behaviour,,
,2022-06,Bedfordshire Police,Bedfordshire Police,-0.433898,51.870718,On or near The Grove,E01015732,Luton 020A,Anti-social behaviour,,
,2022-06,Bedfordshire Police,Bedfordshire Police,-0.423221,51.857025,On or near Newlands Road,E01015732,Luton 020A,Anti-social behaviour,,
ad9e3cd5e9195bea1585b906f9d903494af4de2cd1c0daa91632642996ade007,2022-06,Bedfordshire Police,Bedfordshire Police,-0.432959,51.868053,On or near Sports/Recreation Area,E01015732,Luton 020A,Burglary,Investigation complete; no suspect identified,
feaec5f87fb6dc9cc54f3036e9358afce25ed6d63a80cfd528384d28f255fcc9,2022-06,Bedfordshire Police,Bedfordshire Police,-0.431197,51.869855,On or near Hagdell Road,E01015732,Luton 020A,Other theft,Unable to prosecute suspect,
235f7ac7e6b212e49bae0840425fba55ae717f89c7366148d652544a4ff50131,2022-06,Bedfordshire Police,Bedfordshire Police,-0.423221,51.857025,On or near Newlands Road,E01015732,Luton 020A,Other theft,Investigation complete; no suspect identified,
bb3b2ccdb859fab822cd019214bcfbf39cbc957412e6bebeafccc0d95778dec8,2022-06,Bedfordshire Police,Bedfordshire Police,-0.433424,51.870973,On or near St John Close,E01015732,Luton 020A,Public order,Unable to prosecute suspect,
44e37e9483ba1451c18fccce756964ead7ab0841ef4194b5f5bd869e4a455156,2022-06,Bedfordshire Police,Bedfordshire Police,-0.433424,51.870973,On or near St John Close,E01015732,Luton 020A,Public order,Unable to prosecute suspect,
7ffec77903361e546660706f57c607964bc030047f383227a3e7749e6f303a10,2022-06,Bedfordshire Police,Bedfordshire Police,-0.435379,51.866548,On or near Luton Road,E01015732,Luton 020A,Vehicle crime,Investigation complete; no suspect identified,
2be57a8511d62c9a838a53578e85a67717cfbc928e0ee4b140b59df8ed470ab7,2022-06,Bedfordshire Police,Bedfordshire Police,-0.430369,51.869026,On or near Homestead Way,E01015732,Luton 020A,Vehicle crime,Investigation complete; no suspect identified,
037b1fd199953e0347544157410d64f4c59e50120ab08c7fdd7bfd294687f26a,2022-06,Bedfordshire Police,Bedfordshire Police,-0.435379,51.866548,On or near Luton Road,E01015732,Luton 020A,Violence and sexual offences,Unable to prosecute suspect,
de93f92b2c111363be62d3c207079e39f8d92f67c8a69cf202be1bffdd4e0f01,2022-06,Bedfordshire Police,Bedfordshire Police,-0.431197,51.869855,On or near Hagdell Road,E01015732,Luton 020A,Violence and sexual offences,Unable to prosecute suspect,
005ee7d835a29abe9a166b34be0ad9a4d75cffe7d96dec672d3616df0e8ddd0f,2022-06,Bedfordshire Police,Bedfordshire Police,-0.431197,51.869855,On or near Hagdell Road,E01015732,Luton 020A,Violence and sexual offences,Unable to prosecute suspect,
cef5a40ee89118f14213a09559cbeaf0b522b6e7326e06e4baf68ed373de2d06,2022-06,Bedfordshire Police,Bedfordshire Police,-0.435447,51.872123,On or near Friars Close,E01015732,Luton 020A,Violence and sexual offences,Unable to prosecute suspect,
4eec1287c1403161ef73ad67552cc1c48a845e7030f3cb8dc117ab6203311d15,2022-06,Bedfordshire Police,Bedfordshire Police,-0.433424,51.870973,On or near St John Close,E01015732,Luton 020A,Violence and sexual offences,Action to be taken by another organisation,
,2022-06,Bedfordshire Police,Bedfordshire Police,-0.446723,51.879178,On or near High Wood Close,E01015733,Luton 020B,Anti-social behaviour,,
,2022-06,Bedfordshire Police,Bedfordshire Police,-0.439289,51.878190,On or near Felmersham Court,E01015733,Luton 020B,Anti-social behaviour,,
5dc2f9877e426aff73af2015b53a0991d0a049b8d782f76fef6ece6e684123f4,2022-06,Bedfordshire Police,Bedfordshire Police,-0.442787,51.877031,On or near Whitethorn Way,E01015733,Luton 020B,Other theft,Investigation complete; no suspect identified,
4b94870ac404ce9e97183a9ba656788f822d9c9acbf7c0403401600129dbc33b,2022-06,Bedfordshire Police,Bedfordshire Police,-0.444993,51.877933,On or near Barnard Road,E01015733,Luton 020B,Other theft,Unable to prosecute suspect,
7a270fe6c84410dbf766cd4ad35ab2bc7fced32e82055981b539e828c859901b,2022-06,Bedfordshire Police,Bedfordshire Police,-0.444993,51.877933,On or near Barnard Road,E01015733,Luton 020B,Public order,Investigation complete; no suspect identified,
7154bb25878b925470c6bda4f0630bb79204557faecbf78edb9dff9460bd6d99,2022-06,Bedfordshire Police,Bedfordshire Police,-0.446723,51.879178,On or near High Wood Close,E01015733,Luton 020B,Vehicle crime,Investigation complete; no suspect identified,
02d911142f801b8ec6cbd3ee878a7150fe4895536a28064612a4388ba8f142b5,2022-06,Bedfordshire Police,Bedfordshire Police,-0.440401,51.878807,On or near Felmersham Road,E01015733,Luton 020B,Vehicle crime,Investigation complete; no suspect identified,
fe4337918673988010285876bfbb1f35522d879130e8b24ca3ecb90c238e0b61,2022-06,Bedfordshire Police,Bedfordshire Police,-0.440951,51.878032,On or near Cornel Close,E01015733,Luton 020B,Vehicle crime,Investigation complete; no suspect identified,
997d036dc5cf215d7e6366043cd099f08beb0a32fde775d8345ef9b56674c510,2022-06,Bedfordshire Police,Bedfordshire Police,-0.443963,51.877479,On or near Rockley Road,E01015733,Luton 020B,Violence and sexual offences,Unable to prosecute suspect,
130e77858d1b4c3726277992603413dc024ea5d52529f43cf669b4da08af5611,2022-06,Bedfordshire Police,Bedfordshire Police,-0.442916,51.879173,On or near The Pyghtle,E01015733,Luton 020B,Violence and sexual offences,Action to be taken by another organisation,
218afaebf65c8a38eb24349c50a0aecb47fd838e1ad1e62187957cb4d6de23ec,2022-06,Bedfordshire Police,Bedfordshire Police,-0.442695,51.878010,On or near Priestleys,E01015733,Luton 020B,Violence and sexual offences,Investigation complete; no suspect identified,
,2022-06,Bedfordshire Police,Bedfordshire Police,-0.433835,51.875852,On or near Bolingbroke Road,E01015734,Luton 020C,Anti-social behaviour,,
,2022-06,Bedfordshire Police,Bedfordshire Police,-0.426951,51.875814,On or near Milton Road,E01015734,Luton 020C,Anti-social behaviour,,
afc26900a206988a5f2f7060350c227b33701d02a25c3cb9175c0111835cdb68,2022-06,Bedfordshire Police,Bedfordshire Police,-0.433835,51.875852,On or near Bolingbroke Road,E01015734,Luton 020C,Criminal damage and arson,Investigation complete; no suspect identified,
edb37815e7f9ff2c8cfbcd607e4d9bb330604efc1b096680e27b630da61edd31,2022-06,Bedfordshire Police,Bedfordshire Police,-0.433835,51.875852,On or near Bolingbroke Road,E01015734,Luton 020C,Public order,Investigation complete; no suspect identified,
cfa0baecb7d45b310dd769421ab5babe96884c7c526a76f1b8d25d553c261201,2022-06,Bedfordshire Police,Bedfordshire Police,-0.430259,51.877593,On or near Wolston Close,E01015734,Luton 020C,Violence and sexual offences,Unable to prosecute suspect,
3fd179ee5edcee818609465f23c1c2cdcd6cd3c29a4d461cf8bd453e18b4a7f7,2022-06,Bedfordshire Police,Bedfordshire Police,-0.430259,51.877593,On or near Wolston Close,E01015734,Luton 020C,Violence and sexual offences,Unable to prosecute suspect,
092ef397cb1ac583ec9aee40a2db8ca5272d8e6af28e5872161fef0958114607,2022-06,Bedfordshire Police,Bedfordshire Police,-0.428587,51.875134,On or near Meyrick Avenue,E01015734,Luton 020C,Violence and sexual offences,Action to be taken by another organisation,
055f756e2cdb2fc3b3085905d99e0b720efe5de70fea259b3cf5eda39bfe54a5,2022-06,Bedfordshire Police,Bedfordshire Police,-0.430609,51.876717,On or near Dunsmore Road,E01015734,Luton 020C,Other crime,Unable to prosecute suspect,
,2022-06,Bedfordshire Police,Bedfordshire Police,-0.425645,51.874528,On or near Bonnick Close,E01015735,Luton 020D,Anti-social behaviour,,
,2022-06,Bedfordshire Police,Bedfordshire Police,-0.424282,51.872370,On or near Anthony Gardens,E01015735,Luton 020D,Anti-social behaviour,,
,2022-06,Bedfordshire Police,Bedfordshire Police,-0.424282,51.872370,On or near Anthony Gardens,E01015735,Luton 020D,Anti-social behaviour,,
23056e632e2d77b6bb35862350bc412be4f05e0dc3ef6e8a34d0a23560efd475,2022-06,Bedfordshire Police,Bedfordshire Police,-0.424282,51.872370,On or near Anthony Gardens,E01015735,Luton 020D,Criminal damage and arson,Investigation complete; no suspect identified,
46bd18a16bae41e0991aa3e47c8a99438eaab36b9a55ff9356717ba6c7e6d21b,2022-06,Bedfordshire Police,Bedfordshire Police,-0.424957,51.872181,On or near Sports/Recreation Area,E01015735,Luton 020D,Vehicle crime,Investigation complete; no suspect identified,
4afc729cfede21c0d2d96887b4d91c378a01590868e3be860fb294b1a181dae0,2022-06,Bedfordshire Police,Bedfordshire Police,-0.423771,51.876176,On or near Winsdon Road,E01015735,Luton 020D,Violence and sexual offences,Unable to prosecute suspect,
ecbe870dafb5f8ee8eb329abdf6318d6a5fae114e9a72c8a57f1bef9ba24cea2,2022-06,Bedfordshire Police,Bedfordshire Police,-0.423771,51.876176,On or near Winsdon Road,E01015735,Luton 020D,Violence and sexual offences,Unable to prosecute suspect,
34966dfa2bc8b9a4921238b1b345bf992427411938cb00b930a02ad6388a2b19,2022-06,Bedfordshire Police,Bedfordshire Police,-0.424957,51.872181,On or near Sports/Recreation Area,E01015735,Luton 020D,Violence and sexual offences,Investigation complete; no suspect identified,
b703598171d917b8d9bedf85b2c4c858b1cb7fe90e7911619435496bf115198b,2022-06,Bedfordshire Police,Bedfordshire Police,-0.425645,51.874528,On or near Bonnick Close,E01015735,Luton 020D,Violence and sexual offences,Status update unavailable,
13578af43b37d32f6285fa36ed162ca50d5ab9b607ad41c0c7a22472c6897d17,2022-06,Bedfordshire Police,Bedfordshire Police,-0.423771,51.876176,On or near Winsdon Road,E01015735,Luton 020D,Violence and sexual offences,Unable to prosecute suspect,
b892cdb20c7acdda6caec94fabaaab9b22b8c45abadfc51457b0986413a6f69d,2022-06,Bedfordshire Police,Bedfordshire Police,-0.423156,51.874666,On or near St Saviours'S Crescent,E01015735,Luton 020D,Violence and sexual offences,Unable to prosecute suspect,
1dc771d7cbb206792ba3e323297d3c1942e6b0abc4381e438e049b1b0522221e,2022-06,Bedfordshire Police,Bedfordshire Police,-0.421995,51.875873,On or near Stanley Street,E01015735,Luton 020D,Violence and sexual offences,Unable to prosecute suspect,
ebe25d595d3778429eea7b786147da45a22abca508ab09b44b365d7ff9dc8ce1,2022-06,Bedfordshire Police,Bedfordshire Police,-0.427756,51.874395,On or near Hunts Close,E01015735,Luton 020D,Violence and sexual offences,Action to be taken by another organisation,
7a58d3fc8f9aee29c8f4d3be86e26358a8b5d84b50cf71c21dbe47c80834a681,2022-06,Bedfordshire Police,Bedfordshire Police,-0.425645,51.874528,On or near Bonnick Close,E01015735,Luton 020D,Violence and sexual offences,Unable to prosecute suspect,
,2022-06,Bedfordshire Police,Bedfordshire Police,-0.438897,51.874408,On or near Parking Area,E01015736,Luton 020E,Anti-social behaviour,,
,2022-06,Bedfordshire Police,Bedfordshire Police,-0.440623,51.875339,On or near Petrol Station,E01015736,Luton 020E,Anti-social behaviour,,
,2022-06,Bedfordshire Police,Bedfordshire Police,-0.437810,51.875599,On or near Ross Close,E01015736,Luton 020E,Anti-social behaviour,,
,2022-06,Bedfordshire Police,Bedfordshire Police,-0.437810,51.875599,On or near Ross Close,E01015736,Luton 020E,Anti-social behaviour,,
,2022-06,Bedfordshire Police,Bedfordshire Police,-0.441796,51.874599,On or near Cades Close,E01015736,Luton 020E,Anti-social behaviour,,
,2022-06,Bedfordshire Police,Bedfordshire Police,-0.437735,51.874833,On or near Whipperley Ring,E01015736,Luton 020E,Anti-social behaviour,,
,2022-06,Bedfordshire Police,Bedfordshire Police,-0.436999,51.872180,On or near South Drift Way,E01015736,Luton 020E,Anti-social behaviour,,
,2022-06,Bedfordshire Police,Bedfordshire Police,-0.441796,51.874599,On or near Cades Close,E01015736,Luton 020E,Anti-social behaviour,,
,2022-06,Bedfordshire Police,Bedfordshire Police,-0.436452,51.870779,On or near Rotheram Avenue,E01015736,Luton 020E,Anti-social behaviour,,
,2022-06,Bedfordshire Police,Bedfordshire Police,-0.437735,51.874833,On or near Whipperley Ring,E01015736,Luton 020E,Anti-social behaviour,,
,2022-06,Bedfordshire Police,Bedfordshire Police,-0.439093,51.875481,On or near Supermarket,E01015736,Luton 020E,Anti-social behaviour,,
,2022-06,Bedfordshire Police,Bedfordshire Police,-0.438897,51.874408,On or near Parking Area,E01015736,Luton 020E,Anti-social behaviour,,
,2022-06,Bedfordshire Police,Bedfordshire Police,-0.439093,51.875481,On or near Supermarket,E01015736,Luton 020E,Anti-social behaviour,,
,2022-06,Bedfordshire Police,Bedfordshire Police,-0.437735,51.874833,On or near Whipperley Ring,E01015736,Luton 020E,Anti-social behaviour,,
,2022-06,Bedfordshire Police,Bedfordshire Police,-0.437735,51.874833,On or near Whipperley Ring,E01015736,Luton 020E,Anti-social behaviour,,
88d61294c2ba0606eab3130c9b96b47094ea513d6f1b9df2aa114e53ed3d3164,2022-06,Bedfordshire Police,Bedfordshire Police,-0.437810,51.875599,On or near Ross Close,E01015736,Luton 020E,Burglary,Investigation complete; no suspect identified,
a30ec65c1f7c29075569233ca60e8fa2f65dec203d1ea6f932b7a805d695cf46,2022-06,Bedfordshire Police,Bedfordshire Police,-0.439629,51.872997,On or near Roebuck Close,E01015736,Luton 020E,Criminal damage and arson,Investigation complete; no suspect identified,
6919b897494cce9eae387832d30e0eec61c20987064daf070c8bb80445a240ca,2022-06,Bedfordshire Police,Bedfordshire Police,-0.437735,51.874833,On or near Whipperley Ring,E01015736,Luton 020E,Criminal damage and arson,Investigation complete; no suspect identified,
5c5fec03e344d3b1204ce9fda6ab08de4d1af7880251dd87af76e441f9b72108,2022-06,Bedfordshire Police,Bedfordshire Police,-0.439629,51.872997,On or near Roebuck Close,E01015736,Luton 020E,Criminal damage and arson,Unable to prosecute suspect,
267a76ba40384f3cd56aa4682289007885b68312ffaf5e1991f1c97daf7ac4d6,2022-06,Bedfordshire Police,Bedfordshire Police,-0.437518,51.870191,On or near Further/Higher Educational Building,E01015736,Luton 020E,Criminal damage and arson,Investigation complete; no suspect identified,
4212b47490d8d033b04f2e0d873b4d267aecbd3ca8619d5b314d8e2c6ffa899c,2022-06,Bedfordshire Police,Bedfordshire Police,-0.439093,51.875481,On or near Supermarket,E01015736,Luton 020E,Criminal damage and arson,Investigation complete; no suspect identified,
4aa2a7bd691ad4ff9ddc24673d7093994add4f3f5f03315768c1152343d579ab,2022-06,Bedfordshire Police,Bedfordshire Police,-0.439629,51.872997,On or near Roebuck Close,E01015736,Luton 020E,Criminal damage and arson,Action to be taken by another organisation,
be8ec8b8d93c585cd88a577d671920034086b2a7211ba57d84b3f05507a6c187,2022-06,Bedfordshire Police,Bedfordshire Police,-0.437518,51.870191,On or near Further/Higher Educational Building,E01015736,Luton 020E,Public order,Investigation complete; no suspect identified,
c957daa694a1e3c3c49f8972e4ebc4c1c14446e44abdf23a671a14e7b3ba69fd,2022-06,Bedfordshire Police,Bedfordshire Police,-0.439093,51.875481,On or near Supermarket,E01015736,Luton 020E,Public order,Investigation complete; no suspect identified,
f8979f41c7eb33466ab4fbaa73d0322d489187ef3a0ca54d4edabd7ac8644642,2022-06,Bedfordshire Police,Bedfordshire Police,-0.439915,51.875231,On or near Delphine Close,E01015736,Luton 020E,Public order,Investigation complete; no suspect identified,
ea2960a7f38bc400a551f4e7e6d8ef3c4fbdcb34918d40d4d639344d272e4248,2022-06,Bedfordshire Police,Bedfordshire Police,-0.436999,51.872180,On or near South Drift Way,E01015736,Luton 020E,Public order,Action to be taken by another organisation,
1dc3cacf8a12e896e76abd67d0240125a9e277b458d849d9531d174fda23a5a5,2022-06,Bedfordshire Police,Bedfordshire Police,-0.439629,51.872997,On or near Roebuck Close,E01015736,Luton 020E,Public order,Unable to prosecute suspect,
761ec788d23a96ea18acfa98574ec419efa518d9daff1cd39619f632e504a457,2022-06,Bedfordshire Police,Bedfordshire Police,-0.439093,51.875481,On or near Supermarket,E01015736,Luton 020E,Shoplifting,Court result unavailable,
d81a6bd055ab269334bd4578cf1852de502557ee0559218e03895dd74c9638c6,2022-06,Bedfordshire Police,Bedfordshire Police,-0.439093,51.875481,On or near Supermarket,E01015736,Luton 020E,Shoplifting,Local resolution,
e24d4b7b73b0bcfedd8b5e3e8a7591b708004c83d4560b3ae64a7bdb3c19cf23,2022-06,Bedfordshire Police,Bedfordshire Police,-0.439093,51.875481,On or near Supermarket,E01015736,Luton 020E,Shoplifting,Court result unavailable,
cca31f7aa8ce95867275b27fd91c7a73660a129b235cd5fb4e8898fc1aba8454,2022-06,Bedfordshire Police,Bedfordshire Police,-0.439093,51.875481,On or near Supermarket,E01015736,Luton 020E,Shoplifting,Investigation complete; no suspect identified,
6e327c8cc4d3df6b332ea648d69ce9f7625a01a98d6352d33fffa6e9c1f60cb9,2022-06,Bedfordshire Police,Bedfordshire Police,-0.437518,51.870191,On or near Further/Higher Educational Building,E01015736,Luton 020E,Violence and sexual offences,Action to be taken by another organisation,
02e4e93c28d31bf82d574fecb9e5bdd49d0fb01966fcd7bd8a9dc4e6ea0a7191,2022-06,Bedfordshire Police,Bedfordshire Police,-0.437363,51.873417,On or near Wulwards Close,E01015736,Luton 020E,Violence and sexual offences,Unable to prosecute suspect,
6e8341b288508bd05a0aa24e6f6b066ef04bf39d55efd7d32d0d7ff9e9750faa,2022-06,Bedfordshire Police,Bedfordshire Police,-0.439915,51.875231,On or near Delphine Close,E01015736,Luton 020E,Violence and sexual offences,Unable to prosecute suspect,
7f59b89ebb808aa1192a1a475f6c1fc54c96b75a169241c900c36caf2f6bbae0,2022-06,Bedfordshire Police,Bedfordshire Police,-0.437363,51.873417,On or near Wulwards Close,E01015736,Luton 020E,Violence and sexual offences,Unable to prosecute suspect,
173f33dcf924f1baf7234671d9e29a46799f45fd9e88cb9e329857717e64f4de,2022-06,Bedfordshire Police,Bedfordshire Police,-0.437810,51.875599,On or near Ross Close,E01015736,Luton 020E,Violence and sexual offences,Unable to prosecute suspect,
db3df48169cf506a32227ab0542348e2a693cffd96647a4430930bc81a65dc99,2022-06,Bedfordshire Police,Bedfordshire Police,-0.437810,51.875599,On or near Ross Close,E01015736,Luton 020E,Violence and sexual offences,Unable to prosecute suspect,
d1736bde842c8b8c0215e86ebfb31ebf8dac5450180da8053895e3db782ceb82,2022-06,Bedfordshire Police,Bedfordshire Police,-0.436999,51.872180,On or near South Drift Way,E01015736,Luton 020E,Violence and sexual offences,Unable to prosecute suspect,
185497471290ef3b411b5d573a9ecf7c15257c600cb75fcb0488cf88fecfc552,2022-06,Bedfordshire Police,Bedfordshire Police,-0.439629,51.872997,On or near Roebuck Close,E01015736,Luton 020E,Violence and sexual offences,Unable to prosecute suspect,
ca9af10f7600e52ecca0e89364d547d25b838adc624d3690526467bf61682828,2022-06,Bedfordshire Police,Bedfordshire Police,-0.437518,51.870191,On or near Further/Higher Educational Building,E01015736,Luton 020E,Violence and sexual offences,Unable to prosecute suspect,
3cd28a81e4cb4cb3f906d82c1a89fc48bac0d561780302c517c064a3709f8de1,2022-06,Bedfordshire Police,Bedfordshire Police,-0.435344,51.874667,On or near Godfreys Close,E01015736,Luton 020E,Violence and sexual offences,Unable to prosecute suspect,
c36cbe80a556714b83d5148f6b8dec48ea6588f3f7367caaded0882233e91c7c,2022-06,Bedfordshire Police,Bedfordshire Police,-0.436999,51.872180,On or near South Drift Way,E01015736,Luton 020E,Violence and sexual offences,Action to be taken by another organisation,
,2022-06,Bedfordshire Police,Bedfordshire Police,-0.433219,51.873946,On or near North Drift Way,E01015737,Luton 020F,Anti-social behaviour,,
04486e0fefb3aad5aad5456b5e40e20dcd48bb464c2859d674fa17d0db0e8cf3,2022-06,Bedfordshire Police,Bedfordshire Police,-0.426078,51.870029,On or near Farley Hill,E01015737,Luton 020F,Other theft,Investigation complete; no suspect identified,
8258955a5a166517d1ac8e97612895a11389927d3797d84e9e54d667f2da58a0,2022-06,Bedfordshire Police,Bedfordshire Police,-0.433430,51.874569,On or near Northdrift Way,E01015737,Luton 020F,Violence and sexual offences,Unable to prosecute suspect,
0c585488ca176af308dd4fe7d8b1441401332de043e73d4e6f82c3cff8c5acf6,2022-06,Bedfordshire Police,Bedfordshire Police,-0.427779,51.871635,On or near Bretts Mead,E01015737,Luton 020F,Violence and sexual offences,Unable to prosecute suspect,
5e45ec9afbffc98b5f252b97f36070872710a5c1ed41fe4ab505cf6c7c54b80a,2022-06,Bedfordshire Police,Bedfordshire Police,-0.433219,51.873946,On or near North Drift Way,E01015737,Luton 020F,Violence and sexual offences,Unable to prosecute suspect,
,2022-06,Bedfordshire Police,Bedfordshire Police,-0.422721,51.871306,On or near Sutherland Place,E01015738,Luton 021A,Anti-social behaviour,,
,2022-06,Bedfordshire Police,Bedfordshire Police,-0.417792,51.873937,On or near Parking Area,E01015738,Luton 021A,Anti-social behaviour,,
,2022-06,Bedfordshire Police,Bedfordshire Police,-0.421552,51.874824,On or near Russell Street,E01015738,Luton 021A,Anti-social behaviour,,
,2022-06,Bedfordshire Police,Bedfordshire Police,-0.419204,51.873012,On or near Stockwood Crescent,E01015738,Luton 021A,Anti-social behaviour,,
,2022-06,Bedfordshire Police,Bedfordshire Police,-0.422721,51.871306,On or near Sutherland Place,E01015738,Luton 021A,Anti-social behaviour,,
,2022-06,Bedfordshire Police,Bedfordshire Police,-0.418310,51.865807,On or near Parking Area,E01015738,Luton 021A,Anti-social behaviour,,
85a6a55dd82e1f325c79920c4581275d0cca63bec8f8ddba490c70eeeaf421b7,2022-06,Bedfordshire Police,Bedfordshire Police,-0.418115,51.873834,On or near South Road,E01015738,Luton 021A,Bicycle theft,Investigation complete; no suspect identified,
0ce5fcd9f578caff1720ba01dedd272bd9ab202e8451a9433995290ceb4bb1e2,2022-06,Bedfordshire Police,Bedfordshire Police,-0.419544,51.870382,On or near Old Orchard,E01015738,Luton 021A,Burglary,Unable to prosecute suspect,
4f0fbab167bede34d3bab25709af0d952fe11c1c344fabbfef105b6235feaec8,2022-06,Bedfordshire Police,Bedfordshire Police,-0.419544,51.870382,On or near Old Orchard,E01015738,Luton 021A,Criminal damage and arson,Unable to prosecute suspect,
e3ec4ab73998730d36f2bd2a3bd165736918ffa979c7b72be9ee23bf068d96f2,2022-06,Bedfordshire Police,Bedfordshire Police,-0.423249,51.874083,On or near Russell Rise,E01015738,Luton 021A,Drugs,Investigation complete; no suspect identified,
95bd89b570309bebfe215ffc13cc6ba4270b1bec5dcb41216da0a7594b2de8a8,2022-06,Bedfordshire Police,Bedfordshire Police,-0.420813,51.872279,On or near Ruthin Close,E01015738,Luton 021A,Other theft,Investigation complete; no suspect identified,
a68d76bc05919bc527d54a656c8c987c54ea6265a1a8ed2647b49288f72d946f,2022-06,Bedfordshire Police,Bedfordshire Police,-0.423249,51.874083,On or near Russell Rise,E01015738,Luton 021A,Other theft,Investigation complete; no suspect identified,
32255267e65530837a77e29b7e9d5790e82f223713cd86beae5656b424bd1ce8,2022-06,Bedfordshire Police,Bedfordshire Police,-0.421889,51.874334,On or near Brecon Close,E01015738,Luton 021A,Public order,Unable to prosecute suspect,
9ef0c971155f4a0fa34e2cf1677aed42a1149a51306e0654bce5161b42797e38,2022-06,Bedfordshire Police,Bedfordshire Police,-0.418310,51.865807,On or near Parking Area,E01015738,Luton 021A,Public order,Unable to prosecute suspect,
b8e2abd1a7d85931b2f6026aa8a2b7608bc085bb4dca50bcf88bfc4ca792e28e,2022-06,Bedfordshire Police,Bedfordshire Police,-0.422560,51.873012,On or near Hillborough Road,E01015738,Luton 021A,Public order,Status update unavailable,
1d78bae0b24ba1ecfed1784d8e6eff0bb66395318681255070b810e0ef837c0f,2022-06,Bedfordshire Police,Bedfordshire Police,-0.422560,51.873012,On or near Hillborough Road,E01015738,Luton 021A,Vehicle crime,Investigation complete; no suspect identified,
ae5fb30f7ec3678c7a74607714d431744f7d8b7695e7d0e3a28002c1fac0abd0,2022-06,Bedfordshire Police,Bedfordshire Police,-0.421889,51.874334,On or near Brecon Close,E01015738,Luton 021A,Violence and sexual offences,Unable to prosecute suspect,
51b52c5f5c826b78c27047fecd843cfa5977c5a2210508942641beef59b2aa53,2022-06,Bedfordshire Police,Bedfordshire Police,-0.420813,51.872279,On or near Ruthin Close,E01015738,Luton 021A,Violence and sexual offences,Unable to prosecute suspect,
d28187679afa1a3d2ae778e689e0103bacac0f1d26c5ad1f10bcf1a1e4a2b7be,2022-06,Bedfordshire Police,Bedfordshire Police,-0.418310,51.865807,On or near Parking Area,E01015738,Luton 021A,Violence and sexual offences,Unable to prosecute suspect,
15bb1427c472527dd719d5df490216af0ec4aa5314ece6de2b4c4db1efbcc8f1,2022-06,Bedfordshire Police,Bedfordshire Police,-0.422721,51.871306,On or near Sutherland Place,E01015738,Luton 021A,Violence and sexual offences,Unable to prosecute suspect,
96fcade68a87305625250445713054a5fae756339e0bfbe3bc6eed22e85217ae,2022-06,Bedfordshire Police,Bedfordshire Police,-0.420813,51.872279,On or near Ruthin Close,E01015738,Luton 021A,Violence and sexual offences,Unable to prosecute suspect,
4d8a261df408be4cc77379095368b16a450fcc8099faacd03cab104debb93389,2022-06,Bedfordshire Police,Bedfordshire Police,-0.419204,51.873012,On or near Stockwood Crescent,E01015738,Luton 021A,Violence and sexual offences,Unable to prosecute suspect,
0802780dff42e6928c745679fc43e5762fd48d5bbffc73d52093dd2fc4868a53,2022-06,Bedfordshire Police,Bedfordshire Police,-0.419204,51.873012,On or near Stockwood Crescent,E01015738,Luton 021A,Violence and sexual offences,Unable to prosecute suspect,
ec3a0f7b05a235456e47b66e345c27b74203b3925ecb689cacaaefef85ffc4ba,2022-06,Bedfordshire Police,Bedfordshire Police,-0.419204,51.873012,On or near Stockwood Crescent,E01015738,Luton 021A,Violence and sexual offences,Unable to prosecute suspect,
,2022-06,Bedfordshire Police,Bedfordshire Police,-0.401610,51.872694,On or near Sports/Recreation Area,E01015790,Luton 021B,Anti-social behaviour,,
,2022-06,Bedfordshire Police,Bedfordshire Police,-0.401610,51.872694,On or near Sports/Recreation Area,E01015790,Luton 021B,Anti-social behaviour,,
,2022-06,Bedfordshire Police,Bedfordshire Police,-0.406423,51.871311,On or near Alton Road,E01015790,Luton 021B,Anti-social behaviour,,
,2022-06,Bedfordshire Police,Bedfordshire Police,-0.410504,51.872176,On or near Cambridge Street,E01015790,Luton 021B,Anti-social behaviour,,
9cd6eba3ebd5e812b3e88800bc0a687e60d3e869f02ecd17c9bd787f199469f3,2022-06,Bedfordshire Police,Bedfordshire Police,-0.408160,51.871074,On or near Seymour Road,E01015790,Luton 021B,Criminal damage and arson,Investigation complete; no suspect identified,
c8dfda3ff57fce9e0c9bb0c22a541adf39a380abdbe21c1581c5b13bdbf6cc7c,2022-06,Bedfordshire Police,Bedfordshire Police,-0.400412,51.874916,On or near Kimpton Road,E01015790,Luton 021B,Criminal damage and arson,Investigation complete; no suspect identified,
f0247184dea1b864bfc3cde142b86defe27c5b4b99672bf5c43acfad4e7761cf,2022-06,Bedfordshire Police,Bedfordshire Police,-0.403796,51.872076,On or near Sports/Recreation Area,E01015790,Luton 021B,Drugs,Action to be taken by another organisation,
0ae17e492e7dbd6959eba6e518f9f19ad25d7b9796ae9c9ed865ba7c87e8f14c,2022-06,Bedfordshire Police,Bedfordshire Police,-0.401610,51.872694,On or near Sports/Recreation Area,E01015790,Luton 021B,Other theft,Investigation complete; no suspect identified,
64bb0a1959c96ba22e7e1269c0adc67503c671d5a760ed941e41c32074cbfdc3,2022-06,Bedfordshire Police,Bedfordshire Police,-0.401610,51.872694,On or near Sports/Recreation Area,E01015790,Luton 021B,Other theft,Investigation complete; no suspect identified,
09b2281330ad2a319e79da27c57f2d7bf53746bd1b141d6bdbbb2b5a543cb6d1,2022-06,Bedfordshire Police,Bedfordshire Police,-0.400385,51.871175,On or near Sports/Recreation Area,E01015790,Luton 021B,Other theft,Investigation complete; no suspect identified,
3b687a3c8bcd5834a5f428f9151e9ffdb548cb95243a843b866d3d7dfede36ba,2022-06,Bedfordshire Police,Bedfordshire Police,-0.400412,51.874916,On or near Kimpton Road,E01015790,Luton 021B,Public order,Unable to prosecute suspect,
b54f1ed83ae9122b84d6e254c53e86584c1a10e200543396bb8f17f25d06598e,2022-06,Bedfordshire Police,Bedfordshire Police,-0.400412,51.874916,On or near Kimpton Road,E01015790,Luton 021B,Public order,Investigation complete; no suspect identified,
c6671dd3243f8426e3de7025eb7b8dde71dffaa9c94a9abe8d1be4738fb60ae8,2022-06,Bedfordshire Police,Bedfordshire Police,-0.400412,51.874916,On or near Kimpton Road,E01015790,Luton 021B,Public order,Investigation complete; no suspect identified,
ddb8c0a19e75083d5955ee6e0004f60de801c02696f5bf8fa43d1a34041c3239,2022-06,Bedfordshire Police,Bedfordshire Police,-0.406423,51.871311,On or near Alton Road,E01015790,Luton 021B,Public order,Investigation complete; no suspect identified,
8bebbf2a9b49c94b6d999d2aa54bd30c8d95c476724b837212aac75ce9687214,2022-06,Bedfordshire Police,Bedfordshire Police,-0.400412,51.874916,On or near Kimpton Road,E01015790,Luton 021B,Shoplifting,Investigation complete; no suspect identified,
5824a164d9c76d911b6a0f8cbde88a9226f7f6d96d0782898111de2a4eb0b65f,2022-06,Bedfordshire Police,Bedfordshire Police,-0.400412,51.874916,On or near Kimpton Road,E01015790,Luton 021B,Shoplifting,Investigation complete; no suspect identified,
d9146abba04b74b6ced844fbbe08fa645f1c26b155e3d43e43cdabcb3d5d5c10,2022-06,Bedfordshire Police,Bedfordshire Police,-0.400412,51.874916,On or near Kimpton Road,E01015790,Luton 021B,Shoplifting,Investigation complete; no suspect identified,
b4efbc34922c761b7db4f34ff7d472bdf5e08d56778c67e3f7bd9c6a64375bb1,2022-06,Bedfordshire Police,Bedfordshire Police,-0.400412,51.874916,On or near Kimpton Road,E01015790,Luton 021B,Shoplifting,Investigation complete; no suspect identified,
f2c02c7996bd88569ceb478f6a8079d4a0500fde2313a44947d805a3fab6ed3d,2022-06,Bedfordshire Police,Bedfordshire Police,-0.400412,51.874916,On or near Kimpton Road,E01015790,Luton 021B,Shoplifting,Investigation complete; no suspect identified,
d7a5f2d374c0f16454f3ac944c92c49992620af51cec70811f42569d5bf0cd4b,2022-06,Bedfordshire Police,Bedfordshire Police,-0.400412,51.874916,On or near Kimpton Road,E01015790,Luton 021B,Shoplifting,Investigation complete; no suspect identified,
7f4d059900d34c8a8454cc45b849129b550d0d1af93aefcb39888cda867e0f91,2022-06,Bedfordshire Police,Bedfordshire Police,-0.400412,51.874916,On or near Kimpton Road,E01015790,Luton 021B,Shoplifting,Investigation complete; no suspect identified,
a9b620730fdeba3f5a9f6351919ac641be06d2cd1d483f99661f2a9a41111b71,2022-06,Bedfordshire Police,Bedfordshire Police,-0.400412,51.874916,On or near Kimpton Road,E01015790,Luton 021B,Shoplifting,Investigation complete; no suspect identified,
9fb123fc860b020241185382177ff2bdc7d3bfc823ff6c4cc593fb340db25853,2022-06,Bedfordshire Police,Bedfordshire Police,-0.400412,51.874916,On or near Kimpton Road,E01015790,Luton 021B,Shoplifting,Investigation complete; no suspect identified,
a2f955764836a3af7dab7f8db3b0dc01ca31964b54694a123bfae3023fe9ab98,2022-06,Bedfordshire Police,Bedfordshire Police,-0.400412,51.874916,On or near Kimpton Road,E01015790,Luton 021B,Shoplifting,Investigation complete; no suspect identified,
3dfdb361c97c463ffbf2cd1ec75b82a00f238db5f7d04a04c609aea5c59d47e1,2022-06,Bedfordshire Police,Bedfordshire Police,-0.400412,51.874916,On or near Kimpton Road,E01015790,Luton 021B,Shoplifting,Investigation complete; no suspect identified,
84eec903c87ed67830383f070946673cb5312e2124a51aa697520a2b35d773f7,2022-06,Bedfordshire Police,Bedfordshire Police,-0.400412,51.874916,On or near Kimpton Road,E01015790,Luton 021B,Shoplifting,Investigation complete; no suspect identified,
b8c1bf29afd19f984952830b59119a5802aa297bfa63875ea1c7c78157071869,2022-06,Bedfordshire Police,Bedfordshire Police,-0.400412,51.874916,On or near Kimpton Road,E01015790,Luton 021B,Shoplifting,Investigation complete; no suspect identified,
1bda0abd961c291a136c76c3defd71b7b0402f4bf87dfe2c0e7078a69b8b1ab7,2022-06,Bedfordshire Police,Bedfordshire Police,-0.400412,51.874916,On or near Kimpton Road,E01015790,Luton 021B,Shoplifting,Investigation complete; no suspect identified,
fe68c6bb6f63fe9ee4d1ddb2d6562ecca36e804fa178da82e235e990bc1a9fcc,2022-06,Bedfordshire Police,Bedfordshire Police,-0.400412,51.874916,On or near Kimpton Road,E01015790,Luton 021B,Shoplifting,Investigation complete; no suspect identified,
b68e3c51dedfc227d56e962e826b97269e4ebfcb157674498cf8257536dadae4,2022-06,Bedfordshire Police,Bedfordshire Police,-0.400412,51.874916,On or near Kimpton Road,E01015790,Luton 021B,Shoplifting,Investigation complete; no suspect identified,
5322063602e8fc556e824b485d06ab4802fc315a014eb29c1abaeb4102047373,2022-06,Bedfordshire Police,Bedfordshire Police,-0.400412,51.874916,On or near Kimpton Road,E01015790,Luton 021B,Vehicle crime,Unable to prosecute suspect,
cd486505b08ca0462771a2a10e0052aff50abc2e69ef56a6fd08184bd5389262,2022-06,Bedfordshire Police,Bedfordshire Police,-0.400412,51.874916,On or near Kimpton Road,E01015790,Luton 021B,Vehicle crime,Investigation complete; no suspect identified,
2472ad4eb2009b3c8b6270f35300f29f4ffc3a6f21ddd258763556385bc26456,2022-06,Bedfordshire Police,Bedfordshire Police,-0.408840,51.871973,On or near Seymour Avenue,E01015790,Luton 021B,Vehicle crime,Investigation complete; no suspect identified,
c893b332b9016dcddf0c6615dd4749ca5533eac4381476e8fd3d6e10fbbf2660,2022-06,Bedfordshire Police,Bedfordshire Police,-0.395491,51.871558,On or near Parking Area,E01015790,Luton 021B,Vehicle crime,Unable to prosecute suspect,
92d0aad8675796f53737354a9912bf79522c019c4bd7ecced2a631ce6e5bf254,2022-06,Bedfordshire Police,Bedfordshire Police,-0.400412,51.874916,On or near Kimpton Road,E01015790,Luton 021B,Vehicle crime,Investigation complete; no suspect identified,
39fd84e2ff04cfc0941ed2d0abebb64cd80198bd304c07734ad70c4abbc49096,2022-06,Bedfordshire Police,Bedfordshire Police,-0.408840,51.871973,On or near Seymour Avenue,E01015790,Luton 021B,Vehicle crime,Investigation complete; no suspect identified,
85d26a3987cacd66932777980a13eedf6b8511d760b42bdea8ca0a79cdb433a2,2022-06,Bedfordshire Police,Bedfordshire Police,-0.403692,51.873369,On or near Osborne Road,E01015790,Luton 021B,Vehicle crime,Investigation complete; no suspect identified,
603393703e1ac600dc7846a5c4c082c3441d502b672cadfc6f20429d60869ca1,2022-06,Bedfordshire Police,Bedfordshire Police,-0.408840,51.871973,On or near Seymour Avenue,E01015790,Luton 021B,Vehicle crime,Investigation complete; no suspect identified,
3ca0afbb2bfe66cd00efdf4622a463944753c9768b5d21deba78dd2a3582f431,2022-06,Bedfordshire Police,Bedfordshire Police,-0.400385,51.871175,On or near Sports/Recreation Area,E01015790,Luton 021B,Violence and sexual offences,Action to be taken by another organisation,
b02f67ab05f4bf1431262e413d3ac096c56074e9d46f56b18495d584b424cc5b,2022-06,Bedfordshire Police,Bedfordshire Police,-0.400385,51.871175,On or near Sports/Recreation Area,E01015790,Luton 021B,Violence and sexual offences,Action to be taken by another organisation,
b8775d08c55b464ca3c37614ffff0277cf7cc31f4efc2d7aa107cd571362115c,2022-06,Bedfordshire Police,Bedfordshire Police,-0.400412,51.874916,On or near Kimpton Road,E01015790,Luton 021B,Violence and sexual offences,Investigation complete; no suspect identified,
fc6b688c082c13ce9bae6feeddacb48d5a2711b03a04b9e62e753985d7adccf6,2022-06,Bedfordshire Police,Bedfordshire Police,-0.401610,51.872694,On or near Sports/Recreation Area,E01015790,Luton 021B,Violence and sexual offences,Unable to prosecute suspect,
642b9887110bc05861715572ba21ba8d4a54fec67940fd143e07a07c95d1960d,2022-06,Bedfordshire Police,Bedfordshire Police,-0.409847,51.871034,On or near Strathmore Avenue,E01015790,Luton 021B,Violence and sexual offences,Unable to prosecute suspect,
8ffccd15768b0e0a9e3f8aa55c336e9474210735efb1cb6c953239785cd3333e,2022-06,Bedfordshire Police,Bedfordshire Police,-0.400412,51.874916,On or near Kimpton Road,E01015790,Luton 021B,Violence and sexual offences,Investigation complete; no suspect identified,
868474b89a99aaa9ad1f92567b245e7e0e7426923be95a2053c380394efe5952,2022-06,Bedfordshire Police,Bedfordshire Police,-0.400412,51.874916,On or near Kimpton Road,E01015790,Luton 021B,Violence and sexual offences,Investigation complete; no suspect identified,
1e09b172263865cc9e34ed0827a462dc6e5ebf6a719b22d337a6e241564c8bb2,2022-06,Bedfordshire Police,Bedfordshire Police,-0.400385,51.871175,On or near Sports/Recreation Area,E01015790,Luton 021B,Violence and sexual offences,Action to be taken by another organisation,
,2022-06,Bedfordshire Police,Bedfordshire Police,-0.419078,51.875375,On or near Elizabeth Street,E01015791,Luton 021C,Anti-social behaviour,,
,2022-06,Bedfordshire Police,Bedfordshire Police,-0.416292,51.876525,On or near Victoria Street,E01015791,Luton 021C,Anti-social behaviour,,
,2022-06,Bedfordshire Police,Bedfordshire Police,-0.416859,51.878178,On or near George Street West,E01015791,Luton 021C,Anti-social behaviour,,
,2022-06,Bedfordshire Police,Bedfordshire Police,-0.417031,51.877002,On or near Chapel Viaduct,E01015791,Luton 021C,Anti-social behaviour,,
,2022-06,Bedfordshire Police,Bedfordshire Police,-0.411705,51.875600,On or near Langley Street,E01015791,Luton 021C,Anti-social behaviour,,
,2022-06,Bedfordshire Police,Bedfordshire Police,-0.417563,51.875904,On or near Chapel Street,E01015791,Luton 021C,Anti-social behaviour,,
,2022-06,Bedfordshire Police,Bedfordshire Police,-0.414641,51.877204,On or near Flowers Way,E01015791,Luton 021C,Anti-social behaviour,,
,2022-06,Bedfordshire Police,Bedfordshire Police,-0.413380,51.873806,On or near New Town Road,E01015791,Luton 021C,Anti-social behaviour,,
,2022-06,Bedfordshire Police,Bedfordshire Police,-0.415830,51.877688,On or near Chapel Street,E01015791,Luton 021C,Anti-social behaviour,,
,2022-06,Bedfordshire Police,Bedfordshire Police,-0.417031,51.877002,On or near Chapel Viaduct,E01015791,Luton 021C,Anti-social behaviour,,
,2022-06,Bedfordshire Police,Bedfordshire Police,-0.416240,51.875094,On or near Castle Street,E01015791,Luton 021C,Anti-social behaviour,,
,2022-06,Bedfordshire Police,Bedfordshire Police,-0.416859,51.878178,On or near George Street West,E01015791,Luton 021C,Anti-social behaviour,,
,2022-06,Bedfordshire Police,Bedfordshire Police,-0.415244,51.872869,On or near Arthur Street,E01015791,Luton 021C,Anti-social behaviour,,
,2022-06,Bedfordshire Police,Bedfordshire Police,-0.415830,51.877688,On or near Chapel Street,E01015791,Luton 021C,Anti-social behaviour,,
76c9568e795d6687252d6e77ed8523403e00df431ffecc27fe3dc9ba59f22e87,2022-06,Bedfordshire Police,Bedfordshire Police,-0.413089,51.877138,On or near Park Street West,E01015791,Luton 021C,Bicycle theft,Investigation complete; no suspect identified,
bb96ffb4eeeb86f9f01f5c0decb2db5f61f98de4d8ef33efc2b2e4d3cab1880f,2022-06,Bedfordshire Police,Bedfordshire Police,-0.417847,51.874442,On or near Windsor Street,E01015791,Luton 021C,Bicycle theft,Investigation complete; no suspect identified,
23f9b52059c7c4cb4192f9987ff4b2bed6c374b39104d3e01009e6c9526640e3,2022-06,Bedfordshire Police,Bedfordshire Police,-0.417389,51.875065,On or near Bus/Coach Station,E01015791,Luton 021C,Burglary,Investigation complete; no suspect identified,
978d7ca095cbf519aa9814791921799ea0f55f6da2ceaa350b7ff23acc075e4f,2022-06,Bedfordshire Police,Bedfordshire Police,-0.415830,51.877688,On or near Chapel Street,E01015791,Luton 021C,Criminal damage and arson,Court result unavailable,
1960dacf80093a264bd46bec029fae34fb5b4bd0ba1adefa4b6b3bdf1259897e,2022-06,Bedfordshire Police,Bedfordshire Police,-0.416859,51.878178,On or near George Street West,E01015791,Luton 021C,Criminal damage and arson,Investigation complete; no suspect identified,
3c15c64cab3ebacf943c624eb4890e939da73ea48b4a7ff0d4d0383f4fc77f6e,2022-06,Bedfordshire Police,Bedfordshire Police,-0.415161,51.873578,On or near Hibbert Street,E01015791,Luton 021C,Criminal damage and arson,Investigation complete; no suspect identified,
36067156cfa003909207f9046a1a7c583a36cdc4c93c9f01137d6bd055c5e163,2022-06,Bedfordshire Police,Bedfordshire Police,-0.414122,51.875012,On or near Shopping Area,E01015791,Luton 021C,Criminal damage and arson,Investigation complete; no suspect identified,
9b9435fff835f49607ce095493d1582bdd36ff450ca690b8d7eda990c7da50a7,2022-06,Bedfordshire Police,Bedfordshire Police,-0.415830,51.877688,On or near Chapel Street,E01015791,Luton 021C,Criminal damage and arson,Court result unavailable,
47bec209674cf8611053500768ccb7e14d4d05eed84acfc29389950a4ebe863b,2022-06,Bedfordshire Police,Bedfordshire Police,-0.417031,51.877002,On or near Chapel Viaduct,E01015791,Luton 021C,Criminal damage and arson,Investigation complete; no suspect identified,
340f9eec479d8129e48f580c01278b81f96889c2a8b2c0f6e34d6329046b6d59,2022-06,Bedfordshire Police,Bedfordshire Police,-0.416240,51.875094,On or near Castle Street,E01015791,Luton 021C,Drugs,Local resolution,
fbf933cf61890659b25270bc6df3097e19e168e181cf0599a8a483e514beaead,2022-06,Bedfordshire Police,Bedfordshire Police,-0.416840,51.877458,On or near Conference/Exhibition Centre,E01015791,Luton 021C,Drugs,Local resolution,
8887f63c30d19971dd9f7df19c99c7e46e330030141ccf40cc6bbb8b6c15ace1,2022-06,Bedfordshire Police,Bedfordshire Police,-0.417031,51.877002,On or near Chapel Viaduct,E01015791,Luton 021C,Drugs,Formal action is not in the public interest,
18a7ecacd3706fa0eaa8759b7726fdd6c150d64e79f3dd1970d8277800a622ca,2022-06,Bedfordshire Police,Bedfordshire Police,-0.417031,51.877002,On or near Chapel Viaduct,E01015791,Luton 021C,Other theft,Investigation complete; no suspect identified,
95b7c1270d381c588d548c6dadf0014b3e172c93407f76730c26c32b470846e5,2022-06,Bedfordshire Police,Bedfordshire Police,-0.415830,51.877688,On or near Chapel Street,E01015791,Luton 021C,Other theft,Investigation complete; no suspect identified,
efca7a24390133dc9b6bb3e17a310a66d99984907d90ecb3fea0ba48885bac9f,2022-06,Bedfordshire Police,Bedfordshire Police,-0.416859,51.878178,On or near George Street West,E01015791,Luton 021C,Other theft,Investigation complete; no suspect identified,
49c546c27c928dc9bdc131094d126cc01f5f9780743924a9d1b34f1b09a481c6,2022-06,Bedfordshire Police,Bedfordshire Police,-0.416292,51.876525,On or near Victoria Street,E01015791,Luton 021C,Other theft,Unable to prosecute suspect,
5ae582e46ab7dd18735ebfd92a65b4530d4434c76738c09e8b2f0d1d11a64b83,2022-06,Bedfordshire Police,Bedfordshire Police,-0.414641,51.877204,On or near Flowers Way,E01015791,Luton 021C,Other theft,Status update unavailable,
ce0c03524eb69259522164defcfc9d5a59b5fc7495c8beee55256a0ee8d7b1d2,2022-06,Bedfordshire Police,Bedfordshire Police,-0.417563,51.875904,On or near Chapel Street,E01015791,Luton 021C,Other theft,Investigation complete; no suspect identified,
9e431a9839fc47697c5fdbd8b80831463a547e51cd9408cf3de881471e7b0d2f,2022-06,Bedfordshire Police,Bedfordshire Police,-0.414641,51.877204,On or near Flowers Way,E01015791,Luton 021C,Other theft,Unable to prosecute suspect,
379337a8a4942f0a7c066b5b6bde78b0d5445f9b156afcf273a49777e81b23c3,2022-06,Bedfordshire Police,Bedfordshire Police,-0.415830,51.877688,On or near Chapel Street,E01015791,Luton 021C,Possession of weapons,Court result unavailable,
81995efa59a7705ccb2468f248fb9c2e2fbed98f9456114e37623e7c91cb8b77,2022-06,Bedfordshire Police,Bedfordshire Police,-0.413089,51.877138,On or near Park Street West,E01015791,Luton 021C,Public order,Unable to prosecute suspect,
4fbd0c764a5a004fe99df96601f9964dec31879b71c14f9e41ac5165144bd472,2022-06,Bedfordshire Police,Bedfordshire Police,-0.414641,51.877204,On or near Flowers Way,E01015791,Luton 021C,Public order,Unable to prosecute suspect,
2c534f6b8961bb15d38b422050fec0148ce176fe3b0562c58f1753d643e59292,2022-06,Bedfordshire Police,Bedfordshire Police,-0.416901,51.873242,On or near Tavistock Street,E01015791,Luton 021C,Public order,Action to be taken by another organisation,
e21c30c841375d0d079f202bf6c3feaf67897f30e939619e9eaef5058d2b739b,2022-06,Bedfordshire Police,Bedfordshire Police,-0.413598,51.874654,On or near Latimer Road,E01015791,Luton 021C,Public order,Unable to prosecute suspect,
0780bd7b525b534987b3cae450c94a55edb81e77ff2af3376f50df67dea66b95,2022-06,Bedfordshire Police,Bedfordshire Police,-0.415830,51.877688,On or near Chapel Street,E01015791,Luton 021C,Public order,Investigation complete; no suspect identified,
f68ee2fb9e72c02cc983ed8d809d27b5beab19bd66ad6ce1d33c8eb161604a25,2022-06,Bedfordshire Police,Bedfordshire Police,-0.415830,51.877688,On or near Chapel Street,E01015791,Luton 021C,Public order,Unable to prosecute suspect,
3379341fb3fbada62c27126cbeeff27e4cde5da0001e04f77baa6ecfb94a104d,2022-06,Bedfordshire Police,Bedfordshire Police,-0.415830,51.877688,On or near Chapel Street,E01015791,Luton 021C,Public order,Investigation complete; no suspect identified,
5d0d05c6ec857e6cb1505b7d144da4933ccc8c73624f5a2c84924b48ac349c1a,2022-06,Bedfordshire Police,Bedfordshire Police,-0.413089,51.877138,On or near Park Street West,E01015791,Luton 021C,Public order,Unable to prosecute suspect,
e89671f6ad5d8e942635bcc166756599e54d3f6bba0d4d42a1cca86a7f80cb2f,2022-06,Bedfordshire Police,Bedfordshire Police,-0.417847,51.874442,On or near Windsor Street,E01015791,Luton 021C,Public order,Unable to prosecute suspect,
c38c7992c54cfb0227daf63db83f6b595cbb06cdf1b3a449084e6f8bfdbddb00,2022-06,Bedfordshire Police,Bedfordshire Police,-0.419078,51.875375,On or near Elizabeth Street,E01015791,Luton 021C,Public order,Unable to prosecute suspect,
c7465f5da1a37de65f3365490feb99e59380d0dff5740efa4faf76fd01ccb721,2022-06,Bedfordshire Police,Bedfordshire Police,-0.411705,51.875600,On or near Langley Street,E01015791,Luton 021C,Public order,Investigation complete; no suspect identified,
6b5cdc62b27ce30e32c7459bbd4962138aed48e18b73df9403c739e340794c9e,2022-06,Bedfordshire Police,Bedfordshire Police,-0.415830,51.877688,On or near Chapel Street,E01015791,Luton 021C,Shoplifting,Investigation complete; no suspect identified,
cf6df2531daced4b4aa73f3372f90306d0d5236769efd6e1c1f00e5adc87196f,2022-06,Bedfordshire Police,Bedfordshire Police,-0.417073,51.875375,On or near Shopping Area,E01015791,Luton 021C,Shoplifting,Investigation complete; no suspect identified,
91e81bd32b581ad824352d22efb64b420f244b30b464ac89c312707761ddccd6,2022-06,Bedfordshire Police,Bedfordshire Police,-0.417073,51.875375,On or near Shopping Area,E01015791,Luton 021C,Shoplifting,Investigation complete; no suspect identified,
1a90b2c064334cfb24847be27385e74ef7b67bfad4cc2b496d7c08354e2f3faf,2022-06,Bedfordshire Police,Bedfordshire Police,-0.417847,51.874442,On or near Windsor Street,E01015791,Luton 021C,Shoplifting,Investigation complete; no suspect identified,
70e03f72993f6e555d5fb83ef5def5b37afe4b34394ea70f94bf3a3b20eaf999,2022-06,Bedfordshire Police,Bedfordshire Police,-0.415830,51.877688,On or near Chapel Street,E01015791,Luton 021C,Theft from the person,Investigation complete; no suspect identified,
f534d77e0be3755bc0c56948ba1e3c0e3d3efecc114fd5377380733c11bb243f,2022-06,Bedfordshire Police,Bedfordshire Police,-0.417031,51.877002,On or near Chapel Viaduct,E01015791,Luton 021C,Vehicle crime,Investigation complete; no suspect identified,
3f10d20d47ae754318e099a66692773cd6a7f3a7c4341c31739fbe73ec4ddc78,2022-06,Bedfordshire Police,Bedfordshire Police,-0.417486,51.873124,On or near Petrol Station,E01015791,Luton 021C,Vehicle crime,Investigation complete; no suspect identified,
c42fa1e9c6ac91269382364228c716874ac3bd6bd3d6228735d68593b7daf1dc,2022-06,Bedfordshire Police,Bedfordshire Police,-0.417031,51.877002,On or near Chapel Viaduct,E01015791,Luton 021C,Vehicle crime,Investigation complete; no suspect identified,
cdc47508c357e0cd83c4f3483becccf5671b98c4c853e9bfa02242aa90f9ffac,2022-06,Bedfordshire Police,Bedfordshire Police,-0.417031,51.877002,On or near Chapel Viaduct,E01015791,Luton 021C,Vehicle crime,Investigation complete; no suspect identified,
7e098713c3e8a1f4ce1b818ae1fd76aec96158059c63038809b5ba342ebf11de,2022-06,Bedfordshire Police,Bedfordshire Police,-0.416240,51.875094,On or near Castle Street,E01015791,Luton 021C,Vehicle crime,Investigation complete; no suspect identified,
8d53362969338eb5f3f4c394960983bc5d3284d42332a361ea1589d15db5a480,2022-06,Bedfordshire Police,Bedfordshire Police,-0.415244,51.872869,On or near Arthur Street,E01015791,Luton 021C,Vehicle crime,Investigation complete; no suspect identified,
fea5b8f2cc04263163ec3aef9e9da4957399df3daa0f50334c576f9b458aae57,2022-06,Bedfordshire Police,Bedfordshire Police,-0.417031,51.877002,On or near Chapel Viaduct,E01015791,Luton 021C,Vehicle crime,Investigation complete; no suspect identified,
ae6856a90f966f50bf1b308fa7b7598d9db0945175141e1aad2c36f9e80a504f,2022-06,Bedfordshire Police,Bedfordshire Police,-0.415830,51.877688,On or near Chapel Street,E01015791,Luton 021C,Vehicle crime,Investigation complete; no suspect identified,
23296d4b7f0db4ea3cd05d705f562d3fb458defcf41865371b5aeb5116135a90,2022-06,Bedfordshire Police,Bedfordshire Police,-0.413089,51.877138,On or near Park Street West,E01015791,Luton 021C,Vehicle crime,Investigation complete; no suspect identified,
480954a15bd418599e37a5a2531ef894f110db6b099108899090d4c427293c86,2022-06,Bedfordshire Police,Bedfordshire Police,-0.417486,51.873124,On or near Petrol Station,E01015791,Luton 021C,Vehicle crime,Unable to prosecute suspect,
52557f261035279580fb93ca8ed796d664c7f5752273ef4dfd1b30f682c548d4,2022-06,Bedfordshire Police,Bedfordshire Police,-0.417847,51.874442,On or near Windsor Street,E01015791,Luton 021C,Vehicle crime,Investigation complete; no suspect identified,
0ce28fddd0a65b1c327f0731047d4c563d2a275390ded4c7e822756b4b36263b,2022-06,Bedfordshire Police,Bedfordshire Police,-0.417031,51.877002,On or near Chapel Viaduct,E01015791,Luton 021C,Vehicle crime,Investigation complete; no suspect identified,
7ee2eeb5dee9c3ad5ad55a0a093fd7b08c4841aeaf4a5707a9db26ec0822f61c,2022-06,Bedfordshire Police,Bedfordshire Police,-0.417031,51.877002,On or near Chapel Viaduct,E01015791,Luton 021C,Vehicle crime,Investigation complete; no suspect identified,
36032c261317848dafd83657613127f5ad4378e68831dca3411b3d5ff4263239,2022-06,Bedfordshire Police,Bedfordshire Police,-0.414898,51.874861,On or near Holly Street,E01015791,Luton 021C,Vehicle crime,Investigation complete; no suspect identified,
0dc0d1aa9a2e520ba2fe91aea80b3faf4d31e9a75edd64b44170ebc1ac84dc46,2022-06,Bedfordshire Police,Bedfordshire Police,-0.415161,51.873578,On or near Hibbert Street,E01015791,Luton 021C,Vehicle crime,Unable to prosecute suspect,
9c67943717a80604a389e248a92ebf5274db806a2302a7133cb1db045659be48,2022-06,Bedfordshire Police,Bedfordshire Police,-0.417031,51.877002,On or near Chapel Viaduct,E01015791,Luton 021C,Vehicle crime,Investigation complete; no suspect identified,
2a848e31eb95817b8fbad82cbe68f4a4104968f66a4110e44d13b7872cea9ef7,2022-06,Bedfordshire Police,Bedfordshire Police,-0.416240,51.875094,On or near Castle Street,E01015791,Luton 021C,Vehicle crime,Investigation complete; no suspect identified,
bf63218e1186dfddd1142fb8d48ad6d3ed3a5092aeee3932c1e79e6f624b9b44,2022-06,Bedfordshire Police,Bedfordshire Police,-0.414641,51.877204,On or near Flowers Way,E01015791,Luton 021C,Vehicle crime,Investigation complete; no suspect identified,
f0f9b703b6cb670168538990c415eed691d665b6fa51f0cacba128edbdd5a1f9,2022-06,Bedfordshire Police,Bedfordshire Police,-0.417389,51.875065,On or near Bus/Coach Station,E01015791,Luton 021C,Vehicle crime,Investigation complete; no suspect identified,
4c6274e0b4a0b604b28f98527a08c1ab026418fd42647ac62d106501d8cb8a7c,2022-06,Bedfordshire Police,Bedfordshire Police,-0.413965,51.875783,On or near Oxford Road,E01015791,Luton 021C,Vehicle crime,Investigation complete; no suspect identified,
e96e8cb8fc2dc4f61468f44a251da18bf4d2710904ca521a821e2a0be1df2bce,2022-06,Bedfordshire Police,Bedfordshire Police,-0.417031,51.877002,On or near Chapel Viaduct,E01015791,Luton 021C,Vehicle crime,Investigation complete; no suspect identified,
b6a839cc60f6c9b905908bb30f380b54fdabb465156c45a71d508289e8f5a297,2022-06,Bedfordshire Police,Bedfordshire Police,-0.416292,51.876525,On or near Victoria Street,E01015791,Luton 021C,Violence and sexual offences,Unable to prosecute suspect,
4c32fcf0b0c648da829b84f9a98b964e312d6bbcda677ca859429f45bc1a5f2f,2022-06,Bedfordshire Police,Bedfordshire Police,-0.415830,51.877688,On or near Chapel Street,E01015791,Luton 021C,Violence and sexual offences,Unable to prosecute suspect,
786b59c194b5f52e3775b5d3f1e91a8654d7f3acc015cda9e139f3996c9ea401,2022-06,Bedfordshire Police,Bedfordshire Police,-0.416292,51.876525,On or near Victoria Street,E01015791,Luton 021C,Violence and sexual offences,Unable to prosecute suspect,
1cc1c8c8620c11452ede7a994d01f8d893fbd57468de587dd2795a53c15cccad,2022-06,Bedfordshire Police,Bedfordshire Police,-0.415830,51.877688,On or near Chapel Street,E01015791,Luton 021C,Violence and sexual offences,Unable to prosecute suspect,
cc129de368a40173c0e8b98b9f3272014ecca9063735df3591fcd12e180b8c7a,2022-06,Bedfordshire Police,Bedfordshire Police,-0.417073,51.875375,On or near Shopping Area,E01015791,Luton 021C,Violence and sexual offences,Investigation complete; no suspect identified,
e83060d5b0b9ef8eb6e7c42ff09172c128599e3587620557881aa499ac4d3e05,2022-06,Bedfordshire Police,Bedfordshire Police,-0.415830,51.877688,On or near Chapel Street,E01015791,Luton 021C,Violence and sexual offences,Unable to prosecute suspect,
72e7a449d3a7e6d36375a0d834789cec2caedd22ba755d0d8b8ce610738fb0db,2022-06,Bedfordshire Police,Bedfordshire Police,-0.419078,51.875375,On or near Elizabeth Street,E01015791,Luton 021C,Violence and sexual offences,Unable to prosecute suspect,
8d1a6b882339d2628f42706145394c3fb3606c4c1f3c62e8d899c9b466cfd457,2022-06,Bedfordshire Police,Bedfordshire Police,-0.416240,51.875094,On or near Castle Street,E01015791,Luton 021C,Violence and sexual offences,Unable to prosecute suspect,
c076d5bd50cca01aca4a9abd757eb3ed65799c49cfb6dc49210569b623198850,2022-06,Bedfordshire Police,Bedfordshire Police,-0.413089,51.877138,On or near Park Street West,E01015791,Luton 021C,Violence and sexual offences,Unable to prosecute suspect,
6de6c1a8c7750e0499e74835eb9af192360c806ac0773be4f9a818ec74e8cb1b,2022-06,Bedfordshire Police,Bedfordshire Police,-0.415830,51.877688,On or near Chapel Street,E01015791,Luton 021C,Violence and sexual offences,Unable to prosecute suspect,
78d90e2623994660bbfbb4a0e17df6e08e6eb422752049c05f825d30f4cc7ef1,2022-06,Bedfordshire Police,Bedfordshire Police,-0.417486,51.873124,On or near Petrol Station,E01015791,Luton 021C,Violence and sexual offences,Investigation complete; no suspect identified,
0a51dc3436c7f972f006137769522b5fcd07033da6a236288fffd4f2ccaea1f5,2022-06,Bedfordshire Police,Bedfordshire Police,-0.413089,51.877138,On or near Park Street West,E01015791,Luton 021C,Violence and sexual offences,Investigation complete; no suspect identified,
1bfd234d4214eb7e9bc2bb47b2095a8b2ef65fc3ec08b41c60526e8093f3fd10,2022-06,Bedfordshire Police,Bedfordshire Police,-0.414641,51.877204,On or near Flowers Way,E01015791,Luton 021C,Violence and sexual offences,Unable to prosecute suspect,
de8c0e88f4436fe157abefb8372f7d5c9a334fd35094bbce5492b2c6c5ed888f,2022-06,Bedfordshire Police,Bedfordshire Police,-0.415830,51.877688,On or near Chapel Street,E01015791,Luton 021C,Violence and sexual offences,Investigation complete; no suspect identified,
0831160e83dbaad4f8f9c89c4ef91c6ab934460fac78bee979383316b62f5aff,2022-06,Bedfordshire Police,Bedfordshire Police,-0.416292,51.876525,On or near Victoria Street,E01015791,Luton 021C,Violence and sexual offences,Investigation complete; no suspect identified,
82f4af8cfa67f0bdee24880139566916ef8125e57a8ab7dc761acf3e76b4af37,2022-06,Bedfordshire Police,Bedfordshire Police,-0.413598,51.874654,On or near Latimer Road,E01015791,Luton 021C,Violence and sexual offences,Status update unavailable,
4f0fd0cbf06fb89adb412a7e9afeb41b6726e60f9a30461943a317054936f5e5,2022-06,Bedfordshire Police,Bedfordshire Police,-0.415161,51.873578,On or near Hibbert Street,E01015791,Luton 021C,Violence and sexual offences,Action to be taken by another organisation,
c50354a565398c57438b5fece074c96594f1847bf1de2ef8129393b40519bb56,2022-06,Bedfordshire Police,Bedfordshire Police,-0.415830,51.877688,On or near Chapel Street,E01015791,Luton 021C,Violence and sexual offences,Court result unavailable,
db6697b7f29fad6abdb9a61e4df9d23c4c5c40b42acb9e1b233d4613dd619e5c,2022-06,Bedfordshire Police,Bedfordshire Police,-0.411705,51.875600,On or near Langley Street,E01015791,Luton 021C,Violence and sexual offences,Awaiting court outcome,
ea0585787e84cd9333cff9daa77142d127773c314d213e90ec59fde3d3304b37,2022-06,Bedfordshire Police,Bedfordshire Police,-0.417847,51.874442,On or near Windsor Street,E01015791,Luton 021C,Violence and sexual offences,Unable to prosecute suspect,
a84fb23f9027d7cd15b1d45b97370a23654060b5e4abf6cbfe57985a2bc6edf5,2022-06,Bedfordshire Police,Bedfordshire Police,-0.415161,51.873578,On or near Hibbert Street,E01015791,Luton 021C,Violence and sexual offences,Action to be taken by another organisation,
88f9f3157d2a62ce740d63071217ae9f6603357b485ada35b29b2983b13a994f,2022-06,Bedfordshire Police,Bedfordshire Police,-0.416447,51.872112,On or near Ashton Road,E01015791,Luton 021C,Violence and sexual offences,Action to be taken by another organisation,
fe0c8bc56981588bf41f912dde35a4c3b0be707c4b663682798403d180fb8989,2022-06,Bedfordshire Police,Bedfordshire Police,-0.415830,51.877688,On or near Chapel Street,E01015791,Luton 021C,Violence and sexual offences,Unable to prosecute suspect,
2dc04e5c6cf3799208bf4911625fea7d57ecd7957d745d6ef7c95a54fc5b0f14,2022-06,Bedfordshire Police,Bedfordshire Police,-0.415049,51.876328,On or near Castle Street,E01015791,Luton 021C,Violence and sexual offences,Local resolution,
ce65f74d68b374184c3452617f48b23c98a11b6449103a59725cce3a65d493d4,2022-06,Bedfordshire Police,Bedfordshire Police,-0.416292,51.876525,On or near Victoria Street,E01015791,Luton 021C,Violence and sexual offences,Unable to prosecute suspect,
a819055ca163ee330abb4de548476d1bcd676c2a3b352f0cf020adb5e06279d5,2022-06,Bedfordshire Police,Bedfordshire Police,-0.415830,51.877688,On or near Chapel Street,E01015791,Luton 021C,Violence and sexual offences,Court result unavailable,
2197a913d93f9cf5e970009c824ab7cfe913f239a4cfd1bcfad164c894550d4b,2022-06,Bedfordshire Police,Bedfordshire Police,-0.419078,51.875375,On or near Elizabeth Street,E01015791,Luton 021C,Violence and sexual offences,Investigation complete; no suspect identified,
27660375c6e68c237c27e2d1c649bf0de040e51f6d4de4912174e3c14e1a3d49,2022-06,Bedfordshire Police,Bedfordshire Police,-0.416292,51.876525,On or near Victoria Street,E01015791,Luton 021C,Other crime,Unable to prosecute suspect,
,2022-06,Bedfordshire Police,Bedfordshire Police,-0.414434,51.872346,On or near Hoo Street,E01015792,Luton 021D,Anti-social behaviour,,
,2022-06,Bedfordshire Police,Bedfordshire Police,-0.414434,51.872346,On or near Hoo Street,E01015792,Luton 021D,Anti-social behaviour,,
094cc97b60c7d7b9503c1a0a37859949b308ab2ccf0296f2bc8cba32c747ea39,2022-06,Bedfordshire Police,Bedfordshire Police,-0.411084,51.873829,On or near Surrey Street,E01015792,Luton 021D,Burglary,Investigation complete; no suspect identified,
f91f33837cc8cedc4b5c4b8b43b076d226e4f2d0761587b16f4244143a68d0da,2022-06,Bedfordshire Police,Bedfordshire Police,-0.411681,51.872147,On or near May Street,E01015792,Luton 021D,Burglary,Investigation complete; no suspect identified,
e0ac4a6b5875c8af682fda29aa51641ac9605ac89e2b6706620b04ae769c4da7,2022-06,Bedfordshire Police,Bedfordshire Police,-0.413036,51.871616,On or near Baker Street,E01015792,Luton 021D,Criminal damage and arson,Unable to prosecute suspect,
dddf53d98c29fcf724d991cfdc97d6a9a2a0d51799c8bc3c43f1dbacf41be576,2022-06,Bedfordshire Police,Bedfordshire Police,-0.413036,51.871616,On or near Baker Street,E01015792,Luton 021D,Criminal damage and arson,Status update unavailable,
6a869e0d2cb17cf4b77ac5fc0a0599b2c96ace51f2ca2badf58e63513eec20ee,2022-06,Bedfordshire Police,Bedfordshire Police,-0.411681,51.872147,On or near May Street,E01015792,Luton 021D,Other theft,Investigation complete; no suspect identified,
9e970a39ac139f3838e5af03a4f95a1e3aa863df77120bb4922d057a496d4e49,2022-06,Bedfordshire Police,Bedfordshire Police,-0.413036,51.871616,On or near Baker Street,E01015792,Luton 021D,Public order,Unable to prosecute suspect,
cd0fe5efd4e42b69f4eafbe2c807c2d0a318cc9d4553582d4f0509d4cb0d68c2,2022-06,Bedfordshire Police,Bedfordshire Police,-0.414163,51.871380,On or near Cowper Street,E01015792,Luton 021D,Vehicle crime,Investigation complete; no suspect identified,
eff202a42f8cfe0c03e5ad2f9946dc39a35a616dc78122b3a84311625e96733b,2022-06,Bedfordshire Police,Bedfordshire Police,-0.412643,51.872465,On or near Chase Street,E01015792,Luton 021D,Vehicle crime,Investigation complete; no suspect identified,
a64ff8dec9593f24ac775aa98fb8ba3a57272044fcfe503def823b6c81461911,2022-06,Bedfordshire Police,Bedfordshire Police,-0.414163,51.871380,On or near Cowper Street,E01015792,Luton 021D,Vehicle crime,Investigation complete; no suspect identified,
e1ce80b703f4a97298d67b0fd52dba8a139ce009dd011c5a47daaa8b669c0e94,2022-06,Bedfordshire Police,Bedfordshire Police,-0.413986,51.870622,On or near Harcourt Street,E01015792,Luton 021D,Violence and sexual offences,Unable to prosecute suspect,
99cbcf77990eb6c41414ea6571ce989bc1e71c2192119905fddad507f2d2c0ca,2022-06,Bedfordshire Police,Bedfordshire Police,-0.414434,51.872346,On or near Hoo Street,E01015792,Luton 021D,Violence and sexual offences,Investigation complete; no suspect identified,
04788423b2c8760fb1021c2c200384ccb4a62338574808f769947642ca6cc6ec,2022-06,Bedfordshire Police,Bedfordshire Police,-0.414434,51.872346,On or near Hoo Street,E01015792,Luton 021D,Violence and sexual offences,Unable to prosecute suspect,
bc79b130992cac51625991df12fe4ada55d90eded5d0a215355cdbc1cec79884,2022-06,Bedfordshire Police,Bedfordshire Police,-0.412643,51.872465,On or near Chase Street,E01015792,Luton 021D,Other crime,Status update unavailable,
,2022-06,Bedfordshire Police,Bedfordshire Police,-0.412168,51.867819,On or near Cutenhoe Road,E01015793,Luton 021E,Anti-social behaviour,,
,2022-06,Bedfordshire Police,Bedfordshire Police,-0.412168,51.867819,On or near Cutenhoe Road,E01015793,Luton 021E,Anti-social behaviour,,
33877f63b2b037d2c4cbe8a4db1bd69ec392bafa80ed2c08bca95ad0c3682ec0,2022-06,Bedfordshire Police,Bedfordshire Police,-0.412168,51.867819,On or near Cutenhoe Road,E01015793,Luton 021E,Bicycle theft,Investigation complete; no suspect identified,
6d2eb7b276afc8bd271706650543eadb1f1b0ff09149e690bd83b00fca5dbb39,2022-06,Bedfordshire Police,Bedfordshire Police,-0.412168,51.867819,On or near Cutenhoe Road,E01015793,Luton 021E,Other theft,Investigation complete; no suspect identified,
97e335f843641faa5df0d442835f9373ce791be41bf1399d2bade7780df4cff0,2022-06,Bedfordshire Police,Bedfordshire Police,-0.414714,51.864374,On or near Ludlow Avenue,E01015793,Luton 021E,Other theft,Investigation complete; no suspect identified,
c12d2182040006ac2d7ff75d70117f4540e1339697ee1d66cd73bd7c81d5bb0d,2022-06,Bedfordshire Police,Bedfordshire Police,-0.413716,51.869647,On or near St Paul'S Road,E01015793,Luton 021E,Vehicle crime,Status update unavailable,
c9a362c9471d6baca0b23acfd69a25bf2670b333ac98afba6a0d110d896805e9,2022-06,Bedfordshire Police,Bedfordshire Police,-0.414714,51.864374,On or near Ludlow Avenue,E01015793,Luton 021E,Vehicle crime,Investigation complete; no suspect identified,
152781a4f7f78b35cb1b08988330c49dc9bf0342ceef210246968adc9c345bf7,2022-06,Bedfordshire Police,Bedfordshire Police,-0.415072,51.868668,On or near West Hill Road,E01015793,Luton 021E,Vehicle crime,Investigation complete; no suspect identified,
44947d68daa1b229c23d532e0f97c68d660221395c292e3a53b5f7cc378e7d27,2022-06,Bedfordshire Police,Bedfordshire Police,-0.412168,51.867819,On or near Cutenhoe Road,E01015793,Luton 021E,Violence and sexual offences,Unable to prosecute suspect,
1522fe9d5449e611295328143fb10b806bf108b639875bd738a4948fe28397cb,2022-06,Bedfordshire Police,Bedfordshire Police,-0.417902,51.866233,On or near London Road,E01015793,Luton 021E,Violence and sexual offences,Action to be taken by another organisation,
2d7da38c89d84c1e9a8ad54038f2a96414b972ad58efbf6fe7189e0e48e2c40b,2022-06,Bedfordshire Police,Bedfordshire Police,-0.415986,51.869103,On or near Tennyson Road,E01015793,Luton 021E,Violence and sexual offences,Unable to prosecute suspect,
,2022-06,Bedfordshire Police,Bedfordshire Police,-0.423397,51.877744,On or near Napier Road,E01015795,Luton 021F,Anti-social behaviour,,
,2022-06,Bedfordshire Police,Bedfordshire Police,-0.421286,51.877860,On or near Adelaide Street,E01015795,Luton 021F,Anti-social behaviour,,
,2022-06,Bedfordshire Police,Bedfordshire Police,-0.421222,51.877212,On or near Princess Street,E01015795,Luton 021F,Anti-social behaviour,,
,2022-06,Bedfordshire Police,Bedfordshire Police,-0.419412,51.877853,On or near Wellington Street,E01015795,Luton 021F,Anti-social behaviour,,
,2022-06,Bedfordshire Police,Bedfordshire Police,-0.421286,51.877860,On or near Adelaide Street,E01015795,Luton 021F,Anti-social behaviour,,
a6dbbe1237346023adfe3a18d9fa20e66fce8df1e45040da14b52b5bf5c84dca,2022-06,Bedfordshire Police,Bedfordshire Police,-0.418542,51.876564,On or near Spring Place,E01015795,Luton 021F,Criminal damage and arson,Investigation complete; no suspect identified,
71554aa1a1c6e77b78c3c81de27301bd670a5bb010254d3a87a373ed1a4e623d,2022-06,Bedfordshire Police,Bedfordshire Police,-0.421222,51.877212,On or near Princess Street,E01015795,Luton 021F,Criminal damage and arson,Unable to prosecute suspect,
624ae5402973c4bee161f2fa2e445b0a6540396d2eb3dc282b5a8f7e268c2869,2022-06,Bedfordshire Police,Bedfordshire Police,-0.421286,51.877860,On or near Adelaide Street,E01015795,Luton 021F,Criminal damage and arson,Awaiting court outcome,
745fc43de7e9dda9abe8885654fdd95a6ea7b36db57a03b6bd9864dca577889c,2022-06,Bedfordshire Police,Bedfordshire Police,-0.418542,51.876564,On or near Spring Place,E01015795,Luton 021F,Criminal damage and arson,Investigation complete; no suspect identified,
15d5110e983efe6765397eac8715dc1271b781f4bd0969c59cb747d6938d960c,2022-06,Bedfordshire Police,Bedfordshire Police,-0.429694,51.877972,On or near Downs Road,E01015795,Luton 021F,Criminal damage and arson,Unable to prosecute suspect,
7eda2965e646a1a98e845b161fee1cdd2edf9b0210fda025d2425c4ea5100a33,2022-06,Bedfordshire Police,Bedfordshire Police,-0.421560,51.876686,On or near Dumfries Street,E01015795,Luton 021F,Criminal damage and arson,Investigation complete; no suspect identified,
dc03cb224c4b60bb34865feadf5f86443fbdba8d171050991f6223da904443a3,2022-06,Bedfordshire Police,Bedfordshire Police,-0.421286,51.877860,On or near Adelaide Street,E01015795,Luton 021F,Criminal damage and arson,Investigation complete; no suspect identified,
ee34168d42d07dd0ad1d199c38bc691301680019488127a6f4fd0195e1af80a0,2022-06,Bedfordshire Police,Bedfordshire Police,-0.421286,51.877860,On or near Adelaide Street,E01015795,Luton 021F,Criminal damage and arson,Investigation complete; no suspect identified,
581486825868b0b7aacd5828c22330e8c009ae4a17dafc32ccd620c333838fb1,2022-06,Bedfordshire Police,Bedfordshire Police,-0.421286,51.877860,On or near Adelaide Street,E01015795,Luton 021F,Criminal damage and arson,Unable to prosecute suspect,
a5419d9ca21cda3fce2576273456f0df73f43c52305c7d3d64fd88081500465a,2022-06,Bedfordshire Police,Bedfordshire Police,-0.419412,51.877853,On or near Wellington Street,E01015795,Luton 021F,Criminal damage and arson,Investigation complete; no suspect identified,
47a0d736910a3944db4b45bb8e3d39793ab1e21a31d14f7e1d32b9ed642aa471,2022-06,Bedfordshire Police,Bedfordshire Police,-0.421286,51.877860,On or near Adelaide Street,E01015795,Luton 021F,Criminal damage and arson,Formal action is not in the public interest,
2af0c854d187f87a3a825b7acfc09ba28439fed225215e5d92fc53f66d639be2,2022-06,Bedfordshire Police,Bedfordshire Police,-0.421286,51.877860,On or near Adelaide Street,E01015795,Luton 021F,Criminal damage and arson,Status update unavailable,
f9f3f4a5625df0ca3a4905a089fe2fee6cbae6cd94125a830d428ca52bd8b9d1,2022-06,Bedfordshire Police,Bedfordshire Police,-0.429694,51.877972,On or near Downs Road,E01015795,Luton 021F,Criminal damage and arson,Investigation complete; no suspect identified,
10bba5f48890b7d6206d33f016596fd5f66be97532b5e4f38a73e25ae2f8f6d8,2022-06,Bedfordshire Police,Bedfordshire Police,-0.421286,51.877860,On or near Adelaide Street,E01015795,Luton 021F,Drugs,Status update unavailable,
563d6d8205d818cd42fa1bdb96ab24d52f727ac4155b4199e8505633865dfc19,2022-06,Bedfordshire Police,Bedfordshire Police,-0.418542,51.876564,On or near Spring Place,E01015795,Luton 021F,Drugs,Awaiting court outcome,
bca7390ca1d0b76a8b173b88e52c79900b158c8de455c590ae75468c3ff12b8c,2022-06,Bedfordshire Police,Bedfordshire Police,-0.420317,51.877748,On or near Stuart Place,E01015795,Luton 021F,Drugs,Status update unavailable,
15abf290ce18ae616bc49d67c3db7ea04b5c24e1e49edd3be7da093a5872f024,2022-06,Bedfordshire Police,Bedfordshire Police,-0.421286,51.877860,On or near Adelaide Street,E01015795,Luton 021F,Drugs,Status update unavailable,
0b31d54ed8436a8193dda2fff65deab11a0cba1252fc98b918f449d27f12005a,2022-06,Bedfordshire Police,Bedfordshire Police,-0.421286,51.877860,On or near Adelaide Street,E01015795,Luton 021F,Drugs,Court result unavailable,
b7edd1a9a21727eb2f797d2eeb294afdde1251c2d162f01f1b5fa5b92a0be87e,2022-06,Bedfordshire Police,Bedfordshire Police,-0.420317,51.877748,On or near Stuart Place,E01015795,Luton 021F,Drugs,Awaiting court outcome,
48cec84d014066437e2723ca672ce3aa818555934198a4230862d999a9d58613,2022-06,Bedfordshire Police,Bedfordshire Police,-0.429694,51.877972,On or near Downs Road,E01015795,Luton 021F,Other theft,Unable to prosecute suspect,
e423db5b081aa74abad1ab735e4ebb2721e38a20f5ae0c1a096103a4afa655c8,2022-06,Bedfordshire Police,Bedfordshire Police,-0.419783,51.876806,On or near Windsor Walk,E01015795,Luton 021F,Other theft,Investigation complete; no suspect identified,
cb0bbcea9f886ce2ea8a5dd1ed9e79ea66e4eb1452a72b8f7a754c65cff710ff,2022-06,Bedfordshire Police,Bedfordshire Police,-0.421286,51.877860,On or near Adelaide Street,E01015795,Luton 021F,Possession of weapons,Formal action is not in the public interest,
82110a152d86cf7259d7b39f396d66d64235af959fbd5c524716eabb3cca36c1,2022-06,Bedfordshire Police,Bedfordshire Police,-0.421286,51.877860,On or near Adelaide Street,E01015795,Luton 021F,Public order,Offender given a caution,
5b4c8430c34e2c9ac219208f7e11493bcb5296096d8dcadc4192bdb483b257ff,2022-06,Bedfordshire Police,Bedfordshire Police,-0.419412,51.877853,On or near Wellington Street,E01015795,Luton 021F,Public order,Unable to prosecute suspect,
f55d574bfad80b29ecd82edf1633315ae20d5399a55e9604110ff98ae094cf13,2022-06,Bedfordshire Police,Bedfordshire Police,-0.421222,51.877212,On or near Princess Street,E01015795,Luton 021F,Public order,Unable to prosecute suspect,
6054747463117c770c270adea879bd0d86ced86727cb6a598547e1b435b5a8d5,2022-06,Bedfordshire Police,Bedfordshire Police,-0.427713,51.878530,On or near Downs Road,E01015795,Luton 021F,Public order,Unable to prosecute suspect,
9530acaf6e9888a03a711b587a6d671251190a87657c352ff8922c6e8c99572c,2022-06,Bedfordshire Police,Bedfordshire Police,-0.421286,51.877860,On or near Adelaide Street,E01015795,Luton 021F,Public order,Status update unavailable,
ddc0ba7f6784eeacb2ee5198bfdd637f03d0eebf3c9ca62eb8a4da1026165207,2022-06,Bedfordshire Police,Bedfordshire Police,-0.420317,51.877748,On or near Stuart Place,E01015795,Luton 021F,Public order,Unable to prosecute suspect,
f9b44b35a0261b1c690348c495fa7ba10b2d37a6e73cf58869bd422ca0b68536,2022-06,Bedfordshire Police,Bedfordshire Police,-0.419526,51.876281,On or near Hastings Street,E01015795,Luton 021F,Robbery,Unable to prosecute suspect,
3658dba88f1d69e7adab5a3ca9a2831553ef5f95ee7bdf309faab12012d93d84,2022-06,Bedfordshire Police,Bedfordshire Police,-0.421460,51.877862,On or near Buxton Road,E01015795,Luton 021F,Vehicle crime,Investigation complete; no suspect identified,
6ac11245043f2173dae3f3d5552800c7a062fb55b96152de2471785db82b868c,2022-06,Bedfordshire Police,Bedfordshire Police,-0.419905,51.875000,On or near Windsor Street,E01015795,Luton 021F,Vehicle crime,Investigation complete; no suspect identified,
cab8df0bb21043f2110fe995712620a13b831fcc4bcbfb5e508d78bfc39463bc,2022-06,Bedfordshire Police,Bedfordshire Police,-0.419905,51.875000,On or near Windsor Street,E01015795,Luton 021F,Vehicle crime,Investigation complete; no suspect identified,
442ac8b3a2ec020dbe3afe3a33e16d1b0f61db428e900b727640b3c25cd4064e,2022-06,Bedfordshire Police,Bedfordshire Police,-0.419412,51.877853,On or near Wellington Street,E01015795,Luton 021F,Vehicle crime,Investigation complete; no suspect identified,
efcc692c2f48cf517edbe98ada12919d70d4af001ad74fc3eccf923f83a35c0b,2022-06,Bedfordshire Police,Bedfordshire Police,-0.419412,51.877853,On or near Wellington Street,E01015795,Luton 021F,Vehicle crime,Investigation complete; no suspect identified,
96b86225d859e3ad79f864f8e2c335ac7385d7c627aee381f87f0a0b5db0930e,2022-06,Bedfordshire Police,Bedfordshire Police,-0.429694,51.877972,On or near Downs Road,E01015795,Luton 021F,Vehicle crime,Investigation complete; no suspect identified,
cc5511ebb4fbb8a684f816fca322210edda461374a88300cb14cca6115e5af5d,2022-06,Bedfordshire Police,Bedfordshire Police,-0.421460,51.877862,On or near Buxton Road,E01015795,Luton 021F,Violence and sexual offences,Unable to prosecute suspect,
7526f2dd1db58fe28334e769c9ec2d17c0b9d163e75632d791d883c2e7ab9742,2022-06,Bedfordshire Police,Bedfordshire Police,-0.423121,51.876904,On or near Western Road,E01015795,Luton 021F,Violence and sexual offences,Investigation complete; no suspect identified,
f70e00c3b3d6b44a9bceece7f9aaca8e08b77d4a46f158d76d056cb7b6910f11,2022-06,Bedfordshire Police,Bedfordshire Police,-0.421560,51.876686,On or near Dumfries Street,E01015795,Luton 021F,Violence and sexual offences,Awaiting court outcome,
a94415873bdea4a81a95c208cd03ef60c55e38e20ffa4b0a37ab4bcbdaba1f46,2022-06,Bedfordshire Police,Bedfordshire Police,-0.420317,51.877748,On or near Stuart Place,E01015795,Luton 021F,Violence and sexual offences,Awaiting court outcome,
a0fb179c6886045063ab26aa691bce4c8109a60ba2e55b0d1512703010c73df2,2022-06,Bedfordshire Police,Bedfordshire Police,-0.420317,51.877748,On or near Stuart Place,E01015795,Luton 021F,Violence and sexual offences,Unable to prosecute suspect,
15b2f3854b984072c4be9875abe518e959530b32ed24f83006e16f5d5db85910,2022-06,Bedfordshire Police,Bedfordshire Police,-0.423397,51.877744,On or near Napier Road,E01015795,Luton 021F,Violence and sexual offences,Unable to prosecute suspect,
92c08fc77d7f816f98f74700fd694a2e0b4240203a488ea8b847c89283ff2440,2022-06,Bedfordshire Police,Bedfordshire Police,-0.419412,51.877853,On or near Wellington Street,E01015795,Luton 021F,Violence and sexual offences,Court result unavailable,
8d09f486a33bcd27cb25ec3b0e5866b998dc1f8fe546b71b1482a35177a2d992,2022-06,Bedfordshire Police,Bedfordshire Police,-0.420317,51.877748,On or near Stuart Place,E01015795,Luton 021F,Violence and sexual offences,Unable to prosecute suspect,
878b44d397f60313607800adc58985ff04fbe059ceae3c44911e2d07077482c5,2022-06,Bedfordshire Police,Bedfordshire Police,-0.420178,51.876325,On or near Dumfries Street,E01015795,Luton 021F,Violence and sexual offences,Unable to prosecute suspect,
1ed2dc96307141c897c4c7ca778655a4eda8ff0a48dbbf42664182b1b596ee9f,2022-06,Bedfordshire Police,Bedfordshire Police,-0.427713,51.878530,On or near Downs Road,E01015795,Luton 021F,Violence and sexual offences,Unable to prosecute suspect,
fdf35906901811be8309a8721e1c7ec36515df417a3e93654e02e335cfde7326,2022-06,Bedfordshire Police,Bedfordshire Police,-0.419783,51.876806,On or near Windsor Walk,E01015795,Luton 021F,Violence and sexual offences,Unable to prosecute suspect,
62ac20a32f48f7ee882621f5e3e93f3c65f54a1781a10a68011883f3f11623f9,2022-06,Bedfordshire Police,Bedfordshire Police,-0.429694,51.877972,On or near Downs Road,E01015795,Luton 021F,Violence and sexual offences,Investigation complete; no suspect identified,
e255d69c794d6ee91672aa4f276a177ea953cc1a31fb7530098d42c9eb57f23b,2022-06,Bedfordshire Police,Bedfordshire Police,-0.418542,51.876564,On or near Spring Place,E01015795,Luton 021F,Violence and sexual offences,Awaiting court outcome,
13c8d443f1941e63400e8844545f011be9c9ee6328aa5638f0e7dece4358b3a5,2022-06,Bedfordshire Police,Bedfordshire Police,-0.423397,51.877744,On or near Napier Road,E01015795,Luton 021F,Violence and sexual offences,Unable to prosecute suspect,
9d38667ba9ab2383e4ae4b396df3c3ba11879bb3e8dd028d30d415d631d36c46,2022-06,Bedfordshire Police,Bedfordshire Police,-0.421460,51.877862,On or near Buxton Road,E01015795,Luton 021F,Violence and sexual offences,Unable to prosecute suspect,
f3802d9be75b2b6656a81f474c872fc21782d13d04880cbfe7ea18f25dbd9ceb,2022-06,Bedfordshire Police,Bedfordshire Police,-0.419905,51.875000,On or near Windsor Street,E01015795,Luton 021F,Violence and sexual offences,Unable to prosecute suspect,
f0fd4e37956172f0daefefa00997854b8ed3301a0fc2836c2e3fada56d943772,2022-06,Bedfordshire Police,Bedfordshire Police,-0.421286,51.877860,On or near Adelaide Street,E01015795,Luton 021F,Violence and sexual offences,Unable to prosecute suspect,
e8ce9267eac54e6b06caf7cd88bf9d763a41f9d44c5625d97561c186a39cf9a1,2022-06,Bedfordshire Police,Bedfordshire Police,-0.421460,51.877862,On or near Buxton Road,E01015795,Luton 021F,Violence and sexual offences,Unable to prosecute suspect,
2ebac495e7c12d425f55edc63ea93e01d42161925cd11ade509d1797c875f35a,2022-06,Bedfordshire Police,Bedfordshire Police,-0.421286,51.877860,On or near Adelaide Street,E01015795,Luton 021F,Other crime,Formal action is not in the public interest,
1623010e5cd87c02a037cfdf2f14cc77ee995ea4cf22c2bd0b065495ecc631db,2022-06,Bedfordshire Police,Bedfordshire Police,1.091650,52.081245,On or near Loraine Way,E01030042,Mid Suffolk 012A,Other theft,Investigation complete; no suspect identified,
1c87126b3610607b51968f7a936b2e9cf69939e8be68aad9629c907b2c588f12,2022-06,Bedfordshire Police,Bedfordshire Police,-0.748402,52.041560,On or near Marlborough Gate Milton Keynes,E01033499,Milton Keynes 014E,Violence and sexual offences,Status update unavailable,
9e2ac537a9634a6f6f2d7dd69ae98af125f4544eafbeeb352c2da81949e7416b,2022-06,Bedfordshire Police,Bedfordshire Police,-0.685386,52.045504,On or near Swithland,E01033509,Milton Keynes 017H,Violence and sexual offences,Action to be taken by another organisation,
37d18b0751ff34f39c5e471c11c66684c27fe07cf5502a6a3e954e10fceb4543,2022-06,Bedfordshire Police,Bedfordshire Police,-0.744470,52.034118,On or near Towan Avenue,E01016726,Milton Keynes 018A,Violence and sexual offences,Status update unavailable,
cca3d8b903d3a89087b4458dd23cb05b4f245f5063616f5207b92c5133a590b2,2022-06,Bedfordshire Police,Bedfordshire Police,-0.671080,52.026390,On or near St Mary'S Close,E01016734,Milton Keynes 024A,Violence and sexual offences,Action to be taken by another organisation,
0007733020eb4d8c743e1019129e7633fe56a49c8d56791a5a038eb54c12efc7,2022-06,Bedfordshire Police,Bedfordshire Police,-0.671080,52.026390,On or near St Mary'S Close,E01016734,Milton Keynes 024A,Other crime,Action to be taken by another organisation,
,2022-06,Bedfordshire Police,Bedfordshire Police,-0.646362,52.010356,On or near Woburn Road,E01016736,Milton Keynes 024C,Anti-social behaviour,,
f251e7329f55a2d6e39e7070554ad6709cc090f52c14e180ee5dd1de0b4e4db7,2022-06,Bedfordshire Police,Bedfordshire Police,-0.202859,51.981550,On or near Shopping Area,E01023633,North Hertfordshire 006D,Other theft,Status update unavailable,
a6d04015023bc3529f78a5ef334cb754956b720d25e925527737bab2c35000be,2022-06,Bedfordshire Police,Bedfordshire Police,-0.236599,51.973760,On or near West View,E01023645,North Hertfordshire 008B,Violence and sexual offences,Status update unavailable,
877e1efbc1f2649c9ac3fc67f7e961372bbfc16beffeb3f46d87d85b48ff1728,2022-06,Bedfordshire Police,Bedfordshire Police,-0.238269,51.976842,On or near Burnell Walk,E01023646,North Hertfordshire 008C,Violence and sexual offences,Status update unavailable,
f177e8fdac6e65a9c064d0ca14a157aba85b688a115579a2e131612114136528,2022-06,Bedfordshire Police,Bedfordshire Police,-0.256941,51.957177,On or near Parking Area,E01023618,North Hertfordshire 011B,Other theft,Awaiting court outcome,
3fcbc85e5ee1a543dd2c94c8eacda4e5c0a19528f2628024397ee4a41f2889f9,2022-06,Bedfordshire Police,Bedfordshire Police,-0.306360,51.948070,On or near Manley Highway,E01023615,North Hertfordshire 012E,Public order,Unable to prosecute suspect,
,2022-06,Bedfordshire Police,Bedfordshire Police,-0.367274,51.900249,On or near Mangrove Road,E01023624,North Hertfordshire 014D,Anti-social behaviour,,
,2022-06,Bedfordshire Police,Bedfordshire Police,-0.378221,51.905832,On or near Putteridge Road,E01023624,North Hertfordshire 014D,Anti-social behaviour,,
734762371aa87a048d249b1b29a0ef00712da935a2c706f074650026e9cbceb7,2022-06,Bedfordshire Police,Bedfordshire Police,-0.367538,51.900181,On or near Green Lane,E01023624,North Hertfordshire 014D,Other crime,Status update unavailable,
1b343211c71d9b6f6ebf838543392e005a1c9d7cd6ffc71cfde6c881e9dad574,2022-06,Bedfordshire Police,Bedfordshire Police,-0.384712,51.935621,On or near Hexton Road,E01023624,North Hertfordshire 014D,Other crime,Unable to prosecute suspect,
,2022-06,Bedfordshire Police,Bedfordshire Police,-0.343485,51.858591,On or near The Green,E01023626,North Hertfordshire 015C,Anti-social behaviour,,
ae1e36acd69def5ddb7685a57e431f849cca67c80b48a8f6fa6f373c074d0749,2022-06,Bedfordshire Police,Bedfordshire Police,-4.921416,51.699471,On or near Parking Area,W01000601,Pembrokeshire 013B,Violence and sexual offences,Investigation complete; no suspect identified,
,2022-06,Bedfordshire Police,Bedfordshire Police,-0.306387,52.547034,On or near Reepham,E01015644,Peterborough 018B,Anti-social behaviour,,
882a4bfdc73ffeb5a985952570e09e85988ecb5b74b576d6aaac56cc57bb48c5,2022-06,Bedfordshire Police,Bedfordshire Police,0.590230,51.598285,On or near Grosvenor Road,E01021959,Rochford 006E,Violence and sexual offences,Status update unavailable,
8a06ec75d700df7cbc18a342d4101cd8a27d25e9534830d936443e87326c9159,2022-06,Bedfordshire Police,Bedfordshire Police,0.004632,52.803295,On or near College Close,E01026251,South Holland 003B,Other crime,Unable to prosecute suspect,
84251a9df6f2e98892907cba58328a87254c01fcb5147344ce0e6f4b8bee78ea,2022-06,Bedfordshire Police,Bedfordshire Police,-0.303082,51.705664,On or near Sports/Recreation Area,E01023720,St Albans 019C,Violence and sexual offences,Unable to prosecute suspect,
033572599f9dc9b072c1df5a1eda6a2e438d8cb5bbd289cb88224f9937273e6c,2022-06,Bedfordshire Police,Bedfordshire Police,-0.303082,51.705664,On or near Sports/Recreation Area,E01023720,St Albans 019C,Violence and sexual offences,Unable to prosecute suspect,
de849aa7a08b6ba25fdf865bf0bec899ba5b320c8b7c0534addbe5d05b7c3145,2022-06,Bedfordshire Police,Bedfordshire Police,-0.448631,51.643528,On or near Frankland Close,E01023826,Three Rivers 006F,Violence and sexual offences,Status update unavailable,
42279eb5d30f651732332d501946598ad6aaf68b0c6a1fdca43d859b74440766,2022-06,Bedfordshire Police,Bedfordshire Police,0.300183,51.476745,On or near Foxton Road,E01016015,Thurrock 015F,Vehicle crime,Status update unavailable,
6a9f544b5be2fc340490538c34f44615558394474efc8dcd66e3c478163e4f9f,2022-06,Bedfordshire Police,Bedfordshire Police,-0.184689,51.537465,On or near Rutland Mews,E01004648,Westminster 002B,Violence and sexual offences,Status update unavailable,
58870f5e1a508a0aad4e8320c53b13d80013bfc44064ffb84a1b136a44d68bf8,2022-06,Bedfordshire Police,Bedfordshire Police,-2.153824,52.619250,On or near Duffield Close,E01010541,Wolverhampton 003C,Violence and sexual offences,Status update unavailable,
02a507bf39d306914be08b6a718c83591523f1cea1f821b92bb5fcbee0b3640c,2022-06,Bedfordshire Police,Bedfordshire Police,-0.714447,51.614269,On or near Rivers Edge,E01017908,Wycombe 016A,Other theft,Investigation complete; no suspect identified,
